C1CCC(C2CCC3CC(CC4CCC(CCC5CCCC5)CC4)CCC32)CC1
C(CCC1CCC2CCCCC2C1)CCC1CCCC2CCCC12
C1CCC(CCCCC2CCC3CCCCC23)CC1
C1CCC(CC2CCC3CCCCC3C3CCC4CCCCC4C23)C1
C1CCC(CCCC2CCCC(CC3CCC4CC(CCC5CCC6CCCCC6C5)CCC43)C2)CC1
C1CCC(C2CCC3CC4C(CCC45CCCC5)CC32)CC1
C1CCC(CCCCC2CC3CCCCC3C2)CC1
C1CCC(CCC2CCC3C(CCC3C3CCCCC3)C2)CC1
C1CCC(CCC(CCC2CCC3CCCC3C2)CC2CCCCC2)CC1
C1CCC(CCCCCC2CCCC3C(C4CCCCC4)CCC23)CC1
C1CCC2CC(CCCC3CCCC4C3CCC3C5CCCCC5CCC43)CC2C1
C(CCC1CCC2C(CCC3C4CCCCC4CCC23)C1)CC1CCC(C2CCC(C3CC4CCCC4C4CCC5CCCCC5C34)CC2)CC1
C1CCC2C(C1)CCCC2CCCC1CCC2C1CCC1C3CCCCC3CCCC21
C1CCC(C2CCC3CCCC3C3CCC4CCCCCC4C23)CC1
C1CCC(CCCCC2CC3CCCCC3C2)CC1
C(CCC1CCC2CCCCC2C1)CC1CCCC2CCCCC2C1
C1CCC(CCC2CCC(CCC3CCCC(CC4CCCC4)C3)CC2)CC1
C1CCC(C2CC3CCCC(C3)C3CCC4CCCCC4C32)CC1
C1CCC2C(C1)CCC1C3CCCCC3CCCC21
C1CCC(CCCC(CC2CCC3C(CCC3C3CCCCC3)C2)C2CCCCC2)CC1
C1CCC(CCCCC2CCC3CCCCC23)CC1
C1CCC(CCCCCC2CC3CCCCC3C2)CC1
C1CCC(CCCCCC2CCC3CCCCC23)CC1
C1CCC(C2CCC(CCCCCC3CCCC4CCCCC34)C2)CC1
C1CCC(C2CC3CCCCC3C3CCCCC23)CC1
C1CCC2C(C1)CCC1CCCCC12
C1CCC(CC2CC3CCCCC3CC3CCC4CCCCC4C32)CC1
C1CCC(C2CCC3CC4C(CCC5C6CCC(CCCCC7CCC8CCCCC8C7)C6CCC45)CC32)CC1
C1CCC2CC(C3CCCC4CCCC43)CCC2C1
C(CCC1CCC2C1CCC1C3CCCCC3CCC21)CC1CC2CCCCC2C1
C(CCC1CCCC2CCCCC12)CC1CCCC2CCCCC12
C1CCC(C2CC3CCCC3C3CCCC4CCCCC4C23)CC1
C1CCC(CCCCC2CC3CCCCC3C2)CC1
C1CCC2C(C1)CCCC1C3CCCC3CCC21
C1CCC(CCC2CCC(CCC3CCCC(CC4CCCC4)C3)CC2)CC1
C1CCC2C(C1)CCCC1C3CCCC3CCC21
C1CCC(CCC2CCCCC2)CC1
C1CCC(CCCCCC2CCCC3C(CC4CCCCC4)CCC23)CC1
C1CCC(CCCC2CCC3CCC(C4CCCC5CCCC54)CC3C2)CC1
C1CCC(C2CCC3CC4C(CC5CCC6CCCCC65)CCCCC4CC32)CC1
C1CCC(CCCCCC2CC3CCCCC3C2)CC1
C1CCC2CC(CC3CCCC4CCCC43)CCC2C1
C(CCCCC1CCCC(CC(CC2CCC(CC3CCCCC3)CC2)C2CCCCC2)C1)CCCCC1CCC2C(CCC3C4CCCC4CCC23)C1
C1CCC(CCC2CCC(CCCC3CCCC(CC4CCCC4)C3)CC2)CC1
C1CCC(CCC(CCC2CCC3CCCC3C2)CC2CCCCC2)CC1
C1CCC2CC3CCCCC3CCC2C1
C1CCC(CCC2CCC3C(CCC4C5CCCC5CC(CCC5CCCCC5)C34)C2)CC1
C1CCC(C2CC3CCCC3C3CCC4CCCCC4C3C2)CC1
C1CCC(CCCC(CCC2CCC3CCCC3C2)CC2CCCCC2)CC1
C1CCC(CCC2CCC3C(CC4CCCCC4)CCC3C2)CC1
C1CCC2CC(CC3CCCC4CCCC43)CCC2C1
C1CCC(CCCC(CC2CC3CCCCC3C2)C2CC2)CC1
C1CCC(CCC(CCC2CCC3CCCC3C2)CC2CCCCC2)CC1
C1CCC(C2CCC3CCCCC3C3CCCCC23)CC1
C(CCC1CCCC2CCCC12)CC1CC2CCCCC2C1
C1CCC(C2CCC3CC4C(CCC5C6CCCC(CCCC7CCCC8CCCCC87)C6CCC45)CC32)CC1
C1CCC(CC2CCC3CCCCC3C3CCC4CCCCC4C23)C1
C1CCC2CC(C3CCCC4CCCC43)CCC2C1
C(CCCCCCC1CCC2C1CCCC1C3CCCCC3CCC12)CCCCCC1CCC(CCC2CCC(CCC3CCCC3)C2)C1
C1CCC(C2CCC3CCC4CCCCC4C3CC2)CC1
C1CCC(CC2CC3CCCCC3C3CCC4CCCCC4C23)CC1
C1CCC2CCC3C(CCC4C3CCC4(CCCC3CCC4CCCCC4C3)CCC3CCCC3)C2CC1
C1CCC2CCCCC2C(CCCCC2CCCC3CCCCC23)C1
C1CCC(C2CCC3CC4C(CCC45CCCC5)CC32)CC1
C(CCCC1CCCC2C(C3CCCCC3)CCC12)CCC1CCC(C2CCCC2)C1
C1CCC2CC(CC3CCCC4CCCC43)CCC2C1
C1CCC(C2CCC3CC4C(CCC5C6CCC(CCCC7CCC8CCCCC8C7)C6CCCC45)CC32)CC1
C1CCC(CCC2(CCCCC3CCC4CCCCC4C3)CCC3C4CCC5CCCCC5C4CCC32)C1
C1CCC2C(C1)CCC1C3CCCC3CCC21
C1CCC(C2CC3CCCC3C3CCC4CCCCC4CC23)CC1
C(CCC1CCCC2CCCCC12)CC1CCC2CCCCC2C1
C1CCC(C2CCC3CC4C(CCC32)CCC42CCCCC2)CC1
C1CCC2C(C1)CCCC1CCCCC12
C(CCCC1CCCCC1)CCCC1CCC(C2CCCCC2)C1
C1CCC(CC2CCC3CCCCC3C2)C1
C1CCC2CC(C3CCCC4CCCC43)CCC2C1
C1CCC2CCC(C3CCCC4CCCC43)CC2CC1
C1CCC2CC(CCCC3CCCC4CCCCC43)CC2C1
C(CCCC1CCCC2C(C3CCCCC3)CCC12)CCC1CCCCC1
C(CCCC1CCCCC1)CCC1CCCCC1
C1CCC(CCC2CCC(CCC3CCCC(CC4CCCC4)C3)CC2)CC1
C1CCC(C2CCC(CCCC3CCC4C3CCC3C5CCCCC5CCC43)C2)CC1
C1CCC(C2CCC3CC4C(CCCCC45CC(C4CCCCC4)C(C4CCCCC4)C5)CC32)CC1
C1CCC2C(C1)CCC1C3CCCC3CCC21
C1CCC2C(C1)CCC1C3CCCC3CCC21
C1CCC(C2CCC3CC4C(CCCC5C6CCC(CCCC7CC8CCCCC8C7)C6CCC45)CC32)CC1
C1CCC2C(C1)CC(C1CCCC1)C1CCCCC21
C1CCC(CCC2CCC3C(CCC3C3CCCCC3)C2)CC1
C1CCC(CCCC2CCC3C(CCC3C3CCCCC3)C2)CC1
C1CCC(C2CC3CCCC3C3CCC4CCCCC4C23)CC1
C(CCC1CCCC2CCCCC12)CCC1CCCC2CCCC12
C1CCC(CCC2CCCC3C2CCC(C2CCCCC2)C2C4CCCCC4CCC32)CC1
C(CC1CCC(CCC2CCCC(CC3CCCC3)C2)CC1)CC1CCC(C2CC2)CC1
C1CCC2CCC(C3CCCC4CCCC43)CC2CC1
C1CCC(CCCCCC2CC3CCCCC3C2)CC1
C1CCC(C2CCC3CCC4C(CCC45CCCCC5)CC32)CC1
C1CCC(CC(CC2CCCCC2)C2CCCCC2)CC1
C1CCC2CCC3C4CCCC4CCC3C2CC1
C1CCC2CCC3C4CCCC4CCC3C2CC1
C(CCC1CCCCC2CCCCC12)CC1CCC2CCCCC2C1
C1CCC(C2CCC3CC4C(CCC5C6CCC(CCCC7CC8CCCCC8C7)C6CCC45)CC32)CC1
C1CCC(CCCCC2CCC3CCCCC23)CC1
C1CCC(CCCCCC2CC3CCCCC3C2)CC1
C1CCC(CCC2CCC(CCC3CCCC(CC4CCCCC4)C3)CC2)CC1
C1CCC(C2CCC(C3CC4CCCC4C4CCC5CCCCC5C34)CC2)CC1
C(CCCC1CCCCC1)CCCC1CCC(C2CCCCC2)C1
C1CCC(C2CCC3CC4C(CCC32)CCC42CCCCC2)CC1
C1CCC2CC(C3CCCC4CCCC43)CCC2C1
C1CCC(CCC2CCC3C(CCCC4CC(C5CCCCC5)CCC43)C2)CC1
C1CCC(C2CC3CCCCC3C3CCCCC23)CC1
C1CCC(CCCCCC2CCCC3C(C4CCCCC4)CCC23)CC1
C1CCC(C2CC3CCCCC3C3CCC(CCCC4CCCC4)CC23)CC1
C1CCC(CCC2CCC(CCC3CCCC(CC4CCCC4)C3)CC2)CC1
C1CCC(CCC2CCC3C(CCC3C3CCCCC3)C2)CC1
C(CCC1CCCC2CCCC12)CC1CC2CCCCC2C1
C(CCCC1CCCCC1)CCCC1CCC(CC2CCCCC2)C1
C1CCC(C2CCC3C(CCCC4CCCCC43)C2)CC1
C1CCC2CCC(C3CCCC4CCCC43)CC2CC1
C(CCCC1CCCCC1)CCCC1CCC(C2CCCCC2)C1
C1CCC2CCC3C4CCCCC4CC(CC4CCCC4)C3C2CC1
C(CCCC1CCCC2C(C3CCCCC3)CCC12)CCC1CCCCC1
C1CCC(C2CCC3C(CCCCCC4CC4)CCCC23)CC1
C1CCC2CC(CCCC3CCC4C3CCCC3C5CCCCC5CCC34)CC2C1
C1CCC(C2CC3CCCC3C3CCCC4CCCCC4C23)CC1
C1CCC(CCCCCC2CCCC3CCCC23)CC1
C1CCC(CCCCCC2CCCC3C(C4CCCCC4)CCC23)CC1
C1CCC(CCC2CCC3C(CCCC4CCCCC43)C2)CC1
C1CCC(CCCCCC2CC3CCCCC3C2)CC1
C1CCC2C(C1)CCC1C2CCC2C3CCCC3CC21
C1CCC(CCCCCC2CC3CCCCC3C2)CC1
C1CCC2C(C1)CCCC2CCCC1CCC2C1CCC1C3CCCCC3CCC21
C1CCC2CCC3C4CCCC4CCC3C2CC1
C1CCC(CCCCC2CCC3CCCC3C2)CC1
C1CCC(CCC2CCC3C(CC4CCCCC4)CCC3C2)CC1
C1CCC(CCC(CCCC2CCC3CCCC3C2)CC2CCCCC2)CC1
C1CCC(C2CC3CCCC3C3CCCC4CCCCC4C23)CC1
C(CCC1CCC2CCCCC2C1)CCC1CCCC2CCCCC12
C1CCC(CCCCCC2CCCC3C(C4CCCCC4)CCC23)CC1
C1CCC(CCCCC2CC3CCCCC3C2)CC1
C1CCC2C(C1)CCC1C3CCCC3CCC21
C(CCC1CC2CCCCC2C1)CCC1CCCC2CCCC12
C1CCC(CCC2CCC(C3CCCC4C(C5CCCCC5)CCC34)C2)CC1
C1CCC(CCCCC2CC3CCCCC3C2)CC1
C1CCC(CC2CC3CCCCC3C3CCC4CCCCC4C23)CC1
C1CCC2C(C1)CCC1C3CCCC3CCC21
C1CCC2CCC(C3CCCC4CCCC43)CC2CC1
C1CCC(CCCCC2CCCC3CCCC23)CC1
C(CCC1(C2CCCC2)CCCC2CCCCC21)CC1CCC2CCCCC2C1
C1CCC2CCC3C4CCCC4CC(C4CCC(C5CCCC5)CC4)C3C2CC1
C1CCC2CC(C3CCCC3)CCC2C1
C(CCC1CCCC2CCCCC12)CC1CCC2CCCCC2C1
C1CCC(C2CCC3CC4(CCCCC4C4CCCCC4)CCC32)CC1
C1CCC(C2CCC3C(CCCCCC4CCC(C5CCCC5)C4)CCCC23)CC1
C(CCCCC1CCC(C2CCCCC2)C1)CCCC1CCCCC1
C1CCC2C(C1)CCC1C3CCCC3CCC21
C1CCC(CCC2CCC3C(CCC3C3CCCCC3)C2)CC1
C1CCC(CCCCC2CC3CCCCC3C2)CC1
C1CCC(CCC2CCC3CC2CCC(C2CCCCC2)C2C4CCCCC4CCC32)CC1
C1CCC(CCC2CCC3C(CCC3C3CCCCC3)C2)CC1
C1CCC(C2CCC3CC4C(CCCC45CCCC5)CCC32)CC1
C1CCC(C2CCC3CC4C(CCCC45CCCCC5)CC32)CC1
C1CCC(CC2CC3CCCCC3C3CCC4CCCCC4C23)CC1
C1CCC2CCC(C3CCCC4CCCC43)CC2CC1
C1CCC(CCCCC2CC3CCCCC3C2)CC1
C1CCC(CC2CC3CCCCC3C3CCC4CCCCCC4C23)CC1
C1CCC(CCC(CCC2CCC3CCCCC3C2)CC2CCCCC2)CC1
C1CCC(CCCCCC2CCCC3C(C4CCCCC4)CCC23)CC1
C1CCC(C2CCC3CC4C(CCC45CCCCC5)CC32)CC1
C1CCC(CCCCCC2CCCC3C(CC4CCCCC4)CCC23)CC1
C1CCC(CCCCCC2CC3CCCCC3C2)CC1
C1CCC(CC(CC2CCCCC2)C2CCCCC2)CC1
C1CCC(C2CCC3C(CCCCCC4CCC(CC5CCCC5)C4)CCCC23)CC1
C1CCC2CC3CCC(C4CCCCC4)C3CC2CC1
C(CCCC1CCCCC1)CCCC1CCC(C2CCCCC2)C1
C(CCC1CCCC2CCCC12)CC1CC2CCCCC2C1
C1CCC2CCC3C4CCC(CCCC5CC6CCCCC6C5)C4CCC3C2CC1
C1CCC2C(C1)CCC1C3CCCC3CCC21
C1CCC(CCC2CCC(CCCC3CCCC(CC4CCCC4)C3)CC2)CC1
C1CCC(CC2CCC3C(CCC3C3CCCCC3)C2)CC1
C1CCC2CC(CC3CCCC4CCCC43)CCC2C1
C1CCC(CCCCCC2CC3CCCCC3C2)CC1
C1CCC(C2CC3CCCCC3C3CCCCC23)CC1
C1CCC(C2CCC3CCCC3C3CCC4CCCCC4C23)CC1
C1CCC(CC2CCC3CC(C4CCC(CCC5CCCC5)CC4)CCC23)CC1
C1CCC(C2CC3CCCC3C3CCC4CCCCCC4C23)CC1
C1CCC(CCC2CCC(CCC3CCCC(CC4CCCC4)C3)CC2)CC1
C1CCC2C(C1)CCCC2CCCC1CCCC2CCCCC21
C1CCC(CCCC2CCC3CCCC3C2)CC1
C(CCCC1CCCC2CCCC12)CCC1CCCCC1
C1CCC(C2CCC3CC4C(CCC45CCCCCC5)CC32)CC1
C1CCC(CC2CC3CCCCC3C3CCC4CCCCCC4C23)CC1
C1CCC2CC(C3CCCC4CCCC43)CCC2C1
C1CCC(CC2CCC(CC(CC3CCCCC3)C3CCCCC3)CC2)CC1
C1CCC2CC(CCCC3CCC4C3CCC3C5CCCCC5CCC43)CC2C1
C1CCC(CCCCC2CCC3C2CCC2C4CCCCC4CCC32)CC1
C(CCC1CCCC2CCCCC12)CC1CCC2CCCCC2C1
C1CCC(CC2CCC(CCCC3CCC4C3CCC3C5CCCCC5CCC43)C2)CC1
C1CCC(CC2CC3CCCCC3C3CCCCC23)CC1
C1CCC(CCC(CCC2CCC3CCCC3C2)CC2CCCCC2)CC1
C(CCC1(CC2CCCC2)CCCC2CCCCC21)CC1CCC2CCCCC2C1
C1CCC2CC(CCCC3CCC4C3CCCC3C5CCCCC5CCC34)CC2C1
C1CCC(CCC2CCC(CC(CC3CCCCC3)C3CCCCC3)CC2)CC1
C1CCC2CCC(C3CCCC4CCCC43)CC2CC1
C1CCC2CC(C3CCCC4CCCC43)CCC2C1
C1CCC(C2CC3CCCC3C3CCC4CCCCC4C23)CC1
C1CCC(CCCCC2CCC3CCCCC23)CC1
C1CCC(C2CC3CCCC3C3CCC4CCCCCC4C23)CC1
C1CCC2C(C1)CCC1C3CCCC3CCC21
C1CCC(CCCCC2CCC3CCCCC23)CC1
C(CCC1CCCC2CCCC12)CC1CC2CCCCC2C1
C1CCC2C(C1)CCC1C3CCCCC3CCC21
C1CCC(CCCCCC2CCCC3C(C4CCCCC4)CCC23)CC1
C1CCC(C2CCC3CC4C(CCC32)CCC42CCCC2)CC1
C1CCC(C2CCC3CC4C(CCCCC45CCCC5)CC32)CC1
C1CCC2CCC(C3CCCC4CCCC43)CC2CC1
C1CCC(C2CCC3CC4C(CCCCC45CCCC5)CC32)CC1
C1CCC(CCC2CCC3C(CCC3C3CCCCC3)C2)CC1
C1CCC(CC2CC3CCCCC3C3CCC4CCCCCC4C23)CC1
C1CCC(CCCC2CCC3CCC(C4CCCC5CCCC54)CC3C2)CC1
C1CCC2CC(CC3CCCC4CCCC43)CCC2C1
C1CCC2CCC(C3CCCC4CCCC43)CC2CC1
C1CCC(CCCCC2CC3CCCCC3C2)CC1
C1CCC2CC(CCCC3CCC4C3CCC3C5CCCCC5CCCC43)CC2C1
C1CCC(CC2CC3CCCCC3C3CCC4CCCCC4C23)CC1
C1CCC2CCC3C(CCC4C3CCC4(CCCC3CC4CCCCC4C3)CCC3CCCC3)C2CC1
C(CCCC1CCCCC1)CCCC1CCC(C2CCCCC2)C1
C1CCC(CCCCCC2CCC3CCCCC23)CC1
C1CCC2C(C1)CCC1C3CCCC3CCC21
C1CCC(CCCC2CCCC3CC4C(CCC4C4CCCCC4)CC23)CC1
C1CCC(CCCCCC2CCC3CCCCC23)CC1
C(CCCC1CCCCC1)CCCC1CCC(C2CCCCC2)C1
C1CCC(C2CCC(C3CC4CCCC4C4CCC5CCCCC5C34)CC2)C1
C1CCC(CC2CCC3C(CCC3C3CCCCC3)C2)CC1
C1CCC(CCCC(CCC2CCC3CCCC3C2)CC2CCCCC2)CC1
C(CCC1CCC2CCCCC2C1)CCC1CCCC2CCCCC12
C1CCC(CCC(CCC2CCC3CCCCC3C2)CC2CCCCC2)CC1
C1CCC(CCCCCC2CC3CCCCC3C2)CC1
C1CCC(CCC2CCC3C(CCC3C3CCCCC3)C2)CC1
C1CCC2C(C1)CCCC1CCCCC12
C1CCC2CC(C3CCCC3)CCC2C1
C1CCC(CCCCC2CCC3CCCCC23)CC1
C1CCC(C2CCC3CC4C(CCC45CCCC5)CC32)CC1
C1CCC2CCC3C4CCCCC4CC(CC4CCCC5CCCCC54)C3C2CC1
C1CCC2CCC(C3CCCC4CCCC43)CC2CC1
C1CCC(C2CCC3CCCC3C3CCCC4CCCCC4C23)CC1
C1CCC(C2CC3CCCC3C3CCC4CCCCC4C23)CC1
C1CCC(CC2CCC3C(CCC3C3CCCCC3)C2)CC1
C1CCC(C2CCCC3C(CCC34CCCC4)C3CCC4CCCCC4C23)CC1
C1CCC(CC2CC3CCCCC3C3CCC4CCCCCC4C23)CC1
C(CCC1CCCC2CCCCC12)CC1CCC2CCCCC2C1
C1CCC(CCC2CCC3C(CCC3C3CCCCC3)C2)CC1
C1CCC(C2CC3CCCC3C3CCC4CCCCCC4C23)CC1
C1CCC2CCC3C4CCCCC4CC(CC4CCCC4)C3C2CC1
C1CCC(CCC2CCC3C(CCC4C5CCCC5CC(CCC5CCCCC5)C34)C2)CC1
C1CCC(CCCC2CCC3C(CCC3C3CCCCC3)C2)CC1
C1CCC2C(C1)CCCC1CCCCC12
C1CCC(CCC2CCC(CCC3CCCCC(CC4CCCC4)C3)CC2)CC1
C1CCC2CCC3C4CCC(CCCC5CC6CCCCC6C5)C4CCC3C2CC1
C(CCC1CCCC2CCCCC12)CC1CC2CCCCC2C1
C1CCC2CCC3C(CCC4C3CCC4(CCCC3CC4CCCCC4C3)CCC3CCCC3)C2CC1
C1CC2CC3CCC4C5CCCCC5CCC4C3CC2C1
C1CCC2CCC(C3CCC4CCCCC43)CC2CC1
C1CCC2C(C1)CCC1C3CCCC3CCC21
C1CCC2C(C1)CCCC1C3CCCC3CCC21
C1CCC2CCC(C3CCCC4CCCC43)CC2CC1
C1CCC(CCCCCC2CCC3CCCCC23)CC1
C1CCC2CCC(C3CCCC4CCCC43)CC2CC1
C1CCC(CC2CC3CCCCC3C3CCC4CCCCCC4C23)CC1
C1CCC(CCCC2CCCC3CCC(C4CCCC5CCCC54)CC3C2)CC1
C1CCC(CCCC(CC2CC3CCCCC3C2)C2CC2)CC1
C(CCC1CCCCC2CCCCC12)CC1CCC2CCCCC2C1
C1CCC(CCCC2CCC3CCC(C4CCCC5CCCC54)CC3CC2)CC1
C1CCC(C2CCC3C(CCC4CCCCC43)C2)CC1
C1CCC(CCC2CCC3C(CC4CCCCC4)CCC3C2)CC1
C(CCCC1CCCC2C(C3CCCCC3)CCC12)CCC1CCCCC1
C(CCCC1CCCC2C(C3CCCCC3)CCC12)CCC1CCCCC1
C1CCC(CCCCC2CC3CCCCC3C2)CC1
C1CCC(C2CCC(CCCC3CCC4C3CCC3C5CCCCC5CCC43)C2)CC1
C1CCC2C(C1)CCC1C3CCCC3CCC21
C1CCC(CCC2CCCC3CC4C(CCC23)CCC4C2CCCCC2)CC1
C1CCC(C2CCC3CC4C(CC5CCC6CCCCC65)CCCC4CC32)CC1
C(CCC1CCCC1)CCC1CCCC2CCCCC12
C(CCC1CCCC2CCCCC12)CC1CCCC2CCCCC12
C(CCC1CCCC2CCCC12)CC1CC2CCCCC2C1
C1CCC(CCC(CCC2CCC3CCCCC3C2)CC2CCCCC2)CC1
C1CCC2C(C1)CCC1C3CCCC3CCC21
C1CCC2CCC(C3CCCC4CCCC43)CC2CC1
C(CCCC1CCCCC1)CCCC1CCC(C2CCCCC2)C1
C1CCC(CCCC2CCC3C2CCC2C4CC5CCC(C6CCCCC6)C5CC4CCCC32)CC1
C1CCC2CCC3C(CCC4C5CCCC5CC43)C2CC1
C1CCC(C2CCC(CC3CCC4CCCCC4C4CCC5CCCCC5C34)CC2)CC1
C1CCC(CCC2CC3CCCCC3C3CCC4CCCCC4C23)CC1
C1CCC(CCCC2CCC3CCC(C4CCCC5CCCC54)CC3C2)CC1
C1CCC(CCC2CCC3C(CCC3C3CCCCC3)C2)CC1
C1CCC(C2CC3C(CCC34CCCC4)C3CCCC4CCCCC4C23)CC1
C1CCC(CCC2CCC(C3CCCC4C(C5CCCCC5)CCC34)C2)CC1
C1CCC(CCCCCC2CCCC3C(C4CCCCC4)CCC23)CC1
C1CCC2CC(C3CCCC4CCCC43)CCC2C1
C1CCC(CCCCCC2CCCC3C(C4CCCCC4)CCC23)CC1
C1CCC(CCCCCC2CCCC3C(C4CCCCC4)CCC23)CC1
C1CCC(C2CC3CCCC3C3CCC4CCCCC4C23)CC1
C1CCC2C(C1)CCCC1CCCCC12
C(CCC1CCCC2CCCCC12)CC1CCC2CCCCC2C1
C1CCC(CCCCCC2CCCCC2)CC1
C1CCC2C(C1)CCC1C3CCCC3CCCC21
C1CCC2CCC(C3CCCC4CCCC43)CC2CC1
C1CCC2CC(C3CCCC4CCCC43)CCC2C1
C1CCC2CC(CC3CCCC4CCCC43)CCC2C1
C1CCC(CCCC2CCC3C(CCC3C3CCCCC3)C2)CC1
C1CCC(C2CCC(CC3CC4CCCCC4C4CCC5CCCCCC5C34)CC2)CC1
C1CCC2CCC(C3CCCC4CCCC43)CC2CC1
C1CCC(CCC2CCC3C(CCC3C3CCCCC3)C2)CC1
C(CCCC1CCCCC1)CCCC1CCC(C2CCCCC2)C1
C1CCC(C2CC3CCCC3C3CCC4CCCCC4C23)CC1
C1CCC(CC2CC3CCCCC3C3CCC4CCCCC4C23)C1
C1CCC(CC2CCC(CC(CC3CCCCC3)C3CCCCC3)CC2)CC1
C1CCC(CCCCCC2CC3CCCCC3C2)CC1
C1CCC(CCC2CCCCC2)CC1
C(CCCC1CCCC2C(C3CCCCC3)CCC12)CCC1CCCCC1
C1CCC(CC2CC3CCCCC3C3CCC4CCCCC4C23)C1
C1CCC(C2CCC(CCCC3CCC4C3CCCC3C5CCCCC5CCC34)C2)CC1
C(CCCC1CCCC2C(C3CCCCC3)CCC12)CCC1CCCCC1
C1CCC(CCCCC2CCC3CCC(C4CCCC5CCCC54)CC3C2)CC1
C1CCC(CCC2CCC3C(CCC4CCCCCC43)C2)CC1
C(CCC1CCCC2CCCCC12)CC1CCC2CCCCC2C1
C(CCCC1CCCCC1)CCCC1CCC(C2CCCCC2)C1
C1CCC(CC2CCC3CCCCC3C3CCC4CCCCC4C23)C1
C1CCC2CC(C3CCCC4CCCC43)C3CCCC3C2CC1
C1CCC(CC2CC3CCCCC3C3CCC4CCCCC4C23)CC1
C1CCC(CCCCCC2CCCC3C2CCC3C2CCCC(CC3CCCCC3)C2)CC1
C1CCC(CCC2CCC(CCC3CCCC(CC4CCCC4)C3)CC2)CC1
C1CCC(CCCCC2CCC3CCCCC23)CC1
C1CCC2CC(C3CCCC4CCCC43)CCC2C1
C1CCCC(CC2CCCCC2CC2CC3CCCCC3C3CCC4CCCCC4C23)CC1
C1CCC(CCCCC2CCC3CCC(C4CCCC5CCCC54)CC3C2)CC1
C1CCC2C(C1)CCC1CC3CC4CCCC4C3CCC12
C1CCC2CCC(C3CCCC4CCCC43)CC2CC1
C1CCC(CCCCCC2CCCCC2)CC1
C(CCCCC1CCC(C2CCCCC2)C1)CCCC1CCCCC1
C1CCC(CC2CC3CCCCC3C3CCC4CCCCC4C23)CC1
C1CCC(CCCCC2CC3CCCCC3C2)CC1
C(CCCC1CCCCC1)CCCC1CCC(C2CCCCC2)C1
C1CCC2C(C1)CCCC1C3CCCC3CCC21
C1CCC(CCCCC2CCC3CCCCC23)CC1
C1CCC(CCC2CCCC3CC4C(CC5CCCCC5)CCC4CC23)CC1
C1CCC(CCC2CCC(C3CCC4C(CCC4C4CCCCC4)C3)CC2)CC1
C1CCC(C2CC3CCCC3C3CCCC4CCCCC4C23)CC1
C1CCC(CCCCC2CC3CCCCC3C2)CC1
C1CCC(CCC2CCC3C(CCC3C3CCCCC3)C2)CC1
C(CCC1CCC2C1CCC1C3CCCCC3CCC21)CC1CC2CCCCC2C1
C1CCC2CCC3C4CCCC4CCC3C2CC1
C1CCC(CCCCCC2CC3CCCCC3C2)CC1
C1CCC(CCCCCC2CCC3CCCCC23)CC1
C1CCC2CCC3C4CCC(CCCC5CC6CCCCC6C5)C4CCC3C2CC1
C1CCC(CCCC2CCCC3CC4C(CCC4C4CCCCC4)CC23)CC1
C1CCC(CCC2CCC3C(CCC3CC3CCCC(CCC4CCCC4)C3)C2)CC1
C1CCC2CC(C3CCCC4CCCC43)CCC2C1
C1CCC(CCCCC2CC3CCCCC3C2)CC1
C1CCC(CCC(CC2CC3CCCCC3C2)C2CCC2)CC1
C1CCC(CC2CCCC2CC2CC3CCCCC3C3CCC4CCCCCC4C23)CC1
C1CCC(CC2CC3CCCCC3CC3CCC4CCCCC4C32)C1
C1CCC2CCC(C3CCCC4CCCC43)CC2CC1
C1CCC(C2CCC3CC4C(CCCCC45CCCC5)CC32)CC1
C1CCC(CCCCC2CC3CCCCC3C2)CC1
C1CCC2CCC(C3CCCC4CCCC43)CC2CC1
C1CCC2CC(CCCC3CCCC4C3CCC3C5CCCCC5CCC43)CC2C1
C1CCC2CC(C3CCCC4CCCC43)CCC2C1
C1CCC(CCC2CCC(CCC3CCCCC(CC4CCCC4)C3)CC2)CC1
C1CCC2CC(CCCC3CCC4C3CCC3C5CCCCC5CCC43)CCC2C1
C1CCC(CC2CCC(CC(CC3CCCCC3)C3CCCCC3)CC2)CC1
C1CCC(C2CC3CCCCC3CC3CCCCC32)CC1
C1CCC(CC2CCC3C(CCC3C3CCCCC3)C2)CC1
C1CCC2C(C1)CCCC1C3CCCC3CCC21
C1CCC(CCCCC2CC3CCCCC3C2)CC1
C(CCC1CCCC2CCCC12)CC1CC2CCCCC2C1
C(CCCC1CCCC2CCCCC12)CCC1CCC(C2CCCCC2)C1
C1CCC(CCCCCC2CCCC3C(C4CCCCC4)CCC23)CC1
C(CCC1CCCC2CCCCC12)CC1CCC2CCCCC2C1
C1CCC(CC2CC3CCCCC3C3CCC4CCCCC4C23)CC1
C1CCC(CCC(CCC2CCC3CCCC3C2)CC2CCCCC2)CC1
C1CCC2CC(C3CCCC4CCCC43)CCC2C1
C1CCC2CC(C3CCCC4CCCC43)CCC2C1
C1CCC(C2CCC(CCCCCC3CCCC4CCCCC34)C2)CC1
C1CCC(CCC2CCC3C(CCC4CCCCC43)C2)CC1
C1CCC2CCC3C4CCCCC4CCC3C2CC1
C1CCC(C2CCC3CC4C(CCC5C6CCCC(CCCC7CC8CCCCC8C7)C6CCC45)CC32)CC1
C(CCCC1CCCC2C(C3CCCCC3)CCC12)CCC1CCCCC1
C1CCC(CCCCC2CC3CCCCC3C2)CC1
C(CCCC1CCCC2C(C3CCCCC3)CCC12)CCC1CC1
C(CCCCC1CCC(C2CCCCC2)C1)CCCC1CCCCC1
C1CCC(CCCC2CCC3CCC(C4CCCC5CCCC54)CC3C2)CC1
C1CCC(CC23CCCCC2CCC2C4CCCC4CCC23)CC1
C1CCC(CCC(CC2CC3CCCCC3C2)C2CCCC2)CC1
C1CCC2CC(C3CCCC4CCCC43)C3CCCC3C2CC1
C1CCC(CC2CCC3CCCCC3C3CCC4CCCCC4C23)CC1
C(CCCC1CCCCC1)CCCC1CCC(C2CCCCC2)C1
C1CCC(C2CCC3CC4C(CCC5CCC6CCCCC65)CCCC4CC32)CC1
C1CCC(CCCCC2CC3CCCCC3C2)CC1
C1CCC(C2CC3CCCCC3C3CCCCC23)CC1
C1CCC2CC(C3CCCC4CCCC43)CCC2C1
C1CCC(C2CCC3CC4C(CCC32)CCC42CCCCC2)CC1
C1CCC(CCCCCC2CCCC3C(C4CCCCC4)CCC23)CC1
C1CCC(C2CC3CCCC3C3CCCC4CCCCC4C23)CC1
C1CCC(C2CC3CCCC3C3CCC4CCCCC4C23)CC1
C1CCC(CCCCC2CC3CCCCC3C2)CC1
C1CCC2CCC3C4CCCCC4CC(CC4CCCC4)C3C2CC1
C1CCC(CC2CCC3C(CCC3C3CCCCC3)C2)CC1
C(CCC1CCCC2CCCCC12)CCC1CCCC2CCCCC12
C1CCC(CCC(CCC2CCC3CCCC3C2)CC2CCCCC2)CC1
C(CCC1(C2CCCC2)CCCC2CCCCC21)CC1CCC2CCCCC2C1
C1CCC(CCC2CCC3C(CCC3C3CCCCC3)C2)CC1
C(CCC1CC2CCCCC2C1)CCC1CCCC2CCCC12
C1CCC(CC2CCC(CC3CC4CCCCC4C4CCC5CCCCC5C34)CC2)CC1
C1CCC2C(C1)CCC1C3CCCC3CCC21
C1CCC(C2CC3C(CCC4CC4)CCC3C3CCC4CCCCCC4C23)CC1
C1CCC2C(C1)CCCC1C3CCCC3CCC21
C1CCC2CCC3C4CCC(CCCC5CC6CCCCC6C5)C4CCC3C2CC1
C1CCC2CCC(C3CCCC4CCCC43)CC2CC1
C1CCC(CCC2CCCC3CC4C(CCC4C4CCCCC4)CC23)CC1
C(CCCC1CCCC2C(C3CCCCC3)CCC12)CCC1CCCCC1
C1CCC(CCCCC2CCC3CCCCC23)CC1
C1CCC(CCCCCC2CC3CCCCC3C2)CC1
C1CCC(CCCC(CC2CC3CCCCC3C2)C2CCCC2)CC1
C(CCC1CCCC2CCCCC12)CC1CCC2CCCCC2C1
C1CCC(C2CCC3(CCC4CC5C(CCC5C5CCCCC5)CCC43)C2)CC1
C1CCC(CCCC2CCCCC3CCC(C4CCCC5CCCC54)CC23)CC1
C1CCC2CC(C3CCCC4CCCC43)CCC2C1
C1CCC(C2CCC3CC4C(CCCC5C6CCCC6CCC45)CC32)CC1
C(CCC1CCCC2CCCCC12)CCC1CCCC2CCCCC12
C1CCC(CCC2CCC3C(CCC4C5CCCC5CC(CCC5CCCCC5)C34)C2)CC1
C1CCC(CC2CCC3CC4C(CCC45CCCCC5)CC23)CC1
C1CCC(C2CC3CCCC3C3CCC4CCCCC4C23)CC1
C1CCC(CCCCCC2CC3CCCCC3C2)CC1
C(CCC1CCCC2CCCCC12)CC1CCC2CCCCC2C1
C1CCC(CCC2CCC3C(CCC4CC5CCCC5CC(CCC5CCCCC5)C43)C2)CC1
C1CCC(CCC2CCC3CC4CCC5CCCC5C4CCC3C2)CC1
C1CCC(CCCCCC2CCCC3C2CCC3C2CCCC(CC3CC3)C2)CC1
C1CCC(CCC2CCC3C(CC4CCCCC4)CCC3C2)CC1
C1CCC(CCCCC2CCC3CCCCC23)CC1
C1CCC(CCCCCC2CCC3CCCCC23)CC1
C1CCC(C2CCC(C3CCC4CCCC4C4CCC5CCCCC5C34)CC2)C1
C1CCC(CC2CCC3CC4C(CCC45CCCC5)CC23)CC1
C1CCC(C2CC3CCCCC3C3CCCCC23)CC1
C(CCCCC1CCC2C(CCC3C4CCCC4CCC23)C1)CCCC1CCCC(CC(CC2CCC(CC3CCCCC3)CC2)C2CCCCC2)C1
C1CCC(CCCCCC2CCCC3C(CC4CCCCC4)CCC23)CC1
C1CCC(CCCC2CCCC(C3CCC4CC(CCC5CCC6CCCCC6C5)CCC43)C2)CC1
C1CCC(CCC2CCC3C(CC4CCCCC4)CCC3C2)CC1
C1CCC2CCCCC2C(CCCCC2CCCC3CCCCC23)C1
C1CCC(CCC2CC3CCCC3C3CCCC4CCCCC4C23)CC1
C(CCCC1CCCCC1)CCCC1CCC(C2CCCCC2)C1
C1CCC(CCCCC2CC3CCCCC3C2)CC1
C1CCC(CCCCC2CCC3CCC(C4CCCC5CCCC54)CC3C2)CC1
C1CCC2C(C1)CCC1C3CCCC3CCC21
C1CCC(CCC2CCC3C(CCC3C3CCCCC3)C2)CC1
C(CCCC1CCCC2C1CCC2C1CCCC(CC2CCCC2)C1)CCC1CCCCC1
C1CCC(CCC2CCC3C(CCC4C5CCCCC5CCC34)C2)CC1
C1CCC(C2CC3CCCC(C3)C3CCC4CCCCC4C32)CC1
C1CCC(CCC2CCC3C(CCC4C5CCCC5CCC34)C2)CC1
C1CCC(CCC2CCC3C(CCC3C3CCCCC3)C2)CC1
C1CCC2C(C1)CCC1C3CCCCC3CCC21
C1CCC2C(C1)CCCC1C3CCCC3CCC21
C1CCC2CC(C3CCCC4CCCC43)CCC2C1
C1CCC(CCCC2CCCC(C3CCC4CC(CCC5CCC6CCCCC6C5)CCC43)C2)CC1
C1CCC2CCC(C3CCCC4CCCC43)CC2CC1
C1CCC(CCCCCC2CCC3CCCCC3C2)CC1
C1CCC(CCCCC2CC3CCCCC3C2)CC1
C(CCC1CCCC2CCCC12)CC1CC2CCCCC2C1
C1CCC2CC(CCCC3CCC4C3CCC3C5CCCCC5CCC43)CC2C1
C1CCC(C2CCC3CCCC3C3CCC4CCCCC4C23)CC1
C1CCC(CC2CC3CCCCC3C3CCC4CCCCC4C23)C1
C1CCC(CCCCC2CCC3C2CCC2C4CCCCC4CCC32)C1
C1CCC(CCCCCC2CC3CCCCC3C2)CC1
C1CCC(C2CC3CCCC3C3CCC4CCCCCC4C23)CC1
C1CCC(CCCCCC2CCC3CCCCC23)CC1
C1CCC(C2CCC3CC4C(CCC5C6CCC(CCCC7CCC8CCCCC8C7)C6CCCC45)CC32)CC1
C1CCC(C2CCC3CC4C(CCC5C6CCC(CCCC7CCC8CCCCC8C7)C6CCC45)CC32)CC1
C1CCC2CCC3C(CCC4C3CCC4(CCCC3CC4CCCCC4C3)CCC3CCCC3)C2CC1
C1CCC2C(C1)CCC1C2CCC2C3CCCC3CC21
C(CCCC1CCC(C2CCCCC2)C1)CCC1CCCCC1
C1CCC2CC(CCCC3CCC4C3CCCC3C5CCCCC5CCC34)CCC2C1
C1CCC(CC2CCC3C(CCC3C3CCCCC3)C2)CC1
C1CCC(CCC2CCC3C(CCC3C3CCCCC3)C2)CC1
C1CCC(CCCCC2CCC3CCCCC23)CC1
C1CCC2CC(CCCC3CCC4C3CCC3C5CCCCC5CCC43)CC2C1
C1CCC2CCC3C4CCCC4CCC3C2CC1
C1CCC(C2CCC3CC4C(CCC45CCCC5)CC32)CC1
C1CCC(CCCCC2CCC3CCC(C4CCCC5CCCC54)CC3C2)CC1
C1CCC(CCCCCC2CCC3CCCC3C2)CC1
C1CCC(C2CCC3CC4C(CCCC45CCCC5)CCC32)CC1
C1CCC(CC2CCC(CC(CC3CCCCC3)C3CCCCC3)CC2)CC1
C1CCC2CCC(C3CCCC4CCCC43)CC2CC1
C1CCC(CCCC2CCC(CCC3CCCCC3)CC2)CC1
C1CCC(C2CC3CCCCC3C3CCC4CCCCC4C23)CC1
C1CCC(C2CCC3CC4(CCCCCC4C4CCCCC4)CCC32)CC1
C1CCC(C2CCC(CCCCCC3(C4CCCC4)CCCCC4CCCCC43)C2)CC1
C1CCC(CCCC(CCC2CCC3CCCC3C2)CC2CCCCC2)CC1
C1CCC(CCCCCC2CCCC3C(C4CCCCC4)CCC23)CC1
C1CCC(C2CC3CCCC3C3CCC4CCCCCC4C23)CC1
C1CCC(CC2CC3CCCCC3C3CCC4CCCCCC4C23)CC1
C1CCC(CCCCCC2CCCCC2)CC1
C1CCC(CCC2CCC3C(CCC3C3CCCCC3)C2)CC1
C1CCC(C2CC3CCCC3CC3CCC4CCCCC4C32)CC1
C1CCC(CCC2CCC3C(CCC3C3CCCCC3)C2)CC1
C1CCC(CCCCC2CC3CCCCC3C2)CC1
C1CCC(CCC2CCC(CCC3CCCC(CC4CCCC4)C3)CC2)CC1
C1CCC(CCC2CCC3C(CCC3C3CCCCC3)C2)CC1
C1CCC2C(C1)CCC1C3CCCC3CCC21
C1CCC2CC(C3CCC4CCCCC43)CCC2C1
C1CCC2CCC3C4CCC(CCCC5CCCC6CCCCC65)C4CCC3C2CC1
C(CCCC1CCCCC1)CCC1CCCCC1
C1CCCC(CC2CCCCC2CC2CC3CCCCC3C3CCC4CCCCC4C23)CC1
C1CCC(CC2CCC3CCCCC3C3CCC4CCCCC4C23)CC1
C1CCC(CCCC2CCC(CCC3CCCCC3)CC2)CC1
C1CCC(CCCCCC2CC3CCCCC3C2)CC1
C1CCC2CCC3C4CCC(CCCC5CC6CCCCC6C5)C4CCC3C2CC1
C1CCC(CCCCC2CC3CCCCC3C2)CC1
C1CCC(C2CCC3CC4C(CCC32)CCC2C3CCC(CCCC5CCC6CCCCC6C5)C3CCC42)CC1
C1CCC(CCCCC2CCC3CCCCC23)CC1
C1CCC(CC2CC3CCCCC3C3CCC4CCCCC4C23)C1
C1CCC(C2CCC3CC4C(CCC45CCCCCC5)CC32)CC1
C1CCC(C2CCC3CC4C(CCC5C6CCC(CCCC7CC8CCCCC8C7)C6CCCC45)CC32)CC1
C1CCC(CC2CC3CCCCC3CC3CCC4CCCCC4C32)CC1
C1CCC2CC(C3CCC4CCCCC43)CCC2C1
C1CCC(CC2CC3CCCCC3C3CCC4CCCCCC4C23)CC1
C1CCC(CCCCCC2CCCC3C(CC4CCCCC4)CCC23)CC1
C1CCC(CCCC2CCC3C(CCC4C5CCCC5CC(CCC5CCCCC5)C34)C2)CC1
C1CCC(CCCCCC2CCC3CCCCC23)CC1
C1CCC(C2CCC3(CCC4CC5C(CCC5C5CCCCC5)CC43)C2)CC1
C1CCC(CC2CC3CCCCC3C3CCC4CCCCC4C23)CC1
C1CCC2CCC3C4CCCC4CCC3C2CC1
C1CCC2CC(CCCC3CCCC4CCCCC43)CC2C1
C1CCC(CCCCCC2CC3CCCCC3C2)CC1
C1CCC(C2CCC3CC4C(CCCC5C6CCC(CCCC7CCC8CCCCC8C7)C6CCC45)CC32)CC1
C1CCC(CCCCC2CCC3CCCCC23)CC1
C1CCC2C(C1)CCC1C3CCCCC3CCC21
C1CCC(CCCCC2CC3CCCCC3C2)CC1
C1CCC(CC2CCC3CC4C(CCCC45CCCC5)CC23)CC1
C1CCC2CC(C3CCCC4CCCC43)CCC2C1
C1CCC(CCC2CCC3C(CCC3C3CCCCC3)C2)CC1
C1CCC2CC(CCCC3CCC4C3CCC3C5CCCCC5CCC43)CC2C1
C1CCC2CCC(C3CCCC4CCCC43)CC2CC1
C(CCC1CCC2C1CCC1C3CCCCC3CCC21)CC1CC2CCCCC2C1
C1CCC2CC(CCCC3CCC4C3CCCC3C5CCCCC5CCC34)CC2C1
C1CCC2CC(CCCC3CCCC4C3CCC3C5CCCCC5CCC43)CC2C1
C(CCC1CCCC2CCCCC12)CC1CCC2CCCCC2C1
C1CCC(CC2CCC3CC4C(CCC5C6CCC(CCCC7CCC8CCCCC8C7)C6CCC45)CC23)CC1
C1CCC(C2CCC3CC4(CCCCCC4C4CCCCC4)CCC32)CC1
C1CCC(C2CCC3CC4C(CCC45CCCC5)CC32)CC1
C1CCC2CCC(C3CCCC4CCCC43)CC2CC1
C(CCC1(C2CCCC2)CCCC2CCCCC21)CC1CCC2CCCCC2C1
C1CCC(CCC2(CCCC3CC4CCCCC4C3)CCCC3C4CCC5CCCCC5C4CCC32)C1
C1CCC(C2CC3CCCC3C3CCC4CCCCC4C23)CC1
C1CCC(C2CCC3CCCC3C3CCC4CCCCC4C23)CC1
C1CCC(C2CC3CCCC3C3CCCC4CCCCC4C23)CC1
C1CCC(CCCCC2CC3CCCCC3C2)CC1
C1CCC2C(C1)CCC1C3CCCC3CCCC21
C1CCC(CCCCCC2CC3CCCCC3C2)CC1
C1CCC(CC2CCC3C(CCC3C3CCCCC3)C2)CC1
C1CCC2CCC(C3CCCC4CCCC43)CC2CC1
C1CCC2C(C1)CCC1C3CCCC3CCC21
C1CCC2CC(C3CCCC4CCCC43)CCC2C1
C1CCC(C2CCC3C(CCCCCC4CCC(C5CCCC5)C4)CCCC23)CC1
C1CCC(CC2CC3CCCCC3CC3CCC4CCCCC4C32)C1
C1CCC(CC2CC3CCCCC3C3CCC4CCCCCC4C23)CC1
C1CCC(C2CC3CCCC3C3CCC4CCCCC4C23)CC1
C1CCC(CC2CC3CCCCC3C2C2CCCCC2)CC1
C1CCC2CC(C3CCCC4CCCC43)CCC2C1
C1CCC(CCCCC2CCC3CCCCC23)CC1
C1CCC2C(C1)CCC1C2CCC2C3CCCC3CC21
C1CCC2C(C1)CCC1C3CCCC3CCC21
C1CCC(C2CCC3CCCC3C3CCC4CCCCC4C23)CC1
C(CCCC1CCCCC1)CCCC1CCC(C2CCCCC2)C1
C1CCC(C2CCC3CC4C(CCC5C6CCC(CCCC7CC8CCCCC8C7)C6CCCC45)CC32)CC1
C1CCC(C2CC3CCCCC3C3CCCCC23)CC1
C1CCC(CCCCCC2CC3CCCCC3C2)CC1
C1CCC2C(C1)CC(C1CCCC1)C1CCCC21
C1CCC2C(C1)CCC1C3CCCC3CCC21
C1CCC(CCCCC2CC3CCCCC3C2)CC1
C1CCC(C2CC3CCCC3C3CCC4CCCCCC4C23)CC1
C1CCC(CCCCCC2CCCC3C(C4CCCCC4)CCC23)CC1
C1CCC2C(C1)CCC1C2CCC2C3CCCC3CC21
C1CCC(CCC(CCC2CCC3CCCCC3C2)CC2CCCCC2)CC1
C1CCC(CCCCCC2CCCC3C(C4CCCCC4)CCC23)CC1
C1CCC(CCCC2(CCC3CCCC3)CCC3C4CCC5CCCCC5C4CCCC32)CC1
C1CCC2CCC3C4CCCC4CCC3C2CC1
C1CCC(CCCC2CCCC(C3CCC4CC(CCC5CCC6CCCCC6C5)CCC43)C2)CC1
C1CCC(CCC2CCC(C3CC3)CC2)CC1
C1CCC(C2CC3CCCC3C3CCCC4CCCCC4C23)CC1
C1CCC2CCC3C4CCCC4CCC3C2CC1
C1CCC(CC2CCC3C(CCC3C3CCCCC3)C2)CC1
C1CCC(CCC2CCC(CCC3CCCC(CC4CCCC4)C3)CC2)CC1
C1CCC(CCCC2CCC3C(CCC4C5CCCC5CCC34)C2)CC1
C1CCC2C(C1)CCC1CCCCC12
C1CCC(CCCCC2CCC3CCCCC23)CC1
C1CCC(CCCCC2CCC3CCCCC23)CC1
C1CCC2CC(C3CCCC4CCCC43)CCC2C1
C1CCC(C2CC3CCCCC3C3CCC4CCCCC4C23)CC1
C1CCC(CCC2CCC3C(CC4CCCCC4)CCC3C2)CC1
C1CCC2CCC3C4CCCCC4CCC3C2CC1
C1CCC2C(C1)CCC1CCCCC12
C1CCC(C2CCC(CCCCCC3(C4CCCCC4)CCC3)C2)CC1
C1CCC(CCCCC2CC3CCCCC3C2)CC1
C1CCC(CCCCCC2CC3CCCCC3C2)CC1
C1CCC(CCC2CCCC3CC4C(CC5CCCCC5)CCC4CC23)CC1
C1CCC2C(C1)CCC1C3CCCC3CCC21
C1CCC(CCC(CCC2CCC3CCCC3C2)CC2CCCCC2)CC1
C1CCC(CC2CCC(CC(CC3CCCCC3)C3CCCCC3)CC2)CC1
C(CCCC1CCCC2CCCC12)CCC1CCCCC1
C1CCC(CCCCC2CCCC3CCC(C4CCCCC4)CC3C2)CC1
C1CCC2CCC3C4CCCC4CCC3C2CC1
C1CCC(CCCCCC2CC3CCCCC3C2)CC1
C1CCC(CCCC2(CCC3CCCC3)CCC3C4CCC5CCCCCC5C4CCC32)CC1
C1CCC(CCC2CCC3C(CCC3C3CCCC(CCC4CCCC4)C3)C2)CC1
C1CCC(C2CC3CCCC3C3CCC4CCCCC4C23)CC1
C1CCC(CCC2CCC(C3CCC4C(CCC4C4CCCCC4)C3)CC2)CC1
C1CCC(CCCCCC2CC3CCCCC3C2)CC1
C1CCC(CCCCCC2CCC3C(CCC3C3CCCCC3)C2)CC1
C1CCC(C2CCC3(CCCC4CC5C(CCC5C5CCCCC5)CC43)C2)CC1
C(CCC1CCCC2CCCCC12)CC1CC2CCCCC2C1
C1CCC(CCC2CCC(C3CCC4C(CCC4C4CCCCC4)C3)CC2)CC1
C1CCC(CCCC2CCC3CCC(C4CCCC5CCCC54)CC3C2)CC1
C1CCC(C2CC3CCCC3C3CCC4CCCCCC4C23)CC1
C1CCC(CCCCC2CCC3CCCCC23)CC1
C1CCC(CC2CC3CCCCC3C3CCC4CCCCCC4C23)CC1
C1CCC(C2CCC3CC4C(CCCC5C6CCCC6CCC45)CC32)CC1
C1CCC(C2CC3CCCC3C3CCC4CCCCCC4C23)CC1
C1CCC(CCCC2CCC3C(CCC4C5CCCC5CC(CCC5CCCCC5)C34)C2)CC1
C1CCC2C(C1)CCCC1C3CCCC3CCC21
C1CCC(CCCC2(CCC3CCCC3)CCC3C4CCC5CCCCCC5C4CCC32)CC1
C1CCC(CCCCC2CC3CCCCC3C2)CC1
C1CCC2C(C1)CCCC1CCCCC12
C1CCC2CC(C3CCCC4CCCC43)CCC2C1
C1CCC2CC(C3CCCC4CCCC43)CCC2C1
C1CCC2CCC3C4CCCCC4CCC3C2CC1
C1CCC(C2CCC3CCCC3C3CCC4CCCCC4C23)CC1
C1CCC(CCC2CC3CCCC3C3CCC4CCCCC4C23)CC1
C1CCC2CC(C3CCCC4CCCC43)CCC2C1
C1CCC2CC(CCCC3CCC4C3CCCC3C5CCCCC5CCC34)CC2C1
C1CCC(CCCCCC2CC3CCCCC3C2)CC1
C1CCC(CC2CCC(CC(CC3CCCCC3)C3CCCCC3)CC2)CC1
C1CCC2CCC3C4CCC(CCCC5CCC6CCCCC6C5)C4CCC3C2CC1
C1CCC(CCCCC2CCC3CCC(C4CCCC5CCCC54)CC3C2)CC1
C1CCC(C2CC3CCCCC3C3CCCCC23)CC1
C1CCC2CCCCC2C(CCCCC2CCCC3CCCCC23)C1
C1CCC(C2CC3CCCC3C3CCC4CCCCC4C23)CC1
C1CCC(CCCCC2CC3CCCCC3C2)CC1
C1CCC(CCCCCC2CCC3CCCCC23)CC1
C1CCC(CCC2CCC(C3CCC4C(CCC4C4CCCCC4)C3)CC2)CC1
C1CCC(CCCCC2CCC3CCCCC23)CC1
C(CCC1CCC2C1CCC1C3CCCCC3CCC21)CC1CC2CCCCC2C1
C1CCC(CCCCC2CC3CCCCC3C2)CC1
C(CCCC1CCCC2C(C3CCCCC3)CCC12)CCC1CCCCC1
C1CCC(C2CC3CCCC3C3CCCC4CCCCC4C23)CC1
C1CCC(CC2CCC3C(CCC3C3CCCCC3)C2)CC1
C1CCC(CC2CCC3CCCCC3C2)C1
C1CCC(CCCCC2CC3CCCCC3C2)CC1
C1CCC(CCCCC2CC3CCCCC3C2)CC1
C1CCC(CCCCCC2CCCC3C(C4CCCCC4)CCC23)CC1
C1CCC(C2CC3CCCC3C3CCC4CCCCC4C23)CC1
C(CCC1CCCC2CCCCC12)CCC1CCCC2CCCCC12
C1CCC(C2CCC3CC4C(CCC45CCCC5)CC32)CC1
C(CCC1CCCC2CCCCC12)CC1CCCC2CCCCC12
C1CCC(CCC2CCC3C(CCC3C3CCCCC3)C2)CC1
C(CCCC1CCCC2CCCC12)CCC1CCC2CCCCC2C1
C1CCC(CCC2CCC3C(CCC3C3CCCCC3)C2)CC1
C1CCC(C2CC3CCCC3C3CCC4CCCCCC4C23)CC1
C1CCC(CCCCC2CCC3CCCCC23)CC1
C1CCC2CCC3C4CCCC4CCC3C2CC1
C1CCC2CCC(C3CCCC4CCCC43)CC2CC1
C1CCC(C2CCC3(CCC4CC5C(CCC5C5CCCCC5)CC43)C2)CC1
C1CCC2C(C1)CCC1C3CCCC3CCC21
C(CCCC1CCCC2C(C3CCCCC3)CCC12)CCC1CCCCC1
C1CCC(CCCCC2CCC3CCCCC23)CC1
C1CCC(CCCC2CCCC3CCC(C4CCCC5CCCC54)CC3C2)CC1
C1CCC(C2CC3CCCC3C3CCC4CCCCC4C3C2)CC1
C1CCC(CC2CCC(C3CC4CCCC4C4CCC5CCCCC5C34)CC2)C1
C1CCC(C2CCC3C(CCC4CCCCC43)C2)CC1
C1CCC(C2CC3CCCC3C3CCC4CCCCC4C23)CC1
C1CCC2C(C1)CCC1CCCCC12
C1CCC(CCC2CCC(CCC3CCCC(CC4CCCC4)C3)CC2)CC1
C1CCC2CCC3C4CCCC4CCC3C2CC1
C1CCC(CCC2CCC3C(CCC3C3CCCCC3)C2)CC1
C1CCC(CC2CCC3C(CCC3C3CCCCC3)C2)CC1
C1CCC(CCC2CCC3C(CCC3C3CCCCC3)C2)CC1
C1CCC(CC2CCC3C(CCC4CCCCC43)C2)CC1
C(CCC1CCCC2CCCC12)CC1CC2CCCCC2C1
C1CCC2C(C1)CCCC1C3CCCC3CCC21
C1CC2CCC3C(CCC4CCC5CC5C43)CC2C1
C1CCC(C2CC3CCCC3C3CCCC4CCCCC4C23)CC1
C1CCC2C(C1)CCC1CCCCC12
C1CCC(CCCCCC2CCCCC2)CC1
C1CCC(C2CC3C(CCC4CC4)CCC3C3CCCC4CCCCC4C23)CC1
C1CCC(CCC2(CCCCC3CC4CCCCC4C3)CCC3C4CCC5CCCCC5C4CCC32)C1
C1CCC(CCCCC2CCC3CCC(C4CCCC5CCCC54)CC3C2)CC1
C1CCC(C2CCC3CC4C(CCCC5C6CCC(CCCC7CCC8CCCCC8C7)C6CCC45)CC32)CC1
C1CCC2C(C1)CCC1C2CCC2C3CCCC3CC21
C1CCC(C2CCC3CCC4C(CCCC45CCCC5)CC32)CC1
C1CCC(CCCCC2CC3CCCCC3C2)CC1
C1CCC(CCCCCC2CCCC3C(C4CCCCC4)CCC23)CC1
C1CCC(CCCCC2CCC3CCCCC3C2)CC1
C1CCC2CC(CCCC3CCC4C3CCC3C5CCCCC5CCC43)CC2C1
C1CCC(C2CC3CCCCC3C3CCC4CCCCC4C23)CC1
C1CCC(CCCC2CCC(CCC3CCCC(CC4CCCC4)C3)CC2)CC1
C1CCC(CCC2CCCC3CC4C(CCC4C4CCCCC4)CC23)CC1
C1CCC(C2CCC3CC4C(CCC5C6CCC(CCCC7CC8CCCCC8C7)C6CCC45)CC32)CC1
C1CCC(CCCC2(CCC3CCCC3)CCC3C4CCC5CCCCC5C4CCC32)CC1
C1CCC(C2CC3CCCC3C3CCC4CCCCC4C23)CC1
C1CCC(C2CC3CCCCC3C3CCCCC3C2)CC1
C1CCC(C2CCC3CC4CCCCC4CC32)CC1
C1CCC(CC2CC3CCCCC3C3CCC4CCCCC4C3C2)CC1
C1CCC(C2CC3C(CCC34CCCC4)C3CCC4CCCCC4C23)CC1
C1CCC(CCC2CCC3C(CCC3C3CCCCC3)C2)CC1
C1CCC(C2CCC3CC4C(CCC32)CCC2C3CCC(CCCC5CC6CCCCC6C5)C3CCC42)CC1
C1CCC(CC2CC3CCCCC3C3CCC4CCCCCC4C23)CC1
C(CCCCC1CCC(C2CCCCC2)C1)CCCC1CCCCC1
C1CCC(C2CCC3(CCC4CC5C(CCC5C5CCCCC5)CC43)C2)CC1
C1CCC(CC2CC3CCCCC3C3CCC4CCCCC4C23)CC1
C1CCC2CC(CC3CCCC4CCCC43)CCC2C1
C1CCC2CC(C3CCCC4CCCC43)CCC2C1
C1CCC(C2CC3CCCC3C3CCCC4CCCCC4C23)CC1
C(CCCCC1CCC(C2CCCCC2)C1)CCCC1CCCCC1
C(CCCC1CCCCC1)CCCC1CCC(C2CCCCC2)C1
C(CCCC1CCCC2C(C3CCCCC3)CCC12)CCC1CCCCC1
C1CCC(CCCCCC2CCCC3C(CC4CCCCC4)CCC23)CC1
C1CCC(CCC2CCC(CCC3CCCC(CC4CCCC4)C3)CC2)CC1
C1CCC2C(C1)CC(C1CCCC3CCCC31)C1CCCC21
C1CCC2C(C1)CCC1C3CCCC3CCC21
C1CCC(CCCC(CC2CCC3C(CCC3C3CCCCC3)C2)C2CCCCC2)CC1
C1CCC(CCCC2CCCC(C3CCC4CC(CCC5CCC6CCCCCC6C5)CCC43)C2)CC1
C1CCC(C2CCC3CC4C(CCC45CCCCC5)CC32)CC1
C1CCC2C(C1)CCCC1C3CCCC3CCC21
C1CCC(CC2CCCCC2CC2CC3CCCCC3C3CCC4CCCCCC4C23)CC1
C1CCC(CCC2CCC3C(CCC4CCCCCC43)C2)CC1
C1CCC(CCCC2CCC3CCC(C4CCCC5CCCC54)CC3C2)CC1
C1CCC2CC(C3CCCC4CCCC43)CCC2C1
C1CCC2CCC(C3CCCC4CCCC43)CC2CC1
C1CCC(CCCCCC2CCC3CCCCC23)CC1
C1CCC2CCC3C4CCCC4CCC3C2CC1
C1CCC(CC2CCC3CC4C(CCC45CCCCC5)CC23)CC1
C1CCC2C(C1)CCC1C3CCCCC3CCC21
C1CCC(C2CCC3CC4(CCCCCC4C4CCCCC4)CCC32)CC1
C1CCC(CC2CCC(CCCC3CCC4C3CCC3C5CCCCC5CCC43)C2)CC1
C1CCC(C2CCC3CCCC3C3CCC4CCCCC4C23)CC1
C1CCC(CCCCCC2CCCC3C(C4CCCCC4)CCC23)CC1
C1CCC2CC(C3CCCC4CCCC43)CCC2C1
C1CCC2CC(CCCC3CCC4C3CCCC3C5CCCCC5CCC34)CC2C1
C1CCC2CCC3C4CCC(CCCC5CCCC5)C4CCC3C2CC1
C(CCC1(C2CCCC2)CCCC2CCCCC21)CC1CCC2CCCCC2C1
C1CCC(C2CC3CCCC3C3CCC4CCCCC4C23)CC1
C1CCC2C(C1)CCC1C3CCCC3CCCC21
C1CCC(CCC2(CCCC3CC4CCCCC4C3)CCC3C4CCC5CCCCC5C4CCC32)C1
C1CCC(CCC(CC2CCC3C(CCC3C3CCCCC3)C2)C2CCCCC2)CC1
C1CCC(CCC2CCC3C(CCC3C3CCCCC3)C2)CC1
C(CCC1CCCC2CCCCC12)CC1CCC2CCCCC2C1
C1CCC(CCCCCC2CCCCC2)CC1
C1CCC2CCCC(CC3CC4CCCCC4C4CCC5CCCCC5C34)C2CC1
C1CCC(CCCCCC2CCCC3C(C4CCCCC4)CCC23)CC1
C1CCC(CCCCCC2CC3CCCCC3C2)CC1
C1CCC2CCC(C3CCCC4CCCC43)CC2CC1
C1CCC2CC(CC3CCCC4CCCC43)CCC2C1
C1CCC(CCC2CCC(CCCC3CCCC(CC4CCCC4)C3)CC2)CC1
C1CCC(CCCCC2CCCCC3CCC(C4CCCCC4)CC23)CC1
C1CCC(CC2CCC3C(CCC3C3CCCCC3)C2)CC1
C(CCCC1CCCC2CCCC12)CCC1CCCCC1
C1CCC2C(C1)CCC(C1CCCC1)C1CCCCC21
C1CCC2CCC(C3CCCC4CCCC43)CC2CC1
C1CCC(CC2CC3CCCCC3C3CCC4CCCCC4C23)C1
C1CCC(CCC2CCC(CCC3CCCCC(CC4CCCC4)C3)CC2)CC1
C1CCC(C2CC3CCCC3C3CCC4CCCCCC4C23)CC1
C1CCC(C2CCC(C3CC4CCCC4C4CCC5CCCCC5C34)CC2)C1
C1CCC2C(C1)CCC1CC3CC4CCCC4C3CCC12
C1CCC2CCC3C4CCCCC4CC(CC4CCCC4)C3C2CC1
C1CCC(CCC(CCC2CCC3CCCC3C2)CC2CCCCC2)CC1
C1CCC(CCCCCC2CC3CCCCC3C2)CC1
C(CCCC1CCCC2C(C3CCCCC3)CCC12)CCC1CCCCC1
C1CCC(CCCCC2CCC3CCCCC23)CC1
C1CCC2CCC3C4CCCCC4CC(CC4CCCC4)C3C2CC1
C1CCC(C2CCC3CC4C(CCC5C6CCC(CCCC7CCC8CCCCC8C7)C6CCC45)CC32)CC1
C1CCC(C2CC3CCCC3C3CCC4CCCCC4CC23)CC1
C1CCC(CCC2(CCCC3CC4CCCCC4C3)CCC3C4CCCC5CCCCC5C4CCC32)C1
C1CCC2C(C1)CCCC2CCCC1CCCC2CCCCC21
C1CCC(CCCCCC2CCC3CCCCC23)CC1
C1CCC(CCCCC2CC3CCCCC3C2)CC1
C1CCC(CC2CCC3C(CCC3C3CCCCC3)C2)CC1
C1CCC2CC(CC3CCCC4CCCC43)CCC2C1
C1CCC(CCC2CCC(C3CCC4C(CCC4C4CCCCC4)C3)CC2)CC1
C1CCC(CC2CC3CCCCC3C3CCC4CCCCC4C23)CC1
C(CCC1CCCC2CCCC12)CC1CC2CCCCC2C1
C(CCCC1CCCC2C(C3CCCCC3)CCC12)CCC1CCCCC1
C1CCC2C(C1)CCC1C3CCCCC3CCC21
C1CCC(CC2CCC(CCC(CC3CCCCC3)C3CCCCC3)CC2)CC1
C1CCC(CCC2CCC3C(CCC4C5CCCCC5CCC34)C2)CC1
C1CCC(CC2CC3CCCCC3C3CCC4CCCCC4C23)CC1
C1CCC2CC(CC3CCCC4CCCC43)CCC2C1
C1CCC(C2CC3CCCCC3C3CCCCC23)CC1
C1CCC2CCC(C3CCCC4CCCC43)CC2CC1
C1CCC(C2CCC3CC4C(CCCC45CCCCC5)CC32)CC1
C1CCC(CCCCC2CC3CCCCC3C2)CC1
C1CCC(CCCCCC2CC3CCCCC3C2)CC1
C1CCC2C(C1)CCC1C3CCCC3CCC21
C1CCC2C(C1)CCCC1CCCCC12
C1CCC(C2CCCC3C(CCC4CCCCC43)C2)CC1
C1CCC2C(C1)CCC1C3CCCC3CCC21
C1CCC(CCCCC2CC3CCCCC3C2)CC1
C1CCC(C2CC3CCCC3C3CCC4CCCCC4C23)CC1
C(CCCCC1CCC(C2CCCCC2)C1)CCCC1CCCCC1
C1CCC(CCC2CCC3C(CCC3C3CCCCC3)C2)CC1
C1CCC(CC2CCC(CC(CC3CCCCC3)C3CCCCC3)CC2)CC1
C1CCC(CCCCC2CCC3CCCCC23)CC1
C1CCC(C2CC3CCCC3C3CCC4CCCCC4C23)CC1
C1CCC(CCCCC2CCC3CCCCC23)CC1
C1CCC(C2CCC3CC4C(CCCC4CC4CCC5CCCCC54)CCC32)CC1
C1CCC(CCC2CCC3C(CCC3C3CCCCC3)C2)CC1
C1CCC2CC(C3CCCC4CCCC43)CCC2C1
C1CCC(CCCCCC2CCC3CCCCC23)CC1
C1CCC2CC(CCCC3CCC4C3CCC3C5CCCCC5CCC43)CC2C1
C1CCC(CCC2CCC3C(CCC3C3CCCCC3)C2)CC1
C(CCC1CCC2CCCCC2C1)CCC1CCCC2CCCCC12
C1CCC(CCC2CCCCC3CC4C(CCC4C4CCCCC4)CC23)CC1
C1CCC(CC(CC2CCCCC2)C2CCCCC2)CC1
C1CCC2CC(CCCC3CCC4C3CCC3C5CCCCC5CCCC43)CC2C1
C1CCC(CCCC2CCC3CCC(C4CCCC5CCCC54)CC3C2)CC1
C1CCC(CCCCCC2CCCC3C(C4CCCCC4)CCC23)CC1
C1CCC2CC(C3CCCC3)C3CCCC3C2CC1
C(CCC1CCCCC2CCCCC12)CC1CCC2CCCCC2C1
C1CCC2CC(C3CCCC4CCCC43)C3CCCC3C2CC1
C1CCC(CCC(CC2CC3CCCCC3C2)C2CCCCC2)CC1
C1CCC(C2CC3CCCCC3C3CCCCC23)CC1
C1CCC(C2CC3CCCC3C3CCC4CCCCCC4C23)CC1
C1CCC(C2CCC3CCCC3C3CCC4CCCCCC4C23)CC1
C1CCC(CCCCCC2CCCC3C(C4CCCCC4)CCC23)CC1
C1CCC2C(C1)CCCC1CCCCC12
C(CCCCC1CCC(C2CCCCC2)C1)CCCC1CCCCC1
C1CCC(CCCCCC2CC3CCCCC3C2)CC1
C1CCC(C2CC3CCCCC3C3CCC4CCCCC4C23)CC1
C1CCC2CCC3C4CCCCC4CC(CC4CCCC4)C3C2CC1
C1CCC(C2CC3CCCC3C3CCC4CCCCC4C23)CC1
C(CCC1CCCC2CCCCC12)CC1CCC2CCCCC2C1
C1CCC(C2CCC3CC4CCCCC4CC32)CC1
C1CCC(CCCCC2CCC(C3CCC4C(CCC4C4CCCCC4)C3)CC2)CC1
C1CC(C2CCC(C3CC4CCCCC4C4CCC5CCCCC5C34)CC2)C1
C1CCC(CCCCC2CCC3C2CCC2C4CC5CCC(C6CCCCC6)C5CC4CCC32)CC1
C1CCC(CCC2CCC3C(CCC3C3CCCCC3)C2)CC1
C1CCC2C(C1)CCCC1CCCCC12
C1CCC(CCCC2CCC3CCC(CC4CCCC5CCCC54)CC3C2)CC1
C1CCC(C2CC3CCCC3C3CCC4CCCCCC4C23)CC1
C1CC2CCC3C(CCC4CCC5CC5C43)C2C1
C1CCC(CCCCCC2CCCC3C(C4CCCCC4)CCC23)CC1
C1CCC(CCCCC2CC3CCCCC3C2)CC1
C1CCC(CCCC2CCC3C2CCC2C4CCCCC4CCCC32)C1
C1CCC(C2CCC3CCCC3C3CCC4CCCCCC4C23)CC1
C1CCC(CC2CCC3CCCCC3C3CCC4CCCCC4C23)CC1
C1CCC(CCC2CCC(CCC3CCCCC(CC4CCCC4)C3)CC2)CC1
C1CCC(CCC2CCCCC2)CC1
C1CCC2CCC(C3CCCC3)CC2CC1
C1CCC(CCC(CCC2CCC3CCCC3C2)CC2CCCCC2)CC1
C1CCC(CCC2CCC3C(CCC3C3CCCCC3)C2)CC1
C1CCC2C(C1)CCC1C2CCC2C3CCCC3CC21
C1CCC(C2CCC3CCCC3C3CCC4CCCCCC4C23)CC1
C1CCC2CC(CCCC3CCC4C5CCC6CCCCC6C(CCC34)C5)CCC2C1
C1CCC(C2CC3CCCCC3C3CCC4CCCCC4C23)CC1
C1CCC(CC2CC3CCCCC3C3CCC4CCCCC4C23)C1
C1CCC(C2CC3CCCC3C3CCC4CCCCCC4C23)CC1
C1CCC(CCCCC2CC3CCCCC3C2)CC1
C1CCC(CCC2CCC3C(CCC3C3CCCCC3)C2)CC1
C1CCC2CC(CC3CCCC4CCCC43)CCC2C1
C1CCC(CC2CC3CCCCC3C3CCC4CCCCCC4C23)CC1
C1CCC(C2CC3CCCC3C3CCC4CCCCCC4C23)CC1
C1CCC(CCCCC2CC3CCCCC3C2)CC1
C1CCC(C2CCC3CC4C(CCC32)CCC42CCCC2)CC1
C1CCC(CCCCCC2CC3CCCCC3C2)CC1
C(CCCC1CCCC2C(C3CCCCC3)CCC12)CCC1CCCCC1
C1CCC(CC23CCCCC2CCC2C4CCCC4CCC23)CC1
C1CCC(C2CC3CCCCC3C3CCC4CCCCC4C23)CC1
C1CCC(CC2CC3CCCCC3C2C2CCCCC2)CC1
C1CCC(C2CC3CCCCC3C3CCC4CCCCC4C23)CC1
C1CCC(C2CC3CCCC3C3CCCC4CCCCC4C23)CC1
C1CC2CCC3C(CCC4CCCCC43)CC2C1
C1CCC(C2CCC3(CCC4CC5C(CCC5C5CCCCC5)CC43)C2)CC1
C1CCC2CCC3C4CCC(CCCC5CCC6CCCCC6C5)C4CCC3C2CC1
C1CCC2C(C1)CCCC1C3CCCC3CCC21
C1CCC(C2CCC3CCC4C(CCCC45CCCC5)CC32)CC1
C1CCC(CCC2CCC(CCC3CCCC(CC4CCCC4)C3)CC2)CC1
C1CCC(CCCCC2CC3CCCCC3C2)CC1
C1CCC(CCCCCC2CCCC3C(C4CCCCC4)CCC23)CC1
C1CCC(C2CCC3CC4C(CCC5C6CCCC(CCCC7CC8CCCCC8C7)C6CCC45)CC32)CC1
C1CCC(CC2CC3CCCCC3C3CCC4CCCCC4C23)C1
C1CCC2CCC(C3CCCC4CCCC43)CC2CC1
C1CCC(CCCCCC2CC3CCCCC3C2)CC1
C1CCC2CCC(C3CCCC4CCCC43)CC2CC1
C1CCC(C2CC3CCCC3C3CCC4CCCCCC4C23)CC1
C1CCC(C2CCC3(CCC4CCC5C(CCC5C5CCCCC5)CC43)C2)CC1
C(CCC1CCC2CCCCC2C1)CCC1(C2CCCC2)CCCC2CCCCC21
C1CCC(CCC2CCCCC2)CC1
C(CCCC1CCCCC1)CCCC1CCC(C2CCCCC2)C1
C1CCC(CCCCCC2CC3CCCCC3C2)CC1
C1CCC(CCCCC2CC3CCCCC3C2C2CCCCC2)CC1
C1CCC(C2CCC3CC4C(CCC45CCCCC5)CC32)CC1
C1CCC(CCC2CCC3C(CCC3C3CCCCC3)C2)CC1
C(CCC1CCCC2CCCCC12)CC1CCC2CCCCC2C1
C1CCC2CC(CCCC3CCC4C3CCC3C5CCCCC5CCC43)CC2C1
C(CCC1(C2CCCC2)CCCC2CCCCC21)CC1CCC2CCCCC2C1
C1CCC(CCCCCC2CCCC3CCCC23)CC1
C1CCC2CC(C3CCCC3)C3CCCC3C2CC1
C1CCC2CC(CCCC3CCC4C3CCCC3C5CCCCC5CCC34)CCC2C1
C(CCCCCCC1CCC(CCC2CCC(CCC3CCCC3)C2)C1)CCCCCCC1CCC2C1CCC1C3CCCCC3CCC21
C(CCC1CCC(C2CC3CCCC3C3CCC4CCCCC4C23)CC1)CCC1CCC2C(CCC3C4CCCC4CCC23)C1
C1CCC(CCC2CCC3C(CCC3C3CCCCC3)C2)CC1
C1CCC2CC(C3CCCC4CCCC43)CCC2C1
C1CCC(CCC2CCC3C(CCC3C3CCCCC3)C2)CC1
C1CCC(C2CCC3CC4C(CCC5C6CCCC6CCC45)CC32)CC1
C1CCC(CC(CC2CCCCC2)C2CCCCC2)CC1
C1CCC2CCC(C3CCCC4CCCC43)CC2CC1
C(CCCC1CCC2CCCC2C1)CCC1CCCCC1
C1CCC(CCC(CCC2CCCCC2)CCC2CCC3CCCC3C2)CC1
C1CCC(CCC2CCCCC3CC4C(CCC4C4CCCCC4)CC23)CC1
C1CCC(CCCC2CCC3CCC(C4CCCC5CCCC54)CC3C2)CC1
C1CCC(C2CCC3CC4C(CCCC45CCCC5)CC32)CC1
C1CCC(C2CCC3C(CCCCCC4CCC(C5CCCC5)C4)CCCC23)CC1
C1CCC(CC2CCC3CCCCC3C3CCC4CCCCC4C23)C1
C1CCC(CCC2CCC3C(CCC3C3CCCCC3)C2)CC1
C1CCC(CCC(CCC2CCC3CCCC3C2)CC2CCCCC2)CC1
C1CCC2CCC3C4CCCCC4CC(CC4CCCC4)C3C2CC1
C1CCC(C2CCC3CC4C(CCCCC45CCCC5)CC32)CC1
C1CCC(CCC2CCC(CCC3CCCC(CC4CCCC4)C3)CC2)CC1
C1CCC(C2CC3CCCC3C3CCC4CCCCC4C23)CC1
C(CCCC1CCCCC1)CCCC1CCC(C2CCCCC2)C1
C1CCC(CCCCC2CCC3CCCCC23)CC1
C1CCC2CCC(C3CCCC4CCCC43)CC2CC1
C1CCC(CCC2CCC3C(CCC3C3CCCCC3)C2)CC1
C1CCC(CCC2CCC3C(CCC3C3CCCCC3)C2)CC1
C1CCC(C2CCC3C(CCCC4CCCCC43)C2)C1
C1CCC(C2CC3CCCC3C3CCC4CCCCCC4C23)CC1
C1CCC(CCCC(CCC2CCC3CCCC3C2)CC2CCCCC2)CC1
C1CCC(CC2CC3CCCCC3CC3CCC4CCCCC4C32)CC1
C1CCC(CC2CC3CCCCC3C3CCC4CCCCC4C23)CC1
C1CCC(CCC2CCC3C2CCC(C2CCCCC2)C2C4CCCCC4CCCC32)CC1
C1CCC(CCC2CCC3C(CCC3C3CCCCC3)C2)CC1
C1CCC(CCCC(CCC2CCC3CCCC3C2)CC2CCCCC2)CC1
C1CCC(C2CC3CCCC3C3CCC4CCCCC4C23)CC1
C1CCC(C2CC3CCCC3C3CCC4CCCCC4CC23)CC1
C1CCC(CCCC2CCC3C(CCC3C3CCCCC3)C2)CC1
C1CCC(CCC2CCC3C(CCC3C3CCCCC3)C2)CC1
C(CCCC1CCCCC1)CCCC1CCC(C2CCCCC2)C1
C(CCC1CCCC2CCCC12)CC1CC2CCCCC2C1
C1CCC(C2CCC3CC4C(CCC45CCCC5)CC32)CC1
C1CCC2CC(C3CCCC3)C3CCCC3C2CC1
C(CCC1CCCC2CCCCC12)CC1CCCC2CCCCC12
C1CCC(CC2CCC3(CCC4CC5C(CCC5C5CCCCC5)CC43)C2)CC1
C1CCC(CCCCC2CCC3CCCCC23)CC1
C1CCC2CC(CCCC3CCC4C3CCC3C5CCCCC5CCC43)CC2C1
C1CCC(CCC2CCC3C(CC4CCCCC4)CCC3C2)CC1
C1CCC(C2CC3CCCCC3CC3CCCCC32)CC1
C1CCC(CC2CC3CCCCC3C3CCC4CCCCC4C23)C1
C1CCC(C2CCC3CCC4(CCCCCC4)C3C2)CC1
C1CCC2C(C1)CCC1CCCCC12
C1CCC(CCCCCC2CCCC3C(CC4CCC(CC5CC5)CC4)CCC23)CC1
C1CCC(CCCCCC2CC3CCCCC3C2)CC1
C1CCC2C(C1)CCC1C3CCCC3CCCC21
C1CCC(CCC2CCC3C(CCC3C3CCCC(CC4CCCC4)C3)C2)CC1
C1CCC2C(C1)CCC1CCCCC12
C1CCC2CCC3C4CCC(CCCC5CC6CCCCC6C5)C4CCC3C2CC1
C1CCC(C2CCCCC2CC2CC3CCCCC3C3CCC4CCCCCC4C23)CC1
C1CCC(CCC2CCC3C(CCCC4CCCCC43)C2)CC1
C1CCC(C2CC3CCCCC3C3CCCCC3C2)CC1
C1CCC2C(C1)CCC1C3CCCC3CCC21
C1CCC(CCCCCC2CCCC3C(C4CCCCC4)CCC23)CC1
C1CCC(CC2CCC3CC(C4CCCCC4)CCC23)CC1
C1CCC2CCC3C4CCCCC4CC(CC4CCCC4)C3C2CC1
C(CCCC1CCC2C(CCC2C2CCCCC2)C1)CCC1CCCCC1
C1CCC(CCCC2CCC3CCC(C4CCCC5CCCC54)CC3C2)CC1
C1CCC(C2CCC(CCCCCC3(C4CCCCC4)CCC3)C2)CC1
C1CCC(C2CCC(C3CC4CCCC4C4CCC5CCCCC5C4C3)CC2)C1
C1CCC2C(C1)CCC1C3CCCCC3CCC21
C1CCC2C(C1)CCC1C3CCCCC3CCC21
C1CCC2C(C1)CCC1C2CCC2C3CCCC3CC21
C1CCC(CCCCC2CC3CCCCC3C2)CC1
C1CCC(CCCCC2CCC3CCCCC23)CC1
C(CCC1CCC2C1CCC1C3CCCCC3CCC21)CC1CCCC2CCCCC12
C1CCC(CCCC2CCCC3CCCCC32)C2CCCCC2C1
C1CCC(CCCCCC2CCCC3CCC(C4CCCCC4)CC23)CC1
C1CCC2CC(C3CCCC4CCCC43)CCC2C1
C1CCC(CCCC2CCCC3CCC(C4CCCC5CCCC54)CC3C2)CC1
C1CCC(C2CC3CCCC3CC3CCC4CCCCC4C32)CC1
C1CCC2CCC3C4CCCC4CCC3C2CC1
C1CCC(CCCCC2CC3CCCCC3C2)CC1
C(CCCC1CCCC2C(C3CCCCC3)CCC12)CCC1CCCCC1
C1CCC(CC2CC3CCCCC3C2C2CCCCC2)CC1
C1CCC(C2CCC3CCCC3C3CCC4CCCCCC4C23)CC1
C1CCC(CCCCCC2CCCC3C(C4CCCCC4)CCC23)CC1
C1CCC(C2CC3CCCC3C3CCC4CCCCCC4C23)CC1
C1CCC2CCC(C3CCCC4CCCC43)CC2CC1
C1CCC2CCC3C(CCC4C5CCCC5CC43)C2CC1
C1CCC(CCCCCC2CC3CCCCC3C2)CC1
C1CCC(CCCCCC2CC3CCCCC3C2)CC1
C1CCC(C2CCC3CC4CCCCC4CC32)CC1
C1CCC(C2CCC3CCCC3C3CCC4CCCCC4C23)CC1
C1CCC(CC2CC3CCCCC3C3CCC4CCCCC4C23)CC1
C1CCC(C2CC3CCCCC3C3CCCCC3C2)CC1
C1CCC(C2CCC3CC4C(CCC5C6CCC(CCCC7CCC8CCCCC8C7)C6CCCC45)CC32)CC1
C1CCC(C2CCC3CCC4C(CCCC45CCCC5)CC32)CC1
C1CCC(CCC(CC2CC3CCCCC3C2)C2CCC2)CC1
C1CCC(CCCCC2CC3CCCCC3C2)CC1
C1CCC(CC2CC3CCCCC3C3CCC4CCCCC4C23)CC1
C1CCC(CCCC2CCC3C(CCC4CC(C5CCCCC5)CCC43)C2)CC1
C1CCC(C2CC3C(CCC34CCCCC4)C3CCC4CCCCC4C23)CC1
C1CCC2C(C1)CCCC1C3CCCC3CCC21
C1CCC(CCCCCC2CCC3CCCCC23)CC1
C1CCC(CCCC2CCCC(C3CCC4CC(CCC5CCC6CCCCC6C5)CCC43)C2)CC1
C1CCC(CCCCCC2CC3CCCCC3C2)CC1
C(CCCC1CCCC2C(C3CCCCC3)CCC12)CCC1CCC(C2CCCC2)C1
C1CCC2CC(C3CCCC4CCCC43)C3CCCC3C2CC1
C1CCC(CC2CCC3CC(C4CCC(CCC5CCCC5)CC4)CCC23)CC1
C1CCC2C(C1)CCC1C3CCCCC3CCC21
C1CCC(C2CC3CCCCC3CC3CCCCC32)CC1
C1CCC(CCC2CCC3C(CCC3C3CCCCC3)C2)CC1
C1CCC2C(C1)CCC1C2CCCC2C3CCCC3CC21
C1CCC(CC2CC3CCCCC3CC3CCC4CCCCC4C32)CC1
C1CCC(C2CC3CCCC3C3CCC4CCCCC4C23)CC1
C(CCC1CCC2CCCCC2C1)CCC1CCCCC2CCCCC12
C1CCC(CC2CC3CCCCC3C3CCC4CCCCC4C23)CC1
C1CCC2CC(C3CCCC4CCCC43)CCC2C1
C(CCC1CCCC2CCCCC12)CC1CCC2CCCCC2C1
C1CCC2CC(CC3CCCC4CCCC43)CCC2C1
C(CCC1CCCC2CCCC12)CC1CC2CCCCC2C1
C(CCCC1CCCCC1)CCCC1CCC(CC2CCCCC2)C1
C1CCC(CCCC2CCC3CCC(C4CCCC5CCCC54)CC3C2)CC1
C1CCC2C(C1)CCC1C3CCCC3CCC21
C1CCC2CCC3C4CCCCC4CC(CC4CCCC4)C3C2CC1
C1CCC(CC2CC3CCCCC3C3CCC4CCCCCC4C23)CC1
C1CCC(CC2CC3CCCCC3C3CCC4CCCCC4C23)C1
C1CCC(C2CC3CCCC3C3CCC4CCCCC4C23)CC1
C1CCC2C(C1)CC(C1CCCC3CCCC31)C1CCCCC21
C1CCC2C(C1)CCCC1C3CCCC3CCC21
C1CCC(CC2CCC3CC(C4CCCCC4)CCC23)CC1
C1CCC2C(C1)CCC1C3CCCCC3CCC21
C1CCC2C(C1)CCC1C3CCCC3CCC21
C1CCC(C2CCC3CC4CCCCC4CC32)CC1
C1CCC(C2CCC3C(CCC3C3CCCCC3)C2)CC1
C1CCC(CCCCC2CC3CCCCC3C2)CC1
C1CCC(C2CC3CCCC3C3CCC4CCCCCC4C23)CC1
C1CCC(C2CCC3CCC4C(CCC45CCCC5)CC32)CC1
C1CCC(C2CCCC3C(CCC4CCCCC43)C2)C1
C1CCC(CCCC2CCCC3CCC(C4CCCC5CCCC54)CC3C2)CC1
C1CCC(CCCC2CCCC3CCC(C4CCCC5CCCC54)CC3C2)CC1
C(CCCC1CCCC2C(C3CCCCC3)CCC12)CCC1CCCCC1
C1CCC(CC2CC3CCCCC3C3CCC4CCCCCC4C23)CC1
C1CCC(CC2CC3CCCCC3C3CCC4CCCCC4C23)CC1
C1CCC(CCCC2CCC(C3CCCC4C(C5CCCCC5)CCC34)C2)CC1
C1CCC(CC2CC3CCCCC3C3CCC4CCCCC4C23)C1
C(CCC1CCC2C1CCC1C3CCCCC3CCC21)CC1CCCC2CCCCC12
C1CCC(C2CC3CCCC3C3CCC4CCCCC4C23)CC1
C1CCC(CC2CCC3(CCC4CC5C(CCC5C5CCCCC5)CC43)C2)CC1
C1CCC(C2CCCCC2CC2CC3CCCCC3C3CCC4CCCCCC4C23)CC1
C1CCC2CCC(C3CCCC4CCCC43)CC2CC1
C1CCC(C2CCC3CCCC3C3CCC4CCCCC4C23)CC1
C(CCC1CC2CCCCC2C1)CCC1CCCC2CCCC12
C1CCC(CCCC2CCC3C(CCC3C3CCCCC3)C2)CC1
C1CCC(CCCC23CCCC2CC2C4CCC5CCCCC5C4CCC23)C1
C1CCC(CCC(CC2CC3CCCCC3C2)C2CCC2)CC1
C1CCC2CCC(C3CCCC4CCCC43)CC2CC1
C1CCC(C2CC3CCCC3C3CCCC4CCCCC4C23)CC1
C1CCC(CCCC(CCC2CCC3CCCC3C2)CC2CCCCC2)CC1
C1CCC(C2CCC3CC4C(CCC45CCCCC5)CC32)CC1
C1CCC2CC(C3CCCC4CCCC43)CCC2C1
C1CCC(CCC(CCCC2CCC3CCCC3C2)CC2CCCCC2)CC1
C1CCC2C(C1)CCC(C1CCCC1)C1CCCCC21
C(CCC1CCCC2CCCCC12)CC1CCCC2CCCCC12
C1CCC(CCC2CCC3C2CCC2C4CCCCC4CCC32)C1
C1CCC2C(C1)CC(C1CCCC3CCCC31)C1CCCC21
C1CCC2C(C1)CCCC1C2CCC2C3CCCC3CC21
C1CCC(CCC2CCC3C(CCC4C5CCCCC5CC(CCC5CCCCC5)C34)C2)CC1
C1CCC2C(C1)CCC1C3CCCC3CCC21
C1CCC(C2CC3CCCCC3C3CCC4CCCCC4C23)CC1
C1CCC(C2CCC3CC4C(CCC5C6CCC(CCCC7CCCC8CCCCC87)C6CCC45)CC32)CC1
C1CCC(C2CCC(CC3CC4CCCCC4C4CCC5CCCCC5C34)CC2)CC1
C(CCC1CCC2CCCCC2C1)CCC1CCCC2CCCCC12
C1CCC(C2CCC(CCCCCC3CCCC4CCCCC34)C2)CC1
C(CCCC1CCCC2C(C3CCCCC3)CCC12)CCC1CCC(C2CCCC2)C1
C1CCC2C(C1)CCC1CCCCC12
C(CCC1CCC2C1CCC1C3CCCCC3CCC21)CC1CC2CCCCC2C1
C1CCC2C(C1)CC(C1CCCC1)C1CCCCC21
C1CCC2CCC(C3CCCC4CCCC43)CC2CC1
C1CC2CCC3C(CCC4CCC5CCC5C43)C2C1
C1CCC(CC2CC3CCCCC3C3CCC4CCCCCC4C23)CC1
C1CCC(C2CC3CCCC3C3CCC4CCCCCC4C23)CC1
C1CCC(C2CCC3CC4C(CCC45CCCCC5)CC32)CC1
C(CCCC1CCCCC1)CCCC1CCC(C2CCCCC2)C1
C1CCC(C2CCC3CC4C(CCC5C6CCC(CCCC7CCC8CCCCC8C7)C6CCCC45)CC32)CC1
C1CCC(CCC2CCCCC2)CC1
C(CCC1CCCCC2CCCCC12)CC1CCC2CCCCC2C1
C1CCC(C2CCC3CC4C(CCC5C6CCC(CCCCC7CC8CCCCC8C7)C6CCC45)CC32)CC1
C1CCC2CC(CCCC3CCC4C3CCC3C5CCCCC5CCC43)CC2C1
C1CCC2C(C1)CCC1CCCCC12
C1CCC2CC(CCCC3CCC4C3CCC3C5CCCCC5CCC43)CC2C1
C(CCC1CCCC2CCCC12)CC1CC2CCCCC2C1
C(CCCC1CCCCC1)CCCC1CCC(C2CCCCC2)C1
C1CCC(CC2CC3CCCCC3C3CCC4CCCCCC4C23)CC1
C1CCC2CC(C3CCCC4CCCC43)CCC2C1
C(CCC1CC2CCCCC2C1)CCC1CCCC2CCCC12
C(CCC1CCCCC2CCCCC12)CC1CCC2CCCCC2C1
C1CCC2CCC(C3CCCC3)CC2CC1
C1CCC(C2CCC3CC4C(CCCC45CCCC5)CC32)CC1
C1CCC(CCC2CCC3C(CCC4CCC(C5CCCCC5)CCC43)C2)CC1
C1CCC(C2CC3CCCC3C3CCC4CCCCC4C23)CC1
C1CCC(C2CCC3CCCC3C3CCC4CCCCC4C23)CC1
C1CCC(CCC2CCC3C(CCC3C3CCCCC3)C2)CC1
C1CCC(CCCCC2CCC3CCCCC23)CC1
C(CCCC1CCCCC1)CCCC1CCC(C2CCCCC2)C1
C1CCC2CC(C3CCCC4CCCC43)CCC2C1
C1CCC2CC(CCCC3CCC4C3CCC3C5CCCCC5CCC43)CC2C1
C1CCC2C(C1)CCC1C3CCCC3CCC21
C1CCC(CCCC2CCCC(C3CCC4CC(CCC5CCC6CCCCC6C5)CCC43)C2)CC1
C(CCC1CCCC2CCCCC12)CC1CCC2CCCCC2C1
C1CCC2CCC3C4CCCC4CCC3C2CC1
C1CCC(CCCC2CCC3C2CCC2C4CC5CCC(C6CCCCC6)C5CC4CCC32)CC1
C1CCC(CCC2CCC3C(CCC3C3CCCCC3)C2)CC1
C(CCCCC1CCC(C2CCCCC2)C1)CCCC1CCCCC1
C1CCC(CCCCC2CC3CCCCC3C2)CC1
C1CCC(CCC2CCC3C2CCC2C4CCCCC4CCC32)C1
C1CCC(CCCCCC2CC3CCCCC3C2)CC1
C(CCC1CCC2CCCCC2C1)CCC1CCCC2CCCCC12
C1CCC(CCC2CCC(CCC3CCCC(CC4CCCC4)CC3)CC2)CC1
C1CCC2CCC3C4CCCCC4CCC3C2CC1
C1CCC(CCCCCC2CCC3CCCCC23)CC1
C1CCC(C2CC3CCCC3C3CCC4CCCCC4C23)CC1
C1CCC2CC(CC3CCCC4CCCC43)CCC2C1
C1CCC(C2CCC3CC4C(CCCC5C6CCC(CCCC7CC8CCCCC8C7)C6CCC45)CC32)CC1
C1CCC(CCCC2CCC3CCC(C4CCCC5CCCC54)CC3C2)CC1
C1CCC(CCCCC2CC3CCCCC3C2)CC1
C1CCC(CCCCC2CCCC3CCCC23)CC1
C1CCC(CCC2CCC3C(CCC3C3CCCCC3)C2)CC1
C1CCC2CC3CCC4C5CCCC5CC4C3CCC2C1
C1CCC(CCCC2CCCC(C3CCC4CC(CCC5CCC6CCCCC6C5)CCC43)C2)CC1
C1CCC(CCC2CCC3C(CCC4C5CCCCC5CC(CCC5CCCCC5)C34)C2)CC1
C1CCC(C2CCC3CC4C(CCCC4CC4CCC5CCCCC54)CCC32)CC1
C1CCC2CC(CCCC3CCC4C3CCC3C5CCCCC5CCC43)CC2C1
C1CCC(CCCCCC2CC3CCCCC3C2)CC1
C(CCCC1CCCC2C(C3CCCCC3)CCC12)CCC1CCCCC1
C1CCC(C2CC3C(CCCC4CC4)CCC3C3CCC4CCCCC4C23)CC1
C(CCC1CCC2C1CCC1C3CCCCC3CCC21)CC1CC2CCCCC2C1
C1CCC(CCC2CCC(C3CC3)CC2)CC1
C1CCC2CC(CCCC3CCCC4CCCCC43)CC2C1
C1CCC(CCC2CCC3C(CCC3C3CCCCC3)C2)CC1
C1CCC(CCCCCC2CCC3CCC(C4CCCC5CCCC54)CC3C2)CC1
C1CCC2C(C1)CCC1CCCCC12
C1CCC(C2CC3CCCCC3C3CCCCC23)CC1
C(CCCCC1CCC2C(CCC3C4CCCCC4CCC23)C1)CCCC1CCCC(CC(CC2CCC(CC3CCCCC3)CC2)C2CCCCC2)C1
C(CCC1CCC2C(CCC3C4CCCC4CCC23)C1)CC1CCC(C2CC3CCCC3C3CCC4CCCCC4C23)CC1
C1CCC(C2CCC3C(CCCC4CCCCC43)C2)CC1
C1CCC(CC2CCC(CCCC3CCC4C3CCC3C5CCCCC5CCC43)C2)CC1
C1CCC(C2CCC3C(CCCCCC4CCC(C5CCCC5)C4)CCCC23)CC1
C1CCC(CCC2(CCCC3CCC4CCCCC4C3)CCC3C4CCC5CCCCC5C4CCC32)C1
C1CCC(C2CCC3CC4C(CCCC45CCCC5)CC32)CC1
C1CCC2CCC3CCCCC3C2CC1
C1CCC(CCCCC2CCC3C2CCC2C4CCCCC4CCC32)CC1
C1CCC(C2CCC3CCC4C(CCC45CCCC5)CC32)CC1
C1CCC(CCC(CCCC2CCC3CCCC3C2)CCC2CCCCC2)CC1
C1CCC(CCC2CCC3C(CC4CCCCC4)CCC3C2)CC1
C1CCC(CCC2CCC3C(CCC3C3CCCCC3)C2)CC1
C1CCC(CCCC2CCCC(C3CCC4CC(CCC5CCC6CCCCC6C5)CCC43)C2)CC1
C1CCC(CCCC2CCC3CCC(C4CCCC5CCCC54)CC3C2)CC1
C1CCC2CCC(C3CCCC4CCCC43)CC2CC1
C(CCC1CCCC2CCCCC12)CC1CCC2CCCCC2C1
C1CCC(C2CC3CCCC3C3CCC4CCCCC4C23)CC1
C1CCC2CC(CCCC3CCC4C3CCC3C5CCCCC5CCC43)CC2C1
C1CCC(CCC2CCC3C(CCC3C3CCCCC3)C2)CC1
C(CCC1CCCC2CCCCC12)CC1CCC2CCCCC2C1
C(CCC1CCC2CCCCC2C1)CCC1CCCC2CCCCC12
C(CCCC1CCCCC1)CCCC1CCC(C2CCCCC2)C1
C(CCC1CCCC2CCCCC12)CCC1CCCC2CCCC12
C1CCC2C(C1)CCC1CCCCC12
C1CCC(CCCCC2CC3CCCCC3C2)CC1
C1CCC2C(C1)CCC1C3CCCCC3CCC21
C1CCC(C2CCC3C(CCC4CCCCC43)C2)CC1
C1CCC(C2CCC3C(CCCC4CCCCC43)C2)CC1
C1CCC(CC2CCC3C(CCC3C3CCCCC3)C2)CC1
C1CCC(C2CC3CCCC3C3CCC4CCCCC4C23)CC1
C1CCC(CCCC2CCC3CCC(C4CCCC5CCCC54)CC3C2)CC1
C1CCC(C2CC3CCCCC3C3CCCCC23)CC1
C1CCC(C2CC3CCCC3C3CCC4CCCCC4C23)CC1
C1CCC2CCC(C3CCCC4CCCC43)CC2CC1
C1CCC(C2CCC3CC4C(CCCC45CCCC5)CC32)CC1
C1CCC(CC2CC3CCCCC3C3CCC4CCCCCC4C23)CC1
C1CCC(CCC2CCC(C3CCC4C(CCC4C4CCCCC4)C3)CC2)CC1
C(CCCC1CCCC2C(C3CCCCC3)CCC12)CCC1CCCCC1
C1CCC(C2CCC3CCC4(CCCCC4C4CCCCC4)CCC32)CC1
C1CCC(C2CC3CCCC3C3CCC4CCCCCC4C23)CC1
C1CCC2C(C1)CCC1C3CCCCC3CCC21
C1CCC2C(C1)CCC1C3CCCCC3CCC21
C1CCC(CC2CC3CCCCC3C3CCC4CCCCCC4C23)CC1
C1CCC(CC2CCC3CC4C(CCC5C6CCC(CCCC7CC8CCCCC8C7)C6CCC45)CC23)CC1
C1CCC(CCC2CCC(C3CCC4C(CCC4C4CCCCC4)C3)CC2)CC1
C(CCC1CCC2CCCCC2C1)CCC1CCCC2CCCCC12
C1CCC(CCCCC2CC3CCCCC3C2)CC1
C1CCC(C2CC3CCCC3CC3CCC4CCCCC4C32)CC1
C1CCC(CCCCCC2CCCCC2)CC1
C1CCC2CC(C3CCCC4CCCC43)CCC2C1
C1CCC(CCCCCC2CCCC3C(CC4CCCCC4)CCC23)CC1
C1CCC(CCCC2CCC3C2CCCC2C4CC5CCC(C6CCCCC6)C5CC4CCC32)CC1
C1CCC2CCC3C4CCCCC4CC(CC4CCCC4)C3C2CC1
C1CCC(CCCC2CCC3CCC(C4CCCC5CCCC54)CC3C2)CC1
C(CCC1CCC2C1CCC1C3CCCCC3CCC21)CC1CC2CCCCC2C1
C1CCC(C2CC3CCCC3C3CCC4CCCCCC4C23)CC1
C1CCC(C2CCC(CCCCCC3CCCCC4CCCCC34)C2)CC1
C1CCC(CCCCCC2CC3CCCCC3C2)CC1
C1CCC(C2CCC3CCC(C4CCCC4)CC32)CC1
C1CCC(CCCCCC2CCCC3C(C4CCCCC4)CCC23)CC1
C1CCC2CC(C3CCCC4CCCC43)CCC2C1
C1CCC(C2CCC3CC4C(CCCCC45CCCC5)CC32)CC1
C1CCC(CCCC2CCC3C(CCC4C5CCCC5CC(CCC5CCCCC5)C34)C2)CC1
C1CCC2CC(CCCC3CCCCC4CCCCC43)CC2C1
C(CCCC1CCCCC1)CCCC1CCC(C2CCCCC2)C1
C1CCC(C2CCC3C(CCC4CCCCC43)C2)CC1
C1CCC2C(C1)CCC1CCCCC12
C1CCC2C(C1)CCCC2CC1CC2CCCCC2C2CCC3CCCCC3C2C1
C1CCC2CC(CC3CCC4CCCCC43)CCC2C1
C1CCC2C(C1)CC(C1CCCC3CCCC31)C1CCCCC21
C1CCC(CCCCCC2CCCC3C(CC4CCCCC4)CCC23)CC1
C1CCC(CCCCCC2CCCCC2)CC1
C1CCC(C2CCC3CC4C(CCC5C6CCC(CCCCC7CC8CCCCC8C7)C6CCC45)CC32)CC1
C1CCC(CC2CC3CCCCC3C3CCC4CCCCCC4C23)CC1
C(CCC1CCCC2CCCC12)CC1CC2CCCCC2C1
C1CCC2C(C1)CCC1C3CCCC3CCCC21
C1CCC(CCCCCC2CCCCC2)CC1
C1CCC(C2CC3CCCC3C3CCC4CCCCCC4C23)CC1
C1CCC2CC(CCCC3CCCC4CCCCC43)CC2C1
C1CCC(C2CCC3CCC4C(CCC5C6CCC(CCCC7CCC8CCCCC8C7)C6CCC45)CC32)CC1
C1CCC(CC2CCC(CC(CC3CCCCC3)C3CCCCC3)CC2)CC1
C1CCC(CC2CC3CCCCC3C3CCC4CCCCC4C3C2)C1
C(CCCC1CCCCC1)CCC1CCCCC1
C1CCC(CCCCCC2CC3CCCCC3C2)CC1
C1CCC(CCC2CCC3C2CCCC(C2CCCCC2)C2C4CCCCC4CCC32)CC1
C1CCC2CC(C3CCCC4CCCC43)CCC2C1
C1CCC(CCCCC2CCC3CCCCC23)CC1
C1CCC2CC(C3CCCC4CCCC43)C3CCCC3C2CC1
C1CCC(CCC(CCC2CCC3CCCC3C2)CC2CCCCC2)CC1
C1CCC(CCCCCC2CC3CCCCC3C2)CC1
C1CCC(CCC2CCC3C(CCC3C3CCCCC3)C2)CC1
C(CCCC1CCCC2C(C3CCCCC3)CCC12)CCC1CCCCC1
C1CCC(C2CC3CCCC3C3CCC4CCCCC4C23)CC1
C1CCC(C2CC3CCCC3C3CCC4CCCCCC4C23)CC1
C(CCC1CCCC2CCCCC12)CC1CCC2CCCCC2C1
C1CCC(C2CCC3CC4C(CCC32)CCC42CCCC2)CC1
C(CCC1CCC2C1CCC1C3CCCCC3CCC21)CC1CCC2CCCCC2C1
C1CCC(CC2CCC(CC(CC3CCCCC3)C3CCCCC3)CC2)CC1
C(CCC1CCCC2CCCCC12)CC1CCC2CCCCC2C1
C1CCC(C2CCC3CC4C(CCC5C6CCC(CCCC7CCC8CCCCC8C7)C6CCC45)CC32)CC1
C1CCC(C2CCC3CC4C(CCC5C6CCC(CCCC7CCC8CCCCC8C7)C6CCCC45)CC32)CC1
C1CCC2CC3CCC(C4CCCCC4)C3CC2CC1
C1CCC(CCCCCC2CCCC3C(C4CCCCC4)CCC23)CC1
C1CCC2CCC(C3CCCC4CCCC43)CC2CC1
C1CCC(CCCCC2CC3CCCCC3C2)CC1
C1CCC(CCCCC2CCC3CCCCC23)CC1
C1CCC(CCCCC2CC3CCCCC3C2)CC1
C1CCC(C2CCC3CC4C(CCCC45CCCCC5)CC32)CC1
C1CCC(C2CC3CCCC3C3CCC4CCCCC4C23)CC1
C1CCC(C2CCC3C(CCC4CCCCC43)C2)CC1
C(CCCC1CCCCC1)CCCC1CCC(C2CCCCC2)C1
C(CCC1CCCC2CCCCC2C1)CCC1CCC(C2CCCCC2)C1
C(CCC1CCCC2CCCC12)CC1CC2CCCCC2C1
C1CCC(CCCC(CCC2CCC3CCCC3C2)CC2CCCCC2)CC1
C1CCC2C(C1)CCC1CCCCC12
C1CCC(C2CCC3CC4C(CCCC5C6CCC(CCCC7CC8CCCCC8C7)C6CCC45)CC32)CC1
C1CCC(CCCCCC2CC3CCCCC3C2)CC1
C1CCC(C2CCC3CC4C(CCC45CCCCCC5)CC32)CC1
C1CCC(C2CCC3CCCC3C3CCC4CCCCC4C23)CC1
C1CCC(CCC2CCC3C(CC4CCCCC4)CCC3C2)CC1
C1CCC(CCCCCC2CCC3CCCC3C2)CC1
C(CCCC1CCC(C2CCCCC2)C1)CCC1CCCCC1
C1CCC(C2CCC3CC4C(CC5CC6CCCCC6C5)CCCC4CC32)CC1
C1CCC(C2CC3CCCC3C3CCC4CCCCC4C23)CC1
C1CCC2C(C1)CCC1C2CCC2C3CCCC3CC21
C1CCC(CCCCC2CCC3CCCCC23)CC1
C1CCC2CCC3C4CCCCC4CC(CC4CCCC4)C3C2CC1
C1CCC2CC(C3CCCC4CCCC43)CCC2C1
C1CC2CCC3C(CCC4CCCCC43)CC2C1
C1CCC2C(C1)CCC1C3CCCCC3CCC21
C1CCC(CCC2CCC3C(CCC4C5CCCC5CC(CCC5CCCCC5)C34)C2)CC1
C1CCC(C2CC3CCCC3C3CCC4CCCCCC4C23)CC1
C1CCC(CCCCC2CC3CCCCC3C2)CC1
C1CCC(C2CCC3CC4CCCCC4CCC32)CC1
C(CCCC1CCCC2C(C3CCCCC3)CCC12)CCC1CCCCC1
C(CCC1CCCC2CCCCC12)CC1CCC2CCCCC2C1
C1CCC(CCC(CC2CCCCC2)C2CCCCC2)CC1
C(CCCC1CCCCC1)CCCC1CCC(C2CCCCC2)C1
C1CCC(CCCC2CC3CCCCC3C2C2CCCCC2)CC1
C1CCC2CC(C3CCCC4CCCC43)CCC2C1
C(CCCC1CCCC2C(C3CCCCC3)CCC12)CCC1CCCCC1
C1CCC(CCCC2CCCC3CCC(C4CCCC5CCCC54)CC3C2)CC1
C1CCC2CCC(C3CCCC4CCCC43)CC2CC1
C1CCC(C2CCC3CC(C4CCC(CCC5CCCC5)CC4)CCC32)CC1
C1CCC(CCCCC2CCC3CCCCC23)CC1
C1CCC(CCC2(CCCC3CC4CCCCC4C3)CCC3C4CCC5CCCCC5C4CCC32)C1
C1CCC(CCCCC2CC3CCCCC3C2)CC1
C1CCC(C2CCC3C(CCC34CCCC4)C3CCCC4CCCCC4C23)CC1
C1CCC(CCCCC2(CCC3CCCC3)CCC3C4CCC5CCCCC5C4CCC32)CC1
C1CCC(CCCC2CCC3C2CCC2C4CC5CCC(C6CCCCC6)C5CC4CCC32)CC1
C1CCC2CCC3C(CCC4C5CCCC5CC43)C2CC1
C1CCC2CC(C3CCCC4CCCC43)CCC2C1
C(CCCC1CCCC2C(C3CCCCC3)CCC12)CCC1CCC(C2CCCC2)C1
C1CCC(CCC2CCC3C(CCC3C3CCCCC3)C2)CC1
C(CCC1CCC2CCCCC2C1)CCC1CCCC2CCCCC12
C1CCC(CCCCC2CC3CCCCC3C2)CC1
C1CCC(CCC2CCC3C(CCC4C5CCCC5CC(CCC5CCCCC5)C34)C2)CC1
C1CCC(CCCC2CCC3C(CCC3C3CCCCC3)C2)CC1
C1CCC2CCC3C(CCC4C5CCCC5CC43)C2CC1
C1CCC(C2CCC3C(CCC3C3CCCCC3)C2)CC1
C1CCC(CCCCC2CC3CCCCC3C2)CC1
C1CCC(CC2CCC3CC4C(CCCC45CC(C4CCCCC4)C(C4CCCCC4)C5)CC23)CC1
C1CCC2CCC(C3CCCC4CCCC43)CC2CC1
C(CCC1CCCCC2CCCCC12)CC1CCC2CCCCC2C1
C1CCC2CC(CCCC3CCC4C3CCC3C5CCCCC5CCC43)CCC2C1
C1CCC2C(C1)CCC1C3CCCC3CCC21
C1CCC2CCC(C3CCCC4CCCC43)CC2CC1
C1CCC2C(C1)CC(C1CCCC3CCCC31)C1CCCCC21
C1CCC(C2CC3CCCC3C3CCC4CCCCC4C23)CC1
C1CCC2CCC(C3CCCC4CCCC43)CC2CC1
C1CCC(CCCCC2CCC(C3CCC4C(CCC4C4CCCCC4)C3)CC2)CC1
C1CCC(CCC2CCC3C(CCC3C3CCCC(CCC4CCCC4)C3)C2)CC1
C1CCC2C(C1)CCC1C3CCCC3CCC21
C1CCC2CCC(C3CCCC4CCCC43)CC2CC1
C1CCC(C2CC3CCCC3C3CCC4CCCCC4C23)CC1
C1CCC(CCCCC2CCC3CCCCC23)CC1
C1CCC(CC2CCC3CC4C(CCC45CCCC5)CC23)CC1
C1CCC(CCC2CC3CCCCC3C3CCC4CCCCC4C23)CC1
C1CCC2CCC3C4CCCC4CCC3C2CC1
C1CCC(C2CC3C(CCCC34CCCC4)C3CCC4CCCCC4C23)CC1
C1CCC(C2CCC3CC4C(CCC32)CCC42CCCC2)CC1
C(CCC1CCC2C1CCC1C3CCCCC3CCC21)CC1CCCC2CCCCC12
C1CCC2CC(CC3CCCC4CCCC43)CCC2C1
C1CCC(C2CC3CCCC3C3CCC4CCCCC4C23)CC1
C1CCC2CC(C3CCCC4CCCC43)CCC2C1
C1CCC(CCCC2CCCCC3CCC(C4CCCC5CCCC54)CC23)CC1
C1CCC(CCC2CCC3C(CCC3C3CCCCC3)C2)CC1
C1CCC(CC2CC3CCCCC3C3CCC4CCCCC4C23)CC1
C1CCC(C2CC3CCCC3C3CCC4CCCCC4CC23)CC1
C1CCC(C2CC3CCCCC3C3CCCCC3C2)CC1
C1CCC(CCC2CCC3C(CCC3C3CCCCC3)C2)CC1
C1CCC(C2CCC3CC4(CCCCC4C4CCCCC4)CCCC32)CC1
C1CCC(CCCCC2CC3CCCCC3C2)CC1
C1CCC(CCCCC2CC3CCCCC3C2)CC1
C1CCC(C2CC3CCCC3C3CCC4CCCCC4C23)CC1
C1CCC(C2CC3CCCCC3C3CCCCC23)CC1
C1CCC2CC(CCCC3CCCC4C3CCC3C5CCCCC5CCC43)CC2C1
C(CCC1CCC2C(CCC3C4CCCC4CCC23)C1)CC1CCC(C2CC3CCCC3C3CCC4CCCCC4C23)CC1
C1CCC(CCC2CCC3C(CCC3C3CCCC(CCC4CCCC4)C3)C2)CC1
C1CCC(CCCCCC2CCCC3C(C4CCCCC4)CCC23)CC1
C1CCC2CCC3C4CCCCC4CC(CC4CCCC(C5CCCC5)C4)C3C2CC1
C1CCC(CCCC(CC2CC3CCCCC3C2)C2CC2)CC1
C1CCC(CCCCCC2CCCC3C(C4CCCCC4)CCC23)CC1
C1CCC(C2CCC3CC4C(CCCC45CCCCC5)CC32)CC1
C1CCC(CCCC2CC3CCCCC3C2C2CCCCC2)CC1
C1CCC(C2CCC3CC4C(CCCC45CCCC5)CC32)CC1
C1CCC2CCC3C4CCCC4CCC3C2CC1
C1CCC(C2CCC3CC4(CCCCCCC4C4CCCCC4)CCC32)CC1
C1CCC(C2CCC3CC4C(CCCCC5CC5)CCCC4CC32)CC1
C1CCC(CCC(CCC2CCC3CCCC3C2)CC2CCCCC2)CC1
C1CCC2C(C1)CCC1C3CCCC3CCC21
C1CCC2C(C1)CCC1C3CCCC3CCCC21
C(CCCC1CCCC2C(C3CCCCC3)CCC12)CCC1CC1
C1CCC(CCCCCC2CCCC3C(C4CCCCC4)CCC23)CC1
C1CCC2C(C1)CCC1C3CCCC3CCC21
C(CCCC1CCCCC1)CCCC1CCC(C2CCCCC2)C1
C1CCC(C2CC3CCCC3C3CCC4CCCCCC4C23)CC1
C1CCC(C2CCC3CC4C(CCCC5C6CCC(CCCC7CC8CCCCC8C7)C6CCC45)CC32)CC1
C1CCC(C2CCC3CC4C(CCC45CCCCC5)CC32)CC1
C1CCC(C2CC3CCCC3CC3CCC4CCCCC4C32)CC1
C1CCC(CC2CCC3C(CCC3C3CCCCC3)C2)CC1
C1CCC2C(C1)CCC1C3CCCC3CCC21
C1CCC(CCC2CCC3C(CCC4CC(C5CCCCC5)CCC43)C2)CC1
C1CCC2CCC3C(CCC4C3CCC4(CCCC3CCCC3)CCC3CCCC3)C2CC1
C1CCC(CCCC2CCCC(C3CCC4CC(CCC5CCC6CCCCC6C5)CCC43)C2)CC1
C1CCC2C(C1)CCC1C3CCCC3CCC21
C1CCC(C2CC3CCCC3C3CCCC4CCCCC4C23)CC1
C1CCC(CCCCCC2CCCC3CCCC23)CC1
C1CCC(CCC2CCC3C(CCC3C3CCCCC3)C2)CC1
C1CCC(CCC2CCC3C(CCC3C3CCCCC3)C2)CC1
C1CCC2C(C1)CCC1CCCCC12
C1CCC2C(C1)CCCC1C3CCCC3CCC21
C1CCC(CCC2CCCC3CC4C(CCC4C4CCCCC4)CC23)CC1
C1CCC2CC(CCCC3CCC4C3CCC3C5CCCCC5CCC43)CCC2C1
C1CCC(CCCCC2CC3CCCCC3C2)CC1
C1CCC2CC(C3CCCC3)C3CCCC3C2CC1
C1CCC(CCCCC2CC3CCCCC3C2)CC1
C1CCC2CC(C3CCCC4CCCC43)CCC2C1
C(CCCC1CCCC2C(C3CCCCC3)CCC12)CCC1CCCCC1
C1CCC(CCCCC2CCC3CCCCC23)CC1
C(CCCC1CCCCC1)CCCC1CCC(C2CCCCC2)C1
C1CCC(CCCCCC2CCCC3C2CCC3C2CCCC(CC3CCCC3)C2)CC1
C1CCC(CCC(CC2CC2)CC2CC3CCCCC3C2)CC1
C1CCC(C2CC3CCCC3C3CCC4CCCCC4C23)CC1
C1CCC(C2CC3CCCCC3CC3CCCCC32)CC1
C1CCC2C(C1)CCC1CC2CCC2CCCC21
C1CCC(CCCCC2CC3CCCCC3C2)CC1
C1CCC(CCC2CCCCC2)CC1
C1CCC(CCCCCC2CC3CCCCC3C2)CC1
C1CCC2CCC(C3CCCC4CCCC43)CC2CC1
C1CCC2CC(CCCC3CCC4C3CCC3C5CCCCC5CCC43)CC2C1
C1CCC(CCC2CCCC3CCC4C(CCC4C4CCCCC4)CC23)CC1
C1CCC(CCCCC2CC3CCCCC3C2)CC1
C1CCC(CC2CCC3C(CCC3C3CCCCC3)C2)CC1
C(CCC1CCCC2CCCCC12)CC1CCC2CCCCC2C1
C1CCC(CCCCC2CC3CCCCC3C2)CC1
C1CCC(CCCCCC2CCC3CCCCC23)CC1
C1CCC(C2CC3CCCC3C3CCC4CCCCC4C23)CC1
C(CCCC1CCCC2C(C3CCCCC3)CCC12)CCC1CCCCC1
C1CCC2C(C1)CCCC2CCCC1CCCC2C1CCC1C3CCCCC3CCC21
C1CCC(CCCCCC2CCCC3C(C4CCCCC4)CCC23)CC1
C1CCC(C2CCC3C(CCC4CCCCC43)C2)CC1
C1CCC2CCC3C4CCCCC4CCC3C2CC1
C1CCC(CCCCCC2CC3CCCCC3C2)CC1
C1CCC(CCC2CCC(CCC3CCCC(CC4CCCC4)C3)CC2)CC1
C1CCC2C(C1)CCC1C3CCCC3CCC21
C1CCC(C2CC3CCCC3C3CCC4CCCCC4C23)CC1
C(CCC1CCCC2CCCCC12)CC1CC2CCCCC2C1
C1CCC(C2CC3CCCCC3C3CCCCC23)CC1
C1CCC(CC2CC3CCCCC3C3CCC4CCCCC4C23)CC1
C1CCC(CCCCC2CC3CCCCC3C2)CC1
C1CCC(C2CCC3CCC4C(CCC45CCCC5)CC32)CC1
C1CCC(CCC2(CCCC3CC4CCCCC4C3)CCCC3C4CCC5CCCCC5C4CCC32)C1
C(CCC1CCC2CCCCC2C1)CCC1CCCC2CCCCC12
C1CCC(C2CC3CCCC3C3CCCC4CCCCC4C23)CC1
C1CCC(CCCCCC2CC3CCCCC3C2)CC1
C1CCC(CCC2CCC3C(CC4CCCCC4)CCC3C2)CC1
C1CCC(CC23CCCCCC2CCC2C4CCCC4CCC23)CC1
C1CCC(C2CCC3CC4C(CCCC45CCCC5)CCC32)CC1
C1CCC(C2CC3CCCC3C3CCC4CCCCC4C23)CC1
C(CCCC1CCCC2C(C3CCCCC3)CCC12)CCC1CCCCC1
C1CCC(C2CC3CCCC3C3CCC4CCCCC4C23)CC1
C1CCC(CCCCC2CC3CCCCC3C2)CC1
C1CCC(C2CCC3C(CCCCCC4CC4)CCCC23)CC1
C1CCC(CC2CC3CCCCC3C3CCC4CCCCC4C23)CC1
C1CCC2CCC(C3CCCC4CCCC43)CC2CC1
C1CCC(CCCC2CCCCC2)CC1
C1CCC(CC2CCCC2CC2CC3CCCCC3CC3CCC4CCCCC4C32)CC1
C1CCC(CCCC2CCC(C3CC3)CC2)CC1
C1CCC(CCCCC2CCC3CCCCC23)CC1
C1CCC(CCCCCC2CCC3CCCCC23)CC1
C1CCC(CCC2CCC(C3CCC4C(CCC4C4CCCCC4)C3)CC2)CC1
C1CCC(CCCCC2CC3CCCCC3C2)CC1
C1CCC(CCCCC2CCC3CCCCC23)CC1
C1CCC2CC3CCC4C5CCCC5CC4C3CCC2C1
C1CCC(C2CCC3C(CCCCCC4CCC(C5CCCC5)C4)CCCC23)CC1
C1CCC(CCCCCC2CCC3CCCCC23)CC1
C(CCCC1CCCC2CCCCC12)CCC1CCCC1
C1CCC(CC2CCC3CC4CCCCC4CC23)CC1
C1CCC(C2CCC3CC4C(CCC5C6CCCC(CCCC7CC8CCCCC8C7)C6CCC45)CC32)CC1
C1CCC2C(C1)CCC1C3CCCC3CCC21
C1CCC(CCCCC2CC3CCCCC3C2)CC1
C1CCC2CCCC(CC3CC4CCCCC4C4CCC5CCCCC5C34)C2CC1
C(CCC1(C2CCCC2)CCCCC2CCCCC21)CC1CCC2CCCCC2C1
C1CCC2C(C1)CCC1C3CCCC3CCC21
C1CCC(CC2CCC3CC4C(CCC45CCC(C4CCCCC4)C5)CC23)CC1
C1CCC2C(C1)CCC1C3CCCC3CCCC21
C1CCC(CC2CCC(CC(CC3CCCCC3)C3CCCCC3)CC2)CC1
C1CCC(CCC2CCC3C(CCC3C3CCCCC3)C2)CC1
C1CCC(CCCCC2CC3CCCCC3C2)CC1
C1CCC(CCC2CCC(C3CC3)CC2)CC1
C1CCC(CCCC2CCCC(C3CCC4CC(CCC5CCC6CCCCCC6C5)CCC43)C2)CC1
C1CCC(C2CCC3CC4CCCCC4CC32)CC1
C(CCCC1CCCCC1)CCCC1CCC(C2CCCCC2)C1
C1CCC(CCCC2CC3CCCCC3C2C2CCCCC2)CC1
C1CCC2CCC(C3CCCC4CCCC43)CC2CC1
C1CCC2CC(C3CCCC4CCCC43)CCC2C1
C1CCC(CCC2CCCC3CC4C(CCC4C4CCCCC4)CC23)CC1
C1CCC2CC(C3CCCC4CCCC43)CCC2C1
C1CCC(C2CCC3CC4C(CCC5CCC6CCCCC65)CCCC4CC32)CC1
C1CCC2CC(CCCC3CCC4C3CCC3C5CCCCC5CCC43)CC2C1
C1CCC(CCCC2CCCC3CCC(C4CCCC5CCCC54)CC3C2)CC1
C1CCC(CCC2CCC3C(CCC4C5CCCC5CC(CCC5CCCCC5)C34)C2)CC1
C1CCC(C2CCC3CC4C(CCCC45CCCCCC5)CC32)CC1
C1CCC(CCCCC2CCC3CCCCC23)CC1
C1CCC(C2CCC3CCC4C(CCCC45CCCC5)CC32)CC1
C1CCC(C2CC3CCCC3C3CCC4CCCCC4C23)CC1
C(CCCC1CCCCC1)CCCC1CCC(C2CCCCC2)C1
C1CCC(CCCCC2CC3CCCCC3C2)CC1
C1CCC(C2CC3CCCC3C3CCC4CCCCC4CC23)CC1
C1CCC(C2CC3CCCC3C3CCCC4CCCCC4C23)CC1
C1CCC2C(C1)CCC1C3CCCC3CCC21
C1CCC(CCCCC2CC3CCCCC3C2)CC1
C(CCCC1CCCCC1)CCCC1CCC(CC2CCCCC2)C1
C1CCC(C2CCC3CC4C(CCCC45CCCCC5)CC32)CC1
C1CCC(C2CCC3CCCC3C3CCC4CCCCC4C23)CC1
C1CCC(CCCCCC2CCC3CCCCC23)CC1
C1CCC2CC(C3CCCC4CCCC43)CCC2C1
C1CCC2CCC(C3CCCC4CCCC43)CC2CC1
C1CCC(C2CCC3CC4(CCCCCC4C4CCCCC4)CCC32)CC1
C1CCC2C(C1)CCC1C3CCCC3CCC21
C1CCC(CCC(CC2CC2)CC2CC3CCCCC3C2)CC1
C(CCC1CCCC2CCCC12)CC1CC2CCCCC2C1
C1CCC(C2CCC(CCCCCC3CCCC4C(C5CCCCC5)CCC34)C2)CC1
C1CCC(CC2CCC3CC4C(CCC45CCCC5)CC23)CC1
C1CCC2C(C1)CCC1C3CCCCC3CCC21
C1CCC(CCCCCC2CCCC3CCC(C4CCCCC4)CC23)CC1
C1CCC2CC(CCCC3CCCCC4CCCCC43)CC2C1
C1CCC(CC2CC3CCCCC3CC3CCC4CCCCC4C32)CC1
C1CCC2CC(CC3CCCC4CCCC43)CCC2C1
C1CCC(CC2CCC(CCC(CC3CCCCC3)C3CCCCC3)CC2)CC1
C1CCC(CCCC2CCCCC3CCC(C4CCCC5CCCC54)CC23)CC1
C1CCC(C2CC3CCCC3C3CCC4CCCCCC4C23)CC1
C1CCC(CCCCC2CC3CCCCC3C2)CC1
C1CCC(CCC2CCC3C(CCC3C3CCCC(CC4CCCC4)C3)C2)CC1
C1CCC2C(C1)CCC1C3CCCC3CCCC21
C(CCC1CCC2CCCCC2C1)CCC1(C2CCCC2)CCCC2CCCCC21
C(CCC1CCCC2CCCC12)CC1CC2CCCCC2C1
C1CCC(C2CC3CCCC3C3CCC4CCCCC4CC23)CC1
C1CCC(CCC2CCCCC3CC4C(CCC4C4CCCCC4)CC23)CC1
C1CCC(C2C3CCCC3CC3CC4CCCCC4CC32)CC1
C1CCC(CCCCCC2CC3CCCCC3C2)CC1
C1CCC(CCCC2CCCC(C3CCC4CC(CCC5CCC6CCCCCC6C5)CCC43)C2)CC1
C1CCC(CCC2CCC3C(CCC3C3CCCCC3)C2)CC1
C1CCC(CCC2(CCCC3CC4CCCCC4C3)CCC3C4CCC5CCCCC5C4CCCC32)C1
C1CCC2C(C1)CCC1C3CCCC3CCC21
C1CCC2CC(C3CCCC4CCCC43)CCC2C1
C1CCC(C2CCC3C(CCCCCC4CCC(CC5CCCC5)C4)CCCC23)CC1
C1CCC(CCCCCC2CCCC3C(C4CCCCC4)CCC23)CC1
C1CCC(CCC2CCC(C3CC3)CC2)CC1
C1CCC2CC(CCCC3CCCC4C3CCC3C5CCCCC5CCC43)CC2C1
C1CCC(C2CCC3CC4C(CCC32)CCC42CCCC2)CC1
C1CCC(C2CCC3CCC4C(CCC5C6CCC(CCCC7CC8CCCCC8C7)C6CCC45)CC32)CC1
C1CCC(CCCCCC2CCCC3C(CC4CCCCC4)CCC23)CC1
C(CCC1CCC2CCCCC2C1)CCC1CCCC2CCCC12
C1CCC(CCCCC2CC3CCCCC3C2)CC1
C1CCC(C2CC3C(CCC34CCCC4)C3CCC4CCCCC4C23)CC1
C1CCC(C2CCC3CC4CCCCC4CC32)CC1
C1CCC2C(C1)CCCC1CCCCC12
C(CCCC1CCCC2C(C3CCCCC3)CCC12)CCC1CCCCC1
C1CCC(CCCCCC2CC3CCCCC3C2)CC1
C1CCC(CCC2CCC3C(CCC3C3CCCCC3)C2)CC1
C1CCC2CCC(C3CCCC4CCCC43)CC2CC1
C(CCCC1CCCC2CCCCC12)CCC1CCC(C2CCCC2)C1
C(CCCC1CCCC2C(C3CCCCC3)CCC12)CCC1CCCCC1
C1CCC(CCCC2CCC3CCC(C4CCCC5CCCC54)CC3C2)CC1
C1CCC(CCC2CC3CCCC3C3CCC4CCCCC4C23)CC1
C1CCC(CC2CC3CCCCC3C3CCC4CCCCC4C23)CC1
C1CCC(C2CCCC3CCCC3C3CCC4CCCCC4C23)CC1
C(CCCC1CCCCC1)CCCC1CCC(CC2CCCCC2)C1
C1CCC(CCCCC2CC3CCCCC3C2)CC1
C(CCCC1CCCCC1)CCCC1CCC(C2CCCCC2)C1
C1CCC(C2CCC3CC4C(CCC45CCCC5)CC32)CC1
C1CCC2C(C1)CCC1C3CCCCC3CCC21
C1CCC2C(C1)CCC1C3CCCC3CCC21
C1CCC(CC2CCC3C(CCC4CCCCC43)C2)CC1
C1CCC(CCC2CCC3C(CC4CCCCC4)CCC3C2)CC1
C1CCC(C2CCC3CCC4C(CCC5C6CCC(CCCC7CCC8CCCCC8C7)C6CCC45)CC32)CC1
C1CCC(C2CCC3CCC4CCCCC4C3CC2)CC1
C1CCC(C2CCC3CCC4C(CCC5C6CCC(CCCC7CCC8CCCCC8C7)C6CCC45)CC32)CC1
C1CCC(CCC2CCC(C3CCCC4C(C5CCCCC5)CCC34)C2)CC1
C1CCC(CCCCC2CC3CCCCC3C2)CC1
C1CCC(CCC2CCC3C(CCC3C3CCCCC3)C2)CC1
C1CCC(CCCC2CCC3C(CCC4C5CCCC5CCC34)C2)CC1
C1CCC2CCC3C4CCCC4CCC3C2CC1
C1CCC(C2CCC3CCC4CCCCC4CC32)CC1
C1CCC(C2CCC(CCCCCC3CCCC4C(C5CCCCC5)CCC34)C2)CC1
C1CCC(CCCCCC2CC3CCCCC3C2)CC1
C1CCC2C(C1)CCCC2CCCC1CCCC2CCCCC21
C1CCC(CCCCC2CCC3CCC(C4CCCC5CCCC54)CC3C2)CC1
C1CCC2CC(C3CCCC3)CCC2C1
C1CCC(C2CCC3CCCCC3C3CCC4CCCCC4C23)CC1
C1CCC(CC2CC3CCCCC3C3CCC4CCCCCC4C23)CC1
C(CCC1CCC2C(CCC3C4CCCC4CCCC23)C1)CC1CCC(C2CCC(C3CC4CCCC4C4CCC5CCCCC5C34)CC2)CC1
C1CCC2CCC3C4CCC(CCCC5CCC6CCCCC6C5)C4CCC3C2CC1
C1CCC2CC(CCCC3CCC4C3CCC3C5CCCCC5CCCC43)CCC2C1
C(CCCC1CCCC2C(C3CCCCC3)CCC12)CCC1CCCCC1
C1CCC(CCCCCC2CCCC3C(C4CCCCC4)CCC23)CC1
C1CCC(CCC2(CCCC3CC4CCCCC4C3)CCC3C4CCC5CCCCC5C4CCCC32)C1
C1CCC(C2CCC3CCCC3C3CCCC4CCCCC4C23)CC1
C(CCCC1CCCCC1)CCC1CCCCC1
C1CCC(CCCC2(CCC3CCCC3)CCC3C4CCC5CCCCC5C4CCCC32)C1
C1CCC(CCCCCC2CC3CCCCC3C2)CC1
C1CCC2CC(C3CCCC4CCCC43)CCC2C1
C1CCC(CCC2CCC3C(CCC3C3CCCCC3)C2)CC1
C1CCC(CC2CCC3CC4CCCCC4CC23)CC1
C(CCC1CCCC2CCCC12)CC1CC2CCCCC2C1
C1CCC(C2CC3CCCC3C3CCCC4CCCCC4C23)CC1
C1CCC2C(C1)CCC1CCCCC12
C1CCC2CC(CCCC3CCC4C3CCC3C5CCCCC5CCC43)CCC2C1
C1CCC(C2CC3CCCC3C3CCC4CCCCC4C23)CC1
C1CCC(CCCCCC2CCC3CCCCC23)CC1
C1CCC(CCCCCC2CCCC3C(C4CCCCC4)CCC23)CC1
C(CCCC1CCCCC1)CCCC1CCC(C2CCCCC2)C1
C1CCC(CCCC2CCC3CCC(C4CCCC5CCCC54)CC3C2)CC1
C1CCC2C(C1)CCCC1C3CCCC3CCC21
C1CCC2CC(CCCC3CCCC4CCCCC43)CC2C1
C(CCCCC1CCC(C2CCCCC2)C1)CCCC1CCCCC1
C1CCC2C(C1)CCCC1C3CCCC3CCC21
C1CCC(CCCCCC2CC3CCCCC3C2)CC1
C1CCC2C(C1)CCCC2CCCC1CCC2C1CCC1C3CCCCC3CCCC21
C1CCC2CCC(C3CCCC4CCCC43)CC2CC1
C1CCC(CCCCCC2CC3CCCCC3C2)CC1
C1CCC(CCCCCC2CCCC3C(C4CCCCC4)CCC23)CC1
C1CCC2C(C1)CCC1CCCCC12
C(CCC1CC2CCCCC2C1)CCC1CCCC2CCCC12
C1CCC(CCC2CCC3C(CCC3C3CCCCC3)C2)CC1
C1CCC(CCC2CCC3C(CCC3C3CCCCC3)C2)CC1
C1CCC(CCC2CCC3C2CCC(C2CCCCC2)C2C4CCCCCC4CCC32)CC1
C(CCCC1CCCCC1)CCCC1CCC(CC2CCCCC2)C1
C1CCC(C2CCC3C(CCC4CCCCC43)C2)CC1
C1CCC(C2CC3CCCC3C3CCC4CCCCC4C23)CC1
C1CCC(C2CCC(CCCC3CCC4C3CCCC3C5CCCCC5CCC34)C2)CC1
C1CCC(C2CC3CCCC3C3CCC4CCCCC4C23)CC1
C1CCC2CC(C3CCCC4CCCC43)CCC2C1
C1CCC(C2CCC3CC4C(CCCC45CCCC5)CC32)CC1
C1CCC2CCC3C4CCC(CCCC5CC6CCCCC6C5)C4CCC3C2CC1
C1CCC(CCC2CCC3C(CCC3C3CCCCC3)C2)CC1
C1CCC(CCC2CCC3C2CCC(C2CCCCC2)C2C4CCCCCC4CCC32)CC1
C1CCC2C(C1)CC(C1CCCC1)C1CCCCC21
C(CCC1CCCC2CCCC12)CC1CC2CCCCC2C1
C1CCC(CCC2CCC3C(CCC3C3CCCCC3)C2)CC1
C(CCCCCCC1CCC(CCC2CCC(CCC3CCCC3)C2)C1)CCCCCCC1CCC2C1CCC1C3CCCCC3CCC21
C1CCC(C2CC3CCCC3C3CCCC4CCCCC4C23)CC1
C1CCC(CCCCCC2CC3CCCCC3C2)CC1
C1CCC(C2CCC3CC4CCCCC4CC32)CC1
C1CCC(C2CCC3CCCC3C3CCC4CCCCC4C23)CC1
C(CCCC1CCCCC1)CCC1CCCCC1
C1CCC(C2CCC3CC4C(CCCC45CCCC5)CC32)CC1
C1CCC2CCC(C3CCCC4CCCC43)CC2CC1
C(CCCC1CCCC2CCCCC12)CCC1CCC(C2CCCCC2)C1
C(CCC1CCCC2CCCCC12)CC1CCC2CCCCC2C1
C1CCC(CCCCC2CCC3CCCC3C2)CC1
C1CCC(C2CC3CCCC3C3CCC4CCCCCC4C23)CC1
C1CCC(CCC2CCC3C2CCC(C2CCCCC2)C2C4CCCCCC4CCC32)CC1
C1CCC2C(C1)CC(C1CCCC1)C1CCCCC21
C1CCC(CCCCC2CCC3CCCCC23)CC1
C1CCC(CCCCC2CCC3CCCCC23)CC1
C1CCC2CCC(C3CCCC4CCCC43)CC2CC1
C(CCC1CCC2C1CCC1C3CCCCC3CCC21)CC1CC2CCCCC2C1
C1CCC(CCC2CCCCC3CC4C(CCC4C4CCCCC4)CC23)CC1
C(CCCC1CCCC2C(C3CCCCC3)CCC12)CCC1CCCCC1
C1CCC(C2CCC3CCC4C(CCCC45CCCC5)CC32)CC1
C(CCC1CCC2CCCCC2C1)CCC1CCCC2CCCCC12
C1CCC(CC2CC3CCCCC3C3CCCCC23)CC1
C(CCC1CCCC2CCCC12)CC1CC2CCCCC2C1
C1CCC(CCCCCC2CC3CCCCC3C2)CC1
C1CCC(CCC2CCC(CC3CCC4C(CCC4C4CCCCC4)C3)CC2)CC1
C1CCC(C2CCC3CCCC3C3CCC4CCCCC4C23)CC1
C1CCC2CC(CCCC3CCC4C3CCC3C5CCCCC5CCCC43)CCC2C1
C1CCC(CC(CC2CCCCC2)C2CCCCC2)CC1
C1CCC2CC(CCCC3CCC4C3CCC3C5CCCCC5CCCC43)CCC2C1
C1CCC2CC(CCCC3CCC4C3CCC3C5CCCCC5CCC43)CC2C1
C1CCC2CCC(C3CCCC4CCCC43)CC2CC1
C1CCC2CC(C3CCCC4CCCC43)CCC2C1
C1CCC(CCCCCC2CCCC3C(CC4CCCCC4)CCC23)CC1
C1CCC(CCCC2CCC3C(CCC3C3CCCCC3)C2)CC1
C(CCC1CCC2C1CCC1C3CCCCC3CCC21)CC1CC2CCCCC2C1
C1CCC2CCC3C(CCC4C5CCCC5CC43)C2CC1
C1CCC(CCCCC2CC3CCCCC3C2)CC1
C1CCC(CCCC2CCC(C3CCC4C(CCC4C4CCCCC4)C3)CC2)CC1
C1CCC(CC2CC3CCCCC3C3CCC4CCCCCC4C23)CC1
C1CCC(CCCCC2CCC3CCCCC23)CC1
C(CCCC1CCCC2C(C3CCCCC3)CCC12)CCC1CCCCC1
C1CCC(CCCC2CCC3C2CCC2C4CC5CCC(C6CCCCC6)C5CC4CCC32)CC1
C1CCC2C(C1)CCC1C3CCCCC3CCC21
C1CCC(C2CC3CCCC3C3CCC4CCCCC4C23)CC1
C1CCC(C2CCC3CCCC3C3CCC4CCCCC4C23)CC1
C1CCC(C2CCC3CC4C(CCC5C6CCC(CCCC7CC8CCCCC8C7)C6CCCC45)CC32)CC1
C1CCC(CCCCCC2CC3CCCCC3C2)CC1
C1CCC(CCCCC2CCC3CCCCC23)CC1
C1CCC(C2CC3CCCC3C3CCC4CCCCC4C23)CC1
C1CCC(CCC2CCC3C(CCC3C3CCCCC3)C2)CC1
C1CCC2CCC3C4CCCC4CCC3C2CC1
C1CCC(CCC2CCC3C(CCC3C3CCCCC3)C2)CC1
C1CCC2CC(CCCC3CCC4C3CCCC3C5CCCCC5CCC34)CC2C1
C1CCC(C2CC3CCCC3C3CCC4CCCCCC4C23)CC1
C1CCC(CCC2CCC3C(CCC4CCCCC43)C2)CC1
C1CCC2CCC(C3CCCC3)CC2CC1
C1CCC(CC2CCC3C(CCC3C3CCCCC3)C2)CC1
C1CCC2CCC3C(CCC4C3CCC4(CCCC3CC4CCCCC4C3)CCC3CCCC3)C2CC1
C1CCC(CCCCC2CC3CCCCC3C2)CC1
C(CCCC1CCCCC1)CCCC1CCC(C2CCCCC2)C1
C1CCC(CCC2CCC(CCC3CCCC(CC4CCCC4)C3)CC2)CC1
C1CCC(CCCCC2CC3CCCCC3C2)CC1
C1CCC(CCCCC2CCC3C2CCC2C4CCCCCC4CCC32)CC1
C1CCC(C2CC3CCCC3C3CCC4CCCCC4C23)CC1
C1CCC(CCCC2CCC3C(CCC3C3CCCCC3)C2)CC1
C1CCC(C2CC3CCCC3C3CCC4CCCCC4CC23)CC1
C1CCC(CC(CC2CCCCC2)C2CCCCC2)CC1
C(CCCC1CCCC2C1CCC2C1CCCC(CC2CC2)C1)CCC1CCCCC1
C(CCCC1CCCC2CCCCC12)CCC1CCC(C2CCCCC2)C1
C1CCC2CCC3C4CCCCC4CC(CC4CCCC4)C3C2CC1
C1CCC(CCC2CCCCC3CCC(C4CCCC5CCCC54)CC23)CC1
C1CCC(CCC(CCC2CCC3CCCCC3C2)CC2CCCCC2)CC1
C1CCC(CCCCC2CCC3CCCCC23)CC1
C1CCC2CCC(C3CCCC4CCCC43)CC2CC1
C(CCCC1CCCCC1)CCCC1CCC(C2CCCCC2)C1
C1CCC(CCC2CCCC3CCC(C4CCCC5CCCC54)CC23)CC1
C1CCC2CCC(C3CCCC4CCCC43)CC2CC1
C1CCC(CCCCC2CCCC(C3CCC4CC(CCC5CCC6CCCCC6C5)CCC43)C2)CC1
C1CCC(CCCCC2CC3CCCCC3C2)CC1
C1CCC(CCCC2CCC3CCC(CC4CCCC5CCCC54)CC3C2)CC1
C1CCC(CCC2CCC3C(CCC3C3CCCCC3)C2)CC1
C1CCC(CCC2(CCCC3CC4CCCCC4C3)CCC3C4CCC5CCCCC5C4CCC32)C1
C1CCC2C(C1)CCC1C3CCCCC3CCC21
C1CCC(CCCCCC2CC3CCCCC3C2)CC1
C1CCC2CC(CCCC3CCC4C3CCCC3C5CCCCC5CCC34)CCC2C1
C1CCC(C2CC3CCCCC3CC3CCC(CCC4CCCC4)CC32)CC1
C1CCC2C(C1)CCC1C3CCCC3CCC21
C1CCC2C(C1)CCC1C2CCC2C3CCCC3CC21
C1CCC2C(C1)CCC1C3CCCCC3CCC21
C1CCC2C(C1)CCC1C3CCCC3CCC21
C1CCC(CC2CC3CCCCC3C3CCC4CCCCCC4C23)CC1
C1CCC(C2CCC3CC4C(CCC45CCCCCC5)CC32)CC1
C1CCC(CCCC2CCCC(C3CCC4CC(CCC5CCC6CCCCC6C5)CCC43)C2)CC1
C1CCC(CCC2CCC3C(CC4CCCCC4)CCC3C2)CC1
C1CCC2CCC3C4CCCCC4CCC3C2CC1
C1CCC(CCCCC2CC3CCCCC3C2)CC1
C1CCC(C2CCC3C(CCC4CCCCC43)C2)CC1
C1CCC2C(C1)CCC1C3CCCCC3CCC21
C(CCC1CCCC2CCCCC12)CC1CCCC2CCCCC12
C1CCC(CC2CCC(CC(CC3CCCCC3)C3CCCCC3)CC2)CC1
C1CCC(CC2CC3CCCCC3C3CCC4CCCCCC4C23)CC1
C1CCC(C2CCC3CC4C(CCC45CCCC5)CC32)CC1
C1CCC(CC2CCCC(C3CCC4CC(CCC5CCC6CCCCC6C5)CCC43)C2)C1
C(CCC1CC2CCCCC2C1)CCC1CCCC2CCCC12
C1CCC(CCCC2CCC3CCC(CC4CCCC5CCCC54)CC3C2)CC1
C1CCC(CCC2CCC3C(CCC3C3CCCCC3)C2)CC1
C1CCC2CC(CCCC3CCC4C3CCC3C5CCCCC5CCCC43)CC2C1
C1CCC(CCCC2CCC3CCC(C4CCCC5CCCC54)CC3C2)CC1
C(CCCC1CCCCC1)CCCC1CCC(C2CCCCC2)C1
C1CCC(CC2CCC3C(CC4CCCCC4)CCC3C2)CC1
C(CCC1CCCC2CCCC12)CC1CC2CCCCC2C1
C1CCC(CCCCCC2CCCC3CCCC23)CC1
C1CCC(CCC2CCC3C(CCC3C3CCCCC3)C2)CC1
C(CCCC1CCCC2C(C3CCCCC3)CCC12)CCC1CCCCC1
C1CCC(CC2CC3CCCCC3C3CCC4CCCCCC4C23)CC1
C1CCC2CC(C3CCCC4CCCC43)CCC2C1
C1CCC2C(C1)CCC1C3CCCCC3CCC21
C1CCC(C2CCC(CCCCCC3(C4CCCC4)CCCCC4CCCCC43)C2)CC1
C1CCC2CCC3C4CCCCC4CC(CC4CCCC4)C3C2CC1
C1CCC(CCC2CCC3C(CCC3C3CCCCC3)C2)CC1
C1CCC2C(C1)CCC1CCCCC12
C(CCCC1CCCC2C(C3CCCCC3)CCC12)CCC1CCCCC1
C1CCC(CCCCC2CC3CCCCC3C2)CC1
C1CCC(CCC2CCC(C3CCC3)CC2)CC1
C1CCC2CCC3C4CCCCC4CC(CC4CCCC4)C3C2CC1
C1CCC2CC(CCCC3CCC4C3CCC3C5CCCCC5CCC43)CCC2C1
C1CCC(CC2CCCC(CC3CC4CCCCC4C4CCC5CCCCCC5C34)C2)CC1
C1CCC(C2CC3CCCC3C3CCC4CCCCCC4C23)CC1
C1CCC(CCCC2CCC3C2CCC2C4CCCCC4CCC32)C1
C1CCC(CCCCC2CC3CCCCC3C2)CC1
C1CCC2CC(C3CCCC4CCCC43)CCC2C1
C1CCC(C2CCC3CC4C(CCC45CCCC5)CC32)CC1
C(CCC1CCC2C1CCC1C3CCCCC3CCC21)CC1CC2CCCCC2C1
C1CCC(CCC2CCC3C(CCC3C3CCCCC3)C2)CC1
C1CCC(CC2CCC3CCCC3C3CCC4CCCCC4C23)CC1
C1CCC2CCC(C3CCCC4CCCC43)CC2CC1
C(CCCC1CCCCC1)CCCC1CCC(C2CCCCC2)C1
C1CCC(CCCCC2CC3CCCCC3C2)CC1
C1CCC2CC3CCC4CCCC4C3CCC2C1
C1CCC(CCCCC2CC3CCCCC3C2)CC1
C1CCC2C(C1)CC(C1CCCC3CCCC31)C1CCCC21
C1CCC(CCCCCC2CCCCC2)CC1
C1CCC2CCC3C4CCC(CCCC5CCCC5)C4CCC3C2CC1
C1CCC2C(C1)CCC1C3CCCC3CCCC21
C1CCC(C2CCC3CCCCC3C3CCCCC23)CC1
C1CCC(C2CC3CCCC3C3CCC4CCCCC4CC23)CC1
C1CCC2CCC(C3CCCC4CCCC43)CC2CC1
C1CCC2C(C1)CCCC2CCCC1CCCC2CCCCC21
C1CCC2CCC3CCCCC3C2CC1
C1CCC(CCCCCC2CC3CCCCC3C2)CC1
C(CCCC1CCCC2C(C3CCCCC3)CCC12)CCC1CCCCC1
C1CCC2C(C1)CCC1CCCCC12
C1CCC(CCC2CCC3C(CCC3C3CCCCC3)C2)CC1
C1CCC(C2CC3CCCC3C3CCC4CCCCC4C23)CC1
C1CCC(CCCCC2CC3CCCCC3C2)CC1
C1CCC(C2CCC3CC4C(CCC5C6CCC(CCCCC7CCC8CCCCC8C7)C6CCC45)CC32)CC1
C1CCC(CC2CCC(CC(CC3CCCCC3)C3CCCCC3)CC2)CC1
C1CCC(CCC2CCC3C2CCC(C2CCCCC2)C2C4CCCCC4CCC32)CC1
C1CCC(CC2CCC(CCCC3CCC4C3CCC3C5CCCCC5CCC43)C2)CC1
C1CCC(C2CCC3(CCC4CCC5C(CCC5C5CCCCC5)CC43)C2)CC1
C1CCC(CCCC2CCC3C(CCC3C3CCCCC3)C2)CC1
C1CCC2C(C1)CCCC1C3CCCC3CCC21
C1CCC(CCC2CCC3C(CCC3C3CCCCC3)C2)CC1
C1CCC2CC(C3CCCC4CCCC43)CCC2C1
C1CCC(CC2CC3CCCCC3C3CCC4CCCCCC4C23)CC1
C1CCC(CCCCC2CC3CCCCC3C2)CC1
C1CCC2C(C1)CCC1C3CCCCC3CCC21
C1CCC(CC2CCC(CCC(CC3CCCCC3)C3CCCCC3)CC2)CC1
C1CCC2CC(CCCC3CCC4CC5CCC6CCCCC6C5CCC34)CC2C1
C1CCC2C(C1)CCC1C3CCCCC3CCCC21
C1CCC(CC2CCC3CC4C(CCC45CCCCC5)CC23)CC1
C1CCC2CCC(C3CCCC4CCCC43)CC2CC1
C1CCC(CCC(CCC2CCC3CCCC3C2)CC2CCCCC2)CC1
C1CCC(C2CCC3CC4C(CCCC45CCCCC5)CC32)CC1
C1CCC(CC2CC3CCCCC3C3CCC4CCCCCC4C23)CC1
C1CCC(CCCCCC2CC3CCCCC3C2)CC1
C1CCC(CCC2CCC3C(CCC3C3CCCCC3)C2)CC1
C1CCC(CCCC2CCC3C(CCC3C3CCCCC3)C2)CC1
C(CCC1CCCC2CCCCC12)CC1CC2CCCCC2C1
C1CCC(CCCCCC2CCCC3C(C4CCCCC4)CCC23)CC1
C1CCC2CC(C3CCCC4CCCC43)CCC2C1
C1CCC(CCC(CCC2CCC3CCCC3C2)CC2CCCCC2)CC1
C1CCC2C(C1)CCC1C3CCCC3CCC21
C1CCC(CC2CC3CCCCC3C3CCC4CCCCC4C23)CC1
C1CCC2CCC(C3CCCC4CCCC43)CC2CC1
C1CCC(CCC(CCC2CCC3CCCC3C2)CC2CCCCC2)CC1
C1CCC2CC(CCCC3CCC4C3CCC3C5CCCCC5CCCC43)CC2C1
C1CCC(CCCCCC2CCC3CCCCC23)CC1
C1CCC2CC(C3CCCC4CCCC43)CCC2C1
C1CCC2CCC3C4CCCCC4CC(CC4CCCC4)C3C2CC1
C(CCC1CC2CCCCC2C1)CCC1CCCC2CCCC12
C(CCC1CCCC2CCCCC12)CC1CCCC2CCCCC12
C1CCC(CCCCCC2CCCCC2)CC1
C1CCC(CC2CCC3CC4C(CCC45CCC(C4CCCCC4)C5)CC23)CC1
C1CCC(C2CC3CCCC3C3CCC4CCCCC4C23)CC1
C1CCC(CCC(CC2CC3CCCCC3C2)C2CC2)CC1
C1CCC2CC(CCCC3CCC4C3CCC3C5CCCCC5CCCC43)CC2C1
C1CCC(C2CCC(C3CC4CCCC4C4CCC5CCCCC5C34)CC2)C1
C1CCC(CCC2CCC3C(CCC3C3CCCCC3)C2)CC1
C1CCC(C2CC3CCCC3C3CCC4CCCCCC4C23)CC1
C1CCC(C2CCC3CC4C(CCC32)CCC2C3CCC(CCCC5CC6CCCCC6C5)C3CCC42)CC1
C1CCC2CC(C3CCCC4CCCC43)CCC2C1
C1CCC2C(C1)CCC1C3CCCC3CCC21
C1CCC(CC2CCCC(C3CCC4CC(CCC5CCC6CCCCC6C5)CCC43)C2)C1
C1CCC(CCC2CCC(CCCC3CCCC(CC4CCCC4)C3)CC2)CC1
C1CCC(CCCC2CCC3CCC(C4CCCC5CCCC54)CC3C2)CC1
C1CCC2CCC3C4CCCC4CCC3C2CC1
C1CCC2CC(CCCC3CCC4C3CCC3C5CCCCC5CCC43)CCC2C1
C1CCC2CC(CCCC3CCC4C3CCC3C5CCCCC5CCC43)CCC2C1
C1CCC(C2CC3CCCC3C3CCC4CCCCC4C23)CC1
C1CCC(CCCCC2CCC(C3CCC4C(CCC4C4CCCCC4)C3)CC2)CC1
C1CCC(C2CCC3CC4C(CCC5C6CCC(CCCCC7CC8CCCCC8C7)C6CCC45)CC32)CC1
C1CCC(CCC2CCCC3CC4C(CCC4C4CCCCC4)CC23)CC1
C1CCC(CCCCC2CC3CCCCC3C2)CC1
C1CCC(CC(CC2CCCCC2)C2CCCCC2)CC1
C1CCC2CC(C3CCCC4CCCC43)CCC2C1
C1CCC2C(C1)CC(C1CCCC3CCCC31)C1CCCCC21
C(CCCC1CCCC2C(C3CCCCC3)CCC12)CCC1CCCCC1
C1CCC(C2CCC3CCC4C(CCC5C6CCC(CCCC7CCC8CCCCC8C7)C6CCC45)CC32)CC1
C1CCC(C2CC3CCCC3C3CCCC4CCCCC4C23)CC1
C(CCC1CCC2CCCCC2C1)CCC1CCCC2CCCCC12
C1CCC(C2CC3CCCC3C3CCC4CCCCCC4C23)CC1
C1CCC(CCC2CCC(C3CCC4C(CC5CCCCC5)CCC4C3)CC2)CC1
C1CCC(CCCCC2CC3CCCCC3C2)CC1
C1CCC(CC2CC3CCCCC3C3CCC4CCCCC4C23)CC1
C1CCC(CCC2CCCCC3CC4C(CCC4C4CCCCC4)CC23)CC1
C1CCC(CC2CCC(C3CC4CCCC4C4CCCC5CCCCC5C34)CC2)CC1
C(CCC1CCCC2CCCCC12)CC1CC2CCCCC2C1
C1CCC2CC(C3CCCC4CCCC43)CCC2C1
C1CCC(CC2CC3CCCCC3CC3CCC4CCCCC4C32)CC1
C(CCCC1CCCC2C(C3CCCCC3)CCC12)CCC1CCCCC1
C1CCC(CCCCCC2CC3CCCCC3C2)CC1
C1CCC(C2CC3C(CCC4CC4)CCC3C3CCCC4CCCCC4C23)CC1
C1CCC(CCCC2CCCC(C3CCC4CC(CCC5CCC6CCCCC6C5)CCC43)C2)CC1
C1CCC(CCCCC2CC3CCCCC3C2)CC1
C1CCC2CC(C3CCCC4CCCC43)CCC2C1
C1CCC2CCC3C4CCCCC4CC(CC4CCCC4)C3C2CC1
C1CCC(CC2CCC(C3CC4CCCC4C4CCC5CCCCC5C34)CC2)CC1
C1CCC2C(C1)CCC1C3CCCCC3CCC21
C1CCC(CC23CCCCC2CCCC2C4CCCC4CCC23)CC1
C1CCC(CCCC2CCC3CCC(C4CCCC5CCCC54)CC3CC2)CC1
C1CCC(CC2CCC3C(CCC3C3CCCCC3)C2)CC1
C(CCC1CCCC2CCCCC12)CCC1CCCC2CCCC12
C1CCC(CCCCCC2CC3CCCCC3C2)CC1
C(CCCC1CCCCC1)CCC1CCCCC1
C1CCC(CCCCCC2CCCC3C(C4CCCCC4)CCC23)CC1
C1CCC2C(C1)CCC1C3CCCC3CCC21
C1CCC2CCC3C4CCC(CCCC5CC6CCCCC6C5)C4CCC3C2CC1
C(CCCC1CCC2CCCC2C1)CCC1CCCCC1
C1CCC(CCCCC2CC3CCCCC3C2)CC1
C1CCC(CCCC2CCC3CCC(CC4CCCC5CCCC54)CC3C2)CC1
C1CCC2CCC(C3CCCC4CCCC43)CC2CC1
C(CCCCC1CCC(C2CCCCC2)C1)CCCC1CCCCC1
C1CCC2C(C1)CCC1CCCCC12
C1CCC(CCCC2CCC3C(CCC4C5CCCC5CC(CCC5CCCCC5)C34)C2)CC1
C1CCC(C2CCC3CC4C(CCC5C6CCCC(CCCC7CCCC8CCCCC87)C6CCC45)CC32)CC1
C1CCC(CCCCCC2CCCC3C(C4CCCCC4)CCC23)CC1
C1CCC(C2CCC3CCC4C(CCC5C6CCC(CCCC7CCC8CCCCC8C7)C6CCC45)CC32)CC1
C1CCC(CCCCCC2CCC3CCCCC23)CC1
C1CCC(CCCCCC2CCCC3C(C4CCCCC4)CCC23)CC1
C1CCC(CCCC2CCC3CCC(C4CCCC5CCCC54)CC3C2)CC1
C1CCC(C2CCC3CC4C(CCC45CCCC5)CC32)CC1
C1CCC(CCCC2CCC3CCCC3C2)CC1
C1CCC(CCCCC2CCC3CCCCC23)CC1
C1CCC2C(C1)CCC1CCCCC12
C1CCC2CCC3C4CCCCC4CC(CC4CCCC4)C3C2CC1
C1CCC(CCCC2CCCC(C3CCC4CC(CCC5CCC6CCCCCC6C5)CCC43)C2)CC1
C1CCC(CCCCC2CCC3CCCCC23)CC1
C1CCC(CCCCC2CCC3CCCCC23)CC1
C(CCCCC1CCC(C2CCCCC2)C1)CCCC1CCCCC1
C1CCC(CCC(CCC2CCC3CCCC3C2)CC2CCCCC2)CC1
C1CCC2CCC3CCCCC3C2CC1
C1CCC(C2CC3CCCCC3C3CCC4CCCCC4C23)CC1
C1CCC2CC(C3CCCC4CCCC43)CCC2C1
C1CCC(CCCCC2CCC3CCCCC23)CC1
C1CCC(C2CC3CCCCC3C3CCCCC23)CC1
C1CCC2CC(C3CCCC4CCCC43)CCC2C1
C1CCC(CCC(CCC2CCCCC2)CCC2CCC3CCCC3C2)CC1
C1CCC2C(C1)CCC1CCCCC12
C1CCC(CCCCC2CC3CCCCC3C2)CC1
C1CCC(CCC2CCC3C2CCC2CC4CCCCC4CCC23)C1
C1CCC2CCC3C4CCCC4CCC3C2CC1
C1CCC(CCCCC2CC3CCCCC3C2)CC1
C1CCC(CCC2CCCC3CC4C(CCC4C4CCCCC4)CC23)CC1
C1CCC(CCC2CCC3C(CCC3C3CCCCC3)C2)CC1
C1CCC(C2CCC3CC4C(CCC32)CCC42CCCCC2)CC1
C1CCC(CCC2CCC3C(CCC3C3CCCCC3)C2)CC1
C1CCC(C2CCC3CC4C(CCC45CCCC5)CC32)CC1
C(CCCCC1CCC(C2CCCCC2)C1)CCCC1CCCCC1
C1CCC(CCCCC2CC3CCCCC3C2)CC1
C1CCC(C2CCC(CCCCCC3CCCCC4CCCCC34)C2)CC1
C(CCC1CCC2C1CCC1C3CCCCC3CCC21)CC1CC2CCCCC2C1
C1CCC(CC2CCC3C(CCC3C3CCCCC3)C2)CC1
C(CCCC1CCCCC1)CCCC1CCC(C2CCCCC2)C1
C(CCC1CCC2C1CCC1C3CCCCC3CCC21)CC1CCC2CCCCC2C1
C1CCC2C(C1)CCCC1C3CCCC3CCC21
C1CCC(CCC2CCC(C3CCC4C(CCC4C4CCCCC4)C3)CC2)CC1
C1CCC(CCCCC2CCC3C2CCC2C4CCCCC4CCC32)CC1
C1CCC(CCC2CCC3C(CCC3C3CCCCC3)C2)CC1
C1CCC2C(C1)CCC1C3CCCC3CCC21
C1CCC(CCCC(CCC2CCC3C(CCC3C3CCCCC3)C2)C2CCCCC2)CC1
C1CCC(C2CCC3CC4C(CCC45CCCCCC5)CC32)CC1
C1CCC(CC2CCCC(CCCC3CCC(CCC4CCC(C5CC5)CC4)CC3)C2)C1
C1CC2CCC3C(CCC4CCCCC43)CC2C1
C(CCCCC1CCC(C2CCCCC2)C1)CCCC1CCCCC1
C1CCC(CCCCCC2CCC3CCCCC23)CC1
C1CCC(CCCCC2CC3CCCCC3C2)CC1
C1CCC2C(C1)CCC1C2CCC2C3CCCCC3CC21
C(CCCC1CCCCC1)CCCC1CCC(C2CCCCC2)C1
C1CCC(CC2CCC3C(CCCCCC4CCC(C5CCCC5)C4)CCCC23)CC1
C1CCC(C2CCC3CCC4C(CCCC45CCCC5)CC32)CC1
C1CCC(CCCC2CCCC3CCC(C4CCCC5CCCC54)CC23)CC1
C1CCC2CCC(C3CCCC4CCCC43)CC2CC1
C1CCC(CCCCC2CC3CCCCC3C2)CC1
C1CCC(CCC2CCC3C(CCC4C5CCCC5CCC34)C2)CC1
C1CCC(C2CCC(CCCC3CCC4C3CCC3C5CCCCC5CCC43)C2)CC1
C1CCC(CCCCC2CC3CCCCC3C2)CC1
C1CCC(CCCC23CCCC2CC2C(CCC4C5CCCCC5CCC24)C3)C1
C1CCC(CC2CC3CCCCC3C3CCC4CCCCC4C23)CC1
C1CCC(CCC2CCC3C(CCC3C3CCCC(CC4CCCCC4)C3)C2)CC1
C(CCCC1CCCC2C(C3CCCCC3)CCC12)CCC1CCCCC1
C1CCC(CCCCCC2CCC3C(CCC3C3CCCCC3)C2)CC1
C1CCC(CC2CCC3C(CCC3C3CCCCC3)C2)CC1
C1CCC(CCC2(CCCC3CCC4CCCCC4C3)CCC3C4CCC5CCCCC5C4CCC32)C1
C1CCC(CC2CCC3CC4C(CCC45CCCC5)CC23)CC1
C1CCC(CCC2CCC3C(CCC4CCCCC43)C2)CC1
C1CCC2CCC(C3CCCC4CCCC43)CC2CC1
C1CCC(C2CCC3C(CCCC4CCCCC43)C2)CC1
C(CCCC1CCCC2C(C3CCCCC3)CCC12)CCC1CCCCC1
C1CCC(C2CCC3CCCC3C3CCC4CCCCC4C23)CC1
C1CCC(C2CC3CCCCC3C3CCCCC23)CC1
C1CCC(CCCCC2CC3CCCCC3C2)CC1
C1CCC2CCC3C4CCCCC4CC(CC4CCCC4)C3C2CC1
C(CCCC1CCCCC1)CCCC1CCC(C2CCCCC2)C1
C1CCC(CCCCC2CC3CCCCC3C2)CC1
C(CCC1CCCCC2CCCCC12)CC1CCC2CCCCC2C1
C1CCC2CCC3C4CCCCC4CCC3C2CC1
C1CCC2CCC(C3CCCC4CCCC43)CC2CC1
C(CCC1CCCC2CCCC12)CC1CC2CCCCC2C1
C1CCC(CCCCC2CC3CCCCC3C2)CC1
C(CCCCC1CCC(C2CCCCC2)C1)CCCC1CCCCC1
C(CCC1CCC2C1CCC1C3CCCCC3CCC21)CC1CCC2CCCCC2C1
C1CCC2C(C1)CC(C1CCCC1)C1CCCCC21
C1CCC(CC2CC3CCCCC3C3CCC4CCCCCC4C23)CC1
C1CCC2CCC3C4CCCC4CCC3C2CC1
C1CCC(CCCC2CCC(C3CCCC4C(C5CCCCC5)CCC34)C2)CC1
C(CCCC1CCCC2C(C3CCCCC3)CCC12)CCC1CCC(C2CCCC2)C1
C1CCC(CCC2(CCCC3CCC4CCCCC4C3)CCC3C4CCC5CCCCC5C4CCC32)C1
C1CCC(CCCCCC2CCCC3C(CC4CCCCC4)CCC23)CC1
C(CCC1CCC2C1CCC1C3CCCCC3CCC21)CC1CC2CCCCC2C1
C1CCC(C2CCC3CCCC3C3CCC4CCCCC4C23)CC1
C1CCC(CCCCCC2CCC3CCCCC23)CC1
C1CCC(CCCCCC2CC3CCCCC3C2)CC1
C1CCC2CC(CCCC3CCC4C3CCC3C5CCCCC5CCCC43)CC2C1
C1CCC(CCCCCC2CC3CCCCC3C2)CC1
C(CCC1CCCC2CCCC12)CC1CC2CCCCC2C1
C1CCC(CCC2CCC(C3CC3)CC2)CC1
C1CCC2CCC3C4CCCCC4CC(CC4CCCC4)C3C2CC1
C(CCCC1CCCCC1)CCCC1CCC(CC2CCCCC2)C1
C1CCC2C(C1)CCCC2CCCC1CCCC2CCCCC21
C1CCC2C(C1)CCC1C3CCCC3CCC21
C1CCC2C(C1)CCC1C3CCCCC3CCC21
C1CCC2CCC3C4CCC(CCCC5CC6CCCCC6C5)C4CCC3C2CC1
C1CCC(CCCCC2CCC3CCCCC23)CC1
C1CCC(CCCCC2C3CCCCCC3CCC2C2CCCC3CCCC32)CC1
C1CCC2CC(CCCC3CCC4C3CCCC3C5CCCCC5CCC34)CC2C1
C1CCC(C2CC3CCCC3C3CCC4CCCCC4C23)CC1
C1CCC(CCCCCC2CCCC3CCCC23)CC1
C1CCC(CC2CC3CCCCC3CC3CCC4CCCCC4C32)CC1
C1CCC(CCCCCC2CCCC3C(C4CCCCC4)CCC23)CC1
C1CCC(CCCCC2CCC3CCC(C4CCCC5CCCC54)CC3C2)CC1
C1CCC2CCC3C(CCC4C3CCC4(CCCC3CCC4CCCCC4C3)CCC3CCCC3)C2CC1
C1CCC(CCCCC2CC3CCCCC3C2)CC1
C(CCCCC1CCCC(CC(CC2CCC(CC3CCCCC3)CC2)C2CCCCC2)C1)CCCCC1CCC2C(CCC3C4CCCC4CCC23)C1
C1CCC2CCC(C3CCCC4CCCC43)CC2CC1
C1CCC(CCCCCC2CCCC3C(C4CCCCC4)CCC23)CC1
C1CCC(C2CCC3CC4C(CCC45CCCCC5)CC32)CC1
C1CCC2C(C1)CCC1C3CCCC3CCC21
C(CCC1CCCC2CCCCC12)CC1CC2CCCCC2C1
C1CCC(C2CC3CCCC3C3CCC4CCCCC4C23)CC1
C1CCC(C2CCC3CC4C(CCC32)CCC2C3CCC(CCCC5CC6CCCCC6C5)C3CCC42)CC1
C1CCC(CCC(CCC2CCC3CCCCC3C2)CC2CCCCC2)CC1
C1CCC(C2CC3CCCC3C3CCC4CCCCC4C23)CC1
C1CCC(CC2CC3CCCCC3C3CCC4CCCCC4C23)CC1
C1CCC(C2CC3CCCC3C3CCC4CCCCC4C23)CC1
C1CCC(CCCCC2CC3CCCCC3C2)CC1
C1CCC(C2CC3CCCC3C3CCC4CCCCCC4C23)CC1
C1CCC(CCCC2CCC(C3CCC4C(CCC4C4CCCCC4)C3)CC2)CC1
C1CCC(CCCCCC2CCCC3C(CC4CCCCC4)CCC23)CC1
C1CCC(CCC2CCC(C3CCC4C(CCC4C4CCCCC4)C3)CC2)CC1
C1CCC(CCCCCC2CCCC3C(C4CCCCC4)CCC23)CC1
C1CCC2CC(CC3CCCC4CCCC43)CCC2C1
C(CCC1CCC2CCCCC2C1)CCC1CCCC2CCCCC12
C1CCC(CCC2CCC3C(CCC3C3CCCCC3)C2)CC1
C1CCC2CC(C3CCCC4CCCC43)CCC2C1
C1CCC(C2CCC(CCCCCC3CCCCC4CCCCC34)C2)CC1
C1CCC2C(C1)CCCC2CCCC1CCCC2CCCCC21
C1CCC2CC(C3CCCC4CCCC43)CCC2C1
C(CCC1CCCC2CCCCC12)CCC1CCCC2CCCCC12
C1CCC(CCC(CCCC2CCC3CCCC3C2)CC2CCCCC2)CC1
C1CCC2CCC(C3CCCC4CCCC43)CC2CC1
C1CCC(CCCCCC2CC3CCCCC3C2)CC1
C1CCC2CC(C3CCCC4CCCC43)CCC2C1
C1CCC2CC(CC3CCC4CCCCC43)CCC2C1
C1CCC(CCC2CCC3C(CCC3C3CCCCC3)C2)CC1
C(CCCC1CCCC2C(C3CCCCC3)CCC12)CCC1CCCCC1
C1CCC2C(C1)CC(C1CCCC3CCCCC31)C1CCCC21
C1CCC(C2CC3CCCC3C3CCC4CCCCC4C23)CC1
C1CCC(CCCCCC2CCCC3C(CC4CCCCC4)CCC23)CC1
C1CCC2CCC(C3CCCC4CCCC43)CC2CC1
C1CCC2C(C1)CCC1CCCCC12
C(CCC1CCCC2CCCC12)CC1CC2CCCCC2C1
C(CCCC1CCCCC1)CCC1CCCCC1
C(CCCC1CCCCC1)CCCC1CCC(C2CCCCC2)C1
C1CCC(CCCCC2CCC3C2CCCC2C4CCCCC4CCC23)CC1
C1CCC2CCC3C4CCCC4CCC3C2CC1
C1CCC(C2CCC3CC4C(CCC45CCCCCC5)CC32)CC1
C1CCC(C2CC3CCCC3C3CCC4CCCCCC4C23)CC1
C1CCC(C2CC3CCCC3C3CCCC4CCCCC4C23)CC1
C1CCC2CC(CCCC3CCC4CC5CCC6CCCCC6C5CCC34)CC2C1
C1CCC(CCCC2CCCC(C3CCC4CC(CCC5CCC6CCCCCC6C5)CCC43)C2)CC1
C1CCC(CC2CCC3CC4CCCCC4CC23)CC1
C1CCC(C2CCC(CCCCCC3(C4CCCCC4)CCC3)C2)CC1
C1CCC(CCC(CC2CC3CCCCC3C2)C2CC2)CC1
C1CCC2C(C1)CC(C1CCCC1)C1CCCCC21
C1CCC2C(C1)CCCC2CC1CC2CCCCC2C2CCCC12
C1CCC2CC(CCCC3CCC4C3CCC3C5CCCCC5CCC43)CC2C1
C1CCC(CCCCCC2CCC3CCCC3C2)CC1
C1CCC(CCC2CCC3C(CCC3C3CCCCC3)C2)CC1
C1CCC2C(C1)CCC1CCCCC12
C1CCC(CCC2CCC(CCC3CCCCC3)CC2)CC1
C1CCC(CC2CCC3C(CCC3C3CCCCC3)C2)CC1
C1CCC(CC2CCCC(CC3CC4CCCCC4C4CCC5CCCCCC5C34)C2)CC1
C1CCC2CC(C3CCCC4CCCC43)CCC2C1
C1CCC(CCCC2CCC3CCC(C4CCCC5CCCC54)CC3C2)CC1
C1CCC(CCCCCC2CCCC3C(C4CCCCC4)CCC23)CC1
C(CCCC1CCCCC1)CCCC1CCC(C2CCCCC2)C1
C1CCC(CC2CCC(CCCCCC3(C4CCCC4)CCCC4CCCCC43)C2)CC1
C1CCC(CCC(CCC2CCC3CCCC3C2)CC2CCCCC2)CC1
C(CCCC1CCCC2C(C3CCCCC3)CCC12)CCC1CCCCC1
C1CCC2CC(C3CCCC4CCCC43)CCC2C1
C1CCC2C(C1)CCC1C3CCCC3CCC21
C1CCC(CCC2CCC3C(CCC3C3CCCCC3)C2)CC1
C1CCC(C2CCC3CC4C(CCC5C6CCC(CCCC7CCC8CCCCC8C7)C6CCC45)CC32)CC1
C1CCC2C(C1)CCC1C3CCCC3CCC21
C1CCC(C2CCC3CCC4C(CCC45CCCC5)CC32)CC1
C(CCCC1CCCCC1)CCCC1CCC(C2CCCCC2)C1
C1CCC2CCC3C(CCC4C3CCC4(CCCC3CC4CCCCC4C3)CCC3CCCC3)C2CC1
C(CCCC1CCCC2CCCC12)CCC1CCC2CCCCC2C1
C1CCC(CCCC2(CCC3CCCC3)CCC3C4CCC5CCCCC5C(CCC32)C4)CC1
C1CCC2CCC3C4CCCC4CCC3C2CC1
C1CCC(CCCCC2CC3CCCCC3C2)CC1
C1CCC(C2CCC3C(CCC4CCCCC43)C2)CC1
C1CC(C2CCC(C3CC4CCCC4CC4CCC5CCCCC5C43)CC2)C1
C(CCC1CCC(C2CC3CCCC3C3CCC4CCCCC4C23)CC1)CCC1CCC2C(CCC3C4CCCC4CCC23)C1
C1CCC(CC2CCC3CCCCC3C3CCC4CCCCC4C23)CC1
C1CCC(CCCC23CCCC2CC2C4CCC5CCCCC5C4CCC23)CC1
C1CCC(CCC2CCCC3CC4C(CCC4C4CCCCC4)CC23)CC1
C1CCC(CC2CC3CCCCC3C2C2CCCCC2)CC1
C1CCC2CCC(C3CCCC4CCCC43)CC2CC1
C(CCC1CCCC2CCCCC12)CC1CCC2CCCCC2C1
C(CCC1CCCC2CCCCC12)CC1CC2CCCCC2C1
C1CCC(CCCCC2CC3CCCCC3C2)CC1
C1CCC(C2CC3CCCC3C3CCC4CCCCCC4C23)CC1
C(CCC1CCC2CCCCC2C1)CCC1(C2CCCC2)CCCC2CCCCC21
C1CCC2C(C1)CCC1CCCCC12
C1CCC(CCCC2CCC3C(CCC4C5CCCC5CCC34)C2)CC1
C1CCC(C2CCC3CCCC3C3CCC4CCCCC4C23)CC1
C1CCC2CCC3C4CCCC4CCC3C2CC1
C1CCC(CCCCC2CCC3CCCCC23)CC1
C1CCC(CCC2CCC3C(CCC3C3CCCCC3)C2)CC1
C1CCC(C2CC3CCCC3C3CCC4CCCCCC4C23)CC1
C1CCC2CCC3C4CCCC4CC(C4CCC(C5CCC5)CC4)C3C2CC1
C1CCC(CCCCC2CC3CCCCC3C2)CC1
C1CCC(CCCCCC2CCC3CCCCC23)CC1
C1CCC2CC3CCCCC3CCC2C1
C1CCC(CCC2CCC(CCC3CCCC(CC4CCCC4)C3)CC2)CC1
C1CCC(CCCCCC2CC3CCCCC3C2)CC1
C1CCC(CCCC(CC2CC3CCCCC3C2)C2CC2)CC1
C1CCC(CCC2CCC3C(CCC3C3CCCCC3)C2)CC1
C1CCC(CCCCC2CCCC(C3CCC4CC(CCC5CCC6CCCCC6C5)CCC43)C2)CC1
C(CCC1CCCC2CCCC12)CC1CC2CCCCC2C1
C1CCC(CCCC(CC2CC3CCCCC3C2)C2CCCC2)CC1
C1CCC(C2CCC3CCC4CCCCC4C3CC2)CC1
C1CCC(CC2CC3CCCCC3C3CCC4CCCCCC4C23)CC1
C(CCC1CCCC2CCCCC12)CC1CCC2CCCCC2C1
C1CCC2CCC3C4CCCC4CCC3C2CC1
C(CCCC1CCCC2C(C3CCCCC3)CCC12)CCC1CCCCC1
C1CCC(CCCC2CCC3C(CCC3C3CCCCC3)C2)CC1
C(CCCC1CCCC2C(C3CCCCC3)CCC12)CCC1CCCCC1
C1CCC2CCC(C3CCCC4CCCC43)CC2CC1
C1CCC(CCCCCC2CC3CCCCC3C2)CC1
C1CCC(C2CCC3CC4C(CCC5C6CCC(CCCC7CC8CCCCC8C7)C6CCC45)CC32)CC1
C1CCC(CCCCC2CCC3CCCCC23)CC1
C1CCC(CC2CCC3C(CCC4CCCCC43)C2)CC1
C1CCC(CC2CCC3C(CCC3C3CCCCC3)C2)CC1
C1CCC(CCCCC2CC3CCCCC3C2)CC1
C1CCC(C2CC3CCCCC3C3CCC4CCCCC4C23)CC1
C1CCC(CCC2CCC3C(CCC3C3CCCCC3)C2)CC1
C1CCC(CCC(CC2CC2)CC2CC3CCCCC3C2)CC1
C1CCC2C(C1)CCCC1C3CCCC3CCC21
C1CCC(CCCC2CCCC3C2CCC2C4CCCCC4CCC32)C1
C1CCC(CCC2CCC(C3CCC3)CC2)CC1
C1CCC(C2CCC3C(CCC4CCCCC43)C2)CC1
C1CCC(CCCCCC2CCCC3C(C4CCCCC4)CCC23)CC1
C1CCC(CCCC2CCC3C2CCC2C4CCCCC4CCC32)C1
C1CCC2C(C1)CCC1CCCCC12
C1CCC(C2CC3CCCCC3C3CCC4CCCCC4C23)CC1
C1CCC(C2CCC3CC4C(CCC5C6CCCC(CCCC7CC8CCCCC8C7)C6CCC45)CC32)CC1
C1CCC(CCCCC2CC3CCCCC3C2)CC1
C(CCC1CCC2C(CCC3C4CCCC4CCCC23)C1)CC1CCC(C2CCC(C3CC4CCCC4C4CCC5CCCCC5C34)CC2)CC1
C1CCC(CCC2CCC(CCC3CCCCC(CC4CCCC4)C3)CC2)CC1
C1CCC2C(C1)CCC1CCCCC12
C1CCC(CC2CCC3CC4C(CCC5C6CCC(CCCC7CCC8CCCCC8C7)C6CCC45)CC23)CC1
C1CCC(CCC2CC3CCCC3C3CCC4CCCCC4C23)CC1
C1CCC(CCC2CCC3C(CCC3C3CCCCC3)C2)CC1
C1CCC(C2CCC3CCC4C(CCC45CCCC5)CC32)CC1
C1CCC(CCCCCC2CCC3CCCCC23)CC1
C1CCC(CCCCC2CC3CCCCC3C2)CC1
C1CCC(C2CCC(CC3CC4CCCCC4C4CCC5CCCCCC5C34)CC2)CC1
C1CCC(CCCCC2CCC3CCCCC23)CC1
C1CCC(C2CC3CCCC3C3CCCC4CCCCC4C23)CC1
C(CCC1CCC2C(CCC3C4CCCC4CCC23)C1)CC1CCC(C2CC3CCCC3C3CCC4CCCCC4C3C2)CC1
C1CCC2C(C1)CCC1C3CCCC3CCC21
C1CCC(CC2CCC(CC(CC3CCCCC3)C3CCCCC3)CC2)CC1
C1CCC(CC2CCC(C3CC4CCCC4C4CCCC5CCCCC5C34)CC2)CC1
C1CCC(C2CCC3CCC4(CCCCCC4)C3C2)CC1
C1CCC2C(C1)CCC1C3CCCC3CCC21
C1CCC(CCC2CCC3C(CCC3C3CCCCC3)C2)CC1
C1CCC(CCC2CCC3C(CCC3C3CCCCC3)C2)CC1
C1CCC(CCC2CC3CCCC3C3CCC4CCCCCC4C23)CC1
C1CCC(C2CCC3CCCC3C3CCC4CCCCCC4C23)CC1
C1CCC2C(C1)CCCC2CCCC1CCCC2CCCCC21
C1CCC2CC(CCCC3CCC4C3CCCC3C5CCCCC5CCC34)CC2C1
C1CCC2C(C1)CCCC1C3CCCC3CCC21
C(CCCC1CCCC2C(C3CCCCC3)CCC12)CCC1CCCCC1
C(CC1CCCC2CCCCC2C1)CC1CC2CCCCC2C1
C1CCC(CCCC(CCC2CCC3CCCC3C2)CC2CCCCC2)CC1
C1CCC(CC2CC3CCCCC3C3CCC4CCCCCC4C23)CC1
C1CCC(C2CC3CCCCC3C3CCC4CCCCC4C23)CC1
C(CCCC1CCCCC1)CCCC1CCC(C2CCCCC2)C1
C1CCC(C2CCC3CCCC3C3CCC4CCCCC4C23)CC1
C1CCC2CCC3C(CCC4C3CC3CCCC34CCCC3CCCC3)C2CC1
C1CCC2C(C1)CCC1C3CCCC3CCC21
C1CCC2CC(CCCC3CCC4C3CCC3C5CCCCC5CCC43)CC2C1
C1CCC(C2CCC3C(CCCC4CCCCC43)C2)CC1
C1CCC2CCC3C4CCCCC4CC(CC4CCCC4)C3C2CC1
C(CCC1CCCC2CCCC12)CC1CC2CCCCC2C1
C1CCC(CCCCCC2CC3CCCCC3C2)CC1
C1CCC2C(C1)CC(C1CCCC3CCCC31)C1CCCCC21
C1CCC(C2CCC3CC4C(CCC5C6CCC(CCCC7CCC8CCCCC8C7)C6CCC45)CC32)CC1
C1CCC(CCC2CCC3C(CCC3C3CCCCC3)C2)CC1
C1CCC2CCC3C4CCCCC4CCC3C2CC1
C1CCC2CC(CCCC3CCC4C3CCC3C5CCCCC5CCCC43)CCC2C1
C1CCC(CCCCC2CC3CCCCC3C2)CC1
C1CCC2CCC3C(CCC4C3CCC4(CCCC3CC4CCCCC4C3)CCC3CCCC3)C2CC1
C1CCC(CCC2CCC3C(CCC3C3CCCCC3)C2)CC1
C1CCC(CCCCCC2CCCC3C(C4CCCCC4)CCC23)CC1
C(CCC1CCC2C1CCC1C3CCCCC3CCC21)CC1CC2CCCCC2C1
C1CCC2C(C1)CCC1C2CCC2C3CCCC3CC21
C1CCC(CCCCC2CC3CCCCC3C2)CC1
C(CCCCC1CCC(C2CCCCC2)C1)CCCC1CCCCC1
C1CCC2C(C1)CCC1CCCCC12
C1CCC2CCC(C3CCCC4CCCC43)CC2CC1
C1CCC(C2CCC3CC4(CCCCC4C4CCCCC4)CCC32)CC1
C1CCC(CCC2CCC(CCC3CCCC(CC4CCCC4)C3)CC2)CC1
C1CCC2CC(CCCC3CCC4C3CCC3C5CCCCC5CCCC43)CC2C1
C1CCC(CCCCC2CCC3CCC(C4CCCC5CCCC54)CC3C2)CC1
C1CCC(CCCCCC2CC3CCCCC3C2)CC1
C1CCC(C2CCC3CCC4C(CCC5C6CCC(CCCC7CC8CCCCC8C7)C6CCC45)CC32)CC1
C1CCC(CC2CCC(CC(CC3CCCCC3)C3CCCCC3)CC2)CC1
C1CCC2C(C1)CCC1C3CCCCC3CCC21
C1CCC(CC2CCC3C(CCC3C3CCCCC3)C2)CC1
C1CCC2C(C1)CC(C1CCCC1)C1CCCCC21
C1CCC(CCC2CCC(C3CCC4C(CCC4C4CCCCC4)C3)CC2)CC1
C1CCC(CCCCC2CCC3CCCCC23)CC1
C1CCC2CCC3C4CCC(CCCC5CC6CCCCC6C5)C4CCC3C2CC1
C1CCC2CCC3C4CCCCC4CCC3C2CC1
C1CCC(CCC2CCC3C(CCC3C3CCCCC3)C2)CC1
C1CCC2CCC(C3CCCC4CCCC43)CC2CC1
C1CCC2CC(C3CCCC4CCCC43)CCC2C1
C1CCC(C2CCC3CC4C(CCC5C6CCC(CCCC7CCC8CCCCC8C7)C6CCCC45)CC32)CC1
C1CCC(CCCCCC2CC3CCCCC3C2)CC1
C1CCC(CCCCCC2CCCC3C(C4CCCCC4)CCC23)CC1
C1CCC(CCC2CCC(C3CCC4C(CCC4C4CCCCC4)C3)CC2)CC1
C1CCC2CCC(C3CCCC4CCCC43)CC2CC1
C1CCC(CCCCCC2CCCC3C(CC4CCCCC4)CCC23)CC1
C1CCC2CCC3C4CCCC4CCC3C2CC1
C1CCC(CCC2CCC3C(CCC4CCCCCC43)C2)CC1
C1CCC2CC(CCCC3CCC4C3CCC3C5CCCCC5CCC43)CC2C1
C1CCC(CCCC2CCCC3C2CCC2C4CC5CCC(C6CCCCC6)C5CC4CCC32)CC1
C1CCC(CCC2CCCCC3CC4C(CCC4C4CCCCC4)CC23)CC1
C1CCC(CCCCC2CC3CCCCC3C2)CC1
C1CCC(CCCC2CC3CCCCC3C2C2CCCCC2)CC1
C1CCC(CC2CCC3CC4C(CCC5C6CCC(CCCC7CC8CCCCC8C7)C6CCC45)CC23)CC1
C1CCC(CCC2CCC3C(CCC3C3CCCCC3)C2)CC1
C1CCC(CCCC2CCC3C2CCC2C4CC5CCC(C6CCCCC6)C5CCC4CCC32)CC1
C1CCC(CCCCCC2CCC3C(CCC3C3CCCCC3)C2)CC1
C1CCC(CCCCCC2CCCC3C(C4CCCCC4)CCC23)CC1
C1CCC(CC(CC2CCCCC2)C2CCCCC2)CC1
C1CCC2C(C1)CCC1CCCCC12
C1CCC(CCC(CCC2CCC3CCCC3C2)CC2CCCCC2)CC1
C1CCC(C2CC3CCCC3C3CCC4CCCCC4C23)CC1
C(CCC1CCCC2CCCCC12)CC1CCCC2CCCCC12
C1CCC2C(C1)CCCC1CCCCC12
C1CCC(CCC2(CCCC3CCC4CCCCC4C3)CCC3C4CCC5CCCCC5C4CCC32)C1
C1CCC(C2CCC3CCCC3C3CCCC4CCCCC4C23)CC1
C1CCC(C2CCC3CC4C(CCCC45CC(C4CCCCC4)C(C4CCCCC4)C5)CCC32)CC1
C(CCCC1CCCC2C(C3CCCCC3)CCC12)CCC1CCCCC1
C1CCC(CC2CCC3CC4C(CCC45CCCC5)CC23)CC1
C1CCC(C2CCC3CC4C(CCCC45CCCCC5)CC32)CC1
C1CCC(C2CCC3C(CCC34CCCC4)C3CCC4CCCCC4C23)CC1
C1CCC(C2CCC3CC4C(CCC45CCCC5)CC32)CC1
C1CCC(CCC2CCC3C(CCC3C3CCCCC3)C2)CC1
C1CCC(CCCC(CC2CCC3C(CCC3C3CCCCC3)C2)C2CCCCC2)CC1
C1CCC(CCCCCC2CCCC3C(C4CCCCC4)CCC23)CC1
C1CCC(CCCCCC2CCC3CCCCC3C2)CC1
C1CCC(CCC2CCC3C(CCC3C3CCCCC3)C2)CC1
C(CCC1CCCC2CCCCC12)CC1CC2CCCCC2C1
C1CCC(C2CCC3C(CCCC4CCCCC43)C2)C1
C1CCC(C2CC3CCCC3C3CCC4CCCCC4C23)CC1
C1CCC(C2CC3CCCC3C3CCC4CCCCC4CC23)CC1
C1CCC(CCCCC2CC3CCCCC3C2)CC1
C1CCC(C2CCC3CC4(CCCCCC4C4CCCCC4)CCC32)CC1
C1CCC2C(C1)CCC1C3CCCC3CCC21
C1CCC(C2CCC3CC4C(CCCC45CCCCC5)CC32)CC1
C1CCC(CCCCC2CC3CCCCC3C2)CC1
C1CCC(CCC2CCC(CCC3CCCCC3)CC2)CC1
C1CCC(C2CC3CCCC3C3CCC4CCCCC4C23)CC1
C1CCC2C(C1)CCC1C2CCC2C3CCCC3CC21
C1CCC(CCCCCC2CC3CCCCC3C2)CC1
C1CCC(C2CCC3CC4C(CCC32)CCC42CCCC2)CC1
C1CCC(CCC2CCC(CCC3CCCC(CC4CCCC4)CC3)CC2)CC1
C1CCC(CCCCC2CC3CCCCC3C2)CC1
C1CCC(CC2CCC(CC(CC3CCCCC3)C3CCCCC3)CC2)CC1
C1CCC(CCCCCC2CCCC3C(C4CCCCC4)CCC23)CC1
C1CCC(CCCCCC2CC3CCCCC3C2)CC1
C1CCC(C2CC3CCCC3C3CCC4CCCCCC4C23)CC1
C1CCC(CCC(CCC2CCC3CCCC3C2)CC2CCCCC2)CC1
C1CCC(C2CCC3C(CCC4CCCCC43)C2)CC1
C1CCC2CC(C3CCCC4CCCC43)CCC2C1
C1CCC2CCC3C4CCCCC4CC(CC4CCCC4)C3C2CC1
C1CCC(CCCCCC2CC3CCCCC3C2)CC1
C1CCC2C(C1)CC(C1CCCC1)C1CCCC21
C1CCC2CC(C3CCCC4CCCC43)CCC2C1
C1CCC(CCCCCC2CCC3CCCCC23)CC1
C(CC1CCC(C2CCCC2)CC1)CC1CCC2CCCC2C1
C1CCC(CCC2CCC3C(CCC3C3CCCCC3)C2)CC1
C1CCC(C2CCC(C3CC4CCCC4C4CCC5CCCCC5C34)CC2)C1
C1CCC(CC2CCC3C(CCC3C3CCCCC3)C2)CC1
C1CCC(CCC2CCCC3CC4C(CCC4C4CCCCC4)CC23)CC1
C1CCC(CCCC2CCC3C2CCC2C4CC5CCC(CC6CCCCC6)C5CC4CCC32)CC1
C(CCC1CCCC2CCCC12)CC1CC2CCCCC2C1
C1CCC2CCC(C3CCCC4CCCC43)CC2CC1
C1CCC(C2CC3CCCC3C3CCC4CCCCCC4C23)CC1
C1CCC(C2CCC3C(CCC34CCCC4)C3CCC4CCCCC4C23)CC1
C1CCC2CCC(C3CCCC4CCCC43)CC2CC1
C1CCC(C2CCC3CC4C(CCCC5C6CCC(CCCC7CC8CCCCC8C7)C6CCC45)CC32)CC1
C(CCCC1CCCC2C(C3CCCCC3)CCC12)CCC1CCCCC1
C1CCC(CC2CC3CCCCC3C3CCC4CCCCC4C23)CC1
C1CCC(C2CC3CCCC3C3CCC4CCCCC4C23)CC1
C1CCC(C2CC3CCCC3C3CCC4CCCCC4C23)CC1
C1CCC2CC(CCCC3CCC4C3CCC3C5CCCCC5CCC43)CCC2C1
C(CCC1CCC(C2CCC(C3CC4CCCC4C4CCC5CCCCC5C34)CC2)CC1)CCC1CCC2C(CCC3C4CCCC4CCC23)C1
C1CCC2C(C1)CCCC2CCCC1CCC2C1CCC1C3CCCCC3CCCC21
C(CCC1CCCC2CCCCC12)CC1CCC2CCCCC2C1
C1CCC(CCCCCC2CCC3C(CCC3C3CCCCC3)C2)CC1
C1CCC(CCC(CCC2CCC3CCCC3C2)CC2CCCCC2)CC1
C1CC2CCC3C(CCC4CCCCC43)CC2C1
C1CCC(C2CCC3CC4C(CCC45CCCCC5)CC32)CC1
C1CCC(CCC2CCC3C(CCC3C3CCCCC3)C2)CC1
C1CCC2CCC(C3CCCC4CCCC43)CC2CC1
C1CCC(C2CC3CCCC3C3CCC4CCCCC4C23)CC1
C1CCC(CCCCC2CC3CCCCC3C2)CC1
C1CCC(C2CCC(C3CC4CCCC4C4CCC5CCCCC5C34)CC2)C1
C1CCC(CC2CCC3C(CCC3C3CCCCC3)C2)CC1
C1CCC2CCC(C3CCCC4CCCC43)CC2CC1
C1CCC(CCCCCC2CCC3CCCCC23)CC1
C1CCC(CCC(CCC2CCC3CCCC3C2)CC2CCCCC2)CC1
C1CCC2CC(CC3CCCC4CCCC43)CCC2C1
C1CCC(CC2CC3CCCCC3C2C2CCCCC2)CC1
C1CCC(C2CCC3(CCC4CCC5C(CCC5C5CCCCC5)CC43)C2)CC1
C1CCC(CCCCCC2CCCCC2)CC1
C1CCC(CCCC2CCC(CCC3CCCCC3)CC2)CC1
C1CCC(CCCC2CCC3CCC(CC4CCCC5CCCC54)CC3C2)CC1
C1CCC2C(C1)CCC1C3CCCC3CCC21
C1CCC2C(C1)CC(C1CCCC3CCCC31)C1CCCCC21
C1CCC(C2CCC3C(CCC4CCCCC43)C2)CC1
C1CCC(CC2CC3CCCCC3C3CCC4CCCCCC4C23)CC1
C1CCC(C2CCC3C(CCC4CCCCC43)C2)CC1
C1CCC(CCCCC2CCCC3CCCCC23)CC1
C1CCC(CCC2CCC3C(CCC3C3CCCCC3)C2)CC1
C1CCC(C2CCC3CC4C(CCC5C6CCC(CCCC7CCC8CCCCC8C7)C6CCC45)CC32)CC1
C1CCC(C2CCC3CC4C(CCCC5C6CCC(CCCC7CC8CCCCC8C7)C6CCC45)CC32)CC1
C1CCC(CCCCC2CCC3CCC(C4CCCC5CCCC54)CC3C2)CC1
C1CCC(CCCCCC2CCCC3C2CCC3C2CCCC(CC3CCCC3)C2)CC1
C1CCC2C(C1)CCC1CCCCC12
C1CCC(C2C3CCCC3CC3CC4CCCC4CC32)CC1
C(CCC1CCC2C(CCC3C4CCCC4CCC23)C1)CC1CCC(C2CC3CCCC3C3CCC4CCCCC4C23)CC1
C1CCC(CCCCC2CCC3CCCCC23)CC1
C1CCC(CC2CCC3CC4(CCCCCC4CC4CCCCC4)CCC23)CC1
C1CCC(CCCCCC2CCCC3CCCC23)CC1
C1CCC(C2CCC(CCCCCC3(C4CCCCC4)CCCC4CCCCC43)C2)CC1
C1CCC2CCC(C3CCCC4CCCC43)CC2CC1
C1CCC(C2CCC3CC4C(CCCC45CCCCC5)CC32)CC1
C1CCC2C(C1)CC(C1CCCC3CCCC31)C1CCCCC21
C1CCC(CCCCCC2CC3CCCCC3C2)CC1
C1CCC(C2CC3CCCC3C3CCC4CCCCC4C23)CC1
C1CCC(CC2CCC3C(CCC4CCCCC43)C2)CC1
C(CCC1CCCC2CCCC12)CC1CC2CCCCC2C1
C1CCC(CCCCCC2CC3CCCCC3C2)CC1
C1CCC2CC3CCC(C4CCCCC4)C3CC2CC1
C1CCC(CCC2CCC3C(CCC3C3CCCCC3)C2)CC1
C1CCC(CCCCC2CCC3CCC(C4CCCC5CCCC54)CC3C2)CC1
C1CCC(CCC2CCC3C(CCC4C5CCCCC5CC(CCC5CCCCC5)C34)C2)CC1
C1CCC(CCC2CCCC3CC4C(CCC4C4CCCCC4)CC23)CC1
C(CCCC1CCCC2C(C3CCCCC3)CCC12)CCC1CC1
C1CCC(CCCCCC2CCCC3C2CCC3C2CCC(CC3CC3)CC2)CC1
C1CCC(CCC2CCC(CCC3CCCC(CCC4CCCC4)C3)CC2)CC1
C1CCC2CCC3C4CCC(CCCC5CC6CCCCC6C5)C4CCC3C2CC1
C(CCC1CCCC2CCCCC12)CC1CC2CCCCC2C1
C1CCC(C2CCC3CC4(CCCCC4C4CCCCC4)CCCC32)CC1
C1CCC(CCC2CCC3C(CCC3C3CCCCC3)C2)CC1
C1CCC2C(C1)CCC1C3CCCC3CCC21
C1CCC2CC(C3CCCC4CCCC43)CCC2C1
C1CCC2CC(CC3CCCC4CCCC43)CCC2C1
C1CCC(C2CCC3CC4C(CCCC45CC(C4CCCCC4)C(C4CCCCC4)C5)CC32)CC1
C1CCC(C2CCC3CCC4C(CCC5C6CCC(CCCC7CCC8CCCCC8C7)C6CCC45)CC32)CC1
C1CCC(CCCCC2CCC3CCCCC23)CC1
C1CCC(CCC(CCC2CCC3CCCC3C2)CC2CCCCC2)CC1
C1CCC(C2CCC3C(CCC4CCCCC43)C2)CC1
C1CCC2C(C1)CCC1C3CCCC3CCC21
C1CCC(CCCCC2CCC3CCCCC23)CC1
C1CCC2C(C1)CCC1CCCCC12
C1CCC(CCCCCC2CCC3CCCCC23)CC1
C1CCC(CCCCC2CC3CCCCC3C2)CC1
C1CCC(CC2(CCCCCC3CCC(C4CCCCC4)C3)CCC2)CC1
C1CCC(CC2CCC3CC4C(CCCC45CC(C4CCCCC4)C(C4CCCCC4)C5)CC23)CC1
C1CCC(CCCCCC2CC3CCCCC3C2)CC1
C(CCC1CCCC2CCCC12)CC1CC2CCCCC2C1
C1CCC2C(C1)CCC1CCCCC12
C1CCC(CCCCC2CC3CCCCC3C2)CC1
C1CCC(CCC2CC3CCCCC3C3CCC4CCCCC4C23)CC1
C(CCCCC1CCC(C2CCCCC2)C1)CCCC1CCCCC1
C1CCC(C2CC3CCCC3C3CCC4CCCCCC4C23)CC1
C1CCC(C2CC3CCCC3C3CCCC4CCCCC4C23)CC1
C(CC1CCC(C2CCCC2)CC1)CC1CCC2CCCC2C1
C1CCC(C2CCC3CC4C(CCCC45CCCCC5)CC32)CC1
C1CCC(C2CCC(CCCCCC3CCCC4CCCCC34)C2)CC1
C1CCC2C(C1)CC(C1CCCC1)C1CCCC21
C1CCC2C(C1)CCC1C3CCCC3CCC21
C1CCC(C2CCC3CC4C(CCC5C6CCC(CCCCC7CCC8CCCCC8C7)C6CCC45)CC32)CC1
C1CCC(CCCCC2CC3CCCCC3C2)CC1
C1CCC(CCCCC2CCC3CCCCC23)CC1
C1CCC(CCCC2CCC3C(CCC4CCCCC43)C2)CC1
C1CCC2C(C1)CCC1C3CCCCC3CCC21
C1CCC(CCCCCC2CC3CCCCC3C2)CC1
C1CCC(CCCCCC2CCC3CCCCC23)CC1
C1CCC2C(C1)CCC1C3CCCC3CCC21
C1CCC2C(C1)CCC1CCCCC12
C1CCC(CCCCC2CCC3CCCCC23)CC1
C(CCCC1CCCC2C(C3CCCCC3)CCC12)CCC1CCCCC1
C1CCC2C(C1)CCCC1C3CCCC3CCC21
C1CCC(CCCCCC2CCC3CCCCC3C2)CC1
C1CCC(CCC2CCC3C(CCC4C5CCCCC5CCC34)C2)CC1
C1CCC(C2CC3CCCC3C3CCC4CCCCC4C23)CC1
C1CCC(CCCCCC2CCC3CCCCC23)CC1
C1CCC2C(C1)CCC1C3CCCC3CCC21
C1CCC(C2CCC3CC4C(CCC5C6CCC(CCCC7CCC8CCCCC8C7)C6CCCC45)CC32)CC1
C1CCC(CCCC2CCCC(C3CCC4CC(CCC5CCC6CCCCC6C5)CCC43)C2)CC1
C1CCC(C2CCC3CC4C(CCCC45CCCC5)CC32)CC1
C1CCC(CCC2CCCCC3CC4C(CCC4C4CCCCC4)CC23)CC1
C1CCC2CCC3C4CCCCC4CC(CC4CCCC4)C3C2CC1
C1CCC(CCCCC2CCC3CCCCC23)CC1
C1CCC2C(C1)CCC1C2CCC2C3CCCC3CC21
C1CCC(CC2CCC3C(CCC4CCCCC43)C2)CC1
C1CCC(CC2CC3CCCCC3C3CCC4CCCCC4C23)CC1
C1CCC(CCC2CCC3C2CCCC(C2CCCCC2)C2C4CCCCC4CCC32)CC1
C1CCC(CCCCCC2CCC3CCCCC23)CC1
C1CCC(CC23CCCCC2CCC2C4CCCCC4CCC23)CC1
C1CCC(CCCC2(CCCC3CC4CCCCC4C3)CCC3C4CCC5CCCCC5C4CCC32)C1
C1CCC(CC2CC3CCCCC3C3CCC4CCCCCC4C23)CC1
C1CCC(CCC2(CCCC3CC4CCCCC4C3)CCC3C4CCCC5CCCCC5C4CCC32)C1
C1CCC(CCCCC2CC3CCCCC3C2)CC1
C1CCC2C(C1)CCC1C3CCCC3CCC21
C1CCC2CC(CCCC3CCCC4CCCCC43)CC2C1
C1CCC2C(C1)CCC1C3CCCC3CCC21
C1CCC(CC2CC3CCCCC3CC3CCC4CCCCC4C32)C1
C1CCC(C2CC3CCCC3C3CCC4CCCCC4C23)CC1
C1CCC(CCCC2CCC3CCC(C4CCCC5CCCC54)CC3C2)CC1
C1CCC2C(C1)CCC1C3CCCC3CCC21
C1CCC(C2CC3CCCC3C3CCC4CCCCC4C23)CC1
C1CCCC(C2CCC3CC4C(CCC5C6CCC(CCCC7CC8CCCCC8C7)C6CCC45)CC32)CC1
C1CCC2CC(CC3CCCC4CCCC43)CCC2C1
C(CCCC1CCCC2C(C3CCCCC3)CCC12)CCC1CCCCC1
C1CCC(CCCCC2CC3CCCCC3C2)CC1
C1CCC(C2CC3CCCC3C3CCCC4CCCCC4C23)CC1
C1CCC(C2CCC3CC4C(CCC5C6CCCC6CCC45)CC32)CC1
C1CCC(C2CCC3CC4C(CCC5C6CCC(CCCC7CCC8CCCCC8C7)C6CCCC45)CC32)CC1
C1CCC(CCCC2CCC3CCC(CC4CCCC5CCCC54)CC3C2)CC1
C1CCC2CC(C3CCCC4CCCC43)CCC2C1
C1CCC(CCC2CCC(CCC3CCCC(CC4CCCC4)C3)CC2)CC1
C(CCCC1CCCCC1)CCCC1CCC(C2CCCCC2)C1
C1CCC(C2CC3C(CCC34CCCC4)C3CCC4CCCCC4CC23)CC1
C1CCC(CCC2CCC3C(CCC4CC5CCCC5CC(CCC5CCCCC5)C43)C2)CC1
C1CCC(CCC2CCC(C3CCC4C(CCC4C4CCCCC4)C3)CC2)CC1
C1CCC2CC(CCCC3CCC4C3CCC3C5CCCCC5CCCC43)CC2C1
C(CCC1CCCC2CCCCC12)CC1CCCC2CCCCC12
C1CCC(CCCC2CCCC3CCC(C4CCCC5CCCC54)CC3C2)CC1
C1CCC2CC(CCCC3CCC4C3CCC3C5CCCCC5CCC43)CC2C1
C1CCC2CCC3C(CCC4C3CCC4(CCCC3CCCC3)CCC3CCCC3)C2CC1
C1CCC(C2CCC(CCCC3CCC4C3CCC3C5CCCCC5CCC43)C2)CC1
C1CCC2C(C1)CCC1C3CCCC3CCCC21
C1CCC(CCCC2CCC3C(CCC3C3CCCCC3)C2)CC1
C(CCC1CCCC2CCCC12)CC1CC2CCCCC2C1
C1CCC(CCCCC2CCC3CCCCC23)CC1
C1CCC2CCC3C4CCC(CCCC5CC6CCCCC6C5)C4CCC3C2CC1
C1CCC2CCC3CCCCC3C2CC1
C1CCC(CC2CCC3C(CCC3C3CCCCC3)C2)CC1
C1CCC(CC2CCC3CCCCC3C3CCC4CCCCC4C23)C1
C1CCC(CCCC2CCCC3CCCCC32)C2CCCCC2C1
C1CCC2CCC(C3CCCC4CCCC43)CC2CC1
C1CCC(CCCC2CCC3C(CCC4C5CCCC5CCC34)C2)CC1
C1CCC(C2CC3CCCC3C3CCC4CCCCC4C23)CC1
C1CCC2C(C1)CCCC1C3CCCC3CCC21
C1CCC2C(C1)CC(C1CCCC3CCCC31)C1CCCC21
C1CCC2C(C1)CCC1C3CCCC3CCC21
C1CCC(CC2CCC3C(CCC3C3CCCCC3)C2)CC1
C(CCCC1CCCC2C(C3CCCCC3)CCC12)CCC1CCCCC1
C1CCC(C2CCC3C(CCC34CCCC4)C3CCC4CCCCC4C23)CC1
C1CCC(CCCC23CCCCC2CC2C4CCC5CCCCC5C4CCC23)C1
C1CCC(C2CC3CCCC3C3CCC4CCCCC4C23)CC1
C1CCC(CCCCC2CCC3CCC(C4CCCC5CCCC54)CC3C2)CC1
C1CCC2C(C1)CCC1C3CCCC3CCC21
C1CCC(CCCC2CCC(CCC3CCCCC3)CC2)CC1
C1CCC(C2CCC(C3CC4CCCC4C4CCC5CCCCC5C34)CC2)C1
C1CCC(C2CCC3CCCC3C3CCC4CCCCC4CC23)CC1
C1CCC(C2CCC3C(CCCCCC4CCC(C5CCCC5)C4)CCCC23)CC1
C1CCC(CCC2CCC(CCC3CCCC(CC4CCCC4)C3)CC2)CC1
C1CCC2CC(CCCC3CCC4C3CCC3C5CCCCC5CCCC43)CC2C1
C1CCC(CCC2CCC(CCC3CCCCC(CC4CCCC4)C3)CC2)CC1
C1CCC2CC3CCC4CCCCC4C3CCC2C1
C1CCC(CCCC2CCC3CCC(C4CCCC5CCCC54)CC3C2)CC1
C1CCC2CC(C3CCCC4CCCC43)CCC2C1
C(CCC1CCC2CCCCC2C1)CCC1CCCC2CCCC12
C(CCC1CCC2C1CCC1C3CCCCC3CCC21)CC1CCC2CCCCC2C1
C1CCC(CCC2CCC3C2CCC(C2CCCCC2)C2C4CCCCC4CCC32)CC1
C1CCC(C2CCC3CCCC3C3CCC4CCCCC4C23)CC1
C1CCC(CCCCC2CC3CCCCC3C2)CC1
C1CCC(C2CCCC3CCCC3C3CCC4CCCCC4C23)CC1
C1CCC2C(C1)CCC1C2CCCC2C3CCCC3CC21
C(CCCC1CCCCC1)CCCC1CCC(CC2CCCCC2)C1
C1CCC2CCC3C4CCCCC4CC(CC4CCCC4)C3C2CC1
C(CCC1CCCC2CCCC12)CC1CC2CCCCC2C1
C1CCC(CC2CC3CCCCC3CC3CCC4CCCCC4C32)CC1
C1CCC(CCCCCC2CCCC3C(CC4CCCCC4)CCC23)CC1
C1CCC(C2CCC(CCCCCC3(C4CCCCC4)CCCC4CCCCC43)C2)CC1
C(CCCCC1CCC(C2CCCCC2)C1)CCCC1CCC2CCCC2C1
C1CCC2C(C1)CCC1C3CCCC3CCC21
C1CCC2CCC3C4CCC(CCCC5CC6CCCCC6C5)C4CCC3C2CC1
C1CCC(CCC2CCC3C(CCC4C5CCCC5CCC34)C2)CC1
C1CCC(C2CCC3C(CCC4CCCCC43)C2)CC1
C1CCC2CCC3C4CCCCC4CC(CC4CCCC4)C3C2CC1
C1CCC(CCCCC2CC3CCCCC3C2)CC1
C1CCC(C2CCC3CC4C5CCC6C(CCCC7CC8CCCCC8C7)CCC6C(CCC4CC32)C5)CC1
C1CCC(CCCCC2CC3CCCCC3C2)CC1
C1CCC(C2CCC3C(CCC4CCCCC43)C2)CC1
C1CCC(C2CCC(CCCC3CCC4C3CCC3C5CCCCCC5CCC43)C2)CC1
C1CCC(CCCCCC2CCCC3C(C4CCCCC4)CCC23)CC1
C(CCCC1CCC2CCCC2C1)CCCC1CCC(C2CCCCC2)C1
C1CCC(C2CCC3CCC4C(CCCC45CCCC5)CC32)CC1
C1CCC2CC(CCCC3CCC4CC5CCC6CCCCC6C5CCC34)CC2C1
C1CCC(C2CCC3CC4(CCCCC4C4CCCCC4)CCCC32)CC1
C(CCCC1CCCCC1)CCCC1CCC(C2CCCCC2)C1
C1CCC(CC2CC3CCCCC3C3CCC4CCCCC4C23)C1
C1CCC(CCCCC2CC3CCCCC3C2)CC1
C1CCC(CCCCC2CC3CCCCC3C2)CC1
C1CCC2CCC(C3CCCC4CCCC43)CC2CC1
C1CCC2C(C1)CCC1C3CCCC3CCC21
C1CCC(C2CCC(CCCC3CCC4C3CCC3C5CCCCC5CCC43)C2)CC1
C1CCC(CCCC2CCCC3CCC(C4CCCC5CCCC54)CC23)CC1
C1CCC2CC3CCCCC3CCC2C1
C1CCC(CCC(CC2CCC(CC3CCCCC3)CC2)C2CCCCC2)CC1
C1CCC(C2CCC3CCC4C(CCC45CCCCC5)CC32)CC1
C1CCC(C2CCC3CC4C(CCCC45CCCC5)CC32)CC1
C(CCC1CCCC2CCCC12)CC1CCCC2CCCCC12
C1CCC2CCC3C4CCCCC4CCC3C2CC1
C1CCC(C2CCC3CCCC3C3CCC4CCCCC4C23)CC1
C1CCC2C(C1)CCCC1C3CCCC3CCC21
C1CCC(CCCC(CCC2CCC3C(CCC3C3CCCCC3)C2)C2CCCCC2)CC1
C1CCC(CCC(CCC2CCC3CCCC3C2)CC2CCCCC2)CC1
C1CCC(CCCCC2CC3CCCCC3C2)CC1
C1CCC2C(C1)CCCC1CCCCC12
C1CCC(C2CCC3CC4C(CCC45CCCC5)CC32)CC1
C1CCC(CCCCCC2CCCC3C(CC4CCCCC4)CCC23)CC1
C1CCC2CCC3C4CCC(CCCC5CC6CCCCC6C5)C4CCC3C2CC1
C1CCC(CCC2CCC3C(CCC3C3CCCCC3)C2)CC1
C1CCC(CCC2CCC3C(CCC3C3CCCCC3)C2)CC1
C1CCC(CC2CCC3CC4C(CCCC45CCCC5)CC23)CC1
C1CCC(C2CCC3CC4C(CCC32)CCC2C3CCC(CCCC5CCC6CCCCC6C5)C3CCC42)CC1
C(CCC1CCCC2CCCC12)CC1CC2CCCCC2C1
C1CCC2CC(C3CCCC4CCCC43)CCC2C1
C1CCC(CCCCCC2CCC3CCCCC23)CC1
C1CCC(CCC2CCC3C(CCC3C3CCCCC3)C2)CC1
C1CCC(CCCC2CCCC(CC3CCC4CC(CCC5CCC6CCCCC6C5)CCC43)C2)CC1
C1CCC(C2CCC3CC4C(CCC45CCCC5)CC32)CC1
C1CC2CCCC2C(CC2CC3CCCCC3C3CCCC23)C1
C1CCC(CCCCCC2CCCC3C(C4CCCCC4)CCC23)CC1
C(CCCC1CCCC2C(C3CCCCC3)CCC12)CCC1CCCCC1
C1CCC2CC(C3CCCC4CCCC43)CCC2C1
C1CCC2C(C1)CCC1C3CCCC3CCC21
C1CCC(CCC2CCC3C(CCC3C3CCCCC3)C2)CC1
C1CCC(C2CCC3C(CCC34CCCC4)C3CCC4CCCCC4C23)CC1
C(CCCC1CCC2CCCC2C1)CCC1CCCCC1
C1CCC(C2CCC3CC4C(CCC5C6CCC(CCCC7CC8CCCCC8C7)C6CCCC45)CC32)CC1
C1CCC2CC(CCCC3CCCC4CCCCC43)CC2C1
C(CCCC1CCCCC1)CCCC1CCC(C2CCCCC2)C1
C1CCC(CCC2CCC3C(CCCC4C5CCCC5CC(CCC5CCCCC5)C34)C2)CC1
C1CCC(CC2CC3CCCCC3C3CCC4CCCCCC4C23)CC1
C1CCC(CCCCCC2CCC3CCC(C4CCCC5CCCC54)CC3C2)CC1
C1CCC(C2CC3CCCCC3C3CCC4CCCCC4C23)CC1
C1CCC(CC2CC3CCCCC3C3CCC4CCCCC4C23)CC1
C1CCC(C2CCC3CC4(CCCCCCC4C4CCCCC4)CCC32)CC1
C1CCC(CCC2CCC3C(CCC3C3CCCCC3)C2)CC1
C1CCC2CC(CC3CCCC4CCCC43)CCC2C1
C1CCC2CC(CC3CCCC4CCCC43)CCC2C1
C1CCC(C2CC3CCCC3C3CCC4CCCCC4C23)CC1
C1CCC(CCC2CCC3C(CCC3C3CCCCC3)C2)CC1
C1CCC(CCC2CCCC(C3CCC4CC(CCC5CCC6CCCCC6C5)CCC43)C2)C1
C1CCC(C2CC3CCCC3C3CCCC4CCCCC4C23)CC1
C1CCC(C2CCC3CCCC3C3CCC4CCCCC4C23)CC1
C1CCC(CCC2CCC3C(CCC3C3CCCCC3)C2)CC1
C(CCC1CCCC1)CCC1CCCCC2CCCCC12
C1CCC(CCCCCC2CC3CCCCC3C2)CC1
C1CCC(CCC2CCC3C(CCC4CCCCC43)C2)CC1
C1CCC2CC(C3CCCC4CCCC43)CCC2C1
C1CCC(CCC(CCC2CCC3CCCC3C2)CC2CCCCC2)CC1
C1CCC2CCC(C3CCCC4CCCC43)CC2CC1
C1CCC(C2CC3CCCC3C3CCC4CCCCC4C23)CC1
C1CCC(CC2CC3CCCCC3C3CCC4CCCCC4C23)CC1
C1CCC(CC2CC3CCCCC3C3CCC4CCCCCC4C23)CC1
C(CCC1CCC2C1CCC1C3CCCCC3CCC21)CC1CC2CCCCC2C1
C1CCC2CC(CCCC3CCC4C3CCC3C5CCCCC5CCC43)CC2C1
C1CCC(C2CCC3CCCC3C3CCC4CCCCCC4C23)CC1
C(CCCC1CCC2CCCC2C1)CCC1CCCCC1
C1CCC2C(C1)CCC1C3CCCC3CCC21
C1CCC(CCCCCC2CC3CCCCC3C2)CC1
C1CCC(C2CCC3CCCC3C3CCC4CCCCC4C23)CC1
C1CCC(CCCC2CCC3CCC(C4CCCC5CCCC54)CC3C2)CC1
C1CCC2CC(C3CCCC4CCCC43)CCC2C1
C1CCC(CCC(CCC2CCC3CCCC3C2)CC2CCCCC2)CC1
C1CCC(CCCCC2CC3CCCCC3C2)CC1
C1CCC2CCC(C3CCC4CCCCC43)CC2CC1
C1CCC(C2CC3CCCC3C3CCC4CCCCCC4C23)CC1
C1CCC2CCC(C3CCCC4CCCC43)CC2CC1
C1CCC(C2CC3CCCC3C3CCC4CCCCC4C3C2)CC1
C1CCC(CCCCC2CC3CCCCC3C2)CC1
C1CCC(CC2CC3CCCCC3C3CCC4CCCCCC4C23)CC1
C1CCC(CCC2CCC(CCC3CCCC(CCC4CCCC4)C3)CC2)CC1
C1CCC(C2CCC3CC4C(CCC5C6CCC(CCCCC7CC8CCCCC8C7)C6CCC45)CC32)CC1
C1CCC(C2CCC3CC4C(CCC5C6CCC(CCCC7CC8CCCCC8C7)C6CCC45)CC32)CC1
C1CCC(C2CCC3CCCC3CC3CCC4CCCCC4C32)CC1
C1CCC(CCCCC2CC3CCCCC3C2)CC1
C1CCC2CCC3CCCCC3C2CC1
C1CCC2C(C1)CCC1C3CCCC3CCCC21
C1CCC2CCCCC2C(CCCCC2CCCC3CCCCC23)C1
C(CCC1CCCC1)CCC1CCCCC2CCCCC12
C1CCC(C2CCC3CC4C(CCC5C6CCCC(CCCC7CCC8CCCCC8C7)C6CCC45)CC32)CC1
C1CCC2C(C1)CCC1CCCCC12
C1CCC2CCC(C3CCCC4CCCC43)CC2CC1
C1CCC(CCCCCC2CC3CCCCC3C2)CC1
C1CCC(CCC2CCC3C(CCC3C3CCCCC3)C2)CC1
C1CCC(CCCCC2CCC3C2CCC2C4CCCCC4CCC32)CC1
C1CCC(CCC2CCC(CCC3CCCC(CC4CCCCC4)C3)CC2)CC1
C(CCCC1CCCC2C(C3CCCCC3)CCC12)CCC1CCCCC1
C1CCC(CCCCCC2CC3CCCCC3C2)CC1
C1CCC(CCCCC2CCC3C2CCC2C4CCCCC4CCC32)CC1
C1CCC2CC(C3CCCC4CCCC43)CCC2C1
C1CCC(CCCC2(CCC3CCCC3)CCC3C4CCC5CCCCC5C4CCC32)CC1
C1CCC(CCC2CCCC3CCC4C(CCC4C4CCCCC4)CC23)CC1
C1CCC(CCC2CCC3C(CCC3C3CCCCC3)C2)CC1
C1CCC(C2CC3CCCC3C3CCC4CCCCCC4C23)CC1
C(CCC1CCCC2CCCCC12)CC1CCCC2CCCCC12
C1CCC2C(C1)CCCC2CCCC1CCC2C1CCCC1C3CCCCC3CCC12
C1CCC2C(C1)CCC1C2CCC2C3CCCC3CC21
C(CCCC1CCCC2C(C3CCCCC3)CCC12)CCC1CCC(C2CCCC2)C1
C1CCC(CC2CCC(CCCCCC3CCCC4CCCCC34)C2)CC1
C1CCC(CC2CC3CCCCC3C3CCC4CCCCCC4C23)CC1
C(CCC1CCCC2CCCCC12)CC1CCCC2CCCCC12
C1CCC(C2CC3CCCCC3C3CCCCC3C2)C1
C1CCC(CCCCC2CC3CCCCC3C2)CC1
C1CCC(C2CCC3CC4C(CCC5C6CCCCC6CCC45)CC32)CC1
C1CCC(CC2CCC(CCCC3CCC4CCCC4C3)CC2)C1
C1CCC(CCC2CCC(C3CC3)CC2)CC1
C1CCC2CCC3C4CCCC4CCC3C2CC1
C1CCC(CCC(CCC2CCC3CCCC3C2)CC2CCCCC2)CC1
C1CCC(CCC2CCC3C(CCC4C5CCCC5CC(CCC5CCCCC5)C34)C2)CC1
C1CCC2CC(C3CCCC4CCCC43)CCC2C1
C(CCC1CCCC2CCCCC12)CC1CCC2CCCCC2C1
C1CCC(CCC2(CCCC3CCC4CCCCC4C3)CCC3C4CCC5CCCCC5C4CCC32)C1
C1CCC2C(C1)CCC1C3CCCC3CCC21
C1CCC2C(C1)CCC1C3CCCC3CCC21
C1CCC(C2CCC3CC4(CCCCCCC4C4CCCCC4)CCC32)CC1
C1CCC(CCCC2CCC3CCC(C4CCCC5CCCC54)CC3C2)CC1
C1CCC2CC3CCCCC3CCC2C1
C1CCC2C(C1)CCCC2CCCC1CCCC2CCCCC21
C1CCC(CC2CCC3C(CC4CCCCC4)CCC3C2)CC1
C1CCC(C2CCC3CC4C(CCCC45CCCC5)CC32)CC1
C1CCC(C2CC3CCCC3CC3CCC4CCCCC4C32)CC1
C1CCC2CC(C3CCCC4CCCC43)CCC2C1
C1CCC2C(C1)CCC1C3CCCC3CCCC21
C1CCC2C(C1)CCC1C3CCCCC3CCC21
C(CCC1CCC2CCCCC2C1)CCC1(C2CCCC2)CCCC2CCCCC21
C1CCC2CCC(C3CCCC4CCCC43)CC2CC1
C1CCC2CC(C3CCCC4CCCC43)CCC2C1
C1CCC(CCCCCC2CC3CCCCC3C2)CC1
C1CCC2C(C1)CCC1C3CCCC3CCC21
C1CCC(CCCCC2CCC3CCCCC23)CC1
C1CCC(CCCCC2CC3CCCCC3C2)CC1
C1CCC(CC2CCCCC2CC2CC3CCCCC3C3CCC4CCCCCC4C23)CC1
C1CCC(CCC2CCC3C(CCC3C3CCCCC3)C2)CC1
C(CCC1CCCC2CCCC12)CC1CC2CCCCC2C1
C1CCC(CCC2CCC3C(CCCC4C5CCCC5CC(CCC5CCCCC5)C34)C2)CC1
C1CCC(CC2CC3CCCC3C3CCC4CCCCC4C23)CC1
C1CCC2CCC3C4CCC(CCCC5CC6CCCCC6C5)C4CCC3C2CC1
C1CCC2CC(CC3CCCC4CCCC43)CCC2C1
C(CCC1CCC2CCCCC2C1)CCC1CCCC2CCCCC12
C1CCC(CC2CC3CCCCC3C3CCC4CCCCC4C23)C1
C1CCC(CCC2CCC3C(CCC4CCCCC43)C2)CC1
C1CCC2CCC3C4CCC(CCCC5CC6CCCCC6C5)C4CCC3C2CC1
C1CCC(CCCCCC2CCCC3C(CC4CCCCC4)CCC23)CC1
C1CCC(C2CCC3(CCC4CC5C(CCC5C5CCCCC5)CC43)C2)CC1
C1CCC(C2CCC3CC4C(CCC5C6CCC(CCCC7CC8CCCCC8C7)C6CCC45)CC32)CC1
C1CCC2C(C1)CCC1C3CCCCC3CCC21
C1CCC(CCC2CCC(CCC3CCCC(CC4CCCCC4)C3)CC2)CC1
C1CCC(C2CCC3CC4C(CCC32)CCC42CCCC2)CC1
C1CCC2CCC3C4CCC(CCCC5CC6CCCCC6C5)C4CCC3C2CC1
C1CCC2C(C1)CCCC2CCCC1CCC2C1CCCC1C3CCCCC3CCC12
C1CCC2CCC(C3CCCC4CCCC43)CC2CC1
C1CCC(CCC2CC3CCCCC3C3CCC4CCCCC4C23)C1
C1CCC2CC(CCCC3CCC4C3CCC3C5CCCCC5CCCC43)CC2C1
C1CCC(CCCCCC2CCC3CCCCC23)CC1
C1CCC(C2CCCC3C(CCC4CCCCC43)C2)CC1
C1CCC2CCC(C3CCCC3)CC2CC1
C1CCC(CCC2CCC3C(CCC3C3CCCCC3)C2)CC1
C1CCC(C2CC3CCCCC3C3CCC4CCCCC4C23)CC1
C1CCC2CCC(C3CCCC4CCCC43)CC2CC1
C1CCC(C2CC3CCCC3C3CCC4CCCCC4C23)CC1
C1CCC2C(C1)CCC1C3CCCC3CCC21
C1CCC(C2CCC3C(CCC3C3CCCCC3)C2)CC1
C1CCC(CCCCC2CC3CCCCC3C2)CC1
C1CCC(C2CCC3CC4C(CCC45CCCCC5)CC32)CC1
C1CCC(CCCCC2CCC3CCCCC23)CC1
C1CCC2C(C1)CCC1C3CCCCC3CCC21
C1CCC(C2CCC3CC4C(CCC45CCCC5)CC32)CC1
C1CCC2C(C1)CCC1C3CCCC3CCC21
C1CCC2C(C1)CCC1C3CCCC3CCC21
C1CCC(C2CC3CCCCC3C3CCC4CCCCC4C23)CC1
C1CCC(CCC2CCC(CCCC3CCCC(CC4CCCC4)C3)CC2)CC1
C1CCC2CC(CC3CCCC4CCCC43)CCC2C1
C1CCC(C2CCC3CC4C(CCC5C6CCC(CCCCC7CC8CCCCC8C7)C6CCC45)CC32)CC1
C1CCC(C2CC3CCCC3C3CCC4CCCCC4C23)CC1
C1CCC(CCC(CCC2CCC3CCCC3C2)CC2CCCCC2)CC1
C1CCC(C2CCC3C(CCCCCC4CCC(C5CCCC5)C4)CCCC23)CC1
C1CCC(C2CCC(CCCCCC3(C4CCCCC4)CCC3)C2)CC1
C1CCC(C2CC3CCCC3C3CCC4CCCCC4C23)CC1
C(CCC1CCC2C(CCC3C4CCCCC4CCC23)C1)CC1CCC(C2CCC(C3CC4CCCC4C4CCC5CCCCC5C34)CC2)CC1
C1CCC2CC(C3CCCC3)C3CCCC3C2CC1
C1CCC(CCCC2CCCC(C3CCC4CC(CCC5CCC6CCCCC6C5)CCC43)C2)CC1
C1CCC(C2CCC(CCCCCC3CCCC4C(C5CCCCC5)CCC34)C2)CC1
C1CCC(CCC2CCC3C(CCC4C5CCCC5CCC34)C2)CC1
C(CCCC1CCCC2C(C3CCCCC3)CCC12)CCC1CCCCC1
C1CCC(C2CC3CCCC3C3CCC4CCCCC4C23)CC1
C1CCC(CC2CCC3CC4C(CCC5C6CCC(CCCC7CCC8CCCCC8C7)C6CCC45)CC23)CC1
C1CCC(C2CCCC(CC3CC4CCCCC4C4CCC5CCCCC5C4C3)C2)C1
C1CCC2CCC3C4CCC(CCCC5CC6CCCCC6C5)C4CCC3C2CC1
C(CCC1CCCC2CCCCC12)CC1CCCC2CCCCC12
C1CCC(CCC2(CCCC3CCC4CCCCC4C3)CCC3C4CCCC5CCCCC5C4CCC32)C1
C1CCC(C2CCC(CCCCCC3(C4CCCCC4)CCC3)C2)CC1
C1CCC(C2C3CCCC3CC3CC4CCCC4CC32)CC1
C1CCC(CCC2CCC(CCC3CCCCC3)CC2)CC1
C(CCCCC1CCC(C2CCCCC2)C1)CCCC1CCCCC1
C1CCC2C(C1)CCC1C3CCCC3CCC21
C1CCC2CC(C3CCCC4CCCC43)CCC2C1
C1CCC(CCC(CCC2CCC3CCCC3C2)CC2CCCCC2)CC1
C1CCC(C2CC3CCCC3C3CCC4CCCCC4C23)CC1
C1CCC2CCC(C3CCCC4CCCC43)CC2CC1
C(CCCC1CCCCC1)CCCC1CCC(C2CCCCC2)C1
C1CCC2CC3CCC4CCCCC4C3CCC2C1
C1CCC(CCC2CCC(CC3CC3)CC2)CC1
C(CCCCC1CCC(C2CCCCC2)C1)CCCC1CCCCC1
C1CCC(CCCCC2CCC3CCCCC3C2)C2CCCCC2CC1
C1CCC2CC(CC3CCCC4CCCC43)CCC2C1
C1CCC(C2CCC3CC4C(CCC5C6CCC(CCCCC7CCC8CCCCC8C7)C6CCC45)CC32)CC1
C1CCC(CC2CC3CCCCC3CC3CCC4CCCCC4C32)CC1
C1CCC(CCCCCC2CCC3CCCCC23)CC1
C1CCC(C2CCCC3C(CCC4CCCCC43)C2)CC1
C1CCC(C2CCC3C(CCC3C3CCCCC3)C2)CC1
C1CCC(CCC2CCC3C(CC4CCCCC4)CCC3C2)CC1
C1CCC(CCC2CCC3C(CCC3C3CCCCC3)C2)CC1
C1CCC(CC2CCC3CCCCC3C3CCC4CCCCC4C23)C1
C1CCC(CC2CCC3C(CC4CCCCC4)CCC3C2)CC1
C(CCCC1CCCCC1)CCCC1CCC(C2CCCCC2)C1
C1CCC(C2CCC3C(CCCCCC4CCC(C5CCCC5)C4)CCCC23)CC1
C1CCC(CCC2(CCCC3CC4CCCCC4C3)CCC3C4CCC5CCCCC5C4CCC32)C1
C1CCC(CCC2CCC3C(CCC4CCCCC43)C2)CC1
C1CCC(CCC(CCC2CCCCC2)CCC2CCC3CCCC3C2)CC1
C(CCC1CCCC2CCCCC12)CC1CC2CCCCC2C1
C1CCC2C(C1)CCC1C3CCCC3CCC21
C1CCC(CCCCCC2CC3CCCCC3C2)CC1
C1CCC(CCCCC23CCCC2CC2C4CCC5CCCCC5C4CCC23)C1
C1CCC(CCC2CCC(CCC3CCCC(CC4CCCC4)CC3)CC2)CC1
C1CCC(C2CCC3CC4C(CCC32)CCC2C3CCCC3CCC42)CC1
C1CCC(C2CC3CCCC3C3CCC4CCCCC4C23)CC1
C(CCCC1CCCCC1)CCCC1CCC(C2CCCCC2)C1
C1CCC2CC(C3CCCC4CCCC43)CCC2C1
C1CCC(CCCC2CCC3CCC(C4CCCC5CCCC54)CC3CC2)CC1
C(CCCC1CCCCC1)CCCC1CCC(C2CCCCC2)C1
C(CCCC1CCCCC1)CCCC1CCC(C2CCCCC2)C1
C1CCC2CCC(C3CCCC4CCCC43)CC2CC1
C1CCC(C2CCC3CC4C(CC5CC6CCCCC6C5)CCCC4CC32)CC1
C1CCC(CCCCC2CC3CCCCC3C2)CC1
C(CCC1CCCC2CCCCC12)CC1CCC2CCCCC2C1
C(CCCC1CCCC2C(C3CCCCC3)CCC12)CCC1CCCCC1
C1CCC(C2CCC3CC4CC5CCC6C(CCCC7CC8CCCCC8C7)CCC6C5CCC4CC32)CC1
C1CCC2C(C1)CCC1C2CCCC2C3CCCC3CC21
C1CCC2CC(C3CCCC4CCCC43)CCC2C1
C1CCC2CC(CCCC3CCCC4CCCCC43)CC2C1
C1CCC2CCC3C4CCCC4CCC3C2CC1
C1CCC(CCCCCC2CCCC3C(C4CCCCC4)CCC23)CC1
C1CCC(C2CCC3CC4C(CCC32)CCC42CCCC2)CC1
C1CCC(CCCCC2CCC3CCCCC23)CC1
C1CCC(CCC2CCC(CCC3CCCC(CC4CCCC4)C3)CC2)CC1
C1CCC(CC2CCC3CC4C(CCC45CCCC5)CC23)CC1
C(CCCC1CCC2CCCC2C1)CCC1CCCCC1
C1CCC2CC(CCCC3CCCC4CCCCC43)CCCC2C1
C1CCC(C2CCC3CCCCC3C3CCC4CCCCC4C23)CC1
C1CCC(CC2CC3CCCCC3C3CCC4CCCCC4C23)CC1
C1CCC2C(C1)CCC1C3CCCC3CCC21
C1CCC(CCCC2CCC3C2CCC2C4CCCCC4CCCC32)C1
C1CCC(C2CCC3CC4C(CCC45CCCCCC5)CC32)CC1
C1CCCC(C2CC3CCCC3C3CCC4CCCCC4C23)CC1
C1CCC(C2CC3CCCC3C3CCC4CCCCC4C23)CC1
C(CCCC1CCCC2C(C3CCCCC3)CCC12)CCC1CCCCC1
C(CCCC1CCCC2C(C3CCCCC3)CCC12)CCC1CCCCC1
C1CCC(CCCCC2CCC3CCCCC23)CC1
C1CCC(CCCC2CCC3CCCC3C2)CC1
C1CCC2CCC3C4CCCC4CCC3C2CC1
C1CCC2CC(C3CCCC4CCCC43)CCC2C1
C1CCC(CCCCCC2CCCC3CCCC23)CC1
C(CCC1CCCC2CCCC12)CC1CC2CCCCC2C1
C1CCC(CC2CCC3C(CCC3C3CCCCC3)C2)CC1
C1CCC(CCCCC2CC3CCCCC3C2)CC1
C1CCC(CCCCC2CCCC(C3CCC4CC(CCC5CCC6CCCCC6C5)CCC43)C2)CC1
C1CCC2CCC3C4CCCC4CCC3C2CC1
C1CCC(CCC2CCC(CCC3CCCCC3)CC2)CC1
C1CCC(C2CC3CCCC3C3CCC4CCCCC4C23)CC1
C(CCCCC1CCC(C2CCCCC2)C1)CCCC1CCCCC1
C1CCC2CC(C3CCCC4CCCC43)CCC2C1
C1CCC(CCC2CCC3C(CCC3C3CCCC(CCC4CCCC4)C3)C2)CC1
C1CCC2CC(CCCC3CCC4C3CCC3C5CCCCC5CCCC43)CC2C1
C1CCC2C(C1)CCC1C3CCCC3CCC21
C1CCC(CCCCCC2CC3CCCCC3C2)CC1
C1CCC(CC2CC3CCCCC3CC3CCC4CCCCC4C32)C1
C1CCC(C2CC3CCCC3C3CCC4CCCCC4C23)CC1
C1CCC(CCCCC2CCC3CCCCC23)CC1
C1CCC(CCCC2CCC3C(CCC3C3CCCCC3)C2)CC1
C1CCC(CCC(CCC2CCCCC2)CCC2CCC3CCCC3C2)CC1
C1CCC(C2CC3CCCCC3C3CCCCC23)CC1
C1CCC(CCCCC2CC3CCCCC3C2)CC1
C1CCC(C2CC3CCCCC3C3CCC4CCCCC4C23)CC1
C1CCC(C2CC3CCCC3C3CCC4CCCCC4CC23)CC1
C(CCC1CCCC1)CCC1CCCC2CCCCC12
C1CCC2C(C1)CCC1C3CCCC3CCC21
C(CCC1CCC2C1CCC1C3CCCCC3CCC21)CC1CC2CCCCC2C1
C1CCC(C2CC3CCCC3C3CCC4CCCCC4C3C2)CC1
C1CCC(CCCC2CCC3CCCC3C2)CC1
C1CCC(C2CCC(CCCCCC3CCCC4CCCCC34)C2)CC1
C(CCCC1CCCC2C(C3CCCCC3)CCC12)CCC1CCC(C2CCCC2)C1
C(CCC1CCC2C(CCC3C4CCCC4CCC23)C1)CC1CCC(C2CCC(C3CC4CCCC4C4CCCC5CCCCC5C34)CC2)CC1
C1CCC(CCCC2CCC3CCC(C4CCCC5CCCC54)CC3C2)CC1
C1CCC(C2CC3CCCC3C3CCC4CCCCC4C23)CC1
C1CCC(CCCCC2CC3CCCCC3C2)CC1
C1CCC(CCC(CCC2CCCCC2)CCC2CCC3CCCC3C2)CC1
C1CCC(CCCCC2CCC3CCCCC3C2)C2CCCCC2CC1
C1CCC(CCCCC2CCC3CCC(C4CCCC5CCCC54)CC3C2)CC1
C1CCC2C(C1)CCC1C3CCCC3CCC21
C1CCC(CCCCCC2CCC3C(CCC3C3CCCCC3)C2)CC1
C1CCC(CC2CC3CCCCC3C3CCC4CCCCC4C23)C1
C1CCC(CCCCC2CC3CCCCC3C2)CC1
C1CCC(CCCCCC2CCC3C(CCC3C3CCCCC3)C2)CC1
C1CCC(CC2CC3CCCCC3C3CCC4CCCCC4C23)C1
C1CCC(CCCC2CCCC(CC3CCC4CC(CCC5CCC6CCCCC6C5)CCC43)C2)CC1
C1CCC(CCC(CCC2CCC3CCCC3C2)CC2CCCCC2)CC1
C1CCC(C2CC3CCCC3C3CCC4CCCCCC4C23)CC1
C(CCCC1CCCC2C(C3CCCCC3)CCC12)CCC1CCCCC1
C1CCC2CC(C3CCCC4CCCC43)CCC2C1
C1CCC(CCCCCC2CC3CCCCC3C2)CC1
C1CCC(C2CCCC3CCCC3C3CCC4CCCCC4C23)CC1
C(CCCC1CCCC2C(C3CCCCC3)CCC12)CCC1CCCCC1
C1CCC(C2CCC3CC4CCCCC4CC32)CC1
C(CCCC1CCCCC1)CCCC1CCC(C2CCCCC2)C1
C1CCC(CCCCC2CC3CCCCC3C2)CC1
C1CCC(C2CCC3CC4C(CCC5C6CCC(CCCC7CC8CCCCC8C7)C6CCCC45)CC32)CC1
C1CCC(CCC2CCC3C(CCC3C3CCCCC3)C2)CC1
C1CCC(CCCCCC2CCC3CCCCC23)CC1
C1CCCC(CCCC2CCC3CCC(C4CCCC5CCCC54)CC3C2)CC1
C1CCC(C2CCC3CC4C(CC5CC6CCCCC6C5)CCCCC4CC32)CC1
C1CCC(C2CC3CCCC3C3CCC4CCCCC4C23)CC1
C(CC1CCCC2CCCCC2C1)CC1CC2CCCCC2C1
C1CCC2CC(C3CCCC4CCCC43)CCC2C1
C1CCC(CC23CCCCC2CCC2C4CCCC4CCCC23)CC1
C1CCC(CCCCC2CC3CCCCC3C2)CC1
C1CCC(C2CC3CCCC3C3CCC4CCCCC4C23)CC1
C1CCC2C(C1)CCC1CCCCC12
C1CCC(CCCCC2CCC3C2CCC2C4CCCCCC4CCC32)CC1
C1CCC(CCC2CCC3C(CCC3C3CCCC(CCC4CCCC4)C3)C2)CC1
C1CCC(C2CCC3CC4C(CCC45CCCC5)CC32)CC1
C1CCC(CC2CCC3CC4C(CCC45CCCCC5)CC23)CC1
C(CCCC1CCCC2C(C3CCCCC3)CCC12)CCC1CCCCC1
C1CCC(CCC2CCC3C(CCC3C3CCCC(CC4CCCCC4)C3)C2)CC1
C1CCC2C(C1)CCC1C3CCCCC3CCC21
C1CCC(CCCCC2CCC3CCC(C4CCCC5CCCC54)CC3C2)CC1
C1CCC(CCC2CCC3C(CCCC4C5CCCC5CC(CCC5CCCCC5)C34)C2)CC1
C(CCC1CC2CCCCC2C1)CCC1CCCC2CCCC12
C1CCC(CCCCC2CC3CCCCC3C2)CC1
C1CCC(CC2CCC3CCCCC3C3CCC4CCCCC4C23)CC1
C1CCC2CC(CCCC3CCC4C3CCC3C5CCCCC5CCC43)CCC2C1
C1CCC(CCCCC2CCC3CCCCC23)CC1
C1CCC(C2CCC3CC4C(CCC5C6CCC(CCCCC7CCCC8CCCCC78)C6CCC45)CC32)CC1
C1CCC2CC(C3CCCC4CCCC43)CCC2C1
C1CCC(C2CCCC(CC3CC4CCCCC4C4CCC5CCCCC5C34)C2)C1
C1CCC(C2CC3CCCC3C3CCC4CCCCCC4C23)CC1
C1CCC(CCCC2CCC3CCC(C4CCCC5CCCC54)CC3C2)CC1
C1CCC(C2CCC3CC4C(CCC5C6CCC(CCCCC7CCC8CCCCC8C7)C6CCC45)CC32)CC1
C1CCC(CC2CC3CCCCC3C3CCC4CCCCCC4C23)CC1
C1CCC(CCC2CCC(CCC3CCCCC(CC4CCCC4)C3)CC2)CC1
C1CCC(CCC2CCC3C(CCC3C3CCCCC3)C2)CC1
C1CCC(CCCCC2CCC3CCCCC23)CC1
C1CCC(CC2CC3CCCCC3C3CCC4CCCCCC4C23)CC1
C1CCC(CC2CC3CCCCC3C3CCC4CCCCC4C23)CC1
C1CCC(C2CCC3CC4C(CCC45CCCCCC5)CC32)CC1
C1CCC(CCCCC2CCC3CCCCC23)CC1
C1CCC(CC2CCC3CC4C(CCC5C6CCC(CCCC7CCC8CCCCC8C7)C6CCC45)CC23)CC1
C1CCC(CCCC2CCC3CCC(C4CCCC5CCCC54)CC3CC2)CC1
C1CCC2CCC3C4CCCC4CCC3C2CC1
C(CCCCC1CCC(C2CCCCC2)C1)CCCC1CCCCC1
C1CCC(C2CCC3C(CCC4CCCCC43)C2)CC1
C(CCCC1CCC2C(CCC2C2CCCCC2)C1)CCC1CCCCC1
C1CCC2CC(CCCC3CCC4C3CCC3C5CCCCC5CCC43)CCC2C1
C1CCC(CCC(CC2CCC3C(CCC3C3CCCCC3)C2)C2CCCCC2)CC1
C1CCC2CCC(C3CCCC3)CC2CC1
C1CCC(CCCCC2CC3CCCCC3C2)CC1
C1CCC(CCCCC2CCC3CCCCC23)CC1
C1CCC(CCCCCC2CC3CCCCC3C2)CC1
C1CCC(C2CC3CCCCC3C3CCCCC23)CC1
C(CCC1CCCC2CCCC12)CC1CC2CCCCC2C1
C1CCC(CC2CCCC(C3CCC4CC(CCCC5CCC6CCCCC6C5)CCC43)C2)C1
C1CCC(CCCCCC2CC3CCCCC3C2)CC1
C1CCC2CCC(C3CCCC4CCCC43)CC2CC1
C1CCC(CCCC2CCCC3CC4C(CCC4C4CCCCC4)CC23)CC1
C1CCC(CCCCCC2CC3CCCCC3C2)CC1
C1CCC2CC3CCCCC3CCC2C1
C(CCCC1CCCC2CCCCC12)CCC1CCCC1
C1CCC(CC2CCCC(CCC3CCC(CCC4CCC(C5CC5)CC4)CC3)C2)C1
C1CCC(C2CCC(CCCCCC3CCCC4CCCCC34)C2)CC1
C1CCC(CCCC2CCC3CCC(C4CCCC5CCCC54)CC3C2)CC1
C1CCC(CCCCC2CC3CCCCC3C2)CC1
C1CCC(C2CC3CCCCC3C3CCCCC23)CC1
C1CCC(CCCCC2CC3CCCCC3C2)CC1
C1CCC(CCCC2(CCC3CCCC3)CCC3C4CCC5CCCCC5C4CCC32)C1
C(CCCCC1CCC(C2CCCCC2)C1)CCCC1CCCCC1
C(CCC1CCC2CCCCC2C1)CCC1CCCC2CCCCC12
C1CCC(CCCC2CCCC3CCC(C4CCCC5CCCC54)CC3C2)CC1
C1CCC(C2CCC3CCCC3C3CCC4CCCCC4C23)CC1
C(CCCC1CCCC2CCCCC12)CCC1CCC(C2CCCC2)C1
C1CCC(CCCC2CCC3C(CCC3C3CCCCC3)C2)CC1
C1CCC2C(C1)CCC1C3CCCC3CCC21
C1CCC(CCC2CCC3C(CCC3C3CCCCC3)C2)CC1
C1CCC(CCCC2CCCC3CCC(CC4CCCC5CCCC54)CC23)CC1
C1CCC(C2CCC3CC4C(CCC32)CCC42CCCCC2)CC1
C1CCC(C2CC3CCCC3C3CCCC4CCCCC4C23)CC1
C1CCC2CCC(C3CCCC4CCCC43)CC2CC1
C1CCC(C2CCC(C3CC4CCCC4C4CCCC5CCCCC5C34)CC2)C1
C1CCC(CCCCCC2CC3CCCCC3C2)CC1
C1CCC(C2CCC3CC4C(CCC5CCC6CCCCC65)CCCC4CC32)CC1
C1CCC(CCC2CCC3C(CCC3C3CCCCC3)C2)CC1
C1CCC(C2CCC3C(CCCC4CCCCC43)C2)CC1
C1CCC(CCCC2(CCC3CCCC3)CCC3C4CCC5CCCCCC5C4CCC32)CC1
C1CCC(CCCC2CCC3CCC(CC4CCCC5CCCC54)CC3C2)CC1
C1CCC(CC2CCC3C(CCC3C3CCCCC3)C2)CC1
C(CCCC1CCCC2CCCCC12)CCC1CCC(C2CCCCC2)C1
C1CCC(C2CCC3CC4C(CCC45CCCC5)CC32)CC1
C1CCC(C2CC3CCCC3C3CCC4CCCCCC4C23)CC1
C1CCC2C(C1)CCC1C2CCC2C3CCCC3CC21
C(CCC1CC2CCCCC2C1)CCC1CCCC2CCCC12
C1CCC2CCC3C4CCCCC4CCC3C2CC1
C1CCC2CCC(C3CCCC4CCCC43)CC2CC1
C(CCC1CCCCC2CCCCC12)CC1CCC2CCCCC2C1
C1CCC(CCCCC2CC3CCCCC3C2)CC1
C1CCC(CCCC2CCCC3CCCCC32)C2CCCCC2C1
C1CCC(C2C3CCCC3CC3CC4CCCC4CC32)CC1
C1CCC(CCCCCC2CCCC3C(C4CCCCC4)CCC23)CC1
C1CCC(CCC(CCC2CCC3CCCC3C2)CC2CCCCC2)CC1
C1CCC2C(C1)CCC1CCCCC12
C1CCC2C(C1)CCC1C2CCC2C3CCCC3CC21
C(CCCC1CCCC2CCCCC12)CCC1CCC(C2CCCC2)C1
C1CCC2C(C1)CCC1C3CCCC3CCCC21
C1CCC(CC2CC3CCCCC3C3CCC4CCCCCC4C23)CC1
C(CCCC1CCC2CCCC2C1)CCC1CCCCC1
C1CCC(CCC2CCC3C(CCC3C3CCCCC3)C2)CC1
C1CCC(C2CCC3CC4(CCCCCCC4C4CCCCC4)CCC32)CC1
C(CCCC1CCCCC1)CCCC1CCC(C2CCCCC2)C1
C1CCC(CCCCC2CCC3CCCCC23)CC1
C1CCC(CC2CC3CCCCC3C3CCC4CCCCCC4C23)CC1
C(CCC1CCCC2CCCC12)CC1CC2CCCCC2C1
C(CCCC1CCCC2C(C3CCCCC3)CCC12)CCC1CC1
C1CCC2CCC(C3CCCC4CCCC43)CC2CC1
C1CCC(CCCCC2C3CCCCC3CCC2C2CCCC3CCCC32)CC1
C1CCC(CCC2CCC3C(CCC3C3CCCCC3)C2)CC1
C1CCC(C2CCC3CCC4CCCCC4C3CC2)CC1
C1CCC2CC(C3CCCC4CCCC43)CCC2C1
C1CCC2CCC3C(CCC4C5CCCC5CC43)C2CC1
C1CCC(C2CCC3CC4C(CC5CCC6CCCCC65)CCCC4CC32)CC1
C1CCC2CCC(C3CCCC4CCCC43)CC2CC1
C1CCC(CCCC2CCC3CCC(CC4CCCC5CCCC54)CC3C2)CC1
C1CCC(CCCCCC2CCC3CCC(C4CCCC5CCCC54)CC3C2)CC1
C(CCCC1CCCCC1)CCCC1CCC(CC2CCCCC2)C1
C(CCCC1CCCCC1)CCC1CCCCC1
C1CCC2CCC3C4CCCCC4CC(CC4CCCC5CCCCC54)C3C2CC1
C1CCC(C2CC3CCCCC3C3CCC4CCCCC4C23)CC1
C1CCC(CCC2CCC3C(CCC4C5CCCC5CCC34)C2)CC1
C1CCC(CCCC2CCC3C2CCC2C4CC5CCC(C6CCCCC6)C5CC4CCCC32)CC1
C1CCC(C2CC3CCCCC3C3CCCCC23)CC1
C1CCC(C2CCC3CCC4(CCCCC4)C3C2)CC1
C1CCC(CC2CC3CCCCC3C3CCC4CCCCCC4C23)CC1
C1CCC(CC2CC3CCCCC3C3CCC4CCCCCC4C23)CC1
C1CCC(CCCC2CCCC3CCC(CC4CCCC5CCCC54)CC23)CC1
C1CCC(CCC2CCC3C(CCCC4C5CCCC5CCC34)C2)CC1
C1CCC(C2CCC3CC4C(CCC32)CCC42CCCCC2)CC1
C1CCC(C2CCC(CCCCCC3CCCC4C(C5CCCCC5)CCC34)C2)CC1
C1CCC2CCC3C4CCCCC4CC(CC4CCCC4)C3C2CC1
C1CCC(CCCC2CCCC(C3CCC4CC(CCC5CCC6CCCCC6C5)CCC43)C2)CC1
C1CCC(CCCC2CCC3CCC(C4CCCC5CCCC54)CC3C2)CC1
C1CCC2C(C1)CCC1CCCCC12
C1CCC(C2CCC3CC4CCCCC4CC32)CC1
C(CCCC1CCCC2C(C3CCCCC3)CCC12)CCC1CCCCC1
C1CCC(CCCCCC2C3CCCCC3CCC2C2CCCC3CCCC32)CC1
C1CCC(CCCC2CCC3CCC(C4CCCC5CCCC54)CC3C2)CC1
C1CCC(C2CCC3CCC4(CCCCCC4C4CCCCC4)CCC32)CC1
C1CCC(CC2CCC3C(CCC3C3CCCCC3)C2)CC1
C1CCC2CCC3C4CCC(CCCC5CCC6CCCCC6C5)C4CCC3C2CC1
C1CCC2CC(C3CCCC4CCCC43)CCC2C1
C1CCC(CCCCCC2CC3CCCCC3C2)CC1
C1CCC(CC2CCCCC2CC2CC3CCCCC3C3CCC4CCCCCC4C23)CC1
C1CCC(C2CC3CCCCC3C3CCCCC23)CC1
C1CCC2C(C1)CCC1C3CCCC3CCC21
C(CCCC1CCC(C2CCCCC2)C1)CCC1CCCCC1
C1CCC(CCCC(CC2CC3CCCCC3C2)C2CC2)CC1
C(CCCC1CCCCC1)CCC1CCCCC1
C1CCC(CC(CC2CCCCC2)C2CCCCC2)CC1
C1CCC(CCCCC2CCC3CCCCC23)CC1
C(CCC1CC2CCCCC2C1)CCC1CCCC2CCCC12
C1CCC(C2CCC3CC4C(CCC45CCCCCC5)CC32)CC1
C(CCCCCCC1CCC2C1CCC1C3CCCCC3CCCC21)CCCCCC1CCC(CCC2CCC(CCC3CCCC3)C2)C1
C1CCC2C(C1)CCC1CCCCC12
C1CCC2CCC3C4CCC(CCCC5CCCC6CCCCC65)C4CCC3C2CC1
C1CCC2C(C1)CCCC1C3CCCC3CCC21
C1CCC(CC2CC3CCCCC3C3CCC4CCCCCC4C23)CC1
C1CCC(CCC2CCC3C(CCC3C3CCCCC3)C2)CC1
C1CCC2CCC3C4CCCCC4CC(CC4CCCC4)C3C2CC1
C1CCC(C2CC3CCCC3C3CCC4CCCCC4C23)CC1
C(CCCCC1CCC(C2CCCCC2)C1)CCCC1CCCCC1
C1CCC(CC2CC3CCCCC3C3CCC4CCCCC4C3C2)C1
C1CCC(C2CC3CCCC3C3CCC4CCCCC4C23)CC1
C1CCC(CC2CC3CCCCC3C3CCC4CCCCC4C23)CC1
C1CCC(C2CCC3CC4C(CCC32)CCC2C3CCC(CCCC5CC6CCCCC6C5)C3CCC42)CC1
C1CCC(CCCCCC2CCCC3C(C4CCCCC4)CCC23)CC1
C1CCC2CCC3C(CCC4C5CCCC5CC43)C2CC1
C(CCC1CCCC2CCCCC12)CC1CCCC2CCCCC12
C(CCC1CCC2C1CCC1C3CCCCC3CCC21)CC1CC2CCCCC2C1
C1CCC(C2CC3CCCC3C3CCC4CCCCC4C23)CC1
C1CCC(CCCCC2CC3CCCCC3C2)CC1
C1CCC(C2CCC3CC4C(CCC5C6CCCC(CCCC7CCC8CCCCC8C7)C6CCC45)CC32)CC1
C1CCC(CCCC2CCC3CCC(C4CCCC5CCCC54)CC3C2)CC1
C(CCCC1CCCC2C(C3CCCCC3)CCC12)CCC1CCCCC1
C1CCC2CCC(C3CCCC4CCCC43)CC2CC1
C(CCCC1CCCCC1)CCCC1CCC(C2CCCCC2)C1
C1CCC2C(C1)CCCC1C3CCCC3CCC21
C1CCC(CCC2CCC3C(CCC3C3CCCCC3)C2)CC1
C1CCC2C(C1)CCC1C2CCC2C3CCCC3CC21
C1CCC2CCC(C3CCCC4CCCC43)CC2CC1
C1CCC(CCC2CCCCC3CC4C(CCC4C4CCCCC4)CC23)CC1
C1CCC2C(C1)CCC1C3CCCC3CCCC21
C1CCC(CCC2CCC3C(CC4CCCCC4)CCC3C2)CC1
C1CCC(CCC2CCC3C(CCC3C3CCCCC3)C2)CC1
C1CCC(CCCCCC2CCCC3C(C4CCCCC4)CCC23)CC1
C1CCC(CCCCC2CC3CCCCC3C2)CC1
C1CCC(CCC2CCC3C(CCC3C3CCCCC3)C2)CC1
C1CCC2CC(C3CCCC4CCCC43)CCC2C1
C1CCC2C(C1)CCC1C3CCCC3CCC21
C1CCC2C(C1)CCC1C3CCCCC3CCC21
C1CCC(CCCCC2CC3CCCCC3C2)CC1
C1CCC(CCC2CCC3C(CCC3C3CCCC3)C2)CC1
C1CCC2CC(CCCC3CCCC4C3CCC3C5CCCCC5CCC43)CC2C1
C1CCC(CCCC(CC2CCC3C(CCC3C3CCCCC3)C2)C2CCCCC2)CC1
C1CCC(CCC2CCCC3CCC4C(CCC4C4CCCCC4)CC23)CC1
C1CCC(CCCCCC2CC3CCCCC3C2)CC1
C1CCC2CCC(C3CCCC4CCCC43)CC2CC1
C1CCC2C(C1)CC(C1CCCC3CCCC31)C1CCCCC21
C1CCC2CCC(C3CCCC4CCCC43)CC2CC1
C1CCC(CC2CC3CCCCC3C3CCC4CCCCC4C23)CC1
C1CCC(C2CC3CCCCC3C3CCCCC3C2)C1
C1CCC(CCCC2CCC(CC3CCC4C(CCC4C4CCCCC4)C3)CC2)CC1
C1CCC(C2CCC3CC4C(CCC32)CCC42CCCCC2)CC1
C1CCC(CCC(CC2CC3CCCCC3C2)C2CCCCC2)CC1
C1CCC(CCCC2(CCC3CCCC3)CCC3C4CCCC5CCCCC5C4CCC32)CC1
C1CCC(CCCCCC2CCCC3C(CC4CCCCC4)CCC23)CC1
C1CCC(C2CC3CCCC3C3CCC4CCCCC4C23)CC1
C(CCC1CCC2C(CCC3C4CCCC4CCC23)C1)CC1CCC(C2CCC(C3CC4CCCC4C4CCC5CCCCC5C34)CC2)CC1
C(CCC1CCC2CCCCC2C1)CCC1CCCC2CCCCC12
C(CCC1CC2CCCCC2C1)CCC1CCCC2CCCC12
C1CCC(C2CCC3CC4C(CCC5C6CCC(CCCCC7CCC8CCCCC8C7)C6CCC45)CC32)CC1
C(CCCC1CCCC2C(C3CCCCC3)CCC12)CCC1CCCCC1
C1CCC2CCC3C4CCCC4CC(C4CCC(C5CCC5)CC4)C3C2CC1
C1CCC(CCC2(CCCC3CC4CCCCC4C3)CCC3C4CCC5CCCCC5C4CCC32)C1
C1CCC(CCC2CCC3C(CCC3C3CCCCC3)C2)CC1
C1CCC(CCCCCC2CCCC3C(CC4CCCCC4)CCC23)CC1
C1CCC2C(C1)CCC1C3CCCCC3CCC21
C1CCC(CCCCC2CC3CCCCC3C2)CC1
C1CCC(CC2CCC(CCC(CC3CCCCC3)C3CCCCC3)CC2)CC1
C1CCC(C2CCC3CC4C(CCC5C6CCC(CCCC7CC8CCCCC8C7)C6CCC45)CC32)CC1
C1CCC2C(C1)CCC1CCCCC12
C1CCC(CCCC2CCC(C3CC3)CC2)CC1
C1CCC(CC2CCC3CC(C4CCCCC4)CCC23)CC1
C1CCC2C(C1)CCCC1C2CCC2C3CCCC3CC21
C(CCC1CCC2C1CCC1C3CCCCC3CCC21)CC1CC2CCCCC2C1
C1CCC(CCC23CCCCC2CCC2C4CCCC4CCC23)CC1
C1CCC(C2CC3C(CCC34CCCC4)C3CCC4CCCCCC4C23)CC1
C1CCC(CCCCCC2CCC3CCCC3C2)CC1
C1CCC2C(C1)CCC1C3CCCC3CCC21
C1CCC(C2CCC3C(CCCCCC4CC4)CCCC23)CC1
C1CCC(CC2CCCC(CC3CC4CCCCC4C4CCC5CCCCCC5C34)C2)CC1
C1CCC2CC(CCCC3CCC4C3CCC3C5CCCCC5CCC43)CCC2C1
C1CCC(CC2CC3CCCCC3C3CCC4CCCCC4C23)C1
C(CCCC1CCCCC1)CCCC1CCC(C2CCCCC2)C1
C1CCC(CCCCC2CC3CCCCC3C2)CC1
C1CCC(CCC2CCC3C2CCC(C2CCCCC2)C2C4CCCCC4CCCC32)CC1
C1CCC(CCCCCC2CCCC3C(CC4CCCCC4)CCC23)CC1
C1CCC(CCCCCC2CCCC3C(CC4CCCCC4)CCC23)CC1
C1CCC2CCC(C3CCCC4CCCC43)CC2CC1
C1CCC2C(C1)CCC1C3CCCCC3CCC21
C1CCC(CC2CC3CCCCC3C3CCC4CCCCC4C23)CC1
C1CCC(C2CC3C(CCC4CC4)CCC3C3CCC4CCCCC4C23)CC1
C1CCC2C(C1)CCC1C3CCCC3CCC21
C1CCC2CC(C3CCCC4CCCC43)CCC2C1
C(CC1CCC2CCCC2C1)CC1CCC2CCC(CC3CCCC4CCCC43)CC2C1
C1CCC(CCCCC2CCC3CCCCC23)CC1
C1CCC(C2CCCC3C(CCC4CCCCC43)C2)CC1
C1CCC(CCCC2(CCC3CCCC3)CCC3C4CCC5CCCCC5C4CCC32)C1
C1CCC(CCCCC2CC3CCCCC3C2)CC1
C1CCC(CC2CCC(CCCCCC3CCCC4CCCCC34)C2)CC1
C1CCC(CCCCCC2CCC3CCCCC23)CC1
C1CCC(CCCCC2CC3CCCCC3C2)CC1
C1CCC2CCC(C3CCCC4CCCC43)CC2CC1
C1CCC2C(C1)CCC(C1CCCC1)C1CCCCC21
C1CCC(CCC2CCC3C(CCC4C5CCCC5CCC34)C2)CC1
C1CCC(C2CC3CCCC3C3CCC4CCCCC4C3C2)CC1
C1CCC(C2CC3C(CCC4CCC4)CCC3C3CCC4CCCCC4C23)CC1
C1CCC2CC(C3CCCC4CCCC43)CCC2C1
C1CCC(C2CCC3CCCC3C3CCC4CCCCC4C23)CC1
C1CCC(C2CCC3CC4C(CCC32)CCC2C3CCC(CCCC5CC6CCCCC6C5)C3CCC42)CC1
C1CCC(CC2CC3CCCCC3C3CCC4CCCCCC4C23)CC1
C1CCC(CCC2CCC3C(CCC3C3CCCCC3)C2)CC1
C1CCC(CCCCCC2CC3CCCCC3C2)CC1
C1CCC(C2CC3CCCC3C3CCC4CCCCCC4C23)CC1
C1CCC(C2CCC3(CCC4CCC5C(CCC5C5CCCCC5)CC43)C2)CC1
C1CCC2CCC3C4CCCCC4CC(CC4CCCC4)C3C2CC1
C1CCC(C2CCC3CCC4C(CCCC45CCCCC5)CC32)CC1
C1CCC2CCC3C4CCCC4CCC3C2CC1
C1CCC(CCCC2CCC3CCCC3C2)CC1
C(CCC1CCC2C1CCC1C3CCCCC3CCC21)CC1CC2CCCCC2C1
C1CCC(CC2CC3CCCCC3C3CCC4CCCCC4C23)CC1
C1CCC(CCC2CCC3C(CCC3C3CCCCC3)C2)CC1
C1CCC2CC(CC3CCCC4CCCC43)CCC2C1
C1CCC2CCC(C3CCCC4CCCC43)CC2CC1
C1CCC2C(C1)CCC1C3CCCC3CCC21
C1CCC(C2CCC(C3CC4CCCC4C4CCC5CCCCC5C34)CC2)C1
C1CCC(C2C3CCCC3CC3CC4CCCC4CC32)CC1
C1CCC(C2CCC3C(CCCCCC4CCC(C5CCCC5)C4)CCCC23)CC1
C1CCC(CCC(CCC2CCC3CCCC3C2)CC2CCCCC2)CC1
C1CCC2C(C1)CCCC1C3CCCC3CCC21
C1CCC(CCCCCC2CCCCC2)CC1
C1CCC2CCC3C4CCCC4CC(C4CCC(C5CCC5)CC4)C3C2CC1
C1CCC(CCC2CCCC(CC3CC4CCCCC4C4CCC5CCCCC5C34)C2)CC1
C(CCCC1CCCC2C(C3CCCCC3)CCC12)CCC1CCCCC1
C1CCC(CC2CCC(CC(CC3CCCCC3)C3CCCCC3)CC2)CC1
C1CCC2CCC(C3CCC4CCCCC43)CC2CC1
C1CCC(CCC2CCC(CC3CC3)CC2)CC1
C1CCC(C2CCCC3C(CCC4CCCCC43)C2)CC1
C1CCC(CCCCC2CCC3CCCCC23)CC1
C1CCC(CCCCC2CC3CCCCC3C2)CC1
C1CCC(CCCCC2CCC3CCCC3C2)CC1
C1CCC(CC2CC3CCCCC3C3CCC4CCCCC4C23)CC1
C1CCC(CCCCCC2CCC3CCCCC23)CC1
C1CCC(C2CC3CCCC3C3CCC4CCCCC4C23)CC1
C1CCC(CCCC2CCC3C(CCC4CCCCC43)C2)CC1
C1CCC(CCCC(CC2CC3CCCCC3C2)C2CC2)CC1
C1CCC(C2CCC3CC4CC5CCC6C(CCCC7CC8CCCCC8C7)CCC6C5CCC4CC32)CC1
C1CCC(CCCCCC2CCC3CCCCC23)CC1
C(CCC1CCCC2CCCCC12)CC1CCC2CCCCC2C1
C1CCC2CC3CCCCC3CCC2C1
C(CCC1CCCC1)CCC1CCCCC2CCCCC12
C1CCC(CCCC2CCC3CCC(C4CCCC5CCCC54)CC3C2)CC1
C1CCC2C(C1)CCCC1C3CCCC3CCC21
C1CCC2CCC(C3CCCC4CCCC43)CC2CC1
C1CCC2C(C1)CCC1C3CCCC3CCC21
C1CCC(CCCCC2CC3CCCCC3C2)CC1
C1CCC(C2CC3CCCC3C3CCC4CCCCC4C23)CC1
C1CCC(CCCCC2CCC3CCCCC23)CC1
C1CCC(C2CCC3CC4C(CCCCC5CC5)CCCC4CC32)CC1
C1CCC(C2CCC3C(CCC4CCCCC43)C2)CC1
C1CCC(CC2CC3CCCCC3C3CCC4CCCCC4C23)CC1
C1CCC(CCCCCC2CCC3CCCCC23)CC1
C1CCC(C2CC3CCCCC3C3CCC4CCCCC4C23)CC1
C(CCCC1CCCCC1)CCCC1CCC(C2CCCCC2)C1
C1CCC(CCCCCC2CC3CCCCC3C2)CC1
C(CCCC1CCCC2C(C3CCCCC3)CCC12)CCC1CCCCC1
C1CCC(CCCCC2CCC3C2CCC2C4CCCCCC4CCC32)CC1
C1CCC(CCCCCC2CCC3CCCCC23)CC1
C1CCC(CCCCCC2CC3CCCCC3C2)CC1
C1CCC(C2CC3CCCC3C3CCC4CCCCCC4C23)CC1
C1CCC2CC(C3CCCC3)CCC2C1
C1CCC(C2CCC3C(CCC4CCCCC43)C2)CC1
C1CCC(C2CC3CCCC3C3CCC4CCCCC4C23)CC1
C1CCC(C2CCC3CC4C(CC5CCC6CCCCC65)CCCC4CC32)CC1
C1CCC(C2CCC3CCC4C(CCC45CCCC5)CC32)CC1
C1CCC(CC(CC2CCCCC2)C2CCCCC2)CC1
C1CC(C2CCC(C3CC4CCCC4C4CCC5CCCCC5C34)CC2)C1
C1CCC(CC2CC3CCCCC3C3CCC4CCCCCC4C23)CC1
C1CCC(CCC(CCC2CCC3CCCC3C2)CC2CCCCC2)CC1
C1CCC(CCC2CCC3C(CCC3C3CCCCC3)C2)CC1
C1CCC(CCCCCC2CCC3CCCCC23)CC1
C1CCC(CCC2CCC3C(CCC3C3CCCCC3)C2)CC1
C1CCC(CCCC2CCC3C(CCC4CC(C5CCCCC5)CCC43)C2)CC1
C1CCC2C(C1)CCCC2CC1CC2CCCCC2C2CCCC12
C1CCC(CC2CC3CCCCC3C3CCC4CCCCC4C23)C1
C1CCC(CCCCC2CC3CCCCC3C2)CC1
C1CCC(CC2CC3CCCCC3C3CCC4CCCCC4C23)CC1
C1CCC(CC2CC3CCCCC3CC3CCC4CCCCC4C32)C1
C1CCC(C2CC3CCCCC3C3CCC4CCCCC4C23)CC1
C1CCC(CCCCC2C3CCCCC3CCC2C2CCCC3CCCC32)CC1
C1CCC(CCCCC2CCC3CCCCC23)CC1
C1CCC(CCC2CCC3C(CCC3C3CCCC(CCC4CCCC4)C3)C2)CC1
C1CCC2C(C1)CCCC1C3CCCC3CCC21
C1CCC(CCCC23CCCC2CC2C4CCC5CCCCC5C4CCC23)C1
C(CCC1CCCC2CCCCC12)CC1CC2CCCCC2C1
C(CCCC1CCCCC1)CCCC1CCC(C2CCCCC2)C1
C1CCC2C(C1)CCC1C2CCC2C3CCCC3CC21
C1CCC2CC(CC3CCCC4CCCC43)CCC2C1
C1CCC2C(C1)CCC1C3CCCC3CCC21
C1CCC2C(C1)CCC1C3CCCC3CCC21
C1CCC2C(C1)CCC1C3CCCCC3CCC21
C1CCC(CCC2CCC(CCCC3CCCC(CC4CCCC4)C3)CC2)CC1
C1CCC(CC2CCC(CC(CC3CCCCC3)C3CCCCC3)CC2)CC1
C1CCC(CCC2(CCCC3CC4CCCCC4C3)CCC3C4CCC5CCCCC5C4CCC32)C1
C1CCC2C(C1)CCC1CCCCC12
C1CCC(CC2CC3CCCCC3C3CCC4CCCCCC4C23)CC1
C(CCC1CCC2CCCCC2C1)CCC1CCCC2CCCCC12
C1CCC2C(C1)CCCC2CCCC1CCC2C1CCCC1C3CCCCC3CCC12
C1CCC2CCC(C3CCCC4CCCC43)CC2CC1
C(CCCC1CCCCC1)CCCC1CCC(C2CCCCC2)C1
C1CCC(CCCCCC2CC3CCCCC3C2)CC1
C1CCC(CCC2CCC3C2CCC2C4CCCCC4CCC32)C1
C1CCC(CCCCCC2CCCC3C(C4CCCCC4)CCC23)CC1
C1CCC(CCCCC2CC3CCCCC3C2)CC1
C1CCC(CC2CC3CCCCC3CC3CCC4CCCCC4C32)CC1
C(CCC1CCC2CCCCC2C1)CCC1CCCC2CCCCC12
C1CCC(CCCC2CCC3CCC(C4CCCC5CCCC54)CC3CC2)CC1
C(CCCC1CCCCC1)CCCC1CCC(C2CCCCC2)C1
C1CCC(C2CC3C(CCC34CCCC4)C3CCC4CCCCC4C23)CC1
C1CCC(C2CCC(CCCCCC3(C4CCCCC4)CCCC4CCCCC43)C2)CC1
C1CCC(CCCCC2CC3CCCCC3C2)CC1
C1CCC2CC(C3CCCC4CCCC43)CCC2C1
C(CCC1CCCC2CCCC12)CC1CC2CCCCC2C1
C(CCCC1CCCCC1)CCCC1CCC(CC2CCCCC2)C1
C1CCC(CCC2CCC(CCC3CCCC(CC4CCCC4)C3)CC2)CC1
C1CCC(CC(CC2CCCCC2)C2CCCCC2)CC1
C1CCC(CCCCCC2CCC3CCCCC23)CC1
C1CCC(CC2CC3CCCCC3C3CCC4CCCCC4C23)CC1
C(CCC1CCCC2CCCC12)CC1CC2CCCCC2C1
C1CCC(C2CC3CCCC3C3CCC4CCCCCC4C23)CC1
C1CCC2CC(CC3CCCC4CCCC43)CCC2C1
C1CCC(CCCCC2CC3CCCCC3C2)CC1
C1CCC(CCC2CCC3C(CCC3C3CCCCC3)C2)CC1
C1CCC(CCC2CCC(CC3CC3)CC2)CC1
C1CCC(C2CCC3CC4C(CCC5C6CCCC(CCCC7CCC8CCCCC8C7)C6CCC45)CC32)CC1
C1CCC(C2CCC3CC4C(CCC5C6CCC(CCCCC7CC8CCCCC8C7)C6CCC45)CC32)CC1
C1CCC(CCCCCC2CC3CCCCC3C2)CC1
C1CCC2CCC3C4CCCCC4CCC3C2CC1
C1CCC2CC(C3CCCC4CCCC43)CCC2C1
C1CCC2C(C1)CCCC1C3CCCC3CCC21
C1CCC2CCC3C4CCCCC4CC(CC4CCCC4)C3C2CC1
C1CCC(CCCCC2CC3CCCCC3C2)CC1
C1CCC(CCC(CC2CCC(CC3CCCCC3)CC2)C2CCCCC2)CC1
C1CCC(CCCCC2CC3CCCCC3C2)CC1
C1CCC2CC(C3CCCC4CCCC43)CCC2C1
C1CCC2CCC3C4CCC(CCCC5CCCC6CCCCC65)C4CCC3C2CC1
C1CCC(CCCCC2CC3CCCCC3C2)CC1
C1CCC(CCCCC2CCC3CCCCC23)CC1
C1CCC(CC2CCC3C(CCC4CCCCC43)C2)C1
C1CCC(CC2CC3CCCCC3C3CCC4CCCCC4C23)C1
C1CCC(C2CC3CCCC3C3CCC4CCCCC4C23)CC1
C1CCC(CCCC2CCC3CCCC3C2)CC1
C1CCC(C2CCCC3CCCC3C3CCC4CCCCC4C23)CC1
C1CCC(CCCCC2CCCC(C3CCC4CC(CCC5CCC6CCCCC6C5)CCC43)C2)CC1
C1CCC2CC(C3CCCC4CCCC43)CCC2C1
C1CCC(CCC2CCC3C(CCC3C3CCCCC3)C2)CC1
C1CCC2C(C1)CCC1C3CCCC3CCC21
C1CCC2CC(C3CCCC4CCCC43)CCC2C1
C1CCC(CCCCCC2CC3CCCCC3C2)CC1
C1CCC2C(C1)CCC1C3CCCC3CCC21
C1CCC2CC(C3CCCC4CCCC43)C3CCCC3C2CC1
C1CCC2CCC(C3CCCC4CCCC43)CC2CC1
C1CCC(CCCC2CCC3CCC(C4CCCC5CCCC54)CC3C2)CC1
C1CCC(C2CCC(CCCCCC3CCCC4C(C5CCCCC5)CCC34)C2)CC1
C1CCC2C(C1)CCCC2CCCC1CCC2C1CCC1C3CCCCC3CCCC21
C1CCC2C(C1)CCCC1CCCCC12
C1CC2CCC3C(CCC4CCC5CC5C43)CC2C1
C1CCC(C2CC3CCCCC3CC3CCCCC32)CC1
C1CCC(CCCCC2CC3CCCCC3C2)CC1
C1CCC(CC(CC2CCCCC2)C2CCCCC2)CC1
C1CC(C2CCC(C3CC4CCCC4C4CCCC5CCCCC5C34)CC2)C1
C1CCC(C2CCC3C(CCC4CCCCC43)C2)CC1
C1CCC(C2CCC3CC4C(CCC5C6CCCC6CCC45)CC32)CC1
C1CCC(C2CCC3CC(CC4CCC(CCC5CCCC5)CC4)CCC32)CC1
C1CCC(CC2CC3CCCCC3C3CCC4CCCCCC4C23)CC1
C1CCC2CCC(C3CCCC4CCCC43)CC2CC1
C(CCC1CCCC2CCCC12)CC1CC2CCCCC2C1
C1CCC(C2CC3CCCC3C3CCC4CCCCC4C23)CC1
C1CCC2CCCCC2C(CCCCC2CCCC3CCCCC23)C1
C(CCC1CCC2CCCCC2C1)CC1CCCC2CCCCC2C1
C1CCC2C(C1)CCCC1C2CCC2C3CCCC3CC21
C1CCC2C(C1)CCC1C3CCCC3CCC21
C1CCC2C(C1)CCC1C3CCCCC3CCC21
C1CCC(C2CCC3CCCC3C3CCC4CCCCC4C23)CC1
C(CCC1CC2CCCCC2C1)CCC1CCCC2CCCC12
C1CCC2CC(CC3CCCC4CCCC43)CCC2C1
C1CCC(C2CCC3C(CCCC4CCCCC43)C2)CC1
C1CCC(C2CC3CCCC3C3CCCC4CCCCC4C23)CC1
C1CCC(C2CCC3CC4C(CCC5C6CCC(CCCCC7CC8CCCCC8C7)C6CCC45)CC32)CC1
C1CCC(C2CCC3CC4C(CCC45CCCCCC5)CC32)CC1
C(CCC1CCCC2CCCCC12)CC1CCC2CCCCC2C1
C1CCC(C2CC3CCCC3C3CCCC4CCCCC4C23)CC1
C1CCCC(CCC2CCC(CCC3CCCCC3)CC2)CC1
C1CCC(C2CCC3CC4C(CCCC45CCC(C4CCCCC4)C(C4CCCCC4)C5)CC32)CC1
C1CCC(CC2CCC(CC(CC3CCCCC3)C3CCCCC3)CC2)CC1
C1CCC(CCC(CCC2CC3CCCCC3C2)C2CC2)CC1
C1CCC(CCC2CCC3C(CCC3C3CCCCC3)C2)CC1
C1CCC(C2CCC3CC4C(CCC5C6CCCC6CCC45)CC32)CC1
C1CCC(CC2CC3CCCCC3C3CCC4CCCCC4C23)CC1
C1CCC(CCC2CCCC3CCC(C4CCCC5CCCC54)CC23)CC1
C1CCC(C2CC3C(CCC34CCCC4)C3CCC4CCCCC4C23)CC1
C1CCC(CCC(CCCC2CCC3CCCC3C2)CC2CCCCC2)CC1
C1CCC(CCCC2CCC3CCC(C4CCCC5CCCC54)CC3C2)CC1
C(CCC1CCCC2CCCCC12)CC1CCC2CCCCC2C1
C1CCC(C2CCCC3(CCC4CC5C(CCC5C5CCCCC5)CC43)C2)CC1
C1CCC2C(C1)CC(C1CCCC1)C1CCCCC21
C1CCC2CCC3C4CCCC4CCC3C2CC1
C1CCC(C2CCC3C(CCCCCC4CCC(C5CCCC5)C4)CCCC23)CC1
C1CCC2CC3CCC(C4CCCCC4)C3CC2CC1
C1CCC(CCCCC2(CCC3CCCC3)CCC3C4CCC5CCCCC5C4CCC32)CC1
C1CCC(CCCC2CCC3CCC(C4CCCC5CCCC54)CC3C2)CC1
C1CCC(CCC2CCCC3CC4C(CC5CCCCC5)CCC4CC23)CC1
C1CCC(CC2CC3CCCCC3C3CCC4CCCCC4C23)CC1
C1CCC(C2CCC3C(CCC4CCCCC43)C2)CC1
C(CCC1CCCC2CCCCC12)CC1CC2CCCCC2C1
C(CCC1CCCC2CCCCC12)CC1CCC2CCCCC2C1
C1CCC(C2CCC3CC4C(CCC5C6CCC(CCCC7CCC8CCCCC8C7)C6CCC45)CC32)CC1
C1CCC(CCCCCC2CC3CCCCC3C2)CC1
C1CCC(C2CCC3CCCC3C3CCC4CCCCCC4C23)CC1
C1CCC(C2CCC3CCC4C(CCC45CCCC5)CC32)CC1
C1CCC2C(C1)CCCC1CCCCC12
C(CCCC1CCCC2C(C3CCCCC3)CCC12)CCC1CCCCC1
C1CCC(CCCCC2CC3CCCCC3C2)CC1
C1CCC(C2CCC3CC4C(CCCC45CCCCC5)CC32)CC1
C(CCC1CCC2C(CCC3C4CCCC4CCC23)C1)CC1CCC(C2CCC(C3CC4CCCC4C4CCC5CCCCC5C34)CC2)CC1
C1CCC2C(C1)CCC1C3CCCC3CCC21
C1CCC(C2CC3CCCC3C3CCC4CCCCC4C23)CC1
C1CCC2CCC3C(CCC4C3CCC4(CCCC3CC4CCCCC4C3)CCC3CCCC3)C2CC1
C(CCCCC1CCC(C2CCCCC2)C1)CCCC1CCCCC1
C1CCC(CCCCCC2CCCC3C(C4CCCCC4)CCC23)CC1
C1CCC2C(C1)CCCC2CCCC1CCCC2CCCCC21
C1CCC(CCC2CCC3C(CCC4C5CCCCC5CC(CCC5CCCCC5)C34)C2)CC1
C1CCC(CCC2(CCCCC3CC4CCCCC4C3)CCC3C4CCC5CCCCC5C4CCC32)C1
C1CCC(CCCCC2CCC3CCCCC23)CC1
C1CCC(C2CC3CCCC3C3CCC4CCCCC4C23)CC1
C1CCC2C(C1)CCC1C3CCCC3CCC21
C1CCC(C2CC3CCCC3C3CCC4CCCCC4C23)CC1
C1CCC(CC2CCC(C3CC4CCCC4C4CCC5CCCCCC5C34)CC2)CC1
C(CCCC1CCCC2C(C3CCCCC3)CCC12)CCC1CCC(C2CCCC2)C1
C1CCC(CCCC2CCCC3CC4C(CCC4C4CCCCC4)CC23)CC1
C1CCC(CCCCC2CCC3CCC(C4CCCC5CCCC54)CC3C2)CC1
C1CCC(CCCCC2CC3CCCCC3C2)CC1
C1CCC(CCC2CCC3C(CCC3C3CCCCC3)C2)CC1
C1CCC(C2CC3CCCC3C3CCCC4CCCCC4C23)CC1
C1CCC(CCCCC2CCC3CCC(C4CCCC5CCCC54)CC3C2)CC1
C1CCC(CCCCC2CCC3CCCCC23)CC1
C(CCCC1CCCCC1)CCCC1CCC(C2CCCCC2)C1
C1CCC2CC(CC3CCCC4CCCC43)CCC2C1
C1CCC(C2CCC3CCCC3C3CCCC4CCCCC4C23)CC1
C1CCC(C2CCC3C(CCC4CCCCC43)C2)CC1
C1CCC(CCCCC(CC2CCC3C(CCC3C3CCCCC3)C2)C2CCCCC2)CC1
C(CCCC1CCCC2C(C3CCCCC3)CCC12)CCC1CCCCC1
C1CCC(CC2CCCCC23CCC2C(CCC2C2CCCCC2)C3)CC1
C(CCC1CCCC2CCCC12)CC1CC2CCCCC2C1
C1CCC(CCCCCC2CC3CCCCC3C2)CC1
C1CCC(CCC(CCC2CCC3CCCC3C2)CC2CCCCC2)CC1
C1CCC(CCCC2CCC3C2CCC2C4CC5CCC(C6CCCCC6)C5CCC4CCC32)CC1
C(CCCCCCC1CCC2C1CCC1C3CCCCC3CCC21)CCCCCC1CCC(CCC2CCC(CCCC3CCCC3)C2)C1
C1CCC(C2CCC3CC4C(CCCC45CCCC5)CC32)CC1
C1CCC(CCC2CCC3C(CCCC4CC(C5CCCCC5)CCC43)C2)CC1
C1CCC(C2CCC3CCCC3C3CCC4CCCCCC4C23)CC1
C1CCC(CCCC2CCC3C2CCC2C4CCCCC4CCC32)C1
C1CCC(C2CCCC3(CCC4CC5C(CCC5C5CCCCC5)CC43)C2)CC1
C1CCC(CC2CC3CCCCC3C3CCC4CCCCC4C3C2)CC1
C1CCC(CCC2CCC3C(CCC3C3CCCCC3)C2)CC1
C1CCC(CCC2CCCC3CC4C(CCC4C4CCCCC4)CC23)CC1
C1CCC(C2CCC3CC4C(CCC5C6CCC(CCCC7CCC8CCCCC8C7)C6CCC45)CC32)CC1
C1CCC2CC(C3CCCC4CCCC43)CCC2C1
C1CCC2CC(C3CCCC4CCCC43)CCC2C1
C1CCC(CCCCCC2CCCC3C(CC4CCCCC4)CCC23)CC1
C1CCC(C2CCC3CC4(CCCCCCC4C4CCCCC4)CCC32)CC1
C1CCC2C(C1)CCC1C3CCCC3CCC21
C1CCC2CC3CCC(C4CCCCC4)C3CC2CC1
C(CCCC1CCC2C(CCC2C2CCCCC2)C1)CCC1CCCCC1
C1CCC2C(C1)CCC1CCCCC12
C(CCC1CCCC2CCCC12)CC1CC2CCCCC2C1
C1CCC(C2CC3CCCC3C3CCC4CCCCC4C23)CC1
C1CCC2C(C1)CCC1C3CCCC3CCC21
C1CCC(CCC2CCC3C(CCC3C3CCCCC3)C2)CC1
C1CCC(CCC(CCCC2CCC3CCCC3C2)CC2CCCCC2)CC1
C1CCC2C(C1)CCC1CCCCC12
C1CCC(C2CCC(CCCCCC3(C4CCCC4)CCCC4CCCCC43)C2)CC1
C(CCCCC1CCC(C2CCCCC2)C1)CCCC1CCCCC1
C1CCC2C(C1)CCCC2CCCC1CCCC2CCCCC21
C1CCC(CC2CCC3CC4C(CCCC45CCCCC5)CC23)CC1
C(CCC1CCCC2CCCCC12)CC1CCC2CCCCC2C1
C1CCC(CCCCCC2CCC3CCCCC23)CC1
C(CCC1CCCC2CCCC12)CC1CC2CCCCC2C1
C1CCC(CCCC2CCC3CCC(C4CCCC5CCCC54)CC3CC2)CC1
C1CCC2C(C1)CC(C1CCCC3CCCC31)C1CCCC21
C1CCC(CC2CCC3CC4C(CCC45CCCC5)CC23)CC1
C1CCC(CCCCCC2CC3CCCCC3C2)CC1
C1CCC2CCC(C3CCCC4CCCC43)CC2CC1
C1CCC(CC2CCC3C(CC4CCCCC4)CCC3C2)CC1
C1CCC2C(C1)CCC1C3CCCCC3CCC21
C1CCC(C2CC3CCCC3C3CCC4CCCCCC4C23)CC1
C1CCC2CCC(C3CCCC4CCCC43)CC2CC1
C1CCC2CC(CCCC3CCC4C3CCCC3C5CCCCC5CCC34)CC2C1
C1CCC(CCCCCC2CC3CCCCC3C2)CC1
C1CCC(CCCCCC2CC3CCCCC3C2)CC1
C1CCC(CC2CCCC(CC3CC4CCCCC4C4CCC5CCCCCC5C34)C2)CC1
C1CCC(C2CCC3CC4CCCCC4CC32)CC1
C1CCC2CCC(C3CCCC4CCCC43)CC2CC1
C1CCC2CCC3C(CCC4C3CCC4(CCCC3CC4CCCCC4C3)CCC3CCCC3)C2CC1
C1CCC(CCCCC2CC3CCCCC3C2)CC1
C1CCC2CCC3C4CCCCC4CCC3C2CC1
C1CCC2C(C1)CCC1C3CCCCC3CCCC21
C1CCC(CCCCC2CCC3CCCCC23)CC1
C1CCC2C(C1)CCC1C3CCCCC3CCCC21
C1CCC2C(C1)CCCC1CCCCC12
C1CCC2CC(C3CCCC3)CCC2C1
C1CCC(C2CCC3CCC4CCCCC4C3CC2)CC1
C1CCC(CC2CC3CCCCC3C3CCC4CCCCCC4C23)CC1
C1CCC(C2CCC3CC4C(CCCC5C6CCC(CCCC7CC8CCCCC8C7)C6CCC45)CC32)CC1
C1CCC(C2CCC(CCCCCC3CCCC4CCCCC34)C2)CC1
C1CCC(C2CCC3CC4C(CCCC45CCCCC5)CC32)CC1
C(CCC1CCCC2CCCCC12)CC1CCC2CCCCC2C1
C1CCC(CCCCCC2CC3CCCCC3C2)CC1
C1CCC2CC(CCCC3CCC4C3CCC3C5CCCCC5CCC43)CCC2C1
C1CCC2C(C1)CCCC1C3CCCC3CCC21
C1CCC(CC2CCCCCC23CCCC2C(CCC2C2CCCCC2)C3)CC1
C1CCC2CCC(C3CCCC4CCCC43)CC2CC1
C(CCCC1CCCCC1)CCCC1CCC(C2CCCCC2)C1
C1CCC2CC(C3CCCC4CCCC43)CCC2C1
C1CCC2CCC3C4CCCC4CC(C4CCC(C5CCC(CCCCC6CCC7C(CCC8C9CCCC9CCC78)C6)CC5)CC4)C3C2CC1
C1CCC(CCC2CCC3C(CCC3C3CCCCC3)C2)CC1
C1CCC2CCC(C3CCCC4CCCC43)CC2CC1
C1CCC(CCCCC2CC3CCCCC3C2)CC1
C1CCC(CCCCCC2CC3CCCCC3C2)CC1
C1CCC(CCC(CCC2CCC3CCCCC3C2)CC2CCCCC2)CC1
C1CCC(CCC2(CCCC3CC4CCCCC4C3)CCC3C4CCC5CCCCC5C4CCC32)C1
C1CCC2CC(C3CCCC4CCCC43)CCC2C1
C1CCC(CC2CCC3C(CCC3C3CCCCC3)C2)CC1
C1CCC(CCCCCC2CCCC3C(C4CCCCC4)CCC23)CC1
C(CCC1CCCC2CCCCC12)CC1CC2CCCCC2C1
C(CCCC1CCCCC1)CCC1CCCCC1
C1CCC(C2CC3CCCC3CC3CCC4CCCCC4C32)CC1
C1CCC(CCC(CCC2CCC3CCCCC3C2)CC2CCCCC2)CC1
C1CCC(C2CCC3CC4C(CCC5C6CCC(CCCC7CC8CCCCC8C7)C6CCC45)CC32)CC1
C1CCC(C2CCC3CCCC3C3CCC4CCCCC4C23)CC1
C(CCC1CCCC2CCCCC12)CC1CCC2CCCCC2C1
C1CCC(C2CC3CCCC3C3CCC4CCCCCC4C23)CC1
C1CCC(C2CCC3CC4(CCCCCC4C4CCCCC4)CCC32)CC1
C1CCC2C(C1)CCC1C3CCCC3CCC21
C1CCC2CCC(C3CCCC4CCCC43)CC2CC1
C1CCC(CC2CCCC(CC3CCC4CC(CCC5CCC6CCCCC6C5)CCC43)C2)C1
C1CCC(C2CC3CCCC3C3CCC4CCCCC4C23)CC1
C1CCC(CCC2CCC3C2CCCC(C2CCCCC2)C2C4CCCCC4CCC32)CC1
C1CCC(CCC2CCCC3C2CCC2C4CCCCC4CCC32)C1
C(CCCCC1CCC(C2CCCCC2)C1)CCCC1CCCCC1
C1CCC(C2CCC3(CCC4CC5C(CCC5C5CCCCC5)CCC43)C2)CC1
C1CCC(CCCCCC2CC3CCCCC3C2)CC1
C1CCC(C2CCC3CCC4CCCCC4CC32)CC1
C1CCC2CCC(C3CCCC4CCCC43)CC2CC1
C1CCC(CCCCCC2CC3CCCCC3C2)CC1
C1CCC(C2CC3CCCCC3C3CCCCC23)CC1
C1CCC(C2CCC3CCCC3C3CCCC4CCCCC4C23)CC1
C1CCC2C(C1)CCC1C3CCCC3CCC21
C1CCC(CCCCCC2CC3CCCCC3C2)CC1
C(CCC1CCCC2CCCC12)CC1CC2CCCCC2C1
C1CCC(CCC(CC2CCC3C(CC4CCCCC4)CCC3C2)C2CCCCC2)CC1
C1CCC2C(C1)CC(C1CCCC3CCCC31)C1CCCC21
C1CCC(C2CCC3CCC4CCCCC4C3CC2)CC1
C1CCC(CC(CC2CCCCC2)C2CCCCC2)CC1
C1CCC(CCCCC2CC3CCCCC3C2)CC1
C1CCC(C2CC3CCCC3C3CCC4CCCCC4C23)CC1
C1CCC2CC(CCCC3CCC4C3CCC3C5CCCCC5CCCC43)CC2C1
C1CCC(C2CC3CCCC3C3CCC4CCCCC4C23)CC1
C1CCC(CCC2CCC3C(CCC4CCCCC43)C2)CC1
C1CCC(CCC2CCCCC2)CC1
C1CCC(CC2CC3CCCCC3C3CCC4CCCCCC4C23)CC1
C1CCC2C(C1)CCC1CCCCC12
C1CCC(CCCC2CCCC3CCC(C4CCCC5CCCC54)CC3C2)CC1
C1CCC(CCC(CCC2CCC3CCCC3C2)CC2CCCCC2)CC1
C1CCC(C2CCC3(CCC4CC5C(CCC5C5CCCCC5)CC43)C2)CC1
C1CCC(CC2CCC3CC4C(CCCC5CC5)CCCC4CC23)CC1
C1CCC2CCC3C4CCC(CCCC5CC6CCCCC6C5)C4CCC3C2CC1
C1CCC(CCC2CCC(CC3CCC4C(CCC4C4CCCCC4)C3)CC2)CC1
C1CCC(C2CCC3C(CCCC4CCCCC43)C2)CC1
C1CCC2CCC(C3CCCC4CCCC43)CC2CC1
C1CCC(CC2CCC3CC4C(CCC45CCCC5)CC23)CC1
C1CCC(C2CCC3CCC4C(CCC5C6CCC(CCCC7CCC8CCCCC8C7)C6CCC45)CC32)CC1
C1CCC(C2CC3C(CCC4CCC4)CCC3C3CCC4CCCCC4C23)CC1
C(CCC1CCCCC2CCCCC12)CC1CCC2CCCCC2C1
C1CCC(CC2CCC(CCCCCC3CCCC4CCCCC34)C2)CC1
C(CCC1CCCC2CCCCC12)CC1CCC2CCCCC2C1
C1CCC(CC2CC3CCCCC3C2C2CCCCC2)CC1
C1CCC(C2CC3CCCCC3C3CCCCC23)CC1
C(CCC1CCC2C1CCC1C3CCCCC3CCC21)CC1CCC2CCCCC2C1
C1CCC(CCCC2CCC3CCC(C4CCCC5CCCC54)CC3C2)CC1
C1CCC(CCC(CC2CC2)CC2CC3CCCCC3C2)CC1
C1CCC(CCC2CCC(CCC3CCCC(CC4CCCC4)C3)CC2)CC1
C1CCC(CCCCCC2CCCC3C(CC4CCCCC4)CCC23)CC1
C1CCC(C2CCC(CCCCCC3CCCC4C(C5CCCCC5)CCC34)C2)CC1
C1CCC(C2CC3CCCC3C3CCC4CCCCC4C23)CC1
C1CCC(CCC2CCCC3CC4C(CCC4C4CCCCC4)CC23)CC1
C1CCC(CC2CC3CCCCC3C3CCC4CCCCCC4C23)CC1
C1CCC2C(C1)CCC1C2CCC2C3CCCC3CC21
C1CCC(CCC2CCC3C(CCC3C3CCCCC3)C2)CC1
C1CCC(CCCCC2CCC3CCCCC23)CC1
C1CCC(C2CCC3C(CCC4CCCCC43)C2)CC1
C1CCC(C2CCC3C(CCC4CCCCC43)C2)CC1
C1CCC(C2CCC3CC4C(CCCC45CCCCC5)CC32)CC1
C(CCCC1CCCC2C(C3CCCCC3)CCC12)CCC1CCCCC1
C1CCC(CCC2CCC3C(CCC3C3CCCCC3)C2)CC1
C1CCC(CCCCC2CCC3CCCCC23)CC1
C1CCC(CCCC2CCCC3C2CCC2C4CC5CCC(C6CCCCC6)C5CC4CCC32)CC1
C1CCC(C2CC3CCCC3C3CCC4CCCCC4C23)CC1
C1CCC2CC(CC3CCCC4CCCC43)CCC2C1
C1CCC(C2CCCCC2CC2CC3CCCCC3CC3CCC4CCCCC4C32)CC1
C1CCC(C2CCC3CCC4CCCCC4C3CC2)CC1
C1CCC(CC2CC3CCCCC3C3CCC4CCCCC4C23)CC1
C1CCC(C2CC3CCCC3C3CCC4CCCCCC4C23)CC1
C(CCC1CCC2CCCCC2C1)CCC1CCCC2CCCCC12
C1CCC(C2CC3CCCC(C3)C3CCC4CCCCC4C32)CC1
C(CCCC1CCCCC1)CCC1CCCCC1
C1CCC2CC3CCC4CCCC4C3CCC2C1
C1CCC(CCCCC2CC3CCCCC3C2)CC1
C1CCC(CCCCCC2CC3CCCCC3C2)CC1
C(CCCC1CCCC2C(C3CCCCC3)CCC12)CCC1CCCCC1
C1CCC(CCCCCC2CC3CCCCC3C2)CC1
C1CCC(C2CCC3CCCC3C3CCC4CCCCC4C23)CC1
C1CCC(CCC2CCC3C(CCC4C5CCCCC5CCC34)C2)CC1
C1CCC2CC(C3CCCC4CCCC43)CCC2C1
C1CCC(CCCCCC2CCC3CCCC3C2)CC1
C1CCC(C2CCC3CCCC3C3CCC4CCCCC4C23)CC1
C1CCC(CCCC2CCCC3CCC(CC4CCCC5CCCC54)CC23)CC1
C1CCC2C(C1)CCC1C3CCCC3CCC21
C1CCC(C2CCC3(CCC4CCC5C(CCC5C5CCCCC5)CC43)C2)CC1
C1CCC(CCCCC2CC3CCCCC3C2)CC1
C1CCC(CC2CCC(CC(CC3CCCCC3)C3CCCCC3)CC2)CC1
C1CCC(CCC2CCCC3CC4C(CCC4C4CCCCC4)CC23)CC1
C1CCC(CCCCCC2CC3CCCCC3C2)CC1
C1CCC(CCCCC2CC3CCCCC3C2)CC1
C1CCC(C2CC3CCCC3C3CCCC4CCCCC4C23)CC1
C1CCC(C2CCC3CC4C(CCC32)CCC2C3CCC(CCCC5CC6CCCCC6C5)C3CCC42)CC1
C1CCC(CCC(CCC2CCC3CCCCC3C2)CC2CCCCC2)CC1
C1CCC(CCC2CCC(C3CCC4C(CCC4C4CCCCC4)C3)CC2)CC1
C1CCC(CCCCC2CC3CCCCC3C2)CC1
C1CCC(CCC2CCCCC2)CC1
C1CCC(CCCCC2CC3CCCCC3C2)CC1
C1CCC(C2CC3CCCC3C3CCC4CCCCCC4C23)CC1
C(CCCC1CCCC2C(C3CCCCC3)CCC12)CCC1CCCCC1
C1CCC2CC3CCC4CCCCC4C3CCC2C1
C1CCC(CCC2CCC(CCC3CCCC(CC4CCCC4)C3)CC2)CC1
C1CCC(C2CCC(C3CC4CCCC4C4CCCC5CCCCC5C34)CC2)C1
C1CCC(CCCCC2CC3CCCCC3C2)CC1
C(CCCCC1CCC(C2CCCCC2)C1)CCCC1CCCCC1
C1CCC(C2CC3CCCC3C3CCC4CCCCCC4C23)CC1
C1CCC(C2CCC3CC4C(CCC4C4CCCC4)CC32)CC1
C1CCC(C2CCC3C(CCC4CCCCC43)C2)CC1
C1CCC(C2CC3CCCCC3C3CCC4CCCCC4C23)CC1
C1CCC2C(C1)CCCC1C3CCCC3CCC21
C1CCC(CCCCCC2CCCC3C(C4CCCCC4)CCC23)CC1
C1CCC(C2CCC3CC4C(CCC5C6CCCC(CCCC7CCC8CCCCC8C7)C6CCC45)CC32)CC1
C1CCC(CCCCCC2CC3CCCCC3C2)CC1
C1CCC(CC2CCC3CCCCC3C3CCC4CCCCC4C23)C1
C1CCC(C2CCC3CC4CCCCC4CC32)CC1
C1CCC(C2CC3CCCC3C3CCC4CCCCC4C23)CC1
C1CCC(C2CCC(CCCCCC3CCCC4CCCCC34)C2)CC1
C1CCC2CC(CCCC3CCC4C3CCC3C5CCCCC5CCCC43)CC2C1
C1CCC(CCC2CCC(C3CC3)CC2)CC1
C(CCCC1CCCCC1)CCCC1CCC(C2CCCCC2)C1
C1CCC(CCCCC2CCC3C2CCC2C4CCCCC4CCC32)CC1
C1CCC2C(C1)CC(C1CCCC3CCCC31)C1CCCC21
C(CCC1CCCC2CCCC12)CC1CC2CCCCC2C1
C1CCC2CC(C3CCCC4CCCC43)CCC2C1
C1CCC(CCCCC2CCCC3CCC(C4CCCC5CCCC54)CC3C2)CC1
C(CCC1CCCC2CCCCC12)CC1CCCC2CCCCC12
C1CCC(C2CCC(CCCCCC3(C4CCCC4)CCCC4CCCCC43)C2)CC1
C1CCC2C(C1)CCC1C3CCCCC3CCC21
C1CCC(CCC2CC3CCCCC3C3CCC4CCCCC4C23)CC1
C1CCC2CCC3C4CCCC4CCC3C2CC1
C1CCC2C(C1)CCC1C3CCCC3CCC21
C1CCC(CCCCCC2CCCC3C(C4CCCCC4)CCC23)CC1
C1CCC2C(C1)CCCC2CCCC1CCC2C1CCCC1C3CCCCC3CCC12
C1CCC2C(C1)CC(C1CCCC3CCCC31)C1CCCC21
C1CCC2CC(CCCC3CCC4C3CCC3C5CCCCC5CCC43)CC2C1
C1CCC2CC(C3CCCC4CCCC43)CCC2C1
C1CCC2CC(C3CCCC4CCCC43)CCC2C1
C(CCC1CCCC2CCCCC12)CC1CCC2CCCCC2C1
C1CCC(C2CCC3CC4C(CCC45CCCCC5)CC32)CC1
C1CCC(C2CC3CCCC3C3CCC4CCCCCC4C23)CC1
C1CCC(CCCCC2CCC3CCC(C4CCCC5CCCC54)CC3C2)CC1
C1CCC2CC(CC3CCCC4CCCC43)CCC2C1
C(CCCC1CCCCC1)CCCC1CCC(C2CCCCC2)C1
C1CCC(CC2CC3CCCCC3C3CCC4CCCCC4C23)C1
C1CCC2CCCC(CC3CC4CCCCC4C4CCC5CCCCC5C34)C2CC1
C1CCC(C2CC3CCCC3C3CCC4CCCCC4C23)CC1
C(CCC1CC2CCCCC2C1)CCC1CCCC2CCCC12
C1CCC2CC(C3CCCC3)CCC2C1
C1CCC(CCC2CCC(C3CCC4C(CCC4C4CCCCC4)C3)CC2)CC1
C1CCC2CC(C3CCCC4CCCC43)CCC2C1
C1CCC2CCC3C4CCCC4CCC3C2CC1
C1CCC(C2CCC(CCCC3CCC4C3CCC3C5CCCCCC5CCC43)C2)CC1
C1CCC2C(C1)CCC1C3CCCC3CCC21
C1CCC2CC3CCC4CCCC4C3CCC2C1
C1CCC(CCC2(CCCC3CCC4CCCCC4C3)CCC3C4CCC5CCCCC5C(CCC32)C4)C1
C(CCC1CCCC2CCCCC12)CC1CCC2CCCCC2C1
C1CCC(CCCCCC2CC3CCCCC3C2)CC1
C1CCC(C2CCC3CCCC3C3CCC4CCCCC4C23)CC1
C(CCC1CCCC2CCCCC12)CC1CC2CCCCC2C1
C1CCC(CCCCC2CC3CCCCC3C2)CC1
C1CCC(CCCCC2CC3CCCCC3C2)CC1
C1CCC(C2CCC3CC4C(CCC45CCCCCC5)CC32)CC1
C1CCC(CCCCC2CC3CCCCC3C2)CC1
C1CCC(CCC2CCC3C(CCC4CCCCC43)C2)CC1
C1CCC(CCCCC2CC3CCCCC3C2)CC1
C1CCC2C(C1)CCCC2CC1CC2CCCCC2C2CCC3CCCCC3C12
C1CCC2CC(C3CCCC4CCCC43)CCC2C1
C1CCC(CCC(CCCC2CCC3CCCC3C2)CCC2CCCCC2)CC1
C1CCC(C2CCC3CC4CCCCC4CC32)CC1
C1CCC(CC2CC3CCCCC3C3CCC4CCCCC4C23)CC1
C1CCC2C(C1)CCC1C3CCCC3CCC21
C1CCC(C2CC3CCCC3C3CCC4CCCCC4C23)CC1
C1CCC(C2CC3C(CCC4CC4)CCC3C3CCC4CCCCC4C23)CC1
C1CCC2CCC(C3CCCC4CCCC43)CC2CC1
C1CCC2CC(C3CCCC4CCCC43)CCC2C1
C1CCC2C(C1)CCC1CCCCC12
C(CCC1CCC2C(CCC3C4CCCC4CCC23)C1)CC1CCC(C2CCC(C3CC4CCCC4C4CCC5CCCCC5C34)CC2)CC1
C1CCC(CCCCC2CC3CCCCC3C2)CC1
C1CCC2CCC(C3CCCC4CCCC43)CC2CC1
C1CCC2CC(C3CCCC4CCCC43)CCC2C1
C1CCC2CCC3C4CCCCC4CCC3C2CC1
C1CCC(CC2CC3CCCCC3C3CCC4CCCCCC4C23)CC1
C1CCC(C2CCC3C(CCCCCC4CCC(C5CCCC5)C4)CCCC23)CC1
C1CCC2CC(CC3CCCC4CCCC43)CCC2C1
C1CCC(CCCCC2CCC3CCCCC23)CC1
C(CCCC1CCCC2C(C3CCCCC3)CCC12)CCC1CCCCC1
C1CCC2CCC3C4CCC(CCCC5CC6CCCCC6C5)C4CCC3C2CC1
C1CCC(C2CCC3C(CCC4CCCCC43)C2)CC1
C1CCC(C2CCCC(CC3CCC4CCCCC4C4CCC5CCCCC5C34)C2)C1
C(CCC1CCC2CCCCC2C1)CCC1CCCC2CCCCC12
C1CCC2C(C1)CCCC2CCCC1CCCC2CCCCC21
C(CCC1CCCC2CCCCC12)CC1CCC2CCCCC2C1
C1CCC2CCC3C4CCCC4CC(C4CCC(C5CCCC5)CC4)C3C2CC1
C1CCC(CCC2(CCCC3CC4CCCCC4C3)CCC3C4CCC5CCCCC5C4CCC32)C1
C1CCC(CCC(CCC2CCC3CCCC3C2)CC2CCCCC2)CC1
C1CCC(CCCCC2CC3CCCCC3C2)CC1
C1CCC2C(C1)CC(C1CCCC3CCCC31)C1CCCC21
C1CCC(C2CCC3CC4(CCCCCC4C4CCCCC4)CCCC32)CC1
C1CCC(CCC2CCC3C(CCC3C3CCCCC3)C2)CC1
C1CCC(C2CCC3CCCC3C3CCC4CCCCC4C23)CC1
C1CCC(CC2CC3CCCCC3C3CCC4CCCCC4C23)CC1
C1CCC(C2CC3C(CCCC34CCCC4)C3CCC4CCCCC4C23)CC1
C1CCC2C(C1)CCC1C3CCCC3CCC21
C(CCC1(C2CCCC2)CCCCC2CCCCC21)CC1CCC2CCCCC2C1
C1CCC(CCCCC2CCC3CCCCC23)CC1
C1CCC(CC2CC3CCCCC3C3CCC4CCCCCC4C23)CC1
C1CCC2CCC(C3CCCC4CCCC43)CC2CC1
C1CCC(C2CCC3CC4C(CCC5C6CCC(CCCCC7CC8CCCCC8C7)C6CCC45)CC32)CC1
C1CCC(CC2CC3CCCCC3C3CCC4CCCCC4C23)CC1
C1CCC(CCCCC2CC3CCCCC3C2)CC1
C1CCC(C2CCC3CCC4CCCCC4C3CC2)CC1
C(CCCC1CCCC2C(C3CCCCC3)CCC12)CCC1CCCCC1
C1CCC2CCC(C3CCCC4CCCC43)CC2CC1
C1CCC(C2CCC3CC4C(CCC45CCCCC5)CC32)CC1
C1CCC2CC(C3CCCC4CCCC43)CCC2C1
C1CCC2CC(CC3CCCC4CCCC43)CCC2C1
C1CCC2CCC(C3CCCC4CCCC43)CC2CC1
C1CCC(C2CCC3CC4C(CCC45CCCCC5)CC32)CC1
C1CCC(CCCC2CC3CCCCC3C2C2CCCCC2)CC1
C1CCC(C2CCC3CC4C(CCC5C6CCC(CCCC7CCCC8CCCCC87)C6CCC45)CC32)CC1
C1CCC2C(C1)CCC1CCCCC12
C1CCC2C(C1)CCC1C3CCCC3CCC21
C1CCC2CC(C3CCCC4CCCC43)CCC2C1
C1CCC(C2CC3CCCCC3C3CCC(CCC4CCCC4)CC23)CC1
C1CCC(CCCCCC2CCCCC2)CC1
C(CCCC1CCCCC1)CCC1CCCCC1
C1CCC(CCCC2CCC3C2CCC2C4CC5CCC(C6CCCCC6)C5CC4CCCC32)CC1
C1CCC(C2CCC(CCCCCC3(C4CCCC4)CCCC4CCCCC43)C2)CC1
C(CCC1CC2CCCCC2C1)CCC1CCCC2CCCC12
C(CCC1CCCC2CCCCC12)CC1CCCC2CCCCC12
C1CCC2CC(CC3CCCC4CCCC43)CCC2C1
C1CCC(CCC2CC3CCCCC3C2C2CCCCC2)CC1
C1CCC(C2CCC3C(CCC34CCCC4)C3CCC4CCCCC4CC23)CC1
C1CCC(CCCCCC2CC3CCCCC3C2)CC1
C1CCC(C2CCC3CC4C(CCC45CCCCC5)CC32)CC1
C1CCC2CC(CCCC3CCC4C3CCC3C5CCCCC5CCC43)CC2C1
C1CCC2CCC3C4CCCC4CCC3C2CC1
C1CCC(CC2CCC3CC4C(CCC45CCCCC5)CC23)CC1
C1CCC2C(C1)CCCC1C2CCC2C3CCCC3CC21
C1CCC(C2CC3CCCC3C3CCC4CCCCC4C23)CC1
C1CCC(C2CC3C(CCC4CC4)CCC3CC3CCC4CCCCC4C32)CC1
C1CCC(CCCC2CCC3CCC(C4CCCC5CCCC54)CC3C2)CC1
C1CCC(CC2CC3CCCCC3C3CCC4CCCCC4C23)C1
C1CCC(CC2CC3CCCCC3C3CCC4CCCCC4C23)CC1
C1CCC(CC2CC3CCCCC3C3CCC4CCCCC4C3C2)C1
C1CCC(CC2CC3CCCCC3C3CCC4CCCCCC4C23)CC1
C1CCC(CCC2CCC3C(CCC3C3CCCCC3)C2)CC1
C1CCC2CCC3C4CCC(CCCC5CC6CCCCC6C5)C4CCC3C2CC1
C1CCC(CC2CCC3C(CCC3C3CCCCC3)C2)CC1
C1CCC(CC2CC3CCCCC3C3CCC4CCCCC4C23)C1
C1CCC(C2CCC3C(CCCCCC4CC4)CCCC23)CC1
C1CCC(C2CC3C(CCC34CCCC4)C3CCC4CCCCCC4C23)CC1
C1CCC(C2CCC(CCCCCC3CCCCC4CCCCC34)C2)CC1
C1CCC(C2CCC3C(CCCCCC4CCC(C5CCCC5)C4)CCCC23)CC1
C1CCC(CCC2CCC3C(CCC4CCC(C5CCCCC5)CCC43)C2)CC1
C1CCC(C2CC3CCCC3C3CCCC4CCCCC4C23)CC1
C(CCCC1CCCCC1)CCCC1CCC(C2CCCCC2)C1
C1CCC(CCCCCC2CCCC3C(C4CCCCC4)CCC23)CC1
C(CCCC1CCCCC1)CCCC1CCC(C2CCCCC2)C1
C1CCC2C(C1)CCC1C3CCCCC3CCC21
C1CCC(C2CCC3CC4C(CCC5C6CCC(CCCC7CC8CCCCC8C7)C6CCC45)CC32)CC1
C1CCC2CCC3C4CCC(CCCC5CC6CCCCC6C5)C4CCC3C2CC1
C1CCC2CC(C3CCCC4CCCC43)CCC2C1
C1CCC2CC(C3CCCC4CCCC43)CCC2C1
C1CCC2CC(C3CCCC4CCCC43)CCC2C1
C1CCC(CCCCCC2CC3CCCCC3C2)CC1
C1CCC(CCCC2CCC3C2CCC2C4CC5CCC(CC6CCCCC6)C5CC4CCC32)CC1
C1CCC2CC(CCCC3CCC4C3CCC3C5CCCCC5CCC43)CC2C1
C1CCC(C2CCC3CCCCC3C3CCC4CCCCC4C23)CC1
C1CCC2CCC(C3CCCC4CCCC43)CC2CC1
C1CCC(C2CC3CCCC3C3CCC4CCCCC4C23)CC1
C1CCC2C(C1)CCC1C3CCCC3CCC21
C1CCC(C2CCC3CC4C(CCCC45CCCCC5)CC32)CC1
C1CCC(C2CCC3CC4C(CCCC45CCCC5)CC32)CC1
C1CCC(CCCCCC2CC3CCCCC3C2)CC1
C1CCC(C2CCC3CC4C(CCC5C6CCC(CCCC7CCC8CCCCC8C7)C6CCC45)CC32)CC1
C1CCC2CCC(C3CCCC4CCCC43)CC2CC1
C1CCC(CCC2CCC(CCC3CCCC(CC4CCCC4)C3)CC2)CC1
C1CCC(CC2CC3CCCCC3C3CCC4CCCCCC4C23)CC1
C1CCC2CCC(C3CCCC4CCCC43)CC2CC1
C1CCC(C2CCC3CC4(CCCCCCC4C4CCCCC4)CCC32)CC1
C1CCC(CCCCC2CCC3CCCC3C2)CC1
C1CCC2C(C1)CCC1C3CCCCC3CCC21
C1CCC(C2CCC3CC4C(CCC5C6CCC(CCCCC7CCC8CCCCC8C7)C6CCC45)CC32)CC1
C(CCCC1(C2CCCC2)CCCC2CCCCC21)CCC1CCC(C2CCCCC2)C1
C1CCC(CCCCC2CCC3CCCCC23)CC1
C(CCC1CCC2CCCCC2C1)CCC1CCCC2CCCCC12
C1CCC(C2CC3CCCC3C3CCCC4CCCCC4C23)CC1
C1CCC(CCCCCC2CC3CCCCC3C2)CC1
C1CCC(CCCCC2CCCC3CCCC23)CC1
C1CCC(CCCCC2CC3CCCCC3C2)CC1
C1CCC2C(C1)CCCC1CCCCC12
C1CCC(CCCCC2CC3CCCCC3C2)CC1
C1CCC(CCCCC2CC3CCCCC3C2)CC1
C(CCC1CCC2CCCCC2C1)CCC1CCCC2CCCCC12
C1CCC2CC(C3CCCC4CCCC43)C3CCCC3C2CC1
C1CCC2CC(CCCC3CCCC4C3CCC3C5CCCCC5CCC43)CCC2C1
C(CCCCC1CCC(C2CCCCC2)C1)CCCC1CCCCC1
C(CCC1CCC2CCCCC2C1)CCC1CCCC2CCCCC12
C1CCC(C2CCC3CC4C(CCC45CCCC5)CC32)CC1
C1CCC2CC(CCCC3CCCC4CCCCC43)CC2C1
C1CCC2CCC3C4CCCCC4CC(CC4CCCC4)C3C2CC1
C1CCC(CCCCC2CC3CCCCC3C2)CC1
C1CCC2C(C1)CCC1C3CCCC3CCC21
C1CCC(CCCCCC2CC3CCCCC3C2)CC1
C1CCC(CCCCC2CC3CCCCC3C2)CC1
C1CCC(CCCCC2CC3CCCCC3C2)CC1
C1CCC(C2CCC3CCCC3C3CCC4CCCCCC4C23)CC1
C1CCC(CCC2CCC3C(CCC3C3CCCC(CC4CCCC4)C3)C2)CC1
C1CCC(CC2CC3CCCCC3C3CCC4CCCCC4C23)CC1
C(CCC1CCCC2CCCC12)CC1CC2CCCCC2C1
C1CCC(CCC2CCC3C(CCC3C3CCCCC3)C2)CC1
C1CCC2C(C1)CCCC1C3CCCC3CCC21
C1CCC(CC2CCC3CC4(CCCCCC4C4CCCCC4)CCC23)CC1
C1CCC(CCCCCC2CCCC3CCC(C4CCCCC4)CC23)CC1
C1CC2CCC3C(CCC4CCCCC43)CC2C1
C(CCCC1CCCC2C(C3CCCCC3)CCC12)CCC1CCCCC1
C1CCC2CC(CCCC3CCC4C3CCC3C5CCCCC5CCCC43)CC2C1
C1CCC(CCC2CCC3C(CCC3CC3CCCC(CC4CCCC4)C3)C2)CC1
C1CCC(CCC2CCC(CCC3CCCC(CC4CCCC4)C3)CC2)CC1
C1CCC2CC3CCC4CCCC4C3CCC2C1
C1CCC(C2CCC3CCCC3C3CCC4CCCCC4C23)CC1
C(CCCC1CCCC2C(C3CCCCC3)CCC12)CCC1CCCCC1
C1CCC(C2CC3CCCC3C3CCC4CCCCC4C23)CC1
C1CCC(CCC2CCC(C3CCC4C(CCC4C4CCCCC4)C3)CC2)CC1
C1CCC(CC2CC3CCCCC3C3CCC4CCCCC4C23)CC1
C1CCC2CC(C3CCCC4CCCC43)C3CCCC3C2CC1
C1CCC(CCCCC2CC3CCCCC3C2)CC1
C1CCC(CCCCC2CC3CCCCC3C2)CC1
C1CCC(CCC2CCC3C(CCCC4C5CCCC5CCC34)C2)CC1
C1CCC(CCC2CCC3C(CCC3C3CCCCC3)C2)CC1
C1CCC(CCC(CCC2CCC3CCCC3C2)CC2CCCCC2)CC1
C1CCC(CCC2CCC3C(CCC3C3CCCCC3)C2)CC1
C1CCC(C2CCC3CCC4(CCCCC4)C3C2)CC1
C(CCCC1CCCCC1)CCCC1CCC(C2CCCCC2)C1
C1CCC(C2CC3CCCC3C3CCCC4CCCCC4C23)CC1
C1CCC(C2CC3CCCC3C3CCCC4CCCCC4C23)CC1
C(CCC1CCCC2CCCCC12)CC1CCC2CCCCC2C1
C1CCC(CCCCC2CC3CCCCC3C2)CC1
C1CCC(C2CC3CCCCC3C3CCCCC23)CC1
C1CCC(CCC2CCCCC2)CC1
C1CCC2CCC(C3CCCC4CCCC43)CC2CC1
C1CCC(C2CCC3CC4C(CCCC45CCCC5)CC32)CC1
C1CCC2CCC(C3CCCC4CCCC43)CC2CC1
C1CCC2C(C1)CCC1CCCCC12
C1CCC(CCCCCC2CCCC3C2CCC3C2CCCC(CC3CCCC3)C2)CC1
C1CCC(C2CCC3CC4C(CCCC5C6CCC(CCCC7CCC8CCCCC8C7)C6CCC45)CC32)CC1
C1CCC2CCC3C4CCCC4CCC3C2CC1
C(CCC1CCC2CCCCC2C1)CCC1CCCC2CCCCC12
C(CCC1CCCC2CCCCC12)CC1CC2CCCCC2C1
C1CCC(CCC2CCC3C(CCC3C3CCCCC3)C2)CC1
C1CCC(CCC2CCC3C(CCC3C3CCCCC3)C2)CC1
C(CCC1CC2CCCCC2C1)CCC1CCCC2CCCC12
C1CCC2CCC(C3CCCC4CCCC43)CC2CC1
C1CCC(CCC2CCC(C3CC3)CC2)CC1
C1CCC(C2CCCC3C(CCC4CCCCC43)C2)CC1
C1CCC(CCC2CCC3C(CCC4C5CCCC5CC(CCC5CCCCC5)C34)C2)CC1
C1CCC(CCC(CC2CCC3C(CCC3C3CCCCC3)C2)C2CCCCC2)CC1
C1CCC2CCC3C(CCC4C3CCC4(CCCC3CC4CCCCC4C3)CCC3CCCC3)C2CC1
C1CCC(C2CC3CCCC3C3CCC4CCCCC4C23)CC1
C1CCC(CCCCCC2CCCC3C(C4CCCCC4)CCC23)CC1
C1CCC(CCCCCC2CCCC3C(CC4CCCCC4)CCC23)CC1
C1CCC2CCC3C(CCC4C3CCC4(CCCC3CC4CCCCC4C3)CCC3CCCC3)C2CC1
C1CCC(C2CC3CCCC3C3CCC4CCCCC4C23)CC1
C(CCCCC1CCC2C(CCC3C4CCCC4CCCC23)C1)CCCC1CCCC(CC(CC2CCC(CC3CCCCC3)CC2)C2CCCCC2)C1
C1CCC2CC(CCCC3CCCC4C3CCC3C5CCCCC5CCC43)CC2C1
C1CCC(C2CC3CCCC3C3CCC4CCCCCC4C23)CC1
C(CCCC1CCCCC1)CCCC1CCC(C2CCCCC2)C1
C1CCC2C(C1)CCC1C3CCCC3CCC21
C1CCC2CCC(C3CCCC4CCCC43)CC2CC1
C1CCC2CCC3C4CCCCC4CCC3C2CC1
C1CCC(CCCC2CCC3C(CCC4C5CCCC5CC(CCC5CCCCC5)C34)C2)CC1
C1CCC(CCC2CCC3C(CCC4CCC(C5CCCCC5)CCC43)C2)CC1
C1CCC(CCCCC2CC3CCCCC3C2)CC1
C1CCC(CCC2CCC3C(CCC3C3CCCCC3)C2)CC1
C1CCC(CCCCC2CC3CCCCC3C2)CC1
C1CCC(CCCCC2CCC3CCCCC23)CC1
C1CCC(CCCCCC2CC3CCCCC3C2)CC1
C1CCC(CCCCC2CC3CCCCC3C2)CC1
C1CCC(C2CCC3CC4C(CCC32)CCC2C3CCC(CCCC5CCC6CCCCC6C5)C3CCC42)CC1
C1CCC(CCC(CCC2CCC3CCCC3C2)CC2CCCCC2)CC1
C1CCC(CCCC2CCCCC3CCC(C4CCCC5CCCC54)CC23)CC1
C1CCC(CCC2CCC3C(CCC4CCCCC43)C2)CC1
C1CCC(C2CCC3CCC4(CCCCC4)CC3C2)CC1
C1CCC(C2CC3CCCCC3C3CCCCC3C2)CC1
C1CCC(C2CCC3CCCC3C3CCC4CCCCC4C23)CC1
C1CCC(CCCCCC2CC3CCCCC3C2)CC1
C1CCC(CC2CC3CCCCC3C3CCC4CCCCCC4C23)CC1
C1CCC(C2CCC3(CCC4CCC5C(CCC5C5CCCCC5)CC43)C2)CC1
C1CCC(C2CC3CCCC3C3CCC4CCCCC4C23)CC1
C1CCC(C2CC3CCCC3C3CCC4CCCCC4C23)CC1
C1CCC(C2CCC3CCC4C(CCCC45CCCC5)CC32)CC1
C1CCC(CCCC2CCCC(C3CCC4CC(CCCC5CCC6CCCCC6C5)CCC43)C2)CC1
C1CCC(CCCCCC2CC3CCCCC3C2)CC1
C(CCCCC1CCC(C2CCCCC2)C1)CCCC1CCCCC1
C1CCC(C2CCC3C(CCCC4CCCCC43)C2)CC1
C1CCC(CCCCCC2CCCC3C(C4CCCCC4)CCC23)CC1
C(CCCC1CCCC2C(C3CCCCC3)CCC12)CCC1CCCCC1
C1CCC(C2CCC3CC4C(CCC45CCCC5)CC32)CC1
C1CCC2C(C1)CCCC1C3CCCC3CCC21
C1CCC(C2CC3CCCCC3C3CCCCC23)CC1
C1CCC2CCC(C3CCCC4CCCC43)CC2CC1
C1CCC(C2CCC3CC4C(CCC32)CCC42CCCCC2)CC1
C1CCC(C2CC3CCCC3C3CCC4CCCCC4C23)CC1
C1CCC(CC2CCC3C(CC4CCCCC4)CCC3C2)CC1
C1CCC(C2CC3CCCCC3C3CCCCC23)CC1
C(CCC1CCCC2CCCCC12)CC1CCCC2CCCCC12
C1CCC(C2CCC3CC4C(CCC32)CCC42CCCCC2)CC1
C1CCC(CCC2CCC(CCC3CCCC(CC4CCCCC4)C3)CC2)CC1
C1CCC(C2CCC(CCCCCC3CCCC4CCCCC34)C2)CC1
C1CCC(CCCCCC2CCC3CCCC3C2)CC1
C1CCC(CCCCC2CC3CCCCC3C2)CC1
C1CCC(C2CCC3CC4C(CCC45CCCCC5)CC32)CC1
C1CCC(CCCCC2CC3CCCCC3C2)CC1
C1CC(C2CCC(C3CC4CCCC4CC4CCC5CCCCC5C43)CC2)C1
C1CCC(C2CC3CCCCC3CC3CCCCC32)CC1
C1CCC(CCCCCC2CC3CCCCC3C2)CC1
C1CCC(C2CCC3(CCC4CC5C(CCC5C5CCCCC5)CCC43)C2)CC1
C1CCC(CC2CCC3CC4C(CCC5C6CCC(CCCC7CC8CCCCC8C7)C6CCC45)CC23)CC1
C1CCC(CCCCC2CCC3CCCCC23)CC1
C1CCC(C2CCC3C(CCCCCC4CCC(C5CCCC5)C4)CCCC23)CC1
C1CCC(CCCCC2CCC3CCCCC23)CC1
C1CCC2CCC(C3CCCC4CCCC43)CC2CC1
C1CCC(CCC2CCC(CCC3CCCC(CCC4CCCC4)C3)CC2)CC1
C1CCC2CCC3C(CCC4C5CCCC5CC43)C2CC1
C(CCC1CCCCC2CCCCC12)CC1CCC2CCCCC2C1
C(CCCCC1CCC(C2CCCCC2)C1)CCCC1CCCCC1
C1CCC2C(C1)CCCC1C3CCCC3CCC21
C1CCC2C(C1)CCC1CCCCC12
C1CCC2C(C1)CCC1CCCCC12
C1CCC(CCCC(CC2CC3CCCCC3C2)C2CC2)CC1
C(CCC1CCCC2CCCCC12)CC1CCCC2CCCCC12
C1CCC(CCC2CCC3C(CCC3C3CCCCC3)C2)CC1
C1CCC(CCC2CCC3C(CCC4C5CCCC5CCC34)C2)CC1
C1CCC(C2CCC3CC4C(CCCC45CCCCC5)CC32)CC1
C1CCC2C(C1)CCCC2CCCC1CCCC2CCCCC21
C1CCC2CCC3C4CCCCC4CCC3C2CC1
C1CCC(CC2CCC3C(CCC3C3CCCCC3)C2)CC1
C1CCC(CCC2CCC(CCC3CCCCC3)CC2)CC1
C1CCC(C2CC3CCCC3C3CCC4CCCCC4CC23)CC1
C1CCC(C2CC3CCCCC3C3CCCCC23)CC1
C1CCC(CCC2CCCCC2)CC1
C(CCC1CCC2C(CCC3C4CCCC4CCC23)C1)CC1CCC(C2CC3CCCC3C3CCC4CCCCC4C23)CC1
C1CCC(CCC(CCC2CCC3CCCC3C2)CC2CCCCCC2)CC1
C1CCC(CCCC2CC3CCCCC3C2C2CCCCC2)CC1
C(CCC1CCCC2CCCCC12)CC1CCCC2CCCCC12
C(CCCC1CCCC2C(C3CCCCC3)CCC12)CCC1CCCCC1
C1CCC(C2CCC(CCCCCC3CCCC4CCCCC34)C2)CC1
C1CCC(CCCCC2CCCC3CCC(C4CCCC5CCCC54)CC3C2)CC1
C1CCC(CCCCCC2CCC3CCCCC23)CC1
C1CCC2CC(C3CCCC4CCCC43)CCC2C1
C1CCC(C2CCC3CC4C(CCCCC5CC5)CCCC4CC32)CC1
C1CCC(CC2CC3CCCCC3C3CCC4CCCCC4C23)CC1
C1CCC2C(C1)CCC1C3CCCC3CCC21
C1CCC2C(C1)CCC1C2CCC2C3CCCC3CC21
C1CCC(C2CCC3CC4C(CCC5C6CCC(CCCC7CC8CCCCC8C7)C6CCC45)CC32)CC1
C1CCC(CC2CC3CCCCC3C3CCC4CCCCC4C23)CC1
C1CCC(CC2CCC(CCC(CC3CCCCC3)C3CCCCC3)CC2)CC1
C(CCC1CCC2C(CCC3C4CCCC4CCC23)C1)CC1CCC(C2CC3CCCC3C3CCC4CCCCC4C23)CC1
C1CCC(C2CCC3CC4C(CCC5C6CCC(CCCC7CC8CCCCC8C7)C6CCCC45)CC32)CC1
C1CCC(CCC(CC2CC3CCCCC3C2)C2CCC2)CC1
C1CCC2C(C1)CCC1C3CCCC3CCC21
C1CCC(CCCCC2CC3CCCCC3C2)CC1
C1CCC(CCCCCC2CC3CCCCC3C2)CC1
C1CCC2CCC3C(CCC4C3CC3CCCC34CCCC3CCCC3)C2CC1
C(CCCC1CCCC2C(C3CCCCC3)CCC12)CCC1CCC(C2CCCC2)C1
C1CCC2CC(C3CCCC4CCCC43)CCC2C1
C(CCC1CCC2CCCCC2C1)CCC1CCCC2CCCCC12
C1CCC(CCC2CCC3C(CCC3C3CCCC(CCC4CCCC4)C3)C2)CC1
C1CCC(CCCC2CCC3C(CCC3C3CCCCC3)C2)CC1
C1CCC(CCCCCC2CCCCC2)CC1
C1CCC(C2CCC3CC4CCCCC4CCC32)CC1
C1CCC(CC2CCC3CC4CCCCC4CC23)CC1
C1CCC2CCC(C3CCCC3)CC2CC1
C(CCC1CCCC2CCCCC12)CC1CCC2CCCCC2C1
C1CCC(C2CC3CCCC3C3CCC4CCCCC4C23)CC1
C1CCC(CCC2CCC(CCC3CCCC(CC4CCCC4)C3)CC2)CC1
C(CCCC1CCCCC1)CCCC1CCC(C2CCCCC2)C1
C(CCC1CCC2CCCCC2C1)CCC1CCCC2CCCCC12
C1CCC(C2CCC3CCCC3C3CCC4CCCCC4CC23)CC1
C1CCC(CCC2CCC3C(CCC3C3CCCCC3)C2)CC1
C1CCC(CCCC23CCCC2CC2C(CCC4C5CCCCC5CCC24)C3)C1
C1CCC(CCCCCC2CCCC3C(C4CCCCC4)CCC23)CC1
C1CCC(CCCCCC2CCC3CCCC3C2)CC1
C1CCC(C2CCC3(CCCC4CC5C(CCC5C5CCCCC5)CC43)C2)CC1
C1CCC(CCCCC2CCC3CCCC3C2)CC1
C(CCCC1CCCC2C1CCC2C1CCCC(CC2CCCC2)C1)CCC1CCCCC1
C(CCC1CCCC2CCCC12)CC1CC2CCCCC2C1
C1CCC2C(C1)CC(C1CCCC3CCCC31)C1CCCC21
C1CCC(CCCC2CCC3C(CCC3C3CCCCC3)C2)CC1
C(CCCC1CCCCC1)CCCC1CCC(C2CCCCC2)C1
C1CCC(CC2CC3CCCCC3C3CCC4CCCCCC4C23)CC1
C1CCC(C2CCC3CCC4C(CCC5C6CCC(CCCC7CC8CCCCC8C7)C6CCC45)CC32)CC1
C1CCC(CCCC2CCCC3CCC(C4CCCC5CCCC54)CC3C2)CC1
C1CCC2CCC3C(CCC4C5CCCC5CC43)C2CC1
C1CCC(C2CCC3CC4C(CCC5C6CCC(CCCCC7CCC8CCCCC8C7)C6CCC45)CC32)CC1
C(CCCC1CCCCC1)CCCC1CCC(C2CCCCC2)C1
C1CCC2CC3CCC4CCCC4C3CCC2C1
C1CCC(C2CCC3CCC4CCCCC4C3CC2)CC1
C(CC1CCCC2CCCCC2C1)CC1CC2CCCCC2C1
C1CCC(CCCCCC2CCCC3C(C4CCCCC4)CCC23)CC1
C1CCC2C(C1)CCC1C3CCCC3CCCC21
C1CCC(CCCCCC2CC3CCCCC3C2)CC1
C(CCC1CCC2CCCCC2C1)CCC1CCCC2CCCCC12
C1CCC(C2CC3CCCC3C3CCC4CCCCC4C23)CC1
C1CCC(CCCCC2CC3CCCCC3C2)CC1
C1CCC(C2CC3CCCC3C3CCCC4CCCCC4C23)CC1
C1CCC(CCC(CC2CCC(CC3CCCCC3)CC2)C2CCCCC2)CC1
C1CCC(CCCC2CCCC(C3CCC4CC(CCC5CCC6CCCCC6C5)CCC43)C2)CC1
C(CCC1CCCC2CCCCC12)CC1CCCC2CCCCC12
C1CCC(CCCCC2CCC3CCCCC23)CC1
C1CCC2CC3CCC4C(CCCC5CC6CCCCC6C5)CCC4C3CCC2C1
C1CCC2CC(C3CCCC3)C3CCCC3C2CC1
C(CCC1CCCC2CCCCC12)CC1CCC2CCCCC2C1
C1CCC(C2CCC(CCCCCC3(C4CCCCC4)CCC3)C2)CC1
C1CCC(CCCCCC2CCCC3C(CC4CCCCC4)CCC23)CC1
C1CCC(C2CCC3CC4C(CCC45CCCCC5)CC32)CC1
C1CCC(C2CCC3CC4C(CCC45CCCC5)CC32)CC1
C(CCCCC1CCC(C2CCCCC2)C1)CCCC1CCCCC1
C1CCC2C(C1)CCC1C3CCCC3CCCC21
C1CCC(CC2CC3CCCCC3C3CCC4CCCCC4C23)CC1
C1CCC(CCCCC2CCC3CCCCC23)CC1
C(CCCC1CCCCC1)CCCC1CCC(C2CCCCC2)C1
C1CCC(CCCCCC2CC3CCCCC3C2)CC1
C1CCC(C2CCC(C3CC4CCCC4C4CCC5CCCCC5C34)CC2)C1
C1CCC(C2CCC3C(CCC4CCCCC43)C2)CC1
C1CCC(CCCC2CCC3CCC(CC4CCCC5CCCC54)CC3C2)CC1
C1CCC(CCC2CCC3C(CCC3C3CCCC(CCC4CCCC4)C3)C2)CC1
C1CCC2CCC3C4CCCC4CCC3C2CC1
C1CCC(CCCCCC2CCCC3C2CCC3C2CCC(CC3CCC3)CC2)CC1
C(CCC1CC2CCCCC2C1)CCC1CCCC2CCCC12
C1CCC(C2CC3CCCC3C3CCC4CCCCC4C23)CC1
C1CCC(CCC2CCC3C(CCC3C3CCCC(CC4CCCC4)C3)C2)CC1
C1CCC(CCCC23CCCC2CC2C4CCC5CCCCC5C4CCC23)CC1
C1CCC2CCC3C4CCCCC4CC(CC4CCCC4)C3C2CC1
C1CCC(C2CCC3CC4C(CCCC5C6CCC(CCCC7CCCC8CCCCC87)C6CCC45)CC32)CC1
C1CCC(C2CCC3C(CCC4CCCCC43)C2)C1
C1CCC(CCCCC2CC3CCCCC3C2)CC1
C1CCC(CCCCCC2CCC3CCCCC23)CC1
C1CCC(CCC2(CCCC3CC4CCCCC4C3)CCCC3C4CCC5CCCCC5C4CCC32)C1
C(CCC1CCCCC2CCCCC12)CC1CCC2CCCCC2C1
C1CCC(CC2CC3CCCCC3C3CCC4CCCCCC4C23)CC1
C1CCC2C(C1)CCC1C3CCCCC3CCC21
C1CCC(CCC(CCC2CCC3CCCC3C2)CC2CCCCC2)CC1
C(CCCC1CCCC2C(C3CCCCC3)CCC12)CCC1CCCCC1
C1CCC2CC(CCCC3CCCC4CCCCC43)CC2C1
C1CCC(CCCCCC2CCCC3C(C4CCCCC4)CCC23)CC1
C1CCC(CCC2CCC3C2CCCC(C2CCCCC2)C2C4CCCCC4CCC32)CC1
C1CCC(C2CCC3CC4C(CCC45CCCCCC5)CC32)CC1
C1CCC2C(C1)CC(C1CCCC3CCCC31)C1CCCC21
C(CCC1CCC2C1CCC1C3CCCCC3CCC21)CC1CC2CCCCC2C1
C1CCC(CCC2CCC3C(CCC3C3CCCCC3)C2)CC1
C1CCC2CC(C3CCCC4CCCC43)CCC2C1
C1CCC(CCC2CCC(C3CC3)CC2)CC1
C(CCC1CC2CCCCC2C1)CCC1CCCC2CCCC12
C1CCC(C2CCC3CC4C(CCC32)CCC2C3CCCC3CCC42)CC1
C1CCC2C(C1)CCCC1CCCCC12
C(CCC1CCCC2CCCCC12)CC1CCC2CCCCC2C1
C1CCC(CC2CCC3C(CCC3C3CCCCC3)C2)CC1
C1CCC2CCC3C4CCCCC4CCC3C2CC1
C1CCC2C(C1)CCCC1C3CCCC3CCC21
C1CCC2CC(CCCC3CCC4C3CCC3C5CCCCC5CCC43)CC2C1
C1CCC(CCCCCC2CCC3CCCCC23)CC1
C1CCC(C2CCCCC2CC2CC3CCCCC3C3CCC4CCCCCC4C23)CC1
C1CCC(CC2CCC3CC4C(CCC5C6CCC(CCCC7CC8CCCCC8C7)C6CCC45)CC23)CC1
C1CCC(C2CC3CCCC3CC3CCC4CCCCC4C32)CC1
C(CCC1CCCC2CCCCC12)CC1CCC2CCCCC2C1
C1CCC2CCC(C3CCCC4CCCC43)CC2CC1
C1CCC(C2CCC3C(CCCCCC4CCC(C5CCCC5)C4)CCCC23)CC1
C1CCC(CC2CC3CCCCC3CC3CCC4CCCCC4C32)CC1
C1CCC(C2CC3CCCCC3C3CCCCC23)CC1
C1CCC(CC2CC3CCCCC3CC3CCC4CCCCC4C32)C1
C1CCC(C2CCC3CC4C(CCC45CCCC5)CC32)CC1
C1CCC2CC(C3CCCC4CCCC43)CCC2C1
C1CCC(C2CC3CCCC3C3CCC4CCCCC4C23)CC1
C1CCC(CCCCCC2CCCC3C2CCC3C2CCC(CC3CC3)CC2)CC1
C1CCC(CCCCCC2CCCC3C(C4CCCCC4)CCC23)CC1
C1CCC(C2CCC3CC4C(CCC45CCCCCC5)CC32)CC1
C1CCC(CC2CC3CCCCC3CC3CCC4CCCCC4C32)CC1
C1CCC(CCCCC2CCC3CCCC3C2)CC1
C1CCC(CCC2CCC(CCC3CCCC(CCC4CCCC4)C3)CC2)CC1
C1CCC(CC2CC3CCCCC3C3CCC4CCCCC4C23)C1
C1CCC2CC(C3CCC4CCCCC43)CCC2C1
C1CCC2C(C1)CCC1C3CCCC3CCC21
C1CCC2C(C1)CC(C1CCCC3CCCC31)C1CCCC21
C1CCC2C(C1)CCC1C3CCCC3CCCC21
C1CCC(CCCCCC2CC3CCCCC3C2)CC1
C1CCC(C2CCC3CC4C(CCC32)CCC42CCCC2)CC1
C1CCC(CCCC2CCCC3CCC(C4CCCC5CCCC54)CC3C2)CC1
C1CCC2CCCC(CC3CC4CCCCC4C4CCC5CCCCC5C34)C2CC1
C1CCC(CC2CC3CCCCC3C3CCC4CCCCC4C23)CC1
C(CCCC1CCCC2C(C3CCCCC3)CCC12)CCC1CCC(C2CCCC2)C1
C1CCC(C2CC3CCCC3C3CCC4CCCCC4C23)CC1
C1CCC(CCCCC2CCC3CCC(C4CCCC5CCCC54)CC3C2)CC1
C1CCC(CCCCCC2CC3CCCCC3C2)CC1
C1CCC(C2CCC3C(CCCCCC4CC4)CCCC23)CC1
C1CCC(C2CC3CCCC3C3CCCC4CCCCC4C23)CC1
C1CCC(CCCCCC2CCC3CCCCC23)CC1
C1CCC(CC2CCC3C(CCC3C3CCCCC3)C2)CC1
C1CCC(CC2CCCC(C3CCC4CC(CCC5CCC6CCCCC6C5)CCC43)C2)C1
C1CCC(C2CC3CCCC3C3CCC4CCCCC4C23)CC1
C1CCC(CCCCC2CC3CCCCC3C2)CC1
C1CCC(CCCC2CCC3C2CCC2C4CCCCC4CCC32)C1
C(CCC1CCC2C(CCC3C4CCCC4CCC23)C1)CC1CCC(C2CCC(C3CC4CCCC4C4CCC5CCCCC5CC34)CC2)CC1
C1CCC(C2CC3CCCC3C3CCC4CCCCC4C23)CC1
C1CCC(CCCCCC2CCCC3C(C4CCCCC4)CCC23)CC1
C1CCC(CCCCCC2CC3CCCCC3C2)CC1
C1CCC2CC(C3CCC4CCCCC43)CCC2C1
C1CCC(CCCCC2CC3CCCCC3C2)CC1
C1CCC(CCCC2CCC3C2CCC2C4CC5CCC(C6CCCCC6)C5CC4CCCC32)CC1
C1CCC(CCC2CCC(CCC3CCCC(CC4CCCC4)C3)CC2)CC1
C1CCC(CCCCCC2CCCC3C(CC4CCCCC4)CCC23)CC1
C1CCC(C2CC3CCCCC3C3CCCCC23)CC1
C1CCC2CCC(C3CCCC4CCCC43)CC2CC1
C1CCC2CCC3C4CCCC4CCC3C2CC1
C1CCC2CC(CC3CCCC4CCCC43)CCC2C1
C1CCC(CCC2(CCCC3CCC4CCCCC4C3)CCCC3C4CCC5CCCCC5C4CCC32)C1
C(CCCC1CCCC2C(C3CCCCC3)CCC12)CCC1CCCCC1
C(CCCC1CCCCC1)CCC1CCCCC1
C1CCC2CCC(C3CCCC4CCCC43)CC2CC1
C1CCC(C2CCC3(CCCC4CC5C(CCC5C5CCCCC5)CC43)C2)CC1
C1CCC(CCCCC2CCC3CCCCC23)CC1
C1CCC(CCC2CCC3C(CCC3C3CCCCC3)C2)CC1
C1CCC(CCCCCC2CCCC3C(C4CCCCC4)CCC23)CC1
C1CCC(CCC2CCC(CCC3CCCC(CC4CCCC4)C3)CC2)CC1
C1CCC(CCC2CCCC3CC4C(CCC23)CCC4C2CCCCC2)CC1
C1CCC2C(C1)CCC1C2CCCC2C3CCCC3CC21
C1CCC(CCCCC2CCC3CCCCC23)CC1
C1CCC(CCCCC2CC3CCCCC3C2)CC1
C1CCC2CC(CCCC3CCC4C3CCC3C5CCCCC5CCC43)CC2C1
C1CCC(CCC(CCCC2CCC3CCCC3C2)CC2CCCCC2)CC1
C1CCC2C(C1)CCC1C2CCC2C3CCCCC3CC21
C1CCC(C2CC3CCCC3C3CCC4CCCCC4C23)CC1
C1CCC(C2CC3CCCC3C3CCC4CCCCCC4C23)CC1
C1CCC2CC(CC3CCCC4CCCC43)CCC2C1
C1CCC(C2CC3CCCC3C3CCC4CCCCC4C23)CC1
C1CCC2CC(CCCC3CCCC4CCCCC43)CC2C1
C1CCC(C2CCC3CC4C(CCC5C6CCCC(CCCC7CC8CCCCC8C7)C6CCC45)CC32)CC1
C1CCC(CCCCCC2CCC3CCCCC23)CC1
C1CCC(CCCCCC2CCCC3C(C4CCCCC4)CCC23)CC1
C1CCC(CCCCC2CC3CCCCC3C2)CC1
C1CCC2CC(C3CCCC4CCCC43)CCC2C1
C1CCC(C2CC3CCCC3C3CCC4CCCCC4C23)CC1
C1CCC(CC2CCC3CCC(C4CCCC4)C3C2)C1
C1CCC2C(C1)CCC1C3CCCCC3CCC21
C1CCC(CCCCCC2CCCC3C(C4CCCCC4)CCC23)CC1
C1CCC(CCCCCC2CCC3CCCCC23)CC1
C1CCC(CCC2CCCC3C2CCC2C4CCCCC4CCC32)C1
C1CCC(CCC2CCCC(CCC3CCC(CCC4CCC(C5CC5)CC4)CC3)C2)C1
C1CCC(CCC(CCC2CCC3CCCC3C2)CC2CCCCC2)CC1
C1CCC(CC2CC3CCCCC3C3CCC4CCCCC4C23)CC1
C(CCC1CCCCC2CCCCC12)CC1CCC2CCCCC2C1
C1CCC(CCC(CCC2CCC3CCCCC3C2)CC2CCCCC2)CC1
C1CCC(CCC2CC3CCCCC3C3CCC4CCCCC4C23)C1
C1CCC(C2CCC3CC4C(CCC45CCCCCC5)CC32)CC1
C1CCC(CCCCC2CC3CCCCC3C2)CC1
C1CCC(CC2CCC(C3CC4CCCC4C4CCC5CCCCC5C34)CC2)CC1
C1CCC(CCC2CCC(CCC3CCCC(CC4CCCC4)C3)CC2)CC1
C1CCC(CC(CC2CCCCC2)C2CCCCC2)CC1
C1CCC(C2CCC(CC3CC4CCCCC4C4CCC5CCCCCC5C34)CC2)CC1
C1CCC(C2CC3CCCC3C3CCC4CCCCCC4C23)CC1
C1CCC(CCCCC2CC3CCCCC3C2)CC1
C1CCC2CC(CC3CCCC4CCCC43)CCC2C1
C1CCC2CCC(CCC3CCC4C(CCC4C4CCCC(CC5CCCC5)C4)C3)CC2CC1
C1CCC2CCC3C4CCCC4CCC3C2CC1
C1CCC(CCC2CCC(C3CC3)CC2)CC1
C(CCCC1CCCC2C(C3CCCCC3)CCC12)CCC1CCCCC1
C1CCC(CCCCC2CCC3CCCCC23)CC1
C(CCCC1CCCC2C(C3CCCCC3)CCC12)CCC1CCCCC1
C1CCC(C2CCC(CCCCCC3CCCC4CCCCC34)C2)CC1
C(CCCC1CCCC2C(C3CCCCC3)CCC12)CCC1CCCCC1
C(CCC1CCCC2CCCC12)CC1CC2CCCCC2C1
C1CCC(CCCCCC2CCCC3C(C4CCCCC4)CCC23)CC1
C1CCC(C2CCC3CC4C(CCC5C6CCC(CCCC7CC8CCCCC8C7)C6CCC45)CC32)CC1
C1CCC(CCCCCC2CCC3CCC(C4CCCC5CCCC54)CC3C2)CC1
C1CCC(CCCCCC2CCCC3C(C4CCCCC4)CCC23)CC1
C1CCC(CCCCC2CCC3CCCCC23)CC1
C1CCC(CCCCC2CCC3CCC(C4CCCC5CCCC54)CC3C2)CC1
C(CCCC1CCCC2CCCCC12)CCC1CCC(C2CCCCC2)C1
C1CCC(CCCC23CCCC2CC2CC4CCC5CCCCC5C4CCC23)C1
C1CCC(C2CCC3(CCC4CC5C(CCC5C5CCCCC5)CCC43)C2)CC1
C(CCC1CCCC2CCCCC12)CCC1CCCC2CCCCC12
C1CCC(CCCCCC2CCC3CCCC3C2)CC1
C(CCCC1CCCCC1)CCCC1CCC(C2CCCCC2)C1
C1CCC(CCC2CCC3C(CCC3CC3CCCC(CC4CCCC4)C3)C2)CC1
C1CCC(CCCCC2CCC3CCCCC23)CC1
C1CCC(CCCCC2CC3CCCCC3C2)CC1
C1CCC(C2CCC3CCCC3C3CCC4CCCCC4C23)CC1
C1CCC(C2CCC3C(CCCC4CCCCC43)C2)CC1
C1CCC(C2CC3CCCC3CC3CCC4CCCCC4C32)CC1
C(CCCCC1CCC(C2CCCCC2)C1)CCCC1CCCCC1
C1CCC2CCC(C3CCCC4CCCC43)CC2CC1
C1CCC(CCC(CC2CCC(CC3CCCCC3)CC2)C2CCCCC2)CC1
C1CCC(CC2CC3CCCCC3C3CCC4CCCCC4C23)C1
C1CCC(C2CCC3CCCC3C3CCC4CCCCC4C23)CC1
C1CCC2CC(CCCC3CCC4C3CCC3C5CCCCC5CCCC43)CC2C1
C1CCC2C(C1)CCC1C3CCCC3CCC21
C1CCC(C2CCC3CC4C(CCC5C6CCC(CCCC7CCC8CCCCC8C7)C6CCC45)CC32)CC1
C1CCC(C2CCC3(CCC4CCC5C(CCC5C5CCCCC5)CC43)C2)CC1
C1CCC(CCCCCC2CCCC3C2CCC3C2CCCC(CC3CCCC3)C2)CC1
C1CCC(CCCC2CCC3C2CCC2C4CCCCC4CCCC32)C1
C1CCC(C2CC3CCCC3C3CCCC4CCCCC4C23)CC1
C1CCC(CCCCC2CC3CCCCC3C2)CC1
C1CCC(CCCCC2CCC3CCC(C4CCCC5CCCC54)CC3CC2)CC1
C1CCC(CCCCCC2CCCC3C(CC4CCCCC4)CCC23)CC1
C1CCC(CCC2CCC(CC(CC3CCCCC3)C3CCCCC3)CC2)CC1
C(CCCC1CCCC2C(C3CCCCC3)CCC12)CCC1CCCCC1
C1CCC(C2CC3CCCC3C3CCC4CCCCC4C23)CC1
C1CCC(C2CC3CCCC3C3CCC4CCCCC4C23)CC1
C1CCC2CCC3C4CCCC4CCC3C2CC1
C1CCC(CC2CCC(CC(CC3CCCCC3)C3CCCCC3)CC2)CC1
C1CCC2CC(CC3CCCC4CCCC43)CCC2C1
C1CCC2CCC3C4CCCC4CCC3C2CC1
C1CCC(C2CC3CCCC3C3CCC4CCCCCC4C23)CC1
C1CCC2CCC(C3CCCC4CCCC43)CC2CC1
C1CCC(C2CC3CCCCC3C3CCC4CCCCC4C23)CC1
C1CCC(C2CCC(C3CC4CCCC4C4CCCC5CCCCC5C34)CC2)C1
C1CCC2C(C1)CC(C1CCCC3CCCC31)C1CCCC21
C1CCC(CCCCC2CC3CCCCC3C2)CC1
C1CCC2CCC3C4CCCCC4CC(CC4CCCC(C5CCCC5)C4)C3C2CC1
C1CCC(C2CC3CCCC3C3CCC4CCCCC4CC23)CC1
C1CCC2CC(C3CCCC3)C3CCCC3C2CC1
C1CCC(CCCCC2CC3CCCCC3C2)CC1
C1CCC(CCCCC2CCC3CCCCC23)CC1
C1CCC(CCC2CCC3C(CCC3C3CCCCC3)C2)CC1
C(CCCC1CCCCC1)CCCC1CCC(C2CCCCC2)C1
C(CCCC1CCCCC1)CCCC1CCC(C2CCCCC2)C1
C1CCC(CCCC2CCC3CCC(C4CCCC5CCCC54)CC3C2)CC1
C1CCC(C2CC3CCCC3C3CCC4CCCCCC4C23)CC1
C1CCC(CCCC2(CCC3CCCC3)CCC3C4CCC5CCCCC5C4CCC32)CC1
C1CCC(CCCCC2CC3CCCCC3C2)CC1
C1CCC(CCCCCC2CC3CCCCC3C2)CC1
C1CCC2CCC3C4CCCC4CCC3C2CC1
C(CCCC1CCCC2C(C3CCCCC3)CCC12)CCC1CC1
C(CCCC1CCCCC1)CCCC1CCC(C2CCCCC2)C1
C1CCC(CC2CC3CCCCC3CC3CCC4CCCCC4C32)CC1
C1CCC(C2CC3CCCCC3CC3CCCCC32)CC1
C(CCCC1CCCCC1)CCCC1CCC(C2CCCCC2)C1
C1CCC(C2CCC3CCC(C4CCCC4)CC32)CC1
C1CCC2CC(C3CCCC4CCCC43)CCC2C1
C1CCC(C2CCC3CC4C(CC5CC6CCCCC6C5)CCCC4CC32)CC1
C1CCC(CC2CC3CCCCC3C3CCC4CCCCC4C23)CC1
C1CCC(CCC2CCCC3CC4C(CCC4C4CCCCC4)CC23)CC1
C1CCC(CCC2CCC3C(CCC3C3CCCCC3)C2)CC1
C1CCC2CC(CCCC3CCC4C5CCC6CCCCC6C(CCC34)C5)CCC2C1
C1CCC2CC(CC3CCCC4CCCC43)CCC2C1
C1CCC2CCC(C3CCCC4CCCC43)CC2CC1
C1CCC(CCC2CCC3C(CCC3C3CCCCC3)C2)CC1
C1CCC(CCCCCC2CCCC3C(C4CCCCC4)CCC23)CC1
C1CCC(CC2CCCC(CC3CC4CCCCC4C4CCC5CCCCC5C34)C2)C1
C1CCC(CCC2CCC3C(CCC3C3CCCCC3)C2)CC1
C(CCCC1CCCC2C(C3CCCCC3)CCC12)CCC1CCCCC1
C(CCCC1CCCC2C(C3CCCCC3)CCC12)CCC1CCCCC1
C1CCC(C2CCC3CC4C(CCC5C6CCC(CCCCC7CC8CCCCC8C7)C6CCC45)CC32)CC1
C1CCC(CCCCC2CCC3C2CCC2C4CCCCC4CCC32)CC1
C1CCC(CCCCCC2CCCC3C(CC4CCCCC4)CCC23)CC1
C(CCC1CCCC2CCCCC12)CC1CCC2CCCCC2C1
C1CCC(CCCCC2CC3CCCCC3C2)CC1
C1CCC2C(C1)CCC1C3CCCCC3CCC21
C1CCC2C(C1)CCCC2CCCC1CCCC2CCCCC21
C(CCC1CCCC2CCCCC12)CCC1CCCC2CCCCC12
C1CCC(C2CCC3CC4C(CCC32)CCC2C3CCC(CCCC5CCCC6CCCCC65)C3CCC42)CC1
C1CCC(CCCCCC2CCCC3C(CC4CCCCC4)CCC23)CC1
C1CCC(C2CC3CCCC3C3CCC4CCCCC4C23)CC1
C1CCC(CCCCCC2CC3CCCCC3C2)CC1
C1CCC(CCC2CCC(CCCC3CCCC(CC4CCCC4)C3)CC2)CC1
C1CCC(CCCCC2CC3CCCCC3C2)CC1
C(CCCC1CCCC2C(C3CCCCC3)CCC12)CCC1CCCCC1
C1CCC(CC2CCC3CC4C(CCC45CCCCC5)CC23)CC1
C1CCC2CC(CCCC3CCC4C3CCC3C5CCCCC5CCCC43)CC2C1
C1CCC(CCC2CCC(C3CCCC4C(C5CCCCC5)CCC34)C2)CC1
C1CCC(CCCCCC2CC3CCCCC3C2)CC1
C1CCC(CCC2CCC3C2CCC(C2CCCCC2)C2C4CCCCC4CCC32)CC1
C1CCC(C2CCC3CC4C(CCC45CCCCCC5)CC32)CC1
C(CCCCC1CCC(C2CCCCC2)C1)CCCC1CCCCC1
C1CCC(C2CC3CCCC3C3CCC4CCCCC4C23)CC1
C1CCC2CC(C3CCCC4CCCC43)CCC2C1
C1CCC(CCC2CCC3C(CCC3C3CCCCC3)C2)CC1
C1CCC(C2CC3CCCC3C3CCC4CCCCCC4C23)CC1
C1CCC(CC2CC3CCCCC3C3CCC4CCCCCC4C23)CC1
C1CCC(CCC2CCC3C(CCC4C5CCCC5CCC34)C2)CC1
C1CCC2C(C1)CCCC2CCCC1CCCC2CCCCC21
C1CCC(CCCC2CC3CCCC3C3CCC4CC(CCC5CCCCC5)CCC4C23)CC1
C1CCC(CCC2CCC3C(CCC3C3CCCC(CC4CCCCC4)C3)C2)CC1
C1CCC2CCC(C3CCCC4CCCC43)CC2CC1
C1CCC(C2CC3CCCC3C3CCC4CCCCC4C23)CC1
C1CCC2CC(CC3CCCC4CCCC43)CCC2C1
C1CCC2CC(CC3CCCC4CCCC43)CCC2C1
C1CCC(C2CC3CCCC3C3CCCC4CCCCC4C23)CC1
C1CCC2CC(CCCC3CCCC4CCCCC43)CC2C1
C(CCCC1CCCCC1)CCCC1CCC(CC2CCCCC2)C1
C1CCC2C(C1)CC(C1CCCC1)C1CCCCC21
C1CCC(CCCC2CCCC3CCC(C4CCCC5CCCC54)CC3C2)CC1
C(CCCC1CCCCC1)CCCC1CCC(CC2CCCCC2)C1
C1CCC(CCCCCC2CC3CCCCC3C2)CC1
C1CCC2CCC(C3CCCC4CCCC43)CC2CC1
C1CCC(CCCCC2CC3CCCCC3C2)CC1
C1CCC(C2CCC3CC4C(CCCCC45CCCC5)CC32)CC1
C1CCC(CCCCCC2CC3CCCCC3C2)CC1
C(CCC1CCCC2CCCC12)CC1CC2CCCCC2C1
C1CCC2CC(C3CCCC4CCCC43)CCC2C1
C1CCC(CCC2CCC(CCC3CCCCC(CC4CCCC4)C3)CC2)CC1
C(CCC1CCC2CCCCC2C1)CC1CCCC2CCCCC2C1
C1CCC2CC(CCCC3CCC4C3CCC3C5CCCCC5CCC43)CC2C1
C1CCC(CCCCC2CC3CCCCC3C2)CC1
C1CCC2CCC(C3CCCC4CCCC43)CC2CC1
C1CCC(CCCCC2CCC3CCCCC23)CC1
C1CCC2CC(CCCC3CCCC4C3CCC3C5CCCCC5CCC43)CC2C1
C1CCC(CCC2CCC3C(CCC3C3CCCCC3)C2)CC1
C1CCC(C2CCC3CC4C(CCC45CCCCCC5)CC32)CC1
C1CCC(CCCCCC2CC3CCCCC3C2)CC1
C1CCC(C2CCC3CC4C(CCCC45CCCC5)CCC32)CC1
C1CCC(CCCC2CCC3CCCC3C2)CC1
C1CCC2CC(CCCC3CCC4C3CCC3C5CCCCC5CCCC43)CC2C1
C1CCC(C2CCC3CC4(CCCCC4C4CCCCC4)CCCC32)CC1
C(CCCC1CCCC2C(C3CCCCC3)CCC12)CCC1CC1
C1CCC2CCC(C3CCCC4CCCC43)CC2CC1
C1CCC(C2CC3CCCC3CC3CCC4CCCCC4C32)CC1
C1CCC2CC(CCCC3CCC4C3CCC3C5CCCCC5CCC43)CCC2C1
C1CCC2CCC3C4CCCCC4CC(CC4CCCC4)C3C2CC1
C1CCC(CCC(CCC2CCCCC2)CCC2CCC3CCCC3C2)CC1
C1CCC2C(C1)CCC1C3CCCCC3CCC21
C1CCC(CC2CC3CCCCC3C3CCC4CCCCC4C23)C1
C1CCC(C2CCC3CCCC3C3CCC4CCCCC4CC23)CC1
C1CCC(C2CCC3CCC4(CCCCCC4C4CCCCC4)CCC32)CC1
C1CCC2CC(CCCC3CCC4C3CCC3C5CCCCC5CCC43)CC2C1
C(CCCC1CCCCC1)CCCC1CCC(CC2CCCCC2)C1
C1CCC(CCCC2CCCC3CCC(C4CCCC5CCCC54)CC3C2)CC1
C1CCC(CCCCCC2CCCC3C(C4CCCCC4)CCC23)CC1
C1CCC(CCCC2CCC(C3CC3)CC2)CC1
C1CCC(C2CCC3CC4C(CCC45CCCCC5)CC32)CC1
C1CCC2CCC3C4CCCC4CC(C4CCC(C5CCC(CCCCC6CCC7C(CCC8C9CCCC9CCC78)C6)CC5)CC4)C3C2CC1
C1CCC(CCCCC2CC3CCCCC3C2)CC1
C1CCC2CCC(C3CCCC4CCCC43)CC2CC1
C1CCC(CCCC2CCCC(C3CCC4CC(CCC5CCC6CCCCC6C5)CCC43)C2)CC1
C1CCC(CCC2CCC3C(CCC3C3CCCCC3)C2)CC1
C1CCC(CCCCCC2CCC3CCCCC23)CC1
C1CCC(CCCCC2CCC3CCC(C4CCCC5CCCC54)CC3C2)CC1
C1CCC2C(C1)CCC1CCCCC12
C1CCC(CCCC2CCC3C(CCC4C5CCCC5CC(CCC5CCCCC5)C34)C2)CC1
C1CCC(C2CCC3CC4C(CCCC45CCCCC5)CC32)CC1
C1CCC(CC2CCC3C(CC4CCCCC4)CCC3C2)CC1
C1CCC(CC2CC3CCCCC3C3CCC4CCCCCC4C23)CC1
C1CCC(CCCCC2CCCC3CCCC23)CC1
C1CCC(CCC2CCC3C(CCC3C3CCCC(CCC4CCCC4)C3)C2)CC1
C1CCC2CCC3C4CCCC4CCC3C2CC1
C1CCC(C2CCCC3CCCC3C3CCC4CCCCC4C23)CC1
C1CCC2C(C1)CCC1C3CCCC3CCC21
C1CCC(CCC2CCC(C3CCC4C(CC5CCCCC5)CCC4C3)CC2)CC1
C1CCC(CCCCC2CCC3CCC(C4CCCC5CCCC54)CC3C2)CC1
C1CCC(C2CCC3CC4C(CCC32)CCC42CCCCC2)CC1
C1CCC(CC2CC3CCCCC3C3CCC4CCCCC4C23)C1
C1CCC(CCC(CCC2CCC3C(CCC3C3CCCCC3)C2)C2CCCCC2)CC1
C1CCC2CC(C3CCCC3)CCC2C1
C1CCC(CCC2CCC3C(CCC3C3CCCCC3)C2)CC1
C1CCC2CCC(C3CCCC4CCCC43)CC2CC1
C1CCC(CCCCC2CC3CCCCC3C2)CC1
C1CCC(C2CCC3CC4C(CCC5C6CCC(CCCC7CCC8CCCCC8C7)C6CCC45)CC32)CC1
C1CCC(CCC2CCCCC2)CC1
C1CCC(C2CC3C(CCC34CCCC4)C3CCC4CCCCC4CC23)CC1
C1CCC2CC(C3CCCC4CCCC43)CCC2C1
C1CCC2C(C1)CCC1CCCCC12
C1CCC(CCCCC2CCC3CC4CCC5CCCCC5C4CCC23)CC1
C1CCC2C(C1)CC(C1CCCC3CCCCC31)C1CCCC21
C1CCC(CCCCC2CC3CCCCC3C2)CC1
C1CCC(C2CC3CCCCC3C3CCCCC23)CC1
C1CCC(C2CCC3CC4C(CCC45CCCCC5)CC32)CC1
C1CCC2CC(CC3CCCC4CCCC43)CCC2C1
C1CCC(CCCCC2CC3CCCCC3C2)CC1
C1CCC(CCC2CCC3C(CCC4CCCCCC43)C2)CC1
C1CCC(CCCCCC2CCC3CCCCC23)CC1
C1CCC2CC(CCCC3CCCC4CCCCC43)CC2C1
C1CCC(C2CC3CCCC3C3CCC4CCCCC4C23)CC1
C1CCC(CCCCCC2CC3CCCCC3C2)CC1
C1CCC(C2CCC3CCCC3C3CCC4CCCCCC4C23)CC1
C1CCC(CC2CCC3C(CCC3C3CCCCC3)C2)CC1
C1CCC(CC2CCC3CC4C(CC5CC6CCCCC6C5)CCCC4CC23)CC1
C1CCC(CC2CCCC(CCCC3CCC(CCC4CCC(C5CC5)CC4)CC3)C2)C1
C1CCC2CC3CCC(C4CCCCC4)C3CC2CC1
C1CCC(CCC(CCC2CC3CCCCC3C2)C2CC2)CC1
C1CCC(CCC2CCC3C(CCC4CC5CCCC5CC(CCC5CCCCC5)C43)C2)CC1
C(CCCC1CCCCC1)CCCC1CCC(C2CCCCC2)C1
C1CCC2CCC3C4CCC(CCCC5CCC6CCCCC6C5)C4CCC3C2CC1
C1CCC2C(C1)CCC1C3CCCC3CCC21
C(CCCC1CCCC2C(C3CCCCC3)CCC12)CCC1CCCCC1
C1CCC(C2CCC3CCCCC3C3CCCCC23)CC1
C1CCC2CC(CC3CCC4CCCCC43)CCC2C1
C1CCC(CC2CCC3CCCCC3C3CCC4CCCCC4C23)C1
C1CCC(C2CCC3C(CCC4CCCCC43)C2)CC1
C(CCC1CCCC2CCCC12)CC1CC2CCCCC2C1
C1CCC(C2CC3CCCC3C3CCC4CCCCC4C23)CC1
C1CCC(CCCCC2CCC3CCC(C4CCCC5CCCC54)CC3C2)CC1
C(CCCC1CCCCC1)CCCC1CCC(C2CCCCC2)C1
C1CCC(CCCCC2CC3CCCCC3C2)CC1
C1CCC(CCCC2CCC3C2CCC2C4CC5CCC(C6CCCCC6)C5CC4CCCC32)CC1
C1CCC(CCCC2CCC3C(CCC3C3CCCCC3)C2)CC1
C1CCC2CCC(C3CCCC4CCCC43)CC2CC1
C1CCC(CCCCC2CC3CCCCC3C2)CC1
C1CCC(CCCCC2CCC3CCC(C4CCCC5CCCC54)CC3C2)CC1
C1CCC(CCCCC2CC3CCCCC3C2)CC1
C1CCC(C2CC3CCCC3C3CCC4CCCCC4C23)CC1
C1CCC(C2CC3CCCCC3CC3CCCCC32)CC1
C1CCC2CCC3C(CCC4C3CCC4(CCCC3CC4CCCCC4C3)CCC3CCCC3)C2CC1
C1CCC2CCC3C4CCCCC4CC(CC4CCCC5CCCCC54)C3C2CC1
C1CCC(CCCC2CCCC3CCC(C4CCCC5CCCC54)CC3C2)CC1
C1CCC(CCCCCC2CC3CCCCC3C2)CC1
C1CCC(C2CCC3CC4C(CCCC5C6CCC(CCCC7CC8CCCCC8C7)C6CCC45)CC32)CC1
C1CCC(CCC(CCC2CCC3CCCC3C2)CC2CCCCC2)CC1
C1CCC(CCC2CCC3C(CCC3C3CCCCC3)C2)CC1
C1CCC(C2CCC3CCCC3C3CCC4CCCCC4C23)CC1
C1CCC(CCC2CCC3C(CCC4CCCCC43)C2)CC1
C1CCC2C(C1)CC(C1CCCC3CCCC31)C1CCCC21
C1CCC(C2CCC3CC4C(CCCCC45CCCC5)CC32)CC1
C1CCC2CC(C3CCCC4CCCC43)CCC2C1
C1CCC2C(C1)CCC1C3CCCC3CCC21
C1CCC2CCC(C3CCCC4CCCC43)CC2CC1
C1CCC(C2CC3CCCC3C3CCCC4CCCCC4C23)CC1
C1CCC(C2CC3CCCCC3C3CCC4CCCCC4C23)CC1
C1CCC2CC(CCCC3CCC4C3CCC3C5CCCCC5CCCC43)CC2C1
C1CCC2C(C1)CCCC1C2CCC2C3CCCC3CC21
C1CCC(CC2CCCCC2CC2CC3CCCCC3C3CCC4CCCCC4C23)CC1
C1CCC(CCCCC2CC3CCCCC3C2)CC1
C1CCC2C(C1)CC(C1CCCC3CCCC31)C1CCCCC21
C1CCC2C(C1)CCCC1C2CCC2C3CCCC3CC21
C1CCC(CCC2CCC3C(CCC3C3CCCC3)C2)CC1
C1CCC(C2CC3CCCC3C3CCC4CCCCCC4C23)CC1
C1CCC2C(C1)CCC1CCCCC12
C1CCC2CC(C3CCCC4CCCC43)CCC2C1
C1CCC(CCC2CCCC3CCC4C(CCC4C4CCCCC4)CC23)CC1
C1CCC2CC(C3CCCC4CCCC43)CCC2C1
C1CCC2CCC(C3CCCC4CCCC43)CC2CC1
C1CCC2C(C1)CCC1C3CCCC3CCC21
C1CCC(CCCCC2CC3CCCCC3C2)CC1
C1CCC(CCCCCC2CC3CCCCC3C2)CC1
C1CCC(CCCCC2CCC3CCC(C4CCCC5CCCC54)CC3C2)CC1
C1CCC2C(C1)CCC1C3CCCC3CCC21
C1CCC(C2CC3CCCCC3C3CCC(CCC4CCCC4)CC3C2)CC1
C1CCC(CCCC2CCC3CCCC3C2)CC1
C1CCC(CCCCCC2CCC3CCCCC23)CC1
C(CCCC1CCCC2C(C3CCCCC3)CCC12)CCC1CCCCC1
C1CCC2C(C1)CCCC2CCCC1CCCC2CCCCC21
C1CCC2CCC3C4CCCCC4CC(CC4CCCC4)C3C2CC1
C1CCC(CCCCC2CC3CCCCC3C2)CC1
C1CCC(CCC2CCC3C(CCC3C3CCCCC3)C2)CC1
C1CCC(CCCCC2CC3CCCCC3C2)CC1
C1CCC(C2CC3CCCC3C3CCC4CCCCC4C23)CC1
C1CCC(CCC2CCC3C(CCC4C5CCCC5CCC34)C2)CC1
C1CCC2CC(C3CCCC4CCCC43)CCC2C1
C1CCC(C2CC3CCCC3CC3CCC4CCCCC4C32)CC1
C(CCC1CCC2C(CCC3C4CCCC4CCC23)C1)CC1CCC(C2CC3CCCC3C3CCCC4CCCCC4C23)CC1
C1CCC(CC2CC3CCCCC3C3CCC4CCCCC4C23)C1
C1CCC(CCC(CC2CC2)CC2CC3CCCCC3C2)CC1
C1CCC(CCC2CCC3C(CCCC4CCCCC43)C2)CC1
C1CCC(C2CCC(CCCCCC3(C4CCCCC4)CCCC3)C2)CC1
C(CCCCCCC1CCC(CCC2CCC(CCC3CCCC3)C2)C1)CCCCCCC1CCC2C1CCC1C3CCCCC3CCC21
C1CCC(C2CCC3CC4C(CCC32)CCC42CCCCC2)CC1
C1CCC(CC2CC3CCCCC3C3CCC4CCCCC4C23)CC1
C1CCC2C(C1)CCC1CCCCC12
C1CCC2CCC3C4CCC(CCCC5CC6CCCCC6C5)C4CCC3C2CC1
C1CCC2CC(C3CCCC4CCCC43)CCC2C1
C1CCC(CCC2CCCC3CC4C(CC5CCCCC5)CCC4CC23)CC1
C1CCC2CC(CCCC3CCCC4CCCCC43)CC2C1
C1CCC2C(C1)CCC1C3CCCC3CCCC21
C1CCC(CCCCCC2CC3CCCCC3C2)CC1
C1CCC(CCCC2CCCC(C3CCC4CC(CCC5CCC6CCCCC6C5)CCC43)C2)CC1
C1CCC(CCCCC2CC3CCCCC3C2)CC1
C1CCC(CCCC2CCC(C3CC3)CC2)CC1
C1CCC2CCC3C(CCC4C3CCC4(CCCC3CC4CCCCC4C3)CCC3CCCC3)C2CC1
C1CCC(C2CC3CCCCC3C3CCC4CCCCC4C23)CC1
C1CCC(CCC2CCC3C(CCC3C3CCCCC3)C2)CC1
C1CCC(CCCCC2CC3CCCCC3C2)CC1
C1CCC(C2CCC3(CCC4CC5C(CCC5C5CCCCC5)CCC43)C2)CC1
C1CCC2C(C1)CCC1C3CCCC3CCC21
C1CCC(CCCCC2CC3CCCCC3C2)CC1
C1CCC(CCC2CCCCC2)CC1
C1CCC(C2CCC3CC4C(CCC5C6CCC(CCCC7CCC8CCCCC8C7)C6CCC45)CC32)CC1
C1CCC(CC(CC2CCCCC2)C2CCCCC2)CC1
C1CCC(CC2CCC(CCCCCC3(C4CCCC4)CCCC4CCCCC43)C2)CC1
C1CCC(CCCCCC2CCC3CCCCC23)CC1
C1CCC(CCCC2CCC3C(CCC3C3CCCCC3)C2)CC1
C1CCC(CCC2(CCCC3CC4CCCCC4C3)CCC3C4CCC5CCCCC5C4CCC32)C1
C1CCC2CCC(C3CCCC4CCCC43)CC2CC1
C1CCC2CC(C3CCCC4CCCC43)CCC2C1
C1CCC(CC2CC3CCCCC3C3CCC4CCCCC4C23)CC1
C1CCC(C2CC3CCCC3C3CCC4CCCCC4C23)CC1
C1CCC(CC2CCC3C(CC4CCCCC4)CCC3C2)CC1
C1CCC2CCC(C3CCCC4CCCC43)CC2CC1
C1CCC2CCC(C3CCCC4CCCC43)CC2CC1
C(CCCC1CCCC2CCCCC12)CCC1CCC(C2CCCCC2)C1
C1CCC(CCCCC2CCC3CCC(C4CCCC5CCCC54)CC3C2)CC1
C1CCC2CC(CC3CCCC4CCCC43)CCC2C1
C1CCC(CCCCC2CCC3CCCCC23)CC1
C1CCC(CCC(CCC2CCC3CCCC3C2)CC2CCCCC2)CC1
C1CCC2CCC3C(CCC4C5CCCC5CC43)C2CC1
C1CCC(C2CCC3CCC4(CCCCC4)CC3C2)CC1
C1CCC(C2CC3CCCC3C3CCC4CCCCC4C23)CC1
C(CCCCC1CCC(C2CCCCC2)C1)CCCC1CCCCC1
C1CCC(CCCCC2CCC3CCCCC3C2)CC1
C1CCC2C(C1)CCC1C3CCCC3CCCC21
C1CCC(CCC2CCCCC2)CC1
C1CCC2CCC3C4CCCC4CCC3C2CC1
C(CCC1CCCC2CCCC12)CC1CC2CCCCC2C1
C1CCC(C2C3CCCC3CC3CC4CCCC4CC32)CC1
C1CCC(CCCCC2CCC3C2CCC2C4CCCCC4CCC32)CC1
C1CCC2C(C1)CCC1CCCCC12
C1CCC2C(C1)CCCC1C2CCC2C3CCCC3CC21
C1CCC2C(C1)CCC1C3CCCC3CCC21
C1CCC2CCC3C(CCC4C3CCC4(CCCC3CCC4CCCCC4C3)CCC3CCCC3)C2CC1
C1CC2CCC3C(CCC4CCCCC43)CC2C1
C1CCC(C2CCC3CC4C(CCC45CCCCC5)CC32)CC1
C1CCC(CCCCC2CC3CCCCC3C2)CC1
C1CCC2CC(C3CCCC4CCCC43)CCC2C1
C1CCC(C2CCC(CCCCCC3CCCC4CCCCC34)C2)CC1
C1CCC(CCC2CCC(CCC3CCCC(CC4CCCCC4)C3)CC2)CC1
C1CCC(C2CCC3CC4C(CCC45CCCCCC5)CC32)CC1
C1CCC(C2CCC3CCCC3C3CCC4CCCCC4C23)CC1
C(CCC1CCCC2C(CCC3C4CCCC4CCC23)C1)CC1CCC(C2CC3CCCC3C3CCC4CCCCC4C23)CC1
C1CCC(CC2CCC(CC(CC3CCCCC3)C3CCCCC3)CC2)CC1
C1CCC(C2CC3CCCC3C3CCC4CCCCC4C23)CC1
C1CCC(CCCCCC2CC3CCCCC3C2)CC1
C1CCC(CC2CCC3C(CCC3C3CCCCC3)C2)CC1
C1CCC(C2CCC3CCCCC3C3CCC4CCCCC4C23)CC1
C1CCC(CCCCC2CCC3CCCCC23)CC1
C1CCC2CC(C3CCCC4CCCC43)CCC2C1
C1CCC(CCC2CCC3C(CC4CCCCC4)CCC3C2)CC1
C(CCC1CCC2C(CCC3C4CCCC4CCC23)C1)CC1CCC(C2CC3CCCC3C3CCC4CCCCC4C23)CC1
C1CCC(CCCCCC2CCCC3C2CCC3C2CCC(CC3CCC3)CC2)CC1
C(CCCC1CCCC2C(C3CCCCC3)CCC12)CCC1CCCCC1
C1CCC2C(C1)CCCC1CCCCC12
C(CCCC1CCCC2C(C3CCCCC3)CCC12)CCC1CCCCC1
C1CCC(CCCCC2CC3CCCCC3C2)CC1
C1CCC(CCC2CC3CCCC3C3CCC4CCCCC4CC23)CC1
C1CCC2C(C1)CCCC2CCCC1CCC2C1CCC1C3CCCCC3CCC21
C1CCC(CC2CCC3CCC(C4CCCC4)CC32)C1
C1CCC(C2CCC3(CCC4CC5C(CCC5C5CCCCC5)CCC43)C2)CC1
C1CCC(CCCCCC2CCCC3C(C4CCCCC4)CCC23)CC1
C1CCC2CCC3C4CCC(CCCC5CC6CCCCC6C5)C4CCC3C2CC1
C(CCCCC1CCC(C2CCCCC2)C1)CCCC1CCC2CCCC2C1
C(CCCC1CCCC2C(C3CCCCC3)CCC12)CCC1CCCCC1
C1CCC2C(C1)CCC1CCCCC12
C1CCC2CC(C3CCCC4CCCC43)CCC2C1
C1CCC2CC3CCC4CCCC4C3CCC2C1
C1CCC2CCC3CCCCC3C2CC1
C1CCC(CC2CCC3CC4CCCCC4CC23)CC1
C1CCC(C2CC3CCCCC3C3CCC4CCCCC4C23)CC1
C1CCC(C2CCC3CC4C(CCCC45CCCCC5)CC32)CC1
C1CCC2CC(C3CCCC4CCCC43)CCC2C1
C1CCC(C2CCC3CC4C(CCCC5C6CCCC6CCC45)CC32)CC1
C1CCC(CC2CC3CCCCC3C3CCC4CCCCC4C3C2)CC1
C(CCC1CCCC2CCCCC12)CC1CCCC2CCCCC12
C(CCCC1CCCC2C(C3CCCCC3)CCC12)CCC1CCCCC1
C1CCC(CCCCC2CC3CCCCC3C2)CC1
C1CCC2CCC(C3CCCC4CCCC43)CC2CC1
C(CCC1CCC2C(CCC3C4CCCC4CCC23)C1)CC1CCC(C2CC3CCCC3C3CCC4CCCCC4C23)CC1
C1CCC(C2CCC3CC4C(CCCC4CC4CCC5CCCCC54)CCC32)CC1
C1CCC(C2CCC3C(CCC4CCCCC43)C2)CC1
C1CCC(CCCCC2CCC3CCCCC23)CC1
C1CCC2CCC(C3CCCC4CCCC43)CC2CC1
C1CCC(CCC(CC2CC3CCCCC3C2)C2CCC2)CC1
C1CCC(CCC2CCC3C(CC4CCCCC4)CCC3C2)CC1
C1CCC(CC2CC3CCCCC3C3CCC4CCCCC4C23)CC1
C1CCC2CCC(C3CCCC4CCCC43)CC2CC1
C1CCC(CCC2CCC(C3CCC4C(CCC4C4CCCCC4)C3)CC2)CC1
C1CCC(C2CCC3C(CCCCCC4CCC(C5CCCC5)C4)CCCC23)CC1
C1CCC(CCC2CCC3C(CCC3C3CCCCC3)C2)CC1
C1CCC(CC(CC2CCCCC2)C2CCCCC2)CC1
C1CCC(CC2CC3CCCCC3C3CCC4CCCCC4C23)C1
C1CCC2C(C1)CCC1C3CCCCC3CCC21
C1CCC2CC(C3CCCC4CCCC43)CCC2C1
C1CCC(CC2CC3CCCCC3C3CCC4CCCCCC4C23)CC1
C1CCC2CCC(C3CCCC3)CC2CC1
C1CCC(CCCCCC2CCCC3C(C4CCCCC4)CCC23)CC1
C1CCC(CC2CC3CCCCC3C3CCC4CCCCC4C23)C1
C1CCC2CC(CCCC3CCCCC4CCCCC43)CC2C1
C1CCC(CCCC2(CCC3CCCC3)CCC3CC4CCC5CCCCC5C4CCC32)CC1
C1CCC(CCCCCC2CC3CCCCC3C2)CC1
C1CCC(CCC2CCCC3CC4C(CCC4C4CCCCC4)CC23)CC1
C1CCC(C2CC3CCCCC3C3CCCCC23)CC1
C1CCC(C2CCC(CCCCCC3CCCC4CCCCC34)C2)CC1
C1CCC(C2CC3CCCC3C3CCCC4CCCCC4C23)CC1
C1CCC(C2CC3CCCC3C3CCC4CCCCC4C23)CC1
C1CCC(CCCC2CCC3CCC(C4CCCC5CCCC54)CC3CC2)CC1
C1CCC2C(C1)CCC1C3CCCCC3CCC21
C1CCC2C(C1)CCC1C3CCCCC3CCC21
C1CCC(C2CC3CCCC3C3CCC4CCCCC4C23)CC1
C1CCC(C2CCC3C(CCC4CCCCC43)C2)CC1
C(CCC1CCC2C1CCC1C3CCCCC3CCC21)CC1CC2CCCCC2C1
C1CCC(CCC2CCC(CC3CC3)CC2)CC1
C1CCC2CC(C3CCCC4CCCC43)CCC2C1
C1CCC(C2CC3CCCC(C3)C3CCC4CCCCC4C32)CC1
C1CCC2CC(C3CCCC4CCCC43)CCC2C1
C1CCC(C2CC3C4CCCCC4CCC3C3CCC4(CCCC4)C3C2)CC1
C1CCC2CCC(C3CCCC4CCCC43)CC2CC1
C(CCCC1CCCCC1)CCC1CCCCC1
C1CCC(C2CCC(CCCCCC3CCCC4CCCCC34)C2)CC1
C1CCC2CCC(C3CCCC4CCCC43)CC2CC1
C1CCC2CCC3C(CCC4C3CCC4(CCCC3CCC4CCCCC4C3)CCC3CCCC3)C2CC1
C1CCC2CC(CCCC3CCCC4C3CCC3C5CCCCC5CCC43)CC2C1
C1CCC(C2CCC3(CCC4CC5C(CCC5C5CCCCC5)CC43)C2)CC1
C1CCC(CCCCCC2CC3CCCCC3C2)CC1
C1CCC(CCCCCC2CCC3CCCCC23)CC1
C(CCCC1CCCC2C(C3CCCCC3)CCC12)CCC1CCCCC1
C1CCC2C(C1)CC(C1CCCC1)C1CCCC21
C1CCC2CCC(C3CCCC4CCCC43)CC2CC1
C1CCC(CCC2CC3CCCCC3C2C2CCCCC2)CC1
C1CCC2CCC3C4CCC(CCCC5CC6CCCCC6C5)C4CCC3C2CC1
C1CCC(CCCCCC2CCC3CCCCC23)CC1
C(CCC1CCCC2CCCCC12)CC1CCCC2CCCCC12
C1CCC(C2CCC3CC4C(CCC45CCCCC5)CC32)CC1
C(CCC1CCC2C1CCC1C3CCCCC3CCC21)CC1CCC2CCCCC2C1
C1CCC(C2CCC3CC4C(CCC45CCCCC5)CC32)CC1
C1CCC2C(C1)CCC1CCCCC12
C1CCC2C(C1)CCC1CCCCC12
C1CCC(C2CC3CCCCC3C3CCC4CCCCC4C23)CC1
C1CCC(CCCCCC2CCCC3C(C4CCCCC4)CCC23)CC1
C(CCC1CCCC2CCCCC12)CC1CCC2CCCCC2C1
C1CCC(CCCCC2CCC3CCCCC23)CC1
C1CCC2C(C1)CCC1C3CCCC3CCCC21
C1CCC(C2CC3CCCC3C3CCC4CCCCC4C23)CC1
C(CCCC1CCCCC1)CCCC1CCC(C2CCCCC2)C1
C1CCC(CCCCC2CC3CCCCC3C2)CC1
C1CCC(CCCCCC2CCC3CCCCC23)CC1
C1CCC(CCCCC2CC3CCCCC3C2)CC1
C(CCC1CCCC2CCCCC12)CC1CCC2CCCCC2C1
C1CCC(CCCCC2CC3CCCCC3C2)CC1
C1CCC(C2CC3CCCC3C3CCC4CCCCCC4C23)CC1
C1CCC(CCC2CCC3C(CCC3C3CCCCC3)C2)CC1
C1CCC2CCC(C3CCCC4CCCC43)CC2CC1
C1CCC(CC(CC2CCCCC2)C2CCCCC2)CC1
C(CCCC1CCCC2C(C3CCCCC3)CCC12)CCC1CCCCC1
C1CCC(CCCC2CCC3C(CCC3C3CCCCC3)C2)CC1
C1CCC(C2CCC3CC4C(CCC5C6CCC(CCCC7CCCC8CCCCC87)C6CCC45)CC32)CC1
C1CCC2C(C1)CCC1C3CCCC3CCC21
C1CCC2CCC3C4CCCC4CCC3C2CC1
C1CCC(C2CC3CCCC3C3CCC4CCCCC4C23)CC1
C1CCC(C2CCC3(CCCC4CC5C(CCC5C5CCCCC5)CC43)C2)CC1
C1CCC(CCC(CCC2CCC3CCCC3C2)CC2CCCCC2)CC1
C1CCC(C2CCC3CC4C(CCC5C6CCC(CCCC7CC8CCCCC8C7)C6CCCC45)CC32)CC1
C1CCC(CCC2(CCCC3CCC4CCCCC4C3)CCC3C4CCC5CCCCC5C4CCC32)C1
C1CCC(CCCC2CCC(CCC3CCCC(CC4CCCC4)C3)CC2)CC1
C1CCC(CCCCCC2CCCC3C(C4CCCCC4)CCC23)CC1
C1CCC(CC2CCC3CCCCC3C3CCC4CCCCC4C23)CC1
C1CCC(CCC2(CCCC3CCC4CCCCC4C3)CCC3C4CCCC5CCCCC5C4CCC32)C1
C1CCC2CCC3C4CCCC4CCC3C2CC1
C1CCC(C2CC3CCCCC3C3CCC4CCCCC4C23)CC1
C1CCC(CC2CCC3(CCC4CC5C(CCC5C5CCCCC5)CC43)C2)CC1
C1CCC2CC(CCCC3CCC4C3CCCC3C5CCCCC5CCC34)CC2C1
C(CCC1CCCC2CCCCC12)CCC1CCCC2CCCCC12
C(CCCC1CCCCC1)CCCC1CCC(C2CCCCC2)C1
C1CCC(CCCCC2CC3CCCCC3C2)CC1
C1CCC2CC(CC3CCCC4CCCC43)CCC2C1
C(CCCC1CCCC2C(C3CCCCC3)CCC12)CCC1CCC(C2CCCC2)C1
C1CCC(CCCCC2CC3CCCCC3C2)CC1
C1CCC(CCCCC2CC3CCCCC3C2)CC1
C1CCC(CCCC2CCC(CCC3CCCC(CC4CCCC4)C3)CC2)CC1
C1CCC(C2CC3CCCC3C3CCC4CCCCC4C23)CC1
C1CCC(CCCCCC2CCCC3C(C4CCCCC4)CCC23)CC1
C1CCC(CCC2CCC3C(CCC3C3CCCCC3)C2)CC1
C1CCC(CC2CC3CCCCC3C3CCC4CCCCCC4C23)CC1
C(CCC1CCCC2CCCCC12)CC1CCC2CCCCC2C1
C1CCC2CC(C3CCCC4CCCC43)CCC2C1
C1CCC(CCC2CCC(C3CC4CCCC4C4CCC5CCCCC5C34)CC2)CC1
C1CCC2CCC(C3CCCC4CCCC43)CC2CC1
C1CCC(CC2CC3CCCCC3C3CCC4CCCCCC4C23)CC1
C(CCCC1CCCC2C(C3CCCCC3)CCC12)CCC1CCC(C2CCCC2)C1
C1CCC(CCC2CCC(CCC3CCCCC3)CC2)CC1
C1CCC2CCC(C3CCCC4CCCC43)CC2CC1
C1CCC(CC2CCC3C(CCC3C3CCCCC3)C2)CC1
C1CCC(CCC2CCC3C(CCC3C3CCCCC3)C2)CC1
C1CCC(CCC2CCC3C(CCC3C3CCCCC3)C2)CC1
C1CCC(C2CC3CCCCC3C3CCCCC3C2)CC1
C1CCC(CC2CC3CCCCC3C3CCC4CCCCC4C23)CC1
C1CCC(CCCCCC2CCCC3C(C4CCCCC4)CCC23)CC1
C1CCC2CCC(C3CCCC4CCCC43)CC2CC1
C1CCC2CCC3C4CCCC4CCC3C2CC1
C1CCC(CCCCC2CC3CCCCC3C2)CC1
C1CCC(C2CC3CCCC3C3CCC4CCCCC4C23)CC1
C1CCC2CCC3C4CCCCC4CCC3C2CC1
C1CC2CCCC2C(CC2CC3CCCCC3C3CCCC23)C1
C1CCC(CCCCC2CC3CCCCC3C2)CC1
C1CCC(CCCCCC2CC3CCCCC3C2)CC1
C1CCC2CC(C3CCCC4CCCC43)CCC2C1
C1CCC(CCC2CCC3C(CCC3C3CCCCC3)C2)CC1
C1CCC(CCCC2CCC3C(CCC3C3CCCCC3)C2)CC1
C1CCC(C2CC3CCCCC3C3CCC4CCCCC4C23)CC1
C(CCCC1CCCC2C(C3CCCCC3)CCC12)CCC1CCCCC1
C1CCC(C2CCC3CCCC3C3CCCC4CCCCC4C23)CC1
C1CCC(CCC2CCC(CCC3CCCC(CC4CCCC4)C3)CC2)CC1
C1CCC(C2CCC3CC4C(CCCC5C6CCC(CCCC7CCC8CCCCC8C7)C6CCC45)CC32)CC1
C(CCCC1CCCCC1)CCCC1CCC(C2CCCCC2)C1
C1CCC(C2CCC3CC4C(CCC5C6CCC(CCCC7CCC8CCCCC8C7)C6CCC45)CC32)CC1
C(CCCC1CCCC2CCCC12)CCC1CCC2CCCCC2C1
C1CCC(CCC(CCC2CCC3CCCCC3C2)CC2CCCCC2)CC1
C1CCC(CCCCC2CC3CCCCC3C2)CC1
C1CCC(C2CCC(C3CC4CCCC4C4CCC5CCCCC5C34)CC2)CC1
C1CCC2C(C1)CCC1C3CCCCC3CCC21
C(CCC1CCCC2CCCCC12)CCC1CCCC2CCCCC12
C1CCC2CCC3C4CCC(CCCC5CC6CCCCC6C5)C4CCC3C2CC1
C1CCC(CCCC2CCC3C(CCC3C3CCCCC3)C2)CC1
C1CCC2CCC3C4CCCCC4CCC3C2CC1
C1CCC2CC(C3CCCC4CCCC43)C3CCCC3C2CC1
C1CCC2CC(CCCC3CCCCC4CCCCC43)CC2C1
C1CCC2C(C1)CCC1CCCCC12
C1CCC(C2CC3CCCC3C3CCC4CCCCC4C23)CC1
C1CCC(C2CCC3CC4C(CCCCC5CC5)CCCC4CC32)CC1
C1CCC(C2CCC3CCC4CCCCC4C3CC2)CC1
C1CCC(CCCCCC2CCCC3C(C4CCCCC4)CCC23)CC1
C1CCC(C2CC3CCCC3C3CCC4CCCCC4C23)CC1
C1CCC(CCCC2CCC3CCC(C4CCCC5CCCC54)CC3C2)CC1
C1CCC2CC(C3CCCC4CCCC43)CCC2C1
C1CCC(C2CC3CCCC3C3CCC4CCCCC4C23)CC1
C(CCCC1CCC2CCCC2C1)CCCC1CCC(C2CCCCC2)C1
C1CCC(CCCCC2CC3CCCCC3C2)CC1
C1CCC(CCCC(CCC2CCC3CCCC3C2)CC2CCCCC2)CC1
C1CCC(CCCCC2CC3CCCCC3C2)CC1
C1CCC2C(C1)CCC1C2CCC2C3CCCC3CC21
C1CCC(CCCCCC2CCCC3C(C4CCCCC4)CCC23)CC1
C1CCC(CC2CCCCC2CC2CC3CCCCC3C3CCC4CCCCC4C23)CC1
C1CCC2CCC3C(CCC4C5CCCC5CC43)C2CC1
C1CCC(CCC2CCC3C(CCC3C3CCCCC3)C2)CC1
C1CCC(CCC2CCC(CCC3CCCCC3)CC2)CC1
C1CCC(CC2CCC3CCCCC3C3CCC4CCCCC4C23)C1
C1CCC(CCC2CCC3C(CCC3C3CCCCC3)C2)CC1
C(CCC1CCC2CCCCC2C1)CCC1CCCC2CCCCC12
C1CCC2C(C1)CCC1C3CCCCC3CCC21
C1CCC2C(C1)CCC1C3CCCC3CCC21
C(CCC1CCCC2CCCCC12)CCC1CCCC2CCCCC12
C1CCC(C2CCC(CCCCCC3CCCC4C(C5CCCCC5)CCC34)C2)CC1
C1CCC2C(C1)CCC1C3CCCC3CCC21
C(CCC1CCCC1)CCC1CCCCC2CCCCC12
C(CCCCC1CCC(C2CCCCC2)C1)CCCC1CCCCC1
C1CCC(CCCC2CCC3C(CCC3C3CCCCC3)C2)CC1
C1CCC(CCCCCC2CC3CCCCC3C2)CC1
C1CCC(CCCC2CCC3C(CCC3C3CCCCC3)C2)CC1
C1CCC2CCC(C3CCCC4CCCC43)CC2CC1
C1CCC(CCCCCC2CC3CCCCC3C2)CC1
C1CCC(C2CC3CCCCC3CC3CCCCC32)CC1
C1CCC(C2CCC3CC4C(CC5CCC6CCCCC65)CCCCC4CC32)CC1
C1CCC(C2CCC3CC4C(CCCC45CC(C4CCCCC4)C(C4CCCCC4)C5)CCC32)CC1
C1CCC(CCC2CCC3C(CC4CCCCC4)CCC3C2)CC1
C1CCC(CCCCC2CC3CCCCC3C2)CC1
C1CCC(CCCCCC2CC3CCCCC3C2)CC1
C(CCC1CCCC2CCCCC12)CC1CCCC2CCCCC12
C1CCC(CC2CC3CCCC3C3CCC4CCCCC4C23)CC1
C1CCC(C2CCC3C(CCC4CCCCC43)C2)CC1
C(CCCC1CCCC2C(C3CCCCC3)CCC12)CCC1CCCCC1
C(CCCC1CCCCC1)CCC1CCCCC1
C1CCC(CC2CC3CCCCC3C3CCC4CCCCC4C23)CC1
C1CCC(CCCCCC2CC3CCCCC3C2)CC1
C1CCC2CCC(C3CCCC4CCCC43)CC2CC1
C1CCC(CCC2CCC(CC(CC3CCCCC3)C3CCCCC3)CC2)CC1
C1CCC(CCCCCC2CCC3CCCCC23)CC1
C1CCC2CCC(C3CCCC4CCCC43)CC2CC1
C1CCC2CC(C3CCCC4CCCC43)CCC2C1
C1CCC2C(C1)CCC1C3CCCC3CCCC21
C1CCC(C2CC3CCCC3C3CCC4CCCCC4C23)CC1
C1CCC(C2CC3CCCC3C3CCC4CCCCC4C23)CC1
C1CCC(CC2CC3CCCCC3CC3CCC4CCCCC4C32)C1
C1CCC(C2CC3CCCC3C3CCC4CCCCC4C23)CC1
C1CCC(C2CC3CCCC3C3CCC4CCCCC4C23)CC1
C1CCC(C2CC3CCCC3C3CCC4CCCCC4C23)CC1
C(CCC1CCCC2CCCCC12)CC1CCCC2CCCCC12
C1CCC(CCCC2CCCC(C3CCC4CC(CCC5CCC6CCCCC6C5)CCC43)C2)CC1
C1CCC(CCC2CCCCC2CC2CC3CCCCC3C3CCC4CCCCC4C23)CC1
C1CCC(CCC2(CCCC3CC4CCCCC4C3)CCC3C4CCC5CCCCC5C4CCC32)C1
C1CCC(CCC2CCC3C(CCC3C3CCCC(CCC4CCCC4)C3)C2)CC1
C1CCC(C2CCC3C(CCC4CCCCC43)C2)CC1
C1CCC(CCCC2CCC3CCC(C4CCCC5CCCC54)CC3C2)CC1
C1CCC(C2CC3CCCC3C3CCC4CCCCC4C23)CC1
C1CCC2C(C1)CCCC1C3CCCC3CCC21
C1CCC(CCCCCC2CC3CCCCC3C2)CC1
C1CCC(CCCCCC2CCCC3C2CCC3C2CCC(CC3CC3)CC2)CC1
C1CCC2CC(C3CCCC4CCCC43)CCC2C1
C1CCC(C2CC3CCCC3C3CCC4CCCCC4CC23)CC1
C(CCC1CCCC2CCCC12)CC1CC2CCCCC2C1
C1CCC(C2CC3CCCCC3C3CCCCC3C2)C1
C1CCC(CCCCCC2CCCC3C(C4CCCCC4)CCC23)CC1
C(CCC1CCCC2CCCCC12)CC1CCC2CCCCC2C1
C1CCC2CCC3C4CCC(CCCC5CC6CCCCC6C5)C4CCC3C2CC1
C1CCC(CCCCCC2CCCC3C(C4CCCCC4)CCC23)CC1
C1CCC(CCC2CCC3C(CCC3C3CCCC(CCC4CCCC4)C3)C2)CC1
C1CCC2CC(CC3CCCC4CCCC43)CCC2C1
C1CCC(CCCCC2CC3CCCCC3C2)CC1
C1CCC(CCCCCC2CCC3CCCCC23)CC1
C1CCC(C2CCC3CCCCC3C3CCCCC23)CC1
C1CCC(CC2CC3CCCCC3C3CCC4CCCCC4C3C2)C1
C1CCC(CCCCCC2CCCC3C(C4CCCCC4)CCC23)CC1
C1CCC(CCC2CCC(C3CCC4C(CC5CCCCC5)CCC4C3)CC2)CC1
C1CCC2C(C1)CCC1C3CCCC3CCCC21
C1CCC2CC(CC3CCCC4CCCC43)CCC2C1
C1CCC(CCCCCC2CC3CCCCC3C2)CC1
C1CCC(CCC2CCC3C(CCC3C3CCCCC3)C2)CC1
C1CCC(CCCCCC2CC3CCCCC3C2)CC1
C(CCCCC1CCC(C2CCCCC2)C1)CCCC1CCCCC1
C1CCC(C2CC3CCCCC3C3CCC4CCCCC4C23)CC1
C1CCC(CC2CC3CCCCC3C3CCC4CCCCC4C23)CC1
C1CCC(CCCCCC2CCC3CCCC3C2)CC1
C1CCC(C2CC3CCCCC3C3CCC4CCCCC4C23)CC1
C1CCC(C2CCC3CCC4C(CCC45CCCCC5)CC32)CC1
C1CCC2CCC3C4CCCCC4CC(CC4CCCC4)C3C2CC1
C1CCC(CCCCCC2CC3CCCCC3C2)CC1
C1CCC(CCC2CCC(CCC3CCCC(CC4CCCC4)C3)CC2)CC1
C1CCC(C2CCC3C(CCC4CCCCC43)C2)CC1
C1CCC(C2CC3CCCC3C3CCC4CCCCC4C23)CC1
C1CCC2CC(CC3CCCC4CCCC43)CCC2C1
C1CCC2C(C1)CCC1CCCCC12
C1CCC(C2CC3CCCCC3C3CCC4CCCCC4C23)CC1
C1CCC(C2CCC3CCCC3C3CCCC4CCCCC4C23)CC1
C1CCC2C(C1)CCC1C3CCCC3CCC21
C1CCC(C2CCC(CCCCCC3CCCC4CCCCC34)C2)CC1
C1CCC(C2CCC3CCCC3C3CCC4CCCCCC4C23)CC1
C1CCC2CCC3C(CCC4C3CCC4(CCCC3CCCC3)CCC3CCCC3)C2CC1
C1CCC(C2CC3CCCC3C3CCC4CCCCC4C23)CC1
C1CCC(C2CCC(CCCCCC3CCCC4CCCCC34)C2)CC1
C(CCCC1CCCCC1)CCCC1CCC(C2CCCCC2)C1
C1CCC(C2CC3CCCCC3C3CCCCC23)CC1
C1CCC(C2CC3CCCCC3C3CCC4CCCCC4C23)CC1
C1CCC(CCCC2CCC3C(CCC4C5CCCCC5CCC34)C2)C1
C(CCCC1CCCC2CCCCC12)CCC1CCC(C2CCCCC2)C1
C1CCC(CCC2(CCCC3CC4CCCCC4C3)CCCC3C4CCC5CCCCC5C4CCC32)C1
C(CCCC1CCCC2C(C3CCCCC3)CCC12)CCC1CCC(C2CCCC2)C1
C(CCC1CCC2CCC(C3CCCC4CCCC43)CC2C1)CC1CCC2CCCC2C1
C1CCC(CCC2CCC(CCCC3CCCC(CC4CCCC4)C3)CC2)CC1
C1CCC(CCCC2CCCC3C2CCC2C4CCCCC4CCC32)C1
C1CCC(C2CCC3CC4C(CCC5C6CCC(CCCC7CC8CCCCC8C7)C6CCCC45)CC32)CC1
C(CCCC1CCCC2C(C3CCCCC3)CCC12)CCC1CCCCC1
C1CCC(CCCCCC2CC3CCCCC3C2)CC1
C1CCC(CC2CCC3C(CCC3C3CCCCC3)C2)CC1
C1CCC(CCCCC2CC3CCCCC3C2)CC1
C1CCC(C2CCC3CC4C(CCC5C6CCC(CCCC7CCC8CCCCC8C7)C6CCC45)CC32)CC1
C1CCC(CCCCC2CCC3CCCCC23)CC1
C1CCC(CCCCC2CC3CCCCC3C2)CC1
C1CCC2CCC3C4CCCC4CCC3C2CC1
C1CCC2CCC3CCCCC3C2CC1
C1CCC2C(C1)CCC1C2CCC2C3CCCC3CC21
C1CCC(C2CC3CCCC3C3CCC4CCCCC4C23)CC1
C1CCC2C(C1)CCC1C3CCCC3CCC21
C1CCC(CCC2CCC3C(CCC4C5CCCC5CC(CCC5CCCCC5)C34)C2)CC1
C1CCC(C2CC3CCCCC3C3CCCCC23)CC1
C1CCC(C2CCC3CC4CCCCC4CC32)CC1
C1CCC(C2CCC3CC4C(CCCC4CC4CCC5CCCCC54)CCC32)CC1
C1CCC(CCCCCC2CCCC3C(C4CCCCC4)CCC23)CC1
C1CCC(CCC2CCC3C(CCC3C3CCCC(CCC4CCCCC4)C3)C2)CC1
C1CCC(CCCC2CCCC(C3CCC4CC(CCCC5CCC6CCCCC6C5)CCC43)C2)CC1
C1CCC(CCCCCC2CCCCC2)CC1
C1CCC(C2CC3C(CCC4CC4)CCC3C3CCCC4CCCCC4C23)CC1
C1CCC(CC2CCCCC2CC2CC3CCCCC3C3CCC4CCCCCC4C23)CC1
C1CCC(C2CCC(CCCCCC3CCCC4C(C5CCCCC5)CCC34)C2)CC1
C1CCC2CCC3C4CCCC4CCC3C2CC1
C1CCC2CC(CCCC3CCC4C3CCC3C5CCCCC5CCC43)CC2C1
C1CCC(CCCCC2CC3CCCCC3C2)CC1
C1CCC(CCC2CCCC3CC4C(CCC4C4CCCCC4)CC23)CC1
C(CCCC1CCCCC1)CCCC1CCC(C2CCCCC2)C1
C1CCC(CCCCCC2CCC3CCCCC23)CC1
C1CCC(C2CCC3CC4C(CCC5C6CCC(CCCC7CC8CCCCC8C7)C6CCC45)CC32)CC1
C1CCC2CCC(C3CCCC4CCCC43)CC2CC1
C1CCC2C(C1)CCCC1C3CCCC3CCC21
C1CCC(CC2CCC3C(CCC3C3CCCCC3)C2)CC1
C(CCC1CCC2C1CCC1C3CCCCC3CCC21)CC1CC2CCCCC2C1
C1CCC(CCC2(CCCC3CC4CCCCC4C3)CCC3C4CCC5CCCCC5C4CCC32)C1
C1CCC(CC2CCC(CC(CC3CCCCC3)C3CCCCC3)CC2)CC1
C1CCC(CCCCC2CC3CCCCC3C2)CC1
C1CCC(C2CCC3CCC4(CCCCCC4)C3C2)CC1
C1CCC(C2CC3CCCC3C3CCC4CCCCC4C23)CC1
C1CCC(C2CCC3CC4C(CCCCC45CCCC5)CC32)CC1
C1CCC(CCCCC2CCC3CCC(C4CCCC5CCCC54)CC3C2)CC1
C1CCCC(C2CCC3CC4C(CCC5C6CCC(CCCC7CC8CCCCC8C7)C6CCC45)CC32)CC1
C1CCC2CC(CCCC3CCCC4C3CCC3C5CCCCC5CCC43)CC2C1
C1CCC(C2CCC(CCCCCC3(C4CCCCC4)CCC3)C2)CC1
C1CCC(CCCCC2CCC3CCCCC23)CC1
C1CCC(C2CCCCC2CC2CC3CCCCC3CC3CCC4CCCCC4C32)CC1
C1CCC2CC(C3CCCC4CCCC43)CCC2C1
C1CCC(CC2CCC3CC4CCCCC4CC23)CC1
C1CCC(CCCC2CCC3C(CCC4C5CCCC5CCC34)C2)CC1
C1CCC(CCCC2CCCC3C2CCC2C4CC5CCC(C6CCCCC6)C5CC4CCC32)CC1
C1CCC(CCCCCC2CC3CCCCC3C2)CC1
C(CCCC1CCCC2C(C3CCCCC3)CCC12)CCC1CCCCC1
C1CCC(CCCCC2CCC3CCC(C4CCCC5CCCC54)CC3C2)CC1
C1CCC(C2CCC3C(CCCCCC4CCC(C5CCCC5)C4)CCCC23)CC1
C1CCC(CCCCCC2CCCC3C(CC4CCCCC4)CCC23)CC1
C1CCC(CCC2CCC(CCC3CCCC(CC4CCCC4)C3)CC2)CC1
C1CCC(CCC2CCC3C(CCC4C5CCCC5CC(CCC5CCCCC5)CC34)C2)CC1
C1CCC2CC(CCCC3CCCCC4CCCCC43)CC2C1
C1CCC2C(C1)CCC1C3CCCCC3CCC21
C1CCC(CCCCCC2CCC3C(CCC3C3CCCCC3)C2)CC1
C(CCC1CCCC2CCCC12)CC1CC2CCCCC2C1
C1CCC(C2CC3CCCC3C3CCC4CCCCC4C3C2)CC1
C1CCC(CCC(CC2CCC3C(CCC3C3CCCCC3)C2)C2CCCCC2)CC1
C1CCC(CCCC2CCC3CCC(C4CCCC5CCCC54)CC3C2)CC1
C(CCCC1CCCC2C(C3CCCCC3)CCC12)CCC1CCCCC1
C1CCC(C2CCC3CCCC3C3CCC4CCCCC4C23)CC1
C1CCC(C2CCC3CC4C(CCCC45CCCC5)CC32)CC1
C1CCC(CCCCCC2CC3CCCCC3C2)CC1
C1CCC(CCCCC2CC3CCCCC3C2)CC1
C1CCC2CCC3C4CCCCC4CC(CC4CCCC4)C3C2CC1
C1CCC2CCC(C3CCCC4CCCC43)CC2CC1
C1CCC(C2CCC3C(CCC4CCCCC43)C2)C1
C1CCC(CCCCC2CC3CCCCC3C2)CC1
C1CCC2CC(C3CCCC4CCCC43)CCC2C1
C1CCC(CCCC2CCC3C(CCC3C3CCCCC3)C2)CC1
C1CCC2CCC3CCCCC3C2CC1
C1CCC(C2CCC3CC4(CCCCCCC4C4CCCCC4)CCC32)CC1
C1CCC(CCCC2CCC(C3CCC4C(CCC4C4CCCCC4)C3)CC2)CC1
C1CCC2C(C1)CCCC2CCCC1CCCC2CCCCC21
C1CCC(CCCCCC2CCCC3CCCC23)CC1
C1CCC2CCC(C3CCCC4CCCC43)CC2CC1
C1CCC2C(C1)CCC1C3CCCC3CCC21
C1CCC(CCCC2CCC3CCC(C4CCCC5CCCC54)CC3C2)CC1
C1CCC(C2CCC3CC4C(CCCC45CCCC5)CCC32)CC1
C1CCC(CCCC2CCC3C(CCC3C3CCCCC3)C2)CC1
C1CCC2CCC(C3CCCC3)CC2CC1
C1CCC2C(C1)CCC1CCCCC12
C(CCCCC1CCC(C2CCCCC2)C1)CCCC1CCCCC1
C1CCC(CCCC2CCC(CCC3CCCCC3)CC2)CC1
C1CCC(CCC2CCC3C(CC4CCCCC4)CCC3C2)CC1
C1CC2CCC3C(CCC4CCCCC43)CC2C1
C1CCC(CCC(CCC2CCC3CCCC3C2)CC2CCCCCC2)CC1
C1CCC(CCCCCC2CC3CCCCC3C2)CC1
C1CCC(C2CCC3CC4(CCCCCC4C4CCCCC4)CCC32)CC1
C1CCC2CCC(C3CCCC4CCCC43)CC2CC1
C1CCC(CCCCC2CCC3CCCCC23)CC1
C1CCC2CCC3C4CCCCC4CC(CC4CCCC4)C3C2CC1
C1CCC(C2CCC3CC4C(CCC32)CCC42CCCC2)CC1
C1CC2CCC3C(CCC4CCCCC43)CC2C1
C1CCC(C2CC3CCCC3C3CCC4CCCCC4C23)CC1
C1CCC(CCCC2CCC3C2CCC2C4CCCCC4CCCC32)C1
C1CCC2CCC3C(CCC4C3CCC4(CCCC3CC4CCCCC4C3)CCC3CCCC3)C2CC1
C1CCC(CCCC2CCC3CCCC3C2)CC1
C1CCC2CCC3C4CCCCC4CCC3C2CC1
C1CCC2C(C1)CCC1CCCCC12
C1CCC(CCCCC2CC3CCCCC3C2)CC1
C1CCC(CCCCCC2CC3CCCCC3C2)CC1
C1CCC(CCC2CCC(CCC3CCCCC(CC4CCCC4)C3)CC2)CC1
C(CCCCCCC1CCC2C1CCC1C3CCCCC3CCC21)CCCCCC1CCC(CCCC2CCC(CCC3CCCC3)C2)C1
C(CCCCC1CCC(C2CCCCC2)C1)CCCC1CCCCC1
C1CCC2CCC3C4CCCC4CCC3C2CC1
C1CCC(CCCC2(CCC3CCCC3)CCC3C4CCC5CCCCC5C4CCC32)CC1
C(CCCC1CCCCC1)CCCC1CCC(C2CCCCC2)C1
C1CCC2C(C1)CCCC2CC1CC2CCCCC2C2CCC3CCCCC3C12
C1CCC(C2CC3CCCC3C3CCC4CCCCC4C23)CC1
C1CCC(C2CCC3CC4C(CCC5C6CCCC(CCCC7CC8CCCCC8C7)C6CCC45)CC32)CC1
C1CCC(CCC2CCC3C(CCC4C5CCCC5CCCC34)C2)CC1
C1CCC(CCC2CC3CCCCC3C3CCC4CCCCC4C23)CC1
C1CCC(CCCCC2CCC3CCCCC23)CC1
C1CCC(CCC2CCC(CCC3CCCC(CC4CCCC4)C3)CC2)CC1
C1CCC2C(C1)CCC1CCCCC12
C1CCC(C2CC3CCCC3C3CCC4CCCCC4C23)CC1
C1CCC(C2CCC3CCCC3C3CCC4CCCCC4C23)CC1
C1CCC(C2CC3C(CCC34CCCC4)C3CCC4CCCCC4C23)CC1
C1CCC(CCCC(CCC2CCC3CCCC3C2)CC2CCCCC2)CC1
C1CCC2CC(C3CCCC4CCCC43)CCC2C1
C1CCC2CCC(C3CCCC4CCCC43)CC2CC1
C1CCC(C2CCC3C(CCC34CCCC4)C3CCC4CCCCC4C23)CC1
C1CCC(CCCCC2CCC3CCCCC23)CC1
C1CCC2C(C1)CCCC1CCCCC12
C1CCC(CCCCCC2CCCC3C2CCC3C2CCCC(CCC3CC3)C2)CC1
C(CCC1CCC2CCCCC2C1)CCC1CCCC2CCCC12
C1CCC(CCCCCC2CCCC3C(C4CCCCC4)CCC23)CC1
C1CCC(C2CCC3CCCC4(CCCCC4)C3C2)CC1
C1CCC2CC(C3CCCC4CCCCC43)C3CCCC3C2CC1
C1CCC(CCCC(CC2CC3CCCCC3C2)C2CC2)CC1
C(CCC1CCCC2CCCCC12)CC1CCCC2CCCCC12
C(CCCC1CCCC2C(C3CCCCC3)CCC12)CCC1CCCCC1
C1CCC(C2CCCC(CC3CC4CCCCC4CC4CCC5CCCCC5C43)C2)C1
C1CCC(C2CCC3CC(C4CCC(CCC5CCCC5)CC4)CCC32)CC1
C1CCC(C2CCC3CCCCC3C3CCCCC23)CC1
C(CCCC1(C2CCCCC2)CCC1)CCC1CCC(C2CCCCC2)C1
C1CCC2CC(C3CCCC4CCCC43)CCC2C1
C(CCC1CCCC2CCCC12)CC1CC2CCCCC2C1
C1CCC(CCC2CCC(C3CC3)CC2)CC1
C1CCC(C2CC3CCCC3C3CCC4CCCCC4C23)CC1
C1CCC2C(C1)CCC1CCCCC12
C(CCC1CCC2CCCC2C1)CC1CCC(C2CCCC2)CC1
C(CCCCC1CCC(C2CCCCC2)C1)CCCC1CCCCC1
C1CCC(CC2CC3CCCCC3C3CCC4CCCCC4C23)C1
C1CCC2CC(C3CCCC4CCCC43)CCC2C1
C1CCC(CCCCCC2CCCCC2)CC1
C1CCC2CC(CCCC3CCCC4CCCCC43)CC2C1
C1CCC(CCCCC2CC3CCCCC3C2)CC1
C1CCC2C(C1)CCC1C3CCCCC3CCC21
C1CCC(CC2CC3CCCCC3C3CCC4CCCCCC4C23)CC1
C1CCC(CCCCC2CC3CCCCC3C2)CC1
C1CCC(CCC2CCC3C(CCC3C3CCCCC3)C2)CC1
C1CCC2CCCCC2C(CCCCC2CCCC3CCCCC23)C1
C1CCC(CCCC2CCCCC2)CC1
C1CCC2CC(CCCC3CCC4C3CCC3C5CCCCC5CCC43)CC2C1
C1CCC2CC(CCCC3CCC4C3CCC3C5CCCCC5CCC43)CC2C1
C1CCC(CCC2CCC(C3CCC4C(CCC4C4CCCCC4)C3)CC2)CC1
C1CCC(CC2CC3CCCCC3C3CCC4CCCCC4C23)CC1
C1CCC(C2CCC(CCCCCC3CCCC4CCCCC34)C2)CC1
C1CCC(CCCCC2CC3CCCCC3C2)CC1
C1CCC(CCCCC2CC3CCCCC3C2)CC1
C1CCC2CC(C3CCCC4CCCC43)CCC2C1
C1CCC2CCC3C4CCCCC4CC(CC4CCCC4)C3C2CC1
C1CCC2CC(C3CCCC4CCCC43)CCC2C1
C1CCC(CCC(CCCC2CCC3CCCC3C2)CC2CCCCC2)CC1
C(CCCC1CCC2CCCC2C1)CCCC1CCC(C2CCCCC2)C1
C1CCC2CCC3C4CCCCC4CCC3C2CC1
C1CCC2CC(C3CCCC4CCCC43)CCC2C1
C1CCC2CC(C3CCCC4CCCC43)CCC2C1
C1CCC(C2CCC3CC4C(CCC45CCCC5)CC32)CC1
C1CCC2CCC3C4CCC(CCCC5CC6CCCCC6C5)C4CCC3C2CC1
C1CCC(CCCCC2CC3CCCCC3C2)CC1
C1CCC(CCCCC2CC3CCCCC3C2)CC1
C(CCCCC1CCC(C2CCCCC2)C1)CCCC1CCCCC1
C(CCCC1CCCC2C(C3CCCCC3)CCC12)CCC1CCCCC1
C1CCC(CC2CC3CCCCC3CC3CCC4CCCCC4C32)C1
C1CCC(C2CCC3CCC4(CCCCC4)CC3C2)CC1
C1CCC(CC2CC3CCCCC3C3CCC4CCCCC4C23)CC1
C1CCC2CCC3C4CCCCC4CC(CC4CCCC4)C3C2CC1
C1CCC(CCC(CCC2CCC3CCCC3C2)CC2CCCCC2)CC1
C1CCC2CCC(C3CCCC4CCCC43)CC2CC1
C1CCC(C2CCC3CC4C(CCC5C6CCC(CCCC7CCC8CCCCC8C7)C6CCC45)CC32)CC1
C1CCC(CCC2CCC(C3CC3)CC2)CC1
C1CCC2CC(CCCC3CCC4C3CCC3C5CCCCC5CCC43)CC2C1
C1CCC(CCCC(CCC2CCCCC2)CCC2CCC3CCCC3C2)CC1
C1CCC(CC2CCC3C(CCC3C3CCCCC3)C2)CC1
C1CCC2CCC3C(CCC4C5CCCC5CC43)C2CC1
C1CCC2C(C1)CCC1CCCCC12
C1CCC2CC(C3CCCC4CCCC43)CCC2C1
C1CCC(CCCC2CCCC3CCC(C4CCCC5CCCC54)CC3C2)CC1
C(CCC1CCC2C(CCC3C4CCCC4CCC23)C1)CC1CCC(C2CCC(C3CC4CCCCC4C4CCC5CCCCC5C34)CC2)CC1
C1CCC(CCCC2CCC3CCC(C4CCCC5CCCC54)CC3C2)CC1
C1CCC(C2CC3CCCC3C3CCCC4CCCCC4C23)CC1
C1CCC(CCCCC2CCC3CCCCC23)CC1
C1CCC2CC(C3CCCC4CCCC43)CCC2C1
C1CCC(C2CCC3CC4C(CCC5C6CCC(CCCC7CC8CCCCC8C7)C6CCC45)CC32)CC1
C1CCC(C2CC3CCCC3C3CCC4CCCCC4C23)CC1
C1CCC(C2CCC3CC4C(CCC45CCCC5)CC32)CC1
C1CCC(CCCCC2CC3CCCCC3C2)CC1
C1CCC(CCCC2CCCC3C2CCC2C4CCCCC4CCC32)C1
C1CCC2C(C1)CCC1C3CCCCC3CCC21
C1CCC(CC2CC3CCCCC3C3CCC4CCCCC4C23)CC1
C1CCC2CCC(C3CCCC3)CC2CC1
C1CCC2C(C1)CCC1CCCCC12
C(CCCC1CCCC2C(C3CCCCC3)CCC12)CCC1CCCCC1
C1CCC(CCC2CCCC3CCC(C4CCCC5CCCC54)CC23)CC1
C1CCC(CCCCC2CC3CCCCC3C2)CC1
C1CCC2CCC3C4CCCC4CCC3C2CC1
C(CCC1CCCCC2CCCCC12)CC1CCC2CCCCC2C1
C1CCC2CCC3C4CCC(CCCC5CCC6CCCCC6C5)C4CCC3C2CC1
C1CCC(CCC2CCC3C(CC4CCCCC4)CCC3C2)CC1
C1CCC(C2CCCC3C(CCC4CCCCC43)C2)CC1
C1CCC(C2CCC3CCC4C(CCC45CCCC5)CC32)CC1
C1CCC2C(C1)CCC1C2CCC2C3CCCCC3CC21
C1CCC2CCCC(CC3CC4CCCCC4C4CCC5CCCCC5C34)C2CC1
C1CCC(C2CCC3C(CCC4CCCCC43)C2)CC1
C1CCC(CCCC2CCC3C(CCC4CCCCC43)C2)CC1
C1CCC(C2CCC3CCC4(CCCCC4)CC3C2)CC1
C(CCCC1CCC2CCCC2C1)CCCC1CCC(C2CCCCC2)C1
C1CCC2CCC3C4CCC(CCC5CCCC5)C4CCC3C2CC1
C1CCC(CCCCCC2CCCC3C(CC4CCCCC4)CCC23)CC1
C1CCC(CCC(CCC2CCCCC2)CCC2CCC3CCCC3C2)CC1
C(CCC1CCCCC2CCCCC12)CC1CCC2CCCCC2C1
C1CCC(CCCCC2CCC3CCCCC23)CC1
C(CCC1CCCC1)CCC1CCCC2CCCCC12
C1CCC2CC(C3CCCC4CCCC43)CCC2C1
C(CCCC1CCCC2C(C3CCCCC3)CCC12)CCC1CCCCC1
C1CCC(C2CC3CCCC3C3CCCC4CCCCC4C23)CC1
C1CCC2CC(C3CCCC4CCCC43)CCC2C1
C1CCC(C2CCC3CC4C(CCCC45CCCC5)CC32)CC1
C1CCC(CCC2CCC(CCC3CCCC(CC4CCCC4)C3)CC2)CC1
C(CCCC1CCCC2CCCC12)CCC1CCCCC1
C1CCC2CC(CC3CCCC4CCCC43)CCC2C1
C1CCC2CCC3C4CCCC4CCC3C2CC1
C1CCC(CCC2CCC3C(CCC3C3CCCCC3)C2)CC1
C1CCC2CCC(C3CCCC4CCCC43)CC2CC1
C1CCC(CCCCC2CCC3CCCCC23)CC1
C1CCC(CCC2CCC3C(CCC3C3CCCCC3)C2)CC1
C1CCC(C2CCC3CC4C(CCCC45CCCC5)CC32)CC1
C(CCC1CCCC2CCCC12)CC1CC2CCCCC2C1
C1CCC(C2CCC3CCC(C4CCCC4)C3C2)C1
C1CCC2C(C1)CCCC1C2CCC2C3CCCC3CC21
C1CCC2CC(CC3CCCC4CCCC43)CCC2C1
C1CCC(CC2CC3CCCCC3C3CCC4CCCCC4C3C2)C1
C1CCC(CCC2CCC3C(CCC3C3CCCCC3)C2)CC1
C1CCC(CCCC2CCC(C3CCC4C(CCC4C4CCCCC4)C3)CC2)CC1
C1CCC(C2CC3CCCCC3C3CCC4CCCCC4C23)CC1
C1CCC2CCC3C4CCC(CCCC5CCC6CCCCC6C5)C4CCC3C2CC1
C1CCC(C2CCC3C(CCC4CCCCC43)C2)CC1
C1CCC(CCCCC2CC3CCCCC3C2)CC1
C1CCC(CC2CC3CCCCC3C3CCC4CCCCCC4C23)CC1
C1CCC2CCC(C3CCCC4CCCC43)CC2CC1
C1CCC(C2CCC3C(CCC4CCCCC43)C2)CC1
C1CCC2C(C1)CCCC1C3CCCC3CCC21
C1CCC(CCC2CCC3C(CC4CCCCC4)CCC3C2)CC1
C1CCC(CCC2CCC3C(CCC3C3CCCCC3)C2)CC1
C(CCCC1CCCCC1)CCC1CCCCC1
C1CCC2CCC3C4CCCCC4CC(CC4CCCC4)C3C2CC1
C1CCC(CCCCCC2CC3CCCCC3C2)CC1
C1CCC2C(C1)CCC1C3CCCC3CCC21
C1CCC(C2CCC3CC4C(CCC5C6CCC(CCCCC7CC8CCCCC8C7)C6CCC45)CC32)CC1
C1CCC(CC2CC3CCCCC3C2C2CCCCC2)CC1
C1CCC(C2CCC3CCCC3C3CCC4CCCCC4C23)CC1
C1CCC2C(C1)CCC1C3CCCC3CCC21
C1CCC(CCC(CCC2CCC3CCCC3C2)CC2CCCCC2)CC1
C1CCC(CCCCC2CCCC3CCC(C4CCCCC4)CC3C2)CC1
C1CCC(C2CCC3CC4C(CCCC5C6CCC(CCCC7CC8CCCCC8C7)C6CCC45)CC32)CC1
C1CCC2CC(C3CCCC3)CCC2C1
C1CCC(CC2CC3CCCCC3C3CCC4CCCCC4C23)CC1
C1CCC(C2CCC(CCCCCC3(C4CCCCC4)CCC3)C2)CC1
C1CCC(C2CC3CCCCC3C3CCC(CCC4CCCC4)CC23)CC1
C1CCC(C2CCC(CC3CC4CCCCC4C4CCC5CCCCCC5C34)CC2)CC1
C1CCC(C2CC3CCCC3C3CCC4CCCCC4C23)CC1
C1CCC(CCC2CCC3C(CCC3C3CCCCC3)C2)CC1
C1CCC2C(C1)CC(C1CCCC3CCCC31)C1CCCC21
C1CCC2CC(CCCC3CCC4C3CCC3C5CCCCC5CCC43)CC2C1
C1CCC(C2CCC3CC4C(CCCC45CCCC5)CCC32)CC1
C1CCC(C2CC3CCCC3C3CCC4CCCCCC4C23)CC1
C1CCC(CCCC2CCCC3CCC(C4CCCC5CCCC54)CC3C2)CC1
C1CCC(CCC(CCC2CCC3CCCC3C2)CC2CCCCC2)CC1
C1CCC(C2CC3CCCC3C3CCC4CCCCCC4C23)CC1
C1CCC(C2CCC3C(CCC3C3CCCCC3)C2)CC1
C1CCC(CCCC2CCCC3CCC(C4CCCC5CCCC54)CC3C2)CC1
C1CCC2C(C1)CCC1C3CCCC3CCC21
C(CCC1CCC2CCCCC2C1)CCC1CCCC2CCCCC12
C1CCC2CC(C3CCCC4CCCC43)CCC2C1
C1CCC2CC(CC3CCCC4CCCC43)CCC2C1
C1CCC(CCCCC2CCC3C2CCC2C4CCCCC4CCC32)CC1
C1CCC(C2CC3CCCC3C3CCC4CCCCC4C23)CC1
C1CCC(CCC2CCC3C(CCC3C3CCCCC3)C2)CC1
C1CCC(CCC2CCC3C(CC4CCCCC4)CCC3C2)CC1
C1CCC2CCC3C4CCCC4CCC3C2CC1
C1CCC(C2CCC3CCCCC3C3CCCCC23)CC1
C1CCC(CC2CCCCCCC23CCC2C(CCC2C2CCCCC2)C3)CC1
C1CCC(C2CCC3CCCC3C3CCC4CCCCC4C23)CC1
C1CCC(CCCCC2CC3CCCCC3C2)CC1
C1CCC(C2CCC3CC4C(CCC5C6CCC(CCCCC7CCC8CCCCC8C7)C6CCC45)CC32)CC1
C1CCC(CCCCCC2CC3CCCCC3C2)CC1
C1CCC(C2CCC3CCC4(CCCCCC4)C3C2)CC1
C1CCC2CC(CCCC3CCC4C5CCC6CCCCC6C(CCC34)C5)CC2C1
C1CCC2C(C1)CCC1C3CCCC3CCCC21
C1CCC(CCCCCC2CC3CCCCC3C2)CC1
C(CCCCC1CCC(C2CCCCC2)C1)CCCC1CCCCC1
C1CCC(CCC2CCC3C(CCC3C3CCCCC3)C2)CC1
C1CCC(C2CCC3CC4C(CCC5C6CCC(CCCC7CC8CCCCC8C7)C6CCC45)CC32)CC1
C1CCC(CCC2CCC3C(CCC3C3CCCCC3)C2)CC1
C1CCC(C2CC3CCCC3C3CCC4CCCCC4C23)CC1
C(CCC1CCCC2CCCCC12)CCC1CCCC2CCCC12
C1CCC(CCCCC2CC3CCCCC3C2)CC1
C1CCC(CCCCC2CCC3CCCCC23)CC1
C1CCC(C2CCC3CC4C(CCC5C6CCCC6CCC45)CC32)CC1
C(CCC1CCC2CCCCC2C1)CCC1(C2CCCC2)CCCC2CCCCC21
C1CCC2CC(CCCC3CCCCC4CCCCC43)CC2C1
C1CCC(CCCCC2CC3CCCCC3C2)CC1
C1CCC(C2CC3CCCCC3C3CCC4CCCCC4C23)CC1
C1CCC(C2CCC(C3CC4CCCC4C4CCC5CCCCC5C34)CC2)C1
C1CCC(C2CCC3CC(C4CCC(CCC5CCCC5)CC4)CCC32)CC1
C1CCC2C(C1)CCC1C3CCCCC3CCC21
C1CCC(CCCC2CC3CCCCC3C2C2CCCCC2)CC1
C1CCC(CCC2CCC(CCC3CCCC(CC4CCCC4)C3)CC2)CC1
C1CCC(CC2CCCC2CC2CC3CCCCC3C3CCC4CCCCC4C3C2)CC1
C1CCC(CCC2CCCCC2)CC1
C1CCC2CCC3C4CCCC4CCC3C2CC1
C(CCC1CCCCC2CCCCC12)CC1CCC2CCCCC2C1
C1CCC(C2CCC3CC4C(CCC32)CCC2C3CCC(CCCC5CCC6CCCCC6C5)C3CCC42)CC1
C1CCC(C2CCC3CC4C(CCC45CCCCCC5)CC32)CC1
C1CCC(CCCCCC2CCC3CCCCC23)CC1
C1CCC(C2CCCCC2CC2CC3CCCCC3C3CCC4CCCCC4C23)CC1
C1CCC2CC(CCCC3CCC4C3CCC3C5CCCCC5CCC43)CC2C1
C1CCC(CCCC2CCC3C2CCC2C4CC5CCC(C6CCCCC6)C5CCC4CCC32)CC1
C1CCC(CCCCCC2CC3CCCCC3C2)CC1
C1CCC(CCCCC2CC3CCCCC3C2)CC1
C1CCC2CC3CCC(C4CCCCC4)C3CC2CC1
C1CCC2CCC(C3CCCC4CCCC43)CC2CC1
C(CCC1CCC2CCCCC2C1)CCC1CCCC2CCCCC12
C1CCC2C(C1)CCC1C3CCCC3CCC21
C(CCC1CCCC2CCCCC12)CC1CCC2CCCCC2C1
C1CCC2C(C1)CCC1C3CCCC3CCC21
C1CCC(CCC2CCC(C3CCC3)CC2)CC1
C1CCC(CCCCC2CCC3CCCCC23)CC1
C1CCC(C2CC3CCCC3C3CCCC4CCCCC4C23)CC1
C1CCC(C2CCC3CC4C(CCC5C6CCCC(CCCC7CC8CCCCC8C7)C6CCC45)CC32)CC1
C1CCC2C(C1)CCC1C3CCCCC3CCC21
C1CCC(C2CCC3CCC4C(CCC45CCCCC5)CC32)CC1
C1CCC2C(C1)CCC1C2CCC2C3CCCC3CC21
C1CCC(CCC2(CCCC3CCC4CCCCC4C3)CCC3C4CCC5CCCCC5C4CCC32)C1
C(CCC1CCCC2CCCC12)CC1CC2CCCCC2C1
C1CCC2C(C1)CCCC1C3CCCC3CCC21
C1CCC2CCC(C3CCCC4CCCC43)CC2CC1
C1CCC2CCC(C3CCCC4CCCC43)CC2CC1
C1CCC(C2CCC3CC4C(CCC5C6CCC(CCCCC7CC8CCCCC8C7)C6CCC45)CC32)CC1
C(CCC1CCC2CCCCC2C1)CCC1CCCC2CCCCC12
C1CCC(C2CCC3CC4C(CCC45CCCCC5)CC32)CC1
C(CCC1CCCCC2CCCCC12)CC1CCC2CCCCC2C1
C1CCC(C2CCC3CCC4C(CCCC45CCCC5)CC32)CC1
C1CCC(CCCCC2CC3CCCCC3C2)CC1
C1CCC2C(C1)CCC1C3CCCCC3CCC21
C1CCC(C2CCC3CCC4CCCCC4C3CC2)CC1
C1CCC(CCC2CCC(CCC3CCCCC(CC4CCCC4)C3)CC2)CC1
C1CCC2CC(CCCC3CCC4C3CCC3C5CCCCC5CCCC43)CCC2C1
C1CCC(CCC2CCC3C(CCC3C3CCCCC3)C2)CC1
C1CCC2CC(CC3CCCC4CCCC43)CCC2C1
C1CCC(C2CC3CCCC3C3CCC4CCCCC4C23)CC1
C1CCC2CC(CCCC3CCC4C3CCC3C5CCCCC5CCC43)CC2C1
C1CCC(CC2CC3CCCCC3C3CCC4CCCCC4C23)CC1
C1CCC(CCC(CC2CC3CCCCC3C2)C2CCC2)CC1
C1CCC2CCC(C3CCCC4CCCC43)CC2CC1
C1CCC2CC(C3CCCC4CCCC43)CCC2C1
C1CCC2C(C1)CCC1CCCCC12
C1CCC2C(C1)CCC1CC2CCC2CCCC21
C1CCC(CCCCC2CC3CCCCC3C2)CC1
C1CCC(C2CCC3CCCC3C3CCC4CCCCC4C23)CC1
C1CCC2C(C1)CCC1C2CCC2C3CCCC3CC21
C1CCC(C2CC3CCCC3C3CCC4CCCCCC4C23)CC1
C1CCC(CCCCC2CCCC3CCC(C4CCCCC4)CC23)CC1
C1CCC(CC2CC3CCCCC3C3CCC4CCCCCC4C23)CC1
C1CCC(C2CC3CCCC3C3CCC4CCCCCC4C23)CC1
C1CCC2C(C1)CCCC2CCCC1CCC2C1CCC1C3CCCCC3CCCC21
C1CCC(CCC2CCC(CC(CC3CCCCC3)C3CCCCC3)CC2)CC1
C(CCC1CCCC2CCCCC12)CC1CCC2CCCCC2C1
C1CCC(CCCCCC2CC3CCCCC3C2)CC1
C1CCC(C2CC3CCCC3C3CCC4CCCCCC4C23)CC1
C1CCC(CC2CC3CCCCC3C3CCC4CCCCC4C23)CC1
C1CCC2CCC3C4CCCC4CCC3C2CC1
C(CCCCC1CCC2C(CCC3C4CCCC4CCC23)C1)CCCC1CCCC(CC(CCC2CCC(CC3CCCCC3)CC2)C2CCCCC2)C1
C1CCC2CCC(C3CCCC4CCCC43)CC2CC1
C1CCC(C2CCC3CC4C(CC5CCC6CCCCC65)CCCC4CC32)CC1
C1CCC(CCCCC2CC3CCCCC3C2)CC1
C1CCC(CC2CC3CCCCC3CC3CCC4CCCCC4C32)CC1
C1CCC(C2CCC3CC4C(CCCC5C6CCC(CCCC7CCC8CCCCC8C7)C6CCC45)CC32)CC1
C1CCC(CCCCC2CC3CCCCC3C2)CC1
C1CCC2CC3CCC4CCCCC4C3CCC2C1
C1CCC2C(C1)CCC1C2CCC2C3CCCC3CC21
C1CCC(CCCCCC2CCC3CCCCC23)CC1
C1CCC(CCCCCC2CCCC3C(C4CCCCC4)CCC23)CC1
C1CCC(CC2CCC3C(CCC3C3CCCCC3)C2)CC1
C1CCC2CC(CCCC3CCC4C3CCC3C5CCCCC5CCC43)CC2C1
C1CCC(CCCC2CCCC3C2CCC2C4CC5CCC(C6CCCCC6)C5CC4CCC32)CC1
C1CCC(CCC2CCC3C(CCC4CCCCC43)C2)CC1
C(CCCC1CCCCC1)CCCC1CCC(CC2CCCCC2)C1
C1CCC(CCCC(CCC2CCC3CCCC3C2)CC2CCCCC2)CC1
C1CCC(C2CC3C(CCC4CC4)CCC3C3CCC4CCCCC4C23)CC1
C1CCC(CCCC(CC2CCC3C(CC4CCCCC4)CCC3C2)C2CCCCC2)CC1
C1CCC(CCC2CCCC3CCC4C(CCC4C4CCCCC4)CC23)CC1
C1CCC(CCCCCC2CC3CCCCC3C2)CC1
C1CCC(CC2CC3CCCCC3C3CCC4CCCCC4C23)CC1
C(CCCCC1CCC(C2CCCCC2)C1)CCCC1CCCCC1
C1CCC(CCCC2CCC3CCC(C4CCCC5CCCC54)CC3C2)CC1
C1CCC(CCCCCC2CC3CCCCC3C2)CC1
C1CCC(C2CCC3CC4C(CCCC45CCCC5)CCC32)CC1
C1CCC(CCCC2CCCC3CCC(C4CCCC5CCCC54)CC3C2)CC1
C(CCC1CCCC2CCCCC12)CC1CC2CCCCC2C1
C1CCC2CC3CCC4CCCC4C3CCC2C1
C1CCC2CCC3C4CCC(CCCC5CCCC6CCCCC65)C4CCC3C2CC1
C1CCC2CCC3C4CCCCC4CCC3C2CC1
C1CCC(C2CC3CCCCC3C3CCCCC23)CC1
C1CCC(C2CCC3CC4C(CCC45CCCCC5)CC32)CC1
C1CCC(CCCCC2CCC3CCC(C4CCCC5CCCC54)CC3C2)CC1
C1CCC(CCCC2CCC3CCC(CC4CCCC5CCCC54)CC3C2)CC1
C1CCC(CCCCC2CCC3CCCCC23)CC1
C1CCC2CC(C3CCCC4CCCC43)CCC2C1
C1CCC(C2CCC3CCCC3C3CCC4CCCCC4CC23)CC1
C1CCC(CCCC2CCC3CCC(C4CCCC5CCCC54)CC3C2)CC1
C1CCC(CCC(CCC2CCCCC2)CCC2CCC3CCCC3C2)CC1
C1CCC(CCCC2CCC3CCC(C4CCCC5CCCC54)CC3C2)CC1
C1CCC(C2CC3CCCC3C3CCC4CCCCC4C23)CC1
C1CCC(CCCC2CCC3CCC(C4CCCC5CCCC54)CC3C2)CC1
C1CCC(CCCC2CCC3CCC(C4CCCC5CCCC54)CC3C2)CC1
C1CCC2CC(C3CCCC4CCCC43)CCC2C1
C1CCC2C(C1)CCC1C3CCCC3CCC21
C(CCC1CC2CCCCC2C1)CCC1CCCC2CCCC12
C1CCC(CCC2CCC3C(CCC3C3CCCCC3)C2)CC1
C1CCC(CCCC(CCC2CCC3CCCC3C2)CC2CCCCC2)CC1
C1CCC(CCC(CCC2CCC3CCCC3C2)CC2CCCCC2)CC1
C(CCCC1CCCC2CCCC12)CCC1CCC2CCCCC2C1
C1CCC(C2CCC3CC4C(CCC45CCCC5)CC32)CC1
C(CCCCCCC1CCC(CCC2CCC(CCC3CCCC3)C2)C1)CCCCCCC1CCC2C1CCC1C3CCCCC3CCC21
C1CCC(CCCC(CCC2CCC3CCCC3C2)CC2CCCCC2)CC1
C1CCC(C2CCC3C(CCC4CCCCC43)C2)CC1
C1CCC(CCC2CCC3C(CCC3C3CCCCC3)C2)CC1
C1CCC(CCCC2CCC3C(CCC3C3CCCCC3)C2)CC1
C1CCC(CCC2CCC3C(CCC3C3CCCC(CCC4CCCCC4)C3)C2)CC1
C1CCC2CCC3C4CCC(CCC5CCCC5)C4CCC3C2CC1
C1CCCC(C2CCC3CC4C(CCC5C6CCCC6CCC45)CC32)CC1
C1CCC(C2CCC3CC4C(CCCC45CCCCC5)CC32)CC1
C1CCC(C2CCC3CCC4(CCCCCC4)C3C2)CC1
C1CCC(CCCCCC2CC3CCCCC3C2)CC1
C1CCC2CC(CCCC3CCC4C3CCC3C5CCCCC5CCC43)CC2C1
C1CCC2CC(C3CCCC4CCCC43)CCC2C1
C1CCC2CC(CCCC3CCC4C3CCC3C5CCCCC5CCCC43)CCC2C1
C1CCC(C2CCC3CC4C(CCCC45CCCC5)CC32)CC1
C1CCC(CC2CCC3CC4C(CCCC45CCCCC5)CC23)CC1
C1CCC(CCCCC2CC3CCCCC3C2)CC1
C1CCC(CCC2CCCC3CC4C(CCC4C4CCCCC4)CC23)CC1
C1CCC2C(C1)CCC1C3CCCC3CCC21
C1CCC(C2CCC3CC4C(CCCC5C6CCC(CCCC7CC8CCCCC8C7)C6CCC45)CC32)CC1
C1CCC(CC2CC3CCCCC3C3CCC4CCCCC4C23)CC1
C1CCC2C(C1)CCC1CCCCC12
C1CCC(CCC2CCC3C(CCC4C5CCCCC5CCC34)C2)CC1
C1CCC(C2CC3CCCC3C3CCC4CCCCCC4C23)CC1
C1CCC(CCCCC2CC3CCCCC3C2)CC1
C1CCC(CCCCC2CC3CCCCC3C2)CC1
C1CCC(CCCCC2CC3CCCCC3C2)CC1
C1CCC(CC2CCC3C(CCC3C3CCCCC3)C2)CC1
C1CCCC(C2CCC3CC4C(CCC5C6CCCC6CCC45)CC32)CC1
C1CCC2CC(CCCC3CCC4C3CCC3C5CCCCC5CCC43)CCC2C1
C1CCC(C2CCC3CC4C(CCC5C6CCCC6CCCC45)CC32)CC1
C(CC1CCC2CCCCC2C1)CC1CCC2CCC(C3CCCC4CCCC43)CC2C1
C1CCC(CCCCC2CC3CCCCC3C2)CC1
C1CCC2CCC(C3CCCC4CCCC43)CC2CC1
C1CCC(CCCCCC2CC3CCCCC3C2)CC1
C1CCC(CCCCCC2CCCC3C(C4CCCCC4)CCC23)CC1
C1CCC(CCCCC2CCC3CCCCC3C2)CC1
C1CCC(C2CC3CCCCC3CC3CCCCC32)CC1
C1CCC2C(C1)CCC1C3CCCC3CCC21
C1CCC(CCCC2CCC3CCC(C4CCCC5CCCC54)CC3CC2)CC1
C1CCC(CCCC(CC2CC3CCCCC3C2)C2CC2)CC1
C1CCC(C2CCC3CC4(CCCCCC4C4CCCCC4)CCC32)CC1
C1CCC(CCCCC2CC3CCCCC3C2)CC1
C1CCC(C2CCC3CCC4C(CCC45CCCC5)CC32)CC1
C1CCC2CC(C3CCCC4CCCC43)CCC2C1
C1CCC(CCC2CCC3C(CCC3C3CCCCC3)C2)CC1
C1CCC(CC2CC3CCCC3C3CCC4CCCCC4C23)CC1
C(CCC1CCCC2CCCCC12)CC1CCCC2CCCCC12
C1CCC(C2CCC3C(CCCCCC4CC4)CCCC23)CC1
C1CCC(CCC2CCC3C(CCC4CC(C5CCCCC5)CCC43)C2)CC1
C1CCC2C(C1)CCC1C3CCCC3CCC21
C1CCC(CCCCC2CCC3CCCCC23)CC1
C1CCC(C2CCCC3CCCC3C3CCC4CCCCC4C23)CC1
C1CCCC(C2CCC3CC4C(CCC5C6CCC(CCCC7CC8CCCCC8C7)C6CCC45)CC32)CC1
C1CCC(CCCCCC2CCCC3C(CC4CCCCC4)CCC23)CC1
C1CCC(CCC(CCC2CCCCC2)CCC2CCC3CCCC3C2)CC1
C1CCC(CC2CCC3CC4C(CC5CCC6CCCCC65)CCCC4CC23)CC1
C1CCC(CC2CCC3CC4C(CCC5C6CCC(CCCC7CC8CCCCC8C7)C6CCC45)CC23)CC1
C1CCC(CC2CCC(CCC(CC3CCCCC3)C3CCCCC3)CC2)CC1
C1CCC(C2CCC3CC4C(CCC32)CCC2C3CCC(CCCC5CC6CCCCC6C5)C3CCC42)CC1
C1CCC(CCCCCC2CC3CCCCC3C2)CC1
C1CCC(C2CCC3CC4C(CCC45CCCCC5)CC32)CC1
C1CCC(CCC2CCC(C3CCC4C(CCC4C4CCCCC4)C3)CC2)CC1
C1CCC(CCC2CCC(C3CC3)CC2)CC1
C1CCC2C(C1)CCCC2CC1CCC2CCCCC2C2CCC3CCCCC3C12
C1CCC(CCC2CCC3C(CCC3C3CCCCC3)C2)CC1
C1CCC2CC(CCCC3CCCCC4CCCCC43)CC2C1
C1CCC2CC(CCCC3CCCC4C3CCC3C5CCCCC5CCC43)CC2C1
C1CCC(CC2CCC3CCCCC3C3CCC4CCCCC4C23)CC1
C1CCC(CCC2(CCCC3CCC4CCCCC4C3)CCC3C4CCC5CCCCC5C4CCC32)C1
C1CCC(C2CC3CCCC3CC3CCC4CCCCC4C32)CC1
C1CCC(C2CCC(CCCCCC3CCCC4CCCCC34)C2)CC1
C1CCC(CCCCC2CC3CCCCC3C2)CC1
C1CCC(CCCCCC2CCC3CCCCC23)CC1
C1CCC(C2CCC3CC4C(CCC5C6CCC(CCCC7CCC8CCCCC8C7)C6CCC45)CC32)CC1
C1CCC(CC2CC3CCCCC3C3CCC4CCCCC4C23)CC1
C1CCC(CCCCC2CC3CCCCC3C2)CC1
C1CCC2CC(CCCC3CCCC4CCCCC43)CC2C1
C(CCCC1CCCC2C1CCC2C1CCC(CC2CC2)CC1)CCC1CCCCC1
C1CCC(CCCCC2CC3CCCCC3C2)CC1
C1CCC(CCCC2CCCC3CCCCC32)C2CCCCC2C1
C1CCC2CCC3CCCCC3C2CC1
C1CCC(CCC2CCC3C(CC4CCCCC4)CCC3C2)CC1
C1CCC2CC3CCCCC3CCC2C1
C1CCC(CCCCC2CCC3CCCCC23)CC1
C1CCC(CCCC2CCC(C3CCC4C(CCC4C4CCCCC4)C3)CC2)CC1
C1CCC(CC(CC2CCCCC2)C2CCCCC2)CC1
C1CCC(C2CCC3C(CCC4CCCCC43)C2)CC1
C1CCC(CCCCC2CC3CCCCC3C2)CC1
C1CCC(CCCCCC2CCC3CCCCC23)CC1
C1CCC2CCC3C4CCCCC4CC(CC4CCCC4)C3C2CC1
C1CCC2C(C1)CC(C1CCCC3CCCCC31)C1CCCC21
C1CCC(C2CCC3CC(C4CCC(CCC5CCCC5)CC4)CCC32)CC1
C1CCC2C(C1)CCC1C2CCC2C3CCCC3CCC21
C1CCC2CC(C3CCCC4CCCC43)CCC2C1
C1CCC2C(C1)CCC(C1CCCC1)C1CCCCC21
C1CCC(C2CC3CCCC3CC3CCC4CCCCC4C32)CC1
C1CCC(C2CCC3CC4C(CC5CCC6CCCCC65)CCCC4CC32)CC1
C1CCC(CC2CC3CCCCC3C3CCC4CCCCC4C23)CC1
C(CCC1(C2CCCC2)CCCC2CCCCC21)CC1CCC2CCCCC2C1
C1CCC(CCCCCC2CC3CCCCC3C2)CC1
C1CCC(CCCC2CCC(C3CCC4C(CCC4C4CCCCC4)C3)CC2)CC1
C1CCC(C2CC3CCCC3C3CCC4CCCCC4C23)CC1
C1CCC(C2CC3CCCC3C3CCC4CCCCC4C23)CC1
C1CCC2C(C1)CCC1CCCCC12
C1CCC2CCC(C3CCCC4CCCC43)CC2CC1
C1CCC(C2CC3CCCCC3C3CCCCC23)CC1
C1CCC2C(C1)CCC1CCCCC12
C1CCC2C(C1)CCCC1C3CCCC3CCC21
C1CCC(C2CCC3CC4(CCCCCC4C4CCCCC4)CCCC32)CC1
C1CCC2C(C1)CCC1C2CCC2C3CCCC3CC21
C1CCC(CCC2CCC3C(CCC3C3CCCCC3)C2)CC1
C1CCC(CCC2CCC(C3CCC4C(CCC4C4CCCCC4)C3)CC2)CC1
C1CCC2CCC(C3CCCC4CCCC43)CC2CC1
C1CCC(CCCC2CCCC(C3CCC4CC(CCC5CCC6CCCCC6C5)CCC43)C2)CC1
C1CCC(CCC2(CCCC3CC4CCCCC4C3)CCCC3C4CCC5CCCCC5C4CCC32)C1
C1CCC(CCC2CCC3C(CCC3C3CCCCC3)C2)CC1
C1CCC(CCCC2CCC3CCC(C4CCCC5CCCC54)CC3C2)CC1
C1CCC(C2CC3CCCCC3C3CCCCC23)CC1
C1CCC(CCC(CCC2CCC3CCCC3C2)CC2CCCCCC2)CC1
C1CCC(C2CC3CCCC3C3CCC4CCCCCC4C23)CC1
C(CCCC1CCCC2C(C3CCCCC3)CCC12)CCC1CCCCC1
C1CCC(CCC2CCC3C(CCC3C3CCCCC3)C2)CC1
C1CCC(CCCC2CCC3C2CCC2C4CC5CCC(C6CCCCCC6)C5CC4CCC32)CC1
C(CCC1CCCC2CCCCC12)CC1CCC2CCCCC2C1
C1CCC2CC3CCC4CCCC4C3CCC2C1
C1CCC2C(C1)CCC1CCCCC12
C1CCC(C2CC3CCCC3C3CCC4CCCCC4C23)CC1
C1CCC2C(C1)CCC1C3CCCC3CCC21
C1CCC(C2CC3CCCCC3C3CCC4CCCCC4C23)CC1
C1CCC2CC(CCCC3CCC4C3CCC3C5CCCCC5CCC43)CC2C1
C1CCC2CCC3C4CCCCC4CC(CC4CCCC(C5CCCC5)C4)C3C2CC1
C1CCC(CC2CCC3CC4C(CCC45CCC(C4CCCCC4)C5)CC23)CC1
C1CCC(C2CCC3CCCC3C3CCC4CCCCC4C23)CC1
C1CCC(CCC(CCC2CCC3C(CCC3C3CCCCC3)C2)C2CCCCC2)CC1
C1CCC2CCC3C(CCC4C5CCCC5CC43)C2CC1
C1CCC2CC(C3CCCC4CCCC43)C3CCCC3C2CC1
C1CCC(C2CCC3CC4C(CCC45CCCCCC5)CC32)CC1
C1CCC(C2CC3CCCC(C3)C3CCC4CCCCC4C32)CC1
C(CCCC1CCC(C2CCCCC2)C1)CCC1CCCCC1
C1CCC(CCCCC2CC3CCCCC3C2)CC1
C(CCC1CC2CCCCC2C1)CCC1CCCC2CCCC12
C1CCC(CC2CCCCC2CC2CCC3CCCCC3C3CCC4CCCCC4C23)CC1
C1CCC(CCCCCC2CCCC3C(C4CCCCC4)CCC23)CC1
C(CCCC1CCCC2C(C3CCCCC3)CCC12)CCC1CCCCC1
C1CCC(CCCCCC2CCCC3C(C4CCCCC4)CCC23)CC1
C(CCCC1CCCCC1)CCCC1CCC(C2CCCCC2)C1
C(CCCC1CCCC2C(C3CCCCC3)CCC12)CCC1CCCCC1
C(CCCCC1CCC(C2CCCCC2)C1)CCCC1CCCCC1
C1CCC(CCCC2CCC(CCC3CCCCC3)CC2)CC1
C1CCC(CCC2CCC3C(CCC3C3CCCCC3)C2)CC1
C1CCC(CCCCCC2CCCC3C(C4CCCCC4)CCC23)CC1
C1CCC(C2CC3CCCC3C3CCC4CCCCCC4C23)CC1
C1CCC(CCCCC2CC3CCCCC3C2)CC1
C1CCC(CC2CC3CCCCC3C3CCC4CCCCC4C23)C1
C1CCC(CCCCC2CCC3CCCCC23)CC1
C1CCC2CC(CCCC3CCC4C3CCC3C5CCCCC5CCC43)CCC2C1
C1CCC2CC(C3CCCC4CCCC43)CCC2C1
C(CCC1CCCCC2CCCCC12)CC1CCC2CCCCC2C1
C1CCC(CCC2CCC(C3CCC4C(CCC4C4CCCCC4)C3)CC2)CC1
C1CCC(C2CC3CCCC3C3CCC4CCCCCC4C23)CC1
C1CCC2C(C1)CC(C1CCCC3CCCCC31)C1CCCC21
C1CCC(CC2CCC3CC4CCCCC4CC23)CC1
C1CCC2CCC(C3CCC4CCCCC43)CC2CC1
C1CCC(CCCCCC2CCCC3C(CC4CCCCC4)CCC23)CC1
C(CCCC1CCCC2C(C3CCCCC3)CCC12)CCC1CCCCC1
C1CCC(C2CC3CCCC3C3CCCC4CCCCC4C23)CC1
C1CCC2CC(C3CCCC4CCCC43)CCC2C1
C1CCC(C2CCC3CC4C(CCC32)CCC2C3CCC(CCCC5CC6CCCCC6C5)C3CCC42)CC1
C1CC2CCCC2C(CC2CC3CCCCC3C3CCCC23)C1
C1CCC(CCCCCC2CCCC3C(C4CCCCC4)CCC23)CC1
C1CCC2CCC3C(CCC4C3CCC4(CCCC3CC4CCCCC4C3)CCC3CCCC3)C2CC1
C(CCCCC1CCC(C2CCCCC2)C1)CCCC1CCCCC1
C1CCC(CCCC2CCCC3CCC(C4CCCC5CCCC54)CC3C2)CC1
C1CCC(C2CC3CCCCC3CC3CCC(CCC4CCCC4)CC32)CC1
C1CCC(C2CC3CCCC3C3CCCC4CCCCC4C23)CC1
C1CCC(CC2CC3CCCCC3C3CCC4CCCCCC4C23)CC1
C1CCC(CCCC2(CCC3CCCC3)CCC3C4CCC5CCCCCC5C4CCC32)CC1
C1CCC2CCC3C4CCCCC4CCC3C2CC1
C1CCC(CCCCCC2CCCC3C(CC4CCCCC4)CCC23)CC1
C1CCC2C(C1)CCC1C3CCCC3CCC21
C1CCC2CC(CCCC3CCC4C3CCC3C5CCCCC5CCC43)CCC2C1
C(CCC1CCCC2CCCC12)CC1CC2CCCCC2C1
C1CC2CCC3C(CCC4CCC5CC5C43)C2C1
C(CCC1CCCC2CCCC12)CC1CC2CCCCC2C1
C1CCC2CCC3C4CCC(CCCC5CC6CCCCC6C5)C4CCC3C2CC1
C1CCC(C2CCC(CCCCCC3CCCC4C(C5CCCCC5)CCC34)C2)CC1
C1CCC(C2CC3CCCC3C3CCC4CCCCC4C23)CC1
C(CCC1CCCC2CCCCC12)CC1CC2CCCCC2C1
C1CCC2C(C1)CCC1C3CCCCC3CCC21
C1CCC(CC2CCC3CCCCC3C3CCC4CCCCC4C23)CC1
C1CCC(CCCCCC2CC3CCCCC3C2)CC1
C1CCC(CCCCCC2CC3CCCCC3C2)CC1
C1CCC(C2CC3CCCC3C3CCC4CCCCC4C23)CC1
C1CCC(CCCCC2CC3CCCCC3C2)CC1
C1CCC2CCC3C4CCCC4CCC3C2CC1
C1CCC(CCC2CCC(CC(CC3CCCCC3)C3CCCCC3)CC2)CC1
C1CCC(CC(CC2CCCCC2)C2CCCCC2)CC1
C1CCC(C2CCC3CC4C(CC5CC6CCCCC6C5)CCCCC4CC32)CC1
C1CCC(C2CC3CCCC3C3CCC4CCCCC4C23)CC1
C(CCC1CCCC2CCCCC12)CC1CCC2CCCCC2C1
C1CCC(CCC2CCC3C(CCC3C3CCCCC3)C2)CC1
C1CCC(C2CC3CCCCC3C3CCC4CCCCC4C23)CC1
C1CCC(C2CC3CCCC3C3CCC4CCCCCC4C23)CC1
C1CCC(CCCCC2CCC3CCCCC23)CC1
C1CCCC(CC2CCCC2CC2CC3CCCCC3C3CCC4CCCCC4C23)CC1
C1CCC2C(C1)CC(C1CCCC1)C1CCCCC21
C1CCC(C2CCC3CC4C(CCC45CCCC5)CC32)CC1
C1CCC2CCC3C4CCCC4CCC3C2CC1
C1CCC(CCCCCC2CCC3CCCCC23)CC1
C1CCC(C2CC3CCCC3C3CCC4CCCCCC4C23)CC1
C1CCC(CC23CCCCC2CCC2C4CCCCC4CCC23)CC1
C1CCC(C2CCC3CC4(CCCCC4C4CCCCC4)CCC32)CC1
C(CCC1CCCC2CCCC12)CC1CC2CCCCC2C1
C(CCCC1CCCC2CCCCC12)CCC1CCC(C2CCCC2)C1
C1CCC2CCC(C3CCCC4CCCC43)CC2CC1
C1CCC2CCC3C4CCCC4CCC3C2CC1
C1CCC(CCCCCC2CC3CCCCC3C2)CC1
C1CCC2CC3CCC4CCCCC4C3CCC2C1
C1CCC2CC(CCCC3CCC4C3CCC3C5CCCCC5CCC43)CC2C1
C1CCC(C2CC3CCCCC3C3CCCCC3C2)CC1
C1CCC(CCC2CCCC(C3CCC4CC(CCC5CCC6CCCCC6C5)CCC43)C2)C1
C1CCC(CCC2CCC3C2CCCC(C2CCCCC2)C2C4CCCCC4CCC32)CC1
C1CCC(CC2CC3CCCCC3C3CCC4CCCCCC4C23)CC1
C1CCC2C(C1)CCC1C3CCCCC3CCC21
C1CCC(CCCCCC2CCC3CCCCC23)CC1
C1CCC(CC2CC3CCCCC3CC3CCC4CCCCC4C32)C1
C1CCC(CCC(CCC2CCC3CCCCC3C2)CC2CCCCC2)CC1
C1CCC(CCCCC2CCCC(C3CCC4CC(CCC5CCC6CCCCC6C5)CCC43)C2)CC1
C1CCC(CCCCC2CCCC3CCCCC23)CC1
C1CCC(CCC2CCC3C(CCC3C3CCCCC3)C2)CC1
C1CCC(CCC2CCC3C(CCC3C3CCCCC3)C2)CC1
C1CCC(C2CCC3CC4(CCCCCCC4C4CCCCC4)CCC32)CC1
C1CCC2CC(C3CCCC4CCCC43)CCC2C1
C1CCC(CCC2CCCCC2)CC1
C1CCC(C2CC3CCCC3C3CCC4CCCCC4CC23)CC1
C1CCC(CCC(CC2CCCCC2)C2CCCCC2)CC1
C1CCC(C2CCC3CC4C(CCC5C6CCC(CCCC7CCC8CCCCC8C7)C6CCCC45)CC32)CC1
C1CCC(CCC2CCCC3CC4C(CC5CCCCC5)CCC4CC23)CC1
C(CCCC1CCCCC1)CCCC1CCC(C2CCCCC2)C1
C1CCC2CCC3C4CCCCC4CC(CC4CCCC4)C3C2CC1
C(CCC1CCC2C1CCC1C3CCCCC3CCC21)CC1CCC2CCCCC2C1
C1CCC(CC2CCC3CCCCC3C3CCC4CCCCC4C23)C1
C1CCC2CCC(C3CCCC4CCCC43)CC2CC1
C1CCC(C2CC3C(CCC34CCCC4)C3CCC4CCCCC4C23)CC1
C1CCC(CCC2CCCC3CCC4C(CCC4C4CCCCC4)CC23)CC1
C1CCC(CCCC(CCC2CCC3CCCC3C2)CC2CCCCC2)CC1
C1CCC(CCC2CCC3C(CCC4CC(C5CCCCC5)CCC43)C2)CC1
C1CCC(CCC2CCC(CCC3CCCC(CC4CCCC4)C3)CC2)CC1
C1CCC(C2CCC3C(CCCCCC4CCC(C5CCCC5)C4)CCCC23)CC1
C1CCC2CCC3C4CCC(CCCC5CC6CCCCC6C5)C4CCC3C2CC1
C1CCC(C2CCC(C3CC4CCCC4C4CCC5CCCCC5C34)CC2)CC1
C1CCC(C2CCC3CCCC3CC3CCC4CCCCC4C32)CC1
C1CCC(C2CC3CCCC3C3CCC4CCCCC4C23)CC1
C(CCCC1CCCCC1)CCCC1CCC(C2CCCCC2)C1
C1CCC(CC2CCC3C(CCC3C3CCCCC3)C2)CC1
C1CCC(C2CC3CCCC3C3CCCC4CCCCC4C23)CC1
C(CCCC1CCCC2CCCCC12)CCC1CCC(C2CCCC2)C1
C1CCC(CCC2CCCCC2)CC1
C1CCC(C2CCC3CC4C(CCCC45CCCCC5)CC32)CC1
C1CCC(C2CCC3CCCC3C3CCC4CCCCC4CC23)CC1
C1CCC(CCC2CCC3C(CCC3C3CCCCC3)C2)CC1
C1CCC(C2CCCC3C(CCC4CCCCC43)C2)CC1
C(CCC1CCC2C1CCC1C3CCCCC3CCC21)CC1CC2CCCCC2C1
C1CCC(CCCCCC2CCC3CCCCC23)CC1
C(CCCC1CCCC2C(C3CCCCC3)CCC12)CCC1CCCCC1
C(CCC1CCCCC2CCCCC12)CC1CCC2CCCCC2C1
C1CCC(C2CCC3CCC4C(CCC45CCCCC5)CC32)CC1
C1CCC2CCC3C4CCCC4CCC3C2CC1
C1CCC2CCC3C4CCC(CCCC5CC6CCCCC6C5)C4CCC3C2CC1
C1CCC2CC(CCCC3CCC4C3CCC3C5CCCCC5CCC43)CC2C1
C1CCC(C2CC3CCCCC3C3CCCCC23)CC1
C1CCC2CC(C3CCCC4CCCC43)CCC2C1
C1CCC(CCCCCC2CC3CCCCC3C2)CC1
C1CCC(CCCCC2CCC3CCCCC23)CC1
C1CCC(C2CCCC(CC3CC4CCCCC4C4CCC5CCCCC5C34)C2)C1
C1CCC(CCCCCC2CCC3CCCCC23)CC1
C1CCC(C2CCC3CC4C(CCCCC45CCCC5)CC32)CC1
C1CCC2C(C1)CCC1CCCCC12
C1CCC2C(C1)CCC1C3CCCCC3CCC21
C1CCC(C2CCC3CCC4(CCCCC4C4CCCCC4)CCC32)CC1
C1CCC(C2CCC3CC4C(CCCC45CCCC5)CC32)CC1
C1CCC(CCC(CC2CC3CCCCC3C2)C2CC2)CC1
C1CCC(C2CC3CCCC3C3CCC4CCCCCC4C23)CC1
C1CCC(CC(CC2CCCCC2)C2CCCCC2)CC1
C1CCC(C2CCC3C(CCCC4CCCCC43)C2)C1
C1CCC(C2CCC3CCC4(CCCCCC4)C3C2)CC1
C1CCC(C2CCCCC2CC2CC3CCCCC3CC3CCC4CCCCC4C32)CC1
C1CCC2C(C1)CCC1C3CCCC3CCC21
C1CCC(CCCCCC2CCC3CCCCC23)CC1
C1CCC2C(C1)CCC1C3CCCC3CCC21
C1CCC(CCC2CCCC3CC4C(CCC4C4CCCCC4)CC23)CC1
C1CCC2CCC3CCCCC3C2CC1
C1CCC(CCC2CCC(CCC3CCCC(CC4CCCCC4)C3)CC2)CC1
C1CCC(C2CCC3CC4C(CCC5C6CCC(CCCCC7CC8CCCCC8C7)C6CCC45)CC32)CC1
C(CCC1CCCC2CCCCC12)CC1CCC2CCCCC2C1
C1CCC(C2CCC3CC4(CCCCC4C4CCCCC4)CCCC32)CC1
C(CCC1CCCC2CCCC12)CC1CC2CCCCC2C1
C1CCC(C2CCC3CC4C(CCC32)CCC42CCCC2)CC1
C1CCC2CCC(C3CCCC4CCCC43)CC2CC1
C(CCC1CCC2C1CCC1C3CCCCC3CCC21)CC1CC2CCCCC2C1
C1CCC(C2CCC3CCC4CCCCC4CC32)CC1
C1CCC2CC3CCC(C4CCCCC4)C3CC2CC1
C1CCC(CCCCCC2CCCC3C(C4CCCCC4)CCC23)CC1
C1CCC(CCC2CCC3C(CCC3C3CCCCC3)C2)CC1
C1CCC(CCCC2CCCC3CCC(C4CCCC5CCCC54)CC3C2)CC1
C1CCC(CCCCC2C3CCCCC3CCC2C2CCCC3CCCC32)CC1
C1CCC(CCCCC2CC3CCCCC3C2)CC1
C1CCC(CCC2CCC3C(CCC3C3CCCCC3)C2)CC1
C1CCC(CCCCC2CCC3CCCCC23)CC1
C(CCCCCCC1CCC2C1CCC1C3CCCCC3CCC21)CCCCCC1CCC(CCC2CCC(CCCC3CCCC3)C2)C1
C(CCCC1CCCC2CCCC12)CCC1CCCCC1
C1CCC(CCC2CCC(CCC3CCCCC3)CC2)CC1
C1CCC(CCCCC2CCC3CCCCC23)CC1
C(CCC1CCC2C1CCC1C3CCCCC3CCC21)CC1CC2CCCCC2C1
C1CCC(CC2CC3CCCCC3C3CCC4CCCCC4C23)CC1
C(CCCC1CCCC2C(C3CCCCC3)CCC12)CCC1CCCCC1
C1CCC(CCC2CCC3C(CC4CCCCC4)CCC3C2)CC1
C1CCC(C2CCC3CC4CCCCC4CC32)CC1
C1CCC2C(C1)CCC1CCCCC12
C1CCC2CC(CCCC3CCC4C3CCC3C5CCCCC5CCC43)CCC2C1
C1CCC(C2CCC3CC4C(CCC5C6CCC(CCCC7CC8CCCCC8C7)C6CCC45)CC32)CC1
C1CCC2C(C1)CCC1C3CCCC3CCC21
C1CCC(CCCCC2CCC3C2CCC2C4CCCCC4CCC32)C1
C1CCC2CCC3C4CCCCC4CC(CC4CCCC4)C3C2CC1
C1CCC(CCC(CCC2CCCCC2)CCC2CCC3CCCC3C2)CC1
C1CCC2CC(C3CCCC4CCCC43)CCC2C1
C1CCC(CCCCCC2CCCC3C(C4CCCCC4)CCC23)CC1
C1CCC(C2CCC(CCCCCC3CCCC4C(C5CCCCC5)CCC34)C2)CC1
C1CCC(CCCCC2CCC3CCCCC23)CC1
C(CCCC1CCCCC1)CCCC1CCC(C2CCCCC2)C1
C(CCC1CCC2C(CCC3C4CCCC4CCC23)C1)CC1CCC(C2CC3CCCC3C3CCCC4CCCCC4C23)CC1
C1CCC(C2CCC3C(CCCCCC4CCC(CC5CCCC5)C4)CCCC23)CC1
C1CCC(C2CC3CCCC3C3CCC4CCCCC4C23)CC1
C1CCC2C(C1)CCC1CCCCC12
C1CCC(CCC2CCC3C(CCCC4C5CCCC5CC(CCC5CCCCC5)C34)C2)CC1
C1CCC2C(C1)CCC1C3CCCCC3CCC21
C1CCC(C2CCC(CCCC3CCC4C3CCC3C5CCCCCC5CCC43)C2)CC1
C1CCC(C2CC3CCCC3C3CCCC4CCCCC4C23)CC1
C1CCC(CCCCC2CC3CCCCC3C2)CC1
C1CCC(C2CC3CCCCC3C3CCC4CCCCC4C23)CC1
C1CCCC(CCC2CCC(CCC3CCCCC3)CC2)CC1
C1CCC(CC2CCC3CCCCC3C3CCC4CCCCC4C23)CC1
C(CCCC1CCCCC1)CCCC1CCC(C2CCCCC2)C1
C1CCC(C2CCC3CCC4C(CCC5C6CCC(CCCC7CCC8CCCCC8C7)C6CCC45)CC32)CC1
C1CCC(CC2CCCC(CCC3CCC(CCC4CCC(CC5CC5)CC4)CC3)C2)C1
C1CCC(CCC2CCC3C(CCC4CC(C5CCCCC5)CCCC43)C2)CC1
C1CCC2CCC(C3CCCC4CCCC43)CC2CC1
C(CCC1CCCC2CCCCC12)CC1CC2CCCCC2C1
C(CCCC1CCCCC1)CCCC1CCC(C2CCCCC2)C1
C1CCC2C(C1)CCCC1C3CCCC3CCC21
C1CCC(CCC2CCC3C(CCC3C3CCCCC3)C2)CC1
C(CCCC1CCCC2C(C3CCCCC3)CCC12)CCC1CC1
C1CCC(CCC2CCC3C(CCC3C3CCCCC3)C2)CC1
C1CCC(CCC2CCC3C(CCC3C3CCCCC3)C2)CC1
C1CCC(C2CCC3CC4CCCCC4CC32)CC1
C1CCC(CCCCC2CC3CCCCC3C2)CC1
C(CCCCC1CCC(C2CCCCC2)C1)CCCC1CCCCC1
C1CCC(C2CCC3CC4C(CCC32)CCC42CCCCC2)CC1
C1CC(C2CCC(C3CC4CCCC4C4CCC5CCCCC5C34)CC2)C1
C1CCC(CCCCCC2CC3CCCCC3C2)CC1
C1CCC(CCC2CCC(C3CCC3)CC2)CC1
C1CCC(CCCC2(CCCC3CC4CCCCC4C3)CCC3C4CCC5CCCCC5C4CCC32)C1
C1CCC(CCCCCC2CCCC3C(CC4CCCCC4)CCC23)CC1
C1CCC(CCCCC2CC3CCCCC3C2)CC1
C1CCC(C2CC3CCCC3C3CCC4CCCCCC4C23)CC1
C1CCC(C2CC3CCCC3C3CCC4CCCCC4C23)CC1
C(CCCC1CCCCC1)CCCC1CCC(C2CCCCC2)C1
C1CCC2C(C1)CCC1C3CCCC3CCC21
C1CC(CC2CCC(C3CC4CCCC4C4CCC5CCCCC5C34)CC2)C1
C1CCC(CC2CC3CCCCC3C3CCC4CCCCC4C23)CC1
C1CCC(C2CCC3CC4C(CCCC4CC4CC5CCCCC5C4)CCC32)CC1
C1CCC(CC2CCC(CC(CC3CCCCC3)C3CCCCC3)CC2)CC1
C(CCCCCCC1CCC(CCC2CCC(CCC3CCCC3)C2)C1)CCCCCCC1CCC2C1CCC1C3CCCCC3CCC21
C1CCC(CC2CCC3C(CCC3C3CCCCC3)C2)CC1
C1CCC(CC2CCCC(C3CCC4CC(CCC5CCC6CCCCC6C5)CCC43)C2)C1
C1CCC(CCCCC2CC3CCCCC3C2)CC1
C1CCC(CCCCC2CC3CCCCC3C2)CC1
C1CCC(CC2CCC3CC4C(CCCC45CCCC5)CC23)CC1
C1CCC(CCCCCC2CCCC3C(C4CCCCC4)CCC23)CC1
C(CCC1CCC2CCCCC2C1)CCC1CCCC2CCCCC12
C1CCC(CCCCC2CC3CCCCC3C2)CC1
C1CCC(C2CCC3CC4C(CCCC45CCCCC5)CC32)CC1
C1CCC(CCCCC2CC3CCCCC3C2)CC1
C1CCC(CCCCC2CC3CCCCC3C2)CC1
C1CCC2CC3CCC(C4CCCCC4)C3CC2CC1
C(CCC1CCC2C1CCC1C3CCCCC3CCC21)CC1CC2CCCCC2C1
C1CCC(C2CC3CCCC3C3CCC4CCCCCC4C23)CC1
C1CCC(CCCCCC2CCC3CCCCC23)CC1
C1CCC(CCC2CCC(C3CCC4C(CC5CCCCC5)CCC4C3)CC2)CC1
C1CCC2CC(CCCC3CCC4C3CCC3C5CCCCC5CCCC43)CCC2C1
C1CCC(CCC2CCCC3CCC4C(CCC4C4CCCCC4)CC23)CC1
C1CCC(CCCCC2CC3CCCCC3C2)CC1
C1CCC(CCC2CCC(CC(CC3CCCCC3)C3CCCCC3)CC2)CC1
C1CCC(CCCCC2CCC3CCCCC23)CC1
C1CCC(CCCCC2CC3CCCCC3C2)CC1
C1CCC2CC(C3CCCC4CCCC43)CCC2C1
C1CCC(CC2CCC3CC4C(CCC5C6CCC(CCCC7CC8CCCCC8C7)C6CCC45)CC23)CC1
C1CCC(CCCCC2CCC3CCCCC23)CC1
C1CCC(C2CCC3C(CCC34CCCC4)CC3CCC4CCCCC4C32)CC1
C1CCC2CC(CCCC3CCC4C3CCC3C5CCCCC5CCCC43)CC2C1
C1CCC(CCC(CC2CC2)CC2CC3CCCCC3C2)CC1
C1CCC(CCC2CCC3C(CC4CCCCC4)CCC3C2)CC1
C1CCC(CCC(CC2CC3CCCCC3C2)C2CC2)CC1
C1CCC(C2CCC3CC4C(CCC5C6CCC(CCCCC7CC8CCCCC8C7)C6CCC45)CC32)CC1
C(CCC1CCCC2CCCCC12)CC1CCCC2CCCCC12
C1CCC(CCCCC2CCCC3CCC(C4CCCCC4)CC23)CC1
C1CCC2CCC3C4CCCCC4CCC3C2CC1
C1CCC2C(C1)CCC1C3CCCC3CCC21
C1CCC(CCCCC2CC3CCCCC3C2)CC1
C(CCCC1(C2CCCC2)CCCC2CCCCC21)CCC1CCC(C2CCCCC2)C1
C1CCC(C2CCC3C(CCCCCC4CC4)CCCC23)CC1
C1CCC(CCC(CCC2CCC3CCCC3C2)CC2CCCCC2)CC1
C1CCC(C2CCC3CC4C(CCC5C6CCC(CCCCC7CCC8CCCCC8C7)C6CCC45)CC32)CC1
C1CCC(C2CCC3CC4C(CCCC45CCCCC5)CC32)CC1
C1CCC(CCCCC2CCC3CCC(C4CCCC5CCCC54)CC3C2)CC1
C1CCC2CC(CCCC3CCC4C3CCC3C5CCCCC5CCC43)CC2C1
C1CCC(C2CCC(C3CCC4CCCC4C4CCC5CCCCC5C34)CC2)C1
C1CCC2C(C1)CCC1C3CCCC3CCC21
C1CCC(CC2CC3CCCCC3CC3CCC4CCCCC4C32)C1
C1CCC2C(C1)CC(C1CCCC3CCCCC31)C1CCCC21
C1CCC2CCC(C3CCC4CCCCC43)CC2CC1
C1CCC2CCC(CCC3CCC4C(CCC4C4CCCC(CC5CCCC5)C4)C3)CC2CC1
C(CCCCC1CCC2C(CCC3C4CCCC4CCC23)C1)CCCC1CCCC(CC(CC2CCC(CC3CCCCC3)CC2)C2CCCCC2)C1
C(CCCC1CCC2CCCC2C1)CCC1CCCCC1
C1CCC(C2CC3CCCC3C3CCC4CCCCC4C23)CC1
C(CCCC1CCC(C2CCCCC2)C1)CCC1CCCCC1
C1CCC2CCC(C3CCCC3)CC2CC1
C1CCC(C2CC3CCCC3C3CCC4CCCCC4C23)CC1
C1CCC2C(C1)CCC1CCCCC12
C(CCC1CCCC2CCCCC12)CC1CCC2CCCCC2C1
C1CCC(C2CCC3CC4C(CCC5C6CCC(CCCC7CCC8CCCCC8C7)C6CCC45)CC32)CC1
C1CCC(C2CC3CCCC3C3CCC4CCCCCC4C23)CC1
C1CCC2C(C1)CCCC1C3CCCC3CCC21
C1CCC2C(C1)CCC1CCCCC12
C1CCC(C2CC3CCCC3C3CCCC4CCCCC4C23)CC1
C(CCCC1CCCC2C(C3CCCCC3)CCC12)CCC1CCCCC1
C1CCC2C(C1)CCCC1C3CCCC3CCC21
C1CCC2CCC3C4CCCCC4CC(CC4CCCC4)C3C2CC1
C1CCC(CCCC2CCC3CCC(CC4CCCC5CCCC54)CC3C2)CC1
C1CCC2CCC3C4CCC(CCCC5CCC6CCCCC6C5)C4CCC3C2CC1
C1CCC(C2CCC(CCCCC3CCC4C3CCC3C5CCCCC5CCC43)C2)CC1
C1CCC(C2CCC(CCCCCC3CCCC4CCCCC34)C2)CC1
C1CCC2C(C1)CCC1C3CCCC3CCCC21
C1CCC(CC2CC3CCCCC3C3CCC4CCCCC4C23)CC1
C1CCC(C2CCC3CC4C(CCC45CCCCCC5)CC32)CC1
C1CC2CCCC3C(CCC4CCC5CC5C43)C2C1
C1CCC(CCC2CCC3C(CCC4C5CCCC5CC(CCC5CCCCC5)C34)C2)CC1
C1CCC2CCC3C4CCCC4CCC3C2CC1
C1CCC2CCC3C4CCCCC4CC(CC4CCCC4)C3C2CC1
C(CCC1CC2CCCCC2C1)CCC1CCCC2CCCC12
C1CCC(CCC2(CCCC3CC4CCCCC4C3)CCCC3C4CCC5CCCCC5C4CCC32)C1
C1CCC(CCCCCC2CCCC3C(C4CCCCC4)CCC23)CC1
C1CCC(CC2CCC(CC(CC3CCCCC3)C3CCCCC3)CC2)CC1
C1CCC2C(C1)CCC1CCCCC12
C1CCC2C(C1)CCC1C3CCCC3CCC21
C1CCC(CCC2CCCC3CC4C(CCC4C4CCCCC4)CC23)CC1
C1CCC2CCCCC2C(CCCCC2CCCC3CCCCC23)C1
C1CCC(CCCCC2CCC3C2CCC2C4CC5CCC(C6CCCCC6)C5CC4CCC32)CC1
C1CCC(C2CC3CCCC3C3CCC4CCCCC4C23)CC1
C1CCC2CC(CCCC3CCC4C3CCC3C5CCCCC5CCC43)CC2C1
C1CCC2CC(CCCC3CCC4CC5CCC6CCCCC6C5CCC34)CC2C1
C1CCC(CCC2CCC3C(CCC3C3CCCCC3)C2)CC1
C(CC1CC2CCCCC2C1)CC1CCC2C(CCC3C4CCCCC4CCC23)C1
C1CCC(CCCCCC2CCC3CCCCC23)CC1
C1CCC(CC2CCC3C(CCCCCC4CCC(C5CCCC5)C4)CCCC23)CC1
C1CCC(CCCC2CCC3C2CCC2C4CC5CCC(C6CCCCC6)C5CC4CCC32)CC1
C1CCC(CCC2CCC3C(CCC4C5CCCC5CC(CCC5CCCCC5)CC34)C2)CC1
C1CCC(CCC2CCC3C(CCC4C5CCCCC5CCC34)C2)CC1
C1CCC(CC(CC2CCCCC2)C2CCCCC2)CC1
C1CCC(CCCCC2CC3CCCCC3C2)CC1
C1CCC2CCC3C(CCC4C5CCCC5CC43)C2CC1
C1CCC2C(C1)CCC1C3CCCC3CCC21
C1CCC2C(C1)CCCC2CCCC1CCC2C1CCC1C3CCCCC3CCC21
C1CCC(CC2CC3CCCCC3C2C2CCCCC2)CC1
C1CCC(CCC2CCC3C(CCC3C3CCCCC3)C2)CC1
C1CCC(CCC2CCC3C(CCC3C3CCCCC3)C2)CC1
C1CCC2CC(CCCC3CCC4C3CCC3C5CCCCC5CCC43)CC2C1
C1CCC(CCCCCC2CC3CCCCC3C2)CC1
C1CCC2C(C1)CC(C1CCCC3CCCC31)C1CCCC21
C1CCC(C2CCC3CC4C(CCC32)CCC2C3CCC(CCCC5CCC6CCCCC6C5)C3CCC42)CC1
C1CCC(CCCCC2CC3CCCCC3C2)CC1
C(CCC1CCCC2CCCC12)CC1CC2CCCCC2C1
C1CCC(C2CC3CCCC3C3CCC4CCCCC4C23)CC1
C1CCC2C(C1)CCCC1C2CCC2C3CCCC3CC21
C1CCC(CC2CCCC(C3CCC4CC(CCC5CCC6CCCCC6C5)CCC43)C2)CC1
C1CCC(CCCC2CC3CCCCC3C2CC2CCCCC2)CC1
C1CCC2CCC3C4CCCCC4CCC3C2CC1
C1CCC(C2CC3CCCC3C3CCC4CCCCC4C23)CC1
C1CCC(C2CC3CCCC3C3CCC4CCCCC4C23)CC1
C1CCC(CCCC2CCC3CCCC3C2)CC1
C1CCC2C(C1)CC(C1CCCC1)C1CCCC21
C1CCC2CCC3C4CCCC4CC(C4CCC(C5CCC5)CC4)C3C2CC1
C1CCC(C2CCC3CC4(CCCCCC4C4CCCCC4)CCCC32)CC1
C1CCC(CCC2CCC(CCC3CCCC(CC4CCCC4)C3)CC2)CC1
C1CCC(C2CCC3CC4C(CCC45CCCC5)CC32)CC1
C1CCC(CCC(CCC2CCC3CCCC3C2)CC2CCCCC2)CC1
C1CCC(CCCC2CCC3CCC(C4CCCC5CCCC54)CC3C2)CC1
C1CCC(CCCCC2CC3CCCCC3C2)CC1
C1CCC2CC(C3CCCC4CCCC43)CCC2C1
C1CCC2CC(C3CCCC4CCCC43)CCC2C1
C1CCC(C2CC3CCCC3C3CCC4CCCCC4C23)CC1
C1CCC2C(C1)CCC1C3CCCC3CCC21
C1CCC(CCCC2CCC3C2CCC2C4CCC5CCC(C6CCCCC6)C5CC4CCC32)CC1
C1CCC(CCC2CCC3C2CCCC(C2CCCCC2)C2C4CCCCC4CCC32)CC1
C1CCC(C2CCC3CCC4(CCCCC4)CC3C2)CC1
C1CCC(CCCC2CCC3CCC(C4CCCC5CCCC54)CC3CC2)CC1
C1CCC(CCC2CCC3C(CCC3C3CCCCC3)C2)CC1
C(CCC1CCC2C(CCC3C4CCCC4CCC23)C1)CC1CCC(C2CC3CCCC3C3CCC4CCCCC4C23)CC1
C1CCC2C(C1)CCC1C3CCCC3CCC21
C1CCC2C(C1)CCC1C3CCCC3CCC21
C1CCC(CCCCCC2CC3CCCCC3C2)CC1
C1CCC2CC(C3CCCC4CCCC43)CCC2C1
C1CCC(CCCCC2CC3CCCCC3C2)CC1
C1CCC(C2CCC3CCCC3C3CCC4CCCCC4C23)CC1
C1CCC2CC(CCCC3CCC4C3CCC3C5CCCCC5CCC43)CC2C1
C1CCC(CC2CC3CCCCC3C3CCC4CCCCCC4C23)CC1
C1CCC2CC(C3CCCC4CCCC43)CCC2C1
C1CCC2CCC3C4CCC(CCCC5CC6CCCCC6C5)C4CCC3C2CC1
C1CCC(CC2CC3CCCCC3C3CCC4CCCCC4C23)C1
C1CCC(CCCCCC2CCC3CCCCC23)CC1
C1CCC(CCC2CCC3C(CCC3C3CCCCC3)C2)CC1
C1CCC(CC2CCC3CCCCC3C3CCC4CCCCC4C23)CC1
C1CCC(CCCCCC2CC3CCCCC3C2)CC1
C1CCC(CCC2CCC3C(CCC3C3CCCCC3)C2)CC1
C(CCCC1CCCCC1)CCCC1CCC(CC2CCCCC2)C1
C1CCC(C2CCC3CCC4CCCCC4C3CC2)CC1
C1CCC(CC2CCC3CC4(CCCCCC4CC4CCCCC4)CCC23)CC1
C1CCC(C2CCC3CC4C(CCC45CCCC5)CC32)CC1
C1CCC(CCC2CCC(CCC3CCCC(CC4CCCC4)C3)CC2)CC1
C1CCC2C(C1)CCC1C3CCCC3CCC21
C1CCC(C2CCC3C(CCCCCC4CCC(C5CCCC5)C4)CCCC23)CC1
C1CCC(CCCCC(CC2CCC3C(CCC3C3CCCCC3)C2)C2CCCCC2)CC1
C1CCC2CCC(C3CCCC4CCCC43)CC2CC1
C1CCC(CC2CCC3C(CCC3C3CCCCC3)C2)CC1
C1CCC(C2CC3CCCC3C3CCC4CCCCC4C23)CC1
C(CCC1CCC2CCCCC2C1)CCC1CCCC2CCCCC12
C(CCCCC1CCC(C2CCCCC2)C1)CCCC1CCC2CCCC2C1
C1CCC(CCCC2CCCCC2)CC1
C1CCC2CC(C3CCCC4CCCC43)CCC2C1
C(CCC1CCCC2CCCCC12)CC1CCC2CCCCC2C1
C1CCC(CCC2CCC3C(CCC4C5CCCC5CC(CCC5CCCCC5)C34)C2)CC1
C1CCC(CCC2(CCCC3CCC4CCCCC4C3)CCC3C4CCC5CCCCC5C4CCC32)C1
C1CCC(CC2CC3CCCCC3C3CCCC23)C1
C(CCC1CCC2C1CCC1C3CCCCC3CCC21)CC1CC2CCCCC2C1
C(CCC1CCCC2CCCC12)CC1CC2CCCCC2C1
C1CCC(C2CCC3CC4C(CCCC45CC(C4CCCCC4)C(C4CCCCC4)C5)CCC32)CC1
C(CCCC1CCCCC1)CCCC1CCC(C2CCCCC2)C1
C1CCC(C2CCC3CC4C(CCC5C6CCC(CCCC7CCC8CCCCC8C7)C6CCCC45)CC32)CC1
C1CCC2CCC(C3CCCC4CCCC43)CC2CC1
C1CCC2CCC3C4CCCCC4CC(CC4CCCC4)C3C2CC1
C1CCC2CCC3C4CCCC4CCC3C2CC1
C1CCC(CCC2CCC3C(CCC3C3CCCCC3)C2)CC1
C1CCC(CCC(CCC2CC3CCCCC3C2)C2CC2)CC1
C1CCC(C2CC3CCCCC3C3CCCCC23)CC1
C(CCC1CCCC2CCCCC12)CC1CC2CCCCC2C1
C1CCC2C(C1)CCCC2CCCC1CCC2C1CCC1C3CCCCC3CCC21
C1CCC2C(C1)CCC1C3CCCC3CCC21
C(CCCC1CCCCC1)CCCC1CCC(C2CCCCC2)C1
C1CCC(CCC2CCC3C(CCC4CC(C5CCCCC5)CCC43)C2)CC1
C1CCC(C2CCC3CCC4C(CCC45CCCCC5)CC32)CC1
C1CCC(C2CCC3C(CCC4CCCCC43)C2)CC1
C1CCC(CCCCCC2CCC3C(CCC3C3CCCCC3)C2)CC1
C1CCC(C2CCC3CC4C(CCC45CCCCC5)CC32)CC1
C1CCC2CC(C3CCCC4CCCC43)CCC2C1
C1CCC2C(C1)CCC1C2CCC2C3CCCC3CC21
C(CCC1CCC2C(CCC3C4CCCC4CCC23)C1)CC1CCC(C2CC3CCCC3C3CCCC4CCCCC4C23)CC1
C1CCC(C2CC3CCCC3C3CCC4CCCCC4C23)CC1
C1CCC(CCCCCC2CCC3CCCCC23)CC1
C1CCC(CCC2CCC3CC2CCC(C2CCCCC2)C2C4CCCCC4CCC32)CC1
C1CCC(CCCCCC2CCC3CCCCC3C2)CC1
C1CCC(C2CC3CCCC3C3CCC4CCCCC4C23)CC1
C(CCCC1CCC(C2CCCCC2)C1)CCC1CCCCC1
C1CCC(CCCCCC2CCCC3C(C4CCCCC4)CCC23)CC1
C1CCC2C(C1)CCC1C3CCCC3CCC21
C(CCC1CCC2C(CCC3C4CCCC4CCC23)C1)CC1CCC(C2CCC(C3CC4CCCC4C4CCCC5CCCCC5C34)CC2)CC1
C1CCC(CCCCCC2CC3CCCCC3C2)CC1
C1CCC(CC2CCC3(CCC4CC5C(CCC5C5CCCCC5)CC43)C2)CC1
C1CCC(CCCCCC2CCCC3C(C4CCCCC4)CCC23)CC1
C1CCC(CC(CC2CCCCC2)C2CCCCC2)CC1
C(CCCC1CCCC2C(C3CCCCC3)CCC12)CCC1CCCCC1
C1CCC(CCC2CCC3C(CCC3C3CCCCC3)C2)CC1
C1CCC(CCCCCC2CC3CCCCC3C2)CC1
C1CCC(CCC2(CCCC3CC4CCCCC4C3)CCC3C4CCC5CCCCC5C4CCCC32)C1
C1CCC(CCCCCC2CC3CCCCC3C2)CC1
C1CCC(CCCC2CCCCC2)CC1
C1CCC2CC(C3CCCC4CCCC43)CCC2C1
C1CCC(CC2CC3CCCCC3CC3CCC4CCCCC4C32)CC1
C1CCC(CC2CC3CCCCC3C3CCCCC23)CC1
C1CCC(CCCCCC2CCCC3C(C4CCCCC4)CCC23)CC1
C1CCC(C2CC3CCCC3C3CCC4CCCCC4C23)CC1
C1CCC(CCCCCC2CCCC3C(CC4CCCCC4)CCC23)CC1
C1CCC2C(C1)CCC1C3CCCC3CCC21
C1CCC(CCCCCC2CCC3CCCCC23)CC1
C1CCC2C(C1)CCC1C3CCCC3CCC21
C1CCC(CCCC2CCC(C3CC3)CC2)CC1
C1CCC(C2CC3CCCCC3C3CCC(CCCC4CCCC4)CC23)CC1
C1CCC2CCC3C4CCC(CCCC5CC6CCCCC6C5)C4CCC3C2CC1
C1CCC2C(C1)CCC1C3CCCC3CCC21
C1CCC2CCC(C3CCCC4CCCC43)CC2CC1
C1CCC(CCC(CC2CC3CCCCC3C2)C2CCCC2)CC1
C1CCC(CC2CCC3CC4C(CCC45CCCC5)CC23)CC1
C1CCC(CC2CCC(C3CC4CCCC4C4CCCC5CCCCC5C34)CC2)CC1
C1CCC(C2CC3CCCC3C3CCC4CCCCC4C23)CC1
C1CCC(CCCC2CCC3CCC(C4CCCC5CCCC54)CC3C2)CC1
C1CCC(CCC(CCCC2CCC3CCCC3C2)CC2CCCCC2)CC1
C1CCC(CCC2CCC3C(CCC3C3CCCCC3)C2)CC1
C1CCC(CC2CC3CCCC3C3CCC4CCCCC4C23)CC1
C1CCC(CCCC2CCC3CCC(C4CCCC5CCCC54)CC3CC2)CC1
C1CCC(CCC2CCC(C3CCC3)CC2)CC1
C1CCC(C2C3CCCC3CC3CC4CCCC4CC32)CC1
C1CCC(CCCCCC2CCC3CCCCC23)CC1
C1CCC2CC(C3CCCC4CCCC43)CCC2C1
C1CCC(CCC2CCC3C(CCC4C5CCCC5CC(CCC5CCCCC5)C34)C2)CC1
C1CCC(CC2CCC(C3CC4CCCC4C4CCC5CCCCC5C34)CC2)C1
C1CCC(CCCCC2CCC3CCCCC23)CC1
C1CCC(CC2CC3CCCCC3C3CCC4CCCCC4C23)CC1
C1CCC(C2CCC3CC4C(CCC5C6CCC(CCCCC7CCC8CCCCC8C7)C6CCC45)CC32)CC1
C(CCC1CCCC2C(CCC3C4CCCC4CCC23)C1)CC1CCC(C2CC3CCCC3C3CCC4CCCCC4C23)CC1
C1CCC(CCC2CCC3C(CCC3C3CCCCC3)C2)CC1
C1CCC(C2CC3CCCC3C3CCC4CCCCC4C23)CC1
C1CCC2C(C1)CCC1C3CCCC3CCC21
C1CCC(CC2CC3CCCCC3C3CCC4CCCCC4C23)CC1
C1CCC2CCC(C3CCCC4CCCC43)CC2CC1
C1CCC(CCC2CCC3C(CCC4CCCCC43)C2)CC1
C1CCC(CCCCC2CCC3CCCCC23)CC1
C(CCCC1CCCCC1)CCCC1CCC(C2CCCCC2)C1
C1CCC(CCC(CCC2CCC3CCCC3C2)CC2CCCCC2)CC1
C1CCC2CCC3C4CCCC4CCC3C2CC1
C1CCC2CCC(C3CCCC4CCCC43)CC2CC1
C1CCC(CCC2CCC3C(CCC3C3CCCCC3)C2)CC1
C1CCC2C(C1)CCC1C3CCCC3CCC21
C1CCC2CC3CCCCC3CCC2C1
C1CCC(C2CCC(CC3CC4CCCCC4C4CCC5CCCCCC5C34)CC2)CC1
C1CCC(CCCCCC2CCCC3C(C4CCCCC4)CCC23)CC1
C1CCC(C2CCC3CCC4C(CCC45CCCC5)CC32)CC1
C1CCC2CCC3C4CCCCC4CC(CC4CCCC4)C3C2CC1
C1CCC(CCCCCC2CCC3C(CCC3C3CCCCC3)C2)CC1
C1CCC(C2CCC3CC4CCCCC4CCC32)CC1
C1CCC(C2CCC3CC4C(CCCC45CCCCC5)CC32)CC1
C1CCC2CC(C3CCCC3)C3CCCC3C2CC1
C1CCC(CCCCCC2CCCC3C(C4CCCCC4)CCC23)CC1
C1CCC(CCCCCC2CC3CCCCC3C2)CC1
C1CCC(CCC2CCC3C(CCCC4CCCCC43)C2)CC1
C1CCC2CCC3C4CCCCC4CCC3C2CC1
C(CC1CCC(C2CCCC2)CC1)CC1CCC2CCCC2C1
C1CCC(C2CC3CCCC3C3CCC4CCCCCC4C23)CC1
C1CCC(CCCCCC2CCC3CCCCC23)CC1
C1CCC(CCCCCC2CCC3CCCCC23)CC1
C1CCC(CCC2CCC3C(CC4CCCCC4)CCC3C2)CC1
C1CCC(CCCCC2CCC3C2CCC2C4CC5CCC(C6CCCCC6)C5CC4CCC32)CC1
C1CCC(C2CC3CCCC3C3CCCC4CCCCC4C23)CC1
C1CCC(CCC2CCC3C(CCC3C3CCCCC3)C2)CC1
C(CCCC1CCCC2C(C3CCCCC3)CCC12)CCC1CCCCC1
C1CCC(C2CCC3CC4C(CC5CCC6CCCCC65)CCCCC4CC32)CC1
C1CCC(C2CCC3C(CCC34CCCC4)C3CCC4CCCCC4C23)CC1
C1CCC(C2CCC3CCCCC3C3CCCCC23)CC1
C1CCC(C2CC3CCCC3C3CCC4CCCCC4C23)CC1
C1CCC(C2CC3CCCC(C3)C3CCC4CCCCC4C32)CC1
C1CCC2C(C1)CCC1C3CCCC3CCC21
C1CCC(C2CC3CCCCC3C3CCCCC23)CC1
C1CCC2CC(C3CCCC4CCCC43)CCC2C1
C1CCC(C2CC3CCCC3C3CCC4CCCCC4CC23)CC1
C1CCC(CCC2CCC3C(CCC3C3CCCC(CCC4CCCC4)C3)C2)CC1
C1CCC(C2CC3CCCC3C3CCC4CCCCCC4C23)CC1
C1CCC(CCCC(CCC2CCC3CCCC3C2)CC2CCCCC2)CC1
C(CCC1CC2CCCCC2C1)CCC1CCCC2CCCC12
C1CCC(C2CC3CCCC3C3CCC4CCCCCC4C23)CC1
C1CCC(CCC2CCC3C(CCC3C3CCCCC3)C2)CC1
C1CCC(CCCCC2CC3CCCCC3C2)CC1
C1CCC(CC2CC3CCCCC3C3CCC4CCCCCC4C23)CC1
C1CCC(CCCCCC2CC3CCCCC3C2)CC1
C1CCC2CCC(C3CCCC4CCCC43)CC2CC1
C1CCC2CCC(C3CCCC4CCCC43)CC2CC1
C1CCC2C(C1)CCC1C3CCCC3CCC21
C1CCC(C2CC3CCCC3C3CCC4CCCCC4C23)CC1
C1CCC(CCC2CCCC3CC4C(CC5CCCCC5)CCC4CC23)CC1
C1CCC(C2CCC3C(CCC4CCCCC43)C2)C1
C1CCC(C2CCC(CCCCCC3(C4CCCCC4)CCC3)C2)CC1
C1CCC(CCCCC2CC3CCCCC3C2)CC1
C1CCC(C2CC3CCCC3C3CCC4CCCCC4C23)CC1
C1CCC(CCC2CCC3C(CCC3C3CCCC(CC4CCCCC4)C3)C2)CC1
C1CCC2CCC3C4CCCC4CCC3C2CC1
C1CCC(C2CCC3CC4C(CCCC45CCCC5)CC32)CC1
C1CCC2CCC3C4CCCC4CC(C4CCC(C5CCCC5)CC4)C3C2CC1
C1CCC(CCCCC2CCC3CCCCC23)CC1
C1CCC(CCCCCC2CCC3CCCCC23)CC1
C1CCC(CCC2CCC3C(CCC3C3CCCCC3)C2)CC1
C1CCC2CCC3C4CCCCC4CC(CC4CCCC(C5CCCC5)C4)C3C2CC1
C(CCC1CC2CCCCC2C1)CCC1CCCC2CCCC12
C1CCC(CCCCCC2CC3CCCCC3C2)CC1
C1CCC2CCC(C3CCCC4CCCC43)CC2CC1
C1CCC(C2CCC3C(CCCCCC4CCC(C5CCCC5)C4)CCCC23)CC1
C1CCC(CCCCC2CCC3CCCC3C2)CC1
C(CCC1CC2CCCCC2C1)CCC1CCCC2CCCC12
C1CCC2CC(CC3CCCC4CCCC43)CCC2C1
C1CCC(CCCCC2CC3CCCCC3C2)CC1
C1CCC(C2CCC3CC4C(CCC32)CCC2C3CCC(CCCC5CCC6CCCCC6C5)C3CCC42)CC1
C1CCC(C2CCC3CC4C(CCC5C6CCCC6CCC45)CC32)CC1
C1CCC(CC2CC3CCCCC3C3CCC4CCCCC4C23)CC1
C1CCC2CCC3C4CCC(CCCC5CC6CCCCC6C5)C4CCC3C2CC1
C(CCCC1CCCC2C(C3CCCCC3)CCC12)CCC1CCCCC1
C1CCC(CCC2CCC(C3CC3)CC2)CC1
C(CCCC1CCCC2C(C3CCCCC3)CCC12)CCC1CCCCC1
C1CCC(CCCCC2CCC3CCCCC23)CC1
C1CCC(CCC2CCC3C(CCC3C3CCCCC3)C2)CC1
C1CCC(CCCCCC2CC3CCCCC3C2)CC1
C(CCCC1CCCC2C(C3CCCCC3)CCC12)CCC1CCCCC1
C1CCC(CCCCC2CC3CCCCC3C2)CC1
C1CCC2CCC3C(CCC4C3CCC4(CCCC3CCC4CCCCC4C3)CCC3CCCC3)C2CC1
C1CCC2CC(CC3CCCC4CCCC43)CCC2C1
C1CCC(CC2CC3CCCCC3C3CCC4CCCCC4C23)C1
C(CCC1CCCC2CCCC12)CC1CC2CCCCC2C1
C1CCC(CCCCCC2CCCC3C(C4CCCCC4)CCC23)CC1
C(CCCC1CCCC2C(C3CCCCC3)CCC12)CCC1CCCCC1
C1CCC(C2CCC3CC4C(CCC45CCCCCC5)CC32)CC1
C1CCC(CCC2CCC(CCCC3CCCC(CC4CCCC4)C3)CC2)CC1
C(CCCC1CCCC2C(C3CCCCC3)CCC12)CCC1CCCCC1
C1CCC2CCC(C3CCCC4CCCC43)CC2CC1
C(CCCC1CCCC2C(C3CCCCC3)CCC12)CCC1CCCCC1
C1CCC(CCC(CCC2CCC3CCCCC3C2)CC2CCCCC2)CC1
C1CCC(CCCCCC2CCCC3C(C4CCCCC4)CCC23)CC1
C1CCC(CCC2CCC3C(CC4CCCCC4)CCC3C2)CC1
C(CCCC1CCCCC1)CCCC1CCC(C2CCCCC2)C1
C1CCC(CCC2CCC3C(CCC3C3CCCCC3)C2)CC1
C1CCC(CCC2(CCCC3CCC4CCCCC4C3)CCCC3C4CCC5CCCCC5C4CCC32)C1
C1CCC(CC2CCC3CCCCC3C3CCC4CCCCC4C23)CC1
C1CCC(CCC2CCC3C(CCC3C3CCCC(CC4CCCC4)C3)C2)CC1
C1CCC(CCC2CCC3C(CCC3C3CCCCC3)C2)CC1
C1CCC(CCCC2CCC(C3CCC4C(CCC4C4CCCCC4)C3)CC2)CC1
C1CCC(C2CC3CCCC3C3CCC4CCCCCC4C23)CC1
C1CCC(CC2CC3CCCCC3C3CCC4CCCCCC4C23)CC1
C1CCC2C(C1)CCCC1C3CCCC3CCC21
C1CCC2C(C1)CCC1C3CCCC3CCC21
C1CCC(C2CCC(CCCCCC3CCCC4CCCCC34)C2)CC1
C1CCC(C2CC3CCCC3C3CCC4CCCCCC4C23)CC1
C1CCC(CCCCC2CC3CCCCC3C2)CC1
C1CCC(CCC2CCC3C(CCC3C3CCCCC3)C2)CC1
C1CCC(CCCCCC2CCCC3C(C4CCCCC4)CCC23)CC1
C1CCC(CC2CC3CCCCC3CC3CCC4CCCCC4C32)CC1
C1CCC(CCC(CCCC2CCC3CCCC3C2)CC2CCCCC2)CC1
C1CCC(C2CCC3CC4C(CCC5C6CCC(CCCC7CCC8CCCCC8C7)C6CCC45)CC32)CC1
C1CCC2CCC(C3CCCC4CCCC43)CC2CC1
C1CCC(CCCCC2CC3CCCCC3C2)CC1
C1CCC2C(C1)CCCC1CCCCC12
C1CCC(CCC2CCC3C(CCC3C3CCCC(CCCC4CCCC4)C3)C2)CC1
C1CCC(CCC2CCC3C(CCC3C3CCCCC3)C2)CC1
C1CCC2CC(C3CCCC4CCCC43)CCC2C1
C1CCC(CCCC2CCCC3CCC(C4CCCC5CCCC54)CC3C2)CC1
C1CCC(CC2CC3CCCC3C3CCC4CCCCC4C23)CC1
C1CCC2CC(C3CCCC4CCCC43)CCC2C1
C1CCC2CCC3CCCCC3C2CC1
C1CCC2CC(CCCC3CCC4C3CCC3C5CCCCC5CCC43)CC2C1
C1CCC(CCCCC2CC3CCCCC3C2)CC1
C1CCC(CCC2CCC3C(CCC3CC3CCCC(CCC4CCCC4)C3)C2)CC1
C1CCC2CCC3C4CCCC4CCC3C2CC1
C1CCC(CC23CCCCC2CCC2C4CCCCC4CCC23)CC1
C(CCC1CCCC2CCCCC12)CC1CCC2CCCCC2C1
C1CCC2CC(C3CCCC4CCCC43)CCC2C1
C1CCC(C2CC3CCCC3C3CCC4CCCCCC4C23)CC1
C1CCC2CCC3CCCCC3C2CC1
C1CCC(CCC2CCC3C(CCC3CC3CCCC(CC4CCCC4)C3)C2)CC1
C1CCC(C2CCC3C(CCC4CCCCC43)C2)CC1
C1CCC(CCC2CCC(C3CC3)CC2)CC1
C(CCC1CCCC2CCCCC12)CC1CC2CCCCC2C1
C(CCCC1CCCC2C(C3CCCCC3)CCC12)CCC1CCCCC1
C1CCC2C(C1)CCC1C3CCCC3CCC21
C(CCCC1CCCCC1)CCCC1CCC(C2CCCCC2)C1
C1CCC(CC2CCC3C(CCC3C3CCCCC3)C2)CC1
C1CCC(CC2CC3CCCCC3C3CCC4CCCCCC4C23)CC1
C(CCC1CC2CCCCC2C1)CCC1CCCC2CCCC12
C1CCC(CC2CCC(C3CC4CCCC4C4CCC5CCCCC5C34)CC2)C1
C1CCC(CCCCC2CC3CCCCC3C2)CC1
C1CCC(C2CCC3CC4C(CCC32)CCC2C3CCCC3CCC42)CC1
C(CCC1CCCC2CCCCC12)CC1CCCC2CCCCC12
C1CCC(C2CCC3CCC4C(CCC5C6CCC(CCCC7CCC8CCCCC8C7)C6CCC45)CC32)CC1
C1CCC(C2CCC3CC4CCCCC4CCC3C2)CC1
C1CCC(CC2CCC3CC4C(CCC5C6CCC(CCCC7CCCC8CCCCC87)C6CCC45)CC23)CC1
C(CCCC1CCCCC1)CCCC1CCC(C2CCCCC2)C1
C1CCC(CCCCC2CC3CCCCC3C2)CC1
C1CCC(CCCCCC2CCC3CCCCC23)CC1
C1CCC(CC2CCCCC2CC2CC3CCCCC3C3CCC4CCCCCC4C23)CC1
C1CCC2C(C1)CCC1C3CCCCC3CCC21
C1CCC(C2CCC3CC(C4CCC(CCCC5CCCC5)CC4)CCC32)CC1
C1CCC(CCCCCC2CCCC3C(C4CCCCC4)CCC23)CC1
C1CCC(CCC2CCCC3CC4C(CCC23)CCC4C2CCCCC2)CC1
C1CCC(CCC2CCC(CCC3CCCCC3)CC2)CC1
C1CCC(CCCCCC2CC3CCCCC3C2)CC1
C1CCC2CC(C3CCCC4CCCC43)CCC2C1
C1CCC(CCC2CCC(C3CCC4C(CCC4C4CCCCC4)C3)CC2)CC1
C1CCC(CC2CCCCCCC23CCC2C(CCC2C2CCCCC2)C3)CC1
C1CCC(CCCC(CCC2CCC3CCCC3C2)CC2CCCCC2)CC1
C1CCC(CCCC2CCCC3CCC(C4CCCC5CCCC54)CC3C2)CC1
C1CCC(CCCCC2CC3CCCCC3C2)CC1
C1CCC(CCCCC2CC3CCCCC3C2)CC1
C1CCC(CCCC2CCC(CCC3CCCCC3)CC2)CC1
C1CCC2CC(CCCC3CCC4CC5CCC6CCCCC6C5CCC34)CC2C1
C1CCC(CCC2CCC(C3CCC4C(CCC4C4CCCCC4)C3)CC2)CC1
C1CCC(CC2CC3CCCCC3C3CCC4CCCCC4C23)CC1
C(CCC1CCC2CCCCC2C1)CCC1CCCC2CCCCC12
C1CCC(C2CCC3C(CCC4CCCCC43)C2)CC1
C1CCC2C(C1)CC(C1CCCC3CCCC31)C1CCCCC21
C1CCC(CCC2CCC3C(CC4CCCCC4)CCC3C2)CC1
C1CCC(CCCC2CCCC3CCC(C4CCCC5CCCC54)CC3C2)CC1
C1CCC2C(C1)CCC1C2CCC2C3CCCC3CC21
C(CCC1CCCC2CCCC12)CC1CC2CCCCC2C1
C1CCC2CCC3C4CCCCC4CC(CC4CCCC4)C3C2CC1
C(CCC1CCCC2CCCCC12)CC1CCCC2CCCCC12
C1CCC2CCC3C4CCC(CCCC5CCC6CCCCC6C5)C4CCC3C2CC1
C1CCC2CCC3C4CCC(CCCC5CC6CCCCC6C5)C4CCC3C2CC1
C1CCC(CCC2CCC3C(CCC3C3CCCCC3)C2)CC1
C1CCC(CCCCCC2CCC3CCCCC23)CC1
C1CCC(CCCC23CCCC2CC2C4CCC5CCCCC5C4CCCC23)C1
C1CCC(CCC2CCC3C(CCC3C3CCCCC3)C2)CC1
C1CCC2C(C1)CCC1C3CCCC3CCCC21
C1CCC(CCC2CCC3C(CCC3C3CCCC(CCC4CCCC4)C3)C2)CC1
C1CCC2CC(C3CCCC3)C3CCCC3C2CC1
C1CCC(CCC2CCC3C(CCC3C3CCCCC3)C2)CC1
C1CCC(CCCC2CCC3C2CCCC2C4CC5CCC(C6CCCCC6)C5CC4CCC32)CC1
C1CCC(CCCCCC2CCC3CCCCC23)CC1
C1CCC(C2CC3CCCC3C3CCC4CCCCC4C23)CC1
C1CCC(CCC2CCC3C(CCC3C3CCCCC3)C2)CC1
C1CCC2CC(C3CCCC4CCCC43)CCC2C1
C1CCC(C2CC3CCCCC3C3CCC(CCC4CCCC4)CC23)CC1
C1CCC(CCC2(CCCC3CC4CCCCC4C3)CCC3C4CCC5CCCCC5C4CCC32)C1
C1CCC(CC2CC3CCCCC3C3CCC4CCCCCC4C23)CC1
C1CCC2CC(CCCC3CCCC4C3CCC3C5CCCCC5CCC43)CCC2C1
C1CCC(C2CC3CCCC(C3)C3CCC4CCCCC4C32)CC1
C1CCC(C2CC3CCCCC3C3CCCCC23)CC1
C1CCC(CCCCC2CCC3CCCCC23)CC1
C1CCC(CCC2CCC3C(CC4CCCCC4)CCC3C2)CC1
C1CCC(CCC2CCC3C(CCC3C3CCCCC3)C2)CC1
C1CCC2C(C1)CCC1C3CCCCC3CCC21
C1CCC2C(C1)CCC1C3CCCCC3CCC21
C1CCC(C2CCC3CC4C(CCC5C6CCC(CCCC7CC8CCCCC8C7)C6CCC45)CC32)CC1
C1CCC(CCC(CCCC2CCC3CCCC3C2)CC2CCCCC2)CC1
C1CCC(CC2CC3CCCCC3C3CCC4CCCCCC4C23)CC1
C1CCC2CCC3C(CCC4C3CCC4(CCCC3CC4CCCCC4C3)CCC3CCCC3)C2CC1
C1CCC(CC2CC3CCCCC3C3CCC4CCCCCC4C23)CC1
C1CCC(C2CCC3CC4C(CCC45CCCC5)CC32)CC1
C1CCC2C(C1)CCC1C3CCCC3CCC21
C(CCC1CC2CCCCC2C1)CCC1CCCC2CCCC12
C1CCC(CC23CCCCC2CCC2C4CCCC4CCC23)CC1
C1CCC(CCC2CCC(C3CC3)CC2)CC1
C1CCC(CCC2CCCC(C3CCC4CC(CCC5CCC6CCCCC6C5)CCC43)C2)C1
C1CCC2C(C1)CCC1C3CCCC3CCC21
C(CCCC1CCCC2C(C3CCCCC3)CCC12)CCC1CCCCC1
C(CCCC1CCCC2C(C3CCCCC3)CCC12)CCC1CCCCC1
C1CCC(C2CCC3C(CCC34CCCC4)C3CCC4CCCCC4C23)CC1
C1CCC(C2CC3CCCC3C3CCC4CCCCCC4C23)CC1
C1CCC2C(C1)CCC1C3CCCC3CCC21
C1CCC(C2CC3CCCC3CC3CCC4CCCCC4C32)CC1
C1CCC(CCC2CCC3C(CCC4CCC(C5CCCCC5)CCC43)C2)CC1
C1CCC(C2CCCC3(CCC4CC5C(CCC5C5CCCCC5)CC43)C2)CC1
C1CCC2CCC3C4CCCCC4CC(CC4CCCC4)C3C2CC1
C1CCC(C2CCC3CC4C(CCC5C6CCC(CCCCC7CC8CCCCC8C7)C6CCC45)CC32)CC1
C1CCC(CCC2CCCC3CCC4C(CCC4C4CCCCC4)CC23)CC1
C1CCC(CCC2CCCC3CCC4C(CCC4C4CCCCC4)CC23)CC1
C1CCC(CC2CC3CCCCC3CC3CCC4CCCCC4C32)C1
C1CCC(C2CCC(CCCCCC3(C4CCCCC4)CCC3)C2)CC1
C1CCC(C2CCC3CCCC3C3CCC4CCCCC4C23)CC1
C1CCC(C2CCC3CC4C(CCC5CCCCCC54)CC32)CC1
C(CCCC1(C2CCCCC2)CCC1)CCC1CCC(C2CCCCC2)C1
C1CCC(CCC2CC3CCCCC3C3CCC4CCCCC4C23)CC1
C1CCC2CCC3C4CCC(CCCC5CC6CCCCC6C5)C4CCC3C2CC1
C(CCCC1CCC2CCCC2C1)CCC1CCCCC1
C(CCCC1CCCCC1)CCC1CCCCC1
C1CCC2CCC3C4CCC(CCCC5CCCC6CCCCC65)C4CCC3C2CC1
C1CCC(CC2CCC3CC4C(CCC45CCCC5)CC23)CC1
C1CCC(CCC2CCC3C(CC4CCCCC4)CCC3C2)CC1
C1CCC2CC(C3CCCC4CCCC43)C3CCCC3C2CC1
C1CCC(CCCCCC2CCCC3C(CC4CCCCC4)CCC23)CC1
C1CCC2C(C1)CC(C1CCCC3CCCC31)C1CCCC21
C1CCC(CCC2CCCCC2)CC1
C1CCC(C2CCC3CC4C(CCCC45CCCCC5)CC32)CC1
C1CCC(C2CC3CCCCC3C3CCC4CCCCC4C23)CC1
C1CCC(CCCCC2CCC3CCC(C4CCCC5CCCC54)CC3C2)CC1
C1CCC(C2CCC3CCCC3C3CCC4CCCCCC4C23)CC1
C1CCC(C2CC3CCCC3C3CCC4CCCCCC4C23)CC1
C1CCC(CCCC(CC2CC3CCCCC3C2)C2CCCC2)CC1
C1CCC(CCC2CC3CCCCC3C3CCC4CCCCC4C23)CC1
C1CCC(CCCCCC2CC3CCCCC3C2)CC1
C(CCCC1CCCC2C(C3CCCCC3)CCC12)CCC1CC1
C1CCC2CC(CC3CCCC4CCCC43)CCC2C1
C(CCC1CCC2C(CCC3C4CCCC4CCC23)C1)CC1CCC(C2CC3CCCC3C3CCC4CCCCC4C3C2)CC1
C1CCC(CC2CCC(CC(CC3CCCCC3)C3CCCCC3)CC2)CC1
C1CCC(CCCCC2CC3CCCCC3C2)CC1
C1CCC2CC(C3CCCC3)C3CCCC3C2CC1
C1CCC(C2CCC3CC4CCCCC4CC32)CC1
C1CCC(CCCCCC2CCC3CCCCC3C2)CC1
C1CCC(CC2CCC3CCCCC3C3CCC4CCCCC4C23)CC1
C1CCC(C2CCC3CCCC3C3CCC4CCCCCC4C23)CC1
C1CCC(CCCCCC2CCCC3C(C4CCCCC4)CCC23)CC1
C1CCC(CC2CCC3CCCCC3C3CCC4CCCCC4C23)CC1
C(CC1CC2CCCCC2C1)CC1CCC2C(CCC3C4CCCCC4CCC23)C1
C1CCC(C2CC3CCCCC3C3CCC(CCC4CCCC4)CC23)CC1
C1CCC(C2CC3CCCC3C3CCC4CCCCCC4C23)CC1
C1CCC(CCCCC2CCC3CCCCC23)CC1
C1CCC(CCCCCC2CC3CCCCC3C2)CC1
C1CCC2CCC3C4CCC(CCCC5CC6CCCCC6C5)C4CCC3C2CC1
C(CCC1CCCC2CCCCC12)CC1CCC2CCCCC2C1
C1CCC(C2CC3CCCCC3C3CCC4CCCCC4C23)CC1
C1CCC2CC(CCCC3CCCC4CCCCC43)CCCC2C1
C1CCC(CCC2(CCCC3CCC4CCCCC4C3)CCC3C4CCC5CCCCC5C4CCCC32)C1
C1CCC(CCCCCC2C3CCCCC3CCC2C2CCCC3CCCC32)CC1
C1CCC(C2CCC3CC4C(CCC5C6CCC(CCCCC7CCC8CCCCC8C7)C6CCC45)CC32)CC1
C1CCC(CCC2CCC(C3CCCC4C(C5CCCCC5)CCC34)C2)CC1
C1CCC2C(C1)CCC1C3CCCC3CCC21
C1CCC(CCCCCC2CCCC3C(C4CCCCC4)CCC23)CC1
C1CCC(C2CCC3CC4C(CCC32)CCC42CCCCC2)CC1
C1CCC2CCC3CCCCC3C2CC1
C1CCC2CC(C3CCCC4CCCC43)CCC2C1
C1CCC(CC2CCC(CC(CC3CCCCC3)C3CCCCC3)CC2)CC1
C1CCC2CC(CCCC3CCCC4C3CCC3C5CCCCC5CCC43)CCC2C1
C1CCC(CC2CCC3CC4(CCCCC4C4CCCCC4)CCC23)CC1
C1CCC(CC2CC3CCCCC3C3CCC4CCCCCC4C23)CC1
C1CCC(C2CCC(CCCCCC3CCCC4CCCCC34)C2)CC1
C1CCC(C2CC3CCCCC3C3CCC4CCCCC4C23)CC1
C(CCCC1CCCCC1)CCCC1CCC(C2CCCCC2)C1
C1CCC(CCCCCC2CCCC3C(C4CCCCC4)CCC23)CC1
C1CCC(C2CCC(C3CC4CCCC4CC4CCC5CCCCC5C43)CC2)C1
C(CCC1CCCC2CCCCC12)CC1CCC2CCCCC2C1
C1CCC2CC(C3CCCC4CCCC43)CCC2C1
C1CCC(CCC2CCC(CCC3CCCC(CC4CCCCC4)C3)CC2)CC1
C1CCC(CCCC2CCC3C(CCC4C5CCCC5CCC34)C2)CC1
C1CCC(CCC2CCC3C(CCC3C3CCCCC3)C2)CC1
C1CCC(C2CCC3CCC4CCCCC4C3CC2)CC1
C(CCCC1CCCC2CCCCC12)CCC1CCC(C2CCCCC2)C1
C1CCC(C2CC3CCCC3C3CCC4CCCCCC4C23)CC1
C(CCC1CCC2C1CCC1C3CCCCC3CCC21)CC1CC2CCCCC2C1
C1CCC(C2CC3CCCC3C3CCC4CCCCCC4C23)CC1
C1CCC(C2CCC3CC4C(CCC5C6CCCC6CCC45)CC32)CC1
C1CCC(CCCCCC2CC3CCCCC3C2)CC1
C1CCC2CCC(C3CCCC4CCCC43)CC2CC1
C1CCC(CC2CCC(CC(CC3CCCCC3)C3CCCCC3)CC2)CC1
C1CCC(C2CC3CCCC3C3CCC4CCCCC4C23)CC1
C(CCCC1CCCCC1)CCCC1CCC(C2CCCCC2)C1
C1CCC2CCC3C4CCC(CCCC5CC6CCCCC6C5)C4CCC3C2CC1
C1CCC(CCC2CCCC(CCC3CCC(CCC4CCC(C5CC5)CC4)CC3)C2)C1
C(CCC1CCCC2CCCC12)CC1CC2CCCCC2C1
C1CCC2CC(CCCC3CCC4C5CCC6CCCCC6C(CCC34)C5)CC2C1
C1CCC(CCC2CCC3C(CCC3C3CCCCC3)C2)CC1
C1CCC2CC(CCCC3CCC4C5CCC6CCCCC6C(CCC34)C5)CC2C1
C1CCC2CC(C3CCCC4CCCC43)CCC2C1
C1CCC(CC2CC3CCCCC3C3CCCCC23)CC1
C1CCC(CCCCCC2CCCC3C(C4CCCCC4)CCC23)CC1
C1CCC(CCCCCC2CCCC3C(C4CCCCC4)CCC23)CC1
C1CCC(CCCCCC2CC3CCCCC3C2)CC1
C1CCC2C(C1)CCC1C3CCCC3CCCC21
C1CCC2C(C1)CCC1CCCCC12
C1CCC2CCC3CCCCC3C2CC1
C1CCC(CCCCC2CC3CCCCC3C2)CC1
C(CCC1CCC2CCCCC2C1)CCC1CCCC2CCCCC12
C1CCC2CCC(C3CCCC4CCCC43)CC2CC1
C1CCC(CCCCC2CCC3CCCCC23)CC1
C1CCC(CCC(CCC2CCC3CCCCC3C2)CC2CCCCC2)CC1
C(CCCCCCC1CCC2C1CCC1C3CCCCC3CCCC21)CCCCCC1CCC(CCC2CCC(CCC3CCCC3)C2)C1
C1CCC2CC(CCCC3CCCC4C3CCC3C5CCCCC5CCC43)CC2C1
C1CCC(C2CCC3C(CCC34CCCC4)C3CCC4CCCCC4C23)CC1
C1CCC2CC(CC3CCCC4CCCC43)CCC2C1
C1CCC(C2CCC(C3CC4CCCC4C4CCC5CCCCC5C34)CC2)C1
C1CCC(CC2CC3CCCCC3C3CCC4CCCCC4C23)C1
C1CCC(CC2CC3C(CCC34CCCC4)C3CCC4CCCCC4C23)CC1
C(CCC1CCCC2CCCCC12)CC1CC2CCCCC2C1
C1CCC(CC2CC3CCCCC3CC3CCC4CCCCC4C32)C1
C1CCC(CCCC2CCC3C2CCC2C4CC5CCC(C6CCCCC6)C5CC4CCC32)CC1
C1CCC(C2CCC3CC4C(CCCC45CCCC5)CC32)CC1
C1CCC(CCC2CCC3C(CCC3C3CCCCC3)C2)CC1
C(CCCC1CCCC2CCCCC12)CCC1CCCC1
C1CCC2CCC3C4CCCCC4CCC3C2CC1
C1CCC(CCCCC2CCC3CCCCC23)CC1
C1CCC2CCC(C3CCCC4CCCC43)CC2CC1
C1CCC(CCCCCC2CC3CCCCC3C2)CC1
C1CCC2CC(CCCC3CCC4C3CCC3C5CCCCC5CCCC43)CC2C1
C1CCC(C2CCC3CCCCC3C3CCCCC23)CC1
C1CCC(CCC2CCC3C(CCC3C3CCCCC3)C2)CC1
C1CCC2CCC3C4CCC(CCCC5CCC6CCCCC6C5)C4CCC3C2CC1
C1CCC(C2CC3CCCC3C3CCC4CCCCC4C23)CC1
C1CCC(C2CCC3CCC4C(CCC45CCCC5)CC32)CC1
C1CCC(CCCCC2CC3CCCCC3C2)CC1
C1CCC2C(C1)CCCC1C3CCCC3CCC21
C(CCC1CCCC2CCCCC12)CC1CC2CCCCC2C1
C1CCC(CCCC2CCC3CCC(C4CCCC5CCCC54)CC3C2)CC1
C1CCC(CCCCCC2CC3CCCCC3C2)CC1
C1CCC2CC(C3CCCC4CCCC43)CCC2C1
C1CCC(CCC(CCC2CCC3CCCCC3C2)CC2CCCCC2)CC1
C(CCC1CCC2CCCCC2C1)CCC1CCCC2CCCCC12
C1CCC(CCCCC2CC3CCCCC3C2)CC1
C(CCCC1CCCC2C(C3CCCCC3)CCC12)CCC1CCCCC1
C1CCC(CCCCCC2CCCC3C(C4CCCCC4)CCC23)CC1
C(CCCC1CCCC2C(C3CCCCC3)CCC12)CCC1CCCCC1
C1CCC(CCC2CCCC3CC4C(CC5CCCCC5)CCC4CC23)CC1
C(CCCC1CCCC2C(C3CCCCC3)CCC12)CCC1CCCCC1
C1CCC2C(C1)CCC1C2CCC2CCC3CC3C21
C1CCC(CCC(CCC2CCC3CCCC3C2)CC2CCCCC2)CC1
C(CCCCC1CCC(C2CCCCC2)C1)CCCC1CCCCC1
C1CCC(CCCC2CCC(C3CCCC4C(C5CCCCC5)CCC34)C2)CC1
C1CCC(CCCCCC2CC3CCCCC3C2)CC1
C1CCC(CC2CCC(C3CC4CCCC4C4CCCC5CCCCC5C34)CC2)CC1
C1CCC(CCC(CCC2CCC3CCCC3C2)CC2CCCCCC2)CC1
C1CCC(CCCC2CCC3C(CCC3C3CCCCC3)C2)CC1
C1CCC(CCC2CCC3C(CCC3C3CCCCC3)C2)CC1
C1CCC(C2CCC3CC4C(CCCC45CCCCC5)CC32)CC1
C1CCC2CC3CCC(C4CCCCC4)C3CC2CC1
C1CCC(C2CCC3CC4C(CCC5C6CCC(CCCC7CC8CCCCC8C7)C6CCCC45)CC32)CC1
C1CCC(C2CCC3CC4C(CCC45CCCC5)CC32)CC1
C1CCC2C(C1)CCC1C3CCCC3CCC21
C1CCCC(C2CCC3CC4C(CCC5C6CCC(CCCC7CC8CCCCC8C7)C6CCC45)CC32)CC1
C1CCC(C2CC3CCCCC3C3CCCCC23)CC1
C1CCC(CCC2CCC3C2CCC(C2CCCCC2)C2C4CCCCC4CCC32)CC1
C1CCC2CC3CCC(C4CCCCC4)C3CC2CC1
C1CCC2CCC(C3CCCC4CCCC43)CC2CC1
C1CCC2CCC3CCCCC3C2CC1
C1CCC2CCC3C4CCCCC4CC(CC4CCCC4)C3C2CC1
C1CCC(C2CCC3CCC4C(CCCC5CC5)CCCC4CC32)CC1
C1CCC(C2CCC3(CCC4CC5C(CCC5C5CCCCC5)CC43)C2)CC1
C1CCC2CC(CCCC3CCC4C3CCC3C5CCCCC5CCC43)CC2C1
C1CCC(CCCCCC2CC3CCCCC3C2)CC1
C1CCC2CC(CCCC3CCCC4C3CCC3C5CCCCC5CCC43)CC2C1
C1CCC2C(C1)CCC1CCCCC12
C1CCC2C(C1)CCC1C3CCCC3CCC21
C1CCC(C2CCC3CCC4CCCCC4C3CC2)CC1
C(CCC1CCC2CCCCC2C1)CCC1CCCC2CCCCC12
C1CCC2C(C1)CCC1C3CCCCC3CCC21
C1CCC2C(C1)CCC1C3CCCC3CCC21
C1CCC2C(C1)CCCC2CC1CCC2CCCCC2C2CCC3CCCCC3C12
C1CCCC(CCC2CCC(CCC3CCCCC3)CC2)CC1
C(CCC1CCC2C(CCC3C4CCCC4CCC23)C1)CC1CCC(C2CCC(C3CC4CCCC4C4CCC5CCCCC5C34)CC2)CC1
C1CCC(C2CCC3C(CCCC4CCCCC43)C2)CC1
C1CCC(CCCC2CCC3C(CCC3C3CCCCC3)C2)CC1
C1CCC(C2CCC3CC4C(CCC5C6CCC(CCCC7CCC8CCCCC8C7)C6CCC45)CC32)CC1
C(CCC1CCC2C1CCC1C3CCCCC3CCC21)CC1CC2CCCCC2C1
C1CCC2CCC(C3CCCC4CCCC43)CC2CC1
C1CCC(C2CC3CCCC3C3CCCC4CCCCC4C23)CC1
C1CCC2C(C1)CC(C1CCCC3CCCC31)C1CCCC21
C1CCC(C2CCC3C(CCCC4CCCCC43)C2)CC1
C1CCC(C2CCC3CCC4C(CC5CCC6CCCCC65)CCCC4CC32)CC1
C1CCC(C2CC3CCCC3C3CCCC4CCCCC4C23)CC1
C1CCC(CCCCCC2CC3CCCCC3C2)CC1
C1CCC(CCC2CCCCC2)CC1
C1CCC(CCC2CCC3C(CCC3C3CCCCC3)C2)CC1
C(CCC1CCCC2CCCC12)CC1CC2CCCCC2C1
C1CCC(CCC2CCC(C3CC3)CC2)CC1
C1CCC(CCCCC2CCC3C2CCC2C4CC5CCC(C6CCCCC6)C5CC4CCC32)CC1
C1CCC(CCCCC2CC3CCCCC3C2)CC1
C1CCC(CCC2CCC3C(CC4CCCCC4)CCC3C2)CC1
C1CCC(CCC2CCC(CCC3CCCC(CC4CCCC4)C3)CC2)CC1
C1CCC(C2CC3C(CCC34CCCC4)C3CCC4CCCCC4C23)CC1
C1CCC(C2C3CCCC3CC3CC4CCCC4CC32)CC1
C(CCCC1CCCC2C(C3CCCCC3)CCC12)CCC1CCCCC1
C1CCC(C2CC3CCCC3C3CCC4CCCCCC4C23)CC1
C1CCC(CCCCCC2CC3CCCCC3C2)CC1
C1CCC(CCCCCC2CC3CCCCC3C2)CC1
C1CCC(CCC(CC2CCCCC2)C2CCCCC2)CC1
C1CCC2C(C1)CCC1C3CCCC3CCC21
C1CCC(C2CC3CCCC3C3CCC4CCCCCC4C23)CC1
C1CCC(C2CCC(CC3CC4CCCCC4CC4CCC5CCCCC5C43)CC2)CC1
C1CCC(C2CCC(CCCC3CCC4C3CCC3C5CCCCC5CCC43)C2)CC1
C1CCC2CC(C3CCCC4CCCC43)CCC2C1
C1CCC(C2CC3CCCC3C3CCC4CCCCC4C3C2)CC1
C1CCC(C2CCC3CCC4C(CCC5C6CCC(CCCC7CCC8CCCCC8C7)C6CCC45)CC32)CC1
C1CCC(C2CCC(CCCCCC3CCCC4C(C5CCCCC5)CCC34)C2)CC1
C1CCC(C2CCC3(CCC4CC5C(CCC5C5CCCCC5)CCC43)C2)CC1
C1CCC(CCCC2CCC3C(CCC3C3CCCCC3)C2)CC1
C1CCC(CCC2CCC3C(CCC3C3CCCCC3)C2)CC1
C1CCC(CCC2CCC3C(CCC3C3CCCCC3)C2)CC1
C1CCC(CCCCC2CCC3C2CCC2C4CCCCC4CCC32)CC1
C1CCC2CCC3C4CCCC4CCC3C2CC1
C(CCC1CCCC2CCCCC12)CC1CCC2CCCCC2C1
C1CCC(C2CCC3CC4C(CCCC45CCCCC5)CC32)CC1
C1CCC2CCC3C4CCC(CCCC5CCC6CCCCC6C5)C4CCC3C2CC1
C1CCC(CC2CCC(C3CC4CCCC4C4CCCC5CCCCC5C34)CC2)CC1
C1CCC(CCCC(CCC2CCC3CCCC3C2)CC2CCCCC2)CC1
C1CCC(C2CC3CCCC3C3CCC4CCCCC4C23)CC1
C1CCC(C2CCC3CCCC3C3CCC4CCCCC4C23)CC1
C1CCC(C2CCC(C3CC4CCCC4C4CCC5CCCCC5C34)CC2)C1
C1CCC(CC2CC3CCCCC3C3CCC4CCCCC4C23)C1
C1CCC(CC2CCCCC2CC2CC3CCCCC3CC3CCC4CCCCC4C32)CC1
C1CCC2C(C1)CCCC1CCCCC12
C1CCC(CCC2CCC3C(CCC4CC(C5CCCCC5)CCC43)C2)CC1
C1CCC(CC2CCC3C(CCCCCC4CCC(C5CCCC5)C4)CCCC23)CC1
C1CCC(CCCC2CCC(CCC3CCCCC3)CC2)CC1
C1CCC(CCC2CCC(CCC3CCCCC3)CC2)CC1
C1CCC2C(C1)CCC1C3CCCCC3CCC21
C1CCC(CCCCC2CCC3CCCCC23)CC1
C(CCC1CCCC2CCCCC12)CC1CCC2CCCCC2C1
C1CCC(CCCC2CCC3CCCC3C2)CC1
C1CCC(CCCCC2CCC3CCCCC23)CC1
C1CCC(CCCCCC2CC3CCCCC3C2)CC1
C1CCC(CCCCC2CC3CCCCC3C2)CC1
C1CCC2C(C1)CC(C1CCCC1)C1CCCCC21
C1CCC(C2CC3CCCC3C3CCC4CCCCC4C23)CC1
C1CCC(CCCCC2CCC3CCCCC23)CC1
C1CCC(CCCC2CCC3C2CCC2C4CC5CCC(C6CCCCC6)C5CC4CCCC32)CC1
C1CCC(CC2CCC3C(CCC3C3CCCCC3)C2)CC1
C1CCC2CC(CC3CCCC4CCCC43)CCC2C1
C1CCC(CCCC2CCC(CCC3CCCC(CC4CCCC4)C3)CC2)CC1
C1CCC(C2CCC3CC4C(CCC5C6CCC(CCCC7CCC8CCCCC8C7)C6CCC45)CC32)CC1
C1CCC(C2CC3CCCC3CC3CCC4CCCCC4C32)CC1
C1CCC2C(C1)CCCC1C3CCCC3CCC21
C1CCC(C2CC3C(CCC4CC4)CCC3C3CCC4CCCCC4C23)CC1
C1CCC2CC(C3CCCC4CCCC43)CCC2C1
C1CCC(CCC2CCC3C(CCC3C3CCCCC3)C2)CC1
C1CCC(CCC2CCC(C3CCC4C(CCC4C4CCCCC4)C3)CC2)CC1
C1CCC(C2CCC3CC4CCCCC4CC32)CC1
C1CCC(CCCCCC2CCC3CCCCC23)CC1
C1CCC2C(C1)CCC1C3CCCCC3CCC21
C1CCC(CC2CCC3C(CC4CCCCC4)CCC3C2)CC1
C(CCCC1CCCCC1)CCCC1CCC(C2CCCCC2)C1
C1CCC2CCCCC2C(CCCCC2CCCC3CCCCC23)C1
C1CCC(CCCCC2CCC3CCCCC23)CC1
C(CCCCC1CCC(C2CCCCC2)C1)CCCC1CCCCC1
C1CCC(C2CCC3CC4C(CCCCC45CCCC5)CC32)CC1
C1CCC(CCCCC2CC3CCCCC3C2)CC1
C1CCC(CCC(CC2CC3CCCCC3C2)C2CC2)CC1
C1CCC(C2CCC3CC4C(CCCC4CC4CCC5CCCCC54)CCC32)CC1
C1CCC2C(C1)CCC1C3CCCC3CCC21
C1CCC(CCCCCC2CCCC3C(C4CCCCC4)CCC23)CC1
C1CCC(CCCCCC2CCCC3C(C4CCCCC4)CCC23)CC1
C1CCC(C2CC3CCCC3C3CCC4CCCCC4C23)CC1
C1CCC(CCC2CCC3C(CC4CCCCC4)CCC3C2)CC1
C1CCC2CCC3C4CCCC4CCC3C2CC1
C(CCCCC1CCC2C(CCC3C4CCCC4CCC23)C1)CCCC1CCCC(CC(CC2CCC(CC3CCCCC3)CC2)C2CCCCC2)C1
C1CCC2CCC(C3CCCC4CCCC43)CC2CC1
C(CCC1CCCC2CCCC12)CC1CC2CCCCC2C1
C1CCC2CC(C3CCCC3)C3CCCC3C2CC1
C1CCC2C(C1)CCC1CCCCC12
C1CC(C2CCC(C3CC4CCCC4C4CCC5CCCCC5C34)CC2)C1
C1CCC(CCCCC2CC3CCCCC3C2)CC1
C1CCC2CCC(C3CCCC4CCCC43)CC2CC1
C1CCC(C2CC3CCCC3C3CCCC4CCCCC4C23)CC1
C1CCC2CCC3C4CCCC4CCC3C2CC1
C1CCC2CCC3C4CCCCC4CC(CC4CCCC4)C3C2CC1
C1CCC(C2CCC3CCCC3C3CCC4CCCCC4C23)CC1
C1CCC2C(C1)CCCC1C3CCCC3CCC21
C(CCC1CCCC2CCCCC12)CC1CCCC2CCCCC12
C(CC1CCC2CCCC2C1)CC1CCCC2CCC(C3CCCC4CCCC43)CC2C1
C1CCC2CCC(C3CCCC4CCCC43)CC2CC1
C1CCC2CC(CC3CCCC4CCCC43)CCC2C1
C1CCC(CCC2CC3CCCC3C3CCC4CCCCCC4C23)CC1
C1CCC(C2CCC3CC4C(CCC5C6CCC(CCCC7CC8CCCCC8C7)C6CCC45)CC32)CC1
C1CCC(C2CCC3CC4(CCCCCC4C4CCCCC4)CCC32)CC1
C1CCC2CC(CCCC3CCC4C3CCCC3C5CCCCC5CCC34)CC2C1
C1CCC(CCC2(CCCC3CC4CCCCC4C3)CCC3C4CCC5CCCCC5C4CCC32)C1
C1CCC(C2CCC3CC4C(CCC45CCCCC5)CC32)CC1
C1CCC(C2CC3CCCC3C3CCCC4CCCCC4C23)CC1
C1CCC2CC(C3CCCC4CCCC43)CCC2C1
C1CCC2CCC3C4CCCCC4CCC3C2CC1
C1CCC(C2CC3CCCC3CC3CCC4CCCCC4C32)CC1
C(CCC1CCCC2CCCCC12)CCC1CCCC2CCCCC12
C1CCC(CCCCC2(CCC3CCCC3)CCC3C4CCC5CCCCC5C4CCC32)CC1
C1CCC2CC3CCC4C(CCCC5CC6CCCCC6C5)CCC4C3CCC2C1
C(CCCC1CCCC2CCCC12)CCC1CCCCC1
C1CCC(CCCCCC2CCCC3C(CC4CCCCC4)CCC23)CC1
C(CCC1CCCC2CCCC12)CC1CC2CCCCC2C1
C1CCC2CCC(C3CCCC4CCCC43)CC2CC1
C1CCC(CCCC(CC2CCC3C(CCC3C3CCCCC3)C2)C2CCCCC2)CC1
C1CCC(CC2CC3CCCCC3C3CCC4CCCCC4C23)CC1
C1CCC(CCCCCC2CCC3CCCCC23)CC1
C1CCC2CCC(C3CCCC4CCCC43)CC2CC1
C1CCC(CC2CC3CCCC3C3CCC4CCCCC4C23)CC1
C1CCC(C2CC3CCCCC3C3CCC4CCCCC4C23)CC1
C1CCC(CC2CC3CCCCC3C3CCC4CCCCC4C23)C1
C1CCC(C2CC3CCCC3C3CCC4CCCCC4C23)CC1
C1CCC(C2CCC3C(CCC4CCCCC43)C2)CC1
C1CCC2C(C1)CCC1CCCCC12
C1CCC(C2CCC3C(CCCC4CCCCC43)C2)CC1
C1CCC(CCCCCC2CCCC3C(C4CCCCC4)CCC23)CC1
C1CCC2CCC(C3CCCC4CCCC43)CC2CC1
C1CCC2CC(C3CCCC4CCCC43)CCC2C1
C(CCC1CCCC2CCCCC12)CC1CC2CCCCC2C1
C1CCC(C2CC3CCCC3C3CCCC4CCCCC4C23)CC1
C1CCC(CCCC2CCC3C2CCC2C4CC5CCC(C6CCCCC6)C5CCC4CCC32)CC1
C(CCC1CCCC2CCCCC12)CCC1CCCC2CCCCC12
C1CCC(C2CC3CCCC3C3CCCC4CCCCC4C23)CC1
C1CCC2C(C1)CCCC1C3CCCC3CCC21
C1CCC(C2CCC3CC4C(CCC5C6CCC(CCCC7CCC8CCCCC8C7)C6CCCC45)CC32)CC1
C1CCC(CCC2CCC3C(CCC4C5CCCCC5CCC34)C2)CC1
C(CCCC1CCCC2C(C3CCCCC3)CCC12)CCC1CCCCC1
C1CCC2CC(C3CCCC4CCCC43)CCC2C1
C1CCC2C(C1)CCCC2CCCC1CCCC2C1CCC1C3CCCCC3CCC21
C1CCC(CCCCCC2CCCC3C(C4CCCCC4)CCC23)CC1
C1CCC(CCC2CCC3C(CCC4C5CCCC5CCC34)C2)CC1
C1CCC(CCC2CCC3C(CCC3C3CCCCC3)C2)CC1
C(CCCCC1CCC(C2CCCCC2)C1)CCCC1CCCCC1
C1CCC(CCCCCC2CC3CCCCC3C2)CC1
C1CCC2CCC(C3CCCC4CCCC43)CC2CC1
C1CCC(CCCCC2CC3CCCCC3C2)CC1
C1CCC(CCCCCC2CCCC3C(C4CCCCC4)CCC23)CC1
C1CCC(CCC(CCC2CCC3CCCC3C2)CC2CCCCC2)CC1
C1CCC2CCC(C3CCCC4CCCC43)CC2CC1
C1CCC(CCCC(CCC2CCC3CCCC3C2)CC2CCCCC2)CC1
C1CCC(CCC(CCC2CCC3CCCCC3C2)CC2CCCCC2)CC1
C1CCC(C2CCC3C(CCC4CCCCC43)C2)C1
C1CCC(CCCC2(CCCC3CCCC3)CCC3C4CCC5CCCCC5C4CCC32)CC1
C1CCC(CCCC2CCC3C2CCC2C4CC5CCC(C6CCCCCC6)C5CC4CCC32)CC1
C1CCC(CCCC2CCCC3CC4C(CCC4C4CCCCC4)CC23)CC1
C1CCC(C2CCC3CC4C(CC5CC6CCCCC6C5)CCCC4CC32)CC1
C1CCC(C2CCC3CC4C(CCC32)CCC2C3CCC(CCCC5CCCC6CCCCC65)C3CCC42)CC1
C1CCC(CCCC2CCCC(C3CCC4CC(CCC5CCC6CCCCC6C5)CCC43)C2)CC1
C(CCC1CCCC2CCCC12)CC1CC2CCCCC2C1
C1CCC(C2CCC3CC4C(CCC45CCCC5)CC32)CC1
C1CCC(CCC2CCC3C(CCC4CC3CCC3CCCC34)C2)CC1
C1CCC(CC2CCC3C(CCC3C3CCCCC3)C2)CC1
C1CCC(CCC2CCC(CCC3CCCCC3)CC2)CC1
C1CCC(CCCCC2CCC3CCCCC23)CC1
C1CCC(CC2CCCC(C3CCC4CC(CCC5CCC6CCCCC6C5)CCC43)C2)C1
C1CCC(CCCCCC2CCC3CCCCC23)CC1
C1CCC(C2CC3CCCC3C3CCC4CCCCCC4C23)CC1
C1CCC(CCCC(CCC2CCC3CCCC3C2)CC2CCCCC2)CC1
C(CCCC1CCC2CCCC2C1)CCC1CCCCC1
C1CCC(C2CC3CCCCC3C3CCCCC3C2)CC1
C1CCC(C2CCC3C(CCC4CCCCC43)C2)CC1
C1CCC2CC(C3CCCC4CCCC43)CCC2C1
C(CCCC1CCCCC1)CCCC1CCC(C2CCCCC2)C1
C(CCC1CCCC2CCCC12)CC1CC2CCCCC2C1
C1CCC(C2CCC3CCCC3C3CCC4CCCCC4C23)CC1
C1CCC(C2CCC3CC4CC5CCC6C(CCCC7CC8CCCCC8C7)CCC6C5CCC4CC32)CC1
C(CCC1CCCC2CCCCC12)CC1CCCC2CCCCC12
C1CCC2CC(CC3CCCC4CCCC43)CCC2C1
C1CCC(CCC2CCC(CCC3CCCC(CCC4CCCC4)C3)CC2)CC1
C1CCC(C2CC3CCCC3C3CCC4CCCCC4C23)CC1
C1CCC(CCCCC2CCCC3CCC(CC4CCCCC4)CC23)CC1
C1CCC(C2CC3CCCC3C3CCCC4CCCCC4C23)CC1
C1CCC(C2CC3CCCC3C3CCC4CCCCC4C23)CC1
C1CCC2C(C1)CCCC1C3CCCC3CCC21
C1CCC(CCC(CCC2CCC3CCCC3C2)CC2CCCCC2)CC1
C1CCC2CCC(C3CCCC4CCCC43)CC2CC1
C1CCC(C2CCC3CCC4C(CCC45CCCC5)CC32)CC1
C1CCC(CC2CC3CCCCC3C3CCC4CCCCCC4C23)CC1
C1CC2CCC3C(CCC4CCCCC43)CC2C1
C1CCC(CC2CC3CCCCC3C3CCC4CCCCC4C23)CC1
C1CCC(CCCC2CC3CCCCC3C2C2CCCCC2)CC1
C1CCC(CC2CC3CCCCC3C3CCC4CCCCC4C23)C1
C1CCC(CCCCCC2CCCC3CCCC23)CC1
C(CCCC1CCCC2C(C3CCCCC3)CCC12)CCC1CCCCC1
C1CCC(CCCC2CCC3C2CCC2C4CCCCC4CCC32)C1
C1CCC(CCCC2CCCCC3CCC(C4CCCC5CCCC54)CC23)CC1
C1CCC(C2CC3CCCC3C3CCC4CCCCC4C23)CC1
C1CCC(C2CCC3CC4C(CCCC45CCCC5)CC32)CC1
C1CCC(CCCCCC2CC3CCCCC3C2)CC1
C1CCC(CCCCCC2CCCC3C(C4CCCCC4)CCC23)CC1
C1CCC(CCC(CCC2CCC3C(CCC3C3CCCCC3)C2)C2CCCCC2)CC1
C1CCC2C(C1)CC(C1CCCC1)C1CCCCC21
C1CCC(CCCC2CCC3C(CCC3C3CCCCC3)C2)CC1
C(CCCC1CCCC2C(C3CCCCC3)CCC12)CCC1CCCCC1
C1CCC2C(C1)CC(C1CCCC1)C1CCCC21
C1CCC(CCCC2CCC3C(CCC3C3CCCCC3)C2)CC1
C(CCCCC1CCC2C(CCC3C4CCCCC4CCC23)C1)CCCC1CCCC(CC(CC2CCC(CC3CCCCC3)CC2)C2CCCCC2)C1
C1CCC(CCCC2CCC3CCC(C4CCCC5CCCC54)CC3CC2)CC1
C1CCC(CCCC2CCC3CCC(C4CCCC5CCCC54)CC3C2)CC1
C1CCC(CCCCCC2CCC3CCCCC23)CC1
C1CCC2CCC3C4CCC(CCCC5CC6CCCCC6C5)C4CCC3C2CC1
C1CCC(CCCCC2C(CC3CCCC4CCCC43)CCC3CCCCC32)CC1
C1CCC(C2CC3CCCC3C3CCC4CCCCC4C23)CC1
C1CCC(C2CC3CCCC3C3CCC4CCCCC4C23)CC1
C1CCC(CCC2CCC3C(CC4CCCCC4)CCC3C2)CC1
C1CCC2C(C1)CCC1CCCCC12
C1CCC2CC(CCCC3CCCC4CCCCC43)CC2C1
C1CCC(CC2CC3CCCCC3C3CCC4CCCCC4C23)C1
C1CCC2CC(C3CCCC4CCCC43)CCC2C1
C1CCC(CCC2CCC3C(CCC3C3CCCCC3)C2)CC1
C1CCC(C2CCC3CC4C(CCC32)CCC2C3CCC(CCCC5CCC6CCCCC6C5)C3CCC42)CC1
C1CCC(CCCC2CCC3CCC(C4CCCC5CCCC54)CC3C2)CC1
C1CCC(C2CCC3CC4(CCCCCCC4C4CCCCC4)CCC32)CC1
C(CCC1CCCC2CCCC12)CC1CC2CCCCC2C1
C1CCC(CCCCC2CC3CCCCC3C2)CC1
C1CCC(CCCCCC2CCCC3C(C4CCCCC4)CCC23)CC1
C1CCC(C2CC3CCCCC3CC3CCCCC32)CC1
C1CCC2CC(CCCC3CCC4C3CCC3C5CCCCC5CCC43)CC2C1
C(CCC1CCCC2CCCC12)CC1CC2CCCCC2C1
C1CCC(C2CC3CCCC3C3CCC4CCCCC4C23)CC1
C1CCC(C2CCC3CC4C(CCC5C6CCC(CCCC7CCC8CCCCC8C7)C6CCC45)CC32)CC1
C(CCC1CCC2CCCCC2C1)CCC1CCCC2CCCCC12
C1CCC(CC2CC3CCCCC3C3CCC4CCCCC4C23)C1
C1CCC(CCC2CCC3C(CCC3C3CCCCC3)C2)CC1
C(CCCC1CCCC2CCCCC12)CCC1CCCC1
C1CCC(C2CCC3CC4C(CCC45CCCCC5)CC32)CC1
C1CCC(CC2CCCCC2CC2CC3CCCCC3C3CCC4CCCCCC4C23)CC1
C1CCC(CCC2CCC3C(CCC3C3CCCCC3)C2)CC1
C1CCC(C2CCC(CCCCCC3CCCC4CCCCC34)C2)CC1
C1CCC(CCCCCC2CC3CCCCC3C2)CC1
C1CCC2C(C1)CCC1C3CCCC3CCC21
C1CCC(CCCCCC2CC3CCCCC3C2)CC1
C1CCC2C(C1)CCC1CCCCC12
C1CCC(CC2CCCCC2CC2CC3CCCCC3C3CCC4CCCCC4C23)CC1
C1CCC(CCCC2CCC3C2CCC2C4CC5CCC(C6CCCCC6)C5CC4CCC32)CC1
C1CCC(CCCCCC2CC3CCCCC3C2)CC1
C1CCC(CCCCC2CC3CCCCC3C2)CC1
C1CCC(CCC2CCC3C(CCC3C3CCCCC3)C2)CC1
C(CCCC1CCCC2C(C3CCCCC3)CCC12)CCC1CCCCC1
C1CCC(CC2CC3CCCCC3C3CCC4CCCCC4C23)CC1
C1CCC(CCCCCC2CCCC3C(C4CCCCC4)CCC23)CC1
C1CCC(CC2CC3CCCCC3C3CCC4CCCCCC4C23)CC1
C1CCC(C2CCC3CCCC3C3CCC4CCCCC4C23)CC1
C1CCC2CCC(C3CCCC4CCCC43)CC2CC1
C1CCC2CC(C3CCCC4CCCC43)C3CCCC3C2CC1
C1CCC(CCCC2CCCC3CCC(CC4CCCC5CCCC54)CC23)CC1
C1CCC(C2CC3CCCC3C3CCC4CCCCCC4C23)CC1
C(CCCC1CCCCC1)CCC1CCCCC1
C1CCC(CCC2CCC3C(CCC3C3CCCC(CC4CCCC4)C3)C2)CC1
C1CCC(CC2CC3CCCCC3C3CCC4CCCCC4C23)CC1
C1CCC(C2CC3CCCC3C3CCC4CCCCC4C23)CC1
C1CCC(CCCCCC2CCC3CCCCC23)CC1
C1CCC(C2CC3CCCCC3C3CCC4CCCCC4C23)CC1
C1CCC2CCC3CCCCC3C2CC1
C1CCC2CCC3C4CCCC4CC(C4CCC(C5CCCC5)CC4)C3C2CC1
C1CCC(CCCC2(CCCC3CCCC3)CCC3C4CCC5CCCCC5C4CCC32)C1
C1CCC(CCC2CCC3C2CCCC(C2CCCCC2)C2C4CCCCC4CCC32)CC1
C1CCC2CCC(C3CCCC4CCCC43)CC2CC1
C1CCC(CCCC2CCC3CCCC3C2)CC1
C1CCC2CCC(C3CCCC4CCCC43)CC2CC1
C1CCC(CCCCC2CCCC3CCCCC23)CC1
C1CCC2CCC(C3CCCC4CCCC43)CC2CC1
C1CCC2CCC3C4CCC(CCCC5CCCC5)C4CCC3C2CC1
C1CCC(CCCCCC2CCCC3C(C4CCCCC4)CCC23)CC1
C1CCC(C2CCC3CC4C(CCCC45CCCCC5)CC32)CC1
C1CCC(C2CC3CCCCC3C3CCC4CCCCC4C23)CC1
C1CCC2C(C1)CCCC1CCCCC12
C1CCCC(C2CCC3CC4C(CCC5C6CCCC6CCC45)CC32)CC1
C1CCC(CCCC2CCC3C2CCC2C4CC5CCC(C6CCCCC6)C5CC4CCC32)CC1
C1CCC(C2CCC3CC4C(CCC45CCCCCC5)CC32)CC1
C1CCC2CC(CCCC3CCC4C3CCC3C5CCCCC5CCC43)CC2C1
C1CCC(CCCCCC2CCCC3C(C4CCCCC4)CCC23)CC1
C(CCC1CCCC2CCCCC12)CC1CC2CCCCC2C1
C1CCC(C2CC3CCCC3C3CCC4CCCCC4C23)CC1
C1CCC(C2CCC3CC4C(CCC5C6CCC(CCCCC7CC8CCCCC8C7)C6CCC45)CC32)CC1
C1CCC(CCCCC2CC3CCCCC3C2)CC1
C1CCC2CC(CCCC3CCC4C3CCC3C5CCCCC5CCC43)CCC2C1
C1CCC2C(C1)CCC1C2CCC2C3CCCC3CC21
C1CCC(CCCC2CCCC3CCC(C4CCCC5CCCC54)CC23)CC1
C1CCC(C2CC3CCCC3C3CCCC4CCCCC4C23)CC1
C1CCC(CCC2CCC(CCC3CCCC(CC4CCCC4)C3)CC2)CC1
C(CCC1CCC2CCCCC2C1)CCC1CCCC2CCCCC12
C1CCC(CCCCC2CC3CCCCC3C2)CC1
C1CCC(CC2CCCCC2CC2CC3CCCCC3C3CCC4CCCCC4C23)CC1
C1CCC(CCC2CCC3C(CC4CCCCC4)CCC3C2)CC1
C1CCC(C2CC3CCCC3C3CCC4CCCCC4C23)CC1
C1CCC(CC2CC3CCCCC3C3CCC4CCCCCC4C23)CC1
C1CCC2C(C1)CCC1C3CCCCC3CCCC21
C1CCC2C(C1)CCC1CCCCC12
C1CCC2C(C1)CCC1C3CCCC3CCC21
C1CCC(CC2CCC3C(CCC3C3CCCCC3)C2)CC1
C1CCC(C2CCC3CC4C(CCCC45CCCCC5)CC32)CC1
C1CCC(CCC2(CCCC3CC4CCCCC4C3)CCC3C4CCC5CCCCC5C(CCC32)C4)C1
C1CCC(CCC2CCC3C(CC4CCCC4)CCC3C2)CC1
C1CCC(CCC2CCC3C(CCC3C3CCCCC3)C2)CC1
C1CCC2C(C1)CCC1C3CCCCC3CCC21
C(CCC1CCCC2CCCC12)CC1CC2CCCCC2C1
C(CCC1CCCC2CCCCC12)CC1CCCC2CCCCC12
C(CCCC1CCCC2C1CCC2C1CCC(CC2CC2)CC1)CCC1CCCCC1
C1CCC(C2CCC3CC4C(CCCC5C6CCC(CCCC7CC8CCCCC8C7)C6CCC45)CC32)CC1
C1CCC(CC2CC3CCCCC3C3CCC4CCCCC4C23)CC1
C1CCC(CCC2CCC3C(CCC4CC5CCCC5CC(CCC5CCCCC5)C43)C2)CC1
C1CCC(C2CCC3CC(C4CCC(CCC5CCCC5)CC4)CCC32)CC1
C1CCC2CCC3C4CCC(CCCC5CC6CCCCC6C5)C4CCC3C2CC1
C(CCCCC1CCC(C2CCCCC2)C1)CCCC1CCCCC1
C1CCC(C2CCC3CC(C4CCC(CCC5CCCC5)CC4)CCC32)CC1
C1CCC(C2CCC3CCC4(CCCCCC4C4CCCCC4)CCC32)CC1
C1CCC(CCCC2CCC3C(CCC3C3CCCC3)C2)CC1
C1CCC(C2CC3CCCC3C3CCC4CCCCC4C23)CC1
C1CCC(CC2CC3CCCCC3C3CCC4CCCCC4C23)C1
C1CCC(CC2CCCC(CCC3CCC(CCC4CCC(C5CC5)CC4)CC3)C2)C1
C1CCC(CC2CC3CCCCC3C3CCC4CCCCC4C3C2)CC1
C(CCCC1CCCCC1)CCCC1CCC(C2CCCCC2)C1
C1CCC(CC2CC3CCCCC3C3CCC4CCCCC4C23)C1
C1CCC(C2CCC3(CCC4CC5C(CCC5C5CCCCC5)CC43)C2)CC1
C1CCC2C(C1)CCC1C2CCC2C3CCCC3CC21
C1CCC(C2CCC3CC4C(CCC5C6CCC(CCCCC7CC8CCCCC8C7)C6CCC45)CC32)CC1
C1CCC(C2CCC3CCCCC3C3CCC(CCC4CCCC4)CC23)CC1
C1CCC(CCC2CCC3C(CC4CCCCC4)CCC3C2)CC1
C1CCC2C(C1)CCC1C3CCCC3CCC21
C1CCC2CC(CCCC3CCC4C3CCC3C5CCCCC5CCC43)CCC2C1
C1CC2CCC3C(CCC4CCCCC43)CC2C1
C1CCC(CCCC2CCC3CCC(C4CCCC5CCCC54)CC3C2)CC1
C(CCC1CCCC2CCCCC12)CC1CC2CCCCC2C1
C1CCC(CCC2CCCCC2)CC1
C1CCC2C(C1)CCCC1CCCCC12
C1CCC(CC2CC3CCCCC3C3CCC4CCCCC4C23)CC1
C1CCC(C2CCC(C3CC4CCCC4C4CCC5CCCCC5C34)CC2)C1
C(CCC1CCCC2CCCCC12)CC1CC2CCCCC2C1
C1CCC(CC2CC3CCCCC3C3CCC4CCCCCC4C23)CC1
C1CCC(CC2CC3CCCCC3CC3CCC4CCCCC4C32)C1
C1CCC2CC(CC3CCCC4CCCC43)CCC2C1
C1CCC2CC(CCCC3CCCC4C3CCC3C5CCCCC5CCC43)CC2C1
C1CCC(CCCCCC2CCCC3C(C4CCCCC4)CCC23)CC1
C1CCC(C2CCC3C(CCCCCC4CCC4)CCCC23)CC1
C(CCCC1CCCCC1)CCCC1CCC(C2CCCCC2)C1
C(CCCCC1CCC(C2CCCCC2)C1)CCCC1CCCCC1
C1CCC(CC2CC3CCCCC3C3CCC4CCCCCC4C23)CC1
C1CCC2CCC3C4CCC(CCCC5CCC6CCCCC6C5)C4CCC3C2CC1
C1CCC2C(C1)CCCC2CCCC1CCC2C1CCCC1C3CCCCC3CCC12
C1CCC(CCCCC2CC3CCCCC3C2)CC1
C1CCC2CC(CC3CCCC4CCCC43)CCC2C1
C1CCC(C2CCCC(CC3CC4CCCCC4C4CCC5CCCCC5C34)C2)C1
C(CCC1CCCC2CCCCC12)CC1CCCC2CCCCC12
C1CCC(C2CCC3CC4C(CCC45CCCC5)CC32)CC1
C1CCC(C2CC3CCCC3C3CCC4CCCCC4CC23)CC1
C1CCC(CC23CCCCC2CCC2C4CCCC4CCCC23)CC1
C1CCC(C2CC3CCCC3C3CCC4CCCCC4C23)CC1
C1CCC(C2CCC3CC4C(CCC45CCCCC5)CC32)CC1
C(CCCC1CCC(C2CCCCC2)C1)CCC1CCCCC1
C1CCC(C2CCC3CC4C(CCCC5C6CCCC6CCC45)CC32)CC1
C1CCC2C(C1)CCC1CCCCC12
C1CCC(CC2CCC3CC4C(CCC5C6CCC(CCCC7CCC8CCCCC8C7)C6CCC45)CC23)CC1
C1CCC(CCCCCC2CC3CCCCC3C2)CC1
C1CCC(CCCC2CCC3C(CCC4C5CCCC5CCC34)C2)CC1
C1CCC(CCCCCC2CCCC3C(C4CCCCC4)CCC23)CC1
C1CCC(C2CC3CCCC3C3CCC4CCCCC4C23)CC1
C(CCCC1CCCC2CCCC12)CCC1CCCCC1
C1CCC(C2CCC3CC4C(CC5CC6CCCCC6C5)CCCC4CC32)CC1
C1CCC(CCCCC2CC3CCCCC3C2)CC1
C1CCC(CCCCC2CCC3CCCCC23)CC1
C1CCC(CCC2CCC3C(CCC4CC5CCCC5CCC43)C2)CC1
C1CCC2C(C1)CCC1C3CCCC3CCC21
C1CCC(CCCCC2CCCC3CCC(C4CCCCC4)CC3C2)CC1
C1CCC2C(C1)CCC1C2CCC2CCC3CC3C21
C1CCCC(C2CCC3CC4C(CCC5C6CCC(CCCC7CC8CCCCC8C7)C6CCC45)CC32)CC1
C1CCC2CCC3C4CCCCC4CCC3C2CC1
C1CCC2C(C1)CCC1C3CCCC3CCC21
C1CCC(CCCCC2CC3CCCCC3C2)CC1
C(CCC1CCCC2CCCC12)CC1CC2CCCCC2C1
C1CCC2C(C1)CCCC2CCCC1CCC2C1CCCC1C3CCCCC3CCC12
C1CCC(CCCCC2CCC3CCCCC23)CC1
C(CCC1CC2CCCCC2C1)CCC1CCCC2CCCC12
C1CCC2CC(CC3CCCC4CCCC43)CCC2C1
C(CCCC1CCCCC1)CCCC1CCC(C2CCCCC2)C1
C1CCC(C2CCC3CC4C(CCC45CCCCC5)CC32)CC1
C1CCC(CCC2CCC(C3CC3)CC2)CC1
C1CCC(CCCCCC2CCCC3C2CCC3C2CCCC(CC3CCCCC3)C2)CC1
C1CCC(CC23CCCCC2CCC2C4CCCC4CCCC23)CC1
C1CCC(C2CCC3CCC4C(CC5CC6CCCCC6C5)CCCC4CC32)CC1
C1CCC2C(C1)CCCC2CCCC1CCCC2CCCCC21
C1CCC(CCCCC2CC3CCCCC3C2)CC1
C1CCC(CC(CC2CCCCC2)C2CCCCC2)CC1
C1CCC(C2CCC3CC4C(CCCCC45CC(C4CCCCC4)C(C4CCCCC4)C5)CC32)CC1
C1CCC2C(C1)CCC1CCCCC12
C1CCC(CCC2CCCC(C3CCC4CC(CCC5CCC6CCCCC6C5)CCC43)C2)C1
C1CCC(CCCCC2CC3CCCCC3C2)CC1
C(CCC1CCCCC2CCCCC12)CC1CCC2CCCCC2C1
C1CCC(CC2CCC3C(CC4CCCCC4)CCC3C2)CC1
C1CCC2CC3CCC(C4CCCCC4)C3CC2CC1
C1CCC2CC(C3CCCC4CCCC43)CCC2C1
C1CCC(CCC2CCCCC3CCC(C4CCCC5CCCC54)CC23)CC1
C1CCC2C(C1)CCCC1CCCCC12
C1CCC(CCCCCC2CC3CCCCC3C2)CC1
C1CCC(C2CC3CCCC3C3CCC4CCCCC4C3C2)CC1
C(CC1CCCC2CCCCC2C1)CC1CC2CCCCC2C1
C1CCC(CCC(CC2CCC3C(CCC3C3CCCCC3)C2)C2CCCCC2)CC1
C1CCC(CCCCC2CCC3CCCCC23)CC1
C1CCC2CC(C3CCCC4CCCC43)CCC2C1
C1CCC(C2CC3CCCC3C3CCCC4CCCCC4C23)CC1
C(CCCC1CCCCC1)CCCC1CCC(C2CCCCC2)C1
C1CCC2CC(C3CCCC4CCCC43)CCC2C1
C(CCCC1CCCC2CCCC12)CCC1CCC2CCCCC2C1
C1CCC2CCC3C4CCC(CCCC5CCCC6CCCCC65)C4CCC3C2CC1
C1CCC(C2CC3CCCC3C3CCC4CCCCC4C23)CC1
C1CCC2CCC3C4CCCCC4CC(CC4CCCC5CCCCC54)C3C2CC1
C1CCC(CC2CC3CCCCC3C3CCC4CCCCCC4C23)CC1
C1CCC(C2CCC3CC4C(CCC5C6CCC(CCCC7CCC8CCCCC8C7)C6CCC45)CC32)CC1
C1CCC(CCCC2CCC(C3CCCC4C(C5CCCCC5)CCC34)C2)CC1
C1CCC(C2CCC(C3CC4CCCC4C4CCCC5CCCCC5C34)CC2)C1
C1CCC(CCC2CCC3C(CCC4CCCCC43)C2)CC1
C(CCCC1CCCC2CCCC12)CCC1CCCCC1
C(CCCC1CCCC2C(C3CCCCC3)CCC12)CCC1CCCCC1
C1CCC2CC(CC3CCCC4CCCC43)CCC2C1
C1CCC(CCC2CCC(C3CCC3)CC2)CC1
C1CCC2C(C1)CCC1C3CCCCC3CCC21
C1CCC(C2CCC(CCCCCC3CCCC4C(C5CCCCC5)CCC34)C2)CC1
C1CCC2CC(C3CCCC3)C3CCCC3C2CC1
C1CCC(C2CC3CCCC3C3CCCC4CCCCC4C23)CC1
C1CCC(C2CC3C(CCC34CCCCC4)C3CCC4CCCCC4C23)CC1
C1CCC2CC(C3CCCC4CCCC43)CCC2C1
C1CCC(CCC2CCC(CCC3CCCC(CCC4CCCC4)C3)CC2)CC1
C1CCC(C2CC3CCCCC3C3CCCCC3C2)CC1
C1CCC(C2CCC3CCCC3C3CCC4CCCCCC4C23)CC1
C1CCC2CC(C3CCCC3)C3CCCCC3CC2C1
C1CCC(CC2CC3CCCCC3C3CCC4CCCCC4C23)CC1
C1CCC(CCCCC2CC3CCCCC3C2)CC1
C1CCC(CC2CCC(CC(CC3CCCCC3)C3CCCCC3)CC2)CC1
C1CCC2CC(C3CCCC4CCCC43)C3CCCC3C2CC1
C(CCC1CCC2C1CCC1C3CCCCC3CCC21)CC1CC2CCCCC2C1
C(CCCC1CCCC2C(C3CCCCC3)CCC12)CCC1CCCCC1
C1CCC(CCCCC2CC3CCCCC3C2)CC1
C1CCC(C2CCC3CC4C(CCC32)CCC2C3CCC(CCCC5CCC6CCCCC6C5)C3CCC42)CC1
C1CCC(CCC2CCC(CCC3CCCC(CC4CCCC4)C3)CC2)CC1
C1CCC(CC2CCC(CC(CC3CCCCC3)C3CCCCC3)CC2)CC1
C1CCC(CCC2CCC(C3CCC4C(CCC4C4CCCCC4)C3)CC2)CC1
C1CCC2CC(C3CCCC4CCCC43)CCC2C1
C(CCC1CCCCC2CCCCC12)CC1CCC2CCCCC2C1
C1CCC(CCCCCC2CC3CCCCC3C2)CC1
C1CCC(CCC2CCC(CCC3CCCC(CC4CCCCC4)C3)CC2)CC1
C1CCC(CC2CC3CCCCC3C3CCC4CCCCC4C23)CC1
C1CCC(CCCC2CCCC3CCC(C4CCCC5CCCC54)CC3C2)CC1
C1CCC(CC2CC3CCCCC3C3CCC4CCCCCC4C23)CC1
C1CCC(C2CCC3CC4C(CCC45CCCCCC5)CC32)CC1
C1CCC(CCCC2CCC3C2CCC2C4CC5CCC(C6CCCCC6)C5CCC4CCC32)CC1
C1CCC(CCC(CCC2CCC3C(CCC3C3CCCCC3)C2)C2CCCCC2)CC1
C1CCC(CCCCC2CC3CCCCC3C2)CC1
C1CCC(C2CCC3CCC4C(CCCC45CCCC5)CC32)CC1
C1CCC(CCCCCC2CC3CCCCC3C2)CC1
C1CCC(C2CCC3CC4C(CCC32)CCC2C3CCC(CCCC5CCC6CCCCC6C5)C3CCC42)CC1
C1CCC(C2CC3CCCC3C3CCCC4CCCCC4C23)CC1
C1CCC(CCCCCC2CC3CCCCC3C2)CC1
C1CCC(C2CCC3CC4C(CCC5C6CCC(CCCC7CCC8CCCCC8C7)C6CCC45)CC32)CC1
C1CCC(CCC2(CCCCC3CC4CCCCC4C3)CCC3C4CCC5CCCCC5C4CCC32)C1
C1CCC2C(C1)CCCC2CCCC1CCC2C1CCC1C3CCCCC3CCCC21
C1CCC(CCC2CCC3C(CC4CCCCC4)CCC3C2)CC1
C(CCCC1CCCCC1)CCC1CCCCC1
C1CCC2C(C1)CC(C1CCCC3CCCC31)C1CCCC21
C1CCC(CCCCCC2CCC3CCCCC23)CC1
C1CCC(CCCCC2CCC3CCCCC23)CC1
C1CCC(C2CC3CCCC3C3CCC4CCCCC4C23)CC1
C1CCC(C2CCC3CCC4C(CCC5C6CCCC6CCC45)CC32)CC1
C1CCC(C2CCC3CC4C(CCCC45CCCCC5)CC32)CC1
C1CCC(CC2CC3CCCCC3C3CCC4CCCCC4C23)C1
C1CCC(CCCC2CCCC3CCC(C4CCCC5CCCC54)CC3C2)CC1
C1CCC(C2CCC3CC4C(CCC32)CCC42CCCCC2)CC1
C1CCC(CCC2CCCCC3CCC(C4CCCC5CCCC54)CC23)CC1
C1CCC(CC2CCC(CC(CC3CCCCC3)C3CCCCC3)CC2)CC1
C1CCC2CCC3C4CCCC4CCC3C2CC1
C1CCC(CCC(CC2CC3CCCCC3C2)C2CCCC2)CC1
C1CCC(CCC2CCC(C3CCC4C(CCC4C4CCCCC4)C3)CC2)CC1
C1CCC(C2CCC3CC4C(CCC5C6CCC(CCCC7CCC8CCCCC8C7)C6CCC45)CC32)CC1
C1CCC(CC2CC3CCCCC3C3CCC4CCCCC4C23)C1
C1CCC(C2CCC3CC4C(CCCC45CCCC5)CC32)CC1
C1CCC(C2CCC3CC4C5CCC6C(CCCC7CCC8CCCCC8C7)CCC6C(CCC4CC32)C5)CC1
C1CCC2CC(C3CCCC4CCCC43)CCC2C1
C(CCCC1CCCC2C(C3CCCCC3)CCC12)CCC1CC1
C1CCC(CCCCC2CC3CCCCC3C2)CC1
C(CCCC1CCCC2C(C3CCCCC3)CCC12)CCC1CCC(C2CCCC2)C1
C1CCC(CC2CCC3C(CCC3C3CCCCC3)C2)CC1
C(CCC1CCCC1)CCC1CCCC2CCCCC12
C(CCCC1CCCCC1)CCCC1CCC(C2CCCCC2)C1
C1CCC(CCC(CCC2CCC3CCCCC3C2)CC2CCCCC2)CC1
C1CCC(C2CCC3CC4C(CCC5CCCCCC54)CC32)CC1
C1CCC(CCCCC2CC3CCCCC3C2)CC1
C1CCC(C2CC3CCCC3C3CCC4CCCCC4C23)CC1
C1CCC(CCC2CCC(CCC3CCCC(CC4CCCCC4)C3)CC2)CC1
C1CCC(C2CC3CCCC3C3CCC4CCCCCC4C23)CC1
C1CCC(CCCCC2CCC3CCCCC3C2)CC1
C1CCC2CC(CCCC3CCCC4C3CCC3C5CCCCC5CCC43)CCC2C1
C1CCC(CCC2CCC3C(CC4CCCCC4)CCC3C2)CC1
C1CCC(CCC2CC3CCCC3C3CCC4CCCCCC4C23)CC1
C1CCC(C2CCC3CC4C(CCCC45CCCC5)CC32)CC1
C1CCC(C2CCC3C(CCCC4CCCCC43)C2)CC1
C1CCC(CC2CCC3CC(C4CCC(CCC5CCCC5)CC4)CCC23)CC1
C1CCC(CCC2CCC3C(CCC3C3CCCC(CCC4CCCCC4)C3)C2)CC1
C1CCC(C2CCCC3C(CCC4CCCCC43)C2)CC1
C1CCC2C(C1)CCCC1C3CCCC3CCC21
C1CCC2C(C1)CCC1C3CCCC3CCC21
C(CCC1CCC2C(CCC3C4CCCC4CCC23)C1)CC1CCC(C2CCC(C3CC4CCCC4C4CCC5CCCCC5C34)CC2)CC1
C1CCC(CCCC2CCC(C3CCC4C(CCC4C4CCCCC4)C3)CC2)CC1
C1CCC2C(C1)CC(C1CCCC3CCCC31)C1CCCCC21
C1CCC(C2CCC3C(CCCCCC4CC4)CCCC23)CC1
C1CCC2C(C1)CCC1C3CCCC3CCC21
C1CCC(CCC2CCC3C(CCC3C3CCCCC3)C2)CC1
C1CCC(CCC2CC3CCCCC3C2C2CCCCC2)CC1
C1CCC(CCCCCC2CC3CCCCC3C2)CC1
C1CCC(CC(CC2CCCCC2)C2CCCCC2)CC1
C1CCC(CCCCCC2CC3CCCCC3C2)CC1
C1CCC(CCC2CCC(CCC3CCCC(CC4CCCC4)C3)CC2)CC1
C1CCC(CCCCCC2CC3CCCCC3C2)CC1
C1CCC(CCCC2CCC3C(CCC4C5CCCC5CCC34)C2)CC1
C1CCC(C2CCC3CC4C(CCC5C6CCC(CCCC7CCC8CCCCC8C7)C6CCC45)CC32)CC1
C1CCC(CCC2CCC(CCC3CCCC(CC4CCCC4)C3)CC2)CC1
C1CCC2CC(C3CCCC4CCCC43)CCC2C1
C1CCC(CCCCC2CCC3CCCCC3C2)CC1
C1CCC(CC2CCC(CC(CC3CCCCC3)C3CCCCC3)CC2)CC1
C1CCC(CC2CC3CCCCC3CC3CCC4CCCCC4C32)C1
C(CCCC1CCCCC1)CCC1CCCCC1
C1CCC(C2CCC3CC4C(CCC5C6CCCC6CCC45)CC32)CC1
C(CCC1CCCC2CCCC12)CC1CC2CCCCC2C1
C1CCC(CCCC2CCC3C2CCC2C4CCCCC4CCCC32)C1
C1CCC(CCCCCC2CC3CCCCC3C2)CC1
C1CCC(CCC2CCCCC3CCC(C4CCCC5CCCC54)CC23)CC1
C1CCC2CC(C3CCCC4CCCC43)CCC2C1
C1CCC(CCCCCC2CCCC3CCCC23)CC1
C1CCC(CCC2CCC3C(CCC4C5CCCC5CCC34)C2)CC1
C(CCC1CCCC2CCCCC12)CC1CCCC2CCCCC12
C1CCC2C(C1)CCC1C3CCCCC3CCCC21
C1CCC2CCC(C3CCCC4CCCC43)CC2CC1
C1CCC(CCCCCC2CCCC3C(CC4CCCCC4)CCC23)CC1
C1CCC(C2CC3CCCC3C3CCC4CCCCCC4C23)CC1
C1CCC(C2CCC3CC4C(CCC5CCC6CCCCC65)CCCC4CC32)CC1
C1CCC(CCCCCC2CC3CCCCC3C2)CC1
C1CCC(CCC2CCC(CCC3CCCCC(CC4CCCC4)C3)CC2)CC1
C1CCC(CCCCC2CCCCC3CCC(C4CCCCC4)CC23)CC1
C1CCC(CCCCC2CC3CCCCC3C2)CC1
C1CCC(C2CCC3CCC4(CCCCCC4)C3C2)CC1
C1CCC(CCCCC2CC3CCCCC3C2)CC1
C1CCC2CCC(C3CCCC4CCCC43)CC2CC1
C1CCC(C2CC3CCCC3C3CCC4CCCCC4C23)CC1
C1CCC(CCCC2CCC3CCC(CC4CCCC5CCCC54)CC3C2)CC1
C1CCC(CC2CC3CCCCC3CC3CCC4CCCCC4C32)C1
C1CCC(C2CC3CCCC3C3CCC4CCCCCC4C23)CC1
C1CCC(CCCCCC2CCCC3C(C4CCCCC4)CCC23)CC1
C1CCC2CCC3C4CCCCC4CC(CC4CCCC4)C3C2CC1
C1CCC(CCCCCC2CCCC3C(CC4CCCCC4)CCC23)CC1
C1CCC(CCC2CCC3C(CCC3C3CCCCC3)C2)CC1
C1CCC2CC(C3CCCC4CCCC43)CCC2C1
C1CCC(CCC2CCC3C(CCC3C3CCCCC3)C2)CC1
C1CCC2CCC3C4CCCC4CCC3C2CC1
C1CCC2CCC(C3CCCC4CCCC43)CC2CC1
C1CCC(C2CCC3CC4C(CCC5C6CCC(CCCC7CCC8CCCCC8C7)C6CCCC45)CC32)CC1
C1CCC2CC3CCC(C4CCCCC4)C3CC2CC1
C1CCC(CCCC2CCC3CCC(C4CCCC5CCCC54)CC3C2)CC1
C1CCC(CCC2CCC(C3CCC4C(CCC4C4CCCCC4)C3)CC2)CC1
C1CCC2CC(CCCC3CCC4C3CCC3C5CCCCC5CCC43)CC2C1
C1CCC(CCC2CCC(C3CCCC4C(C5CCCCC5)CCC34)C2)CC1
C1CCC(C2CCC3CC4C(CCC32)CCC2C3CCC(CCCC5CC6CCCCC6C5)C3CCC42)CC1
C(CCC1CCC(C2CCCC2)C1)CCC1CCCC2CCCCC12
C1CCC2C(C1)CCCC2CCCC1CCCC2CCCCC21
C1CCC(CCCC2CCC3C(CCC3C3CCCCC3)C2)CC1
C1CCC(C2CCC3CC4C(CCC5C6CCC(CCCCC7CC8CCCCC8C7)C6CCC45)CC32)CC1
C(CCCC1CCCCC1)CCCC1CCC(C2CCCCC2)C1
C1CCC(C2CC3CCCC3C3CCC4CCCCC4C23)CC1
C1CCC(CCCC2CCC3CCC(C4CCCC5CCCC54)CC3C2)CC1
C1CCC(C2CCC3C(CCC4CCCCC43)C2)CC1
C1CCC(C2CCC3CC4C(CCCC45CCCCC5)CC32)CC1
C1CCC(CCCCCC2CCC3CCCCC23)CC1
C1CCC(C2CC3CCCC3C3CCC4CCCCC4C23)CC1
C1CCC(CC2CCC3CC4C(CCCC45CCCC5)CC23)CC1
C1CCC(CCCCC23CCCC2CC2C4CCC5CCCCC5C4CCC23)C1
C(CCC1CCCC1)CCC1CCCCC2CCCCC12
C1CCC(C2CC3CCCC3C3CCC4CCCCCC4C23)CC1
C1CCC(CC2CCC(CC(CC3CCCCC3)C3CCCCC3)CC2)CC1
C1CCC(CCCCC2CC3CCCCC3C2)CC1
C(CCCCC1CCC(C2CCCCC2)C1)CCCC1CCCCC1
C1CCC(CC2CC3CCCCC3C3CCC4CCCCC4C23)CC1
C1CCC(CC2CC3CCCCC3C3CCC4CCCCCC4C23)CC1
C1CCC(C2CCC3C(CCC4CCCCC43)C2)CC1
C1CCC2CCC3C4CCCCC4CC(CC4CCCC4)C3C2CC1
C1CCC(CCCCC2CCC3CCCCC23)CC1
C1CCC(CC2CC3CCCCC3C2C2CCCCC2)CC1
C1CCC(CCC2CCC3C(CCC3C3CCCCC3)C2)CC1
C1CCC2CCC(C3CCCC4CCCC43)CC2CC1
C(CCCC1CCCC2C(C3CCCCC3)CCC12)CCC1CCCCC1
C1CCC(CCCCC2CC3CCCCC3C2)CC1
C1CCC(CCCC2CCC3C(CCC3C3CCCC(CC4CCCC4)C3)C2)CC1
C1CCC(CCCC2CCC3C(CCC3C3CCCCC3)C2)CC1
C1CCC(CCCCCC2CCC3CCCCC23)CC1
C1CCC(CCCCC2CC3CCCCC3C2)CC1
C1CCC(CC2CC3CCCCC3C3CCC4CCCCC4C23)C1
C1CCC(C2CC3CCCCC3C3CCCCC23)CC1
C1CCC(C2CC3CCCC3C3CCC4CCCCC4C23)CC1
C1CCC2CC(C3CCCC4CCCC43)CCC2C1
C(CCC1CCCC2CCCCC12)CC1CCCC2CCCCC12
C(CCC1CCC2CCCC2C1)CC1CCC(C2CCCC2)CC1
C(CCC1CCCC2CCCCC12)CC1CCC2CCCCC2C1
C1CCC(CCCCC2CC3CCCCC3C2)CC1
C1CCC2CCC(C3CCCC4CCCC43)CC2CC1
C(CCC1CCC2CCCCC2C1)CCC1CCCC2CCCCC12
C1CCC(CCC2CCC(C3CC3)CC2)CC1
C1CCC(CCCCCC2CC3CCCCC3C2)CC1
C1CCC(CCC2CCC3C(CCC3C3CCCCC3)C2)CC1
C1CCC(CCC2CCC3C(CCCC4C5CCCC5CC(CCC5CCCCC5)C34)C2)CC1
C1CCC(CCC2CCC3C(CCC3C3CCCCC3)C2)CC1
C1CCC(CCCC(CCC2CCC3CCCC3C2)CC2CCCCC2)CC1
C1CCC(CC2CC3CCCCC3C3CCC4CCCCCC4C23)CC1
C1CCC2CCC3CCCCC3C2CC1
C1CCC2CCC(C3CCCC3)CC2CC1
C(CCCC1CCCCC1)CCCC1CCC(C2CCCCC2)C1
C(CCCC1CCCC2CCCCC12)CCC1CCC(C2CCCCC2)C1
C1CCC2CC3CCC(C4CCCCC4)C3CC2CC1
C1CCC(CCCC2CCCC(C3CCC4CC(CCC5CCC6CCCCC6C5)CCC43)C2)CC1
C1CCC2CC(C3CCCC4CCCC43)CCC2C1
C1CCC(C2CCCC3C(CCC4CCCCC43)C2)C1
C1CCC(CC2CC3CCCCC3C3CCC4CCCCC4C23)C1
C1CCC(CCCCC2CCC3CCCCC3C2)CC1
C1CCC(C2CC3CCCC3C3CCC4CCCCC4C23)CC1
C1CCC(CCC2CCC(C3CCC4C(CCC4C4CCCCC4)C3)CC2)CC1
C1CCC2CC(CCCC3CCCC4C3CCC3C5CCCCC5CCC43)CC2C1
C1CCC(CCCC(CCC2CCCCC2)CCC2CCC3CCCC3C2)CC1
C1CCC2C(C1)CCCC1C3CCCC3CCC21
C1CCC(C2CCC3CC4CCCCC4CC32)CC1
C1CCC(CCC2CCC(CC3CCC4C(CCC4C4CCCCC4)C3)CC2)CC1
C1CCC2CC(CC3CCCC4CCCC43)CCC2C1
C1CCC2C(C1)CCC1C3CCCC3CCCC21
C1CCC(CCCCCC2CCC3CCCCC23)CC1
C(CCC1CCC2CCCCC2C1)CCC1CCCC2CCCCC12
C1CCC2CCC(C3CCCC4CCCC43)CC2CC1
C(CCC1CCCCC2CCCCC12)CC1CCC2CCCCC2C1
C1CCC2CC(C3CCCC3)C3CCCC3C2CC1
C1CCC(CCCCC2CC3CCCCC3C2)CC1
C1CCC(CCCCCC2CCC3CCCCC23)CC1
C1CCC(C2CC3CCCC3C3CCC4CCCCC4C23)CC1
C1CCC2C(C1)CCC1C3CCCC3CCC21
C(CCCC1CCCCC1)CCCC1CCC(C2CCCCC2)C1
C1CCC(CCCCCC2CCC3CCCCC23)CC1
C(CCC1CCC2C1CCC1C3CCCCC3CCC21)CC1CC2CCCCC2C1
C1CCC(CCCCC2CCC3CCCC3C2)CC1
C1CCC2CC(C3CCCC4CCCC43)CCC2C1
C1CCC2CCC(C3CCCC4CCCC43)CC2CC1
C(CCCCC1CCC(C2CCCCC2)C1)CCCC1CCCCC1
C1CCC(C2CCC3CC4C(CCC5C6CCCC(CCCC7CCC8CCCCC8C7)C6CCC45)CC32)CC1
C1CCC(CCC2CCCCC2)CC1
C1CCC(CCCCC2CC3CCCCC3C2)CC1
C1CCC(C2CC3CCCCC3C3CCCCC23)CC1
C1CCC(C2CC3CCCC3C3CCC4CCCCC4CC23)CC1
C1CCC2C(C1)CCC1C2CCC2C3CCCCC3CC21
C1CCC(CCCCCC2CC3CCCCC3C2)CC1
C1CCC(C2CCC3C(CCCCCC4CCC4)CCCC23)CC1
C1CCC2C(C1)CCCC2CCCC1CCCC2CCCCC21
C1CCC(CC(CC2CCCCC2)C2CCCCC2)CC1
C(CCCC1CCCC2C(C3CCCCC3)CCC12)CCC1CCCCC1
C1CCC(CCC2CCC3C(CCC3C3CCCCC3)C2)CC1
C1CCC(CC2CCC3CC4C(CCC5C6CCC(CCCC7CCC8CCCCC8C7)C6CCC45)CC23)CC1
C1CCC(C2CCCCC2CC2CCC3CCCCC3C3CCC4CCCCC4C23)CC1
C1CCC(CCCCCC2CCCC3C(CC4CCCCC4)CCC23)CC1
C1CCC2CC(CCCC3CCCC4C3CCC3C5CCCCC5CCC43)CC2C1
C1CCC(CCCCC2CC3CCCCC3C2)CC1
C1CCC2CC(C3CCCC4CCCC43)CCC2C1
C1CCC2C(C1)CCCC1C3CCCC3CCC21
C1CCC(CC2CC3CCCCC3C3CCC4CCCCCC4C23)CC1
C1CCC(CCCCC2CCC3CCCCC23)CC1
C1CCC2CCC3C4CCCC4CCC3C2CC1
C1CCC2C(C1)CCC1C3CCCC3CCC21
C(CCCC1CCC(CC2CCCCC2)C1)CCC1CCCCC1
C1CCC(C2CCC3CC4(CCCCCC4C4CCCCC4)CCCC32)CC1
C1CCC2CCC(C3CCCC4CCCC43)CC2CC1
C1CCC2C(C1)CCC1C2CCCC2C3CCCC3CC21
C1CCC(CC2CC3CCCCC3C3CCC4CCCCC4C23)CC1
C1CCC(CC2CCC(CC3CC4CCCC4C4CCC5CCCCC5C34)CC2)CC1
C1CCC(C2CCC3CC4CCCCC4CC32)CC1
C1CCC(C2CCC3CC4C(CCC5C6CCC(CCCC7CCC8CCCCC8C7)C6CCC45)CC32)CC1
C1CCC2C(C1)CCC1CCCCC12
C1CCC(CCCCCC2CC3CCCCC3C2)CC1
C1CCC(CCCCCC2CCC3CCCCC23)CC1
C1CCC(CCCC2CCCC3CCC(C4CCCC5CCCC54)CC3C2)CC1
C1CCC2CC(C3CCCC4CCCC43)CCC2C1
C1CCC(CCCCCC2CCCC3C(C4CCCCC4)CCC23)CC1
C1CCC2CCC(C3CCCC4CCCC43)CC2CC1
C1CCC(CCC2CC3CCCCC3C3CCC4CCCCC4C23)CC1
C1CCC(CCCCC2CC3CCCCC3C2)CC1
C1CCC(CCCCC2CCC3CCCCC23)CC1
C1CCC2CC(CCCC3CCC4C3CCC3C5CCCCC5CCC43)CC2C1
C1CCC(CCCC2CCC3C2CCC2C4CCCCC4CCCC32)C1
C1CCC(C2CCC3CC4C(CCCC4CC4CCC5CCCCC54)CCC32)CC1
C1CCC(CCCCCC2CCCC3C(C4CCCCC4)CCC23)CC1
C1CCC(CCC(CCCC2CCC3CCCC3C2)CC2CCCCC2)CC1
C1CCC(C2CCC3CC4C(CCC5C6CCC(CCCC7CC8CCCCC8C7)C6CCC45)CC32)CC1
C1CCC2C(C1)CCC1C3CCCC3CCC21
C1CCC(CCC(CCC2CCC3CCCC3C2)CC2CCCCC2)CC1
C1CCC(C2CCC3C(CCCC4CCCCC43)C2)CC1
C1CCC(CCC2CCCCC3CC4C(CCC4C4CCCCC4)CC23)CC1
C1CCC(CCC(CCC2CCC3CCCC3C2)CC2CCCCC2)CC1
C1CCC(C2CC3CCCCC3C3CCCCC23)CC1
C1CCC(CCCCC2CCC3CCC(C4CCCC5CCCC54)CC3C2)CC1
C1CCC2C(C1)CCC1C3CCCC3CCC21
C1CCC(CCCCCC2CC3CCCCC3C2)CC1
C1CCC2CCC3C4CCCCC4CC(CC4CCCC4)C3C2CC1
C(CCCCC1CCC(C2CCCCC2)C1)CCCC1CCCCC1
C1CCC(CCCC2CCC3CCC(C4CCCC5CCCC54)CC3C2)CC1
C(CCC1CCC2C1CCC1C3CCCCC3CCC21)CC1CC2CCCCC2C1
C1CCC2CC(CCCC3CCCC4C3CCC3C5CCCCC5CCC43)CC2C1
C1CCC(CCC2CCC3C(CCC4C5CCCCC5CCC34)C2)CC1
C1CCC(CCC2CCC3CC4C(CCC5CCCCC5)CC5CCCC5C4CCC3C2)CC1
C(CCCC1CCCC2C(C3CCCCC3)CCC12)CCC1CCCCC1
C1CCC(CCCCC2CC3CCCCC3C2)CC1
C1CCC2CCC3C4CCC(CCC5CCCC5)C4CCC3C2CC1
C1CCC(C2CC3C(CCC4CC4)CCC3C3CCCC4CCCCC4C23)CC1
C1CCC(CC2CCC3CCCC3C3CCC4CCCCC4C23)CC1
C1CCC(CC2CC3CCCCC3C3CCC4CCCCC4C23)CC1
C1CCC(CCCC2CCC3C(CCC3C3CCCCC3)C2)CC1
C1CCC(C2CCC3CCC4C(CC5CCC6CCCCC65)CCCC4CC32)CC1
C1CCC(CCC2CCC3C2CCC(C2CCCCC2)C2C4CCCCCC4CCC32)CC1
C1CCC(C2CC3CCCC3C3CCC4CCCCC4C23)CC1
C1CCC(CCC2CCC3C(CCC3C3CCCCC3)C2)CC1
C1CCC(CCCCC2CC3CCCCC3C2)CC1
C1CCC(C2CC3CCCC3C3CCC4CCCCC4C23)CC1
C1CCC(C2CCC3CC4C(CCC5C6CCC(CCCCC7CC8CCCCC8C7)C6CCC45)CC32)CC1
C1CCC(CCC2CCCC3CCC4C(CCC4C4CCCCC4)CC23)CC1
C1CCC2CCC3C4CCCC4CCC3C2CC1
C1CCC(CCCC2CCC3C2CCC2C4CC5CCC(C6CCCCC6)C5CCC4CCC32)CC1
C1CCC(C2CC3CCCCC3C3CCCCC23)CC1
C(CCC1CCCC2CCCC12)CC1CC2CCCCC2C1
C1CCC(C2CC3CCCC3C3CCCC4CCCCC4C23)CC1
C(CCC1CCCC2CCCC12)CC1CC2CCCCC2C1
C1CCC(C2CCC3C(CCC4CCCCC43)C2)CC1
C1CCC(CCC(CCC2CCC3CCCC3C2)CC2CCCCC2)CC1
C1CCC(CCCCC2CC3CCCCC3C2)CC1
C1CCC(C2CCC3C(CCC4CCCCC43)C2)CC1
C1CCC(C2CC3CCCC3C3CCC4CCCCC4C23)CC1
C1CCC(CCCCC2CCC3CCCCC23)CC1
C1CCC(CCC2CCCCC3CC4C(CCC4C4CCCCC4)CC23)CC1
C1CCC(CCC(CC2CC3CCCCC3C2)C2CC2)CC1
C1CCC(CC2CC3CCCCC3C3CCC4CCCCCC4C23)CC1
C1CCC(C2CCC(CCCCCC3CCCC4C(C5CCCCC5)CCC34)C2)CC1
C1CCC(CCCCCC2CCCC3C(CC4CCCCC4)CCC23)CC1
C1CCC(CCC2CCC3C(CCC3C3CCCCC3)C2)CC1
C1CCC(C2CC3CCCC3C3CCC4CCCCC4C23)CC1
C1CCC(CCC2CCC3C(CCC3C3CCCCC3)C2)CC1
C1CCC(CC2CCC3C(CC4CCCCC4)CCC3C2)CC1
C1CCC(CCCCC2CC3CCCCC3C2)CC1
C1CCC2CC(CCCC3CCC4C3CCC3C5CCCCC5CCCC43)CC2C1
C1CCC(C2CC3CCCC3C3CCC4CCCCCC4C23)CC1
C1CCC(C2CCC(C3CC4CCCC4C4CCC5CCCCC5C34)CC2)C1
C1CCC2C(C1)CCCC1C3CCCC3CCC21
C1CCC2C(C1)CCC1CCCCC12
C1CCC(CCCCC2CC3CCCCC3C2)CC1
C(CCC1CC2CCCCC2C1)CCC1CCCC2CCCC12
C(CCCC1CCCCC1)CCCC1CCC(C2CCCCC2)C1
C1CCC(C2CC3CCCC3C3CCC4CCCCC4C23)CC1
C1CCC(C2CCC(CCCC3CCC4C3CCC3C5CCCCC5CCC43)C2)CC1
C1CCC(CCC2CCC3C2CCC(C2CCCCC2)C2C4CCCCC4CCC32)CC1
C1CCC(C2CCC3CCC(C4CCCC4)CC32)CC1
C1CCC(CC2CCC3CC4(CCCCC4C4CCCCC4)CCC23)CC1
C1CCC(CCCC2CCC3C(CCC3C3CCCCC3)C2)CC1
C1CCC2C(C1)CCCC2CCCC1CCC2C1CCC1C3CCCCC3CCC21
C1CCC(C2CCC3C(CCC4CCCCC43)C2)CC1
C1CCC2C(C1)CCC1CCCCC12
C1CCC(C2CCC3CCC4C(CCC5C6CCC(CCCC7CCC8CCCCC8C7)C6CCC45)CC32)CC1
C1CCC(CCC(CC2CCC(CC3CCCCC3)CC2)C2CCCCC2)CC1
C1CC2CCCC3C(CCC4CCC5CC5C43)C2C1
C1CCC2C(C1)CCC1CCCCC12
C1CCC2CC(CCCC3CCCC4C3CCC3C5CCCCC5CCC43)CCC2C1
C1CCC(C2CC3CCCC3C3CCC4CCCCC4CC23)CC1
C1CCC(CCC2CCC3C(CCCC4CC(C5CCCCC5)CCC43)C2)CC1
C1CCC(CCCCC2CC3CCCCC3C2)CC1
C1CCC(CCCC2CCCC(C3CCC4CC(CCC5CCC6CCCCC6C5)CCC43)C2)CC1
C1CCC(CCCCCC2CCC3CCCCC3C2)CC1
C1CCC(CCC2CCCC3CC4C(CCC23)CCC4C2CCCCC2)CC1
C1CCC(CCC2CCC3C(CCC3C3CCCCC3)C2)CC1
C(CCC1CC2CCCCC2C1)CCC1CCCC2CCCC12
C1CCC(C2CCC3CC4C(CCC5C6CCC(CCCC7CC8CCCCC8C7)C6CCCC45)CC32)CC1
C1CCC(C2CC3CCCC3CC3CCC4CCCCC4C32)CC1
C1CCC(C2CC3CCCC3C3CCC4CCCCCC4C23)CC1
C1CCC(CCCCC2CC3CCCCC3C2)CC1
C1CCC(CCC2CCC(C3CCC4C(CCC4C4CCCCC4)C3)CC2)CC1
C1CCC(CCC2CCC3C(CCC3C3CCCCC3)C2)CC1
C(CCCC1CCCC2C(C3CCCCC3)CCC12)CCC1CCCCC1
C1CCC(C2CCC3CC4C(CCC32)CCC42CCCCC2)CC1
C1CCC(C2C3CCCC3CC3CC4CCCC4CC32)CC1
C1CCC(CCC2CCC(C3CCC4C(CCC4C4CCCCC4)C3)CC2)CC1
C1CCC(C2CCC(CCCCCC3CCCC4C(C5CCCCC5)CCC34)C2)CC1
C1CCC(CCC2CCC3C(CCC4CC(C5CCCCC5)CCC43)C2)CC1
C1CCC2CC(CCCC3CCCC4C3CCC3C5CCCCC5CCC43)CC2C1
C1CCC2CC(CC3CCCC4CCCC43)CCC2C1
C1CCC2CCC(C3CCCC4CCCC43)CC2CC1
C1CCC(C2CC3CCCC3C3CCC4CCCCC4C23)CC1
C1CCC(CCCCCC2CC3CCCCC3C2)CC1
C1CCC(CCCC2CCC(C3CCC4C(CCC4C4CCCCC4)C3)CC2)CC1
C1CCC(C2CCCC3CCCC3C3CCC4CCCCC4C23)CC1
C1CCC(C2CC3CCCC3C3CCCC4CCCCC4C23)CC1
C1CCC(CCCCC2CC3CCCCC3C2)CC1
C1CCC(C2CCC3C(CCCCCC4CCC(C5CCCC5)C4)CCCC23)CC1
C1CCC2C(C1)CC(C1CCCC1)C1CCCCC21
C1CCC(CCCCC2CC3CCCCC3C2)CC1
C1CCC(CC2CC3CCCCC3C3CCC4CCCCCC4C23)CC1
C1CCC(CCCCC2CC3CCCCC3C2)CC1
C1CCC2CC(C3CCCC4CCCC43)CCC2C1
C1CCC(CC2CC3CCCCC3C3CCC4CCCCC4C23)CC1
C1CCC2C(C1)CCC1C3CCCC3CCC21
C1CCC(CCCCCC2CCCC3C(C4CCCCC4)CCC23)CC1
C1CCC(CC2CCCC(CCCC3CCC(CCC4CCC(C5CC5)CC4)CC3)C2)C1
C1CCC(C2CCC(C3CC4CCCC4C4CCC5CCCCC5C4C3)CC2)C1
C1CCC(C2CC3CCCCC3C3CCCCC23)CC1
C(CCCC1CCCCC1)CCCC1CCC(C2CCCCC2)C1
C1CCC2CCC(C3CCCC4CCCC43)CC2CC1
C1CCC(C2CCC(CCCCC3CCC4C3CCC3C5CCCCC5CCC43)C2)CC1
C1CCC(CC2CC3CCCCC3C3CCC4CCCCC4C23)CC1
C(CCCCC1CCC(C2CCCCC2)C1)CCCC1CCC2CCCC2C1
C1CCC2CC(C3CCCC4CCCC43)CCC2C1
C(CCC1CCCC2CCCCC12)CC1CCCC2CCCCC12
C1CCC(CCC2CCC(CCC3CCCC(CCC4CCCC4)C3)CC2)CC1
C1CCC(CCCCC2CC3CCCCC3C2)CC1
C1CCC(CCC2CCCCC3CC4C(CCC4C4CCCCC4)CC23)CC1
C(CCCCC1CCC(C2CCCCC2)C1)CCCC1CCCCC1
C1CCC(C2CCC3CCC4C(CCC45CCCCC5)CC32)CC1
C1CCC(CC2CCC3CCCCC3C3CCC4CCCCC4C23)CC1
C(CCC1CCCC2CCCCC12)CC1CCCC2CCCCC12
C(CCCC1CCCCC1)CCCC1CCC(C2CCCCC2)C1
C1CCC(C2CCC3CC4C(CCCCC45CCCC5)CC32)CC1
C1CCC(C2C3CCCC3CC3CC4CCCCC4CC32)CC1
C1CCC(CCC(CCCC2CCC3CCCC3C2)CCC2CCCCC2)CC1
C(CCC1CCCC2CCCC12)CC1CC2CCCCC2C1
C1CCC(CCCCCC2CCCC3C(C4CCCCC4)CCC23)CC1
C1CCC(CC2CCC3CCCCC3C3CCC4CCCCC4C23)CC1
C1CCC(C2CCC3CCC4C(CCCC5CC5)CCCC4CC32)CC1
C1CCC(CCC2CCC(C3CCC4C(CCC4C4CCCCC4)C3)CC2)CC1
C1CCC(C2CCC3CC4C(CCCC45CCCC5)CC32)CC1
C1CCC(CCC2CCC3C(CCC3C3CCCCC3)C2)CC1
C1CCC(CCC2CCC3C(CCC3C3CCCC(CC4CCCC4)C3)C2)CC1
C1CCC(CCC2CCC3C(CCC3C3CCCCC3)C2)CC1
C1CCC(CCCC2CCC3CCC(C4CCCC5CCCC54)CC3CC2)CC1
C1CCC2C(C1)CCC1CCCCC12
C1CCC(CCC2CCC3C(CCC3C3CCCC3)C2)CC1
C1CCC(C2CCC3CC4C(CCC45CCCC5)CC32)CC1
C1CCC(CCCCC2CC3CCCCC3C2)CC1
C1CCC(C2CCC3CC4C(CCCC45CC(C4CCCCC4)C(C4CCCCC4)C5)CC32)CC1
C1CCC2CC(CCCC3CCCC4C3CCC3C5CCCCC5CCC43)CCC2C1
C1CCC(CCCCC2CC3CCCCC3C2)CC1
C1CCC(CCC(CCC2CCC3CCCCC3C2)CC2CCCCC2)CC1
C(CCC1CCCC2CCCC12)CC1CC2CCCCC2C1
C1CCC2CC(CCCC3CCC4C3CCC3C5CCCCC5CCC43)CC2C1
C1CCC2CCC3C4CCC(CCCC5CC6CCCCC6C5)C4CCC3C2CC1
C1CCC(CCCC2CCC3CCC(C4CCCC5CCCC54)CC3C2)CC1
C1CCC2CCC(C3CCCC4CCCC43)CC2CC1
C1CCC(CCC2CCC(CCC3CCCC(CC4CCCC4)C3)CC2)CC1
C1CCC2C(C1)CCC1C3CCCCC3CCC21
C1CCC(CCCCC2CC3CCCCC3C2)CC1
C(CC1CCC2CCCC2C1)CC1CCCC2CCC(C3CCCC4CCCC43)CC2C1
C1CCC(CCCCCC2CC3CCCCC3C2)CC1
C1CCC(C2CC3CCCC3C3CCC4CCCCCC4C23)CC1
C1CCC(CCCC2CCCC(C3CCC4CC(CCC5CCC6CCCCC6C5)CCC43)C2)CC1
C1CCC(C2CCC3C(CCC34CCCC4)C3CCC4CCCCC4C23)CC1
C1CCC(CCCCC2CC3CCCCC3C2)CC1
C1CCC(C2CC3C(CCC4CC4)CCC3CC3CCC4CCCCC4C32)CC1
C1CCC(CC2CC3CCCCC3C3CCC4CCCCC4C23)CC1
C(CCC1CCCC2CCCCC12)CC1CC2CCCCC2C1
C1CCC2CCC(C3CCCC4CCCC43)CC2CC1
C(CCC1CCCC2CCCCC12)CC1CCC2CCCCC2C1
C1CCC(CCC2CCC(C3CC3)CC2)CC1
C1CCC2CCC3C4CCC(CCCC5CCC6CCCCC6C5)C4CCC3C2CC1
C1CCC2CC(CCCC3CCCC4C3CCC3C5CCCCC5CCC43)CCC2C1
C1CCC(CCCCCC2CCCC3C(CC4CCCCC4)CCC23)CC1
C1CCC2CC(C3CCCC4CCCC43)CCC2C1
C1CCC2CCC3CCCCC3C2CC1
C1CCC(CCCCCC2CCCC3C(C4CCCCC4)CCC23)CC1
C1CCC(CCC2CCC(CCC3CCCC(CC4CCCC4)CC3)CC2)CC1
C1CCC2CC(CCCC3CCC4C3CCC3C5CCCCC5CCC43)CC2C1
C1CCC(CCCC2CCCCC2)CC1
C1CCC(C2CCC3CC4C(CCCC45CCCC5)CC32)CC1
C1CCC(CCCCCC2CC3CCCCC3C2)CC1
C1CCC2CC(C3CCCC4CCCC43)CCC2C1
C1CCC(CCCCC2CC3CCCCC3C2)CC1
C1CCC(CCCCCC2CC3CCCCC3C2)CC1
C1CCC2C(C1)CCC1C2CCC2C3CCCC3CC21
C1CCC(CCCCCC2CC3CCCCC3C2)CC1
C1CCC(C2C3CCCC3CC3CC4CCCCC4CC32)CC1
C1CCC(CCCC2CCC3C(CCC3C3CCCCC3)C2)CC1
C1CCC(C2CC3CCCCC3C3CCCCC23)CC1
C1CCC2CC(CCCC3CCCC4C3CCC3C5CCCCC5CCC43)CCC2C1
C(CCCC1CCC2CCCC2C1)CCCC1CCC(C2CCCCC2)C1
C1CCC2CCC(C3CCCC4CCCC43)CC2CC1
C1CCC(C2CCC3CCCC3C3CCC4CCCCC4C23)CC1
C1CCC(CC2CCC3C(CCC3C3CCCCC3)C2)CC1
C1CCC(CC2CCC3C(CCC3C3CCCCC3)C2)CC1
C1CCC2CCC3C4CCCC4CCC3C2CC1
C1CCC(C2CC3CCCC3C3CCC4CCCCC4C23)CC1
C1CCC(CCCC2CCC3C(CCC3C3CCCCC3)C2)CC1
C1CCC(C2CCC(CCCCCC3CCCC4CCCCC34)C2)CC1
C1CCC(CCCC2CCC3CCCC3C2)CC1
C1CCC(CCCCCC2CC3CCCCC3C2)CC1
C1CCC2CC(CC3CCCC4CCCC43)CCC2C1
C1CCC(CCC2CCC3C(CCC3C3CCCCC3)C2)CC1
C1CCC(CCC2CCC(C3CCCC4C(C5CCCCC5)CCC34)C2)CC1
C1CCC(C2CCCC3C(CCC4CCCCC43)C2)CC1
C1CCC2CCC3C4CCC(CCCC5CC6CCCCC6C5)C4CCC3C2CC1
C1CCC(C2CCC3CC4C(CCC45CCCC5)CC32)CC1
C1CCC(CCCC2CCC3C2CCC2C4CCCCC4CCC32)C1
C1CCC(CCC2CCC3C(CCC4C5CCCC5CC(CCC5CCCCC5)C34)C2)CC1
C1CCC(CCC2CCC3C(CCC3C3CCCCC3)C2)CC1
C(CCC1CCCC2CCCCC12)CC1CC2CCCCC2C1
C(CCC1CCCC2CCCCC12)CC1CCC2CCCCC2C1
C1CCC2C(C1)CCC1C3CCCCC3CCC21
C1CCC2CC(CCCC3CCC4C3CCC3C5CCCCC5CCC43)CC2C1
C1CCC2CCC3C4CCCC4CCC3C2CC1
C1CCC(CCCC2CCC3C(CCC4C5CCCC5CCC34)C2)CC1
C1CCC(C2CC3CCCCC3C3CCCCC23)CC1
C(CCC1CCCC2CCCCC12)CC1CCCC2CCCCC12
C1CCC(CCCCCC2CC3CCCCC3C2)CC1
C1CCC(CCC2CCC3C(CCC3C3CCCCC3)C2)CC1
C1CCC(CCCCC2CC3CCCCC3C2)CC1
C1CCC(C2CCC3CC4CCCCC4CCC32)CC1
C1CCC(CCC2CCC(C3CCC4C(CCC4C4CCCCC4)C3)CC2)CC1
C(CCCC1CCCCC1)CCCC1CCC(C2CCCCC2)C1
C1CCC(CCCC2CCC3C(CCC3C3CCCCC3)C2)CC1
C1CCC(CCC2CCC3C(CCC3C3CCCCC3)C2)CC1
C1CCC(CCCCC2CCC3CCCCC23)CC1
C1CCC(CCC2CCC(C3CCC4C(CCC4C4CCCCC4)C3)CC2)CC1
C1CCC(CCC(CCC2CCC3CCCCC3C2)CC2CCCCC2)CC1
C1CCC(CC2CC3CCCCC3C3CCCC23)C1
C1CCC(CCCCC2CCC3CCC(C4CCCC5CCCC54)CC3C2)CC1
C1CCC(CCC2CCCCC2)CC1
C1CCC(CCCCC2CC3CCCCC3C2)CC1
C1CCC(CCCCCC2CC3CCCCC3C2)CC1
C1CCC2CC(C3CCCC4CCCC43)CCC2C1
C1CCC(CCC2CCC(C3CCC4C(CCC4C4CCCCC4)C3)CC2)CC1
C1CCC(CC2CCC3C(CCCCCC4CC4)CCCC23)CC1
C1CCC(CCC2CCC3C(CCC3C3CCCCC3)C2)CC1
C1CCC(CCCC(CCC2CCC3CCCC3C2)CC2CCCCC2)CC1
C1CCC(CCCCCC2CC3CCCCC3C2)CC1
C1CCC(CCCC2CCCC(C3CCC4CC(CCC5CCC6CCCCCC6C5)CCC43)C2)CC1
C1CCC(CCCCCC2CC3CCCCC3C2)CC1
C1CCC(CCCC2CCCC3CCC(C4CCCC5CCCC54)CC3C2)CC1
C1CCC(CCC2CCC(C3CCC3)CC2)CC1
C1CCC(C2CC3CCCC3C3CCC4CCCCC4C23)CC1
C(CCC1CCCC2CCCCC12)CCC1CCCC2CCCCC12
C1CCC(C2CCC3C(CCC4CCCCC43)C2)CC1
C1CCC(C2CCC3CC4C(CCCC5C6CCC(CCCC7CC8CCCCC8C7)C6CCC45)CC32)CC1
C1CCC2CC(CCCC3CCCCC4CCCCC43)CC2C1
C1CCC2C(C1)CCC1C3CCCC3CCC21
C1CCC(CCCCCC2CCC3CCCCC23)CC1
C1CCC(CCCCCC2C3CCCCC3CCC2C2CCCC3CCCC32)CC1
C(CCCC1CCCC2C(C3CCCCC3)CCC12)CCC1CCCCC1
C1CCC(C2CCC(CCCC3CCC4C3CCC3C5CCCCCC5CCC43)C2)CC1
C1CCC(C2CCC3CC4C(CCC5C6CCC(CCCCC7CC8CCCCC8C7)C6CCC45)CC32)CC1
C1CCC2C(C1)CCC1C3CCCCC3CCC21
C1CCC2CC(C3CCCC4CCCC43)CCC2C1
C1CCC(C2CC3CCCCC3C3CCCCC3C2)CC1
C1CCC(C2CC3CCCC3C3CCCC4CCCCC4C23)CC1
C1CCC(CCCC2CCC3C2CCC2C4CC5CCC(C6CCCCC6)C5CC4CCC32)CC1
C(CCCC1CCCC2C(C3CCCCC3)CCC12)CCC1CCCCC1
C1CCC(C2CCC3C(CCC34CCCC4)C3CCC4CCCCCC4C23)CC1
C1CCC(CCCCC2CC3CCCCC3C2)CC1
C1CCC(CCCCC2CC3CCCCC3C2)CC1
C1CCC2C(C1)CCC1CCCCC12
C(CCCC1CCCCC1)CCCC1CCC(CC2CCCCC2)C1
C1CCC2C(C1)CCC1C3CCCC3CCC21
C1CCC(CCC2CCCC3CC4C(CCC4C4CCCCC4)CC23)CC1
C1CCC(CCCCCC2CCC3C(CCC3C3CCCCC3)C2)CC1
C1CCC2CCC3CCCCC3C2CC1
C1CCC(CCCCC2CC3CCCCC3C2)CC1
C1CCC(CCCCCC2CCC3CCCCC23)CC1
C(CCCC1CCCC2C(C3CCCCC3)CCC12)CCC1CCC(C2CCCC2)C1
C1CCC(CCC2CCC3C(CCC3C3CCCCC3)C2)CC1
C1CCC(CC2CCC3CC4CCCCC4CC23)CC1
C1CCC(CC2CC3CCCCC3C3CCC4CCCCCC4C23)CC1
C1CCC2CC(C3CCCC4CCCC43)CCC2C1
C1CCC(CCC2CCC3C(CCC3C3CCCCC3)C2)CC1
C1CCC2CC(C3CCCC4CCCC43)CCC2C1
C(CCC1CCCC2CCCCC12)CC1CC2CCCCC2C1
C1CCC(CCC2CCC3C(CCCC4C5CCCC5CC(CCC5CCCCC5)C34)C2)CC1
C1CCC(CCCCCC2CCC3CCCCC23)CC1
C(CCCC1CCCCC1)CCCC1CCC(C2CCCCC2)C1
C1CCC(C2CCC3CC4C(CCCC5CC5)CCCCC4CC32)CC1
C1CCC(CCCCC2CC3CCCCC3C2)CC1
C1CCC2C(C1)CCC1CCCCC12
C(CCC1CCC2C(CCC3C4CCCC4CCC23)C1)CC1CCC(C2CC3CCCC3C3CCCC4CCCCC4C23)CC1
C1CCC(CC2CC3CCCC3C3CCC4CCCCC4C23)CC1
C1CCC(CC2CCC(CC3CC4CCCCC4C4CCC5CCCCC5C34)CC2)CC1
C1CCC(CCC2CCC3C(CCC3C3CCCCC3)C2)CC1
C1CCC2C(C1)CCC1C3CCCC3CCCC21
C(CCC1CCCC2CCCC12)CC1CC2CCCCC2C1
C1CCC2CCC3C4CCC(CCCC5CC6CCCCC6C5)C4CCC3C2CC1
C1CCC(C2CCC3CC4C(CCCC45CCCCC5)CC32)CC1
C1CCC2CC(C3CCCC4CCCC43)CCC2C1
C1CCC2C(C1)CCC1CCCCC12
C1CCC2C(C1)CCC1CCCCC12
C1CCC(CC2CCC3C(CCC3C3CCCCC3)C2)CC1
C1CCC(CCCCC2CCC3C2CCC2C4CC5CCC(C6CCCCC6)C5CC4CCC32)CC1
C1CCC2C(C1)CCC1C3CCCCC3CCC21
C1CCC(CCCCCC2CCCC3C2CCC3C2CCC(CC3CCC3)CC2)CC1
C1CCC(C2CC3CCCC3CC3CCC4CCCCC4C32)CC1
C1CCC(C2CCC3CC4C(CCCCC45CCCC5)CC32)CC1
C1CCC(CCC2CCC(CCC3CCCCC3)CC2)CC1
C1CCC2CCC(C3CCCC4CCCC43)CC2CC1
C1CCC2CC(CC3CCCC4CCCC43)CCC2C1
C1CCC(C2CCC3CC4C(CCC5C6CCC(CCCCC7CCC8CCCCC8C7)C6CCC45)CC32)CC1
C1CCC2CCC3C4CCC(CCC5CCCC5)C4CCC3C2CC1
C(CCCCC1CCC2C(CCC3C4CCCC4CCCC23)C1)CCCC1CCCC(CC(CC2CCC(CC3CCCCC3)CC2)C2CCCCC2)C1
C1CCC(CCCCCC2CCCC3C(C4CCCCC4)CCC23)CC1
C1CCC(CCCCC2CC3CCCCC3C2)CC1
C1CCC(CC2CCC(CCCC3CCC4C3CCC3C5CCCCC5CCC43)C2)CC1
C1CCC(CCCCCC2CCCC3C(C4CCCCC4)CCC23)CC1
C1CCC2CCC(C3CCCC4CCCC43)CC2CC1
C1CCC(CCCC2CCC(C3CCCC4C(C5CCCCC5)CCC34)C2)CC1
C1CCC2CCC(C3CCCC4CCCC43)CC2CC1
C1CCC(CC2CCC3CC4(CCCCCC4C4CCCCC4)CCC23)CC1
C1CCC(CCC2CCC3C(CCC3C3CCCCC3)C2)CC1
C1CCC(CCCCCC2CCCC3C(C4CCCCC4)CCC23)CC1
C1CCC(CCC2CCCC3CC4C(CCC4C4CCCCC4)CC23)CC1
C1CCC(CCCCCC2CC3CCCCC3C2)CC1
C1CCC2CCC(C3CCCC4CCCC43)CC2CC1
C1CCC2C(C1)CCC1CCCCC12
C1CCC(CCC2CCC3C(CCC3C3CCCCC3)C2)CC1
C(CCCC1CCCC2CCCCC12)CCC1CCC(C2CCCCC2)C1
C1CCC2CC(CCCC3CCC4C3CCC3C5CCCCC5CCC43)CC2C1
C1CCC(CCC2CCC3C(CCC3C3CCCC(CCC4CCCC4)C3)C2)CC1
C1CCC2CC(C3CCCC4CCCC43)CCC2C1
C1CCC(CC2CC3CCCCC3C3CCC4CCCCC4C23)CC1
C1CCC2CCC(C3CCCC4CCCC43)CC2CC1
C1CCC(CCC(CC2CC2)CC2CC3CCCCC3C2)CC1
C1CCC(CCCCCC2CCCCC2)CC1
C1CCC(CCC(CCC2CCCCC2)CCC2CCC3CCCC3C2)CC1
C1CCC(CCCCC2CCC3CCCCC23)CC1
C1CCC(CC2CCC3C(CCC3C3CCCCC3)C2)CC1
C1CCC2CC(CC3CCCC4CCCC43)CCC2C1
C1CCC2C(C1)CCCC1C3CCCC3CCC21
C1CCC(CCCCCC2CCCC3C(CC4CCCCC4)CCC23)CC1
C1CCC(CC2CCCC(CC3CC4CCCCC4C4CCC5CCCCCC5C34)C2)CC1
C1CCC(C2CCC3CCCCC3C3CCCCC23)CC1
C1CCC(CCCCCC2CCCC3C(C4CCCCC4)CCC23)CC1
C1CCC2C(C1)CCC1C3CCCC3CCCC21
C1CCC(CCCC2(CCC3CCCC3)CCC3C4CCCC5CCCCC5C4CCC32)CC1
C1CCC(CC2CCCC(CCC3CCC(CCC4CCC(C5CC5)CC4)CC3)C2)CC1
C(CCC1CC2CCCCC2C1)CCC1CCCC2CCCC12
C1CCC(C2CC3CCCC3C3CCC4CCCCC4C23)CC1
C1CCC(CCCCC2CC3CCCCC3C2)CC1
C1CCC(CCC2CCC3C(CCC3C3CCCCC3)C2)CC1
C1CCC2CC(C3CCCC4CCCC43)CCC2C1
C(CCCCC1CCC(C2CCCCC2)C1)CCCC1CCCCC1
C1CCC(C2CCC3CC4CCCCC4CC32)CC1
C1CCC(C2CC3CCCC3C3CCC4CCCCC4C23)CC1
C1CCC(CC2CCC3C(CC4CCCCC4)CCC3C2)CC1
C1CCC(CCC2CCC(C3CC3)CC2)CC1
C1CCC(CCC2CCCC(C3CCCC4C(C5CCCCC5)CCC34)C2)CC1
C1CCC(CCCCCC2CC3CCCCC3C2)CC1
C1CCC2C(C1)CCCC2CC1CCC2CCCCC2C2CCC3CCCCC3C12
C1CCC2CC3CCC4CCCCC4C3CCC2C1
C1CCC(CCC2CCC3C(CCCC4C5CCCC5CCC34)C2)CC1
C1CCC2CC(C3CCCC4CCCC43)CCC2C1
C1CCC(CCC2CCC3C(CCC3C3CCCC(CC4CCCC4)C3)C2)CC1
C1CCC(CCCCC2CC3CCCCC3C2)CC1
C1CCC(CC2CCCCC2CC2CC3CCCCC3C3CCC4CCCCCC4C23)CC1
C1CCC(CCCCC2CCC3CCCCC3C2)CC1
C1CCC(C2CCC3(CCCC4CC5C(CCC5C5CCCCC5)CC43)C2)CC1
C1CCC(CCC2CCC3C(CCC3C3CCCCC3)C2)CC1
C1CCC(C2CCC3CC4C5CCC6C(CCCC7CCC8CCCCC8C7)CCC6C(CCC4CC32)C5)CC1
C(CCCC1CCCCC1)CCCC1CCC(C2CCCCC2)C1
C1CCC(CC2CCCC(C3CCC4CC(CCCC5CCC6CCCCC6C5)CCC43)C2)C1
C1CCC2C(C1)CCC1C3CCCC3CCC21
C1CCC(CCCCCC2CCCC3CCCC23)CC1
C1CCC2C(C1)CCCC2CCCC1CCC2C1CCC1C3CCCCC3CCCC21
C1CCC2CCC(C3CCCC4CCCC43)CC2CC1
C1CCC(CCC(CC2CCCCC2)C2CCCCC2)CC1
C(CCC1CCC2CCCCC2C1)CCC1CCCCC2CCCCC12
C1CCC2CC(C3CCCC3)C3CCCC3C2CC1
C1CCC2C(C1)CCC1C3CCCC3CCC21
C1CCC(C2CCC3CC4C(CCC45CCCCCC5)CC32)CC1
C1CCC(C2CCC(C3CC4CCCC4C4CCC5CCCCC5C34)CC2)C1
C1CCC(CCC2CCC3C(CCC3C3CCCCC3)C2)CC1
C1CCC(CC2CC3CCCCC3C3CCC4CCCCCC4C23)CC1
C(CCC1CCCCC2CCCCC12)CC1CCC2CCCCC2C1
C1CCC(CC2CC3CCCCC3C3CCC4CCCCC4C23)C1
C1CCC2CC(C3CCCC4CCCC43)CCC2C1
C(CCCC1CCCCC1)CCCC1CCC(C2CCCCC2)C1
C1CCC(C2CCC3C(CCC4CCCCC43)C2)CC1
C1CCC(C2CC3CCCC3C3CCC4CCCCC4C23)CC1
C(CCCC1CCCC2C(C3CCCCC3)CCC12)CCC1CCCCC1
C1CCC2CC(CC3CCCC4CCCC43)CCC2C1
C(CCC1CCCC2CCCCC12)CC1CCCC2CCCCC12
C1CCC(CCC2CCCCC2)CC1
C1CCC(C2CCCC(CC3CCC4CCCCC4C4CCC5CCCCC5C34)C2)C1
C1CCC2CCC3C4CCC(CCCC5CC6CCCCC6C5)C4CCC3C2CC1
C1CCC(CCCCCC2CCCC3C(C4CCCCC4)CCC23)CC1
C1CCC(CCCCCC2CCCC3C(C4CCCCC4)CCC23)CC1
C1CCC(CC2CC3CCCCC3CC3CCC4CCCCC4C32)CC1
C(CCC1CCCC2CCCCC12)CC1CCC2CCCCC2C1
C(CCCC1CCCCC1)CCC1CCCCC1
C(CCC1CCC(C2CCCC2)C1)CCC1CCCC2CCCCC12
C1CCC(CCCCCC2CCCC3C(C4CCCCC4)CCC23)CC1
C1CCC(CC2CCC(C3CC4CCCC4C4CCCC5CCCCC5C34)CC2)CC1
C1CCC(CCC2CCC3C(CCC3C3CCCCC3)C2)CC1
C1CCC(C2CCC3C(CCCCCC4CC4)CCCC23)CC1
C1CCC(CCC2(CCCC3CCC4CCCCC4C3)CCC3C4CCCC5CCCCC5C4CCC32)C1
C1CCC(CC2CCCCC2CC2CC3CCCCC3C3CCC4CCCCC4C23)CC1
C1CCC(CCCCCC2CC3CCCCC3C2)CC1
C1CCC2CCC3C4CCCC4CCC3C2CC1
C1CCC(CCCCC2CC3CCCCC3C2)CC1
C1CCC(C2CC3CCCC3C3CCC4CCCCC4CC23)CC1
C1CCC(C2CC3CCCC3C3CCC4CCCCC4C23)CC1
C1CCC(C2CC3CCCC3C3CCC4CCCCCC4C23)CC1
C1CCC(C2CC3CCCC3C3CCC4CCCCC4C23)CC1
C1CCC(C2CCC3CC4C(CCCC45CCCC5)CC32)CC1
C1CCC(C2CCC3C(CCC4CCCCC43)C2)CC1
C(CCC1CCCC2CCCCC12)CC1CC2CCCCC2C1
C1CCC2CC(C3CCCC4CCCC43)CCC2C1
C1CCC(C2CCCC3C(CCC4CCCCC43)C2)CC1
C(CCC1CCCC2CCCC12)CC1CC2CCCCC2C1
C1CCC2C(C1)CCC1C3CCCC3CCCC21
C1CCC2CCC(C3CCC4CCCCC43)CC2CC1
C1CCC(CCC2CCC3C(CCC3C3CCCCC3)C2)CC1
C1CCC(CCC(CC2CC3CCCCC3C2)C2CC2)CC1
C1CCC2CCC3C4CCC(CCCC5CC6CCCCC6C5)C4CCC3C2CC1
C1CCC(CCC2CCC3C(CCC3C3CCCCC3)C2)CC1
C1CCC(C2CC3CCCC3C3CCC4CCCCC4C23)CC1
C1CCC2CCC(C3CCCC4CCCC43)CC2CC1
C1CCC2CC(C3CCCC4CCCCC43)C3CCCC3C2CC1
C1CCC2C(C1)CCC1C3CCCC3CCC21
C1CCC(C2CCC3C(CCC4CCCCC43)C2)CC1
C1CCC(CCC(CC2CCC3C(CCC3C3CCCCC3)C2)C2CCCCC2)CC1
C1CCC(CCCC(CC2CC3CCCCC3C2)C2CC2)CC1
C1CCC(CC2CCC3C(CCC3C3CCCCC3)C2)CC1
C1CCC(CC2CC3CCCCC3C3CCC4CCCCC4C23)C1
C1CCC(C2CCCC3C(CCC4CCCCC43)C2)CC1
C1CCC(CCCC2CCC3C(CCC3C3CCCCC3)C2)CC1
C1CCC(CC(CC2CCCCC2)C2CCCCC2)CC1
C(CCC1CCCC2CCCC12)CC1CC2CCCCC2C1
C1CCC2CC(CC3CCCC4CCCC43)CCC2C1
C1CCC2C(C1)CCCC2CCCC1CCC2C1CCCC1C3CCCCC3CCC12
C1CCC(CCCCC2CC3CCCCC3C2)CC1
C1CCC(CCCCC2CCC3CCCCC23)CC1
C1CCC2CC(CCCC3CCCCC4CCCCC43)CC2C1
C(CCC1CCCC2CCCCC12)CC1CC2CCCCC2C1
C1CCC(C2CC3CCCC3C3CCC4CCCCC4C23)CC1
C1CCC(CCCC2CCC(CC3CCC4C(CCC4C4CCCCC4)C3)CC2)CC1
C(CCCCC1CCC(C2CCCCC2)C1)CCCC1CCCCC1
C1CCC(C2CCC3CC4C(CCC45CCCC5)CC32)CC1
C1CCC2C(C1)CCC1C3CCCC3CCC21
C1CCC(C2CCC(CCCC3CCC4C3CCC3C5CCCCC5CCC43)C2)CC1
C1CCC(CC2CC3CCCCC3C3CCC4CCCCC4C23)CC1
C(CCCC1CCCC2C(C3CCCCC3)CCC12)CCC1CCCCC1
C(CCC1CCCC2CCCCC12)CC1CCC2CCCCC2C1
C1CCC(CCCCC2CC3CCCCC3C2)CC1
C1CCC(CCC2CCC3C(CCC3C3CCCCC3)C2)CC1
C1CCC(C2CC3CCCC3C3CCC4CCCCC4C23)CC1
C1CCC(CCC2CCC3C(CCC4CC(C5CCCCC5)CCC43)C2)CC1
C1CCC2C(C1)CC(C1CCCC1)C1CCCC21
C1CCC(CC2CCC3CCCCC3C3CCC4CCCCC4C23)C1
C1CCC2C(C1)CCC1C3CCCC3CCC21
C1CCC(CCCCCC2CC3CCCCC3C2)CC1
C(CCCC1CCCC2C(C3CCCCC3)CCC12)CCC1CCCCC1
C(CCC1CCC2C1CCC1C3CCCCC3CCC21)CC1CCC2CCCCC2C1
C1CCC2C(C1)CCC1C3CCCC3CCC21
C1CCC(C2CCC3CC4C(CCCC45CCCC5)CCC32)CC1
C(CCCC1CCCCC1)CCC1CCCCC1
C1CCC2CCC(C3CCCC4CCCC43)CC2CC1
C1CCC(C2CCC3CC4(CCCCC4C4CCCCC4)CCCC32)CC1
C1CCC2C(C1)CCC1C3CCCC3CCC21
C1CCC(CC2CC3CCCCC3C3CCC4CCCCC4C23)CC1
C1CCC2CCC3CCCCC3C2CC1
C1CCC(CCCCC2CC3CCCCC3C2)CC1
C1CCC(CC2CCC(CC(CC3CCCCC3)C3CCCCC3)CC2)CC1
C1CCC2CCC(C3CCCC4CCCC43)CC2CC1
C1CCC(C2CC3CCCC3C3CCC4CCCCC4CC23)CC1
C(CCC1CCCC2CCCC12)CC1CC2CCCCC2C1
C(CCCC1CCCC2C(C3CCCCC3)CCC12)CCC1CCCCC1
C1CCC(C2CCC3CC4C(CCC32)CCC2C3CCC(CCCC5CC6CCCCC6C5)C3CCC42)CC1
C1CCC(CCC2CC3CCCC3C3CCC4CCCCC4C23)CC1
C1CCC(C2CCC3CC4C(CCC5CC6CCCCC6C5)CCCC4CC32)CC1
C1CCC(C2CCC3CC4C(CCC45CCCCC5)CC32)CC1
C1CCC2CCC(C3CCCC4CCCC43)CC2CC1
C1CCC2C(C1)CCC1C2CCC2C3CCCC3CC21
C1CCC2CC(CCCC3CCC4C3CCCC3C5CCCCC5CCC34)CC2C1
C1CCC(C2CC3CCCC3C3CCC4CCCCC4C3C2)CC1
C(CCC1CCCC2CCCCC12)CC1CCC2CCCCC2C1
C1CCC(C2CCC3C(CCC4CCCCC43)C2)CC1
C1CCC2CC(CC3CCCC4CCCC43)CCC2C1
C1CCC2C(C1)CC(C1CCCC3CCCC31)C1CCCCC21
C1CCC(CCCCCC2CC3CCCCC3C2)CC1
C1CCC(CCCCC2CC3CCCCC3C2)CC1
C(CCCC1CCCC2C(C3CCCCC3)CCC12)CCC1CCCCC1
C1CCC(C2CCC3CC4C(CCC45CCCCC5)CC32)CC1
C1CCC(CCCCC2CCC3CCCCC23)CC1
C1CCC2CCC3C4CCCC4CCC3C2CC1
C1CCC(CCCCCC2CCC3CCCCC23)CC1
C1CCC(CCC2CCC3C(CCC3C3CCCC(CC4CCCCC4)C3)C2)CC1
C1CCC2C(C1)CCC1C3CCCC3CCC21
C1CCC(CCC2CCC(CCCC3CCCC(CC4CCCC4)C3)CC2)CC1
C1CCC(CCC2CCC3C(CC4CCCCC4)CCC3C2)CC1
C1CCC(C2CCC3C(CCC4CC4)CCC3C3CCC4CCCCC4C23)CC1
C1CCC(C2CC3CCCC3C3CCC4CCCCC4C23)CC1
C1CCC2C(C1)CCC1C3CCCC3CCC21
C1CCC2CC(C3CCCC3)CCC2C1
C1CCC(CCC2CCC3C(CCC3C3CCCCC3)C2)CC1
C1CCC(CCCCCC2CCC3CCCCC23)CC1
C1CCC(CCCCC2CC3CCCCC3C2)CC1
C1CCC(CC2CCC3CC4C(CCC45CCCC5)CC23)CC1
C1CCC(CCC2CCC3C(CCC3C3CCCCC3)C2)CC1
C1CCC2C(C1)CCC1CCCCC12
C1CCC(CC2CCC3C(CCCCCC4CCC(C5CCCC5)C4)CCCC23)CC1
C1CCC(CCCCCC2CCC3CCCC3C2)CC1
C1CCC2CCC3C4CCC(CCCC5CC6CCCCC6C5)C4CCC3C2CC1
C1CCC(C2CCC(CCCC3CCC4C3CCC3C5CCCCC5CCC43)C2)CC1
C1CCC(CCCCC2CC3CCCCC3C2)CC1
C1CCC(CCC2(CCCC3CC4CCCCC4C3)CCC3C4CCC5CCCCC5C4CCC32)C1
C1CCC(C2CCC(CCCCCC3CCCC4CCCCC34)C2)CC1
C1CCC(CCC2CCC3C(CCC4CCCCC43)C2)CC1
C1CCC(CCC2CCC3C(CCC3C3CCCCC3)C2)CC1
C1CCC2C(C1)CCC1C3CCCC3CCC21
C1CCC(CCC2CCC3C(CCC4CCCCC43)C2)CC1
C1CCC(CCC2CCC3C(CC4CCCCC4)CCC3C2)CC1
C(CCC1CCCC2CCCCC12)CC1CCCC2CCCCC12
C1CCC2CCC(C3CCCC4CCCC43)CC2CC1
C1CCC(C2CCC(CCCCCC3CCCCC4CCCCC34)C2)CC1
C1CCC2CC(C3CCCC3)CCC2C1
C1CCC(CCCCC2CC3CCCCC3C2)CC1
C1CCC2CCC(C3CCCC4CCCC43)CC2CC1
C1CCC(CCCCCC2CC3CCCCC3C2)CC1
C1CCC2CC(CCCC3CCCC4C3CCC3C5CCCCC5CCC43)CC2C1
C(CCCC1CCCCC1)CCCC1CCC(C2CCCCC2)C1
C1CCC2CC(C3CCCC4CCCC43)CCC2C1
C1CCC(CCCCC2CCC3CCCCC3C2)CC1
C(CCCC1CCCCC1)CCCC1CCC(C2CCCCC2)C1
C1CCC(CCC2CCC3C(CCC3C3CCCCC3)C2)CC1
C1CCC(C2CCC3CC4C(CCC5C6CCC(CCCC7CCC8CCCCC8C7)C6CCC45)CC32)CC1
C1CCC2C(C1)CCC1C2CCC2C3CCCC3CC21
C(CCC1CCCC2CCCC12)CC1CC2CCCCC2C1
C1CCC2CCC(C3CCCC4CCCC43)CC2CC1
C1CCC(C2CC3CCCC3C3CCC4CCCCC4C23)CC1
C1CCC(CCCC2CCCC(C3CCC4CC(CCC5CCC6CCCCC6C5)CCC43)C2)CC1
C1CCC2CC(C3CCCC3)C3CCCC3C2CC1
C1CCC2CCC(C3CCCC4CCCC43)CC2CC1
C(CCC1CC2CCCCC2C1)CCC1CCCC2CCCC12
C1CCC(CCCC23CCCC2CC2CC4CCC5CCCCC5C4CCC23)C1
C1CCC(CCCC2CCCC3CCC(C4CCCC5CCCC54)CC3C2)CC1
C1CCC(CCC2CCC3C(CCC3C3CCCCC3)C2)CC1
C1CC2CC2C2C(C1)CCC1C3CCCC3CCC12
C1CCC2CCC3C4CCC(CCCC5CC6CCCCC6C5)C4CCC3C2CC1
C1CCC2CCC(C3CCCC4CCCC43)CC2CC1
C1CCC(CCC2CCCCC3CC4C(CCC4C4CCCCC4)CC23)CC1
C1CCC(CC23CCCCC2CCC2C4CCCC4CCC23)CC1
C1CCC(C2CC3CCCC3C3CCC4CCCCC4C23)CC1
C1CCC(C2CCC3CC4C(CCC32)CCC2C3CCC(CCCC5CCC6CCCCC6C5)C3CCC42)CC1
C(CCC1CCC2CCCCC2C1)CCC1CCCC2CCCCC12
C1CCC(C2CC3CCCC3C3CCC4CCCCC4C23)CC1
C1CCC(CCC2CCC3C(CCC3C3CCCCC3)C2)CC1
C1CCC2CC(C3CCCC4CCCC43)CCC2C1
C1CCC(C2CCC3(CCCC4CC5C(CCC5C5CCCCC5)CC43)C2)CC1
C1CCC(CCC2CCC3C(CCC3C3CCCCC3)C2)CC1
C1CCC(CCC2CCC(CCC3CCCC(CC4CCCC4)C3)CC2)CC1
C1CCC2CCC3C4CCC(CCCC5CC6CCCCC6C5)C4CCC3C2CC1
C1CCC(CCC2CC3CCCCC3C2C2CCCCC2)CC1
C1CCC(CCC2CCCCC2)CC1
C1CCC(CCC2CCC3C(CCC3C3CCCCC3)C2)CC1
C1CCC(CC2CCC(CCCCCC3CCCC4CCCCC34)C2)CC1
C1CCC(C2CC3CCCC3C3CCC4CCCCC4C23)CC1
C1CCC(CCCCCC2CC3CCCCC3C2)CC1
C1CCC(CC2CCC(CC(CC3CCCCC3)C3CCCCC3)CC2)CC1
C1CCC(CCCCC2CC3CCCCC3C2)CC1
C1CCC(CCCCCC2CC3CCCCC3C2)CC1
C1CCC(C2CCC3C(CCC4CCCCC43)C2)CC1
C1CCC(C2CC3C(CCC4CC4)CCC3C3CCC4CCCCCC4C23)CC1
C1CCC2CCC3C4CCC(CCCC5CCCC5)C4CCC3C2CC1
C1CCC(C2CCC3C(CCC4CCCCC43)C2)CC1
C1CCC(CCCCC2CCCC3CCC(C4CCCCC4)CC23)CC1
C1CCC(CCCCCC2CC3CCCCC3C2)CC1
C(CCCC1CCCC2C(C3CCCCC3)CCC12)CCC1CCCCC1
C1CCC(C2CCC3CCC4(CCCCC4)C3C2)CC1
C1CCC(CCCCC2CC3CCCCC3C2)CC1
C1CCC(CCCC2CCCCC2)CC1
C1CCC(CC2CC3CCCCC3C3CCC4CCCCCC4C23)CC1
C1CCC(C2CC3CCCC3C3CCC4CCCCC4CC23)CC1
C1CCC2CCC(C3CCCC4CCCC43)CC2CC1
C1CCC(CCCCCC2CCC3CCCCC23)CC1
C1CCC(C2CCC3CC4C(CCC5C6CCCC6CCCC45)CC32)CC1
C(CCCCC1CCC(C2CCCCC2)C1)CCCC1CCCCC1
C1CCC(CCC2CCC3C(CCC3C3CCCC(CC4CCCC4)C3)C2)CC1
C1CCC(CCCC(CCC2CCC3CCCC3C2)CC2CCCCC2)CC1
C1CCC(C2CCC3CC4C(CCCC45CCCC5)CC32)CC1
C1CCC2C(C1)CCC1C3CCCC3CCC21
C(CCC1CCCC2CCCCC12)CC1CCCC2CCCCC12
C1CCC(CCCCC2CCC3CCCCC23)CC1
C1CCC2CC3CCC4C5CCCC5CC4C3CCC2C1
C(CCCCC1CCC2C(CCC3C4CCCC4CCC23)C1)CCCC1CCCC(CC(CC2CCC(CC3CCCCC3)CC2)C2CCCCC2)C1
C1CCC(CCCC2CCC3CCC(C4CCCC5CCCC54)CC3C2)CC1
C1CCC2CCC3C4CCCCC4CC(CC4CCCC4)C3C2CC1
C1CCC(CCCC2CCC3C2CCC2C4CCCCC4CCC32)C1
C1CCC(CCC2CCC(CCC3CCCCC(CC4CCCC4)C3)CC2)CC1
C1CCC(CCC(CCC2CCC3CCCC3C2)CC2CCCCC2)CC1
C(CCC1CCC2CCCCC2C1)CCC1(C2CCCC2)CCCC2CCCCC21
C1CCC(CCC2CCCCC2)CC1
C1CCC2C(C1)CCC1C3CCCC3CCC21
C1CCC(CCCCC2CC3CCCCC3C2C2CCCCC2)CC1
C1CCC(C2C3CCCCC3CC3CC4CCCC4CC32)CC1
C1CCC(C2CCC3CC4C(CCC5C6CCC(CCCC7CCC8CCCCC8C7)C6CCC45)CC32)CC1
C1CCC(CCCCC2CC3CCCCC3C2)CC1
C1CCC2CCC(C3CCCC4CCCC43)CC2CC1
C1CCC(CC2CC3CCCCC3C3CCC4CCCCC4C23)C1
C(CCC1CCCC2CCCC12)CC1CC2CCCCC2C1
C1CCC(CC2CC3CCCCC3C3CCC4CCCCC4C23)CC1
C1CCC2CCC(C3CCCC4CCCC43)CC2CC1
C1CCC(CCC2CCC3C(CCC3C3CCCCC3)C2)CC1
C1CCC(C2CCC3CCC4C(CCC5C6CCC(CCCC7CC8CCCCC8C7)C6CCC45)CC32)CC1
C1CCC(CCC2CCC3C(CCC3C3CCCCC3)C2)CC1
C1CCC(CC2CC3CCCCC3C3CCC4CCCCCC4C23)CC1
C(CCC1CCCC2CCCC12)CC1CC2CCCCC2C1
C(CCC1CCCC2CCCCC12)CCC1CCCC2CCCC12
C1CCC(CCCCCC2CCCC3CCCC23)CC1
C1CCC(C2CCC3CC4C(CCC5C6CCC(CCCC7CC8CCCCC8C7)C6CCC45)CC32)CC1
C1CCC2CCC3C4CCCC4CCC3C2CC1
C1CCC(C2CC3CCCC3C3CCC4CCCCC4C23)CC1
C1CCC(C2CC3CCCCC3C3CCC4CCCCC4C23)CC1
C1CCC(CC2CC3CCCCC3CC3CCC4CCCCC4C32)CC1
C1CCC2C(C1)CCC1C2CCC2C3CCCC3CC21
C1CCC(CCCCC2CCC3CCCCC23)CC1
C1CCC2CC(CC3CCCC4CCCC43)CCC2C1
C1CCC(CCCCC2CCC3CCC(C4CCCC5CCCC54)CC3C2)CC1
C1CCC(C2CCC3C(CCCC4CCCCC43)C2)CC1
C1CCC2C(C1)CCC1C3CCCC3CCCC21
C1CCC(C2CCC3(CCC4CCC5C(CCC5C5CCCCC5)CC43)C2)CC1
C1CCC(C2CCC3CC4C(CCC5C6CCC(CCCCC7CCC8CCCCC8C7)C6CCC45)CC32)CC1
C1CCC(CCCCCC2CC3CCCCC3C2)CC1
C1CCC(CCCC2CCC3CCC(C4CCCC5CCCC54)CC3C2)CC1
C1CCC(C2CCC(CC3CC4CCCCC4CC4CCC5CCCCC5C43)CC2)CC1
C(CCC1CCCC2CCCCC12)CC1CCCC2CCCCC12
C1CCC2CC(C3CCCC4CCCC43)CCC2C1
C1CCC(C2CCC(CCCCCC3CCCCC4CCCCC34)C2)CC1
C1CCC2CCC3CCCCC3C2CC1
C1CCC(C2CC3CCCC3C3CCC4CCCCC4C23)CC1
C(CCCC1CCCC2C(C3CCCCC3)CCC12)CCC1CCC(C2CCCC2)C1
C1CCC(C2CC3C(CCC34CCCC4)C3CCC4CCCCC4C23)CC1
C1CCC(C2CCC3CC4C(CCCCC45CCCC5)CC32)CC1
C1CCC(CC2CC3CCCCC3C3CCC4CCCCC4C23)C1
C(CCCC1CCCC2C(C3CCCCC3)CCC12)CCC1CCCCC1
C1CCC2CCC3C4CCCC4CCC3C2CC1
C1CCC2CCC(C3CCCC4CCCC43)CC2CC1
C1CCC(C2CCC3C(CCC4CCCCC43)C2)CC1
C1CCC(C2CCC(CCCCCC3CCCC4CCCCC34)C2)CC1
C1CCC2CC(C3CCCC3)C3CCCC3C2CC1
C1CCC(CCCCCC2CCC3CCCCC23)CC1
C(CCCC1CCCC2C(C3CCCCC3)CCC12)CCC1CCCCC1
C1CCC(CCC2CCC3C(CCC3C3CCCCC3)C2)CC1
C1CC2CCC3C(CCC4CCCCC43)CC2C1
C1CCC2CC(C3CCCC4CCCC43)CCC2C1
C1CCC(CC2CCC(CC(CC3CCCCC3)C3CCCCC3)CC2)CC1
C1CCC(CCCCCC2CCC3CCCCC23)CC1
C1CCC(CCC(CCC2CCC3CCCCC3C2)CC2CCCCC2)CC1
C(CCCC1CCCC2C(C3CCCCC3)CCC12)CCC1CCCCC1
C1CCC(CCCC2CCC3CCCC3C2)CC1
C1CCC2CCC3C4CCCCC4CC(CC4CCCC4)C3C2CC1
C1CCC(CCC2CCC3C(CC4CCCCC4)CCC3C2)CC1
C1CCC(C2CCC3C(CCCCCC4CC4)CCCC23)CC1
C1CCC(C2CCC3CC4C(CCC32)CCC42CCCCC2)CC1
C(CCC1CCCC2CCCC12)CC1CC2CCCCC2C1
C(CCCC1CCCCC1)CCCC1CCC(C2CCCCC2)C1
C1CCC(CCCCCC2CCCC3C(CC4CCCCC4)CCC23)CC1
C(CCC1CCCC2CCCC12)CC1CC2CCCCC2C1
C1CCC2C(C1)CCCC1CCCCC12
C1CCC(CCC2CCCC2CC2CC3CCCCC3C3CCC4CCCCC4C23)CC1
C1CCC2C(C1)CCCC2CCCC1CCC2C(CCC3C4CCCCC4CCC23)C1
C1CCC(CCCCCC2CCCC3C(C4CCCCC4)CCC23)CC1
C1CCC2CC(CC3CCCC4CCCC43)CCC2C1
C1CCC(CCCCC2CC3CCCCC3C2)CC1
C1CCC2CC(C3CCCC4CCCC43)CCC2C1
C1CCC(CCCCCC2CCC3CCCCC23)CC1
C1CCC(CCCCCC2CC3CCCCC3C2)CC1
C1CCC(CCCCC2CC3CCCCC3C2)CC1
C1CCC(C2CCC3C(CCC4CCCCC43)C2)CC1
C1CCC(CC2CC3CCCCC3C3CCC4CCCCC4C23)C1
C1CCC(CCCC2CCC(CCC3CCCC(CC4CCCC4)C3)CC2)CC1
C1CCC2CCC(C3CCCC4CCCC43)CC2CC1
C1CCC(CC2CCC3C(CC4CCCCC4)CCC3C2)CC1
C1CCC2CCC3C4CCC(CCCC5CCC6CCCCC6C5)C4CCC3C2CC1
C(CCC1CCCC2CCCC12)CC1CC2CCCCC2C1
C1CCC(CC2CC3CCCCC3C3CCC4CCCCC4C23)C1
C1CCC(CCC2CCC(CC(CC3CCCCC3)C3CCCCC3)CC2)CC1
C1CCC(CCCC2CCC3CC4CCC5CCCCC5C4CCC23)C1
C1CCC2CCC3C4CCCC4CCC3C2CC1
C1CCC(CCCCC2CC3CCCCC3C2)CC1
C1CCC(C2CCC3CC4C(CCC4C4CCCC4)CC32)CC1
C1CCC(C2CC3CCCCC3C3CCC4CCCCC4C23)CC1
C1CCC(CCCCCC2CC3CCCCC3C2)CC1
C1CCC2CC(CC3CCCC4CCCC43)CCC2C1
C1CCC(CCCC2CCC3CCC(C4CCCC5CCCC54)CC3C2)CC1
C1CCC(C2CC3CCCC3C3CCC4CCCCC4C23)CC1
C1CCC2CC(CC3CCCC4CCCC43)CCC2C1
C1CCC(CCCCC2CCC3CCCCC23)CC1
C1CCC(CCCC2CC3CCCCC3C2C2CCCCC2)CC1
C1CCC(CCCCC2CCC3CCCCC3C2)CC1
C1CCC(C2CCCC3(CCC4CC5C(CCC5C5CCCCC5)CC43)C2)CC1
C1CCC(CC2CC3CCCCC3C3CCC4CCCCCC4C23)CC1
C1CCC(C2CCC3CCC4C(CCC45CCCCC5)CC32)CC1
C1CCC(C2CCC3CC4(CCCCCC4C4CCCCC4)CCC32)CC1
C1CCC2CC(C3CCCC3)C3CCCC3C2CC1
C1CCC2CC(CCCC3CCC4C3CCC3C5CCCCC5CCC43)CC2C1
C1CCC2C(C1)CCC1C2CCC2C3CCCC3CC21
C1CCC(CCCC2CCCC3CCC(C4CCCC5CCCC54)CC23)CC1
C1CCC(CCCCC2CC3CCCCC3C2)CC1
C1CCC(CCCCCC2CCCC3C(CC4CCCCC4)CCC23)CC1
C(CCC1CCCC2CCCC12)CC1CC2CCCCC2C1
C1CCC2CC(CC3CCCC4CCCC43)CCC2C1
C1CCC(CCCCC2CC3CCCCC3C2)CC1
C1CCC(C2CC3CCCC3C3CCC4CCCCCC4C23)CC1
C1CCC(CCCC2CCC(C3CCCC4C(C5CCCCC5)CCC34)C2)CC1
C(CCCCC1CCC(C2CCCCC2)C1)CCCC1CCCCC1
C1CCC(CCC2CCC3C(CCC3C3CCCCC3)C2)CC1
C1CCC(CCCCCC2CCC3CCCCC23)CC1
C1CCC(CCCCCC2CCCC3C(C4CCCCC4)CCC23)CC1
C1CCC2CCC(C3CCCC4CCCC43)CC2CC1
C1CCC(CCCCCC2CC3CCCCC3C2)CC1
C1CCC(CC2CCC3CCC(C4CCCC4)C3C2)C1
C(CCC1CCCC2CCCCC12)CC1CC2CCCCC2C1
C1CCC(C2CC3CCCC3C3CCC4CCCCCC4C23)CC1
C1CCC2CCC3C4CCC(CCCC5CCC6CCCCC6C5)C4CCC3C2CC1
C1CCC2CC(CCCC3CCC4C3CCC3C5CCCCC5CCC43)CCC2C1
C1CCC(CCCCCC2CCCC3C2CCC3C2CCCC(CC3CCCC3)C2)CC1
C1CCC(CCC2CCCC(CC3CC4CCCCC4C4CCC5CCCCC5C34)C2)CC1
C1CCC(CCC2CCC3C(CCC3C3CCCCC3)C2)CC1
C1CCC2CC(CCCC3CCC4C3CCCC3C5CCCCC5CCC34)CCC2C1
C1CCC(CCCCCC2CCC3CCCCC23)CC1
C1CCC(C2CC3CCCC3C3CCC4CCCCC4CC23)CC1
C(CCCCCCC1CCC2C1CCC1C3CCCCC3CCCC21)CCCCCC1CCC(CCC2CCC(CCC3CCCC3)C2)C1
C1CCC(CC2CC3CCCCC3C3CCC4CCCCCC4C23)CC1
C1CCC(CCCC2(CCCC3CC4CCCCC4C3)CCC3C4CCC5CCCCC5C4CCC32)C1
C1CCC2CCC(C3CCCC4CCCC43)CC2CC1
C1CCC(CCCC(CC2CC3CCCCC3C2)C2CC2)CC1
C1CCC(CCCCC2CCC3CCCCC23)CC1
C1CCC(CC2CCC3CC4C(CCC5C6CCC(CCCC7CCC8CCCCC8C7)C6CCC45)CC23)CC1
C1CCC(C2CCC3CC4C5CCC6C(CCCC7CCC8CCCCC8C7)CCC6C(CCC4CC32)C5)CC1
C1CCC2C(C1)CCC1CCCCC12
C(CCCC1CCCC2C(C3CCCCC3)CCC12)CCC1CCCCC1
C(CCCC1CCCC2CCCCC12)CCC1CCC(C2CCCCC2)C1
C1CCC(CC2CC3CCCCC3CC3CCC4CCCCC4C32)CC1
C1CCC(C2CCC3CC4C(CCC5CC6CCC(CCCC7CC8CCCCC8C7)C6CCC54)CC32)CC1
C1CCC(CCC2CCC3C(CCC3C3CCCCC3)C2)CC1
C1CCC2CC(C3CCCC4CCCC43)CCC2C1
C1CCC2CCC(C3CCCC4CCCC43)CC2CC1
C1CCC(CCC2CCC(C3CCC4C(CCC4C4CCCCC4)C3)CC2)CC1
C1CCC(C2CC3C(CCC34CCCC4)C3CCC4CCCCC4CC23)CC1
C1CCC2C(C1)CCC1C2CCCC2C3CCCC3CC21
C(CCCCC1CCC2C(CCC3C4CCCC4CCCC23)C1)CCCC1CCCC(CC(CC2CCC(CC3CCCCC3)CC2)C2CCCCC2)C1
C1CCC(CCCCC2CC3CCCCC3C2)CC1
C1CCC(CCC2CCC3C(CCC3C3CCCCC3)C2)CC1
C1CCC(CC2CCC3C(CCC3C3CCCCC3)C2)CC1
C1CCC(C2CCC3CCC4CCCCC4C3CC2)CC1
C1CCC(CCCCC2CC3CCCCC3C2)CC1
C(CCCC1CCCCC1)CCCC1CCC(C2CCCCC2)C1
C1CCC(CCC2CCC3C(CCCC4CCCCC43)C2)CC1
C1CCC(CC2CCCC(CC3CC4CCCCC4C4CCC5CCCCC5C34)C2)CC1
C1CCC(CCCC2CCC3CCC(C4CCCC5CCCC54)CC3C2)CC1
C1CCC(CCC2CCCCC2)CC1
C(CCCC1CCCC2C(C3CCCCC3)CCC12)CCC1CCCCC1
C1CCC2CC(CC3CCCC4CCCC43)CCC2C1
C1CCC(C2CCC3CCC4C(CCC5C6CCC(CCCC7CCC8CCCCC8C7)C6CCC45)CC32)CC1
C1CCC(CCCCCC2CC3CCCCC3C2)CC1
C1CCC(CCC2CCC3C(CCC3C3CCCCC3)C2)CC1
C1CCC(CCCCC2CCC3CCCCC23)CC1
C1CCC(CCC2CCC3C(CCC3C3CCCCC3)C2)CC1
C1CCC(C2CCC3CC4C(CCCC4CC4CCC5CCCCC54)CCC32)CC1
C1CCC(CCC2CCC(CCC3CCCCC(CC4CCCC4)C3)CC2)CC1
C1CCC(CCC2CCC(CCC3CCCC(CC4CCCC4)C3)CC2)CC1
C1CCC(C2CC3CCCC3C3CCC4CCCCC4C23)CC1
C1CCC2CC(C3CCCC4CCCC43)CCC2C1
C1CCC(CC2CCC3CCCCC3C3CCC4CCCCC4C23)C1
C1CCC(CCCCC2CCC3CCCCC23)CC1
C1CCC(CCCC2CCC3C(CCC4CC(C5CCCCC5)CCC43)C2)CC1
C1CCC2CCC3C4CCC(CCCC5CCC6CCCCC6C5)C4CCC3C2CC1
C1CCC2CCC3C4CCCC4CCC3C2CC1
C1CCC(C2CCC3CCCC3C3CCC4CCCCC4C23)CC1
C(CCC1(C2CCCC2)CCCCC2CCCCC21)CC1CCC2CCCCC2C1
C1CCC2CCC3C4CCCC4CC(C4CCC(CCCCC5CCC6C(CCC7C8CCCC8CCC67)C5)CC4)C3C2CC1
C1CCC(CCC2CCC(CCC3CCCC(CC4CCCC4)C3)CC2)CC1
C1CCC2CC3CCC(C4CCCCC4)C3CC2CC1
C1CCC(C2CCC3CCC4C(CCC45CCCC5)CC32)CC1
C1CCC(CC(CC2CCCCC2)C2CCCCC2)CC1
C1CCC(CCCC2CCC3CCC(C4CCCC5CCCC54)CC3C2)CC1
C(CCC1CCC2C1CCC1C3CCCCC3CCC21)CC1CC2CCCCC2C1
C1CCC(CCCCC2CC3CCCCC3C2)CC1
C1CCC(CC2CCC3C(CCC3C3CCCCC3)C2)CC1
C1CCC(C2CCC3(CCC4CCC5C(CCC5C5CCCCC5)CC43)C2)CC1
C1CCC(C2CCC3CCC4CCCCC4CC32)CC1
C1CCC(CCCC2CCCC3CCC(C4CCCC5CCCC54)CC3C2)CC1
C1CCC(CCC2CCC3C(CC4CCCCC4)CCC3C2)CC1
C1CCC2CCC(C3CCCC4CCCC43)CC2CC1
C1CCC(CCC2CCC3C(CCC3C3CCCCC3)C2)CC1
C1CCC(CCCC2CCC3CCCC3C2)CC1
C1CCC(CCC2CCC3C(CCC3C3CCCC(CC4CCCCC4)C3)C2)CC1
C1CCC(C2CCC3C(CCC4CCCCC43)C2)CC1
C1CCC2CCC3C4CCC(CCCC5CC6CCCCC6C5)C4CCC3C2CC1
C1CCC(CCCCC2CC3CCCCC3C2)CC1
C1CCC(C2CCC3CC4C(CCC32)CCC2C3CCC(CCCC5CC6CCCCC6C5)C3CCC42)CC1
C1CCC(CCCCC2CC3CCCCC3C2)CC1
C1CCC(CCCCC2CC3CCCCC3C2)CC1
C1CCC(CCCC2CCCC3CCC(C4CCCC5CCCC54)CC23)CC1
C(CCC1CCC2C1CCC1C3CCCCC3CCC21)CC1CCC2CCCCC2C1
C1CCC(C2CCC3CCCC3C3CCC4CCCCC4CC23)CC1
C1CCC(C2CCC3C(CCC4CCCCC43)C2)CC1
C1CCC2CCC(C3CCCC4CCCC43)CC2CC1
C1CCC(CCCCC2CCC3CCCCC23)CC1
C1CCC2C(C1)CCC1CCCCC12
C1CCC(CCCCCC2CCCC3C(C4CCCCC4)CCC23)CC1
C1CCC(CCCC2CCC3C2CCC2C4CC5CCC(C6CCCCC6)C5CC4CCC32)CC1
C1CCC2CCC3C4CCCCC4CCC3C2CC1
C(CCC1CC2CCCCC2C1)CCC1CCCC2CCCC12
C1CCC(C2CCC3CC4C(CCC45CCCCCC5)CC32)CC1
C1CCC2C(C1)CC(C1CCCC3CCCC31)C1CCCCC21
C(CCCC1CCCC2C(C3CCCCC3)CCC12)CCC1CCCCC1
C1CCC(C2CC3CCCC3C3CCC4CCCCCC4C23)CC1
C1CCC2CCC(C3CCCC4CCCC43)CC2CC1
C1CCC(C2CCC3CC4C(CCCC45CCCCC5)CC32)CC1
C1CCC(C2CCC3CC4C(CCC32)CCC2C3CCC(CCCC5CCC6CCCCC6C5)C3CCC42)CC1
C1CCC(C2CC3CCCC3C3CCC4CCCCC4C23)CC1
C1CCC2C(C1)CCC1C3CCCCC3CCCC21
C1CCC(CCCCCC2CC3CCCCC3C2)CC1
C1CCC(C2CC3CCCC3C3CCC4CCCCC4C23)CC1
C1CCC(CC(CC2CCCCC2)C2CCCCC2)CC1
C(CCCC1CCCC2CCCCC12)CCC1CCCC1
C1CCC2CC(C3CCCC4CCCC43)CCC2C1
C1CCC(CCC2CCC3C(CCCC4C5CCCC5CC(CCC5CCCCC5)C34)C2)CC1
C1CCC(CCC2CCC3C(CCC3C3CCCCC3)C2)CC1
C1CCC(CCCCC2CCC3CCCCC23)CC1
C1CCC(CC2CCC3C(CCC3C3CCCCC3)C2)CC1
C1CCC(C2CC3CCCC3C3CCC4CCCCCC4C23)CC1
C(CCCC1CCCC2C(C3CCCCC3)CCC12)CCC1CC1
C1CCC(CCCCC2CC3CCCCC3C2)CC1
C(CCC1CCC(C2CCCC2)C1)CCC1CCCC2CCCCC12
C1CCC(C2CCC3CCC4C(CCC45CCCC5)CC32)CC1
C(CCC1CCCC2CCCCC12)CC1CC2CCCCC2C1
C1CCC2CCC3C4CCCC4CCC3C2CC1
C1CCC(C2CC3CCCC3C3CCC4CCCCCC4C23)CC1
C1CCC2CCC(C3CCCC4CCCC43)CC2CC1
C1CCC(CCC2CCC3C(CCC4C5CCCC5CCC34)C2)CC1
C1CCC2CC(CCCC3CCCC4CCCCC43)CC2C1
C1CCC2C(C1)CCC1C3CCCC3CCC21
C1CCC(C2CCC3CCC4CCCCC4CC32)CC1
C(CCC1(C2CCCC2)CCCCC2CCCCC21)CC1CCC2CCCCC2C1
C1CCC(C2CCC3C(CCC4CCCCC43)C2)C1
C1CCC(CCCCCC2CC3CCCCC3C2)CC1
C1CCC(C2CCC3CC4C(CCC32)CCC42CCCC2)CC1
C1CCC(C2CCC3CCCC3C3CCC4CCCCC4C23)CC1
C1CCC(C2CCC3CC4C(CCCC45CCCC5)CC32)CC1
C(CCCC1CCCC2C(C3CCCCC3)CCC12)CCC1CCC(C2CCCC2)C1
C1CCC(CCC2CCC(CC(CC3CCCCC3)C3CCCCC3)CC2)CC1
C1CCC(CC2CCC3C(CCC3C3CCCCC3)C2)CC1
C1CCC(C2CCCC(CC3CC4CCCCC4C4CCC5CCCCC5C4C3)C2)C1
C1CCC(C2CC3CCCC3C3CCC4CCCCC4CC23)CC1
C1CCC(CCCCCC2CCCC3C(C4CCCCC4)CCC23)CC1
C1CCC(C2CC3CCCC(C3)C3CCC4CCCCC4C32)CC1
C1CCC(CC2CC3CCCCC3C3CCC4CCCCCC4C23)CC1
C1CCC(C2CCC3CC4C(CCC45CCCCC5)CC32)CC1
C1CCC2CCC(C3CCCC4CCCC43)CC2CC1
C1CCC(CCCCCC2CCCC3C(CC4CCCCC4)CCC23)CC1
C1CCC2CCC3C4CCCCC4CCC3C2CC1
C1CCC(CCC2CCC3C(CCC3C3CCCCC3)C2)CC1
C1CCC2CCC3C4CCCCC4CC(CC4CCCC4)C3C2CC1
C1CCC(CC2CCCCCC23CCCC2C(CCC2C2CCCCC2)C3)CC1
C1CCC(CC2CC3CCCCC3C3CCC4CCCCCC4C23)CC1
C1CCC(C2CCC3CC4C(CCC5C6CCCC6CCC45)CC32)CC1
C1CCC(CC2CC3CCCCC3C3CCC4CCCCCC4C23)CC1
C1CCC(C2CCC3CC4C(CCC45CCCC5)CC32)CC1
C1CCC(C2CCC3CC4C(CCC45CCCCCC5)CC32)CC1
C1CCC2CC(CCCC3CCC4C3CCCC3C5CCCCC5CCC34)CC2C1
C1CCC2CC(C3CCCC4CCCCC43)C3CCCC3C2CC1
C1CCC(CCC2CCC3C(CCC3C3CCCCC3)C2)CC1
C1CCC(CC2CC3CCCCC3C3CCC4CCCCCC4C23)CC1
C1CCC(CC2CCC3C(CC4CCCCC4)CCC3C2)CC1
C1CCC2CC3CCC4C5CCCC5CC4C3CCC2C1
C1CCC(CCCC2CCC3C2CCC(C2CCCCC2)C2C4CCCCC4CCC32)CC1
C1CCC(CCC2CCC3C(CCCC4C5CCCC5CC(CCC5CCCCC5)C34)C2)CC1
C1CCC(CC2CCC3C(CCC3C3CCCCC3)C2)CC1
C1CCC(CC2CC3CCCCC3C3CCC4CCCCCC4C23)CC1
C1CCC(C2CCC3C(CCC4CCCCC43)C2)C1
C1CCC(CC2CCC3CCCCC3C3CCC4CCCCC4C23)C1
C1CCC2CCC(C3CCCC4CCCC43)CC2CC1
C1CCC2C(C1)CCC1C3CCCC3CCC21
C1CCC(CCCC2CCC3CCCC3C2)CC1
C(CCCC1CCCC2C(C3CCCCC3)CCC12)CCC1CCC(C2CCCC2)C1
C(CCCC1CCCCC1)CCCC1CCC(C2CCCCC2)C1
C1CCCC(C2CC3CCCC3C3CCC4CCCCC4C23)CC1
C1CCC2CC(CC3CCCC4CCCC43)CCC2C1
C1CCC2C(C1)CCC1CCCCC12
C1CCC(C2CCC3CC4CCCCC4CC32)CC1
C1CCC(CC2CCCC(C3CCC4CC(CCC5CCC6CCCCC6C5)CCC43)C2)C1
C1CCC(CCCCCC2CC3CCCCC3C2)CC1
C1CCC(CCC2CCC(C3CCC4C(CCC4C4CCCCC4)C3)CC2)CC1
C1CCC(CC2CCC3C(CCC3C3CCCCC3)C2)CC1
C1CCC(C2CC3CCCCC3C3CCCCC23)CC1
C(CCC1CCCC2CCCC12)CC1CC2CCCCC2C1
C1CCC(CCCCCC2CC3CCCCC3C2)CC1
C(CC1CCC2CCCC2C1)CC1CCCC2CCC(C3CCCC4CCCC43)CC2C1
C1CCC(CCC(CCC2CCC3CCCC3C2)CC2CCCCC2)CC1
C1CCC(CCC2CCC3C(CCC3C3CCCCC3)C2)CC1
C1CCC2C(C1)CCCC2CCCC1CCCC2CCCCC21
C(CCCCC1CCC(C2CCCCC2)C1)CCCC1CCCCC1
C1CCC2CCC(C3CCCC4CCCC43)CC2CC1
C1CCC(C2CCC(CCCC3CCC4C3CCCC3C5CCCCC5CCC34)C2)CC1
C1CCC(CC2CC3CCCCC3C3CCC4CCCCC4C23)CC1
C1CCC2CC(C3CCCC4CCCC43)CCC2C1
C1CCC2CC(CCCC3CCC4C3CCC3C5CCCCC5CCC43)CC2C1
C1CCC(C2CCC3(CCC4CCC5C(CCC5C5CCCCC5)CC43)C2)CC1
C1CCC(CCCC2CCC3CCC(C4CCCC5CCCC54)CC3CC2)CC1
C(CCC1(C2CCCC2)CCCC2CCCCC21)CC1CCC2CCCCC2C1
C1CCC(C2CCC3CC4C(CCC5C6CCC(CCCCC7CC8CCCCC8C7)C6CCC45)CC32)CC1
C1CCC(C2CCC3CCCC3C3CCC4CCCCCC4C23)CC1
C1CCC(C2CC3CCCC3CC3CCC4CCCCC4C32)CC1
C1CCC(CCC2CCC(CCC3CCCC(CC4CCCC4)C3)CC2)CC1
C1CCC2C(C1)CCC1C3CCCC3CCC21
C1CCC2C(C1)CC(C1CCCC3CCCC31)C1CCCC21
C1CCC2CC(C3CCCC3)C3CCCC3C2CC1
C1CCC(C2CCC3CC4(CCCCCC4C4CCCCC4)CCCC32)CC1
C1CCC(C2CC3CCCC3C3CCC4CCCCC4C23)CC1
C1CCC(C2CC3CCCC3C3CCC4CCCCC4C23)CC1
C1CCC(C2CCC3CCCC3C3CCC4CCCCC4C23)CC1
C1CCC2CC(C3CCCC4CCCC43)CCC2C1
C1CCC(CCC2CCCCC3CCC(C4CCCC5CCCC54)CC23)CC1
C1CCC(C2CC3CCCC3C3CCC4CCCCC4C23)CC1
C1CCC(C2CCC3CC4C(CCC45CCCC5)CC32)CC1
C1CCC(CC2CC3CCCCC3C3CCC4CCCCC4C23)C1
C1CCC2CC(C3CCCC4CCCC43)CCC2C1
C1CCC2C(C1)CCC1CCCCC12
C1CCC2C(C1)CCC1CCCCC12
C(CCCC1CCCC2CCCCC12)CCC1CCC(C2CCCCC2)C1
C1CCC(CC2CCC(CC(CC3CCCCC3)C3CCCCC3)CC2)CC1
C1CCC(CC2CC3CCCCC3C3CCC4CCCCC4C23)CC1
C1CCC(CCC2CCC(C3CCCC4C(C5CCCCC5)CCC34)C2)CC1
C1CCC(C2CCC(CCCCCC3CCCC4C(C5CCCCC5)CCC34)C2)CC1
C1CCC(CCCC2CCC3C(CCC3C3CCCCC3)C2)CC1
C1CCC(C2CCC3CC4(CCCCC4C4CCCCC4)CCCC32)CC1
C1CCC(CCCCCC2CCCC3C(C4CCCCC4)CCC23)CC1
C1CCC(CC2CC3CCCCC3C3CCC4CCCCCC4C23)CC1
C1CCC(CCC2CCC3C(CCC3C3CCCCC3)C2)CC1
C1CCC(C2CC3CCCC3C3CCC4CCCCCC4C23)CC1
C1CCC(C2CC3CCCC3C3CCC4CCCCCC4C23)CC1
C1CCC(CCCCC2CCC3CCCCC3C2)CC1
C(CCCC1CCCC2C(C3CCCCC3)CCC12)CCC1CCCCC1
C1CCC2CC(CCCC3CCC4C3CCC3C5CCCCC5CCCC43)CC2C1
C(CCCCC1CCCC(CC(CC2CCC(CC3CCCCC3)CC2)C2CCCCC2)C1)CCCCC1CCC2C(CCC3C4CCCC4CCC23)C1
C1CCC(CCCCC2CCC3CCCCC23)CC1
C1CC2CC3CCC4C5CCCCC5CCC4C3CC2C1
C1CCC(CCC2CCC3C(CCC3C3CCCC(CC4CCCC4)C3)C2)CC1
C1CCC(C2CCC3CC4C(CCC32)CCC42CCCC2)CC1
C1CCC2CC(CCCC3CCC4C3CCC3C5CCCCC5CCC43)CC2C1
C1CCC(CCCC2CCC3CCC(C4CCCC5CCCC54)CC3C2)CC1
C1CCC(CCC(CCC2CCCCC2)CCC2CCC3CCCC3C2)CC1
C1CCC(C2CCC3CC4C(CCC45CCCC5)CC32)CC1
C1CCC(CCCCC2CCC3CCCCC23)CC1
C1CCC(CCCCC2CC3CCCCC3C2)CC1
C(CCC1CC2CCCCC2C1)CCC1CCCC2CCCC12
C1CCC2CCC3C4CCC(CCCC5CCCC6CCCCC65)C4CCC3C2CC1
C1CCC(C2CCC3CC4C(CCCC4CC4CC5CCCCC5C4)CCC32)CC1
C1CCC(C2CC3C(CCC34CCCC4)C3CCC4CCCCC4CC23)CC1
C1CCC2CC(CCCC3CCC4C5CCC6CCCCC6C(CCC34)C5)CC2C1
C(CCC1CCCC2CCCCC12)CC1CCCC2CCCCC12
C1CCC(CCC2CCC3C(CCC3C3CCCCC3)C2)CC1
C1CCC(CCCC2CCC3CCCC3C2)CC1
C1CCC2CCC(C3CCCC4CCCC43)CC2CC1
C1CCC(CCCC2CCC3CCC(C4CCCC5CCCC54)CC3C2)CC1
C1CCC2CC(C3CCCC4CCCC43)CCC2C1
C1CCC(CCC2CCC3C(CCC3C3CCCCC3)C2)CC1
C(CCCC1CCCCC1)CCCC1CCC(C2CCCCC2)C1
C(CCC1CCC2CCCCC2C1)CCC1CCCCC2CCCCC12
C1CCC(CCCCC2CC3CCCCC3C2)CC1
C1CCC(C2CC3CCCC3C3CCC4CCCCC4C23)CC1
C1CCC(C2CCC3CC4C(CCC5C6CCC(CCCCC7CC8CCCCC8C7)C6CCC45)CC32)CC1
C(CCCC1CCCC2CCCCC12)CCC1CCCC1
C(CCC1CCC2CCCCC2C1)CC1CCCC2CCCCC2C1
C(CCC1CCCC2CCCCC12)CC1CCCC2CCCCC12
C1CCC(CCC(CC2CC3CCCCC3C2)C2CC2)CC1
C1CCC(CCCCC2CC3CCCCC3C2)CC1
C1CCC(C2CCC(CCCCCC3CCCC4C(C5CCCCC5)CCC34)C2)CC1
C1CCC2CC(CCCC3CCC4C3CCC3C5CCCCC5CCC43)CC2C1
C1CCC2CC(CCCC3CCC4C3CCC3C5CCCCC5CCC43)CC2C1
C1CCC2CC(C3CCCC4CCCC43)CCC2C1
C1CCC(CCCCCC2CC3CCCCC3C2)CC1
C1CCC(C2CCC3CC4C(CCC45CCCCCC5)CC32)CC1
C1CCC(CCCCC2CC3CCCCC3C2)CC1
C1CCC(CCCCCC2CC3CCCCC3C2)CC1
C1CCC(CCCC2CCC3C(CCC3C3CCCCC3)C2)CC1
C(CCCCC1CCC(C2CCCCC2)C1)CCCC1CCC2CCCC2C1
C1CCC2CC(CCCC3CCC4C3CCC3C5CCCCC5CCCC43)CC2C1
C1CCC(CCC2CCC(CCC3CCCC(CC4CCCC4)C3)CC2)CC1
C1CCC2C(C1)CCC1C3CCCC3CCC21
C1CCC(C2CCC(CCCCCC3CCCC4C(C5CCCCC5)CCC34)C2)CC1
C1CCC2CCC3C4CCCC4CCC3C2CC1
C1CCC(CCCCCC2CCC3CCCCC3C2)CC1
C1CCC(C2CCC3CCCCC3C3CCCCC23)CC1
C1CCC2CC(C3CCCC3)CCC2C1
C1CCC(CC2CC3CCCCC3C3CCC4CCCCCC4C23)CC1
C1CCC(CCCCCC2CCCC3C2CCC3C2CCCC(CCC3CCCC3)C2)CC1
C1CCC(CCCCC2CC3CCCCC3C2)CC1
C1CCC2C(C1)CC(C1CCCC1)C1CCCC21
C1CCC2CCC3C4CCCCC4CC(CC4CCCC4)C3C2CC1
C1CCC(CCC2CCCC3CC4C(CCC23)CCC4C2CCCCC2)CC1
C1CCC(CCC2CCC3C(CCC3C3CCCCC3)C2)CC1
C1CCC(C2CCC3CC4C(CC5CCC6CCCCC65)CCCCC4CC32)CC1
C1CCC(C2CCC3CC4C(CCC5C6CCC(CCCCC7CCC8CCCCC8C7)C6CCC45)CC32)CC1
C(CCCC1CCCC2C1CCC2C1CCCC(CC2CC2)C1)CCC1CCCCC1
C1CCC2C(C1)CC(C1CCCC3CCCCC31)C1CCCCC21
C(CCCC1CCCCC1)CCCC1CCC(C2CCCCC2)C1
C1CCC(CCC(CCC2CCC3CCCCC3C2)CC2CCCCC2)CC1
C(CCC1CCCC2CCCC12)CC1CC2CCCCC2C1
C1CCC(CC2CCC3C(CCC3C3CCCCC3)C2)CC1
C1CCC(CCCC2CCC3C4CCC5CC6C(CCC6C6CCCCC6)CC5C(CCC23)C4)CC1
C1CCC(C2CC3CCCCC3C3CCCCC23)CC1
C1CCC(C2CC3CCCC3C3CCCC4CCCCC4C23)CC1
C1CCC(CCC2CCC3CC4C(CCC5CCCCC5)CC5CCCC5C4CCC3C2)CC1
C(CCCC1CCCCC1)CCCC1CCC(C2CCCCC2)C1
C1CCC(CCC2CCCCC2)CC1
C1CCC2CCC(C3CCCC4CCCC43)CC2CC1
C1CCC2C(C1)CCC1C3CCCC3CCC21
C1CCC(C2CCC(CCCCCC3CCCC4C(C5CCCCC5)CCC34)C2)CC1
C1CCC2C(C1)CCC1C3CCCC3CCC21
C1CCC(CCCCCC2CCCC3C(C4CCCCC4)CCC23)CC1
C1CCC(CCCC2CCC3CCCC3C2)CC1
C1CCC2CC3CCC4CCCCC4C3CCC2C1
C1CCC2CCC3C4CCCC4CCC3C2CC1
C1CCC(CCC2CCC3C(CCC4C5CCCC5CCC34)C2)CC1
C1CCC(CC2CC3CCCCC3C3CCC4CCCCC4C23)C1
C(CCCC1CCCCC1)CCCC1CCC(C2CCCCC2)C1
C1CCC(CCC(CC2CCC(CC3CCCCC3)CC2)C2CCCCC2)CC1
C1CCC(CCCCCC2CCC3CCCCC23)CC1
C1CCC(CCCCC2CC3CCCCC3C2)CC1
C1CCC(CCCCC2CC3CCCCC3C2)CC1
C1CCC2CCC3C4CCC(CCCC5CC6CCCCC6C5)C4CCC3C2CC1
C1CCC(CCC(CCCC2CCC3CCCC3C2)CC2CCCCC2)CC1
C1CCC(CCC2CCC3C(CC4CCCCC4)CCC3C2)CC1
C1CCC(CCCC(CCC2CCC3CCCC3C2)CC2CCCCC2)CC1
C1CCC(C2CCC3CC4C(CCC32)CCC2C3CCC(CCCC5CCCC6CCCCC65)C3CCC42)CC1
C1CCC2CC(CC3CCCC4CCCC43)CCC2C1
C1CCC(C2CCC3CC4C(CCC45CCCC5)CC32)CC1
C1CCC(C2CCC(C3CC4CCCC4C4CCC5CCCCC5C34)CC2)C1
C1CCC2CCC3C4CCCCC4CCC3C2CC1
C1CCC(C2CC3CCCC3C3CCC4CCCCCC4C23)CC1
C1CCC(C2CCC3CC4C(CCC5C6CCC(CCCCC7CC8CCCCC8C7)C6CCC45)CC32)CC1
C1CCC(C2CC3CCCC3CC3CCC4CCCCC4C32)CC1
C(CCC1CCC2C1CCC1C3CCCCC3CCC21)CC1CC2CCCCC2C1
C1CCC(C2CCCCC2CC2CC3CCCCC3C3CCC4CCCCC4C23)CC1
C1CCC(CC2CCC(CC(CC3CCCCC3)C3CCCCC3)CC2)CC1
C(CCCC1CCCC2C(C3CCCCC3)CCC12)CCC1CCCCC1
C(CCC1CCCC2CCCCC12)CC1CC2CCCCC2C1
C(CCC1CCCC2CCCCC12)CC1CCC2CCCCC2C1
C1CCC(CCCCC2CCC3CCCCC3C2)CC1
C1CCC2CCC3C4CCCC4CCC3C2CC1
C1CCC2CCC3C4CCCCC4CC(CC4CCCC4)C3C2CC1
C(CCC1CCCC2CCCCC12)CC1CC2CCCCC2C1
C1CCC(C2CCC3CC4C(CCC5C6CCC(CCCC7CC8CCCCC8C7)C6CCC45)CC32)CC1
C1CCC(CCCCC2CC3CCCCC3C2)CC1
C(CCCC1CCCC2C(C3CCCCC3)CCC12)CCC1CCCCC1
C1CCC(C2CC3CCCCC3C3CCCCC23)CC1
C1CCC2C(C1)CCC1CCCCC12
C1CCC(CC(CC2CCCCC2)C2CCCCC2)CC1
C1CCC(CCCCCC2CCC3CCCCC23)CC1
C(CCCC1CCCC2CCCCC12)CCC1CCCC1
C1CCC(CCCCCC2CCC3CCCCC23)CC1
C(CCCC1CCCC2C(C3CCCCC3)CCC12)CCC1CCCCC1
C1CCC(C2CCC3C(CCC4CCCCC43)C2)C1
C1CCC(CCCC(CCC2CCC3CCCC3C2)CC2CCCCC2)CC1
C1CCC(C2CC3CCCC3C3CCC4CCCCC4C23)CC1
C(CCCC1CCCC2C(C3CCCCC3)CCC12)CCC1CCCCC1
C1CCC(CCC2CCC(CCC3CCCC(CC4CCCC4)C3)CC2)CC1
C1CCC(CCCCCC2CCC3CCCCC23)CC1
C1CCC(CCC2CCC(CCC3CCCCC3)CC2)CC1
C1CCC(CC2CCC3C(CCC3C3CCCCC3)C2)CC1
C(CCCCC1CCC(C2CCCCC2)C1)CCCC1CCCCC1
C1CCC2CCC(C3CCCC4CCCC43)CC2CC1
C1CCC(CCCCC2CC3CCCCC3C2)CC1
C1CCC(C2CCC3C(CCCCCC4CCC4)CCCC23)CC1
C1CCC(CCC2CCC3C(CCC4CCCCC43)C2)CC1
C1CCC(CCC2CCC3C(CCC3C3CCCCC3)C2)CC1
C1CCC(CCCCCC2CC3CCCCC3C2)CC1
C1CCC(CCC2CCC3C(CCC3C3CCCCC3)C2)CC1
C1CCC2CCC3C4CCCCC4CC(CC4CCCC4)C3C2CC1
C1CCC(CCC2CCCCC2)CC1
C1CCC(CCC2CCC3C(CCC3C3CCCC(CCCC4CCCC4)C3)C2)CC1
C1CCC(C2CCC(C3CC4CCCC4C4CCC5CCCCC5C34)CC2)C1
C1CCC2C(C1)CCC1C3CCCC3CCC21
C1CCC(CCCCC2CC3CCCCC3C2)CC1
C1CCC2C(C1)CCC1C3CCCC3CCCC21
C1CCC(CCCC(CCC2CCC3CCCC3C2)CC2CCCCC2)CC1
C1CCC2CCC(C3CCCC4CCCC43)CC2CC1
C1CCC(CCC2CCC3C(CCC3C3CCCCC3)C2)CC1
C1CCC(C2CCC(CCCCCC3(C4CCCC4)CCCC4CCCCC43)C2)CC1
C1CCC(C2CC3CCCCC3C3CCCCC23)CC1
C1CCC(CCCCCC2CC3CCCCC3C2)CC1
C1CCC(CCCCC2CC3CCCCC3C2)CC1
C1CCC(C2CCC(CCCCCC3CCCC4CCCCC34)C2)CC1
C1CCC(C2CCC3CCC4C(CCCC45CCCCC5)CC32)CC1
C1CCC(C2CCC3CCCC3C3CCC4CCCCC4C23)CC1
C1CCC2CC(C3CCCC4CCCC43)CCC2C1
C1CCC2CC(C3CCCC4CCCC43)CCC2C1
C1CCC(CCCCCC2CC3CCCCC3C2)CC1
C1CCC(CCC2CCC3C(CCC4C5CCCC5CCC34)C2)CC1
C1CCC(C2CCC3C(CCC4CCCCC43)C2)CC1
C1CCC(C2CC3CCCCC3C3CCC4CCCCC4C23)CC1
C1CCC2CC(CC3CCCC4CCCC43)CCC2C1
C1CCC(CCCC2(CCC3CCCC3)CCC3C4CCC5CCCCC5C4CCC32)CC1
C1CCC2C(C1)CCC1C3CCCC3CCC21
C(CCC1CCCC2CCCCC12)CC1CCC2CCCCC2C1
C(CCC1CCCC2CCCCC12)CC1CCC2CCCCC2C1
C1CCC(C2CCC3C(CCCCCC4CCC(C5CCCC5)C4)CCCC23)CC1
C1CCC(CCCC2CCCC3CC4C(CCC4C4CCCCC4)CC23)CC1
C1CCC(C2CC3CCCC3C3CCC4CCCCC4C23)CC1
C1CCC(CCCCCC2CCCC3C2CCC3C2CCCC(CC3CCCC3)C2)CC1
C1CCC(CC2CC3CCCCC3C3CCC4CCCCC4C3C2)CC1
C1CCC(C2CC3CCCC3CC3CCC4CCCCC4C32)CC1
C1CCC(CCCC(CCC2CCC3CCCC3C2)CC2CCCCC2)CC1
C1CCC(CCCCCC2CCC3CCCCC3C2)CC1
C1CCC(C2CC3CCCC3C3CCC4CCCCC4CC23)CC1
C1CCC(C2CCC3CC4C(CCC5C6CCCC6CCC45)CC32)CC1
C1CCC(C2CCC3CC4C(CCCC45CCCCC5)CC32)CC1
C1CCC(CCCCC2CC3CCCCC3C2)CC1
C1CCC2CCC(C3CCCC4CCCC43)CC2CC1
C1CCC(CC23CCCCC2CCC2C4CCCCC4CCC23)CC1
C1CCC2CCC(C3CCCC4CCCC43)CC2CC1
C1CCC(CCC2CCC3C(CCC3C3CCCCC3)C2)CC1
C(CCCC1CCCCC1)CCCC1CCC(C2CCCCC2)C1
C1CCC(CCC2CCC3C(CCC3C3CCCCC3)C2)CC1
C1CCC(CCCCCC2CCC3CCCC3C2)CC1
C1CCC2CCC3C4CCC(CCC5CCCC5)C4CCC3C2CC1
C1CCC2CC(CCCC3CCC4C3CCCC3C5CCCCC5CCC34)CC2C1
C1CCC(CCC2CCCC(C3CCCC4C(C5CCCCC5)CCC34)C2)CC1
C1CCC(C2CCC3CC4(CCCCC4C4CCCCC4)CCCC32)CC1
C1CCC(CCCCC2CCC3CCCCC23)CC1
C(CCC1CCC2C1CCC1C3CCCCC3CCC21)CC1CCC2CCCCC2C1
C(CCCC1CCCC2C(C3CCCCC3)CCC12)CCC1CCCCC1
C1CCC(C2CCC3CC4C(CCC5C6CCCC(CCCC7CC8CCCCC8C7)C6CCC45)CC32)CC1
C1CCC(CCCC(CCC2CCC3CCCC3C2)CC2CCCCC2)CC1
C1CCC2CCC3C4CCC(CCCC5CCCC6CCCCC65)C4CCC3C2CC1
C1CCC(CCC2(CCCC3CC4CCCCC4C3)CCC3C4CCC5CCCCC5C4CCC32)C1
C(CCC1CCCC2CCCCC12)CCC1CCCC2CCCCC12
C1CCC(CC2CC3CCCCC3C3CCC4CCCCC4C23)CC1
C1CCC2CCC3C4CCCC4CCC3C2CC1
C(CCC1CCCC2CCCCC12)CC1CCCC2CCCCC12
C(CCCC1CCCC2C(C3CCCCC3)CCC12)CCC1CCCCC1
C1CCC(CCC2CCC3C(CCC4C5CCCC5CCC34)C2)CC1
C1CCC(C2CC3CCCC3C3CCC4CCCCC4C23)CC1
C(CCCCC1CCC(C2CCCCC2)C1)CCCC1CCCCC1
C1CCC(CCCCC2CCC3CCCCC23)CC1
C(CCC1CCCC2CCCCC12)CCC1CCCC2CCCCC12
C1CCC(CCC2CCC3C(CCC3C3CCCCC3)C2)CC1
C1CCC2C(C1)CCC1C3CCCC3CCC21
C1CCC2CCC(C3CCCC4CCCC43)CC2CC1
C(CCCC1CCCCC1)CCCC1CCC(CC2CCCCC2)C1
C(CCCCC1CCC(C2CCCCC2)C1)CCCC1CCCCC1
C1CCC(C2CCC(CCCCCC3(C4CCCCC4)CCCC3)C2)CC1
C(CCCC1CCCC2C(C3CCCCC3)CCC12)CCC1CCCCC1
C1CCC(CC2CC3CCCCC3C3CCC4CCCCCC4C23)CC1
C(CC1CCC(C2CCCC2)CC1)CC1CCC2CCCC2C1
C1CCC2CCC3C4CCCCC4CC(CC4CCCC4)C3C2CC1
C(CCCC1CCCC2C(C3CCCCC3)CCC12)CCC1CCCCC1
C1CCC(C2CC3CCCC3C3CCC4CCCCC4C23)CC1
C1CCC2CC(CCCC3CCC4C3CCC3C5CCCCC5CCC43)CC2C1
C1CCC(C2CCC3CC4C(CCC5C6CCC(CCCC7CCC8CCCCC8C7)C6CCCC45)CC32)CC1
C1CCC(C2CCC3CC4(CCCCCC4C4CCCCC4)CCCC32)CC1
C1CCC(CCC2CCC(CCC3CCCC(CC4CCCC4)C3)CC2)CC1
C1CCC(CCC(CC2CC2)CC2CC3CCCCC3C2)CC1
C1CCC(CCCCCC2CC3CCCCC3C2)CC1
C1CCC(C2CC3CCCC3C3CCC4CCCCC4C23)CC1
C1CCC(CCC2CCC3C(CCC3C3CCCCC3)C2)CC1
C1CCC(C2CC3CCCCC3C3CCC4CCCCC4C23)CC1
C1CCC(CCC2CCCCC3CCC(C4CCCC5CCCC54)CC23)CC1
C1CCC(CC2CCC3CC4(CCCCCC4C4CCCCC4)CCC23)CC1
C1CCC(CCCCCC2CC3CCCCC3C2)CC1
C1CCC2CC(C3CCCC4CCCC43)CCC2C1
C1CC(C2CCC(C3CC4CCCC4C4CCC5CCCCC5CC34)CC2)C1
C1CCC2C(C1)CCC1C3CCCCC3CCC21
C1CCC(CCC2CCC3C(CCC3C3CCCC(CC4CCCCC4)C3)C2)CC1
C1CCC(CCCCC2CC3CCCCC3C2)CC1
C1CCC(C2CC3CCCC3C3CCC4CCCCCC4C23)CC1
C1CCC(C2CCC3(CCC4CCC5C(CCC5C5CCCCC5)CC43)C2)CC1
C(CCCCC1CCC(C2CCCCC2)C1)CCCC1CCCCC1
C(CCCCC1CCCC2C(CCC3C4CCCC4CCC23)C1)CCCC1CCCC(CC(CC2CCC(CC3CCCCC3)CC2)C2CCCCC2)C1
C1CCC(CC2CCC3C(CC4CCCCC4)CCC3C2)CC1
C1CCC(CCC2CCCCC2)CC1
C1CCC(CCC2CCC3C(CCC3C3CCCCC3)C2)CC1
C(CCCC1CCCC2C(C3CCCCC3)CCC12)CCC1CCCCC1
C(CCCCC1CCC(C2CCCCC2)C1)CCCC1CCCCC1
C1CCC(CCCCCC2CC3CCCCC3C2)CC1
C1CCC(CCC2CCC3C2CCC2C4CCCCC4CCC32)C1
C1CCC(CCC2CCC3C(CCC3C3CCCC(CC4CCCC4)C3)C2)CC1
C1CCC(CCCCCC2CC3CCCCC3C2)CC1
C1CCC2C(C1)CCC1C3CCCCC3CCC21
C1CCC(C2CCC3CC4C(CCC5C6CCC(CCCC7CCCC8CCCCC87)C6CCC45)CC32)CC1
C(CCCC1CCCC2CCCCC12)CCC1CCC(C2CCCCC2)C1
C1CCC(CCC2CCC3C(CCC3C3CCCCC3)C2)CC1
C1CCC(CCCC2CCC(C3CCC4C(CCC4C4CCCCC4)C3)CC2)CC1
C1CCC(CCCCCC2CCCC3C(C4CCCCC4)CCC23)CC1
C1CCC(CCCC2CCC3C(CCC3C3CCCC(CC4CCCC4)C3)C2)CC1
C(CCC1CCCC2CCCCC12)CC1CCC2CCCCC2C1
C(CCC1CCC2CCCCC2C1)CCC1CCCC2CCCC12
C1CCC(CCC2CCC3C(CCC3C3CCCCC3)C2)CC1
C1CCC(CCCCC2CC3CCCCC3C2)CC1
C1CCC(CCCCCC2CCCC3C(CC4CCCCC4)CCC23)CC1
C1CCC(C2CC3CCCC3C3CCC4CCCCCC4C23)CC1
C1CCC(CCCCCC2CCCC3C(C4CCCCC4)CCC23)CC1
C1CCC(C2CCC3CC4C(CCC32)CCC2C3CCC(CCCC5CC6CCCCC6C5)C3CCC42)CC1
C1CCC2CCC3C4CCC(CCCC5CC6CCCCC6C5)C4CCC3C2CC1
C1CCC(C2CCC3C(CCCC34CCCC4)C3CCC4CCCCC4C23)CC1
C1CCC(CCCCC2CCC3CCC(C4CCCC5CCCC54)CC3C2)CC1
C1CCC(CCC2CCCCC2)CC1
C1CCC(C2CC3CCCC3C3CCC4CCCCCC4C23)CC1
C1CCC2CCC3C4CCCC4CCC3C2CC1
C1CCC(CCC(CCC2CCC3CCCC3C2)CC2CCCCC2)CC1
C1CCC2CC(C3CCCC4CCCC43)CCC2C1
C1CCC(CCC2CCC3C(CCC3C3CCCCC3)C2)CC1
C1CCC(CCCCC2CC3CCCCC3C2)CC1
C1CCC(C2CCC3C(CCC3C3CCCCC3)C2)CC1
C1CCC(C2CCCC(CC3CCC4CCCCC4C4CCC5CCCCC5C34)C2)C1
C(CC1CCC2CCCC2C1)CC1CCC2CCC(C3CCCC4CCCC43)CC2C1
C1CCC2CCC3C4CCC(CCCC5CC6CCCCC6C5)C4CCC3C2CC1
C1CCC2CC3CCC4CCCCC4C3CCC2C1
C1CCC2CC(C3CCCC4CCCC43)CCC2C1
C1CCC(CCCCCC2CCC3CCCCC23)CC1
C1CCC(CCCCCC2CCCC3CCC(C4CCCCC4)CC23)CC1
C1CCCC(CC2CCCCC2CC2CC3CCCCC3C3CCC4CCCCC4C23)CC1
C1CCC(C2CCC(CCCCCC3(C4CCCCC4)CCCC3)C2)CC1
C1CCC(CCCCC2CCC3C2CCC2C4CC5CCC(C6CCCCC6)C5CC4CCC32)CC1
C1CCC(CCCC2CCC3C(CCC3C3CCCCC3)C2)CC1
C1CCC2CCC(C3CCCC4CCCC43)CC2CC1
C1CCC(CCCC2CCCC3CCC(C4CCCC5CCCC54)CC23)CC1
C1CCC(CC2CC3CCCCC3C3CCC4CCCCC4C3C2)CC1
C1CCC(CC2CCC(CC(CC3CCCCC3)C3CCCCC3)CC2)CC1
C1CCC2CC(CC3CCCC4CCCC43)CCC2C1
C1CCC(CCCC2CCC3CCC(C4CCCC5CCCC54)CC3C2)CC1
C1CCC(CC2CCC3C(CCC3C3CCCCC3)C2)CC1
C1CCC2C(C1)CCCC1CCCCC12
C1CCC(CCC(CC2CCCCC2)C2CCCCC2)CC1
C1CCC(CCCCC2CC3CCCCC3C2)CC1
C(CCC1CCCC2CCCC12)CC1CC2CCCCC2C1
C(CCCCC1CCC(C2CCCCC2)C1)CCCC1CCCCC1
C1CCC(CCCCCC2CCC3CCCCC3C2)CC1
C1CCC2CC(CCCC3CCC4C3CCC3C5CCCCC5CCC43)CC2C1
C1CCC(CCCCC2CC3CCCCC3C2)CC1
C(CCCC1CCCC2C(C3CCCCC3)CCC12)CCC1CCCCC1
C(CCCC1CCCC2C(C3CCCCC3)CCC12)CCC1CCCCC1
C1CCC2CC(CCCC3CCC4C3CCC3C5CCCCC5CCC43)CCC2C1
C1CCC(C2CC3CCCC3C3CCC4CCCCCC4C23)CC1
C1CCC2CC(C3CCCC4CCCC43)CCC2C1
C1CCC2C(C1)CC(C1CCCC1)C1CCCCC21
C1CCC(C2CC3CCCC3C3CCC4CCCCCC4C23)CC1
C1CCC(CCC2CCC3C(CCC3C3CCCCC3)C2)CC1
C1CCC(CCCCC2CC3CCCCC3C2)CC1
C1CCC(C2CC3CCCCC3C3CCC4CCCCC4C23)CC1
C1CCC(CCC2CCC3C(CCC4CC(C5CCCCC5)CCC43)C2)CC1
C1CCC2CC(CCCC3CCC4C3CCC3C5CCCCC5CCC43)CC2C1
C(CCCC1CCCC2CCCC12)CCC1CCCCC1
C1CCC2CCC(C3CCCC4CCCC43)CC2CC1
C1CCC(C2CCC3CC4C(CCC45CCCCC5)CC32)CC1
C1CCC2CCC3C4CCC(CCCC5CC6CCCCC6C5)C4CCC3C2CC1
C1CCC(CCCC(CC2CC3CCCCC3C2)C2CC2)CC1
C1CCC(C2C3CCCC3CC3CC4CCCC4CC32)CC1
C1CCC2C(C1)CCCC2CCCC1CCC2C1CCC1C3CCCCC3CCCC21
C1CCC2C(C1)CCCC1C3CCCC3CCC21
C1CCC(CC2CCCCCC23CCCC2C(CCC2C2CCCCC2)C3)CC1
C1CCC(CCCC(CCC2CCC3CCCC3C2)CC2CCCCC2)CC1
C1CCC(CCCCC2CCC3CCCCC23)CC1
C1CCC(CCCCC2CCC3CCCCC23)CC1
C1CCC(C2CC3CCCCC3C3CCCCC23)CC1
C(CCC1CCCC2CCCC12)CC1CC2CCCCC2C1
C1CCC(CCCCCC2CCCC3C(C4CCCCC4)CCC23)CC1
C1CCC(CCC2CCC(CCC3CCCC(CCC4CCCC4)C3)CC2)CC1
C1CCC(CCCCC2CCC(C3CCC4C(CCC4C4CCCCC4)C3)CC2)CC1
C1CCC2CCC3C(CCC4C3CCC4(CCCC3CC4CCCCC4C3)CCC3CCCC3)C2CC1
C1CCC(CC2CC3CCCCC3C3CCC4CCCCCC4C23)CC1
C1CCC2CC(C3CCCC4CCCC43)CCC2C1
C1CCC(C2CC3CCCCC3C3CCCCC23)CC1
C1CCC(CCC2CCC3C(CCC3C3CCCC(CC4CCCCC4)C3)C2)CC1
C1CCC(CC2CC3CCCCC3C3CCC4CCCCCC4C23)CC1
C1CCC2CCC3C4CCCCC4CCC3C2CC1
C1CCC(C2CC3C(CCC4CC4)CCC3C3CCC4CCCCC4C23)CC1
C1CCC(CCCCC2CC3CCCCC3C2)CC1
C1CCC(C2CCC3CC4C(CC5CCC6CCCCC65)CCCC4CC32)CC1
C1CCC(CCCCC2CCC3CCCC3C2)CC1
C1CCC2CC(CCCC3CCC4C3CCC3C5CCCCC5CCC43)CC2C1
C(CCCC1CCCC2C(C3CCCCC3)CCC12)CCC1CCCCC1
C1CCC(CCC2CCC3C(CCC3C3CCCCC3)C2)CC1
C1CCC(C2CC3CCCC3C3CCC4CCCCC4C23)CC1
C1CCC(C2CC3C(CCCC4CC4)CCC3C3CCC4CCCCC4C23)CC1
C1CCC(CCCCC2CCC3CCC(C4CCCC5CCCC54)CC3C2)CC1
C1CCC2CCC3C4CCC(CCCC5CCC6CCCCC6C5)C4CCC3C2CC1
C1CCC(CCCCC2CC3CCCCC3C2)CC1
C1CCC(CCCCC2CCC3CCCCC23)CC1
C1CCC(CC2CC3CCCCC3C3CCC4CCCCCC4C23)CC1
C1CCC2C(C1)CCC1C3CCCC3CCC21
C1CCC(CCCCC2CC3CCCCC3C2)CC1
C1CCC(CCCCCC2CC3CCCCC3C2)CC1
C1CCC2CCC(C3CCCC4CCCC43)CC2CC1
C1CCC(C2CC3CCCC3C3CCC4CCCCCC4C23)CC1
C1CCC(C2CC3CCCC3C3CCC4CCCCC4C23)CC1
C1CCC(C2CC3CCCC3C3CCC4CCCCCC4C23)CC1
C1CCC(C2CC3CCCC3C3CCC4CCCCCC4C23)CC1
C1CCC(CCCC2CCC3C2CCCC2C4CC5CCC(C6CCCCC6)C5CC4CCC32)CC1
C(CCC1CCCC2CCCC12)CC1CC2CCCCC2C1
C1CCC(CCCC2CCC3C(CCC3C3CCCCC3)C2)CC1
C1CCC(C2CCC3CC4(CCCCC4C4CCCCC4)CCCC32)CC1
C1CCC(CCCCC2CC3CCCCC3C2)CC1
C1CCC2CC3CCC(C4CCCCC4)C3CC2CC1
C1CCC2C(C1)CCC1C3CCCC3CCC21
C1CCC(C2CCC3CC4C(CCC5C6CCC(CCCC7CCC8CCCCC8C7)C6CCC45)CC32)CC1
C1CCC(CCCC2CCCC(C3CCC4CC(CCC5CCC6CCCCCC6C5)CCC43)C2)CC1
C1CCC(CCC2CCC3C(CCC4C5CCCCC5CC(CCC5CCCCC5)C34)C2)CC1
C1CCC2C(C1)CCC1C3CCCCC3CCC21
C(CCC1CCC2CCCCC2C1)CCC1CCCC2CCCCC12
C1CCC(CCC2CCC3C(CCC3C3CCCCC3)C2)CC1
C1CCC(CCC2CCC3C(CCC3C3CCCCC3)C2)CC1
C1CCC(CCCCCC2CCCC3C(C4CCCCC4)CCC23)CC1
C1CCC2C(C1)CCC1C3CCCC3CCC21
C1CCC(CCC2CCC3C(CCC4C5CCCC5CCC(CCC5CCCCC5)C34)C2)CC1
C1CCC(CC2CC3CCCCC3C3CCC4CCCCC4C23)C1
C1CCC(CCCCC2CCC3CCCCC23)CC1
C1CCC(CCC2(CCCC3CC4CCCCC4C3)CCC3C4CCC5CCCCC5C4CCC32)C1
C(CCC1CCC2CCCCC2C1)CCC1CCCC2CCCCC12
C1CCC(CC2CCC3CC4C(CCC45CCCC5)CC23)CC1
C1CCC2C(C1)CCCC2CCCC1CCC2C1CCCC1C3CCCCC3CCC12
C1CCC(CCC2CCCC3CCC4C(CCC4C4CCCCC4)CC23)CC1
C1CCC(CCC2CCC3C(CCC3C3CCCCC3)C2)CC1
C1CCC(CCCCC2CC3CCCCC3C2)CC1
C1CCC(CCC2CCC3C(CCC3C3CCCC3)C2)CC1
C1CCC(C2CC3CCCC3C3CCC4CCCCC4C23)CC1
C1CCC2CC(CCCC3CCC4C5CCC6CCCCC6C(CCC34)C5)CC2C1
C1CCC(CCCCC2(CCC3CCCC3)CCC3C4CCC5CCCCC5C4CCC32)CC1
C1CCC(CC2CCCCC2CC2CC3CCCCC3C3CCC4CCCCC4C23)CC1
C1CCC(CCCC2CCCC3CCC(C4CCCC5CCCC54)CC3C2)CC1
C1CCC2CCC(C3CCCC4CCCC43)CC2CC1
C(CCC1CCC2CCCCC2C1)CCC1CCCCC2CCCCC12
C1CCC(C2CCC3C(CCCCCC4CCC(C5CCCC5)C4)CCCC23)CC1
C1CCC2CCC3C4CCC(CCC5CCCC5)C4CCC3C2CC1
C1CCC2CCC3C4CCCCC4CCC3C2CC1
C1CCC(C2CCC3CC4C(CCCC4CC4CC5CCCCC5C4)CCC32)CC1
C1CCC(C2CC3CCCC3C3CCC4CCCCC4C23)CC1
C1CCC(CCC2(CCCC3CC4CCCCC4C3)CCC3C4CCC5CCCCC5C4CCC32)C1
C1CCC(CCCCC2CC3CCCCC3C2)CC1
C1CCC(C2CC3CCCCC3C3CCCCC23)CC1
C1CCC(C2CCC3C(CCCC4CCCCC43)C2)CC1
C(CCC1(C2CCCC2)CCCC2CCCCC21)CC1CCC2CCCCC2C1
C1CCC2CC(C3CCCC4CCCC43)CCC2C1
C1CCC(CCCCCC2CC3CCCCC3C2)CC1
C1CCC(CCC(CCC2CCC3CCCC3C2)CC2CCCCC2)CC1
C1CCC2CC(CC3CCCC4CCCC43)CCC2C1
C1CCC(C2CC3CCCC(C3)C3CCC4CCCCC4C32)CC1
C1CCC(CCC2CCC(C3CCC4C(CCC4C4CCCCC4)C3)CC2)CC1
C1CCC(CC2CCC3CC4C(CCC45CCCCC5)CC23)CC1
C1CCC(CC2CC3CCCCC3C3CCC4CCCCCC4C23)CC1
C1CCC(CCC2CCC3C(CCC3C3CCCCC3)C2)CC1
C1CCC2C(C1)CCC1C3CCCC3CCCC21
C1CCC(C2CC3C(CCCC4CC4)CCC3C3CCC4CCCCC4C23)CC1
C1CCC(CCCCC2CCC3CCCCC23)CC1
C1CCC(CCCCCC2CC3CCCCC3C2)CC1
C(CCC1CCCC2CCCCC12)CC1CCCC2CCCCC12
C1CCC2CC(CCCC3CCCC4C3CCC3C5CCCCC5CCC43)CC2C1
C1CCC(CCC2CCC3C(CCC4C5CCCC5CCC34)C2)CC1
C1CCC2CCC(C3CCCC4CCCC43)CC2CC1
C1CCC2CCC3C(CCC4C3CCC4(CCCC3CC4CCCCC4C3)CCC3CCCC3)C2CC1
C(CCCC1CCCC2C(C3CCCCC3)CCC12)CCC1CCCCC1
C1CCC(CCCCCC2CCCC3C(C4CCCCC4)CCC23)CC1
C(CCC1CCC2CCCCC2C1)CCC1CCCC2CCCCC12
C1CCC(CC2CC3CCCCC3CC3CCC4CCCCC4C32)C1
C1CCC2C(C1)CCC1CCCCC12
C(CCC1CCCC2CCCCC12)CC1CCCC2CCCCC12
C(CCCC1CCCC2CCCC12)CCC1CCCCC1
C1CCC(CCCCCC2CCCC3C(C4CCCCC4)CCC23)CC1
C1CCC(CCCCCC2CCC3CCCCC3C2)CC1
C1CCC2CC(CC3CCCC4CCCC43)CCC2C1
C1CCC(C2CCC(C3CC4CCCC4C4CCC5CCCCC5C34)CC2)C1
C1CCC(C2CC3CCCCC3C3CCC4CCCCC4C23)CC1
C1CCC(CCC2CCC3C(CCC3C3CCCCC3)C2)CC1
C1CCC(C2CCC3CC4C(CCC32)CCC42CCCC2)CC1
C1CCC(C2CC3CCCC3C3CCC4CCCCC4C23)CC1
C1CCC2CC3CCC4C(CCCC5CC6CCCCC6C5)CCC4C3CCC2C1
C1CCC(C2CCC3CC4C(CCCC45CCCC5)CC32)CC1
C(CCCC1CCCCC1)CCCC1CCC(C2CCCCC2)C1
C1CCC2CCC3C4CCCCC4CC(CC4CCCC4)C3C2CC1
C1CCC(CCCCC2CC3CCCCC3C2)CC1
C1CCC(C2CC3CCCC3C3CCCC4CCCCC4C23)CC1
C1CCC(CCCC2CCC3C(CCC4CCCCC43)C2)CC1
C1CCC(CCCCC2CC3CCCCC3C2)CC1
C1CCC(CCCCC2CCC3CCCC3C2)CC1
C1CCC(CCC2CCCCC2)CC1
C1CCC(CCCC(CCC2CCC3CCCC3C2)CC2CCCCC2)CC1
C1CCC2CC(CCCC3CCC4CC5CCC6CCCCC6C5CCC34)CC2C1
C1CCC(CCCCCC2CCCC3C(C4CCCCC4)CCC23)CC1
C1CCC(CCCCCC2CCCC3C(C4CCCCC4)CCC23)CC1
C1CCC(CCCC2CCC3C(CCC3C3CCCCC3)C2)CC1
C1CCC2CC(CCCC3CCC4C3CCC3C5CCCCC5CCCC43)CCC2C1
C1CCC(C2CC3CCCC3C3CCC4CCCCC4C23)CC1
C1CCC(CCCC2CCC3CCC(CC4CCCC5CCCC54)CC3C2)CC1
C1CCC(CCC2CCC(C3CCC4C(CCC4C4CCCCC4)C3)CC2)CC1
C1CCC(CCC2CCCC3CC4C(CC5CCCCC5)CCC4CC23)CC1
C1CCC2CC(C3CCCC4CCCC43)CCC2C1
C1CCC(CCCC2CCCC(C3CCC4CC(CCC5CCC6CCCCCC6C5)CCC43)C2)CC1
C1CCC(CCCCC2CC3CCCCC3C2)CC1
C1CCC2CCCCC2C(CCCCC2CCCC3CCCCC23)C1
C1CCC(CCCC2CCC3C2CCCC2C4CC5CCC(C6CCCCC6)C5CC4CCC32)CC1
C1CCC(C2CC3CCCC3C3CCC4CCCCC4C23)CC1
C1CCC(CC2CC3CCCCC3C3CCC4CCCCC4C23)CC1
C1CCC(CC2CCC3CCCCC3C3CCC4CCCCC4C23)C1
C1CCC2CC(C3CCCC4CCCC43)CCC2C1
C1CCC(C2CCC3CC4C(CCCC5C6CCC(CCCC7CC8CCCCC8C7)C6CCC45)CC32)CC1
C1CCC(CCC2CCC(CCC3CCCC(CC4CCCC4)C3)CC2)CC1
C1CCC(C2CCC3CCCC3C3CCC4CCCCC4C23)CC1
C1CCC(CCC2CCC3C(CC4CCCCC4)CCC3C2)CC1
C(CCCC1CCCC2C(C3CCCCC3)CCC12)CCC1CCCCC1
C1CCC(CC2CCC(CC3CC4CCCCC4C4CCC5CCCCC5C34)CC2)CC1
C1CCC2CC(CCCC3CCCC4C3CCC3C5CCCCC5CCC43)CC2C1
C1CCC(CCC2CCCCC2)CC1
C(CCC1CCCC2CCCCC12)CC1CCC2CCCCC2C1
C1CCC(CCC2CCC3C(CCC3C3CCCCC3)C2)CC1
C1CCC2C(C1)CCC1C3CCCCC3CCC21
C1CCC(CCC(CC2CC3CCCCC3C2)C2CC2)CC1
C1CCC(CCCCC2CC3CCCCC3C2)CC1
C1CCC(CCC2CCC3C(CCC3C3CCCC(CCC4CCCC4)C3)C2)CC1
C1CCC(C2CCC3CC4C(CCC45CCCCC5)CC32)CC1
C1CCC(CCCCCC2CCC3CCCCC23)CC1
C1CCC(CC2CC3CCCCC3C3CCC4CCCCC4C23)C1
C1CCC2CCCCC2C(CCCCC2CCCC3CCCCC23)C1
C1CCC(C2CCC3CC4C(CCC32)CCC42CCCC2)CC1
C1CCC(CCCC2CCC(C3CC3)CC2)CC1
C1CCC(C2CCC3CCC4C(CCC45CCCC5)CC32)CC1
C1CCC(CCCCC2CC3CCCCC3C2)CC1
C1CCC(CCCCC2CC3CCCCC3C2)CC1
C1CCC2CCCCC2C(CCCCC2CCCC3CCCCC23)C1
C1CCC(CCCCC2CC3CCCCC3C2)CC1
C1CCC(C2CCC3CC4C(CCC45CCCCC5)CC32)CC1
C1CCC2CCC(C3CCCC4CCCC43)CC2CC1
C1CCC(C2CC3CCCCC3CC3CCCCC32)CC1
C1CCC(C2CCC3CC4C(CCC5C6CCC(CCCC7CCC8CCCCC8C7)C6CCC45)CC32)CC1
C1CCC2CCC3C4CCCCC4CC(CC4CCCC4)C3C2CC1
C(CCC1CCC2CCCCC2C1)CCC1CCCC2CCCCC12
C1CCC(CCCCCC2CCCC3C2CCC3C2CCCC(CC3CCCC3)C2)CC1
C1CCC(CCCC2(CCC3CCCC3)CCC3C4CCCC5CCCCC5C4CCC32)C1
C1CCC(C2CCC3CC4C(CCC5C6CCC(CCCC7CC8CCCCC8C7)C6CCCC45)CC32)CC1
C1CCC(CC2CC3CCCCC3CC3CCC4CCCCC4C32)CC1
C1CCC2CC3CCC(C4CCCCC4)C3CC2CC1
C1CCC(CC2CC3CCCCC3C3CCC4CCCCC4C23)C1
C1CCC(CCCCCC2CC3CCCCC3C2)CC1
C1CCC(CCC(CCC2CCCCC2)CCC2CCC3CCCC3C2)CC1
C1CCC2CC(C3CCCC4CCCC43)CCC2C1
C(CCC1(C2CCCC2)CCCCC2CCCCC21)CC1CCC2CCCCC2C1
C1CCC2CC(CCCC3CCCC4C3CCC3C5CCCCC5CCC43)CC2C1
C1CCC(C2CCC3CC4(CCCCC4C4CCCCC4)CCCC32)CC1
C1CCC(CCCCCC2CCC3CCCCC23)CC1
C(CCC1CCCC2CCCCC12)CC1CCCC2CCCCC12
C1CCC(CCCCCC2CC3CCCCC3C2)CC1
C1CCC2CC(CC3CCCC4CCCC43)CCC2C1
C1CCC2CC(C3CCCC4CCCC43)CCC2C1
C1CCC(C2CCC3C(CCCCCC4CC4)CCCC23)CC1
C(CCC1CCC2CCCCC2C1)CCC1CCCC2CCCCC12
C1CCC(CCC2CCCCC2)CC1
C1CCC(CCC2CCC(CCC3CCCC(CC4CCCC4)C3)CC2)CC1
C1CCC2CCC3C4CCC(CCCC5CC6CCCCC6C5)C4CCC3C2CC1
C1CCC2CCC(C3CCCC4CCCC43)CC2CC1
C1CCC(C2CCC3CC4C(CCC5C6CCC(CCCCC7CCC8CCCCC8C7)C6CCC45)CC32)CC1
C(CCCC1CCCCC1)CCCC1CCC(C2CCCCC2)C1
C1CCC(C2CCC3CCC4C(CCCC5CC5)CCCC4CC32)CC1
C1CC(C2CCC(C3CC4CCCC4C4CCC5CCCCC5C4C3)CC2)C1
C1CCCC(CC2CCCCC2CC2CC3CCCCC3C3CCC4CCCCC4C23)CC1
C1CCC(CCCCCC2CCC3CCCCC3C2)CC1
C1CCC(CCCCC2CCC3CCC(C4CCCC5CCCC54)CC3C2)CC1
C(CCCC1(C2CCCC2)CCCC2CCCCC21)CCC1CCC(C2CCCCC2)C1
C1CCC(C2CC3CCCC3C3CCCC4CCCCC4C23)CC1
C1CCC(CCCCC2CC3CCCCC3C2)CC1
C1CCC2C(C1)CCC1C3CCCC3CCC21
C1CCC(CCC2CCCCC2)CC1
C1CCC(CCCCCC2CC3CCCCC3C2)CC1
C1CCC(CCCCCC2CCC3CCCCC23)CC1
C1CCC(CC2CC3CCCCC3C3CCC4CCCCC4C23)C1
C1CCC(C2CCC3CC4C(CCCC45CCCC5)CC32)CC1
C1CCC(C2CCC3CC4C(CCCC5C6CCC(CCCC7CC8CCCCC8C7)C6CCC45)CC32)CC1
C(CCC1CCCC2CCCCC12)CC1CCC2CCCCC2C1
C(CCCCC1CCC(C2CCCCC2)C1)CCCC1CCCCC1
C1CCC(C2CCC3CC4C(CCCC45CCCC5)CC32)CC1
C1CCC(CCC2CCCC3CC4C(CCC23)CCC4C2CCCCC2)CC1
C1CCC(CC2CC3CCCCC3C3CCC4CCCCCC4C23)CC1
C1CCC(CC2CCC3C(CCC3C3CCCCC3)C2)CC1
C1CCC(C2CC3CCCC3C3CCC4CCCCC4C23)CC1
C1CCC(CC2CCC3C(CCC3C3CCCCC3)C2)CC1
C1CCC(CCC(CC2CCCCC2)C2CCCCC2)CC1
C1CCC(C2CC3CCCC(C3)C3CCC4CCCCC4C32)CC1
C1CCC(CCCC2CCCC(C3CCC4CC(CCC5CCC6CCCCC6C5)CCC43)C2)CC1
C1CCC(CCCC2CCC3C2CCC2C4CCCCC4CCCC32)C1
C1CCC(C2CCC3CC4C(CCC45CCCCC5)CC32)CC1
C1CCC(CC2CCC3CC4C(CCC5C6CCC(CCCC7CC8CCCCC8C7)C6CCC45)CC23)CC1
C1CCC(CC(CC2CCCCC2)C2CCCCC2)CC1
C1CCC(C2CCC3CC4(CCCCC4C4CCCCC4)CCC32)CC1
C1CCC2C(C1)CCCC1C3CCCC3CCC21
C1CCC(CCC2CCC(CCC3CCCC(CC4CCCC4)C3)CC2)CC1
C1CCC(CC2CCC(CC(CC3CCCCC3)C3CCCCC3)CC2)CC1
C(CCC1CCCC1)CCC1CCCCC2CCCCC12
C(CCC1CCC2CCCCC2C1)CCC1CCCC2CCCCC12
C1CCC2CC(CCCC3CCCC4C3CCC3C5CCCCC5CCC43)CC2C1
C1CCC(CCC2CCC3C(CCC3C3CCCCC3)C2)CC1
C1CCC(C2CCC(CC3CC4CCCCC4CC4CCC5CCCCC5C43)CC2)CC1
C1CCC(C2CC3CCCC3C3CCC4CCCCC4C23)CC1
C1CCC(C2CCC3CCCC3C3CCC4CCCCCC4C23)CC1
C1CCC(CCCC2CCCC3CCC(C4CCCC5CCCC54)CC3C2)CC1
C1CCC(CCC2CCC3C(CCC3C3CCCCC3)C2)CC1
C1CCC2CC(CC3CCCC4CCCC43)CCC2C1
C1CCC(C2CCC3C(CCC4CCCCC43)C2)CC1
C(CCC1CCCCC2CCCCC12)CC1CCC2CCCCC2C1
C1CCC(CCCCC2CC3CCCCC3C2)CC1
C(CCCC1CCCC2C(C3CCCCC3)CCC12)CCC1CCCCC1
C(CCC1CCCC2CCCC12)CC1CC2CCCCC2C1
C1CCC(C2CC3CCCC3C3CCCC4CCCCC4C23)CC1
C1CCC2CC(CCCC3CCC4C3CCCC3C5CCCCC5CCC34)CC2C1
C1CCC(CCCCCC2CCCC3C(C4CCCCC4)CCC23)CC1
C1CCC2CCC(C3CCCC4CCCC43)CC2CC1
C1CCC(CCC2CCC3C(CCC3C3CCCCC3)C2)CC1
C1CCC(C2CC3CCCCC3C3CCCCC23)CC1
C(CCC1CCCC2CCCC12)CC1CC2CCCCC2C1
C1CCC(CC2CCC3CC4C(CCC45CCCCC5)CC23)CC1
C1CCC(C2CC3CCCC3C3CCC4CCCCC4CC23)CC1
C1CCC(CC2CCC3CCCCC3C3CCC4CCCCC4C23)CC1
C1CCC(CCCCC2CC3CCCCC3C2)CC1
C1CCC(CCCCC2CC3CCCCC3C2)CC1
C1CCC(CCC2CC3CCCC3C3CCCC4CCCCC4C23)CC1
C(CCC1CCC2C(CCC3C4CCCC4CCC23)C1)CC1CCC(C2CCC(C3CC4CCCC4C4CCC5CCCCC5C34)CC2)CC1
C1CCC2C(C1)CCC1CCCCC12
C1CCC2C(C1)CCC1C2CCC2C3CCCC3CC21
C1CCC2C(C1)CCC1C3CCCC3CCC21
C1CCC2CCC3CCCCC3C2CC1
C1CCC(C2CC3CCCC3C3CCC4CCCCC4C23)CC1
C1CCC(CC2CCC3C(CCC3C3CCCCC3)C2)CC1
C1CCC(CCCC2CCC(C3CC3)CC2)CC1
C1CCC(CCC2(CCCC3CC4CCCCC4C3)CCCC3C4CCC5CCCCC5C4CCC32)C1
C(CCC1CCCCC2CCCCC12)CC1CCC2CCCCC2C1
C1CCC2CCC3C4CCCCC4CCC3C2CC1
C(CCCCC1CCC(C2CCCCC2)C1)CCCC1CCCCC1
C1CCC(CCC2CCC(CCC3CCCC(CC4CCCC4)C3)CC2)CC1
C1CCC2CC(C3CCCC4CCCC43)CCC2C1
C1CCC(CC2CCCCC23CCC2C(CCC2C2CCCCC2)C3)CC1
C1CCC2CC(C3CCCC4CCCC43)CCC2C1
C1CCC(CCC2CCC(CCC3CCCCC(CC4CCCC4)C3)CC2)CC1
C1CCC2C(C1)CCC1C3CCCC3CCC21
C1CCC(CCCCCC2CCCC3C(C4CCCCC4)CCC23)CC1
C1CCC(CCCC(CCC2CCC3CCCC3C2)CC2CCCCC2)CC1
C1CCC(CC2CC3CCCCC3C3CCC4CCCCCC4C23)CC1
C1CCC(CCC2CCCC3CC4C(CCC4C4CCCCC4)CC23)CC1
C(CCC1CCC(C2CCCC2)C1)CCC1CCCC2CCCCC12
C1CCC(CCC2CCCC3CC4C(CCC4C4CCCCC4)CC23)CC1
C1CCC(CCC2CCC3C(CC4CCCCC4)CCC3C2)CC1
C(CCC1CCCC2CCCCC12)CC1CCC2CCCCC2C1
C(CCC1CCCC2CCCC12)CC1CC2CCCCC2C1
C1CCC(CCC(CCC2CCC3CCCC3C2)CC2CCCCC2)CC1
C(CCC1CCCC2CCCCC12)CCC1CCCC2CCCCC12
C1CCC(C2CCC3CC4C(CC5CCC6CCCCC65)CCCCC4CC32)CC1
C1CCC2CC(C3CCCC4CCCC43)CCC2C1
C1CCC(C2CCC3CC4C(CCC45CCCC5)CC32)CC1
C1CCC(C2CC3CCCC3C3CCC4CCCCC4C23)CC1
C1CCC(CCCCCC2CC3CCCCC3C2)CC1
C1CCC(CCCCC2CC3CCCCC3C2)CC1
C1CCC2CCC(C3CCCC4CCCC43)CC2CC1
C1CCC2CCC(C3CCCC4CCCC43)CC2CC1
C1CCC(CCCCCC2CCC3CCCCC23)CC1
C1CCC(CC2CC3CCCCC3C3CCC4CCCCCC4C23)CC1
C1CCC(CCC2CCC3C(CCC3C3CCCC3)C2)CC1
C1CCC(C2CCC3C(CCC4CCCCC43)C2)CC1
C1CCC2C(C1)CCC1C2CCC2C3CCCC3CC21
C1CCC2CC(CCCC3CCC4C3CCCC3C5CCCCC5CCC34)CC2C1
C(CCCC1CCCCC1)CCCC1CCC(C2CCCCC2)C1
C1CCC(CCCCC2CCC3CCCCC23)CC1
C1CCC2CC(C3CCCC4CCCC43)CCC2C1
C1CCC(CC2CCC(C3CC4CCCC4C4CCC5CCCCC5C34)CC2)CC1
C1CCC(CCCCCC2CCCC3C(C4CCCCC4)CCC23)CC1
C1CCC(C2CCC3CCCC3C3CCC4CCCCC4C23)CC1
C1CCC(CCC2CCC(CCC3CCCCC3)CC2)CC1
C(CCC1CCCC2CCCCC12)CCC1CCCC2CCCCC12
C1CCC(C2CCC3C(CCCCCC4CCC(CC5CCCC5)C4)CCCC23)CC1
C1CCC(CCC2CCC3C(CCC3C3CCCCC3)C2)CC1
C1CCC2C(C1)CCC1C2CCC2C3CCCC3CC21
C1CCC(C2CCC(CCCC3CCC4C3CCC3CC5CCCCC5CCC34)C2)CC1
C1CCC(C2CC3CCCCC3C3CCCCC23)CC1
C1CCC2CCC3C(CCC4C3CCC4(CCCC3CC4CCCCC4C3)CCC3CCCC3)C2CC1
C1CCC(CCCCCC2CCCCC2)CC1
C1CCC2C(C1)CCC1C3CCCCC3CCC21
C1CCC(CCCC2CCC3C(CCC3C3CCCCC3)C2)CC1
C1CCC(C2CC3CCCC3C3CCC4CCCCC4C23)CC1
C1CCC2CC(CCCC3CCC4C3CCC3C5CCCCC5CCCC43)CC2C1
C1CCC(C2CCC3CC4C(CCC5C6CCC(CCCC7CCC8CCCCC8C7)C6CCCC45)CC32)CC1
C1CCC(CC2CC3CCCCC3CC3CCC4CCCCC4C32)CC1
C1CCC2CC(C3CCCC4CCCC43)CCC2C1
C1CCC(C2CCC3CC4C(CCCC45CCCCC5)CC32)CC1
C(CCC1CCCC2CCCC12)CC1CC2CCCCC2C1
C1CCC(CCCCCC2CC3CCCCC3C2)CC1
C1CCC(C2CCC3CC4C(CCC32)CCC42CCCC2)CC1
C1CCC(CCCCC2CC3CCCCC3C2)CC1
C1CCC(C2CC3CCCC3C3CCC4CCCCC4C23)CC1
C1CCC(C2CC3CCCC3C3CCC4CCCCCC4C23)CC1
C1CCC2C(C1)CCCC1C3CCCC3CCC21
C1CCC(CCCC2CCC(CCC3CCCCC3)CC2)CC1
C1CCC(CC2CCC(CCC(CC3CCCCC3)C3CCCCC3)CC2)CC1
C1CCC(CCC2CCC3C(CCC4CC5CCCC5CCC43)C2)CC1
C1CCC(CC(CC2CCCCC2)C2CCCCC2)CC1
C1CCC(CCCCC2CCC3CCC(C4CCCC5CCCC54)CC3C2)CC1
C1CCC(CCC2CCC(C3CCC4C(CCC4C4CCCCC4)C3)CC2)CC1
C1CCC(CC(CC2CCCCC2)C2CCCCC2)CC1
C1CCC2CC(CC3CCCC4CCCC43)CCC2C1
C(CCCC1CCCC2C(C3CCCCC3)CCC12)CCC1CCCCC1
C1CCC(C2CC3CCCC3C3CCC4CCCCC4C23)CC1
C1CCC(C2CCC3CC4C(CCC5C6CCC(CCCCC7CC8CCCCC8C7)C6CCC45)CC32)CC1
C1CCC(C2CC3CCCC3C3CCC4CCCCCC4C23)CC1
C1CCC(C2CCC3CC4C(CCCC45CCCC5)CCC32)CC1
C1CCC(C2CC3CCCC3C3CCC4CCCCCC4C23)CC1
C1CCC2CCC3C4CCCCC4CCC3C2CC1
C1CCC(CCCCC2CCC3CCCCC23)CC1
C(CCCC1CCCC2CCCC12)CCC1CCCCC1
C1CCC(C2CC3CCCC3C3CCC4CCCCC4C23)CC1
C1CCC(CCCCC2CCCC3CCC(C4CCCCC4)CC23)CC1
C1CCC(C2CCC(CCCCCC3CCCC4CCCCC34)C2)CC1
C1CCC(C2CCC3CC4C(CCC5C6CCCC(CCCC7CC8CCCCC8C7)C6CCC45)CC32)CC1
C(CCC1CCCC2CCCCC12)CCC1CCCC2CCCCC12
C1CCC(C2CC3CCCCC3C3CCCCC23)CC1
C1CCC(C2CCC3CC4C(CCC32)CCC2C3CCC(CCCC5CCC6CCCCC6C5)C3CCC42)CC1
C1CCC(C2CCC3C(CCCCCC4CCC4)CCCC23)CC1
C(CCC1CC2CCCCC2C1)CCC1CCCC2CCCC12
C1CCC(CCCCC2CC3CCCCC3C2)CC1
C1CCC(C2CCC3C(CCC4CCCCC43)C2)C1
C1CCC(C2CC3CCCCC3CC3CCCCC32)CC1
C1CCC2CC3CCC4C(CCCC5CC6CCCCC6C5)CCC4C3CCC2C1
C1CCC(CCC2CCC(CC3CCC4C(CCC4C4CCCCC4)C3)CC2)CC1
C1CCC(CCCCC2CCC3C2CCC2C4CCCCC4CCC32)CC1
C1CCC2CCC3C4CCCCC4CCC3C2CC1
C1CCC(CCC2CCC3C2CCC(C2CCCCC2)C2C4CCCCCC4CCC32)CC1
C1CCC2C(C1)CCC1C2CCC2C3CCCC3CC21
C1CCC(CC23CCCCC2CCC2C4CCCC4CCC23)CC1
C1CCC(CCC2CCC3C(CCC4C5CCCC5CC(CCC5CCCCC5)C34)C2)CC1
C1CCC(CCCC2(CCC3CCCC3)CCCC3C4CCC5CCCCC5C4CCC32)CC1
C1CCC(C2CC3CCCC3C3CCC4CCCCC4C23)CC1
C1CCC(C2C3CCCC3CC3CC4CCCC4CC32)CC1
C1CCC(CC2CC3CCCCC3C3CCC4CCCCCC4C23)CC1
C1CCC(CCCCCC2CC3CCCCC3C2)CC1
C1CCC(CCCC2CC3CCCCC3C2C2CCCCC2)CC1
C1CCC2C(C1)CC(C1CCCC3CCCC31)C1CCCC21
C1CCC(C2CCC3CCCC3C3CCC4CCCCC4C23)CC1
C1CCC2CCC(C3CCCC4CCCC43)CC2CC1
C(CCCC1CCCCC1)CCCC1CCC(C2CCCCC2)C1
C1CCC(CCCCCC2CCC3CCCCC23)CC1
C1CCC(C2CCC3CC4C(CCCC5C6CCC(CCCC7CC8CCCCC8C7)C6CCC45)CC32)CC1
C1CCC(CCCC2CCC3C4CCC5CC6C(CCC6C6CCCCC6)CC5C(CCC23)C4)CC1
C1CCC2CCC(C3CCCC4CCCC43)CC2CC1
C1CCC(CCCC2CCCC3CCC(C4CCCC5CCCC54)CC3C2)CC1
C1CCC(CCCCC2CC3CCCCC3C2)CC1
C1CCC2C(C1)CCC1C3CCCC3CCC21
C1CCC(CCC2CCC3C(CCC3C3CCCCC3)C2)CC1
C1CCC(CC2CCC3C(CCC3C3CCCCC3)C2)CC1
C1CCC(C2CCC3CCCC3C3CCC4CCCCC4C23)CC1
C1CCC(C2CCC3CC4C(CCCC45CCCC5)CC32)CC1
C1CCC2C(C1)CCC1C3CCCCC3CCC21
C1CCC(CCC2CCC3C(CCC3C3CCCCC3)C2)CC1
C1CCC(CCC2CCC(C3CCC4C(CCC4C4CCCCC4)C3)CC2)CC1
C1CCC(C2CCC3CC4C(CCC32)CCC42CCCC2)CC1
C1CCC(CCC2CCC3C(CCC3C3CCCCC3)C2)CC1
C1CCC2CCC3C4CCCCC4CCC3C2CC1
C1CCC(CC2CC3CCCCC3CC3CCC4CCCCC4C32)C1
C(CCCC1CCCC2CCCCC12)CCC1CCCC1
C(CCC1CCC2C(CCC3C4CCCC4CCC23)C1)CC1CCC(C2CCC(C3CC4CCCC4C4CCC5CCCCC5CC34)CC2)CC1
C1CCC(CCCCC2CCC3CCCCC23)CC1
C1CCC(C2CCC(CCCC3CCC4C3CCC3C5CCCCC5CCCC43)C2)CC1
C1CCC(CCC2CCC3C(CCC3C3CCCCC3)C2)CC1
C1CCC(CCCC2CCC3C2CCC2C4CC5CCC(CC6CCCCC6)C5CC4CCC32)CC1
C1CCC2CC(CCCC3CCCC4CCCCC43)CCCC2C1
C1CCC2CC(CCCC3CCCCC4CCCCC43)CC2C1
C1CC2CC2C2C(C1)CCC1C3CCCC3CCC12
C1CCC(C2CCC3CC4C(CCC5C6CCC(CCCCC7CCC8CCCCC8C7)C6CCC45)CC32)CC1
C1CCC(C2CCC3CC4C(CCCC5C6CCC(CCCC7CC8CCCCC8C7)C6CCC45)CC32)CC1
C1CCC(C2CCC(CCCC3CCC4C3CCC3CC5CCCCC5CCC34)C2)CC1
C1CCC(C2CCC3CC4CCCCC4CC32)CC1
C1CCC(C2CCC3CCC4(CCCCC4)CC3C2)CC1
C1CCC(C2CCC3(CCC4CC5C(CCC5C5CCCCC5)CC43)C2)CC1
C1CCC2CCC3C4CCCC4CCC3C2CC1
C1CCC(CCCCC2CC3CCCCC3C2)CC1
C1CCC(CC2CCC(CC(CC3CCCCC3)C3CCCCC3)CC2)CC1
C1CCC(CC(CC2CCCCC2)C2CCCCC2)CC1
C1CCC(CCCCC2CCC3CCCCC23)CC1
C1CCC(CCCCC2CCC3CCC(C4CCCC5CCCC54)CC3C2)CC1
C(CCCC1CCCC2CCCC12)CCC1CCCCC1
C(CCCC1CCCC2C(C3CCCCC3)CCC12)CCC1CCC(C2CCCC2)C1
C1CCC(CCCC(CC2CC3CCCCC3C2)C2CC2)CC1
C1CCC(CCCCC2CCC3CCC(C4CCCC5CCCC54)CC3C2)CC1
C1CCC(C2CC3CCCC3C3CCC4CCCCC4C23)CC1
C1CCC2CC(CCCC3CCCC4CCCCC43)CC2C1
C1CCC(C2CCC3CCCC3C3CCC4CCCCC4C23)CC1
C1CCC2CC3CCC4C(CCCC5CC6CCCCC6C5)CCC4C3CCC2C1
C(CCC1CCCC2CCCCC12)CC1CCCC2CCCCC12
C1CCC(CC2CCC3C(CCC4CCCCC43)C2)CC1
C1CCC(C2CC3CCCC3C3CCC4CCCCCC4C23)CC1
C1CCC(CCCCCC2CC3CCCCC3C2)CC1
C1CCC2CC(CCCC3CCC4C3CCC3C5CCCCC5CCC43)CCC2C1
C1CCC2C(C1)CCC1C3CCCC3CCC21
C1CCC(CCC2CCCCC2CC2CC3CCCCC3C3CCC4CCCCC4C23)CC1
C1CCC(C2CC3CCCC3C3CCC4CCCCC4C23)CC1
C1CCC(CCCCCC2CC3CCCCC3C2)CC1
C1CCC(CC2CC3CCCCC3C3CCC4CCCCCC4C23)CC1
C1CCC2CC(CCCC3CCC4C3CCC3C5CCCCC5CCC43)CC2C1
C1CCC2CC(C3CCCC4CCCC43)CCC2C1
C1CCC(C2CCC3C(CCCC4CCCCC43)C2)CC1
C1CCC(C2CCC(CCCCCC3CCCC4CCCCC34)C2)CC1
C1CCC2CC(CCCC3CCC4C3CCC3C5CCCCC5CCCC43)CC2C1
C1CCC2C(C1)CCC1C3CCCC3CCC21
C1CCC(CCCCC2CC3CCCCC3C2)CC1
C1CCC(CCCC2CCCC3CCCCC32)C2CCCCC2C1
C1CCC(C2CC3CCCC3C3CCC4CCCCC4C23)CC1
C1CCC(C2CC3CCCC3C3CCC4CCCCCC4C23)CC1
C(CCC1CC2CCCCC2C1)CCC1CCCC2CCCC12
C1CCC2C(C1)CCC1C2CCC2C3CCCC3CC21
C(CCC1CCCC2CCCC12)CC1CC2CCCCC2C1
C1CCC(CCC2CCC3C(CCC3C3CCCCC3)C2)CC1
C1CCC2C(C1)CCC1C3CCCCC3CCC21
C1CCC(CCC2CCCCC2)CC1
C1CCC(CC2CC3CCCCC3C3CCC4CCCCCC4C23)CC1
C1CCC(CCCCCC2CCCC3C(C4CCCCC4)CCC23)CC1
C1CCC(CC(CC2CCCCC2)C2CCCCC2)CC1
C(CCCC1CCCC2C(C3CCCCC3)CCC12)CCC1CCCCC1
C1CCC(C2CCC3CC4C(CCC5C6CCC(CCCCC7CC8CCCCC8C7)C6CCC45)CC32)CC1
C1CCC2C(C1)CCC1C3CCCC3CCCC21
C1CCC(CCCCCC2CC3CCCCC3C2)CC1
C1CCC2CCC3C4CCC(CCCC5CC6CCCCC6C5)C4CCC3C2CC1
C1CCC(C2CCC3CC4C(CCC45CCCCC5)CC32)CC1
C(CCC1CCC2CCCCC2C1)CCC1CCCC2CCCCC12
C1CCC(CCCC2CCCC(C3CCC4CC(CCCC5CCC6CCCCC6C5)CCC43)C2)CC1
C1CCC(C2CC3CCCC3C3CCC4CCCCCC4C23)CC1
C1CCC(CCCCCC2CC3CCCCC3C2)CC1
C1CCC(C2CCC3CC4C(CCC5C6CCC(CCCC7CCC8CCCCC8C7)C6CCC45)CC32)CC1
C1CCC2CC(C3CCCC4CCCC43)CCC2C1
C1CCC2CCCCC2C(CCCCC2CCCC3CCCCC23)C1
C1CCC(CCCC2CCCCC2)CC1
C1CCC(C2CC3CCCCC3C3CCC(CCCC4CCCC4)CC23)CC1
C1CCC(CCCCCC2CCCCC2)CC1
C1CCC(CCCCCC2CC3CCCCC3C2)CC1
C1CCC(CCC2CCC(CCC3CCCC(CC4CCCC4)C3)CC2)CC1
C1CCC(CCCCC2CC3CCCCC3C2)CC1
C1CCC(C2CC3CCCC3C3CCC4CCCCC4C23)CC1
C1CCC(CC2CCC3C(CCC3C3CCCCC3)C2)CC1
C1CCC(CCCC2CCC3C(CCC4C5CCCC5CC(CCC5CCCCC5)C34)C2)CC1
C1CCC(CCC2CCC3C(CCC4C5CCCC5CCC34)C2)CC1
C1CCC(C2CC3CCCC3C3CCCC4CCCCC4C23)CC1
C1CCC(CCCCC2CC3CCCCC3C2)CC1
C1CCC2CCC(C3CCCC4CCCC43)CC2CC1
C(CCCC1CCCCC1)CCCC1CCC(C2CCCCC2)C1
C1CCC(CCCCC2CC3CCCCC3C2)CC1
C1CCC(CCCCCC2CCCC3C(C4CCCCC4)CCC23)CC1
C1CCC(CCCCCC2CCCC3C(C4CCCCC4)CCC23)CC1
C1CCC2C(C1)CCC1C3CCCC3CCC21
C1CCC(C2CCC3CC4CCCCC4CCC32)CC1
C(CCCC1CCCCC1)CCCC1CCC(CC2CCCCC2)C1
C1CCC(C2CCC3CC4C(CCC45CCCC5)CC32)CC1
C1CCC(C2CC3CCCC3C3CCC4CCCCC4C3C2)CC1
C(CCCCC1CCC(C2CCCCC2)C1)CCCC1CCCCC1
C1CCC(C2CC3CCCCC3C3CCCCC3C2)CC1
C1CCC(C2CCC3CCC4C(CCCC45CCCC5)CC32)CC1
C(CCC1CCCC2CCCCC12)CC1CCC2CCCCC2C1
C1CCC(C2CCC(C3CC4CCCC4C4CCC5CCCCC5C34)CC2)C1
C1CCC(CCCC(CC2CCC3C(CCC3C3CCCCC3)C2)C2CCCCC2)CC1
C1CCC2CC(C3CCCC4CCCC43)CCC2C1
C(CCC1CCCC2CCCCC12)CC1CCCC2CCCCC12
C1CCC(CC2CC3CCCCC3C3CCC4CCCCC4C23)C1
C1CCC(CCCC2CCC3C2CCC2C4CCC5CCC(C6CCCCC6)C5CC4CCC32)CC1
C(CCC1CCCC2CCCC12)CC1CC2CCCCC2C1
C1CCC(CCC2CCCC3CCC4C(CCC4C4CCCCC4)CC23)CC1
C1CCC(C2CCC3C(CCCCCC4CCC(C5CCCC5)C4)CCCC23)CC1
C1CCC2C(C1)CCC1C3CCCC3CCC21
C1CCC2CC(C3CCCC3)CCC2C1
C1CCC(CCCCCC2CCC3CCCCC3C2)CC1
C1CCC(CCC2CCC(C3CCC4C(CCC4C4CCCCC4)C3)CC2)CC1
C(CCC1CC2CCCCC2C1)CCC1CCCC2CCCC12
C1CCC2C(C1)CCC1C3CCCC3CCC21
C1CCC(CC2CC3CCCCC3CC3CCC4CCCCC4C32)CC1
C1CCC(CCCC2CCCC3CCC(C4CCCC5CCCC54)CC3C2)CC1
C1CCC(C2CCC3CCC4CCCCC4C3CC2)CC1
C(CCCC1CCCCC1)CCCC1CCC(C2CCCCC2)C1
C1CCC(CCCCCC2CC3CCCCC3C2)CC1
C1CCC(CCC2CCCCC2)CC1
C1CCC(CCCCC2CCC3CCCCC3C2)CC1
C(CCC1CCCC2CCCC12)CC1CCCC2CCCCC12
C1CCC(C2CC3CCCC3C3CCC4CCCCCC4C23)CC1
C1CCC(C2CC3CCCC3C3CCC4CCCCCC4C23)CC1
C1CCC(CCCCC2CCC3CCC(C4CCCC5CCCC54)CC3C2)CC1
C1CCC2CC(CCCC3CCC4C3CCC3C5CCCCC5CCC43)CC2C1
C1CCC(CC2CC3CCCCC3C3CCC4CCCCCC4C23)CC1
C1CCC2CC(C3CCCC4CCCC43)CCC2C1
C1CCC(CC(CC2CCCCC2)C2CCCCC2)CC1
C(CCCC1CCCC2C(C3CCCCC3)CCC12)CCC1CCCCC1
C1CCC2C(C1)CCC1C3CCCC3CCC21
C1CCC2CC(CCCC3CCC4C3CCC3C5CCCCC5CCC43)CC2C1
C1CCC(CCC2CCC3C(CCC3C3CCCCC3)C2)CC1
C1CCC(C2CCC3CC4C(CCC5C6CCC(CCCC7CC8CCCCC8C7)C6CCC45)CC32)CC1
C1CCC(CCCCC2CCC3CCCCC23)CC1
C1CCC(CCCCC2CC3CCCCC3C2)CC1
C1CCC(C2CCC3CC4C(CCC32)CCC42CCCCC2)CC1
C(CCC1CCCC2CCCCC12)CC1CCCC2CCCCC12
C1CCC(CCCC2CCCC(C3CCC4CC(CCC5CCC6CCCCC6C5)CCC43)C2)CC1
C1CCC(CCCCC2CCC3CCCCC23)CC1
C1CCC(CCCCC2CC3CCCCC3C2)CC1
C1CCC(CCCCCC2CCCC3C(C4CCCCC4)CCC23)CC1
C1CCC(C2CCC3C(CCC3C3CCCCC3)C2)CC1
C1CCC(CC2CCCCCCC23CCC2C(CCC2C2CCCCC2)C3)CC1
C1CCC2CCC(C3CCCC4CCCC43)CC2CC1
C1CCC(CCCCCC2CC3CCCCC3C2)CC1
C1CCC(CCCC2CCCC3CCC(C4CCCC5CCCC54)CC3C2)CC1
C1CCC(CC2CC3CCCCC3C3CCC4CCCCCC4C23)CC1
C1CCC(CCCCC2CCC3CCC(C4CCCC5CCCC54)CC3C2)CC1
C1CCC(CCCCCC2CCCC3C(C4CCCCC4)CCC23)CC1
C1CCC(C2CC3C(CCC34CCCC4)C3CCC4CCCCC4C23)CC1
C1CCC(CC2CC3CCCCC3CC3CCC4CCCCC4C32)CC1
C1CCC(CC2CCC3CC4(CCCCC4C4CCCCC4)CCC23)CC1
C1CCC(CCCCC2CC3CCCCC3C2)CC1
C(CCCC1CCC2CCCC2C1)CCCC1CCC(C2CCCCC2)C1
C1CCC(C2CC3CCCC3C3CCC4CCCCCC4C23)CC1
C1CCC(C2CCC3(CCC4CC5C(CCC5C5CCCCC5)CC43)C2)CC1
C(CCC1CCCC2CCCC12)CC1CC2CCCCC2C1
C1CCC(C2CCC3CCC4CCCCC4CC32)CC1
C1CCC(CCC2CCCCC3CC4C(CCC4C4CCCCC4)CC23)CC1
C1CCC(CCC(CC2CC3CCCCC3C2)C2CC2)CC1
C1CCC2CC(C3CCCC4CCCC43)CCC2C1
C1CCC2CCC3C4CCCC4CCC3C2CC1
C1CCC(CC2CCCCC2CC2CC3CCCCC3C3CCC4CCCCC4C23)CC1
C1CCC2C(C1)CCC1C3CCCC3CCCC21
C1CCC(CC2CCCC2CC2CC3CCCCC3C3CCC4CCCCCC4C23)CC1
C1CCC(CC2CC3CCCCC3C3CCC4CCCCC4C23)C1
C1CCC(CCCCC2CC3CCCCC3C2)CC1
C1CCC(CCCCCC2CCC3C2CCC2C4CCCCC4CCC32)CC1
C(CCC1CCCC2CCCC12)CC1CC2CCCCC2C1
C1CCC(CCCC2CCCC(C3CCC4CC(CCC5CCC6CCCCCC6C5)CCC43)C2)CC1
C(CCC1CCCC2CCCCC12)CC1CC2CCCCC2C1
C1CCC(CC2CCC3CC4C(CCC45CCCC5)CC23)CC1
C(CCCC1CCCC2C(C3CCCCC3)CCC12)CCC1CCCCC1
C1CCC(C2CC3CCCCC3C3CCC4CCCCC4C23)CC1
C1CCC(CCCCCC2CCCC3C2CCC3C2CCCC(CC3CCCCC3)C2)CC1
C1CCC(CCCCC2CC3CCCCC3C2)CC1
C1CCC2CC(CCCC3CCC4C3CCC3C5CCCCC5CCCC43)CC2C1
C1CCC(CCC2CCC(CCCC3CCCC(CC4CCCC4)C3)CC2)CC1
C1CCC2CC(C3CCCC4CCCC43)CCC2C1
C1CCC(C2CC3CCCC3C3CCC4CCCCC4C23)CC1
C1CCC(C2CC3CCCC3C3CCC4CCCCC4C23)CC1
C1CCC(CCC2CCC3C(CCC4CC(C5CCCCC5)CCCC43)C2)CC1
C1CCC(CCCCC2CCC3CCCCC23)CC1
C1CCC(C2CCC3CC4C(CCCC45CCCC5)CC32)CC1
C1CCC(C2CCC3C(CCC34CCCC4)C3CCC4CCCCC4C23)CC1
C1CCC2C(C1)CCC1C3CCCC3CCC21
C1CCC2CCC3C(CCC4C5CCCC5CC43)C2CC1
C(CCC1CCC2CCCCC2C1)CCC1(C2CCCC2)CCCC2CCCCC21
C1CCC(C2CCC3CC4C(CCC45CCCCCC5)CC32)CC1
C1CCC(C2CCC(CCCCC3CCC4C3CCC3C5CCCCC5CCC43)C2)CC1
C1CCC(C2CCC3CC4C(CCC5C6CCC(CCCC7CC8CCCCC8C7)C6CCCC45)CC32)CC1
C1CCC2C(C1)CCCC1C3CCCC3CCC21
C1CCC(C2CCC3C(CCCCCC4CCC(C5CCCC5)C4)CCCC23)CC1
C1CCC(CCC2CCCCC2CC2CC3CCCCC3C3CCC4CCCCC4C23)CC1
C1CCC(CCCCCC2CCC3CCCCC23)CC1
C1CCC2CCC(C3CCCC4CCCC43)CC2CC1
C1CCC(CCC2CCC3C(CCC3C3CCCCC3)C2)CC1
C1CCC(C2CCC3CC4C(CCC45CCCC5)CC32)CC1
C1CCC(CCCCC2CC3CCCCC3C2)CC1
C1CCC(CC2CC3CCCCC3C3CCC4CCCCC4C23)CC1
C1CCC(CCC2CCC3C(CCC3C3CCCCC3)C2)CC1
C1CCC(C2CCC3CC4(CCCCC4C4CCCCC4)CCCC32)CC1
C1CCC(C2CCC3CC4C(CCCC5C6CCC(CCCC7CCC8CCCCC8C7)C6CCC45)CC32)CC1
C(CCC1CCCC2CCCC12)CC1CC2CCCCC2C1
C1CCC(CCCCC2CC3CCCCC3C2)CC1
C1CCC(CCCCC2CCC3CCCCC23)CC1
C1CCC(CCCCCC2CC3CCCCC3C2)CC1
C1CCC(CC2CC3CCCCC3C3CCC4CCCCCC4C23)CC1
C1CCC(C2CC3CCCC3C3CCC4CCCCC4CC23)CC1
C1CCC(C2CC3CCCC3CC3CCC4CCCCC4C32)CC1
C1CCC(CCC(CC2CCC3C(CCC3C3CCCCC3)C2)C2CCCCC2)CC1
C1CCC2CC(CC3CCCC4CCCC43)CCC2C1
C1CCC2CC(C3CCCC4CCCC43)CCC2C1
C1CCC(CCC2CCCC3CC4C(CC5CCCCC5)CCC4CC23)CC1
C1CCC(C2CCCC3CCCC3C3CCC4CCCCC4C23)CC1
C1CCC(CCCCC2CC3CCCCC3C2)CC1
C1CCC(CCC2CCCC3CCC(C4CCCC5CCCC54)CC23)CC1
C1CCC(C2CCC(CCCCCC3CCCC4CCCCC34)C2)CC1
C1CCC(CC2CCC3CC4C(CCC45CCCC5)CC23)CC1
C1CCC(CC2CCC3CCCCC3C2)C1
C1CCC(CCCCC2CC3CCCCC3C2)CC1
C1CCC2CCC3C4CCCCC4CCC3C2CC1
C1CCC(CCCC2CCCC3CCC(C4CCCC5CCCC54)CC3C2)CC1
C1CCC(CC2CCC3C(CCC3C3CCCCC3)C2)CC1
C1CCC(C2CCC(CCCCCC3(C4CCCCC4)CCCC3)C2)CC1
C1CCC(CCCC2CCC3C(CCC3C3CCCCC3)C2)CC1
C1CCC2CC(CCCC3CCC4C3CCC3C5CCCCC5CCCC43)CC2C1
C1CCC(C2CCC3CCCC3C3CCC4CCCCC4C23)CC1
C1CCC(CCCCCC2CCCC3C(C4CCCCC4)CCC23)CC1
C1CCC(C2CC3CCCCC3C3CCCCC23)CC1
C1CCC(CCCCC2CCCC3CCC(C4CCCCC4)CC23)CC1
C1CCC2CC(CCCC3CCC4CC5CCC6CCCCC6C5CCC34)CCC2C1
C1CCC2C(C1)CCC1C3CCCC3CCCC21
C1CCC(C2CCC3CCCC3C3CCC4CCCCCC4C23)CC1
C1CCC(C2CC3CCCC3C3CCC4CCCCCC4C23)CC1
C(CCC1CCC2CCCCC2C1)CCC1(C2CCCC2)CCCC2CCCCC21
C1CCC2CC(CCCC3CCC4C3CCCC3C5CCCCC5CCC34)CC2C1
C1CCC(C2CCC3CCCC3C3CCC4CCCCC4C23)CC1
C(CCC1CCC(C2CC3CCCC3C3CCC4CCCCC4C23)CC1)CCC1CCC2C(CCC3C4CCCC4CCC23)C1
C1CCC2CCC(C3CCCC4CCCC43)CC2CC1
C1CCC(CCC2CCC(CCCC3CCCC(CC4CCCC4)C3)CC2)CC1
C1CCC(C2CC3CCCC3C3CCC4CCCCCC4C23)CC1
C1CCC(C2CCC3CC4C(CCCCC45CCCC5)CC32)CC1
C1CCC(C2CCC3CC4C(CCCC5CC5)CCCC4CCC32)CC1
C1CCC(C2CCC3CC4C(CCC45CCCC5)CC32)CC1
C1CCC(CCC2CCC3C(CCC3C3CCCCC3)C2)CC1
C(CCCC1CCCCC1)CCCC1CCC(CC2CCCCC2)C1
C(CCC1CCCC2CCCC12)CC1CCCC2CCCCC12
C1CCC(CCCCC2CC3CCCCC3C2)CC1
C1CCC(CCCCC2CC3CCCCC3C2)CC1
C1CCC(CCCC2(CCC3CCCC3)CCC3C4CCC5CCCCC5C4CCC32)CC1
C1CCC2CC(CCCC3CCC4C3CCC3C5CCCCC5CCCC43)CCC2C1
C1CCC2CC(CCCC3CCC4C3CCC3C5CCCCC5CCC43)CC2C1
C1CCC(CC2CC3CCCCC3C3CCC4CCCCC4C23)C1
C1CCC(CCCCC2CCC3CCCCC23)CC1
C1CCC(CC2CC3CCCCC3CC3CCC4CCCCC4C32)CC1
C1CCC(C2CC3C(CCC34CCCC4)C3CCC4CCCCC4C23)CC1
C1CCC2C(C1)CCCC2CCCC1CCC2C1CCC1C3CCCCC3CCCC21
C1CCC2CCC3C4CCC(CCCC5CCCC5)C4CCC3C2CC1
C1CCC(C2CC3CCCC3C3CCC4CCCCC4C23)CC1
C1CCC(C2CC3CCCC(C3)C3CCC4CCCCC4C32)CC1
C1CCC2CCC3C(CCC4C3CCC4(CCCC3CCCC3)CCC3CCCC3)C2CC1
C1CCC(CCCC2CCC3C(CCC3C3CCCCC3)C2)CC1
C1CCC(CCC2CC3CCCCC3C3CCC4CCCCC4C23)C1
C1CCC(CCC2CCC3C(CCC4CCCCC43)C2)CC1
C1CCC2CCC(C3CCCC4CCCC43)CC2CC1
C1CCC(CCC2CCC3C(CCC3C3CCCC3)C2)CC1
C(CCC1CCC2C(CCC3C4CCCC4CCC23)C1)CC1CCC(C2CC3CCCC3C3CCC4CCCCC4C23)CC1
C1CCC(C2CC3CCCCC3C3CCCCC23)CC1
C1CCC(CCC2CCC(CC3CC3)CC2)CC1
C1CCC(C2CC3CCCC3C3CCC4CCCCC4C23)CC1
C(CCC1CCCC2CCCCC12)CC1CC2CCCCC2C1
C1CCC2CCC3C4CCCC4CCC3C2CC1
C1CCC(CCCCCC2CCCCC2)CC1
C1CCC(C2CCC3CCC4C(CCC45CCCC5)CC32)CC1
C1CCC(CCCC2CCC3C2CCC2C4CCCCC4CCC32)CC1
C1CCC(CCCC2CCCC(CC3CCC4CC(CCC5CCC6CCCCC6C5)CCC43)C2)CC1
C1CCC2CC3CCC4CCCC4C3CCC2C1
C1CCC(CC2CC3CCCCC3C3CCC4CCCCCC4C23)CC1
C1CCC(CCC2CCC3C(CCC4C5CCCC5CCC34)C2)CC1
C1CCC(C2CC3CCCC3C3CCCC4CCCCC4C23)CC1
C1CCC(CCCC2CCC3C(CCC3C3CCCC(CCC4CCCC4)C3)C2)CC1
C1CCC(CCCC2CCC3CCC(C4CCCC5CCCC54)CC3C2)CC1
C1CCC(CC2CC3CCCCC3CC3CCC4CCCCC4C32)C1
C1CCC(CC(CC2CCCCC2)C2CCCCC2)CC1
C1CCC(C2CCC3C(CCCCCC4CCC(C5CCCC5)C4)CCCC23)CC1
C1CCC2C(C1)CCC1C3CCCCC3CCCC21
C1CCC2C(C1)CCC1C3CCCCC3CCC21
C(CCCC1CCCC2C(C3CCCCC3)CCC12)CCC1CCCCC1
C1CCC2C(C1)CCC1C3CCCCC3CCC21
C1CCC(C2CC3CCCCC3C3CCCCC23)CC1
C1CCC(CCC2CCC(CC3CC3)CC2)CC1
C1CCC2C(C1)CCC1C3CCCC3CCC21
C1CCC(CCC2(CCCC3CC4CCCCC4C3)CCCC3C4CCC5CCCCC5C4CCC32)C1
C(CCCC1CCCC2C(C3CCCCC3)CCC12)CCC1CCCCC1
C1CCC(C2CCC3CC4C(CCCC45CCCCC5)CC32)CC1
C1CCC(CC2CCC(CCCCCC3CCCC4CCCCC34)C2)CC1
C1CCC2CCC3CCCCC3C2CC1
C1CCC2CC3CCC4C(CCCC5CC6CCCCC6C5)CCC4C3CCC2C1
C1CCC(CCCCC2CC3CCCCC3C2)CC1
C1CCC(CC2CCC3CC4C(CCC45CCCCC5)CC23)CC1
C1CCC(C2CCC3CC4C(CCC5CC6CCCCC6C5)CCCC4CC32)CC1
C1CCC(CCC2CCCCC3CC4C(CCC4C4CCCCC4)CC23)CC1
C1CCC(CCCCC2CC3CCCCC3C2)CC1
C1CCC(C2CC3CCCC3C3CCC4CCCCC4C23)CC1
C1CCC(C2CCC3CC4C(CCCC45CCCC5)CC32)CC1
C1CCC(C2CC3CCCC3C3CCC4CCCCCC4C23)CC1
C1CCC2C(C1)CCC1C3CCCC3CCC21
C1CCC(C2CC3CCCCC3CC3CCCCC32)CC1
C1CCC(CCCCCC2CC3CCCCC3C2)CC1
C1CCC(CC2CC3CCCCC3C3CCC4CCCCCC4C23)CC1
C1CCC(CC2CC3CCCCC3C3CCC4CCCCCC4C23)CC1
C1CCC(CCC2CCC3C(CCC3C3CCCCC3)C2)CC1
C1CCC(CC2CC3CCCCC3C3CCC4CCCCCC4C23)CC1
C1CCC(CC2CCC3C(CCC3C3CCCCC3)C2)CC1
C1CCC(CCC(CC2CC3CCCCC3C2)C2CC2)CC1
C1CCC(C2CCC(CCCCCC3CCCC4C(C5CCCCC5)CCC34)C2)CC1
C1CCC(CCC2CCC3C(CCC3C3CCCCC3)C2)CC1
C1CCC2CC(CCCC3CCC4C3CCC3C5CCCCC5CCC43)CC2C1
C1CCC(CC2CCC3C(CCC3C3CCCCC3)C2)CC1
C1CCC(CCC2CCCC3CC4C(CCC4C4CCCCC4)CC23)CC1
C1CCC(CCCCC2CCCC3CCC(C4CCCC5CCCC54)CC3C2)CC1
C1CCC(CCC(CCC2CCC3CCCC3C2)CC2CCCCC2)CC1
C1CCC(C2CCC3CCC4C(CCC45CCCC5)CC32)CC1
C1CCC(CCC2CCC3C(CCC3C3CCCCC3)C2)CC1
C1CCC(CCC2(CCCC3CC4CCCCC4C3)CCC3C4CCC5CCCCC5C4CCC32)C1
C1CCC2CC(C3CCCC3)CCC2C1
C(CCC1CCCCC2CCCCC12)CC1CCC2CCCCC2C1
C1CCC2C(C1)CCC1C2CCC2C3CCCCC3CC21
C1CCC(CCCCCC2CC3CCCCC3C2)CC1
C1CCC(C2CCC3CC4CC5CCC6C(CCCC7CC8CCCCC8C7)CCC6C5CCC4CC32)CC1
C1CCC(C2CC3C(CCC4CC4)CCC3C3CCCC4CCCCC4C23)CC1
C1CCC2C(C1)CCC1CCCCC12
C1CCC2C(C1)CC(C1CCCC3CCCC31)C1CCCC21
C1CCC2C(C1)CCC1C3CCCC3CCC21
C1CCC(CCCCCC2CCC3CCCCC23)CC1
C1CCC(CCCCCC2CCCC3C2CCC3C2CCC(CC3CCC3)CC2)CC1
C(CCC1CCC2CCCCC2C1)CCC1(C2CCCC2)CCCC2CCCCC21
C1CCC(C2CCC(C3CC4CCCC4C4CCCC5CCCCC5C34)CC2)C1
C1CCC(C2CC3CCCCC3C3CCC4CCCCC4C23)CC1
C1CCC(CC2CCC(CC(CC3CCCCC3)C3CCCCC3)CC2)CC1
C1CCC2CC(C3CCCC4CCCC43)CCC2C1
C1CCC(CCCCCC2CCCC3C2CCC3C2CCC(CC3CC3)CC2)CC1
C1CCC(CCCCC2CCC3CCCCC23)CC1
C1CCC(CCCCCC2CCC3CCCCC23)CC1
C1CCC(C2CCC3CC4C(CCC45CCCC5)CC32)CC1
C1CCC(C2CC3C(CCCC34CCCC4)C3CCC4CCCCC4C23)CC1
C1CCC(C2CCC3CCCCC3C3CCC(CCC4CCCC4)CC23)CC1
C1CCC2CCC3CCCCC3C2CC1
C1CCC2CC(CCCC3CCC4C3CCC3C5CCCCC5CCC43)CC2C1
C1CCC(CCCCCC2CCCC3C(CC4CCCCC4)CCC23)CC1
C1CCC(CCCCCC2CC3CCCCC3C2)CC1
C1CCC(CCCCC2CCC3CCCCC23)CC1
C1CCC(CCCCC2CCC3CCCCC23)CC1
C1CCC(CCCCC2CCC3C2CCC2C4CC5CCC(C6CCCCC6)C5CC4CCC32)CC1
C1CCC2CC(C3CCCC4CCCC43)CCC2C1
C1CCC2C(C1)CCC1CCCCC12
C1CCC(C2CC3C(CCC34CCCC4)C3CCCC4CCCCC4C23)CC1
C1CCC2CCC3CCCCC3C2CC1
C1CCC(CCC2CCC(C3CCCC4C(CC5CCCCC5)CCC34)C2)CC1
C1CCC(C2CCC3CCC4C(CCCC45CCCC5)CC32)CC1
C1CCC2C(C1)CC(C1CCCC3CCCCC31)C1CCCC21
C1CCC(CCCCC2CCC3CCCCC23)CC1
C(CCCC1CCCCC1)CCC1CCCCC1
C1CCC(CCC2CCC(C3CC3)CC2)CC1
C(CCC1CCC2CCCCC2C1)CCC1CCCC2CCCCC12
C1CCC(CCCCC2CCC3CCCCC23)CC1
C1CCC(C2CCC3CC4C(CCCC45CCCC5)CC32)CC1
C1CCC(C2CCC3(CCC4CC5C(CCC5C5CCCCC5)CCC43)C2)CC1
C1CCC2CC(C3CCCC4CCCC43)CCC2C1
C1CCC(C2CCC(CCCCCC3CCCC4CCCCC34)C2)CC1
C1CCC(CCCCC2CC3CCCCC3C2)CC1
C1CCC(CC2CCC3CC4C(CCC5C6CCC(CCCC7CC8CCCCC8C7)C6CCC45)CC23)CC1
C1CCC(CCC2CCC3C(CCC3C3CCCCC3)C2)CC1
C1CCC2CCC3C4CCCC4CCC3C2CC1
C1CCC(C2CC3CCCC3C3CCC4CCCCC4C23)CC1
C1CCC2CC(CCCC3CCC4C3CCCC3C5CCCCC5CCC34)CC2C1
C1CCC(CC2CCCCCC23CCCC2C(CCC2C2CCCCC2)C3)CC1
C1CCC(CCCCCC2CCCC3C(C4CCCCC4)CCC23)CC1
C1CCC(CCCCCC2CCCC3C(C4CCCCC4)CCC23)CC1
C1CCC(CCC2CCC(CCC3CCCC(CC4CCCCC4)C3)CC2)CC1
C1CCC(CCCCC2CCC3CCCCC23)CC1
C1CCC(CC2CC3CCCCC3C2C2CCCCC2)CC1
C1CCC(C2CC3CCCCC3C3CCC4CCCCC4C23)CC1
C1CCC(CCCC2CCC3CCCC3C2)CC1
C1CCC(CC2CC3CCCCC3C3CCC4CCCCCC4C23)CC1
C(CCC1CCC2C1CCC1C3CCCCC3CCC21)CC1CC2CCCCC2C1
C1CCC(CCCCC2CCCC(C3CCC4CC(CCC5CCC6CCCCC6C5)CCC43)C2)CC1
C1CCC(C2CCC3C(CCC4CCCCC43)C2)CC1
C1CCC(CCCCCC2CCCC3C(C4CCCCC4)CCC23)CC1
C1CCC(CCC2CCC3C(CCC4CC(C5CCCCC5)CCC43)C2)CC1
C1CCC(CCCCC2CCC3CCCCC23)CC1
C1CCC2C(C1)CCC1C3CCCC3CCC21
C1CCC2C(C1)CCCC1C3CCCC3CCC21
C1CCC(C2CC3CCCC3C3CCC4CCCCC4C23)CC1
C1CCC2C(C1)CCC1C2CCC2C3CCCC3CC21
C1CCC(C2CC3CCCC3C3CCC4CCCCCC4C23)CC1
C1CCC(CCCCC2CCC3CCCCC23)CC1
C1CCC(C2CC3CCCC3C3CCC4CCCCCC4C23)CC1
C1CCC(CCCCC2CCC3CCCCC23)CC1
C1CCC(CC2CCC3C(CCC3C3CCCCC3)C2)CC1
C1CCC(CCC2CCC3C(CCC3C3CCCCC3)C2)CC1
C1CCC(C2CCC(C3CCC4CCCC4C4CCC5CCCCC5C34)CC2)C1
C1CCC2CC(C3CCCC4CCCC43)CCC2C1
C1CCC(CCCCC2CC3CCCCC3C2)CC1
C1CCC(CCCCC2CCC3C2CCC2C4CCCCC4CCC32)C1
C1CCC2CCC3C(CCC4C5CCCC5CC43)C2CC1
C1CCC2CCC3CCCCC3C2CC1
C(CCCC1CCCC2CCCCC12)CCC1CCC(C2CCCC2)C1
C1CCC(CCC2CCC(CCC3CCCC(CC4CCCC4)CC3)CC2)CC1
C1CCC(C2CCC(C3CC4CCCCC4C4CCC5CCCCC5C34)CC2)C1
C1CCC2C(C1)CCCC1CCCCC12
C1CCC2C(C1)CCC1C3CCCC3CCC21
C1CCC(CC2CC3CCCCC3C3CCC4CCCCCC4C23)CC1
C1CCC(C2CCC(CCCCC3CCC4C3CCC3C5CCCCC5CCC43)C2)CC1
C1CCC2C(C1)CCCC2CCCC1CCCC2CCCCC21
C1CCC2CC3CCC(C4CCCCC4)C3CC2CC1
C1CCC(CCC2CCC3C(CCC3C3CCCCC3)C2)CC1
C1CCC2CCC(C3CCCC4CCCC43)CC2CC1
C1CCC(CCC2CCC3C(CCC3C3CCCCC3)C2)CC1
C1CCC2C(C1)CCC1CCCCC12
C1CCC(C2CCC3CC4C(CCC5C6CCC(CCCC7CC8CCCCC8C7)C6CCCC45)CC32)CC1
C(CCCC1CCCCC1)CCCC1CCC(C2CCCCC2)C1
C1CCC2CCC3C4CCCC4CCC3C2CC1
C1CCC2C(C1)CCCC1CCCCC12
C1CCC2CCC(C3CCC4CCCCC43)CC2CC1
C1CCC2CC(C3CCCC4CCCC43)CCC2C1
C1CCC2CC(CC3CCCC4CCCC43)CCC2C1
C1CCC2CC(C3CCCC4CCCC43)CCC2C1
C1CCC(CC2CCC3C(CCC3C3CCCCC3)C2)CC1
C1CCC(CCC2CCC3C(CC4CCCCC4)CCC3C2)CC1
C1CCC2CCC3C4CCC(CCCC5CC6CCCCC6C5)C4CCC3C2CC1
C1CCC(C2CCC3CC4(CCCCC4C4CCCCC4)CCCC32)CC1
C1CCC2C(C1)CCCC1CCCCC12
C1CCC(C2CC3CCCC3C3CCC4CCCCC4C3C2)CC1
C1CCC2C(C1)CCCC1CCCCC12
C1CCC(C2CCC3CC4C(CCC5C6CCC(CCCC7CC8CCCCC8C7)C6CCC45)CC32)CC1
C1CCC2CCC(C3CCCC4CCCC43)CC2CC1
C1CCC(CCCCC2CC3CCCCC3C2)CC1
C1CCC(CCCCCC2CC3CCCCC3C2)CC1
C1CCC(CCCCC2CCC3CCC(C4CCCC5CCCC54)CC3C2)CC1
C1CCC2C(C1)CCCC2CCCC1CCC2C1CCC1C3CCCCC3CCC21
C1CCC(CC2CCC3C(CCC3C3CCCCC3)C2)CC1
C1CCC(CC2CC3CCCCC3C3CCC4CCCCCC4C23)CC1
C1CCC(CCC2CCC(C3CCC3)CC2)CC1
C(CCCC1CCCCC1)CCCC1CCC(C2CCCCC2)C1
C1CCC2CCC3C4CCCC4CCC3C2CC1
C1CCC(CCCCCC2CC3CCCCC3C2)CC1
C1CCC2CC(CCCC3CCC4C3CCC3C5CCCCC5CCCC43)CC2C1
C1CCC(CCCCCC2CCCC3C(C4CCCCC4)CCC23)CC1
C1CCC(CCC2CCC(C3CC3)CC2)CC1
C1CCC(CCC2CCC3C(CCC3C3CCCCC3)C2)CC1
C1CCC2CC(CCCC3CCCC4C3CCC3C5CCCCC5CCC43)CC2C1
C1CCC(CCC2CCC(CCC3CCCC(CC4CCCC4)C3)CC2)CC1
C1CCC(C2CCC3CC4C(CC5CCC6CCCCC65)CCCC4CC32)CC1
C(CCCC1CCCC2CCCCC12)CCC1CCC(C2CCCCC2)C1
C1CCC(CCC2CCC3C(CCC4C5CCCC5CCCC34)C2)CC1
C1CCC2C(C1)CCC1C2CCC2C3CCCC3CC21
C1CCC(C2CCCC3C(CCC4CCCCC43)C2)CC1
C1CCC2C(C1)CCC1C3CCCC3CCCC21
C1CCC2C(C1)CCCC1C3CCCC3CCC21
C1CCC(CCCC2CCC3C(CCC3C3CCCCC3)C2)CC1
C1CCC(CCCCC2CC3CCCCC3C2)CC1
C(CCC1CCCC2CCCC12)CC1CC2CCCCC2C1
C1CCC(C2CC3CCCCC3C3CCC4CCCCC4C23)CC1
C1CCC2CCC(C3CCCC4CCCC43)CC2CC1
C1CCC(C2CCC3CCC4(CCCCC4C4CCCCC4)CCC32)CC1
C1CCC(C2CC3CCCC3C3CCC4CCCCC4C23)CC1
C1CCC(C2CC3CCCC3C3CCC4CCCCC4C23)CC1
C(CCCC1CCCCC1)CCCC1CCC(C2CCCCC2)C1
C1CCC(CCC2CCC3C(CCC4CCCCC43)C2)CC1
C1CCC(CCCCCC2CCC3CCCCC23)CC1
C1CCC2CCC3C(CCC4C5CCCC5CC43)C2CC1
C1CCC(CCC(CCCC2CCC3CCCC3C2)CC2CCCCC2)CC1
C1CCC(C2CCC(CCCCCC3(C4CCCC4)CCCCC4CCCCC43)C2)CC1
C1CCC(C2CCC3CC4C(CCC5C6CCCC6CCC45)CC32)CC1
C1CCC(CCCC2CCC(C3CCC4C(CCC4C4CCCCC4)C3)CC2)CC1
C1CCC2CC(C3CCCC4CCCC43)CCC2C1
C1CCC(CCCCCC2CCC3CCCC3C2)CC1
C1CCC(C2CCC3CC4C(CCC45CCCC5)CC32)CC1
C1CCC(CCCCCC2CCCC3C(CC4CCCCC4)CCC23)CC1
C1CCC2C(C1)CCCC1C3CCCC3CCC21
C(CCCC1CCCCC1)CCCC1CCC(C2CCCCC2)C1
C1CCC(CCCC2CCCC3CCCCC32)C2CCCCC2C1
C1CCC(C2CC3CCCC3C3CCC4CCCCC4C23)CC1
C1CCC2CCC(C3CCCC4CCCC43)CC2CC1
C1CCC(CCC2CCCC(C3CCCC4C(C5CCCCC5)CCC34)C2)CC1
C1CCC(CCCCC2CCC3CCCCC23)CC1
C1CCC(C2CCC3CC4C(CCC5C6CCC(CCCCC7CCC8CCCCC8C7)C6CCC45)CC32)CC1
C1CCC(CCCCC2CCC3CCC(C4CCCC5CCCC54)CC3C2)CC1
C1CCC(CCCC2CCC(CCC3CCCCC3)CC2)CC1
C1CCC(C2CCC3CC4C(CCC5CCC6CCCCC65)CCCC4CC32)CC1
C1CCC(CCC(CC2CCCCC2)C2CCCCC2)CC1
C(CCCC1CCCC2C(C3CCCCC3)CCC12)CCC1CCCCC1
C1CCC(CCCCCC2C3CCCCC3CCC2C2CCCC3CCCC32)CC1
C1CCC(CCCCCC2CCCC3C(C4CCCCC4)CCC23)CC1
C1CCC(CCCCCC2CC3CCCCC3C2)CC1
C1CCC(C2CCCCC2CC2CC3CCCCC3C3CCC4CCCCCC4C23)CC1
C1CCC(CC2CCC3CCC(C4CCCC4)C3C2)C1
C1CCC(CCC2CCC3C(CC4CCCCC4)CCC3C2)CC1
C1CCC(CCCCCC2CCC3CCCCC23)CC1
C1CCC(CCC2CCC3C(CCC3C3CCCCC3)C2)CC1
C1CCC(CCC2CCC3C(CCC3C3CCCCC3)C2)CC1
C1CCC2C(C1)CCC1C3CCCC3CCC21
C1CCC(C2CC3CCCC3C3CCC4CCCCC4C23)CC1
C1CCC(CCCCC2CC3CCCCC3C2)CC1
C1CCC2C(C1)CCCC1C3CCCC3CCC21
C1CCC(CC2CCC3C(CCC3C3CCCCC3)C2)CC1
C1CCC(CC2CCCCC2CC2CC3CCCCC3C3CCC4CCCCC4C23)CC1
C(CCCC1CCCC2C(C3CCCCC3)CCC12)CCC1CCCCC1
C(CCC1CCCC2CCCCC12)CC1CCCC2CCCCC12
C1CCC2CCC3C4CCC(CCCC5CC6CCCCC6C5)C4CCC3C2CC1
C1CCC(C2CCC3CCC4C(CCC5C6CCC(CCCC7CCC8CCCCC8C7)C6CCC45)CC32)CC1
C1CCC(C2CC3CCCCC3C3CCCCC23)CC1
C(CCC1CCC2C(CCC3C4CCCC4CCC23)C1)CC1CCC(C2CC3CCCC3C3CCC4CCCCC4C23)CC1
C(CCCC1CCCC2C(C3CCCCC3)CCC12)CCC1CCCCC1
C1CCC(CCCC2CCC3C(CCC3C3CCCC3)C2)CC1
C1CCC(CCCC2CCCC3CCC(C4CCCC5CCCC54)CC23)CC1
C1CCC2C(C1)CCC1C2CCC2C3CCCCC3CC21
C1CCC2CCC3C4CCCCC4CC(CC4CCCC5CCCCC54)C3C2CC1
C1CCC(CCCCCC2CCCC3C(C4CCCCC4)CCC23)CC1
C(CCC1CCC2C1CCC1C3CCCCC3CCC21)CC1CC2CCCCC2C1
C1CCC2C(C1)CCC1C3CCCC3CCC21
C(CCCC1CCCC2CCCC12)CCC1CCCCC1
C1CCC(C2CCC3CC4C(CCCC5C6CCC(CCCC7CC8CCCCC8C7)C6CCC45)CC32)CC1
C1CCC2CCC3C4CCCC4CCC3C2CC1
C(CCCCC1CCC(C2CCCCC2)C1)CCCC1CCCCC1
C(CCC1CCCC2CCCC12)CC1CC2CCCCC2C1
C(CC1CCC2CCCCC2C1)CC1CCC2C(CCC3C4CCCCC4CCC23)C1
C1CCC(CCCCCC2CCCC3C(C4CCCCC4)CCC23)CC1
C1CCC(C2CCC3CCCC3CC3CCC4CCCCC4C32)CC1
C(CCCCCCC1CCC2C1CCC1C3CCCCC3CCC21)CCCCCC1CCC(CCC2CCC(CCC3CCCC3)C2)C1
C1CCC(CCCCCC2CCCC3C(CC4CCCCC4)CCC23)CC1
C(CCC1CCC2CCCCC2C1)CCC1CCCC2CCCCC12
C1CCC(C2CCC3CCCCC3C3CCC4CCCCC4C23)CC1
C1CCC(CCCCCC2CCCC3C(C4CCCCC4)CCC23)CC1
C1CCC2CCC3C4CCC(CCCC5CC6CCCCC6C5)C4CCC3C2CC1
C1CCC(CCCCC2CC3CCCCC3C2)CC1
C1CCC(CCCCCC2CC3CCCCC3C2)CC1
C1CCC(CCC2CCCC3CC4C(CCC23)CCC4C2CCCCC2)CC1
C1CCC(CCCCCC2CCCC3C(C4CCCCC4)CCC23)CC1
C1CCC(C2CCC3CCC4C(CCCC45CCCC5)CC32)CC1
C1CCC(C2CCC3CC4C(CCCCC45CCCC5)CC32)CC1
C1CCC(CCCCC2CCC3CCCCC23)CC1
C(CCCC1CCCC2C(C3CCCCC3)CCC12)CCC1CCCCC1
C1CCC(CCC2CCC3C(CCC3C3CCCCC3)C2)CC1
C1CCC(C2CCC3CC4(CCCCC4C4CCCCC4)CCC32)CC1
C(CCCC1CCCCC1)CCCC1CCC(C2CCCCC2)C1
C1CCC2CCC3C4CCCC4CCC3C2CC1
C1CCC(CCC2CCC3C(CCC4C5CCCC5CC(CCC5CCCCC5)C34)C2)CC1
C1CCC(CCC2CCC3C2CCC(C2CCCCC2)C2C4CCCCC4CCC32)CC1
C1CCC(CCC(CCC2CCCCC2)CCC2CCC3CCCC3C2)CC1
C(CCCC1CCCC2C(C3CCCCC3)CCC12)CCC1CCCCC1
C1CCC(C2CCC3CCCCC3C3CCCCC23)CC1
C1CCC(C2CCC3C(CCCCCC4CCC(C5CCCC5)C4)CCCC23)CC1
C1CCC(C2CCC3CCCC3C3CCC4CCCCC4C23)CC1
C1CCC(CCCCCC2CC3CCCCC3C2)CC1
C1CCC(C2CC3CCCC3CC3CCC4CCCCC4C32)CC1
C1CCC(C2CC3CCCC3C3CCC4CCCCC4C23)CC1
C1CCC(C2CC3CCCCC3C3CCCCC23)CC1
C1CCC2C(C1)CC(C1CCCC3CCCCC31)C1CCCC21
C(CCC1CCCCC2CCCCC12)CC1CCC2CCCCC2C1
C(CCC1CCC2C(CCC3C4CCCC4CCC23)C1)CC1CCC(C2CC3CCCC3C3CCC4CCCCC4C23)CC1
C(CCCC1CCCC2CCCCC12)CCC1CCC(C2CCCCC2)C1
C1CCC(CCCCCC2CCCC3C(C4CCCCC4)CCC23)CC1
C1CCC2CC(C3CCCC4CCCC43)CCC2C1
C1CCC(C2CC3CCCC3C3CCC4CCCCC4C23)CC1
C1CCC2CC(C3CCCC4CCCC43)CCC2C1
C1CCC2CC(C3CCCC4CCCC43)CCC2C1
C1CCC(CCC2CCC3C(CCCC4C5CCCC5CC(CCC5CCCCC5)C34)C2)CC1
C1CCC2CCC(C3CCCC4CCCC43)CC2CC1
C1CCC(CCC2CCC3C(CCC3C3CCCC(CCC4CCCC4)C3)C2)CC1
C1CCC(CCCC2CC3CCCCC3C2C2CCCCC2)CC1
C(CCCC1CCCC2C(C3CCCCC3)CCC12)CCC1CCCCC1
C1CCC2C(C1)CCC1C3CCCC3CCC21
C1CCC(CCCCCC2CCCC3C2CCC3C2CCCC(CC3CCCC3)C2)CC1
C1CCC(CCC2CCC3C(CCC3C3CCCCC3)C2)CC1
C1CCC(CCC2CCC3C(CCC4C5CCCC5CC(CCC5CCCCC5)C34)C2)CC1
C1CCC2C(C1)CCC1C3CCCCC3CCC21
C1CCC(C2CCC(CCCCCC3CCCC4CCCCC34)C2)CC1
C1CCC2C(C1)CCC1C3CCCC3CCC21
C1CCC2CC(CC3CCCC4CCCC43)CCC2C1
C1CCC(CCCCC2CC3CCCCC3C2)CC1
C1CCC(CCC2(CCCC3CC4CCCCC4C3)CCC3C4CCC5CCCCC5C4CCC32)C1
C1CCC(C2CCC3CC4C(CCCCC45CCCC5)CC32)CC1
C1CCC(CCCCC2CCC3CCCCC23)CC1
C1CCC2CC(CCCC3CCC4C3CCCC3C5CCCCC5CCC34)CC2C1
C(CCCC1CCCCC1)CCCC1CCC(C2CCCCC2)C1
C(CCC1CCCC2CCCCC12)CC1CC2CCCCC2C1
C(CCC1CCCC2CCCCC12)CC1CCC2CCCCC2C1
C1CCC(CCCC2CCC(CCC3CCCCC3)CC2)CC1
C1CCC(CCC2CCC(CCC3CCCC(CC4CCCC4)C3)CC2)CC1
C1CCC(CCCCCC2CCCC3C(C4CCCCC4)CCC23)CC1
C(CCC1CCCC2CCCCC12)CC1CC2CCCCC2C1
C1CCC2CCC3C4CCC(CCCC5CC6CCCCC6C5)C4CCC3C2CC1
C1CCC2CC(C3CCCC4CCCC43)CCC2C1
C1CCC2CCC3C4CCCC4CCC3C2CC1
C1CCC(CCC2CCC(C3CC3)CC2)CC1
C1CCC(CC2CCCC(CC3CC4CCCCC4C4CCC5CCCCC5C34)C2)C1
C1CCC(CCCC(CCC2CCC3CCCC3C2)CC2CCCCC2)CC1
C1CCC(CC2CC3CCCCC3C2C2CCCCC2)CC1
C1CCC2CCC3C4CCCC4CCC3C2CC1
C1CCC(CCCCCC2CCCC3C(C4CCCCC4)CCC23)CC1
C1CCC2C(C1)CCC1C2CCC2C3CCCC3CCC21
C1CCC2CC(C3CCCC4CCCC43)C3CCCC3C2CC1
C1CCC2CC(C3CCCC4CCCC43)CCC2C1
C1CCC(C2CCC3CC4C(CC5CC6CCCCC6C5)CCCC4CC32)CC1
C1CCC2CCC(C3CCCC4CCCC43)CC2CC1
C1CCC(CCCCCC2CC3CCCCC3C2)CC1
C1CCC2CCC3C4CCCCC4CC(CC4CCCC4)C3C2CC1
C(CCC1CCCC2CCCCC12)CC1CCC2CCCCC2C1
C(CCC1CCC2CCCCC2C1)CCC1CCCC2CCCCC12
C1CCC2CCC3C4CCC(CCCC5CC6CCCCC6C5)C4CCC3C2CC1
C1CCC2CCC(C3CCCC4CCCC43)CC2CC1
C1CCC2CC(C3CCCC4CCCC43)CCC2C1
C1CCC(C2CCC3CCCC3C3CCC4CCCCC4C23)CC1
C1CCC(CCC2CCC3C(CCC3C3CCCCC3)C2)CC1
C1CCC(CCCCCC2CCCC3C(C4CCCCC4)CCC23)CC1
C1CCC2CCC(C3CCCC4CCCC43)CC2CC1
C(CCCC1CCCC2CCCCC12)CCC1CCC(C2CCCCC2)C1
C1CCC2CCC(C3CCCC4CCCC43)CC2CC1
C1CCC(CCC2CCCCC2)CC1
C1CCC(C2CCC3CC4(CCCCC4C4CCCCC4)CCCC32)CC1
C1CCC(CCC2CCC3C(CCC4CC(C5CCCCC5)CCC43)C2)CC1
C1CCC(C2CCC3CC4C(CCCC45CCCC5)CC32)CC1
C1CCC2CCC(C3CCCC4CCCC43)CC2CC1
C1CCC(CCCCCC2CCCC3C(CC4CCCCC4)CCC23)CC1
C(CCC1CCCC2CCCCC12)CCC1CCCC2CCCCC12
C1CCC(CCCCCC2CC3CCCCC3C2)CC1
C1CCC(CCC2CCC(CCCC3CCCC(CC4CCCC4)C3)CC2)CC1
C1CCC(CCCCC2CCC3CCC(C4CCCC5CCCC54)CC3C2)CC1
C(CCCC1(C2CCCCC2)CCC1)CCC1CCC(C2CCCCC2)C1
C1CCC(C2CCC3CC4C(CCC5C6CCCC(CCCC7CC8CCCCC8C7)C6CCC45)CC32)CC1
C1CCC2C(C1)CCC1C3CCCC3CCCC21
C1CCC(C2CCC3CC4C(CCCC5C6CCC(CCCC7CC8CCCCC8C7)C6CCC45)CC32)CC1
C1CCC(C2CCC3CC4C(CCC5C6CCC(CCCC7CCC8CCCCC8C7)C6CCCC45)CC32)CC1
C1CCC(CCC(CC2CCCCC2)C2CCCCC2)CC1
C1CCC(CCC2CCC3C(CCC3CC3CCCC(CC4CCCC4)C3)C2)CC1
C1CCC2CC(C3CCCC4CCCC43)C3CCCC3C2CC1
C1CCC2CCC(C3CCCC4CCCC43)CC2CC1
C1CCC2CCC3CCCCC3C2CC1
C1CCC(CCCCC2CCC3CCCCC23)CC1
C1CCC(CCCCCC2CC3CCCCC3C2)CC1
C1CCC(C2CCC3CCCC3C3CCC4CCCCC4C23)CC1
C1CCC(C2CCC3CC4C(CCCC45CCCC5)CC32)CC1
C1CCC2CCC3C4CCCCC4CC(CC4CCCC4)C3C2CC1
C1CCC(CC2CC3CCCCC3C3CCC4CCCCC4C23)CC1
C1CCC(C2CCC3CC4CCCCC4CCC32)CC1
C1CCC2CCC3C4CCCCC4CC(CC4CCCC4)C3C2CC1
C1CCC(C2CCC3CCCC3C3CCC4CCCCC4C23)CC1
C1CCC(CC2CC3CCCCC3C3CCC4CCCCCC4C23)CC1
C1CCC(C2CC3CCCC(C3)C3CCC4CCCCC4C32)CC1
C1CCC2CC(C3CCCC4CCCC43)CCC2C1
C1CCC(CCCC2CCC3CCC(C4CCCC5CCCC54)CC3C2)CC1
C(CCC1CCCC2CCCC12)CC1CC2CCCCC2C1
C1CCC(CCCCC2CC3CCCCC3C2)CC1
C1CCC(CCCCC2CCC3CCCCC23)CC1
C1CCC(CCCC(CCC2CCC3CCCC3C2)CC2CCCCC2)CC1
C1CCC(CC2CC3CCCCC3C3CCC4CCCCC4C23)CC1
C1CCC(C2CCC3CC4C(CCCC45CCCC5)CCC32)CC1
C(CCC1CCCC2CCCCC12)CCC1CCCC2CCCCC12
C1CCC(CCC2(CCCC3CC4CCCCC4C3)CCC3C4CCC5CCCCC5C4CCC32)C1
C1CCC2C(C1)CCC1C3CCCC3CCCC21
C1CCC(C2CCC3CC4C(CCCC45CC(C4CCCCC4)C(C4CCCCC4)C5)CC32)CC1
C1CCC(CCCCC2CC3CCCCC3C2)CC1
C1CCC(CCCCC2CC3CCCCC3C2)CC1
C1CCC(C2CCC3CC4C(CCC5C6CCC(CCCC7CC8CCCCC8C7)C6CCC45)CC32)CC1
C1CCC(CCC2CCC(CC3CC3)CC2)CC1
C1CCC(C2CC3CCCC3C3CCC4CCCCC4CC23)CC1
C1CCC(CCCCC2CC3CCCCC3C2)CC1
C1CCC2C(C1)CCC1C2CCC2C3CCCC3CC21
C1CCC(CCC2CCC3C(CCC3C3CCCC(CC4CCCC4)C3)C2)CC1
C1CCC2CCC3C4CCC(CCCC5CCCC6CCCCC65)C4CCC3C2CC1
C1CCC2C(C1)CCC1C3CCCC3CCCC21
C1CCC(CCCCC2CC3CCCCC3C2)CC1
C1CCC2CCC3C4CCCCC4CC(CC4CCCC5CCCCC54)C3C2CC1
C1CCC(C2CCC3CC4CCCCC4CCC32)CC1
C1CCC(CCCCCC2CCCC3CCCC23)CC1
C1CCC(CCC2CCCCC2)CC1
C1CCC(CCCC2(CCC3CCCC3)CCC3C4CCC5CCCCCC5C4CCC32)CC1
C1CCC(CC2CC3CCCCC3C3CCC4CCCCCC4C23)CC1
C1CCC(CC2CC3CCCCC3C3CCC4CCCCCC4C23)CC1
C1CCC(C2C3CCCC3CC3CC4CCCC4CC32)CC1
C1CCC(CCCCC2CCCC3CCC(C4CCCC5CCCC54)CC23)CC1
C1CCC(CC23CCCCC2CCC2C4CCCC4CCC23)CC1
C1CCC(CCCCC2CC3CCCCC3C2)CC1
C1CCC(CC2CCC(CC(CC3CCCCC3)C3CCCCC3)CC2)CC1
C1CCC(C2CCC3C(CCC4CCCCC43)C2)CC1
C1CCC(CCC(CC2CCCCC2)C2CCCCC2)CC1
C1CCC(CCCC2CCCC(C3CCC4CC(CCC5CCC6CCCCCC6C5)CCC43)C2)CC1
C1CCC(C2CCC3C(CCCCCC4CCC4)CCCC23)CC1
C1CCC(C2CCC3CC4C(CCC5C6CCC(CCCC7CC8CCCCC8C7)C6CCCC45)CC32)CC1
C(CCCC1CCCC2C(C3CCCCC3)CCC12)CCC1CCCCC1
C1CCC(CCC2(CCCC3CC4CCCCC4C3)CCC3C4CCC5CCCCC5C4CCC32)C1
C1CCC(CC2CC3CCCCC3C3CCC4CCCCC4C23)CC1
C1CCC(C2CCC(CCCCCC3(C4CCCCC4)CCC3)C2)CC1
C1CCC(CCC2CCC(C3CCC4C(CCC4C4CCCCC4)C3)CC2)CC1
C1CCC(CCCCC2CC3CCCCC3C2)CC1
C1CCC(CCC2CCC3C(CCC3C3CCCCC3)C2)CC1
C1CCC(C2CCC3CC4CCCCC4CCC32)CC1
C1CCC(C2CCC3CC4C(CCC5C6CCCC(CCCC7CCC8CCCCC8C7)C6CCC45)CC32)CC1
C1CCC(CCCC(CC2CC3CCCCC3C2)C2CC2)CC1
C1CCCC(C2CCC3CC4C(CCC5C6CCCC6CCC45)CC32)CC1
C1CCC(CCCCCC2CCCC3C(CC4CCCCC4)CCC23)CC1
C1CCC(CCCCC2CC3CCCCC3C2)CC1
C1CCC(CCC2CCC3CC4C(CCC5CCCCC5)CC5CCCC5C4CCC3C2)CC1
C1CCC(C2CCC3CC4C(CCC45CCCCC5)CC32)CC1
C1CCC2C(C1)CCCC1C2CCC2C3CCCC3CC21
C1CCC(C2CC3CCCC3C3CCC4CCCCC4C23)CC1
C1CC2CCC3C(CCC4CCC5CC5C43)C2C1
C1CCC(CCCCCC2CCCC3C(C4CCCCC4)CCC23)CC1
C(CCCCC1CCC(C2CCCCC2)C1)CCCC1CCCCC1
C1CCC(C2CC3CCCC3C3CCC4CCCCC4C23)CC1
C1CCC(CCCCCC2CCCC3C(C4CCCCC4)CCC23)CC1
C1CCC(CCCCCC2CC3CCCCC3C2)CC1
C1CCC2CCC3C4CCCC4CCC3C2CC1
C(CCCC1CCCC2C(C3CCCCC3)CCC12)CCC1CCCCC1
C1CCC(CCCCC2CC3CCCCC3C2)CC1
C1CCC(C2CC3CCCC3C3CCC4CCCCC4C23)CC1
C1CCC(CCCCCC2CC3CCCCC3C2)CC1
C1CCC(CCCCCC2CCCC3C(C4CCCCC4)CCC23)CC1
C1CCC(C2CC3CCCC3C3CCC4CCCCC4C23)CC1
C1CCC2C(C1)CCC1C3CCCCC3CCC21
C1CCC(C2CCC3CC4C(CCCC5C6CCC(CCCC7CC8CCCCC8C7)C6CCC45)CC32)CC1
C1CCC(CCC2CCC3C(CCC3C3CCCCC3)C2)CC1
C1CCC(CCCCC2CCC3CCCCC23)CC1
C(CCC1CC2CCCCC2C1)CCC1CCCC2CCCC12
C(CCC1CCCC2CCCC12)CC1CC2CCCCC2C1
C1CCC2CCC(C3CCCC3)CC2CC1
C1CCC(CCCCCC2CC3CCCCC3C2)CC1
C1CCC2C(C1)CCC1C3CCCC3CCC21
C1CCC(CC2CC3CCCCC3C3CCC4CCCCCC4C23)CC1
C(CCCCC1CCC2C(CCC3C4CCCC4CCC23)C1)CCCC1CCCC(CC(CC2CCC(CC3CCCCC3)CC2)C2CCCCC2)C1
C1CCC2C(C1)CCC1C3CCCC3CCC21
C1CCC(C2CC3C(CCC4CC4)CCC3C3CCC4CCCCCC4C23)CC1
C1CCC(CCCCCC2CCCC3C(CC4CCCCC4)CCC23)CC1
C1CCC(C2CCC3C(CCC4CCCCC43)C2)CC1
C1CCC2CC(CCCC3CCC4C3CCC3C5CCCCC5CCC43)CC2C1
C1CCC(C2CCC3C(CCC4CCCCC43)C2)CC1
C1CCC(CCCCCC2CC3CCCCC3C2)CC1
C1CCC(CC2CC3CCCCC3C3CCC4CCCCC4C23)CC1
C1CCC2CC(CCCC3CCC4C3CCCC3C5CCCCC5CCC34)CC2C1
C1CCC(C2CCC3CC4C(CCC5C6CCCC(CCCC7CCC8CCCCC8C7)C6CCC45)CC32)CC1
C1CCC2CCC3C4CCC(CCCC5CC6CCCCC6C5)C4CCC3C2CC1
C1CCC(C2CCC(CCCCCC3(C4CCCC4)CCCCC4CCCCC43)C2)CC1
C1CCC(CC2CC3CCCCC3C3CCC4CCCCCC4C23)CC1
C1CCC(CCC2CCC3C(CCC4C5CCCC5CCC34)C2)CC1
C1CCC2C(C1)CCC1C2CCC2C3CCCC3CC21
C1CCC(CC23CCCCC2CCC2C4CCCC4CCCC23)CC1
C1CCC(CCCCCC2CC3CCCCC3C2)CC1
C1CCC2C(C1)CCC1C3CCCCC3CCC21
C1CCC2C(C1)CCC1C3CCCC3CCCC21
C(CCC1CCCC2CCCCC12)CC1CCCC2CCCCC12
C1CCC(C2CCC(CCCCCC3CCCC4CCCCC34)C2)CC1
C1CCC(CCCCCC2CCCC3C(C4CCCCC4)CCC23)CC1
C1CCC(CCC2CCC3C(CCC3C3CCCCC3)C2)CC1
C1CCC2CCC(C3CCCC4CCCC43)CC2CC1
C1CCC(CCCCC2CC3CCCCC3C2)CC1
C1CCC2CC(C3CCCC4CCCC43)CCC2C1
C1CCC2CCC3CCCCC3C2CC1
C1CCC(C2CCC3CC4C(CCC5C6CCC(CCCCC7CCC8CCCCC8C7)C6CCC45)CC32)CC1
C1CCC2CC(CCCC3CCC4C3CCCC3C5CCCCC5CCC34)CC2C1
C1CCC(C2CC3CCCC3C3CCC4CCCCC4C23)CC1
C(CCCC1CCCC2C(C3CCCCC3)CCC12)CCC1CCCCC1
C1CCC(CCCCCC2CCCCC2)CC1
C1CCC2CC(C3CCCC4CCCC43)CCC2C1
C1CCC(C2CCC3CC4C(CCC45CCCCC5)CC32)CC1
C1CCC(CCCCC2CCC3CCCCC23)CC1
C1CCC(C2CCC3CC4C(CCCC45CCCCC5)CC32)CC1
C1CCC(C2CC3CCCC3C3CCC4CCCCC4C23)CC1
C1CCC(C2CCC3CC4C(CCC5C6CCCC6CCC45)CC32)CC1
C1CCC(C2CC3CCCC3C3CCC4CCCCC4C23)CC1
C1CCC(C2CCC3CC4C(CCC5C6CCC(CCCC7CCC8CCCCC8C7)C6CCCC45)CC32)CC1
C(CCCC1CCCC2C(C3CCCCC3)CCC12)CCC1CCC(C2CCCC2)C1
C1CCC(CC2CC3CCCCC3CC3CCC4CCCCC4C32)CC1
C1CCC2CCC3CCCCC3C2CC1
C1CCC(CCC2CCCCC3CC4C(CCC4C4CCCCC4)CC23)CC1
C1CCC(CCC2CCC(C3CC3)CC2)CC1
C1CCC(C2CCC3CC4C(CCCC5C6CCC(CCCC7CC8CCCCC8C7)C6CCC45)CC32)CC1
C1CCC(CCC2CCC3C(CCC3C3CCCCC3)C2)CC1
C1CCC2CCC(CCC3CCC4C(CCC4C4CCCC(CC5CCCC5)C4)C3)CC2CC1
C1CCC(CC2CC3CCCCC3CC3CCC4CCCCC4C32)CC1
C1CCC(CC2CCC3CC4C(CCC45CCC(C4CCCCC4)C5)CC23)CC1
C1CCC(CC2CC3CCCCC3C3CCC4CCCCC4C23)CC1
C1CCC(C2CCC3CCCCC3C3CCCCC23)CC1
C1CCC2CCC3C4CCCC4CCC3C2CC1
C1CCC(C2CC3CCCC3C3CCC4CCCCC4C23)CC1
C1CCC(C2CCC3CC4C(CCC5C6CCC(CCCCC7CCC8CCCCC8C7)C6CCC45)CC32)CC1
C1CCC(C2CCC3CC4C(CCCC45CCCCCC5)CC32)CC1
C(CCC1CCC(CC2CCCC2)C1)CCC1CCCC2CCCCC12
C1CCC(C2CC3CCCC3C3CCC4CCCCC4C23)CC1
C1CCC2CCC(C3CCCC4CCCC43)CC2CC1
C1CCC(CCCCCC2CCC3C2CCC2C4CCCCC4CCC32)CC1
C1CCC(CCCCC2CCC3CCCCC23)CC1
C1CCC2CCC3C4CCC(CCCC5CC6CCCCC6C5)C4CCC3C2CC1
C1CCC2CC(CC3CCCC4CCCC43)CCC2C1
C1CCC(CCCCCC2CCCC3C(C4CCCCC4)CCC23)CC1
C1CCC(CCCC(CC2CC3CCCCC3C2)C2CC2)CC1
C1CCC2CCC(C3CCCC4CCCC43)CC2CC1
C1CCC(C2CC3CCCC3C3CCC4CCCCCC4C23)CC1
C(CC1CCC2CCCCC2C1)CC1CCC2CCC(C3CCCC4CCCC43)CC2C1
C1CCC2C(C1)CCCC1C3CCCC3CCC21
C1CCC(C2CC3CCCC3C3CCC4CCCCC4C23)CC1
C1CCC(C2CCC3CC4C(CCC5C6CCC(CCCCC7CC8CCCCC8C7)C6CCC45)CC32)CC1
C1CCC(CCC2CCC3C(CCC4C5CCCC5CCC34)C2)CC1
C1CCC(CCC2CCC3C(CCC3C3CCCCC3)C2)CC1
C1CCC(CCC2CCC3C(CCC3C3CCCCC3)C2)CC1
C1CCC(CCCCC2CCC3CCC(C4CCCC5CCCC54)CC3C2)CC1
C1CCC(CCC2CCC3C(CC4CCCCC4)CCC3C2)CC1
C(CCC1CCCC2CCCCC12)CC1CCC2CCCCC2C1
C1CCC(CCC2CCC(C3CCC4C(CCC4C4CCCCC4)C3)CC2)CC1
C1CCC(CC2CCC3CCC(C4CCCC4)C3C2)C1
C(CCCC1CCC(CC2CCCCC2)C1)CCC1CCCCC1
C1CCC(CCCCCC2CCCCC2)CC1
C1CCC(CC2CCC(CCC(CC3CCCCC3)C3CCCCC3)CC2)CC1
C(CCC1CCCC2CCCCC12)CC1CCCC2CCCCC12
C1CCC(CCC2CCC(C3CC3)CC2)CC1
C1CCC(CCCC2CCC3CCC(C4CCCC5CCCC54)CC3C2)CC1
C1CCC(C2CCC3CC4CCCCC4CC32)CC1
C1CCC(CCCCC2CCC3CCCCC3C2)CC1
C1CCC2C(C1)CCC1C3CCCC3CCC21
C(CCCCC1CCC2C(CCC3C4CCCC4CCC23)C1)CCCC1CCCC(CC(CC2CCC(CC3CCCCC3)CC2)C2CCCCC2)C1
C1CCC(CCC2CCC3C(CCC3C3CCCCC3)C2)CC1
C1CCC(CCCCCC2CCCC3C2CCC3C2CCC(CC3CC3)CC2)CC1
C1CCC2CC(C3CCCC4CCCC43)CCC2C1
C1CCC(CC2CCC(CC(CC3CCCCC3)C3CCCCC3)CC2)CC1
C1CCC2CCC(C3CCCC4CCCC43)CC2CC1
C1CCC(C2CC3CCCC3C3CCCC4CCCCC4C23)CC1
C1CCC(CCC2CCC(CCC3CCCC(CC4CCCCC4)C3)CC2)CC1
C(CCC1CCCC2CCCCC12)CC1CC2CCCCC2C1
C(CCCC1CCCC2C(C3CCCCC3)CCC12)CCC1CCCCC1
C1CCC2C(C1)CCC1C3CCCC3CCC21
C1CCC(CC2CCC(CC(CC3CCCCC3)C3CCCCC3)CC2)CC1
C(CCC1CC2CCCCC2C1)CCC1CCCC2CCCC12
C1CCC(CC2CC3CCCCC3C3CCC4CCCCC4C23)C1
C1CCC(CCCCC2CC3CCCCC3C2)CC1
C1CCC(CCCCC2CCC3C2CCC2C4CCCCC4CCC32)CC1
C1CCC2CCC(C3CCCC4CCCC43)CC2CC1
C1CCC(C2CCC3CCCC3C3CCC4CCCCC4C23)CC1
C1CCC(CCCCC2CCC3CCCCC23)CC1
C1CCC(C2CC3CCCC3C3CCCC4CCCCC4C23)CC1
C1CCC2CCC3C4CCCCC4CC(CC4CCCC(C5CCCC5)C4)C3C2CC1
C1CCC(CCC2(CCCC3CC4CCCCC4C3)CCC3C4CCCC5CCCCC5C4CCC32)C1
C1CCC(CCC2CCC3C(CCC3C3CCCCC3)C2)CC1
C1CCC(CC2CC3CCCCC3CC3CCC4CCCCC4C32)CC1
C1CCC(CC2CCC3C(CCCCCC4CCC(C5CCCC5)C4)CCCC23)CC1
C1CCC(C2CC3CCCC3C3CCC4CCCCC4C23)CC1
C1CCC(C2CC3CCCCC3C3CCCCC3C2)CC1
C1CCC(CCC2CCC3C(CC4CCCCC4)CCC3C2)CC1
C1CCC2CCC(C3CCCC4CCCC43)CC2CC1
C1CCC(C2CCC3CC4C(CCC5C6CCC(CCCCC7CC8CCCCC8C7)C6CCC45)CC32)CC1
C1CCC2C(C1)CCCC1C3CCCC3CCC21
C(CCCC1CCCC2C(C3CCCCC3)CCC12)CCC1CCCCC1
C(CCC1CCC2C1CCC1C3CCCCC3CCC21)CC1CCC2CCCCC2C1
C1CCC(CCC2CCC3C(CCC3C3CCCCC3)C2)CC1
C(CCCC1CCCC2C(C3CCCCC3)CCC12)CCC1CCCCC1
C1CCC2CCC(C3CCCC4CCCC43)CC2CC1
C1CCC(CCCC2CCC3C(CCC3C3CCCCC3)C2)CC1
C1CCC(C2CCC3CC4C(CCCC5CC5)CCCCC4CC32)CC1
C1CCC(C2CCC3CCC4C(CCC45CCCCC5)CC32)CC1
C1CCC2CC(C3CCCC4CCCC43)CCC2C1
C1CCC(CC2CCC3C(CC4CCCCC4)CCC3C2)CC1
C1CCC(C2CCC3CC4C(CCCC45CCCC5)CC32)CC1
C1CCC(CCC2CCCCC3CCC(C4CCCC5CCCC54)CC23)CC1
C1CCC(CC2CCC(CC(CC3CCCCC3)C3CCCCC3)CC2)CC1
C1CCC(CCCCC2CC3CCCCC3C2)CC1
C1CCC(CCCCC2CC3CCCCC3C2)CC1
C1CCC2C(C1)CCC1C3CCCC3CCC21
C1CCC2CC3CCC4CCCC4C3CCC2C1
C1CCC(C2CCC(CCCCCC3CCCC4CCCCC34)C2)CC1
C1CCC(CCCCCC2CCC3CCCCC23)CC1
C1CCC(CCCCCC2CCCC3C(C4CCCCC4)CCC23)CC1
C(CCC1CCCC2CCCCC12)CC1CC2CCCCC2C1
C1CCC2C(C1)CCC(C1CCCC1)C1CCCCC21
C1CCC2CCC(C3CCCC4CCCC43)CC2CC1
C1CCC2CCC(C3CCCC4CCCC43)CC2CC1
C1CCC(CCCCC2CC3CCCCC3C2)CC1
C1CCC(C2CC3CCCCC3C3CCCCC3C2)C1
C1CCC(CCCCC2CCC3CCCCC23)CC1
C1CCC2CCC(C3CCCC4CCCC43)CC2CC1
C1CCC(CCC2CCC3C(CCC4C5CCCC5CC(CCC5CCCCC5)C34)C2)CC1
C1CCC2C(C1)CCC1C3CCCCC3CCC21
C1CCC(CCCC2CCC3CCC(C4CCCC5CCCC54)CC3C2)CC1
C1CCC2CCC3C4CCCC4CCC3C2CC1
C1CCC(C2CCC3CC4C(CCC45CCCCC5)CC32)CC1
C(CCC1CCCC2CCCCC12)CC1CCC2CCCCC2C1
C1CCC(C2CCC3CC4C(CC5CC6CCCCC6C5)CCCC4CC32)CC1
C1CCC2CC(CC3CCCC4CCCC43)CCC2C1
C1CCC(CCC(CCC2CCC3CCCC3C2)CC2CCCCC2)CC1
C1CCC(C2CC3CCCC3C3CCC4CCCCCC4C23)CC1
C1CCC(C2CC3CCCC3C3CCC4CCCCC4C23)CC1
C1CCC(CC2CCC3CC4C(CCC5C6CCC(CCCC7CC8CCCCC8C7)C6CCC45)CC23)CC1
C1CCC(C2CC3C(CCC34CCCC4)C3CCC4CCCCC4C23)CC1
C1CCC2CCC3C4CCCC4CCC3C2CC1
C(CCC1CCCC2CCCCC12)CC1CCC2CCCCC2C1
C1CCC(C2CCC3CC4(CCCCCC4C4CCCCC4)CCC32)CC1
C(CCCCC1CCC(C2CCCCC2)C1)CCCC1CCC2CCCC2C1
C1CCC(CCCC2CCCC3CCC(C4CCCC5CCCC54)CC3C2)CC1
C1CCC2CCC3C4CCCCC4CC(CC4CCCC4)C3C2CC1
C1CCC(CCCC(CC2CC3CCCCC3C2)C2CCCC2)CC1
C1CCC(CCCCCC2CCC3CCCCC23)CC1
C1CCC(CCCCC2CCC3C2CCCC2C4CCCCC4CCC23)CC1
C1CCC2C(C1)CCCC2CCCC1CCC2C1CCC1C3CCCCC3CCC21
C1CCC2CC(CCCC3CCC4C3CCC3C5CCCCC5CCCC43)CC2C1
C1CCC(C2CC3CCCC3CC3CCC4CCCCC4C32)CC1
C1CCC(CCCC2CCC3C2CCC(C2CCCCC2)C2C4CCCCC4CCC32)CC1
C(CCC1CCC2CCCCC2C1)CCC1CCCC2CCCCC12
C1CCC(C2CCCC3C(CCC4CCCCC43)C2)CC1
C1CCC2CCC(C3CCCC4CCCC43)CC2CC1
C1CCC(C2CC3CCCC3C3CCC4CCCCC4C23)CC1
C(CCC1CCCC2CCCCC12)CC1CCCC2CCCCC2C1
C1CCC2CCC(C3CCCC4CCCC43)CC2CC1
C(CCCC1CCCC2C(C3CCCCC3)CCC12)CCC1CC1
C1CCC(C2CC3CCCC3C3CCC4CCCCC4C23)CC1
C(CCC1CCCC2CCCCC12)CC1CCC2CCCCC2C1
C1CCC(CCCCCC2CC3CCCCC3C2)CC1
C1CCC(C2CC3CCCC3C3CCC4CCCCCC4C23)CC1
C1CCC(CCCC2CCC3C(CCC4C5CCCC5CCC34)C2)CC1
C1CCC2CC(CC3CCCC4CCCC43)CCC2C1
C1CCC2CCC(C3CCCC4CCCC43)CC2CC1
C1CCC(CCC2CCC(C3CC3)CC2)CC1
C1CCC(CCCCCC2CCC3CCCCC23)CC1
C1CCC(CCC2CCC3C(CCC3C3CCCCC3)C2)CC1
C1CCC(CC2CCC3C(CCC3C3CCCCC3)C2)CC1
C1CCC(C2CCC3CCC4C(CCC5C6CCCC6CCC45)CC32)CC1
C1CCC(CCC2CCC3C(CCC4CCCCC43)C2)CC1
C1CCC2CC(C3CCCC4CCCC43)CCC2C1
C1CCC2C(C1)CCC1CCCCC12
C1CCC(CCC2CCC(CC3CCC4C(CCC4C4CCCCC4)C3)CC2)CC1
C1CCC(C2CC3CCCC3C3CCCC4CCCCC4C23)CC1
C1CCC(CCC2CCC(C3CCC4C(CCC4C4CCCCC4)C3)CC2)CC1
C1CCC(CCC(CCCC2CCC3CCCC3C2)CC2CCCCC2)CC1
C1CCC(CCC2CCC3C(CCC3C3CCCCC3)C2)CC1
C1CCC(CCCCC2CC3CCCCC3C2)CC1
C1CCC(C2CCC(C3CC4CCCC4C4CCC5CCCCC5C34)CC2)CC1
C1CCC(C2CC3CCCCC3C3CCC4CCCCC4C23)CC1
C1CCC(CCC2CCC3C(CCC3C3CCCCC3)C2)CC1
C1CCC2C(C1)CC(C1CCCC3CCCC31)C1CCCC21
C1CCC2C(C1)CCC1C3CCCC3CCC21
C1CCC2CC(CCCC3CCC4C3CCCC3C5CCCCC5CCC34)CC2C1
C1CCC(CCC2CC3CCCCC3C3CCC4CCCCC4C23)CC1
C1CCC(C2CCC3CC4C(CCCC5C6CCCC6CCC45)CC32)CC1
C1CCC(C2CC3CCCCC3C3CCC4CCCCC4C23)CC1
C1CCC(C2CCC3CC4C(CCCC45CCCC5)CC32)CC1
C1CCC(C2CCC3CC4C(CCC32)CCC2C3CCC(CCCC5CCC6CCCCC6C5)C3CCC42)CC1
C1CCC2CCC3C4CCC(CCCC5CC6CCCCC6C5)C4CCC3C2CC1
C1CCC2CC(CCCC3CCC4C3CCC3C5CCCCC5CCCC43)CCC2C1
C1CCC(CCCCCC2CCCC3C(C4CCCCC4)CCC23)CC1
C1CCC2C(C1)CCC1C3CCCC3CCC21
C1CCC(C2CCC3CC4C(CCC45CCCCC5)CC32)CC1
C1CCC(CCCCCC2CC3CCCCC3C2)CC1
C1CCC2C(C1)CCCC2CCCC1CCCC2CCCCC21
C(CCC1CCCC1)CCC1CCCC2CCCCC12
C1CCC2CCC3C(CCC4C5CCCC5CC43)C2CC1
C1CCC(C2CCC3CC4CCCCC4CC32)CC1
C1CCC(CCC2CCCC3CC4C(CC5CCCCC5)CCC4CC23)CC1
C(CC1CCC2CCCC2C1)CC1CCCC2CCC(C3CCCC4CCCC43)CC2C1
C1CCC(C2CCC(CCCC3CCC4C3CCCC3C5CCCCC5CCC34)C2)CC1
C1CCC2CC(C3CCCC4CCCC43)CCC2C1
C1CCC(CCCCCC2CC3CCCCC3C2)CC1
C1CCC2C(C1)CCCC1C2CCC2C3CCCC3CC21
C1CCC(C2C3CCCC3CC3CC4CCCCC4CC32)CC1
C(CCC1CCCC2CCCCC12)CC1CCC2CCCCC2C1
C1CCC(CCC2CCC3C(CCC3C3CCCCC3)C2)CC1
C(CCCC1CCCCC1)CCCC1CCC(C2CCCCC2)C1
C1CCC(CC2CC3CCCCC3C3CCC4CCCCCC4C23)CC1
C1CCC(CCC2CCC3C(CCC3C3CCCCC3)C2)CC1
C1CCC2CCC(C3CCCC3)CC2CC1
C1CCC(CCCCC2CC3CCCCC3C2)CC1
C1CCC(C2CCC3CC4C(CCC45CCCC5)CC32)CC1
C1CCC(C2CC3CCCC3C3CCCC4CCCCC4C23)CC1
C1CCC(CCCC(CCC2CCC3CCCC3C2)CC2CCCCC2)CC1
C1CCC(CCCCC2CCC3CCCC3C2)CC1
C1CCC(C2CCC3CC4C(CCC45CCCCC5)CC32)CC1
C1CCC2C(C1)CCC1C3CCCC3CCC21
C1CCC(C2CCC3CCC4C(CCC5C6CCC(CCCC7CCC8CCCCC8C7)C6CCC45)CC32)CC1
C1CCC(CCCC2CCCC(C3CCC4CC(CCC5CCC6CCCCC6C5)CCC43)C2)CC1
C1CCC(C2CCC(C3CC4CCCC4C4CCC5CCCCC5C34)CC2)C1
C1CCC2CCC3C4CCC(CCCC5CC6CCCCC6C5)C4CCC3C2CC1
C1CCC(C2CCC3CC4C(CCC45CCCCC5)CC32)CC1
C1CCC(CC2CCC3C(CCC3C3CCCCC3)C2)CC1
C1CCC(CCCCC2CC3CCCCC3C2)CC1
C1CCC(C2CCC3CC4C(CCCC45CC(C4CCCCC4)C(C4CCCCC4)C5)CC32)CC1
C1CCC2CCC(C3CCCC4CCCC43)CC2CC1
C1CCC2C(C1)CCC1C3CCCC3CCC21
C1CCC(C2CC3CCCC3C3CCC4CCCCC4C23)CC1
C1CCC(CCC2CCC3C(CCC3C3CCCCC3)C2)CC1
C1CCC2CCC(C3CCCC4CCCC43)CC2CC1
C1CCC2C(C1)CCC1C3CCCC3CCC21
C1CCC(CC2CCCC(C3CCC4CC(CCC5CCC6CCCCC6C5)CCC43)C2)CC1
C1CCC2CCC3C4CCC(CCCC5CCC6CCCCC6C5)C4CCC3C2CC1
C1CCC(CCC2CC3CCCCC3C3CCC4CCCCC4C23)C1
C1CCC2CC(CCCC3CCCC4CCCCC43)CC2C1
C(CCCC1CCCCC1)CCCC1CCC(C2CCCCC2)C1
C1CCC2C(C1)CCCC1CCCCC12
C1CCC2CCC(C3CCCC4CCCC43)CC2CC1
C1CCC(C2CCC(C3CC4CCCC4C4CCC5CCCCC5C34)CC2)C1
C1CCC(C2CCC(C3CC4CCCC4C4CCC5CCCCC5C4C3)CC2)C1
C1CCC(CC(CC2CCCCC2)C2CCCCC2)CC1
C1CCC(C2CC3CCCC3C3CCC4CCCCCC4C23)CC1
C1CCC(CCC2CCCCC2)CC1
C1CCC(CCCCCC2CC3CCCCC3C2)CC1
C1CCC(CC2CC3CCCCC3C3CCC4CCCCCC4C23)CC1
C(CCCC1CCCCC1)CCC1CCCCC1
C(CCCC1CCCC2C(C3CCCCC3)CCC12)CCC1CCCCC1
C1CCC(C2CCC3C(CCCCCC4CCC(C5CCCC5)C4)CCCC23)CC1
C1CCC(CCCCC2CC3CCCCC3C2)CC1
C1CCC(C2CC3CCCC3C3CCC4CCCCCC4C23)CC1
C1CCC(CCCC2CCCC(C3CCC4CC(CCC5CCC6CCCCC6C5)CCC43)C2)CC1
C1CCC2CC3CCC4C5CCCC5CC4C3CCC2C1
C1CCC(C2CCC3C(CCCCCC4CCC(CC5CCCC5)C4)CCCC23)CC1
C1CCC2CCC3C4CCCCC4CC(CC4CCCC4)C3C2CC1
C1CCC(CCCCCC2CCCC3C(C4CCCCC4)CCC23)CC1
C1CCC(CCC2(CCCCC3CC4CCCCC4C3)CCC3C4CCC5CCCCC5C4CCC32)C1
C1CCC(CCC(CCC2CCCCC2)CCC2CCC3CCCC3C2)CC1
C1CCC(C2CC3CCCC3C3CCC4CCCCC4C23)CC1
C(CCCC1CCCC2C(C3CCCCC3)CCC12)CCC1CCCCC1
C1CCC(CCCCCC2CC3CCCCC3C2)CC1
C1CCC(CC23CCCCC2CCC2C4CCCC4CCC23)CC1
C1CCC(CCCCCC2CC3CCCCC3C2)CC1
C1CCC(C2CC(C3CCCCC3)CC3(CCCC4CC5C(CCC5C5CCCCC5)CC43)C2)CC1
C1CCC(C2(CCCCC3CCC4CCCCC4C3)CCCC3CCCCC32)CC1
C1CCC(CCCCCC2CCC3C2CCC2C4CCCCC4CCC32)CC1
C1CCC2CCC3C4CCCCC4CC(CC4CCCC4)C3C2CC1
C1CCC2CC(CC3CCCC4CCCC43)CCC2C1
C1CCC2CC3CCC4CCCCC4C3CCC2C1
C1CCC(CC2CC3CCCCC3C3CCC4CCCCC4C23)CC1
C1CCC(C2CCC(CCCCCC3CCCC4CCCCC34)C2)CC1
C1CCC2CC(C3CCCC4CCCC43)CCC2C1
C1CCC(CC2CC3CCCCC3C3CCC4CCCCCC4C23)CC1
C1CCC(CCCCCC2CCCC3C(C4CCCCC4)CCC23)CC1
C1CCC2CCC3C4CCC(CCCC5CC6CCCCC6C5)C4CCC3C2CC1
C1CCC2CC(CC3CCCC4CCCC43)CCC2C1
C(CCCC1CCCC2C(C3CCCCC3)CCC12)CCC1CCCCC1
C1CCC(CCC2CCCCC3CCC(C4CCCC5CCCC54)CC23)CC1
C1CCC2CC(C3CCCC4CCCC43)CCC2C1
C(CCCCC1CCC(C2CCCCC2)C1)CCCC1CCCCC1
C1CCC(C2CCC3CCC4CCCCC4C3CC2)CC1
C(CCCC1CCCCC1)CCCC1CCC(C2CCCCC2)C1
C1CCC(CCCCC2CC3CCCCC3C2)CC1
C(CCCC1CCCCC1)CCCC1CCC(C2CCCCC2)C1
C(CCCC1CCCC2C(C3CCCCC3)CCC12)CCC1CCCCC1
C1CCC(CC2CC3CCCCC3CC3CCC4CCCCC4C32)CC1
C1CCC(C2CCC3CC4C(CCC32)CCC42CCCCC2)CC1
C1CCC2CC(C3CCCC4CCCC43)CCC2C1
C1CCC(CCCC2CCCC(C3CCC4CC(CCC5CCC6CCCCC6C5)CCC43)C2)CC1
C1CCC2C(C1)CCC1C3CCCCC3CCC21
C(CCC1CCC2C1CCC1C3CCCCC3CCC21)CC1CC2CCCCC2C1
C1CCC(CC2CC3CCCCC3C3CCCC23)C1
C1CCC2CCC3C4CCC(CCCC5CC6CCCCC6C5)C4CCC3C2CC1
C1CCC(CCCCC2CCCC3CCC(C4CCCC5CCCC54)CC3C2)CC1
C1CCC2CC(C3CCCC4CCCC43)CCC2C1
C1CCC(CCCCCC2CC3CCCCC3C2)CC1
C1CCC(CCCCC2CCC3CCCCC23)CC1
C1CCC(C2CC3C(CCC34CCCC4)C3CCC4CCCCC4C23)CC1
C1CCC(CC2CCCCC2CCC2CC3CCCCC3C3CCC4CCCCC4C23)CC1
C1CCC(CC2CC3CCCCC3C3CCC4CCCCC4C23)C1
C1CCC(CC2CCC(CCC(CC3CCCCC3)C3CCCCC3)CC2)CC1
C(CCC1CCCC2CCCCC12)CC1CCC2CCCCC2C1
C1CCC(CCC2CC3CCCCC3C3CCC4CCCCC4C23)CC1
C1CCC(C2CC3C(CCC4CC4)CCC3C3CCC4CCCCC4C23)CC1
C(CCCC1CCCC2C(C3CCCCC3)CCC12)CCC1CCCCC1
C1CCC(C2CCC3C(CCCC4CCCCC43)C2)CC1
C1CCC(CCC2CCC(C3CCC4C(CCC4C4CCCCC4)C3)CC2)CC1
C1CCC(CCCCCC2CC3CCCCC3C2)CC1
C1CCC(C2CC3CCCC3C3CCC4CCCCC4CC23)CC1
C1CCC(CCC2CCC3C(CCC3C3CCCC3)C2)CC1
C(CCC1CCC2C1CCC1C3CCCCC3CCC21)CC1CC2CCCCC2C1
C(CCCC1CCCC2CCCCC12)CCC1CCCC1
C1CCC(CCC2CCCCC2)CC1
C1CCC(CCC2CCC3C(CCC3C3CCCCC3)C2)CC1
C1CCC(CC2CC3CCCCC3C3CCC4CCCCC4C23)CC1
C1CCC(CCCCC2CC3CCCCC3C2)CC1
C(CCC1CCCC2CCCCC12)CC1CC2CCCCC2C1
C1CCC(C2CCC3CC4C(CCC45CCCCCC5)CC32)CC1
C1CCC(CC2CCC3C(CC4CCCCC4)CCC3C2)CC1
C1CCC(CC(CC2CCCCC2)C2CCCCC2)CC1
C1CCC(CCCCCC2CC3CCCCC3C2)CC1
C1CCC(CCCCC2CCC3CCCCC23)CC1
C1CCC2C(C1)CCCC1C3CCCC3CCC21
C1CCC(CCCCC2CC3CCCCC3C2)CC1
C1CCC(C2CC3CCCC3C3CCC4CCCCC4C23)CC1
C1CCC2CCC(C3CCCC4CCCC43)CC2CC1
C1CCC2CCC3C4CCC(CCCC5CC6CCCCC6C5)C4CCC3C2CC1
C1CCC(CCCC2(CCCC3CC4CCCCC4C3)CCC3C4CCC5CCCCC5C4CCC32)C1
C1CCC(CCCC2CCC3C(CCC4C5CCCC5CCC34)C2)CC1
C1CCC(CCCCCC2CC3CCCCC3C2)CC1
C1CCC(CCC2CCC3C(CCC4C5CCCC5CCC34)C2)CC1
C(CCCCC1CCC(C2CCCCC2)C1)CCCC1CCCCC1
C1CCC(C2CCC3CC4C(CCC5C6CCC(CCCCC7CCC8CCCCC8C7)C6CCC45)CC32)CC1
C1CCC(CC2CCCCCCC23CCC2C(CCC2C2CCCCC2)C3)CC1
C1CCC(CCCC2CCC3C(CCC3C3CCCCC3)C2)CC1
C(CCCC1CCCC2CCCCC12)CCC1CCC(C2CCCCC2)C1
C1CCC(CCC2CCC3C(CC4CCCCC4)CCC3C2)CC1
C1CCC(CC2CCC3C(CCC3C3CCCCC3)C2)CC1
C1CCC(CCC2CCC3C2CCC(CC2CCCCC2)C2C4CCCCC4CCC32)CC1
C1CCC(CCC(CCC2CCC3CCCC3C2)CC2CCCCC2)CC1
C1CCC2CC(CCCC3CCC4C3CCC3C5CCCCC5CCCC43)CC2C1
C1CCC(CCCCCC2CC3CCCCC3C2)CC1
C1CCC(CCCCCC2CC3CCCCC3C2)CC1
C1CC2CCCC3C(CCC4CCC5CC5C43)C2C1
C1CCC(CCCCC2CC3CCCCC3C2)CC1
C1CCC(C2CCC3CC4C(CCCC5C6CCC(CCCC7CC8CCCCC8C7)C6CCC45)CC32)CC1
C1CCC(CCCCC2CC3CCCCC3C2)CC1
C(CCC1CCCC1)CCC1CCCCC2CCCCC12
C(CCC1CCCCC2CCCCC12)CC1CCC2CCCCC2C1
C(CCCC1CCCCC1)CCC1CCCCC1
C1CCC(CCCCC2CCC3CCCCC3C2)C2CCCCC2CC1
C1CCC(C2CCC3CCCC3C3CCC4CCCCCC4C23)CC1
C1CCC(C2CCC3CC4C(CCCC45CCCCC5)CC32)CC1
C1CCC(C2CC3CCCCC3CC3CCCCC32)CC1
C1CCC2CCC3C4CCC(CCCC5CC6CCCCC6C5)C4CCC3C2CC1
C1CCC2C(C1)CCC1C3CCCC3CCC21
C1CCC(CCC(CCC2CCC3CCCC3C2)CC2CCCCC2)CC1
C1CCC2CC(C3CCCC4CCCC43)C3CCCC3C2CC1
C1CCC2CC(C3CCCC4CCCC43)CCC2C1
C1CCC(C2CC3CCCC3C3CCCC4CCCCC4C23)CC1
C1CCC(C2CCC3CCC4C(CCC45CCCC5)CC32)CC1
C1CCC2C(C1)CCC1C3CCCC3CCC21
C1CCC2CCC3C4CCC(CCCC5CC6CCCCC6C5)C4CCC3C2CC1
C1CCC2CC(C3CCCC4CCCC43)CCC2C1
C1CCC(C2CC3CCCC3C3CCC4CCCCC4C23)CC1
C1CCC(C2CCC3CC4C(CCC45CCCCC5)CC32)CC1
C1CCC(C2CCC3CC4C(CCC45CCCCC5)CC32)CC1
C(CCCC1CCC2CCCC2C1)CCCC1CCC(C2CCCCC2)C1
C1CCC(CCC2CCCCC3CC4C(CCC4C4CCCCC4)CC23)CC1
C1CCC2CC(C3CCCC4CCCC43)CCC2C1
C(CCC1CCCCC2CCCCC12)CC1CCC2CCCCC2C1
C1CCC(CCC2CCC3C(CCC3C3CCCCC3)C2)CC1
C1CCC2C(C1)CCC1C3CCCC3CCC21
C1CCC(C2CCC(CCCC3CCC4C3CCCC3C5CCCCC5CCC34)C2)CC1
C1CCC(C2CC3CCCC3C3CCCC4CCCCC4C23)CC1
C1CCC2CC(CC3CCCC4CCCC43)CCC2C1
C1CCC(CCC2CCC3C(CCC3C3CCCC(CCC4CCCCC4)C3)C2)CC1
C1CCC(CCCCCC2CC3CCCCC3C2)CC1
C1CCC(C2CCC3CC4C(CCCCC5CC5)CCCC4CC32)CC1
C1CCC2C(C1)CCCC2CCCC1CCCC2CCCCC21
C1CCC2CCC(C3CCCC4CCCC43)CC2CC1
C1CCC(CC2CCC3C(CCC3C3CCCCC3)C2)CC1
C1CCC(C2CCC3CC4C(CCC45CCCC5)CC32)CC1
C1CCC(C2CCC3CC4CCCCC4CCC32)CC1
C1CCC(C2CCC3CC4C(CC5CCC6CCCCC65)CCCCC4CC32)CC1
C1CCC2CCC(C3CCCC4CCCC43)CC2CC1
C(CCC1CCCC2CCCCC12)CC1CC2CCCCC2C1
C1CCC(CCCC(CC2CC3CCCCC3C2)C2CC2)CC1
C(CCCC1CCCCC1)CCCC1CCC(C2CCCCC2)C1
C1CCC(CCCCCC2CCCC3C2CCC3C2CCCC(CC3CCC3)C2)CC1
C1CCC(CCCCC2CC3CCCCC3C2)CC1
C1CCC(CC2CC3CCCCC3C3CCC4CCCCC4C23)C1
C(CCC1CCC2CCCCC2C1)CC1CCCC2CCCCC2C1
C1CCC(CCCCCC2CC3CCCCC3C2)CC1
C1CCC(CCC2CCC3C(CCC3C3CCCC(CCC4CCCC4)C3)C2)CC1
C1CCC(C2CCC3CC4C(CCCC45CCCC5)CCC32)CC1
C1CCC(CCCCCC2CCCC3C(C4CCCCC4)CCC23)CC1
C1CCC(CCCCC2CC3CCCCC3C2)CC1
C1CCC(CC2CC3CCCCC3C2C2CCCCC2)CC1
C1CCC(CC2CC3CCCCC3C3CCC4CCCCC4C23)CC1
C1CCC2C(C1)CCC1C3CCCC3CCC21
C1CCC(CCCCCC2CC3CCCCC3C2)CC1
C1CCC(C2CCC(C3CC4CCCC4C4CCC5CCCCC5C34)CC2)C1
C1CCC2CCC3C4CCC(CCCC5CC6CCCCC6C5)C4CCC3C2CC1
C(CCCC1CCCC2C(C3CCCCC3)CCC12)CCC1CCCCC1
C1CCC2C(C1)CCC1C2CCC2C3CCCC3CC21
C1CCC2CC(CC3CCCC4CCCC43)CCC2C1
C1CCC(CC2CC3CCCCC3C3CCC4CCCCC4C23)C1
C1CCC(CCCC2CCC3C2CCC2C4CCCCC4CCC32)C1
C1CCC2C(C1)CCC1C3CCCC3CCC21
C1CCC(C2CCC3CC4C(CCC5C6CCCC6CCCC45)CC32)CC1
C1CCC(C2CCC3CC4C(CCC45CCCC5)CC32)CC1
C1CCC(C2CC3CCCC3CC3CCC4CCCCC4C32)CC1
C1CCC2CCC3CCCCC3C2CC1
C1CCC(CCC2CCC3C(CCC3C3CCCC3)C2)CC1
C1CCC(CCCCC2CCC3CCCCC23)CC1
C(CCCC1CCCC2C(C3CCCCC3)CCC12)CCC1CCC(C2CCCC2)C1
C1CCC(C2CCC3CC4CCCCC4CC32)CC1
C1CCC(CCCCCC2CCC3CCCCC23)CC1
C1CCC2CC3CCC(C4CCCCC4)C3CC2CC1
C1CCC(CCC2CCCCC3CC4C(CCC4C4CCCCC4)CC23)CC1
C1CCC2CCC3C4CCCC4CCC3C2CC1
C1CCC(CCCC2CCC3CCC(C4CCCC5CCCC54)CC3C2)CC1
C1CCC(CC2CCCC2CC2CC3CCCCC3C3CCC4CCCCCC4C23)CC1
C1CCC(C2CCC3CC4C(CCC45CCCCC5)CC32)CC1
C1CCC2C(C1)CCC1C2CCC2C3CCCC3CC21
C1CCC(CCCCCC2CCCC3CCCC23)CC1
C1CCC(CCC2CCC(CCC3CCCCC(CC4CCCC4)C3)CC2)CC1
C(CCCC1CCCC2C(C3CCCCC3)CCC12)CCC1CCCCC1
C(CCC1CCCC2CCCC12)CC1CC2CCCCC2C1
C(CCCCCCC1CCC(CCC2CCC(CCC3CCCC3)C2)C1)CCCCCCC1CCC2C1CCC1C3CCCCC3CCC21
C1CCC(CC2CCC3CC4C(CCC45CCCC5)CC23)CC1
C1CCC(CCCCCC2CCCC3C(C4CCCCC4)CCC23)CC1
C1CCC2CC(CCCC3CCC4C3CCCC3C5CCCCC5CCC34)CC2C1
C1CCC(C2CC3CCCCC3C3CCC4CCCCC4C23)CC1
C1CCC2CC(C3CCCC4CCCC43)CCC2C1
C1CCC(C2CC3CCCC3C3CCCC4CCCCC4C23)CC1
C1CCC(CCCC2CCC(C3CCCC4C(C5CCCCC5)CCC34)C2)CC1
C1CCC(C2CC3CCCC3C3CCC4CCCCC4C23)CC1
C1CCC(C2CCC3CCC4C(CCC5C6CCC(CCCC7CC8CCCCC8C7)C6CCC45)CC32)CC1
C1CCC(CCCCC2CC3CCCCC3C2)CC1
C1CCC(CCCC2(CCC3CCCC3)CCC3C4CCC5CCCCC5C4CCCC32)CC1
C1CCC2CCC(C3CCCC4CCCC43)CC2CC1
C1CCC(CCC2CCC(C3CCC4C(CCC4C4CCCCC4)C3)CC2)CC1
C1CCC(CCCCC2CCC3CCCCC23)CC1
C1CCC(CCCCC2CC3CCCCC3C2)CC1
C1CCC2C(C1)CCC1C3CCCCC3CCC21
C(CC1CCC2CCCC2C1)CC1CCC2CCC(CC3CCCC4CCCC43)CC2C1
C1CCC(C2CCC3CC4C(CCC45CCCCCC5)CC32)CC1
C1CCC(CCCCCC2CCCC3C(C4CCCCC4)CCC23)CC1
C1CCC(CCC2(CCCC3CC4CCCCC4C3)CCC3C4CCC5CCCCC5C4CCC32)C1
C1CCC(CCCC2CCCC3CC4C(CCC4C4CCCCC4)CC23)CC1
C1CCC(CC2CCC3C(CCC3C3CCCCC3)C2)CC1
C1CCC(C2CCC3C(CCC4CCCCC43)C2)CC1
C1CCC(CC2CCCC2CC2CC3CCCCC3CC3CCC4CCCCC4C32)CC1
C1CCC2CC(C3CCCC4CCCC43)CCC2C1
C1CCC2C(C1)CCC1C3CCCC3CCC21
C1CCC(C2CC3CCCC3C3CCCC4CCCCC4C23)CC1
C1CCC(CCCCCC2CCCC3C(C4CCCCC4)CCC23)CC1
C1CCC(CC2CCC3C(CCC3C3CCCCC3)C2)CC1
C1CCC(CCCCCC2CCC3CCCCC23)CC1
C1CCC(C2CC3CCCC3C3CCC4CCCCCC4C23)CC1
C1CCC(C2CC3CCCC3C3CCC4CCCCCC4C23)CC1
C1CCC(CCCCC2CC3CCCCC3C2)CC1
C1CCC(C2CCC3CC4C(CCC45CCCC5)CC32)CC1
C1CCC(C2CCC3CC4C(CCCC45CCCC5)CCC32)CC1
C1CCC(C2CC3CCCC3C3CCC4CCCCCC4C23)CC1
C(CCCC1CCCCC1)CCCC1CCC(C2CCCCC2)C1
C(CCC1CCCC2CCCCC12)CC1CCCC2CCCCC12
C1CCC2C(C1)CCC1C3CCCC3CCC21
C1CCC(CC2CCC3C(CCC3C3CCCCC3)C2)CC1
C(CCC1CCCC2CCCC12)CC1CC2CCCCC2C1
C1CCC(CCCCCC2CCC3CCCCC23)CC1
C1CCC(CCCCCC2CCCC3C(C4CCCCC4)CCC23)CC1
C1CCC(C2CC3CCCCC3C3CCC(CCC4CCCC4)CC23)CC1
C(CCC1CCC2C1CCC1C3CCCCC3CCC21)CC1CC2CCCCC2C1
C(CCCC1CCCC2C(C3CCCCC3)CCC12)CCC1CCCCC1
C1CCC(CCC2CCC3C(CCC3C3CCCCC3)C2)CC1
C1CCC(C2CCC3CCC4(CCCCC4C4CCCCC4)CCC32)CC1
C1CCC(CCC(CCC2CCC3CCCC3C2)CC2CCCCC2)CC1
C1CCC(CC2CCC3C(CCC3C3CCCCC3)C2)CC1
C1CCC(C2CCC3C(CCCCCC4CC4)CCCC23)CC1
C1CCC2CC(CCCC3CCC4C3CCC3C5CCCCC5CCC43)CC2C1
C1CCC(C2CC3CCCC3C3CCC4CCCCC4C23)CC1
C(CCC1CCCC2CCCCC12)CC1CCC2CCCCC2C1
C1CCC(CCC2CCC3C(CC4CCCCC4)CCC3C2)CC1
C1CCC2C(C1)CCC1CCCCC12
C1CCC2CCC(C3CCCC4CCCC43)CC2CC1
C1CCC(CC2CC3CCCCC3C3CCC4CCCCC4C23)CC1
C1CCC(CC2CC3CCCCC3C3CCC4CCCCC4C23)CC1
C1CCC(CCCC2CCCC3CCC(CC4CCCC5CCCC54)CC23)CC1
C1CCC(C2CCC3CCCC3C3CCC4CCCCCC4C23)CC1
C1CCC2C(C1)CCC(C1CCCC1)C1CCCCC21
C1CCC(CCCCCC2CCC3CCCCC23)CC1
C(CCC1CCCC2CCCCC12)CC1CCC2CCCCC2C1
C1CCC(CCCC2CCC3CCCC3C2)CC1
C1CCC(C2CCC3CC4C(CCC45CCCCC5)CC32)CC1
C1CCC(CCC(CC2CC3CCCCC3C2)C2CC2)CC1
C(CCC1CCCC2CCCCC12)CC1CCCC2CCCCC12
C1CCC2CC3CCC(C4CCCCC4)C3CC2CC1
C1CCC(CCCCC2CC3CCCCC3C2)CC1
C1CCC(C2CCC(C3CC4CCCCC4C4CCC5CCCCC5C34)CC2)C1
C(CCC1CCCC2CCCCC12)CCC1CCCC2CCCC12
C1CCC(CCC(CC2CC3CCCCC3C2)C2CCC2)CC1
C1CCC(CCC2CCC3C(CCC3C3CCCC(CCC4CCCC4)C3)C2)CC1
C(CCCC1CCCCC1)CCCC1CCC(C2CCCCC2)C1
C1CCC(CCCCCC2CCCC3C2CCC3C2CCCC(CC3CCCCC3)C2)CC1
C1CCC(C2CCC3CC4C(CCC45CCCCCC5)CC32)CC1
C1CCC(C2CCC3CCCC3C3CCC4CCCCCC4C23)CC1
C1CCC(CCC2CCC3C(CCC3C3CCCCC3)C2)CC1
C1CCC(CCCCCC2CCC3CCCCC23)CC1
C1CCC(CC2CCCCC(CCC3CCC(CCC4CCC(C5CC5)CC4)CC3)C2)C1
C1CCC2CCC3C4CCCCC4CCC3C2CC1
C1CCC(CCCCC2CCC3C2CCC2C4CCCCC4CCC32)C1
C1CCC2CC(CCCC3CCC4C3CCCC3C5CCCCC5CCC34)CCC2C1
C1CCC2C(C1)CCC1C3CCCC3CCC21
C1CCC(C2CC3C(CCC4CC4)CCC3C3CCC4CCCCCC4C23)CC1
C1CCC(CCCC2CCC3C(CCC3C3CCCC(CCC4CCCC4)C3)C2)CC1
C1CCC(C2CCC(CCCC3CCC4C3CCCC3C5CCCCC5CCC34)C2)CC1
C1CCC(C2CCC3CCCC3C3CCC4CCCCC4C23)CC1
C(CCCC1CCC2C(CCC2C2CCCCC2)C1)CCC1CCCCC1
C1CCC(CCC(CCC2CCCCC2)CCC2CCC3CCCC3C2)CC1
C1CCC2C(C1)CCC1C3CCCCC3CCCC21
C1CCC(CCCCCC2CCCC3C(CC4CCCCC4)CCC23)CC1
C1CCC(C2CCC3CC4C(CCCCC45CCCC5)CC32)CC1
C1CCC2CCC(C3CCCC4CCCC43)CC2CC1
C1CCC2C(C1)CCC1C3CCCC3CCC21
C1CCC(C2CCC3CCCC3C3CCC4CCCCC4C23)CC1
C1CCC(CCCCC2CCC3CCCCC23)CC1
C1CCC(C2CCC3CCC(C4CCCC4)CC32)CC1
C1CCC2CC(C3CCCC4CCCC43)CCC2C1
C1CCC2CCC3C4CCCCC4CC(CC4CCCC4)C3C2CC1
C(CCC1CCC2C(CCC3C4CCCC4CCC23)C1)CC1CCC(C2CC3CCCC3C3CCC4CCCCC4C23)CC1
C1CCC2C(C1)CCC1C3CCCC3CCC21
C1CCC(CCC2CC3CCCCC3C3CCC4CCCCC4C23)CC1
C1CCC(CCCCC2CC3CCCCC3C2)CC1
C1CCC(CCC2CCC(C3CCCC4C(CC5CCCCC5)CCC34)C2)CC1
C1CCC(CCCCCC2CCCC3C(C4CCCCC4)CCC23)CC1
C1CCC(C2CCC3C(CCC3C3CCCCC3)C2)CC1
C1CCC2CCC(C3CCCC4CCCC43)CC2CC1
C1CCC(CCCCC2CCC3CCC(C4CCCC5CCCC54)CC3C2)CC1
C1CCC(CCCC2CCC3C(CCC3C3CCCCC3)C2)CC1
C1CCC(CCCCC2CCCC3CCC(C4CCCCC4)CC3C2)CC1
C1CCCC(CCCC2CCC3CCC(C4CCCC5CCCC54)CC3C2)CC1
C1CCC2CC(C3CCCC4CCCC43)CCC2C1
C(CCC1CCC2C1CCC1C3CCCCC3CCC21)CC1CCC2CCCCC2C1
C1CCC(CCC2CCC3C(CCC3C3CCCC(CCCC4CCCC4)C3)C2)CC1
C(CCC1CCC2CCCCC2C1)CCC1CCCC2CCCCC12
C1CCC(CCCC2CCC3C2CCC2C4CC5CCC(C6CCCCC6)C5CCC4CCC32)CC1
C1CCC(CCC2CCC(C3CCC4C(CCC4C4CCCCC4)C3)CC2)CC1
C1CCC(CCC(CCC2CC3CCCCC3C2)C2CC2)CC1
C1CCC(CCC2CCC3C(CCC3C3CCCC(CC4CCCC4)C3)C2)CC1
C1CCC(CC2CCC3C(CCC3C3CCCCC3)C2)CC1
C1CCC2CCC3C4CCCC4CC(C4CCC(C5CCCC5)CC4)C3C2CC1
C1CCC(C2CCC3CC4C(CCCC45CCCCC5)CC32)CC1
C1CCC2CC(CCCC3CCCC4C3CCC3C5CCCCC5CCC43)CCC2C1
C1CCC(CC2CCC3C(CC4CCCCC4)CCC3C2)CC1
C1CCC(CCCCCC2CCCC3C(C4CCCCC4)CCC23)CC1
C(CCC1CC2CCCCC2C1)CCC1CCCC2CCCC12
C1CCC2C(C1)CCC1CCCCC12
C1CCC(CCCCCC2CCC3CCCC3C2)CC1
C1CCC2CC(CCCC3CCCC4C3CCC3C5CCCCC5CCC43)CC2C1
C1CCC(CC2CCC3CCCCC3C3CCC4CCCCC4C23)CC1
C1CCC(CC(CC2CCCCC2)C2CCCCC2)CC1
C(CCCC1CCC2CCCC2C1)CCC1CCCCC1
C1CCC2CCC3C(CCC4C5CCCC5CC43)C2CC1
C(CCC1CCCC2CCCCC12)CCC1CCCC2CCCCC12
C1CCC2CC(CC3CCCC4CCCC43)CCC2C1
C1CCC(CCC2CCC3C(CCC3C3CCCCC3)C2)CC1
C1CCC(C2CC3CCCC3C3CCC4CCCCCC4C23)CC1
C1CCC(CC2CC3CCCCC3C3CCC4CCCCC4C23)CC1
C(CCCC1CCCCC1)CCCC1CCC(C2CCCCC2)C1
C1CCC2CC(CCCC3CCC4C3CCCC3C5CCCCC5CCC34)CC2C1
C1CCC(C2CCC3CC4CCCCC4CC32)CC1
C1CCC(CC2CCC(CC(CC3CCCCC3)C3CCCCC3)CC2)CC1
C(CCC1CC2CCCCC2C1)CCC1CCCC2CCCC12
C1CCC(CC2CC3CCCCC3CC3CCC4CCCCC4C32)CC1
C1CCC(CCCC(CCC2CCC3CCCC3C2)CC2CCCCC2)CC1
C1CCC(CCC2CCC3C(CCC3C3CCCCC3)C2)CC1
C1CCC(C2CC3CCCC3C3CCCC4CCCCC4C23)CC1
C1CCC(C2CC3CCCCC3C3CCC4CCCCC4C23)CC1
C(CCCC1CCCCC1)CCCC1CCC(C2CCCCC2)C1
C1CCC2CCC3C4CCCCC4CCC3C2CC1
C1CCC2CCC3C4CCCCC4CCC3C2CC1
C1CCC(CCC2CCC(CCC3CCCCC(CC4CCCC4)C3)CC2)CC1
C1CCC2C(C1)CCC1C2CCC2C3CCCC3CC21
C1CCC(CCCCCC2CC3CCCCC3C2)CC1
C1CCC(CC2CC3CCCCC3C3CCC4CCCCCC4C23)CC1
C(CCCC1CCCCC1)CCCC1CCC(C2CCCCC2)C1
C1CCC(CCC(CC2CCC3C(CC4CCCCC4)CCC3C2)C2CCCCC2)CC1
C1CCC(CCC2CCC3C(CCC3C3CCCC(CCC4CCCC4)C3)C2)CC1
C1CCC2C(C1)CC(C1CCCC3CCCC31)C1CCCC21
C1CCC(C2CC3CCCC3C3CCCC4CCCCC4C23)CC1
C(CCCC1CCCC2CCCCC12)CCC1CCC(C2CCCC2)C1
C1CCC(CCCC2CCC3CCC(C4CCCC5CCCC54)CC3C2)CC1
C1CCC(C2CCC3CC4C(CCCC45CCCCC5)CCC32)CC1
C1CCC(C2CC3CCCC3C3CCC4CCCCC4C23)CC1
C1CCC(C2CC3CCCC3C3CCC4CCCCCC4C23)CC1
C1CCC(CCCC2CCC3C(CCC3C3CCCCC3)C2)CC1
C1CCC(CCCC2CCC3CCC(C4CCCC5CCCC54)CC3C2)CC1
C1CCC(C2CCC3CC4C(CCC5C6CCC(CCCC7CC8CCCCC8C7)C6CCCC45)CC32)CC1
C1CCC2CC(C3CCCC4CCCC43)CCC2C1
C1CCC(CCCC2CCC3C(CCC3C3CCCCC3)C2)CC1
C1CCC(CCCC2CCC3C2CCC2C4CC5CCC(C6CCCCC6)C5CC4CCCC32)CC1
C1CCC2C(C1)CCC1CCCCC12
C1CCC(CCC2CCC3C(CCC4C5CCCC5CC(CCC5CCCCC5)C34)C2)CC1
C1CCC(C2CC3CCCC3C3CCC4CCCCC4C23)CC1
C1CCC(C2CC3CCCC3C3CCC4CCCCC4C23)CC1
C1CCC2CCC3C4CCCC4CC(C4CCC(C5CCC5)CC4)C3C2CC1
C1CCC(C2CC3CCCC3C3CCC4CCCCC4C23)CC1
C1CCC(C2CCC3CC4CCCCC4CC32)CC1
C(CCCC1CCCC2C(C3CCCCC3)CCC12)CCC1CCCCC1
C1CCC(CCCC2CCC3C(CCC3C3CCCC(CC4CCCC4)C3)C2)CC1
C1CCC2C(C1)CC(C1CCCC3CCCC31)C1CCCC21
C1CCC2CC(C3CCCC4CCCC43)CCC2C1
C1CCC(C2CCC3CCC4C(CCCC45CCCC5)CC32)CC1
C1CCC(CC2CC3CCCCC3C3CCC4CCCCCC4C23)CC1
C1CCC(CCCC2CCC3C2CCC2C4CCCCC4CCC32)C1
C1CCC(CCCC2CCCCC2)CC1
C1CCC(C2CCC3C(CCCCCC4CC4)CCCC23)CC1
C1CCC(CCCCC2CC3CCCCC3C2)CC1
C1CCC(CCC2CCC3C(CCC3C3CCCCC3)C2)CC1
C1CCC(C2CC3CCCCC3C3CCC4CCCCC4C23)CC1
C1CCC(CCC2CCC3C(CCC4C5CCCC5CC(CCC5CCCCC5)C34)C2)CC1
C1CCC(CC2CCC3CC(C4CCC(CCC5CCCC5)CC4)CCC23)CC1
C1CCC(CCCCC2CC3CCCCC3C2)CC1
C(CCCC1CCCC2C(C3CCCCC3)CCC12)CCC1CCCCC1
C1CCC(C2CCC3C(CCCCCC4CCC4)CCCC23)CC1
C(CCCC1CCCC2C(C3CCCCC3)CCC12)CCC1CCCCC1
C1CCC(CCCC2CCCC3CCC(C4CCCC5CCCC54)CC3C2)CC1
C1CCC(C2CC3CCCC3C3CCC4CCCCC4C23)CC1
C1CCC2CC(CCCC3CCC4C3CCC3C5CCCCC5CCC43)CC2C1
C1CCC(CC2CC3CCCCC3C3CCC4CCCCCC4C23)CC1
C1CCC2CC(C3CCCC4CCCC43)CCC2C1
C1CCC(CCCCC2CC3CCCCC3C2)CC1
C1CCC(CCC2CCC3C(CCC3C3CCCC(CC4CCCC4)C3)C2)CC1
C1CCC2C(C1)CCCC2CCCC1CCC2C1CCC1C3CCCCC3CCC21
C1CCC(CCC2CCC3C(CCC4CCCCC43)C2)CC1
C1CCC(C2CC3CCCC3C3CCC4CCCCCC4C23)CC1
C1CCC2CC(CC3CCCC4CCCC43)CCC2C1
C1CCC(CC(CC2CCCCC2)C2CCCCC2)CC1
C1CCC(CCC2CCC3C(CCC4C5CCCCC5CCC34)C2)CC1
C1CCC(CCC2CCC3C(CCC3C3CCCCC3)C2)CC1
C(CCC1CC2CCCCC2C1)CCC1CCCC2CCCC12
C1CCC2C(C1)CC(C1CCCC1)C1CCCCC21
C1CCC(CCCC2CCCC(CC3CCC4CC(CCC5CCC6CCCCC6C5)CCC43)C2)CC1
C1CCC(CC2CCC3CC4C(CCC45CCCCC5)CC23)CC1
C1CCC(CC(CC2CCCCC2)C2CCCCC2)CC1
C1CCC(C2CCC(CC3CC4CCCCC4C4CCC5CCCCC5C34)CC2)CC1
C1CCC(C2CC3CCCC3C3CCC4CCCCCC4C23)CC1
C1CCC2C(C1)CCC1C3CCCC3CCCC21
C1CCC(CCCCC2CCC3CCCCC23)CC1
C1CCC(C2CCC3(CCC4CC5C(CCC5C5CCCCC5)CC43)C2)CC1
C1CCC(C2CCC(CCCC3CCC4C3CCC3C5CCCCCC5CCC43)C2)CC1
C1CCC2CC3CCCCC3CCC2C1
C1CCC(CCC2CCC3C(CCC4C5CCCC5CCCC34)C2)CC1
C1CCC2CCC3C4CCCCC4CC(CC4CCCC4)C3C2CC1
C1CCC(CCC2CCC3C(CCC3C3CCCCC3)C2)CC1
C1CCC(C2CCC3C(CCCCCC4CCC(C5CCCC5)C4)CCCC23)CC1
C1CCC(CCCCCC2CCC3CCCCC23)CC1
C1CCC(CC2CC3CCCCC3C3CCC4CCCCC4C23)C1
C1CCC2C(C1)CCC1C3CCCCC3CCC21
C1CCC(CCCCC2CCC3CCCCC23)CC1
C1CCC(CCCCC2CC3CCCCC3C2)CC1
C1CCC(C2CCC3CC4C(CCC5C6CCCC(CCCC7CCCC8CCCCC87)C6CCC45)CC32)CC1
C(CCCC1CCCCC1)CCCC1CCC(C2CCCCC2)C1
C1CCC2CCC3C(CCC4C5CCCC5CC43)C2CC1
C(CCC1CC2CCCCC2C1)CCC1CCCC2CCCC12
C1CCC(CCC2CCC3C(CC4CCCCC4)CCC3C2)CC1
C(CCC1CCCC2CCCCC12)CC1CCC2CCCCC2C1
C1CCC(C2CCC3CCCCC3C3CCCCC23)CC1
C1CCC(CCCCC2CC3CCCCC3C2)CC1
C1CCC2C(C1)CCC1C3CCCCC3CCC21
C1CCC(CCC2CCC(CCC3CCCC(CC4CCCC4)C3)CC2)CC1
C1CCC2CC(CC3CCCC4CCCC43)CCC2C1
C1CCC(CCCCC2CC3CCCCC3C2)CC1
C1CCC(CCCC2CCCCC2)CC1
C1CCC(CCCCCC2CCC3CCCCC23)CC1
C(CCC1CCCC2CCCCC12)CC1CCC2CCCCC2C1
C1CCC2CCC(C3CCCC3)CC2CC1
C(CCCC1CCC(C2CCCCC2)C1)CCC1CCCCC1
C1CCC(CCCCCC2CCC3CCCCC23)CC1
C1CCC2CC(C3CCCC4CCCC43)CCC2C1
C1CCC(CCCCCC2CCCC3C(CC4CCCCC4)CCC23)CC1
C1CCC(C2CCC3CCCC3C3CCC4CCCCC4C23)CC1
C1CCC(C2CCC3CC4C(CCCCC45CCCC5)CC32)CC1
C1CCC2CC(C3CCCC4CCCC43)CCC2C1
C(CCC1CCCC2CCCCC12)CC1CCC2CCCCC2C1
C1CCC(C2CC3CCCC3C3CCC4CCCCC4C23)CC1
C1CCC(CCC2CCCCC2)CC1
C1CCC(CCCCC2CCCC3CCC(C4CCCC5CCCC54)CC3C2)CC1
C1CCC(C2CC3CCCCC3C3CCCCC23)CC1
C1CCC2CCC3C4CCCCC4CC(CC4CCCC4)C3C2CC1
C1CC2CCC3C(CCC4CCCCC43)CC2C1
C1CCC2C(C1)CCC1C3CCCC3CCC21
C1CCC(C2CCC(CC3CC4CCCCC4C4CCC5CCCCCC5C34)CC2)CC1
C1CCC(CCCCCC2CCC3CCCC3C2)CC1
C1CCC(C2CC3CCCC3C3CCC4CCCCC4C23)CC1
C(CCCC1CCCC2CCCCC12)CCC1CCC(C2CCCCC2)C1
C1CCC(CCCCCC2CC3CCCCC3C2)CC1
C1CCC(CCCCC2CC3CCCCC3C2)CC1
C1CCC(CCC(CCC2CCC3CCCC3C2)CC2CCCCC2)CC1
C1CCC2CC(CCCC3CCCCC4CCCCC43)CC2C1
C1CCC(C2CC3CCCC3C3CCC4CCCCCC4C23)CC1
C1CCC(C2CCC3CC4C(CCC5C6CCC(CCCC7CC8CCCCC8C7)C6CCC45)CC32)CC1
C1CCC(CCCCC2CC3CCCCC3C2)CC1
C1CCC(C2CC3C(CCC34CCCC4)C3CCC4CCCCCC4C23)CC1
C1CCC(CCCC2CCC3C2CCC2C4CCCCC4CCC32)C1
C(CCC1CCCC2CCCC12)CC1CC2CCCCC2C1
C1CCC(C2CCC3CC4C(CCCC45CCCC5)CC32)CC1
C1CCC(CCCCCC2CC3CCCCC3C2)CC1
C(CCC1CCCC2CCCCC12)CC1CCCC2CCCCC12
C1CCC2CCC3C4CCC(CCCC5CC6CCCCC6C5)C4CCC3C2CC1
C1CCC(CCC2CCC(C3CCC3)CC2)CC1
C1CCC(CCCCC2CC3CCCCC3C2)CC1
C1CCC(CCC2CCC3C(CCC3C3CCCCC3)C2)CC1
C(CCC1CCCC2CCCCC12)CCC1CCCC2CCCCC12
C1CCC(CCCCC2CC3CCCCC3C2)CC1
C(CCCC1CCCCC1)CCCC1CCC(C2CCCCC2)C1
C1CCC(CCC2CCC(CC(CC3CCCCC3)C3CCCCC3)CC2)CC1
C1CCC2CC(C3CCCC4CCCC43)CCC2C1
C1CCC(CCC2CCC3C(CCC4C5CCCC5CCC34)C2)CC1
C1CCC(CC2CCC3C(CC4CCCCC4)CCC3C2)CC1
C1CCC(C2CCC(CCCCCC3CCCC4C(C5CCCCC5)CCC34)C2)CC1
C1CCC(C2CC3CCCC3C3CCC4CCCCC4C23)CC1
C(CCCCC1CCC(C2CCCCC2)C1)CCCC1CCC2CCCC2C1
C1CCC(CCC(CCC2CCC3CCCCC3C2)CC2CCCCC2)CC1
C(CCCC1CCC(C2CCCCC2)C1)CCC1CCCCC1
C1CCC2C(C1)CCC1C3CCCC3CCC21
C1CCC(CCCCCC2CCC3CCCCC23)CC1
C1CCC2C(C1)CCC1C3CCCCC3CCC21
C1CCC(CCCCCC2C3CCCCC3CCC2C2CCCC3CCCC32)CC1
C1CCC(CCCCCC2CCCC3C2CCC3C2CCCC(CC3CC3)C2)CC1
C1CCC2C(C1)CCC1C3CCCC3CCC21
C(CCCC1CCCC2C(C3CCCCC3)CCC12)CCC1CCCCC1
C1CCC(CCC2CCC3C(CCC4CCCCC43)C2)CC1
C(CCCC1CCCC2C(C3CCCCC3)CCC12)CCC1CCCCC1
C1CCC(CCC2CCC3C(CCC3C3CCCC(CCC4CCCC4)C3)C2)CC1
C1CCC(CCCCC23CCCC2CC2C4CCC5CCCCC5C4CCC23)C1
C1CCC2C(C1)CCC1C3CCCCC3CCC21
C1CCC(CCCCC2CC3CCCCC3C2)CC1
C1CC(C2CCC(C3CC4CCCCC4C4CCC5CCCCC5C34)CC2)C1
C1CCC2CC(CCCC3CCCC4C3CCC3C5CCCCC5CCC43)CC2C1
C1CCC(CCCCC2CC3CCCCC3C2)CC1
C1CCC(CC2CC3CCCCC3C3CCC4CCCCC4C23)CC1
C1CCC(CCCC2CCCC3CCC(C4CCCC5CCCC54)CC3C2)CC1
C1CCC(CCC(CCC2CCC3CCCC3C2)CC2CCCCC2)CC1
C1CCC(C2CC3CCCCC3C3CCCCC3C2)C1
C1CCC(C2CC3CCCC3C3CCC4CCCCCC4C23)CC1
C1CCC(CCC2CCC3C(CCC3C3CCCCC3)C2)CC1
C1CCC(CCCCC2CC3CCCCC3C2)CC1
C1CCC(CCCCC2CCC3CCCCC23)CC1
C(CCC1CCCCC2CCCCC12)CC1CCC2CCCCC2C1
C1CCC2CC(CC3CCCC4CCCC43)CCC2C1
C1CCC2CC(C3CCCC4CCCC43)CCC2C1
C1CCC(C2CCC3CCC4(CCCCC4C4CCCCC4)CCC32)CC1
C1CCC(CCC2(CCCC3CCC4CCCCC4C3)CCC3C4CCC5CCCCC5C4CCC32)C1
C1CCC(C2CCC3C(CCCCCC4CCC(CC5CCCC5)C4)CCCC23)CC1
C1CCC2CC(CCCC3CCC4C3CCC3C5CCCCC5CCC43)CC2C1
C1CCC(C2CCC3CC4C(CCC45CCCC5)CC32)CC1
C1CCC(CCC2CCC3C(CCC3C3CCCC(CC4CCCC4)C3)C2)CC1
C(CCC1CCC2CCCCC2C1)CCC1CCCC2CCCCC12
C1CCC(C2CCC3(CCC4CCC5C(CCC5C5CCCCC5)CC43)C2)CC1
C1CCC(CCCCC2CC3CCCCC3C2)CC1
C1CCC(CCCC2CCCC(C3CCC4CC(CCC5CCC6CCCCC6C5)CCC43)C2)CC1
C1CCC(CC2CCC3CC4C(CCC5C6CCCC6CCC45)CC23)CC1
C1CCC(CCCCC2CC3CCCCC3C2)CC1
C1CCC(C2CC3CCCC3C3CCC4CCCCC4C23)CC1
C1CCC2CCC3C4CCCC4CCC3C2CC1
C1CCC2C(C1)CCC1CCCCC12
C1CCC2CC(CCCC3CCC4C3CCC3C5CCCCC5CCCC43)CCC2C1
C1CCC(CCCCCC2CCCC3C(C4CCCCC4)CCC23)CC1
C1CCC(CCCCCC2CCCC3C(C4CCCCC4)CCC23)CC1
C1CCC2CCC3C4CCCC4CC(C4CCC(C5CCCC5)CC4)C3C2CC1
C1CCC(C2CC3CCCCC3C3CCCCC23)CC1
C1CCC(C2CC3CCCC3CC3CCC4CCCCC4C32)CC1
C1CCC(CCCCCC2CC3CCCCC3C2)CC1
C1CCC(CC2CCC3CC4C(CCC45CCCCC5)CC23)CC1
C1CCC2C(C1)CCC1C3CCCCC3CCC21
C1CCC(CCC2CCCCC2)CC1
C1CCC(CCCC2CCC(CCC3CCCC(CC4CCCC4)C3)CC2)CC1
C1CCC(CCCCC2CCC3CCCCC23)CC1
C1CCC2CC(C3CCCC4CCCC43)CCC2C1
C1CCC(CCCCCC2CCCC3C2CCC3C2CCC(CCC3CC3)CC2)CC1
C1CCC(C2CC3CCCC3C3CCC4CCCCC4C23)CC1
C1CCC(CCCCCC2CCC3CCCCC23)CC1
C1CCC(CCCCC2CCC3CCC(C4CCCC5CCCC54)CC3C2)CC1
C1CCC(CCCCC2CC3CCCCC3C2)CC1
C1CCC2CC(C3CCCC4CCCC43)CCC2C1
C1CCC(CCCCCC2CC3CCCCC3C2)CC1
C1CCC(CCCCCC2CC3CCCCC3C2)CC1
C1CCC(CC2CC3CCCCC3C3CCC(CCC4CCCC4)CC23)CC1
C1CCC(CCCCC2CC3CCCCC3C2)CC1
C1CCC(C2CC3C(CCC34CCCC4)C3CCCC4CCCCC4C23)CC1
C1CCC(CCC(CCC2CCCCC2)CCC2CCC3CCCC3C2)CC1
C1CCC2CC(CCCC3CCC4C3CCC3C5CCCCC5CCC43)CC2C1
C1CCC2C(C1)CCC1C3CCCC3CCC21
C1CCC(CC2CCCCCCC23CCC2C(CCC2C2CCCCC2)C3)CC1
C1CCC2CCC3C4CCCCC4CC(CC4CCCC(C5CCCC5)C4)C3C2CC1
C1CCC(CCCC2CCC3C2CCC2C4CC5CCC(C6CCCCC6)C5CCC4CCC32)CC1
C1CCC(CCC2CC3CCCCC3C2C2CCCCC2)CC1
C(CCC1CCC2CCCCC2C1)CC1CCCC2CCCCC2C1
C1CCC(C2CCC3C(CCC4CCCCC43)C2)CC1
C1CCC(CCCC2CCC3C(CCC4CCCCC43)C2)CC1
C1CCC2CCC(C3CCCC4CCCC43)CC2CC1
C1CCC(C2CCC3CC4C(CCCCC45CCCC5)CC32)CC1
C1CCC(CCCCCC2CC3CCCCC3C2)CC1
C1CCC(CCCCCC2CCC3CCCCC23)CC1
C1CCC(CCCCC2CCC3CCCCC23)CC1
C1CCC(C2CCC3CC4C(CCCC45CCCC5)CC32)CC1
C1CCC2CCC(C3CCCC4CCCC43)CC2CC1
C1CCC(CC2CCC3C(CCC3C3CCCCC3)C2)CC1
C1CCC2CC(CCCC3CCCC4CCCCC43)CC2C1
C1CCC2C(C1)CCCC1CCCCC12
C1CCC(CCCCC2CC3CCCCC3C2)CC1
C1CCC(CCCCC2CCC3CCCCC23)CC1
C(CCCC1CCCC2C(C3CCCCC3)CCC12)CCC1CCCCC1
C1CCC(CCCCC2CC3CCCCC3C2)CC1
C1CCC2CC(CCCC3CCC4C3CCC3C5CCCCC5CCC43)CC2C1
C1CCC(CCCCC2CC3CCCCC3C2)CC1
C1CCC2C(C1)CCCC1C2CCC2C3CCCC3CC21
C1CCC(CCC2CC3CCCCC3C3CCC4CCCCC4C23)CC1
C1CCC(CCC2CCC3C(CCC3C3CCCCC3)C2)CC1
C1CCC(C2CCC3CCCC3C3CCC4CCCCC4C23)CC1
C1CCC2C(C1)CCC1C3CCCC3CCCC21
C1CCC(C2CCC3CC4C(CCC5C6CCCC(CCCC7CCC8CCCCC8C7)C6CCC45)CC32)CC1
C1CCC(C2CCC3CC4C(CCCC45CCCCC5)CC32)CC1
C1CCC(C2CCC3CC4CCCCC4CC32)CC1
C1CCC(C2CCC3C(CCC4CCCCC43)C2)CC1
C1CCC(CCC2CCC(CCC3CCCCC(CC4CCCC4)C3)CC2)CC1
C1CCC(CCCCCC2CCCC3C(CC4CCCCC4)CCC23)CC1
C1CCC(C2CCC3CCCC4(CCCCC4)C3C2)CC1
C1CCC2C(C1)CCCC1CCCCC12
C1CCC(C2CC3CCCC3C3CCC4CCCCC4C23)CC1
C1CCC2C(C1)CCC1C3CCCC3CCC21
C1CCC(CC2CC3CCCCC3C3CCC4CCCCC4C23)C1
C1CCC(C2CCC3CCC4CCCCC4C3CC2)CC1
C1CCC(CCCC2CCCC3CCC(C4CCCC5CCCC54)CC3C2)CC1
C1CCC(C2CCC3CCCC3C3CCCC4CCCCC4C23)CC1
C1CCC(CCCCC2CCC3CCCCC23)CC1
C1CCC2CCC(C3CCCC4CCCC43)CC2CC1
C1CCC(CCCCC2CC3CCCCC3C2)CC1
C(CCC1CCCC2CCCC12)CC1CC2CCCCC2C1
C1CCC(CCCCCC2CCCC3C(C4CCCCC4)CCC23)CC1
C1CCC2CC(C3CCCC4CCCC43)CCC2C1
C1CCC2C(C1)CCCC2CCCC1CCCC2CCCCC21
C1CCC(CCCC2CC3CCCCC3C2C2CCCCC2)CC1
C1CCC(CCC(CCC2CCC3CCCC3C2)CC2CCCCC2)CC1
C1CCC(CCC2CCC3C(CCC3C3CCCCC3)C2)CC1
C1CCC(CCCCCC2CCCC3C2CCC3C2CCCC(CC3CCCC3)C2)CC1
C1CCC(CC2CCC(CC(CC3CCCCC3)C3CCCCC3)CC2)CC1
C1CCC(CCC2CCC(CCC3CCCC(CC4CCCC4)C3)CC2)CC1
C1CCC(CC2CCC3C(CCCCCC4CCC(C5CCCC5)C4)CCCC23)CC1
C1CCC2CC(C3CCCC4CCCC43)CCC2C1
C1CCC(CCCC2CC3CCCCC3C2C2CCCCC2)CC1
C1CCC(C2CC3CCCC3C3CCC4CCCCC4C23)CC1
C1CCC(C2CCC3CC4C(CCCC45CCCCC5)CC32)CC1
C1CCC2CC(C3CCCC4CCCC43)CCC2C1
C1CCC2CCC(C3CCCC4CCCC43)CC2CC1
C1CCC2C(C1)CCC1CCCCC12
C1CCC(CCCCC2CCC3CCCCC23)CC1
C1CCC(CCC2CCC3C(CCC3C3CCCCC3)C2)CC1
C(CCCC1CCCC2C1CCC2C1CCC(CC2CC2)CC1)CCC1CCCCC1
C1CCC(CCCCC2CC3CCCCC3C2)CC1
C1CCC(C2CC3CCCC3C3CCC4CCCCC4C23)CC1
C1CCC(C2CC3CCCCC3C3CCC4CCCCC4C23)CC1
C1CCC(C2CCC3CC4C(CCC32)CCC42CCCCC2)CC1
C1CCC(C2CCC3CC4C(CCC45CCCCC5)CC32)CC1
C1CCC2CCC(C3CCCC4CCCC43)CC2CC1
C1CCC2C(C1)CCCC2CCCC1CCC2C1CCC1C3CCCCC3CCC21
C1CCC(CCC(CC2CCCCC2)C2CCCCC2)CC1
C1CCC2CC3CCC(C4CCCCC4)C3CC2CC1
C1CCC(CCC(CCCC2CCC3CCCC3C2)CC2CCCCC2)CC1
C1CCC(C2CC3CCCC(C3)C3CCC4CCCCC4C32)CC1
C1CCC(CCCCC2CC3CCCCC3C2)CC1
C1CCC(C2CCC3CC4C(CCC45CCCCCC5)CC32)CC1
C1CCC(CCC(CCC2CCCCC2)CCC2CCC3CCCC3C2)CC1
C1CCC2CC(C3CCCC4CCCC43)CCC2C1
C1CCC(C2CCC3CC4(CCCCC4C4CCCCC4)CCC32)CC1
C1CCC(CCC2CCC(CCC3CCCC(CC4CCCCC4)C3)CC2)CC1
C1CCC2CC(C3CCCC4CCCC43)CCC2C1
C1CCC(CC2CCC3(CCC4CC5C(CCC5C5CCCCC5)CC43)C2)CC1
C(CCCC1CCCC2C(C3CCCCC3)CCC12)CCC1CCCCC1
C(CCC1(C2CCCC2)CCCCC2CCCCC21)CC1CCC2CCCCC2C1
C1CCC(CCCCCC2CCCC3C(CC4CCCCC4)CCC23)CC1
C1CCC(C2CC3CCCCC3C3CCCCC3C2)CC1
C(CCCC1(C2CCCC2)CCCC2CCCCC21)CCC1CCC(C2CCCCC2)C1
C1CCC(C2CCC3CC4C(CCC45CCCC5)CC32)CC1
C1CCC(C2CCC3CC4C(CCC5C6CCC(CCCCC7CCC8CCCCC8C7)C6CCC45)CC32)CC1
C1CCC(C2CC3CCCC3C3CCC4CCCCCC4C23)CC1
C1CCC2C(C1)CCC1C3CCCC3CCC21
C(CCC1CCCC2CCCC12)CC1CC2CCCCC2C1
C1CCC(CCCCC2CC3CCCCC3C2)CC1
C1CCC2CCC(C3CCCC4CCCC43)CC2CC1
C1CCC2CC(C3CCCC4CCCC43)CCC2C1
C1CCC(CCCC2CCCC(C3CCC4CC(CCC5CCC6CCCCC6C5)CCC43)C2)CC1
C1CCC2CCC3C4CCCCC4CC(CC4CCCC4)C3C2CC1
C1CCC(C2CC3CCCC3C3CCC4CCCCCC4C23)CC1
C1CCC(CC2CCCC(CCCC3CCC(CCC4CCC(C5CC5)CC4)CC3)C2)C1
C1CCC2C(C1)CCC1CCCCC12
C1CCC(C2CCC3C(CCC34CCCC4)C3CCC4CCCCCC4C23)CC1
C1CCC(C2CC3CCCC3C3CCCC4CCCCC4C23)CC1
C1CCC(CCCCCC2CC3CCCCC3C2)CC1
C1CCC(C2CC3CCCC3C3CCC4CCCCC4C23)CC1
C1CCC(CCC2CCC3C(CCC3C3CCCCC3)C2)CC1
C1CCC(CC2CC3CCCCC3C3CCC4CCCCC4C23)C1
C1CCC(CCCC2CCC3CCC(C4CCCC5CCCC54)CC3C2)CC1
C1CCC(CCC2CCC(CCC3CCCCC3)CC2)CC1
C1CCC2CCC3C4CCC(CCCC5CCCC6CCCCC65)C4CCC3C2CC1
C1CCC(CCCCC2CC3CCCCC3C2)CC1
C1CCC(CCC2CCC3C(CCC4C5CCCC5CCC34)C2)CC1
C1CCC2C(C1)CCC1CCCCC12
C1CCC(C2CCC3CC4C(CCC45CCCCC5)CC32)CC1
C1CCC(CC(CC2CCCCC2)C2CCCCC2)CC1
C1CCC(C2CC3CCCC3C3CCC4CCCCCC4C23)CC1
C1CCC(CCCCC2CC3CCCCC3C2)CC1
C1CCC(CCC2(CCCC3CCC4CCCCC4C3)CCC3C4CCC5CCCCC5C4CCC32)C1
C(CCC1CCCC2CCCC12)CC1CC2CCCCC2C1
C(CCCCC1CCC(C2CCCCC2)C1)CCCC1CCCCC1
C1CCC(CC2CCC3CC4C(CCC5C6CCC(CCCC7CCC8CCCCC8C7)C6CCC45)CC23)CC1
C1CCC2CCC(C3CCCC4CCCC43)CC2CC1
C(CCC1CCCC2CCCC12)CC1CCCC2CCCCC12
C1CCC(CCCC2CCCC3CCC(C4CCCC5CCCC54)CC3C2)CC1
C1CCC(C2CCC3CCC4C(CCCC45CCCC5)CC32)CC1
C1CCC(C2CC3CCCC3C3CCC4CCCCCC4C23)CC1
C1CCC(CCCCCC2CC3CCCCC3C2)CC1
C1CCC(CCC2CCCC3CC4C(CCC23)CCC4C2CCCCC2)CC1
C1CCC2CCC3C4CCCCC4CC(CC4CCCC4)C3C2CC1
C1CCC(CCC(CCCC2CCC3CCCC3C2)CC2CCCCC2)CC1
C1CCC(C2CC3CCCCC3C3CCCCC23)CC1
C1CCC(CCCCCC2CCC3CCCCC23)CC1
C1CC(C2CCC(C3CC4CCCC4C4CCC5CCCCC5C34)CC2)C1
C(CCC1CCCC2CCCCC12)CC1CC2CCCCC2C1
C1CCC(CC2CCC3CCCCC3C3CCC4CCCCC4C23)CC1
C1CCC2CC(C3CCCC4CCCC43)CCC2C1
C(CCC1CCC2C(CCC3C4CCCC4CCC23)C1)CC1CCC(C2CC3CCCC3CC3CCC4CCCCC4C32)CC1
C1CCC(CCCCC2CC3CCCCC3C2)CC1
C1CCC(CCC2CCCCC2CC2CC3CCCCC3C3CCC4CCCCC4C23)CC1
C1CCC2CC(CCCC3CCCC4C3CCC3C5CCCCC5CCC43)CC2C1
C1CCC2CCC3C4CCCC4CCC3C2CC1
C1CCC(CCCC2CCCC3CCC(C4CCCC5CCCC54)CC3C2)CC1
C1CCC(CCCC2CCCC(C3CCC4CC(CCC5CCC6CCCCC6C5)CCC43)C2)CC1
C1CCC2CCC3C4CCCC4CCC3C2CC1
C1CCC2C(C1)CCC1C3CCCC3CCC21
C1CCC(C2CCC3CC4C(CCC45CCCCCC5)CC32)CC1
C1CCC(CCCC2(CCC3CCCC3)CCC3C4CCC5CCCCC5C4CCC32)CC1
C1CCC(C2CCCC3(CCC4CC5C(CCC5C5CCCCC5)CC43)C2)CC1
C1CCC(CCCCCC2CC3CCCCC3C2)CC1
C1CCC2C(C1)CCC1C3CCCCC3CCC21
C1CCC(C2CC3CCCC3C3CCC4CCCCC4C23)CC1
C(CCC1CCCCC2CCCCC12)CC1CCC2CCCCC2C1
C1CCC(CCCCCC2CC3CCCCC3C2)CC1
C(CCCC1CCCC2C(C3CCCCC3)CCC12)CCC1CCCCC1
C1CCC(CC2CC3CCCCC3C3CCCCC23)CC1
C1CCC(CCCC2CCC3CCC(CC4CCCC5CCCC54)CC3C2)CC1
C(CCC1CCCCC2CCCCC12)CC1CCC2CCCCC2C1
C1CCC(CCCC2CCC3C(CCC4C5CCCC5CC(CCC5CCCCC5)C34)C2)CC1
C1CCC(CCCCCC2CC3CCCCC3C2)CC1
C1CCC(C2CCC3CCCC3C3CCC4CCCCC4CC23)CC1
C(CCC1CCCC2CCCC12)CC1CC2CCCCC2C1
C1CCC(CCC2CCC3C(CCC3C3CCCC(CC4CCCCC4)C3)C2)CC1
C(CCCCC1CCC(C2CCCCC2)C1)CCCC1CCCCC1
C1CCC2C(C1)CCC(C1CCCC1)C1CCCCC21
C1CCC(CCCCC2CC3CCCCC3C2)CC1
C1CCC(CCC2CCC(C3CC3)CC2)CC1
C(CCCC1CCCC2C(C3CCCCC3)CCC12)CCC1CCCCC1
C(CCC1CCC2C1CCC1C3CCCCC3CCC21)CC1CCC2CCCCC2C1
C1CCC(C2CCC3CC4CCCCC4CC32)CC1
C1CCC2CC3CCC4CCCC4C3CCC2C1
C1CCC2CCC3C4CCCCC4CC(CC4CCCC4)C3C2CC1
C1CCC(C2CCCC3C(CCC4CCCCC43)C2)CC1
C1CCC(CCCCC2CC3CCCCC3C2)CC1
C1CCC2CCC3C4CCC(CCCC5CC6CCCCC6C5)C4CCC3C2CC1
C1CCC(CC2CC3CCCCC3C3CCC4CCCCCC4C23)CC1
C1CCC(C2CCC3CC4C(CCCCC45CCCCC5)CC32)CC1
C(CCCC1CCCC2C(C3CCCCC3)CCC12)CCC1CCCCC1
C1CCC(C2CCC3(CCCC4CC5C(CCC5C5CCCCC5)CC43)C2)CC1
C(CCC1CCC2C(CCC3C4CCCC4CCC23)C1)CC1CCC(C2CCC(C3CC4CCCC4C4CCC5CCCCC5C34)CC2)CC1
C1CCC(CCCCC2CCC3CCC(C4CCCC5CCCC54)CC3C2)CC1
C1CCC(C2CC3CCCC3C3CCC4CCCCCC4C23)CC1
C1CCC(CCC2CCC3CC4CCC5CCCCC5C4C(C4CCCCC4)CCC23)CC1
C1CCC(C2CCC3CC4C(CCC5C6CCC(CCCC7CCC8CCCCC8C7)C6CCC45)CC32)CC1
C(CCC1CCCC2CCCC12)CC1CC2CCCCC2C1
C1CCC2CCC3C4CCCCC4CC(CC4CCCC4)C3C2CC1
C1CCC(C2CC3CCCC3C3CCCC4CCCCC4C23)CC1
C1CCC(CCC2CCC(CCC3CCCCC3)CC2)CC1
C1CCC2CCC3CCCCC3C2CC1
C1CCC(CCC2CCCCC3CC4C(CCC4C4CCCCC4)CC23)CC1
C1CCC(CCC2CCC3C(CCC3C3CCCCC3)C2)CC1
C1CCC2CCC3C4CCCC4CC(C4CCC(C5CCCC5)CC4)C3C2CC1
C1CCC2CC(CCCC3CCC4C3CCC3C5CCCCC5CCC43)CC2C1
C1CCC(CCCCC2CC3CCCCC3C2)CC1
C1CCC(C2CC3CCCC3C3CCC4CCCCC4C23)CC1
C1CCC(CC(CC2CCCCC2)C2CCCCC2)CC1
C1CCC(CCCC2(CCC3CCCC3)CCCC3C4CCC5CCCCC5C4CCC32)CC1
C1CCC(C2CC3CCCC3C3CCC4CCCCC4C23)CC1
C1CCC2CC(C3CCCC4CCCC43)CCC2C1
C1CCC(CCCCC2CCC3C2CCC2C4CCCCC4CCC32)CC1
C1CCC(CCCCC2CCCC3CCCCC23)CC1
C1CCC(CCCCC2CC3CCCCC3C2)CC1
C1CCC2CC(C3CCCC4CCCC43)C3CCCC3C2CC1
C1CCC(CCCCC2CC3CCCCC3C2)CC1
C1CCC(CCCCCC2CCC3CCCCC23)CC1
C1CCC2CCC3C4CCCCC4CC(CC4CCCC4)C3C2CC1
C(CCCC1CCCC2C(C3CCCCC3)CCC12)CCC1CCCCC1
C1CCC(CCCCCC2CCCC3C(C4CCCCC4)CCC23)CC1
C1CCC(CCCCCC2CC3CCCCC3C2)CC1
C1CCC(C2CCC3CCCCC3C3CCC(CCC4CCCC4)CC23)CC1
C1CCC(CC2CCCC(CC3CC4CCCCC4C4CCC5CCCCCC5C34)C2)CC1
C1CCC2C(C1)CC(C1CCCC1)C1CCCC21
C1CCC2C(C1)CCC1C3CCCCC3CCC21
C1CCC(CCCCCC2CC3CCCCC3C2)CC1
C1CCC(CCCCC2CCC3CCCCC23)CC1
C1CCC(CCCCC2CCC3CCCCC23)CC1
C1CCC2CCC(C3CCCC4CCCC43)CC2CC1
C1CCC(CCC2CCCCC2)CC1
C1CCC(CCCCC2CC3CCCCC3C2)CC1
C1CCC(CCCC2CCC3C(CCC3C3CCCCC3)C2)CC1
C1CCC(C2CCC3CC4C(CCC45CCCCC5)CC32)CC1
C1CCC(C2CCC3(CC2)CCC2CC4C(CCC4C4CCCCC4)CC23)CC1
C1CCC(C2CCC3C(CCCC4CCCCC43)C2)CC1
C1CCC(CCCC2CCC3CCC(C4CCCC5CCCC54)CC3C2)CC1
C1CCC(CCC2CCC3C(CCC3C3CCCC(CCC4CCCC4)C3)C2)CC1
C1CCC2CCC3C4CCCC4CCC3C2CC1
C(CCC1CCC2CCCCC2C1)CCC1CCCC2CCCCC12
C1CCC(C2CCCC3CCCC3C3CCC4CCCCC4C23)CC1
C1CCC(CCCCCC2CCCC3CCC(C4CCCCC4)CC23)CC1
C1CCC(CCCCC2CC3CCCCC3C2)CC1
C1CCC(C2CCC3C(CCC4CCCCC43)C2)CC1
C1CCC2CC(CCCC3CCC4C3CCC3C5CCCCC5CCCC43)CC2C1
C(CCCC1CCCC2C(C3CCCCC3)CCC12)CCC1CCCCC1
C1CCC(CCC2CCC(CCC3CCCC(CC4CCCC4)C3)CC2)CC1
C1CCC(C2CCC(CCCC3CCC4C3CCC3C5CCCCC5CCC43)C2)CC1
C1CCC2CCC(C3CCCC4CCCC43)CC2CC1
C1CCC2C(C1)CCCC1C3CCCC3CCC21
C1CCC(CCCCCC2CCCC3C(C4CCCCC4)CCC23)CC1
C1CCC(CCC2CCC3C(CC4CCCCC4)CCC3C2)CC1
C1CCC(CCC2CCC3C(CCC4CCCCC43)C2)CC1
C1CCC(CCC2CCC3C(CCC3C3CCCCC3)C2)CC1
C(CCC1CCCC2CCCCC12)CC1CCC2CCCCC2C1
C(CCC1CCCC2CCCCC12)CC1CC2CCCCC2C1
C1CCC(CCCC2CCC3CCC(C4CCCC5CCCC54)CC3C2)CC1
C(CCCCC1CCC(C2CCCCC2)C1)CCCC1CCCCC1
C1CCC(C2CCC3C(CCC4CCCCC43)C2)C1
C1CCC(CCCCCC2CC3CCCCC3C2)CC1
C1CCC2CC(CCCC3CCCC4C3CCC3C5CCCCC5CCC43)CC2C1
C1CCC2CC(C3CCCC4CCCC43)CCC2C1
C(CCCC1CCCC2C(C3CCCCC3)CCC12)CCC1CCCCC1
C1CCC(C2CCC3CC4C(CCC45CCCCCC5)CC32)CC1
C1CCC(CCC2CCC3C(CCC3C3CCCCC3)C2)CC1
C1CCC(CC2CC3CCCCC3CC3CCC4CCCCC4C32)C1
C1CCC(CCC2CCC3C(CCC3C3CCCC(CC4CCCC4)C3)C2)CC1
C(CCCCC1CCC(C2CCCCC2)C1)CCCC1CCCCC1
C1CCC2CC(CCCC3CCC4C3CCC3C5CCCCC5CCCC43)CC2C1
C(CCC1CC2CCCCC2C1)CCC1CCCC2CCCC12
C1CCC(CCC2CCC(CCC3CCCC(CC4CCCC4)C3)CC2)CC1
C1CCC(CCCC2(CCC3CCCC3)CCC3C4CCC5CCCCC5C4CCC32)CC1
C1CCC(CCCCC2CC3CCCCC3C2)CC1
C1CCC2CC(CCCC3CCCC4C3CCC3C5CCCCC5CCC43)CC2C1
C1CCC2CCC(C3CCCC4CCCC43)CC2CC1
C1CCC(CCC2CC3CCCCC3C3CCC4CCCCC4C23)CC1
C(CCCC1CCCCC1)CCCC1CCC(C2CCCCC2)C1
C(CCCC1CCCCC1)CCCC1CCC(C2CCCCC2)C1
C1CCC2C(C1)CCC1CCCCC12
C1CCC(CCCCCC2CCCC3C(C4CCCCC4)CCC23)CC1
C1CCC2CC(C3CCCC4CCCC43)CCC2C1
C1CCC2CCC3C(CCC4C3CCC4(CCCC3CCC4CCCCC4C3)CCC3CCCC3)C2CC1
C1CCC(CCCCCC2CC3CCCCC3C2)CC1
C1CCC(CCC2CC3CCCCC3C3CCC4CCCCC4C23)CC1
C1CCC(CCCCCC2CC3CCCCC3C2)CC1
C1CCC2CCC3C4CCC(CCCC5CCC6CCCCC6C5)C4CCC3C2CC1
C1CCC(CCC2CCC3C(CCC3C3CCCCC3)C2)CC1
C(CCCC1CCCC2C(C3CCCCC3)CCC12)CCC1CCC(C2CCCC2)C1
C1CCC(CCCCC2CCC3CCC(C4CCCC5CCCC54)CC3C2)CC1
C1CCC(CC2CCCC(CCC3CCC(CCC4CCC(C5CCC5)CC4)CC3)C2)C1
C1CCC(CCC2CCC3C(CCC3C3CCCCC3)C2)CC1
C1CCC(C2CCC3CC4(CCCCCC4C4CCCCC4)CCC32)CC1
C1CCC2CC(C3CCCC4CCCC43)CCC2C1
C1CCC(CCCCCC2CCCC3C(C4CCCCC4)CCC23)CC1
C1CCC(CCCCCC2CC3CCCCC3C2)CC1
C1CCC(CC2CCC3CC4C(CCC45CCCCC5)CC23)CC1
C1CCC(CC2CC3CCCCC3C3CCC4CCCCC4C23)C1
C1CCC(CC2CC3CCCCC3C2C2CCCCC2)CC1
C1CCC(CCCCC2CC3CCCCC3C2)CC1
C1CCC(CCC2CCC3C(CCC3C3CCCCC3)C2)CC1
C1CCC2CCCCC2C(CCCCC2CCCC3CCCCC23)C1
C1CCC(CCC2CC3CCCCC3C3CCC4CCCCC4C23)CC1
C1CCC(CCCCCC2CC3CCCCC3C2)CC1
C1CCC(CCC2CCC3C(CC4CCCCC4)CCC3C2)CC1
C1CCC(CCCCCC2CCCC3C(CC4CCCCC4)CCC23)CC1
C1CCC(C2CC3CCCC3C3CCC4CCCCC4C23)CC1
C1CCC2CCC3C4CCCCC4CCC3C2CC1
C1CCC(CCC2CCC3C(CCC3C3CCCCC3)C2)CC1
C1CCC2CCC3C4CCCC4CCC3C2CC1
C1CCC(CCCCC2CCC3CCCCC23)CC1
C1CCCC(CC2CCCC2CC2CC3CCCCC3C3CCC4CCCCC4C23)CC1
C1CCC(C2CC3CCCC3C3CCC4CCCCCC4C23)CC1
C1CCC(C2CCC3CC4C(CCCCC45CCCC5)CC32)CC1
C1CCC(C2CC3CCCC3C3CCC4CCCCCC4C23)CC1
C1CCC(CCCCCC2CCC3CCCCC23)CC1
C1CCC(CC2CCC(CCCC3CCC4CCCC4C3)CC2)C1
C1CCC(CCCCCC2CC3CCCCC3C2)CC1
C1CCC(C2CC3CCCC3C3CCC4CCCCC4C3C2)CC1
C1CCC2CC(CCCC3CCC4CC5CCC6CCCCC6C5CCC34)CC2C1
C(CCC1CCCC2CCCCC2C1)CCC1CCC(C2CCCCC2)C1
C1CCC(C2CCC3CC4C(CCC32)CCC42CCCC2)CC1
C1CCC(CCCC2CCCCC3CCC(C4CCCC5CCCC54)CC23)CC1
C1CCC(CCCC(CCC2CCC3CCCC3C2)CC2CCCCC2)CC1
C1CCC2CCC3C4CCCCC4CC(CC4CCCC4)C3C2CC1
C1CCC(C2CC3CCCC3C3CCC4CCCCCC4C23)CC1
C(CCCCC1CCC(C2CCCCC2)C1)CCCC1CCCCC1
C1CCC(CC2CCC3C(CCC3C3CCCCC3)C2)CC1
C1CCC(CCCCC2CC3CCCCC3C2)CC1
C1CCC(C2CCC3CC4C(CCCC45CCCC5)CC32)CC1
C1CCC(C2CCC3C(CCCC4CCCCC43)C2)CC1
C1CCC2CCC3C4CCCC4CCC3C2CC1
C1CCC(CCCCCC2CCCC3C(CC4CCCCC4)CCC23)CC1
C1CCC(CCCCC23CCCC2CC2C4CCC5CCCCC5C4CCC23)C1
C1CCC(CCCCCC2CCCC3C2CCC3C2CCC(CC3CCC3)CC2)CC1
C1CCC(CCC2CCC(CCC3CCCC(CCC4CCCC4)C3)CC2)CC1
C1CCC(C2CC3CCCC3C3CCC4CCCCCC4C23)CC1
C1CCC2CCC3C4CCC(CCCC5CC6CCCCC6C5)C4CCC3C2CC1
C1CCC2CC(CC3CCCC4CCCC43)CCC2C1
C1CCC(C2CC3CCCCC3C3CCC4CCCCC4C23)CC1
C1CCC(CCCC2CCC3C2CCCC2C4CC5CCC(C6CCCCC6)C5CC4CCC32)CC1
C1CCC2C(C1)CCC1C2CCC2C3CCCCC3CC21
C1CCC2CCC3C(CCC4C5CCCC5CC43)C2CC1
C1CCC2CCC3C4CCCC4CC(C4CCC(C5CCC5)CC4)C3C2CC1
C1CCC(CCC2(CCCC3CCC4CCCCC4C3)CCC3C4CCC5CCCCC5C4CCC32)C1
C1CCC(C2CC3CCCC3C3CCC4CCCCC4C23)CC1
C1CCC(CCC2CCC(C3CCCC4C(C5CCCCC5)CCC34)C2)CC1
C1CCC(C2CCC3CC4C(CCC5C6CCCC(CCCC7CC8CCCCC8C7)C6CCC45)CC32)CC1
C1CCC(CCCCC2CC3CCCCC3C2)CC1
C1CCC(C2CC3CCCC3C3CCC4CCCCC4C23)CC1
C1CCC(CCCCC2CC3CCCCC3C2)CC1
C1CCC(CCCC2CCC3C2CCC2C4CCCCC4CCC32)C1
C1CCC(CCCCCC2CCC3CCCC3C2)CC1
C1CCC2CC(CCCC3CCC4C3CCC3C5CCCCC5CCCC43)CCC2C1
C1CCC(C2CCC3C(CCC4CCCCC43)C2)CC1
C1CCC(CC2CCC3C(CCC3C3CCCCC3)C2)CC1
C1CCC2CC3CCCCC3CCC2C1
C1CCC(CCC2CCC3C(CCCC4CC(C5CCCCC5)CCC43)C2)CC1
C1CCC(CC2CC3CCCCC3C3CCC4CCCCCC4C23)CC1
C(CCC1CCC2C(CCC3C4CCCC4CCCC23)C1)CC1CCC(C2CC3CCCC3C3CCC4CCCCC4C23)CC1
C1CCC(CC2CCC3C(CCC3C3CCCCC3)C2)CC1
C1CCC(C2CCC3CC4C(CCC5C6CCC(CCCCC7CCC8CCCCC8C7)C6CCC45)CC32)CC1
C1CCC2CCC3C4CCCC4CC(C4CCC(C5CCC5)CC4)C3C2CC1
C1CCC(CCCCCC2CCCC3C(C4CCCCC4)CCC23)CC1
C1CCC(C2CCC3CC4C(CCCCC45CCCC5)CC32)CC1
C1CCC(CCCCC2CCC3CCCCC23)CC1
C1CCC(CCC2CCC3C(CCC3C3CCCCC3)C2)CC1
C1CCC2CCC3C4CCC(CCCC5CC6CCCCC6C5)C4CCC3C2CC1
C1CCC(C2CCC3CC4C(CCCC45CCCCC5)CC32)CC1
C1CCC2CCC3CCCCC3C2CC1
C1CCC(C2CCC3C(CCC3C3CCCCC3)C2)CC1
C1CCC2C(C1)CCC1CCCCC12
C1CCC(CCCC2CCC3C(CCC3C3CCCCC3)C2)CC1
C1CCC(C2CCC3C(CCC4CCCCC43)C2)CC1
C1CCC(C2CCC3CC4C(CCC32)CCC2C3CCC(CCCC5CCC6CCCCC6C5)C3CCC42)CC1
C1CCC2CCC3C4CCCC4CCC3C2CC1
C1CCC2CCC(C3CCCC4CCCC43)CC2CC1
C1CCC(CC2CCC(CC(CC3CCCCC3)C3CCCCC3)CC2)CC1
C1CCC(C2CCC3CC4C(CCC5CCC6CCCCC65)CCCC4CC32)CC1
C1CCC(CCCCCC2CCCC3C(C4CCCCC4)CCC23)CC1
C1CCC(CCC2CCC3C(CCC3C3CCCCC3)C2)CC1
C1CCC(C2CCC3(CCC4CC5C(CCC5C5CCCCC5)CC43)C2)CC1
C1CCC(CCCCCC2CC3CCCCC3C2)CC1
C1CCC(C2CCCC3CCCC3C3CCC4CCCCC4C23)CC1
C(CCC1CCCC2CCCCC12)CC1CC2CCCCC2C1
C1CCC(CCCCC2CC3CCCCC3C2)CC1
C1CCC(CCC(CC2CC3CCCCC3C2)C2CC2)CC1
C1CCC(CCCCCC2CC3CCCCC3C2)CC1
C(CCCCC1CCC(C2CCCCC2)C1)CCCC1CCC2CCCC2C1
C1CCC(CCC2CCCC3CC4C(CCC4C4CCCCC4)CC23)CC1
C1CCC(CCC2(CCCC3CC4CCCCC4C3)CCC3C4CCC5CCCCC5C4CCCC32)C1
C1CCC(CCCCC2(CCC3CCCC3)CCC3C4CCC5CCCCC5C4CCC32)CC1
C1CC(C2CCC(C3CC4CCCC4C4CCC5CCCCC5C34)CC2)C1
C1CCC(CCC(CCC2CC3CCCCC3C2)C2CC2)CC1
C(CCCC1CCCCC1)CCCC1CCC(C2CCCCC2)C1
C1CCC2CCCCC2C(CCCCC2CCCC3CCCCC23)C1
C1CCC(C2CC3CCCC3C3CCC4CCCCC4C23)CC1
C1CCC2C(C1)CCC1C3CCCC3CCCC21
C1CCC(C2CCC3CCC4CCCCC4C3CC2)C1
C1CCC(C2CCC3CC4C(CCC32)CCC2C3CCC(CCCC5CCCC6CCCCC65)C3CCC42)CC1
C1CCC(C2CC3CCCC3C3CCC4CCCCC4C23)CC1
C1CCC(C2CC3CCCC3C3CCCC4CCCCC4C23)CC1
C(CCC1(C2CCCC2)CCCCC2CCCCC21)CC1CCC2CCCCC2C1
C1CCC(CCCC(CC2CCC3C(CCC3C3CCCCC3)C2)C2CCCCC2)CC1
C1CCC2CC(C3CCCC4CCCC43)CCC2C1
C(CCC1CCCC2CCCCC12)CCC1CCCC2CCCCC12
C1CCC2CCC(C3CCCC4CCCC43)CC2CC1
C1CCC(CC2CC3CCCC3C3CCC4CCCCC4C23)CC1
C1CCC2C(C1)CCC1CCCCC12
C1CCC(CCCCCC2CC3CCCCC3C2)CC1
C(CCCCC1CCC(C2CCCCC2)C1)CCCC1CCCCC1
C1CCC(C2CCC(CCCCCC3CCCC4C(C5CCCCC5)CCC34)C2)CC1
C1CCC2CCC3C4CCCCC4CCC3C2CC1
C(CCCC1CCCCC1)CCC1CCCCC1
C1CCC(CC2CCC3C(CCC34CCCC4)C3CCC4CCCCC4C23)CC1
C1CCC(CC2CC3CCCCC3C3CCC4CCCCC4C23)CC1
C1CCC(CCC2CCC(CC3CCC4C(CCC4C4CCCCC4)C3)CC2)CC1
C1CCC(CC2CCC(CC(CC3CCCCC3)C3CCCCC3)CC2)CC1
C1CCC(CCCCCC2CCC3CCCC3C2)CC1
C1CCC(CC2CC3CCCCC3C3CCC4CCCCC4C23)CC1
C1CCC(C2CCC3C(CCC4CCCCC43)C2)CC1
C1CCC(C2CCC3CCC4C(CCC5C6CCC(CCCC7CC8CCCCC8C7)C6CCC45)CC32)CC1
C1CCC(CCCC2CCC3CCCC3C2)CC1
C1CCC(C2CC3CCCC3C3CCC4CCCCC4C23)CC1
C1CCC2CC(CCCC3CCC4C3CCC3C5CCCCC5CCC43)CCC2C1
C(CCCCC1CCC2C(CCC3C4CCCC4CCC23)C1)CCCC1CCCC(CC(CC2CCC(CC3CCCCC3)CC2)C2CCCCC2)C1
C1CCC(CCC2CCC3C(CCC3C3CCCCC3)C2)CC1
C1CCC(CCCCCC2CCC3CCCCC23)CC1
C1CCC(C2CC3CCCC3C3CCC4CCCCC4CC23)CC1
C1CCC2CCC(C3CCCC4CCCC43)CC2CC1
C1CCC(CC2CCC3CC4C(CCC45CCCC5)CC23)CC1
C1CCC(CCC2(CCCC3CC4CCCCC4C3)CCCC3C4CCC5CCCCC5C4CCC32)C1
C1CCC2CCC(C3CCCC4CCCC43)CC2CC1
C1CCC(CC2CC3CCCCC3C3CCCCC23)C1
C1CCC(C2CCC3CC4CCCCC4CC32)CC1
C1CCC(CCCCC2CCC3CCC(C4CCCC5CCCC54)CC3C2)CC1
C1CCC2CC(C3CCCC4CCCC43)CCC2C1
C1CCC(CC2CC3CCCCC3C3CCC4CCCCCC4C23)CC1
C1CCC(CCC2CCC(C3CC3)CC2)CC1
C1CCC2CC(CC3CCCC4CCCC43)CCC2C1
C1CCC2CCC(C3CCCC4CCCC43)CC2CC1
C1CCC(CC2CCC3C(CCC3C3CCCCC3)C2)CC1
C1CCC(CCCCCC2CCCC3C(C4CCCCC4)CCC23)CC1
C1CCC(C2CCC3C(CCCCCC4CCC(C5CCCC5)C4)CCCC23)CC1
C1CCC(C2CCC3(CCCC4CC5C(CCC5C5CCCCC5)CC43)C2)CC1
C1CCC(CCC2CCC3C2CCC(C2CCCCC2)C2C4CCCCCC4CCC32)CC1
C1CCC(C2CC3CCCC3C3CCC4CCCCC4C23)CC1
C1CCC(C2CCCC3C(CCC4CCCCC43)C2)CC1
C1CCC(CCCCC2CCC3CCCCC23)CC1
C1CCC2CC(C3CCCC4CCCC43)CCC2C1
C1CCC(CC2CC3CCCCC3C3CCC4CCCCC4C23)C1
C1CCC2CC(CCCC3CCCC4C3CCC3C5CCCCC5CCC43)CC2C1
C1CCC(C2CC3C(CCC34CCCC4)C3CCC4CCCCCC4C23)CC1
C1CCC(C2CCCC3C(CCC4CCCCC43)C2)C1
C1CCC2CC(C3CCCC4CCCC43)CCC2C1
C(CCCCC1CCC(C2CCCCC2)C1)CCCC1CCCCC1
C(CCCC1CCCC2C(C3CCCCC3)CCC12)CCC1CCCCC1
C(CCC1CCCC2CCCCC12)CC1CCC2CCCCC2C1
C1CCC2CCC(C3CCCC4CCCC43)CC2CC1
C1CCC(C2CC3CCCC3C3CCCC4CCCCC4C23)CC1
C(CCC1(C2CCCC2)CCCC2CCCCC21)CC1CCC2CCCCC2C1
C(CCCC1(C2CCCCC2)CCC1)CCC1CCC(C2CCCCC2)C1
C(CCCC1CCCCC1)CCCC1CCC(C2CCCCC2)C1
C1CCC(C2CCC(CCCCCC3CCCC4C(C5CCCCC5)CCC34)C2)CC1
C1CCC(CCCC2CCCC(C3CCC4CC(CCC5CCC6CCCCC6C5)CCC43)C2)CC1
C1CCC(C2CCCC(CC3CC4CCCCC4CC4CCC5CCCCC5C43)C2)C1
C(CCCCC1CCCC(CC(CC2CCC(CC3CCCCC3)CC2)C2CCCCC2)C1)CCCCC1CCC2C(CCC3C4CCCC4CCC23)C1
C1CCC(CC2CCC3C(CCC3C3CCCCC3)C2)CC1
C1CCC2CC(C3CCCC4CCCC43)CCC2C1
C1CCC(CCCCC2CC3CCCCC3C2)CC1
C1CCC(C2CCC3CC4C(CCC5C6CCC(CCCC7CCCC8CCCCC87)C6CCCC45)CC32)CC1
C1CCC(C2CCC3CCC4C(CCC45CCCC5)CC32)CC1
C1CCC(C2CCC3CC4C(CCC5C6CCC(CCCC7CC8CCCCC8C7)C6CCC45)CC32)CC1
C1CCC(CC2CCC(CCCC3CCC4C3CCC3C5CCCCC5CCC43)C2)CC1
C1CCC2CC(C3CCCC4CCCC43)CCC2C1
C1CCC(C2CCC3CCCC3C3CCCC4CCCCC4C23)CC1
C1CCC(CCCC2CCC3CCC(C4CCCC5CCCC54)CC3C2)CC1
C1CCC(CCCCC2CCC3C2CCC2C4CCCCC4CCC32)CC1
C1CCC2CCC3C4CCCCC4CCC3C2CC1
C1CCC(C2CCC3CC4(CCCCCC4C4CCCCC4)CCCC32)CC1
C1CCC(C2CCC3CC4C(CCC32)CCC2C3CCC(CCCC5CCC6CCCCC6C5)C3CCC42)CC1
C(CCCC1CCCC2C(C3CCCCC3)CCC12)CCC1CCCCC1
C1CCC(CCC2CCC3C(CCC3C3CCCCC3)C2)CC1
C1CCC2C(C1)CCC1C3CCCC3CCC21
C1CCC(CCCCC2CCC3CCCCC23)CC1
C1CCC(CCCCC2CC3CCCCC3C2)CC1
C1CCC(C2CC3CCCC3C3CCC4CCCCC4C23)CC1
C(CCCC1CCCC2C(C3CCCCC3)CCC12)CCC1CCCCC1
C1CCC(CCCCCC2CCCC3CCC(C4CCCCC4)CC23)CC1
C1CCC(CCC2CCC3C(CC4CCCCC4)CCC3C2)CC1
C1CCC(CCCCCC2CC3CCCCC3C2)CC1
C1CCC(CC(CC2CCCCC2)C2CCCCC2)CC1
C1CCC(CC2CCC(CCC(CC3CCCCC3)C3CCCCC3)CC2)CC1
C1CCC2C(C1)CCC1C3CCCC3CCC21
C1CCC(C2CCC3CC4C(CCCC5C6CCC(CCCC7CCC8CCCCC8C7)C6CCC45)CC32)CC1
C1CCC2C(C1)CCC1C2CCC2C3CCCC3CC21
C1CCC2CCC(C3CCCC4CCCC43)CC2CC1
C1CCC2CCC3C(CCC4C3CCC4(CCCC3CC4CCCCC4C3)CCC3CCCC3)C2CC1
C1CCC(C2CC3CCCCC3C3CCC(CCC4CCCC4)CC23)CC1
C1CCC2CC(C3CCCC4CCCC43)CCC2C1
C1CCC(CCCCCC2CCC3CCCCC23)CC1
C1CCC(C2CCC3CCCC3C3CCCC4CCCCC4C23)CC1
C1CC2CCCC2C(CC2CC3CCCCC3C3CCCC23)C1
C(CCCC1CCCC2C1CCC2C1CCCC(CC2CCCC2)C1)CCC1CCCCC1
C1CCC2C(C1)CCC1C3CCCC3CCCC21
C1CCC(CCCCC2CCC3CCC(C4CCCC5CCCC54)CC3C2)CC1
C1CCC(C2CCC3CC4C(CCC5C6CCC(CCCCC7CCC8CCCCC8C7)C6CCC45)CC32)CC1
C1CCC(C2CC3C(CCC34CCCCC4)C3CCC4CCCCC4C23)CC1
C(CCC1CCCC2CCCC12)CC1CC2CCCCC2C1
C(CCCC1CCCC2C(C3CCCCC3)CCC12)CCC1CCC(C2CCCC2)C1
C1CCC(CC2CC3CCCCC3CC3CCC4CCCCC4C32)CC1
C1CCC(CCCCCC2CC3CCCCC3C2)CC1
C1CCC(CCCC(CCC2CCCCC2)CCC2CCC3CCCC3C2)CC1
C1CCC(CCCC2CCCC3CCCCC32)C2CCCCC2C1
C1CCC(CCCCC2CC3CCCCC3C2)CC1
C(CCCC1CCC(C2CCCCC2)C1)CCC1CCCCC1
C1CCC(CCCCC2CC3CCCCC3C2)CC1
C1CCC(C2(CCCCC3CCC4CCCCC4C3)CCCC3CCCCC32)CC1
C(CCCC1CCCC2C(C3CCCCC3)CCC12)CCC1CCCCC1
C1CCC(CCCCCC2CCCC3C(C4CCCCC4)CCC23)CC1
C1CCC(CCC2CCC3C(CCC4C5CCCC5CCC(CCC5CCCCC5)C34)C2)CC1
C1CCC(CCC2CCC3C(CCC3C3CCCC(CC4CCCCC4)C3)C2)CC1
C1CCC(CCC2CCC(C3CCC4C(CCC4C4CCCCC4)C3)CC2)CC1
C1CCC2CC(CCCC3CCC4C3CCCC3C5CCCCC5CCC34)CC2C1
C1CCC2CC(C3CCCC4CCCC43)CCC2C1
C1CCC(CCCCCC2CCCC3C2CCC3C2CCCC(CC3CCC3)C2)CC1
C1CCC(CC2CCC3CC4C(CCC5C6CCC(CCCC7CCC8CCCCC8C7)C6CCC45)CC23)CC1
C1CCC(CCCCC2CCCC3C2CCC2C4CCCCC4CCC32)CC1
C1CCC(CCCC2CCC3C(CCC3C3CCCCC3)C2)CC1
C1CCC(CCCCCC2CC3CCCCC3C2)CC1
C1CCC2CC3CCC4CCCC4C3CCC2C1
C(CCC1CCC2C1CCC1C3CCCCC3CCC21)CC1CC2CCCCC2C1
C1CCC(C2CCC3CC4C(CCC32)CCC42CCCCC2)CC1
C1CCC2CCC3C4CCCCC4CCC3C2CC1
C1CCC2C(C1)CCCC2CC1CC2CCCCC2C2CCCC12
C1CCC(CCC2CCC3C(CCCC4CCCCC43)C2)CC1
C1CCC2C(C1)CCC1CCCCC12
C1CCC(CCCCC2CC3CCCCC3C2)CC1
C1CCC(C2CCC(C3CC4CCCC4C4CCC5CCCCC5C34)CC2)C1
C1CCC(C2CCC3CC4C(CCC5C6CCCC(CCCC7CC8CCCCC8C7)C6CCC45)CC32)CC1
C1CCC(CC2CCCCCCC23CCC2C(CCC2C2CCCCC2)C3)CC1
C1CCC(CCCCC2CCC3CCC(C4CCCC5CCCC54)CC3C2)CC1
C1CCC2CC(CCCC3CCC4C3CCC3C5CCCCC5CCC43)CC2C1
C1CCC(C2CC3CCCC3C3CCC4CCCCC4C23)CC1
C1CCC(CCCCCC2CCC3C(CCC3C3CCCCC3)C2)CC1
C1CCC2CC(CC3CCCC4CCCC43)CCC2C1
C1CCC(C2CCC3CCCC3C3CCC4CCCCCC4C23)CC1
C1CCC2CCC3C(CCC4C3CCC4(CCCC3CCC4CCCCC4C3)CCC3CCCC3)C2CC1
C1CCC(CCCCCC2CCC3CCCCC23)CC1
C1CCC(C2CCC3CCCC3C3CCC4CCCCC4C23)CC1
C1CCC(CC2CC3CCCCC3C3CCC4CCCCC4C23)CC1
C(CCC1CCC2C1CCC1C3CCCCC3CCC21)CC1CC2CCCCC2C1
C1CCC(CCCCC2CC3CCCCC3C2)CC1
C1CCC2C(C1)CCC1C2CCCC2C3CCCC3CC21
C1CCC(C2CC3CCCC3C3CCC4CCCCCC4C23)CC1
C1CCC(C2CC3CCCCC3C3CCC4CCCCC4C23)CC1
C1CCC(C2CCC3CCCC3C3CCC4CCCCC4C23)CC1
C1CCC(CCCCC2CCC3C2CCC2C4CCCCCC4CCC32)CC1
C1CCC(CCC2CCC(CCCC3CCCC(CC4CCCC4)C3)CC2)CC1
C1CCC2CCC(C3CCCC4CCCC43)CC2CC1
C1CC2CCC3C(CCC4CCCCC43)CC2C1
C1CCC(CCCC2CCCC(CC3CCC4CC(CCC5CCC6CCCCC6C5)CCC43)C2)CC1
C1CCC(C2CC3CCCCC3C3CCC4CCCCC4C23)CC1
C1CCC2CCC(C3CCCC4CCCC43)CC2CC1
C1CCC(C2CCC3CC4C(CCC5C6CCC(CCCC7CCC8CCCCC8C7)C6CCC45)CC32)CC1
C1CCC(CCCC2CCC(C3CCC4C(CCC4C4CCCCC4)C3)CC2)CC1
C1CCC(C2CC3CCCC3C3CCC4CCCCC4C23)CC1
C(CCC1CCC2C1CCC1C3CCCCC3CCC21)CC1CCC2CCCCC2C1
C1CCC2CC(C3CCCC4CCCC43)CCC2C1
C1CCC2CC(CCCC3CCC4C3CCC3C5CCCCC5CCC43)CC2C1
C(CCCC1CCCCC1)CCCC1CCC(CC2CCCCC2)C1
C1CCC(C2CCC3CC4C(CCC5C6CCC(CCCC7CC8CCCCC8C7)C6CCC45)CC32)CC1
C1CCC2C(C1)CCC1C3CCCC3CCC21
C(CCC1CCCC2CCCCC12)CCC1CCCC2CCCCC12
C1CCC2C(C1)CCC1C3CCCC3CCC21
C1CCC(CC2CC3CCCCC3C3CCC4CCCCC4C23)C1
C(CCC1CCC2C(CCC3C4CCCC4CCC23)C1)CC1CCC(C2CC3CCCC3C3CCC4CCCCC4CC23)CC1
C1CCC2CCC(C3CCCC4CCCC43)CC2CC1
C(CCCC1CCCC2C(C3CCCCC3)CCC12)CCC1CCCCC1
C1CCC(CCC2CCC3C(CCC3C3CCCCC3)C2)CC1
C1CCC(CC2CCCCCCC23CCC2C(CCC2C2CCCCC2)C3)CC1
C1CCC(CC2CC3CCCCC3C3CCC4CCCCCC4C23)CC1
C1CCC2CC(CC3CCCC4CCCC43)CCC2C1
C1CCC(C2CCC3CC4CCCCC4CC32)CC1
C1CCC(CCC2CCC(C3CCC4C(CCC4C4CCCCC4)C3)CC2)CC1
C1CCC(CCC2CCC3C(CCC3C3CCCCC3)C2)CC1
C1CCC2CCC3C4CCCCC4CC(CC4CCCC4)C3C2CC1
C1CCC(CCCCCC2CC3CCCCC3C2)CC1
C(CCCC1CCCC2C(C3CCCCC3)CCC12)CCC1CCCCC1
C1CCC(C2CCC(CCCCCC3CCCC4CCCCC34)C2)CC1
C(CCCC1CCCC2CCCCC12)CCC1CCC(C2CCCCC2)C1
C1CCC2CC(CCCC3CCC4C3CCC3C5CCCCC5CCCC43)CC2C1
C1CCC(CCCCCC2CCCC3C(C4CCCCC4)CCC23)CC1
C(CCCC1CCCCC1)CCC1CCCCC1
C(CCC1(C2CCCC2)CCCC2CCCCC2C1)CC1CCC2CCCCC2C1
C1CCC(CCCCCC2CCCC3C(C4CCCCC4)CCC23)CC1
C1CCC(CCC2CCC(C3CCC4C(CCC4C4CCCCC4)C3)CC2)CC1
C1CCC(CCCCC2CC3CCCCC3C2)CC1
C1CCC2C(C1)CC(C1CCCC3CCCCC31)C1CCCC21
C1CCC(C2CCC3CC4C(CCC32)CCC42CCCCC2)CC1
C1CCC2CCC3C4CCCC4CCC3C2CC1
C1CCC2CCC(C3CCCC4CCCC43)CC2CC1
C1CCC2CC(CCCC3CCC4C3CCCC3C5CCCCC5CCC34)CC2C1
C1CCC(CCCCC2CC3CCCCC3C2)CC1
C1CCC(CC2CC3CCCCC3C3CCC4CCCCC4C23)CC1
C1CCC(CCC2CCC3C(CCC3C3CCCCC3)C2)CC1
C1CCC(C2CC3CCCC3C3CCC4CCCCCC4C23)CC1
C(CCCCC1CCC(C2CCCCC2)C1)CCCC1CCCCC1
C1CCC2CCC(C3CCCC4CCCC43)CC2CC1
C1CCC(CCCC(CCC2CCC3CCCC3C2)CC2CCCCC2)CC1
C1CCC(CCCCCC2CCCCC2)CC1
C1CCC(CCC2CCCC3CC4C(CCC4C4CCCCC4)CC23)CC1
C1CCC(CC(CC2CCCCC2)C2CCCCC2)CC1
C1CCC2CC3CCC(C4CCCCC4)C3CC2CC1
C1CCC(CCCCC2CCCC3CCCCC23)CC1
C1CCC(C2CC3CCCC3CC3CCC4CCCCC4C32)CC1
C1CCC(CC2CC3CCCCC3C3CCC4CCCCC4C23)C1
C(CCCC1CCCC2C(C3CCCCC3)CCC12)CCC1CCCCC1
C1CCC(C2CCC3CC4C(CCC5C6CCCC6CCC45)CC32)CC1
C1CCC(CC2CCC3C(CCC3C3CCCCC3)C2)CC1
C(CCCC1CCC2C(CCC2C2CCCCC2)C1)CCC1CCCCC1
C1CCC(C2CC3CCCCC3C3CCC4CCCCC4C23)CC1
C1CCC2CCC(C3CCCC3)CC2CC1
C1CCC(CC2CCCCC2CCC2CC3CCCCC3C3CCC4CCCCC4C23)CC1
C1CCC(C2CCC3CC4(CCCCCC4C4CCCCC4)CCC32)CC1
C1CCC(CCCC2CCC(C3CC3)CC2)CC1
C1CCC(CCC2CCCC3CCC(CC4CCCC5CCCC54)CC23)CC1
C1CCC2CC(CCCC3CCC4C3CCC3C5CCCCC5CCC43)CC2C1
C1CCC(C2CCC3C(CCCC4CCCCC43)C2)CC1
C1CCC(CCC2CCC3C(CCC3C3CCCC(CC4CCCCC4)C3)C2)CC1
C1CCC(CCC2CC3CCCCC3C3CCC4CCCCC4C23)CC1
C(CCCC1CCCCC1)CCCC1CCC(CC2CCCCC2)C1
C1CCC(CCC2CCC3C2CCC2C4CCCCC4CCC32)C1
C1CCC(C2CCC3CC4C(CCC45CCCC5)CC32)CC1
C1CCC(CCCC2CCC3CCC(C4CCCC5CCCC54)CC3C2)CC1
C1CCC2C(C1)CC(C1CCCC1)C1CCCCC21
C1CCC(C2CCC3CC4C(CCC32)CCC2C3CCCC3CCC42)CC1
C1CCC(CCC2CCC3C(CCC3C3CCCCC3)C2)CC1
C1CCC(C2CCC3CCCC3C3CCC4CCCCC4C23)CC1
C1CCC(C2CCCC(CCC3CC4CCCCC4C4CCC5CCCCC5C34)C2)C1
C1CCC2CC(C3CCCC4CCCC43)CCC2C1
C1CCC2C(C1)CCCC2CCCC1CCCC2CCCCC21
C1CCC(CCC2CCCC3CCC4C(CCC4C4CCCCC4)CC23)CC1
C1CCC(C2CCC3C(CCCCCC4CCC(C5CCCC5)C4)CCCC23)CC1
C1CCC(C2CC3CCCC3C3CCCC4CCCCC4C23)CC1
C1CCC(C2CCC3CC4C(CCC5C6CCC(CCCC7CCC8CCCCC8C7)C6CCC45)CC32)CC1
C1CCC(C2CC3CCCC3C3CCC4CCCCC4C23)CC1
C1CCC(CCCCCC2CCC3CCCCC23)CC1
C1CCC(CC2CCC3C(CCC3C3CCCCC3)C2)CC1
C(CCCC1CCCC2C(C3CCCCC3)CCC12)CCC1CCCCC1
C1CC2CCC3C(CCC4CCCCC43)CC2C1
C1CCC(C2CCCCC2CC2CC3CCCCC3C3CCC4CCCCCC4C23)CC1
C1CCC(CCC(CC2CCC(CC3CCCCC3)CC2)C2CCCCC2)CC1
C1CCC(CCCCC2CCC3CCCCC3C2)CC1
C1CCC(CC2CC3CCCCC3C3CCC4CCCCCC4C23)CC1
C1CCC(C2CC3CCCC3C3CCC4CCCCC4C23)CC1
C1CCC2CC(CCCC3CCC4C3CCC3C5CCCCC5CCC43)CC2C1
C1CCC(CC2CC3CCCCC3C3CCC4CCCCC4C3C2)CC1
C1CCC2C(C1)CCC1C3CCCCC3CCC21
C1CCC(CC2CCCCC2CC2CC3CCCCC3C3CCC4CCCCCC4C23)CC1
C1CCC2CC(CCCC3CCC4C3CCC3C5CCCCC5CCCC43)CC2C1
C1CCC2CCC(C3CCCC4CCCC43)CC2CC1
C(CCC1CCCC2CCCCC12)CC1CCC2CCCCC2C1
C1CCC(C2CC3CCCC3C3CCC4CCCCC4C23)CC1
C1CCC(CC2CC3CCCCC3CC3CCC4CCCCC4C32)CC1
C(CCCC1CCCC2C(C3CCCCC3)CCC12)CCC1CCCCC1
C1CCC(CC2CC3CCCCC3C3CCC4CCCCC4C23)CC1
C1CCC(C2CC3CCCC3C3CCC4CCCCC4C23)CC1
C1CCC(CCC2CCC3C(CCCC4C5CCCC5CCC34)C2)CC1
C1CCC(CCCCCC2CCCC3C(CC4CCCCC4)CCC23)CC1
C1CCC2CC(CCCC3CCCC4CCCCC43)CC2C1
C1CCC(C2CC3CCCC3C3CCC4CCCCCC4C23)CC1
C1CCC(CCCCC2CC3CCCCC3C2)CC1
C1CCC(CCC2CCCCC3CC4C(CCC4C4CCCCC4)CC23)CC1
C1CCC(CCCCCC2CCC3CCCCC23)CC1
C1CCC(CCC(CCC2CCC3CCCC3C2)CC2CCCCCC2)CC1
C(CCC1CCCC2CCCCC12)CC1CCCC2CCCCC12
C1CCC(CCCCC2CCC3CCCCC23)CC1
C1CCC(C2CCC3CC4C(CCCCC45CCCC5)CC32)CC1
C1CCC2C(C1)CCC1C2CCC2C3CCCC3CC21
C1CCC(CCCCCC2CC3CCCCC3C2)CC1
C1CCC(CCCCC2CCC3CCCCC23)CC1
C1CCC(C2CCC3CC4C(CCC45CCCC5)CC32)CC1
C1CCC(C2CCC3CC4CCCCC4CC32)CC1
C1CCC(CC2CCC3C(CCC3C3CCCCC3)C2)CC1
C1CCC(C2CCC3CC4C(CCCC45CCCC5)CC32)CC1
C1CCC(CCCCC2CCC3CCCCC23)CC1
C1CCC(CCCC2CCC3C4CCC5CC6C(CCC6C6CCCCC6)CC5C(CCC23)C4)CC1
C(CCC1CCCC2CCCC12)CC1CC2CCCCC2C1
C1CCC(CCCCCC2CCCC3C(CC4CCCCC4)CCC23)CC1
C1CCC2CC(CC3CCCC4CCCC43)CCC2C1
C1CCC(C2CCC3CC4C(CCC5C6CCC(CCCC7CCC8CCCCC8C7)C6CCC45)CC32)CC1
C1CCC(CCCCCC2CC3CCCCC3C2)CC1
C1CCC(CCC2CCC3C(CCC4CC(CC5CCCCC5)CCC43)C2)CC1
C1CCC(CCCCCC2CC3CCCCC3C2)CC1
C1CCC(CC2CCC(CCCC3CCC4CCCC4C3)CC2)C1
C1CCC(CC2CC3CCCCC3C3CCC4CCCCCC4C23)CC1
C1CCC(CCCCCC2CCC3CCCCC23)CC1
C1CCC(C2CCC3(CCC4CCC5C(CCC5C5CCCCC5)CC43)C2)CC1
C1CCC(CCCC2CCCC3CC4C(CCC4C4CCCCC4)CC23)CC1
C1CCC2CC(CC3CCCC4CCCC43)CCC2C1
C1CCC(C2CCC3CCCC3C3CCC4CCCCC4C23)CC1
C1CCC2C(C1)CCC1C3CCCC3CCC21
C(CCC1CCCC2CCCC12)CC1CC2CCCCC2C1
C1CCC(CC2CC3CCCCC3C3CCC4CCCCC4C23)CC1
C1CCC(C2CC3CCCCC3C3CCCCC3C2)CC1
C1CCC(CCC2CCC(CCC3CCCC(CC4CCCC4)C3)CC2)CC1
C1CCC(C2CC3CCCC3C3CCC4CCCCCC4C23)CC1
C1CCC(CCCCC2C(CC3CCCC4CCCC43)CCC3CCCCC32)CC1
C1CCC(CCC2CCC3C(CCC4C5CCCCC5CCC34)C2)CC1
C1CCC(C2CC3CCCC3C3CCC4CCCCCC4C23)CC1
C(CCCC1CCCCC1)CCCC1CCC(C2CCCCC2)C1
C1CCC2CC(CCCC3CCCC4C3CCC3C5CCCCC5CCC43)CC2C1
C1CCC(CCCC2CCC(C3CCC4C(CCC4C4CCCCC4)C3)CC2)CC1
C1CCC(CC2CCC3C(CCC3C3CCCCC3)C2)CC1
C1CCC(CCCCCC2CCC3CCCCC23)CC1
C1CCC(CC2CCCC(C3CCC4CC(CCC5CCC6CCCCC6C5)CCC43)C2)C1
C(CC1CC2CCCCC2C1)CC1CCC2C(CCC3C4CCCCC4CCC23)C1
C1CCC(C2CCC3C(CCC3C3CCCCC3)C2)CC1
C1CCC2CC(CCCC3CCCC4C3CCC3C5CCCCC5CCC43)CC2C1
C(CCCC1CCCCC1)CCC1CCCCC1
C1CCC(CCC2CCC3C(CCC3C3CCCCC3)C2)CC1
C(CCC1CCCC2CCCCC12)CCC1CCCC2CCCCC12
C1CCC(CCCCC(CC2CCC3C(CCC3C3CCCCC3)C2)C2CCCCC2)CC1
C1CCC(CCCC(CCC2CCC3CCCC3C2)CC2CCCCC2)CC1
C1CCC2CC3CCCCC3CCC2C1
C1CCC(C2CCC3C(CCC4CCCCC43)C2)CC1
C1CCC2CC(C3CCCC3)C3CCCC3C2CC1
C1CCC(CCCCCC2CC3CCCCC3C2)CC1
C1CCC(CCCCCC2CCCC3C(C4CCCCC4)CCC23)CC1
C1CCC(C2CCC(CCCCCC3CCCC4CCCCC34)C2)CC1
C1CCC(CCCCCC2CCCC3C(C4CCCCC4)CCC23)CC1
C1CCC(CCCCCC2CCCC3C(C4CCCCC4)CCC23)CC1
C1CCC(CC2CCC3C(CCC3C3CCCCC3)C2)CC1
C1CCC2CCC3C4CCC(CCCC5CC6CCCCC6C5)C4CCC3C2CC1
C1CCC(CCCCC2CCC3CCCCC23)CC1
C1CCC(CCCCCC2CCCC3C(C4CCCCC4)CCC23)CC1
C1CCC(CCC2CCC(C3CC3)CC2)CC1
C1CCC2C(C1)CCC1C2CCC2C3CCCC3CC21
C1CCC(CCC(CCCC2CCC3CCCC3C2)CC2CCCCC2)CC1
C1CCC(CCC2CCC(C3CCC4C(CCC4C4CCCCC4)C3)CC2)CC1
C1CCC2C(C1)CCC1CCCCC12
C(CCC1CCCC2CCCCC12)CC1CCCC2CCCCC12
C1CCC2C(C1)CCC1C3CCCC3CCCC21
C1CCC2C(C1)CCC1C3CCCC3CCC21
C1CCC2CCC(C3CCCC4CCCC43)CC2CC1
C1CCC(C2CCC3CCC4(CCCCCC4)C3C2)CC1
C1CCC(C2CCC3CC4C(CCC45CCCC5)CC32)CC1
C1CCC2CCC3C4CCCCC4CC(CC4CCCC4)C3C2CC1
C(CCC1CCCC2CCCCC12)CC1CCC2CCCCC2C1
C1CCC(CCCC2CCCC3CCC(C4CCCC5CCCC54)CC23)CC1
C1CCC(CCC2(CCCC3CC4CCCCC4C3)CCC3C4CCC5CCCCC5C4CCC32)C1
C1CCC(CCC2CCC(CCC3CCCC(CC4CCCC4)CC3)CC2)CC1
C1CCC2CCC3C4CCC(CCCC5CCC6CCCCC6C5)C4CCC3C2CC1
C1CCC2C(C1)CCC1C3CCCCC3CCCC21
C1CCC(CCCCC2CC3CCCCC3C2)CC1
C1CCC(CCC2CCC3C(CCC3C3CCCC(CC4CCCC4)C3)C2)CC1
C1CCC(CCCCCC2CC3CCCCC3C2)CC1
C(CCCCC1CCC2C(CCC3C4CCCC4CCC23)C1)CCCC1CCCC(CC(CC2CCC(CC3CCCCC3)CC2)C2CCCCC2)C1
C1CCC2CCC3C4CCCC4CCC3C2CC1
C1CCC(CCCCC2CC3CCCCC3C2)CC1
C1CCC(C2CCC(CCCC3CCC4C3CCC3C5CCCCC5CCC43)C2)CC1
C1CCC(CCCC2CCC3C2CCC(C2CCCCC2)C2C4CCCCC4CCC32)CC1
C1CCC(CCC2(CCCC3CC4CCCCC4C3)CCCC3C4CCC5CCCCC5C4CCC32)C1
C(CCCC1CCCCC1)CCC1CCCCC1
C1CCC2C(C1)CCC1C3CCCC3CCCC21
C1CCC(C2CCC3CC4C(CCC45CCCCC5)CC32)CC1
C1CCC2CC(CCCC3CCC4C3CCC3C5CCCCC5CCC43)CC2C1
C1CCC2CC(CCCC3CCC4C3CCC3C5CCCCC5CCC43)CC2C1
C1CCC(CCCCC2CC3CCCCC3C2)CC1
C1CCC2CCC(C3CCCC4CCCC43)CC2CC1
C1CCC(C2CCC3CCC4C(CCC45CCCC5)CC32)CC1
C1CCC(CCCC2CCC3CCC(C4CCCC5CCCC54)CC3C2)CC1
C1CCC2C(C1)CCC1CCCCC12
C1CCC2CCC3C4CCCC4CCC3C2CC1
C1CCC(CCC2CCC3C(CCC3C3CCCC(CC4CCCC4)C3)C2)CC1
C1CCC(CCC2CCC3C(CCC3C3CCCCC3)C2)CC1
C1CCC2CC3CCCCC3CCC2C1
C1CCC(C2CC3C(CCC4CC4)CCC3C3CCCC4CCCCC4C23)CC1
C1CCC2C(C1)CCC1C3CCCC3CCCC21
C1CCC(C2CCC3CC4C(CCC45CCCCCC5)CC32)CC1
C1CCC(CCCC2CCC3C2CCC2C4CCC5CCC(C6CCCCC6)C5CC4CCC32)CC1
C1CCC(CCCC2CCC3CCC(C4CCCC5CCCC54)CC3C2)CC1
C1CCC(CCC2CCC3C(CCC3C3CCCCC3)C2)CC1
C1CCC2C(C1)CCCC1CCCCC12
C1CCC(C2CC3CCCCC3CC3CCCCC32)CC1
C1CCC(CCCCC2CC3CCCCC3C2)CC1
C1CCC(C2CCC(C3CC4CCCC4C4CCC5CCCCC5CC34)CC2)C1
C1CCC(CCCCC2CC3CCCCC3C2)CC1
C1CCC(CCCC2CCC3CCCC3C2)CC1
C1CCC(CCC2CCC(CCC3CCCC(CC4CCCC4)C3)CC2)CC1
C1CCC(CC2CC3CCCCC3C3CCC4CCCCC4C23)C1
C(CCCCC1CCC(C2CCCCC2)C1)CCCC1CCCCC1
C(CCC1CCCC2CCCC12)CC1CC2CCCCC2C1
C1CCC(CC2CCCC(C3CCC4CC(CCC5CCC6CCCCC6C5)CCC43)C2)C1
C1CCC(CCC(CCC2CCCCC2)CCC2CCC3CCCC3C2)CC1
C1CCC(CC2CC3CCCCC3C3CCC4CCCCC4C23)CC1
C1CCC(CC(CC2CCCCC2)C2CCCCC2)CC1
C1CCC(CCCCC2CC3CCCCC3C2)CC1
C1CCC(CCCCCC2CC3CCCCC3C2)CC1
C1CCC(CCCC2CC3CCCCC3C2C2CCCCC2)CC1
C1CCC(CCCCC2CCC3CCC(C4CCCC5CCCC54)CC3C2)CC1
C1CCC(CCCCCC2CC3CCCCC3C2)CC1
C1CCC(CCCCCC2CC3CCCCC3C2)CC1
C1CCC(CC2CCC3C(CCC3C3CCCCC3)C2)CC1
C1CCC(C2CCC3CCC4C(CCC5C6CCC(CCCC7CC8CCCCC8C7)C6CCC45)CC32)CC1
C(CCC1CCC2C1CCC1C3CCCCC3CCC21)CC1CC2CCCCC2C1
C1CCC(C2CCC3C(CCCCCC4CCC(C5CCCC5)C4)CCCC23)CC1
C1CCC(CCC2CCC3C(CCC4C5CCCC5CC(CCC5CCCCC5)CC34)C2)CC1
C1CCC(CCCCCC2CCC3C(CCC3C3CCCCC3)C2)CC1
C1CCC(CC2CCC3CC4(CCCCC4C4CCCCC4)CCC23)CC1
C1CCC(C2CCC3CC4CCCCC4CC32)CC1
C1CCC2C(C1)CCC1C3CCCC3CCC21
C1CCC(CC2CC3CCCCC3CC3CCC4CCCCC4C32)CC1
C1CCC2CCC3C4CCCC4CCC3C2CC1
C(CCCC1CCCC2C(C3CCCCC3)CCC12)CCC1CCCCC1
C1CCC2CC(CC3CCC4CCCCC43)CCC2C1
C1CCC(CC23CCCCC2CCC2C4CCCC4CCC23)CC1
C1CCC(CCCCCC2CC3CCCCC3C2)CC1
C1CCC(CCC2CCC(CCC3CCCCC3)CC2)CC1
C1CCC(CCCCC2CCC3C2CCCC2C4CCCCC4CCC23)CC1
C1CCC2C(C1)CC(C1CCCC1)C1CCCCC21
C1CCC(C2CC3CCCC3C3CCC4CCCCCC4C23)CC1
C1CCC(CCC2CCC3C2CCC2C4CCCCC4CCC32)C1
C1CCC(C2CC3CCCC3C3CCC4CCCCC4CC23)CC1
C1CCC(CC2CC3CCCCC3C3CCC4CCCCC4C23)CC1
C1CCC(CCCCC2CC3CCCCC3C2C2CCCCC2)CC1
C(CCC1CCCC2CCCCC12)CCC1CCCC2CCCCC12
C1CCC(C2CCC3CCC4CCCCC4C3CC2)CC1
C1CCC(C2CC3C(CCCC4CC4)CCC3C3CCC4CCCCC4C23)CC1
C1CCC2CC(CCCC3CCC4C3CCC3C5CCCCC5CCC43)CCC2C1
C(CCC1CCCC2CCCCC12)CC1CCCC2CCCCC12
C(CCCC1CCCCC1)CCCC1CCC(C2CCCCC2)C1
C1CCC(CCC2CCC(C3CCC4C(CCC4C4CCCCC4)C3)CC2)CC1
C1CCC(C2CC3CCCC3C3CCCC4CCCCC4C23)CC1
C1CCC(CCC2CCC(CCC3CCCC(CC4CCCC4)C3)CC2)CC1
C1CCC(CCCCC2CC3CCCCC3C2)CC1
C1CCC2C(C1)CCCC2CCCC1CCCC2CCCCC21
C1CCC(CCCCC2CC3CCCCC3C2)CC1
C1CCC2CC(C3CCCC3)C3CCCC3C2CC1
C1CCC2CC(C3CCCC4CCCC43)CCC2C1
C(CCCCC1CCC(C2CCCCC2)C1)CCCC1CCCCC1
C1CCC(CCC(CCC2CCC3CCCC3C2)CC2CCCCC2)CC1
C1CCC(CCC2CCC(CCC3CCCCC3)CC2)CC1
C1CCC(CCCCCC2CCCC3C(CC4CCCCC4)CCC23)CC1
C1CCC2C(C1)CCC1C3CCCC3CCC21
C1CCC(C2CCC3CC4C(CCC32)CCC42CCCC2)CC1
C1CCC(C2CCC3CCC4CCCCC4CC32)CC1
C1CCC(CCCCC2CC3CCCCC3C2)CC1
C1CCC(C2CCC3CCC4C(CCCC45CCCC5)CC32)CC1
C1CCC(CCCCCC2CCCC3C(C4CCCCC4)CCC23)CC1
C1CCC(C2CCC3C(CCCCCC4CC4)CCCC23)CC1
C1CCC(C2CC3CCCC3C3CCCC4CCCCC4C23)CC1
C1CCC2CCC3C4CCCCC4CC(CC4CCCC4)C3C2CC1
C1CCC(CCCCCC2CCC3C2CCC2C4CCCCC4CCC32)CC1
C1CCC(CCCCCC2CCCC3C2CCC3C2CCC(CC3CCC3)CC2)CC1
C1CCC(CCC2CCC3C(CCC3C3CCCCC3)C2)CC1
C(CCC1CCC2C1CCC1C3CCCCC3CCC21)CC1CCC2CCCCC2C1
C(CCC1CCCC2CCCC12)CC1CC2CCCCC2C1
C1CCC(C2CCC3CC4C(CCC45CCCCC5)CC32)CC1
C1CCC(CCCCC2CCC3CCCCC23)CC1
C1CCC2CCC(C3CCCC4CCCC43)CC2CC1
C1CCC(C2CC3CCCC3C3CCC4CCCCC4C23)CC1
C1CCC(C2CC3CCCC3C3CCC4CCCCC4C23)CC1
C1CCC(C2CC3CCCC3C3CCCC4CCCCC4C23)CC1
C1CCC2CCC3C4CCC(CCCC5CCCC6CCCCC65)C4CCC3C2CC1
C1CCC(CC2CC3CCCCC3C3CCC4CCCCC4C23)C1
C(CCCC1CCCCC1)CCCC1CCC(C2CCCCC2)C1
C1CCC(CCCCCC2CCC3CCCCC23)CC1
C1CC2CCCC2C(CC2CC3CCCCC3C3CCCC23)C1
C1CCC(CC2CCCC(CCC3CCC(CCC4CCC(CC5CC5)CC4)CC3)C2)C1
C1CCC(C2CC3C(CCC4CC4)CCC3C3CCC4CCCCCC4C23)CC1
C1CCC(CCCC2CCC3C(CCC3C3CCCCC3)C2)CC1
C1CCC(CCCCC2CCC3CCCCC23)CC1
C1CCC2CCC(C3CCCC4CCCC43)CC2CC1
C(CCCC1CCC2CCCC2C1)CCC1CCCCC1
C1CCC(C2CCC3(CCC4CCC5C(CCC5C5CCCCC5)CC43)C2)CC1
C1CCC(CCC2CCC3C(CCC3C3CCCCC3)C2)CC1
C1CCC2CCC3CCCCC3C2CC1
C1CCC(C2CC3CCCC3C3CCC4CCCCC4CC23)CC1
C(CCCCC1CCC2C(CCC3C4CCCC4CCCC23)C1)CCCC1CCCC(CC(CC2CCC(CC3CCCCC3)CC2)C2CCCCC2)C1
C1CCC2CCC3C4CCC(CCCC5CC6CCCCC6C5)C4CCC3C2CC1
C1CCC(C2CCC3(CCC4CCC5C(CCC5C5CCCCC5)CC43)C2)CC1
C1CCC(CCCCCC2CCCC3C(CC4CCCCC4)CCC23)CC1
C(CCCC1CCCC2CCCCC12)CCC1CCC(C2CCCCC2)C1
C1CCC(CC2CCC3CC4C(CC5CCC6CCCCC65)CCCC4CC23)CC1
C1CC(C2CCC(C3CC4CCCC4C4CCC5CCCCC5C4C3)CC2)C1
C1CCC(CCCCC2CC3CCCCC3C2)CC1
C1CCC2CC(C3CCCC4CCCC43)CCC2C1
C1CCC(CCCC2CCC(C3CCCC4C(C5CCCCC5)CCC34)C2)CC1
C1CCC2CC(C3CCCC4CCCC43)CCC2C1
C1CCC(CCCCCC2CC3CCCCC3C2)CC1
C1CCC2CCC3C4CCC(CCCC5CC6CCCCC6C5)C4CCC3C2CC1
C1CCC(CCCCC2CC3CCCCC3C2)CC1
C1CCC(CC2CCC(CCCCCC3CCCC4CCCCC34)C2)CC1
C1CCC2CC(CCCC3CCCC4C3CCC3C5CCCCC5CCC43)CC2C1
C1CCC(CCCCC2CC3CCCCC3C2)CC1
C1CCC(CCC(CC2CCCCC2)C2CCCCC2)CC1
C(CCC1CC2CCCCC2C1)CCC1CCCC2CCCC12
C1CCC(CCCCC2CC3CCCCC3C2)CC1
C1CCC(C2CCC3C(CCC3C3CCCCC3)C2)CC1
C1CCC(CCC2CCC3C(CCC4CC(C5CCCCC5)CCC43)C2)CC1
C1CCC(CC2CC3CCCCC3C3CCC4CCCCC4C23)CC1
C1CCC2CC(CCCC3CCC4C3CCC3C5CCCCC5CCC43)CC2C1
C1CCC(C2CCC3CCCC3C3CCC4CCCCC4C23)CC1
C1CCC(C2CCC3CCC4(CCCCCC4)C3C2)CC1
C1CCC(CCC2CCC3C(CCC3C3CCCCC3)C2)CC1
C1CCC(CC2CC3CCCCC3C3CCC4CCCCCC4C23)CC1
C1CCC(CCC2CCC3C(CCC4C5CCCC5CCC34)C2)CC1
C1CCC(CC2CCC3(CCC4CC5C(CCC5C5CCCCC5)CC43)C2)CC1
C1CCC(C2CCC3CC4CCCCC4CC32)CC1
C1CCC2CC(C3CCCC4CCCC43)CCC2C1
C1CCC(CCCC2CCC3C(CCC3C3CCCCC3)C2)CC1
C1CCC(C2CCC3CC4C(CCC5C6CCC(CCCC7CC8CCCCC8C7)C6CCCC45)CC32)CC1
C(CCCC1CCCC2CCCCC12)CCC1CCC(C2CCCC2)C1
C1CCC(CCCC2CCC(C3CC3)CC2)CC1
C(CCCC1CCCCC1)CCCC1CCC(C2CCCCC2)C1
C1CCC(CCC2(CCCC3CC4CCCCC4C3)CCCC3C4CCC5CCCCC5C4CCC32)C1
C1CCC(CCCCCC2CCC3CCCCC23)CC1
C1CCC(CCC2CCC3C(CCC3C3CCCCC3)C2)CC1
C1CCC(C2CC3C(CCC4CCC4)CCC3C3CCC4CCCCC4C23)CC1
C1CCC(C2CCC3C(CCC4CCCCC43)C2)C1
C1CCC(C2CCCCC2CC2CC3CCCCC3C3CCC4CCCCCC4C23)CC1
C1CCC2CCC(C3CCCC4CCCC43)CC2CC1
C1CCC(CCCCCC2CCCC3C(C4CCCCC4)CCC23)CC1
C1CCC2C(C1)CCC1C3CCCC3CCC21
C1CCC(CCCC2CCC3CCC(C4CCCC5CCCC54)CC3C2)CC1
C1CCC(CC2CCC3CCC(C4CCCC4)C3C2)C1
C1CCC2CCC(C3CCCC4CCCC43)CC2CC1
C1CCC(CCC2CCC3C(CCC3C3CCCCC3)C2)CC1
C1CCC2CC(CCCC3CCC4C3CCCC3C5CCCCC5CCC34)CCC2C1
C1CCC(CC2CCC3CC4C(CCCC45CCCCC5)CC23)CC1
C1CCC(C2CC3CCCC3C3CCC4CCCCCC4C23)CC1
C1CCC(CCCCCC2CC3CCCCC3C2)CC1
C1CCC(CCCCC2CC3CCCCC3C2)CC1
C1CCC(CCC2CCC3C(CCC4C5CCCC5CCC34)C2)CC1
C1CCC(C2CCC3CC4C(CCC5C6CCC(CCCC7CCC8CCCCC8C7)C6CCC45)CC32)CC1
C1CCC(C2CCC3CC4C(CCCC5C6CCC(CCCC7CCC8CCCCC8C7)C6CCC45)CC32)CC1
C1CCC(CCCCCC2CCCC3C(C4CCCCC4)CCC23)CC1
C1CCC(C2CCC3CC4C(CCC5C6CCC(CCCC7CC8CCCCC8C7)C6CCCC45)CC32)CC1
C1CCC(CC2CCC3CCCCC3C3CCC4CCCCC4C23)C1
C1CCC(C2CC3CCCCC3C3CCCCC23)CC1
C1CCC(C2CCC3CC4C(CCC5C6CCCC6CCC45)CC32)CC1
C1CCC(CCC2CCC(C3CCCC4C(C5CCCCC5)CCC34)C2)CC1
C1CCC(CCC2CCC3C(CCC4CC(C5CCCCC5)CCC43)C2)CC1
C1CCC(CCCCCC2CC3CCCCC3C2)CC1
C1CCC(CCCC2(CCCC3CC4CCCCC4C3)CCC3C4CCC5CCCCC5C4CCC32)C1
C1CCC(CCC2CCC3C(CCC3C3CCCCC3)C2)CC1
C1CCC(C2CCC3CC4CCCCC4CC32)CC1
C1CCC(CCC2CCC(CCCC3CCCC(CC4CCCC4)C3)CC2)CC1
C(CCCC1(C2CCCCC2)CCC1)CCC1CCC(C2CCCCC2)C1
C1CCC(CCCCCC2CCC3CCCCC23)CC1
C1CCC(CCCC2CCC3C(CCC4C5CCCC5CCC34)C2)CC1
C1CCC(CCCC2CC3CCCC3C3CCC4CC(CCC5CCCCC5)CCC4C23)CC1
C(CCC1CCCC2CCCCC12)CC1CC2CCCCC2C1
C1CCC(CCC2CCC3C2CCC2C4CCCCC4CCC32)C1
C1CCC2CC(CCCC3CCC4C3CCC3C5CCCCC5CCC43)CC2C1
C1CCC(C2CCC3CCC4C(CCC45CCCC5)CC32)CC1
C1CCC2CC(C3CCC4CCCCC43)CCC2C1
C1CCC(CCCCC2CC3CCCCC3C2)CC1
C1CCC(CCC(CCC2CCC3CCCCC3C2)CC2CCCCC2)CC1
C1CCC(CCCCC2CCC3CCCCC23)CC1
C1CCC(CCCCC2CC3CCCCC3C2)CC1
C1CCC(CCCCCC2CCCC3C(C4CCCCC4)CCC23)CC1
C1CCC(C2CCC3CC4C(CCC45CCCCC5)CC32)CC1
C1CCC(C2CCC3C(CCCCCC4CCC(C5CCCC5)C4)CCCC23)CC1
C(CCCCC1CCC(C2CCCCC2)C1)CCCC1CCCCC1
C(CCCC1CCCCC1)CCCC1CCC(CC2CCCCC2)C1
C1CCC(C2CCC3CC4C(CCC5C6CCC(CCCC7CC8CCCCC8C7)C6CCC45)CC32)CC1
C1CCC(C2CCC3CCC4CCCCC4C3CC2)CC1
C1CCC(C2CCC3C(CCCC4CCCCC43)C2)CC1
C1CCC(CC2CC3CCCCC3C3CCC4CCCCC4C23)CC1
C1CCC(CCCCCC2CC3CCCCC3C2)CC1
C1CCC(C2CCC3CC4C(CCC45CCCCCC5)CC32)CC1
C1CCC(CCCCCC2CCC3CCCCC23)CC1
C1CCC(CCCCC2CC3CCCCC3C2)CC1
C1CCC(C2CCC(CCCCCC3CCCC4C(C5CCCCC5)CCC34)C2)CC1
C(CCCC1CCCC2C(C3CCCCC3)CCC12)CCC1CCCCC1
C1CCC(C2CCC3CC4(CCCCC4C4CCCCC4)CCC32)CC1
C1CCC2CCC3C4CCCC4CCC3C2CC1
C1CCC(C2CCC3CC4C(CCCC5C6CCC(CCCC7CC8CCCCC8C7)C6CCC45)CC32)CC1
C1CCC(CCCCC2CCCC(C3CCC4CC(CCC5CCC6CCCCC6C5)CCC43)C2)CC1
C1CCC(C2CCC3CC4C(CCCC45CCCCC5)CC32)CC1
C(CCCC1CCCC2C(C3CCCCC3)CCC12)CCC1CCCCC1
C1CCC(C2CCC(CCCCCC3CCCC4CCCCC34)C2)CC1
C1CCC(CCC2CCC(CCC3CCCCC3)CC2)CC1
C1CCC2CC(CCCC3CCCC4C3CCC3C5CCCCC5CCC43)CC2C1
C1CCC2CCC3CCCCC3C2CC1
C1CCC(CCCCCC2CCCC3C(C4CCCCC4)CCC23)CC1
C1CCC(C2CCC3CC4C(CCC32)CCC2C3CCC(CCCC5CCC6CCCCC6C5)C3CCC42)CC1
C1CCC(C2CC3CCCC(C3)C3CCC4CCCCC4C32)CC1
C1CCC(CCC2CCC3C(CCC3C3CCCCC3)C2)CC1
C1CCC(CCCCC2CCC3CCCCC23)CC1
C1CCC(C2CCC(C3CC4CCCC4C4CCCC5CCCCC5C34)CC2)C1
C(CCC1CCC2CCCCC2C1)CCC1CCCC2CCCCC12
C(CCC1CCCC2CCCC12)CC1CC2CCCCC2C1
C1CCC2C(C1)CCC1C3CCCC3CCC21
C1CCC(CCC(CCC2CCC3CCCC3C2)CC2CCCCC2)CC1
C1CCC(C2CC3CCCC3C3CCC4CCCCCC4C23)CC1
C1CCC2C(C1)CCC1CCCCC12
C1CCC(CCCCCC2CC3CCCCC3C2)CC1
C1CCC(C2CC3CCCC3C3CCCC4CCCCC4C23)CC1
C(CCC1CCC2CCCCC2C1)CCC1CCCC2CCCCC12
C1CCC(C2CCC3CC4C(CCCCC45CCCC5)CC32)CC1
C1CCC2CCC(C3CCCC4CCCC43)CC2CC1
C1CCC(CCC2CCC3C(CCC4CC(C5CCCCC5)CCC43)C2)CC1
C(CCC1CCCC2CCCC12)CC1CC2CCCCC2C1
C1CCC(CCCC(CC2CC3CCCCC3C2)C2CC2)CC1
C1CCC(C2CCC3CCCC3C3CCC4CCCCC4C23)CC1
C1CCC(CCCC2CCC3CCCC3C2)CC1
C1CCC(C2CCC3CC4C(CCC5C6CCC(CCCC7CCC8CCCCC8C7)C6CCC45)CC32)CC1
C1CCC(CCCCCC2CC3CCCCC3C2)CC1
C1CCC(C2CCC3CC4C(CCCCC45CC(C4CCCCC4)C(C4CCCCC4)C5)CC32)CC1
C1CCC(C2CCC3CC4C(CCC45CCCCCC5)CC32)CC1
C1CCC(C2CC3CCCC3C3CCCC4CCCCC4C23)CC1
C1CCC(CCCCCC2CC3CCCCC3C2)CC1
C1CC2CCC3C(CCC4CCCCC43)CC2C1
C1CCC2C(C1)CCC1C3CCCC3CCCC21
C(CCC1CCC2CCCCC2C1)CCC1CCCC2CCCCC12
C1CCC(CCC2CCC3C(CCC3C3CCCCC3)C2)CC1
C(CCCC1CCCC2C(C3CCCCC3)CCC12)CCC1CCCCC1
C1CCC(CCCCCC2CCC3CCCCC23)CC1
C1CCC2CC(CCCC3CCCC4CCCCC43)CC2C1
C1CCC2C(C1)CCC1C3CCCCC3CCC21
C(CCC1CCCC2CCCC12)CC1CC2CCCCC2C1
C1CCC(CCCCCC2CCC3CCC(C4CCCC5CCCC54)CC3C2)CC1
C1CCC(CCCC2CCC3C2CCC2C4CCCCC4CCCC32)C1
C(CCCC1CCCC2C1CCC2C1CCCC(CC2CC2)C1)CCC1CCCCC1
C1CCC(CCCC2CCC3CCCC3C2)CC1
C(CCC1CCC2CCCCC2C1)CCC1CCCC2CCCCC12
C1CCC2CCC(C3CCCC4CCCC43)CC2CC1
C1CCC2CCC3C4CCCC4CCC3C2CC1
C1CCC(CC2CCC3CC4C(CCCC5CC5)CCCC4CC23)CC1
C1CCC(C2CCC3CC4C(CCC45CCCC5)CC32)CC1
C1CCC2CC(CC3CCCC4CCCC43)CCC2C1
C1CCC(CC2CCC3C(CC4CCCCC4)CCC3C2)CC1
C1CCC(CC2CCC3CCCCC3C3CCC4CCCCC4C23)C1
C1CCC(CCCCCC2CCCC3C(CC4CCCCC4)CCC23)CC1
C1CCC2C(C1)CCC1CCCCC12
C1CCC(CCC2CCC(C3CCC4C(CCC4C4CCCCC4)C3)CC2)CC1
C1CCC2C(C1)CCC1C3CCCC3CCC21
C1CCC(CC2CCCC(C3CCC4CC(CCC5CCC6CCCCC6C5)CCC43)C2)CC1
C1CCC2C(C1)CCC1C3CCCC3CCCC21
C1CCC(CCCC2CCCC(C3CCC4CC(CCCC5CCC6CCCCC6C5)CCC43)C2)CC1
C1CCC(CCCCC2CC3CCCCC3C2)CC1
C1CCC2CC(CCCC3CCCC4CCCCC43)CC2C1
C1CCC(C2CC3CCCC3C3CCCC4CCCCC4C23)CC1
C1CCC(CCCC2CCC3C(CCC3C3CCCCC3)C2)CC1
C(CCC1CCCC2CCCCC12)CC1CC2CCCCC2C1
C1CCC(CCC2CCCC3CCC(CC4CCCC5CCCC54)CC23)CC1
C1CCC(C2CCC3CC4(CCCCCC4C4CCCCC4)CCC32)CC1
C1CCC(CCCCCC2CCCC3CCCC23)CC1
C(CCCCC1CCC(C2CCCCC2)C1)CCCC1CCCCC1
C1CCC(C2CCC3CC4C(CCC45CCCC5)CC32)CC1
C1CCC(C2CCC(CCC3CC4CCCCC4C4CCC5CCCCC5C34)CC2)CC1
C1CCC(C2CCC3(CCC4CC5C(CCC5C5CCCCC5)CC43)C2)CC1
C1CCC(CC2CC3CCCCC3C2C2CCCCC2)CC1
C1CCC(CC2CC3CCCCC3C3CCC4CCCCCC4C23)CC1
C(CCC1CCC2C(CCC3C4CCCC4CCC23)C1)CC1CCC(C2CC3CCCC3C3CCC4CCCCC4C23)CC1
C1CCC(C2CCC3CC4C(CCC5C6CCC(CCCC7CC8CCCCC8C7)C6CCCC45)CC32)CC1
C1CCC(CCCCC2CCC3CCC(C4CCCC5CCCC54)CC3C2)CC1
C(CCC1CCCC2CCCCC12)CC1CCCC2CCCCC12
C1CCC(CC2CC3CCCCC3C3CCC4CCCCC4C23)C1
C1CCC(C2CCC3CC4C(CCC45CCCCC5)CC32)CC1
C1CCC(CC2CC3CCCCC3C3CCC4CCCCCC4C23)CC1
C1CCC(CCC(CCC2CCC3CCCC3C2)CC2CCCCC2)CC1
C1CCC(CCC2CCC3C(CCC3C3CCCCC3)C2)CC1
C1CCC2C(C1)CCCC1C2CCC2C3CCCC3CC21
C(CCC1CCCC2CCCCC12)CC1CCC2CCCCC2C1
C1CCC2CC(C3CCCC4CCCC43)CCC2C1
C1CCC2C(C1)CCC1C3CCCCC3CCC21
C1CCC2CCC3C4CCCC4CCC3C2CC1
C1CCC(CCCCCC2CC3CCCCC3C2)CC1
C1CCC(CCCCC2(CCC3CCCC3)CCC3C4CCC5CCCCC5C4CCC32)CC1
C1CCC(CCCCCC2CC3CCCCC3C2)CC1
C1CCC(C2CCC3CC4C(CC5CCC6CCCCC65)CCCCC4CC32)CC1
C(CCC1CCC2CCCCC2C1)CCC1(C2CCCC2)CCCC2CCCCC21
C1CCC2C(C1)CCC1C3CCCC3CCCC21
C1CCC(C2CCC3CC4C(CCC5C6CCC(CCCC7CC8CCCCC8C7)C6CCC45)CC32)CC1
C1CCC(C2CC3CCCC3C3CCC4CCCCC4C23)CC1
C(CCC1CCCC2CCCCC12)CC1CCC2CCCCC2C1
C(CCC1CCCC2CCCC12)CC1CCCC2CCCCC12
C1CCC(CCCC2CCC3C2CCC2C4CCCCC4CCCC32)C1
C1CCC2C(C1)CCCC2CCCC1CCC2C1CCC1C3CCCCC3CCC21
C1CCC(CCCCC2CC3CCCCC3C2)CC1
C1CCC(C2CC3CCCC3C3CCC4CCCCC4C23)CC1
C1CCC2CCC3C4CCC(CCCC5CCCC5)C4CCC3C2CC1
C1CCC(C2CC3CCCC3C3CCC4CCCCC4C23)CC1
C1CCC(C2CCC3CCCCC3C3CCCCC23)CC1
C1CCC2C(C1)CCC1C3CCCC3CCC21
C1CCC(C2CCC3CC4C(CCCC4CC4CCC5CCCCC54)CCC32)CC1
C(CCC1CCCC2CCCC12)CC1CC2CCCCC2C1
C1CCC(C2CC3C(CCC4CCC4)CCC3C3CCC4CCCCC4C23)CC1
C1CCC2C(C1)CCC1C3CCCC3CCCC21
C1CCC(C2CCC3C(CCCC4CCCCC43)C2)CC1
C1CCC(CCCC2CCC3C(CCC3C3CCCC(CCC4CCCC4)C3)C2)CC1
C1CCC2CCC3C4CCCCC4CCC3C2CC1
C1CCC(C2CCC3CC4CCCCC4CCC32)CC1
C1CCC(C2CCC3C(CCC4CCCCC43)C2)CC1
C1CCC(CCCC2CCC3CCC(C4CCCC5CCCC54)CC3C2)CC1
C1CCC(CC2CC3CCCCC3C3CCC4CCCCCC4C23)CC1
C1CCC(CC2CCC3C(CCC3C3CCCCC3)C2)CC1
C1CCC2CC(C3CCCC4CCCC43)CCC2C1
C1CCC2CC(C3CCCC4CCCC43)CCC2C1
C1CCC(CCCCC2CCC3CCCCC23)CC1
C1CCC(CCC2CCC3C2CCC2C4CCCCC4CCC32)C1
C1CCC2CC(CCCC3CCC4C3CCC3C5CCCCC5CCC43)CC2C1
C1CCC2CC(CCCC3CCCC4CCCCC43)CC2C1
C1CCC(CCCCC2CCCC(C3CCC4CC(CCC5CCC6CCCCC6C5)CCC43)C2)CC1
C(CCCC1CCCC2CCCC12)CCC1CCCCC1
C1CCC(CCC2CC3CCCC3C3CCC4CCCCC4C23)CC1
C1CCC(CCCCCC2CCC3CCCCC23)CC1
C1CCC(CCCCC2CCC3CCCC3C2)CC1
C(CCCC1CCCCC1)CCC1CCCCC1
C1CCC2CC(CC3CCCC4CCCC43)CCC2C1
C1CCC(CCCC2CCC3C(CCC3C3CCCCC3)C2)CC1
C1CCC(CCCC2CCC3CCC(C4CCCC5CCCC54)CC3C2)CC1
C1CCC(CCC(CCC2CCC3CCCC3C2)CC2CCCCC2)CC1
C1CCC(CCCCCC2CCC3CCCCC23)CC1
C1CCC2CC(C3CCCC4CCCC43)CCC2C1
C1CCC(CCCC2CCC3CCC(C4CCCC5CCCC54)CC3C2)CC1
C1CCC2C(C1)CCC1C3CCCCC3CCC21
C1CCC(C2CC3CCCCC3C3CCCCC23)CC1
C1CCC(CCCCCC2CCC3CCCCC23)CC1
C1CCC(CC2CCC(CC(CC3CCCCC3)C3CCCCC3)CC2)CC1
C(CCC1CCCC2CCCC12)CC1CC2CCCCC2C1
C(CCCC1CCCC2CCCCC12)CCC1CCC(C2CCCC2)C1
C1CCC(CCCCC2CCC3CCCCC23)CC1
C(CCC1CCC2C(CCC3C4CCCC4CCC23)C1)CC1CCC(C2CCC(C3CC4CCCC4C4CCC5CCCCC5C34)CC2)CC1
C1CCC2CCC3C(CCC4C3CCC4(CCCC3CC4CCCCC4C3)CCC3CCCC3)C2CC1
C1CCC2CCC3C4CCC(CCCC5CCC6CCCCC6C5)C4CCC3C2CC1
C(CCC1CCCC2CCCC12)CC1CC2CCCCC2C1
C1CCC(C2CCC3C(CCC34CCCC4)C3CCCC4CCCCC4C23)CC1
C1CCC(C2CCC(CCCC3CCC4C3CCC3C5CCCCC5CCCC43)C2)CC1
C1CCC(CCC2CCC(C3CCC4C(CCC4C4CCCCC4)C3)CC2)CC1
C1CCC(CCCCCC2CC3CCCCC3C2)CC1
C1CCC(CCCCC2CCCC(C3CCC4CC(CCC5CCC6CCCCC6C5)CCC43)C2)CC1
C1CCC2CC3CCC4C(CCCC5CCCC6CCCCC65)CCC4C3CCC2C1
C1CCC2CC(CC3CCCC4CCCC43)CCC2C1
C1CCC(C2CCC3C(CCC4CCCCC43)C2)CC1
C1CCC(CCCCC2CCC3CCCCC23)CC1
C1CCC(C2CC3CCCCC3C3CCCCC23)CC1
C1CCC2CCCCC2C(CCCCC2CCCC3CCCCC23)C1
C1CCC(CCCC2CCC3C(CCC4C5CCCC5CCC34)C2)CC1
C1CCC2CC(CCCC3CCC4C3CCC3C5CCCCC5CCC43)CCC2C1
C1CCC(CCC2CCC(C3CC3)CC2)CC1
C1CCC(CCC2CCC3C(CCC3C3CCCC(CCC4CCCCC4)C3)C2)CC1
C1CCC2CCC3C4CCCCC4CC(CC4CCCC4)C3C2CC1
C1CCC(CC2CCC3C(CCC3C3CCCCC3)C2)CC1
C1CCC2CC(C3CCCC4CCCC43)C3CCCC3C2CC1
C1CCC(CCCCCC2CCC3CCCCC23)CC1
C(CCC1CCC2CCC(C3CCCC4CCCC43)CC2C1)CC1CCC2CCCC2C1
C(CCCC1CCCCC1)CCCC1CCC(C2CCCCC2)C1
C1CCC(CCCCCC2CC3CCCCC3C2)CC1
C1CCC(CCCCCC2CCCC3C(C4CCCCC4)CCC23)CC1
C1CCC(C2CC3CCCCC3C3CCC(CCC4CCCC4)CC3C2)CC1
C1CCC2CC(CCCC3CCC4C3CCC3C5CCCCC5CCC43)CC2C1
C1CCC(CCCC2CCCC3C2CCC2C4CC5CCC(C6CCCCC6)C5CC4CCC32)CC1
C1CCC2CC(C3CCCC4CCCC43)CCC2C1
C1CCC(CCCCC2CCC3CCCCC23)CC1
C1CCC(CCCCC2CC3CCCCC3C2)CC1
C1CCC(C2CCC3CC4C(CCCC45CCCC5)CC32)CC1
C1CCC(CC2CC3CCCCC3C3CCC4CCCCC4C3C2)C1
C1CCC(C2CC3CCCC3C3CCC4CCCCCC4C23)CC1
C1CCC(CCC2CCC(C3CC3)CC2)CC1
C1CCC(CCC2CCC3C(CC4CCCCC4)CCC3C2)CC1
C1CCC(CCCCCC2CCC3CCCCC23)CC1
C1CCC(C2CCC3CCC4C(CCC45CCCCC5)CC32)CC1
C1CCC(CCC2CCC3C(CCC4CCCCCC43)C2)CC1
C1CCC2CCC3C(CCC4C3CCC4(CCCC3CCC4CCCCC4C3)CCC3CCCC3)C2CC1
C1CCC(CCCCC2CC3CCCCC3C2)CC1
C1CCC2CC(C3CCCC4CCCC43)CCC2C1
C1CCC(CCCCCC2CC3CCCCC3C2)CC1
C1CCC2C(C1)CCC1C2CCC2C3CCCC3CC21
C1CCC(CCCCCC2CC3CCCCC3C2)CC1
C1CCC(CCC(CCC2CCC3CCCCC3C2)CC2CCCCC2)CC1
C1CCC(CC2CCC3C(CCC3C3CCCCC3)C2)CC1
C1CCC(C2CC3CCCC3C3CCC4CCCCCC4C23)CC1
C1CCC(CCCCCC2CCCC3C(CC4CCCCC4)CCC23)CC1
C1CCC(C2CC3CCCCC3C3CCC4CCCCC4C23)CC1
C1CCC(C2CC3CCCC3C3CCCC4CCCCC4C23)CC1
C1CCC(CCC2CC3CCCCC3C3CCC4CCCCC4C23)CC1
C1CCC(CC2CCCC2CC2CC3CCCCC3C3CCC4CCCCCC4C23)CC1
C1CCC2CC(CC3CCCC4CCCC43)CCC2C1
C1CCC(CCCC2CCCC(C3CCC4CC(CCC5CCC6CCCCC6C5)CCC43)C2)CC1
C1CCC(CCC2CCC3C(CCC3C3CCCCC3)C2)CC1
C1CCC(CCCC2(CCC3CCCC3)CCC3C4CCC5CCCCCC5C4CCC32)CC1
C(CCCC1CCCC2C(C3CCCCC3)CCC12)CCC1CCCCC1
C1CCC(CC2CC3CCCCC3C3CCC4CCCCC4C23)CC1
C1CCC(CCC2CCC3C(CCC3C3CCCCC3)C2)CC1
C1CCC2C(C1)CCC1C3CCCCC3CCC21
C1CCC(CCCC2CCC3C(CCC3C3CCCC(CCC4CCCC4)C3)C2)CC1
C1CCC(C2CC3CCCC3C3CCC4CCCCC4C23)CC1
C1CCC(C2CC3CCCC3C3CCCC4CCCCC4C23)CC1
C1CCC2CCC(C3CCCC4CCCC43)CC2CC1
C(CCCC1CCCCC1)CCC1CCCCC1
C1CCC2C(C1)CCCC1CCCCC12
C1CCC(C2CCC3CC4C(CCC45CCCCC5)CC32)CC1
C1CCC(CC2CC3CCCCC3CC3CCC4CCCCC4C32)CC1
C1CCC(CC2CCC(CC(CC3CCCCC3)C3CCCCC3)CC2)CC1
C1CCC(C2CCC3CC4C(CCC45CCCC5)CC32)CC1
C1CCC(CC2CCC3CC4C(CCC45CCCC5)CC23)CC1
C1CCC(C2CCC3CC4C(CCC45CCCC5)CC32)CC1
C1CCC(CCCCC2CCC3CCC(C4CCCC5CCCC54)CC3C2)CC1
C1CCC(CC2CCC3CC4CCCCC4CC23)CC1
C1CCC(CCCCC2CC3CCCCC3C2)CC1
C1CCC(CCCCC2CC3CCCCC3C2)CC1
C1CCC(CC2CC3CCCCC3CC3CCC4CCCCC4C32)CC1
C1CCC(CC2CC3CCCCC3C3CCC4CCCCC4C23)C1
C1CCC(CCCCC2CC3CCCCC3C2)CC1
C1CCC(CCCC2CCC3CCC(C4CCCC5CCCC54)CC3C2)CC1
C1CCC2CCC(C3CCCC4CCCC43)CC2CC1
C1CCC(CCCC2CCC3CCC(C4CCCC5CCCC54)CC3C2)CC1
C1CCC2C(C1)CCC1C3CCCC3CCC21
C1CCC(CCC2CCC3C(CCC3C3CCCCC3)C2)CC1
C1CCC2CCC(C3CCCC4CCCC43)CC2CC1
C1CCC(C2CCC3CC4C(CCC5C6CCC(CCCC7CCC8CCCCC8C7)C6CCCC45)CC32)CC1
C1CCC(C2CC3C(CCC4CC4)CCC3C3CCCC4CCCCC4C23)CC1
C1CCC(CCC2CCC3C(CCC3C3CCCCC3)C2)CC1
C1CCC(C2CC3CCCC3C3CCC4CCCCCC4C23)CC1
C1CCC(CCCCC2CCC3CCCCC23)CC1
C1CCC(CCCCC2CC3CCCCC3C2)CC1
C1CCC(CCC(CCC2CCC3CCCC3C2)CC2CCCCC2)CC1
C1CCC2CCC(C3CCCC4CCCC43)CC2CC1
C1CCC(CCC2CCC3C(CCC3C3CCCC3)C2)CC1
C1CCC(C2CCC3CC4C(CCC45CCCC5)CC32)CC1
C1CCC2CC(C3CCCC4CCCC43)CCC2C1
C1CCC(C2CC3CCCCC3C3CCCCC23)CC1
C1CCC(CCC2CCC(CCC3CCCC(CC4CCCC4)C3)CC2)CC1
C1CCC(CCCC(CC2CC3CCCCC3C2)C2CC2)CC1
C1CCC(C2CCC3(CC2)CCC2CC4C(CCC4C4CCCCC4)CC23)CC1
C1CCC2CCC3CCCCC3C2CC1
C1CCC2CCC(C3CCCC4CCCC43)CC2CC1
C1CCC(C2CCC3C(CCC34CCCC4)C3CCC4CCCCC4CC23)CC1
C1CCC(CCC2CCC3C(CCC3C3CCCCC3)C2)CC1
C1CCC(C2CCC3CC4C(CCC45CCCCC5)CC32)CC1
C1CCC2CCC3C4CCCC4CC(C4CCC(C5CCCC5)CC4)C3C2CC1
C1CCC(CCCC2CCC3C2CCC2C4CCC5CCC(C6CCCCC6)C5CC4CCC32)CC1
C1CCC2CCC(C3CCCC4CCCC43)CC2CC1
C(CCCC1CCCCC1)CCCC1CCC(C2CCCCC2)C1
C1CCC(CCCCC2CC3CCCCC3C2)CC1
C1CCC2C(C1)CCC1C3CCCCC3CCC21
C1CCC(C2CCC3CC4CCCCC4CCC32)CC1
C1CCC(CC2CCC(CC3CC4CCCCC4C4CCC5CCCCC5C34)CC2)CC1
C1CCC(C2CC3CCCCC3C3CCCCC23)CC1
C1CCC(C2CCC3CCCC3C3CCC4CCCCC4C23)CC1
C1CCC(CC2CCC3CC4C(CCCC45CCCCC5)CC23)CC1
C(CCCC1CCCC2C(C3CCCCC3)CCC12)CCC1CCCCC1
C1CCC(CCC2CCC3C(CCC4C5CCCCC5CC(CCC5CCCCC5)C34)C2)CC1
C1CCC(C2CC3CCCC3C3CCC4CCCCC4C23)CC1
C1CCC2CC(CCCC3CCC4CC5CCC6CCCCC6C5CCC34)CC2C1
C1CCC(CCCCC2CC3CCCCC3C2)CC1
C1CCCC(CC2CCCCC2CC2CC3CCCCC3C3CCC4CCCCC4C23)CC1
C1CCC(CCCCCC2CCC3CCCCC23)CC1
C1CCC(C2CC3CCCCC3C3CCC4CCCCC4C23)CC1
C1CCC(C2CC3CCCC3C3CCC4CCCCC4C23)CC1
C1CCC(CCCC2CC3CCCCC3C2C2CCCCC2)CC1
C1CCC(CCCC2CCC(C3CCC4C(CC5CCCCC5)CCC4C3)CC2)CC1
C1CCC2CCC(C3CCCC3)CC2CC1
C1CCC(CCCCC2CC3CCCCC3C2)CC1
C1CCC(C2CCCC3(CCC4CC5C(CCC5C5CCCCC5)CC43)C2)CC1
C1CCC(CCCC2CCC3C(CCC3C3CCCCC3)C2)CC1
C1CCC2CCC3CCCCC3C2CC1
C1CCC(CCCCC2CCC3C2CCCC2C4CCCCC4CCC23)CC1
C1CCC(CCCCC2CC3CCCCC3C2)CC1
C1CCC(CC2CCC3CCCC3C3CCC4CCCCC4C23)CC1
C1CCC(CC2CCC3CCCCC3C3CCC4CCCCC4C23)C1
C1CCC(C2CCC3CC4C(CCC45CCCCCC5)CC32)CC1
C1CCC2CC(CCCC3CCC4C3CCC3C5CCCCC5CCC43)CCC2C1
C1CCC2CC(C3CCCC4CCCC43)CCC2C1
C(CCCC1CCCC2C(C3CCCCC3)CCC12)CCC1CCCCC1
C1CCC(CCC2CCC3C(CCC3C3CCCCC3)C2)CC1
C(CCCC1CCCC2C(C3CCCCC3)CCC12)CCC1CCC(C2CCCC2)C1
C1CCC2CCC(C3CCCC4CCCC43)CC2CC1
C1CCC(CCC(CCC2CCCCC2)CCC2CCC3CCCC3C2)CC1
C1CCC(CCC2CCC3C(CC4CCCCC4)CCC3C2)CC1
C1CCC(CCC(CCC2CCC3CCCC3C2)CC2CCCCC2)CC1
C1CCC(CCCCC2CC3CCCCC3C2)CC1
C(CCCC1CCCCC1)CCC1CCCCC1
C1CCC2C(C1)CCC1C2CCC2C3CCCC3CC21
C1CCC2CC(C3CCCC4CCCC43)CCC2C1
C1CCC(CCCCCC2CC3CCCCC3C2)CC1
C1CCC(CCCCCC2CCCC3C(C4CCCCC4)CCC23)CC1
C1CCC(CCC2CCC3C(CCC4CCCCC43)C2)CC1
C1CCC(CCCCCC2CCCC3C(CC4CCCCC4)CCC23)CC1
C1CCC(CCCCC2CC3CCCCC3C2)CC1
C(CCCC1CCCCC1)CCC1CCCCC1
C1CCC2CC(CC3CCCC4CCCC43)CCC2C1
C(CCC1CCCC1)CCC1CCCC2CCCCC12
C1CCC(CCCCC2CCC3CCC(C4CCCC5CCCC54)CC3C2)CC1
C1CCC2CC(C3CCCC4CCCC43)CCC2C1
C1CCC2CC(CCCC3CCC4C3CCCC3C5CCCCC5CCC34)CC2C1
C1CCC2CC(C3CCCC4CCCC43)CCC2C1
C1CCC(CCCCC2CCCC(C3CCC4CC(CCC5CCC6CCCCC6C5)CCC43)C2)CC1
C1CCC(C2CC3CCCC3C3CCC4CCCCCC4C23)CC1
C1CCC(C2CC3CCCC3C3CCC4CCCCCC4C23)CC1
C1CCC(C2CC3CCCC3C3CCCC4CCCCC4C23)CC1
C1CCC(CCC2CCC3C(CCC3C3CCCC(CC4CCCC4)C3)C2)CC1
C1CCC(CCC2CCC3C(CCC3C3CCCCC3)C2)CC1
C1CCC(C2CC3C(CCC34CCCC4)C3CCC4CCCCC4CC23)CC1
C1CCC2C(C1)CCC1C3CCCC3CCC21
C1CCC(CCCCC2CCC3CCC(C4CCCC5CCCC54)CC3CC2)CC1
C1CCC2C(C1)CCC1C3CCCC3CCC21
C1CCC(C2CCC3CC4C(CCC45CCCCC5)CC32)CC1
C1CCC(CCCCCC2CCCC3C(C4CCCCC4)CCC23)CC1
C1CCC2CCC3C4CCCC4CCC3C2CC1
C(CCCC1CCCC2CCCCC12)CCC1CCCC1
C1CCC(C2CC3CCCC3C3CCC4CCCCC4C23)CC1
C(CCCC1CCCCC1)CCCC1CCC(C2CCCCC2)C1
C1CCC(CCCCC2CC3CCCCC3C2)CC1
C1CCC2C(C1)CCC1C2CCCC2C3CCCC3CC21
C(CCCC1CCCC2C(C3CCCCC3)CCC12)CCC1CCCCC1
C1CCC(CC(CC2CCCCC2)C2CCCCC2)CC1
C(CCCC1CCCCC1)CCCC1CCC(C2CCCCC2)C1
C(CCC1CCCC2CCCCC12)CC1CCCC2CCCCC12
C(CCC1CCCC2CCCC12)CC1CC2CCCCC2C1
C1CCC2CC(CCCC3CCC4C3CCC3C5CCCCC5CCC43)CC2C1
C1CCC(C2CC3CCCC3CC3CCC4CCCCC4C32)CC1
C1CCC(C2CC3CCCC3C3CCCC4CCCCC4C23)CC1
C1CCC(C2CCC3CCCC4(CCCCC4)C3C2)CC1
C1CCC(C2CCC3CC4C(CCC45CCCC5)CC32)CC1
C1CCC2CC(CCCC3CCC4C3CCC3C5CCCCC5CCC43)CC2C1
C1CCC(C2CCC(C3CC4CCCC4C4CCCC5CCCCC5C34)CC2)C1
C1CCC(CCC2CCC(CCC3CCCCC(CC4CCCC4)C3)CC2)CC1
C1CCC(C2CCC3CC4C(CCC45CCCCCC5)CC32)CC1
C1CCC(CCC2CCC(CCC3CCCC(CC4CCCC4)C3)CC2)CC1
C1CCC(CC2CCC3C(CCC3C3CCCCC3)C2)CC1
C1CCC(CC2CC3CCCCC3CC3CCC4CCCCC4C32)CC1
C(CCCC1CCC2CCCC2C1)CCCC1CCC(C2CCCCC2)C1
C1CCC(C2CCC3CC4C(CCC45CCCC5)CC32)CC1
C1CCC(CCCCC2CCC3CCCCC23)CC1
C(CCCC1(C2CCCC2)CCCC2CCCCC21)CCC1CCC(C2CCCCC2)C1
C1CCC(CCC2CCC3C(CCC3C3CCCCC3)C2)CC1
C1CCC(CCCC2CCC3C2CCC2C4CCCCC4CCC32)C1
C1CCC(CC2CC3CCCCC3C3CCC4CCCCC4C23)CC1
C1CCC(C2CCC(C3CC4CCCC4C4CCC5CCCCC5C34)CC2)CC1
C1CCC2C(C1)CCCC1C3CCCC3CCC21
C1CCC(CCCCC2CC3CCCCC3C2)CC1
C(CCC1CCCC2CCCCC12)CC1CCC2CCCCC2C1
C1CCC(CCCCCC2CCCC3C(CC4CCCCC4)CCC23)CC1
C1CCC(CCC2CCC(C3CC3)CC2)CC1
C1CCC(CC2CCCC(CC3CC4CCCCC4C4CCC5CCCCC5C34)C2)CC1
C(CCCC1CCCC2C(C3CCCCC3)CCC12)CCC1CCCCC1
C1CCC(C2CC3CCCC3C3CCC4CCCCC4CC23)CC1
C1CCC(CCCCC2CC3CCCCC3C2)CC1
C1CCC(CC2CCC(CCC(CC3CCCCC3)C3CCCCC3)CC2)CC1
C1CCC(CC2CC3CCCCC3C3CCC4CCCCCC4C23)CC1
C1CCC2CCC(C3CCCC4CCCC43)CC2CC1
C1CCC(CCCCCC2CC3CCCCC3C2)CC1
C1CCC(CCCCCC2CC3CCCCC3C2)CC1
C1CCC(C2CC3CCCC3C3CCC4CCCCCC4C23)CC1
C1CCC(CC2CC3CCCCC3C3CCC4CCCCC4C23)CC1
C1CCC(CCCCCC2CCC3CCCC3C2)CC1
C1CCC(CCCCCC2CCC3CCCCC23)CC1
C1CCC(CCC2CCC3C(CCC4C5CCCC5CCC34)C2)CC1
C1CCC(C2CCC3CC4C(CCC45CCCCC5)CC32)CC1
C1CCC2CCC3C4CCCC4CCC3C2CC1
C1CCC2CC(CCCC3CCC4C3CCC3C5CCCCC5CCC43)CC2C1
C1CCC(C2CC3CCCC3C3CCC4CCCCCC4C23)CC1
C1CCC(C2CCC3CC4C(CCC45CCCCC5)CC32)CC1
C1CCC(CCC2CCC3C(CCC3C3CCCCC3)C2)CC1
C1CCC(CCCCCC2CCCC3C(C4CCCCC4)CCC23)CC1
C1CCC(CCC2CCC3C(CCC3C3CCCCC3)C2)CC1
C1CCC(CCCCC2CC3CCCCC3C2)CC1
C1CCC(CC(CC2CCCCC2)C2CCCCC2)CC1
C1CCC(C2CC3CCCC3C3CCC4CCCCCC4C23)CC1
C1CCC(CC2CCC(CC(CC3CCCCC3)C3CCCCC3)CC2)CC1
C1CCC(C2CC3CCCC3C3CCC4CCCCC4C23)CC1
C1CCC(CCC2CCC3C(CCCC4CC(C5CCCCC5)CCC43)C2)CC1
C1CCC(CCC2CCC(C3CCCC4C(C5CCCCC5)CCC34)C2)CC1
C1CCC(CCC2CCC3C2CCC2C4CCCCC4CCC32)C1
C(CCCC1CCCCC1)CCC1CCCCC1
C1CCC2CCC(C3CCCC4CCCC43)CC2CC1
C1CCC2CC(CCCC3CCCC4CCCCC43)CCCC2C1
C1CCC(C2CCC3CC4C(CCC5C6CCC(CCCC7CCC8CCCCC8C7)C6CCCC45)CC32)CC1
C1CCC(C2CCC3CC4C(CCC5C6CCCC6CCC45)CC32)CC1
C1CCC2CCC3C(CCC4C5CCCC5CC43)C2CC1
C1CCC(CCC2CCC3C(CC4CCCCC4)CCC3C2)CC1
C1CCC(C2CC3CCCCC3C3CCCCC23)CC1
C1CCC(CCC2CCC3C(CCC3C3CCCCC3)C2)CC1
C1CCC(C2CC3CCCC3C3CCC4CCCCC4C23)CC1
C1CCC2C(C1)CCCC1CCCCC12
C1CCC(CCCCCC2CCC3CCCCC23)CC1
C1CCC2CCC(C3CCCC4CCCC43)CC2CC1
C1CCC(CCCC2CCC3CCC(C4CCCC5CCCC54)CC3C2)CC1
C1CCC(CCC(CCCC2CCC3CCCC3C2)CC2CCCCC2)CC1
C1CCC2C(C1)CCCC1C3CCCC3CCC21
C1CCC2C(C1)CCC1C3CCCC3CCC21
C1CCC(C2CCC3CC4C(CCCCC45CCCC5)CC32)CC1
C1CCC2CCC3C(CCC4C5CCCC5CC43)C2CC1
C(CCC1CCCCC2CCCCC12)CC1CCC2CCCCC2C1
C(CCCC1CCCCC1)CCCC1CCC(C2CCCCC2)C1
C(CCC1CCCC2CCCCC12)CC1CC2CCCCC2C1
C1CCC(CC2CCC3C(CCC3C3CCCCC3)C2)CC1
C(CCC1CCCC2CCCCC12)CC1CC2CCCCC2C1
C1CCC(CCCCCC2CCC3CCCCC23)CC1
C(CCC1CCCC2CCCC12)CC1CC2CCCCC2C1
C1CCC(CCC2(CCCCC3CC4CCCCC4C3)CCC3C4CCC5CCCCC5C4CCC32)C1
C1CCC(CCC2CCC(CC3CCC4C(CCC4C4CCCCC4)C3)CC2)CC1
C1CCC2C(C1)CCC1C3CCCC3CCC21
C1CCC(CCCC2CCC3CCC(C4CCCC5CCCC54)CC3CC2)CC1
C1CCC(C2CCC3CC4C(CCC5C6CCC(CCCC7CC8CCCCC8C7)C6CCC45)CC32)CC1
C1CCC(CCC2CCC3C(CCC3C3CCCCC3)C2)CC1
C1CCC(CCCCC2CCC3CCCCC23)CC1
C1CCC2CC(C3CCCC4CCCC43)CCC2C1
C1CCC2CC(CCCC3CCC4C5CCC6CCCCC6C(CCC34)C5)CCC2C1
C1CCC(C2CCC(CCCCCC3(C4CCCCC4)CCCC4CCCCC43)C2)CC1
C1CCC(CCC2CC3CCCCC3C3CCC4CCCCC4C23)CC1
C1CCC2CC(CC3CCCC4CCCC43)CCC2C1
C1CCC(CCCCC2CCC3CCC(C4CCCC5CCCC54)CC3C2)CC1
C(CCCC1CCCC2C(C3CCCCC3)CCC12)CCC1CCCCC1
C1CCC(CCCCC2CC3CCCCC3C2)CC1
C1CCC(CCCCC2C3CCCCC3CCC2C2CCCC3CCCC32)CC1
C1CCC2CCC(C3CCCC4CCCC43)CC2CC1
C1CCC(CCC(CCC2CCCCC2)CCC2CCC3CCCC3C2)CC1
C1CCC(C2CCC3CC4C(CCC5C6CCC(CCCC7CCC8CCCCC8C7)C6CCCC45)CC32)CC1
C1CCC(CCCC2CCCC3CCC(C4CCCC5CCCC54)CC3C2)CC1
C1CCC(CCCCCC2CC3CCCCC3C2)CC1
C(CC1CCC(C2CCCC2)CC1)CC1CCC2CCCC2C1
C(CCCC1CCCC2CCCCC12)CCC1CCC(C2CCCCC2)C1
C1CCC(CCCCCC2CC3CCCCC3C2)CC1
C1CCC(CCCCCC2CC3CCCCC3C2)CC1
C1CCC(CCC2CCC3C(CCC3C3CCCCC3)C2)CC1
C1CCC(CCC2CCC(C3CCC4C(CCC4C4CCCCC4)C3)CC2)CC1
C1CCC(CC2CCC3CC4C(CCC45CCCC5)CC23)CC1
C1CCC(CCCCC2CC3CCCCC3C2)CC1
C(CCC1CCCC2CCCCC12)CC1CCC2CCCCC2C1
C1CCC(C2CCC3C(CCC4CCCCC43)C2)CC1
C1CCC(CCCC2CCC(C3CCC4C(CCC4C4CCCCC4)C3)CC2)CC1
C1CCC(CCC2CCC3C(CCC3C3CCCCC3)C2)CC1
C(CCCC1CCCC2C(C3CCCCC3)CCC12)CCC1CCCCC1
C1CCC2CCC3C4CCCC4CCC3C2CC1
C1CCC2CCC(C3CCCC4CCCC43)CC2CC1
C(CCCCC1CCC(C2CCCCC2)C1)CCCC1CCCCC1
C1CCCC(C2CCC3CC4C(CCC5C6CCCC6CCC45)CC32)CC1
C1CCC(CCCCC2CCCC3CCCCC23)CC1
C1CCC(C2CCC3C(CCC4CCCCC43)C2)C1
C1CCC(C2CCC3CCCC3C3CCC4CCCCC4C23)CC1
C1CCC(CCCC2CCC3C(CCC3C3CCCCC3)C2)CC1
C(CCCC1CCC(CC2CCCCC2)C1)CCCC1CCC2CCCC2C1
C1CCC(CCCCC2CC3CCCCC3C2)CC1
C1CCC(CCCCC2CC3CCCCC3C2)CC1
C1CCC2C(C1)CCC1C3CCCC3CCCC21
C1CCC(C2CCC3CCCC3C3CCC4CCCCC4C23)CC1
C1CCC(CCCC2CCC3CCC(C4CCCC5CCCC54)CC3C2)CC1
C1CCC(CCCCC2CCC3CCC(C4CCCC5CCCC54)CC3C2)CC1
C1CCC(CCCCC2CCC3CCCCC23)CC1
C1CCC(CCC2CCC(C3CC3)CC2)CC1
C1CCC2C(C1)CC(C1CCCC3CCCC31)C1CCCC21
C1CCC(CCCC2CC3CCCC3C3CCC4CC(CCC5CCCCC5)CCC4C23)CC1
C1CCC2CCC3C4CCCC4CCC3C2CC1
C1CCC(CCC2CCC(CCC3CCCC(CCC4CCCC4)C3)CC2)CC1
C1CCC2CC(CC3CCCC4CCCC43)CCC2C1
C1CCC2CCC3C4CCCC4CCC3C2CC1
C1CCC(CC2CCC3CC4C(CC5CCC6CCCCC65)CCCC4CC23)CC1
C1CCC(CCCCCC2CCCC3C(CC4CCCCC4)CCC23)CC1
C1CCC(CCC2CCC3C(CCC3C3CCCCC3)C2)CC1
C1CCC(C2CCC3CC4C(CCC32)CCC2C3CCC(CCCC5CC6CCCCC6C5)C3CCC42)CC1
C1CCC(CC2CC3CCCCC3C3CCC4CCCCC4C23)C1
C1CCC(C2CCC3C(CCC34CCCC4)C3CCCC4CCCCC4C23)CC1
C1CCC(CCCCCC2CC3CCCCC3C2)CC1
C1CCC2CCC3C4CCC(CCCC5CC6CCCCC6C5)C4CCC3C2CC1
C1CCC(CCCCC2CC3CCCCC3C2)CC1
C1CCC(C2CC3CCCCC3C3CCCCC23)CC1
C1CCC(CCC2CCC(CCC3CCCC(CC4CCCC4)C3)CC2)CC1
C1CCC(CC(CC2CCCCC2)C2CCCCC2)CC1
C1CCC(CCC2CCC3C(CCC4C5CCCC5CCC(CCC5CCCCC5)C34)C2)CC1
C1CCC(CCCCCC2CCCC3C(CC4CCCCC4)CCC23)CC1
C(CCCCC1CCC(C2CCCCC2)C1)CCCC1CCCCC1
C1CCC(CCCCCC2CC3CCCCC3C2)CC1
C1CCC(CCCC2CCCC3CC4C(CCC4C4CCCCC4)CC23)CC1
C1CCC(C2CCC3CCC4C(CC5CC6CCCCC6C5)CCCC4CC32)CC1
C1CCC2CCC(C3CCCC4CCCC43)CC2CC1
C1CCC(CCCCCC2CC3CCCCC3C2)CC1
C1CCC(CCCCCC2CC3CCCCC3C2)CC1
C1CCC(CCC2CCCC3CCC(C4CCCC5CCCC54)CC3C2)CC1
C1CCC2C(C1)CCC1C3CCCCC3CCC21
C1CCC(C2CCC3C(CCC4CCCCC43)C2)CC1
C1CCC2C(C1)CCC1C3CCCCC3CCCC21
C1CCC(CCCCCC2CCC3C(CCC3C3CCCCC3)C2)CC1
C1CCC(C2CCC3CC4C(CCC32)CCC42CCCCC2)CC1
C1CCC(C2CCC(C3CC4CCCC4C4CCC5CCCCC5C34)CC2)C1
C1CCC2CC(C3CCCC4CCCC43)CCC2C1
C1CCC(CCC2(CCCC3CC4CCCCC4C3)CCC3C4CCC5CCCCC5C4CCCC32)C1
C1CCC(CC2CC3CCCCC3C3CCC4CCCCC4C3C2)CC1
C1CCC(CCC2CCC3C(CCC3C3CCCCC3)C2)CC1
C1CCC(CCC2CCC3C(CCC4C5CCCC5CC(CCC5CCCCC5)C34)C2)CC1
C1CCC(CCCCC2(CCC3CCCC3)CCC3C4CCC5CCCCC5C4CCC32)C1
C1CCC2CC3CCC4CCCCC4C3CCC2C1
C1CCC(CCCCC2CC3CCCCC3C2)CC1
C1CCC(CCC2CCCCC2CC2CC3CCCCC3C3CCC4CCCCC4C23)CC1
C1CCC(CCC2CCCC3CC4C(CCC4C4CCCCC4)CC23)CC1
C1CCC(CC2CC3CCCCC3C3CCC4CCCCC4C23)C1
C1CCC2CCC(C3CCCC4CCCC43)CC2CC1
C1CCC(C2CCC3CC4C(CCC32)CCC2C3CCC(CCCC5CC6CCCCC6C5)C3CCC42)CC1
C1CCC(C2CCC3CC4C(CCCCC45CCCC5)CC32)CC1
C1CCC(CCC2CCC3C(CCC4C5CCCC5CC(CCC5CCCCC5)C34)C2)CC1
C1CCC2CCC(C3CCCC4CCCC43)CC2CC1
C1CCC2C(C1)CCCC1C3CCCC3CCC21
C1CCC(C2CCC3C(CCCCCC4CC4)CCCC23)CC1
C1CCC(CCC(CCC2CCC3CCCC3C2)CC2CCCCC2)CC1
C1CCC(CC2CCC3C(CCCCCC4CCC(C5CCCC5)C4)CCCC23)CC1
C1CCC(C2CCC3C(CCC4CCCCC43)C2)CC1
C1CCC(CCC2CCC3C(CCC3C3CCCCC3)C2)CC1
C1CCC(C2CC3CCCC3C3CCC4CCCCCC4C23)CC1
C1CCC2C(C1)CCC1CCCCC12
C1CCC2C(C1)CCC1C3CCCCC3CCC21
C1CCC(C2CCC3(CC2)CCC2CC4C(CCC4C4CCCCC4)CC23)CC1
C1CCC(CCCCCC2CCCC3C(C4CCCCC4)CCC23)CC1
C1CCC2CCC(C3CCCC4CCCC43)CC2CC1
C(CC1CCC(C2CCCC2)CC1)CC1CCC2CCCC2C1
C(CCC1CCC2CCCC2C1)CC1CCC(C2CCCC2)CC1
C1CCC(CCCCC2CCC3CCCCC23)CC1
C1CCC(C2CCC3CC4C(CCC32)CCC42CCCCC2)CC1
C1CCC(CCC2CCC3C(CCC3C3CCCCC3)C2)CC1
C(CCCC1CCCC2C(C3CCCCC3)CCC12)CCC1CCCCC1
C1CCC(CCC2CCCCC2)CC1
C1CCC2CC(CCCC3CCC4C3CCC3C5CCCCC5CCC43)CC2C1
C1CCC(CCCC2CCC3CCC(C4CCCC5CCCC54)CC3C2)CC1
C1CCC(CC23CCCCC2CCC2C4CCCC4CCC23)CC1
C1CCC(C2CCC3CC4C(CCCC45CCCCC5)CC32)CC1
C1CCC(C2CCC(C3CC4CCCC4C4CCC5CCCCC5C34)CC2)C1
C1CCC2C(C1)CCC1C3CCCC3CCCC21
C1CCC(CCCCCC2CC3CCCCC3C2)CC1
C1CCC2CCC3C4CCCC4CCC3C2CC1
C(CCC1CCC2CCCCC2C1)CCC1CCCC2CCCCC12
C1CCC(CC2CCCCCC23CCC2CCC(C4CCCCC4)C2CC3)CC1
C1CCC(CCC2CCCCC2)CC1
C1CCC2CCC(C3CCCC4CCCC43)CC2CC1
C1CCC2C(C1)CCC1C3CCCC3CCC21
C1CCC(C2CCC3CC4(CCCCCCC4C4CCCCC4)CCC32)CC1
C1CCC2CC(C3CCCC4CCCC43)CCC2C1
C1CCC2CC(C3CCCC4CCCC43)CCC2C1
C1CCC(CCC2CCC3C2CCC(C2CCCCC2)C2C4CCCCC4CCC32)CC1
C1CCC2CC(C3CCCC4CCCC43)CCC2C1
C1CCC(CCCCC2CC3CCCCC3C2)CC1
C1CCC(C2CC3CCCC3C3CCC4CCCCC4C23)CC1
C(CCCC1CCCC2C(C3CCCCC3)CCC12)CCC1CCC(C2CCCC2)C1
C1CCC(CCC2CCC(CCC3CCCC(CC4CCCC4)C3)CC2)CC1
C1CCC(C2CCC3CCCCC3C3CCCCC23)CC1
C1CCC(CCC2CCC3C(CCC3C3CCCCC3)C2)CC1
C1CCC(CCCCC2CCCC3CCCC23)CC1
C(CCCCC1CCC2C(CCC3C4CCCC4CCC23)C1)CCCC1CCCC(CC(CC2CCC(CC3CCCCC3)CC2)C2CCCCC2)C1
C1CCC(C2CCC3CC4C(CCC45CCCCCC5)CC32)CC1
C1CCC(CCCCC2CCC3CCC(C4CCCC5CCCC54)CC3C2)CC1
C1CCC(CC2CC3CCCCC3C3CCC4CCCCC4C3C2)C1
C1CCC2CC(CC3CCCC4CCCC43)CCC2C1
C1CCC(CCCCC2CC3CCCCC3C2)CC1
C1CCC2C(C1)CC(C1CCCC1)C1CCCCC21
C1CCC(CCC2CCC(C3CCC4C(CCC4C4CCCCC4)C3)CC2)CC1
C1CCC(CC2CCC3CCCCC3C3CCC4CCCCC4C23)CC1
C1CCC2CCC3C(CCC4C3CCC4(CCCC3CCCC3)CCC3CCCC3)C2CC1
C1CCC(C2CCC3C(CCCCCC4CC4)CCCC23)CC1
C1CCC2C(C1)CCC1C3CCCC3CCC21
C1CCC(C2CCC3CC4C(CC5CC6CCCCC6C5)CCCCC4CC32)CC1
C1CCC2CCC3C4CCCC4CCC3C2CC1
C1CCC(C2CC3CCCC3C3CCC4CCCCCC4C23)CC1
C(CCC1CCCC2CCCCC12)CC1CCCC2CCCCC12
C1CCC(C2CCC3CC4C(CCC45CCCCC5)CC32)CC1
C1CCC(C2CCC3CCCC3C3CCC4CCCCC4C23)CC1
C1CCC(CCC2CCC3C(CCC3C3CCCCC3)C2)CC1
C1CCC(CC2CC3CCCCC3CC3CCC4CCCCC4C32)C1
C(CCCC1CCCCC1)CCCC1CCC(C2CCCCC2)C1
C(CCCC1CCCCC1)CCCC1CCC(C2CCCCC2)C1
C1CCC(CCCC2CCC3C2CCC2C4CCCCC4CCC32)C1
C1CCC(C2CCC3CC4CCCCC4CC32)CC1
C1CCC(CCCCCC2CC3CCCCC3C2)CC1
C1CCC2CC(CCCC3CCC4C3CCC3C5CCCCC5CCC43)CC2C1
C1CCC(C2CCC3CC4C(CCCC5C6CCC(CCCC7CC8CCCCC8C7)C6CCC45)CC32)CC1
C1CCC(CC2CCC3CC4C(CCC45CCCC5)CC23)CC1
C1CCC(CCCCC2CCC3CCCCC23)CC1
C1CCC2CCC(C3CCCC4CCCC43)CC2CC1
C1CCC(CCCCC2CCC3CCCCC23)CC1
C1CCC2CC(CC3CCCC4CCCC43)CCC2C1
C1CCC2CCC(C3CCCC4CCCC43)CC2CC1
C1CCC2CCC3C4CCCC4CCC3C2CC1
C1CCC(CCCCCC2CC3CCCCC3C2)CC1
C1CCC(C2CCC(CCCCCC3CCCC4CCCCC34)C2)CC1
C1CCC(CCCCC2CC3CCCCC3C2)CC1
C1CCC2C(C1)CCC1C2CCC2C3CCCC3CC21
C1CCC(CC2CCC3C(CCC3C3CCCCC3)C2)CC1
C(CCCCC1CCC(C2CCCCC2)C1)CCCC1CCCCC1
C1CCC(C2CCC3CC4C(CCC32)CCC2C3CCC(CCCC5CC6CCCCC6C5)C3CCC42)CC1
C1CCC(CCCCCC2CCCC3C(CC4CCCCC4)CCC23)CC1
C1CCC(CCC2CCCCC3CC4C(CCC4C4CCCCC4)CC23)CC1
C1CCC(CCCCCC2CC3CCCCC3C2)CC1
C1CCC2C(C1)CCC1CCCCC12
C1CCC(C2CCC3C(CCCC4CCCCC43)C2)CC1
C1CCC(C2CC3CCCC3C3CCC4CCCCC4C23)CC1
C1CCC(C2CC3CCCC3C3CCCC4CCCCC4C23)CC1
C(CCC1CCCCC2CCCCC12)CC1CCC2CCCCC2C1
C1CCC(CC2CCC(CC(CC3CCCCC3)C3CCCCC3)CC2)CC1
C1CCC(C2CCC3CC4C(CCCC45CCCC5)CC32)CC1
C1CCC(C2CC3CCCCC3C3CCC4CCCCC4C23)CC1
C1CCC(CCC2CCCC(C3CCC4CC(CCC5CCC6CCCCC6C5)CCC43)C2)C1
C1CCC2CCC(C3CCCC4CCCC43)CC2CC1
C1CCC(C2CCC3CC4C(CCC45CCCCCC5)CC32)CC1
C1CCC2CC(C3CCCC4CCCCC43)C3CCCC3C2CC1
C1CCC(CCCCC2CC3CCCCC3C2)CC1
C1CCC2CC(CCCC3CCC4C3CCC3C5CCCCC5CCCC43)CC2C1
C1CCC2C(C1)CCC1C2CCC2C3CCCC3CC21
C1CCC2C(C1)CC(C1CCCC1)C1CCCCC21
C1CCC(C2CC3CCCC3C3CCCC4CCCCC4C23)CC1
C1CCC(CCC2CCC(CCC3CCCCC3)CC2)CC1
C1CCC(CCC2CCC3C(CCC4CCCCCC43)C2)CC1
C1CCC(C2CC3CCCC3C3CCC4CCCCC4C23)CC1
C1CCC(CCCC23CCCC2CC2C(CCC4C5CCCCC5CCC24)C3)C1
C1CCC(C2CCC(CCCC3CCC4C3CCC3C5CCCCCC5CCC43)C2)CC1
C1CCC(CCCCC2CC3CCCCC3C2)CC1
C1CCC2CCC3C4CCC(CCCC5CCC6CCCCC6C5)C4CCC3C2CC1
C1CCC(CCCCC2CC3CCCCC3C2)CC1
C1CCC(C2CCC(C3CC4CCCC4C4CCC5CCCCC5C34)CC2)C1
C1CCC(CC(CC2CCCCC2)C2CCCCC2)CC1
C1CCC(C2CCC3CC4C(CCCC45CCCCC5)CC32)CC1
C(CCCC1CCCCC1)CCCC1CCC(C2CCCCC2)C1
C1CCC2C(C1)CCCC2CCCC1CCC2C1CCC1C3CCCCC3CCC21
C1CCC(C2CCC(CC3CC4CCCCC4C4CCC5CCCCC5C34)CC2)CC1
C1CCC(CC(CC2CCCCC2)C2CCCCC2)CC1
C(CCCC1CCCC2C(C3CCCCC3)CCC12)CCC1CCCCC1
C1CCC(C2CC3CCCCC3C3CCC4CCCCC4C23)CC1
C1CCC(CCCCCC2CC3CCCCC3C2)CC1
C1CCC(CCC2CCC3C(CC4CCCCC4)CCC3C2)CC1
C1CCC(CC2CCC3CC4C(CCCC45CCCC5)CC23)CC1
C(CCCC1CCCCC1)CCCC1CCC(C2CCCCC2)C1
C(CCC1CCCC2CCCC12)CC1CC2CCCCC2C1
C1CCC(C2CCC(CCCCCC3(C4CCCCC4)CCCC3)C2)CC1
C(CCC1CCCC2CCCCC12)CC1CCC2CCCCC2C1
C(CCCCC1CCC2C(CCC3C4CCCC4CCC23)C1)CCCC1CCCC(CC(CC2CCC(CCC3CCCCC3)CC2)C2CCCCC2)C1
C1CCC(C2CCC3(CCC4CCC5C(CCC5C5CCCCC5)CC43)C2)CC1
C1CCC(CCCCC2CCC3CCCCC23)CC1
C1CCC(C2CC3CCCC3C3CCC4CCCCC4C23)CC1
C1CCC(CC2CCC3CCCCC3C3CCC4CCCCC4C23)CC1
C1CCC(C2CCC3CCCC3C3CCC4CCCCC4C23)CC1
C1CCC(C2CCCC3CCCC3C3CCC4CCCCC4C23)CC1
C(CCC1CCCC2CCCC12)CC1CC2CCCCC2C1
C(CCC1CCC2C1CCC1C3CCCCC3CCC21)CC1CC2CCCCC2C1
C(CCC1CCC2C1CCC1C3CCCCC3CCC21)CC1CCC2CCCCC2C1
C1CCC(CCCCC2CCC(C3CCC4C(CCC4C4CCCCC4)C3)CC2)CC1
C(CCCC1CCCCC1)CCCC1CCC(C2CCCCC2)C1
C1CCC(CCC2CC3CCCCC3C3CCC4CCCCC4C23)CC1
C1CCC2CC(CCCC3CCCC4CCCCC43)CC2C1
C1CCC(CCCC2(CCC3CCCC3)CCC3CC4CCC5CCCCC5C4CCC32)CC1
C1CCC(CC2CCC3C(CCC3C3CCCCC3)C2)CC1
C1CCC(CCC2CCC(C3CCC4C(CCC4C4CCCCC4)C3)CC2)CC1
C1CCC(C2CC3CCCC3C3CCCC4CCCCC4C23)CC1
C1CCC(C2CC3CCCC3C3CCC4CCCCCC4C23)CC1
C1CCC2CCC(C3CCCC4CCCC43)CC2CC1
C1CCC2CCC3C(CCC4C3CCC4(CCCC3CCCC3)CCC3CCCC3)C2CC1
C(CCC1CCCC2CCCC12)CC1CC2CCCCC2C1
C(CCCC1CCCC2C(C3CCCCC3)CCC12)CCC1CCCCC1
C1CCC(C2CCC3CC4C(CCCC45CCCC5)CC32)CC1
C1CCC(CCC2CCC(CCC3CCCC(CC4CCCCC4)C3)CC2)CC1
C1CCC2CCC(C3CCCC4CCCC43)CC2CC1
C1CCC2CCC3C4CCCC4CCC3C2CC1
C1CCC(CCC2CCC3C(CCC4C5CCCC5CCC(CCC5CCCCC5)C34)C2)CC1
C1CCC(CC2CC3CCCCC3C3CCC4CCCCC4C23)C1
C1CCC(C2CCC3CC4C(CCC45CCCCCC5)CC32)CC1
C1CCC2CC(CC3CCCC4CCCC43)CCC2C1
C1CCC(CCC2CCC(CCCC3CCCC(CC4CCCC4)C3)CC2)CC1
C1CCC(CCCC2CCC3C2CCC2C4CCCCC4CCC32)C1
C1CCC(C2CC3CCCC3C3CCC4CCCCC4C3C2)CC1
C1CCC(CCC2CCC3C(CCC3C3CCCC(CCC4CCCC4)C3)C2)CC1
C1CCC(CCCCCC2CC3CCCCC3C2)CC1
C1CCC2CCC(C3CCCC4CCCC43)CC2CC1
C1CCC2CCC(C3CCCC4CCCC43)CC2CC1
C1CCC(C2CC3CCCC3C3CCC4CCCCC4C23)CC1
C1CCC2CCC3C4CCCCC4CC(CC4CCCC5CCCCC54)C3C2CC1
C1CCC(CCC2CCC(CCC3CCCCC3)CC2)CC1
C1CCC(C2CC3CCCC3C3CCC4CCCCC4C23)CC1
C1CCC2CC(C3CCCC4CCCC43)CCC2C1
C1CCC(CCCCC2CC3CCCCC3C2)CC1
C1CCC(CCCCC2CC3CCCCC3C2)CC1
C1CCC(C2C3CCCCC3CC3CC4CCCC4CC32)CC1
C1CCC(CCC2CCC3C(CCC3C3CCCCC3)C2)CC1
C1CCC(C2CCC3CC4C(CCC32)CCC42CCCCC2)CC1
C1CCC(CCC(CCCC2CCC3CCCC3C2)CC2CCCCC2)CC1
C1CCC2CC(CCCC3CCCCC4CCCCC43)CC2C1
C1CCC(CC2CC3CCCCC3C3CCC4CCCCC4C23)CC1
C1CCC(CCCCC2CC3CCCCC3C2)CC1
C1CCC(CCCCC2CCC3CCCCC23)CC1
C1CCC2CC(CCCC3CCCC4CCCCC43)CC2C1
C1CCC(CCCCCC2CCCC3C(C4CCCCC4)CCC23)CC1
C1CCC(CCC2CCC(CCC3CCCC(CC4CCCC4)C3)CC2)CC1
C1CCC(C2CCC3CC4C(CCC45CCCCC5)CC32)CC1
C1CCC(C2CCCC3C(CCC4CCCCC43)C2)CC1
C1CCC(CCC2CCC3C(CCC4C5CCCCC5CC(CCC5CCCCC5)C34)C2)CC1
C1CCC(CCCC(CC2CC3CCCCC3C2)C2CC2)CC1
C1CCC(CCCCC2CCC3CCC(C4CCCC5CCCC54)CC3C2)CC1
C1CCC2C(C1)CCCC2CCCC1CCCC2CCCCC21
C1CCC(C2CCC3C(CCCCCC4CC4)CCCC23)CC1
C1CC2CCC3C(CCC4CCCCC43)CC2C1
C(CCC1CCC2CCC(C3CCCC4CCCC43)CC2C1)CC1CCC2CCCC2C1
C1CCC(CCC2CC3CCCCC3C3CCC4CCCCC4C23)C1
C(CCC1CCC2C(CCC3C4CCCC4CCC23)C1)CC1CCC(C2CC3CCCC3C3CCC4CCCCC4C23)CC1
C1CCC2C(C1)CCC1C3CCCCC3CCC21
C1CCC(CCC2CCC3C(CCC4C5CCCC5CC(CCC5CCCCC5)C34)C2)CC1
C1CCC(CCC(CCC2CCC3CCCC3C2)CC2CCCCC2)CC1
C1CCC(C2CC3CCCCC3CC3CCCCC32)CC1
C1CCC(C2CCC3CC4CCCCC4CC32)CC1
C1CCC(CCCCC2CC3CCCCC3C2)CC1
C(CCC1CCCC2CCCC12)CC1CC2CCCCC2C1
C1CCC(CC2CCC3CCCC3C3CCC4CCCCC4C23)CC1
C1CCC(CCCCC2CCC3CCCCC23)CC1
C1CCC2CC(CC3CCCC4CCCC43)CCC2C1
C1CCC(CCCCC2CC3CCCCC3C2)CC1
C1CCC(C2CCC3CCCC3C3CCC4CCCCC4C23)CC1
C1CCC(C2CCC3CC4C(CCCC45CCCC5)CC32)CC1
C1CCC(C2CC3CCCC3C3CCC4CCCCC4C23)CC1
C(CCCCC1CCCC(CC(CC2CCC(CC3CCCCC3)CC2)C2CCCCC2)C1)CCCCC1CCC2C(CCC3C4CCCC4CCC23)C1
C1CCC(CCC2CCC3C(CCC3C3CCCC3)C2)CC1
C(CCC1CCC2C(CCC3C4CCCC4CCC23)C1)CC1CCC(C2CC3CCCC3C3CCC4CCCCC4C23)CC1
C1CCC(CCCCCC2CCC3CCCCC23)CC1
C1CCC(C2CCC(CCCCC3CCC4C3CCC3C5CCCCC5CCC43)C2)CC1
C1CCC(CCC2CCC(CCC3CCCC(CC4CCCC4)C3)CC2)CC1
C1CCC2CCC(C3CCCC4CCCC43)CC2CC1
C1CCC2CCC(CCC3CCC4C(CCC4C4CCCC(CC5CCCC5)C4)C3)CC2CC1
C1CCC2CCC3C4CCCC4CCC3C2CC1
C1CCC2C(C1)CCC1C3CCCC3CCC21
C(CCC1CCCC2CCCCC12)CC1CC2CCCCC2C1
C1CCC(C2CC3CCCCC3C3CCC4CCCCC4C23)CC1
C1CCC(CCCCC2CCC3C2CCC2C4CCCCC4CCCC32)CC1
C1CCC(CCCCCC2CCC3CCCCC23)CC1
C1CCC2C(C1)CCCC1C3CCCC3CCC21
C1CCC(C2CCC(C3CC4CCCC4C4CCC5CCCCC5C34)CC2)C1
C1CCC(CCCCC2CC3CCCCC3C2)CC1
C1CCC(CCCCC2CC3CCCCC3C2)CC1
C1CCC(C2CCC3C(CCCCCC4CCC4)CCCC23)CC1
C1CCC(C2CC3CCCC3C3CCC4CCCCC4C23)CC1
C1CCC(CCCCC2CC3CCCCC3C2)CC1
C(CCCC1CCCCC1)CCCC1CCC(C2CCCCC2)C1
C1CCC(C2CCC3CC4C(CCC32)CCC2C3CCC(CCCC5CCC6CCCCC6C5)C3CCC42)CC1
C1CCC(CCCCC2CC3CCCCC3C2)CC1
C1CCC(CCC2CCC3C(CCC4C5CCCC5CCCC34)C2)CC1
C1CCC(CCC2CCC3C(CCC3C3CCCCC3)C2)CC1
C1CCC2CCC(C3CCCC4CCCC43)CC2CC1
C(CCCC1CCCCC1)CCCC1CCC(CC2CCCCC2)C1
C1CCC2CC(CC3CCCC4CCCC43)CCC2C1
C(CCCCCCC1CCC2C1CCC1C3CCCCC3CCC21)CCCCCC1CCC(CCC2CCC(CCC3CCCC3)C2)C1
C1CCC(C2CCC3C(CCC4CCCCC43)C2)CC1
C(CCC1CCCC2CCCCC12)CCC1CCCC2CCCCC12
C(CCCC1CCCC2CCCCC12)CCC1CCC(C2CCCCC2)C1
C1CCC(CCC2CCC3C(CCC3C3CCCCC3)C2)CC1
C(CCCC1CCCCC1)CCCC1CCC(C2CCCCC2)C1
C1CCC(CCCCC2CC3CCCCC3C2)CC1
C1CCC(CCC2CCC3C(CCC3C3CCCCC3)C2)CC1
C1CCC(CCC2CCC3C(CCC3C3CCCCC3)C2)CC1
C1CCC2CCC3C4CCCC4CCC3C2CC1
C1CCC(CCCC2(CCCC3CCCC3)CCC3C4CCC5CCCCC5C4CCC32)C1
C1CCC(CCC(CC2CC3CCCCC3C2)C2CC2)CC1
C1CCC2CC(C3CCCC4CCCC43)CCC2C1
C1CCC2C(C1)CCC1CCCCC12
C(CCCC1CCCC2C(C3CCCCC3)CCC12)CCC1CCCCC1
C1CCC2CCC3C4CCCC4CCC3C2CC1
C1CCC(C2CC3CCCC3C3CCC4CCCCC4CC23)CC1
C1CCC(C2CCCC3C(CCC4CCCCC43)C2)CC1
C1CCC(C2CCC(CCCC3CCC4C3CCC3C5CCCCC5CCC43)C2)CC1
C1CCC(CCCCC2CC3CCCCC3C2)CC1
C1CCC(CCCCC2CC3CCCCC3C2)CC1
C1CCC(C2CCC3CCC4C(CCC45CCCC5)CC32)CC1
C1CCC(CCC(CCC2CCCCC2)CCC2CCC3CCCC3C2)CC1
C1CCC(CCCC2CC3CCCC3C3CCC4CC(CCC5CCCCC5)CCC4C23)CC1
C1CCC(CCC2CCCCC2)CC1
C1CCC(C2CCCC(CC3CC4CCCCC4C4CCC5CCCCC5C34)C2)C1
C1CCC(C2CC3CCCC3C3CCC4CCCCCC4C23)CC1
C1CCC(CCC2CCC3C(CCCC4C5CCCC5CCC34)C2)CC1
C1CCC(C2CC3CCCC3C3CCC4CCCCC4C23)CC1
C1CCC(CC2CC3CCCCC3CC3CCC4CCCCC4C32)C1
C1CCC(CCC2CCC3C(CCC3C3CCCC3)C2)CC1
C1CCC(CCC2CCC(CCC3CCCC(CC4CCCC4)C3)CC2)CC1
C1CCC2C(C1)CCC1CCCCC12
C1CCC(C2CCC3CCCC3C3CCC4CCCCC4C23)CC1
C(CCCC1CCCCC1)CCCC1CCC(C2CCCCC2)C1
C1CCC(C2CCC3CC4CCCCC4CCC32)CC1
C1CCC2CCC3C(CCC4C3CCC4(CCCC3CCC4CCCCC4C3)CCC3CCCC3)C2CC1
C1CCC(CC2CCC(CC(CC3CCCCC3)C3CCCCC3)CC2)CC1
C1CCC(CC2CC3CCCCC3C3CCC4CCCCC4C3C2)CC1
C1CCC(CCCCCC2CCCC3C(C4CCCCC4)CCC23)CC1
C(CCCC1CCCC2CCCCC12)CCC1CCC(C2CCCCC2)C1
C1CCC2CC(C3CCCC4CCCC43)CCC2C1
C1CCC2CCC3C4CCCC4CC(C4CCC(C5CCCC5)CC4)C3C2CC1
C1CCC(C2CCC3CC4C(CCC5C6CCCC(CCCC7CCC8CCCCC8C7)C6CCC45)CC32)CC1
C1CCC(CCC(CCC2CCC3CCCCC3C2)CC2CCCCC2)CC1
C1CCC(CCCC2CCC3CCC(C4CCCC5CCCC54)CC3C2)CC1
C1CCC(CCC2CCC3C(CCC3C3CCCCC3)C2)CC1
C1CCC(C2CCC3CCC4C(CCC45CCCC5)CC32)CC1
C1CCC(CCCCCC2CC3CCCCC3C2)CC1
C1CCC(CCC2CCC3C(CCC4C5CCCC5CC(CCC5CCCCC5)C34)C2)CC1
C1CCC(C2CCC3C(CCC4CCCCC43)C2)CC1
C1CCC2C(C1)CCC1C3CCCC3CCCC21
C1CCC2CC(CC3CCCC4CCCC43)CCC2C1
C1CCC2CC(CCCC3CCC4C3CCC3CC5CCCCC5CCC34)CCC2C1
C1CCC(CCCCC2CC3CCCCC3C2)CC1
C1CCC(C2CCC3CC4C(CCCC45CCCCC5)CC32)CC1
C1CCC(C2CC3CCCC3C3CCC4CCCCC4C23)CC1
C1CCC(C2CCCCC2CC2CC3CCCCC3CC3CCC4CCCCC4C32)CC1
C1CCC(CCCCCC2CCC3CCCC3C2)CC1
C1CCC(CCCCCC2CC3CCCCC3C2)CC1
C1CCC(CCCCCC2CCCC3CCCC23)CC1
C1CCC(CCCCCC2CCC3CCCCC23)CC1
C1CCC2CC(C3CCCC4CCCC43)CCC2C1
C1CCC(C2CCC3CC4C(CCC5C6CCC(CCCC7CCC8CCCCC8C7)C6CCC45)CC32)CC1
C1CCC(CC2CCC3C(CC4CCCCC4)CCC3C2)CC1
C1CCC(CCCC(CC2CC3CCCCC3C2)C2CC2)CC1
C1CCC(CCCCC2CCC3CCCCC23)CC1
C1CCC(CC2CCCCCC23CCC2CCC(C4CCCCC4)C2CC3)CC1
C1CCC2C(C1)CCC1C3CCCC3CCC21
C1CCC(CCC2CCC3C(CCC4C5CCCC5CCC34)C2)CC1
C1CCC(C2CCC(C3CC4CCCC4C4CCC5CCCCC5C34)CC2)C1
C(CCC1CCCC2CCCC12)CC1CC2CCCCC2C1
C(CCC1CCC2CCCCC2C1)CCC1CCCC2CCCCC12
C1CCC(CC2CCCC2CC2CC3CCCCC3CC3CCC4CCCCC4C32)CC1
C1CCC(C2CC3CCCC3C3CCC4CCCCC4C23)CC1
C1CCC2CCC3C4CCCCC4CC(CC4CCCC4)C3C2CC1
C1CCC(CCC2CCC(CCC3CCCC(CC4CCCC4)C3)CC2)CC1
C(CCC1CCCC2CCCCC12)CC1CC2CCCCC2C1
C1CCC2CC(C3CCCC4CCCC43)CCC2C1
C1CCC(CCC2CCCC(CC3CC4CCCCC4C4CCC5CCCCC5C34)C2)CC1
C1CCC(C2CC3CCCC3C3CCC4CCCCC4C23)CC1
C1CCC2CC(C3CCCC4CCCC43)CCC2C1
C1CCC(CCC2CCC3C(CC4CCCCC4)CCC3C2)CC1
C1CCC(CCC2CCC3C(CCC3C3CCCC(CCC4CCCC4)C3)C2)CC1
C1CCC(C2CCC3CC4C(CCCC5C6CCC(CCCC7CCC8CCCCC8C7)C6CCC45)CC32)CC1
C(CCC1CCCC2CCCCC12)CC1CCCC2CCCCC12
C1CCC(CCCCC2CC3CCCCC3C2)CC1
C1CCC2CC(C3CCCC4CCCC43)CCC2C1
C1CCC2CCC(C3CCCC4CCCC43)CC2CC1
C1CCC(C2CC3CCCC3C3CCC4CCCCC4C23)CC1
C1CCC(CCC2CCC(CCCC3CCCC(CC4CCCC4)C3)CC2)CC1
C1CCC2CC(CCCC3CCC4C3CCC3C5CCCCC5CCC43)CC2C1
C1CCC(CC2CC3CCCCC3C3CCC4CCCCCC4C23)CC1
C1CCC(CCC2CCC3C(CCC4CC(C5CCCCC5)CCC43)C2)CC1
C1CCC(CCCCC2CC3CCCCC3C2C2CCCCC2)CC1
C1CCC(CCCCCC2CCC3CCCCC23)CC1
C1CCC(CCCCCC2CCCC3C(C4CCCCC4)CCC23)CC1
C1CCC(CCCCCC2CCCC3C(C4CCCCC4)CCC23)CC1
C1CCC(CCC(CCCC2CCC3CCCC3C2)CC2CCCCC2)CC1
C1CCC(CCCC2CCC3CCC(C4CCCC5CCCC54)CC3C2)CC1
C1CCC(CCCCCC2CC3CCCCC3C2)CC1
C1CCC(C2CCC3C(CCC4CCCCC43)C2)CC1
C1CCC(CCC2CCC3C(CCC3C3CCCCC3)C2)CC1
C1CCC(CCCCC2CC3CCCCC3C2)CC1
C(CCCC1CCCCC1)CCCC1CCC(C2CCCCC2)C1
C1CCC2CC(CCCC3CCC4C3CCC3C5CCCCC5CCCC43)CC2C1
C1CCC(CCCCC2CCC3CCC(C4CCCC5CCCC54)CC3C2)CC1
C1CCC2CCC(C3CCCC4CCCC43)CC2CC1
C1CCC2CC(C3CCCC4CCCC43)CCC2C1
C1CCC(CC2CCC3C(CC4CCCCC4)CCC3C2)CC1
C(CCC1CCC2CCCCC2C1)CCC1CCCC2CCCCC12
C1CCC2C(C1)CCCC2CCCC1CCCC2CCCCC21
C(CCC1CC2CCCCC2C1)CCC1CCCC2CCCC12
C1CCC2CC(C3CCCC4CCCC43)CCC2C1
C1CCC(CCCCCC2CC3CCCCC3C2)CC1
C1CCC2C(C1)CCC1CCCCC12
C1CCC(C2CCC3CC4C(CCCC5C6CCC(CCCC7CC8CCCCC8C7)C6CCC45)CC32)CC1
C1CCC(CCCCC2CC3CCCCC3C2)CC1
C1CCC(CCC2CCC3C(CCC3C3CCCCC3)C2)CC1
C1CCC(CC2CC3CCCCC3C3CCC4CCCCCC4C23)CC1
C1CCC(CCCCC2CCCC3CCCCC23)CC1
C1CCC(CCC2CCC(C3CCC4C(CCC4C4CCCCC4)C3)CC2)CC1
C1CCC(C2CC3CCCC3C3CCC4CCCCC4C23)CC1
C1CCC(CCCCC2CC3CCCCC3C2)CC1
C1CCC(CCCCCC2CCCC3C(CC4CCCCC4)CCC23)CC1
C1CCC(C2CCC3CC4C(CCCC45CCCC5)CC32)CC1
C1CCC2CC3CCC4C(CCCC5CC6CCCCC6C5)CCC4C3CCC2C1
C1CCC2CCC(C3CCCC4CCCC43)CC2CC1
C1CCC(CCC2CCC3C(CCC3C3CCCCC3)C2)CC1
C(CCC1CCCC2CCCC12)CC1CC2CCCCC2C1
C1CCC(CCCCC2CC3CCCCC3C2)CC1
C(CCCCC1CCC(C2CCCCC2)C1)CCCC1CCCCC1
C1CCC(C2CCC3CCC4C(CCC5C6CCC(CCCC7CC8CCCCC8C7)C6CCC45)CC32)CC1
C1CCC2CC(C3CCCC4CCCC43)CCC2C1
C1CCC(CCC2CCCCC2CC2CC3CCCCC3C3CCC4CCCCC4C23)CC1
C1CCC(CCCCCC2CC3CCCCC3C2)CC1
C1CCC2CC(C3CCCC4CCCC43)CCC2C1
C1CCC(CC2CCCCCC23CCC2CCC(C4CCCCC4)C2CC3)CC1
C(CCC1CCCC2CCCCC12)CC1CC2CCCCC2C1
C1CCC2C(C1)CCC1CCCCC12
C1CCC2CCC3C4CCC(CCCC5CC6CCCCC6C5)C4CCC3C2CC1
C1CCC2CC(C3CCCC4CCCC43)CCC2C1
C1CCC(CCCCC2CC3CCCCC3C2)CC1
C1CCC2CC(C3CCCC4CCCC43)CCC2C1
C1CCC(CCC2CCC3C(CCC3C3CCCCC3)C2)CC1
C1CCC(CCCCCC2CCC3CCCCC23)CC1
C1CCC(C2CCC3CC4C(CCCCC45CCCC5)CC32)CC1
C1CCC(CCC(CC2CC3CCCCC3C2)C2CC2)CC1
C1CCC2C(C1)CCC1C3CCCC3CCC21
C1CCC2CCC(C3CCCC4CCCC43)CC2CC1
C1CCC(CC(CC2CCCCC2)C2CCCCC2)CC1
C(CCC1CCC2C1CCC1C3CCCCC3CCC21)CC1CC2CCCCC2C1
C1CCC(CCCCCC2CCC3CCCCC23)CC1
C1CCC2C(C1)CCC1C3CCCC3CCC21
C(CCCC1CCCCC1)CCCC1CCC(C2CCCCC2)C1
C1CCC(CCC2CC3CCCC3C3CCCC4CCCCC4C23)CC1
C1CCC(CC2CCCC(CCC3CCC(CCC4CCC(CC5CC5)CC4)CC3)C2)C1
C1CCC(CC2CC3CCCCC3C3CCC4CCCCCC4C23)CC1
C(CCC1CCCC2CCCC12)CC1CC2CCCCC2C1
C(CCC1CCCC2CCCC12)CC1CC2CCCCC2C1
C(CCCC1CCCCC1)CCCC1CCC(C2CCCCC2)C1
C1CCC(C2CCC3CC4C(CCCCC45CCCCC5)CC32)CC1
C1CCC(C2CCC3CCCCC3C3CCCCC23)CC1
C1CCC(C2CCC3CC4C(CCC45CCCC5)CC32)CC1
C1CCC(C2CCC3C(CCCC4CCCCC43)C2)CC1
C1CCC2C(C1)CCC1C3CCCC3CCC21
C1CCC(C2CCC(CCCCCC3CCCC4CCCCC34)C2)CC1
C1CCC(C2CCC3CC4C(CCC5C6CCC(CCCC7CCC8CCCCC8C7)C6CCC45)CC32)CC1
C1CCC(CCCCCC2CCC3CCCCC23)CC1
C1CCC(CCCC2CCC3C2CCC2C4CCCCC4CCC32)C1
C1CCC(C2CC3CCCCC3C3CCCCC23)CC1
C1CCC(CCCCC2CC3CCCCC3C2C2CCCCC2)CC1
C(CCC1CC2CCCCC2C1)CCC1CCCC2CCCC12
C1CCC(C2CC3CCCC3C3CCC4CCCCCC4C23)CC1
C1CCC2CC(CC3CCCC4CCCC43)CCC2C1
C1CCC(CCCCC2CC3CCCCC3C2)CC1
C1CCC2CCC(C3CCCC3)CC2CC1
C1CCC2CCC3C4CCCC4CCC3C2CC1
C1CCC(C2CCC3CC4C(CC5CC6CCCCC6C5)CCCCC4CC32)CC1
C1CCC2C(C1)CCC1C2CCC2C3CCCC3CC21
C1CCC(CCCC2CCC3C(CCC3C3CCCCC3)C2)CC1
C1CCC(C2CC3CCCC3C3CCC4CCCCC4C23)CC1
C(CCC1CCC2C(CCC3C4CCCC4CCC23)C1)CC1CCC(C2CC3CCCC3C3CCC4CCCCC4C23)CC1
C1CCC(CCCC2CCCCC2)CC1
C1CCC(CCCCCC2CC3CCCCC3C2)CC1
C1CCC(CCC2CCC3C(CC4CCCCC4)CCC3C2)CC1
C1CCC2CC3CCC4C(CCCC5CC6CCCCC6C5)CCC4C3CCC2C1
C(CCCC1CCCC2CCCCC12)CCC1CCC(C2CCCCC2)C1
C1CCC(C2CC3CCCC3C3CCC4CCCCCC4C23)CC1
C1CCC(C2CCC3C(CCC4CCCCC43)C2)CC1
C1CCC(C2CC3CCCCC3C3CCC4CCCCC4C23)CC1
C1CCC2CC(C3CCCC4CCCC43)CCC2C1
C1CCC(CCCCC2CCC3CCCCC23)CC1
C1CCC(CCC2CCC3C(CC4CCCCC4)CCC3C2)CC1
C(CCCCC1CCC(C2CCCCC2)C1)CCCC1CCC2CCCC2C1
C1CCC(C2CCC3CCC4CCCCC4C3CC2)CC1
C(CCC1CCCC2CCCCC12)CCC1CCCC2CCCCC12
C1CCC2C(C1)CCC1C2CCC2CCC3CC3C21
C1CCC2C(C1)CCC1CCCCC12
C1CCC2CCC3C4CCCC4CCC3C2CC1
C1CCC(C2CCC3C(CCCCCC4CCC(C5CCCC5)C4)CCCC23)CC1
C1CCC(CCC2CCC(CCC3CCCC(CC4CCCC4)C3)CC2)CC1
C1CCC(CCC2CCC(CCC3CCCCC3)CC2)CC1
C(CCC1CCCC2CCCCC12)CC1CCCC2CCCCC12
C1CCC(C2CCC3CC4C(CCC5C6CCC(CCCC7CC8CCCCC8C7)C6CCCC45)CC32)CC1
C1CCC(C2CCC3C(CCCC4CCCCC43)C2)C1
C1CCC(CCCCCC2CCCC3CCC(C4CCCCC4)CC23)CC1
C1CCC(CCCCC2CC3CCCCC3C2)CC1
C(CCCC1CCCC2CCCCC12)CCC1CCCC1
C1CCC2CCC3CCCCC3C2CC1
C1CCC(C2CCC(CCCCCC3CCCC4CCCCC34)C2)CC1
C1CCC2CC(C3CCCC4CCCC43)CCC2C1
C1CCC2CCC(C3CCCC4CCCC43)CC2CC1
C1CCC2CC(C3CCCC4CCCC43)CCC2C1
C1CCC2CCC3C4CCCCC4CC(CC4CCCC4)C3C2CC1
C1CCC(CCCCC2CCC3CCCCC23)CC1
C1CCC(CCC2CCC3C(CCC3C3CCCCC3)C2)CC1
C(CCCC1CCC2CCCC2C1)CCCC1CCC(C2CCCCC2)C1
C1CCC(CCC2(CCCC3CC4CCCCC4C3)CCC3C4CCC5CCCCC5C4CCC32)C1
C1CCC2C(C1)CCCC1C3CCCC3CCC21
C1CCC(CCCCC2CCC3CCC(C4CCCC5CCCC54)CC3C2)CC1
C1CCC2CCCCC2C(CCCCC2CCCC3CCCCC23)C1
C1CCC(CC2CCCC2CC2CCC3CCCCC3C3CCC4CCCCC4C23)CC1
C1CCC(C2CC3CCCC3C3CCC4CCCCC4C23)CC1
C1CCC(CCCC2CCC3C(CCC4C5CCCC5CCC34)C2)CC1
C1CCC(C2CCC3C(CCC4CCCCC43)C2)CC1
C1CCC(C2CCC(CCCCCC3(C4CCCC4)CCCC4CCCCC4C3)C2)CC1
C(CCCC1CCCCC1)CCCC1CCC(C2CCCCC2)C1
C1CCC(C2CC3C(CCC4CCC4)CCC3C3CCC4CCCCC4C23)CC1
C(CCCC1CCCC2C(C3CCCCC3)CCC12)CCC1CCCCC1
C1CCC(CCCCCC2CCCC3C(C4CCCCC4)CCC23)CC1
C1CCC(CCCCCC2CCCC3C(C4CCCCC4)CCC23)CC1
C1CCC(CCCCCC2CC3CCCCC3C2)CC1
C1CCC2CCC3C4CCCC4CCC3C2CC1
C1CCC(CCC(CCC2CCCCC2)CCC2CCC3CCCC3C2)CC1
C1CCC(CCCC2CCC3C2CCC2C4CC5CCC(C6CCCCC6)C5CC4CCC32)CC1
C1CCC(CCCCCC2CC3CCCCC3C2)CC1
C1CCC2CCC(C3CCCC4CCCC43)CC2CC1
C1CCC(CCC2CCC(C3CC3)CC2)CC1
C1CCC(CCC2CCC3C(CCC3C3CCCCC3)C2)CC1
C1CCC(C2CCC3CC4C(CCC45CCCC5)CC32)CC1
C1CCC(CCCC2(CCC3CCCC3)CCC3C4CCCC5CCCCC5C4CCC32)CC1
C(CCC1CCCC2CCCCC12)CC1CCCC2CCCCC12
C1CCC(CCC2CCC3C(CCC3C3CCCCC3)C2)CC1
C1CCC(CCCCCC2CC3CCCCC3C2)CC1
C1CCC(C2CCC3CC4C(CCCC45CCCC5)CC32)CC1
C1CCC(CCC2CCC3C2CCCC(C2CCCCC2)C2C4CCCCC4CCC32)CC1
C1CCC(CCC2CCC3C2CCC(C2CCCCC2)C2C4CCCCC4CCCC32)CC1
C1CCC(CCCCCC2CC3CCCCC3C2)CC1
C1CCC(C2CC3CCCC3C3CCC4CCCCC4C23)CC1
C1CCC2CC(CC3CCCC4CCCC43)CCC2C1
C1CCC(C2CCC(CCCCCC3(C4CCCC4)CCCC4CCCCC43)C2)CC1
C(CCCC1CCCCC1)CCCC1CCC(C2CCCCC2)C1
C1CCC(CCCC2CCC3C2CCC2C4CCCCC4CCC32)CC1
C1CCC(C2CC3CCCCC3C3CCCCC3C2)CC1
C1CCC(C2CCC3CC4C(CCC32)CCC2C3CCC(CCCC5CCCC6CCCCC65)C3CCC42)CC1
C1CCC(CCC2CCC3C(CCC3C3CCCCC3)C2)CC1
C1CCC(CC2CCC3C(CC4CCCCC4)CCC3C2)CC1
C1CCC2CC(C3CCCC4CCCC43)CCC2C1
C1CCC2CCC3C4CCCC4CCC3C2CC1
C1CCC2CC(CC3CCCC4CCCC43)CCC2C1
C1CCC2CCC3CCCCC3C2CC1
C1CCC(CCCC2CCC3C(CCC3C3CCCCC3)C2)CC1
C1CCC(CCCCCC2CC3CCCCC3C2)CC1
C1CCC(CCCCCC2CCCC3C(C4CCCCC4)CCC23)CC1
C1CCC(CCCCC2CC3CCCCC3C2)CC1
C1CCC(CCCCCC2CCC3CCCCC23)CC1
C1CCC(CCCCC2CC3CCCCC3C2)CC1
C1CCC2CCC(C3CCCC4CCCC43)CC2CC1
C1CCC2CCC3C4CCCC4CCC3C2CC1
C1CCC(CCCCC2CC3CCCCC3C2)CC1
C1CCC(CCC(CCCC2CCC3CCCC3C2)CC2CCCCC2)CC1
C1CCC(C2CCCC3(CCC4CC5C(CCC5C5CCCCC5)CC43)C2)CC1
C1CCC(C2CCC3C(CCCCCC4CCC(C5CCCC5)C4)CCCC23)CC1
C1CCC2CC(C3CCCC4CCCC43)C3CCCC3C2CC1
C(CCCC1CCCCC1)CCC1CCCCC1
C1CCC(C2CCC3CC4C(CCC5C6CCC(CCCC7CCC8CCCCC8C7)C6CCC45)CC32)CC1
C1CCC(CCCC2CCC3C(CCC3C3CCCCC3)C2)CC1
C1CCC2C(C1)CCC1CCCCC12
C1CCC(CCCCC2CC3CCCCC3C2)CC1
C1CCC(CCCCC2CCC3CCCCC23)CC1
C1CCC(CCC2CCCC3CCC4C(CCC4C4CCCCC4)CC23)CC1
C1CCC2CC(CC3CCCC4CCCC43)CCC2C1
C1CCC(CCCCC2CC3CCCCC3C2)CC1
C1CCC(CCCCC2CCC3CCCCC23)CC1
C1CCC2CC(C3CCCC4CCCC43)CCC2C1
C1CCC2CCC(C3CCCC4CCCC43)CC2CC1
C1CCC(C2CC3C(CCC34CCCC4)C3CCCC4CCCCC4C23)CC1
C1CCC2CCC3CCCCC3C2CC1
C1CCC(CCCC2CCC3C(CCC3C3CCCCC3)C2)CC1
C1CCC2C(C1)CCC1C3CCCC3CCC21
C1CCC2CC3CCC4CCCCC4C3CCC2C1
C1CCC(CCC2CCC(CCC3CCCCC(CC4CCCC4)C3)CC2)CC1
C1CCC(C2CCC3CC4C(CCCCC45CC(C4CCCCC4)C(C4CCCCC4)C5)CC32)CC1
C1CCC(C2CCC3CC4C(CCC45CCCC5)CC32)CC1
C1CCC(CCCCC2CCCC(C3CCC4CC(CCC5CCC6CCCCC6C5)CCC43)C2)CC1
C1CCC(CCCCCC2CCC3CCCCC23)CC1
C1CCC(C2CCC3CC4C(CCC45CCCCCC5)CC32)CC1
C1CCC2CCC(C3CCCC4CCCC43)CC2CC1
C1CCC(CCC2CCC(C3CCC4C(CCC4C4CCCCC4)C3)CC2)CC1
C1CCC(C2CCC3CCCC3C3CCC4CCCCC4C23)CC1
C1CCC2CCC3C4CCC(CCCC5CCCC6CCCCC65)C4CCC3C2CC1
C1CCC(C2CCC3CC4C(CCC45CCCCCC5)CC32)CC1
C1CCCC(CC2CCCCC2CC2CC3CCCCC3C3CCC4CCCCC4C23)CC1
C1CCC(CCCCCC2CCC3C(CCC3C3CCCCC3)C2)CC1
C1CCC(CCCCC2CCC3CCCCC23)CC1
C(CCCCC1CCC(C2CCCCC2)C1)CCCC1CCCCC1
C1CCC(CCCC2CCC3C2CCC2C4CCCCC4CCC32)C1
C1CCC(CCC2CCC3C2CCC2C4CCCCC4CCCC32)C1
C1CCC2CCC(C3CCCC4CCCC43)CC2CC1
C1CCC2C(C1)CCC1C2CCC2C3CCCC3CC21
C1CCC2CC(CC3CCCC4CCCC43)CCC2C1
C1CCC(C2CCC3CC4C(CCC5C6CCCC6CCC45)CC32)CC1
C1CCC(C2CCC3CCCC3C3CCC4CCCCC4C23)CC1
C1CCC2CCC3C4CCC(CCCC5CC6CCCCC6C5)C4CCC3C2CC1
C1CCC2C(C1)CCCC2CCCC1CCC2C1CCC1C3CCCCC3CCCC21
C(CCC1CCCC2CCCCC12)CC1CCC2CCCCC2C1
C1CCC(CCC2CCC3C(CCC3C3CCCCC3)C2)CC1
C1CCC(C2CCC3CC4CCCCC4CCC32)CC1
C1CCC(C2CC3CCCC3C3CCC4CCCCC4C23)CC1
C1CCC(C2CCC3C(CCCCCC4CCC(C5CCCC5)C4)CCCC23)CC1
C1CCC(CCC2CCC(C3CC3)CC2)CC1
C1CCC(CCCCCC2CC3CCCCC3C2)CC1
C1CCC2CC(CCCC3CCC4C3CCCC3C5CCCCC5CCC34)CC2C1
C1CCC2CC(CCCC3CCC4C3CCC3C5CCCCC5CCC43)CC2C1
C1CCC2CC(CCCC3CCCC4C3CCC3C5CCCCC5CCC43)CC2C1
C1CCC(CCCCC2CC3CCCCC3C2)CC1
C1CCC(CCC2CCC3C(CCC3C3CCCCC3)C2)CC1
C1CCC(C2CC3CCCC3C3CCC4CCCCC4C23)CC1
C1CCC(C2CCC3CC4C(CCC45CCCCC5)CC32)CC1
C1CCC(C2CC3CCCCC3CC3CCCCC32)CC1
C1CCC(CCCC2(CCC3CCCC3)CCC3C4CCCC5CCCCC5C4CCC32)CC1
C1CCC(CC2CC3CCCC3C3CCC4CCCCC4C23)CC1
C1CCC(CCCCCC2CC3CCCCC3C2)CC1
C1CCC(CCC2CCC(C3CCC4C(CCC4C4CCCCC4)C3)CC2)CC1
C1CCC(C2CCC3CCCC3C3CCC4CCCCC4C23)CC1
C1CCC2CC(C3CCCC4CCCC43)CCC2C1
C1CCC(CCCCC2CC3CCCCC3C2)CC1
C1CCC(CC2CCCCC2CC2CC3CCCCC3C3CCC4CCCCC4C23)CC1
C1CCC(CCC(CCC2CCC3CCCCC3C2)CC2CCCCC2)CC1
C1CCC(C2CCC3CCC4C(CCC45CCCC5)CC32)CC1
C1CCC(CCC(CCC2CCC3CCCC3C2)CC2CCCCC2)CC1
C1CCC2CC(C3CCCC4CCCC43)CCC2C1
C(CCC1CCCC2CCCCC12)CC1CC2CCCCC2C1
C1CCC2C(C1)CCC1C3CCCC3CCC21
C1CCC2CC(CCCC3CCC4C3CCC3C5CCCCC5CCC43)CC2C1
C(CCC1CCC2CCCCC2C1)CCC1(C2CCCC2)CCCC2CCCCC21
C1CCC(C2CCC3(CCC4CC5C(CCC5C5CCCCC5)CC43)C2)CC1
C1CCC(CCC2CCC(CCC3CCCC(CCC4CCCC4)C3)CC2)CC1
C1CCC(C2CCC(CCCCCC3CCCC4CCCCC34)C2)CC1
C1CCC2C(C1)CCC1CCCCC12
C1CCC(CCCCC2CC3CCCCC3C2)CC1
C(CCC1CCCC2CCCCC12)CC1CCC2CCCCC2C1
C1CCC2CCC3C4CCCC4CCC3C2CC1
C1CCC(C2CC3CCCCC3C3CCC4CCCCC4C23)CC1
C1CCC2CC(C3CCCC4CCCC43)CCC2C1
C(CCC1CCCC1)CCC1CCCC2CCCCC12
C1CCC(CCCCCC2CCCC3C(C4CCCCC4)CCC23)CC1
C(CCCC1CCCC2C(C3CCCCC3)CCC12)CCC1CCCCC1
C1CCC(C2CCC3CCCC3C3CCC4CCCCC4C23)CC1
C1CCC(CC2CCC(CCC(CC3CCCCC3)C3CCCCC3)CC2)CC1
C1CCC(CCCCC2CC3CCCCC3C2)CC1
C1CCC(CCCC2CCC3CCC(CC4CCCC5CCCC54)CC3C2)CC1
C1CCC(C2CC3CCCC3C3CCC4CCCCC4C3C2)CC1
C1CCC(CCCCCC2CCCC3C(CC4CCCCC4)CCC23)CC1
C1CCC2CCC3C4CCC(CCCC5CC6CCCCC6C5)C4CCC3C2CC1
C1CCC(CCCCCC2CC3CCCCC3C2)CC1
C1CCC2CCC3C(CCC4C3CCC4(CCCC3CC4CCCCC4C3)CCC3CCCC3)C2CC1
C(CCCC1CCCCC1)CCCC1CCC(C2CCCCC2)C1
C1CCC(C2CCC3CC(C4CCC(CCC5CCCC5)CC4)CCC32)CC1
C1CCC(C2CCC3CC4C(CCC5C6CCC(CCCCC7CCC8CCCCC8C7)C6CCC45)CC32)CC1
C1CCC(CC2CCCC(CCC3CCC(CCC4CCC(C5CC5)CC4)CC3)C2)C1
C(CCC1CCC2C1CCC1C3CCCCC3CCC21)CC1CC2CCCCC2C1
C1CCC(CCC2CCCC3CCC4C(CCC4C4CCCCC4)CC23)CC1
C1CCC(CC2CCC3CCCCC3C3CCC4CCCCC4C23)C1
C1CCC(CCCCCC2CC3CCCCC3C2)CC1
C1CCC2CC(CCCC3CCC4C3CCC3C5CCCCC5CCC43)CC2C1
C1CCC(C2CCC3CC4C(CCC32)CCC42CCCC2)CC1
C1CCC(CCCCC2CCC3C2CCC2C4CCCCC4CCCC32)CC1
C1CCC(CCCCCC2CCC3CCCCC3C2)CC1
C1CCC2CC(C3CCCC4CCCC43)CCC2C1
C1CCC(CCCCCC2CCCC3C(C4CCCCC4)CCC23)CC1
C1CCC(CCCC2CCC3C(CCC3C3CCCCC3)C2)CC1
C1CCC(CCCC2CCCC3CCC(C4CCCC5CCCC54)CC3C2)CC1
C1CCC(C2CCC(CCCCCC3CCCC4CCCCC34)C2)CC1
C1CCC2CCC(C3CCCC4CCCC43)CC2CC1
C1CCC(C2CC3CCCC3C3CCC4CCCCC4C23)CC1
C1CCC(CCCCC2CCC3CCC(C4CCCC5CCCC54)CC3C2)CC1
C1CCC(CCC2CCC3C(CCC3C3CCCCC3)C2)CC1
C1CCC(C2CCC3CCCCC3C3CCCCC23)CC1
C1CCC(CCCCC2(CCC3CCCC3)CCC3C4CCC5CCCCC5C4CCC32)C1
C1CCC(CC2CCC(CC(CC3CCCCC3)C3CCCCC3)CC2)CC1
C1CCC(CCC2CCC3C(CCC3C3CCCC(CC4CCCC4)C3)C2)CC1
C1CCC2C(C1)CCCC1C3CCCC3CCC21
C1CCC2CCC(C3CCCC4CCCC43)CC2CC1
C1CCC(CCCCC2CC3CCCCC3C2)CC1
C1CCC(C2CC3C(CCC4CC4)CCC3C3CCC4CCCCCC4C23)CC1
C1CCC2CC(CCCC3CCC4CC5CCC6CCCCC6C5CCC34)CC2C1
C1CCC(CCCC2CCC3CCC(C4CCCC5CCCC54)CC3C2)CC1
C1CCC2CCC3CCCCC3C2CC1
C1CCC(CCC2CCCCC3CC4C(CCC4C4CCCCC4)CC23)CC1
C1CCC(CC2CCC3C(CC4CCCCC4)CCC3C2)CC1
C1CCC(CC2CCCCCCC23CCC2C(CCC2C2CCCCC2)C3)CC1
C1CCC2CC(C3CCCC4CCCC43)CCC2C1
C1CCC2CC(CCCC3CCCC4C3CCC3C5CCCCC5CCC43)CC2C1
C1CCC(CCCCC2CC3CCCCC3C2)CC1
C1CCC(CC2CC3CCCCC3C3CCC4CCCCC4C23)CC1
C1CCC2CCC3C(CCC4C3CCC4(CCCC3CCC4CCCCC4C3)CCC3CCCC3)C2CC1
C(CCC1CC2CCCCC2C1)CCC1CCCC2CCCC12
C1CCC(CC2CC3CCCCC3C3CCCC23)C1
C1CCC(CCCCC2CC3CCCCC3C2)CC1
C1CCC(CCC2CCC3C(CCC3C3CCCCC3)C2)CC1
C1CCC2CC3CCC4C(CCCC5CC6CCCCC6C5)CCC4C3CCC2C1
C1CCC2CC(C3CCCC4CCCC43)C3CCCC3C2CC1
C1CCC(CCCCC2CC3CCCCC3C2)CC1
C1CCC(CCC2CCCC3CC4C(CC5CCCCC5)CCC4CC23)CC1
C1CCC(CC2CCC3CC4(CCCCC4C4CCCCC4)CCC23)CC1
C1CCC(CCCC(CC2CC3CCCCC3C2)C2CCCC2)CC1
C1CCC(CCCCC2CC3CCCCC3C2)CC1
C1CCC(CCCCC2CCC3CCCCC23)CC1
C(CCC1CCCCC2CCCCC12)CC1CCC2CCCCC2C1
C1CCC(CCC2CCC(C3CCC4C(CCC4C4CCCCC4)C3)CC2)CC1
C1CCC(CCC2(CCCC3CCC4CCCCC4C3)CCC3C4CCC5CCCCC5C4CCCC32)C1
C1CCC(CC2CC3CCCCC3C3CCC4CCCCC4C23)C1
C1CCC(CCCC2CCCC(C3CCC4CC(CCCC5CCC6CCCCC6C5)CCC43)C2)CC1
C1CCC(CCC2CCC3C(CCC3C3CCCC3)C2)CC1
C1CCC2CCC3C4CCCCC4CC(CC4CCCC(C5CCCC5)C4)C3C2CC1
C1CCC(CC(CC2CCCCC2)C2CCCCC2)CC1
C1CCC(CCC2CCC3C(CCC4CCCCC43)C2)CC1
C1CCC(C2CC3CCCC3C3CCC4CCCCC4C23)CC1
C1CCC(CCC2CCCC3CC4C(CCC23)CCC4C2CCCCC2)CC1
C1CCC(CCC2CCC3C(CC4CCCCC4)CCC3C2)CC1
C1CCC(C2CCC3CCCC3C3CCC4CCCCC4C23)CC1
C1CCC(C2CCC3CC4C(CCCC45CCCC5)CC32)CC1
C1CCC(C2CCC3CC4C(CCC5C6CCC(CCCC7CCC8CCCCC8C7)C6CCC45)CC32)CC1
C(CCC1CCC2C(CCC3C4CCCC4CCC23)C1)CC1CCC(C2CC3CCCC3C3CCC4CCCCC4C23)CC1
C1CCC2CCC3C4CCCC4CCC3C2CC1
C1CCC(CCCCCC2CCCC3CCC(C4CCCCC4)CC23)CC1
C(CCCCC1CCC(C2CCCCC2)C1)CCCC1CCCCC1
C1CCC(CCCCCC2CCCCC2)CC1
C1CCC(C2CC3CCCC3C3CCC4CCCCC4C23)CC1
C1CCC(C2CCC3CC4CCCCC4CC32)CC1
C1CCC2CC(C3CCC4CCCCC43)CCC2C1
C1CCC(C2CCC3CC4C(CCC32)CCC2C3CCCC3CCC42)CC1
C1CCC(C2CC3CCCC3C3CCC4CCCCCC4C23)CC1
C1CCC(CCCCC2CCC3CCCCC23)CC1
C(CCCC1CCCCC1)CCCC1CCC(C2CCCCC2)C1
C1CCC(CCCC2CCC3CCC(C4CCCC5CCCC54)CC3C2)CC1
C1CCC(CCC2CCC(CCC3CCCCC3)CC2)CC1
C1CCC(CCCCCC2CCCC3C(CC4CCCCC4)CCC23)CC1
C1CCC(C2CC3CCCC3C3CCC4CCCCC4C23)CC1
C1CCC(CC2CCC3CC4C(CCC45CCCCC5)CC23)CC1
C1CCC2CCC3C(CCC4C3CCC4(CCCC3CC4CCCCC4C3)CCC3CCCC3)C2CC1
C1CCC2CCC(C3CCCC4CCCC43)CC2CC1
C(CCC1CCCCC2CCCCC12)CC1CCC2CCCCC2C1
C1CCC(CCC2CCC3C(CCC3C3CCCCC3)C2)CC1
C(CCCC1CCCCC1)CCCC1CCC(C2CCCCC2)C1
C1CCC(CCCC2CCCC3CC4C(CCC4C4CCCCC4)CC23)CC1
C1CCC(CCCCC2CCC3CCCCC23)CC1
C1CCC2CCC(C3CCCC4CCCC43)CC2CC1
C1CCC(C2CCC3CC4C(CCC5C6CCCC(CCCC7CCCC8CCCCC87)C6CCC45)CC32)CC1
C1CCC(C2CCC3CC4C(CCC45CCCCC5)CC32)CC1
C1CCC(C2CCC3CCC4C(CC5CCC6CCCCC65)CCCC4CC32)CC1
C1CCC(CCC2CC3CCCCC3C3CCC4CCCCC4C23)CC1
C(CCC1CCC2CCCCC2C1)CCC1(C2CCCC2)CCCC2CCCCC21
C1CCC2CC(CCCC3CCC4C3CCC3C5CCCCC5CCC43)CC2C1
C1CCC2CCC(C3CCCC4CCCC43)CC2CC1
C(CCCC1CCCCC1)CCCC1CCC(C2CCCCC2)C1
C1CCC(C2CCC(CCCC3CCC4C3CCC3C5CCCCCC5CCC43)C2)CC1
C1CCC(CCCCCC2CCCC3C(C4CCCCC4)CCC23)CC1
C1CCC(CCCC2(CCC3CCCC3)CCC3C4CCC5CCCCC5C4CCC32)CC1
C1CCC(C2CCCC3C(CCC4CCCCC43)C2)CC1
C1CCC(CCCCC2CC3CCCCC3C2)CC1
C1CCC(CCCCCC2CC3CCCCC3C2)CC1
C1CCC(CCCCCC2CCC3CCCCC23)CC1
C1CCC(CCCC(CCC2CCCCC2)CCC2CCC3CCCC3C2)CC1
C(CCCC1CCCCC1)CCC1CCCCC1
C1CCC(C2CCC3CC4C(CCC32)CCC2C3CCC(CCCC5CC6CCCCC6C5)C3CCC42)CC1
C1CCC(CC2CCC3CC4C(CCCC45CC(C4CCCCC4)C(C4CCCCC4)C5)CC23)CC1
C1CCC(CCCC2CCC3C2CCC2C4CC5CCC(C6CCCCC6)C5CC4CCC32)CC1
C1CCC(CC2CCC(CCCC3CCC4CCCC4C3)CC2)C1
C(CCCC1CCCCC1)CCCC1CCC(CC2CCCCC2)C1
C1CCC(CCC2(CCCC3CC4CCCCC4C3)CCCC3C4CCC5CCCCC5C4CCC32)C1
C1CCC(CCC2CCC(CC3CCC4C(CCC4C4CCCCC4)C3)CC2)CC1
C1CCC2CCC3C(CCC4C3CCC4(CCCC3CC4CCCCC4C3)CCC3CCCC3)C2CC1
C(CCC1CCCC2CCCCC12)CC1CCCC2CCCCC12
C1CCC2C(C1)CCC1CCCCC12
C1CCC(CCC(CCCC2CCC3CCCC3C2)CCC2CCCCC2)CC1
C1CCC(CC2CCC(CCC(CC3CCCCC3)C3CCCCC3)CC2)CC1
C1CCC(C2CC3CCCC3C3CCC4CCCCCC4C23)CC1
C1CCC(CCC(CCC2CCC3CCCC3C2)CC2CCCCC2)CC1
C1CCC(CC2CCC3CC4C(CCC45CCC(C4CCCCC4)C5)CC23)CC1
C1CCC(C2CCC3CCC4(CCCCC4C4CCCCC4)CCC32)CC1
C(CCCC1CCCC2C(C3CCCCC3)CCC12)CCC1CCC(C2CCCC2)C1
C1CCC(C2CC3CCCC3C3CCC4CCCCCC4C23)CC1
C1CCC(CCCCCC2CCC3CCCCC23)CC1
C1CCC2CCC(C3CCCC4CCCC43)CC2CC1
C(CCCC1CCCC2CCCCC12)CCC1CCCC1
C1CCC2CCC3C4CCCCC4CC(CC4CCCC4)C3C2CC1
C1CCC(C2CC3CCCC3C3CCC4CCCCC4CC23)CC1
C1CCC(C2CCC3CCC4C(CCC45CCCCC5)CC32)CC1
C1CCC2C(C1)CCC1CCCCC12
C1CCC(CCC2CCC(C3CC3)CC2)CC1
C1CCC2CCC(C3CCCC4CCCC43)CC2CC1
C1CCC(C2CC3CCCC3C3CCC4CCCCC4C23)CC1
C1CCC2CC(C3CCCC4CCCC43)CCC2C1
C1CCC(CCC2CCC3C2CCC2C4CCCCC4CCC32)C1
C1CCC2CC(C3CCCC4CCCC43)CCC2C1
C1CCC(CCCCC2CC3CCCCC3C2)CC1
C1CCC(C2CCCC3C(CCC4CCCCC43)C2)CC1
C1CCC2C(C1)CCC1C3CCCC3CCC21
C1CCC(C2CCC3C(CCC4CCCCC43)C2)CC1
C1CCC(C2CC3CCCC3C3CCCC4CCCCC4C23)CC1
C1CCC(CCCCCC2CCCC3C(CC4CCCCC4)CCC23)CC1
C1CCC2CC(C3CCCC4CCCC43)CCC2C1
C(CCCC1CCCC2C(C3CCCCC3)CCC12)CCC1CCCCC1
C1CCC2C(C1)CCC1C3CCCC3CCC21
C1CCC(CCCCCC2CCC3CCC(C4CCCC5CCCC54)CC3C2)CC1
C1CCC(CCCCCC2CC3CCCCC3C2)CC1
C1CCC(CCCCC2CC3CCCCC3C2)CC1
C(CCC1CCCC2CCCCC12)CCC1CCCC2CCCCC12
C1CCC(CCC(CCC2CCC3CCCCC3C2)CC2CCCCC2)CC1
C1CCC2CC(C3CCCC4CCCC43)CCC2C1
C1CCC(C2CC3CCCC3C3CCC4CCCCC4C23)CC1
C1CCC(CCCCC2CC3CCCCC3C2)CC1
C1CCC(C2CCC3CCCC3C3CCC4CCCCC4C23)CC1
C1CCC2C(C1)CCCC1C2CCC2C3CCCC3CC21
C1CCC2C(C1)CCC1C3CCCC3CCC21
C1CCC(CCCCC2CCC3C2CCC2C4CCCCC4CCC32)CC1
C1CCC2C(C1)CC(C1CCCC3CCCC31)C1CCCC21
C1CCC2CCC3C4CCCC4CCC3C2CC1
C1CCC(CCCCC2CC3CCCCC3C2)CC1
C1CCC(CCCCC2CCC3CCCCC23)CC1
C1CCC(C2CCC3CCCC3C3CCC4CCCCC4C23)CC1
C1CCC2C(C1)CCCC2CCCC1CCCC2CCCCC21
C1CCC2CC(CCCC3CCC4C3CCC3C5CCCCC5CCC43)CCC2C1
C1CCC(CCCCC2CCC3CCCCC23)CC1
C(CCCC1CCCC2C(C3CCCCC3)CCC12)CCC1CC1
C1CCC(C2CCC3CC4C(CCCC45CC(C4CCCCC4)C(C4CCCCC4)C5)CCC32)CC1
C1CCC(CCCCC2CCC3CCC(C4CCCC5CCCC54)CC3C2)CC1
C1CCC(CC(CC2CCCCC2)C2CCCCC2)CC1
C1CCC(C2CCC3CC(C4CCC(CCC5CCCC5)CC4)CCC32)CC1
C1CCC(CCCCCC2CC3CCCCC3C2)CC1
C(CCCC1CCCC2CCCCC12)CCC1CCCC1
C1CCC(C2CC3CCCC3C3CCC4CCCCC4C23)CC1
C(CCC1CCC2CCCCC2C1)CCC1CCCC2CCCCC12
C1CCC(C2CCCC3C(CCC4CCCCC43)C2)CC1
C1CCC(C2CC3CCCC3C3CCC4CCCCC4C23)CC1
C1CCC(CCC2CCCCC2CC2CC3CCCCC3C3CCC4CCCCC4C23)CC1
C1CCC2CCC(C3CCCC4CCCC43)CC2CC1
C(CCCC1CCCC2C1CCC2C1CCCC(CC2CC2)C1)CCC1CCCCC1
C1CCC(CCCC2CCCC(C3CCC4CC(CCC5CCC6CCCCC6C5)CCC43)C2)CC1
C1CCC2CC(C3CCCC4CCCC43)CCC2C1
C1CCC2CCC3C4CCCCC4CC(CC4CCCC4)C3C2CC1
C1CCC2C(C1)CCC1CCCCC12
C1CCC(CCCCC2CC3CCCCC3C2)CC1
C1CCC(C2CCC(CCCCCC3CCCC4CCCCC34)C2)CC1
C(CCCC1(C2CCCC2)CCCC2CCCCC21)CCC1CCC(C2CCCCC2)C1
C1CCC2C(C1)CCCC2CCCC1CCC2C1CCC1C3CCCCC3CCC21
C(CCC1CCCC2CCCCC12)CC1CCC2CCCCC2C1
C1CCC(CCCCC2CCCCC3CCC(C4CCCCC4)CC23)CC1
C1CCC(C2CCC3CC4C(CCCC45CCCCC5)CC32)CC1
C1CCC(CCCCC2CC3CCCCC3C2)CC1
C1CCC(C2CCC3CCC4C(CCCC45CCCC5)CC32)CC1
C1CCC(C2CCC3CC4C(CCC5C6CCC(CCCCC7CC8CCCCC8C7)C6CCC45)CC32)CC1
C1CCC(C2CC3CCCCC3C3CCCCC3C2)CC1
C1CCC(CCCCC2CCC3C2CCC2C4CC5CCC(C6CCCCC6)C5CC4CCC32)CC1
C1CCC(CC2CCC(CC(CC3CCCCC3)C3CCCCC3)CC2)CC1
C1CCC(CCC2CCC(CCC3CCCCC3)CC2)CC1
C1CCC2CCC3C4CCCC4CCC3C2CC1
C1CCC(CCCCC2CCC3CCCCC23)CC1
C1CCC(C2CCC3CCCC3C3CCC4CCCCC4C3C2)CC1
C1CCC(CC2CC3CCCCC3C3CCC4CCCCC4C23)CC1
C1CCC(CCCC2CCC(C3CCC4C(CCC4C4CCCCC4)C3)CC2)CC1
C1CCC2CC(C3CCCC4CCCC43)CCC2C1
C1CCC(CCC2CCC3C(CCC3C3CCCCC3)C2)CC1
C(CCCCC1CCC(C2CCCCC2)C1)CCCC1CCCCC1
C1CCC(CCCCCC2CC3CCCCC3C2)CC1
C1CCC(CCC2CCC3C(CCC3C3CCCCC3)C2)CC1
C1CCC2CC(C3CCCC3)C3CCCC3C2CC1
C1CCC2C(C1)CCC1C3CCCC3CCC21
C1CCC(C2CCC3CC4C(CCCC45CCCCC5)CC32)CC1
C1CCC(CC2CC3CCCCC3CC3CCC4CCCCC4C32)CC1
C1CCC(C2CCC3CC4C(CCC32)CCC2C3CCC(CCCC5CC6CCCCC6C5)C3CCC42)CC1
C1CCC(CCC2CCC(C3CCC4C(CCC4C4CCCCC4)C3)CC2)CC1
C1CCC(CCCCCC2CCCC3C(C4CCCCC4)CCC23)CC1
C1CCC(CCCCCC2CCCC3CCCC23)CC1
C1CCC(CCCCC2CCC3CCCCC23)CC1
C1CCC2CCC(C3CCCC4CCCC43)CC2CC1
C1CCC2CCC(C3CCCC4CCCC43)CC2CC1
C1CCC2C(C1)CCCC1CCCCC12
C1CCC(CCCCCC2CC3CCCCC3C2)CC1
C1CCC(CCCCCC2CCC3CCCCC23)CC1
C1CCC(CCCCC2CCC3C2CCC2C4CCCCC4CCCC32)CC1
C1CCC(CCC2CCC3C(CCC3C3CCCCC3)C2)CC1
C1CCC2CC(CC3CCCC4CCCC43)CCC2C1
C1CCC(C2CCC3CC4CCCCC4CCC32)CC1
C1CCC(C2CC3CCCC3C3CCC4CCCCCC4C23)CC1
C1CCC(CCCCCC2CCC3CCCCC3C2)CC1
C1CCC(CCCC2(CCCC3CC4CCCCC4C3)CCC3C4CCC5CCCCC5C4CCC32)C1
C1CCC(CCC2CCC3C(CC4CCCCC4)CCC3C2)CC1
C(CCC1(C2CCCC2)CCCC2CCCCC21)CC1CCC2CCCCC2C1
C1CCC(C2CC3CCCC3C3CCCC4CCCCC4C23)CC1
C1CCC(CC2CCC(CCCCCC3CCCC4CCCCC34)C2)CC1
C1CCC2CCC3C(CCC4C3CC3CCCC34CCCC3CCCC3)C2CC1
C1CCC(CCC(CCC2CCC3CCCC3C2)CC2CCCCCC2)CC1
C1CCC(C2CCC3CC4C(CCCC45CCCC5)CC32)CC1
C1CCC(C2CC3CCCC3C3CCC4CCCCC4C23)CC1
C1CCC(C2CCC3CC4C(CCC5C6CCC(CCCC7CCC8CCCCC8C7)C6CCC45)CC32)CC1
C1CCC2CCC3C4CCC(CCCC5CC6CCCCC6C5)C4CCC3C2CC1
C1CCC(CCCCCC2CC3CCCCC3C2)CC1
C1CCC(C2CCC3CC4C(CCC45CCCCC5)CC32)CC1
C1CCC2CC3CCCCC3CCC2C1
C(CCC1CCC2CCCCC2C1)CCC1CCCC2CCCCC12
C1CCC(C2CC3C(CCC34CCCC4)C3CCC4CCCCC4C23)CC1
C1CCC(C2CCC3CC4CCCCC4CC32)CC1
C1CCC(CC2CCCCCC23CCCC2C(CCC2C2CCCCC2)C3)CC1
C1CCC(C2CCC3CC4C(CCC45CCCCC5)CC32)CC1
C1CCC(CCC2CCC3C(CCC3C3CCCCC3)C2)CC1
C1CCC(CCCC2CCC3CCC(C4CCCC5CCCC54)CC3C2)CC1
C1CCC(C2CC3CCCC3C3CCC4CCCCCC4C23)CC1
C(CCC1CCCC2CCCCC12)CC1CCC2CCCCC2C1
C1CCC(CCCCC2CC3CCCCC3C2)CC1
C1CCC(CC2CCC3C(CCC3C3CCCCC3)C2)CC1
C1CCC(CCCCC2CC3CCCCC3C2)CC1
C1CCC(CCCC2CCC3C(CCC3C3CCCCC3)C2)CC1
C1CCC(C2CC3CCCC3C3CCC4CCCCC4CC23)CC1
C1CCC2CC(CCCC3CCC4C3CCCC3C5CCCCC5CCC34)CC2C1
C1CCC2CCC3CCCCC3C2CC1
C1CCC(CCCC2CCCC3CCCCC32)C2CCCCC2C1
C1CCC(C2CCC3CC4C(CCC45CCCCCC5)CC32)CC1
C1CCC2CCC3C4CCCC4CCC3C2CC1
C1CCC(C2CC3CCCC3C3CCC4CCCCC4C23)CC1
C1CCC(C2CC3CCCC3C3CCC4CCCCC4C23)CC1
C1CCC(CC2CCC3CCCCC3C3CCC4CCCCC4C23)CC1
C1CCC2CC(C3CCCC4CCCC43)CCC2C1
C1CCC(C2CC3C(CCC34CCCC4)C3CCC4CCCCC4C23)CC1
C(CCC1CCCC1)CCC1CCCC2CCCCC12
C1CCC2CC(C3CCCC4CCCC43)CCC2C1
C1CCC(CCC2CCC3C(CCC3C3CCCCC3)C2)CC1
C1CCC2CCC3C4CCCC4CCC3C2CC1
C(CCC1CCCC2CCCCC12)CCC1CCCC2CCCCC12
C1CCC2CC(C3CCCC3)C3CCCC3C2CC1
C1CCC2CC(C3CCCC3)CCC2C1
C(CCCC1CCCCC1)CCCC1CCC(C2CCCCC2)C1
C(CCC1CCCC2CCCCC12)CC1CCCC2CCCCC12
C1CCC2CCCCC2C(CCCCC2CCCC3CCCCC23)C1
C1CCC(CC(CC2CCCCC2)C2CCCCC2)CC1
C(CCC1CCC2CCCCC2C1)CCC1CCCC2CCCCC12
C1CCC(C2CCC3CCC4C(CCCC45CCCC5)CC32)CC1
C1CCC(C2CCC3CC4C(CCCC45CCCC5)CC32)CC1
C1CCC(C2C3CCCCC3CC3CC4CCCC4CC32)CC1
C(CCC1(C2CCCC2)CCCC2CCCCC21)CC1CCC2CCCCC2C1
C(CCC1CCCC2CCCCC12)CC1CC2CCCCC2C1
C1CCC(CCCCCC2CC3CCCCC3C2)CC1
C1CCC(CCCC2CCCCC3CCC(C4CCCC5CCCC54)CC23)CC1
C1CCC(C2CCC3CC4C(CCC5C6CCC(CCCC7CCC8CCCCC8C7)C6CCC45)CC32)CC1
C1CCC(CCCCC2CC3CCCCC3C2)CC1
C1CCC(CC2CC3CCCCC3C3CCC4CCCCCC4C23)CC1
C1CCC(CCC2CCC3C(CCC3C3CCCCC3)C2)CC1
C1CCC(CCC2CCC(CCC3CCCCC(CC4CCCC4)C3)CC2)CC1
C1CCC2CCC3C4CCCC4CCC3C2CC1
C1CCC(CCCCCC2CC3CCCCC3C2)CC1
C(CCC1CCCC2CCCC12)CC1CC2CCCCC2C1
C1CCC(CCC2CCC3C(CCC3C3CCCCC3)C2)CC1
C1CCC(C2CC3CCCCC3CC3CCCCC32)CC1
C1CCC(CCCCCC2CC3CCCCC3C2)CC1
C1CCC(C2CCC3CCCC3C3CCC4CCCCC4C23)CC1
C1CCC2CC(C3CCCC4CCCC43)CCC2C1
C1CCC(CCC2CCC3C(CCC4CC(C5CCCCC5)CCC43)C2)CC1
C1CCC(CCC2CCC3C(CCC4C5CCCC5CC(CCC5CCCCC5)C34)C2)CC1
C1CCC(CCCC2CCCC(C3CCC4CC(CCC5CCC6CCCCC6C5)CCC43)C2)CC1
C1CCC2CCC3C4CCC(CCCC5CC6CCCCC6C5)C4CCC3C2CC1
C1CCC(C2CCC3CCC4CCCCC4C3CC2)CC1
C1CCC(C2CCC3(CCCC4CC5C(CCC5C5CCCCC5)CC43)C2)CC1
C1CCC2C(C1)CCC1C3CCCC3CCC21
C1CCC(C2CC3C(CCC4CC4)CCC3C3CCC4CCCCCC4C23)CC1
C1CCC(CCCCCC2CCCC3C(C4CCCCC4)CCC23)CC1
C1CCC(C2CCC3CC4C5CCC6C(CCCC7CCC8CCCCC8C7)CCC6C(CCC4CC32)C5)CC1
C(CCCC1CCCC2C(C3CCCCC3)CCC12)CCC1CCCCC1
C1CCC2C(C1)CCC1C3CCCC3CCC21
C1CCC(CCCCCC2CCCC3C(C4CCCCC4)CCC23)CC1
C1CCC(C2CCC3CC4C(CCC5C6CCC(CCCCC7CC8CCCCC8C7)C6CCC45)CC32)CC1
C1CCC(CCCCC2CC3CCCCC3C2)CC1
C(CCC1CC2CCCCC2C1)CCC1CCCC2CCCC12
C1CCC(CCC2CCC3C(CCC3C3CCCCC3)C2)CC1
C1CCC(CC2CCC(CC(CC3CCCCC3)C3CCCCC3)CC2)CC1
C(CCCC1CCCC2C(C3CCCCC3)CCC12)CCC1CCCCC1
C1CCC(C2CCC3CC4C(CCC45CCCCC5)CC32)CC1
C(CCCC1CCCC2CCCCC12)CCC1CCC(C2CCCCC2)C1
C1CCC(CCCCC2CC3CCCCC3C2C2CCCCC2)CC1
C1CCC(CCC2CCC3C(CCC3C3CCCCC3)C2)CC1
C1CCC(CCCCC2CC3CCCCC3C2)CC1
C1CCC2C(C1)CCC1C3CCCC3CCC21
C1CCC(CCCCC2CC3CCCCC3C2)CC1
C1CC(C2CCC(C3CC4CCCCC4C4CCC5CCCCC5C34)CC2)C1
C1CCC2CCC(C3CCCC4CCCC43)CC2CC1
C1CCC2CCC3C(CCC4C3CCC4(CCCC3CC4CCCCC4C3)CCC3CCCC3)C2CC1
C(CCC1CCC2CCC(C3CCCC4CCCC43)CC2C1)CC1CCC2CCCC2C1
C1CCC2C(C1)CCC1C3CCCC3CCC21
C1CCC(CCCCCC2CC3CCCCC3C2)CC1
C1CCC(CCCC2CCC3C2CCC2C4CCCCC4CCCC32)C1
C1CCC(CCC2CCC3C(CCC3C3CCCCC3)C2)CC1
C1CCC(C2CCC3C(CCC4CCCCC43)C2)CC1
C1CCC(CCC2CCCCC2)CC1
C1CCC(C2CCC3CC4C(CCC45CCCCCC5)CC32)CC1
C1CCC(CCCCC2CC3CCCCC3C2)CC1
C1CCC2CCC3C4CCC(CCCC5CC6CCCCC6C5)C4CCC3C2CC1
C1CCC(CCC2CCC3C(CCC4CC(C5CCCCC5)CCCC43)C2)CC1
C1CCC2CCC3C4CCCC4CCC3C2CC1
C1CCC(CC2CC3CCCCC3CC3CCC4CCCCC4C32)C1
C1CCC(CC2CC3CCCCC3CC3CCC4CCCCC4C32)CC1
C1CCC2CCC3C4CCCCC4CC(CC4CCCC4)C3C2CC1
C(CCCC1CCC(C2CCCCC2)C1)CCC1CCCCC1
C1CCC2CC(C3CCCC4CCCC43)CCC2C1
C1CCC2C(C1)CCC(C1CCCC1)C1CCCCC21
C1CCC2CCC3C4CCCC4CCC3C2CC1
C1CCC2C(C1)CCC1C3CCCC3CCCC21
C1CCC(CC2CCC(C3CC4CCCC4C4CCC5CCCCC5C34)CC2)CC1
C(CCCC1CCCCC1)CCCC1CCC(C2CCCCC2)C1
C1CCC2CCC3C4CCCCC4CC(CC4CCCC4)C3C2CC1
C1CCC(CCCCC2CC3CCCCC3C2)CC1
C1CCC2C(C1)CCC1C2CCC2C3CCCC3CC21
C1CCC(CC2CCC3CC4C(CCC5C6CCC(CCCC7CCC8CCCCC8C7)C6CCC45)CC23)CC1
C1CCC2C(C1)CCCC1CCCCC12
C1CCC2CCC3C(CCC4C5CCCC5CC43)C2CC1
C1CCC2CC3CCC(C4CCCCC4)C3CC2CC1
C1CCC2CC(CC3CCCC4CCCC43)CCC2C1
C1CCC(CCCCC2CC3CCCCC3C2)CC1
C1CCC2CC(C3CCCC4CCCC43)CCC2C1
C1CCC2C(C1)CCCC2CCCC1CCCC2CCCCC21
C1CCC(CCCCC2CC3CCCCC3C2)CC1
C1CCC(C2CCC3CCCC3C3CCC4CCCCC4C23)CC1
C1CCC2C(C1)CCC1C3CCCC3CCC21
C1CCC(CCC2CCC3C(CCC3C3CCCC3)C2)CC1
C(CCC1CCC2CCCC2C1)CC1CCC(C2CCCC2)CC1
C1CCC2CCCCC2C(CCCCC2CCCC3CCCCC23)C1
C1CCC(CCC2CCC3C(CCC3C3CCCCC3)C2)CC1
C1CCC(C2CCC3CC4C(CCC5C6CCC(CCCC7CCC8CCCCC8C7)C6CCCC45)CC32)CC1
C(CCCC1CCCCC1)CCC1CCCCC1
C1CCC(CCCCCC2CCCC3C(C4CCCCC4)CCC23)CC1
C1CCC(C2CCC3CC4C(CCC45CCCC5)CC32)CC1
C1CCC(C2CC3CCCC3C3CCC4CCCCC4CC23)CC1
C1CCC2CCC3C4CCCC4CCC3C2CC1
C1CCC(CCC2CCC3C(CCC3C3CCCCC3)C2)CC1
C1CCC(CCC2CCC3C(CCC3C3CCCCC3)C2)CC1
C1CCC(C2CC3CCCC3C3CCC4CCCCCC4C23)CC1
C1CCC(CCCCCC2CCCC3C2CCC3C2CCCC(CC3CCCCC3)C2)CC1
C(CCCC1CCCC2C(C3CCCCC3)CCC12)CCC1CCC(C2CCCC2)C1
C1CCC(CCCCCC2CCC3CCCCC23)CC1
C(CCC1CCC(C2CCCC2)C1)CCC1CCCC2CCCCC12
C(CCC1CCCC2CCCCC12)CCC1CCCC2CCCC12
C1CCC(CC2CCC3C(CCC3C3CCCCC3)C2)CC1
C1CCC2CC(C3CCCC4CCCC43)CCC2C1
C(CCCC1CCCC2C(C3CCCCC3)CCC12)CCC1CCCCC1
C1CCC(C2CCC3CCC(C4CCCC4)CC32)CC1
C1CCC2CC(CC3CCCC4CCCC43)CCC2C1
C1CCC2C(C1)CCC1C3CCCC3CCC21
C1CCC(CCC2CCC(C3CCC4C(CCC4C4CCCCC4)C3)CC2)CC1
C1CCC(C2CCC3CC4C(CCCCC45CC(C4CCCCC4)C(C4CCCCC4)C5)CC32)CC1
C1CCC(CCCCC2CC3CCCCC3C2)CC1
C1CCC(CCC2CCC(C3CCC4C(CCC4C4CCCCC4)C3)CC2)CC1
C1CCC(CC2CC3CCCCC3C3CCC(CCC4CCCC4)CC23)CC1
C(CC1CC2CCCCC2C1)CC1CCC2C(CCC3C4CCCCC4CCC23)C1
C1CCC(C2CC3CCCC3C3CCC4CCCCC4C23)CC1
C1CCC(CCCCCC2CC3CCCCC3C2)CC1
C1CCC2CCC3C4CCCCC4CC(CC4CCCC4)C3C2CC1
C1CCC2C(C1)CCC1CCCCC12
C1CCC(C2CC3CCCC3C3CCC4CCCCCC4C23)CC1
C1CCC(CCCCCC2CCC3CCCCC23)CC1
C1CCC2CC3CCC4C5CCCC5CC4C3CCC2C1
C1CCC(C2CC3CCCC3C3CCC4CCCCC4C23)CC1
C1CCC(CCC(CCC2CCC3CCCCC3C2)CC2CCCCC2)CC1
C1CCC(CCCC2CCC3CCC(C4CCCC5CCCC54)CC3CC2)CC1
C1CCC(CCC2CCCC3CC4C(CCC4C4CCCCC4)CC23)CC1
C1CCC(CCC2CCC(CCC3CCCC(CC4CCCCC4)C3)CC2)CC1
C1CCC(CCC2CCC3C(CCCC4C5CCCC5CCC34)C2)CC1
C1CCC(CCC2CCC3C(CCC3C3CCCCC3)C2)CC1
C1CCC2C(C1)CCC1C3CCCCC3CCC21
C1CCC2CC(CC3CCCC4CCCC43)CCC2C1
C1CCC(C2CC3CCCCC3C3CCC4CCCCC4C23)CC1
C1CCC(CCCCCC2CCC3CCCCC23)CC1
C1CCC(CCCCCC2CCCC3C(C4CCCCC4)CCC23)CC1
C1CCC(CCC2CCC(C3CCC3)CC2)CC1
C1CC(CC2CCC(C3CC4CCCC4C4CCC5CCCCC5C34)CC2)C1
C1CCC(CC2CC3CCCCC3C3CCC4CCCCCC4C23)CC1
C1CCC(C2CCC3CCCC3C3CCC4CCCCC4C23)CC1
C1CCC(CCC2CC3CCCCC3C3CCC4CCCCC4C23)C1
C1CCC(CCCCCC2CCCC3C(CC4CCCCC4)CCC23)CC1
C1CCC2CCC(C3CCCC4CCCC43)CC2CC1
C(CCC1CCCC2CCCCC12)CC1CCCC2CCCCC12
C1CCC(CCC2CCC(C3CCC4C(CCC4C4CCCCC4)C3)CC2)CC1
C1CCC(CCC2CCC(CC3CCC4C(CCC4C4CCCCC4)C3)CC2)CC1
C1CCC(CCC2CCC3C(CCC4C5CCCC5CC(CCC5CCCCC5)C34)C2)CC1
C1CCC2CCC3CCCCC3C2CC1
C1CCC2CC(C3CCCC4CCCC43)CCC2C1
C1CCC(CCCC2CCC3CCC(CC4CCCC5CCCC54)CC3C2)CC1
C1CCC(CCC2CCCC3CC4C(CCC23)CCC4C2CCCCC2)CC1
C1CCC2C(C1)CCCC1CCCCC12
C1CCC2CC(C3CCCC4CCCC43)CCC2C1
C1CCC(C2CC3CCCC3C3CCC4CCCCC4C23)CC1
C1CCC(CC2CCC3C(CCC3C3CCCCC3)C2)CC1
C1CCC(CCCCC2CCC3CCCCC23)CC1
C1CCC(CC23CCCCC2CCC2C4CCCC4CCC23)CC1
C1CCC2CC(CCCC3CCC4C3CCC3C5CCCCC5CCC43)CC2C1
C1CCC2C(C1)CCC1C3CCCC3CCC21
C1CCC(C2CC3CCCC3C3CCC4CCCCC4C23)CC1
C1CCC(C2CCC3CCCC3C3CCC4CCCCCC4C23)CC1
C1CCC(C2CC3CCCC3C3CCC4CCCCC4CC23)CC1
C1CCC2CC(C3CCCC4CCCC43)CCC2C1
C1CCC2C(C1)CCC1C3CCCC3CCC21
C1CCC2C(C1)CCC1CCCCC12
C1CCC(C2CCC(C3CC4CCCC4C4CCC5CCCCC5C34)CC2)C1
C1CCC2CCC3C4CCCCC4CC(CC4CCCC4)C3C2CC1
C1CCC(CC2CCC3C(CCC3C3CCCCC3)C2)CC1
C1CCC2C(C1)CCCC2CCCC1CCC2C1CCC1C3CCCCC3CCC21
C1CCC2C(C1)CCC1C3CCCC3CCC21
C1CCC2CC(C3CCCC4CCCC43)CCC2C1
C1CCC2CCC(C3CCCC4CCCC43)CC2CC1
C1CCC2CC(CCCC3CCC4C3CCC3C5CCCCC5CCC43)CC2C1
C1CCC(CC2CCC3CC4C(CCC45CCCCC5)CC23)CC1
C1CCC2C(C1)CCC1C3CCCC3CCCC21
C(CCCC1CCCCC1)CCCC1CCC(C2CCCCC2)C1
C1CCC(C2CCC3CC4C(CCC45CCCC5)CC32)CC1
C(CCCC1CCCCC1)CCCC1CCC(C2CCCCC2)C1
C1CCC(CCCCCC2CCC3CCCCC23)CC1
C1CCC(CC2CCC(C3CC4CCCC4C4CCC5CCCCC5C4C3)CC2)CC1
C1CCC2CC(C3CCCC4CCCC43)CCC2C1
C1CCC(CCCCC2CC3CCCCC3C2)CC1
C1CCC(CCCCC2CCCCC3CCC(C4CCCCC4)CC23)CC1
C1CCC(CCCCC2CC3CCCCC3C2)CC1
C1CCC(CCC2CCCC3CC4C(CCC4C4CCCCC4)CC23)CC1
C(CCC1CCCC2CCCC12)CC1CC2CCCCC2C1
C1CCC(CC2CCC(C3CC4CCCC4C4CCC5CCCCC5C34)CC2)CC1
C(CCC1CCC2C1CCC1C3CCCCC3CCC21)CC1CCCC2CCCCC12
C1CCC(CC2CCC3CC4C(CCC45CCCC5)CC23)CC1
C1CCC(CCC(CCC2CCC3CCCC3C2)CC2CCCCC2)CC1
C1CCC(CCC2CCC3C(CCC4C5CCCC5CC(CCC5CCCCC5)C34)C2)CC1
C1CCC2C(C1)CCC1C3CCCC3CCC21
C1CCC(CCCCCC2CCCC3C(C4CCCCC4)CCC23)CC1
C1CCC(C2CC3C(CCC4CC4)CCC3C3CCCC4CCCCC4C23)CC1
C1CCC(CC2CC3CCCCC3C3CCC4CCCCCC4C23)CC1
C1CCC2CCC(C3CCCC4CCCC43)CC2CC1
C1CCC(CCC2CCC3C(CC4CCCCC4)CCC3C2)CC1
C1CCC2CCC3C4CCCC4CCC3C2CC1
C1CCC(CC2CC3CCCCC3C3CCC4CCCCC4C23)CC1
C1CCC(CCC2CCC3C(CCC3C3CCCCC3)C2)CC1
C1CCC(CC2CCC3C(CCC3C3CCCCC3)C2)CC1
C1CCC2C(C1)CCC1CCCCC12
C1CCC2CC(C3CCCC4CCCC43)CCC2C1
C1CCC(CCCCCC2CCCC3C(C4CCCCC4)CCC23)CC1
C1CCC(C2CCC3CC4C(CC5CCC6CCCCC65)CCCC4CC32)CC1
C1CCC(CC2CCC(CCCC3CCC4C3CCC3C5CCCCC5CCC43)C2)CC1
C1CCC(C2CC3C(CCC34CCCC4)C3CCC4CCCCCC4C23)CC1
C(CCC1CCCC2CCCCC12)CC1CCC2CCCCC2C1
C1CCC(C2CCC3CC4(CCCCCC4C4CCCCC4)CCC32)CC1
C1CCC2CCC3C4CCCC4CC(C4CCC(CCCCC5CCC6C(CCC7C8CCCC8CCC67)C5)CC4)C3C2CC1
C1CCC(CCCCC2CCC3CCCCC23)CC1
C1CCC(C2CCC3CC4C(CCC5C6CCC(CCCCC7CCC8CCCCC8C7)C6CCC45)CC32)CC1
C1CCC(C2CCCC3(CCC4CC5C(CCC5C5CCCCC5)CC43)C2)CC1
C1CCC(C2CC3CCCC3C3CCC4CCCCCC4C23)CC1
C1CCC(CCC2CCC3C(CCC3C3CCCC(CCC4CCCC4)C3)C2)CC1
C1CCC(CCCCCC2CC3CCCCC3C2)CC1
C(CCC1CCC2C1CCC1C3CCCCC3CCC21)CC1CC2CCCCC2C1
C1CCC(CCCCC2CC3CCCCC3C2)CC1
C1CCC2C(C1)CCC1C3CCCC3CCC21
C(CCC1CCCC2CCCCC12)CC1CCC2CCCCC2C1
C(CCC1CCCC2CCCCC12)CC1CCC2CCCCC2C1
C1CCC(C2CC3C(CCC4CCC4)CCC3C3CCC4CCCCC4C23)CC1
C1CCC2C(C1)CCC1C2CCC2C3CCCC3CC21
C1CCC(CCCCCC2CC3CCCCC3C2)CC1
C1CCC(C2CC3CCCCC3C3CCC(CCCC4CCCC4)CC23)CC1
C1CCC(C2CCC3C(CCCC4CCCCC43)C2)CC1
C1CCC(C2CCC3CCC4CCCCC4CC32)CC1
C1CCC(CCC2CCC(C3CCC4C(CCC4C4CCCCC4)C3)CC2)CC1
C1CCC2C(C1)CCC1C2CCC2C3CCCCC3CC21
C1CCC(C2CCC3C(CCCC4CCCCC43)C2)C1
C1CCC(CCC2CCC3C(CCC3C3CCCCC3)C2)CC1
C1CCC2CC(CCCC3CCCC4CCCCC43)CC2C1
C(CCC1CC2CCCCC2C1)CCC1CCCC2CCCC12
C1CCC2C(C1)CCC1C3CCCC3CCC21
C1CCC(CCC2CCC3C(CCC3C3CCCCC3)C2)CC1
C1CCC(C2CCC3CCC4C(CCC5C6CCC(CCCC7CCC8CCCCC8C7)C6CCC45)CC32)CC1
C1CCC(CCCC2CCCC3CCC(C4CCCC5CCCC54)CC3C2)CC1
C1CCC(CCCCC2CCC3CCCCC23)CC1
C(CCCCC1CCC2C(CCC3C4CCCC4CCC23)C1)CCCC1CCCC(CC(CC2CCC(CC3CCCCC3)CC2)C2CCCCC2)C1
C1CCC(C2CCC3CCCC3C3CCC4CCCCC4C23)CC1
C1CCC(CCCCC2CC3CCCCC3C2)CC1
C1CCC2CCC(C3CCCC4CCCC43)CC2CC1
C1CCC(CCCCC2CCC3CCCCC23)CC1
C1CCC2C(C1)CC(C1CCCC3CCCC31)C1CCCC21
C1CCC(C2CCC3C(CCCCCC4CCC(C5CCCC5)C4)CCCC23)CC1
C1CCC(CCCCC2CCC3C2CCC2C4CC5CCC(C6CCCCC6)C5CC4CCC32)CC1
C1CCC(C2CCC3CCC4(CCCCC4)CC3C2)CC1
C1CCC(CCCCCC2CC3CCCCC3C2)CC1
C1CCC(CCCCCC2CC3CCCCC3C2)CC1
C1CCC(C2CCC(C3CC4CCCC4C4CCC5CCCCC5C34)CC2)C1
C1CCC(CC2CC3CCCCC3C3CCC4CCCCC4C23)C1
C1CCC(CCCC23CCCC2CC2C4CCC5CCCCC5C4CCC23)CC1
C1CCC(C2CCC3CC4C(CCC45CCCCCC5)CC32)CC1
C1CCC(C2CCC3CC4C(CCC45CCCCC5)CC32)CC1
C1CCC(CC2CC3CCCCC3C3CCC4CCCCC4C3C2)CC1
C1CCC2C(C1)CCC1C3CCCC3CCC21
C1CCC(CCCCC2CC3CCCCC3C2)CC1
C1CCC(CCC(CCC2CCC3CCCC3C2)CC2CCCCC2)CC1
C1CCC(CCCCC2CC3CCCCC3C2)CC1
C1CCC(C2CCC3C(CCC4CCCCC43)C2)CC1
C1CCC(CCCCC2CC3CCCCC3C2)CC1
C1CCC(CCCCC2CC3CCCCC3C2)CC1
C1CCC(CCCC2CCCCC3CCC(C4CCCC5CCCC54)CC23)CC1
C1CCC(CCCCC2CC3CCCCC3C2)CC1
C1CCC(C2CC3CCCC3C3CCC4CCCCC4C23)CC1
C1CCC(C2CCC3CCC4(CCCCCC4C4CCCCC4)CCC32)CC1
C(CCC1CCCC2CCCCC12)CC1CCC2CCCCC2C1
C1CCC(CCCCCC2CCCCC2)CC1
C(CCC1CC2CCCCC2C1)CCC1CCCC2CCCC12
C1CCC(C2CCC3CC4C(CCCC5C6CCC(CCCC7CC8CCCCC8C7)C6CCC45)CC32)CC1
C1CCC(CCC2CCC3C(CCC4C5CCCC5CC(CCC5CCCCC5)CC34)C2)CC1
C1CCC2CCC(C3CCCC4CCCC43)CC2CC1
C1CCC(CC2CC3CCCCC3C3CCC4CCCCCC4C23)CC1
C(CCCC1CCCC2C(C3CCCCC3)CCC12)CCC1CCCCC1
C1CCC(CCCCC2CC3CCCCC3C2)CC1
C1CCC(C2CCC3CCC4C(CCC45CCCC5)CC32)CC1
C(CCCC1CCCC2C(C3CCCCC3)CCC12)CCC1CCCCC1
C1CCC(CCC2CCC3C(CCC4CCCCC43)C2)CC1
C1CCC(CCCC2CCC3C(CCC4C5CCCC5CCC34)C2)CC1
C1CCC2CC(C3CCCC4CCCC43)CCC2C1
C1CCC(C2CCC3CC4C(CCC5C6CCC(CCCCC7CC8CCCCC8C7)C6CCC45)CC32)CC1
C1CCC(C2CCC3CC4C(CCC45CCCCCC5)CC32)CC1
C(CCC1CCCC2CCCCC12)CC1CCC2CCCCC2C1
C1CCC(CC2CC3CCCCC3C3CCC4CCCCCC4C23)CC1
C1CCC2CCC3C4CCCC4CCC3C2CC1
C(CCCC1CCCC2C(C3CCCCC3)CCC12)CCC1CCCCC1
C1CCC(CCC2CCC3C(CCC3C3CCCCC3)C2)CC1
C1CCC2CC(CCCC3CCC4C3CCC3C5CCCCC5CCC43)CC2C1
C1CCC(CCCCCC2CCCC3C(C4CCCCC4)CCC23)CC1
C1CCC(CC2CCC3C(CCC4CCCCC43)C2)CC1
C1CCC(CCC2CCCCC2)CC1
C1CCC(C2CCC3CC4C(CCCC45CCCC5)CC32)CC1
C1CCC(CCCC2CCCC(C3CCC4CC(CCC5CCC6CCCCC6C5)CCC43)C2)CC1
C1CCC2C(C1)CCC1C3CCCCC3CCCC21
C1CCC2C(C1)CCC1C3CCCC3CCC21
C1CCC(CCCCC2CC3CCCCC3C2C2CCCCC2)CC1
C1CCC2CC(C3CCCC4CCCC43)CCC2C1
C1CCC(C2CCC3CC4C(CCC5C6CCC(CCCCC7CC8CCCCC8C7)C6CCC45)CC32)CC1
C1CC2CCC3C(CCC4CCCCC43)CC2C1
C1CCC2C(C1)CCC1C3CCCC3CCC21
C1CCC2C(C1)CCCC2CC1CC2CCCCC2C2CCC3CCCCC3C12
C1CCC(CCCCC2CC3CCCCC3C2)CC1
C1CCC2CCC3C4CCC(CCCC5CC6CCCCC6C5)C4CCC3C2CC1
C1CCC2CC(C3CCCC4CCCC43)CCC2C1
C(CCC1CCCC2CCCC12)CC1CC2CCCCC2C1
C1CCC(C2CC3CCCC3C3CCC4CCCCC4CC23)CC1
C1CCC(CC2CC3CCCCC3C3CCC4CCCCCC4C23)CC1
C(CCCC1CCCCC1)CCCC1CCC(C2CCCCC2)C1
C1CCC(CCC2CCC(C3CC3)CC2)CC1
C1CCC2C(C1)CCCC2CC1CCC2CCCCC2C2CCC3CCCCC3C12
C1CCC(CCCCCC2CCC3CCCC3C2)CC1
C1CCC(CCC2CCC3C(CC4CCCCC4)CCC3C2)CC1
C1CCC(C2CC3CCCC3C3CCC4CCCCC4C23)CC1
C1CCC(CC2CCC3CC4C(CCCC45CCCCC5)CC23)CC1
C1CCC2CC(C3CCCC4CCCC43)CCC2C1
C1CCC(CCC2CCC3C(CCC3C3CCCCC3)C2)CC1
C1CCC(C2CCC3CCC4CCCCC4C3CC2)CC1
C1CCC(C2CC3CCCC3C3CCC4CCCCC4C23)CC1
C1CCC2CCC(C3CCCC4CCCC43)CC2CC1
C1CCC(CCCCCC2CCCC3C(C4CCCCC4)CCC23)CC1
C1CCC(CCCCCC2CCCC3C(C4CCCCC4)CCC23)CC1
C1CCC2CCC(C3CCCC4CCCC43)CC2CC1
C(CCCC1CCCC2C(C3CCCCC3)CCC12)CCC1CCCCC1
C1CCC2C(C1)CCCC1CCCCC12
C(CCCC1CCCC2C(C3CCCCC3)CCC12)CCC1CCCCC1
C1CCC2CCC(C3CCCC4CCCC43)CC2CC1
C(CCC1CCC2C1CCC1C3CCCCC3CCC21)CC1CC2CCCCC2C1
C1CCC(CCC2CCC3C(CCC3C3CCCCC3)C2)CC1
C1CCC(CC2CCCCC23CCC2C(CCC2C2CCCCC2)C3)CC1
C1CCC2C(C1)CCCC1C2CCC2C3CCCC3CC21
C1CCC(C2CC3CCCCC3C3CCCCC23)CC1
C(CCCC1CCCCC1)CCCC1CCC(C2CCCCC2)C1
C(CCCC1CCCCC1)CCC1CCCCC1
C1CCC(C2CCC3CC4C5CCC6CCCC6C(CCC4CC32)C5)CC1
C1CCC(C2CC3CCCC3C3CCC4CCCCC4C23)CC1
C1CCC(CCCC(CCC2CCC3CCCC3C2)CC2CCCCC2)CC1
C1CCC(CCCC2CCCC3CCC(C4CCCC5CCCC54)CC3C2)CC1
C1CCC(C2CCC3CC4C(CCCC45CCCC5)CC32)CC1
C1CCC(C2CC3CCCC3C3CCC4CCCCC4C23)CC1
C1CCC(C2CC3CCCC3C3CCC4CCCCC4C23)CC1
C1CCC(CCCCC2CC3CCCCC3C2)CC1
C1CCC(CC2CCC3C(CCC4CCCCC43)C2)CC1
C1CCC(CCC2CCC3C(CCC3C3CCCCC3)C2)CC1
C1CCC(CCCCCC2CCCC3CCCC23)CC1
C1CCC(CCC2CCC3C(CCC3C3CCCCC3)C2)CC1
C(CCCC1CCC2CCCC2C1)CCC1CCCCC1
C1CCC(C2CC3CCCC3C3CCC4CCCCC4CC23)CC1
C1CCC(CC2CCC3CCCCC3C3CCC4CCCCC4C23)C1
C1CCC(CCCC2CCCC3CCC(C4CCCC5CCCC54)CC23)CC1
C1CCC2C(C1)CCC1C3CCCC3CCC21
C1CCC(C2CC3CCCC3C3CCC4CCCCC4C3C2)CC1
C(CCC1CCCC2CCCCC12)CC1CCC2CCCCC2C1
C1CCC2CC(CCCC3CCCC4C3CCC3C5CCCCC5CCC43)CC2C1
C1CCC2CCC3C4CCC(CCCC5CCC6CCCCC6C5)C4CCC3C2CC1
C(CCC1CCCC2CCCC12)CC1CC2CCCCC2C1
C1CCC(C2CCCCC2CC2CC3CCCCC3C3CCC4CCCCC4C23)CC1
C1CCC(CCC2CCC3C(CCC3C3CCCC(CCC4CCCC4)C3)C2)CC1
C1CCC(CC2CCC3CC4C(CCC5C6CCC(CCCC7CCC8CCCCC8C7)C6CCC45)CC23)CC1
C1CCC(CC2CCC3CCCCC3C3CCC4CCCCC4C23)CC1
C1CCC(CCC2CCC3C(CCC3C3CCCCC3)C2)CC1
C1CCC(C2CCC3CCCC3C3CCC4CCCCC4C23)CC1
C1CCC(CCCC2CCCC(C3CCC4CC(CCC5CCC6CCCCC6C5)CCC43)C2)CC1
C1CCC(CCC2CCC3C(CCC3C3CCCCC3)C2)CC1
C1CCC(CCCCCC2CC3CCCCC3C2)CC1
C1CCC(CCC(CC2CCCCC2)C2CCCCC2)CC1
C1CCC2CC(CCCC3CCCC4C3CCC3C5CCCCC5CCC43)CCC2C1
C(CCCC1CCCC2C(C3CCCCC3)CCC12)CCC1CCCCC1
C1CCC(CCCCCC2CCCCC2)CC1
C1CCC(C2CCC(C3CC4CCCC4C4CCC5CCCCC5C34)CC2)C1
C1CCC2CCC3C4CCCC4CCC3C2CC1
C1CCC(CCCCCC2CCC3CCCCC23)CC1
C1CCC(C2CCC3CC4C(CCC45CCCCC5)CC32)CC1
C1CCC(CCC(CCC2CCC3CCCC3C2)CC2CCCCC2)CC1
C1CCC(CCCC2CCC3C(CCC3C3CCCCC3)C2)CC1
C(CCC1CCCC2CCCCC12)CCC1CCCC2CCCCC12
C(CCCC1CCCC2C(C3CCCCC3)CCC12)CCC1CCCCC1
C1CCC(CCCCC2CC3CCCCC3C2)CC1
C1CCC(CCCC2CCC3CCCC3C2)CC1
C1CCC(C2CCC3(CCC4CC5C(CCC5C5CCCCC5)CCC43)C2)CC1
C1CC2CCC3C(CCC4CCC5CCC5C43)C2C1
C1CCC(CCCCC2CC3CCCCC3C2)CC1
C(CCC1CCCC2CCCC12)CC1CC2CCCCC2C1
C1CCC(CCCCCC2CCC3CCCCC23)CC1
C1CCC2CC(C3CCCC3)C3CCCC3C2CC1
C1CCC(C2CC3CCCC(C3)C3CCC4CCCCC4C32)CC1
C1CCC(CCCC2CCC3C(CCC3C3CCCC(CCC4CCCC4)C3)C2)CC1
C1CCC(CCC2CCC3C(CCC3C3CCCCC3)C2)CC1
C1CCC(CCCC(CC2CC3CCCCC3C2)C2CC2)CC1
C1CCC(C2CCC3C(CCC4CCCCC43)C2)CC1
C1CCC(CCC2CCC3C(CCC3C3CCCCC3)C2)CC1
C1CCC(C2CCC(CCCCCC3CCCC4C(C5CCCCC5)CCC34)C2)CC1
C1CCC(CCCCCC2CCCC3C(CC4CCCCC4)CCC23)CC1
C(CCCC1CCCCC1)CCC1CCCCC1
C1CCC(CC2CCCC(CCC3CCC(CCC4CCC(C5CC5)CC4)CC3)CC2)C1
C1CCC(CCC2CCC3C(CC4CCCCC4)CCC3C2)CC1
C1CCC(CCC2CCC3C(CC4CCCCC4)CCC3C2)CC1
C1CCC(CCC2CCC3C(CCC3C3CCCCC3)C2)CC1
C1CCC(CCCCCC2CC3CCCCC3C2)CC1
C1CCC(CCCCC2CCCC3CCC(CC4CCCCC4)CC23)CC1
C1CCC(CCCCCC2CC3CCCCC3C2)CC1
C1CCC(C2CCC3CC4C(CCC45CCCCC5)CC32)CC1
C1CCC(CC2CC3CCCCC3C3CCC4CCCCC4C23)CC1
C1CCC(CC2CCC(CC(CC3CCCCC3)C3CCCCC3)CC2)CC1
C1CCC(CCCCC2CCC3CCC(C4CCCC5CCCC54)CC3C2)CC1
C1CCC(CC2CC3CCCCC3C3CCC4CCCCC4C23)CC1
C1CCC(CCC(CC2CC3CCCCC3C2)C2CC2)CC1
C1CCC(CCCC2CCC3C(CCC3C3CCCC3)C2)CC1
C1CCC(C2CCC3CC4CCCCC4CC32)CC1
C1CCC(C2CC3C(CCC34CCCCC4)C3CCC4CCCCC4C23)CC1
C1CCC(C2CC3CCCCC3C3CCCCC23)CC1
C1CC2CCC3C(CCC4CCCCC43)CC2C1
C1CCC(CCCCCC2CCC3CCCCC23)CC1
C1CCC(C2CCC3CC4C5CCC6C(CCCC7CC8CCCCC8C7)CCC6C(CCC4CC32)C5)CC1
C1CCC(CC2CCC3C(CCC3C3CCCCC3)C2)CC1
C1CCC2C(C1)CCC1CCCCC12
C(CCC1CCCC2CCCCC12)CC1CCC2CCCCC2C1
C1CCC(CC2CC3CCCCC3C3CCC4CCCCCC4C23)CC1
C1CCC(CCCC2CCC3CCC(C4CCCC5CCCC54)CC3C2)CC1
C1CCC2CC(C3CCCC4CCCC43)CCC2C1
C1CCC(CCCCC2CCC3CCCCC23)CC1
C(CCC1CCC2C1CCC1C3CCCCC3CCC21)CC1CCCC2CCCCC12
C1CCC2CC(C3CCCC4CCCC43)CCC2C1
C1CCC(CCCC2CCC3C2CCC2C4CC5CCC(C6CCCCC6)C5CCC4CCC32)CC1
C1CCC(C2CC3CCCC3C3CCC4CCCCCC4C23)CC1
C1CCC(C2CCC3CC4C(CCCCC5CC5)CCCC4CC32)CC1
C1CCC(CCCCCC2CCCC3C(C4CCCCC4)CCC23)CC1
C1CCC(CCCC2CCC(C3CC3)CC2)CC1
C1CCC2CCC3C4CCC(CCCC5CC6CCCCC6C5)C4CCC3C2CC1
C1CCC(C2CC3CCCCC3C3CCC4CCCCC4C23)CC1
C1CCC(CCCCCC2CCCC3C(C4CCCCC4)CCC23)CC1
C1CCC2CCC3C4CCC(CCCC5CC6CCCCC6C5)C4CCC3C2CC1
C1CCC(CCCCCC2CC3CCCCC3C2)CC1
C1CCC(CCC2CCC3C(CCC3C3CCCCC3)C2)CC1
C1CCC(CC2CCC3CC4(CCCCC4C4CCCCC4)CCC23)CC1
C1CCC(C2CC3CCCC3C3CCC4CCCCCC4C23)CC1
C1CCC2CC(C3CCCC4CCCC43)CCC2C1
C1CCC(C2CCC3CC4C(CCC5C6CCCC6CCC45)CC32)CC1
C1CCC(CCC2CCCC3CC4C(CCC4C4CCCCC4)CC23)CC1
C1CCC(C2CCCC3C(CCC4CCCCC43)C2)CC1
C1CCC2CC(C3CCCC4CCCC43)CCC2C1
C1CCC(CCCCC2CC3CCCCC3C2)CC1
C1CCC(C2CCC3CC4C(CCCCC45CCCC5)CC32)CC1
C1CCC(CCCC(CCC2CCCCC2)CCC2CCC3CCCC3C2)CC1
C1CCC(C2CCC3CCC4CCCCC4C3CC2)C1
C1CCC(CCCC(CCC2CCC3CCCC3C2)CC2CCCCC2)CC1
C1CCC(CCCCCC2CC3CCCCC3C2)CC1
C1CCC(CC2CCC3C(CCC3C3CCCCC3)C2)CC1
C1CCC(C2CCC3CC4C(CCCCC5CC5)CCCC4CC32)CC1
C1CCC(CCCC23CCCC2CC2C4CCC5CCCCC5CC4CCC23)C1
C1CCC2CC(C3CCCC3)C3CCCC3C2CC1
C1CCC(CCCCCC2CC3CCCCC3C2)CC1
C1CCC(C2CCC3CC4C(CCC32)CCC42CCCC2)CC1
C1CCC2CC(CCCC3CCC4C3CCC3C5CCCCC5CCC43)CC2C1
C1CCC(CCCC2(CCCC3CC4CCCCC4C3)CCC3C4CCC5CCCCC5C4CCC32)C1
C1CCC2C(C1)CCC1C3CCCC3CCC21
C1CCC(CCCCCC2CC3CCCCC3C2)CC1
C1CCC(C2CC3CCCCC3CC3CCCCC32)CC1
C1CCC(C2CC3CCCC3C3CCC4CCCCC4C3C2)CC1
C1CCC2C(C1)CCC1C3CCCCC3CCC21
C1CCC(CCCC2CCC3C(CCC3C3CCCCC3)C2)CC1
C1CCC(CCCCCC2CC3CCCCC3C2)CC1
C1CCC2CC(C3CCCC4CCCC43)CCC2C1
C1CCC2CC(C3CCCC4CCCC43)CCC2C1
C1CCC(C2CCC3CC4(CCCCCCC4C4CCCCC4)CCC32)CC1
C(CCCC1CCCCC1)CCCC1CCC(C2CCCCC2)C1
C1CC2CCCC2C(CC2CC3CCCCC3C3CCCC23)C1
C1CCC2CC(CC3CCCC4CCCC43)CCC2C1
C1CCCC(C2CCC3CC4C(CCC5C6CCC(CCCC7CC8CCCCC8C7)C6CCC45)CC32)CC1
C1CCC2C(C1)CC(C1CCCC3CCCC31)C1CCCC21
C1CCC(C2CC3CCCC3C3CCC4CCCCC4C23)CC1
C1CCC(C2CCC3CC4C(CCC5C6CCC(CCCC7CC8CCCCC8C7)C6CCC45)CC32)CC1
C1CCC(CCCCC2CC3CCCCC3C2)CC1
C1CCC(CCCCCC2CC3CCCCC3C2)CC1
C1CCC2CCC(C3CCCC4CCCC43)CC2CC1
C1CCC(CCC2CCC3C(CCCC4CCCCC43)C2)CC1
C1CCC(C2CC3CCCC3C3CCCC4CCCCC4C23)CC1
C1CCC(CCC2CCC3C(CCC3C3CCCCC3)C2)CC1
C(CCC1CCCC1)CCC1CCCC2CCCCC12
C1CCC(CCCC2CCC3C(CCC3C3CCCCC3)C2)CC1
C1CCC(CCCCC2CCC3CCC(C4CCCC5CCCC54)CC3C2)CC1
C1CCC(C2CC3CCCC3C3CCC4CCCCC4C23)CC1
C1CCC(CCCCC2CCC3CCC(C4CCCC5CCCC54)CC3C2)CC1
C1CCC2CCC(C3CCCC4CCCC43)CC2CC1
C1CCC(CCC2CCC3C(CCC3C3CCCCC3)C2)CC1
C1CCC(C2CCC(CCCCCC3CCCC4CCCCC34)C2)CC1
C1CCC(CCCCC2CC3CCCCC3C2)CC1
C(CCC1CCCC2CCCCC12)CC1CCC2CCCCC2C1
C1CCC(CC2CC3CCCCC3C3CCC4CCCCC4C23)CC1
C1CCC(CCCCCC2CCCC3C(C4CCCCC4)CCC23)CC1
C1CCC(CCC2CCC3C(CCC3C3CCCCC3)C2)CC1
C1CCC(CCCCC2CCCC3CCC(C4CCCC5CCCC54)CC23)CC1
C(CCCC1CCCCC1)CCCC1CCC(C2CCCCC2)C1
C1CCC(CCCCCC2CCCCC2)CC1
C1CCC(C2CCC3C(CCC4CCCCC43)C2)CC1
C1CCC2C(C1)CCC1C3CCCCC3CCC21
C1CCC(CCCCC2CC3CCCCC3C2)CC1
C(CCC1CCC2CCCCC2C1)CCC1CCCC2CCCCC12
C1CCC(CC2CCC(CCC(CC3CCCCC3)C3CCCCC3)CC2)CC1
C1CCC(C2CC3CCCC3C3CCC4CCCCC4C23)CC1
C1CCC(CCCC2CCC3C(CCC3C3CCCCC3)C2)CC1
C1CCC(CCC(CC2CCC3C(CCC3C3CCCCC3)C2)C2CCCCC2)CC1
C1CCC(CC2CC3CCCCC3C3CCC4CCCCCC4C23)CC1
C1CCC2CCC3C4CCCCC4CCC3C2CC1
C1CCC2CCC(C3CCCC4CCCC43)CC2CC1
C1CCC(CCC2CCC(CCC3CCCC(CC4CCCC4)C3)CC2)CC1
C1CCC(C2CCC3CC4C(CCCC45CC(C4CCCCC4)C(C4CCCCC4)C5)CCC32)CC1
C1CCC(CCCC2CC3CCCC3C3CCC4CC(CCC5CCCCC5)CCC4C23)CC1
C1CCC2CC(CCCC3CCCC4C3CCC3C5CCCCC5CCC43)CC2C1
C1CCC2C(C1)CCC1C3CCCC3CCC21
C1CCC(C2CCC3CC4C(CCC5C6CCC(CCCCC7CCC8CCCCC8C7)C6CCC45)CC32)CC1
C1CCC(CCC2CCCC3CC4C(CCC23)CCC4C2CCCCC2)CC1
C1CCC(C2CC3CCCC3C3CCCC4CCCCC4C23)CC1
C1CCC(C2CCC(CCCCCC3CCCC4CCCCC34)C2)CC1
C1CCC(C2CC3C(CCC34CCCCC4)C3CCC4CCCCC4C23)CC1
C(CCC1CCCCC2CCCCC12)CC1CCC2CCCCC2C1
C1CCC2CCC3C4CCCC4CCC3C2CC1
C1CCC(CCCC2CCC3CCC(C4CCCC5CCCC54)CC3C2)CC1
C1CCC(CCC2CCC(C3CC3)CC2)CC1
C1CCC(C2CCC3CC4C(CCC5C6CCC(CCCC7CC8CCCCC8C7)C6CCC45)CC32)CC1
C1CCC(CCCCCC2CC3CCCCC3C2)CC1
C1CCC(CC2CCC3CC4C(CCC45CCCC5)CC23)CC1
C1CCC(CC2CC3CCCCC3C3CCC4CCCCCC4C23)CC1
C1CCC(C2CCC3CC4C(CCC5C6CCCC(CCCC7CCC8CCCCC8C7)C6CCC45)CC32)CC1
C1CCC(C2CC3CCCCC3C3CCC4CCCCC4C23)CC1
C(CCC1CCC2CCCC2C1)CC1CCC(C2CCCC2)CC1
C1CCC(C2CC3C(CCC34CCCC4)C3CCC4CCCCCC4C23)CC1
C1CCC2C(C1)CCC1C3CCCC3CCC21
C1CCC(C2CCC3CCCC3C3CCC4CCCCC4C23)CC1
C1CCC2CCC3C(CCC4C3CCC4(CCCC3CCC4CCCCC4C3)CCC3CCCC3)C2CC1
C(CCCCC1CCCC(CC(CC2CCC(CC3CCCCC3)CC2)C2CCCCC2)C1)CCCCC1CCC2C(CCC3C4CCCC4CCC23)C1
C1CCC2CCC(C3CCCC4CCCC43)CC2CC1
C1CCC2CC(C3CCCC4CCCC43)CCC2C1
C1CCC(CCCCC2CC3CCCCC3C2)CC1
C1CCC(CCCCC2CCC3CCC(C4CCCC5CCCC54)CC3C2)CC1
C1CCC(CCCCCC2CC3CCCCC3C2)CC1
C1CCC2CC(CCCC3CCC4C3CCC3C5CCCCC5CCC43)CC2C1
C1CCC(CCCCC2CC3CCCCC3C2)CC1
C1CCC(CCCC(CC2CC3CCCCC3C2)C2CC2)CC1
C1CCC2CCC(C3CCCC4CCCC43)CC2CC1
C1CCC2CCC(C3CCCC4CCCC43)CC2CC1
C1CCC(CCCC2CCC3CCC(CC4CCCC5CCCC54)CC3C2)CC1
C1CCC(CC2CCCC(C3CCC4CC(CCC5CCC6CCCCC6C5)CCC43)C2)C1
C1CCC(CC2CCC3CC4C(CCC5C6CCC(CCCC7CC8CCCCC8C7)C6CCC45)CC23)CC1
C1CCC(CCCCCC2CCCC3C(C4CCCCC4)CCC23)CC1
C1CCC(CCC2CCC3C(CCC3C3CCCCC3)C2)CC1
C1CCC(CCC2CCC3C(CCC4C5CCCCC5CC(CCC5CCCCC5)C34)C2)CC1
C1CCC(C2CCC3CC4(CCCCC4C4CCCCC4)CCCC32)CC1
C1CCC(C2CCC3CC4C(CCC45CCCCC5)CC32)CC1
C1CCC(CC2CCC3CC4C(CC5CC6CCCCC6C5)CCCC4CC23)CC1
C1CCC2C(C1)CCC1C3CCCCC3CCC21
C1CCC(CCC2CCC3C2CCC2C4CCCCC4CCCC32)C1
C1CCC(CCC(CCC2CCC3CCCCC3C2)CC2CCCCC2)CC1
C1CCC(C2CCC3CC4C(CCC5C6CCC(CCCC7CCC8CCCCC8C7)C6CCC45)CC32)CC1
C(CCCC1CCCC2C(C3CCCCC3)CCC12)CCC1CCCCC1
C1CCC(CC2CCC3CCCCC3C3CCC4CCCCC4C23)CC1
C1CCC2CC(C3CCCC4CCCC43)C3CCCC3C2CC1
C(CCCC1CCCC2CCCCC12)CCC1CCC(C2CCCCC2)C1
C1CCC(CCCCCC2CC3CCCCC3C2)CC1
C1CCC(CCCCCC2CCC3C(CC4CCCCC4)CCC3C2)CC1
C1CCC2C(C1)CC(C1CCCC3CCCCC31)C1CCCC21
C1CCC(C2CCC3CC4C(CCCC5C6CCC(CCCC7CCC8CCCCC8C7)C6CCC45)CC32)CC1
C1CCC(CCCCCC2CC3CCCCC3C2)CC1
C1CCC(CCCCCC2CCCCC2)CC1
C1CCC(C2CCC3CC4C(CCC5C6CCCCC6CCC45)CC32)CC1
C1CCC(C2CCC(CCCCCC3CCCC4CCCCC34)C2)CC1
C1CCC(CCCCC2CC3CCCCC3C2)CC1
C1CCC(CCC2CCC(C3CC3)CC2)CC1
C1CCC2CCC(C3CCCC4CCCC43)CC2CC1
C1CCC(C2CC3CCCC3C3CCC4CCCCCC4C23)CC1
C1CCC(CCC2CCC3C(CCC3C3CCCCC3)C2)CC1
C1CCC2C(C1)CCCC2CCCC1CCCC2CCCCC21
C1CCC(CCCC2CCC(C3CCCC4C(C5CCCCC5)CCC34)C2)CC1
C1CCC(CC2CC3CCCCC3C3CCC4CCCCCC4C23)CC1
C(CCC1CCCC2CCCCC12)CC1CC2CCCCC2C1
C(CCCC1CCCCC1)CCCC1CCC(C2CCCCC2)C1
C1CCC(CCCCCC2CCCC3C(CC4CCCCC4)CCC23)CC1
C1CCC(CCCCC2CC3CCCCC3C2)CC1
C1CCC(CCCCCC2CCCC3C(C4CCCCC4)CCC23)CC1
C1CCC(C2CCC3CCCC3C3CCC4CCCCC4C23)CC1
C1CCC(C2CCC3CC4C(CCCC45CCCCCC5)CC32)CC1
C1CCC(CCC2CCC(C3CC3)CC2)CC1
C1CCC(C2CCC(CCCCCC3CCCC4C(C5CCCCC5)CCC34)C2)CC1
C1CCC(CCC2CCCCC3CCC(C4CCCC5CCCC54)CC23)CC1
C1CCC(CCC2CCC(C3CC3)CC2)CC1
C1CCC(CCCCCC2CC3CCCCC3C2)CC1
C1CCC(CCCCC2CC3CCCCC3C2)CC1
C1CCC(C2CCC3C(CCCCCC4CC4)CCCC23)CC1
C1CCC(CC2CCC(CC(CC3CCCCC3)C3CCCCC3)CC2)CC1
C(CCCC1CCCCC1)CCCC1CCC(C2CCCCC2)C1
C1CCC(C2CC3CCCC3C3CCC4CCCCCC4C23)CC1
C1CCC(CCC2CCC3C(CCC3C3CCCCC3)C2)CC1
C1CCC2C(C1)CCC1C3CCCCC3CCCC21
C1CCC(C2CC3CCCC3C3CCC4CCCCCC4C23)CC1
C1CCC2CCC3C4CCC(CCCC5CC6CCCCC6C5)C4CCC3C2CC1
C1CCC(CCCC2CCC(CCC3CCCC(CC4CCCC4)C3)CC2)CC1
C(CCCC1CCC2CCCC2C1)CCC1CCCCC1
C1CCC(C2CCC3C(CCC4CCCCC43)C2)CC1
C1CCC(CC2CCC3CCCCC3C3CCC4CCCCC4C23)CC1
C1CCC(CC2CCC3C(CC4CCCCC4)CCC3C2)CC1
C1CCC2CC(CC3CCCC4CCCC43)CCC2C1
C1CCC(C2CC3CCCC3CC3CCC4CCCCC4C32)CC1
C1CCC2CC(C3CCCC4CCCC43)CCC2C1
C1CCC(CCCCCC2CCC3CCCCC23)CC1
C1CCC2CCC3C4CCCCC4CCC3C2CC1
C1CCC(C2CCC3CCC4C(CCC5C6CCCC6CCC45)CC32)CC1
C1CCC(CCCCCC2CC3CCCCC3C2)CC1
C1CCC2C(C1)CCC1C2CCC2C3CCCC3CC21
C1CCC(CCCC2CCC3CCCC3C2)CC1
C1CCC(CCCC2CCC3CCC(C4CCCC5CCCC54)CC3C2)CC1
C1CCC2C(C1)CCC1CCCCC12
C1CCC(CCC2CCCC3CC4C(CCC4C4CCCCC4)CC23)CC1
C1CCC2CCC(C3CCCC4CCCC43)CC2CC1
C1CCC(CCCC2CCCC3CC4C(CCC4C4CCCCC4)CC23)CC1
C1CCC(CCCCCC2CCCC3C(C4CCCCC4)CCC23)CC1
C(CCC1CCC2CCCC2C1)CC1CCC(C2CCCC2)CC1
C1CCC(CCC2CCC(CC3CCCC4C(C5CCCCC5)CCC34)C2)CC1
C1CCC(CC2CC3CCCCC3C3CCC4CCCCC4C23)C1
C1CCC2CCC(C3CCCC4CCCC43)CC2CC1
C1CCC(C2CC3CCCC3C3CCC4CCCCC4C23)CC1
C1CCC(CC2CCCC(CC3CC4CCCCC4CC4CCC5CCCCC5C43)C2)CC1
C1CCC(CCCCC2CC3CCCCC3C2)CC1
C1CCC2CC(CCCC3CCC4C3CCC3C5CCCCC5CCC43)CCC2C1
C1CCC(CCCC2CCC(C3CCCC4C(C5CCCCC5)CCC34)C2)CC1
C(CCCC1CCCCC1)CCCC1CCC(CC2CCCCC2)C1
C1CCCC(C2CCC3CC4C(CCC5C6CCC(CCCC7CC8CCCCC8C7)C6CCC45)CC32)CC1
C(CCCCC1CCC(C2CCCCC2)C1)CCCC1CCCCC1
C(CCCC1CCCC2C(C3CCCCC3)CCC12)CCC1CCCCC1
C1CCC(C2CCC3CC4C(CC5CCC6CCCCC65)CCCCC4CC32)CC1
C1CCC(CCC2CCC3C(CCC4CCCCC43)C2)CC1
C1CCC(CC2CCC3CC4C(CCC5C6CCC(CCCC7CC8CCCCC8C7)C6CCC45)CC23)CC1
C(CCC1CCCC2CCCCC12)CC1CCC2CCCCC2C1
C1CCC2C(C1)CCC1C3CCCC3CCC21
C1CCC(CC2CC3CCCCC3C3CCC4CCCCC4C23)CC1
C1CCC(C2CC3CCCCC3C3CCC4CCCCC4C23)CC1
C1CCC(CC2CC3CCCCC3C3CCC4CCCCC4C23)CC1
C1CCC(C2CCC3CC4C(CCCC45CCCC5)CC32)CC1
C1CCC(CCCCCC2CC3CCCCC3C2)CC1
C1CCC2C(C1)CCC1C3CCCC3CCC21
C1CCC(CCC2CCCCC3CC4C(CCC4C4CCCCC4)CC23)CC1
C1CCC(CCCCCC2CCC3CCCCC23)CC1
C(CCCC1(C2CCCCC2)CCC1)CCC1CCC(C2CCCCC2)C1
C1CCC2CC(C3CCCC4CCCC43)CCC2C1
C1CCC2C(C1)CCC1C3CCCC3CCCC21
C1CCC(CCCCCC2CC3CCCCC3C2)CC1
C1CCC2CC3CCC(C4CCCCC4)C3CC2CC1
C1CCC(C2CCC3CCC4C(CCC45CCCC5)CC32)CC1
C1CCC(CCCC(CC2CC3CCCCC3C2)C2CCCC2)CC1
C1CCC(CC2CC3CCCCC3C2C2CCCCC2)CC1
C(CCCC1CCC(C2CCCCC2)C1)CCC1CCCCC1
C1CCC(CCC2CCC3C(CCC3C3CCCC3)C2)CC1
C1CCC(CCCCCC2CCC3CCCCC23)CC1
C1CCC2CC(C3CCCC4CCCC43)CCC2C1
C1CCC(C2CC3CCCC3C3CCC4CCCCC4C23)CC1
C1CCC(CCC2CC3CCCC3C3CCC4CCCCCC4C23)CC1
C1CCC(CCCCC2CC3CCCCC3C2)CC1
C1CCC(CCC2CCC(C3CCCC4C(C5CCCCC5)CCC34)C2)CC1
C1CCC(CCCCC2CC3CCCCC3C2)CC1
C1CCC(CCCCC2CC3CCCCC3C2)CC1
C1CCC(C2CCC3CC4C(CCC5C6CCCC(CCCC7CC8CCCCC8C7)C6CCC45)CC32)CC1
C1CCC(CCC2CCC3C(CCC3C3CCCCC3)C2)CC1
C1CCC(CCCCC2CC3CCCCC3C2)CC1
C1CCC(CCC2CCC3C(CCC3C3CCCC3)C2)CC1
C1CCC2CC(C3CCCC4CCCC43)CCC2C1
C1CCC(CCCCCC2CC3CCCCC3C2)CC1
C(CCC1CCCC2CCCCC12)CC1CCC2CCCCC2C1
C1CCC2C(C1)CCC1C3CCCCC3CCC21
C1CCC(C2CCC3CC4C(CCC32)CCC2C3CCCC3CCC42)CC1
C1CCC(CCCCC2CCC3CCCCC23)CC1
C1CCC2CCC3CCCCC3C2CC1
C1CCC(CCC2CC3CCCCC3C3CCC4CCCCC4C23)C1
C1CCC(CCC2CCC(CCC3CCCC(CC4CCCC4)CC3)CC2)CC1
C1CCC(C2CC3C(CCC34CCCC4)C3CCC4CCCCCC4C23)CC1
C1CCC(C2CC3CCCC3C3CCC4CCCCCC4C23)CC1
C1CCC(CCCCCC2CCCC3C(C4CCCCC4)CCC23)CC1
C1CCC(CCCCC23CCCC2CC2C4CCC5CCCCC5C4CCC23)C1
C1CCC(CCC2CCC3C(CCC3C3CCCCC3)C2)CC1
C(CCCC1CCCCC1)CCCC1CCC(C2CCCCC2)C1
C1CCC(C2CCC3C(CCC4CCCCC43)C2)CC1
C1CCC(CC2CCC3C(CCC3C3CCCCC3)C2)CC1
C1CCC(CCCCC2CC3CCCCC3C2)CC1
C1CCC2CC(CC3CCCC4CCCC43)CCC2C1
C1CCC(CC2CCCC(C3CCC4CC(CCC5CCC6CCCCC6C5)CCC43)C2)C1
C(CCCC1CCCCC1)CCC1CCCCC1
C(CCCC1CCCCC1)CCCC1CCC(C2CCCCC2)C1
C1CCC(CCCCC2CC3CCCCC3C2)CC1
C1CCC(CCCC2(CCC3CCCC3)CCC3C4CCC5CCCCC5C4CCC32)C1
C1CCC(CCC2CCC3C(CC4CCCCC4)CCC3C2)CC1
C1CCC(C2CCC3CC4C(CCCC45CCCC5)CC32)CC1
C1CCC(C2CC3CCCC3C3CCC4CCCCC4C23)CC1
C1CCC(CCCCC2CC3CCCCC3C2)CC1
C1CCC(CCCC2CCC3C2CCC2C4CCCCC4CCCC32)C1
C1CCC2CCC(C3CCCC4CCCC43)CC2CC1
C(CCCC1CCCC2C(C3CCCCC3)CCC12)CCC1CCCCC1
C1CCC(C2CC3CCCC3C3CCCC4CCCCC4C23)CC1
C1CCC(CCC2CCC3C(CCC3C3CCCCC3)C2)CC1
C1CCC(CCCCC2CC3CCCCC3C2)CC1
C1CCC(CC2CC3CCCCC3C3CCC4CCCCC4C23)CC1
C1CCC(C2CCC3CC4C(CCC5C6CCC(CCCC7CCC8CCCCC8C7)C6CCC45)CC32)CC1
C(CCC1CCCC2CCCC12)CC1CCCC2CCCCC12
C1CCC2CC(CCCC3CCCC4C3CCC3C5CCCCC5CCC43)CCC2C1
C1CCC(C2CC3CCCC3C3CCC4CCCCCC4C23)CC1
C1CCC(CCCCC2CC3CCCCC3C2)CC1
C1CCC(C2CCC(C3CC4CCCC4C4CCC5CCCCC5C34)CC2)C1
C1CCC2C(C1)CCC1C2CCCC2C3CCCC3CC21
C1CCC(CCCCC2CC3CCCCC3C2)CC1
C1CCC(CCC2(CCCC3CC4CCCCC4C3)CCC3C4CCC5CCCCC5C4CCC32)C1
C1CCC(C2CC3CCCC3C3CCC4CCCCC4C23)CC1
C1CCC(CC2CCC3C(CCC3C3CCCCC3)C2)CC1
C1CCC(CCCC2(CCC3CCCC3)CCC3C4CCC5CCCCC5C4CCC32)CC1
C1CCC(C2CC3CCCCC3C3CCC4CCCCC4C23)CC1
C1CCC2CCC(C3CCCC4CCCC43)CC2CC1
C1CCC(CCCCC2CC3CCCCC3C2)CC1
C1CCC(C2CC3CCCC3C3CCC4CCCCCC4C23)CC1
C1CCC2CC(CCCC3CCC4C5CCC6CCCCC6C(CCC34)C5)CC2C1
C1CCC(CCC2CCC(CCC3CCCC(CC4CCCC4)C3)CC2)CC1
C1CCC(CC2CC3CCCCC3C3CCC4CCCCCC4C23)CC1
C1CCC(CC2CCC3C(CCC3C3CCCCC3)C2)CC1
C1CCC(CCCCC2CC3CCCCC3C2)CC1
C1CCC2CC(CCCC3CCCC4C3CCC3C5CCCCC5CCC43)CC2C1
C1CCC(CCC2CCC(CCC3CCCCC3)CC2)CC1
C1CCC(CCCCCC2CC3CCCCC3C2)CC1
C(CCCC1CCCC2C1CCC2C1CCCC(CC2CCCC2)C1)CCC1CCCCC1
C1CCC2C(C1)CCC1C3CCCC3CCC21
C1CCC(CCCCC2CCC3CCCCC23)CC1
C1CCC(CCCC2CCC3CCC(C4CCCC5CCCC54)CC3C2)CC1
C1CCC(C2CCC3CC4C(CCC45CCCCCC5)CC32)CC1
C1CCC(C2CCC3CC4(CCCCCC4C4CCCCC4)CCC32)CC1
C(CCCC1CCC2CCCC2C1)CCCC1CCC(C2CCCCC2)C1
C(CCC1CCCC2CCCCC12)CC1CC2CCCCC2C1
C1CCC(CCC(CCC2CCC3CCCC3C2)CC2CCCCC2)CC1
C(CCCC1CCC2C(CCC2C2CCCCC2)C1)CCC1CCCCC1
C1CCC(CCC2CCC(C3CC3)CC2)CC1
C1CCC(CCCCC2CC3CCCCC3C2)CC1
C1CCC2CCC(C3CCCC4CCCC43)CC2CC1
C1CCC(CCC2CCC3C(CCC4CCCCC43)C2)CC1
C1CCC(CCC2CCC3C(CCC3C3CCCCC3)C2)CC1
C1CCC(C2CCC3CC(C4CCC(CCC5CCCC5)CC4)CCC32)CC1
C1CCC(C2CCC3CC4C(CCC45CCCC5)CC32)CC1
C1CCC(CCCCCC2CCCC3C(C4CCCCC4)CCC23)CC1
C1CCC(CC2CCC3C(CCC3C3CCCCC3)C2)CC1
C1CCC(CC2CC3CCCCC3C3CCC4CCCCC4C23)CC1
C1CCC(CCCC(CCC2CCC3CCCC3C2)CC2CCCCC2)CC1
C1CCC2CCC3C4CCCC4CCC3C2CC1
C1CCC(CCCCC2CC3CCCCC3C2)CC1
C1CCC(C2CCC(CCCC3CCC4C3CCC3C5CCCCCC5CCC43)C2)CC1
C1CCC(C2CCC3CC4C(CCC45CCCC5)CC32)CC1
C1CCC(CCCCCC2CCCC3C(C4CCCCC4)CCC23)CC1
C1CCC(CC2CC3CCCCC3CC3CCC4CCCCC4C32)CC1
C1CCC2C(C1)CCCC1C3CCCC3CCC21
C1CCC(C2CCC3CC4C(CCC5C6CCC(CCCC7CCC8CCCCC8C7)C6CCC45)CC32)CC1
C1CCC2C(C1)CCC1C3CCCC3CCC21
C(CCC1CCCC2CCCC12)CC1CC2CCCCC2C1
C1CCC(CCC2CCC3C(CCC3C3CCCC3)C2)CC1
C1CCC(CCCCCC2CCC3CCCCC23)CC1
C1CCC(C2CC3CCCC3C3CCCC4CCCCC4C23)CC1
C(CCC1CCCC2CCCCC12)CC1CCCC2CCCCC12
C1CCC(C2CC3CCCC3C3CCC4CCCCCC4C23)CC1
C1CCC2C(C1)CCCC1C2CCC2C3CCCC3CC21
C1CCC(CC2CCC3CC4(CCCCCC4C4CCCCC4)CCC23)CC1
C1CCC(CCC2CCC(C3CCC4C(CCC4C4CCCCC4)C3)CC2)CC1
C1CCC2CC(CCCC3CCCC4CCCCC43)CC2C1
C1CCC(C2CCC3CC4C(CCCCC45CCCC5)CC32)CC1
C1CCC(C2CCC(CCCCCC3CCCC4CCCCC34)C2)CC1
C1CCC(CCC2CCC3C(CCC3C3CCCCC3)C2)CC1
C1CCC(C2CC3CCCC3C3CCCC4CCCCC4C23)CC1
C1CCC2C(C1)CCC1C2CCCC2C3CCCC3CC21
C(CCCC1CCCCC1)CCCC1CCC(C2CCCCC2)C1
C(CCCC1CCCCC1)CCCC1CCC(C2CCCCC2)C1
C1CCC2CC(C3CCCC4CCCC43)CCC2C1
C1CCC(C2CC3CCCC3C3CCC4CCCCCC4C23)CC1
C1CCC(CC2CCC3CC4C(CCCC45CCCC5)CC23)CC1
C1CCC(CC2CCCCC2CC2CC3CCCCC3C3CCC4CCCCC4C23)CC1
C1CCC(CC2CC3CCCCC3C3CCCCC23)CC1
C(CCC1CCCCC2CCCCC12)CC1CCC2CCCCC2C1
C(CCCC1CCCC2C(C3CCCCC3)CCC12)CCC1CCCCC1
C1CCC(CC2CCC3C(CC4CCCCC4)CCC3C2)CC1
C1CCC(C2CCC3(CCC4CCC5C(CCC5C5CCCCC5)CC43)C2)CC1
C1CCC2CCC3C4CCCC4CCC3C2CC1
C1CCC(CCCCC2CCC3CCCCC3C2)CC1
C1CCC2CCC3C(CCC4C3CCC4(CCCC3CC4CCCCC4C3)CCC3CCCC3)C2CC1
C1CCC(CC2CCC(C3CC4CCCC4C4CCC5CCCCC5C34)CC2)C1
C1CCC2CC(C3CCCC4CCCC43)CCC2C1
C1CCC(CCC2CCC3C(CCC3C3CCCC(CCC4CCCC4)C3)C2)CC1
C1CCC(CCCCC2CC3CCCCC3C2)CC1
C1CCC(CCCC2CCC3CCC(C4CCCC5CCCC54)CC3C2)CC1
C1CCC(CCC(CC2CCC(CC3CCCCC3)CC2)C2CCCCC2)CC1
C1CCC(CC2CCC3CCCCC3C3CCC4CCCCC4C23)CC1
C(CCCC1CCCC2C1CCC2C1CCCC(CC2CC2)C1)CCC1CCCCC1
C1CCC(CCCCC2CCC3C2CCC2C4CC5CCC(C6CCCCC6)C5CC4CCC32)CC1
C1CCC(C2CCC(CCCCCC3CCCC4CCCCC34)C2)CC1
C1CCC2CC(C3CCCC3)C3CCCC3C2CC1
C1CCC(CC2CCCC(CC3CC4CCCCC4C4CCC5CCCCC5C34)C2)CC1
C1CCC(CC2CCC3C(CCC3C3CCCCC3)C2)CC1
C1CCC2C(C1)CC(C1CCCC3CCCC31)C1CCCCC21
C1CCC(CCCCCC2CC3CCCCC3C2)CC1
C1CCC2CCC3C4CCCC4CCC3C2CC1
C(CCCC1CCCCC1)CCCC1CCC(C2CCCCC2)C1
C1CCC(C2CC3CCCCC3C3CCCCC23)CC1
C1CCC(CCCCCC2CCC3C2CCC2C4CCCCC4CCC32)CC1
C(CCC1CCC2CCCCC2C1)CCC1CCCC2CCCCC12
C(CCC1CCCC2CCCCC12)CC1CCCC2CCCCC12
C(CCC1CCC2C1CCC1C3CCCCC3CCC21)CC1CC2CCCCC2C1
C1CCC(C2CCC(CCCCCC3(C4CCCC4)CCCC4CCCCC4C3)C2)CC1
C1CCC(C2CC3CCCC3C3CCC4CCCCCC4C23)CC1
C1CCC(CC2CC3CCCCC3C3CCC4CCCCC4C23)C1
C(CCCC1CCCCC1)CCCC1CCC(C2CCCCC2)C1
C1CCC(CC2CC3CCCCC3C3CCC4CCCCCC4C23)CC1
C1CCC(CCC2CCC3C(CCC4CC5CCCC5CC(CCC5CCCCC5)C43)C2)CC1
C(CCC1CCCC2CCCCC12)CC1CCC2CCCCC2C1
C(CCC1CCC2CCCCC2C1)CCC1CCCC2CCCCC12
C1CCC2CCC3C4CCCCC4CC(CC4CCCC4)C3C2CC1
C1CCC(CCC2CCCC3CC4C(CCC4C4CCCCC4)CC23)CC1
C1CCC(CCCCC2CC3CCCCC3C2)CC1
C1CCC(CCC2CCC3C(CCC3C3CCCCC3)C2)CC1
C1CCC2CC(C3CCCC4CCCC43)CCC2C1
C1CCC2CCC3C(CCC4C5CCCC5CC43)C2CC1
C1CCC(CCCC2CCC3CCC(CC4CCCC5CCCC54)CC3C2)CC1
C1CCC2CCC3C4CCCC4CCC3C2CC1
C1CCC(CCC2CCCCC2)CC1
C1CCC(C2CCC(CCCCCC3(C4CCCCC4)CCC3)C2)CC1
C1CCC(CCC(CCC2CCC3CCCCC3C2)CC2CCCCC2)CC1
C1CCC2C(C1)CCC1C3CCCC3CCC21
C1CCC(C2CC3CCCC3C3CCC4CCCCC4C23)CC1
C1CCC(CCC2CCC3C(CCC3C3CCCCC3)C2)CC1
C1CCC(C2CCCCC2CC2CC3CCCCC3C3CCC4CCCCC4C23)CC1
C1CCC(CCC(CCCC2CCC3CCCC3C2)CC2CCCCC2)CC1
C1CCC(CCCC2CCC3CCC(C4CCCC5CCCC54)CC3C2)CC1
C1CCC2CCC3C4CCCC4CCC3C2CC1
C1CCC(C2CC3CCCCC3C3CCCCC23)CC1
C1CCC(CCCC2CCC3CCC(C4CCCC5CCCC54)CC3C2)CC1
C(CCCC1CCCC2CCCCC12)CCC1CCC(C2CCCCC2)C1
C1CCC(CCCCC2CCC3CCCCC23)CC1
C1CCC2CC(CCCC3CCC4C3CCC3C5CCCCC5CCCC43)CC2C1
C(CCCC1CCC(C2CCCCC2)C1)CCC1CCCCC1
C1CCC(CCCCCC2CCCC3C(C4CCCCC4)CCC23)CC1
C1CCC2CCC3CCCCC3C2CC1
C1CCC(CC2CCC3CC4C(CCC5C6CCCC6CCC45)CC23)CC1
C1CCC(CC2CCC3CC4C(CCC45CCC(C4CCCCC4)C5)CC23)CC1
C1CCC(CCC2CCC(C3CC3)CC2)CC1
C1CCC(C2CC3CCCC3C3CCC4CCCCC4C23)CC1
C1CCC(CC2CC3CCCCC3C3CCC4CCCCC4C23)CC1
C1CCC(CCCC2CCC3CC4CCC5CCCCC5C4CCC23)C1
C1CCC2CCC3C4CCC(CCCC5CC6CCCCC6C5)C4CCC3C2CC1
C1CCC(CC2CC3CCCCC3C3CCC4CCCCCC4C23)CC1
C1CCC(C2CCC3CC4C(CCC45CCCCCC5)CC32)CC1
C1CCC(CC2CC3CCCCC3CC3CCC4CCCCC4C32)CC1
C1CCC(CCCCCC2CC3CCCCC3C2)CC1
C1CCC(CC2CC3CCCCC3CC3CCC4CCCCC4C32)C1
C1CCC(C2CCC3CC4C(CCC32)CCC2C3CCC(CCCC5CCC6CCCCC6C5)C3CCC42)CC1
C1CCC(CCCCCC2CCC3CCCC3C2)CC1
C1CCC(CC2CCC3CC4C(CCC45CCC(C4CCCCC4)C5)CC23)CC1
C1CCC2CCC3C(CCC4C3CCC4(CCCC3CCC4CCCCC4C3)CCC3CCCC3)C2CC1
C1CCC(CCCCCC2CCCC3C(C4CCCCC4)CCC23)CC1
C1CCC(CCC2CCC3C(CCC3C3CCCCC3)C2)CC1
C(CCC1CCCCC2CCCCC12)CC1CCC2CCCCC2C1
C(CCC1CCCC2CCCCC12)CC1CCC2CCCCC2C1
C(CCC1CCC2C1CCC1C3CCCCC3CCC21)CC1CC2CCCCC2C1
C1CCC(CC2CC3CCCCC3C3CCC4CCCCCC4C23)CC1
C1CCC(CCCC2CCC3C2CCC2C4CC5CCC(C6CCCCC6)C5CCC4CCC32)CC1
C(CCCC1CCCC2C(C3CCCCC3)CCC12)CCC1CCCCC1
C1CCC(CCCCC2CC3CCCCC3C2)CC1
C1CCC(C2CC3CCCC3C3CCC4CCCCC4C23)CC1
C1CCC(C2CC3CCCC3C3CCC4CCCCCC4C23)CC1
C1CCC2C(C1)CCCC2CCCC1CCCC2CCCCC21
C1CCC(CCCCCC2CCCC3C(C4CCCCC4)CCC23)CC1
C1CCC(CCCC2CCC3CCC(C4CCCC5CCCC54)CC3C2)CC1
C1CCC2CCC(C3CCCC4CCCC43)CC2CC1
C(CCC1CCCC2CCCCC12)CC1CC2CCCCC2C1
C1CCC(CC2CCC3CC4CCCCC4CC23)CC1
C1CCC(CCC2CCC3C(CCC3C3CCCCC3)C2)CC1
C(CCCC1CCCC2C(C3CCCCC3)CCC12)CCC1CCCCC1
C1CCC(CC2CC3CCCCC3C3CCC4CCCCC4C23)CC1
C1CCC(C2CCC3CC4C(CCCCC5CC5)CCCC4CC32)CC1
C1CCC2CC3CCC4CCCC4C3CCC2C1
C(CCCC1CCCCC1)CCCC1CCC(C2CCCCC2)C1
C1CCC(CCC(CC2CC3CCCCC3C2)C2CC2)CC1
C1CCC2C(C1)CCC1C3CCCC3CCC21
C1CCC(CCCCCC2CCCC3C(C4CCCCC4)CCC23)CC1
C1CCC(CCCCCC2CCCC3C2CCC3C2CCC(CC3CC3)CC2)CC1
C1CCC(C2CCC3CC4CCCCC4CC32)CC1
C(CCCC1CCCCC1)CCCC1CCC(C2CCCCC2)C1
C1CCC(CCCCCC2CCCC3C(C4CCCCC4)CCC23)CC1
C1CCC2C(C1)CCC1CCCCC12
C1CCC(C2CC3CCCC3C3CCC4CCCCC4C23)CC1
C1CCC(CC2CC3CCCCC3C3CCC4CCCCCC4C23)CC1
C(CCCC1CCCC2CCCC12)CCC1CCCCC1
C1CCC(CCCCCC2CC3CCCCC3C2)CC1
C1CCC(CCC(CCC2CCC3CCCC3C2)CC2CCCCC2)CC1
C1CCC(CCCCC2CC3CCCCC3C2)CC1
C1CCC(CCCC2CCC3C(CCC3C3CCCCC3)C2)CC1
C1CCC2C(C1)CCCC1C3CCCC3CCC21
C1CCC2CCC(C3CCCC4CCCC43)CC2CC1
C1CCC(CCC2CCC(CCC3CCCC(CC4CCCC4)C3)CC2)CC1
C1CCC(CCCCC2CCC3CCC(C4CCCC5CCCC54)CC3C2)CC1
C1CCC2CC(CCCC3CCC4C3CCC3C5CCCCC5CCCC43)CC2C1
C1CCC(CCCCCC2CCCC3C(CC4CCCCC4)CCC23)CC1
C1CCC2CCC3C4CCCC4CCC3C2CC1
C1CCC(C2CCC3C(CCC4CCCCC43)C2)CC1
C(CCCC1CCC2CCCC2C1)CCCC1CCC(C2CCCCC2)C1
C1CCC(C2CCC3CC4C(CCCC4C4CC(C5CCCCC5)C(C5CCCCC5)C4)CC32)CC1
C1CCC(CC2CC3CCCCC3C3CCC4CCCCC4C23)CC1
C1CCC2CCC(C3CCCC4CCCC43)CC2CC1
C1CCC(CCC2CCC3C(CCC3C3CCCCC3)C2)CC1
C1CCC(C2CC3C(CCC34CCCC4)C3CCC4CCCCC4C23)CC1
C1CCC2CC(C3CCCC4CCCC43)CCC2C1
C1CCC(C2CCC3C(CCC4CCCCC43)C2)CC1
C1CCC2C(C1)CCC1C3CCCC3CCCC21
C(CCCC1CCCCC1)CCC1CCCCC1
C1CCC(CC2CC3CCCCC3C3CCC4CCCCC4C23)C1
C1CCC2CC(CCCC3CCC4C3CCC3C5CCCCC5CCC43)CCC2C1
C1CCC(CC2CC3CCCCC3C3CCC4CCCCCC4C23)CC1
C1CCC(CC2CC3CCCCC3C3CCC4CCCCC4C3C2)CC1
C1CCC(CCCC2CCC3C2CCC2C4CCC5CCC(C6CCCCC6)C5CC4CCC32)CC1
C1CCC(C2CCC3CC4C(CCC5C6CCC(CCCC7CCC8CCCCC8C7)C6CCCC45)CC32)CC1
C1CCC2CC(C3CCCC4CCCC43)CCC2C1
C1CCC(CCCCCC2CCCC3C(CC4CCCC(CC5CC5)C4)CCC23)CC1
C(CCCC1CCCC2C(C3CCCCC3)CCC12)CCC1CCCCC1
C1CCC(CC2CCC3CCC(C4CCCC4)C3C2)C1
C1CCC2CCCCC2C(CCCCC2CCCC3CCCCC23)C1
C1CCC(CCCCCC2CC3CCCCC3C2)CC1
C1CCC(CC2CC3CCCCC3C3CCC4CCCCCC4C23)CC1
C1CCC(C2CCC3CCC4C(CCC45CCCC5)CC32)CC1
C1CCC(C2CC3CCCC3C3CCC4CCCCCC4C23)CC1
C1CCC(C2CCC3CC4C(CCCCC45CCCC5)CC32)CC1
C1CCC2C(C1)CCC1CCCCC12
C1CCC(CCCCCC2CCCC3C(C4CCCCC4)CCC23)CC1
C1CCC2CCC(C3CCCC4CCCC43)CC2CC1
C1CCC2CCC(C3CCCC4CCCC43)CC2CC1
C1CCC(CC2CCC(CC(CC3CCCCC3)C3CCCCC3)CC2)CC1
C(CCCCC1CCC(C2CCCCC2)C1)CCCC1CCCCC1
C1CCC(CCCCC2CCC3CCCCC23)CC1
C1CCC(CCC2CCCC3CC4C(CC5CCCCC5)CCC4CC23)CC1
C1CCC(C2CCC(CCCCCC3CCCCC4CCCCC34)C2)CC1
C1CCC2CC(C3CCCC4CCCC43)CCC2C1
C1CCC(C2CCC3CCCC3C3CCC4CCCCC4C23)CC1
C1CCC(CCCCCC2CCC3CCCCC23)CC1
C1CCC(CCCCCC2CCC3CCCCC23)CC1
C1CCC(CCC2CCC3C(CCC4C5CCCC5CCC34)C2)CC1
C1CCC(CC2CC3CCCCC3C3CCC4CCCCC4C23)CC1
C1CCC(C2CC3CCCC3C3CCC4CCCCCC4C23)CC1
C1CCC2CC(CCCC3CCC4C3CCC3C5CCCCC5CCC43)CC2C1
C1CCC(CCC2CCC(C3CCC4C(CC5CCCCC5)CCC4C3)CC2)CC1
C1CCC2CCC3C4CCCC4CCC3C2CC1
C1CCC(CCC2CCC3C(CCC3C3CCCCC3)C2)CC1
C1CCC(CCCCC2CC3CCCCC3C2)CC1
C1CCC(CCC2CCC(C3CC3)CC2)CC1
C(CCCC1CCCC2CCCC12)CCC1CCC2CCCCC2C1
C1CCC(C2CCC3CC4C(CCCC45CCCC5)CC32)CC1
C(CCC1CCCC2CCCC12)CC1CC2CCCCC2C1
C1CCC(CCCCC2CC3CCCCC3C2)CC1
C1CCC(CCC2CCC(CCC3CCCC(CC4CCCC4)C3)CC2)CC1
C1CCC(CCC2CCC(CCC3CCCC(CC4CCCC4)C3)CC2)CC1
C1CCC2CCC(C3CCCC4CCCC43)CC2CC1
C1CCC(CC2CC3CCCCC3C3CCC4CCCCC4C23)C1
C1CCC(CCC(CC2CC3CCCCC3C2)C2CC2)CC1
C1CCC(CCC2CCC3C(CCC4CCCCC43)C2)CC1
C1CCC(CCCCCC2CC3CCCCC3C2)CC1
C1CCC(CCC2CCC3C(CCC3C3CCCCC3)C2)CC1
C1CCC(C2CCC3CCC4C(CCCC45CCCC5)CC32)CC1
C1CCC(CCCC2CCC3C(CCC3C3CCCCC3)C2)CC1
C1CCC2C(C1)CCC1C3CCCC3CCC21
C1CCC(CC2CCC(CC(CC3CCCCC3)C3CCCCC3)CC2)CC1
C1CCC(C2CCC3CC4C(CCC5C6CCC(CCCC7CCC8CCCCC8C7)C6CCCC45)CC32)CC1
C1CCC2C(C1)CCC1CCCCC12
C1CCC(C2CCC3CC4CCCCC4CC32)CC1
C1CCC(C2CC3C(CCC4CC4)CCC3C3CCCC4CCCCC4C23)CC1
C1CCC(CCCCC2CC3CCCCC3C2)CC1
C(CCCC1CCCCC1)CCCC1CCC(C2CCCCC2)C1
C1CCC(CC2CCC3CC4C(CCC45CCCCC5)CC23)CC1
C1CCC2C(C1)CCCC1C3CCCC3CCC21
C1CCC(CCCCCC2CCCC3C(CC4CCCCC4)CCC23)CC1
C1CCC(C2CC3CCCCC3CC3CCCCC32)CC1
C1CCC(CCCCCC2CCCC3C(CC4CCCCC4)CCC23)CC1
C1CCC(CCC2CCC3C(CC4CCCCC4)CCC3C2)CC1
C1CCC(CCCCC2CC3CCCCC3C2)CC1
C1CCC(CCC2CCCCC2)CC1
C1CCC(C2CCC(CCCCCC3(C4CCCCC4)CCCC4CCCCC43)C2)CC1
C1CCC2CC(C3CCCC4CCCC43)CCC2C1
C1CCC(C2CCC3CC4C(CCC32)CCC42CCCC2)CC1
C1CCC(CCC2CCCC3CC4C(CCC4C4CCCCC4)CC23)CC1
C1CCC2C(C1)CCC1C2CCC2C3CCCC3CC21
C1CCC(CCCC2CCCC3CCC(C4CCCC5CCCC54)CC3C2)CC1
C1CCC2CC(C3CCCC4CCCC43)CCC2C1
C1CCC(C2CCC3CC4C(CCCC45CCCCC5)CC32)CC1
C1CCC(C2CC3CCCC3C3CCC4CCCCC4C23)CC1
C1CCC2CC(C3CCCC4CCCC43)CCC2C1
C(CCC1CCCC2CCCCC12)CC1CCCC2CCCCC12
C1CCC(CCC2CCC3C(CCC3C3CCCCC3)C2)CC1
C1CCC(C2CCC3CC4C(CCCCC5CC5)CCCC4CC32)CC1
C1CCC(C2CCC3CC4C(CCCCC45CCCC5)CC32)CC1
C1CCC(CCC2CCC3C(CCC3C3CCCCC3)C2)CC1
C1CCC(CCCCC2CCC3CCCCC23)CC1
C1CCC(C2CCC3CC4C(CCCC45CCCC5)CC32)CC1
C1CCC(CCCCCC2CC3CCCCC3C2)CC1
C(CCCCC1CCCC(CC(CC2CCC(CC3CCCCC3)CC2)C2CCCCC2)C1)CCCCC1CCC2C(CCC3C4CCCC4CCC23)C1
C1CCC(CCCCCC2CCC3CCCCC23)CC1
C1CCC(CCCCC2CCC3CCCCC23)CC1
C1CCC(CCCCCC2CCCC3C(C4CCCCC4)CCC23)CC1
C1CCC(CCC(CCC2CCC3CCCCC3C2)CC2CCCCC2)CC1
C1CCC(CCCC2CCC3CCCC3C2)CC1
C1CCC(C2CCC3C(CCCCCC4CCC(C5CCCC5)C4)CCCC23)CC1
C1CCC(CC2CC3CCCCC3C3CCC4CCCCC4C23)CC1
C1CCC(C2CC3C(CCC34CCCC4)C3CCC4CCCCC4C23)CC1
C1CCC(CCCC2CCC3CCC(C4CCCC5CCCC54)CC3CC2)CC1
C1CCC(C2CC3CCCCC3C3CCCCC23)CC1
C1CCC(CCCCC2CCC3C2CCC2CC4CCCCC4CCC23)CC1
C1CCC2CC(CCCC3CCC4C3CCC3C5CCCCC5CCC43)CC2C1
C1CCC2C(C1)CC(C1CCCC3CCCC31)C1CCCCC21
C1CCC(C2CCC3CCC4C(CCCC45CCCC5)CC32)CC1
C1CCC2C(C1)CC(C1CCCC3CCCC31)C1CCCCC21
C1CCC(CCCC2CCC3C2CCC2C4CCC5CCC(C6CCCCC6)C5CC4CCC32)CC1
C1CCC(CCCC2CCC(CCC3CCCCC3)CC2)CC1
C1CCC(C2CCC3CC4C(CCC45CCCC5)CC32)CC1
C1CCC(C2CCC3C(CCC4CCCCC43)C2)C1
C1CCC(C2CC3CCCCC3C3CCCCC23)CC1
C1CCC(CC2CCC3C(CC4CCCCC4)CCC3C2)CC1
C1CCC2C(C1)CCC1C3CCCCC3CCC21
C1CCC(CCC(CCC2CCC3CCCC3C2)CC2CCCCC2)CC1
C1CCC(C2CC3CCCCC3C3CCCCC23)CC1
C1CCC(C2CCC3CC4C5CCC6C(CCCC7CC8CCCCC8C7)CCC6C(CCC4CC32)C5)CC1
C(CCC1CCC2CCCCC2C1)CCC1CCCC2CCCC12
C1CCC(CC2CC3CCCCC3C3CCC4CCCCC4C23)CC1
C1CCC(CCC2CCC3C(CCC3C3CCCCC3)C2)CC1
C1CCC(CCC2CCC3C(CCC3C3CCCCC3)C2)CC1
C1CCC(CCCCC2CC3CCCCC3C2)CC1
C1CCC(C2CCC3CCCC3C3CCC4CCCCC4C23)CC1
C1CCC(C2CC3CCCC3C3CCC4CCCCC4C23)CC1
C1CCC(CCCCC2CCC3CCCCC23)CC1
C1CCC2CC(C3CCCC4CCCC43)CCC2C1
C1CCC2C(C1)CCC1CCCCC12
C1CCC(CCCCCC2CC3CCCCC3C2)CC1
C1CCC(CCCCC2CC3CCCCC3C2)CC1
C1CCC2CCC(C3CCCC3)CC2CC1
C1CCC2CCC3CCCCC3C2CC1
C1CCC(C2CC3CCCC3C3CCCC4CCCCC4C23)CC1
C(CCC1CCCC2CCCC12)CC1CC2CCCCC2C1
C1CCC(CCCCC2CC3CCCCC3C2)CC1
C1CCC2C(C1)CCC1C3CCCC3CCC21
C1CCC2CCC(C3CCCC4CCCC43)CC2CC1
C1CCC2CC(C3CCCC4CCCC43)CCC2C1
C1CCC(CCCCCC2CCCC3C(C4CCCCC4)CCC23)CC1
C(CCCC1CCCCC1)CCCC1CCC(C2CCCCC2)C1
C(CCCC1CCC(CC2CCCCC2)C1)CCCC1CCC2CCCC2C1
C1CCC(CCCCC2CCC3CCCCC23)CC1
C(CCC1CCC2CCCCC2C1)CCC1CCCC2CCCCC12
C1CCC(CCC2CCC3C(CCC3C3CCCCC3)C2)CC1
C1CCC(CCC2CCC3C(CCC3C3CCCC(CCC4CCCC4)C3)C2)CC1
C1CCC(CCC2(CCCC3CC4CCCCC4C3)CCCC3C4CCC5CCCCC5C4CCC32)C1
C1CCC(C2CCC3CC4C(CCCC5C6CCC(CCCC7CCC8CCCCC8C7)C6CCC45)CC32)CC1
C1CCC(CC2CCC3CCCCC3C3CCC4CCCCC4C23)CC1
C1CCC2CCC3C4CCCCC4CCC3C2CC1
C(CCC1CCCC2CCCCC12)CCC1CCCC2CCCCC12
C1CCC2CC3CCC4CCCC4C3CCC2C1
C1CCC2CCC(C3CCCC4CCCC43)CC2CC1
C(CCCC1CCCC2CCCC12)CCC1CCCCC1
C1CCC(C2CCC(CC3CC4CCCCC4C4CCC5CCCCC5C34)CC2)CC1
C1CCC(C2CCC3C(CCC4CCCCC43)C2)CC1
C1CCC(C2CCC3CC4C(CCC45CCCC5)CC32)CC1
C1CCC(C2CCC3CC4C(CCCC45CCCC5)CC32)CC1
C1CCC(CCCCC2CC3CCCCC3C2)CC1
C1CCC2CCC3C4CCCC4CCC3C2CC1
C1CCC2CCC3C4CCCC4CCC3C2CC1
C1CCC2CCC(C3CCCC4CCCC43)CC2CC1
C1CCC(CCC2CCC3C(CC4CCCCC4)CCC3C2)CC1
C1CCC(CCCC2CCCC(C3CCC4CC(CCC5CCC6CCCCCC6C5)CCC43)C2)CC1
C1CCC(CCCCCC2CC3CCCCC3C2)CC1
C1CCC(C2CCC3CC4C(CCCC45CCCC5)CC32)CC1
C1CCC(CCCC2CCCC3CCC(C4CCCC5CCCC54)CC3C2)CC1
C1CCC(C2CCC3CC4(CCCCCC4C4CCCCC4)CCC32)CC1
C1CCC(CCCCC2CC3CCCCC3C2)CC1
C1CCC(C2CCC3CC4C(CCC45CCCCC5)CC32)CC1
C1CCC(CCCCC2CC3CCCCC3C2)CC1
C(CCCC1CCCC2C(C3CCCCC3)CCC12)CCC1CCCCC1
C1CCC2CCC(C3CCCC4CCCC43)CC2CC1
C1CCC(CCC2(CCCCC3CC4CCCCC4C3)CCC3C4CCC5CCCCC5C4CCC32)C1
C1CCC2C(C1)CC(C1CCCC3CCCC31)C1CCCCC21
C1CCC(CCCC2CCC3CCC(C4CCCC5CCCC54)CC3C2)CC1
C1CCC(CC2CCC3CCCCC3C3CCC4CCCCC4C23)CC1
C1CCC2CCC3C4CCCC4CCC3C2CC1
C1CCC(CCC2CCC3C(CCC3C3CCCCC3)C2)CC1
C1CCC(CCCCCC2CCCC3C(C4CCCCC4)CCC23)CC1
C1CCC2CCC3C4CCCC4CCC3C2CC1
C1CCC(CC2CCC3CC4C(CCCC45CCCC5)CC23)CC1
C1CCC2C(C1)CCC1C3CCCC3CCCC21
C1CCC(C2CCC3CC4C(CCC45CCCCC5)CC32)CC1
C1CCC2CCC(C3CCCC4CCCC43)CC2CC1
C1CCC2CC(C3CCCC4CCCC43)CCC2C1
C1CCC(C2CC3CCCC3C3CCC4CCCCC4C23)CC1
C1CCC(CCCCC2CC3CCCCC3C2)CC1
C1CCC(CCCCC2CC3CCCCC3C2)CC1
C1CC2CCCC2C(CC2CC3CCCCC3C3CCCC23)C1
C1CCC(CC(CC2CCCCC2)C2CCCCC2)CC1
C1CCC(C2CCC3CC4(CCCCCC4C4CCCCC4)CCC32)CC1
C1CCC2CC(C3CCCC4CCCC43)CCC2C1
C1CCC(CCCCC2CCC3CCCC3C2)CC1
C(CCC1CCCC2CCCCC12)CC1CCC2CCCCC2C1
C1CCC(C2CCC3C(CCC4CCCCC43)C2)CC1
C1CCC(CCCCCC2CC3CCCCC3C2)CC1
C1CCC2CC(C3CCCC4CCCC43)CCC2C1
C1CCC2CCC3C4CCCCC4CC(CC4CCCC4)C3C2CC1
C1CCC(CCCCCC2CCC3C2CCC2C4CCCCC4CCC32)CC1
C1CCC(CCC2CCC3C(CCC4CCCCCC43)C2)CC1
C1CCC2CCC(C3CCCC4CCCC43)CC2CC1
C1CCC(CC2CCCCCC23CCCC2C(CCC2C2CCCCC2)C3)CC1
C1CCC(C2CCCCC2CC2CC3CCCCC3C3CCC4CCCCCC4C23)CC1
C1CCC(CCC2CCCCC2)CC1
C1CCC2C(C1)CCCC2CCCC1CCCC2CCCCC21
C1CCC2CCC(C3CCCC4CCCC43)CC2CC1
C1CCC(CCCCC2CC3CCCCC3C2)CC1
C1CCC(CCC(CC2CC3CCCCC3C2)C2CC2)CC1
C1CCC(CCC2(CCCC3CC4CCCCC4C3)CCC3C4CCC5CCCCC5C4CCC32)C1
C1CCC2CC(C3CCCC3)C3CCCC3C2CC1
C1CCC(C2CCC3CCC4C(CCC5C6CCC(CCCC7CCC8CCCCC8C7)C6CCC45)CC32)CC1
C1CCC(CCC2CCC(C3CCC4C(CCC4C4CCCCC4)C3)CC2)CC1
C1CCC2C(C1)CCC1C3CCCCC3CCC21
C1CCC(CCCCC2CC3CCCCC3C2)CC1
C1CC2CCC3C(CCC4CCCCC43)CC2C1
C1CCC(CCCCC2CCC3CCC(C4CCCC5CCCC54)CC3C2)CC1
C1CCC(C2CCC(C3CC4CCCC4C4CCCC5CCCCC5C34)CC2)C1
C1CCC(CC2CC3CCCCC3CC3CCC4CCCCC4C32)CC1
C1CCC(CCCC2CCC3CCC(C4CCCC5CCCC54)CC3C2)CC1
C1CCC(CC2CC3CCCCC3CC3CCC4CCCCC4C32)CC1
C1CCC(CCC2CCC3C(CC4CCCCC4)CCC3C2)CC1
C1CCC2CCC3C4CCC(CCCC5CC6CCCCC6C5)C4CCC3C2CC1
C(CCCC1CCCCC1)CCC1CCCCC1
C1CCC2C(C1)CCCC2CCCC1CCCC2CCCCC21
C1CCC2C(C1)CCC1C3CCCC3CCC21
C1CCC2C(C1)CCCC1C3CCCC3CCC21
C(CCCC1CCCC2CCCCC12)CCC1CCC(C2CCCCC2)C1
C1CCC(CCC2CCC3C(CCCC4CC(C5CCCCC5)CCC43)C2)CC1
C1CCC(CCC(CCCC2CCC3CCCC3C2)CC2CCCCC2)CC1
C(CCC1CCCC1)CCC1CCCC2CCCCC12
C1CCC2CCC(C3CCCC4CCCC43)CC2CC1
C1CCC(CCC2CCCC(C3CCCC4C(C5CCCCC5)CCC34)C2)CC1
C1CCC(CCCCCC2CCCC3C2CCC3C2CCCC(CC3CCC3)C2)CC1
C1CCC(CC2CCC3C(CCC3C3CCCCC3)C2)CC1
C1CCC(C2CC3CCCCC3C3CCC4CCCCC4C23)CC1
C(CCCC1CCCC2C(C3CCCCC3)CCC12)CCC1CCCCC1
C1CCC(C2CCC3CC4C(CCCC45CCCCC5)CC32)CC1
C1CCC(CCC2CCCCC3CC4C(CCC4C4CCCCC4)CC23)CC1
C1CCC(CCCCC2CC3CCCCC3C2C2CCCCC2)CC1
C1CCC2CCC3C4CCC(CCCC5CCCC5)C4CCC3C2CC1
C1CCC2CC(C3CCCC4CCCC43)CCC2C1
C(CCC1CCCC2CCCCC12)CC1CCC2CCCCC2C1
C1CCC(CCCCC2CC3CCCCC3C2)CC1
C(CCCCCCC1CCC(CCC2CCC(CCC3CCCC3)C2)C1)CCCCCCC1CCC2C1CCC1C3CCCCC3CCC21
C1CCC(CCCCCC2CCCC3C(CC4CCCCC4)CCC23)CC1
C1CCC(CC2CC3CCCCC3C3CCC4CCCCCC4C23)CC1
C1CCC(C2CCC3CCC(C4CCCC4)CC32)CC1
C1CCC2CCC3C4CCCC4CCC3C2CC1
C1CCC(CCCCCC2CCCC3C2CCC3C2CCC(CC3CC3)CC2)CC1
C1CCC2C(C1)CCC1C2CCC2C3CCCC3CC21
C(CCC1(C2CCCC2)CCCC2CCCCC21)CC1CCC2CCCCC2C1
C1CCC(C2CCC(CCCCCC3CCCC4CCCCC34)C2)CC1
C1CCC(C2CCC3CC4C(CCCC45CCCCC5)CC32)CC1
C1CCC(CCCCCC2CCC3CCCC3C2)CC1
C1CCC(CCCCCC2CC3CCCCC3C2)CC1
C1CCC(CCCC2CCCC3CC4C(CCC4C4CCCCC4)CC23)CC1
C1CCC(C2CC3CCCC3C3CCC4CCCCC4C23)CC1
C1CCC2C(C1)CCC1CCCCC12
C1CCC(CC2CC3CCCCC3CC3CCC4CCCCC4C32)CC1
C1CCC(CC2CC3CCCCC3C3CCC4CCCCC4C23)CC1
C1CCC(CCCCC2CCC3C2CCC2C4CCCCC4CCC32)CC1
C(CCC1CCCC2CCCCC12)CC1CCCC2CCCCC2C1
C(CCCC1CCC2CCCC2C1)CCCC1CCC(C2CCCCC2)C1
C1CCC(C2CC3C(CCCC34CCCC4)C3CCC4CCCCC4C23)CC1
C1CCC(CCCCC2CC3CCCCC3C2)CC1
C1CCC(C2CC3C(CCCC34CCCC4)C3CCC4CCCCC4C23)CC1
C1CCC(CC(CC2CCCCC2)C2CCCCC2)CC1
C1CCC(C2CCC3CCC4C(CCCC45CCCCC5)CC32)CC1
C1CCC(CC2CCC(CC3CC4CCCCC4C4CCC5CCCCC5C34)CC2)CC1
C(CC1CCC(C2CCCC2)CC1)CC1CCC2CCCC2C1
C1CCC(C2CC3CCCCC3C3CCCCC23)CC1
C1CCC(CCCCC2CCCC3CCC(C4CCCCC4)CC23)CC1
C1CCC(C2CCC3C(CCCC4CCCCC43)C2)CC1
C1CCC(CCCCC2CCC3CCCCC23)CC1
C1CCC(C2CC3CCCC3C3CCC4CCCCC4CC23)CC1
C1CCC(C2CC3C(CCC34CCCC4)C3CCC4CCCCC4C23)CC1
C1CCC(C2CCC3CC4C(CCCC45CC(C4CCCCC4)C(C4CCCCC4)C5)CC32)CC1
C(CCC1CCCC2CCCC12)CC1CC2CCCCC2C1
C(CCC1CCC2C(CCC3C4CCCC4CCC23)C1)CC1CCC(C2CCC3CCCC3C3CCC4CCCCC4C23)CC1
C1CCC2CC(CCCC3CCC4C3CCC3C5CCCCC5CCC43)CC2C1
C1CCC2CC(C3CCCC4CCCC43)CCC2C1
C1CCC2CC(C3CCCC4CCCC43)CCC2C1
C(CCCC1CCCCC1)CCCC1CCC(CC2CCCCC2)C1
C1CCC(C2CCC3C(CCC4CCCCC43)C2)CC1
C1CCCC(C2CC3CCCC3C3CCC4CCCCC4C23)CC1
C1CCC(C2CCC3CC4C(CCC32)CCC2C3CCC(CCCC5CCC6CCCCC6C5)C3CCC42)CC1
C(CCCC1CCCC2CCCCC12)CCC1CCC(C2CCCCC2)C1
C1CCC(C2CCC3C(CCC4CCCCC43)C2)CC1
C(CCCC1CCCCC1)CCCC1CCC(C2CCCCC2)C1
C(CCC1CCC2C(CCC3C4CCCCC4CCC23)C1)CC1CCC(C2CCC(C3CC4CCCC4C4CCC5CCCCC5C34)CC2)CC1
C1CCC2CCC3C4CCC(CCCC5CC6CCCCC6C5)C4CCC3C2CC1
C1CCC2CC(CC3CCCC4CCCC43)CCC2C1
C1CCC(C2CC3CCCC3C3CCC4CCCCC4C23)CC1
C1CCC(CCCCC2CC3CCCCC3C2)CC1
C1CCC2C(C1)CC(C1CCCC3CCCC31)C1CCCCC21
C1CCC(C2CC3CCCC3C3CCC4CCCCCC4C23)CC1
C1CCC2CC(C3CCCC4CCCC43)CCC2C1
C1CCC(CCCCCC2CC3CCCCC3C2)CC1
C1CCC(C2CC3CCCCC3CC3CCCCC32)CC1
C1CCC2C(C1)CCC1C3CCCC3CCC21
C(CCCC1CCCCC1)CCCC1CCC(C2CCCCC2)C1
C1CCC(CC2CCCCCC23CCCC2C(CCC2C2CCCCC2)C3)CC1
C1CCC(CCCC2CCC3CCCC3C2)CC1
C1CCC(CCC2CCC3C(CCC4CCCCC43)C2)CC1
C1CCC2CC(C3CCCC4CCCC43)CCC2C1
C1CCC(CCC(CCC2CCC3CCCCC3C2)CC2CCCCC2)CC1
C1CCC(CCCCC2CCC3CCCCC23)CC1
C1CCC(CCC2CCC3C(CCC3C3CCCCC3)C2)CC1
C1CCC2C(C1)CCC1C3CCCC3CCC21
C1CCC2CC(CC3CCCC4CCCC43)CCC2C1
C1CCC2CC(C3CCCC3)CCC2C1
C1CCC2CC(CCCC3CCCC4CCCCC43)CC2C1
C1CCC(C2CC3CCCC3C3CCC4CCCCCC4C23)CC1
C1CCC2C(C1)CCCC1C3CCCC3CCC21
C1CCC(CCC2CCCC3CCC(C4CCCC5CCCC54)CC23)CC1
C1CCC2CC(C3CCCC4CCCC43)CCC2C1
C1CCC(CCCCCC2CC3CCCCC3C2)CC1
C(CCCC1CCCC2C(C3CCCCC3)CCC12)CCC1CCCCC1
C1CCC(CCC2CCC3C(CCC3C3CCCCC3)C2)CC1
C1CCC(CCCCC2CC3CCCCC3C2)CC1
C1CCC(CCCC2CC3CCCCC3C2CC2CCCCC2)CC1
C1CCC2CCC(C3CCCC4CCCC43)CC2CC1
C1CCC(C2CCC3C(CCCCCC4CC4)CCCC23)CC1
C1CCC(CCCCC2CCC(C3CCC4C(CCC4C4CCCCC4)C3)CC2)CC1
C(CCCC1CCC(C2CCCCC2)C1)CCC1CCCCC1
C1CCC(CCCCCC2CCCC3C(C4CCCCC4)CCC23)CC1
C1CCC(CCCCC2CCC3CCC(C4CCCC5CCCC54)CC3C2)CC1
C1CCC(C2CC3CCCC3C3CCC4CCCCC4C23)CC1
C1CCC(CCC2CCC(C3CCC4C(CCC4C4CCCCC4)C3)CC2)CC1
C1CCC(CCCCC2CC3CCCCC3C2)CC1
C1CCC(C2CCC3CC4C(CCC5C6CCC(CCCC7CCCC8CCCCC87)C6CCC45)CC32)CC1
C1CCC(C2CCC3CC4C(CCC5C6CCCC(CCCC7CC8CCCCC8C7)C6CCC45)CC32)CC1
C1CCC(CCCCCC2CC3CCCCC3C2)CC1
C1CCC(CCCCC2CC3CCCCC3C2)CC1
C(CCC1CCC2C(CCC3C4CCCC4CCC23)C1)CC1CCC(C2CCC(C3CC4CCCC4CC4CCC5CCCCC5C43)CC2)CC1
C1CCC(CCCCC2CCC3CCC(C4CCCC5CCCC54)CC3C2)CC1
C1CCC(CCC2CCC(CCC3CCCC(CC4CCCC4)C3)CC2)CC1
C1CCC2CC3CCCCC3CCC2C1
C1CCC(C2CC3CCCC3C3CCC4CCCCC4C23)CC1
C1CCC2CCC3C(CCC4C5CCCC5CC43)C2CC1
C1CCC(C2CCC3(CCC4CC5C(CCC5C5CCCCC5)CCC43)C2)CC1
C1CCC(C2CCC3CCCCC3C3CCC(CCC4CCCC4)CC23)CC1
C(CCC1CCC2C1CCC1C3CCCCC3CCC21)CC1CC2CCCCC2C1
C1CCC(CCC2(CCCC3CC4CCCCC4C3)CCC3C4CCC5CCCCC5C4CCC32)C1
C(CCC1CCCC2CCCCC12)CCC1CCCC2CCCCC12
C1CCC(CCCCCC2CC3CCCCC3C2)CC1
C1CCC(C2CCC3CC4CCCCC4CC32)CC1
C(CCCC1CCCC2C(C3CCCCC3)CCC12)CCC1CCCCC1
C1CCC(C2CCC3CCCC3C3CCC4CCCCC4C23)CC1
C1CCC(C2CC3CCCC3C3CCC4CCCCC4C23)CC1
C1CCC(CCCCCC2CCC3CCCC3C2)CC1
C1CCC(CCCC2CCC3C(CCC4CC(C5CCCCC5)CCC43)C2)CC1
C1CCC(C2CCC3CCCC3C3CCC4CCCCCC4C23)CC1
C1CCC(C2CC3CCCC3C3CCC4CCCCCC4C23)CC1
C1CCC2C(C1)CCC1C3CCCC3CCC21
C1CCC2C(C1)CCC1C2CCC2C3CCCCC3CC21
C1CCC(CCCCCC2CCCC3C(C4CCCCC4)CCC23)CC1
C1CCC2C(C1)CCC1CCCCC12
C1CCC2CCC3C4CCCC4CCC3C2CC1
C(CC1CCC2CCCCC2C1)CC1CCC2CCC(C3CCCC4CCCC43)CC2C1
C1CCC(CCC(CC2CCCCC2)C2CCCCC2)CC1
C1CCC(CCCCCC2CCCC3CCCC23)CC1
C1CCC(C2CCC3CC4C(CCCC45CCCCC5)CC32)CC1
C1CCC(C2CCC3CC4(CCCCC4C4CCCCC4)CCCC32)CC1
C1CCC(CCCCC2CC3CCCCC3C2)CC1
C1CCC(C2CCC3CCCC3C3CCC4CCCCC4C23)CC1
C1CCC2C(C1)CCCC1CCCCC12
C1CCC(CCC2CCC3C2CCC2C4CCCCC4CCC32)C1
C1CCC(CCC(CCC2CCC3CCCC3C2)CC2CCCCC2)CC1
C1CCC2CC(CCCC3CCCC4CCCCC43)CC2C1
C1CCC(CC2CC3CCCCC3C3CCC4CCCCCC4C23)CC1
C1CCC(CCCCCC2CCCC3C(CC4CCCCC4)CCC23)CC1
C1CCC(CCC2CCC(CCC3CCCCC3)CC2)CC1
C1CCC(CCC2CCC3C(CCC3C3CCCCC3)C2)CC1
C1CCC(C2CCC3CC4C(CCC45CCCCCC5)CC32)CC1
C1CCC(CCCC2CCC3CCC(C4CCCC5CCCC54)CC3C2)CC1
C1CCC2C(C1)CCC1C3CCCC3CCC21
C1CCC2C(C1)CCCC1C3CCCC3CCC21
C1CCC(CCC2CCC3C(CC4CCCCC4)CCC3C2)CC1
C1CCC(CCCCCC2CC3CCCCC3C2)CC1
C1CCC(C2CCC3CC4(CCCCCC4C4CCCCC4)CCC32)CC1
C1CCC(CC2CCC(CC(CC3CCCCC3)C3CCCCC3)CC2)CC1
C1CCC(CCC2CCC3C(CCC3C3CCCCC3)C2)CC1
C1CCC(CCCCCC2CCCC3C(C4CCCCC4)CCC23)CC1
C1CCC(C2CCC3CC4C(CCCC45CCCCC5)CC32)CC1
C1CCC(C2CCC3CCCC3C3CCC4CCCCC4C23)CC1
C1CCC(CCC2CCC3C(CCC3C3CCCCC3)C2)CC1
C1CCC(C2CCC3(CCCC4CC5C(CCC5C5CCCCC5)CC43)C2)CC1
C1CCC(CC2CCC3C(CCC3C3CCCCC3)C2)CC1
C1CCC(CCCC2CCC(C3CCC4C(CCC4C4CCCCC4)C3)CC2)CC1
C1CCC2C(C1)CCC1C3CCCCC3CCC21
C1CCC2C(C1)CCC1C3CCCC3CCC21
C(CCCCC1CCC(C2CCCCC2)C1)CCCC1CCCCC1
C1CCC2C(C1)CC(C1CCCC1)C1CCCCC21
C1CCC(CCCCCC2CCCC3C(C4CCCCC4)CCC23)CC1
C(CCCC1CCCC2C(C3CCCCC3)CCC12)CCC1CCCCC1
C1CCC2CCC3C4CCCC4CCC3C2CC1
C(CCC1CCCC2CCCC12)CC1CC2CCCCC2C1
C1CCC(CCCCCC2C3CCCCC3CCC2C2CCCC3CCCC32)CC1
C1CCC(C2CCC3CCC(C4CCCC4)C3C2)C1
C1CCC(CC2CC3CCCC3C3CCC4CCCCC4C23)CC1
C1CCC(C2CCCCC2CC2CC3CCCCC3C3CCC4CCCCCC4C23)CC1
C1CCC2CC(C3CCCC4CCCC43)CCC2C1
C1CCC(C2CC3C(CCC4CC4)CCC3C3CCC4CCCCCC4C23)CC1
C1CCC2CC(C3CCCC4CCCC43)CCC2C1
C1CCC(CC2CCC(CC(CC3CCCCC3)C3CCCCC3)CC2)CC1
C1CCC(C2CC3CCCCC3C3CCCCC23)CC1
C1CCC(C2CCC3C(CCC4CCCCC43)C2)CC1
C1CCC(CCC2CCC(CCC3CCCC(CC4CCCC4)C3)CC2)CC1
C(CCCC1CCCC2C(C3CCCCC3)CCC12)CCC1CCCCC1
C1CCC2C(C1)CCC1C3CCCC3CCC21
C1CCC(CCC2CCC(CCC3CCCC(CC4CCCC4)CC3)CC2)CC1
C(CCC1CCCC2CCCCC12)CC1CCCC2CCCCC12
C1CCC(CCC2CCC3C(CCC3C3CCCCC3)C2)CC1
C1CCC2C(C1)CCC1C3CCCC3CCC21
C(CCCCC1CCC(C2CCCCC2)C1)CCCC1CCCCC1
C1CCC(C2CC3CCCC3C3CCC4CCCCC4C23)CC1
C1CCC(C2CCC3CC4(CCCCC4C4CCCCC4)CCC32)CC1
C(CCCC1(C2CCCCC2)CCC1)CCC1CCC(C2CCCCC2)C1
C1CCC(C2CCC3CC4C(CCCC45CCCCC5)CC32)CC1
C1CCC(CCCC2CCCC3CCC(C4CCCC5CCCC54)CC23)CC1
C1CCC(CCCC(CCC2CCC3CCCC3C2)CC2CCCCC2)CC1
C1CCC(CCCC2(CCCC3CCCC3)CCC3C4CCC5CCCCC5C4CCC32)CC1
C(CCCC1CCCCC1)CCC1CCCCC1
C(CCCC1CCCC2C(C3CCCCC3)CCC12)CCC1CCC(C2CCCC2)C1
C1CCC2C(C1)CC(C1CCCC3CCCC31)C1CCCC21
C1CCC(CC2CCC3CCCCC3C3CCC4CCCCC4C23)CC1
C1CCC(C2CC3CCCC3C3CCC4CCCCC4C23)CC1
C1CCC(C2CCC3CCC4(CCCCCC4C4CCCCC4)CCC32)CC1
C1CCC(CCCCCC2CC3CCCCC3C2)CC1
C1CCC2CC(CCCC3CCC4C3CCC3C5CCCCC5CCC43)CCC2C1
C1CCC(CCCC(CCC2CCC3CCCC3C2)CC2CCCCC2)CC1
C1CCC(CCC2CCC3C(CCC3C3CCCC(CC4CCCC4)C3)C2)CC1
C1CCC(CCCC2CCC3C2CCC2C4CC5CCC(C6CCCCC6)C5CC4CCCC32)CC1
C1CCC(C2CCC3C(CCC4CCCCC43)C2)C1
C1CCC(CCC(CCC2CCC3CCCCC3C2)CC2CCCCC2)CC1
C1CCC(C2CCC(CCCCC3CCC4C3CCC3C5CCCCC5CCC43)C2)CC1
C1CCC(CCCCCC2CCCC3C(C4CCCCC4)CCC23)CC1
C1CCC(C2CC3CCCC3C3CCC4CCCCCC4C23)CC1
C1CCC(C2CC3CCCCC3C3CCCCC23)CC1
C1CCC(C2CC3CCCC3C3CCC4CCCCC4C3C2)CC1
C1CCC(C2CCC3CC4C(CCC5C6CCC(CCCC7CCC8CCCCC8C7)C6CCCC45)CC32)CC1
C1CCC(CCCC2CCCC3CCC(C4CCCC5CCCC54)CC3C2)CC1
C1CCC2CCC3C4CCCCC4CC(CC4CCCC4)C3C2CC1
C1CCC(CCCCC2CCC3CCC(C4CCCC5CCCC54)CC3C2)CC1
C1CCC(CCC2CCC(CCC3CCCCC(CC4CCCC4)C3)CC2)CC1
C1CCC(C2CCC3CC4C(CCC5CC6CCCCC6C5)CCCC4CC32)CC1
C1CCC2C(C1)CCC1C2CCC2C3CCCC3CC21
C1CCC(C2CC3CCCCC3C3CCCCC23)CC1
C1CCC(CCCC2CCC3C(CCC3C3CCCCC3)C2)CC1
C1CCC(CC2CC3CCCCC3C3CCC4CCCCCC4C23)CC1
C1CCC(CCC2CCC3C(CCC3C3CCCCC3)C2)CC1
C1CCC2CCC3C4CCCC4CCC3C2CC1
C1CCC(CC2CCC3CCCCC3C2)C1
C1CCC(CC2CC3CCCCC3C3CCC4CCCCC4C23)CC1
C1CCC(CCC2CCCCC2)CC1
C(CCC1CCCC2CCCC12)CC1CC2CCCCC2C1
C1CCC(CCC2CCC3C(CC4CCCCC4)CCC3C2)CC1
C1CCC2C(C1)CCC1CCCCC12
C1CCC(CCC2CCC3C(CCC3C3CCCCC3)C2)CC1
C1CCC(C2CCC(CCCCCC3CCCC4CCCCC34)C2)CC1
C(CCCCC1CCC(C2CCCCC2)C1)CCCC1CCCCC1
C1CCC2CCC3C4CCCCC4CC(CC4CCCC(C5CCCC5)C4)C3C2CC1
C1CCC2CCC3C4CCC(CCCC5CC6CCCCC6C5)C4CCC3C2CC1
C1CCC2C(C1)CCC1C2CCCC2C3CCCC3CC21
C1CCC(CC2CC3CCCCC3C3CCC4CCCCC4C23)CC1
C1CCC(CC2CC3CCCCC3C3CCC4CCCCC4C3C2)CC1
C1CCC(CC2CC3CCCCC3C3CCC4CCCCC4C23)CC1
C(CCC1CCCC2CCCC12)CC1CC2CCCCC2C1
C1CCC(C2CC3CCCC3C3CCCC4CCCCC4C23)CC1
C1CCC(CCCCCC2CCCC3C(C4CCCCC4)CCC23)CC1
C(CCC1CCCC2CCCC12)CC1CC2CCCCC2C1
C1CCC2CC(CCCC3CCC4C3CCC3C5CCCCC5CCC43)CC2C1
C1CCC(CCC2CCC3C(CCC3C3CCCCC3)C2)CC1
C1CCC(CCCCC2CC3CCCCC3C2)CC1
C1CCC(CC2CCC(CC(CC3CCCCC3)C3CCCCC3)CC2)CC1
C1CCC2CCC(C3CCCC4CCCC43)CC2CC1
C1CCC2C(C1)CCCC1C2CCC2C3CCCC3CC21
C1CCC(CC2CC3CCCCC3C3CCCCC23)CC1
C1CCC(CC2CC3CCCC3C3CCC4CCCCC4C23)CC1
C1CCC(C2CC3CCCC3C3CCC4CCCCC4CC23)CC1
C1CCC(C2CCC3CC(CC4CCC(CCC5CCCC5)CC4)CCC32)CC1
C1CCC(CCCCC2CCC3CCC(C4CCCC5CCCC54)CC3C2)CC1
C1CCC(CCC2CCC(CCC3CCCC(CC4CCCCC4)C3)CC2)CC1
C1CCC(CCCCCC2CCCC3C(C4CCCCC4)CCC23)CC1
C(CCC1CCC(C2CCCC2)C1)CCC1CCCC2CCCCC12
C1CCC2CCC3C4CCC(CCCC5CC6CCCCC6C5)C4CCC3C2CC1
C(CCC1CC2CCCCC2C1)CCC1CCCC2CCCC12
C1CCC(CCC2CCC3C(CC4CCCCC4)CCC3C2)CC1
C1CCC(CCCCCC2CC3CCCCC3C2)CC1
C1CCC(CCCCC2CC3CCCCC3C2)CC1
C1CCC2C(C1)CCC1CCCCC12
C1CCC(CCC(CCC2CCC3CCCC3C2)CC2CCCCC2)CC1
C1CCC(CCCCCC2CCC3CCCCC23)CC1
C1CCC(C2CCC3CCCC3C3CCC4CCCCC4C23)CC1
C1CCC2CCC3C(CCC4C5CCCC5CC43)C2CC1
C1CCC2CC(CC3CCCC4CCCC43)CCC2C1
C1CCC(CCCCCC2CCCC3C(C4CCCCC4)CCC23)CC1
C1CCC2CC(CCCC3CCC4C3CCC3C5CCCCC5CCC43)CCC2C1
C1CCC2C(C1)CCCC1C3CCCC3CCC21
C1CCC(C2CCC3CC4C(CCC5C6CCCC(CCCC7CCC8CCCCC8C7)C6CCC45)CC32)CC1
C1CCC2CC(CCCC3CCC4C3CCC3C5CCCCC5CCC43)CCC2C1
C1CCC(CCC2CCC3C(CCC3C3CCCCC3)C2)CC1
C1CCC(CCC2CCC3C(CCC3C3CCCCC3)C2)CC1
C1CCC(CCC(CCC2CCC3CCCC3C2)CC2CCCCC2)CC1
C1CCC(CCCCCC2CC3CCCCC3C2)CC1
C1CCC2CC(C3CCCC4CCCC43)CCC2C1
C(CCCC1CCCC2CCCCC12)CCC1CCC(C2CCCCC2)C1
C1CCC2CC(C3CCCC4CCCC43)CCC2C1
C(CCC1CCC2CCC(C3CCCC4CCCC43)CC2C1)CC1CCC2CCCC2C1
C1CCC2C(C1)CCC1C3CCCC3CCC21
C1CCC(CCCC2CCC3C(CCC3C3CCCCC3)C2)CC1
C1CCC2C(C1)CCC1C3CCCC3CCC21
C1CCC(C2CCC3CCCC3C3CCC4CCCCCC4C23)CC1
C1CCC(CCC2CCC3C(CCC4C5CCCC5CCCC34)C2)CC1
C1CCC(CCCC(CC2CC3CCCCC3C2)C2CC2)CC1
C1CCC(CC2CC3CCCCC3C3CCC4CCCCC4C23)CC1
C1CCC(C2CCC3CCCC3C3CCC4CCCCC4C23)CC1
C1CCC(CC2CC3CCCCC3C3CCC4CCCCCC4C23)CC1
C1CCC2C(C1)CCC1C3CCCC3CCC21
C1CCC(CCCC2CCC3C(CCC4C5CCCC5CCC34)C2)CC1
C1CCC(CCCCC2CC3CCCCC3C2)CC1
C1CCC2CC(C3CCCC3)CCC2C1
C1CCC2C(C1)CCC1C3CCCCC3CCC21
C1CCC(CCC2CCC3C(CCC3C3CCCCC3)C2)CC1
C1CCC(C2CC3CCCC3C3CCC4CCCCC4C23)CC1
C1CCC(CCC2CCC(CCC3CCCC(CC4CCCC4)CC3)CC2)CC1
C1CCC(CC2CC3CCCCC3C3CCC4CCCCC4C23)CC1
C1CCC(CCCCCC2CC3CCCCC3C2)CC1
C1CCC2CC(C3CCCC3)C3CCCCC3CC2C1
C1CCC(CCCCCC2CC3CCCCC3C2)CC1
C(CCCC1CCCCC1)CCC1CCCCC1
C1CCC(CCC2CCC3C(CCC3C3CCCCC3)C2)CC1
C1CCC2CC(C3CCCC4CCCC43)CCC2C1
C(CCC1CCCC2CCCC12)CC1CC2CCCCC2C1
C1CCC2CCC3C(CCC4C5CCCC5CC43)C2CC1
C1CCC(C2CC3CCCCC3C3CCC4CCCCC4C23)CC1
C1CCC2CCC3C4CCCC4CCC3C2CC1
C1CCC(C2CCC3CC4C(CCCC45CCCC5)CCC32)CC1
C1CCC(CCCCC2CC3CCCCC3C2)CC1
C1CCC(CCCC2CCC3CCC(CC4CCCC5CCCC54)CC3C2)CC1
C1CCC(CC2CC3CCCCC3C3CCC4CCCCC4C23)CC1
C1CCC2CCC(C3CCCC4CCCC43)CC2CC1
C1CCC(C2CCC3C(CCC3C3CCCCC3)C2)CC1
C1CCC(C2CCC3CC4(CCCCC4C4CCCCC4)CCCC32)CC1
C1CCC(CCCC2CCC3C(CCC4C5CCCCC5CCC34)C2)C1
C1CCC2C(C1)CCC1CCCCC12
C1CCC(CCC2CCCC3CCC4C(CCC4C4CCCCC4)CC23)CC1
C1CCC(C2CCC3CCC4C(CCCC45CC(C4CCCCC4)C(C4CCCCC4)C5)CC32)CC1
C1CCC(CCCC2CCC3CCC(CC4CCCC5CCCC54)CC3C2)CC1
C1CCC2C(C1)CCC1CCCCC12
C1CCC2C(C1)CCC1C3CCCC3CCC21
C1CCC2CCC(C3CCCC4CCCC43)CC2CC1
C1CCC2CCC(C3CCCC4CCCC43)CC2CC1
C1CCC(CCC2CCC3C(CCC4C5CCCC5CC(CCC5CCCCC5)C34)C2)CC1
C(CCC1CCCC2CCCCC12)CC1CCC2CCCCC2C1
C1CCC(CCC2CCC3C(CCC3C3CCCCC3)C2)CC1
C1CCC(CC2CC3CCCCC3C2CC2CCCCC2)CC1
C1CCC(CCC2CCC3C(CC4CCCCC4)CCC3C2)CC1
C1CCC(C2CCC3CC4C(CCCC45CCCC5)CC32)CC1
C1CCC2CC(C3CCCC4CCCC43)CCC2C1
C1CCC2CCC3C4CCC(CCCC5CC6CCCCC6C5)C4CCC3C2CC1
C1CCC(CCC2CCCC3CC4C(CCC23)CCC4C2CCCCC2)CC1
C1CCC(CCC2(CCCC3CC4CCCCC4C3)CCC3C4CCC5CCCCC5C4CCCC32)C1
C1CCC(C2CC3CCCC3C3CCC4CCCCC4C23)CC1
C1CCC(C2CCC3CC4C(CCC5C6CCC(CCCCC7CC8CCCCC8C7)C6CCC45)CC32)CC1
C1CCC(C2CCC3CCC(C4CCCC4)CC32)CC1
C1CCC(C2CCC3CC4CCCCC4CC32)CC1
C1CCC(CCC2CCC3C(CCC4C5CCCC5CC(CCC5CCCCC5)C34)C2)CC1
C1CCC2CC(C3CCCC4CCCC43)CCC2C1
C1CCC(CCCCC2CCCC3CCCCC23)CC1
C1CCCC(CCCC2CCC3CCC(C4CCCC5CCCC54)CC3C2)CC1
C1CCC2C(C1)CCC1C3CCCC3CCC21
C1CCC(CCCCC2CC3CCCCC3C2)CC1
C1CCC2CC(CCCC3CCC4C5CCC6CCCCC6C(CCC34)C5)CC2C1
C1CCC(CCCCC2CCC3CCCC3C2)CC1
C(CCC1CCCC2CCCC12)CC1CC2CCCCC2C1
C(CCCC1CCCCC1)CCCC1CCC(C2CCCCC2)C1
C1CCC2CC(CC3CCCC4CCCC43)CCC2C1
C1CCC(CCCCC2CCC3CCC(CC4CCCC5CCCC54)CC3C2)CC1
C1CCC2C(C1)CCC1C3CCCC3CCC21
C1CCC(CCCCC2CCC3CCC(C4CCCC5CCCC54)CC3C2)CC1
C1CCC(C2CCC3CC4C(CCCCC45CC(C4CCCCC4)C(C4CCCCC4)C5)CC32)CC1
C1CCC2CCC3C(CCC4C5CCCC5CC43)C2CC1
C1CCC(CCC2(CCCC3CCC4CCCCC4C3)CCCC3C4CCC5CCCCC5C4CCC32)C1
C1CCC(CCCCC2CCCC3C2CCC2C4CCCCC4CCC32)CC1
C1CCC(C2CCC3C(CCC4CCCCC43)C2)CC1
C1CCC(CCCCCC2CC3CCCCC3C2)CC1
C1CCC(C2CCC(C3CC4CCCC4C4CCC5CCCCC5C34)CC2)C1
C1CCC(CCCCC2CC3CCCCC3C2)CC1
C1CCC(CCCC2CCC3CCC(C4CCCC5CCCC54)CC3C2)CC1
C1CCC2C(C1)CCC1C2CCC2C3CCCC3CC21
C1CCC(CCCC2CCCC(C3CCC4CC(CCCC5CCC6CCCCC6C5)CCC43)C2)CC1
C1CCC(CCC2CC3CCCCC3C3CCC4CCCCC4C23)CC1
C1CCC(CCC(CCCC2CCC3CCCC3C2)CC2CCCCC2)CC1
C(CCCC1CCCCC1)CCCC1CCC(C2CCCCC2)C1
C1CCC2CC(C3CCCC4CCCC43)C3CCCC3C2CC1
C1CCC(CCCC2CCC3CCC(C4CCCC5CCCC54)CC3C2)CC1
C1CCC(C2CC3CCCC3C3CCC4CCCCC4C23)CC1
C(CCCC1CCCC2C(C3CCCCC3)CCC12)CCC1CCCCC1
C1CCC(C2CCC3CC4C(CCCC45CCCCC5)CC32)CC1
C1CCC2C(C1)CCCC1C3CCCC3CCC21
C1CCC(CCC2CCC3C(CCC3C3CCCCC3)C2)CC1
C1CCC(CCCCC2CC3CCCCC3C2)CC1
C1CCC2CC(CCCC3CCC4C3CCC3C5CCCCC5CCC43)CCC2C1
C(CCCC1CCCC2CCCC12)CCC1CCCCC1
C1CCC(CCC2CCC3C(CCC3C3CCCCC3)C2)CC1
C1CCC(C2CCC3C(CCC34CCCC4)C3CCC4CCCCC4C23)CC1
C1CCC(CC2CC3CCCCC3C3CCC4CCCCC4C23)CC1
C1CCC(C2CCC3CCC(C4CCCC4)C3C2)C1
C(CCC1CCCC2CCCCC12)CC1CCCC2CCCCC12
C1CCC(C2CCC3C(CCCC4CCCCC43)C2)CC1
C1CCC(C2CCC3CCCC3C3CCC4CCCCC4C23)CC1
C1CCC(CCCCCC2CCCC3C(CC4CCCCC4)CCC23)CC1
C1CCC2CC(C3CCCC4CCCC43)CCC2C1
C(CCC1CCCC2CCCC12)CC1CC2CCCCC2C1
C1CCC(C2CCC3CCCC3C3CCC4CCCCC4C23)CC1
C1CC2CCC3C(CCC4CCC5CC5C43)C2C1
C1CCC(CCCC2CCC3C2CCC2C4CCCCC4CCC32)CC1
C1CCC(CCCCC2CC3CCCCC3C2)CC1
C1CCC(CC2CC3CCCCC3C3CCC4CCCCC4C23)CC1
C1CCC(C2CCC3CC4C(CCC5C6CCC(CCCC7CCCC8CCCCC87)C6CCC45)CC32)CC1
C1CCC(CC2CCC3CC4C(CCC45CCCCC5)CC23)CC1
C1CCC(CCCC(CCC2CCC3CCCC3C2)CC2CCCCC2)CC1
C1CCC2C(C1)CCC1C3CCCCC3CCC21
C1CCC(CCC2CCC(C3CC3)CC2)CC1
C(CCC1CCC2C1CCC1C3CCCCC3CCC21)CC1CC2CCCCC2C1
C1CCC(CCCCCC2CCCC3C(C4CCCCC4)CCC23)CC1
C1CCC(CCCCCC2CC3CCCCC3C2)CC1
C1CCC(CCC2CCC3C(CCC4C5CCCC5CCC34)C2)CC1
C1CCC(CC2CCCCC2CC2CC3CCCCC3CC3CCC4CCCCC4C32)CC1
C1CCC(CCCCC2CCC3CCCCC3C2)CC1
C(CCCC1CCC2C(CCC2C2CCCCC2)C1)CCC1CCCCC1
C1CCC(CCC2CCCCC2)CC1
C1CCC(C2CCC3CC4C(CCC5C6CCC(CCCCC7CCC8CCCCC8C7)C6CCC45)CC32)CC1
C1CCC2C(C1)CCCC1C3CCCC3CCC21
C(CCCC1CCCC2C(C3CCCCC3)CCC12)CCC1CC1
C1CCC(CCCCCC2CCC3CCCCC23)CC1
C1CCC(C2CCC3CC4C(CCCCC45CCCC5)CC32)CC1
C(CCC1CC2CCCCC2C1)CCC1CCCC2CCCC12
C1CCC(C2CCC3CC4C(CCC45CCCCCC5)CC32)CC1
C1CCC(CC2CCC3C(CCC3C3CCCCC3)C2)CC1
C1CCC(CC2CCC3C(CCC3C3CCCCC3)C2)CC1
C1CCC(CCC2(CCCCC3CC4CCCCC4C3)CCC3C4CCC5CCCCC5C4CCC32)C1
C1CCC(CCCCC2CCC3CCCCC23)CC1
C1CCC(C2CC3CCCC3C3CCC4CCCCC4C3C2)CC1
C1CCC(CC2CC3CCCCC3C3CCC4CCCCC4C23)CC1
C1CCC(CC2CC3CCCCC3C3CCC4CCCCCC4C23)CC1
C(CCC1CCCC2CCCCC12)CC1CCCC2CCCCC12
C1CCC(CC2CC3CCCCC3C3CCC4CCCCC4C23)CC1
C1CCC2CCC3C4CCC(CCCC5CCCC5)C4CCC3C2CC1
C1CCC2CCC(C3CCCC4CCCC43)CC2CC1
C1CCC(CCCCCC2CCC3CCCCC3C2)CC1
C1CCC(C2CCC3CC4(CCCCCC4C4CCCCC4)CCC32)CC1
C1CCC(CCCC2CCCC3CCC(C4CCCC5CCCC54)CC3C2)CC1
C1CCC(CC2CC3CCCCC3C3CCC4CCCCC4C23)CC1
C1CCC2C(C1)CCC1C3CCCCC3CCC21
C1CCC(CCCCC2CC3CCCCC3C2)CC1
C1CCC2CC(C3CCCC4CCCC43)CCC2C1
C(CC1CCC(C2CCCC2)CC1)CC1CCC2CCCC2C1
C(CCCC1CCCC2CCCC12)CCC1CCCCC1
C(CCCC1CCCC2C(C3CCCCC3)CCC12)CCC1CCCCC1
C(CCCC1CCCC2CCCCC12)CCC1CCC(C2CCCC2)C1
C1CCC(CCCCC2CC3CCCCC3C2)CC1
C1CCC(CCCCC2CC3CCCCC3C2)CC1
C1CCC(CCC2CC3CCCC3C3CCC4CCCCCC4C23)CC1
C1CCC2C(C1)CCC1CCCCC12
C1CCC(CCCCCC2CC3CCCCC3C2)CC1
C1CCC(CCC2CCC(C3CCC4C(CC5CCCCC5)CCC4C3)CC2)CC1
C(CCCC1CCCC2CCCCC12)CCC1CCCC1
C1CCC(CCCCCC2CCC3CCCCC3C2)CC1
C1CCC2C(C1)CCCC1C3CCCC3CCC21
C(CCCC1CCCC2C(C3CCCCC3)CCC12)CCC1CCCCC1
C1CCC(CCCC2CCC3CCC(C4CCCC5CCCC54)CC3CC2)CC1
C1CCC2CCC3C(CCC4C3CCC4(CCCC3CC4CCCCC4C3)CCC3CCCC3)C2CC1
C1CCC(CCC2CC3CCCC3C3CCC4CCCCC4C23)CC1
C1CCC2CCC(C3CCCC4CCCC43)CC2CC1
C1CCC(CCCCCC2CCC3CCCCC23)CC1
C1CCC(CCCCC2CC3CCCCC3C2)CC1
C1CC2CCCC3C(CCC4CCC5CC5C43)C2C1
C1CCC(CCC2CCC(CCC3CCCC(CC4CCCC4)C3)CC2)CC1
C1CCC(CC2CCC3CCCCC3C3CCC4CCCCC4C23)CC1
C1CCC(CCC(CCC2CCC3CCCC3C2)CC2CCCCC2)CC1
C1CCC(CCC2CCCCC3CC4C(CCC4C4CCCCC4)CC23)CC1
C1CCC(CCCC2CC3CCCCC3C2C2CCCCC2)CC1
C1CCC(C2CC3CCCC3C3CCC4CCCCC4C23)CC1
C1CCC(CCC(CCC2CCC3CCCC3C2)CC2CCCCC2)CC1
C1CCC(CCCCC2CC3CCCCC3C2)CC1
C1CCC(CCC2CCC3C(CCC4C5CCCCC5CCC34)C2)CC1
C1CCC(C2CC3CCCCC3C3CCC4CCCCC4C23)CC1
C1CCC(CC2CCC3C(CCC3C3CCCCC3)C2)CC1
C(CCCCC1CCC2C(CCC3C4CCCC4CCC23)C1)CCCC1CCCC(CC(CC2CCC(CC3CCCCC3)CC2)C2CCCCC2)C1
C1CCC(CCC2CCC3C(CCC3C3CCCC(CCC4CCCC4)C3)C2)CC1
C1CCC(CCCCC2CCC3CCC(C4CCCC5CCCC54)CC3C2)CC1
C1CCC(CC2CCC(CC(CC3CCCCC3)C3CCCCC3)CC2)CC1
C1CCC(CC2CCC3CC4C(CCC45CCC(C4CCCCC4)C5)CC23)CC1
C1CCC2C(C1)CCC1C3CCCC3CCC21
C(CCCC1(C2CCCC2)CCCC2CCCCC21)CCC1CCC(C2CCCCC2)C1
C(CCC1CCC(C2CCCC2)C1)CCC1CCCC2CCCCC12
C1CCC(CCC2(CCCC3CC4CCCCC4C3)CCC3C4CCCC5CCCCC5C4CCC32)C1
C1CCC(CCC2CCC3C(CCC3C3CCCCC3)C2)CC1
C(CCCCCCC1CCC(CCC2CCC(CCC3CCCC3)C2)C1)CCCCCCC1CCC2C1CCC1C3CCCCC3CCC21
C1CCC(CCCCC2CC3CCCCC3C2)CC1
C1CCC(CC2CC3CCCCC3CC3CCC4CCCCC4C32)C1
C1CCC(CCC(CCCC2CCC3CCCC3C2)CC2CCCCC2)CC1
C1CCC(CC2CCC(CC(CC3CCCCC3)C3CCCCC3)CC2)CC1
C1CCC(CCC2CCC3C2CCC2C4CCCCC4CCC32)C1
C1CCC(CCC2(CCCCC3CCC4CCCCC4C3)CCC3C4CCC5CCCCC5C4CCC32)C1
C1CCC(CCCCCC2CCC3CCCCC23)CC1
C1CCC(CCCCCC2CCCC3C2CCC3C2CCCC(CC3CCC3)C2)CC1
C1CCC(CCCCC2CC3CCCCC3C2)CC1
C1CCC2CCC3C4CCCC4CCC3C2CC1
C1CCC(CCCCC2CC3CCCCC3C2)CC1
C1CCC(CCCC2CCC3C2CCC2C4CC5CCC(C6CCCCC6)C5CC4CCCC32)CC1
C1CCC(C2CCC3CC4C(CCC32)CCC42CCCCC2)CC1
C1CCC(CCCCC2CCCC(C3CCC4CC(CCC5CCC6CCCCC6C5)CCC43)C2)CC1
C1CCC(C2CCC3CCC4(CCCCCC4)C3C2)CC1
C1CCC2CC(C3CCCC4CCCCC43)C3CCCC3C2CC1
C(CCCC1CCCC2C(C3CCCCC3)CCC12)CCC1CCCCC1
C1CCC(CC2CC3CCCCC3C3CCC4CCCCC4C23)CC1
C1CCC(C2CCC3CC4CCCCC4CC32)CC1
C1CCC2C(C1)CCC1C3CCCC3CCC21
C(CCCCC1CCC(C2CCCCC2)C1)CCCC1CCCCC1
C1CCC2CCC3C4CCCC4CCC3C2CC1
C1CCC(CCCCC2CCC3CCC(C4CCCC5CCCC54)CC3C2)CC1
C1CCC2CC(C3CCCC4CCCC43)CCC2C1
C1CCC(CCCCC2CC3CCCCC3C2)CC1
C1CCC2C(C1)CCC1CCCCC12
C1CCC2CC(C3CCCC4CCCC43)CCC2C1
C1CCC(CCC2CCC3C(CCC3C3CCCCC3)C2)CC1
C1CCC(CCCCC2CCC3CCCCC23)CC1
C1CCC2CC(CC3CCCC4CCCC43)CCC2C1
C1CCC2CCC(C3CCCC4CCCC43)CC2CC1
C1CCC2CCC3C4CCCCC4CC(CC4CCCC4)C3C2CC1
C1CCC(CCC2CCC3C(CCC3C3CCCCC3)C2)CC1
C1CCC(CCCC2CCCC3CCC(C4CCCC5CCCC54)CC23)CC1
C1CCC(C2CCC3CCCC3C3CCC4CCCCC4C23)CC1
C1CCC(CCCCCC2CCCC3C(CC4CCCCC4)CCC23)CC1
C1CCC(CCCC2CCCC(C3CCC4CC(CCCC5CCC6CCCCC6C5)CCC43)C2)CC1
C1CCC(CCCCC2CCC3CCCCC23)CC1
C1CCC(CCC2CCC(CC(CC3CCCCC3)C3CCCCC3)CC2)CC1
C1CCC(CCCCCC2CC3CCCCC3C2)CC1
C1CCC(CCC2CCCCC2)CC1
C1CCC(CCCC2CCC3C(CCC4C5CCCC5CC(CCC5CCCCC5)C34)C2)CC1
C1CCC(C2CC3CCCC3C3CCC4CCCCC4C23)CC1
C1CCC(CCCCCC2CCCC3C(CC4CCCCC4)CCC23)CC1
C1CCC2C(C1)CCCC1C3CCCC3CCC21
C1CCC(CCCCCC2CC3CCCCC3C2)CC1
C(CCC1CCC2CCCC2C1)CC1CCC(C2CCCC2)CC1
C1CCC2CC(C3CCCC4CCCC43)CCC2C1
C1CCC2CC(C3CCCC4CCCC43)CCC2C1
C1CCC2C(C1)CCC1C3CCCC3CCC21
C1CCC2C(C1)CC(C1CCCC1)C1CCCCC21
C1CCC(C2CCC3CCC4C(CCCC45CCCC5)CC32)CC1
C1CCC(C2CCC(CCCCCC3CCCC4CCCCC34)C2)CC1
C1CCC2C(C1)CCC1CC3CC4CCCC4C3CCC12
C1CCC(CC(CC2CCCCC2)C2CCCCC2)CC1
C1CCC(CCCCC2CCC3CCCCC23)CC1
C1CCC2CC(C3CCCC4CCCC43)CCC2C1
C1CCC(C2CCC3CC4C(CCC45CCCC5)CC32)CC1
C1CCC(C2CCC(C3CCC4CCCC4C4CCC5CCCCC5C34)CC2)C1
C1CCC(CCC2CCC3C(CCC3C3CCCC(CCC4CCCC4)C3)C2)CC1
C1CCC2CCC3C4CCCC4CCC3C2CC1
C1CCC(CCCC(CC2CC3CCCCC3C2)C2CC2)CC1
C(CCCCC1CCC(C2CCCCC2)C1)CCCC1CCCCC1
C1CCC(CCCCCC2CCCC3C(C4CCCCC4)CCC23)CC1
C1CCC2CCC(C3CCCC4CCCC43)CC2CC1
C1CCC(C2CCC3CCCCC3C3CCCCC23)CC1
C1CCC(CCCCCC2CCCC3CCCC23)CC1
C1CCC2CC3CCCCC3CCC2C1
C1CCC2CCC3C4CCCC4CCC3C2CC1
C1CCC(C2CCC3CC4C(CCC45CCCCCC5)CC32)CC1
C1CCC2CC(CC3CCCC4CCCC43)CCC2C1
C1CCC2CC(CCCC3CCCC4C3CCC3C5CCCCC5CCC43)CC2C1
C1CCC(CCC2CCC3C(CCC3C3CCCCC3)C2)CC1
C1CCC(CC2CC3CCCCC3C3CCC4CCCCC4C3C2)CC1
C1CCC(CCCCCC2CC3CCCCC3C2)CC1
C1CCC2CCC3C4CCCC4CCC3C2CC1
C1CCC(C2CCCC3C(CCC34CCCC4)C3CCC4CCCCC4C23)CC1
C1CCC(CCCC2(CCC3CCCC3)CCC3C4CCC5CCCCC5C4CCC32)CC1
C1CCC(CCCCCC2CC3CCCCC3C2)CC1
C(CCC1CCCC2CCCCC12)CC1CC2CCCCC2C1
C1CCC(CCCC2CCCC3CCC(C4CCCC5CCCC54)CC3C2)CC1
C1CCC(CCC2CCC(C3CCC3)CC2)CC1
C1CCC(CCCCC2CCC3CCC(C4CCCC5CCCC54)CC3C2)CC1
C1CCC2CC(CCCC3CCC4C3CCC3C5CCCCC5CCCC43)CC2C1
C1CCC(CC2CC3CCCCC3C3CCC4CCCCC4C23)CC1
C1CCC(CCCCC2CCC3CCCCC23)CC1
C1CCC(CC2CCC3C(CCC3C3CCCCC3)C2)CC1
C1CCC(CCCC2CCC3CCCC3C2)CC1
C1CCC(CCCCC2CCC3CCCCC23)CC1
C(CCCCCCC1CCC2C1CCC1C3CCCCC3CCC21)CCCCCC1CCC(CCC2CCC(CCCC3CCCC3)C2)C1
C1CCC(CC2CCC3(CCC4CC5C(CCC5C5CCCCC5)CC43)C2)CC1
C1CCC2CC(C3CCCC4CCCC43)CCC2C1
C1CCC(CCC2CCC3C(CCC3C3CCCCC3)C2)CC1
C1CCC(CC2CCCC(CC3CC4CCCCC4C4CCC5CCCCC5C34)C2)CC1
C1CCC(CCC2CCC(CCC3CCCCC3)CC2)CC1
C(CCC1CCCC2CCCCC12)CCC1CCCC2CCCCC12
C(CCCC1CCCCC1)CCCC1CCC(C2CCCCC2)C1
C1CCC(CCCCCC2CCCC3C(C4CCCCC4)CCC23)CC1
C1CCC(CCCC2(CCCC3CCCC3)CCC3C4CCC5CCCCC5C4CCC32)CC1
C(CCC1CCCC2CCCCC12)CC1CCC2CCCCC2C1
C1CCC(CCCCCC2CCCC3C2CCC3C2CCC(CC3CC3)CC2)CC1
C1CCC2CCC3C4CCC(CCCC5CC6CCCCC6C5)C4CCC3C2CC1
C1CCC(CCCC2CCC3CCCC3C2)CC1
C1CCC2CC(CCCC3CCC4C3CCC3C5CCCCC5CCC43)CC2C1
C1CCC(C2CCC3CC4C(CCCC45CCCCC5)CC32)CC1
C1CCC2C(C1)CC(C1CCCC1)C1CCCC21
C1CCC(CCC(CCC2CCC3CCCC3C2)CC2CCCCC2)CC1
C1CCC2C(C1)CCC1C3CCCC3CCC21
C1CCC(C2CCCC3C(CCC4CCCCC43)C2)CC1
C1CCC(CCC2CCCCC2)CC1
C1CCC(CC2CCCC(C3CCC4CC(CCC5CCC6CCCCC6C5)CCC43)C2)C1
C1CCC(C2CCC3CC4C(CCCC5CCC5)CCCC4CC32)CC1
C1CCC(CCC2CCC3C(CCC3C3CCCCC3)C2)CC1
C1CCC(CCCCCC2CC3CCCCC3C2)CC1
C1CCC2CC(C3CCCC4CCCC43)CCC2C1
C1CCC(C2CCC3CC4C(CCC5C6CCC(CCCC7CC8CCCCC8C7)C6CCC45)CC32)CC1
C1CCC(CCCC2CCC3C4CCC5CC6C(CCC6C6CCCCC6)CC5C(CCC23)C4)CC1
C1CCC2CCC(C3CCCC4CCCC43)CC2CC1
C1CCC(C2CCC3C(CCC34CCCCC4)C3CCC4CCCCC4C23)CC1
C(CCC1CCCC2CCCC12)CC1CC2CCCCC2C1
C1CCC(C2CC3CCCC3C3CCC4CCCCC4C23)CC1
C1CCC(CCCC2CCC3C(CCC4CCCCC43)C2)CC1
C(CCC1CCCC2CCCCC2C1)CCC1CCC(C2CCCCC2)C1
C1CCC(CCCCC2CCC3CCCCC23)CC1
C1CCC2CC(CCCC3CCCC4C3CCC3C5CCCCC5CCC43)CCC2C1
C1CCC(CC2CC3CCCCC3C3CCC4CCCCC4C23)CC1
C1CCC2CCC(C3CCCC4CCCC43)CC2CC1
C1CCC2CCC3C4CCCCC4CC(CC4CCCC4)C3C2CC1
C1CCC2C(C1)CCCC1C3CCCC3CCC21
C(CCCCC1CCC(C2CCCCC2)C1)CCCC1CCCCC1
C1CCC2CC(CCCC3CCCC4C3CCC3C5CCCCC5CCC43)CCC2C1
C1CCC(CCC2CCC3C(CCC3C3CCCCC3)C2)CC1
C1CCC(C2CC3CCCC3C3CCC4CCCCC4C23)CC1
C1CCC(C2CCC3CC4CCCCC4CCC32)CC1
C1CCC(CCCCCC2CC3CCCCC3C2)CC1
C(CCC1CCCC2CCCCC12)CC1CC2CCCCC2C1
C1CCC(CCC2CCC3C(CCC3C3CCCCC3)C2)CC1
C1CCC(C2CCC(CCCCCC3(C4CCCCC4)CCC3)C2)CC1
C1CCC2CC(C3CCCC3)CCC2C1
C1CCC2CCC3C4CCCC4CC(C4CCC(CCCCC5CCC6C(CCC7C8CCCC8CCC67)C5)CC4)C3C2CC1
C(CCCC1CCC2CCCC2C1)CCCC1CCC(C2CCCCC2)C1
C1CCC(CCC2CCC3C(CCC4C5CCCC5CCC34)C2)CC1
C1CCC(CC2CCCCC23CCC2C(CCC2C2CCCCC2)C3)CC1
C1CCC(CC2CCC3CCCCC3C3CCC4CCCCC4C23)CC1
C(CCCC1CCCC2C(C3CCCCC3)CCC12)CCC1CCCCC1
C1CCC2C(C1)CCC1C3CCCC3CCC21
C1CCC2C(C1)CCCC1C3CCCC3CCC21
C(CCC1CCCC1)CCC1CCCC2CCCCC12
C1CCC(C2CCC(CCCCCC3CCCC4CCCCC34)C2)CC1
C1CCC(C2CCC3C(CCCCCC4CC4)CCCC23)CC1
C1CCC(CCCCCC2CC3CCCCC3C2)CC1
C1CCC(CCCCCC2CC3CCCCC3C2)CC1
C1CCC2CC(CC3CCCC4CCCC43)CCC2C1
C1CCC(C2CC3CCCC3C3CCC4CCCCCC4C23)CC1
C1CCC(CCCCC2CC3CCCCC3C2)CC1
C1CCC(C2CCC(CCCCCC3(C4CCCCC4)CCC3)C2)CC1
C1CCC(CCC2CCC3C(CCC4CCC(C5CCCCC5)CCC43)C2)CC1
C1CCC2C(C1)CCC1C3CCCC3CCC21
C1CCC(C2CC3CCCC3C3CCC4CCCCC4C23)CC1
C1CCC2CC(CCCC3CCC4C3CCC3C5CCCCC5CCC43)CCC2C1
C1CCC(CCCCC2CCC3CCCCC23)CC1
C1CCC(C2CC3CCCCC3C3CCCCC23)CC1
C1CCC2CCC3C4CCCCC4CC(CC4CCCC(C5CCCC5)C4)C3C2CC1
C1CCC(C2CC3CCCC3C3CCC4CCCCCC4C23)CC1
C1CCC(CC(CC2CCCCC2)C2CCCCC2)CC1
C1CCC(C2CC3CCCC3C3CCC4CCCCC4CC23)CC1
C1CCC(CCC2CCC3C(CCC3C3CCCCC3)C2)CC1
C(CCC1CCCC2CCCCC12)CC1CCC2CCCCC2C1
C1CCC(CCC2CCC3C(CCC3C3CCCC(CC4CCCC4)C3)C2)CC1
C1CCC(C2CC3C(CCC34CCCC4)C3CCC4CCCCC4C23)CC1
C1CCC(CCCCC2CC3CCCCC3C2)CC1
C(CCCC1CCCCC1)CCCC1CCC(CC2CCCCC2)C1
C1CCC(C2CCC3CC4C(CCC32)CCC2C3CCC(CCCC5CCC6CCCCC6C5)C3CCC42)CC1
C1CCC(CCCCC2CCC3CCCCC23)CC1
C1CCC2CC(C3CCCC4CCCC43)CCC2C1
C1CCC(CC2CCC3CCCCC3C3CCC4CCCCC4C23)CC1
C1CCC2CC(CCCC3CCC4C3CCC3C5CCCCC5CCC43)CC2C1
C1CCC(CC2CCCC(C3CCC4CC(CCC5CCC6CCCCC6C5)CCC43)C2)C1
C1CCC(CCC(CCC2CCCCC2)CCC2CCC3CCCC3C2)CC1
C1CCC(C2CC3CCCC3C3CCC4CCCCC4C23)CC1
C1CCC(CCC2(CCCC3CC4CCCCC4C3)CCC3C4CCCC5CCCCC5C4CCC32)C1
C1CCC2CCC(C3CCCC4CCCC43)CC2CC1
C1CCC(CCC2CCC3C(CCC3C3CCCCC3)C2)CC1
C1CCC(CCC2CCC3C(CCC3C3CCCCC3)C2)CC1
C1CCC(CC2CC3CCCCC3C3CCC4CCCCC4C23)CC1
C(CCCCC1CCC2C(CCC3C4CCCC4CCC23)C1)CCCC1CCCC(CC(CC2CCC(CCC3CCCCC3)CC2)C2CCCCC2)C1
C1CCC2CC(C3CCCC4CCCC43)CCC2C1
C1CCC2CC(CCCC3CCC4C3CCC3C5CCCCC5CCCC43)CC2C1
C1CCC(CC2CC3CCCCC3C3CCC4CCCCC4C23)C1
C1CCC(CCCCC2CCC3CCCCC23)CC1
C1CCC(CC2CCC3C(CCC3C3CCCCC3)C2)CC1
C(CCCC1CCCC2C(C3CCCCC3)CCC12)CCC1CCCCC1
C1CCC2CC(C3CCCC4CCCC43)CCC2C1
C1CCC(C2CCC(CCCCCC3CCCC4CCCCC34)C2)CC1
C1CCC2CC(C3CCCC4CCCC43)CCC2C1
C1CCC(CCC2CCC(C3CC3)CC2)CC1
C1CCC(CCC2CCC3C(CCC3C3CCCCC3)C2)CC1
C1CCC(CCCCC2CCC3CCCCC23)CC1
C1CCC(CC23CCCCC2CCC2C(CCC4CCCC42)C3)CC1
C(CCC1CCCC2CCCCC12)CCC1CCCC2CCCC12
C(CCC1CCCC2CCCCC12)CC1CCCC2CCCCC12
C1CCC(CCCC2CCC3C(CCC3C3CCCCC3)C2)CC1
C1CCC2CCC(C3CCCC4CCCC43)CC2CC1
C1CCC(CC2CCC3CC4C(CCCC45CCCC5)CC23)CC1
C1CCC(C2CC3CCCC3C3CCC4CCCCC4CC23)CC1
C1CCC2CCC(C3CCCC4CCCC43)CC2CC1
C1CCC2CC(C3CCCC4CCCC43)CCC2C1
C1CCC(CC2CCC3CC4C(CCC45CCCC5)CC23)CC1
C1CCC(CC2CCCCCC23CCCC2C(CCC2C2CCCCC2)C3)CC1
C1CCC(CCCCC2CC3CCCCC3C2)CC1
C1CCC(C2CCC3CC4C(CCC5C6CCC(CCCC7CCCC8CCCCC87)C6CCC45)CC32)CC1
C1CCC(C2CCC3CC4C(CCC45CCCC5)CC32)CC1
C1CCC(CCCCCC2CCCC3C(CC4CCCC(CC5CCCC5)C4)CCC23)CC1
C1CCC(CC2CCCC(C3CCC4CC(CCC5CCC6CCCCC6C5)CCC43)C2)C1
C1CCC(C2CCC3CC4(CCCCC4C4CCCCC4)CCC32)CC1
C1CCC2CCC(C3CCCC4CCCC43)CC2CC1
C(CCC1CCC(C2CCCC2)C1)CCC1CCCC2CCCCC12
C(CCC1CCCC2CCCCC12)CC1CCCC2CCCCC12
C1CCC(CCCCC2CCC3CCCC3C2)CC1
C1CCC(CCCCC2CCC3CCCCC23)CC1
C1CCC(CCC2CCC3C(CCC3C3CCCCC3)C2)CC1
C(CCCC1CCCCC1)CCCC1CCC(C2CCCCC2)C1
C1CCC(C2CC3CCCCC3C3CCCCC23)CC1
C1CCC(CCCC2CCC3C(CCC3C3CCCCC3)C2)CC1
C1CCC(CCCCC2CC3CCCCC3C2)CC1
C1CCC(CCCCCC2CCC3CCCCC23)CC1
C1CCC(CCCCCC2CC3CCCCC3C2)CC1
C1CCC2C(C1)CCCC1C3CCCC3CCC21
C1CCC(CCCCCC2CCC3CCCCC23)CC1
C1CCC(C2CCC(CCCCCC3CCCCC4CCCCC34)C2)CC1
C1CCC(CCC2CCC3C(CCC3C3CCCCC3)C2)CC1
C1CCC(C2CCC3CCC4C(CCCC45CCCC5)CC32)CC1
C1CCC(C2CCC(CCCCCC3(C4CCCC4)CCCC4CCCCC43)C2)CC1
C(CCC1CCCCC2CCCCC12)CC1CCC2CCCCC2C1
C1CCC2C(C1)CCCC1CCCCC12
C1CCC(C2CCC3C(CCCCCC4CCC(C5CCCC5)C4)CCCC23)CC1
C1CCCC(C2CCC3CC4C(CCC5C6CCC(CCCC7CC8CCCCC8C7)C6CCC45)CC32)CC1
C1CCC2C(C1)CCC1CCCCC12
C1CCC2CC3CCC4C(CCCC5CC6CCCCC6C5)CCC4C3CCC2C1
C1CCC(CCCCC2CCC3CCCC3C2)CC1
C1CCC2CCCCC2C(CCCCC2CCCC3CCCCC23)C1
C(CCC1(CC2CCCC2)CCCC2CCCCC21)CC1CCC2CCCCC2C1
C1CCC(CC2CCC3CC4(CCCCC4C4CCCCC4)CCC23)CC1
C(CCCC1CCCCC1)CCCC1CCC(C2CCCCC2)C1
C1CCC(C2CCCC(CCC3CC4CCCCC4C4CCC5CCCCC5C34)C2)C1
C1CCC2CC(CCCC3CCC4C3CCC3C5CCCCC5CCC43)CCC2C1
C(CCC1CCCC2CCCC12)CC1CC2CCCCC2C1
C1CCC2CC(CCCC3CCC4C3CCC3C5CCCCC5CCCC43)CC2C1
C1CCC(C2CCC3CCC4C(CCC45CCCC5)CC32)CC1
C1CCC2C(C1)CCCC1C3CCCC3CCC21
C1CCC(CC2CCC(CC(CC3CCCCC3)C3CCCCC3)CC2)CC1
C1CCC(CC2CCCCC2CC2CC3CCCCC3C3CCC4CCCCC4C23)CC1
C1CCC2C(C1)CCC1C3CCCC3CCC21
C(CCC1CCC2CCCCC2C1)CCC1CCCC2CCCCC12
C1CCC2CC3CCC4C(CCCC5CC6CCCCC6C5)CCC4C3CCC2C1
C1CC2CC3CCC4C5CCCCC5CCC4C3CC2C1
C(CCCC1CCCC2C(C3CCCCC3)CCC12)CCC1CCCCC1
C1CCC(CCC2CCC3C(CCCC4C5CCCC5CCC34)C2)CC1
C1CCC(C2CCC3CCC4CCCCC4C3CC2)CC1
C1CCC(CCC2CCC(C3CC3)CC2)CC1
C(CCCC1CCCC2C(C3CCCCC3)CCC12)CCC1CCCCC1
C1CCC(CC2CC3CCCCC3C3CCC4CCCCC4C23)C1
C1CCC(CCCC2CC3CCCC3C3CCC4CC(CCC5CCCCC5)CCC4C23)CC1
C1CCC(CC2CC3CCCCC3C3CCC4CCCCC4C23)CC1
C1CCC(C2CCC3CC4C(CCC5C6CCC(CCCC7CCC8CCCCC8C7)C6CCCC45)CC32)CC1
C1CCC(CCCC(CC2CC3CCCCC3C2)C2CC2)CC1
C1CCC(C2CC(C3CCCCC3)CC3(CCCC4CC5C(CCC5C5CCCCC5)CC43)C2)CC1
C1CCC(CCCCC2CC3CCCCC3C2)CC1
C1CCC(C2CCCC3(CCC4CC5C(CCC5C5CCCCC5)CC43)C2)CC1
C1CCC(CCC2CCC3C(CCC3C3CCCC(CCC4CCCCC4)C3)C2)CC1
C1CCC(CCCCCC2CCCCC2)CC1
C1CCC2CCC(C3CCCC4CCCC43)CC2CC1
C1CCC2CC(CCCC3CCC4C3CCC3C5CCCCC5CCCC43)CC2C1
C1CCC(CCCCCC2CCCCC2)CC1
C1CCC(C2CCC(C3CC4CCCC4C4CCC5CCCCC5C4C3)CC2)C1
C1CCC(CCC2CCC3CC4CCCCC4CCC3C2)CC1
C1CCC2CCC(C3CCCC4CCCC43)CC2CC1
C1CCC(CCCCC2CC3CCCCC3C2)CC1
C1CCC(CCCCC2CC3CCCCC3C2)CC1
C1CCC(C2CC3CCCC3C3CCC4CCCCCC4C23)CC1
C1CCC(CC2CCC3C(CCC3C3CCCCC3)C2)CC1
C1CCC(C2CCCC3(CCC4CC5C(CCC5C5CCCCC5)CC43)C2)CC1
C1CCC(CCCCCC2CC3CCCCC3C2)CC1
C1CCC(C2CCC3CC4C(CCC45CCCCCC5)CC32)CC1
C1CCC2CC(C3CCCC4CCCC43)CCC2C1
C1CCC(C2CCC3CC4C5CCC6CCCC6C(CCC4CC32)C5)CC1
C1CCC(C2CCC3CC4C(CCCC5C6CCC(CCCC7CC8CCCCC8C7)C6CCC45)CC32)CC1
C1CCC(CC2CCC3C(CC4CCCCC4)CCC3C2)CC1
C1CCC(C2CCC(C3CC4CCCC4C4CCC5CCCCC5C34)CC2)C1
C1CCC2CC(C3CCCC4CCCC43)CCC2C1
C1CCC2C(C1)CCC1C3CCCC3CCCC21
C(CCCC1CCCC2CCCC12)CCC1CCC2CCCCC2C1
C1CCC(CCCCC2CCCC3CCCC23)CC1
C1CCC2C(C1)CCC1C3CCCC3CCCC21
C1CCC(CC2CC3CCCCC3C3CCC4CCCCC4C23)CC1
C1CCC(C2CC3CCCC3C3CCCC4CCCCC4C23)CC1
C1CCC(CCCCC2CC3CCCCC3C2)CC1
C1CCC(CCCCC2CCC3CCCCC23)CC1
C1CCC2C(C1)CCCC1C3CCCC3CCC21
C1CCC(CCCCCC2CC3CCCCC3C2)CC1
C1CCC2CCC3CCCCC3C2CC1
C(CCC1CCC2C(CCC3C4CCCC4CCCC23)C1)CC1CCC(C2CC3CCCC3C3CCC4CCCCC4C23)CC1
C1CCC2CCC(C3CCCC4CCCC43)CC2CC1
C1CCC2CC(C3CCCC4CCCC43)CCC2C1
C1CCC(CCCCCC2CCC3C2CCC2C4CCCCC4CCC32)CC1
C1CCC2CCC3C4CCC(CCCC5CC6CCCCC6C5)C4CCC3C2CC1
C1CCC2CC(C3CCCC4CCCC43)CCC2C1
C1CCC(C2CCC(CCCCCC3CCCC4CCCCC34)C2)CC1
C1CCC(CCCCCC2CCCC3C(C4CCCCC4)CCC23)CC1
C1CCC(CCCC2CCCC3CCCCC32)C2CCCCC2C1
C1CCC(C2CCC3CC4C(CCC5C6CCCC(CCCC7CC8CCCCC8C7)C6CCC45)CC32)CC1
C1CCC(C2CCC3CC4C(CCCC45CCCCC5)CC32)CC1
C1CCC(C2CCC3CC4C(CCCC45CCCC5)CCC32)CC1
C1CCC(C2CC3C(CCC4CCC4)CCC3C3CCC4CCCCC4C23)CC1
C1CCC2CC(C3CCCC4CCCC43)CCC2C1
C1CCC2CCC3C4CCC(CCCC5CC6CCCCC6C5)C4CCC3C2CC1
C1CCC2CCC3C4CCC(CCCC5CC6CCCCC6C5)C4CCC3C2CC1
C1CCC2CCC3C4CCCC4CCC3C2CC1
C1CCC(C2CCC3CCC4(CCCCC4C4CCCCC4)CCC32)CC1
C1CCC2CCC(C3CCCC4CCCC43)CC2CC1
C1CCC(CCCC2CCCCC2)CC1
C1CCC(CCCCCC2CC3CCCCC3C2)CC1
C1CCC(CCCC2CCC3CCC(C4CCCC5CCCC54)CC3C2)CC1
C1CCC(CCCCCC2CCCC3C(C4CCCCC4)CCC23)CC1
C1CCC(C2CC3CCCCC3C3CCCCC23)CC1
C1CCC(C2CCC3CCCC3C3CCC4CCCCC4C23)CC1
C1CCC(CC2CCC3C(CCC3C3CCCCC3)C2)CC1
C1CCC(C2CCC3CCC(C4CCCC4)CC32)CC1
C1CCC2CCC(C3CCCC4CCCC43)CC2CC1
C1CCC2C(C1)CCCC1C2CCC2C3CCCC3CC21
C1CCC(CC2CC3CCCCC3C3CCC4CCCCC4C23)CC1
C(CCCC1CCCCC1)CCCC1CCC(C2CCCCC2)C1
C1CCC2CC(C3CCCC4CCCC43)CCC2C1
C1CCC(CC2CC3CCCCC3C3CCC4CCCCC4C23)CC1
C1CCC(C2CC3CCCC3C3CCC4CCCCC4C3C2)CC1
C1CCC(CC2CCC3CC4C(CCCC45CCCC5)CC23)CC1
C1CCC(CCCCCC2CCCC3C(C4CCCCC4)CCC23)CC1
C1CCC2CCC(C3CCCC4CCCC43)CC2CC1
C1CCC(C2CCC3CC4C(CCC5C6CCC(CCCC7CCC8CCCCC8C7)C6CCC45)CC32)CC1
C1CCC(CCC2CCC3C(CCC3C3CCCCC3)C2)CC1
C1CCC(CCCCC2CC3CCCCC3C2)CC1
C1CCC(CCCCCC2CCCC3C(C4CCCCC4)CCC23)CC1
C1CCC(CCCCCC2CCCC3C(C4CCCCC4)CCC23)CC1
C1CCC(CCC2CCC(CCC3CCCCC(CC4CCCC4)C3)CC2)CC1
C1CCC(CCCC2CCC3C(CCC4CCCCC43)C2)CC1
C1CCC(CC2CCC3CCC4(CCCCC4)C3C2)CC1
C1CCC(CC2CC3CCCCC3C3CCC4CCCCCC4C23)CC1
C1CCC(CC2CCCCCC23CCCC2C(CCC2C2CCCCC2)C3)CC1
C1CCC(CCCC2CCCC(C3CCC4CC(CCC5CCC6CCCCC6C5)CCC43)C2)CC1
C1CCC(C2CCC3CCC4CCCCC4C3CC2)CC1
C1CCC(CCCCCC2CCC3CCCCC23)CC1
C(CCC1CCCC2CCCC12)CC1CC2CCCCC2C1
C(CCCC1CCCC2C(C3CCCCC3)CCC12)CCC1CCCCC1
C1CCC(C2CCC3C(CCCCCC4CCC(CC5CCCC5)C4)CCCC23)CC1
C1CCC(C2CCC(C3CC4CCCC4C4CCCC5CCCCC5C34)CC2)C1
C1CCC(CCCCC2CC3CCCCC3C2C2CCCCC2)CC1
C1CCC(C2CC3CCCC3C3CCC4CCCCCC4C23)CC1
C1CCC(C2CCC3CCCC3C3CCCC4CCCCC4C23)CC1
C1CCC2CC3CCC4C5CCCC5CC4C3CCC2C1
C1CCC(CCCCCC2CCC3CCCCC23)CC1
C1CCC2C(C1)CCC1CCCCC12
C1CCC(CCCCC2CCC3CCCCC23)CC1
C1CCC(C2CCC3CC4(CCCCC4C4CCCCC4)CCC32)CC1
C1CCC(CCC2CCC3C(CCC3C3CCCCC3)C2)CC1
C1CCC(CCCCCC2CCC3CCCC3C2)CC1
C1CCC2CCC(C3CCCC4CCCC43)CC2CC1
C1CCC(CCC(CCC2CCCCC2)CCC2CCC3CCCC3C2)CC1
C1CCC(CCCCCC2CCCC3C(CC4CCCCC4)CCC23)CC1
C1CCC(CCCCC2CCC3CCCCC23)CC1
C1CCC(C2CC3CCCC3C3CCC4CCCCC4C23)CC1
C1CCC(CCC2CCC3C(CCC4C5CCCCC5CCC34)C2)CC1
C1CCC(CCCCCC2CC3CCCCC3C2)CC1
C1CCC(C2CC3CCCCC3C3CCC4CCCCC4C23)CC1
C1CCC2CCC(C3CCCC4CCCC43)CC2CC1
C1CCC(CCC2CCC3C(CCC3C3CCCCC3)C2)CC1
C1CCC(CCCCCC2CC3CCCCC3C2)CC1
C1CCC(CCCCCC2CC3CCCCC3C2)CC1
C1CCC2CCC3C4CCCCC4CC(CC4CCCC(C5CCCC5)C4)C3C2CC1
C1CCC(C2CCC3CC4C(CCCC45CCCC5)CC32)CC1
C(CCCC1CCCC2C(C3CCCCC3)CCC12)CCC1CCCCC1
C1CCC(CC2CC3CCCCC3C3CCC4CCCCC4C23)C1
C1CCC(CCCC2CCCC3CCC(C4CCCC5CCCC54)CC3C2)CC1
C1CCC(C2CC3CCCC3C3CCC4CCCCC4C23)CC1
C1CCC(CCC2CCC(CC3CCC4C(CCC4C4CCCCC4)C3)CC2)CC1
C1CCC(CCCCCC2CCCC3C(C4CCCCC4)CCC23)CC1
C1CCC(C2CC3CCCCC3C3CCCCC23)CC1
C1CCC(CC2CCC(CC(CC3CCCCC3)C3CCCCC3)CC2)CC1
C1CCC(C2CCC3CC4C(CCC45CCCC5)CC32)CC1
C1CCC(CCCCCC2CC3CCCCC3C2)CC1
C1CCC(C2CC3CCCC3C3CCC4CCCCC4C23)CC1
C1CCC2CCC(C3CCCC4CCCC43)CC2CC1
C1CCC(C2CC3CCCC3C3CCC4CCCCC4C23)CC1
C1CCC2C(C1)CCCC2CCCC1CCC2C1CCC1C3CCCCC3CCCC21
C(CCCC1CCCCC1)CCCC1CCC(C2CCCCC2)C1
C1CCC2CCC(C3CCCC4CCCC43)CC2CC1
C1CCC2C(C1)CCC1C3CCCC3CCC21
C1CCC2CCC3C(CCC4C3CC3CCCC34CCCC3CCCC3)C2CC1
C(CCC1CCCCC2CCCCC12)CC1CCC2CCCCC2C1
C1CCC(CCC2CCC3C(CCC3C3CCCCC3)C2)CC1
C1CCC(C2CCC(CCCCCC3(C4CCCCC4)CCCC4CCCCC43)C2)CC1
C1CCC(CCCCCC2CCCC3C(C4CCCCC4)CCC23)CC1
C1CCC(CCCC2CCC3C2CCC2C4CCCCC4CCC32)C1
C(CCC1CCCC2CCCC12)CC1CC2CCCCC2C1
C1CCC(C2CCC3CC4C(CC5CC6CCCCC6C5)CCCCC4CC32)CC1
C1CCC(C2CCC3CCC4C(CC5CC6CCCCC6C5)CCCC4CC32)CC1
C1CCC(C2CCC3CC4C(CCC5C6CCC(CCCC7CCC8CCCCC8C7)C6CCCC45)CC32)CC1
C(CCC1CCC(C2CCCC2)C1)CCC1CCCC2CCCCC12
C1CCC2CCC3C4CCCC4CCC3C2CC1
C(CCCC1CCCC2C(C3CCCCC3)CCC12)CCC1CCCCC1
C1CCC(CCCCC2CCC3CCCCC23)CC1
C1CCC2C(C1)CCC1C3CCCC3CCC21
C1CCC(C2CCC3CCC4CCCCC4CC32)CC1
C1CCC2CCC3C4CCCCC4CCC3C2CC1
C1CCC(CCCCCC2CCCC3C(C4CCCCC4)CCC23)CC1
C1CCC(C2CCC3CC4C(CCCC45CCCC5)CC32)CC1
C1CCC(CCC2CCC3C(CCC4C5CCCC5CC(CCC5CCCCC5)C34)C2)CC1
C1CCC(C2CC3CCCC3C3CCC4CCCCCC4C23)CC1
C1CCC(CCC2CCC3C(CCC3C3CCCCC3)C2)CC1
C1CCC2CCC(C3CCCC4CCCC43)CC2CC1
C(CCC1CCCC2CCCCC12)CC1CCC2CCCCC2C1
C1CCC(C2CC3CCCC3C3CCC4CCCCC4C23)CC1
C1CCC(C2CCC(CCCCCC3CCCC4CCCCC34)C2)CC1
C1CCC(CC(CC2CCCCC2)C2CCCCC2)CC1
C1CCC(CCCCCC2CCC3CCCCC23)CC1
C(CCCC1CCCCC1)CCCC1CCC(C2CCCCC2)C1
C1CCC2CCC(C3CCCC4CCCC43)CC2CC1
C1CCC(C2CCC3(CCC4CC5C(CCC5C5CCCCC5)CC43)C2)CC1
C1CC(C2CCC(C3CC4CCCC4C4CCC5CCCCC5C34)CC2)C1
C1CCC2CC(C3CCCC4CCCC43)CCC2C1
C1CCC(C2CCC3CC4C(CCC45CCCCC5)CC32)CC1
C(CCCC1CCCC2C(C3CCCCC3)CCC12)CCC1CCCCC1
C1CCC(CCCCC2CC3CCCCC3C2)CC1
C1CCC2CC(CCCC3CCCC4C3CCC3C5CCCCC5CCC43)CC2C1
C1CCC(CCCCC2CC3CCCCC3C2C2CCCCC2)CC1
C1CCC(CCCCC2CC3CCCCC3C2)CC1
C1CCC(C2CCC3CC4C(CCCC5CC5)CCCC4CCC32)CC1
C1CCC(CCC2CCC3C(CCCC4CCCCC43)C2)CC1
C(CCCC1CCCCC1)CCC1CCCCC1
C1CCC(CC2CCC(CC(CC3CCCCC3)C3CCCCC3)CC2)CC1
C1CCC2CCC(C3CCCC4CCCC43)CC2CC1
C1CCC(CC2CCCCCCC23CCC2C(CCC2C2CCCCC2)C3)CC1
C1CCC(CCCCCC2CC3CCCCC3C2)CC1
C1CCC(C2CCC3CC4C(CCC32)CCC2C3CCC(CCCC5CCC6CCCCC6C5)C3CCC42)CC1
C1CCC(CCCCC2CC3CCCCC3C2)CC1
C1CCC(CCCCC2CC3CCCCC3C2)CC1
C1CCC(CCC2CCC3C(CCCC4CCCCC43)C2)CC1
C(CCCC1CCCC2CCCCC12)CCC1CCC(C2CCCCC2)C1
C1CCC2CCC(C3CCCC4CCCC43)CC2CC1
C1CCC(CCC2CCC(CCC3CCCC(CC4CCCC4)CC3)CC2)CC1
C1CCC2C(C1)CC(C1CCCC3CCCC31)C1CCCCC21
C(CCC1CCCC2CCCCC12)CC1CCC2CCCCC2C1
C1CCC(C2CCC3CC4C(CCC45CCCC5)CC32)CC1
C1CCC(CC2CCC3CC(C4CCCCC4)CCC23)CC1
C1CCC(CCCCC2CC3CCCCC3C2)CC1
C1CCC(C2CCC3C(CCCCCC4CC4)CCCC23)CC1
C1CCC(C2CCC3CC4CCCCC4CC32)CC1
C1CCC2CCC3C4CCCC4CCC3C2CC1
C1CCC(CC2CC3CCCCC3C3CCC4CCCCC4C23)CC1
C1CCC(C2CCC3CC4C5CCC6C(CCCC7CCC8CCCCC8C7)CCC6C(CCC4CC32)C5)CC1
C1CCC(CCC(CC2CC2)CC2CC3CCCCC3C2)CC1
C(CCCCC1CCC(C2CCCCC2)C1)CCCC1CCCCC1
C1CCC2C(C1)CC(C1CCCC3CCCC31)C1CCCC21
C1CCC(CCCCCC2CCC3CCCCC23)CC1
C1CCC2CC(CC3CCCC4CCCC43)CCC2C1
C1CCC2CC(C3CCCC4CCCC43)CCC2C1
C1CCC(C2CCC3CC4C(CCC32)CCC42CCCCC2)CC1
C1CCC(CCCCC2CC3CCCCC3C2)CC1
C1CCC(CCCC2CCC3CCC(C4CCCC5CCCC54)CC3C2)CC1
C1CCC(C2CCC3CC4C(CCC32)CCC2C3CCC(CCCC5CC6CCCCC6C5)C3CCC42)CC1
C1CCC(CCCC2CCC3C2CCC2C4CC5CCC(C6CCCCC6)C5CC4CCC32)CC1
C1CCC2CC3CCC(C4CCCCC4)C3CC2CC1
C1CCC(CCCCCC2CCCC3C(CC4CCCCC4)CCC23)CC1
C(CCCC1CCCC2C(C3CCCCC3)CCC12)CCC1CCCCC1
C1CCC(CCC2CCC(CCC3CCCC(CC4CCCC4)C3)CC2)CC1
C1CCC(CCCCCC2CCCC3C(C4CCCCC4)CCC23)CC1
C1CCC(C2CCC3CCC4CCCCC4CC32)CC1
C1CCC(CC2CCCCC2CC2CC3CCCCC3C3CCC4CCCCCC4C23)CC1
C1CCC2CCC3C4CCC(CCCC5CC6CCCCC6C5)C4CCC3C2CC1
C1CCC(CCCCC2CCC3CCCCC23)CC1
C(CCCC1CCCCC1)CCCC1CCC(C2CCCCC2)C1
C1CCC(CCCCCC2CC3CCCCC3C2)CC1
C1CCC(C2CC3CCCCC3C3CCC4CCCCC4C23)CC1
C1CCC2C(C1)CCCC1CCCCC12
C1CCC(CC2CC3CCCCC3C3CCC4CCCCCC4C23)CC1
C(CCCC1CCCC2C(C3CCCCC3)CCC12)CCC1CCCCC1
C1CCC2CC(C3CCCC4CCCC43)CCC2C1
C1CCC(CCCCC2CC3CCCCC3C2)CC1
C1CCC(C2CC3CCCC3C3CCC4CCCCC4C3C2)CC1
C1CCC(CCCC2CCCC(C3CCC4CC(CCC5CCC6CCCCC6C5)CCC43)C2)CC1
C(CCCCC1CCC(C2CCCCC2)C1)CCCC1CCCCC1
C1CCC(CCC(CCC2CCC3CCCC3C2)CC2CCCCC2)CC1
C1CCC(C2CCC3CCCCC3C3CCCCC23)CC1
C1CCC(C2CCC3C(CCC34CCCC4)C3CCC4CCCCCC4C23)CC1
C1CCC(CCC(CC2CCC3C(CCC3C3CCCCC3)C2)C2CCCCC2)CC1
C1CCC(C2CCC3CC4C(CCCC5C6CCC(CCCC7CC8CCCCC8C7)C6CCC45)CC32)CC1
C1CCC2C(C1)CCCC1C3CCCC3CCC21
C(CC1CCC2CCCC2C1)CC1CCCC2CCC(C3CCCC4CCCC43)CC2C1
C1CCC2CC(CCCC3CCC4C3CCC3C5CCCCC5CCC43)CC2C1
C1CCC(CCC2CCC3C(CCC4CC(C5CCCCC5)CCC43)C2)CC1
C1CCC2CC3CCC4CCCCC4C3CCC2C1
C1CCC(C2CC3CCCC3C3CCC4CCCCCC4C23)CC1
C1CCC(CC2CCC3CC4C(CCC5C6CCC(CCCC7CCC8CCCCC8C7)C6CCC45)CC23)CC1
C1CCC(CCC(CC2CCC3C(CCC3C3CCCCC3)C2)C2CCCCC2)CC1
C1CCC(CCCCC2CC3CCCCC3C2)CC1
C1CCC(CCCCC2CC3CCCCC3C2)CC1
C1CCC(CC2CC3CCCCC3C3CCC4CCCCC4C23)C1
C1CCC2CC(CCCC3CCC4C3CCC3C5CCCCC5CCCC43)CC2C1
C(CCC1CCCC2CCCCC12)CC1CCC2CCCCC2C1
C1CCC(CCCC(CCC2CCCCC2)CCC2CCC3CCCC3C2)CC1
C1CCC(C2CCC3C(CCCC4CCCCC43)C2)CC1
C1CCC2C(C1)CCC1CCCCC12
C1CCC(C2CC3CCCC3CC3CCC4CCCCC4C32)CC1
C1CCC2CC(C3CCCC4CCCC43)CCC2C1
C1CCC(CCC2CCC(CCC3CCCC(CC4CCCCC4)C3)CC2)CC1
C1CCC(C2CC3CCCC3C3CCC4CCCCC4C23)CC1
C1CCC(CCCCCC2CCC3CCCCC23)CC1
C1CCC(CC2CCC(C3CC4CCCCC4C4CCC5CCCCC5C34)CC2)CC1
C1CCC(C2CCC3CC4C(CCC45CCCCC5)CC32)CC1
C1CCC(C2CCC3(CCC4CCC5C(CCC5C5CCCCC5)CC43)C2)CC1
C1CCC(C2CC3C(CCC34CCCC4)C3CCC4CCCCC4C23)CC1
C1CCC(C2CCC3CC4C(CCCC45CCCCC5)CC32)CC1
C(CCC1CCC2CCCCC2C1)CCC1CCCC2CCCCC12
C1CCC2C(C1)CCC1C3CCCC3CCC21
C1CCC(C2CC3CCCC3C3CCC4CCCCC4C23)CC1
C1CCC(C2CC3CCCC3C3CCC4CCCCCC4C23)CC1
C1CCC(C2CCC3CC4C(CCC5C6CCC(CCCC7CCC8CCCCC8C7)C6CCC45)CC32)CC1
C1CCC2CCC3C4CCCC4CCC3C2CC1
C1CCC(CCCCC2CC3CCCCC3C2)CC1
C1CCC2CC(CC3CCCC4CCCC43)CCC2C1
C1CCC(CCC2CCC(C3CC3)CC2)CC1
C1CCC(CCC2CCC(C3CCC4C(CCC4C4CCCCC4)C3)CC2)CC1
C1CCC(CC2CCC3CC4C(CCC5C6CCC(CCCC7CCC8CCCCC8C7)C6CCC45)CC23)CC1
C(CCCC1CCCC2CCCCC12)CCC1CCC(C2CCCCC2)C1
C1CCC(C2CC3CCCC3C3CCC4CCCCCC4C23)CC1
C1CCC2CC(CCCC3CCC4C3CCC3C5CCCCC5CCC43)CCC2C1
C1CCC(C2CCC3CCC4C(CC5CCC6CCCCC65)CCCC4CC32)CC1
C1CCC(CCCCC2CCC3CCCCC23)CC1
C1CCC(CCCCCC2CCCC3C(CC4CCCCC4)CCC23)CC1
C1CCC2CCC(C3CCCC4CCCC43)CC2CC1
C(CCCC1CCC2CCCC2C1)CCC1CCCCC1
C1CCC(CC2CC3CCCCC3C3CCC4CCCCC4C23)C1
C1CCC(CCCCC2CC3CCCCC3C2)CC1
C1CCC2CC(C3CCCC4CCCC43)CCC2C1
C1CCC(CCCCC2CCC3CCCCC23)CC1
C1CCC(C2CCC3CC4C(CCC5C6CCC(CCCC7CCC8CCCCC8C7)C6CCCC45)CC32)CC1
C1CCC(CCCCC2CCC3CCC(C4CCCC5CCCC54)CC3C2)CC1
C1CCC2CC3CCC4CCCCC4C3CCC2C1
C1CCC(C2CCC3CC4C(CCC32)CCC42CCCC2)CC1
C1CCC(CCC2CCC(C3CC3)CC2)CC1
C1CCC(CCCCC2CCC3CCCCC3C2)C2CCCCC2CC1
C(CCCCC1CCC(C2CCCCC2)C1)CCCC1CCCCC1
C1CCC(C2CCC3CC4(CCCCC4C4CCCCC4)CCCC32)CC1
C1CCC(CC2CC3CCCCC3C3CCCCC23)CC1
C(CCC1CC2CCCCC2C1)CCC1CCCC2CCCC12
C1CCC2CCC(C3CCCC4CCCC43)CC2CC1
C1CCC(CCC2CCC3C(CCC4C5CCCC5CCC34)C2)CC1
C1CCC(C2CCC3C(CCCCCC4CCC(CC5CCCC5)C4)CCCC23)CC1
C(CC1CCC(C2CCCC2)CC1)CC1CCC2CCCC2C1
C1CCC(CC2CCC(CC(CC3CCCCC3)C3CCCCC3)CC2)CC1
C1CCC(CCC2CCCCC3CC4C(CCC4C4CCCCC4)CC23)CC1
C1CCC2C(C1)CCC1C3CCCC3CCC21
C1CCC(CC2CC3CCCCC3C3CCC4CCCCCC4C23)CC1
C1CCC2CCC(C3CCCC4CCCC43)CC2CC1
C(CCCC1CCCC2C(C3CCCCC3)CCC12)CCC1CCCCC1
C1CCC2CCC(C3CCCC4CCCC43)CC2CC1
C1CCC(CCC2CCC3C(CCC4CCCCC43)C2)CC1
C1CCC2CCC3C4CCC(CCCC5CC6CCCCC6C5)C4CCC3C2CC1
C1CCC(CCCCC2CC3CCCCC3C2)CC1
C1CCC2C(C1)CCC1C3CCCC3CCC21
C(CCC1CCCC2CCCC12)CC1CC2CCCCC2C1
C(CCCC1CCC2C(CCC2C2CCCCC2)C1)CCC1CCCCC1
C1CCC2CCC3C4CCCC4CCC3C2CC1
C1CCC2C(C1)CCC1C3CCCC3CCC21
C1CCC(CCCCC2CC3CCCCC3C2)CC1
C1CCC(CCCC2CCC3CCC(C4CCCC5CCCC54)CC3C2)CC1
C1CCC2CC(C3CCCC4CCCC43)CCC2C1
C1CCC(C2CCC3CC4(CCCCC4C4CCCCC4)CCC32)CC1
C1CCC(C2CCC3CC4C(CCC45CCCCC5)CC32)CC1
C1CCC(C2CC3CCCC3C3CCC4CCCCC4C23)CC1
C1CCC(CCCCC2CC3CCCCC3C2)CC1
C1CCC(CCCCCC2CC3CCCCC3C2)CC1
C1CCC(CCCCC2CCC3CCC(C4CCCC5CCCC54)CC3C2)CC1
C1CCC(C2CC3CCCCC3C3CCCCC23)CC1
C1CCC2CCC(C3CCCC4CCCC43)CC2CC1
C(CCCC1CCC2C(CCC2C2CCCCC2)C1)CCC1CCCCC1
C1CCC2C(C1)CCC1C3CCCC3CCC21
C1CCC2C(C1)CCC1CCCCC12
C1CCC2C(C1)CCC1C3CCCC3CCCC21
C1CCC(CC2CC3CCCCC3C3CCC4CCCCC4C23)CC1
C1CCC(CCCCCC2CC3CCCCC3C2)CC1
C1CCC(C2CCC3CC4C(CCC5C6CCC(CCCC7CCC8CCCCC8C7)C6CCCC45)CC32)CC1
C1CCC(C2CCC3CC4(CCCCCCC4C4CCCCC4)CCC32)CC1
C1CCC(CCC2CCCCC2)CC1
C1CCC(CCCCC2CCC3CCC(C4CCCC5CCCC54)CC3C2)CC1
C1CCC(CCCCC2CC3CCCCC3C2)CC1
C1CCC(C2CCC3CCCCC3C3CCC4CCCCC4C23)CC1
C1CCC(C2CCC(CCCC3CCC4C5CCC6CCCCC6C(CCC34)C5)C2)CC1
C(CCC1CCCC2CCCC12)CC1CC2CCCCC2C1
C1CCC(CCC2CCC(C3CCC4C(CCC4C4CCCCC4)C3)CC2)CC1
C1CCC(CCCCCC2CCC3CCCCC23)CC1
C1CCC(CCC2CCC(C3CCC4C(CCC4C4CCCCC4)C3)CC2)CC1
C1CCC(CC2CCC(CC(CC3CCCCC3)C3CCCCC3)CC2)CC1
C1CCC(CCCCC2CC3CCCCC3C2)CC1
C1CCC(C2CCC3C(CCCC4CCCCC43)C2)CC1
C1CCC(CCCCC2CC3CCCCC3C2)CC1
C1CCC(CC2CCC3C(CC4CCCCC4)CCC3C2)CC1
C1CCC(C2CC3CCCC3C3CCC4CCCCC4C23)CC1
C1CCC(C2CCC3CC4C(CCCCC45CCCC5)CC32)CC1
C1CCC2C(C1)CCCC1CCCCC12
C(CCCC1CCC2C(CCC2C2CCCCC2)C1)CCC1CCCCC1
C1CCC(CC2CC3CCCCC3C3CCC4CCCCC4C23)CC1
C1CCC2CC(CC3CCCC4CCCC43)CCC2C1
C1CCC(CCC2CCC3C(CCC4C5CCCCC5CC(CCC5CCCCC5)C34)C2)CC1
C1CCC(CCC2CCC(CCC3CCCC(CC4CCCC4)C3)CC2)CC1
C1CCC2CC(CCCC3CCC4C3CCC3C5CCCCC5CCCC43)CC2C1
C1CCC(CCCC2CCC3C(CCC4C5CCCC5CC(CCC5CCCCC5)C34)C2)CC1
C1CCC(CCC2CCC(C3CC3)CC2)CC1
C1CCC(C2CC3CCCCC3C3CCC4CCCCC4C23)CC1
C1CCC(CCC2CCC(C3CCC4C(CCC4C4CCCCC4)C3)CC2)CC1
C1CCC(CCC2CCC3C(CC4CCCCC4)CCC3C2)CC1
C1CCC(CCCCCC2CCC3CCCCC23)CC1
C1CCC2C(C1)CCCC2CCCC1CCC2C1CCC1C3CCCCC3CCC21
C1CCC(CCCCC2CC3CCCCC3C2)CC1
C(CCC1CCCC2CCCC12)CC1CC2CCCCC2C1
C1CCC(CCC2CCC(C3CCC4C(CCC4C4CCCCC4)C3)CC2)CC1
C1CCC(C2CCC3C(CCC4CCCCC43)C2)CC1
C1CCC2C(C1)CCCC1CCCCC12
C1CCC2CC(C3CCCC4CCCC43)CCC2C1
C1CCC(CCCCCC2CCC3CCCCC3C2)CC1
C1CCC(C2CC3CCCC3C3CCC4CCCCCC4C23)CC1
C1CCC(C2CCC(CCCC3CCC4C3CCC3C5CCCCCC5CCC43)C2)CC1
C1CCC(CC2CC3CCCCC3C3CCC4CCCCCC4C23)CC1
C1CCC2C(C1)CCC1C3CCCC3CCCC21
C1CCC(CCCCCC2CC3CCCCC3C2)CC1
C1CCC(CCC2CCC3C(CCC4C5CCCC5CC(CCC5CCCCC5)C34)C2)CC1
C1CCC2CC(C3CCCC4CCCC43)CCC2C1
C1CCC(CCCCC2CC3CCCCC3C2)CC1
C1CCC2CC(C3CCCC4CCCC43)CCC2C1
C1CCC(CCC2CCC3C(CCC3C3CCCC3)C2)CC1
C1CCC(CCC2CCCC(CC3CC4CCCCC4C4CCC5CCCCC5C34)C2)CC1
C1CCC2C(C1)CC(C1CCCC3CCCC31)C1CCCC21
C1CCC(CC2CCC3C(CCC3C3CCCCC3)C2)CC1
C1CCC(CCCCC2CC3CCCCC3C2)CC1
C1CCC(C2CCC3C(CCC4CCCCC43)C2)C1
C1CCC(CC2CCCCCCC23CCC2C(CCC2C2CCCCC2)C3)CC1
C1CCC(C2CCC3CC4C(CC5CCC6CCCCC65)CCCCC4CC32)CC1
C1CCC2CCC(C3CCCC4CCCC43)CC2CC1
C1CCC(C2CC3CCCC3C3CCC4CCCCC4CC23)CC1
C1CCC(CCCCCC2CCCC3C(CC4CCCCC4)CCC23)CC1
C1CCC(CC2CC3CCCC3C3CCC4CCCCC4C23)CC1
C1CCC(CCCCCC2CC3CCCCC3C2)CC1
C1CCC(C2CC3CCCC3C3CCC4CCCCCC4C23)CC1
C1CCC2CCC3C4CCCCC4CC(CC4CCCC4)C3C2CC1
C1CCC2CC(CCCC3CCC4CC5CCC6CCCCC6C5CCC34)CC2C1
C1CCC(CC2CC3CCCCC3CC3CCC4CCCCC4C32)CC1
C1CCC(C2CC3CCCC3C3CCC4CCCCC4C23)CC1
C(CCC1CCCC2CCCC12)CC1CC2CCCCC2C1
C1CCC(CC2CCC(CC(CC3CCCCC3)C3CCCCC3)CC2)CC1
C1CCC2C(C1)CCC1C3CCCC3CCCC21
C1CCC(C2CCC(CCCCCC3CCCCC4CCCCC34)C2)CC1
C1CCC(C2CCC3CC4C(CCCC45CCCCC5)CC32)CC1
C1CCC(CC(CC2CCCCC2)C2CCCCC2)CC1
C(CCCC1CCCCC1)CCC1CCCCC1
C1CCC(C2CCC3CC4C(CCCC5C6CCC(CCCC7CCC8CCCCC8C7)C6CCC45)CC32)CC1
C1CCC2C(C1)CCC1CCCCC12
C1CCC(CCCCC2CC3CCCCC3C2)CC1
C1CCC2CCC3C4CCCCC4CC(CC4CCCC4)C3C2CC1
C1CCC2CCC(C3CCCC4CCCC43)CC2CC1
C1CCC(CCCCCC2CCC3C2CCC2C4CCCCC4CCC32)CC1
C1CCC(CCCCC2CC3CCCCC3C2)CC1
C1CCC(CCCCC2CCC3CCC(C4CCCC5CCCC54)CC3C2)CC1
C1CCC2C(C1)CC(C1CCCC3CCCC31)C1CCCCC21
C1CCC2CC3CCCCC3CCC2C1
C(CCCC1CCCC2CCCC12)CCC1CCCCC1
C1CCC2C(C1)CCCC1C3CCCC3CCC21
C1CCC2C(C1)CCC1C3CCCC3CCC21
C1CCC2CCC3C4CCC(CCCC5CCC6CCCCC6C5)C4CCC3C2CC1
C1CCC(CCCC2CCCC(CC3CCC4CC(CCC5CCC6CCCCC6C5)CCC43)C2)CC1
C1CCC(CC2CC3CCCCC3CC3CCC4CCCCC4C32)C1
C(CCC1CCCCC2CCCCC12)CC1CCC2CCCCC2C1
C(CCCC1(C2CCCCC2)CCC1)CCC1CCC(C2CCCCC2)C1
C1CCC2C(C1)CCC1C3CCCC3CCC21
C1CCC2CC(C3CCCC4CCCC43)CCC2C1
C1CCC(CCC2CCC3C(CCC3C3CCCCC3)C2)CC1
C1CCC(CCCCC2CC3CCCCC3C2)CC1
C1CCC(CCCC2CCC3CCC(C4CCCC5CCCC54)CC3C2)CC1
C1CCC(CCC(CCC2CCC3CCCC3C2)CC2CCCCC2)CC1
C1CCC(C2CC3CCCC3C3CCC4CCCCC4C23)CC1
C1CCC2CCC3C4CCCC4CC(C4CCC(C5CCCC5)CC4)C3C2CC1
C1CCC(CCCCC2CC3CCCCC3C2)CC1
C1CCC2CC(CC3CCCC4CCCC43)CCC2C1
C1CCC2C(C1)CCC1C3CCCCC3CCC21
C1CCC2CC(CCCC3CCC4C3CCC3C5CCCCC5CCC43)CC2C1
C1CCC(CCCCC2CC3CCCCC3C2)CC1
C1CCC(CCC2(CCCC3CCC4CCCCC4C3)CCCC3C4CCC5CCCCC5C4CCC32)C1
C1CCC2CC(C3CCCC4CCCC43)CCC2C1
C1CCC(CCCCC2C3CCCCCC3CCC2C2CCCC3CCCC32)CC1
C(CCC1CCCC2CCCC12)CC1CC2CCCCC2C1
C1CCC(CCCCCC2CC3CCCCC3C2)CC1
C1CCC(CCC(CCC2CCC3CCCCC3C2)CC2CCCCC2)CC1
C1CCC2CCC3C4CCCCC4CCC3C2CC1
C1CCC(CCCCC2CC3CCCCC3C2)CC1
C1CCC(CCCCCC2CCCC3C2CCC3C2CCCC(CC3CCCC3)C2)CC1
C(CCCC1(C2CCCC2)CCCC2CCCCC21)CCC1CCC(C2CCCCC2)C1
C1CCC2C(C1)CCC1CCCCC12
C1CCC(C2CCC3CC4C(CCC5C6CCC(CCCCC7CC8CCCCC8C7)C6CCC45)CC32)CC1
C1CCC(CC2CCC3C(CCC3C3CCCCC3)C2)CC1
C1CCC(CCCCC2CC3CCCCC3C2)CC1
C1CCC(CCC2CCC3C(CCC4C5CCCC5CC(CCC5CCCCC5)C34)C2)CC1
C1CCC(C2CCC3CC4C(CCC45CCCCCC5)CC32)CC1
C(CCCC1CCCC2C(C3CCCCC3)CCC12)CCC1CCCCC1
C1CCC(CCC2CCC3C2CCC(C2CCCCC2)C2C4CCCCCC4CCC32)CC1
C1CCC(CCC2CCC(C3CCC4C(CCC4C4CCCCC4)C3)CC2)CC1
C1CCC(CCCCC2CC3CCCCC3C2)CC1
C1CCC(CC2CC3CCCCC3C3CCC4CCCCCC4C23)CC1
C1CCC(CCCC2CCCC3CCC(C4CCCC5CCCC54)CC23)CC1
C1CCC2CCC3C4CCC(CCCC5CC6CCCCC6C5)C4CCC3C2CC1
C(CCC1CCCC1)CCC1CCCC2CCCCC12
C1CCC(CCC2CCC3C(CCC3C3CCCC(CC4CCCC4)C3)C2)CC1
C1CCC(CCC2CCC(CCCC3CCCC(CC4CCCC4)C3)CC2)CC1
C1CCC(CCCC2CCC3C2CCC2C4CC5CCC(C6CCCCC6)C5CC4CCC32)CC1
C1CCC(CCCCC2CC3CCCCC3C2)CC1
C(CCC1CC2CCCCC2C1)CCC1CCCC2CCCC12
C1CCC(CCCCCC2CCC3CCCCC23)CC1
C1CCC2C(C1)CCC1C3CCCCC3CCC21
C1CCC(CCC2CCC3C(CCC3C3CCCCC3)C2)CC1
C1CCC(CCC2CCCCC2)CC1
C1CCC(C2CCC3CCC4C(CCCC45CCCC5)CC32)CC1
C1CCC(CCCCC2CC3CCCCC3C2)CC1
C1CCC(C2CCC3CC4C(CCC45CCCC5)CC32)CC1
C(CCCC1CCC(CC2CCCCC2)C1)CCC1CCCCC1
C1CCC(CC2CC3CCCCC3C3CCC4CCCCC4C23)CC1
C1CCC2CC(C3CCCC4CCCC43)CCC2C1
C1CCC(CCCCCC2CC3CCCCC3C2)CC1
C(CCC1CCC2CCCCC2C1)CC1CCCC2CCCCC2C1
C1CCC(CCC2CCC3C(CCC3C3CCCCC3)C2)CC1
C1CCC(CCC2CCC3C(CCC3C3CCCCC3)C2)CC1
C1CCC(C2CC3CCCC3C3CCC4CCCCC4C23)CC1
C1CCC2C(C1)CCC1C3CCCC3CCC21
C1CCC(CCCC2CCC3C(CCC3C3CCCCC3)C2)CC1
C1CCC(CCCCCC2CCCC3C(CC4CCCCC4)CCC23)CC1
C1CCC(C2CCC3CCCC3C3CCC4CCCCC4C23)CC1
C1CCC2CC(C3CCCC4CCCC43)CCC2C1
C1CCC(C2CC3CCCC3C3CCC4CCCCCC4C23)CC1
C(CCC1CCCC1)CCC1CCCC2CCCCC12
C1CCC(C2CC3CCCC3C3CCC4CCCCC4C23)CC1
C1CCC2CCC3C4CCCCC4CCC3C2CC1
C(CC1CCC2CCCC2C1)CC1CCC2CCC(C3CCCC4CCCC43)CC2C1
C1CCC(CCCCCC2CC3CCCCC3C2)CC1
C1CCC(C2CC3CCCC3CC3CCC4CCCCC4C32)CC1
C1CCC(CC2CCC3CC4C(CCCC45CCCCC5)CC23)CC1
C1CCC(CCC2CCC(CCC3CCCCC3)CC2)CC1
C1CCC(CC2CCC(CC(CC3CCCCC3)C3CCCCC3)CC2)CC1
C1CCC(CCCC2CCC3C2CCC2C4CCCCC4CCC32)CC1
C1CCC(C2CCC3CCC4(CCCCC4C4CCCCC4)CCC32)CC1
C1CCC2CCC(C3CCCC4CCCC43)CC2CC1
C1CCC(CCC2CCC(CCC3CCCC(CCC4CCCC4)C3)CC2)CC1
C1CCC(CC2CC3CCCCC3CC3CCC4CCCCC4C32)CC1
C1CCC(CCCC2CCC3CCCC3C2)CC1
C1CCC(CC2CC3CCCCC3CC3CCC4CCCCC4C32)C1
C1CCC(CCC2CCC3C(CCC3C3CCCCC3)C2)CC1
C1CCC(C2CCC3C(CCC4CCCCC43)C2)CC1
C(CCCC1CCCCC1)CCC1CCCCC1
C1CCC2C(C1)CC(C1CCCC3CCCCC31)C1CCCC21
C1CCC(CCC2CCC3C(CCC4C5CCCC5CC(CCC5CCCCC5)C34)C2)CC1
C1CCC2C(C1)CC(C1CCCC1)C1CCCCC21
C1CCC(CC2CCC3CCCCC3C3CCC4CCCCC4C23)CC1
C1CCC(CCCCC2CCC3CCCC3C2)CC1
C1CCC(CCCCCC2CC3CCCCC3C2)CC1
C1CCC(CCCCCC2CCCC3C2CCC3C2CCCC(CC3CCCC3)C2)CC1
C1CCC(CCCCC2CCC3CCCCC23)CC1
C1CCC(CCCCC2CCC3CCCCC23)CC1
C1CCC(CCCCCC2CCCC3C(C4CCCCC4)CCC23)CC1
C1CCC2C(C1)CC(C1CCCC3CCCCC31)C1CCCC21
C1CCC(C2CCC3C(CCCC4CCCCC43)C2)CC1
C1CCC(CCCCC2CC3CCCCC3C2)CC1
C1CCC(C2CCC3CC4C(CCCC45CC(C4CCCCC4)C(C4CCCCC4)C5)CCC32)CC1
C1CCC(CCCC2CCC3C(CCC4CC(C5CCCCC5)CCC43)C2)CC1
C1CCC2CCC3C(CCC4C5CCCC5CC43)C2CC1
C1CCC(C2CCC3CC4C(CCC45CCCCC5)CC32)CC1
C1CCC(C2CCC3CC4C(CCCC45CCCC5)CC32)CC1
C1CCC(CCCCC2CCC3CCCCC23)CC1
C1CCC(CCC2CC3CCCC3C3CCC4CCCCCC4C23)CC1
C1CCC(CCCCC2CCC3CCCCC23)CC1
C1CCC2CC(C3CCCC4CCCC43)CCC2C1
C1CCC(C2CC3CCCC3C3CCC4CCCCC4C23)CC1
C1CCC2C(C1)CC(C1CCCC3CCCC31)C1CCCCC21
C1CCC2CC(C3CCCC4CCCC43)CCC2C1
C1CCC(CCC2CCC3C(CCC3C3CCCCC3)C2)CC1
C1CCC(C2CC3CCCC3CC3CCC4CCCCC4C32)CC1
C1CCC(CCC2CCC3C(CC4CCCCC4)CCC3C2)CC1
C1CCC(CCCC2(CCC3CCCC3)CCC3C4CCC5CCCCC5C4CCC32)CC1
C1CCC(C2CCC(CCCC3CCC4C(CCC5C6CCCCC6CCC45)C3)C2)CC1
C1CCC(CCCC2CCCC3CCC(C4CCCC5CCCC54)CC3C2)CC1
C1CCC(CCC2CCC3C(CCC4C5CCCC5CC(CCC5CCCCC5)C34)C2)CC1
C1CCC2CC(CCCC3CCCC4CCCCC43)CC2C1
C1CCC(CCC2CCC3C(CCC3C3CCCCC3)C2)CC1
C1CCC(CCCCCC2CC3CCCCC3C2)CC1
C1CCC(CCCC2CCCC(C3CCC4CC(CCC5CCC6CCCCC6C5)CCC43)C2)CC1
C1CCC(CCC2CCC3C(CCC3C3CCCCC3)C2)CC1
C1CCC(CCC2CCC3C(CCC3C3CCCCC3)C2)CC1
C1CCC(CCCCCC2CC3CCCCC3C2)CC1
C1CCC(C2CCC(CCCC3CCC4C3CCC3C5CCCCCC5CCC43)C2)CC1
C(CCCC1(C2CCCCC2)CCC1)CCC1CCC(C2CCCCC2)C1
C1CCC2CC(CCCC3CCC4C3CCC3C5CCCCC5CCC43)CC2C1
C(CCC1CCCC2CCCCC12)CC1CC2CCCCC2C1
C(CCCC1CCCC2C(C3CCCCC3)CCC12)CCC1CCCCC1
C1CCC2C(C1)CCC1C3CCCC3CCC21
C1CCC2C(C1)CCC1C2CCC2C3CCCC3CC21
C1CCC(C2CCC3CC(C4CCC(CCC5CCCC5)CC4)CCC32)CC1
C1CCC(CCCCC2CC3CCCCC3C2)CC1
C1CCC(CC2CC3CCCCC3C3CCC4CCCCCC4C23)CC1
C1CCC(CCCC2CCC3C(CCC4CC(C5CCCCC5)CCC43)C2)CC1
C1CCC(CCC2CCC(CC(CC3CCCCC3)C3CCCCC3)CC2)CC1
C1CCC(CC(CC2CCCCC2)C2CCCCC2)CC1
C1CCC2C(C1)CCC1C2CCC2C3CCCC3CC21
C1CCC2CCC(C3CCCC4CCCC43)CC2CC1
C1CCC(CCCCCC2CCCC3C(C4CCCCC4)CCC23)CC1
C(CCC1CC2CCCCC2C1)CCC1CCCC2CCCC12
C1CCC(CCCCCC2CCC3CCCCC23)CC1
C1CCC(CC2CCC3CCCCC3C3CCC4CCCCC4C23)CC1
C1CCC(C2CCC3CC4C(CCC32)CCC42CCCC2)CC1
C1CCC2CCC3C4CCCC4CCC3C2CC1
C1CCC(C2CCC3CC4C(CCC5C6CCC(CCCC7CCC8CCCCC8C7)C6CCCC45)CC32)CC1
C1CCC(CCCCC2CC3CCCCC3C2)CC1
C1CCC(CCCCC2CC3CCCCC3C2)CC1
C1CCC2CC(C3CCCC4CCCC43)CCC2C1
C1CCC2CC(C3CCCC4CCCC43)CCC2C1
C1CCC2CC(CCCC3CCC4C5CCC6CCCCC6C(CCC34)C5)CC2C1
C1CCC(CCCCCC2CCC3CCCCC23)CC1
C1CCC(CCCC2CCC3C(CCC3C3CCCCC3)C2)CC1
C1CCC2CC(CCCC3CCCC4CCCCC43)CC2C1
C1CCC(CCCC2CCC3CCC(C4CCCC5CCCC54)CC3C2)CC1
C1CCC(CCCCC2CCC3CCCCC23)CC1
C1CCC2C(C1)CCC1C3CCCC3CCC21
C1CCC(C2CCCC3C(CCC4CCCCC43)C2)C1
C1CCC(CCC2CCC3C(CCC3C3CCCCC3)C2)CC1
C1CCC(CCCCC2CC3CCCCC3C2)CC1
C1CCC(C2CC3CCCCC3C3CCCCC3C2)CC1
C1CCC2C(C1)CCC1CCCCC12
C1CCC(CCC2CCC3C(CCC3C3CCCCC3)C2)CC1
C(CCC1CCC2C1CCC1C3CCCCC3CCC21)CC1CC2CCCCC2C1
C1CCC(C2CCC3C(CCC4CCCCC43)C2)CC1
C1CCC(CCCC2CCC3CCC(C4CCCC5CCCC54)CC3CC2)CC1
C1CCC(C2CC3CCCC3C3CCC4CCCCCC4C23)CC1
C1CCC2CCC(C3CCCC4CCCC43)CC2CC1
C1CCC(CC2CC3CCCCC3C3CCC4CCCCCC4C23)CC1
C1CCC(CC2CCC3C(CCC3C3CCCCC3)C2)CC1
C1CCC(C2CCC3CC4C(CCCC45CCCC5)CC32)CC1
C1CCC(CC2CCC(CC(CC3CCCCC3)C3CCCCC3)CC2)CC1
C1CCC(CCCCC2CC3CCCCC3C2)CC1
C1CCC(C2CCC3CC4C(CCCCC45CCCC5)CC32)CC1
C(CCCC1CCCCC1)CCC1CCCCC1
C1CCC(CCC2CCC3C(CCC3C3CCCC(CCC4CCCCC4)C3)C2)CC1
C1CCC(CCCCC2CC3CCCCC3C2)CC1
C(CCCC1CCCC2CCCCC12)CCC1CCC(C2CCCC2)C1
C(CCCC1CCCCC1)CCCC1CCC(C2CCCCC2)C1
C1CCC2CCC3C4CCC(CCCC5CC6CCCCC6C5)C4CCC3C2CC1
C1CCC2CC(CCCC3CCCC4C3CCC3C5CCCCC5CCC43)CC2C1
C1CCC(C2CCC3CC4C(CCC45CCCC5)CC32)CC1
C1CCC2CC(CCCC3CCC4C3CCC3C5CCCCC5CCC43)CCC2C1
C1CCC2C(C1)CCC1C3CCCC3CCC21
C1CCC(C2CCC3CC4C(CCC45CCCCC5)CC32)CC1
C(CCC1CCCC2CCCCC12)CC1CCCC2CCCCC12
C1CCC(C2CCC3CC4C(CCCC5C6CCC(CCCC7CCC8CCCCC8C7)C6CCC45)CC32)CC1
C1CCC(C2CC3CCCC3C3CCC4CCCCC4C23)CC1
C1CCC(CCCCC2CC3CCCCC3C2)CC1
C1CCC2C(C1)CCC1C3CCCCC3CCC21
C1CCC2CCC3C4CCCC4CC(C4CCC(C5CCCC5)CC4)C3C2CC1
C1CCC2CCC(C3CCCC4CCCC43)CC2CC1
C1CCC(CCCCCC2CC3CCCCC3C2)CC1
C1CCC2C(C1)CCC1C3CCCCC3CCC21
C1CCC(CCC2CC3CCCCC3C2C2CCCCC2)CC1
C1CCC(C2CCC(CCCCCC3CCCC4C(C5CCCCC5)CCC34)C2)CC1
C(CC1CCC2CCCC2C1)CC1CCC2CCC(CC3CCCC4CCCC43)CC2C1
C1CCC2C(C1)CCC1C3CCCC3CCCC21
C1CCC(C2CCC(CCCCCC3CCCC4C(C5CCCCC5)CCC34)C2)CC1
C1CCC2C(C1)CCC1C3CCCC3CCC21
C1CCC(CC2CC3CCCCC3C3CCC4CCCCC4C23)CC1
C1CCC(CCCCCC2CCCC3C(CC4CCCCC4)CCC23)CC1
C1CCC(CC2CCCC(C3CCC4CC(CCC5CCC6CCCCC6C5)CCC43)C2)C1
C1CCC(CCC2CCC3C(CC4CCCCC4)CCC3C2)CC1
C1CCC2C(C1)CCC1C3CCCC3CCC21
C1CCC(CCCCC2CC3CCCCC3C2)CC1
C1CCC(C2CCC3C(CCC3C3CCCCC3)C2)CC1
C1CCC(C2CCC3CCC4C(CC5CCC6CCCCC65)CCCC4CC32)CC1
C1CCC(CCCCCC2CCCC3C(CC4CCCCC4)CCC23)CC1
C(CCCC1CCCCC1)CCCC1CCC(C2CCCCC2)C1
C1CCC2CCC(C3CCCC4CCCC43)CC2CC1
C1CCC(CCCCC2CCC3CCCCC23)CC1
C1CCC2CC3CCC4CCCC4C3CCC2C1
C1CCC(CCC2(CCCC3CC4CCCCC4C3)CCC3C4CCC5CCCCC5C4CCCC32)C1
C1CCC(CC2CCC(CC(CC3CCCCC3)C3CCCCC3)CC2)CC1
C1CCC2CCC3C4CCCCC4CC(CC4CCCC4)C3C2CC1
C1CCC(C2CCC3CCC4C(CCC45CCCCC5)CC32)CC1
C1CCC2CC(CCCC3CCC4C3CCC3C5CCCCC5CCC43)CC2C1
C1CCC(C2CCC3C(CCCCCC4CCC(CC5CCCC5)C4)CCCC23)CC1
C1CCC2CCC3C(CCC4C5CCCC5CC43)C2CC1
C1CCC(CCCCCC2CC3CCCCC3C2)CC1
C1CCC(CCC2CCC3C(CCC3C3CCCCC3)C2)CC1
C1CCC(C2CCC3CC4C(CCC5C6CCC(CCCC7CC8CCCCC8C7)C6CCCC45)CC32)CC1
C1CCC(CCC2CCC3C(CCC3C3CCCCC3)C2)CC1
C1CCC(CCC2CCC(CC3CC3)CC2)CC1
C(CCC1CCC2CCCCC2C1)CCC1CCCC2CCCCC12
C(CCCCCCC1CCC2CC3CCC4CCCCC4C3CCC12)CCCCCC1CCC(CCC2CCC(CCC3CCCC3)C2)C1
C1CCC(C2CCC3CC4C(CCCCC45CCCC5)CC32)CC1
C1CCC(CCC(CCC2CCC3CCCCC3C2)CC2CCCCC2)CC1
C1CCC(CCC2CCC3C(CCC4CCCCC43)C2)CC1
C1CCC2CCC(C3CCCC4CCCC43)CC2CC1
C1CCC2CC(C3CCCC4CCCC43)CCC2C1
C1CCC(CCCCC2CC3CCCCC3C2)CC1
C1CCC(CCC2CCC3C(CCC3C3CCCCC3)C2)CC1
C1CCC(C2CCC3C(CCCC4CCCCC43)C2)CC1
C1CCC(CCC2CC3CCCCC3C3CCC4CCCCC4C23)CC1
C1CCC(CCC2CCC3C(CCC3C3CCCCC3)C2)CC1
C1CCC(C2CC3CCCC3C3CCC4CCCCCC4C23)CC1
C(CCC1CCCC2CCCC12)CC1CC2CCCCC2C1
C1CCC(C2CC3CCCCC3C3CCC(CCC4CCCC4)CC23)CC1
C(CCC1CC2CCCCC2C1)CCC1CCCC2CCCC12
C1CCC2CCC(C3CCCC3)CC2CC1
C1CCC2CC3CCC(C4CCCCC4)C3CC2CC1
C1CCC(C2CCC3CC4C(CCC5C6CCC(CCCC7CCCC8CCCCC87)C6CCC45)CC32)CC1
C1CCC(CCCC2(CCC3CCCC3)CCCC3C4CCC5CCCCC5C4CCC32)C1
C1CCC(CCCCC2CCC3CCCCC23)CC1
C1CCC2CCC(C3CCCC4CCCC43)CC2CC1
C1CCC(C2CCC3C(CCC3C3CCCCC3)C2)CC1
C1CCC(C2CCC3C(CCCC4CCCCC43)C2)CC1
C1CCC(CCCCC2CCC3CCCCC23)CC1
C1CCC(C2CCC3CC4(CCCCC4C4CCCCC4)CCCC32)CC1
C1CCC(CCCC2CCC3C2CCC2C4CC5CCC(C6CCCCCC6)C5CC4CCC32)CC1
C(CCC1CCCC2CCCC12)CC1CCCC2CCCCC12
C1CCC(C2CCC3CC4C(CCC5C6CCC(CCCC7CC8CCCCC8C7)C6CCC45)CC32)CC1
C1CCC2CC3CCC4CCCC4C3CCC2C1
C1CCC(C2CCC3CC4C(CCCC5C6CCC(CCCC7CCC8CCCCC8C7)C6CCC45)CC32)CC1
C1CCC(C2CC3CCCC3C3CCC4CCCCC4C23)CC1
C1CCC(C2CCC3C(CCCCCC4CC4)CCCC23)CC1
C(CCC1CCCC2CCCCC12)CC1CCCC2CCCCC2C1
C1CCC(C2CCC3CC4(CCCCCC4C4CCCCC4)CCCC32)CC1
C1CCC(CCCCCC2CC3CCCCC3C2)CC1
C1CCC(CCCCC2CC3CCCCC3C2)CC1
C1CCC(CCCCC2CC3CCCCC3C2)CC1
C1CCC2C(C1)CCC1C3CCCC3CCC21
C1CCC2CCC(C3CCCC4CCCC43)CC2CC1
C1CCC(C2CCC(CCCCCC3CCCC4C(C5CCCCC5)CCC34)C2)CC1
C1CCC(C2CCC3C(CCCC4CCCCC43)C2)CC1
C1CCC(C2CC3CCCC3C3CCC4CCCCC4C23)CC1
C1CCC(CCC2CCC3C(CCC4C5CCCC5CCC34)C2)CC1
C1CCC(C2CCC3CCCC3C3CCC4CCCCC4CC23)CC1
C1CCC(CCCCC2CCC3CCCCC23)CC1
C1CCC(CCCC2CCCCC3CCC(C4CCCC5CCCC54)CC23)CC1
C(CCC1CCC2CCCCC2C1)CCC1CCCC2CCCCC12
C1CCC2C(C1)CCCC2CC1CC2CCCCC2C2CCCC12
C1CCC2C(C1)CCC1C2CCC2C3CCCC3CC21
C(CCC1CCCC2CCCC12)CC1CC2CCCCC2C1
C1CCC(CC2CCC(CC(CC3CCCCC3)C3CCCCC3)CC2)CC1
C1CCC(C2CC3CCCC3C3CCC4CCCCCC4C23)CC1
C1CCC2C(C1)CCC1C3CCCC3CCC21
C(CCC1CCCC2CCCCC12)CC1CCC2CCCCC2C1
C1CCC(CCCC2CCC3C(CCC3C3CCCCC3)C2)CC1
C1CCC(CCCCCC2CCCC3C(C4CCCCC4)CCC23)CC1
C1CCC(CC2CCCCC2CC2CC3CCCCC3C3CCC4CCCCC4C23)CC1
C1CCC(C2CC3CCCC3C3CCC4CCCCC4C23)CC1
C(CCC1CCC2C(CCC3C4CCCC4CCC23)C1)CC1CCC(C2CC3CCCC3C3CCC4CCCCC4C23)CC1
C1CCC(CCC2CCC3C(CCC3C3CCCC(CC4CCCC4)C3)C2)CC1
C1CCC2CCC(C3CCCC4CCCC43)CC2CC1
C1CCC(CCC2CCC(CCC3CCCC(CC4CCCC4)C3)CC2)CC1
C1CCC(C2CC3C(CCC34CCCCC4)C3CCC4CCCCC4C23)CC1
C1CCC(CCC2CCC(C3CCC4C(CCC4C4CCCCC4)C3)CC2)CC1
C1CCC(C2CC3CCCCC3C3CCCCC23)CC1
C1CCC(CCCCCC2CCC3CCCCC23)CC1
C1CCC(CC2CCC(C3CC4CCCC4C4CCC5CCCCC5C34)CC2)CC1
C1CCC(C2CC3CCCC3C3CCCC4CCCCC4C23)CC1
C1CCC2C(C1)CCC1C3CCCC3CCC21
C1CCC(C2CC3CCCCC3C3CCCCC3C2)CC1
C1CCC2C(C1)CCC1CCCCC12
C1CCC(C2CC3CCCC3C3CCC4CCCCCC4C23)CC1
C1CCC(CCC2CCC(CCC3CCCC(CC4CCCC4)C3)CC2)CC1
C1CCC2CC(CCCC3CCC4C3CCC3C5CCCCC5CCC43)CC2C1
C1CCC2CCC3CCCCC3C2CC1
C1CCC(C2CC3CCCC3C3CCCC4CCCCC4C23)CC1
C1CCC2C(C1)CCC1CCCCC12
C1CCC(CCC2CCC3C(CCC3C3CCCC(CCC4CCCC4)C3)C2)CC1
C(CCCC1CCCC2C(C3CCCCC3)CCC12)CCC1CCCCC1
C1CCC(C2CCCC3(CCC4CC5C(CCC5C5CCCCC5)CC43)C2)CC1
C1CCC(C2CC3CCCC3C3CCC4CCCCC4C23)CC1
C1CCC2C(C1)CCC1C2CCC2C3CCCC3CC21
C1CCC(CCCCCC2CC3CCCCC3C2)CC1
C1CCC(CCC2CCC(C3CCCC4C(C5CCCCC5)CCC34)C2)CC1
C1CCC(CC2CCCC(C3CCC4CC(CCC5CCC6CCCCC6C5)CCC43)C2)CC1
C1CCC(CCC2CCC3C(CC4CCCCC4)CCC3C2)CC1
C(CCCC1CCCCC1)CCCC1CCC(C2CCCCC2)C1
C1CCC(CCCCC2CCC3CCCCC23)CC1
C1CCC(CC(CC2CCCCC2)C2CCCCC2)CC1
C(CCCCC1CCC(C2CCCCC2)C1)CCCC1CCCCC1
C(CCC1CCC2C(CCC3C4CCCC4CCC23)C1)CC1CCC(C2CCC3CCCC3C3CCC4CCCCC4C23)CC1
C1CCC(C2CC3CCCCC3C3CCCCC23)CC1
C1CCC(C2CCC3CC4C(CCC45CCCCC5)CC32)CC1
C1CCC(CC(CC2CCCCC2)C2CCCCC2)CC1
C1CCC(CC2CCC3C(CC4CCCCC4)CCC3C2)CC1
C1CCC(CCCCC2CC3CCCCC3C2)CC1
C1CCC(C2CCC(CC3CCC4CCCCC4C4CCC5CCCCC5C34)CC2)CC1
C1CCC(CCCCC2CCC3CCCCC23)CC1
C1CCC2CCC(C3CCCC4CCCC43)CC2CC1
C1CCC2CC(C3CCCC4CCCC43)CCC2C1
C1CCC(CCCCCC2CCCC3C(C4CCCCC4)CCC23)CC1
C1CCC2C(C1)CCC1CCCCC12
C1CCC2C(C1)CCCC1C3CCCC3CCC21
C1CCC(CCCCC2CCC3CCCCC23)CC1
C1CCC(C2CC3CCCC3C3CCC4CCCCC4C23)CC1
C1CCC(CCC2CCC3C(CC4CCCCC4)CCC3C2)CC1
C1CCC(C2CCC3CC4(CCCCCC4C4CCCCC4)CCCC32)CC1
C1CCC(CC2CC3CCCCC3C3CCC4CCCCC4C23)C1
C1CCC(CC2CCC3CC4C(CCC45CCCCC5)CC23)CC1
C1CCC(C2CCC3CC4C(CCCC45CCCCC5)CC32)CC1
C1CCC2CCC3C4CCCCC4CC(CC4CCCC4)C3C2CC1
C1CCC(C2CCC(CCCCCC3(C4CCCCC4)CCCC3)C2)CC1
C(CCC1CCCC2CCCCC12)CC1CCC2CCCCC2C1
C(CCC1CCC2C1CCC1C3CCCCC3CCC21)CC1CC2CCCCC2C1
C1CCC(CCC2CCCCC2)CC1
C1CCC(CC2CCC(C3CC4CCCC4C4CCCC5CCCCC5C34)CC2)CC1
C1CCC(CC2CC3CCCCC3C3CCC4CCCCC4C23)CC1
C(CCCC1CCCC2C(C3CCCCC3)CCC12)CCC1CCCCC1
C1CCC2C(C1)CCC1C3CCCC3CCC21
C(CCCC1CCCC2C(C3CCCCC3)CCC12)CCC1CCCCC1
C1CCC(CCCCCC2CCCC3C(C4CCCCC4)CCC23)CC1
C1CCC2CC(C3CCCC4CCCC43)CCC2C1
C(CCC1CCC2C(CCC3C4CCCC4CCC23)C1)CC1CCC(C2CC3CCCC3C3CCC4CCCCC4C23)CC1
C1CCC(CCCCC2CC3CCCCC3C2)CC1
C1CCC(CCCC(CC2CC3CCCCC3C2)C2CC2)CC1
C1CCC(CCCCC2CCC3CCCCC23)CC1
C1CCC2CC(C3CCCC4CCCC43)CCC2C1
C1CCC2CCCCC2C(CCCCC2CCCC3CCCCC23)C1
C1CCC(CCCCC2(CCC3CCCC3)CCC3C4CCC5CCCCC5C4CCC32)C1
C1CCC(C2CC3CCCCC3C3CCCCC23)CC1
C1CCC(CCCCCC2CC3CCCCC3C2)CC1
C1CCC(C2CC3CCCC3C3CCC4CCCCCC4C23)CC1
C1CCC(CCCC2CCC3CCC(C4CCCC5CCCC54)CC3CC2)CC1
C1CCC2CC(CCCC3CCC4C3CCC3C5CCCCC5CCCC43)CC2C1
C1CCC(CC2CC3CCCCC3CC3CCC4CCCCC4C32)C1
C1CCC(CC2CC3CCCCC3C3CCC4CCCCC4C23)CC1
C1CCC2CCC3C4CCCC4CCC3C2CC1
C1CCC2CCC3C4CCCC4CCC3C2CC1
C1CCC(C2CCC3CC4C(CCC32)CCC2C3CCC(CCCC5CCC6CCCCC6C5)C3CCC42)CC1
C1CCC(CC2CC3CCCC3C3CCC4CCCCC4C23)CC1
C1CCC2CCC(C3CCCC4CCCC43)CC2CC1
C1CCC(CCCCCC2CC3CCCCC3C2)CC1
C1CCC2C(C1)CCC1C3CCCCC3CCC21
C1CCC(CCCCC2CC3CCCCC3C2)CC1
C1CCC(C2CC3CCCC3C3CCC4CCCCCC4C23)CC1
C1CCC(CCC2CCC3C(CCC4C5CCCC5CCC34)C2)CC1
C1CCC(CCCCCC2CC3CCCCC3C2)CC1
C1CCC(C2CCC3C(CCC34CCCC4)C3CCC4CCCCCC4C23)CC1
C1CCC2CCC3C4CCCC4CCC3C2CC1
C1CCC(C2CCC(C3CC4CCCC4C4CCCC5CCCCC5C34)CC2)C1
C1CCC2CCC3C4CCCCC4CC(CC4CCCC4)C3C2CC1
C1CCC(CCCC2CCC3C(CCC4CCCCC43)C2)CC1
C(CCC1CCC2CCCCC2C1)CCC1CCCC2CCCCC12
C1CCC2C(C1)CCC1C3CCCC3CCC21
C1CCC(CCCCCC2CCCC3C(C4CCCCC4)CCC23)CC1
C1CCC2CC(CCCC3CCC4C3CCCC3C5CCCCC5CCC34)CC2C1
C(CCCC1CCCC2C(C3CCCCC3)CCC12)CCC1CCCCC1
C1CCC(C2CCC(CCCC3CCC4C3CCCC3C5CCCCC5CCC34)C2)CC1
C1CCC2CCC3C(CCC4C3CCC4(CCCC3CC4CCCCC4C3)CCC3CCCC3)C2CC1
C1CCC(CCCCC2CCC3CCCCC23)CC1
C1CCC(CCC2CCC(C3CC3)CC2)CC1
C1CCC2CC(C3CCCC4CCCCC43)C3CCCC3C2CC1
C1CCC(CCCCC2CCC3CCCCC23)CC1
C1CCC(CCCCCC2CCCC3C(C4CCCCC4)CCC23)CC1
C1CCC2C(C1)CCC1C2CCC2C3CCCC3CC21
C1CCC(C2CCC3CCC(C4CCCC4)CC32)CC1
C1CCC(CC23CCCCC2CCC2CC4CCCC4CCC23)CC1
C1CCC2CC3CCCCC3CCC2C1
C1CCC2CCC(C3CCCC4CCCC43)CC2CC1
C(CCCC1CCCC2C(C3CCCCC3)CCC12)CCC1CCCCC1
C1CCC(CCC(CCC2CCC3CCCC3C2)CC2CCCCC2)CC1
C1CCC(CCCCCC2CCC3CCCCC23)CC1
C1CCC2CCC3C4CCCC4CCC3C2CC1
C(CCC1CCC2C(CCC3C4CCCC4CCC23)C1)CC1CCC(C2CC3CCCC3C3CCC4CCCCC4C23)CC1
C(CCC1CCCC2CCCC12)CC1CC2CCCCC2C1
C1CCC(CCCC2CCC3CCC(C4CCCC5CCCC54)CC3C2)CC1
C1CCC(CCCC2CCC3CCC(C4CCCC5CCCC54)CC3C2)CC1
C1CCC(CC2CC3CCCCC3C3CCC4CCCCCC4C23)CC1
C1CCC(CCC2CCC3C(CCC3C3CCCCC3)C2)CC1
C1CCC(C2CCC3CC4C(CCC5C6CCCC6CCC45)CC32)CC1
C(CCC1CCCC2CCCCC12)CCC1CCCC2CCCCC12
C1CCC(CCC2CCC3C(CCC4C5CCCCC5CC(CCC5CCCCC5)C34)C2)CC1
C1CCC(CCC2CCC(CCC3CCCC(CC4CCCCC4)C3)CC2)CC1
C1CCC(CCCC2CCC3C(CCC3C3CCCCC3)C2)CC1
C1CCC(C2CC3CCCC3C3CCCC4CCCCC4C23)CC1
C1CCC(C2CC3CCCC3C3CCC4CCCCC4C23)CC1
C1CCC2CC(C3CCCC4CCCC43)CCC2C1
C1CCC(CCCC2CCC3C(CCC3C3CCCCC3)C2)CC1
C1CCC(CCCC2CCC3C(CCC3C3CCCC(CCC4CCCC4)C3)C2)CC1
C1CCC(CC2CCC3CC4C(CCC5C6CCCC6CCC45)CC23)CC1
C(CCCC1CCCCC1)CCCC1CCC(CC2CCCCC2)C1
C1CCC2CC(C3CCCC4CCCC43)CCC2C1
C1CCC(CCCCCC2CC3CCCCC3C2)CC1
C1CCC2C(C1)CCC1C3CCCC3CCC21
C1CCC2CC(CCCC3CCC4C3CCC3C5CCCCC5CCC43)CC2C1
C1CCC2C(C1)CCC1C3CCCC3CCC21
C1CCC(CCC2CCC3C(CCC3C3CCCCC3)C2)CC1
C1CCC(C2CCC3CC4C(CCC5C6CCC(CCCC7CCC8CCCCC8C7)C6CCC45)CC32)CC1
C1CCC(CCC2CCC3C(CCC3C3CCCCC3)C2)CC1
C1CCC(CCCCC2CCC3C2CCC2C4CC5CCC(C6CCCCC6)C5CC4CCC32)CC1
C1CCC(CC2CCC3C(CCC3C3CCCCC3)C2)CC1
C1CCC2CC(C3CCCC4CCCC43)CCC2C1
C1CCC(CC2CCC3C(CCC3C3CCCCC3)C2)CC1
C1CCC(C2CCC3CC4C(CCC45CCCCCC5)CC32)CC1
C1CCC(C2C3CCCC3CC3CC4CCCC4CC32)CC1
C1CCC2C(C1)CCC1CCCCC12
C1CCC(CCCCC2CC3CCCCC3C2)CC1
C1CCC(CCCCCC2CC3CCCCC3C2)CC1
C1CCC(C2CC3CCCC3C3CCC4CCCCC4C23)CC1
C1CCC(C2CCC3CCCC3C3CCC4CCCCC4C23)CC1
C1CCC(C2CC3CCCC3C3CCC4CCCCC4C23)CC1
C(CCCC1CCCC2CCCC12)CCC1CCC2CCCCC2C1
C1CCC(C2CC3CCCCC3C3CCC(CCC4CCCC4)CC23)CC1
C(CCCC1CCCC2C(C3CCCCC3)CCC12)CCC1CCCCC1
C1CCC(CC2CC3CCCCC3C3CCC4CCCCCC4C23)CC1
C1CCC(C2CC3CCCCC3C3CCC4CCCCC4C23)CC1
C1CCC(CCCC2CCC3C2CCC2C4CCC5CCC(C6CCCCC6)C5CC4CCC32)CC1
C1CCC(CCC2CCC3C(CCC3C3CCCC(CCC4CCCC4)C3)C2)CC1
C1CCC(C2CCC3CC4C(CCC45CCCCC5)CC32)CC1
C(CC1CC2CCCCC2C1)CC1CCC2C(CCC3C4CCCCC4CCC23)C1
C1CCC2CCC(C3CCCC4CCCC43)CC2CC1
C1CCC(C2CCC3C(CCC34CCCC4)C3CCC4CCCCC4C23)CC1
C1CCC2C(C1)CCC1C3CCCC3CCCC21
C1CCC(C2CCC3CCCC3C3CCC4CCCCCC4C23)CC1
C1CCC(CC2CC3CCCCC3C2C2CCCCC2)CC1
C1CCC(C2CCC3(CCC4CC5C(CCC5C5CCCCC5)CCC43)C2)CC1
C1CCC(CC2CC3CCCCC3C3CCC4CCCCC4C23)CC1
C1CCC2CCC3C4CCCCC4CC(CC4CCCC4)C3C2CC1
C1CCC(C2CC3C(CCC34CCCC4)C3CCC4CCCCCC4C23)CC1
C1CCC(C2CCC3CC4C(CCC5C6CCC(CCCC7CCCC8CCCCC87)C6CCC45)CC32)CC1
C1CCC(CCCCC2CC3CCCCC3C2)CC1
C1CCC(C2CCC3CCC4CCCCC4C3CC2)CC1
C1CCC2CC(C3CCCC4CCCC43)CCC2C1
C1CCC(CCC(CCC2CCC3CCCC3C2)CC2CCCCC2)CC1
C1CCC2C(C1)CCC1C3CCCC3CCCC21
C(CCC1CCCC2CCCC12)CC1CC2CCCCC2C1
C1CCC(CCCC2CCC(C3CCC4C(CCC4C4CCCCC4)C3)CC2)CC1
C1CCC(CCCC2CCC3CCC(C4CCCC5CCCC54)CC3C2)CC1
C1CCC(C2CCC3CC4C(CCCC4CC4CC5CCCCC5C4)CCC32)CC1
C1CCC2CCC(C3CCCC4CCCC43)CC2CC1
C1CCC(C2CCC3CC4(CCCCCC4C4CCCCC4)CCC32)CC1
C1CCC(CCCCC2CCC3CCC(C4CCCC5CCCC54)CC3C2)CC1
C1CCC(C2CCC3CC4C(CCCC45CCCC5)CCC32)CC1
C1CCC(C2CC3CCCC3C3CCC4CCCCC4C23)CC1
C1CCC2C(C1)CCCC2CCCC1CCCC2CCCCC21
C1CCC(CCCCCC2CCCC3C(C4CCCCC4)CCC23)CC1
C1CCC2CCC3C(CCC4C3CCC4(CCCC3CC4CCCCC4C3)CCC3CCCC3)C2CC1
C1CCC(C2CCC3CC4C(CCCC5C6CCC(CCCC7CC8CCCCC8C7)C6CCC45)CC32)CC1
C1CCC(C2CCC3CC4C(CCCC45CCCC5)CC32)CC1
C1CCC(CCCCCC2CCC3CCCCC23)CC1
C1CCC(C2C3CCCCC3CC3CC4CCCC4CC32)CC1
C1CCC(C2CC3CCCC3C3CCC4CCCCC4C3C2)CC1
C1CCC(CC2CC3CCCCC3C3CCC4CCCCCC4C23)CC1
C1CCC(CCC(CCC2CCCCC2)CCC2CCC3CCCC3C2)CC1
C(CCC1CCCC2CCCCC12)CC1CCC2CCCCC2C1
C1CCC(CCC2CCC3C(CCCC4CC(C5CCCCC5)CCC43)C2)CC1
C1CCC(C2CCC3CC4C(CCC45CCCC5)CC32)CC1
C1CCC(C2CCC3CC4C(CCC45CCCC5)CC32)CC1
C(CCCC1CCCCC1)CCCC1CCC(C2CCCCC2)C1
C1CCC(CC(CC2CCCCC2)C2CCCCC2)CC1
C1CCC(CCCC2(CCC3CCCC3)CCCC3C4CCC5CCCCC5C4CCC32)CC1
C1CCC(CC2CCCC2CC2CC3CCCCC3C3CCC4CCCCC4C23)CC1
C1CCC(CCC2CCC3C(CCC3C3CCCCC3)C2)CC1
C1CCC(C2CCC3CC4C(CCC5C6CCC(CCCCC7CC8CCCCC8C7)C6CCC45)CC32)CC1
C1CCC(CC2CCC3C(CCC3C3CCCCC3)C2)CC1
C(CCC1CC2CCCCC2C1)CCC1CCCC2CCCC12
C1CCC2C(C1)CCC1C3CCCC3CCC21
C1CCC2CC(C3CCCC4CCCC43)CCC2C1
C1CCC2C(C1)CC(C1CCCC1)C1CCCCC21
C1CCC(C2CC3CCCC3C3CCC4CCCCCC4C23)CC1
C1CCC(CCCCC2CC3CCCCC3C2)CC1
C1CCC2CCC(C3CCCC4CCCC43)CC2CC1
C1CCC(CCCC2CC3CCCCC3C2C2CCCCC2)CC1
C1CCC(CC2CCCCC(CCC3CCC(CCC4CCC(C5CC5)CC4)CC3)C2)C1
C1CCC(CCCC(CC2CCC3C(CCC3C3CCCCC3)C2)C2CCCCC2)CC1
C1CCC(CCC(CC2CCC3C(CCC3C3CCCCC3)C2)C2CCCCC2)CC1
C1CCC(C2CCC3CC4(CCCCCCC4C4CCCCC4)CCC32)CC1
C1CCC(CCCCC2CCC3CCCCC23)CC1
C(CCC1CCC2C1CCC1C3CCCCC3CCC21)CC1CC2CCCCC2C1
C1CCC(CCCCCC2CCC3CCCC3C2)CC1
C(CCC1CCC2C1CCC1C3CCCCC3CCC21)CC1CC2CCCCC2C1
C1CCC(CCCCCC2CC3CCCCC3C2)CC1
C1CCC(C2CCC3CCC4C(CCC5C6CCC(CCCC7CC8CCCCC8C7)C6CCC45)CC32)CC1
C(CCC1CCCC2CCCCC12)CCC1CCCC2CCCCC12
C1CCC(CCCCCC2CCCC3C2CCC3C2CCCC(CC3CCCC3)C2)CC1
C1CCC(C2CCC3CCCC3C3CCC4CCCCC4C23)CC1
C1CCC(CC2CC3CCCCC3C3CCC4CCCCCC4C23)CC1
C1CCC2CCC3C4CCCCC4CC(CC4CCCC4)C3C2CC1
C1CCC2CCC3C4CCCCC4CC(CC4CCCC4)C3C2CC1
C(CCC1CCC2C1CCC1C3CCCCC3CCC21)CC1CC2CCCCC2C1
C1CCC(C2CCC3CC4C(CCC45CCCCC5)CC32)CC1
C1CCC(CCCC2CCC3CCC(C4CCCC5CCCC54)CC3C2)CC1
C1CCC(CCCC2(CCCC3CC4CCCCC4C3)CCC3C4CCC5CCCCC5C4CCC32)C1
C1CCC(CCC2CCC3C(CCC3C3CCCCC3)C2)CC1
C1CCC(CC2CC3CCCCC3C3CCC4CCCCC4C23)CC1
C1CCC(CCC(CC2CCCCC2)C2CCCCC2)CC1
C1CCC(C2CCC3CCCC3C3CCC4CCCCC4C3C2)CC1
C(CCCC1CCCCC1)CCCC1CCC(C2CCCCC2)C1
C1CCC(CCC2CCCC3CC4C(CC5CCCCC5)CCC4CC23)CC1
C1CCC(CCC2CCC3C(CCC3C3CCCCC3)C2)CC1
C1CCC(CCCCC2CCC3CCCCC23)CC1
C1CCC2CCC(C3CCCC4CCCC43)CC2CC1
C1CCC(C2CC3CCCC3C3CCC4CCCCCC4C23)CC1
C1CCC2CCC3C4CCCC4CCC3C2CC1
C1CCC(CCCC2CCC3CCC(C4CCCC5CCCC54)CC3C2)CC1
C1CCC(C2CCCC3C(CCC4CCCCC43)C2)CC1
C1CCC(C2CCC3CC4C(CCC5C6CCCC(CCCC7CCC8CCCCC8C7)C6CCC45)CC32)CC1
C1CCC(CCCCC2CC3CCCCC3C2)CC1
C1CCC(C2CCC3CC4C(CCC45CCCCCC5)CC32)CC1
C1CCC2C(C1)CCC1C3CCCC3CCCC21
C1CCC(CCCCC2CCC3CCCCC23)CC1
C1CCC(CC2CCC3CC4CCCCC4CC23)CC1
C1CCC(CCC2CCC(C3CCC4C(CCC4C4CCCCC4)C3)CC2)CC1
C1CCC(CCC2CCC3C(CCC3C3CCCCC3)C2)CC1
C1CCC(CCCCC2CC3CCCCC3C2)CC1
C(CCCC1CCCCC1)CCC1CCCCC1
C1CCC2CCC(C3CCCC4CCCC43)CC2CC1
C(CCC1CCC2C(CCC3C4CCCC4CCC23)C1)CC1CCC(C2CC3CCCC3C3CCC4CCCCC4C23)CC1
C(CCC1CCCC2CCCC12)CC1CC2CCCCC2C1
C1CCC(C2C3CCCC3CC3CC4CCCC4CC32)CC1
C1CCC(CC2CC3CCCCC3C3CCC4CCCCCC4C23)CC1
C1CCC(CCC2CCC(CCC3CCCC(CC4CCCC4)C3)CC2)CC1
C1CCC(C2CC3CCCCC3C3CCC4CCCCC4C23)CC1
C1CCC(C2CCC3CCC4C(CCC45CCCC5)CC32)CC1
C1CCC2CC(C3CCCC4CCCC43)CCC2C1
C1CCC(C2CC3CCCCC3C3CCC4CCCCC4C23)CC1
C(CCC1CCC2C(CCC3C4CCCC4CCC23)C1)CC1CCC(C2CCC(C3CC4CCCC4C4CCC5CCCCC5CC34)CC2)CC1
C1CCC(C2CCC3CC4C(CCCC5CCC5)CCCC4CC32)CC1
C1CCC(CCCC2CCC3CCC(C4CCCC5CCCC54)CC3C2)CC1
C1CCC2CCC3C4CCCC4CCC3C2CC1
C1CCC(CCCCCC2CC3CCCCC3C2)CC1
C1CCC(C2CCC3CC4C(CCC45CCCCC5)CC32)CC1
C1CCC(C2CC3CCCC3C3CCC4CCCCCC4C23)CC1
C1CCC(CCCCC2CCC3CCCCC23)CC1
C1CCC(CCCCCC2CC3CCCCC3C2)CC1
C(CCC1CCC2C(CCC3C4CCCC4CCC23)C1)CC1CCC(C2CC3CCCC3C3CCC4CCCCC4C3C2)CC1
C1CCC(CCCC2CC3CCCC3C3CCC4CCCCC4C23)CC1
C1CCC2CCC3C4CCC(CCCC5CCCC6CCCCC65)C4CCC3C2CC1
C1CCC(CCCCCC2CCCCC2)CC1
C1CCC(C2CC3CCCC3C3CCC4CCCCC4C23)CC1
C1CCC2CC(C3CCCC4CCCC43)CCC2C1
C1CCC(CC2CC3CCCCC3CC3CCC4CCCCC4C32)CC1
C1CCC(CC2CCCCC2CC2CC3CCCCC3CC3CCC4CCCCC4C32)CC1
C1CCC2CC(C3CCCC4CCCC43)CCC2C1
C1CCC2CC(C3CCCC4CCCC43)CCC2C1
C1CCC(CCCC(CC2CC3CCCCC3C2)C2CC2)CC1
C1CCC(C2CCC3CC4(CCCCCC4C4CCCCC4)CCCC32)CC1
C1CCC(C2CCC3CC4C(CCC5C6CCC(CCCC7CCC8CCCCC8C7)C6CCCC45)CC32)CC1
C1CCC2CCC(C3CCCC4CCCC43)CC2CC1
C1CCC(CCCCC2CCCC(C3CCC4CC(CCC5CCC6CCCCC6C5)CCC43)C2)CC1
C(CCCC1CCCC2C(C3CCCCC3)CCC12)CCC1CCCCC1
C1CCC(CC2CC3CCCCC3C3CCC4CCCCC4C23)C1
C1CCC(CCC2CCC(C3CCC4C(CCC4C4CCCCC4)C3)CC2)CC1
C1CCC(CC2CCCC(CCCC3CCC(CCC4CCC(C5CC5)CC4)CC3)C2)C1
C(CCC1CCCC2CCCC12)CC1CC2CCCCC2C1
C1CCC(C2CCC(CCCCCC3CCCC4CCCCC34)C2)CC1
C1CCC(CCC2CCCC3CC4C(CCC23)CCC4C2CCCCC2)CC1
C1CCC(CCC2CCCCC3CC4C(CCC4C4CCCCC4)CC23)CC1
C1CCC(CCCCCC2CCCC3C(C4CCCCC4)CCC23)CC1
C1CCC2CCC3C4CCCCC4CC(CC4CCCC4)C3C2CC1
C1CCC(CCCCC2CC3CCCCC3C2)CC1
C1CCC(C2CCC(CCCCCC3CCCC4CCCCC34)C2)CC1
C1CCC(CC2CCC3C(CCC3C3CCCCC3)C2)CC1
C1CCC(CCC2CCCC3CCC(C4CCCC5CCCC54)CC23)CC1
C1CCC(CC2CC3CCCCC3C3CCC4CCCCC4C23)CC1
C(CCCC1CCCC2C(C3CCCCC3)CCC12)CCC1CCCCC1
C1CCC(C2CC3CCCC3C3CCC4CCCCCC4C23)CC1
C1CCC2C(C1)CCC1C3CCCC3CCC21
C1CCC(CCCCC2CC3CCCCC3C2C2CCCCC2)CC1
C1CCC(C2CC3CCCC3C3CCC4CCCCC4CC23)CC1
C1CCC(CCC2(CCCC3CC4CCCCC4C3)CCCC3C4CCC5CCCCC5C4CCC32)C1
C1CCC(C2CCC3CC4(CCCCC4C4CCCCC4)CCCC32)CC1
C1CCC(CC2CC3CCCCC3C3CCC4CCCCC4C23)C1
C1CCC(C2CC3CCCC3C3CCC4CCCCC4C23)CC1
C1CCC2CC(C3CCCC4CCCC43)CCC2C1
C1CCC(CCCC2CCC3C2CCC2C4CC5CCC(C6CCCCC6)C5CCC4CCC32)CC1
C(CCCC1CCCCC1)CCCC1CCC(C2CCCCC2)C1
C1CCC(C2CCC3CCC4CCCCC4C3CC2)CC1
C1CCC2CC(C3CCCC4CCCC43)CCC2C1
C1CCC(CCCCCC2CC3CCCCC3C2)CC1
C1CCC(C2CCC3CC4C(CCC45CCCC5)CC32)CC1
C1CCC(C2CCC3CCC4C(CCC5C6CCC(CCCC7CCC8CCCCC8C7)C6CCC45)CC32)CC1
C1CCC(C2CCC3CC4C(CCC45CCCCCC5)CC32)CC1
C1CCC2C(C1)CCC1C3CCCCC3CCC21
C(CCCC1CCCC2C(C3CCCCC3)CCC12)CCC1CCCCC1
C1CCC2CCC(C3CCCC4CCCC43)CC2CC1
C1CCC(CCC2CC3CCCCC3C3CCC4CCCCC4C23)CC1
C1CCC(C2CCC3CC4C(CCC45CCCC5)CC32)CC1
C1CCC(C2CCC(CCCCC3CCC4C3CCC3C5CCCCC5CCC43)C2)CC1
C1CCC(CCC2CCC3C(CCC3C3CCCC(CCC4CCCCC4)C3)C2)CC1
C1CCC(C2CC3CCCC3C3CCC4CCCCC4CC23)CC1
C1CCC(C2CCC3CCC4C(CCC45CCCCC5)CC32)CC1
C1CCC(CCC2CCC3C(CCC3C3CCCC(CCC4CCCC4)C3)C2)CC1
C(CCC1(C2CCCC2)CCCC2CCCCC21)CC1CCC2CCCCC2C1
C(CCCC1CCCC2C(C3CCCCC3)CCC12)CCC1CCCCC1
C(CCCC1CCCC2CCCCC12)CCC1CCC(C2CCCCC2)C1
C1CCC2C(C1)CCC1C3CCCCC3CCC21
C1CCC(CCCCCC2CCCC3C(C4CCCCC4)CCC23)CC1
C1CCC(CCC2CCC3C(CCC3C3CCCC(CCC4CCCC4)C3)C2)CC1
C1CCC(C2CCC3CC4C(CCCCC45CCCC5)CC32)CC1
C1CCC(CCC2CCC(CCC3CCCC(CC4CCCC4)C3)CC2)CC1
C1CCC(CCC2CCCC(C3CCC4CC(CCC5CCC6CCCCC6C5)CCC43)C2)C1
C1CCC(C2CCC3CC4C(CCC5CCC6CCCCC65)CCCC4CC32)CC1
C1CCC2CC(C3CCCC4CCCC43)CCC2C1
C1CCC(C2CCC3CC4CCCCC4CC32)CC1
C1CCC2CCC3C4CCCC4CCC3C2CC1
C1CCC(CC2CC3CCCCC3CC3CCC4CCCCC4C32)C1
C1CCC(C2CCC3CC4C(CCC5C6CCCC(CCCC7CCC8CCCCC8C7)C6CCC45)CC32)CC1
C1CCC(CCCCC2CC3CCCCC3C2C2CCCCC2)CC1
C1CCC2C(C1)CCC1CCCCC12
C1CCC2CC(C3CCCC4CCCC43)CCC2C1
C1CCC(CCCC2CCC3CCC(C4CCCC5CCCC54)CC3C2)CC1
C1CCC(C2CC3CCCCC3C3CCCCC3C2)CC1
C1CCC(CCCCC2CC3CCCCC3C2)CC1
C1CCC(C2CCC3CCCCC3C3CCC(CCC4CCCC4)CC23)CC1
C1CCC(C2CC3CCCC3C3CCC4CCCCCC4C23)CC1
C1CCC(CCC(CC2CCCCC2)C2CCCCC2)CC1
C1CCC(C2CCCC3(CCC4CC5C(CCC5C5CCCCC5)CC43)C2)CC1
C1CCC(CCC(CC2CC2)CC2CC3CCCCC3C2)CC1
C1CCC2CC(CC3CCCC4CCCC43)CCC2C1
C1CCC(C2CCC3CC4C(CCC5C6CCC(CCCCC7CC8CCCCC8C7)C6CCC45)CC32)CC1
C1CCC(C2CC3CCCC3C3CCC4CCCCC4CC23)CC1
C1CCC(C2CC3CCCCC3C3CCCCC23)CC1
C1CCC2CC(C3CCCC4CCCC43)CCC2C1
C1CCC(CCCC(CC2CC3CCCCC3C2)C2CCCC2)CC1
C1CCC(C2CCC3CCCC3C3CCC4CCCCC4C23)CC1
C1CCC(CC2CC3CCCCC3C3CCC4CCCCC4C23)CC1
C1CCC(CCC2CCCC3CCC(CC4CCCC5CCCC54)CC23)CC1
C1CCC(CCCCCC2CCCC3C(CC4CCCCC4)CCC23)CC1
C1CCC(CCCC2CCC3C2CCC2C4CCCCC4CCCC32)C1
C(CCCC1CCCC2C(C3CCCCC3)CCC12)CCC1CCCCC1
C1CCC(CCC2CCC3C(CCC3C3CCCCC3)C2)CC1
C1CCC(C2CC3CCCC3C3CCC4CCCCCC4C23)CC1
C1CCC(CCCCC2CC3CCCCC3C2)CC1
C1CCC(C2CC3CCCCC3C3CCC4CCCCC4C23)CC1
C1CCC(C2CC3CCCC3C3CCC4CCCCC4C23)CC1
C1CCC2CCC3C4CCCC4CCC3C2CC1
C1CCC(CCCCC2CCC3CCCCC23)CC1
C(CCC1CCCC2CCCCC12)CC1CCC2CCCCC2C1
C1CCC(C2CC3CCCCC3C3CCCCC23)CC1
C1CCC(C2CCC3CC4(CCCCC4C4CCCCC4)CCC32)CC1
C1CCC(CC2CC3CCCCC3CC3CCC4CCCCC4C32)C1
C1CCC2C(C1)CCC1C3CCCC3CCC21
C1CCC(C2CC3CCCC3C3CCC4CCCCC4C23)CC1
C1CCC2CCC(C3CCCC3)CC2CC1
C(CCC1CCCC2CCCC12)CC1CC2CCCCC2C1
C1CCC(C2CC3CCCCC3C3CCC4CCCCC4C23)CC1
C1CCC(CCCCCC2CC3CCCCC3C2)CC1
C1CCC2CC(C3CCCC4CCCC43)CCC2C1
C(CCC1CCCC2CCCCC12)CC1CCC2CCCCC2C1
C1CCC(C2CCC(CCCCCC3(C4CCCC4)CCCC4CCCCC43)C2)CC1
C1CCC2C(C1)CC(C1CCCC1)C1CCCCC21
C1CCC(CCC2CCC(CC3CC3)CC2)CC1
C1CCC(C2CC3CCCCC3CC3CCCCC32)CC1
C1CCC(CC2CC3CCCCC3C2CC2CCCCC2)CC1
C1CCC(CCC(CCC2CCC3CCCCC3C2)CC2CCCCC2)CC1
C1CCC(C2CCC3C(CCC4CCCCC43)C2)CC1
C1CCC2CC(C3CCCC4CCCC43)CCC2C1
C1CCC2CCC3C4CCCC4CCC3C2CC1
C1CCC(CCCCC2CC3CCCCC3C2)CC1
C1CCC(CCC2CCC3C(CCC3C3CCCC(CCCC4CCCC4)C3)C2)CC1
C1CCC(CCCCC2CC3CCCCC3C2)CC1
C1CCC(C2CCC3C(CCC4CCCCC43)C2)CC1
C1CCC2C(C1)CCC1CCCCC12
C1CCC2CC(C3CCCC4CCCC43)CCC2C1
C1CCC(CC2CC3CCCCC3C3CCC4CCCCC4C23)C1
C1CCC(CCCC2CCC3CCC(C4CCCC5CCCC54)CC3C2)CC1
C1CCC(CCCCCC2CCC3CCCCC23)CC1
C1CCC(C2CC3CCCC3C3CCC4CCCCCC4C23)CC1
C1CCC(CC2CC3CCCCC3C3CCC4CCCCC4C23)CC1
C1CCC(CCC2CCC3C(CCC3C3CCCCC3)C2)CC1
C1CCC(CCCCC2CCC3CCC(C4CCCC5CCCC54)CC3C2)CC1
C1CCC(CCCCCC2CCCC3C(C4CCCCC4)CCC23)CC1
C1CCC(CCC2CCC(C3CCC4C(CCC4C4CCCCC4)C3)CC2)CC1
C1CCC(CCCC2(CCCC3CC4CCCCC4C3)CCC3C4CCC5CCCCC5C4CCC32)C1
C1CCC2CCC3C4CCCC4CCC3C2CC1
C1CCC(CCC2CCC3C(CCC3C3CCCCC3)C2)CC1
C1CCC(CCCCCC2CCCC3C(C4CCCCC4)CCC23)CC1
C1CCC(C2CCC3CCC4C(CCC45CCCC5)CC32)CC1
C1CCC2CCC3C4CCCC4CCC3C2CC1
C1CC(C2CCC(C3CCC4CCCC4C4CCC5CCCCC5C34)CC2)C1
C1CCC(CCC(CCC2CCC3CCCCC3C2)CC2CCCCC2)CC1
C1CCC2CC(C3CCCC3)CCC2C1
C1CCC(CC2CCC3C(CC4CCCCC4)CCC3C2)CC1
C1CCC(CC2CCC3C(CCC3C3CCCCC3)C2)CC1
C1CCC(CCCCCC2CC3CCCCC3C2)CC1
C1CCC(C2CC3CCCCC3C3CCC(CCCC4CCCC4)CC23)CC1
C1CCC(CCC2CCC3C(CCC3C3CCCCC3)C2)CC1
C1CCC(CCC2CCCC(C3CCC4CC(CCC5CCC6CCCCC6C5)CCC43)C2)C1
C1CCC2C(C1)CCC1C2CCC2C3CCCC3CC21
C(CCCC1CCCCC1)CCCC1CCC(C2CCCCC2)C1
C1CCC2C(C1)CCC1C3CCCC3CCC21
C1CCC2CCC(C3CCCC4CCCC43)CC2CC1
C1CCC2CCCCC2C(CCCCC2CCCC3CCCCC23)C1
C1CCC2CCC(C3CCCC4CCCC43)CC2CC1
C1CCC(C2CC3CCCCC3C3CCCCC23)CC1
C(CCCC1CCCC2C(C3CCCCC3)CCC12)CCC1CCCCC1
C1CCC(C2CC3CCCC3C3CCC4CCCCC4C23)CC1
C1CCC(CCCCC2CC3CCCCC3C2)CC1
C1CCC(C2CCC3CC4C(CCCCC45CC(C4CCCCC4)C(C4CCCCC4)C5)CC32)CC1
C1CCC(C2CC3CCCC3C3CCCC4CCCCC4C23)CC1
C1CCC2C(C1)CCCC2CC1CC2CCCCC2C2CCC3CCCCC3C12
C(CCC1CCCC2CCCC12)CC1CC2CCCCC2C1
C1CCC(CCC2CCC3C(CCC4CC(C5CCCCC5)CCC43)C2)CC1
C1CCC2CCC3C4CCCCC4CC(CC4CCCC4)C3C2CC1
C1CCC(CCC2CCC3C(CCC3C3CCCCC3)C2)CC1
C1CCC2CCC(C3CCC4CCCCC43)CC2CC1
C1CCC(C2CC3CCCCC3C3CCC4CCCCC4C23)CC1
C1CCC2C(C1)CCC1C3CCCC3CCC21
C1CCC(CCC2CCC3C(CCCC4C5CCCC5CCC34)C2)CC1
C1CCC2CCC3C4CCCCC4CC(CC4CCCC4)C3C2CC1
C(CCC1CCCC2CCCCC12)CC1CCC2CCCCC2C1
C1CCC(C2CCC3CC4C(CCC45CCCC5)CC32)CC1
C(CCC1CCC2C(CCC3C4CCCC4CCCC23)C1)CC1CCC(C2CC3CCCC3C3CCC4CCCCC4C23)CC1
C1CCC(CCCCCC2CCC3CCCCC23)CC1
C1CCC(C2CC3CCCC3C3CCC4CCCCCC4C23)CC1
C1CCC(C2CCC3CC4C(CCCC45CCCC5)CCC32)CC1
C1CCC(C2CCC3CC4C(CCC5C6CCC(CCCC7CCC8CCCCC8C7)C6CCC45)CC32)CC1
C1CCC(C2CC3C(CCC34CCCC4)C3CCC4CCCCC4C23)CC1
C1CCC(C2CC3CCCC3C3CCC4CCCCC4C23)CC1
C(CCCC1CCCCC1)CCC1CCCCC1
C1CCC(CCCCC2CCC3CCCCC23)CC1
C(CCCCC1CCC(C2CCCCC2)C1)CCCC1CCCCC1
C1CCC2CC(CC3CCCC4CCCC43)CCC2C1
C1CCC(CCCCC2CC3CCCCC3C2)CC1
C(CCCC1CCCCC1)CCCC1CCC(C2CCCCC2)C1
C1CCC2CCC3C4CCCC4CCC3C2CC1
C1CCC(CCC2CCC(CCC3CCCC(CCC4CCCC4)C3)CC2)CC1
C(CCCC1CCCC2C(C3CCCCC3)CCC12)CCC1CCCCC1
C1CCC(CCCCCC2CCCC3C(C4CCCCC4)CCC23)CC1
C1CCC2C(C1)CCC1CCCCC12
C(CCC1CCCC2CCCCC12)CC1CC2CCCCC2C1
C1CCC(CCC2CCCC3CC4C(CCC23)CCC4C2CCCCC2)CC1
C1CCC2CCC3C4CCC(CCCC5CC6CCCCC6C5)C4CCC3C2CC1
C1CCC(C2CCC3CC4CCCCC4CC32)CC1
C1CCC(CCCC2CCCC3CCCCC32)C2CCCCC2C1
C1CCC(C2CCC3CC4C(CCC5C6CCC(CCCCC7CCC8CCCCC8C7)C6CCC45)CC32)CC1
C1CCC(C2CCC3CC4CCCCC4CC32)CC1
C1CCC(C2CCCC3(CCC4CC5C(CCC5C5CCCCC5)CC43)C2)CC1
C1CCC(CCC(CC2CCC(CC3CCCCC3)CC2)C2CCCCC2)CC1
C1CCC(C2CCC3CC4C(CCCCC45CCCC5)CC32)CC1
C(CCCC1CCCC2C(C3CCCCC3)CCC12)CCC1CCCCC1
C1CCC(CCCCC2CCC3CCC(C4CCCC5CCCC54)CC3C2)CC1
C1CCC(C2C3CCCC3CC3CC4CCCC4CC32)CC1
C1CCC(CC2CCCC(CC3CC4CCCCC4C4CCC5CCCCCC5C34)C2)CC1
C1CCC2CC3CCC4CCCC4C3CCC2C1
C1CCC2CCC3C4CCCC4CCC3C2CC1
C1CCC(CC2CC3CCCCC3C3CCC4CCCCCC4C23)CC1
C1CCC2CCC3C4CCC(CCCC5CCCC5)C4CCC3C2CC1
C1CCC(CCCC2CCCC(C3CCC4CC(CCC5CCC6CCCCC6C5)CCC43)C2)CC1
C1CCC(CCCCCC2CC3CCCCC3C2)CC1
C1CCC(C2CCC(C3CC4CCCCC4C4CCC5CCCCC5C34)CC2)C1
C1CCC2C(C1)CCC1C3CCCC3CCCC21
C1CCC2CCC(C3CCCC4CCCC43)CC2CC1
C1CCC(C2CCC(C3CC4CCCC4C4CCC5CCCCC5C34)CC2)C1
C1CCC(CC23CCCCC2CCC2C4CCCCC4CCC23)CC1
C1CCC(CC2CC3CCCCC3C3CCC4CCCCCC4C23)CC1
C1CCC2C(C1)CCC1CCCCC12
C1CCC(CCCCC2CCC3CCC(C4CCCC5CCCC54)CC3C2)CC1
C1CCC2CCC(C3CCCC4CCCC43)CC2CC1
C1CCC2C(C1)CCC1CCCCC12
C1CCC2CC(CC3CCCC4CCCC43)CCC2C1
C1CCC(C2CCC3CC4C(CCC45CCCCCC5)CC32)CC1
C(CCCC1CCCC2C(C3CCCCC3)CCC12)CCC1CCCCC1
C1CCC(CCCCCC2C3CCCCC3CCC2C2CCCC3CCCC32)CC1
C1CCC2CCC3C4CCCC4CCC3C2CC1
C1CCC2C(C1)CCC1C3CCCCC3CCC21
C1CCC(CC2CC3CCCCC3C2C2CCCCC2)CC1
C1CCC(C2CCC3(CCCC4CC5C(CCC5C5CCCCC5)CC43)C2)CC1
C1CCC2C(C1)CCC1C3CCCC3CCC21
C1CCC(CCCCCC2CCCC3C(C4CCCCC4)CCC23)CC1
C1CCC(CCCCC2CC3CCCCC3C2)CC1
C1CCC(C2CC3CCCC3C3CCC4CCCCCC4C23)CC1
C1CCC2C(C1)CCC1C3CCCCC3CCC21
C1CCC2C(C1)CCC1C3CCCC3CCC21
C1CCC(CC2CC3CCCCC3C3CCC4CCCCC4C23)C1
C1CCC(CCCCC2CC3CCCCC3C2)CC1
C1CCC(CCC2CCC(C3CC3)CC2)CC1
C1CCC(CCC2CCC3C(CCC4CCCCCC43)C2)CC1
C1CCC(CCCCC2CCC3CCCCC23)CC1
C1CCC(C2CCCC3C(CCC4CCCCC43)C2)CC1
C(CCCCC1CCC(C2CCCCC2)C1)CCCC1CCCCC1
C1CCC(CCCCC2CC3CCCCC3C2)CC1
C1CCC(C2CCC3C(CCC4CCCCC43)C2)CC1
C1CCC(CCCCCC2CCCC3C(CC4CCCCC4)CCC23)CC1
C1CCC(CC2CC3CCCCC3CC3CCC4CCCCC4C32)CC1
C1CCC2CCC3C4CCCC4CCC3C2CC1
C1CCC2CC(CC3CCCC4CCCC43)CCC2C1
C1CCC(CC2CCC(CC(CC3CCCCC3)C3CCCCC3)CC2)CC1
C1CCC(CCCCCC2CC3CCCCC3C2)CC1
C1CCC2C(C1)CCC1CCCCC12
C1CCC(C2CCC3CC4C(CCC5C6CCCC6CCC45)CC32)CC1
C1CCC2CC(C3CCCC4CCCC43)CCC2C1
C1CCC(CCCCC2CCC3CCCCC23)CC1
C1CCC(CCCC2CCC3C2CCC2C4CC5CCC(CC6CCCCC6)C5CC4CCC32)CC1
C1CCC(C2CC3CCCC3CC3CCC4CCCCC4C32)CC1
C1CCC(CCCCCC2CC3CCCCC3C2)CC1
C1CCC(CCCC2CCCC3CCC(C4CCCC5CCCC54)CC3C2)CC1
C1CCC2CCC(C3CCCC4CCCC43)CC2CC1
C1CCC2CCC(C3CCCC4CCCC43)CC2CC1
C1CCC(CCCCC2(CCC3CCCC3)CCC3C4CCC5CCCCC5C4CCC32)C1
C1CCC(CCCCCC2CCCC3C(C4CCCCC4)CCC23)CC1
C1CCC2C(C1)CCC1CCCCC12
C1CCC2CCC(C3CCCC4CCCC43)CC2CC1
C(CCCCC1CCC(C2CCCCC2)C1)CCCC1CCCCC1
C1CCC2C(C1)CCC1C3CCCCC3CCC21
C1CCC(CCC2CCC3C(CCC4CCCCC43)C2)CC1
C(CCCC1CCCC2CCCCC12)CCC1CCC(C2CCCCC2)C1
C1CCC(CC2CC3CCCCC3C3CCC4CCCCC4C23)CC1
C1CCC(CC2CC3CCCCC3CC3CCC4CCCCC4C32)C1
C(CCCC1CCCC2C(C3CCCCC3)CCC12)CCC1CCCCC1
C(CCCC1CCCC2C(C3CCCCC3)CCC12)CCC1CCCCC1
C1CCC(CCCC2CCC(CCC3CCCC(CC4CCCC4)C3)CC2)CC1
C1CCC(C2CCC3CC4(CCCCC4C4CCCCC4)CCC32)CC1
C1CCC2CC(CC3CCCC4CCCC43)CCC2C1
C(CCCC1CCC2CCCC2C1)CCC1CCCCC1
C(CCCC1CCCCC1)CCCC1CCC(C2CCCCC2)C1
C1CCC(CC2CCCCC(CCC3CCC(CCC4CCC(C5CC5)CC4)CC3)C2)C1
C1CCC(CCCCC2CC3CCCCC3C2)CC1
C1CCC(CCCCC2CCC3CCCCC23)CC1
C1CCC(CC2CC3CCCCC3CC3CCC4CCCCC4C32)CC1
C1CCC(C2CCC3CCCC3C3CCC4CCCCC4C23)CC1
C1CCC(C2CCC3CCC4C(CCC5C6CCCC6CCC45)CC32)CC1
C(CCC1CCCC2CCCCC12)CC1CCC2CCCCC2C1
C1CCC(CC2CC3CCCCC3C3CCC4CCCCC4C23)CC1
C1CCC(CCCCC2CCC3CCC(C4CCCC5CCCC54)CC3C2)CC1
C1CCC(C2CCC3C(CCCCCC4CCC(CC5CCCC5)C4)CCCC23)CC1
C1CCC(CCC2CCCCC2)CC1
C(CCC1CCCC2CCCCC12)CC1CC2CCCCC2C1
C1CCC(C2CCC3CC4C(CCC5C6CCC(CCCC7CC8CCCCC8C7)C6CCC45)CC32)CC1
C1CCC(CCC2CCCCC2CC2CC3CCCCC3C3CCC4CCCCC4C23)CC1
C1CCC(CCCCC2CC3CCCCC3C2)CC1
C1CCC2C(C1)CCC1CCCCC12
C1CCC2CC(C3CCCC4CCCC43)CCC2C1
C1CCC2CCC3C4CCCC4CC(C4CCC(CCCCC5CCC6C(CCC7C8CCCC8CCC67)C5)CC4)C3C2CC1
C1CCC(CCCCC2CCC3C2CCC2C4CCCCC4CCC32)C1
C1CCC2CC(C3CCCC4CCCC43)CCC2C1
C1CCC(CCC2CCC(C3CC3)CC2)CC1
C1CCC2C(C1)CCCC1C3CCCC3CCC21
C(CCC1CCCC2CCCCC12)CC1CCC2CCCCC2C1
C1CCC(CCCCC2CCC3CCCC3C2)CC1
C1CCC2C(C1)CCC1CCCCC12
C1CCC(CCC2CCC(C3CCC4C(CC5CCCCC5)CCC4C3)CC2)CC1
C1CCC(CCCCCC2CCCC3C(C4CCCCC4)CCC23)CC1
C(CCC1CCCCC2CCCCC12)CC1CCC2CCCCC2C1
C1CCC(C2CC3CCCC3CC3CCC4CCCCC4C32)CC1
C1CCC(CCC2CCC3C(CC4CCCCC4)CCC3C2)CC1
C1CCC(CCCCCC2CCC3CCCC3C2)CC1
C1CCC2CCC3C4CCC(CCCC5CC6CCCCC6C5)C4CCC3C2CC1
C(CCCC1CCCCC1)CCCC1CCC(C2CCCCC2)C1
C1CCC(C2CC3CCCC3C3CCCC4CCCCC4C23)CC1
C1CCC(C2CCC3CC4C(CCCC5C6CCC(CCCC7CC8CCCCC8C7)C6CCC45)CC32)CC1
C1CCC2C(C1)CCC1C2CCCC2C3CCCC3CC21
C(CCCC1CCCC2C(C3CCCCC3)CCC12)CCC1CCCCC1
C1CCC(CCCC2CCC3C(CCC3C3CCCCC3)C2)CC1
C1CCC2CCC3C4CCC(CCCC5CC6CCCCC6C5)C4CCC3C2CC1
C1CCC(CCCCCC2CCCC3C2CCC3C2CCCC(CCC3CC3)C2)CC1
C1CCC2CC(CC3CCCC4CCCC43)CCC2C1
C1CCC(CCCCC2CCC3CCC(C4CCCC5CCCC54)CC3C2)CC1
C1CCC(C2CCC3CC4C(CCC45CCCCCC5)CC32)CC1
C1CCC2CCC(C3CCCC4CCCC43)CC2CC1
C1CCC(C2CCC3(CCC4CCC5C(CCC5C5CCCCC5)CC43)C2)CC1
C1CCC(CC2CCCCC2CC2CC3CCCCC3C3CCC4CCCCC4C23)CC1
C1CCC(C2CCC3CCCC3C3CCC4CCCCC4C23)CC1
C1CCC(C2CCC3CC4C(CCC32)CCC2C3CCCC3CCC42)CC1
C1CCC(C2CC3CCCC3C3CCC4CCCCC4C23)CC1
C1CCC2CC(C3CCCC4CCCC43)CCC2C1
C1CCC(CC2CCC3CCCCC3C2)C1
C1CCC2C(C1)CCCC1C3CCCC3CCC21
C(CC1CCC(C2CCCC2)CC1)CC1CCC2CCCC2C1
C1CCC(CC2CC3CCCCC3CC3CCC4CCCCC4C32)C1
C1CCC(CCC2CCC3C(CCCC4CC(C5CCCCC5)CCC43)C2)CC1
C1CCC(C2CCC3C(CCCCCC4CCC(C5CCCC5)C4)CCCC23)CC1
C1CCC(CCC2CCC3C(CCC3C3CCCCC3)C2)CC1
C1CCC(CCCCCC2CCC3CCCCC23)CC1
C1CCC2CCC(C3CCCC3)CC2CC1
C1CCC2CCC(C3CCCC4CCCC43)CC2CC1
C(CCCC1CCCC2C(C3CCCCC3)CCC12)CCC1CCCCC1
C1CCC(C2CCC(CCCCCC3CCCC4C(C5CCCCC5)CCC34)C2)CC1
C1CCC(CCC2CCC(C3CC3)CC2)CC1
C1CCC(CC2CCCC2CC2CCC3CCCCC3C3CCC4CCCCC4C23)CC1
C1CCC2CCC3C4CCCCC4CC(CC4CCCC4)C3C2CC1
C1CCC(C2CCC3CCC4(CCCCC4C4CCCCC4)CCC32)CC1
C1CCC2CCC(C3CCCC4CCCC43)CC2CC1
C1CCC(CCCCC2CCC3CCCCC23)CC1
C1CCC(C2CC3CCCCC3C3CCCCC23)CC1
C1CCC(C2CCC3CC4C(CCCC45CCCC5)CC32)CC1
C1CCC(C2CCC3CC4C(CCCC45CCCC5)CC32)CC1
C1CCC2CCC(CCC3CCC4C(CCC4C4CCCC(CC5CCCC5)C4)C3)CC2CC1
C1CCC2CCC3C4CCCC4CC(C4CCC(CCCCC5CCC6C(CCC7C8CCCC8CCC67)C5)CC4)C3C2CC1
C1CCC2CC(C3CCCC4CCCC43)CCC2C1
C(CCC1CCC2CCCCC2C1)CCC1CCCC2CCCCC12
C1CCC2C(C1)CCCC1C3CCCC3CCC21
C1CCC(CC2CCCCC2CC2CC3CCCCC3C3CCC4CCCCC4C23)CC1
C1CCC(C2CCCC3C(CCC4CCCCC43)C2)CC1
C1CCC(CCCC2CCC3CCC(C4CCCC5CCCC54)CC3C2)CC1
C1CCC(CCCCC2CC3CCCCC3C2)CC1
C1CCC(C2CCC3CC4(CCCCC4C4CCCCC4)CCC32)CC1
C1CCC(C2CCC3C(CCCCCC4CCC(CC5CCCC5)C4)CCCC23)CC1
C1CCC(CCCCC2CC3CCCCC3C2)CC1
C1CCCC(CC2CCCCC2CC2CC3CCCCC3C3CCC4CCCCC4C23)CC1
C1CCC(CCCCC2CCC3C2CCC2C4CCCCC4CCC32)CC1
C1CCC(CCC2CCC3C(CCC4C5CCCC5CCC34)C2)CC1
C(CCC1CCC2C1CCC1C3CCCCC3CCC21)CC1CC2CCCCC2C1
C1CCC(CCC2CC3CCCCC3C3CCC4CCCCC4C23)C1
C1CCC(C2CCC3CCCC4(CCCCC4)C3C2)CC1
C1CCC(CCCC2CCC(CCC3CCCCC3)CC2)CC1
C1CCC(CCCC2CCC3CCC(C4CCCC5CCCC54)CC3C2)CC1
C1CCC(CC2CC3CCCCC3CC3CCC4CCCCC4C32)C1
C1CCC(CCCCCC2CC3CCCCC3C2)CC1
C1CCC(C2CCC3CCC4(CCCCC4)C3C2)CC1
C1CCC(C2CC3CCCC3C3CCC4CCCCC4C23)CC1
C1CCC(CCCCC2CCCC3C2CCC2C4CCCCC4CCC32)CC1
C1CCC(C2CCC3CC4C(CCCC45CCCC5)CC32)CC1
C1CCC(CCCC2CCC3C(CCC3C3CCCCC3)C2)CC1
C1CCC2CC(C3CCCC4CCCC43)CCC2C1
C1CCC(CCC2CCC3C(CCC3C3CCCCC3)C2)CC1
C1CCC2C(C1)CCCC1CCCCC12
C1CCC(CC2CCCC2CC2CC3CCCCC3C3CCC4CCCCC4C23)CC1
C1CCC2C(C1)CC(C1CCCC3CCCC31)C1CCCC21
C1CCC(CCC2CCC3C(CCC4C5CCCC5CCC34)C2)CC1
C1CCC(CCCC2CCC(CC3CCC4C(CCC4C4CCCCC4)C3)CC2)CC1
C(CCCC1CCCCC1)CCCC1CCC(C2CCCCC2)C1
C1CCC(CCC2CCC3C(CCC4C5CCCC5CC(CCC5CCCCC5)C34)C2)CC1
C1CCC(CCC2CCC3C(CCC3C3CCCCC3)C2)CC1
C1CCC(C2CCC3CC4C(CCC45CCCCC5)CC32)CC1
C1CCC(CCC2CCC3C(CCC4CCCCC43)C2)CC1
C1CCC2CC(C3CCCC4CCCC43)CCC2C1
C1CCC(CC2CCC3CC4C(CCC45CCCCC5)CC23)CC1
C(CCC1CCC2CCCC2C1)CC1CCC(C2CCCC2)CC1
C1CCC2CCC3C4CCCC4CCC3C2CC1
C1CCC2C(C1)CCC1CCCCC12
C1CC2CCC3C(CCC4CCC5CC5C43)C2C1
C1CCC(C2CC3CCCCC3C3CCC4CCCCC4C23)CC1
C1CCC(C2CC3CCCC3C3CCCC4CCCCC4C23)CC1
C1CCC(CCCCCC2CC3CCCCC3C2)CC1
C1CCC(CC2CC3CCCCC3C3CCC4CCCCC4C23)CC1
C1CCC(C2CC3CCCC3C3CCC4CCCCC4C23)CC1
C1CCC(C2CC3CCCC3C3CCC4CCCCC4C23)CC1
C1CCC(CC2CCC3CC4(CCCCC4C4CCCCC4)CCC23)CC1
C1CCC(CCC2CCC3C(CCC3C3CCCCC3)C2)CC1
C1CCC2CC(C3CCCC4CCCC43)CCC2C1
C(CCCC1CCCC2C(C3CCCCC3)CCC12)CCC1CCCCC1
C1CCC2CCC3C4CCCC4CCC3C2CC1
C1CCC(CC2CCC3CCCCC3C3CCC4CCCCC4C23)CC1
C1CCC(CCCCC2CCC3CCCCC23)CC1
C1CCC(C2CCC3CC4C(CCCC45CCCCC5)CC32)CC1
C(CCCC1CCCCC1)CCCC1CCC(C2CCCCC2)C1
C1CCC(C2CCC3CC4C(CCC32)CCC42CCCC2)CC1
C1CCC(C2CCC3CC4C(CCC5C6CCCC(CCCC7CCC8CCCCC8C7)C6CCC45)CC32)CC1
C1CCC(CCCCCC2CC3CCCCC3C2)CC1
C(CCC1CCCC2CCCCC12)CC1CCC2CCCCC2C1
C1CCC2CC3CCCCC3CCC2C1
C(CCC1CCCC2CCCCC12)CC1CCC2CCCCC2C1
C1CCC(CC2CC3CCCCC3C3CCCCC23)CC1
C(CCC1CCCC2CCCCC12)CC1CCC2CCCCC2C1
C1CCC(CCCCCC2CC3CCCCC3C2)CC1
C(CCC1CCCC2CCCCC12)CCC1CCCC2CCCCC12
C(CCC1CCCC2CCCCC12)CCC1CCCC2CCCCC12
C1CCC(C2CCC3CC4C(CCC5C6CCC(CCCC7CC8CCCCC8C7)C6CCC45)CC32)CC1
C1CCC(CCCCC2CC3CCCCC3C2)CC1
C1CCC(C2CCCC3C(CCC4CCCCC43)C2)CC1
C1CCC(CCC2CCC3C(CCC3C3CCCC(CC4CCCC4)C3)C2)CC1
C1CCC(CC2CCC3C(CCC3C3CCCCC3)C2)CC1
C1CCC(C2CCCC3C(CCC4CCCCC43)C2)CC1
C1CCC2C(C1)CCC1C3CCCC3CCC21
C1CCC(CCCCC2CC3CCCCC3C2)CC1
C1CCC(C2C3CCCCC3CC3CC4CCCC4CC32)CC1
C1CCC(CCC2CCC3C(CC4CCCCC4)CCC3C2)CC1
C1CCC(C2CCC3C(CCCCCC4CCC(C5CCCC5)C4)CCCC23)CC1
C1CCC(C2CC3CCCC3C3CCC4CCCCC4CC23)CC1
C(CCC1CCC2CCCCC2C1)CCC1CCCC2CCCC12
C(CCCCC1CCC(C2CCCCC2)C1)CCCC1CCC2CCCC2C1
C1CCC(CCCCC2CCC3CCCCC23)CC1
C(CCC1CCCC2CCCCC12)CC1CC2CCCCC2C1
C(CCC1CCCC2CCCCC12)CC1CCCC2CCCCC12
C1CCC(CC2CC3CCCCC3C3CCC4CCCCCC4C23)CC1
C1CCC(CCCCC2CC3CCCCC3C2)CC1
C(CCC1CCC2C1CCC1C3CCCCC3CCC21)CC1CC2CCCCC2C1
C1CCC2CCC3C4CCCC4CCC3C2CC1
C1CCC2CC3CCC4C(CCCC5CC6CCCCC6C5)CCC4C3CCC2C1
C1CCC(C2CCC3CC4C(CCC32)CCC42CCCC2)CC1
C1CCC(CCCCCC2CCC3C2CCC2C4CCCCC4CCC32)CC1
C(CCCCC1CCC(C2CCCCC2)C1)CCCC1CCCCC1
C(CCCC1CCCC2CCCCC12)CCC1CCC(C2CCCCC2)C1
C1CCC(CCCCC2CCC3CCCCC23)CC1
C1CCC(CCC2CCC3C(CCC3C3CCCCC3)C2)CC1
C1CCC(CC2CCC(CC(CC3CCCCC3)C3CCCCC3)CC2)CC1
C1CCC2CCC(C3CCCC4CCCC43)CC2CC1
C1CCC(CC23CCCCC2CCC2C4CCCC4CCCC23)CC1
C1CCC(C2CCC(CCCCCC3CCCC4C(C5CCCCC5)CCC34)C2)CC1
C1CCC(C2CCC3CC4C(CCC45CCCC5)CC32)CC1
C1CCC(CCC2CCC(C3CCC4C(CCC4C4CCCCC4)C3)CC2)CC1
C1CCC(CCCC2CCC3CCC(C4CCCC5CCCC54)CC3C2)CC1
C1CCC(CCC2CCC3C(CCC3C3CCCCC3)C2)CC1
C1CCC(C2CCC3CC4C(CCCC5CC5)CCCCC4CC32)CC1
C1CCC(CCC2CCC3C(CCC4CCCCCC43)C2)CC1
C1CCC(CC2CCC(CCCCCC3CCCC4CCCCC34)C2)CC1
C1CCC2C(C1)CCC1C3CCCCC3CCCC21
C1CCC(CCCCCC2CCC3CCCCC23)CC1
C1CCC2CCC3C4CCCCC4CC(CC4CCCC4)C3C2CC1
C1CCC(CCCCC2CCC3CCCCC23)CC1
C1CCC2CC(C3CCCC4CCCC43)CCC2C1
C1CCC2C(C1)CCCC1C3CCCC3CCC21
C1CCC2CC(CCCC3CCCC4CCCCC43)CC2C1
C1CCC(C2CCC3CCC4C(CCCC45CCCC5)CC32)CC1
C1CCC(CC2CCC3C(CCC4CCCCC43)C2)C1
C(CCCC1CCCC2C(C3CCCCC3)CCC12)CCC1CCCCC1
C1CCC(C2CCC3CC4C(CCCC45CCCCC5)CC32)CC1
C1CCC2CC(C3CCCC4CCCC43)CCC2C1
C(CCC1CCCC2CCCCC12)CC1CCC2CCCCC2C1
C1CCC(C2CCC3CC4C(CCCC45CCCCC5)CC32)CC1
C1CCC(C2CC3CCCC3C3CCC4CCCCC4C3C2)CC1
C1CCC(CCCCC2CC3CCCCC3C2)CC1
C1CCC2C(C1)CCC1C3CCCCC3CCC21
C1CCC2CCC(CCC3CCC4C(CCC4C4CCCC(CC5CCCC5)C4)C3)CC2CC1
C(CCC1CCC2CCCCC2C1)CCC1CCCC2CCCC12
C1CCC(CC2CC3CCCCC3C3CCC4CCCCC4C23)C1
C1CCC(CCCC2CCC3C(CCC4CC(C5CCCCC5)CCC43)C2)CC1
C1CCC2CCC(C3CCCC4CCCC43)CC2CC1
C(CCC1CCCC2CCCC12)CC1CC2CCCCC2C1
C1CCC(CCCCCC2CC3CCCCC3C2)CC1
C1CCC2C(C1)CCC1C2CCC2C3CCCC3CC21
C1CCC(CCCC2CCC3CCC(C4CCCC5CCCC54)CC3C2)CC1
C1CCC(CCCCC2CCC3CCCCC23)CC1
C1CCC(C2CCC3CC4C(CCCC45CCCC5)CC32)CC1
C1CCC(CCC(CCC2CC3CCCCC3C2)C2CC2)CC1
C1CCC(CCC2CCCC3CC4C(CCC4C4CCCCC4)CC23)CC1
C1CCC(CCC2CCC3C(CCC3C3CCCC(CCC4CCCC4)C3)C2)CC1
C1CCC(C2CC3CCCC3C3CCC4CCCCCC4C23)CC1
C1CCC(C2CCC3C(CCC4CCCCC43)C2)CC1
C1CCC2C(C1)CCC1C3CCCCC3CCC21
C(CCC1CCC2C(CCC3C4CCCC4CCC23)C1)CC1CCC(C2CCC(C3CC4CCCC4C4CCC5CCCCC5C34)CC2)CC1
C1CCC(CCC2CCC3C(CCC4C5CCCCC5CC(CCC5CCCCC5)C34)C2)CC1
C1CCC(CCC2(CCCC3CCC4CCCCC4C3)CCCC3C4CCC5CCCCC5C4CCC32)C1
C1CCC(C2CC3CCCCC3C3CCC4CCCCC4C23)CC1
C1CCC(C2CCC3CC4C(CCCC45CCCCC5)CC32)CC1
C(CCC1CCC2CCC(C3CCCC4CCCC43)CC2C1)CC1CCC2CCCC2C1
C1CC2CCC3C(CCC4CCCCC43)CC2C1
C1CCC(CCCC2CCCC(C3CCC4CC(CCC5CCC6CCCCC6C5)CCC43)C2)CC1
C(CCC1CCC2CCCCC2C1)CC1CCCC2CCCCC2C1
C1CCC2CC(C3CCCC4CCCC43)CCC2C1
C1CCC(CC2CC3CCCCC3C3CCC4CCCCCC4C23)CC1
C1CCC(CCC2CCC3C(CCCC4C5CCCC5CC(CCC5CCCCC5)C34)C2)CC1
C1CCC2C(C1)CCC1C3CCCCC3CCC21
C1CCC(CCCCCC2CCC3CCC(C4CCCC5CCCC54)CC3C2)CC1
C1CCC(CCCC2CCC3C2CCC2C4CC5CCC(C6CCCCC6)C5CC4CCC32)CC1
C1CCC(C2CCC3CCCC3C3CCC4CCCCC4C23)CC1
C1CCC(CCC2CCCC3CC4C(CCC23)CCC4C2CCCCC2)CC1
C1CCC(CC2CC3CCCCC3C3CCC4CCCCC4C23)C1
C1CCC(CCC2(CCCC3CC4CCCCC4C3)CCC3C4CCCC5CCCCC5C4CCC32)C1
C1CCC2CC(C3CCCC4CCCC43)CCC2C1
C(CCC1CCCC2CCCCC12)CC1CC2CCCCC2C1
C1CCC(CCCCC2CC3CCCCC3C2)CC1
C(CCCC1CCCCC1)CCCC1CCC(C2CCCCC2)C1
C1CCC(CCC2(CCCC3CCC4CCCCC4C3)CCC3C4CCCC5CCCCC5C4CCC32)C1
C1CCC(C2CCC3CCC4C(CCC5C6CCC(CCCC7CCC8CCCCC8C7)C6CCC45)CC32)CC1
C(CCCC1CCCC2C1CCC2C1CCC(CC2CC2)CC1)CCC1CCCCC1
C1CCC(CCCCC2CC3CCCCC3C2)CC1
C1CCC(C2CCC3CC4(CCCCCC4C4CCCCC4)CCC32)CC1
C1CCC(CCCCCC2CCC3CCCCC23)CC1
C1CCC2CC3CCCCC3CCC2C1
C(CCC1CCCC2CCCCC12)CCC1CCCC2CCCC12
C(CCCC1CCCCC1)CCCC1CCC(C2CCCCC2)C1
C1CCC(CCCC2CCC3CCC(C4CCCC5CCCC54)CC3C2)CC1
C(CCCCCCC1CCC2C1CCCC1C3CCCCC3CCC12)CCCCCC1CCC(CCC2CCC(CCC3CCCC3)C2)C1
C1CCC(CCC(CCC2CCC3CCCC3C2)CC2CCCCC2)CC1
C1CCC(CCCCCC2CCCC3C(C4CCCCC4)CCC23)CC1
C1CCC(CCCCCC2CC3CCCCC3C2)CC1
C1CCC(CC2CCC3CC4(CCCCCC4C4CCCCC4)CCC23)CC1
C1CC2CCCC2C(CC2CC3CCCCC3C3CCCC23)C1
C1CCC(C2CCC3CC4C(CCCCC5CC5)CCCC4CC32)CC1
C1CCC(CCCCC2CCC3C2CCC2C4CCCCC4CCCC32)CC1
C1CCC(CC2CC3CCCCC3C3CCC4CCCCC4C23)C1
C(CCC1CCCC2CCCCC2C1)CCC1CCC(C2CCCCC2)C1
C1CCC(CC2CCC(CC(CC3CCCCC3)C3CCCCC3)CC2)CC1
C1CCC(CCCCC2CCC3CCCCC23)CC1
C1CCC(C2CCC3CC4CCCCC4CCC32)CC1
C1CCC(C2CC3CCCC3C3CCCC4CCCCC4C23)CC1
C1CCC(CCC2CC3CCCC3C3CCCC4CCCCC4C23)CC1
C(CCC1CCCC2CCCCC12)CCC1CCCC2CCCCC12
C1CCC2CC(CC3CCCC4CCCC43)CCC2C1
C1CCC2CCCCC2C(CCCCC2CCCC3CCCCC23)C1
C1CCC2CC(C3CCCC4CCCC43)CCC2C1
C(CCC1CCCC2CCCCC12)CCC1CCCC2CCCCC12
C1CCC(CCCCC2CCC3CCCCC23)CC1
C1CCC2C(C1)CCC1C2CCC2C3CCCC3CC21
C1CCC(CCCCC2(CCC3CCCC3)CCC3C4CCC5CCCCC5C4CCC32)CC1
C(CCC1CCCC2CCCC12)CC1CC2CCCCC2C1
C1CCC(CCCC2CCC3C2CCC2C4CC5CCC(C6CCCCC6)C5CCC4CCC32)CC1
C1CCC(CCCCC2CC3CCCCC3C2)CC1
C1CCC(CCCCCC2CCCC3C2CCC3C2CCC(CC3CC3)CC2)CC1
C1CCC(C2CCC3CCC4(CCCCC4C4CCCCC4)CCC32)CC1
C1CCC2CC(C3CCCC4CCCC43)CCC2C1
C1CCC(CCCCCC2CC3CCCCC3C2)CC1
C1CCC(CCC(CCC2CCC3CCCC3C2)CC2CCCCC2)CC1
C1CCC(C2CC3CCCC3C3CCCC4CCCCC4C23)CC1
C1CCC(CCC(CCC2CCC3CCCC3C2)CC2CCCCC2)CC1
C1CCC(C2CCC3CC4C(CCCC45CC(C4CCCCC4)C(C4CCCCC4)C5)CCC32)CC1
C1CCC(C2CC3CCCCC3C3CCCCC23)CC1
C(CCCC1(C2CCCCC2)CCC1)CCC1CCC(C2CCCCC2)C1
C1CCC(CCCCCC2CCCC3C(CC4CCCCC4)CCC23)CC1
C1CCC(CCC2CCC3C(CCC3C3CCCCC3)C2)CC1
C1CCC2CCC(C3CCCC4CCCC43)CC2CC1
C1CCC(CCCCC2CC3CCCCC3C2)CC1
C1CCC(C2CCC(CCCC3CCC4C3CCC3C5CCCCC5CCC43)C2)CC1
C1CCC(C2CC3CCCCC3C3CCCCC3C2)CC1
C1CCC(C2CCC3CC4(CCCCC4C4CCCCC4)CCCC32)CC1
C1CCC2CC(CCCC3CCC4C3CCC3C5CCCCC5CCC43)CC2C1
C1CCC(CCCCC2CC3CCCCC3C2)CC1
C1CCC(CCC2CCC3C(CCC3C3CCCCC3)C2)CC1
C1CCC(C2CCC3CC4(CCCCCC4C4CCCCC4)CCC32)CC1
C1CCC(CCC2CCC3C(CCC3C3CCCCC3)C2)CC1
C1CCC(C2CCC3CCC4CCCCC4C3CC2)CC1
C1CCC(C2CCC3CC4C(CCC32)CCC42CCCC2)CC1
C1CCC2CC(CCCC3CCC4C3CCCC3C5CCCCC5CCC34)CCC2C1
C1CCC2C(C1)CC(C1CCCC3CCCC31)C1CCCC21
C1CCC2C(C1)CCC1C3CCCC3CCC21
C1CCC(CCCCC2CCC3CCCCC23)CC1
C1CCC(CCCC2CCCC3CCC(C4CCCC5CCCC54)CC3C2)CC1
C1CCC(C2CCC3C(CCC4CCCCC43)C2)CC1
C1CCC2CC(C3CCCC4CCCC43)CCC2C1
C1CCC(CCC2CCC3C(CCC3C3CCCCC3)C2)CC1
C1CCC(CCC2CCC(C3CCC3)CC2)CC1
C(CCC1CCCCC2CCCCC12)CC1CCC2CCCCC2C1
C1CCC(CCC(CCC2CCC3CCCC3C2)CC2CCCCC2)CC1
C1CCC2CCC3C4CCCCC4CCC3C2CC1
C(CCCC1CCCC2C(C3CCCCC3)CCC12)CCC1CCCCC1
C1CCC(CCCCC2CC3CCCCC3C2)CC1
C1CCC(C2CCC3CC4C(CCC5C6CCCC(CCCC7CCC8CCCCC8C7)C6CCC45)CC32)CC1
C1CCC(CC2CC3CCCCC3C3CCC4CCCCC4C23)CC1
C(CCCC1CCC(C2CCCCC2)C1)CCC1CCCCC1
C1CCC2C(C1)CCC1CCCCC12
C(CCCC1CCCCC1)CCC1CCCCC1
C1CCC2CCC3C4CCC(CCC5CCCC5)C4CCC3C2CC1
C1CCC(CCCCC2CCC3CCCCC23)CC1
C1CCC(CCCCCC2CCC3CCCCC23)CC1
C1CCC(CCCC2CCC3C(CCC3C3CCCCC3)C2)CC1
C1CCC(C2CCC3CC4C(CCC5C6CCC(CCCC7CCC8CCCCC8C7)C6CCC45)CC32)CC1
C1CCC2C(C1)CCC1C3CCCC3CCC21
C1CCC2CCC3C4CCC(CCC5CCCC5)C4CCC3C2CC1
C1CCC(C2CC3CCCC3C3CCC4CCCCC4C23)CC1
C1CCC(C2CCC3CC4CCCCC4CC32)CC1
C1CCC(CCCCCC2CCCC3C(CC4CCCCC4)CCC23)CC1
C1CCC(C2CCC3CCCC3C3CCC4CCCCC4C23)CC1
C1CCC(CC2CCC3C(CCC3C3CCCCC3)C2)CC1
C1CCC2CC(CCCC3CCCC4C3CCC3C5CCCCC5CCC43)CCC2C1
C1CCC(CCCCC2CC3CCCCC3C2)CC1
C1CCC(C2CC3CCCC3C3CCCC4CCCCC4C23)CC1
C1CCC2CC(CCCC3CCC4C3CCCC3C5CCCCC5CCC34)CC2C1
C1CCC2CC(CCCC3CCC4C3CCCC3C5CCCCC5CCC34)CCC2C1
C1CCC2CC(C3CCCC4CCCC43)CCC2C1
C1CCC(CCC2CCC3C(CCC3C3CCCCC3)C2)CC1
C(CCCCC1CCC(C2CCCCC2)C1)CCCC1CCCCC1
C1CCC2CC(C3CCCC4CCCC43)CCC2C1
C(CCCC1CCCC2C(C3CCCCC3)CCC12)CCC1CCCCC1
C(CCC1CCCC2CCCCC12)CC1CCC2CCCCC2C1
C1CCC(CCCC2CC3CCCCC3C2C2CCCCC2)CC1
C1CCC2C(C1)CCC1C3CCCC3CCCC21
C1CCC(C2CCC3CC4C(CCC45CCCCC5)CC32)CC1
C1CCC(CCC(CC2CC2)CC2CC3CCCCC3C2)CC1
C1CCC(C2CC3CCCC3C3CCC4CCCCC4C23)CC1
C1CCC(CCC2CCC(CCCC3CCCC(CC4CCCC4)C3)CC2)CC1
C1CCC2CCC(C3CCCC4CCCC43)CC2CC1
C(CCCCCCC1CCC2C1CCC1C3CCCCC3CCC21)CCCCCC1CCC(CCC2CCC(CCC3CCCC3)C2)C1
C1CCC(CC2CC3CCCCC3C3CCC4CCCCC4C23)C1
C1CCC2CC(CCCC3CCC4C5CCC6CCCCC6C(CCC34)C5)CC2C1
C1CCC2CC(CCCC3CCC4C3CCC3C5CCCCC5CCCC43)CCC2C1
C1CCC2CCC3CCCCC3C2CC1
C1CCC(CCC2CCC3C(CCC4C5CCCCC5CC(CCC5CCCCC5)C34)C2)CC1
C1CCC(C2CCC3CC4C(CCCC45CCCCC5)CCC32)CC1
C1CCC(CC23CCCCCC2CCC2C4CCCC4CCC23)CC1
C1CCC(CCCCCC2CC3CCCCC3C2)CC1
C1CCC(CC2CCCC(CCC3CCC(CCC4CCC(C5CCC5)CC4)CC3)C2)C1
C1CCC2C(C1)CCCC1C2CCC2C3CCCC3CC21
C1CCC(CC2CCC3C(CCC3C3CCCCC3)C2)CC1
C1CCC(C2CC3CCCC3C3CCC4CCCCC4C23)CC1
C1CC2CCC3C(CCC4CCCCC43)CC2C1
C1CCC(C2CC3CCCCC3C3CCCCC3C2)CC1
C1CCC(C2CC3C(CCCC4CC4)CCC3C3CCC4CCCCC4C23)CC1
C1CCC(CC2CC3CCCCC3C3CCC4CCCCCC4C23)CC1
C1CCC(CCCC2CC3CCCC3C3CCC4CCCCC4C23)CC1
C(CCCC1CCCCC1)CCCC1CCC(C2CCCCC2)C1
C1CCC(CC2CCC(C3CC4CCCC4C4CCC5CCCCC5C34)CC2)C1
C1CCC2C(C1)CCC1CCCCC12
C1CCC(CCC(CCC2CCCCC2)CCC2CCC3CCCC3C2)CC1
C1CCC2CCC3C4CCCC4CCC3C2CC1
C1CCC(CCCCC2CC3CCCCC3C2)CC1
C1CCC(C2CCC3CCC4C(CCC5C6CCC(CCCC7CC8CCCCC8C7)C6CCC45)CC32)CC1
C1CCC2CCC3C4CCCC4CC(C4CCC(C5CCC5)CC4)C3C2CC1
C1CCC(CCC(CCC2CCC3CCCC3C2)CC2CCCCC2)CC1
C(CCCC1CCCCC1)CCCC1CCC(C2CCCCC2)C1
C1CCC(C2CC3CCCC3C3CCC4CCCCC4C23)CC1
C1CCC(C2CCC3CC4C(CCC45CCCCC5)CC32)CC1
C1CCC(CC2CC3CCCCC3C3CCCCC23)CC1
C1CCC(CCCCC2CC3CCCCC3C2)CC1
C(CCC1CC2CCCCC2C1)CCC1CCCC2CCCC12
C1CCC2CC(CCCC3CCC4CC5CCC6CCCCC6C5CCC34)CC2C1
C1CCC(CCCCC2CC3CCCCC3C2)CC1
C1CCC(C2CCC3CC4C(CCCC45CCCCC5)CC32)CC1
C1CCC(CCCCCC2CC3CCCCC3C2)CC1
C1CCC(CCC2CCCC3CC4C(CCC4C4CCCCC4)CC23)CC1
C1CCC(CCC2CCC3C(CCC3CC3CCCC(CC4CCCC4)C3)C2)CC1
C1CCC2C(C1)CCC1C3CCCCC3CCC21
C1CCC(C2CC3CCCC3C3CCCC4CCCCC4C23)CC1
C1CCC(C2CCC3CC4CCCCC4CC32)CC1
C1CCC(CCCCCC2CC3CCCCC3C2)CC1
C1CCC(CCCCC2CCC3CCCCC23)CC1
C1CCC2CC3CCC4CCCCC4C3CCC2C1
C1CCC2CCC(C3CCCC4CCCC43)CC2CC1
C1CCC(CCCCCC2CC3CCCCC3C2)CC1
C1CCC(C2CCC3CC4C(CCC32)CCC42CCCC2)CC1
C1CCC(CCC2CCC(CCC3CCCC(CC4CCCCC4)C3)CC2)CC1
C1CCC(C2CCC3C(CCC4CCCCC43)C2)CC1
C1CCC(CCC2(CCCC3CC4CCCCC4C3)CCC3C4CCC5CCCCC5C4CCC32)C1
C(CCC1CCCC2CCCC12)CC1CC2CCCCC2C1
C1CCC(CCCC2(CCC3CCCC3)CCC3C4CCC5CCCCC5C4CCCC32)CC1
C1CCC(CCCCC2CC3CCCCC3C2)CC1
C1CCC2CC(C3CCCC4CCCC43)CCC2C1
C1CCC2C(C1)CCC1C3CCCC3CCC21
C1CCC(C2CCC3CC4C(CCCC45CCCCC5)CC32)CC1
C1CCC(CCCCC2CCC3CCCCC23)CC1
C(CCC1CCCCC2CCCCC12)CC1CCC2CCCCC2C1
C(CCC1CCCC2CCCCC12)CC1CC2CCCCC2C1
C1CCC(C2CC3CCCC3C3CCCC4CCCCC4C23)CC1
C1CCC2CC(CCCC3CCC4C3CCC3C5CCCCC5CCC43)CCC2C1
C1CCC(C2CCC3CC4C(CCCCC45CCCC5)CC32)CC1
C1CCC2CCC(C3CCCC4CCCC43)CC2CC1
C1CCC(CCC2CCC3C(CCC3C3CCCCC3)C2)CC1
C1CCC(CC2CCC3CC4(CCCCC4C4CCCCC4)CCC23)CC1
C1CCC(C2CCC3CC4C(CCC45CCCC5)CC32)CC1
C1CCC(CCCC(CC2CCC3C(CCC3C3CCCCC3)C2)C2CCCCC2)CC1
C1CCC(C2CCC3CC4C(CCC5C6CCC(CCCC7CCC8CCCCC8C7)C6CCCC45)CC32)CC1
C1CCC(C2CCC3CC4CCCCC4CC32)CC1
C1CCC2CCC3C4CCCCC4CCC3C2CC1
C1CCC(CCCC2(CCC3CCCC3)CCC3C4CCC5CCCCC5C4CCC32)CC1
C1CCC(CCC2CCC(CCC3CCCC(CC4CCCC4)C3)CC2)CC1
C1CCC(C2CCC3CC4C(CCC5C6CCC(CCCC7CC8CCCCC8C7)C6CCC45)CC32)CC1
C1CCC(CCC2CCCCC2)CC1
C1CCC(CCC2CCC3C(CCC3C3CCCCC3)C2)CC1
C1CCC(C2CCC3CC4C5CCC6C(CCCC7CC8CCCCC8C7)CCC6C(CCC4CC32)C5)CC1
C1CCC(CCCC2CCCC3CCC(C4CCCC5CCCC54)CC3C2)CC1
C(CCC1CCCC2CCCCC12)CCC1CCCC2CCCCC12
C1CCC(CC2CCCC(CCC3CCC(CCC4CCC(C5CC5)CC4)CC3)C2)C1
C1CCC(C2CC3CCCC3C3CCC4CCCCC4C23)CC1
C(CCC1CC2CCCCC2C1)CCC1CCCC2CCCC12
C(CCC1CC2CCCCC2C1)CCC1CCCC2CCCC12
C1CCC(CCCCC2CC3CCCCC3C2)CC1
C1CCC(C2CCC3CCCC3C3CCC4CCCCC4C23)CC1
C1CCC2C(C1)CCCC1C3CCCC3CCC21
C(CCCC1CCCC2C(C3CCCCC3)CCC12)CCC1CCCCC1
C1CCC(C2CCC3CC4C(CCCC5C6CCC(CCCC7CC8CCCCC8C7)C6CCC45)CC32)CC1
C1CCC(CCC2CCC3C(CC4CCCCC4)CCC3C2)CC1
C1CCC(C2CC3CCCC3C3CCC4CCCCCC4C23)CC1
C1CCC2C(C1)CCC1C3CCCC3CCC21
C1CCC2C(C1)CCC1C3CCCC3CCC21
C1CCC(CCCCCC2CC3CCCCC3C2)CC1
C1CCC(CC2CC3CCCCC3CC3CCC4CCCCC4C32)C1
C1CCC(C2CCC3C(CCC4CCCCC43)C2)C1
C(CCC1CCC2C(CCC3C4CCCC4CCCC23)C1)CC1CCC(C2CCC(C3CC4CCCC4C4CCC5CCCCC5C34)CC2)CC1
C1CCC(CCCCC2CC3CCCCC3C2)CC1
C1CCC(C2CC3CCCC3C3CCC4CCCCCC4C23)CC1
C1CCC2CC(C3CCCC3)CCC2C1
C1CCC(CCCCCC2CC3CCCCC3C2)CC1
C1CCC2CCC(C3CCCC4CCCC43)CC2CC1
C1CCC2CCC3CCCCC3C2CC1
C1CCC2CC(CCCC3CCC4C3CCCC3C5CCCCC5CCC34)CC2C1
C1CCC(C2CC3CCCCC3C3CCC4CCCCC4C23)CC1
C(CCCC1CCCC2CCCCC12)CCC1CCC(C2CCCCC2)C1
C1CCC2CC(CCCC3CCC4C3CCCC3C5CCCCC5CCC34)CC2C1
C1CCC2C(C1)CCCC2CCCC1CCCC2CCCCC21
C1CCC(CCC2CCC3C(CCC3C3CCCCC3)C2)CC1
C1CCC(CCC2CCCCC3CC4C(CCC4C4CCCCC4)CC23)CC1
C1CCC(C2CC3CCCC3C3CCC4CCCCC4C23)CC1
C1CCC(CC2CCC(CCCCCC3CCCC4CCCCC34)C2)CC1
C(CCCC1CCCC2C(C3CCCCC3)CCC12)CCC1CCCCC1
C1CCC(CCCCCC2CC3CCCCC3C2)CC1
C1CCC(C2CCC3CCC4CCCCC4C3CC2)C1
C1CCC(CC2CCC3CCCCC3C3CCC4CCCCC4C23)CC1
C1CCC(CCCCCC2CCCC3C(C4CCCCC4)CCC23)CC1
C1CCC(CCCC(CC2CC3CCCCC3C2)C2CC2)CC1
C1CCC(C2CC3CCCC3C3CCCC4CCCCC4C23)CC1
C1CCC(CCC2CCC(CCC3CCCC(CC4CCCCC4)C3)CC2)CC1
C(CCC1CCC2C(CCC3C4CCCCC4CCC23)C1)CC1CCC(C2CC3CCCC3C3CCC4CCCCC4C23)CC1
C(CCCC1CCCCC1)CCCC1CCC(C2CCCCC2)C1
C1CCC2CCC(C3CCCC4CCCC43)CC2CC1
C1CCC(C2CC3CCCC3C3CCCC4CCCCC4C23)CC1
C1CCC(CCC2CC3CCCC3C3CCC4CCCCCC4C23)CC1
C1CCC(C2CCC(CCCCCC3CCCC4CCCCC34)C2)CC1
C1CCC2CCC3C4CCCC4CCC3C2CC1
C1CCC(C2CC3CCCC3C3CCC4CCCCC4C23)CC1
C1CCC(CCCC(CCC2CCC3CCCC3C2)CC2CCCCC2)CC1
C1CCC2CCC(C3CCCC4CCCC43)CC2CC1
C1CCC(C2CC3CCCCC3C3CCC(CCC4CCCC4)CC3C2)CC1
C1CCC(CCCCC2CC3CCCCC3C2)CC1
C1CCC(CCC(CC2CCCCC2)C2CCCCC2)CC1
C1CCC(CCCCC2CC3CCCCC3C2)CC1
C1CCC(C2CCC3CCCC3C3CCC4CCCCC4C23)CC1
C(CCCC1CCC(C2CCCCC2)C1)CCC1CCCCC1
C(CCC1CCCC1)CCC1CCCC2CCCCC12
C1CCC(CC2CCC3CC4C(CCC5C6CCC(CCCC7CC8CCCCC8C7)C6CCC45)CC23)CC1
C1CCC(C2CC3CCCC3C3CCC4CCCCCC4C23)CC1
C1CCC(CC2CC3CCCCC3C3CCC4CCCCCC4C23)CC1
C(CCC1CCCC2CCCC12)CC1CC2CCCCC2C1
C(CCC1CCC2C(CCC3C4CCCCC4CCC23)C1)CC1CCC(C2CC3CCCC3C3CCC4CCCCC4C23)CC1
C1CCC(CC2CCC3C(CC4CCCCC4)CCC3C2)CC1
C1CCC(CC2CC3CCCCC3C3CCC4CCCCC4C23)C1
C1CCC(CCCCC2CCC3CCCCC23)CC1
C1CCC2CC(C3CCCC3)CCC2C1
C1CCC(C2CCC3CC4C(CCC5C6CCCC(CCCC7CCC8CCCCC8C7)C6CCC45)CC32)CC1
C1CCC(CCCCC2CC3CCCCC3C2)CC1
C1CCC(CCC2CCC3C(CCC3C3CCCC3)C2)CC1
C(CCC1CCC2C1CCC1C3CCCCC3CCC21)CC1CCC2CCCCC2C1
C1CCC(CCCC2(CCC3CCCC3)CCC3C4CCC5CCCCC5C4CCC32)C1
C1CCC(CCCCC2CCC3CCC(C4CCCC5CCCC54)CC3C2)CC1
C1CCC(CCC2CCC3C(CCC3C3CCCCC3)C2)CC1
C1CCC(CCCCC2CC3CCCCC3C2)CC1
C1CCC2CC(CCCC3CCC4C3CCC3C5CCCCC5CCC43)CCC2C1
C1CCC(C2CCC3CC4C(CCCC45CCCC5)CC32)CC1
C1CCC(CCCC2CCCC(C3CCC4CC(CCC5CCC6CCCCC6C5)CCC43)C2)CC1
C1CCC(CCCCCC2CC3CCCCC3C2)CC1
C1CCC(CCCCC2CCC3CCC(C4CCCC5CCCC54)CC3C2)CC1
C(CCC1CCCC2CCCCC12)CCC1CCCC2CCCCC12
C1CCC(C2CCC3C(CCCC4CCCCC43)C2)CC1
C1CCC(CCC2CCC3C(CCC4C5CCCC5CC(CCC5CCCCC5)C34)C2)CC1
C1CCC(CCCCC2CC3CCCCC3C2)CC1
C1CCC(C2CCC3CC4C(CCC45CCCCCC5)CC32)CC1
C1CCC(CCCCCC2CCCC3C(C4CCCCC4)CCC23)CC1
C(CCCC1CCCCC1)CCC1CCCCC1
C1CCC(CCC2CCC(C3CCC4C(CC5CCCCC5)CCC4C3)CC2)CC1
C1CCC2C(C1)CCC1C3CCCC3CCC21
C1CCC2C(C1)CCC1C3CCCC3CCC21
C1CCC(C2CC3C(CCC4CC4)CCC3CC3CCC4CCCCC4C32)CC1
C1CCC(CCCCC2CCC3CCCCC23)CC1
C1CCC2CCC(C3CCCC4CCCC43)CC2CC1
C1CCC(C2CCC3CC4C(CCCC45CCC(C4CCCCC4)C(C4CCCCC4)C5)CC32)CC1
C1CCC(CCCCC2CC3CCCCC3C2)CC1
C1CC2CCC3C(CCCC4CCC5CC5C43)C2C1
C1CCC(CCCCCC2CCCCC2)CC1
C1CCC(C2CCC3CC4C(CC5CCC6CCCCC65)CCCCC4CC32)CC1
C1CCC(CCCC2CCC(C3CCC4C(CCC4C4CCCCC4)C3)CC2)CC1
C1CCC(CCCCC2CC3CCCCC3C2)CC1
C1CCC(C2CC3CCCC3C3CCC4CCCCC4C23)CC1
C(CCCC1CCCC2C(C3CCCCC3)CCC12)CCC1CCCCC1
C1CCC(C2CC3CCCC3C3CCC4CCCCC4C23)CC1
C1CCC(C2CCC3CCC4CCCCC4CC32)CC1
C1CCC2CCC(C3CCCC4CCCC43)CC2CC1
C1CCC(CCCC23CCCC2CCC2C4CCC5CCCCC5C4CCC23)C1
C1CCC(CCCC2CCC3C(CCC4CCCCC43)C2)CC1
C(CCCC1CCCC2C(C3CCCCC3)CCC12)CCC1CCCCC1
C1CCC(CCCCCC2CC3CCCCC3C2)CC1
C1CCC(CCCCC2CC3CCCCC3C2)CC1
C(CCCCC1CCC(C2CCCCC2)C1)CCCC1CCCCC1
C1CCC(CCC2CCC3C(CCC3C3CCCCC3)C2)CC1
C1CCC2C(C1)CCC1C3CCCCC3CCC21
C1CCC(CCCCC2CCC3C2CCC2C4CCCCC4CCC32)CC1
C1CCC(CCCCCC2CCCC3C(C4CCCCC4)CCC23)CC1
C1CCC(CCC2CCC3C(CCC3C3CCCCC3)C2)CC1
C1CCC(C2CCC3CC4C(CCC5C6CCC(CCCC7CC8CCCCC8C7)C6CCC45)CC32)CC1
C1CCC(CCCCC2CC3CCCCC3C2)CC1
C1CCC(CCCCC2CC3CCCCC3C2)CC1
C1CCC(CCCCC2CCC3C2CCC2C4CCCCC4CCC32)C1
C1CCC(CC2CC3CCCCC3C2C2CCCCC2)CC1
C(CCCCC1CCCC(CC(CC2CCC(CC3CCCCC3)CC2)C2CCCCC2)C1)CCCCC1CCC2C(CCC3C4CCCC4CCC23)C1
C1CCC2C(C1)CCCC1CCCCC12
C1CCC2CC(CCCC3CCC4C3CCCC3C5CCCCC5CCC34)CC2C1
C(CCCC1CCCCC1)CCCC1CCC(C2CCCCC2)C1
C(CCC1CCCC2CCCCC12)CCC1CCCC2CCCCC12
C1CCC2CC(CCCC3CCCC4CCCCC43)CC2C1
C1CCC(CC2CC3CCCCC3C3CCC4CCCCCC4C23)CC1
C1CCC(CCCCC2CCC3CCC(C4CCCC5CCCC54)CC3C2)CC1
C1CCC(CCCCCC2CC3CCCCC3C2)CC1
C1CCC2CCC(C3CCCC4CCCC43)CC2CC1
C1CCC2C(C1)CCC1CC3CC4CCCC4C3CCC12
C1CCC(C2CCC3CC4(CCCCCCC4C4CCCCC4)CCC32)CC1
C1CCC(C2CC3CCCCC3C3CCC4CCCCC4C23)CC1
C(CCC1CCCC2CCCCC12)CCC1CCCC2CCCC12
C1CCC(CCC2CCC3C2CCC2C4CCCCC4CCC32)C1
C1CCC2CCC(C3CCCC4CCCC43)CC2CC1
C1CCC2CC(C3CCCC4CCCC43)CCC2C1
C1CCC(C2CCC3CC4C(CCCC45CCCCC5)CCC32)CC1
C1CCC(C2CCC3CC4C(CCCCC45CCCC5)CC32)CC1
C1CC2CCCC3C(CCC4CCC5CC5C43)C2C1
C1CCC2CC(C3CCCC4CCCC43)CCC2C1
C1CCC(CCC2CCC3C2CCCC(C2CCCCC2)C2C4CCCCC4CCC32)CC1
C1CCC2CCC3C4CCC(CCCC5CC6CCCCC6C5)C4CCC3C2CC1
C1CCC(CCC(CCC2CCC3CCCC3C2)CC2CCCCC2)CC1
C1CCC2C(C1)CCCC1CCCCC12
C1CCC(C2CCC3CC4C(CCC5C6CCC(CCCC7CCC8CCCCC8C7)C6CCC45)CC32)CC1
C1CCC(CCCCC2CCC3CCCCC23)CC1
C1CCC2CCC(C3CCCC4CCCC43)CC2CC1
C1CCC(C2CCC3CC4CCCCC4CC32)CC1
C1CCC(CC2CC3CCCCC3C3CCC4CCCCCC4C23)CC1
C(CCCC1CCC2CCCC2C1)CCC1CCCCC1
C1CCC(CCC2CCC3C(CCC3C3CCCCC3)C2)CC1
C1CCC(C2CCC3CC4C(CCCC45CCCC5)CC32)CC1
C1CCC(C2CCC3C(CCC4CCCCC43)C2)CC1
C1CCC2CCC(C3CCCC4CCCC43)CC2CC1
C1CCC(C2CC3CCCC3C3CCC4CCCCC4C23)CC1
C1CCC(CCCC2(CCCC3CC4CCCCC4C3)CCC3C4CCC5CCCCC5C4CCC32)C1
C1CCC(CC2CCC3C(CCC3C3CCCCC3)C2)CC1
C(CCC1CCCC2CCCCC12)CC1CCC2CCCCC2C1
C1CCC2CCC(C3CCCC4CCCC43)CC2CC1
C1CCC(CCCCCC2CC3CCCCC3C2)CC1
C(CCC1CCCC2CCCC12)CC1CC2CCCCC2C1
C(CCC1CCCC2CCCC12)CC1CC2CCCCC2C1
C1CCC2CC(CCCC3CCC4C3CCCC3C5CCCCC5CCC34)CC2C1
C1CCC(C2CCC(CCCCCC3CCCC4C(C5CCCCC5)CCC34)C2)CC1
C1CCC2C(C1)CCCC1CCCCC12
C(CCC1CCCC2CCCCC12)CC1CCC2CCCCC2C1
C1CCC(CC2CC3CCCCC3C3CCC4CCCCC4C23)CC1
C1CCC(CCCCC2CC3CCCCC3C2)CC1
C1CCC(CCC2CCC3C(CC4CCCCC4)CCC3C2)CC1
C1CCC(CCC2CCC3C(CCC3C3CCCCC3)C2)CC1
C(CCC1CCC2CCCCC2C1)CCC1CCCC2CCCCC12
C(CCCC1CCCC2C(C3CCCCC3)CCC12)CCC1CCCCC1
C1CC2CCCC3C(CCC4CCC5CC5C43)C2C1
C1CCC(C2CCC3CC4C(CCC5C6CCCC6CCC45)CC32)CC1
C1CCC(CCCCC2CC3CCCCC3C2)CC1
C1CCC(CCC2CCC3C(CCC3C3CCCCC3)C2)CC1
C1CCC(CC2CC3CCCCC3C3CCC4CCCCCC4C23)CC1
C1CCC(C2CC3CCCC3C3CCC4CCCCC4CC23)CC1
C1CCC(CCC2CCC3C(CCC3C3CCCCC3)C2)CC1
C1CCC(CCCC2CCC3C(CCC3C3CCCCC3)C2)CC1
C1CCC(CCC2CCC3C(CCC3C3CCCCC3)C2)CC1
C1CCC(CCCCC2CCC3CCCCC23)CC1
C(CCCC1CCCCC1)CCC1CCCCC1
C1CCC(CCCCCC2CC3CCCCC3C2)CC1
C(CCCC1CCCCC1)CCCC1CCC(C2CCCCC2)C1
C1CCC2C(C1)CCC1C3CCCC3CCCC21
C1CCC(C2CC3CCCC3C3CCC4CCCCC4CC23)CC1
C1CCC(CCCCC2CC3CCCCC3C2)CC1
C(CCCC1CCCC2C(C3CCCCC3)CCC12)CCC1CCCCC1
C1CCC2CCC3C(CCC4C3CCC4(CCCC3CCC4CCCCC4C3)CCC3CCCC3)C2CC1
C1CCC(C2CC3CCCC3C3CCC4CCCCCC4C23)CC1
C1CCC2CCC3C4CCCCC4CC(CC4CCCC4)C3C2CC1
C1CCC(CC2CC3CCCCC3C3CCC4CCCCC4C23)CC1
C1CC2CCC3C(CCC4CCCCC43)CC2C1
C1CCC(CCCCC2CCC3CCC(C4CCCC5CCCC54)CC3C2)CC1
C1CCC(CC2CCC(CCCC3CCC4C3CCC3C5CCCCC5CCC43)C2)CC1
C1CCC2C(C1)CCC1C3CCCC3CCC21
C1CCC2CCC3C4CCCC4CCC3C2CC1
C1CCC2CCC3C4CCC(CCCC5CCCC6CCCCC65)C4CCC3C2CC1
C1CCC(CCCCC(CC2CCC3C(CCC3C3CCCCC3)C2)C2CCCCC2)CC1
C1CCC2CCC3C4CCC(CCCC5CC6CCCCC6C5)C4CCC3C2CC1
C1CCC(CCCCCC2CCCC3C(CC4CCCCC4)CCC23)CC1
C1CCC(CCC2CCCC3CCC(C4CCCC5CCCC54)CC3C2)CC1
C(CCC1CCCC2CCCCC12)CC1CCC2CCCCC2C1
C1CCC2CCC(C3CCCC4CCCC43)CC2CC1
C1CCC(C2CCC(CCCCCC3CCCC4CCCCC34)C2)CC1
C1CCC(C2(CCCCC3CCC4CCCCC4C3)CCCC3CCCCC32)CC1
C1CCC(CCC2CCC3C(CCC3C3CCCCC3)C2)CC1
C1CCC2CCC(C3CCCC4CCCC43)CC2CC1
C1CCC2C(C1)CCC1CCCCC12
C1CCC(CCC2CCC(CCCC3CCCC(CC4CCCC4)C3)CC2)CC1
C1CCC2C(C1)CCC1C3CCCC3CCC21
C1CCC(C2CC3CCCC3C3CCC4CCCCC4C23)CC1
C(CCC1CCCC2CCCC12)CC1CC2CCCCC2C1
C1CCC(C2CCC3CC4C(CCC5C6CCC(CCCCC7CCC8CCCCC8C7)C6CCC45)CC32)CC1
C1CCC(CC2CC3CCCCC3C3CCC4CCCCCC4C23)CC1
C1CCC(C2CC3CCCCC3C3CCC4CCCCC4C23)CC1
C1CCC(C2CCC3CCC4CCCCC4C3CC2)CC1
C1CCC2CCC3C4CCC(CCCC5CC6CCCCC6C5)C4CCC3C2CC1
C1CCC(CCCCCC2CCCC3C(CC4CCCCC4)CCC23)CC1
C1CCC(CCCCCC2CCCC3C(C4CCCCC4)CCC23)CC1
C1CCC(C2CCC3C(CCC3C3CCCCC3)C2)CC1
C1CCC(CC2CCC3C(CCC3C3CCCCC3)C2)CC1
C1CCC(CC2CCC3C(CC4CCCCC4)CCC3C2)CC1
C1CCC(C2CCC(CCCCCC3CCCC4C(C5CCCCC5)CCC34)C2)CC1
C1CCC2C(C1)CCCC2CCCC1CCCC2C1CCC1C3CCCCC3CCC21
C1CCC2CCC(C3CCCC4CCCC43)CC2CC1
C1CCC(C2CC3CCCC3C3CCC4CCCCCC4C23)CC1
C(CCCC1CCCC2C(C3CCCCC3)CCC12)CCC1CCCCC1
C1CCC2C(C1)CCC1C3CCCC3CCC21
C(CCCC1CCCC2C(C3CCCCC3)CCC12)CCC1CCCCC1
C1CCC(CCCCCC2CCCC3C(CC4CCCC(CC5CC5)C4)CCC23)CC1
C1CCC(C2CCC(C3CC4CCCC4C4CCC5CCCCC5C34)CC2)C1
C1CCC(C2CCC3C(CCC4CCCCC43)C2)C1
C1CCC2CC(CC3CCCC4CCCC43)CCC2C1
C1CCC(C2CCC3CCC4C(CCC5C6CCC(CCCC7CCC8CCCCC8C7)C6CCC45)CC32)CC1
C1CCC(C2CC3CCCC3C3CCC4CCCCC4C23)CC1
C1CCC(CC2CC3CCCCC3C3CCC4CCCCC4C23)CC1
C1CCC(CCC2CCC(CC3CC3)CC2)CC1
C1CCC(C2CCCC3C(CCC4CCCCC43)C2)C1
C1CCC2CC(CCCC3CCCC4C3CCC3C5CCCCC5CCC43)CC2C1
C1CCC2CC(C3CCCC4CCCC43)CCC2C1
C1CCC2C(C1)CCC1CCCCC12
C1CCC(CC2CCC3C(CCC3C3CCCCC3)C2)CC1
C1CCC(C2CCC3CC4C(CCC32)CCC2C3CCC(CCCC5CCC6CCCCC6C5)C3CCC42)CC1
C1CCC(C2CC3CCCC3C3CCC4CCCCC4C23)CC1
C1CCC(C2CCCC3C(CCC4CCCCC43)C2)CC1
C1CCC(CCC(CC2CCC(CC3CCCCC3)CC2)C2CCCCC2)CC1
C1CCC(C2CCCC(CC3CCC4CCCCC4C4CCC5CCCCC5C34)C2)C1
C1CCC(CCCCC2CC3CCCCC3C2)CC1
C1CCC(C2CC3CCCC3C3CCC4CCCCCC4C23)CC1
C1CCC(CCCCC2CC3CCCCC3C2)CC1
C1CCC(CCC(CC2CC3CCCCC3C2)C2CCCC2)CC1
C1CCC2CCC(C3CCCC4CCCC43)CC2CC1
C1CCC2CCC(C3CCCC4CCCC43)CC2CC1
C1CCC2CC(C3CCCC4CCCC43)CCC2C1
C1CCC(CCCCCC2CC3CCCCC3C2)CC1
C1CCC(CCCC2CCCC(C3CCC4CC(CCC5CCC6CCCCCC6C5)CCC43)C2)CC1
C1CCC(CC2CC3CCCCC3C3CCC4CCCCCC4C23)CC1
C1CCC2CCC3C4CCCCC4CCC3C2CC1
C1CCC(CCC2(CCCC3CCC4CCCCC4C3)CCC3C4CCCC5CCCCC5C4CCC32)C1
C1CCC(C2CC3CCCC3C3CCC4CCCCC4C23)CC1
C1CCC(C2CCC3CC4C(CCC45CCCCC5)CC32)CC1
C1CCC2CC(C3CCCC4CCCC43)CCC2C1
C1CCC2C(C1)CCCC1C3CCCC3CCC21
C(CCC1CCCC2CCCCC12)CC1CCC2CCCCC2C1
C(CCC1CCC2C1CCC1C3CCCCC3CCC21)CC1CCC2CCCCC2C1
C1CCC2CCC3C4CCC(CCCC5CC6CCCCC6C5)C4CCC3C2CC1
C1CCC2CC(CC3CCCC4CCCC43)CCC2C1
C1CCC(C2CC3CCCC3C3CCC4CCCCC4C23)CC1
C1CCC(C2CCC3CCC4C(CCC5C6CCC(CCCC7CC8CCCCC8C7)C6CCC45)CC32)CC1
C1CCC(CCC2CCCCC3CCC(C4CCCC5CCCC54)CC23)CC1
C1CCC(CCCCC2CC3CCCCC3C2)CC1
C1CCC2CC(C3CCCC4CCCC43)CCC2C1
C(CCC1CCCC2CCCCC12)CC1CCC2CCCCC2C1
C(CCC1CCC2CCCCC2C1)CCC1CCCC2CCCCC12
C(CCC1CCCC2CCCC12)CC1CC2CCCCC2C1
C1CCC(C2CCC3CC4C(CCCCC45CCCC5)CC32)CC1
C1CCC(CC2CCC3CCCCC3C3CCC4CCCCC4C23)CC1
C1CCC(CCC2CCC(CC3CC3)CC2)CC1
C1CCC2C(C1)CCC1C3CCCC3CCCC21
C(CCCC1CCCC2C(C3CCCCC3)CCC12)CCC1CCCCC1
C1CCC(CCC2CCC3C(CCC4C5CCCC5CCC34)C2)CC1
C1CCC2C(C1)CC(C1CCCC3CCCCC31)C1CCCC21
C1CCC(C2CCC(CCCC3CCC4C3CCC3C5CCCCCC5CCC43)C2)CC1
C1CCC(CCC2CCC3C(CCC3C3CCCCC3)C2)CC1
C(CCC1CCCC2CCCC12)CC1CC2CCCCC2C1
C1CCC(C2CC3CCCC3C3CCC4CCCCC4C23)CC1
C1CCC(C2CC3CCCCC3C3CCCCC23)CC1
C1CCC2CC(CCCC3CCC4C3CCC3C5CCCCC5CCCC43)CC2C1
C1CCC(CCCCC2CC3CCCCC3C2)CC1
C1CCC2C(C1)CCC1C2CCC2C3CCCC3CC21
C1CCC2CCC3C4CCCC4CC(C4CCC(C5CCC(CCCCC6CCC7C(CCC8C9CCCC9CCC78)C6)CC5)CC4)C3C2CC1
C1CCC(C2CCC3CC4C(CCCC45CCCC5)CC32)CC1
C(CCCC1CCCC2C(C3CCCCC3)CCC12)CCC1CCCCC1
C1CCC(CCCC2CCC3CCCC3C2)CC1
C1CCC2CCC3C4CCCCC4CCC3C2CC1
C1CCC(CC2CC3CCCCC3C3CCC4CCCCC4C23)CC1
C1CCC(C2CCC3CC4C(CCC5C6CCC(CCCC7CC8CCCCC8C7)C6CCC45)CC32)CC1
C1CCC(CCC2CCC3C(CCC3C3CCCCC3)C2)CC1
C1CCC(CCCC2CCC(C3CCC4C(CCC4C4CCCCC4)C3)CC2)CC1
C(CCC1CCCC2CCCCC12)CC1CCC2CCCCC2C1
C1CCC(CCCC2CCC(C3CCC4C(CCC4C4CCCCC4)C3)CC2)CC1
C1CCC2C(C1)CCC1C3CCCC3CCC21
C1CCC(C2CCC3CC4C(CCC45CCCCC5)CC32)CC1
C1CCC2C(C1)CCCC2CCC1CC2CCCCC2C2CCC3CCCCC3C12
C1CCC(CCC2CCC3C2CCC(C2CCCCC2)C2C4CCCCCC4CCC32)CC1
C1CCC(CC2CCC(CC(CC3CCCCC3)C3CCCCC3)CC2)CC1
C1CCC2C(C1)CCC1C2CCC2C3CCCCC3CC21
C(CCC1CCCC2CCCCC12)CC1CC2CCCCC2C1
C1CCC(C2CCC3CC4C(CCC5C6CCC(CCCC7CC8CCCCC8C7)C6CCC45)CC32)CC1
C1CCC(C2CC3CCCCC3C3CCC4CCCCC4C23)CC1
C1CCC2CC(CC3CCCC4CCCC43)CCC2C1
C1CCC(CCCC2CCC(CCC3CCCCC3)CC2)CC1
C1CCC2C(C1)CCCC1CCCCC12
C1CCC(C2CC3CCCC3C3CCC4CCCCCC4C23)CC1
C1CCC(CCCCCC2CC3CCCCC3C2)CC1
C1CCC(CCCCCC2CCCC3C(C4CCCCC4)CCC23)CC1
C1CCC(C2CCC3C(CCC4CCCCC43)C2)C1
C1CCC(C2CCC3CC4C(CCCCC45CCCCC5)CC32)CC1
C1CCC(CCCC2CCC3C(CCC3C3CCCCC3)C2)CC1
C1CCC(C2CCC3CCC4CCCCC4C3CC2)CC1
C1CCC2C(C1)CCCC1CCCCC12
C1CCC(C2CC3CCCC3C3CCC4CCCCC4CC23)CC1
C(CCCC1CCCCC1)CCCC1CCC(C2CCCCC2)C1
C1CCC(CCCCCC2CCCC3C2CCC3C2CCC(CCC3CC3)CC2)CC1
C(CCCC1CCCC2C(C3CCCCC3)CCC12)CCC1CCCCC1
C1CCC2CC(C3CCCC4CCCC43)CCC2C1
C1CCC(CC2CCC3CCCCC3C3CCC4CCCCC4C23)CC1
C1CCC(CC2CC3CCCCC3C3CCC4CCCCCC4C23)CC1
C1CCC(CCC2CCC(CCC3CCCCC3)CC2)CC1
C(CCCC1CCCC2C(C3CCCCC3)CCC12)CCC1CCCCC1
C1CCC2CC3CCC4CCCC4C3CCC2C1
C1CCC2CC(CCCC3CCC4C3CCC3C5CCCCC5CCCC43)CC2C1
C1CCC2CC(C3CCCC4CCCC43)CCC2C1
C(CCC1CCCC2CCCCC12)CC1CCC2CCCCC2C1
C1CCC(CC2CCC3CCCCC3C3CCC4CCCCC4C23)CC1
C1CCC2CCC3C4CCCC4CCC3C2CC1
C1CCC(CC2CC3CCCCC3CC3CCC4CCCCC4C32)CC1
C1CCC(CCC2CCC3C(CCC3C3CCCC(CC4CCCC4)C3)C2)CC1
C1CCC(C2CC3CCCC3C3CCC4CCCCC4C23)CC1
C1CCC(C2CC3CCCCC3C3CCC4CCCCC4C23)CC1
C1CCC(CC2CC3CCCCC3C3CCC4CCCCCC4C23)CC1
C1CCC(CCC2CCC3C(CCC3C3CCCC(CC4CCCCC4)C3)C2)CC1
C1CCC(CCCCC2CCCC(C3CCC4CC(CCC5CCC6CCCCC6C5)CCC43)C2)CC1
C1CCC(CCC2CCC3C(CC4CCCCC4)CCC3C2)CC1
C1CCC(C2CC3CCCC3C3CCC4CCCCC4C23)CC1
C1CCC(CC2CCC3CC4C(CCC5C6CCC(CCCC7CCC8CCCCC8C7)C6CCC45)CC23)CC1
C1CCC(CC2CC3CCCCC3C3CCC4CCCCCC4C23)CC1
C1CCC(CCC2CCC3C2CCC(C2CCCCC2)C2C4CCCCCC4CCC32)CC1
C1CCC(CCCCC2CC3CCCCC3C2)CC1
C(CCCC1CCCC2C(C3CCCCC3)CCC12)CCC1CCCCC1
C1CCC(C2CCC3C(CCCCCC4CCC4)CCCC23)CC1
C1CCC(CCC2CCC3C(CCC3C3CCCCC3)C2)CC1
C1CCC(C2CC3CCCC3C3CCC4CCCCC4CC23)CC1
C1CCC(CCC2CCC(C3CCC3)CC2)CC1
C1CCC(CC2CC3CCCCC3C3CCC4CCCCC4C3C2)CC1
C1CCC(CCC2CCC(CCC3CCCC(CCC4CCCC4)C3)CC2)CC1
C(CCCC1CCCCC1)CCCC1CCC(C2CCCCC2)C1
C1CCC(CCCCCC2C3CCCCC3CCC2C2CCCC3CCCC32)CC1
C1CCC(CCCCCC2CCC3CCCCC23)CC1
C1CCC(CCCC2CCC3C2CCC2C4CCC5CCC(C6CCCCC6)C5CC4CCC32)CC1
C1CCC(CCCCC2CC3CCCCC3C2)CC1
C1CCC(C2CCC3CC4C(CCC45CCCC5)CC32)CC1
C1CCC(CCCCCC2CCC3CCCCC23)CC1
C1CCC(C2CCC3CC4C(CCC45CCCC5)CC32)CC1
C1CCC2CC(C3CCCC4CCCC43)CCC2C1
C1CCC2CC(CCCC3CCCC4CCCCC43)CC2C1
C1CCC(CCCCCC2CCCC3C(C4CCCCC4)CCC23)CC1
C1CCC(CCCC2CCCC3CCC(C4CCCC5CCCC54)CC23)CC1
C1CCC(CCC2CCC3C(CCC3C3CCCCC3)C2)CC1
C1CCC(CCCC2CCC3CCC(C4CCCC5CCCC54)CC3C2)CC1
C1CCC(CC2CC3CCCCC3C3CCC4CCCCC4C23)CC1
C1CCC(CCC(CCC2CCCCC2)CCC2CCC3CCCCC3C2)CC1
C1CCC2CCC3C4CCC(CCCC5CC6CCCCC6C5)C4CCC3C2CC1
C(CCC1CCCC2CCCC12)CC1CC2CCCCC2C1
C1CCC(CCCCC2CC3CCCCC3C2)CC1
C1CCC(C2CCC3CC4C(CCC45CCCCC5)CC32)CC1
C(CCCC1CCCCC1)CCCC1CCC(C2CCCCC2)C1
C1CCC(C2CCC3CCC4(CCCCC4)C3C2)CC1
C1CCC(C2CCC3CC4(CCCCCC4C4CCCCC4)CCC32)CC1
C1CCC(CCCCCC2CC3CCCCC3C2)CC1
C1CCC(CCC(CC2CCC(CC3CCCCC3)CC2)C2CCCCC2)CC1
C1CCC(C2CCC3CC4C(CCC45CCCCC5)CC32)CC1
C1CCC2C(C1)CC(C1CCCC1)C1CCCC21
C1CCC(C2CC3CCCC3C3CCC4CCCCC4C23)CC1
C1CCC(CCC2CCC3C(CCC3C3CCCCC3)C2)CC1
C1CCC(CCCC2CCC3CCC(C4CCCC5CCCC54)CC3C2)CC1
C1CCC(CCC2(CCCCC3CC4CCCCC4C3)CCC3C4CCC5CCCCC5C4CCC32)C1
C1CCC(C2CC3CCCC(C3)C3CCC4CCCCC4C32)CC1
C1CCC(CCCCC2CCC3CCCCC23)CC1
C(CCC1CCC2CCCCC2C1)CC1CCCC2CCCCC2C1
C1CCC2CC(CCCC3CCC4C3CCC3C5CCCCC5CCC43)CC2C1
C1CCC2CCC3C(CCC4C3CCC4(CCCC3CCC4CCCCC4C3)CCC3CCCC3)C2CC1
C1CCC(C2CCC3CCC4CCCCC4C3CC2)CC1
C(CCCCC1CCC(C2CCCCC2)C1)CCCC1CCC2CCCC2C1
C1CCC(CC2CCC3C(CCC4CCCCC43)C2)CC1
C1CCC(CC2CCC3C(CCC3C3CCCCC3)C2)CC1
C1CCC(C2CC3CCCC3C3CCC4CCCCC4C23)CC1
C1CCC(C2CC3CCCC3C3CCC4CCCCC4C23)CC1
C1CCC(CCCCC2CCC3CCC(C4CCCC5CCCC54)CC3C2)CC1
C1CCC(CCCCC2CC3CCCCC3C2)CC1
C1CCC2CC(CC3CCCC4CCCC43)CCC2C1
C1CCC2CC(C3CCCC3)CCC2C1
C1CCC(CCCCC2CCC3CCCCC23)CC1
C(CCCCC1CCC(C2CCCCC2)C1)CCCC1CCCCC1
C1CCC(CCCC(CCC2CCC3CCCC3C2)CC2CCCCC2)CC1
C1CCC(CCCCCC2CC3CCCCC3C2)CC1
C1CCC(CCCCCC2CCCC3C(CC4CCCCC4)CCC23)CC1
C1CCC(C2CCCCC2CC2CC3CCCCC3C3CCC4CCCCC4C23)CC1
C1CCC(CCCCC2CC3CCCCC3C2)CC1
C1CCC(CC(CC2CCCCC2)C2CCCCC2)CC1
C1CCC2C(C1)CC(C1CCCC3CCCCC31)C1CCCC21
C1CCC(C2CCC3CCCCC3C3CCCCC23)CC1
C1CCC(CC2CC3CCCCC3C3CCC4CCCCCC4C23)CC1
C1CCC(CCCCCC2CCCC3C(C4CCCCC4)CCC23)CC1
C1CCC(C2CC3CCCCC3C3CCCCC23)CC1
C1CCC(CCCC2CCC3CCC(C4CCCC5CCCC54)CC3C2)CC1
C1CCC2C(C1)CCCC1CCCCC12
C1CCC2CCC(C3CCCC4CCCC43)CC2CC1
C1CCC2CC(C3CCCC4CCCC43)CCC2C1
C1CCC(CCCCC2CCC3CCCCC23)CC1
C1CCC(CCCC(CCC2CCC3CCCC3C2)CC2CCCCC2)CC1
C1CCC(C2CCC3CCC4C(CC5CC6CCCCC6C5)CCCC4CC32)CC1
C(CCCC1CCCC2C(C3CCCCC3)CCC12)CCC1CCCCC1
C1CCC(CC2CCC3CCCCC3C3CCC4CCCCC4C23)C1
C1CCC(C2CCC3CC4C(CCC5CCCCCC54)CC32)CC1
C1CCC2CCC3C(CCC4C3CCC4(CCCC3CCC4CCCCC4C3)CCC3CCCC3)C2CC1
C(CCCC1CCCCC1)CCCC1CCC(C2CCCCC2)C1
C1CCC2C(C1)CC(C1CCCC3CCCCC31)C1CCCC21
C1CCC(CCC(CCC2CCC3CCCC3C2)CC2CCCCC2)CC1
C1CCC(CC2CCC3C(CCCCCC4CCC(C5CCCC5)C4)CCCC23)CC1
C1CCC(C2CCC(CC3CC4CCCCC4C4CCC5CCCCCC5C34)CC2)CC1
C1CCC(C2CC3CCCCC3C3CCCCC23)CC1
C(CCCC1CCCC2C(C3CCCCC3)CCC12)CCC1CCC(C2CCCC2)C1
C1CCC(CCC2CCCCC3CC4C(CCC4C4CCCCC4)CC23)CC1
C1CCC2CC(C3CCCC4CCCCC43)C3CCCC3C2CC1
C1CCC(CCCC2CCC(C3CCCC4C(C5CCCCC5)CCC34)C2)CC1
C1CCC(CCC2CCC3C(CCC4CCCCC43)C2)CC1
C1CCC2CC(C3CCCC3)CCC2C1
C1CCC(CCCCCC2CCC3C(CCC3C3CCCCC3)C2)CC1
C1CCC(C2CCC3CC4C(CCCCC45CCCC5)CC32)CC1
C1CCC(CCCCCC2CCC3CCCCC23)CC1
C1CCC2C(C1)CCC1C3CCCC3CCC21
C1CCC2C(C1)CCC1C3CCCCC3CCC21
C(CCCC1CCCCC1)CCCC1CCC(C2CCCCC2)C1
C(CCCCC1CCC(C2CCCCC2)C1)CCCC1CCCCC1
C(CCCC1CCCC2CCCCC12)CCC1CCCC1
C1CCC2CCC3C4CCCCC4CC(CC4CCCC4)C3C2CC1
C1CCC2C(C1)CCC1C3CCCCC3CCC21
C1CCC(CCC2CCC3C(CCC3C3CCCCC3)C2)CC1
C(CCC1CCCC2CCCC12)CC1CC2CCCCC2C1
C1CCC2CC3CCC(C4CCCCC4)C3CC2CC1
C1CCC(CCCC2CCC3C(CCC4C5CCCC5CCC34)C2)CC1
C1CCC2C(C1)CC(C1CCCC1)C1CCCC21
C1CCC(CCCCCC2CCCC3C(C4CCCCC4)CCC23)CC1
C1CCC2CCC(C3CCCC4CCCC43)CC2CC1
C1CCC(C2CCC(CCCCCC3CCCC4CCCCC34)C2)CC1
C(CCC1CCCC2CCCCC12)CCC1CCCC2CCCCC12
C(CCC1CCCC2CCCCC12)CC1CCCC2CCCCC12
C1CCC(CCC2CCC3C(CCC3C3CCCCC3)C2)CC1
C1CCC2CC(C3CCCC4CCCC43)CCC2C1
C1CCC(CCCCC2CC3CCCCC3C2)CC1
C1CCC(C2CC3CCCC3C3CCC4CCCCC4C23)CC1
C1CCC2C(C1)CCC1C2CCC2C3CCCC3CCC21
C1CCC(CC2CC3CCCCC3C3CCC4CCCCC4C23)CC1
C1CCC(CC2CCCCC23CCC2C(CCC2C2CCCCC2)C3)CC1
C1CCC2CCC3C4CCCC4CC(C4CCC(C5CCCC5)CC4)C3C2CC1
C1CCC2CCC(C3CCCC4CCCC43)CC2CC1
C1CCC(CCCC2CCCC3CCC(C4CCCC5CCCC54)CC3C2)CC1
C1CCC2CC(C3CCCC3)CCC2C1
C1CCC2CCC3C4CCCC4CCC3C2CC1
C1CCC2CCC3C4CCC(CCCC5CC6CCCCC6C5)C4CCC3C2CC1
C1CCC(C2CC3CCCC3C3CCC4CCCCC4C23)CC1
C1CCC(C2CC3CCCC3C3CCCC4CCCCC4C23)CC1
C1CCC2CC(CC3CCCC4CCCC43)CCC2C1
C1CCC(CC2CCC(CC(CC3CCCCC3)C3CCCCC3)CC2)CC1
C1CCC(CCC2CCC(C3CCC3)CC2)CC1
C1CCC(C2CCC3CCCC3C3CCC4CCCCCC4C23)CC1
C1CCC(CCCCCC2CCCC3C(C4CCCCC4)CCC23)CC1
C1CCC(C2CCC3CC4C(CCC32)CCC2C3CCC(CCCC5CCC6CCCCC6C5)C3CCC42)CC1
C(CCC1CCC2C(CCC3C4CCCC4CCC23)C1)CC1CCC(C2CC3CCCC3C3CCC4CCCCC4C23)CC1
C1CCC(CCCCC2CCC3CCCCC23)CC1
C(CCCC1CCCC2C(C3CCCCC3)CCC12)CCC1CCCCC1
C1CCC(C2CCC3CC4C(CCC5C6CCC(CCCCC7CC8CCCCC8C7)C6CCC45)CC32)CC1
C(CCCC1CCCC2C(C3CCCCC3)CCC12)CCC1CCCCC1
C(CCCC1CCCCC1)CCCC1CCC(CC2CCCCC2)C1
C1CCC(CCCCC2CCC3CCCCC23)CC1
C1CCC2CC(CCCC3CCC4C3CCC3C5CCCCC5CCC43)CC2C1
C1CCC(CCCC2CCCC3CCCCC32)C2CCCCC2C1
C1CCC(CCCC2CCC(C3CCC4C(CC5CCCCC5)CCC4C3)CC2)CC1
C1CCC(C2CCC3(CCC4CCC5C(CCC5C5CCCCC5)CC43)C2)CC1
C1CCC(CCC2(CCCC3CCC4CCCCC4C3)CCC3C4CCC5CCCCC5C(CCC32)C4)C1
C1CCC(CCCCCC2CC3CCCCC3C2)CC1
C1CCC(C2CCC(C3CC4CCCC4C4CCC5CCCCC5C34)CC2)CC1
C1CCC(C2CCC3CCC4C(CCC5C6CCCC6CCC45)CC32)CC1
C1CCC(CCCCCC2CC3CCCCC3C2)CC1
C1CCC(C2CCC(CCCC3CCC4C3CCC3C5CCCCCC5CCC43)C2)CC1
C(CCCC1CCCC2C(C3CCCCC3)CCC12)CCC1CCCCC1
C1CCC(C2CC3CCCC3C3CCC4CCCCC4C23)CC1
C1CCC(C2CCC3C(CCC4CCCCC43)C2)CC1
C1CCC2C(C1)CC(C1CCCC3CCCC31)C1CCCC21
C1CCC(CC2CC3CCCCC3C3CCC4CCCCC4C23)CC1
C1CCC(C2CCC3CC4C(CCCC45CCCC5)CC32)CC1
C1CCC(C2CCC3C(CCCC4CCCCC43)C2)CC1
C1CCC(C2CCC3CC4C(CC5CCC6CCCCC65)CCCC4CC32)CC1
C1CCC2C(C1)CCC1C3CCCCC3CCC21
C1CCC(CC2CCC3CC4C(CCC5C6CCC(CCCC7CC8CCCCC8C7)C6CCC45)CC23)CC1
C1CCC(C2CCCC3C(CCC4CCCCC43)C2)C1
C1CCC(CCC2CCCCC2)CC1
C1CCC(CC2CCC3CCCCC3C3CCC4CCCCC4C23)CC1
C1CCC(C2CC3CCCC3C3CCC4CCCCC4C23)CC1
C1CCC(C2CCC3CC4C(CCC45CCCCC5)CC32)CC1
C1CCC2C(C1)CCCC2CC1CC2CCCCC2C2CCC3CCCCC3C2C1
C1CCC(C2CC3CCCC3C3CCC4CCCCC4C23)CC1
C1CCC(CCCCCC2CCC3CCCCC23)CC1
C1CCC2CC(CCCC3CCC4C3CCC3C5CCCCC5CCC43)CC2C1
C1CCC(CCCCCC2CCCC3C(CC4CCCCC4)CCC23)CC1
C1CCC(C2CCCC3C(CCC4CCCCC43)C2)C1
C1CCC(C2CC3CCCCC3CC3CCCCC32)CC1
C1CCC(CCC2CCC3C(CCC3C3CCCC(CCC4CCCC4)C3)C2)CC1
C1CCC(CCCC2CCC3CCCC3C2)CC1
C1CCC(CCCCC2CCC3CCCCC23)CC1
C1CCC(CCC2CCC3C(CCC4CCCCCC43)C2)CC1
C1CCC(CC2CCC(CC(CC3CCCCC3)C3CCCCC3)CC2)CC1
C1CCC(CCC2CCC3C(CCC3C3CCCC(CCC4CCCC4)C3)C2)CC1
C1CCC(CC2CC3CCCCC3C3CCC4CCCCC4C23)C1
C1CCC(CCCCC2CC3CCCCC3C2)CC1
C1CCC(C2CCC3CC4C(CCC45CCCCC5)CC32)CC1
C1CCC(CCCCCC2CC3CCCCC3C2)CC1
C1CCC(CCCC2CCCC3CCC(C4CCCC5CCCC54)CC3C2)CC1
C1CCC(C2CCC3CC4C(CCC45CCCCC5)CC32)CC1
C1CCC(CCCCCC2CCC3CCCCC23)CC1
C1CCC(C2CCC(C3CC4CCCC4C4CCC5CCCCC5C34)CC2)C1
C1CCC(CC2CCC3CC4C(CCC45CCCC5)CC23)CC1
C1CCC(C2CCC3(CCC4CCC5C(CCC5C5CCCCC5)CC43)C2)CC1
C1CCC(C2CCC3CCC4CCCCC4C3CC2)CC1
C1CCC(CCCCCC2CCCC3C(CC4CCCCC4)CCC23)CC1
C1CCC(C2CCC3CCC(C4CCCC4)CC32)CC1
C1CCC(C2CC3CCCC3C3CCCC4CCCCC4C23)CC1
C1CCC(CCC2CCC3C(CCC3C3CCCC3)C2)CC1
C1CCC2CC(CCCC3CCC4C3CCCC3C5CCCCC5CCC34)CC2C1
C1CCC(CCCCC2CCC3CCC(C4CCCC5CCCC54)CC3C2)CC1
C(CCC1CCC2C(CCC3C4CCCC4CCC23)C1)CC1CCC(C2CC3CCCC3C3CCC4CCCCC4C23)CC1
C1CCC(C2CCC3CC4C(CCC5C6CCC(CCCCC7CCC8CCCCC8C7)C6CCC45)CC32)CC1
C1CCC2CC(CCCC3CCC4C3CCC3C5CCCCC5CCC43)CCC2C1
C1CCC(CCC2CCC3C2CCC(C2CCCCC2)C2C4CCCCC4CCC32)CC1
C1CCC(C2CC3CCCC3C3CCC4CCCCC4C23)CC1
C1CCC(CC2CCC3C(CCC3C3CCCCC3)C2)CC1
C(CCC1CCC2C1CCC1C3CCCCC3CCC21)CC1CC2CCCCC2C1
C1CCC(CCC2CCC(C3CCC4C(CCC4C4CCCCC4)C3)CC2)CC1
C1CCC(CCCCC2CCC3CCC(C4CCCC5CCCC54)CC3C2)CC1
C(CCC1CCCC2CCCCC12)CC1CCCC2CCCCC12
C1CCC(CCCCCC2CC3CCCCC3C2)CC1
C1CCC(CCCC2(CCC3CCCC3)CCC3C4CCC5CCCCCC5C4CCC32)CC1
C1CCC(CCCCCC2CC3CCCCC3C2)CC1
C(CCC1CCCCC2CCCCC12)CC1CCC2CCCCC2C1
C1CCC(CCC2CCC3C2CCC2C4CCCCC4CCC32)C1
C1CCC(CCCCCC2CCCC3C(C4CCCCC4)CCC23)CC1
C1CCC(C2CCC3CC4C(CCC5C6CCC(CCCC7CC8CCCCC8C7)C6CCC45)CC32)CC1
C1CCC(C2CCC3CCCC3C3CCCC4CCCCC4C23)CC1
C1CCC(C2CCC(CCCCCC3CCCC4CCCCC34)C2)CC1
C1CCC(C2CCC3CC4C(CCC5C6CCC(CCCC7CC8CCCCC8C7)C6CCC45)CC32)CC1
C1CCC2CCC3C4CCCCC4CCC3C2CC1
C1CCC(C2CCC3CC4C(CCCC45CC(C4CCCCC4)C(C4CCCCC4)C5)CCC32)CC1
C1CCC(C2CC3C(CCC34CCCC4)C3CCC4CCCCC4C23)CC1
C1CCC(C2CC3CCCC3C3CCC4CCCCC4C23)CC1
C1CCC(CCCCCC2CC3CCCCC3C2)CC1
C1CCC(CCC2CCC3C(CCC3C3CCCCC3)C2)CC1
C1CCC2CC(C3CCCC3)C3CCCC3C2CC1
C1CCC(CC2CC3CCCCC3C2C2CCCCC2)CC1
C1CCC(C2CC3CCCC3C3CCC4CCCCCC4C23)CC1
C(CCCC1CCCCC1)CCCC1CCC(C2CCCCC2)C1
C1CCC(CC2CCCC(CC3CC4CCCCC4C4CCC5CCCCC5C34)C2)CC1
C1CCC(CC2CC3CCCCC3C3CCC4CCCCC4C23)CC1
C(CCC1CCCC2CCCC12)CC1CC2CCCCC2C1
C1CCC2C(C1)CCC1C3CCCCC3CCCC21
C(CCC1CCCC2CCCC12)CC1CC2CCCCC2C1
C(CCCC1CCCC2C(C3CCCCC3)CCC12)CCC1CCCCC1
C1CCC2CCC3C4CCCC4CCC3C2CC1
C1CCC(CC2CC3CCCCC3C3CCC4CCCCC4C23)CC1
C1CCC(CCCCCC2CCCC3C(C4CCCCC4)CCC23)CC1
C1CCC2CCC3C4CCCC4CCC3C2CC1
C1CCC(CCCCC2CCC3CCCCC23)CC1
C1CCC(C2CC3CCCC3C3CCC4CCCCCC4C23)CC1
C1CCC(CCCC23CCCC2CC2C4CCC5CCCCC5C4CCC23)CC1
C1CCC(C2CCC3C(CCCCCC4CCC(C5CCCC5)C4)CCCC23)CC1
C1CCC2CC(C3CCCC4CCCC43)CCC2C1
C1CCC(C2CCC3CC4C(CCCC45CCCC5)CC32)CC1
C1CCC2CC(CCCC3CCC4C3CCC3C5CCCCC5CCCC43)CC2C1
C1CCC2CC(C3CCCC4CCCC43)CCC2C1
C1CCC(C2CC3CCCC3C3CCC4CCCCC4CC23)CC1
C1CCC2CCC3C4CCC(CCCC5CC6CCCCC6C5)C4CCC3C2CC1
C1CCC(CCCCCC2CCC3CCCCC3C2)CC1
C(CCCC1CCCCC1)CCCC1CCC(C2CCCCC2)C1
C1CCC2CC(CCCC3CCCC4CCCCC43)CC2C1
C1CCC(C2CCC3CC4C(CCC5C6CCCC(CCCC7CCC8CCCCC8C7)C6CCC45)CC32)CC1
C1CCC2C(C1)CCC1C2CCC2C3CCCC3CC21
C1CCC(CC2CCC3CC4C(CCC45CCCCC5)CC23)CC1
C1CCC2CCC3C(CCC4C5CCCC5CC43)C2CC1
C1CCC2CCC3C4CCCC4CCC3C2CC1
C1CCC(CCCCC2CC3CCCCC3C2)CC1
C(CCC1CCC2C1CCC1C3CCCCC3CCC21)CC1CCC2CCCCC2C1
C1CCC2CC(CC3CCCC4CCCC43)CCC2C1
C(CCC1CCC2CCCCC2C1)CCC1CCCC2CCCCC12
C1CCC(C2CC3CCCC3C3CCC4CCCCC4C23)CC1
C1CCC2CC(C3CCCC4CCCC43)CCC2C1
C1CCC(CCCCCC2CCCC3C(C4CCCCC4)CCC23)CC1
C1CCC(CC2CC3CCCCC3C3CCC4CCCCC4C3C2)C1
C1CCC2CC(CCCC3CCC4C3CCC3C5CCCCC5CCC43)CCC2C1
C1CCC(CCCCC2CC3CCCCC3C2)CC1
C1CCC(CC2CCC3CC4C(CCC45CCCCC5)CC23)CC1
C1CCC2CCC3CCCCC3C2CC1
C(CCCC1CCC(CC2CCCCC2)C1)CCC1CCCCC1
C1CCC(C2CC3CCCCC3C3CCC(CCC4CCCC4)CC23)CC1
C1CCC2CC(C3CCCC4CCCC43)CCC2C1
C1CCC(CC2CC3CCCCC3C3CCC4CCCCCC4C23)CC1
C1CCC(CC2CC3CCCCC3C3CCC4CCCCC4C23)CC1
C1CCC(CCCCC2CC3CCCCC3C2)CC1
C1CCC(CCC(CCC2CCC3CCCC3C2)CC2CCCCC2)CC1
C1CCC(CCCCCC2CC3CCCCC3C2)CC1
C1CCC2CC(C3CCCC4CCCC43)CCC2C1
C1CCC(CCCCCC2CCCC3C(C4CCCCC4)CCC23)CC1
C1CCC2CCC(C3CCCC4CCCC43)CC2CC1
C1CCC2CCC3C4CCC(CCCC5CC6CCCCC6C5)C4CCC3C2CC1
C1CCC(C2CCC3CC4C(CCCC45CCCCC5)CC32)CC1
C(CCC1CCC2CCCCC2C1)CCC1CCCCC2CCCCC12
C1CCC(C2CC3CCCC3C3CCC4CCCCC4C23)CC1
C1CCC2C(C1)CCC1C2CCC2C3CCCC3CCC21
C1CCC(CC2CC3CCCCC3C3CCC4CCCCCC4C23)CC1
C1CCC(C2CCC3CC4C(CCC45CCCC5)CC32)CC1
C1CCC(CCC2CCC3C(CC4CCCCC4)CCC3C2)CC1
C1CCC2CCC3C4CCC(CCCC5CC6CCCCC6C5)C4CCC3C2CC1
C1CCC(CC2CCCC(CC3CCC4CCCCC4C4CCC5CCCCC5C34)C2)CC1
C1CCC(CCC2CCC3C(CCC3C3CCCCC3)C2)CC1
C1CCC(CCCCCC2CCC3CCCCC23)CC1
C1CCC(CCC2CCC3C(CCC3C3CCCCC3)C2)CC1
C1CCC(C2CC3CCCC3C3CCC4CCCCCC4C23)CC1
C1CCC(C2CC3CCCC3C3CCC4CCCCC4C3C2)CC1
C1CCC(C2CC3CCCC3C3CCC4CCCCC4C23)CC1
C1CC2CCC3C(CCC4CCCCC43)CC2C1
C1CCC(CCCCCC2CC3CCCCC3C2)CC1
C1CCC(CCC2(CCCC3CC4CCCCC4C3)CCCC3C4CCC5CCCCC5C4CCC32)C1
C1CCC2CC(CC3CCCC4CCCC43)CCC2C1
C1CCC(C2CC3CCCC3C3CCC4CCCCC4C23)CC1
C1CCC(CCCCC2CC3CCCCC3C2)CC1
C1CCC(C2CCC3CCC4(CCCCC4)CC3C2)CC1
C1CCC(C2CCC3CCCC3C3CCC4CCCCC4C23)CC1
C(CC1CCC(C2CCCC2)CC1)CC1CCC2CCCC2C1
C(CCCC1CCCC2C(C3CCCCC3)CCC12)CCC1CCCCC1
C1CCC(CCC2CCC3C(CCC3C3CCCCC3)C2)CC1
C1CCC2CCC(C3CCCC4CCCC43)CC2CC1
C1CCC2CCC3C(CCC4C5CCCC5CC43)C2CC1
C1CCC(C2CCC3CC4C(CCC45CCCCC5)CC32)CC1
C(CCCC1CCCC2CCCCC12)CCC1CCC(C2CCCCC2)C1
C1CCC(CCCC2CCC(C3CCCC4C(C5CCCCC5)CCC34)C2)CC1
C(CCC1CCC2CCCCC2C1)CCC1CCCC2CCCCC12
C1CCC(C2CC3C(CCC4CC4)CCC3C3CCCC4CCCCC4C23)CC1
C1CCC(CCCCC2CCC3CCC(C4CCCC5CCCC54)CC3C2)CC1
C1CCC2CC(CCCC3CCC4CC5CCC6CCCCC6C5CCC34)CC2C1
C1CCC(C2CCC3CC4C(CCC5C6CCCC(CCCC7CC8CCCCC8C7)C6CCC45)CC32)CC1
C1CCC2C(C1)CCC1C3CCCC3CCC21
C1CCC(CC2CC3CCCCC3C3CCC4CCCCCC4C23)CC1
C1CCC(CC2CCC3C(CC4CCCCC4)CCC3C2)CC1
C1CCC(CCCCC2CCC3CCCCC23)CC1
C1CCC2CC(CCCC3CCC4C3CCC3C5CCCCC5CCCC43)CC2C1
C(CCC1CCC2C(CCC3C4CCCC4CCC23)C1)CC1CCC(C2CC3CCCCC3C3CCC4CCCCC4C23)CC1
C(CCC1CCCC2CCCCC12)CC1CCCC2CCCCC12
C1CCC(CCC(CCC2CCC3CCCC3C2)CC2CCCCC2)CC1
C1CCC(C2CCC3CC4C(CCC5C6CCC(CCCCC7CC8CCCCC8C7)C6CCC45)CC32)CC1
C1CCC(CC2CC3CCCCC3C3CCC4CCCCC4C23)C1
C1CCC(C2CCC3C(CCCCCC4CC4)CCCC23)CC1
C1CCC2C(C1)CCC(C1CCCC1)C1CCCCC21
C1CCC(CCCCC2CC3CCCCC3C2)CC1
C1CCC2C(C1)CCCC1CCCCC12
C1CCC2C(C1)CCC1C3CCCC3CCC21
C1CCC(C2CCC3CCC4(CCCCCC4C4CCCCC4)CCC32)CC1
C1CCC(C2CCC3CCCC3C3CCC4CCCCC4C23)CC1
C1CCC(C2CC3CCCC3C3CCC4CCCCCC4C23)CC1
C1CCC2CC3CCCCC3CCC2C1
C1CCC(CCCCCC2CCC3CCCC3C2)CC1
C(CCCC1CCCCC1)CCCC1CCC(C2CCCCC2)C1
C1CCC(CC2CC3CCCCC3CC3CCC4CCCCC4C32)C1
C1CCC(C2CC3CCCC3C3CCC4CCCCC4CC23)CC1
C(CCCC1CCCCC1)CCCC1CCC(C2CCCCC2)C1
C1CCC(CCCCC2CCC3CCCCC23)CC1
C1CCC(CC2CC3CCCCC3C3CCC4CCCCC4C23)CC1
C1CCC2C(C1)CCCC1C3CCCC3CCC21
C1CCC(CCCCC2CCC3CCCCC3C2)CC1
C1CCC2C(C1)CCC1C3CCCC3CCC21
C1CCC(CCCCCC2CC3CCCCC3C2)CC1
C1CCC2CC(C3CCCC4CCCC43)CCC2C1
C(CCCC1CCC2C(CCC2C2CCCCC2)C1)CCC1CCCCC1
C1CCC2C(C1)CCC1C3CCCCC3CCCC21
C1CCC(C2CC3CCCC3C3CCC4CCCCC4C23)CC1
C1CCC(C2CCC3CC4C(CCCC45CCCC5)CC32)CC1
C1CCC(CCCC2CCCCC3CCC(C4CCCC5CCCC54)CC23)CC1
C1CCC2CCC3C4CCC(CCCC5CC6CCCCC6C5)C4CCC3C2CC1
C1CCC(CCCCC2CC3CCCCC3C2)CC1
C1CCC(CCCCCC2CCC3CCCCC23)CC1
C1CCC(CCCCCC2CC3CCCCC3C2)CC1
C1CCC2CCC3C(CCC4C5CCCC5CC43)C2CC1
C1CCC(C2CCC3CCC4C(CCC45CCCC5)CC32)CC1
C(CCCC1CCCC2CCCCC12)CCC1CCC(C2CCCC2)C1
C1CCC(CC2CC3CCCCC3CC3CCC4CCCCC4C32)CC1
C(CCCC1CCCCC1)CCCC1CCC(C2CCCCC2)C1
C1CCC2CCC(C3CCCC4CCCC43)CC2CC1
C1CCC(C2CC3CCCC3C3CCCC4CCCCC4C23)CC1
C1CCC(CCCCC2CC3CCCCC3C2)CC1
C1CCC(CCC2CCC3C(CC4CCCCC4)CCC3C2)CC1
C1CCC(CCCCC2CCC3CCCCC23)CC1
C1CCC(CCCCC2CCC3CCCCC23)CC1
C1CCC(CCCCC2CC3CCCCC3C2)CC1
C1CCC(CCCCCC2CC3CCCCC3C2)CC1
C1CCC(CCCC2CCC3CCC(C4CCCC5CCCC54)CC3C2)CC1
C1CCC(CCCCC2CC3CCCCC3C2)CC1
C1CCC(C2CCC3CC4C(CCCC45CCCC5)CC32)CC1
C1CCC(CCC2CCC(C3CCC4C(CC5CCCCC5)CCC4C3)CC2)CC1
C1CCC(CCCCCC2CC3CCCCC3C2)CC1
C1CCC(C2CCC3CCCC3C3CCC4CCCCC4CC23)CC1
C(CCC1CC2CCCCC2C1)CCC1CCCC2CCCC12
C1CCC(CCC2CCC3C(CC4CCCCC4)CCC3C2)CC1
C1CCC2CC(CCCC3CCC4C3CCC3C5CCCCC5CCC43)CC2C1
C1CCC2CCC3C4CCCC4CCC3C2CC1
C1CCC(C2CCC3CC4(CCCCC4C4CCCCC4)CCCC32)CC1
C1CCC2CC(CCCC3CCCCC4CCCCC43)CC2C1
C1CCC(CCCCC2CCC3CCCCC23)CC1
C1CCC(CCCC2CCC3CCC(C4CCCC5CCCC54)CC3C2)CC1
C1CCC(CCC2CCC3C(CCCC4C5CCCC5CCC34)C2)CC1
C1CCC2CCC(C3CCCC3)CC2CC1
C1CCC(C2CC3C(CCC4CC4)CCC3C3CCC4CCCCC4C23)CC1
C1CCC(C2CCC3CC4C(CCC5C6CCC(CCCC7CC8CCCCC8C7)C6CCC45)CC32)CC1
C1CCC(CCCCC2CC3CCCCC3C2)CC1
C1CCC(C2CCC3CCC4C(CCC45CCCCC5)CC32)CC1
C1CCC2CC(C3CCCC4CCCC43)CCC2C1
C1CCC(C2CCC3CCC4CCCCC4CC32)CC1
C1CCC2C(C1)CCC1C2CCC2C3CCCC3CCC21
C1CCC(CCCC(CC2CCC3C(CCC3C3CCCCC3)C2)C2CCCCC2)CC1
C1CCC(CCCCCC2CC3CCCCC3C2)CC1
C1CCC(CCC2CCC(CCC3CCCC(CC4CCCC4)C3)CC2)CC1
C1CCC(C2CCCC3C(CCC4CCCCC43)C2)CC1
C1CCC(C2CC3CCCC3C3CCC4CCCCC4C23)CC1
C1CCC(CC2CC3CCCCC3C3CCC4CCCCC4C23)C1
C1CCC(C2CC3CCCC3C3CCCC4CCCCC4C23)CC1
C1CCC(CCC2CCC3C(CCC4CCCCC43)C2)CC1
C1CCC(C2CC3CCCC3C3CCCC4CCCCC4C23)CC1
C1CCC2CC(CC3CCCC4CCCC43)CCC2C1
C1CCC(CCC2CCC(C3CCC4C(CCC4C4CCCCC4)C3)CC2)CC1
C1CCC(CC2CCC3CC4C(CCC45CCCCC5)CC23)CC1
C1CCC(CCC(CC2CCCCC2)C2CCCCC2)CC1
C1CCC2CCC3C(CCC4C5CCCC5CC43)C2CC1
C1CCC(CCC2(CCCC3CCC4CCCCC4C3)CCC3C4CCC5CCCCC5C4CCC32)C1
C1CCC(CCC2CCC3C(CCC4C5CCCC5CCC34)C2)CC1
C1CCC(CCC2CCC3C(CC4CCCCC4)CCC3C2)CC1
C1CCC(CC2CC3C(CCC34CCCC4)C3CCC4CCCCC4C23)CC1
C1CCC2CCC3C4CCCC4CCC3C2CC1
C1CCC2CC(C3CCCC3)CCC2C1
C1CCC2C(C1)CC(C1CCCC1)C1CCCC21
C1CCC(C2CCC3CC4C(CCCC45CCCC5)CC32)CC1
C1CCC2CC3CCC(C4CCCCC4)C3CC2CC1
C1CCC(CCCCC2CCC3CCCCC23)CC1
C(CCC1CCCC2CCCCC12)CC1CC2CCCCC2C1
C(CCC1CCCC2CCCCC12)CC1CC2CCCCC2C1
C1CCC(CC(CC2CCCCC2)C2CCCCC2)CC1
C1CCC2C(C1)CCC1CCCCC12
C1CCC(CC2CC3CCCCC3C3CCC4CCCCCC4C23)CC1
C1CCC(C2CCC3CC4C(CCCC45CCCC5)CC32)CC1
C1CCC(CC2CC3CCCCC3C3CCC4CCCCC4C23)CC1
C1CCC(CCCCC2CC3CCCCC3C2)CC1
C1CCC2CC(CCCC3CCC4C3CCC3C5CCCCC5CCCC43)CC2C1
C1CCC2CC(C3CCCC4CCCC43)CCC2C1
C1CCC2CC3CCC4CCCC4C3CCC2C1
C1CCC(CCCCC2CC3CCCCC3C2)CC1
C(CCC1CCCCC2CCCCC12)CC1CCC2CCCCC2C1
C1CCC2C(C1)CCCC1C3CCCC3CCC21
C(CCC1CCC2C(CCC3C4CCCC4CCC23)C1)CC1CCC(C2CC3CCCCC3C3CCC4CCCCC4C23)CC1
C1CCC(CCCCCC2CCCC3C(C4CCCCC4)CCC23)CC1
C(CCC1CCCC2CCCCC12)CC1CCC2CCCCC2C1
C1CCC(CCCC2CCC3C(CCC3C3CCCCC3)C2)CC1
C1CC2CCCC2C(CC2CC3CCCCC3C3CCCC23)C1
C1CCC(CCCCC2CC3CCCCC3C2)CC1
C1CCC(CCCCCC2CCCC3C(C4CCCCC4)CCC23)CC1
C1CCC(CCCCCC2CCC3CCCCC23)CC1
C1CCC(CCCCCC2CCC3CCCCC23)CC1
C1CCC(CCCC(CCC2CCC3CCCC3C2)CC2CCCCC2)CC1
C1CCC2C(C1)CCCC2CCCC1CCCC2CCCCC21
C1CCC2CC(CCCC3CCC4C3CCC3C5CCCCC5CCCC43)CC2C1
C1CCC(CCC2CCC3C(CCC3C3CCCCC3)C2)CC1
C1CCC2CCC(C3CCCC4CCCC43)CC2CC1
C1CCC(CCC2CCC(C3CCC3)CC2)CC1
C1CCC(C2CCC(CCCCCC3CCCC4CCCCC34)C2)CC1
C1CCC2C(C1)CCC1C3CCCC3CCC21
C1CCC2CC(CCCC3CCCC4C3CCC3C5CCCCC5CCC43)CCC2C1
C(CCC1CCCC2CCCCC12)CC1CC2CCCCC2C1
C1CCC(CCCC(CCC2CCC3CCCC3C2)CC2CCCCC2)CC1
C1CCC(CCC2CCC3C(CCC4CC(C5CCCCC5)CCC43)C2)CC1
C1CCC2CCC(C3CCCC4CCCC43)CC2CC1
C1CCC(CCCCC2CC3CCCCC3C2)CC1
C1CCC2CCC3C4CCC(CCCC5CCC6CCCCC6C5)C4CCC3C2CC1
C1CCC(CCCCCC2CCC3CCCCC23)CC1
C1CCC2C(C1)CCCC1C3CCCC3CCC21
C1CCC(C2CCC(C3CC4CCCC4C4CCC5CCCCC5C34)CC2)C1
C1CCC(C2C3CCCC3CC3CC4CCCCC4CC32)CC1
C1CCC(CCC2CCC3C(CCC3C3CCCCC3)C2)CC1
C1CCC(CCCCCC2CCCC3C(C4CCCCC4)CCC23)CC1
C1CCC(CCCCC2CC3CCCCC3C2)CC1
C(CCCC1CCCC2C(C3CCCCC3)CCC12)CCC1CCCCC1
C1CCC(CCCCC2CC3CCCCC3C2)CC1
C1CCC(CC2CCC3C(CCC3C3CCCCC3)C2)CC1
C1CCC(C2CC3CCCCC3CC3CCCCC32)CC1
C1CCC(CCC2CCC3C(CCC3C3CCCC(CCC4CCCCC4)C3)C2)CC1
C1CCC(CCCCCC2CC3CCCCC3C2)CC1
C1CCC(C2CCC3CC(CC4CCC(CCC5CCCC5)CC4)CCC32)CC1
C1CCC(CCCCCC2CC3CCCCC3C2)CC1
C1CCC(CCCCCC2CC3CCCCC3C2)CC1
C1CCC(C2CCC3CC4CCCCC4CCC32)CC1
C1CCC(CCC2CCC3C(CCC4C5CCCC5CC(CCC5CCCCC5)C34)C2)CC1
C(CC1CCCC2CCCCC2C1)CC1CC2CCCCC2C1
C1CCC(CC2CCC3C(CCC3C3CCCCC3)C2)CC1
C1CCC(CCC2CCC(CCC3CCCCC(CC4CCCC4)C3)CC2)CC1
C1CCC2CCC(C3CCCC4CCCC43)CC2CC1
C(CCC1CCCC2CCCCC12)CC1CC2CCCCC2C1
C1CCC(C2CC3CCCCC3C3CCCCC3C2)CC1
C1CCC(C2CC3CCCCC3C3CCC4CCCCC4C23)CC1
C1CCC(CCC2CCC3C2CCC2C4CCCCC4CCC32)C1
C1CCC2CC(C3CCCC4CCCC43)CCC2C1
C1CCC(C2CCC3CC4C(CC5CCC6CCCCC65)CCCC4CC32)CC1
C1CCC2CCC3C(CCC4C3CCC4(CCCC3CC4CCCCC4C3)CCC3CCCC3)C2CC1
C1CCC(C2CCC3C(CCCC4CCCCC43)C2)CC1
C1CCC(CCC2CCCCC2)CC1
C1CCC(CC2CC3CCCCC3C3CCC4CCCCC4C23)CC1
C(CCCC1CCCC2C(C3CCCCC3)CCC12)CCC1CCC(C2CCCC2)C1
C(CCCC1CCCCC1)CCCC1CCC(C2CCCCC2)C1
C1CCC(C2CCC3CC4C(CCC5C6CCC(CCCC7CC8CCCCC8C7)C6CCC45)CC32)CC1
C1CCC2CCC(C3CCCC4CCCC43)CC2CC1
C1CCC(CC(CC2CCCCC2)C2CCCCC2)CC1
C1CCC2C(C1)CCC1C3CCCC3CCCC21
C1CCC(CCCC2CCC3C(CCC3C3CCCC(CC4CCCC4)C3)C2)CC1
C1CC2CCC3C(CCC4CCCCC43)CC2C1
C1CCCC(CC2CCCCC2CC2CC3CCCCC3C3CCC4CCCCC4C23)CC1
C1CCC(C2CCC3CCC4CCCCC4C3CC2)CC1
C1CCC2C(C1)CCC1C3CCCC3CCC21
C(CCC1CCC2CCCCC2C1)CCC1CCCC2CCCCC12
C1CCC2C(C1)CCC1C3CCCCC3CCCC21
C(CCC1CCCC2CCCCC12)CC1CCC2CCCCC2C1
C1CCC(CC2CCC3C(CCC3C3CCCCC3)C2)CC1
C1CCC2CC(CC3CCCC4CCCC43)CCC2C1
C1CCC(CCCC2(CCC3CCCC3)CCCC3C4CCC5CCCCC5C4CCC32)CC1
C1CCC(CCCCCC2CCCC3C(C4CCCCC4)CCC23)CC1
C1CCC(CCCC2CCC3CCC(C4CCCC5CCCC54)CC3C2)CC1
C1CCC2C(C1)CCC1C2CCC2C3CCCC3CC21
C1CCC(CCC2CCC3C(CCC3C3CCCC3)C2)CC1
C1CCC2CCC3CCCCC3C2CC1
C1CCC(C2CC3CCCC3C3CCC4CCCCC4C23)CC1
C1CCC(CCCCCC2CC3CCCCC3C2)CC1
C1CCC2CC(C3CCCC4CCCC43)CCC2C1
C1CCC(CCCC2CCC3C(CCC3C3CCCCC3)C2)CC1
C1CCC(CCC2CCC3C(CCC3C3CCCCC3)C2)CC1
C1CCC(CCCCC2CC3CCCCC3C2)CC1
C1CCC(C2CCC3CC4(CCCCCCC4C4CCCCC4)CCC32)CC1
C1CCC(CCC2CCC(C3CCC4C(CCC4C4CCCCC4)C3)CC2)CC1
C1CCC(C2CCC3CCCC3C3CCC4CCCCC4C23)CC1
C1CCC2C(C1)CCC1C3CCCC3CCC21
C1CCC(C2CC3C(CCC34CCCC4)C3CCC4CCCCCC4C23)CC1
C1CCC(C2CCC3CCCC3C3CCC4CCCCC4CC23)CC1
C1CCC(C2CCC3CC4C(CCC32)CCC2C3CCC(CCCC5CCCC6CCCCC65)C3CCC42)CC1
C1CCC(C2CCC3CC4CCCCC4CC32)CC1
C1CCC(C2CCC3CCCC3C3CCC4CCCCC4C23)CC1
C1CCC2CC(CC3CCCC4CCCC43)CCC2C1
C1CCC(C2CC3CCCCC3C3CCC(CCCC4CCCC4)CC23)CC1
C(CCCC1CCCCC1)CCCC1CCC(C2CCCCC2)C1
C(CCCC1CCCCC1)CCCC1CCC(C2CCCCC2)C1
C1CCC2CC(CCCC3CCCC4CCCCC43)CC2C1
C1CCC2CCC3C4CCC(CCCC5CC6CCCCC6C5)C4CCC3C2CC1
C1CCC(C2CCC3CC4C(CCC5C6CCC(CCCCC7CC8CCCCC8C7)C6CCC45)CC32)CC1
C1CCC(C2CCC3CCC4C(CCC5C6CCC(CCCC7CCC8CCCCC8C7)C6CCC45)CC32)CC1
C1CCC(CCCCCC2CCCC3C(C4CCCCC4)CCC23)CC1
C1CCC(CCCCC2CCC3CCCCC23)CC1
C1CCC2CC(C3CCCC4CCCC43)CCC2C1
C(CCCC1CCCC2C(C3CCCCC3)CCC12)CCC1CCCCC1
C(CCCCC1CCC(C2CCCCC2)C1)CCCC1CCCCC1
C1CCC(CCCC2CCC3CCC(C4CCCC5CCCC54)CC3C2)CC1
C1CCC(CC(CC2CCCCC2)C2CCCCC2)CC1
C1CCC2C(C1)CCC1C3CCCC3CCCC21
C1CCC2CC(CCCC3CCC4C3CCC3C5CCCCC5CCCC43)CC2C1
C(CCCC1CCCCC1)CCCC1CCC(C2CCCCC2)C1
C1CCC(CCCC2CCC3C2CCC2C4CC5CCC(C6CCCCCC6)C5CC4CCC32)CC1
C1CCC(CCC2(CCCC3CC4CCCCC4C3)CCC3C4CCC5CCCCC5C4CCCC32)C1
C1CCC(C2CCC3CC4C(CCC45CCCCC5)CC32)CC1
C1CCC(CCCCC2CC3CCCCC3C2)CC1
C1CCC2CCC(C3CCCC4CCCC43)CC2CC1
C1CCC(CCC2CCC3C(CC4CCCCC4)CCC3C2)CC1
C1CCC2CCC(C3CCCC4CCCC43)CC2CC1
C1CCC(CC2CC3CCCCC3C3CCC4CCCCC4C23)CC1
C1CCC(C2CC3CCCC3C3CCC4CCCCCC4C23)CC1
C1CCC2CCC3CCCCC3C2CC1
C1CCC(CC2CCC(CC(CC3CCCCC3)C3CCCCC3)CC2)CC1
C1CCC(CC2CCCC2CC2CCC3CCCCC3C3CCC4CCCCC4C23)CC1
C1CCC2C(C1)CCC1CCCCC12
C1CCC(CCC2CCC(CCC3CCCC(CC4CCCC4)CC3)CC2)CC1
C1CCC(CCCCCC2CCCC3C(C4CCCCC4)CCC23)CC1
C(CCCC1CCC2C(CCC2C2CCCCC2)C1)CCC1CCCCC1
C1CCC2C(C1)CCC1C3CCCC3CCC21
C1CCC(C2CC3CCCC3C3CCC4CCCCC4C23)CC1
C1CCC(C2CC3CCCC3C3CCC4CCCCCC4C23)CC1
C(CCC1CCCC2CCCCC12)CC1CCC2CCCCC2C1
C1CCC(CCC2CCC3C(CCC3C3CCCCC3)C2)CC1
C1CCC(CCCCCC2CC3CCCCC3C2)CC1
C1CCC2C(C1)CCC1C3CCCC3CCC21
C1CCC(CCC2CCC3C(CCC3C3CCCCC3)C2)CC1
C(CCCC1CCCCC1)CCCC1CCC(C2CCCCC2)C1
C1CCC(C2CC3CCCC3C3CCCC4CCCCC4C23)CC1
C1CCC2C(C1)CCC1C3CCCC3CCCC21
C1CCC(CC2CC3CCCCC3C3CCCC23)C1
C(CCCC1CCCC2CCCCC12)CCC1CCC(C2CCCCC2)C1
C1CCC(CCCCC2CC3CCCCC3C2)CC1
C1CCC2CCC(C3CCCC4CCCC43)CC2CC1
C1CCC(CCCCCC2CCCC3C(C4CCCCC4)CCC23)CC1
C(CCCC1CCCC2C(C3CCCCC3)CCC12)CCC1CCC(C2CCCC2)C1
C1CCC(C2CC3CCCC3C3CCC4CCCCC4C23)CC1
C1CCC(CCC2CCC3C(CC4CCCCC4)CCC3C2)CC1
C1CCC(CC2CCC(C3CC4CCCC4C4CCC5CCCCC5C34)CC2)CC1
C1CCC2CCC(C3CCCC4CCCC43)CC2CC1
C1CCC(CCCC2CCC3C(CCC4C5CCCC5CC(CCC5CCCCC5)C34)C2)CC1
C1CCC2C(C1)CCC1C3CCCCC3CCC21
C1CCC(CCC2CCC(CCC3CCCCC3)CC2)CC1
C1CCC2CCC3C4CCCCC4CC(CC4CCCC4)C3C2CC1
C1CCC2CCC3C4CCCCC4CC(CC4CCCC4)C3C2CC1
C1CCC(C2CC3CCCC3C3CCC4CCCCCC4C23)CC1
C1CCC(CCC2CCC3C(CCC4C5CCCC5CCC34)C2)CC1
C1CCC(CCC2CCC(CCC3CCCC(CCC4CCCC4)C3)CC2)CC1
C1CCC2C(C1)CCC1C3CCCC3CCC21
C1CCC(C2CC3CCCC3C3CCC4CCCCC4C23)CC1
C1CCC(CCC2(CCCC3CC4CCCCC4C3)CCCC3C4CCC5CCCCC5C4CCC32)C1
C1CCC(CC2CC3CCCCC3CC3CCC4CCCCC4C32)CC1
C1CCC(CCCCC2CCC3CCC(C4CCCC5CCCC54)CC3C2)CC1
C1CCC(CCCCCC2CC3CCCCC3C2)CC1
C(CCC1CCC2C(CCC3C4CCCC4CCC23)C1)CC1CCC(C2CCC(C3CCC4CCCC4C4CCC5CCCCC5C34)CC2)CC1
C1CCC(CC2CC3CCCCC3C3CCC4CCCCC4C23)CC1
C1CCC(CCCCCC2CCCC3C(C4CCCCC4)CCC23)CC1
C(CCCC1CCCC2C(C3CCCCC3)CCC12)CCC1CCC(C2CCCC2)C1
C1CCC(C2CCC3C(CCC4CCCCC43)C2)CC1
C1CCC2CC3CCC4CCCC4C3CCC2C1
C(CCCC1CCCC2C(C3CCCCC3)CCC12)CCC1CCCCC1
C1CCC(CCCCC2CC3CCCCC3C2)CC1
C(CC1CCC(C2CCCC2)CC1)CC1CCC2CCCC2C1
C(CCCC1CCCC2C(C3CCCCC3)CCC12)CCC1CCC(C2CCCC2)C1
C1CCC(CCCCCC2CC3CCCCC3C2)CC1
C1CCC2CCC(C3CCCC4CCCC43)CC2CC1
C1CCC(CCCC2CCC3CCC(C4CCCC5CCCC54)CC3CC2)CC1
C1CCC(CCCCC2CCC3CCCCC3C2)CC1
C1CCC2C(C1)CCC1C3CCCCC3CCC21
C1CCC(C2CCC3CC4C(CCC45CCCCC5)CC32)CC1
C1CCC(C2CC3CCCCC3C3CCCCC23)CC1
C1CCC2CC(C3CCCC4CCCC43)CCC2C1
C1CCC(C2CCC3CC4C(CCC45CCCC5)CC32)CC1
C1CCC(CCCC2CCC3C(CCC4C5CCCC5CCC34)C2)CC1
C1CCC(CCCC2CCC3CCC(CC4CCCC5CCCC54)CC3C2)CC1
C1CCC(CC2CCC3CC4C(CCC45CCC(C4CCCCC4)C5)CC23)CC1
C1CCC(CCC2CCC3CC4CCCCC4CCC3C2)CC1
C1CCC(CCCCC2CC3CCCCC3C2)CC1
C1CCC(CCCCCC2CC3CCCCC3C2)CC1
C1CCC(CCCCCC2CCCC3C(C4CCCCC4)CCC23)CC1
C1CCC(C2CCC3C(CCC4CCCCC43)C2)CC1
C1CCC2CC(CCCC3CCC4CC5CCC6CCCCC6C5CCC34)CCC2C1
C1CCC(CC2CCC(CC(CC3CCCCC3)C3CCCCC3)CC2)CC1
C1CCC(CC2CC3CCCCC3C3CCC4CCCCCC4C23)CC1
C1CCC(C2CCC(CCCCCC3CCCC4CCCCC34)C2)CC1
C1CCC(CCC2CCC(CC3CCC4C(CCC4C4CCCCC4)C3)CC2)CC1
C1CCC(CC2CCC3C(CCC3C3CCCCC3)C2)CC1
C(CCC1CC2CCCCC2C1)CCC1CCCC2CCCC12
C1CCC(CCCCCC2CC3CCCCC3C2)CC1
C(CCCC1CCC2C(CCC2C2CCCCC2)C1)CCC1CCCCC1
C(CCCC1CCC(C2CCCCC2)C1)CCC1CCCCC1
C(CCCC1CCCC2CCCCC12)CCC1CCC(C2CCCCC2)C1
C1CCC(CCCCCC2CCC3CCCCC23)CC1
C1CCC(C2CCC3CC(C4CCC(CCC5CCCC5)CC4)CCC32)CC1
C1CCC(CCCC2CCC3CCC(C4CCCC5CCCC54)CC3C2)CC1
C(CCCC1CCC2CCCC2C1)CCC1CCCCC1
C(CCC1CCCC2CCCCC12)CCC1CCCC2CCCCC12
C1CCC2CCC(C3CCCC4CCCC43)CC2CC1
C(CCC1CCCC2CCCCC12)CC1CCC2CCCCC2C1
C1CCC(CCCCC2CCC3CCC(C4CCCC5CCCC54)CC3C2)CC1
C1CCC(CCC2CCC3C(CCC3C3CCCCC3)C2)CC1
C1CCC2CC(C3CCCC3)CCC2C1
C1CCC2C(C1)CCC1CCCCC12
C1CCC(CCCCC2CC3CCCCC3C2)CC1
C1CCC2C(C1)CCC1CCCCC12
C1CCC(CCCCCC2CC3CCCCC3C2)CC1
C1CCC2CC(CCCC3CCC4C3CCCC3C5CCCCC5CCC34)CC2C1
C(CCC1CCCCC2CCCCC12)CC1CCC2CCCCC2C1
C1CCC(C2CCC(C3CC4CCCC4C4CCC5CCCCC5C34)CC2)C1
C1CCC(CCCCCC2CC3CCCCC3C2)CC1
C1CCC(C2CC3CCCC3C3CCC4CCCCC4C23)CC1
C1CCC2C(C1)CCC1C2CCC2C3CCCC3CC21
C1CCC(CCC2CCC3C(CCC3C3CCCCC3)C2)CC1
C1CCC(CCCCC2CC3CCCCC3C2)CC1
C(CCCC1CCCC2C(C3CCCCC3)CCC12)CCC1CCCCC1
C1CCC(CC2CC3CCCCC3C3CCC4CCCCC4C23)CC1
C1CCC(CCCC2CCC3CCC(C4CCCC5CCCC54)CC3C2)CC1
C1CCC(CC2CC3CCCCC3C3CCC4CCCCC4C23)CC1
C1CCC(CCC2CCC3C(CCC3C3CCCCC3)C2)CC1
C1CCC2C(C1)CCC1C3CCCC3CCC21
C1CCC2CCC3C4CCC(CCCC5CC6CCCCC6C5)C4CCC3C2CC1
C1CCC2C(C1)CCC1C3CCCC3CCCC21
C1CCC(CC2CCCC(CCC3CCC(CCC4CCC(C5CC5)CC4)CC3)CC2)C1
C1CCC(CC2CC3CCCCC3C3CCC4CCCCCC4C23)CC1
C1CCC(CCCCC2CCC3CCCCC23)CC1
C1CCC(CC2CCC3CC4C(CCC45CCCC5)CC23)CC1
C1CCC(CCCCC2CC3CCCCC3C2)CC1
C1CCC(C2CCC3CC4C(CCCC45CCCC5)CC32)CC1
C1CCC2C(C1)CCC1C2CCC2C3CCCCC3CC21
C1CCC(C2CCC3CC4C(CCCC45CCCC5)CC32)CC1
C1CCC(C2CCC3CC4C(CCC5C6CCC(CCCCC7CCC8CCCCC8C7)C6CCC45)CC32)CC1
C1CCC(CCCCC2CCCC(C3CCC4CC(CCC5CCC6CCCCC6C5)CCC43)C2)CC1
C1CCC(CC2CC3CCCCC3C3CCC4CCCCCC4C23)CC1
C1CCC(C2CC3C(CCCC4CC4)CCC3C3CCC4CCCCC4C23)CC1
C1CCC(C2CCC3CC4CCCCC4CC32)CC1
C1CCC2CCC(C3CCCC4CCCC43)CC2CC1
C1CCC(CCCCC2CC3CCCCC3C2)CC1
C(CCC1CCCC2CCCCC12)CCC1CCCC2CCCCC12
C1CCC(CC2CCC3CC4C(CCC45CCCCC5)CC23)CC1
C1CCC2CC(CC3CCCC4CCCC43)CCC2C1
C1CCC(CCC2CCC3C(CCC3C3CCCCC3)C2)CC1
C1CCC(CC2CC3CCCCC3C3CCC4CCCCC4C23)CC1
C1CCC(CC2CCCCCCC23CCC2C(CCC2C2CCCCC2)C3)CC1
C1CCC(CCCCC2CC3CCCCC3C2)CC1
C1CCC2C(C1)CC(C1CCCC1)C1CCCCC21
C1CCC2CC(CCCC3CCC4C3CCC3C5CCCCC5CCCC43)CCC2C1
C1CCC(C2CCC3CCC4C(CCC45CCCCC5)CC32)CC1
C1CCC(CCC2CCC3C2CCC2C4CCCCC4CCC32)C1
C1CCC(CC2CC3CCCC3C3CCC4CCCCC4C23)CC1
C1CCC(CCCCC2CCC3CCCCC23)CC1
C1CCC(CCCCCC2CCCC3C(CC4CCCCC4)CCC23)CC1
C1CCC2C(C1)CCC1C3CCCC3CCC21
C1CCC2CCC(C3CCCC4CCCC43)CC2CC1
C1CCC(CCC2CCC3C(CCC4C5CCCC5CCC34)C2)CC1
C1CCC2CCC(C3CCCC4CCCC43)CC2CC1
C1CCC(C2CCC3CC4C(CCC5C6CCC(CCCC7CCCC8CCCCC87)C6CCC45)CC32)CC1
C1CCC2C(C1)CC(C1CCCC3CCCC31)C1CCCC21
C1CCC(C2CCC3C(CCCCCC4CCC(C5CCCC5)C4)CCCC23)CC1
C1CCC(C2CCC3CC4(CCCCC4C4CCCCC4)CCC32)CC1
C1CCC2C(C1)CCCC1C3CCCC3CCC21
C1CCC2C(C1)CCC1C3CCCC3CCC21
C1CCC(CCC2CCC3C2CCC2C4CCCCC4CCCC32)C1
C1CCC(CCC2CCC3C(CCC4CC(C5CCCCC5)CCC43)C2)CC1
C(CCCC1CCCCC1)CCCC1CCC(C2CCCCC2)C1
C1CCC(CCCCCC2CC3CCCCC3C2)CC1
C(CCCC1CCCCC1)CCCC1CCC(C2CCCCC2)C1
C1CCC(CC2CC3CCCCC3C3CCC4CCCCCC4C23)CC1
C1CCC(C2CC3CCCC3C3CCC4CCCCC4C23)CC1
C(CCCCC1CCC(C2CCCCC2)C1)CCCC1CCCCC1
C1CCC(CCCCCC2CCC3CCCCC23)CC1
C(CCCCC1CCC(C2CCCCC2)C1)CCCC1CCCCC1
C1CCC(C2CCC3CC4C(CCC5C6CCCC6CCC45)CC32)CC1
C1CCC(CCC2CCC(CCC3CCCC(CC4CCCC4)C3)CC2)CC1
C1CCC(C2CCC3C(CCC34CCCC4)C3CCC4CCCCCC4C23)CC1
C1CCC(CCCCCC2CCCC3C(C4CCCCC4)CCC23)CC1
C1CCC(C2CCC3CC4CCCCC4CC32)CC1
C1CCC(C2CC3CCCC3C3CCC4CCCCC4C23)CC1
C1CCC(C2CCC3CC4C(CCC5C6CCC(CCCC7CC8CCCCC8C7)C6CCC45)CC32)CC1
C1CCC(CCCC2CC3CCCCC3C2C2CCCCC2)CC1
C1CCC(CCCCCC2CC3CCCCC3C2)CC1
C1CCC(CCCC2CC3CCCCC3C2CC2CCCCC2)CC1
C1CCC(CCC2CCC3C(CCC3C3CCCCC3)C2)CC1
C1CCC(CCC(CC2CCC3C(CCC3C3CCCCC3)C2)C2CCCCC2)CC1
C1CCC(CCC2CCC(C3CC3)CC2)CC1
C1CCC(C2CC3CCCC3C3CCC4CCCCC4CC23)CC1
C1CCC2CC(CCCC3CCC4C3CCC3C5CCCCC5CCCC43)CC2C1
C1CCC2CC(C3CCCC4CCCC43)CCC2C1
C1CCC(CC2CC3CCCCC3CC3CCC4CCCCC4C32)CC1
C1CCC2CCC3C4CCCC4CCC3C2CC1
C1CCC(CCCCC2CC3CCCCC3C2)CC1
C1CCC(CC2CC3CCCCC3C3CCC4CCCCCC4C23)CC1
C1CCC(CCC2CCC3C(CCC3C3CCCCC3)C2)CC1
C1CCC(C2CCC(CCCCCC3(C4CCCC4)CCCC4CCCCC43)C2)CC1
C1CCC2CCC(C3CCCC4CCCC43)CC2CC1
C1CCC(C2CCC3CC4C(CC5CC6CCCCC6C5)CCCCC4CC32)CC1
C1CCC(CCCC2CCC3C(CCC3C3CCCCC3)C2)CC1
C1CCC2CC(C3CCCC4CCCC43)CCC2C1
C1CCC(CC2CCC3C(CC4CCCCC4)CCC3C2)CC1
C1CCC(CCCCCC2CC3CCCCC3C2)CC1
C1CCC(C2CCC3CC4C(CCCC45CCCCC5)CC32)CC1
C1CCC(CC2CC3CCCCC3C3CCC4CCCCC4C23)CC1
C1CCC(C2CCC(CCCCCC3CCCC4C(C5CCCCC5)CCC34)C2)CC1
C1CCC(C2CC3CCCCC3C3CCC4CCCCC4C23)CC1
C1CCC(CCCCC2CC3CCCCC3C2)CC1
C1CCC(C2CCC3C(CCC3C3CCCCC3)C2)CC1
C1CCC(CC(CC2CCCCC2)C2CCCCC2)CC1
C1CCC2C(C1)CCC1C3CCCCC3CCC21
C1CCC(C2CCC3CC4C(CCCC5CCC5)CCCC4CC32)CC1
C(CCC1CCCC2CCCCC12)CCC1CCCC2CCCCC12
C1CCC(C2CC3CCCC3C3CCC4CCCCC4C23)CC1
C1CCC(CCC(CC2CC3CCCCC3C2)C2CCCCC2)CC1
C1CCC(CCC2CCC3C(CC4CCCCC4)CCC3C2)CC1
C1CCC(CCCCC2CC3CCCCC3C2)CC1
C1CCC2CCC3CCCCC3C2CC1
C1CCC(CCC2CCC3C(CCC3C3CCCCC3)C2)CC1
C1CCC2C(C1)CCC1C3CCCCC3CCC21
C1CCC(CCCCC2CC3CCCCC3C2)CC1
C1CCC(CCCC2CCC3C(CCC3C3CCCCC3)C2)CC1
C(CCCC1CCCC2C(C3CCCCC3)CCC12)CCC1CCCCC1
C1CCC(C2CCC3CCCC3C3CCC4CCCCC4C23)CC1
C1CCC2CCC(C3CCCC4CCCC43)CC2CC1
C1CCC(CC2CC3CCCCC3C3CCC4CCCCCC4C23)CC1
C1CCC(CCCC(CC2CC3CCCCC3C2)C2CC2)CC1
C1CCC2CCC3C(CCC4C3CCC4(CCCC3CC4CCCCC4C3)CCC3CCCC3)C2CC1
C1CCC(CCC(CCC2CCCCC2)CCC2CCC3CCCC3C2)CC1
C1CCC(C2CCC3CC4C(CCCC45CCCC5)CC32)CC1
C1CCC(C2CCC3C(CCC34CCCCC4)C3CCC4CCCCC4C23)CC1
C(CCCC1CCCC2C(C3CCCCC3)CCC12)CCC1CCCCC1
C1CCC2CC(C3CCCC4CCCC43)CCC2C1
C1CCC(CC2CC3CCCCC3C3CCC4CCCCC4C23)CC1
C1CCC(CCCCC2CC3CCCCC3C2)CC1
C1CCC(C2CCC3CC4C(CCC5C6CCC(CCCC7CC8CCCCC8C7)C6CCCC45)CC32)CC1
C1CCC(CCCCC2CCC3CCCCC23)CC1
C1CCC(C2C3CCCC3CC3CC4CCCC4CC32)CC1
C1CCC(C2CCC3CCCC3C3CCC4CCCCC4C23)CC1
C(CCC1CCCC2CCCCC12)CC1CCC2CCCCC2C1
C(CCCCC1CCC(C2CCCCC2)C1)CCCC1CCCCC1
C1CCC2CC3CCC(C4CCCCC4)C3CC2CC1
C1CCC(C2CCC3CC4C(CCC32)CCC2C3CCC(CCCC5CCC6CCCCC6C5)C3CCC42)CC1
C1CCC(CC2CC3CCCCC3C3CCC4CCCCC4C23)CC1
C1CCC(C2CCC3CC4C(CCC45CCCC5)CC32)CC1
C1CCC(C2CCC3CCC4(CCCCC4C4CCCCC4)CCC32)CC1
C1CCC(CCC2CCC3C2CCC(C2CCCCC2)C2C4CCCCC4CCCC32)CC1
C1CCC(C2CC3CCCC3C3CCC4CCCCCC4C23)CC1
C1CCC(C2(CCCCC3CCC4CCCCC4C3)CCCC3CCCCC32)CC1
C1CC2CCC3C(CCCC4CCC5CC5C43)C2C1
C1CCC(CCCC2CCC3C2CCC2C4CC5CCC(C6CCCCC6)C5CC4CCC32)CC1
C1CCC(CC2CC3CCCCC3C3CCC4CCCCCC4C23)CC1
C1CCC(CC2CC3CCCCC3C3CCC4CCCCC4C23)C1
C1CCC(CCC2CCCCC3CCC(C4CCCC5CCCC54)CC23)CC1
C1CCC2CCC3C4CCCC4CCC3C2CC1
C1CCC(C2CC3CCCCC3C3CCCCC23)CC1
C1CCC(CCC2CCCC3CCC4C(CCC4C4CCCCC4)CC23)CC1
C1CCC2CC(C3CCCC3)C3CCCC3C2CC1
C1CCC(CCC2CCC3C(CCC4C5CCCC5CC(CCC5CCCCC5)C34)C2)CC1
C1CCC(CCCCCC2CCC3CCCC3C2)CC1
C1CCC(C2CCC3C(CCCC4CCCCC43)C2)CC1
C1CCC2C(C1)CCC1C3CCCC3CCCC21
C1CCC(CCCC2CCC3C(CCC3C3CCCCC3)C2)CC1
C1CCC(CCCC2CCC3CCC(C4CCCC5CCCC54)CC3C2)CC1
C1CCC2CCC(C3CCCC4CCCC43)CC2CC1
C(CCCCC1CCC(C2CCCCC2)C1)CCCC1CCCCC1
C1CCC(CC2CCCC(C3CCC4CC(CCC5CCC6CCCCC6C5)CCC43)C2)CC1
C(CCCCC1CCC(C2CCCCC2)C1)CCCC1CCCCC1
C(CCC1CCCCC2CCCCC12)CC1CCC2CCCCC2C1
C1CCC2C(C1)CCC1C3CCCC3CCC21
C1CCC(CC2CCCCC2CC2CC3CCCCC3C3CCC4CCCCC4C23)CC1
C(CCCC1CCCC2C(C3CCCCC3)CCC12)CCC1CCC(C2CCCC2)C1
C1CCC(C2CC3CCCC3C3CCC4CCCCC4C23)CC1
C1CCC(CCCC2CCC(C3CCC4C(CCC4C4CCCCC4)C3)CC2)CC1
C1CCC(CCC2CCC(C3CC3)CC2)CC1
C1CCC(CC2CC3CCCCC3C3CCC4CCCCC4C23)CC1
C1CCC(C2CC3CCCC3C3CCC4CCCCCC4C23)CC1
C1CCC(CC2CC3CCCCC3C3CCC4CCCCCC4C23)CC1
C1CCC(CCC2CCC(CCC3CCCC(CC4CCCC4)C3)CC2)CC1
C1CCC(C2CCC3CC4C(CCC32)CCC42CCCC2)CC1
C1CCC(CCCCC2CCC3CCCCC23)CC1
C1CCC(CC2CC3CCCCC3C3CCC4CCCCCC4C23)CC1
C1CCC(CCC2CCC(CCC3CCCC(CC4CCCC4)CC3)CC2)CC1
C(CCC1CC2CCCCC2C1)CCC1CCCC2CCCC12
C1CCC(CC2CC3CCCCC3CC3CCC4CCCCC4C32)CC1
C(CCC1CCCC2CCCC12)CC1CC2CCCCC2C1
C1CCC(CCCCCC2CC3CCCCC3C2)CC1
C1CCC(C2CCC3C(CCCC4CCCCC43)C2)CC1
C1CCC(CCC2CCC3C(CCC3C3CCCCC3)C2)CC1
C1CCC(CC2CC3CCCCC3C3CCC4CCCCCC4C23)CC1
C1CCC(CCCCC2CCC3CCC(C4CCCC5CCCC54)CC3C2)CC1
C1CCC(CCC2CCC3C(CCC4CC(C5CCCCC5)CCC43)C2)CC1
C1CCC(C2CC3CCCC3C3CCCC4CCCCC4C23)CC1
C1CCC(CCCCC2CCC3CCCCC23)CC1
C1CCC(CCC2CCC3C(CCC4C5CCCC5CC(CCC5CCCCC5)C34)C2)CC1
C1CCC(C2CCC3CC4C(CCC45CCCC5)CC32)CC1
C1CCC(CCC2CCC(CCC3CCCCC3)CC2)CC1
C1CCC(CCC2CCC3C(CC4CCCCC4)CCC3C2)CC1
C1CCC2CC(C3CCCC4CCCC43)CCC2C1
C1CCC(CCCCC2CC3CCCCC3C2)CC1
C1CCC(CCCCCC2CCCC3C(C4CCCCC4)CCC23)CC1
C1CCC(CCCCCC2CC3CCCCC3C2)CC1
C1CCC(CCCC2CCCC(CC3CCC4CC(CCC5CCC6CCCCC6C5)CCC43)C2)CC1
C1CCC(CCCCCC2CC3CCCCC3C2)CC1
C1CCC(CCC2CCC3C(CCC3C3CCCCC3)C2)CC1
C1CCC(CCCCC2CC3CCCCC3C2)CC1
C1CCC(CCC2CC3CCCCC3C3CCC4CCCCC4C23)C1
C(CCCC1CCCC2C(C3CCCCC3)CCC12)CCC1CCCCC1
C1CCC2CC(C3CCC4CCCCC43)CCC2C1
C(CCCCC1CCC(C2CCCCC2)C1)CCCC1CCCCC1
C1CCC2CC(C3CCCC4CCCC43)CCC2C1
C1CCC(C2CCC3C(CCC3C3CCCCC3)C2)CC1
C1CCC(CCCCCC2CC3CCCCC3C2)CC1
C1CCC(C2CCC3C(CCCC4CCCCC43)C2)CC1
C1CCC2C(C1)CCC1C3CCCC3CCC21
C1CCC(CCCCCC2CC3CCCCC3C2)CC1
C1CCC(C2CC3CCCCC3C3CCCCC23)CC1
C1CCC(CC(CC2CCCCC2)C2CCCCC2)CC1
C1CCC(C2CCC3C(CCC4CCCCC43)C2)CC1
C1CCC(CCC2CCC3C(CCC3C3CCCCC3)C2)CC1
C(CCCC1CCCCC1)CCCC1CCC(C2CCCCC2)C1
C1CCC(CCC2CC3CCCCC3C3CCC4CCCCC4C23)CC1
C1CCC(CCC2(CCCC3CC4CCCCC4C3)CCC3C4CCC5CCCCC5C4CCC32)C1
C1CCC(C2CCC3C(CCC4CCCCC43)C2)C1
C1CCC(CCC2(CCCC3CC4CCCCC4C3)CCC3C4CCC5CCCCC5C4CCC32)C1
C1CCC2C(C1)CCC1CCCCC12
C1CCC(CCCCCC2CCC3C2CCC2C4CCCCC4CCC32)CC1
C1CCC(C2CCC3CCCC3C3CCC4CCCCC4C23)CC1
C1CCC(C2CCC3CC4(CCCCCC4C4CCCCC4)CCC32)CC1
C1CCC(CC2CC3CCCCC3C3CCC4CCCCC4C23)CC1
C1CC2CCC3C(CCC4CCC5CC5C43)C2C1
C1CCC2C(C1)CCC1CCCCC12
C1CCC(CCCC2CCC3CCC(C4CCCC5CCCC54)CC3C2)CC1
C1CCC(CCC(CCC2CCC3CCCCC3C2)CC2CCCCC2)CC1
C1CCC(C2C3CCCC3CC3CC4CCCCC4CC32)CC1
C1CCC(C2CC3CCCC3C3CCCC4CCCCC4C23)CC1
C1CCC(CCC2CCC(C3CCCC4C(C5CCCCC5)CCC34)C2)CC1
C1CCC(C2CCCC3C(CCC4CCCCC43)C2)CC1
C1CCC(CCCCCC2CCCC3C(C4CCCCC4)CCC23)CC1
C1CCC(CCCCCC2CCCC3C(C4CCCCC4)CCC23)CC1
C1CCC(CCCCCC2CCCC3C2CCC3C2CCCC(CC3CC3)C2)CC1
C1CCC(CC2CCCCCCC23CCC2C(CCC2C2CCCCC2)C3)CC1
C1CCC(CCCCC2CC3CCCCC3C2)CC1
C1CCC(C2CCC3CC4C(CCC45CCCCC5)CC32)CC1
C(CCC1CCCC2CCCC12)CC1CC2CCCCC2C1
C1CCC(C2CCC3CC4C(CCC5C6CCC(CCCCC7CCC8CCCCC8C7)C6CCC45)CC32)CC1
C1CCC(CCC2CCC(C3CCC4C(CCC4C4CCCCC4)C3)CC2)CC1
C1CCC2C(C1)CCC1C3CCCCC3CCC21
C1CCC2CCC3CCCCC3C2CC1
C1CCC2C(C1)CCC1C3CCCC3CCC21
C1CCC2CCC(C3CCCC4CCCC43)CC2CC1
C1CCC2CC(C3CCCC4CCCC43)CCC2C1
C1CCC2C(C1)CCC1C3CCCC3CCC21
C(CCC1CCCC2CCCC12)CC1CC2CCCCC2C1
C1CCC2C(C1)CCC1C3CCCC3CCC21
C1CCC(CC2CC3CCCCC3C3CCC4CCCCC4C23)CC1
C1CCC(C2CCC(CCCCCC3CCCC4CCCCC34)C2)CC1
C1CCC2CCC(C3CCCC4CCCC43)CC2CC1
C1CCC(C2CCC3(CCC4CC5C(CCC5C5CCCCC5)CC43)C2)CC1
C1CCC2C(C1)CCC1C3CCCCC3CCC21
C1CCC2CCC3CCCCC3C2CC1
C1CCC(CC2CC3CCCCC3C3CCC4CCCCC4C23)CC1
C1CCC(CCCCCC2CC3CCCCC3C2)CC1
C1CCC(CCCCC2CC3CCCCC3C2)CC1
C1CCC(C2CCC(C3CC4CCCC4C4CCC5CCCCC5C34)CC2)C1
C1CCC(C2CCC3CC4C(CCC5C6CCC(CCCCC7CCC8CCCCC8C7)C6CCC45)CC32)CC1
C1CCC2CC(CCCC3CCC4C3CCC3C5CCCCC5CCC43)CC2C1
C1CCC2CC(C3CCCC4CCCC43)CCC2C1
C(CCCCC1CCC(C2CCCCC2)C1)CCCC1CCCCC1
C1CCC(CC(CC2CCCCC2)C2CCCCC2)CC1
C1CCC2CCC3CCCCC3C2CC1
C1CCC(CCC2CCC3C(CCC3C3CCCCC3)C2)CC1
C1CCC(C2CCC3CCC4C(CCC5C6CCCC6CCC45)CC32)CC1
C1CCC(C2CCC3CCC4CCCCC4C3CC2)CC1
C1CCC(CCC2(CCCC3CC4CCCCC4C3)CCC3C4CCC5CCCCC5C4CCC32)C1
C1CCC(C2CC3CCCC3C3CCC4CCCCCC4C23)CC1
C1CCC2CCC3C4CCCCC4CC(CC4CCCC4)C3C2CC1
C1CCC(CCCCC2CC3CCCCC3C2)CC1
C1CCC2CCC(C3CCCC4CCCC43)CC2CC1
C1CCC(C2CCC3CC4C(CCC45CCCCC5)CC32)CC1
C1CCC(C2CC3CCCC3C3CCC4CCCCCC4C23)CC1
C1CCC(CCCCC2CCC3CCCCC3C2)CC1
C1CCC(C2CC3CCCC3C3CCC4CCCCCC4C23)CC1
C(CCC1CCC(C2CC3CCCC3C3CCC4CCCCC4C23)CC1)CCC1CCC2C(CCC3C4CCCC4CCC23)C1
C1CCC(CCC2CCC3C(CCC4CCCCC43)C2)CC1
C1CCC2CC(C3CCCC4CCCC43)CCC2C1
C1CCC2CCC(C3CCCC4CCCC43)CC2CC1
C1CCC(CCCCC2CCC3CCCCC23)CC1
C1CCC(C2CC3CCCC3CC3CCC4CCCCC4C32)CC1
C1CCC(CCCCC2CC3CCCCC3C2)CC1
C1CCC(C2CC3C(CCC4CC4)CCC3C3CCCC4CCCCC4C23)CC1
C1CCC2CCC3C4CCCC4CCC3C2CC1
C(CCCC1CCCC2C(C3CCCCC3)CCC12)CCC1CCCCC1
C1CCC(CC2CCC3C(CCC3C3CCCCC3)C2)CC1
C1CCC2CC(C3CCCC4CCCC43)CCC2C1
C1CCC2C(C1)CCC1C3CCCC3CCC21
C(CCCC1CCCC2C(C3CCCCC3)CCC12)CCC1CCCCC1
C1CCC(CC2CCC3C(CCC3C3CCCCC3)C2)CC1
C1CCC(CCCCC2CC3CCCCC3C2)CC1
C1CCC(C2CCC3CC4C(CCCCC45CCCC5)CC32)CC1
C(CCC1CCCC2CCCCC12)CCC1CCCC2CCCCC12
C1CCC(C2CCC3CC4C(CCCC5CC5)CCCCC4CC32)CC1
C1CCC(C2CC3CCCC3C3CCCC4CCCCC4C23)CC1
C1CCC(CCCCCC2CC3CCCCC3C2)CC1
C1CCC2C(C1)CCC1C3CCCC3CCC21
C1CCC2CCC(C3CCCC4CCCC43)CC2CC1
C1CCC2CC(CCCC3CCC4C3CCC3C5CCCCC5CCC43)CC2C1
C1CCC2CCC3C4CCC(CCCC5CC6CCCCC6C5)C4CCC3C2CC1
C(CCCCC1CCCC(CC(CC2CCC(CC3CCCCC3)CC2)C2CCCCC2)C1)CCCCC1CCC2C(CCC3C4CCCC4CCC23)C1
C1CCC(CCCC(CC2CCC3C(CC4CCCCC4)CCC3C2)C2CCCCC2)CC1
C1CCC(C2CCC3CC4C(CCC32)CCC2C3CCC(CCCC5CCC6CCCCC6C5)C3CCC42)CC1
C1CCC(C2CC3CCCC3C3CCCC4CCCCC4C23)CC1
C1CCC2C(C1)CCC1C2CCCC2C3CCCC3CC21
C1CCC2CC(CCCC3CCC4C5CCC6CCCCC6C(CCC34)C5)CC2C1
C(CCC1CCCC2CCCC12)CC1CC2CCCCC2C1
C1CCC(C2C3CCCC3CC3CC4CCCC4CC32)CC1
C1CCC(CCCCCC2CCC3CCCCC23)CC1
C1CCC(C2CCC3CC4C(CCC5C6CCCC(CCCC7CCC8CCCCC8C7)C6CCC45)CC32)CC1
C1CCC2CC(CCCC3CCC4C3CCC3C5CCCCC5CCCC43)CC2C1
C1CCC(CCCCC2CC3CCCCC3C2)CC1
C1CCC(C2CCC3CCCC3C3CCC4CCCCC4C23)CC1
C1CCC(CCCCCC2CCCC3C(C4CCCCC4)CCC23)CC1
C1CCC(C2CC3CCCC3C3CCC4CCCCCC4C23)CC1
C1CCC(CCCCC2CC3CCCCC3C2)CC1
C1CCC2CC(C3CCCC4CCCC43)CCC2C1
C1CCC2CCCCC2C(CCCCC2CCCC3CCCCC23)C1
C1CCC(C2CCC3CC4C(CCC32)CCC42CCCC2)CC1
C(CCC1CCC2C1CCC1C3CCCCC3CCC21)CC1CC2CCCCC2C1
C1CCC(C2CCC3CC4C(CCCCC5CC5)CCCC4CC32)CC1
C1CCC(C2CC3CCCCC3C3CCCCC3C2)CC1
C(CCCCC1CCC(C2CCCCC2)C1)CCCC1CCCCC1
C1CCC(CCCCCC2CCCC3C(CC4CCCCC4)CCC23)CC1
C1CCC(CC2CC3CCCCC3CC3CCC4CCCCC4C32)CC1
C(CCCC1CCCCC1)CCCC1CCC(C2CCCCC2)C1
C(CCC1CCC(C2CCCC2)C1)CCC1CCCC2CCCCC12
C1CCC(C2CCC3C(CCCCCC4CCC(C5CCCC5)C4)CCCC23)CC1
C1CCC(C2CC3CCCC3C3CCC4CCCCC4C23)CC1
C1CCC(CCC(CC2CC3CCCCC3C2)C2CC2)CC1
C1CCC(C2CCC3C(CCC4CCCCC43)C2)CC1
C1CCC(C2CC3CCCC3C3CCC4CCCCC4C23)CC1
C1CCC2CCC(C3CCCC4CCCC43)CC2CC1
C1CCC(CCCCC2CC3CCCCC3C2)CC1
C1CCC(CCCCC2CC3CCCCC3C2)CC1
C1CCC2CC3CCCCC3CCC2C1
C1CCC(CCC2CCC3C(CC4CCCCC4)CCC3C2)CC1
C1CCC2CC(C3CCCC4CCCC43)CCC2C1
C1CCC(CC2CCC(CC(CC3CCCCC3)C3CCCCC3)CC2)CC1
C1CCC(C2CCC3CC4C(CCCC45CCCCCC5)CC32)CC1
C(CCCC1CCC2CCCC2C1)CCCC1CCC(C2CCCCC2)C1
C1CCC(CCCCCC2CC3CCCCC3C2)CC1
C1CCC(CCC2CCC3C(CCC4CC(CC5CCCCC5)CCC43)C2)CC1
C1CCC2C(C1)CCC1C2CCC2C3CCCC3CC21
C1CCC(CCCCC2CC3CCCCC3C2)CC1
C(CCCC1CCCC2CCCCC12)CCC1CCC(C2CCCC2)C1
C1CCC2CCC3C4CCC(CCCC5CC6CCCCC6C5)C4CCC3C2CC1
C1CCC2CC(C3CCCC4CCCC43)CCC2C1
C1CCC(CCCCC2CCC3CCCCC23)CC1
C1CCC(CCCCCC2CC3CCCCC3C2)CC1
C1CCC(C2CC3CCCCC3C3CCCCC3C2)CC1
C(CCC1CCC2CCCCC2C1)CCC1CCCC2CCCCC12
C1CCC(C2CCC3CC4C(CCCC45CCCCC5)CC32)CC1
C1CCC2C(C1)CCC1C2CCCC2C3CCCC3CC21
C1CCC2C(C1)CCC1C2CCC2C3CCCC3CC21
C1CCC(CCCCCC2CC3CCCCC3C2)CC1
C(CCCC1CCCCC1)CCCC1CCC(CC2CCCCC2)C1
C1CCC(CCCCC2CC3CCCCC3C2)CC1
C1CCC(CCCC2(CCC3CCCC3)CCC3C4CCC5CCCCC5C4CCC32)CC1
C1CCC(C2CC3CCCC3C3CCC4CCCCCC4C23)CC1
C1CCC(C2CCC3CC4C(CCC5C6CCCC6CCC45)CC32)CC1
C1CCC2C(C1)CCC1C3CCCCC3CCC21
C1CCC(CCC2CCCCC3CC4C(CCC4C4CCCCC4)CC23)CC1
C1CCC2CCC3C4CCCCC4CC(CC4CCCC4)C3C2CC1
C1CCC(C2CC3CCCCC3C3CCC(CCC4CCCC4)CC23)CC1
C1CCC(CCC2CCC3C(CCC3C3CCCCC3)C2)CC1
C1CCC(CCC2CCC3C(CC4CCCCC4)CCC3C2)CC1
C1CCC(CCCCCC2CC3CCCCC3C2)CC1
C1CCC(CC2CCCCC2CC2CC3CCCCC3CC3CCC4CCCCC4C32)CC1
C1CCC2C(C1)CCC1C3CCCC3CCC21
C1CCC(CCCCCC2CCCC3C(C4CCCCC4)CCC23)CC1
C(CC1CCC(CCC2CCCC(CC3CCCC3)C2)CC1)CC1CCC(C2CC2)CC1
C1CCC(CC2CC3CCCCC3C3CCC4CCCCCC4C23)CC1
C1CCC(C2CCC3CC4C(CCCCC45CCCC5)CC32)CC1
C1CCC2C(C1)CCC1C3CCCC3CCC21
C1CCC(CCC(CCCC2CCC3CCCC3C2)CC2CCCCC2)CC1
C1CCC(C2CCC3CC4C(CCCC45CCCCCC5)CC32)CC1
C1CCC(C2CCC3CC4C(CCCC4CC4CCC5CCCCC54)CCC32)CC1
C1CCC2CCC3CCCCC3C2CC1
C(CCC1CCC2CCCCC2C1)CCC1CCCC2CCCC12
C1CCC(CCC2CC3CCCC3C3CCC4CCCCC4C23)CC1
C1CCC(CC2CCC3C(CC4CCCCC4)CCC3C2)CC1
C1CCC(CC2CC3CCCCC3C3CCC4CCCCC4C23)C1
C1CCC(CCC2CCC3C(CCC4C5CCCCC5CCC34)C2)CC1
C1CCC(CCC2CCC3C(CCC3C3CCCCC3)C2)CC1
C1CCC(C2CC3CCCC3C3CCC4CCCCC4C23)CC1
C(CCC1CC2CCCCC2C1)CCC1CCCC2CCCC12
C1CCC(CC2CCC3C(CCC3C3CCCCC3)C2)CC1
C1CCC(C2CCC3CC4C(CCC45CCCC5)CC32)CC1
C1CCC2CC(CCCC3CCC4C3CCC3C5CCCCC5CCC43)CC2C1
C1CC2CCC3C(CCCC4CCC5CC5C43)C2C1
C1CCC(CC2CC3CCCCC3C3CCC4CCCCC4C23)CC1
C1CCCC(CC2CCCCC2CC2CC3CCCCC3C3CCC4CCCCC4C23)CC1
C1CCC(C2CC3C(CCCC4CC4)CCC3C3CCC4CCCCC4C23)CC1
C1CCC(CCCCCC2CC3CCCCC3C2)CC1
C1CCC(C2CCC3CC4C(CCC5C6CCCC6CCC45)CC32)CC1
C1CCC(CC2CCC3C(CCCCCC4CCC(C5CCCC5)C4)CCCC23)CC1
C1CCC(C2CCC3CC4C(CCC5C6CCCC6CCC45)CC32)CC1
C(CCCC1CCCCC1)CCCC1CCC(CC2CCCCC2)C1
C1CCC(C2CC3CCCC3C3CCC4CCCCC4C23)CC1
C1CCC(CCCCCC2CCCC3CCCC23)CC1
C1CCC(CC2CCC(CC(CC3CCCCC3)C3CCCCC3)CC2)CC1
C(CCC1CCCC2CCCC12)CC1CC2CCCCC2C1
C(CCC1CCCC2CCCC12)CC1CC2CCCCC2C1
C1CCC(CCC2CCC(CCC3CCCC(CC4CCCC4)C3)CC2)CC1
C1CCC(CCCCC2CCC(C3CCC4C(CCC4C4CCCCC4)C3)CC2)CC1
C1CCC(C2CCC3CC4C(CCCC5CC5)CCCCC4CC32)CC1
C1CCC(C2CCC3C(CCCCCC4CCC(CC5CCCC5)C4)CCCC23)CC1
C1CCC2CCC3C4CCCC4CC(C4CCC(C5CCCC5)CC4)C3C2CC1
C1CCC(CCCCCC2CCCCC2)CC1
C1CCC(C2CCC3CCCCC3C3CCC4CCCCC4C23)CC1
C1CCC(CCC(CCC2CCCCC2)CCC2CCC3CCCC3C2)CC1
C1CCC(CC2CC3CCCCC3C3CCC4CCCCCC4C23)CC1
C1CCC(CCC2CCC(C3CCC4C(CCC4C4CCCCC4)C3)CC2)CC1
C1CCC(C2CCC(CCCC3CCC4C3CCC3C5CCCCCC5CCC43)C2)CC1
C1CCC(CCC2CCC3C(CC4CCCCC4)CCC3C2)CC1
C(CCCC1CCCCC1)CCCC1CCC(C2CCCCC2)C1
C1CCC2CC(CC3CCCC4CCCC43)CCC2C1
C1CCC(C2CCC3C(CCC3C3CCCCC3)C2)CC1
C1CCC(CCC2CCC3C(CCC3C3CCCCC3)C2)CC1
C1CCC(CCCCC2CC3CCCCC3C2)CC1
C(CCCC1CCCC2C(C3CCCCC3)CCC12)CCC1CCCCC1
C1CCC(CCCCCC2CCCC3C(CC4CCCCC4)CCC23)CC1
C1CCC(C2CCC3CCC4C(CCC45CCCC5)CC32)CC1
C1CCC(CCCC2CCC(CCC3CCCC(CC4CCCC4)C3)CC2)CC1
C(CCCC1CCCCC1)CCCC1CCC(C2CCCCC2)C1
C1CCC2C(C1)CCC1C3CCCCC3CCC21
C(CCC1CC2CCCCC2C1)CCC1CCCC2CCCC12
C(CCC1CCC2CCCC2C1)CC1CCC(C2CCCC2)CC1
C1CCC(CCCCCC2CCCC3C(C4CCCCC4)CCC23)CC1
C1CCC2C(C1)CCC(C1CCCC1)C1CCCCC21
C1CCC2CCC3C4CCCCC4CC(CC4CCCC4)C3C2CC1
C1CCC(C2CC3CCCC3C3CCC4CCCCC4C23)CC1
C1CCC(CCC(CCC2CCC3CCCC3C2)CC2CCCCC2)CC1
C1CCC(CCCCC2CCCCC3CCC(C4CCCCC4)CC23)CC1
C1CCC2C(C1)CC(C1CCCC3CCCC31)C1CCCC21
C1CCC(CCCCCC2CCCCC2)CC1
C1CCC(CCC2CCC3C(CCC4CCCCC43)C2)CC1
C(CCCC1CCC2CCCC2C1)CCCC1CCC(C2CCCCC2)C1
C1CCC(CCCCCC2CC3CCCCC3C2)CC1
C(CCC1CCC2C1CCC1C3CCCCC3CCC21)CC1CC2CCCCC2C1
C1CCC2CC(CC3CCCC4CCCC43)CCC2C1
C1CCC(CC2CC3CCCCC3C3CCC4CCCCC4C23)CC1
C1CCC2CCC(C3CCCC4CCCC43)CC2CC1
C1CCC2CC(CCCC3CCC4C5CCC6CCCCC6C(CCC34)C5)CC2C1
C1CCC(CCC2CCC3C(CCC3C3CCCCC3)C2)CC1
C1CCC2C(C1)CCC1C2CCC2C3CCCC3CC21
C1CCC(C2CC3CCCC3C3CCC4CCCCCC4C23)CC1
C1CCC(CCCC2CCC3CCCC3C2)CC1
C(CCCCCCC1CCC2C1CCC1C3CCCCC3CCC21)CCCCCC1CCC(CCC2CCC(CCC3CCCC3)C2)C1
C1CCC(CC2CCC(C3CC4CCCC4C4CCC5CCCCC5C34)CC2)CC1
C1CCC2C(C1)CCC1C3CCCC3CCC21
C1CCC2CCC(C3CCCC4CCCC43)CC2CC1
C1CCC(CCC(CC2CCCCC2)C2CCCCC2)CC1
C(CCC1CCCC2CCCCC12)CC1CCC2CCCCC2C1
C1CCC(C2CC3CCCC3C3CCC4CCCCCC4C23)CC1
C1CCC(C2CCC3CCCC3C3CCC4CCCCC4C23)CC1
C1CCC2CCC(C3CCCC4CCCC43)CC2CC1
C1CCC(CCCC2CCCC3CCC(C4CCCC5CCCC54)CC3C2)CC1
C1CCC(CCCC2CCCC(C3CCC4CC(CCC5CCC6CCCCCC6C5)CCC43)C2)CC1
C(CCC1CCCC2CCCCC12)CC1CCCC2CCCCC2C1
C1CCC2C(C1)CCC1CCCCC12
C1CCC(CCCCCC2CCCC3C(CC4CCCCC4)CCC23)CC1
C1CCC(CCCCC2CC3CCCCC3C2)CC1
C1CCC(CCCC2CCCCC3CCC(C4CCCC5CCCC54)CC23)CC1
C1CCC(CCCCC2CC3CCCCC3C2)CC1
C1CCC(C2CCC3C(CCCCCC4CC4)CCCC23)CC1
C1CCC(CC2CC3CCCCC3C3CCC4CCCCCC4C23)CC1
C1CCC(C2CC3CCCC3C3CCC4CCCCC4C23)CC1
C1CCC(C2CC3CCCC3C3CCC4CCCCC4C23)CC1
C1CCC(CCCCCC2CCC3CCCCC23)CC1
C1CCC(C2CCC3CC4C(CCCC45CCCC5)CCC32)CC1
C(CCCC1CCCCC1)CCCC1CCC(CC2CCCCC2)C1
C(CCCC1CCCC2CCCCC12)CCC1CCC(C2CCCCC2)C1
C(CCC1CCCC2CCCC12)CC1CC2CCCCC2C1
C1CCC(CCC(CCCC2CCC3CCCC3C2)CC2CCCCC2)CC1
C1CCC(CCC2CCC3C(CCC3C3CCCC(CCC4CCCCC4)C3)C2)CC1
C1CCC2C(C1)CCC1C2CCC2C3CCCC3CC21
C1CCC2CC(C3CCCC4CCCC43)CCC2C1
C1CCC(CCC2CCC(C3CC3)CC2)CC1
C(CCC1CCCC2CCCC12)CC1CC2CCCCC2C1
C1CCC(CCCC2(CCC3CCCC3)CCC3C4CCCC5CCCCC5C4CCC32)CC1
C1CCC2CC(C3CCCC3)C3CCCC3C2CC1
C1CCC(C2CC3CCCC3C3CCC4CCCCC4CC23)CC1
C1CCC(C2CC3CCCC3C3CCC4CCCCC4C23)CC1
C1CCC(CCC2CCC3C(CCC3C3CCCCC3)C2)CC1
C1CCC(CCCCCC2CCCC3C(CC4CCCCC4)CCC23)CC1
C(CCC1CCC2CCCCC2C1)CCC1CCCC2CCCCC12
C1CCC(C2CCC3CC4C(CCC32)CCC42CCCC2)CC1
C1CCC(CCCCC2CC3CCCCC3C2)CC1
C1CCC(CCC(CCC2CCC3CCCC3C2)CC2CCCCC2)CC1
C1CCC(CCCCC2CC3CCCCC3C2)CC1
C1CCC(CC2CC3CCCCC3C3CCC4CCCCC4C23)CC1
C1CCC(CCCCCC2CCC3C(CCC3C3CCCCC3)C2)CC1
C1CCC(C2CCC3CC4C(CCC45CCCCC5)CC32)CC1
C1CCC(CCCCC2CC3CCCCC3C2)CC1
C1CCC(CCCCCC2CCCC3C(C4CCCCC4)CCC23)CC1
C1CCC(CCCCCC2CCC3CCCCC23)CC1
C1CCC(C2CCC3C(CCC4CCCCC43)C2)CC1
C1CCC(C2CC3CCCC3C3CCC4CCCCC4C23)CC1
C1CCC(C2CCC3CC4C(CCC5C6CCC(CCCC7CC8CCCCC8C7)C6CCC45)CC32)CC1
C1CCC(CCCC2CCCC3CCC(C4CCCC5CCCC54)CC3C2)CC1
C1CCC(CCCCC2CCC3CCCCC23)CC1
C1CCC(C2CCC(C3CC4CCCC4C4CCC5CCCCC5C34)CC2)C1
C1CCC(CCC2CC3CCCCC3C3CCC4CCCCC4C23)C1
C1CCC(C2CCC3C(CCC3C3CCCCC3)C2)CC1
C1CCC(C2CC3CCCC3C3CCC4CCCCCC4C23)CC1
C1CCC2CC(C3CCCC4CCCC43)CCC2C1
C1CCC2CC(C3CCCC4CCCC43)CCC2C1
C(CCC1CCC2CCCCC2C1)CCC1CCCC2CCCCC12
C(CCCC1CCCC2C(C3CCCCC3)CCC12)CCC1CCCCC1
C1CCC(C2CCC3CCC4CCCCC4C3CC2)CC1
C1CCC(CC2CC3CCCCC3C3CCC4CCCCC4C3C2)CC1
C1CCC2C(C1)CCC1CCCCC12
C1CCC(CCCCCC2CCC3CCCCC23)CC1
C1CCC2CC(CCCC3CCC4C3CCC3C5CCCCC5CCC43)CC2C1
C(CCC1CCCC2CCCCC12)CC1CCC2CCCCC2C1
C1CCC(CCCCC2CCC3CCCCC23)CC1
C1CCC(CCCCC2CC3CCCCC3C2)CC1
C1CCC2CC(C3CCCC4CCCC43)CCC2C1
C1CCC(C2CCC3CC4C(CCC32)CCC42CCCC2)CC1
C1CCC(C2CC3CCCC3C3CCC4CCCCC4C23)CC1
C1CCC(C2CC3CCCCC3C3CCC4CCCCC4C23)CC1
C1CCC(CCCCCC2CC3CCCCC3C2)CC1
C1CCC(C2CCC3CC4C(CCC5C6CCC(CCCC7CC8CCCCC8C7)C6CCCC45)CC32)CC1
C1CCC(CCCCCC2CC3CCCCC3C2)CC1
C1CCC(C2CCC3CCCC3C3CCC4CCCCCC4C23)CC1
C1CCC2C(C1)CCC1CCCCC12
C(CCCC1CCCCC1)CCCC1CCC(C2CCCCC2)C1
C1CCC(CCCCCC2CC3CCCCC3C2)CC1
C1CCC(C2CC3CCCC3C3CCC4CCCCC4C23)CC1
C1CCC(CCCCC2CCC3CCCCC23)CC1
C1CCC2C(C1)CCC1C3CCCC3CCC21
C1CCC(CCC2CCC3C(CC4CCCCC4)CCC3C2)CC1
C1CCC(CCCC2CCC3C(CCC4C5CCCC5CCC34)C2)CC1
C(CCCC1CCCC2CCCC12)CCC1CCC2CCCCC2C1
C1CCC(CCCCCC2CC3CCCCC3C2)CC1
C1CCC(CCCC2CCCC(C3CCC4CC(CCC5CCC6CCCCC6C5)CCC43)C2)CC1
C1CCC(C2CCC(CC3CC4CCCCC4C4CCC5CCCCC5C34)CC2)CC1
C1CCC(CCCC2CCC3CCC(C4CCCC5CCCC54)CC3CC2)CC1
C(CCC1CCCC2CCCC12)CC1CC2CCCCC2C1
C1CCC(CCC2CCCC3CCC4C(CCC4C4CCCCC4)CC23)CC1
C1CCC(CCCCC2CC3CCCCC3C2)CC1
C1CCC(CCCCC2CC3CCCCC3C2)CC1
C1CCC(CC2CC3CCCCC3C3CCC4CCCCC4C23)C1
C1CCC2CCC(C3CCCC4CCCC43)CC2CC1
C1CCC(C2CCC3CC4C(CCC45CCCCC5)CC32)CC1
C1CCC(C2CC3CCCC3C3CCC4CCCCC4C23)CC1
C1CCC(CCCCC2CC3CCCCC3C2)CC1
C1CCC(C2CCC3C(CCCC4CCCCC43)C2)CC1
C(CCCC1CCCCC1)CCCC1CCC(C2CCCCC2)C1
C(CCCC1CCCC2C(C3CCCCC3)CCC12)CCC1CCCCC1
C1CCC(C2CC3CCCCC3C3CCC4CCCCC4C23)CC1
C1CCC(C2CCC3CCC4CCCCC4C3CC2)CC1
C1CCC(CCC2CCC3C(CCC4C5CCCCC5CCC34)C2)CC1
C1CCC(CC2CC3CCCCC3C3CCC4CCCCC4C23)CC1
C(CCCC1CCCC2C(C3CCCCC3)CCC12)CCC1CCCCC1
C1CCC(C2CCC3CC4C(CCCC45CCCC5)CC32)CC1
C1CCC(CCCCCC2CC3CCCCC3C2)CC1
C1CCC2CC(CCCC3CCC4C3CCC3C5CCCCC5CCC43)CC2C1
C1CCC(CCC2CCC3C(CCC3C3CCCCC3)C2)CC1
C1CCC2CCC3CCCCC3C2CC1
C1CCC(CC2CC3CCCCC3C3CCC4CCCCCC4C23)CC1
C1CCC(C2CC3CCCC3C3CCC4CCCCC4C23)CC1
C1CCC2C(C1)CCC1CCCCC12
C1CCC(C2CCC(CC3CC4CCCCC4C4CCC5CCCCCC5C34)CC2)CC1
C(CCC1CCCC2CCCCC12)CC1CC2CCCCC2C1
C1CCC(CCCCC2CC3CCCCC3C2)CC1
C1CCC(CCC(CCC2CCC3CCCC3C2)CC2CCCCC2)CC1
C1CCC2CCC(C3CCCC4CCCC43)CC2CC1
C1CCC2C(C1)CCC1C3CCCCC3CCC21
C1CCC2CC(CC3CCCC4CCCC43)CCC2C1
C1CCC(CCC2CCC(CCC3CCCC(CC4CCCC4)C3)CC2)CC1
C1CCC(C2CCC3C(CCC4CCCCC43)C2)CC1
C1CCC(C2CC3CCCC3C3CCC4CCCCC4C23)CC1
C1CCC(C2CCC3C(CCCCCC4CC4)CCCC23)CC1
C1CCC(CCC2CCC3C(CCC3C3CCCCC3)C2)CC1
C1CC2CCC3C(CCC4CCC5CC5C43)CC2C1
C1CCC(C2CCC3CC4C(CCC45CCCC5)CC32)CC1
C1CCC(C2CCC3CC4C(CCC5C6CCCC6CCCC45)CC32)CC1
C1CCC(CCC2CC3CCCCC3C3CCC4CCCCC4C23)CC1
C(CCC1CCCC2CCCCC12)CC1CC2CCCCC2C1
C1CCC(CCCCC2CC3CCCCC3C2)CC1
C1CCC(CCCCC2CC3CCCCC3C2)CC1
C1CCC(CC2CCC3C(CCC3C3CCCCC3)C2)CC1
C1CCC(CCCCCC2CC3CCCCC3C2)CC1
C1CCC(CC2CCC3C(CCC3C3CCCCC3)C2)CC1
C(CCC1CCCC1)CCC1CCCC2CCCCC2C1
C1CCC(CC2CC3CCCCC3C3CCC4CCCCC4C23)CC1
C1CCC(CCCC2CC3CCCC3C3CCC4CC(CCC5CCCCC5)CCC4C23)CC1
C1CCC2C(C1)CCC1C3CCCCC3CCC21
C1CCC(CCCC2(CCCC3CC4CCCCC4C3)CCC3C4CCC5CCCCC5C4CCC32)C1
C1CCC(CCCCCC2CCCC3C(C4CCCCC4)CCC23)CC1
C1CCC(CC2CC3CCCCC3C3CCC4CCCCCC4C23)CC1
C(CCCC1CCC2C(CCC2C2CCCCC2)C1)CCC1CCCCC1
C1CCC(CCCCCC2CCCC3C(C4CCCCC4)CCC23)CC1
C(CCC1CCCC2CCCC12)CC1CC2CCCCC2C1
C1CCC(C2CC3CCCC3CC3CCC4CCCCC4C32)CC1
C1CCC(CCCCCC2CC3CCCCC3C2)CC1
C(CCCC1CCCCC1)CCCC1CCC(C2CCCCC2)C1
C1CCC(CCCCC2CCC3CCCCC23)CC1
C1CCC(C2CCC(CCCCCC3CCCC4CCCCC34)C2)CC1
C1CCC(CCC2CCC(CCC3CCCCC3)CC2)CC1
C1CCC(CC2CC3CCCCC3C3CCC4CCCCC4C3C2)CC1
C1CCC(C2C3CCCC3CC3CC4CCCC4CC32)CC1
C1CCC(C2CCC3CCCC3C3CCC4CCCCC4C23)CC1
C1CCC(CCCCCC2CCCC3C(C4CCCCC4)CCC23)CC1
C1CCC(C2CC3CCCC3C3CCC4CCCCC4C23)CC1
C1CCC(CCCCC2CC3CCCCC3C2)CC1
C(CCCC1CCCC2CCCCC12)CCC1CCC(C2CCCCC2)C1
C1CCC(CCC2CCC3C(CCC3C3CCCCC3)C2)CC1
C1CCC(CCCCC2CC3CCCCC3C2)CC1
C1CCC(CC2CC3CCCCC3C3CCCCC23)CC1
C1CCC2C(C1)CC(C1CCCC3CCCC31)C1CCCCC21
C1CCC(CCC2CCC3C(CCC4C5CCCC5CC(CCC5CCCCC5)C34)C2)CC1
C1CCC2C(C1)CCC1C3CCCC3CCC21
C(CCC1CCCC2CCCC12)CC1CC2CCCCC2C1
C1CCC(C2CCC3CC4C(CCCC45CCCC5)CC32)CC1
C1CCC(CCCC2CCC3C2CCC2C4CC5CCC(C6CCCCC6)C5CC4CCC32)CC1
C1CCC(CCCCC2CC3CCCCC3C2)CC1
C1CCC(CCCCC2CC3CCCCC3C2)CC1
C1CCC(C2CC3CCCC3C3CCC4CCCCC4C23)CC1
C1CCC(C2CCC3CC4C(CCC5C6CCCC(CCCC7CCC8CCCCC8C7)C6CCC45)CC32)CC1
C(CCC1CCC(C2CC3CCCC3C3CCC4CCCCC4C23)CC1)CCC1CCC2C(CCC3C4CCCC4CCC23)C1
C1CCC(C2CCC3C(CCCCCC4CCC(C5CCCC5)C4)CCCC23)CC1
C1CCC(CC2CCC3C(CCC3C3CCCCC3)C2)CC1
C1CCC(CCC2CCC3C(CCC4CC(C5CCCCC5)CCCC43)C2)CC1
C1CCC2CCC3C4CCCC4CCC3C2CC1
C1CCC2CCC3CCCCC3C2CC1
C1CCC(CCC2CCC3C(CC4CCCCC4)CCC3C2)CC1
C1CCC2CCC3CCCCC3C2CC1
C1CCC(CC2CCCCCCC23CCC2C(CCC2C2CCCCC2)C3)CC1
C(CCCCC1CCC(C2CCCCC2)C1)CCCC1CCCCC1
C1CCC(CCCCC2C3CCCCCC3CCC2C2CCCC3CCCC32)CC1
C1CCC(C2CCC3CCCCC3C3CCCCC23)CC1
C1CCC(CCCCC2CC3CCCCC3C2)CC1
C1CCC(CCCCCC2CC3CCCCC3C2)CC1
C1CCC(C2CC3CCCC3C3CCCC4CCCCC4C23)CC1
C1CCC(C2CC3CCCC3C3CCC4CCCCCC4C23)CC1
C1CCC2C(C1)CCC1CCCCC12
C1CCC(CC2CC3CCCCC3C3CCC4CCCCC4C23)C1
C1CCC(CCCC(CC2CC3CCCCC3C2)C2CC2)CC1
C1CCC(CCCC2(CCC3CCCC3)CCC3C4CCC5CCCCC5C4CCC32)CC1
C1CCC(CC2CC3CCCCC3C3CCC4CCCCCC4C23)CC1
C1CCC(C2CCCC3C(CCC4CCCCC43)C2)CC1
C(CCC1CCCCC2CCCCC12)CC1CCC2CCCCC2C1
C1CCC(CCC2(CCCC3CCC4CCCCC4C3)CCC3C4CCCC5CCCCC5C4CCC32)C1
C1CCC2CCC3C4CCCCC4CC(CC4CCCC4)C3C2CC1
C1CCC2CC(CC3CCCC4CCCC43)CCC2C1
C1CCC2C(C1)CCC1C3CCCC3CCC21
C1CCC(CCCCC2CC3CCCCC3C2)CC1
C1CCC(C2CCC(CCCCCC3(C4CCCC4)CCCC4CCCCC43)C2)CC1
C(CCCC1CCCCC1)CCCC1CCC(C2CCCCC2)C1
C1CCC(CCC2CCC(CCC3CCCC(CC4CCCC4)C3)CC2)CC1
C1CCC(C2CCC3CC4C(CCC5C6CCC(CCCC7CC8CCCCC8C7)C6CCC45)CC32)CC1
C1CCC(CC2CC3CCCCC3CC3CCC4CCCCC4C32)CC1
C1CCC2C(C1)CCC1C3CCCC3CCC21
C(CCCC1CCCCC1)CCCC1CCC(C2CCCCC2)C1
C1CCC(CCC(CCC2CCC3CCCC3C2)CC2CCCCC2)CC1
C1CCC(CCCC2CCCC(C3CCC4CC(CCC5CCC6CCCCC6C5)CCC43)C2)CC1
C1CCC(CCCCC2CC3CCCCC3C2)CC1
C(CCCC1CCCC2C(C3CCCCC3)CCC12)CCC1CCCCC1
C1CCC(CCCC2CCCC3CCC(C4CCCC5CCCC54)CC3C2)CC1
C1CCC(CCCCC2CC3CCCCC3C2)CC1
C1CCC(CCC2CCC3C(CCC3C3CCCCC3)C2)CC1
C1CCC(CCCC2CCCC3CCC(C4CCCC5CCCC54)CC3C2)CC1
C1CCC(C2CCC3CC4C(CCC45CCCC5)CC32)CC1
C1CCC(CC2CCC3CC4C(CCC5C6CCC(CCCC7CCC8CCCCC8C7)C6CCC45)CC23)CC1
C1CCC(C2CCC3CC4(CCCCCC4C4CCCCC4)CCC32)CC1
C1CCC(C2CCC3CCCC3C3CCCC4CCCCC4C23)CC1
C1CCC(CCC2CCC3C(CCC3C3CCCCC3)C2)CC1
C1CCC(CC2CCCC(CC3CC4CCCCC4C4CCC5CCCCC5C34)C2)CC1
C1CC2CCC3C(CCC4CCCCC43)CC2C1
C1CC2CCC3C(CCC4CCCCC43)CC2C1
C1CCC(C2CC3CCCC3C3CCC4CCCCC4C23)CC1
C1CCC2CC(C3CCC4CCCCC43)CCC2C1
C1CCC(CCC2CCC3C(CCC3C3CCCCC3)C2)CC1
C1CCC(CCCCC2CC3CCCCC3C2)CC1
C1CCC2C(C1)CCC1CCCCC12
C1CCC(CCC2CCC(CCCC3CCCC(CC4CCCC4)C3)CC2)CC1
C1CCC(CCCCCC2CC3CCCCC3C2)CC1
C1CCC(C2CC3CCCC3C3CCC4CCCCC4CC23)CC1
C1CCC(CCC2CCC3C(CCC3C3CCCCC3)C2)CC1
C1CCC(CCCCCC2CCCC3C(C4CCCCC4)CCC23)CC1
C(CCC1CCC2CCCCC2C1)CCC1CCCC2CCCCC12
C1CCC(CCC2CCC3C(CCC3C3CCCCC3)C2)CC1
C1CCC2CCC(C3CCCC4CCCC43)CC2CC1
C1CCC(CCCCC2CC3CCCCC3C2)CC1
C1CCC2C(C1)CCCC1C3CCCC3CCC21
C1CCC2C(C1)CCC1C3CCCC3CCC21
C(CCC1CCCC2CCCCC12)CC1CCC2CCCCC2C1
C1CCC(CCCCCC2CCCC3C(CC4CCCCC4)CCC23)CC1
C1CCC(C2CCC(CCCCCC3CCCC4C(C5CCCCC5)CCC34)C2)CC1
C1CCC(CCCCCC2CC3CCCCC3C2)CC1
C(CCC1CCC2C1CCC1C3CCCCC3CCC21)CC1CC2CCCCC2C1
C1CCC(C2CC3CCCC3C3CCCC4CCCCC4C23)CC1
C1CCC2CCC(C3CCCC4CCCC43)CC2CC1
C1CCC2CCC(C3CCCC4CCCC43)CC2CC1
C1CCC2C(C1)CC(C1CCCC3CCCCC31)C1CCCC21
C1CCC(CCCC2CCCC3CCC(C4CCCC5CCCC54)CC3C2)CC1
C1CCC(CCC2CCC3C(CCC3C3CCCCC3)C2)CC1
C1CCC2CCC3CCCCC3C2CC1
C1CCC(C2CCC3CC4C(CCC5C6CCCCC6CCC45)CC32)CC1
C1CCC(C2CC3CCCC3C3CCC4CCCCC4C3C2)CC1
C1CCC(C2CCC3CC4C(CCCC45CCCC5)CC32)CC1
C1CCC(CC2CC3CCCC3C3CCC4CCCCC4C23)CC1
C1CCC(C2CCC3CCC4C(CCC45CCCC5)CC32)CC1
C1CCC(CCC2(CCCC3CCC4CCCCC4C3)CCC3C4CCC5CCCCC5C4CCC32)C1
C1CCC(CCC2(CCCC3CC4CCCCC4C3)CCCC3C4CCC5CCCCC5C4CCC32)C1
C1CCC2CCC(C3CCCC4CCCC43)CC2CC1
C1CCC(CCC2CCC3C(CCC3C3CCCCC3)C2)CC1
C1CCC(CCCCC2CC3CCCCC3C2C2CCCCC2)CC1
C1CCC(CCC2CCCCC2)CC1
C1CCC(CCCCC2CCC3CCCCC23)CC1
C1CCC(CCCC2CCC3C2CCCC2C4CC5CCC(C6CCCCC6)C5CC4CCC32)CC1
C1CCC(CC2CCC3C(CCC3C3CCCCC3)C2)CC1
C1CCC(C2CCC3C(CCC4CCCCC43)C2)CC1
C1CCC(CCCC2CCC3CCC(C4CCCC5CCCC54)CC3C2)CC1
C1CCC(CCCCC2CC3CCCCC3C2)CC1
C1CCC(C2CC3CCCCC3C3CCC4CCCCC4C23)CC1
C1CCC(C2CCC3CC4C(CCCC45CCCC5)CCC32)CC1
C1CCC(CCCCC2CCC3CCCCC23)CC1
C1CCC(CCCCCC2CCCC3C(CC4CCCCC4)CCC23)CC1
C1CCC(CC2CCC3CCCCC3C3CCC4CCCCC4C23)CC1
C1CCC(C2CCC3CC4C(CCC45CCCC5)CC32)CC1
C1CCC2CC(C3CCCC4CCCC43)CCC2C1
C1CCC(C2CC3CCCC3C3CCC4CCCCC4CC23)CC1
C1CCC(CC2CCC3C(CCC3C3CCCCC3)C2)CC1
C1CCC(CC2CCCC(C3CCC4CC(CCC5CCC6CCCCC6C5)CCC43)C2)C1
C1CCC(C2CCC3C(CCC34CCCC4)C3CCC4CCCCC4CC23)CC1
C1CCC(CC2CCC3CC4C(CCC45CCCC5)CC23)CC1
C(CCCC1CCCC2C(C3CCCCC3)CCC12)CCC1CCCCC1
C1CCC(CCC(CC2CC3CCCCC3C2)C2CC2)CC1
C(CCC1CC2CCCCC2C1)CCC1CCCC2CCCC12
C(CCCC1CCCC2C(C3CCCCC3)CCC12)CCC1CCC(C2CCCC2)C1
C1CCC(C2CCC3CC4C(CCC45CCCCCC5)CC32)CC1
C1CCC(CCCCCC2CCC3CCCCC23)CC1
C1CCC(C2CCC3CC4C(CCC32)CCC2C3CCCC3CCC42)CC1
C1CCC(C2CC3CCCC3CC3CCC4CCCCC4C32)CC1
C1CCC(C2CCC3C(CCCCCC4CC4)CCCC23)CC1
C1CCC(CCCCCC2CCC3CCCCC23)CC1
C1CCC(CCCCC2CCC3C2CCC2C4CCCCC4CCC32)CC1
C1CCC(CCCCCC2CCC3CCCC3C2)CC1
C1CCC(CCC2CCC(CCC3CCCC(CCC4CCCC4)C3)CC2)CC1
C1CCC(CC2CCC3C(CCC3C3CCCCC3)C2)CC1
C1CCC2C(C1)CCC1C3CCCC3CCCC21
C1CCC(CC2CCC3CC4C(CCC45CCCC5)CC23)CC1
C1CCC(CCCCC2(CCC3CCCC3)CCC3C4CCC5CCCCC5C4CCC32)CC1
C1CCC(C2CC3CCCC3C3CCC4CCCCCC4C23)CC1
C1CCC2C(C1)CCCC1C3CCCC3CCC21
C(CCC1CCC2C1CCC1C3CCCCC3CCC21)CC1CC2CCCCC2C1
C1CCC(CCCC2CCC3CCC(CC4CCCC5CCCC54)CC3C2)CC1
C(CCC1CCCCC2CCCCC12)CC1CCC2CCCCC2C1
C1CCC(CCC2CCC3C(CCC3C3CCCC(CC4CCCC4)C3)C2)CC1
C1CCC2CC(CCCC3CCCC4CCCCC43)CC2C1
C1CCC(CCCC2CCCC(C3CCC4CC(CCC5CCC6CCCCC6C5)CCC43)C2)CC1
C1CCC(CC2CCC(CC(CC3CCCCC3)C3CCCCC3)CC2)CC1
C1CCC(C2CC3CCCC3C3CCC4CCCCC4C23)CC1
C1CCC2C(C1)CC(C1CCCC3CCCC31)C1CCCC21
C1CCC(CCCC(CC2CC3CCCCC3C2)C2CC2)CC1
C1CCC(C2CC3CCCC3C3CCC4CCCCC4CC23)CC1
C1CCC(CC2CCC3C(CC4CCCCC4)CCC3C2)CC1
C1CCC(CC2CCCC2CC2CC3CCCCC3C3CCC4CCCCCC4C23)CC1
C1CCC(C2CC3CCCC3C3CCC4CCCCC4C23)CC1
C(CCCC1CCCC2C(C3CCCCC3)CCC12)CCC1CCCCC1
C1CCC2CCC3C4CCCC4CCC3C2CC1
C1CCC(C2CCC3C(CCC4CCCCC43)C2)CC1
C1CCC(CCCCC2CC3CCCCC3C2)CC1
C1CCC(C2CC3CCCCC3C3CCCCC23)CC1
C1CCC(C2CCC3CC4C(CCCC45CCCC5)CC32)CC1
C1CCC2CCC3C4CCCCC4CCC3C2CC1
C1CCC2CCC3C4CCCC4CCC3C2CC1
C1CCC(CCCC2CCCC(C3CCC4CC(CCC5CCC6CCCCCC6C5)CCC43)C2)CC1
C(CCC1CCCC2CCCC12)CC1CC2CCCCC2C1
C1CCC(CCCCC2CCC3CCC(C4CCCC5CCCC54)CC3C2)CC1
C1CCC(CCCC2(CCCC3CC4CCCCC4C3)CCC3C4CCC5CCCCC5C4CCC32)C1
C1CCC2CCC3C(CCC4C5CCCC5CC43)C2CC1
C1CCC(C2CCC3CC4(CCCCC4C4CCCCC4)CCCC32)CC1
C1CCC2CC(CC3CCCC4CCCC43)CCC2C1
C(CCC1CCC2CCCCC2C1)CCC1CCCC2CCCCC12
C(CCC1CCC2C1CCC1C3CCCCC3CCC21)CC1CCCC2CCCCC12
C1CCC(CCCCC2CC3CCCCC3C2)CC1
C1CCC(C2CCC3CC4C(CCC5CC6CCC(CCCC7CC8CCCCC8C7)C6CCC54)CC32)CC1
C1CCC2CC(CC3CCCC4CCCC43)CCC2C1
C1CCC(CC(CC2CCCCC2)C2CCCCC2)CC1
C1CCC(C2CCC3C(CCC4CCCCC43)C2)CC1
C1CCC2C(C1)CCC1C3CCCCC3CCC21
C1CCC(CCCCC2CC3CCCCC3C2)CC1
C(CCC1CCCC2CCCCC12)CCC1CCCC2CCCCC12
C1CCC(C2CC3CCCCC3C3CCC4CCCCC4C23)CC1
C1CCC(C2CCC3C(CCC4CCCCC43)C2)CC1
C1CCC(CCCCCC2CC3CCCCC3C2)CC1
C1CCC(CCCCCC2CC3CCCCC3C2)CC1
C1CCC(C2CC3CCCCC3CC3CCCCC32)CC1
C1CCC(CCCCC2CCC3CCCCC23)CC1
C1CCC(CC2CC3CCCCC3C3CCC4CCCCC4C23)CC1
C1CCC2CCC3C4CCC(CCCC5CC6CCCCC6C5)C4CCC3C2CC1
C1CCC(CCCCCC2CCCC3C(CC4CCCCC4)CCC23)CC1
C1CCC(C2CCC3CC4C(CCCC5CC5)CCCC4CC32)CC1
C1CCC(C2CC3CCCC3C3CCC4CCCCC4C23)CC1
C1CCC(CCCCCC2CC3CCCCC3C2)CC1
C1CCC(CCC(CC2CC3CCCCC3C2)C2CC2)CC1
C1CCC(CCCCC2CCC3CCCCC23)CC1
C1CCC(C2CCC3CC4C(CCC45CCCCCC5)CC32)CC1
C1CCC(CCC(CCC2CCC3CCCC3C2)CC2CCCCC2)CC1
C1CCC(CCC2CCC3C(CCC3C3CCCCC3)C2)CC1
C1CCC(CCCCCC2CC3CCCCC3C2)CC1
C1CCC(C2CCC3CCC4C(CCC5C6CCC(CCCC7CCC8CCCCC8C7)C6CCC45)CC32)CC1
C1CCC(CCCCCC2CCCCC2)CC1
C1CCC(C2CCC3CC4C(CCC45CCCC5)CC32)CC1
C1CCC(CCCCCC2CCC3CCCCC3C2)CC1
C1CCC2C(C1)CCC1C2CCC2C3CCCC3CCC21
C1CCC(CCCC2CCC3CCC(C4CCCC5CCCC54)CC3C2)CC1
C1CCC(CC2CCC3CCCCC3C3CCC4CCCCC4C23)CC1
C(CCC1CCC2CCCCC2C1)CCC1CCCC2CCCCC12
C(CC1CCC2CCCC2C1)CC1CCCC2CCC(C3CCCC4CCCC43)CC2C1
C1CCC2CC(CCCC3CCC4C3CCC3C5CCCCC5CCCC43)CC2C1
C(CCCC1CCCCC1)CCCC1CCC(C2CCCCC2)C1
C1CCC2CCC(C3CCCC4CCCC43)CC2CC1
C1CCC(C2CC3CCCC3C3CCC4CCCCC4C23)CC1
C1CCC(CC(CC2CCCCC2)C2CCCCC2)CC1
C1CCC(CCCCC2CCCC(C3CCC4CC(CCC5CCC6CCCCC6C5)CCC43)C2)CC1
C1CCC(CCCCC2CC3CCCCC3C2)CC1
C1CCC(CCCC2CCCC3CCCCC32)C2CCCCC2C1
C1CCC(C2CCC3CC4C(CC5CCC6CCCCC65)CCCCC4CC32)CC1
C1CCC(CCCCC2CC3CCCCC3C2)CC1
C1CCC(CCCCC2CC3CCCCC3C2)CC1
C1CCC(CCC(CCC2CC3CCCCC3C2)C2CC2)CC1
C1CCC(CCCCC2CC3CCCCC3C2)CC1
C(CCC1CCCCC2CCCCC12)CC1CCC2CCCCC2C1
C1CCC2C(C1)CCC1C3CCCC3CCC21
C1CCC2C(C1)CCCC1C3CCCC3CCC21
C(CCC1CCCC2CCCCC12)CC1CCCC2CCCCC12
C1CCC(C2CCC3CC4C(CCCCC45CCCC5)CC32)CC1
C1CCC2CC(C3CCCC4CCCC43)CCC2C1
C1CCC(CCC(CCC2CCC3CCCC3C2)CC2CCCCC2)CC1
C1CCC(CCCC2CCCC3CC4C(CCC4C4CCCCC4)CC23)CC1
C1CCC2C(C1)CCC1CCCCC12
C1CCC(CC2CCC3C(CCC3C3CCCCC3)C2)CC1
C1CCC(CCC(CCC2CC3CCCCC3C2)C2CC2)CC1
C1CCC(C2CCC3CCCCC3C3CCC4CCCCC4C23)CC1
C1CCC(C2CCC3CC4C5CCC6C(CCCC7CCC8CCCCC8C7)CCC6C(CCC4CC32)C5)CC1
C1CCC(C2CCC3CC4C(CC5CCC6CCCCC65)CCCC4CC32)CC1
C1CCC(CC2CC3CCCCC3C3CCC4CCCCCC4C23)CC1
C(CCCC1CCCC2C(C3CCCCC3)CCC12)CCC1CCCCC1
C1CCC(CCC2CCC3C2CCC2C4CCCCC4CCC32)C1
C1CCC(CCC2CCC(CCC3CCCC(CC4CCCC4)C3)CC2)CC1
C1CCC2C(C1)CC(C1CCCC1)C1CCCCC21
C1CCC2CCC3C4CCCC4CCC3C2CC1
C1CCC(CC2CCC3CC4C(CCC45CCCC5)CC23)CC1
C1CCC2CC(CC3CCCC4CCCC43)CCC2C1
C1CCC(CCCC2CCC3C(CCC4CCCCC43)C2)CC1
C1CCC(C2CC3CCCC3C3CCCC4CCCCC4C23)CC1
C1CCC(CCCCC2CC3CCCCC3C2)CC1
C1CCC(CCCCCC2CC3CCCCC3C2)CC1
C1CCC(CC2CCC(CCCCCC3CCCC4CCCCC34)C2)CC1
C(CCCC1CCCC2C(C3CCCCC3)CCC12)CCC1CCCCC1
C1CCC(C2CCC3CC4C(CCC5C6CCCCC6CCC45)CC32)CC1
C1CCC(C2CC3CCCCC3CC3CCC(CCC4CCCC4)CC32)CC1
C1CCC(C2CCCC3(CCC4CC5C(CCC5C5CCCCC5)CC43)C2)CC1
C(CCC1CCCC2CCCCC12)CC1CCC2CCCCC2C1
C1CCC(CC2CC3CCCCC3C3CCC4CCCCC4C3C2)C1
C1CCC(CCCCC2(CCC3CCCC3)CCC3C4CCC5CCCCC5C4CCC32)CC1
C1CCC(CCC2CCC3C(CCC3C3CCCCC3)C2)CC1
C1CCC(CCCC(CCC2CCC3CCCC3C2)CC2CCCCC2)CC1
C1CCC2CCC3C4CCC(CCCC5CC6CCCCC6C5)C4CCC3C2CC1
C1CCC(CC2CCC3C(CCC3C3CCCCC3)C2)CC1
C1CCC(C2CCC3CCCC3C3CCC4CCCCC4C23)CC1
C(CCCC1CCCC2C(C3CCCCC3)CCC12)CCC1CCCCC1
C1CCC2CCC3C4CCCC4CCC3C2CC1
C1CCC(CCC2CCC3C(CCC3C3CCCCC3)C2)CC1
C1CCC(C2CCC3CC4C(CCCC45CC(C4CCCCC4)C(C4CCCCC4)C5)CCC32)CC1
C(CCCCC1CCC(C2CCCCC2)C1)CCCC1CCCCC1
C(CCCCC1CCC(C2CCCCC2)C1)CCCC1CCCCC1
C1CCC(C2CC3CCCC3C3CCC4CCCCC4C23)CC1
C1CCC2CC(CC3CCCC4CCCC43)CCC2C1
C1CCC(CCCCCC2CCC3CCCCC23)CC1
C1CCC(C2CC3CCCCC3C3CCCCC23)CC1
C1CCC(CCCC2CCC(CC3CCC4C(CCC4C4CCCCC4)C3)CC2)CC1
C1CCC(CCCCC2CCC3C2CCC2C4CCCCCC4CCC32)CC1
C1CCC(C2CCC3CC4C(CCC32)CCC2C3CCC(CCCC5CCC6CCCCC6C5)C3CCC42)CC1
C1CCC2CC(C3CCCC4CCCC43)CCC2C1
C1CCC(CCCCCC2CCC3CCCCC3C2)CC1
C1CCC(C2CC3CCCC3C3CCC4CCCCC4C23)CC1
C(CCCC1CCCC2C(C3CCCCC3)CCC12)CCC1CCCCC1
C1CCC(CCCCC2CC3CCCCC3C2)CC1
C(CCC1CCC2CCCCC2C1)CCC1CCCC2CCCCC12
C1CCC(CCC2(CCCC3CC4CCCCC4C3)CCC3C4CCC5CCCCC5C4CCC32)C1
C1CCC(CCCC2CCC3CCC(C4CCCC5CCCC54)CC3C2)CC1
C1CCC2CCC(C3CCCC4CCCC43)CC2CC1
C1CCC2C(C1)CCC1C3CCCC3CCC21
C1CCC(CCCCC2CC3CCCCC3C2)CC1
C1CCC(C2CC3CCCC3C3CCC4CCCCCC4C23)CC1
C(CCC1CCCC2CCCCC12)CC1CCC2CCCCC2C1
C1CCC(CCC(CCC2CCC3CCCC3C2)CC2CCCCC2)CC1
C1CCC(CCCCCC2CCC3CCCCC23)CC1
C1CCC(CCCC2CCC3C(CCC3C3CCCCC3)C2)CC1
C1CCC(C2CCC3CC4C(CCC5C6CCC(CCCC7CCC8CCCCC8C7)C6CCC45)CC32)CC1
C1CCC2C(C1)CCC1C3CCCC3CCC21
C1CCC(CCCCC2CCC3CCC(C4CCCC5CCCC54)CC3C2)CC1
C1CCC(C2CC3CCCC3C3CCC4CCCCC4CC23)CC1
C1CCC(CCC(CC2CCC3C(CCC3C3CCCCC3)C2)C2CCCCC2)CC1
C1CCC(CCC2CCC3C2CCC(C2CCCCC2)C2C4CCCCCC4CCC32)CC1
C(CCCC1CCC2CCCC2C1)CCCC1CCC(C2CCCCC2)C1
C(CCCC1CCCCC1)CCCC1CCC(C2CCCCC2)C1
C1CCC(CCCC2CCC3CCC(C4CCCC5CCCC54)CC3C2)CC1
C1CCC2CCC(C3CCCC4CCCC43)CC2CC1
C1CCC(C2CCC3CC4C(CCC5C6CCCC(CCCC7CCC8CCCCC8C7)C6CCC45)CC32)CC1
C1CCC(C2CC3CCCC3C3CCC4CCCCC4C23)CC1
C1CCC(CCCCCC2CCC3CCCCC23)CC1
C1CCC(CCCCCC2CC3CCCCC3C2)CC1
C1CCC(CC2CCC3CC4C(CCC45CCC(C4CCCCC4)C5)CC23)CC1
C(CCC1CCCC2C(CCC3C4CCCC4CCC23)C1)CC1CCC(C2CC3CCCC3C3CCC4CCCCC4C23)CC1
C(CCCC1CCCC2C(C3CCCCC3)CCC12)CCC1CCCCC1
C1CCC2C(C1)CCC1C3CCCC3CCCC21
C1CCC(CCCCCC2CC3CCCCC3C2)CC1
C1CCC(CCCC2CCC3CCCC3C2)CC1
C(CCC1CCCC2CCCCC12)CC1CCC2CCCCC2C1
C1CCC2C(C1)CCC1C3CCCCC3CCC21
C1CCC(CCCC2CCCC3CCC(C4CCCC5CCCC54)CC3C2)CC1
C1CCC(CCCC2CCCC3CCC(C4CCCC5CCCC54)CC3C2)CC1
C(CCCC1CCCCC1)CCCC1CCC(C2CCCCC2)C1
C1CCC2CCC3C4CCCCC4CCC3C2CC1
C1CCC2CC(C3CCCC4CCCC43)CCC2C1
C1CCC2CCC3C(CCC4C3CCC4(CCCC3CC4CCCCC4C3)CCC3CCCC3)C2CC1
C1CCC(C2CCC3CC4C(CCC5C6CCC(CCCC7CC8CCCCC8C7)C6CCC45)CC32)CC1
C1CCC2C(C1)CCC1C2CCCC2C3CCCC3CC21
C1CCC2CC(C3CCCC4CCCC43)CCC2C1
C1CCC(CC2CC3CCCCC3C3CCC4CCCCC4C23)CC1
C1CCC2CCC(C3CCCC4CCCC43)CC2CC1
C1CCC(C2CC3CCCC3C3CCC4CCCCC4C23)CC1
C1CCC(CCCCC2CCC3CCCCC23)CC1
C1CCC(C2CCC3(CCC4CC5C(CCC5C5CCCCC5)CC43)C2)CC1
C1CCC(CCCC2CCC(CCC3CCCCC3)CC2)CC1
C1CCC(CCCCC2CCCC3CCC(CC4CCCCC4)CC23)CC1
C1CCC2C(C1)CCC1C3CCCCC3CCCC21
C1CCC(CCC2CCC3C(CCC3C3CCCCC3)C2)CC1
C1CCC(CCC2CCC3C(CCC4C5CCCCC5CCC34)C2)CC1
C1CCC2CC(CC3CCCC4CCCC43)CCC2C1
C(CCCC1CCCC2C(C3CCCCC3)CCC12)CCC1CCCCC1
C1CCC2CCC3C4CCCC4CC(C4CCC(C5CCCC5)CC4)C3C2CC1
C1CCC(C2CCC3CC4C(CCCC45CCCCC5)CC32)CC1
C1CCC(C2CC3CCCC3C3CCCC4CCCCC4C23)CC1
C1CCC(CCC2CCC3C(CCC3C3CCCCC3)C2)CC1
C1CCC(C2CC3CCCC3C3CCCC4CCCCC4C23)CC1
C1CCC(CCC2CCC3C(CCC3C3CCCCC3)C2)CC1
C1CCC(CCCCC2CC3CCCCC3C2)CC1
C1CCC(CCC2CCC3C(CCC3C3CCCCC3)C2)CC1
C1CCC(C2CC3CCCC3C3CCC4CCCCC4C23)CC1
C1CCC2CCC3C4CCC(CCCC5CCC6CCCCC6C5)C4CCC3C2CC1
C1CCC(C2CCC3CC4C(CCCC5C6CCC(CCCC7CCC8CCCCC8C7)C6CCC45)CC32)CC1
C1CCC(C2CCC3CC4C(CCC5C6CCC(CCCC7CCC8CCCCC8C7)C6CCC45)CC32)CC1
C1CCC(C2CCC3CCCC3C3CCC4CCCCC4C23)CC1
C1CCC(C2CCC3CC4C(CCC5C6CCC(CCCCC7CC8CCCCC8C7)C6CCC45)CC32)CC1
C1CCC2C(C1)CCC1C3CCCC3CCC21
C1CCC2C(C1)CCCC1C3CCCC3CCC21
C1CCC(CCCCCC2CC3CCCCC3C2)CC1
C1CCC(C2CCC3CC4C(CCC5C6CCC(CCCC7CC8CCCCC8C7)C6CCC45)CC32)CC1
C1CCC(CC2CC3CCCCC3C3CCC4CCCCC4C23)C1
C1CCC(CCC2CCC3C(CCC3C3CCCCC3)C2)CC1
C1CCC(C2CCC(C3CC4CCCC4C4CCC5CCCCC5C34)CC2)C1
C1CCC(C2CCC3CCCC3C3CCC4CCCCC4C23)CC1
C1CCC(CCC2CCCCC2)CC1
C1CCC(C2CC3CCCC3C3CCC4CCCCC4C23)CC1
C(CCC1CCC2CCCCC2C1)CCC1CCCC2CCCCC12
C1CCC(CCCCC2CC3CCCCC3C2)CC1
C1CCC(C2CC3CCCCC3C3CCCCC23)CC1
C1CCC(C2CC3CCCC3C3CCC4CCCCCC4C23)CC1
C1CCC(CC2CCC(C3CC4CCCC4C4CCC5CCCCC5C34)CC2)CC1
C1CCC(CCC2CCC(CCC3CCCC(CCC4CCCC4)C3)CC2)CC1
C(CCCC1CCCC2C(C3CCCCC3)CCC12)CCC1CCCCC1
C1CCC(CCC2CCC(CCCC3CCCC(CC4CCCC4)C3)CC2)CC1
C1CCC(C2CC3C(CCC34CCCC4)C3CCC4CCCCC4C23)CC1
C1CCC(CCCCC2CCC3CCCCC23)CC1
C1CCC(CC2CC3CCCCC3C3CCC4CCCCC4C23)C1
C1CC(CC2CCC(C3CC4CCCC4C4CCC5CCCCC5C34)CC2)C1
C1CCC(CCC2CCC3C(CCCC4C5CCCC5CCC34)C2)CC1
C1CCC(CC2CCC3CC4C(CCC5C6CCC(CCCC7CCC8CCCCC8C7)C6CCC45)CC23)CC1
C1CCC2CC(C3CCCC3)CCC2C1
C1CCC(CC2CC3CCCCC3C3CCC4CCCCC4C23)CC1
C1CCC(C2CC3CCCC3C3CCC4CCCCCC4C23)CC1
C(CCC1(C2CCCC2)CCCCC2CCCCC21)CC1CCC2CCCCC2C1
C1CCC(C2CC3CCCC3C3CCC4CCCCC4C23)CC1
C1CCC2CC(CC3CCCC4CCCC43)CCC2C1
C(CCC1CCC2CCCCC2C1)CCC1CCCC2CCCCC12
C1CCC(CC2CC3CCCCC3C2C2CCCCC2)CC1
C1CCC(CC2CCC(CC(CC3CCCCC3)C3CCCCC3)CC2)CC1
C1CCC(CCCCCC2CCC3CCCCC23)CC1
C1CCC(CCC(CCC2CCCCC2)CCC2CCC3CCCC3C2)CC1
C1CCC2CC(CC3CCCC4CCCC43)CCC2C1
C1CCC(CCCCCC2CCCC3CCCC23)CC1
C1CCC(CCCCC2CCC3C2CCC2C4CCCCCC4CCC32)CC1
C1CCC(CCCC2CCCCC3CCC(C4CCCC5CCCC54)CC23)CC1
C1CCC(CCCC(CC2CCC3C(CCC3C3CCCCC3)C2)C2CCCCC2)CC1
C1CCC(CCC2CCC3C(CCC4CC(CC5CCCCC5)CCC43)C2)CC1
C1CCC(C2CCC3CC4C(CCCC5C6CCC(CCCC7CCC8CCCCC8C7)C6CCC45)CC32)CC1
C(CCCC1CCCC2C(C3CCCCC3)CCC12)CCC1CC1
C1CCC(C2CC3CCCC3C3CCC4CCCCC4C23)CC1
C1CCC2CCC(C3CCCC4CCCC43)CC2CC1
C1CCC(CCC2CCC3C(CCC3C3CCCCC3)C2)CC1
C1CCC2CC(CCCC3CCC4C3CCC3C5CCCCC5CCC43)CCC2C1
C1CCC(CC2CCCCC2CC2CC3CCCCC3C3CCC4CCCCCC4C23)CC1
C1CCC2CCC3C4CCC(CCCC5CC6CCCCC6C5)C4CCC3C2CC1
C1CCC(CCC2CCC(CCC3CCCC(CC4CCCC4)C3)CC2)CC1
C(CCCC1CCCCC1)CCCC1CCC(C2CCCCC2)C1
C1CCC2CC3CCC4CCCCC4C3CCC2C1
C1CCC2C(C1)CC(C1CCCC1)C1CCCCC21
C1CCC(CCC2CCCCC2)CC1
C1CCC(CCC2CCC3C(CCC3C3CCCCC3)C2)CC1
C1CCC(C2CCC3CC4C(CCC5C6CCC(CCCC7CCC8CCCCC8C7)C6CCC45)CC32)CC1
C1CCC(C2CCC3CC4C(CCCCC45CCCC5)CC32)CC1
C1CCC(C2CC3CCCC(C3)C3CCC4CCCCC4C32)CC1
C(CCC1CCCC2CCCCC12)CC1CCC2CCCCC2C1
C1CCC(CCC2CCC(CCC3CCCC(CC4CCCC4)C3)CC2)CC1
C1CCC(CCCCC2CCC3CCCCC23)CC1
C1CCC(C2CCC3CCC4C(CCC5C6CCC(CCCC7CC8CCCCC8C7)C6CCC45)CC32)CC1
C1CCC2CCC(C3CCCC4CCCC43)CC2CC1
C1CCC(CCCCCC2CCCCC2)CC1
C1CCC(CCC2CCC(C3CC3)CC2)CC1
C1CCC(CCC2CCC3C(CC4CCCCC4)CCC3C2)CC1
C1CCC(CCC2CCC(CCCC3CCCC(CC4CCCC4)C3)CC2)CC1
C1CCC(C2CCC3CCC4CCCCC4CC32)CC1
C1CCC2CC(C3CCCC4CCCC43)CCC2C1
C1CCC(CCCC2CCCC3CCCCC32)C2CCCCC2C1
C1CCCC(C2CCC3CC4C(CCC5C6CCC(CCCC7CC8CCCCC8C7)C6CCC45)CC32)CC1
C(CCC1CCC2C1CCC1C3CCCCC3CCC21)CC1CC2CCCCC2C1
C(CCC1CCC2CCCCC2C1)CCC1CCCCC2CCCCC12
C1CCC(C2CC3CCCC3C3CCC4CCCCC4C23)CC1
C1CCC(C2CC3CCCC3C3CCC4CCCCC4CC23)CC1
C1CCC2C(C1)CCCC2CCCC1CCCC2CCCCC21
C1CCC(CC2CCC3CC4C(CCCC45CCCC5)CC23)CC1
C1CCC(C2CCC3CC4C(CCCC4CC4CC5CCCCC5C4)CCC32)CC1
C1CCC(C2CCC3CCCC4(CCCCC4)C3C2)CC1
C1CCC(CC2CCC(CC(CC3CCCCC3)C3CCCCC3)CC2)CC1
C1CCC(C2CC3CCCC3C3CCC4CCCCC4C23)CC1
C1CCC(C2CCC3CCCCC3C3CCC4CCCCC4C23)CC1
C1CCC(CCCC2CCC(CCC3CCCCC3)CC2)CC1
C1CCC(C2(CCCCC3CCC4CCCCC4C3)CCCC3CCCCC32)CC1
C1CCC(C2CCC3CC4C(CCCC5C6CCCC6CCC45)CC32)CC1
C(CCC1CCC2C1CCC1C3CCCCC3CCC21)CC1CC2CCCCC2C1
C1CCC(C2CCC3C(CCCC4CCCCC43)C2)CC1
C1CCC(C2CC3CCCC3C3CCC4CCCCC4C23)CC1
C1CCC(CC2CCC3CCCCC3C3CCC4CCCCC4C23)C1
C1CCC(C2CC3CCCC3C3CCCC4CCCCC4C23)CC1
C(CCC1(C2CCCC2)CCCC2CCCCC21)CC1CCC2CCCCC2C1
C1CCC2CC(C3CCCC4CCCC43)CCC2C1
C1CCC(C2CCC3C(CCC4CCCCC43)C2)CC1
C1CCC(CCCCC2CCC3C2CCC2C4CCCCC4CCC32)CC1
C1CCC2C(C1)CC(C1CCCC1)C1CCCC21
C1CCC(CCCCC2CC3CCCCC3C2)CC1
C1CCC(C2CCC3CC4C(CCCC45CCCCC5)CC32)CC1
C(CCCC1CCCC2C(C3CCCCC3)CCC12)CCC1CCC(C2CCCC2)C1
C1CCC(C2CCC3CC4C(CCC5C6CCCC6CCC45)CC32)CC1
C(CCC1CCC2C(CCC3C4CCCC4CCC23)C1)CC1CCC(C2CC3CCCC3C3CCC4CCCCC4C23)CC1
C(CCC1CCCC2CCCCC12)CCC1CCCC2CCCC12
C1CCC(C2CCC3CC(C4CCC(CCC5CCCC5)CC4)CCC32)CC1
C1CCC(C2CCC3C(CCCCCC4CC4)CCCC23)CC1
C1CCC(C2CC3CCCC3C3CCC4CCCCC4C23)CC1
C1CCC(CCC2CCC3C(CCC3C3CCCCC3)C2)CC1
C1CCC(C2CC3CCCC3C3CCC4CCCCC4C23)CC1
C1CCC2CC(C3CCCC3)C3CCCC3C2CC1
C1CCC(C2CC3CCCCC3C3CCC4CCCCC4C23)CC1
C1CCC(C2CCC3CCC4CCCCC4C3CC2)CC1
C1CCC(CCCCC2CC3CCCCC3C2)CC1
C1CCC(CCC(CC2CCCC2)CC2CC3CCCCC3C2)CC1
C1CCC(CCC2CCC(CCC3CCCC(CCC4CCCC4)C3)CC2)CC1
C1CCC(CCCCC2CCC3CCCCC23)CC1
C1CCC(CCC(CCC2CCC3CCCC3C2)CC2CCCCC2)CC1
C1CCC(C2CC3CCCC3C3CCC4CCCCC4C23)CC1
C1CCC(CCCC2CCC3C2CCC2C4CCCCC4CCCC32)C1
C1CCC(CCCCC2CCC3CCC(C4CCCC5CCCC54)CC3C2)CC1
C1CCC(CCCCCC2CC3CCCCC3C2)CC1
C1CCC(C2CC3CCCCC3C3CCC4CCCCC4C23)CC1
C1CCC(CCCCCC2CCCC3C(CC4CCCCC4)CCC23)CC1
C1CCC(C2CCC3CC4C(CCCC4CC4CC5CCCCC5C4)CCC32)CC1
C1CCC(CCC2CCC3C(CCC3C3CCCCC3)C2)CC1
C1CCC(CCCCCC2CCC3CCCCC3C2)CC1
C1CCC2CCC(C3CCCC4CCCC43)CC2CC1
C1CCC(CCC2CCC(C3CCC4C(CCC4C4CCCCC4)C3)CC2)CC1
C1CCC(CCC2CCCCC3CC4C(CCC4C4CCCCC4)CC23)CC1
C1CCC(CC2CCC3C(CCC3C3CCCCC3)C2)CC1
C1CCC(C2CCC3CCCC4(CCCCC4)C3C2)CC1
C1CCC(CC(CC2CCCCC2)C2CCCCC2)CC1
C1CCC(CCCCCC2CC3CCCCC3C2)CC1
C1CCC(C2CC3CCCC3C3CCC4CCCCC4C23)CC1
C1CCC(CCCCC2CCC3CCCCC23)CC1
C1CCC(CC2CC3CCCCC3C3CCC4CCCCC4C23)C1
C1CCC(C2CCC3CC4C(CCC45CCCC5)CC32)CC1
C1CCC2C(C1)CCC1CCCCC12
C1CCC(C2CCC3CC4C(CCCC45CCCC5)CC32)CC1
C(CCC1CCCC1)CCC1CCCC2CCCCC12
C1CCC(CCC2CCC(CCC3CCCCC(CC4CCCC4)C3)CC2)CC1
C1CCC(CCCCC2CCC3CCCCC23)CC1
C1CCC(C2CC3CCCC3C3CCC4CCCCC4C23)CC1
C(CCCC1CCCCC1)CCC1CCCCC1
C1CCC(CC2CCC3C(CCC3C3CCCCC3)C2)CC1
C1CCC2CC(CCCC3CCCC4CCCCC43)CC2C1
C1CCC2C(C1)CCC1C3CCCC3CCCC21
C1CCC2CCC(C3CCCC4CCCC43)CC2CC1
C1CCC(CCCC(CC2CC3CCCCC3C2)C2CC2)CC1
C1CCC(CCCCC2CC3CCCCC3C2)CC1
C(CCCC1CCCC2C(C3CCCCC3)CCC12)CCC1CCCCC1
C1CCC(CCCCC2CC3CCCCC3C2)CC1
C(CCC1CCCC2CCCCC12)CC1CC2CCCCC2C1
C1CCC(CCCCCC2CC3CCCCC3C2)CC1
C1CCC(CCC2CCC3C(CC4CCCCC4)CCC3C2)CC1
C1CCC2C(C1)CCCC1C2CCC2C3CCCC3CC21
C1CCC2CC(C3CCCC4CCCC43)CCC2C1
C1CCC(CC2CCC3C(CC4CCCCC4)CCC3C2)CC1
C1CCC(CCCC2CC3CCCCC3C2C2CCCCC2)CC1
C1CCC(C2CCC3CCCC3C3CCC4CCCCC4C23)CC1
C1CCC(C2CC3CCCC3C3CCCC4CCCCC4C23)CC1
C1CCC(CCCCC2CCC3CCCCC23)CC1
C1CCC(CCCCCC2CC3CCCCC3C2)CC1
C1CCC(CCC2CCC3C(CCC3C3CCCCC3)C2)CC1
C1CCC2CC(CCCC3CCCC4C3CCC3C5CCCCC5CCC43)CC2C1
C1CCC(C2CC3CCCC3C3CCC4CCCCC4C23)CC1
C1CCC2CC(C3CCCC4CCCC43)CCC2C1
C1CCC2CC(CCCC3CCC4C3CCC3C5CCCCC5CCC43)CCC2C1
C1CCC2CC(C3CCCC4CCCC43)CCC2C1
C1CCC(CCCCCC2CCCC3CCCC23)CC1
C(CCC1CC2CCCCC2C1)CCC1CCCC2CCCC12
C1CCC(C2CC3CCCCC3C3CCCCC23)CC1
C1CCC2CC(CCCC3CCC4C3CCC3C5CCCCC5CCC43)CC2C1
C1CCC(C2CCC3CC4CCCCC4CC32)CC1
C1CCC(C2CCC3C(CCC4CCCCC43)C2)CC1
C1CCC(CCCCC2CC3CCCCC3C2)CC1
C1CCC2CC(CCCC3CCCC4CCCCC43)CC2C1
C1CCC(C2CCC3CCC4C(CCC45CCCC5)CC32)CC1
C1CCC(CCCC2CCC3CCC(C4CCCC5CCCC54)CC3C2)CC1
C1CCC(CCCCC2CCC3CCCCC23)CC1
C1CCC2C(C1)CCCC2CCCC1CCC2C1CCC1C3CCCCC3CCC21
C1CCC(CCC2CCC3C(CCCC4C5CCCC5CCC34)C2)CC1
C1CCC(C2CC3CCCC3C3CCC4CCCCC4CC23)CC1
C1CCC(C2CCC3C(CCC4CCCCC43)C2)CC1
C1CCC(CCCC(CCC2CCCCC2)CCC2CCC3CCCC3C2)CC1
C1CCC(C2CCC3CC4C(CCC5C6CCC(CCCC7CCC8CCCCC8C7)C6CCC45)CC32)CC1
C1CCC2C(C1)CCC1C3CCCC3CCC21
C(CCC1CCCC2CCCCC12)CCC1CCCC2CCCCC12
C1CCC(CCC(CCC2CCC3CCCC3C2)CC2CCCCC2)CC1
C(CCCC1CCCC2CCCCC12)CCC1CCC(C2CCCCC2)C1
C1CCC2CCC3C4CCC(CCCC5CCC6CCCCC6C5)C4CCC3C2CC1
C1CCC(CCCC2CCCC3CCC(C4CCCC5CCCC54)CC3C2)CC1
C1CCC(CCCCCC2CCC3C(CC4CCCCC4)CCC3C2)CC1
C1CCC2C(C1)CCC1C3CCCC3CCCC21
C1CCC(CCC2CCC(CCC3CCCC(CCC4CCCC4)C3)CC2)CC1
C1CCC(C2CC3CCCC3C3CCC4CCCCC4C23)CC1
C1CCC(CC2CCCCC2CC2CC3CCCCC3C3CCC4CCCCCC4C23)CC1
C1CCC(CCCCC2CCCC3CCCCC23)CC1
C1CCC2C(C1)CCC1C3CCCC3CCCC21
C1CCC(C2CC3CCCCC3C3CCC4CCCCC4C23)CC1
C1CCC(CC23CCCCC2CCC2C4CCCC4CCC23)CC1
C1CCC(CC2CC3CCCCC3C3CCC4CCCCC4C23)C1
C1CCC(CCCCC2CCC3CCCCC23)CC1
C1CCC(C2CCC3C(CCC4CCCCC43)C2)CC1
C1CCC2C(C1)CCC1CCCCC12
C1CCC(C2CCC3CC4C(CCC45CCCCCC5)CC32)CC1
C1CCC2C(C1)CCC1C3CCCC3CCC21
C(CCC1CCC2CCCCC2C1)CCC1CCCC2CCCCC12
C1CCC(CCCCCC2CC3CCCCC3C2)CC1
C1CCC2C(C1)CCCC1C2CCC2C3CCCC3CC21
C(CCC1CCCC2CCCCC12)CC1CCCC2CCCCC12
C1CCC(C2CCC3CC4C(CCC32)CCC2C3CCCC3CCC42)CC1
C1CCC(CCCCCC2CCC3CCCCC23)CC1
C1CCC(CC2CC3CCCCC3C3CCC4CCCCC4C23)CC1
C(CCC1CC2CCCCC2C1)CCC1CCCC2CCCC12
C1CCC2CC(CCCC3CCC4C3CCC3C5CCCCC5CCC43)CC2C1
C1CCC2C(C1)CCC1CCCCC12
C1CCC(CCCCC2CCC3C2CCC2C4CCCCCC4CCC32)CC1
C1CCC(C2CC3CCCC3C3CCC4CCCCCC4C23)CC1
C1CCC2C(C1)CCC1C3CCCC3CCC21
C1CCC(CCCCCC2CCCCC2)CC1
C1CCC(CCCCCC2CCCCC2)CC1
C1CCC2CCC(C3CCCC4CCCC43)CC2CC1
C(CCC1(C2CCCC2)CCCCC2CCCCC21)CC1CCC2CCCCC2C1
C1CCC(C2CC3CCCCC3C3CCCCC23)CC1
C(CCC1CCCC2CCCCC12)CC1CC2CCCCC2C1
C1CCC(CCC2CCC3C(CCC3C3CCCCC3)C2)CC1
C(CCCC1CCCCC1)CCC1CCCCC1
C1CCC2C(C1)CCCC1C3CCCC3CCC21
C1CCC2C(C1)CCC1C3CCCCC3CCC21
C1CCC(C2CCCC(CC3CC4CCCCC4C4CCC5CCCCC5C34)C2)C1
C1CCC(CC2CCC3CCCCC3C3CCC4CCCCC4C23)C1
C1CCC(C2CCC3CC4C(CCCC45CCCCC5)CC32)CC1
C1CCC(CCCCC2CC3CCCCC3C2)CC1
C1CCC(CC2CCC3CC4CCCCC4CC23)CC1
C1CCC(CCC2CCC3C(CCC3C3CCCCC3)C2)CC1
C1CCC(CC2CC3CCCCC3C3CCC4CCCCC4C23)CC1
C1CCC(C2CC3CCCCC3CC3CCC(CCC4CCCC4)CC32)CC1
C1CCC2CCC3C4CCCCC4CC(CC4CCCC4)C3C2CC1
C1CCC(CC2CC3CCCCC3CC3CCC4CCCCC4C32)CC1
C1CCC(CCC2CCC3C(CC4CCCCC4)CCC3C2)CC1
C1CCC2CC(CCCC3CCCC4CCCCC43)CC2C1
C1CCC(CCCCC2CCC3CCCCC23)CC1
C1CCC(C2CCC3CCC4C(CCC45CCCC5)CC32)CC1
C1CCC(C2CC3C(CCC34CCCC4)C3CCC4CCCCC4C23)CC1
C1CCC(C2CC3CCCC3C3CCC4CCCCCC4C23)CC1
C1CCC2CCC3C4CCCC4CCC3C2CC1
C1CCC(CC2CCC3CC4CCCCC4CC23)CC1
C1CCC2CC(CCCC3CCC4C3CCC3C5CCCCC5CCC43)CC2C1
C1CCC(CCCCC2CCC3C2CCC2CC4CCCCC4CCC23)CC1
C1CCC2CCC(C3CCCC4CCCC43)CC2CC1
C1CCC(C2CC3CCCC3C3CCCC4CCCCC4C23)CC1
C1CCC(CCCC2CCCC3CCC(C4CCCC5CCCC54)CC3C2)CC1
C1CCC2CCC3C4CCCC4CCC3C2CC1
C1CCC(C2CCC3CC4C(CCCC5C6CCC(CCCC7CC8CCCCC8C7)C6CCC45)CC32)CC1
C1CCC(CCC2CCC(CCC3CCCCC3)CC2)CC1
C1CCC(C2CCC3CCC(C4CCCC4)CC32)CC1
C1CCC(CCCC2CCC3CCC(C4CCCC5CCCC54)CC3C2)CC1
C1CCC(C2CC3CCCC3C3CCC4CCCCCC4C23)CC1
C1CCC(CCCC2CCC3C(CCC3C3CCCCC3)C2)CC1
C1CCC(CCCC2CCC3CCC(CC4CCCC5CCCC54)CC3C2)CC1
C1CCC(CC2CCC3C(CCC3C3CCCCC3)C2)CC1
C1CCC(CCCCCC2C3CCCCC3CCC2C2CCCC3CCCC32)CC1
C1CCC(C2CCC3CC4CCCCC4CC32)CC1
C1CCC(CCCC2CCC3C(CCC4C5CCCC5CCC34)C2)CC1
C1CCC2CCC3C4CCCCC4CCC3C2CC1
C1CCC(CCC2CCC3C(CCC3C3CCCCC3)C2)CC1
C1CCC(CC2CC3CCCCC3C3CCC4CCCCCC4C23)CC1
C1CCC2C(C1)CCC1C3CCCC3CCCC21
C1CCC2CCC(C3CCCC4CCCC43)CC2CC1
C1CCC(C2CCC3CC(C4CCC(CCC5CCCC5)CC4)CCC32)CC1
C1CCC(C2CCC3CCC4C(CCC5C6CCC(CCCC7CC8CCCCC8C7)C6CCC45)CC32)CC1
C1CCC(CCC2CCC3C(CCC3C3CCCCC3)C2)CC1
C(CCC1CCC2C1CCC1C3CCCCC3CCC21)CC1CC2CCCCC2C1
C1CCC(CCCC2CCC3C2CCC2C4CC5CCC(CC6CCCCC6)C5CC4CCC32)CC1
C1CCC(CC2CCC(CCCCCC3CCCC4CCCCC34)C2)CC1
C1CCC2CC(C3CCCC4CCCC43)CCC2C1
C1CCC2C(C1)CCC1C3CCCC3CCCC21
C1CCC(CCCC2CCCCC2)CC1
C1CCC(CC2CC3CCCCC3C3CCC4CCCCCC4C23)CC1
C1CCC(CC2CCC3C(CCC3C3CCCCC3)C2)CC1
C1CCC(CCC(CC2CCCCC2)C2CCCCC2)CC1
C1CCC(CC2CC3CCCCC3C3CCC4CCCCC4C23)CC1
C1CCC(CC2CC3CCCCC3C3CCC4CCCCC4C23)C1
C(CCC1CCC2C1CCC1C3CCCCC3CCC21)CC1CC2CCCCC2C1
C1CCC(C2CC3CCCC3C3CCC4CCCCC4C23)CC1
C1CCC(CCC2(CCCC3CC4CCCCC4C3)CCC3C4CCC5CCCCC5C(CCC32)C4)C1
C1CCC2CCC3C(CCC4C5CCCC5CC43)C2CC1
C1CCC(CCC(CCC2CCC3CCCCC3C2)CC2CCCCC2)CC1
C1CCC(CCC(CCC2CCC3CCCC3C2)CC2CCCCC2)CC1
C1CCC(C2CCC3CC4C(CCC5C6CCC(CCCCC7CC8CCCCC8C7)C6CCC45)CC32)CC1
C1CCC(CCC2CCC3C2CCC2C4CCCCC4CCC32)C1
C1CCC(CCCC2CCCCC3CCC(C4CCCC5CCCC54)CC23)CC1
C(CCC1CCC2C(CCC3C4CCCC4CCC23)C1)CC1CCC(C2CCC(C3CC4CCCC4C4CCC5CCCCC5CC34)CC2)CC1
C1CCC(CC2CC3CCCCC3C3CCC4CCCCCC4C23)CC1
C1CCC2CCC3C4CCCC4CCC3C2CC1
C(CCCC1CCCC2C(C3CCCCC3)CCC12)CCC1CCC(C2CCCC2)C1
C1CCC2CC(CC3CCCC4CCCC43)CCC2C1
C1CCC(C2CCC3CC4C(CCC45CCCCC5)CC32)CC1
C1CCC(CCCCC2CCC3CCCCC23)CC1
C1CCC2C(C1)CCC1CCCCC12
C1CCC2C(C1)CCC1C2CCC2C3CCCC3CC21
C1CCC2CCC3C4CCCCC4CC(CC4CCCC4)C3C2CC1
C1CCC2CCC3C(CCC4C3CC3CCCC34CCCC3CCCC3)C2CC1
C1CCC(CCCCCC2CCC3CCCCC23)CC1
C1CCC(C2CCC3CC4C(CCC5C6CCC(CCCC7CCC8CCCCC8C7)C6CCC45)CC32)CC1
C1CCC(CCCCCC2CC3CCCCC3C2)CC1
C1CCC(C2CC3CCCCC3C3CCC4CCCCC4C23)CC1
C1CCC2CCC3C(CCC4C3CC3CCCC34CCCC3CCCC3)C2CC1
C1CCC(C2CCC3CC4C(CCC5C6CCC(CCCC7CCC8CCCCC8C7)C6CCC45)CC32)CC1
C1CCC(C2CC3CCCC3C3CCC4CCCCC4CC23)CC1
C1CCC(C2C3CCCC3CC3CC4CCCC4CC32)CC1
C(CCC1CCC2CCCCC2C1)CCC1CCCC2CCCCC12
C1CCC2CCC3CCCCC3C2CC1
C1CCC2C(C1)CCC1C3CCCC3CCCC21
C1CCC(C2CCC3CC4C(CCC32)CCC2C3CCC(CCCC5CC6CCCCC6C5)C3CCC42)CC1
C1CCC2CCC3C4CCC(CCCC5CC6CCCCC6C5)C4CCC3C2CC1
C1CCC2C(C1)CCCC1C3CCCC3CCC21
C1CCC(C2CCC3(CCC4CC5C(CCC5C5CCCCC5)CC43)C2)CC1
C1CCC(C2CCC(CCCCCC3CCCC4C(C5CCCCC5)CCC34)C2)CC1
C1CCC2CCC(C3CCCC4CCCC43)CC2CC1
C1CCC(CCCC2CCC3CCC(CC4CCCC5CCCC54)CC3C2)CC1
C1CCC(C2CCC(CCCC3CCC4CC5CCC6CCCCC6C5CCC34)C2)CC1
C1CCC(CCCCCC2CCC3C(CCC3C3CCCCC3)C2)CC1
C1CCC2CCC(C3CCCC4CCCC43)CC2CC1
C1CCC2CC(CCCC3CCCC4C3CCC3C5CCCCC5CCC43)CCC2C1
C1CCC(CCC(CCC2CCC3CCCC3C2)CC2CCCCC2)CC1
C1CCC2C(C1)CCC1C2CCC2C3CCCC3CCC21
C1CCC(C2CC3CCCC3C3CCC4CCCCC4C23)CC1
C1CCC2CCC3C4CCCCC4CC(CC4CCCC4)C3C2CC1
C1CCC(C2CCC3CC4C(CCC5C6CCC(CCCC7CC8CCCCC8C7)C6CCC45)CC32)CC1
C1CCC(C2CCC3CC4C(CCC5C6CCC(CCCC7CCC8CCCCC8C7)C6CCC45)CC32)CC1
C1CCC2CCC(C3CCCC4CCCC43)CC2CC1
C1CCC(CCC2CCCCC2)CC1
C1CCC(CCCCCC2CCCC3C(C4CCCCC4)CCC23)CC1
C1CCC2CC(CCCC3CCC4C3CCC3C5CCCCC5CCC43)CC2C1
C1CCC(CCCC2CCC3C2CCC2C4CCCCC4CCC32)C1
C1CCC(CCCCC2CC3CCCCC3C2)CC1
C1CCC(CCC2CCC(CCC3CCCCC(CC4CCCC4)C3)CC2)CC1
C1CCC(C2CC3CCCC3C3CCC4CCCCCC4C23)CC1
C1CCC(C2CC3C(CCCC34CCCC4)C3CCC4CCCCC4C23)CC1
C1CCC(CCCCC2CCC3CCCCC23)CC1
C1CCC2CCC(C3CCCC4CCCC43)CC2CC1
C1CCC(C2CCC3CC4C(CCC32)CCC2C3CCC(CCCC5CC6CCCCC6C5)C3CCC42)CC1
C1CCC2CCC(C3CCCC4CCCC43)CC2CC1
C1CCC(C2CC3CCCC3C3CCC4CCCCC4C23)CC1
C1CCC(CCCCCC2CCCC3C(C4CCCCC4)CCC23)CC1
C1CCC2CCC3C4CCCCC4CC(CC4CCCC4)C3C2CC1
C1CCC(C2CCC3CCCC3C3CCC4CCCCC4C3C2)CC1
C(CCCCC1CCC(C2CCCCC2)C1)CCCC1CCCCC1
C1CCC(CCCCC2CC3CCCCC3C2)CC1
C1CCC2C(C1)CCCC1CCCCC12
C1CCC(CCCCCC2CCCC3C(CC4CCCCC4)CCC23)CC1
C1CCC2CC(CC3CCCC4CCCC43)CCC2C1
C1CCC2CCC(C3CCCC4CCCC43)CC2CC1
C1CCC(CCC(CCC2CCCCC2)CCC2CCC3CCCC3C2)CC1
C1CCC(CCCCCC2CC3CCCCC3C2)CC1
C1CCC(CCCCCC2CCCCC2)CC1
C1CCC(C2CCC3CC4C(CCC32)CCC42CCCCC2)CC1
C1CCC2CC(CC3CCCC4CCCC43)CCC2C1
C1CCC(C2CCC3CC4C(CCC5C6CCC(CCCCC7CC8CCCCC8C7)C6CCC45)CC32)CC1
C1CCC(C2CC3CCCC3C3CCC4CCCCC4C23)CC1
C1CCC2CCC3C4CCCC4CCC3C2CC1
C1CCC(CCC2(CCCC3CC4CCCCC4C3)CCC3C4CCC5CCCCC5C4CCCC32)C1
C1CCC2C(C1)CC(C1CCCC3CCCCC31)C1CCCC21
C1CCC(C2CC3CCCC3C3CCC4CCCCCC4C23)CC1
C1CCC2CCC(C3CCCC4CCCC43)CC2CC1
C1CCC(CCCCCC2CCCCC2)CC1
C(CCCCC1CCC(C2CCCCC2)C1)CCCC1CCCCC1
C1CCC(CCC2CCC3C(CCC3C3CCCCC3)C2)CC1
C1CCC(CCC2CCC3C(CCC4C5CCCCC5CCC34)C2)CC1
C1CCC2CC(C3CCCC3)CCC2C1
C1CCC(CCCCC2CC3CCCCC3C2)CC1
C1CCC(C2CC3CCCC3C3CCC4CCCCC4C23)CC1
C1CCC(C2CCC3CC4C(CCC5C6CCCC(CCCC7CC8CCCCC8C7)C6CCC45)CC32)CC1
C1CCC(C2CCC3C(CCC34CCCC4)C3CCC4CCCCC4C23)CC1
C1CCC(C2CCC3CC4C(CCCC5CC5)CCCCC4CC32)CC1
C1CCC(CCCCC2CCC3CCCCC23)CC1
C1CCC2C(C1)CCC1C3CCCC3CCC21
C1CCC(C2CC3CCCC3C3CCC4CCCCC4C23)CC1
C1CCC2CCC(C3CCCC4CCCC43)CC2CC1
C1CCC(C2C3CCCC3CC3CC4CCCCC4CC32)CC1
C1CCC(C2CCC3CC4C(CCC45CCCC5)CC32)CC1
C1CCC(CCCCC2CC3CCCCC3C2)CC1
C1CCC(CCCCCC2CCC3CCCCC23)CC1
C(CCC1CCCC2CCCCC12)CC1CCC2CCCCC2C1
C1CCC(CCCCCC2CCCC3C(CC4CCCCC4)CCC23)CC1
C1CCC(C2CCCC3C(CCC4CCCCC43)C2)CC1
C1CCC(CCC2CCC3C(CCC3C3CCCCC3)C2)CC1
C(CCCC1CCCCC1)CCCC1CCC(C2CCCCC2)C1
C1CCC(C2CCC3CCC4C(CCC5C6CCC(CCCC7CC8CCCCC8C7)C6CCC45)CC32)CC1
C1CCC(C2CCC3CCCC3C3CCC4CCCCC4CC23)CC1
C1CCC(CCCCCC2CCCC3C(CC4CCCCC4)CCC23)CC1
C1CCC(C2CC3CCCC3C3CCC4CCCCC4C23)CC1
C1CCC(CC(CC2CCCCC2)C2CCCCC2)CC1
C1CCC(C2CC3CCCCC3C3CCC4CCCCC4C23)CC1
C1CCC(C2CCC3CC4C(CCC45CCCC5)CC32)CC1
C1CCC(CCC2CCC3C(CCC3C3CCCCC3)C2)CC1
C1CCC2CC(C3CCCC4CCCC43)CCC2C1
C1CCC2C(C1)CCC1CCCCC12
C1CCC2CC(C3CCCC4CCCC43)CCC2C1
C1CCC(CC2CCC3C(CC4CCCCC4)CCC3C2)CC1
C1CCC(CC2CC3CCCCC3C3CCC4CCCCCC4C23)CC1
C1CCC2CCC(C3CCCC4CCCC43)CC2CC1
C1CCC(CCCCC2CC3CCCCC3C2)CC1
C1CCC2C(C1)CCC1C3CCCC3CCC21
C1CCC(CC2CCCC(CCCC3CCC(CCC4CCC(C5CC5)CC4)CC3)C2)C1
C1CCC(CCCCC2CC3CCCCC3C2)CC1
C1CCC(CCC2CCC(CCC3CCCCC3)CC2)CC1
C1CCC(CCCCCC2CC3CCCCC3C2)CC1
C1CCC(C2CCC3CC4CCCCC4CC32)CC1
C1CCC2CC(CC3CCCC4CCCC43)CCC2C1
C1CCC(C2CCC3CC4(CCCCCC4C4CCCCC4)CCC32)CC1
C1CCC(C2CC3CCCC3C3CCC4CCCCC4C23)CC1
C1CCC2C(C1)CCC1C3CCCC3CCC21
C1CCC(C2CCC3C(CCC4CCCCC43)C2)CC1
C1CCC(C2CCC3CC4C(CCCC45CCCCCC5)CC32)CC1
C1CCC2CCC3C4CCCC4CCC3C2CC1
C1CCC(C2CCC3CCC4C(CCC45CCCCC5)CC32)CC1
C1CCC2C(C1)CCC1C3CCCC3CCC21
C1CCC(C2CC3C(CCC4CC4)CCC3C3CCC4CCCCCC4C23)CC1
C(CCCC1CCCC2C(C3CCCCC3)CCC12)CCC1CCCCC1
C1CCC(CC2CC3CCCCC3C3CCC4CCCCCC4C23)CC1
C1CCC(CCC(CCC2CCC3CCCCC3C2)CC2CCCCC2)CC1
C1CCC(CCC2CCC3C(CCC3C3CCCCC3)C2)CC1
C1CCC2CCC(C3CCCC4CCCC43)CC2CC1
C1CCC(C2CC3CCCCC3C3CCCCC3C2)C1
C1CCC2C(C1)CCC1C2CCC2C3CCCC3CC21
C1CCC(CCC2CC3CCCCC3C3CCC4CCCCC4C23)C1
C1CCC(C2CC3CCCC3C3CCC4CCCCC4C23)CC1
C1CCC(C2CC3CCCCC3CC3CCCCC32)CC1
C1CCC(CCCCC2CC3CCCCC3C2C2CCCCC2)CC1
C1CCC(CCC2CC3CCCCC3C3CCC4CCCCC4C23)CC1
C1CCC(C2CC3CCCC3C3CCC4CCCCCC4C23)CC1
C1CCC(C2CCC3C(CCC4CCCCC43)C2)CC1
C(CCCCCCC1CCC(CCC2CCC(CCC3CCCC3)C2)C1)CCCCCCC1CCC2C1CCC1C3CCCCC3CCC21
C(CCCC1CCCC2CCCCC12)CCC1CCC(C2CCCCC2)C1
C1CCC(C2CC3CCCC3C3CCCC4CCCCC4C23)CC1
C(CCCCC1CCC(C2CCCCC2)C1)CCCC1CCCCC1
C1CCC(C2CCCC3C(CCC4CCCCC43)C2)C1
C1CCC(CCCCC2CC3CCCCC3C2)CC1
C1CCC(CCCCCC2CC3CCCCC3C2)CC1
C1CCC(C2CCC3CC4C(CCC45CCCC5)CC32)CC1
C1CCC(CCCCC(CC2CCC3C(CCC3C3CCCCC3)C2)C2CCCCC2)CC1
C1CCC(CCCCCC2CCC3CCCCC23)CC1
C1CCC(C2CCC3CCCC3C3CCC4CCCCC4C23)CC1
C1CCC(CC2CC3CCCCC3C3CCC4CCCCCC4C23)CC1
C1CCC(CCCCCC2CCC3CCCCC23)CC1
C1CCC2CC(C3CCCC4CCCC43)CCC2C1
C1CCC2C(C1)CCC1C3CCCC3CCC21
C(CCC1CCCC2CCCCC12)CC1CCCC2CCCCC12
C1CCC2C(C1)CCC1C3CCCCC3CCC21
C1CCC(CCCCCC2CC3CCCCC3C2)CC1
C(CCC1CC2CCCCC2C1)CCC1CCCC2CCCC12
C1CCC2C(C1)CCCC1CCCCC12
C1CCC2CCC(C3CCCC4CCCC43)CC2CC1
C1CCC2CC(CCCC3CCC4C3CCCC3C5CCCCC5CCC34)CC2C1
C1CCC2CCC(C3CCCC3)CC2CC1
C1CCC(C2CC3CCCC3C3CCC4CCCCCC4C23)CC1
C1CCC2CCC(C3CCCC4CCCC43)CC2CC1
C1CCC(CCCCC2CC3CCCCC3C2)CC1
C1CCC(CCCCCC2CCCC3C2CCC3C2CCCC(CC3CCCCC3)C2)CC1
C(CCCC1CCCCC1)CCCC1CCC(C2CCCCC2)C1
C(CCC1CCCC2CCCC12)CC1CC2CCCCC2C1
C(CCCC1CCCC2C(C3CCCCC3)CCC12)CCC1CCC(C2CCCC2)C1
C1CCC(CCC2CCC(C3CCC4C(CC5CCCCC5)CCC4C3)CC2)CC1
C1CCC(C2CCC3CC4C(CCC45CCCCC5)CC32)CC1
C1CCC(C2CCC(C3CC4CCCCC4C4CCC5CCCCC5C34)CC2)C1
C(CCCC1CCCCC1)CCCC1CCC(C2CCCCC2)C1
C1CCC(CCCCC2CC3CCCCC3C2)CC1
C1CCC2CC(C3CCCC4CCCC43)CCC2C1
C1CCC(CCCC2(CCC3CCCC3)CCC3C4CCC5CCCCC5C4CCC32)CC1
C1CCC(CCC2CCC3C(CCC3C3CCCCC3)C2)CC1
C(CCCCC1CCC(C2CCCCC2)C1)CCCC1CCCCC1
C1CCC(C2CCC3CC4C(CCCC5C6CCCC6CCC45)CC32)CC1
C1CCC(CCC2CCC(CCC3CCCC(CCC4CCCC4)C3)CC2)CC1
C1CCC(CCCCCC2CCCC3C(C4CCCCC4)CCC23)CC1
C1CCC2CCC3C(CCC4C3CCC4(CCCC3CC4CCCCC4C3)CCC3CCCC3)C2CC1
C1CCC(C2CC3CCCC3C3CCC4CCCCCC4C23)CC1
C1CCC(CCCCC2CCC3C2CCC2C4CCCCC4CCC32)CC1
C1CCC(CCC2CCC3C(CCC3C3CCCC3)C2)CC1
C(CCC1CCCC2CCCCC12)CC1CCC2CCCCC2C1
C1CCC(C2CCC3(CCC4CC5C(CCC5C5CCCCC5)CCC43)C2)CC1
C1CCC(CCCCC2CC3CCCCC3C2)CC1
C1CCC(CC2CCC3CC4C(CCC45CCCC5)CC23)CC1
C1CCC2CC(CCCC3CCC4C3CCC3C5CCCCC5CCCC43)CC2C1
C1CCC(CCC2CC3CCCC3C3CCCC4CCCCC4C23)CC1
C1CCC(C2CC3CCCCC3C3CCCCC3C2)CC1
C1CCC2CCC(C3CCCC4CCCC43)CC2CC1
C1CCC2C(C1)CCC1C3CCCC3CCCC21
C1CCC(CCCCCC2CCC3CCCCC23)CC1
C1CCC(CCC2CCC3C(CCC3C3CCCCC3)C2)CC1
C1CCC(CCCCCC2CCC3CCCCC23)CC1
C1CCC2C(C1)CCC1C3CCCC3CCC21
C1CCC(C2CCC3CC4C(CCC32)CCC42CCCCC2)CC1
C1CCC(CCC2CCC3C(CCC4CCCCC43)C2)CC1
C(CCC1CCCC2CCCCC12)CCC1CCCC2CCCCC12
C1CCC2CC(CCCC3CCC4C5CCC6CCCCC6C(CCC34)C5)CC2C1
C1CCC2C(C1)CCC1CCCCC12
C1CCC(C2CCC3CC4C(CC5CCC6CCCCC65)CCCC4CC32)CC1
C1CCC2C(C1)CCC1C3CCCC3CCC21
C1CCC(C2CCC3CC4CCCCC4CCC32)CC1
C(CCC1CCCC2CCCCC12)CC1CCCC2CCCCC12
C1CCC(CCCC2CCCC3CCC(C4CCCC5CCCC54)CC23)CC1
C1CCC2CCC3C(CCC4C3CCC4(CCCC3CC4CCCCC4C3)CCC3CCCC3)C2CC1
C1CCC(CCCCC2CCC3CCC(C4CCCC5CCCC54)CC3C2)CC1
C(CCC1CCCC2CCCC12)CC1CC2CCCCC2C1
C1CCC(CCCC2CCC3C(CCC4C5CCCC5CCC34)C2)CC1
C1CCC(CC2CCC3CC(C4CCC(CCC5CCCC5)CC4)CCC23)CC1
C(CCC1CCC2C1CCC1C3CCCCC3CCC21)CC1CC2CCCCC2C1
C1CCC(CCC2CCC(CCC3CCCCC(CC4CCCC4)C3)CC2)CC1
C1CCC2CC(C3CCCC3)CCC2C1
C1CCC(CCC2CCC3C(CCC4C5CCCCC5CCC34)C2)CC1
C1CCC(CCC2CCC3C(CCC3C3CCCCC3)C2)CC1
C1CCC2CC(CCCC3CCC4C3CCCC3C5CCCCC5CCC34)CCC2C1
C1CCC(C2CCC3CC4C(CCC5C6CCCC(CCCC7CC8CCCCC8C7)C6CCC45)CC32)CC1
C1CCC(CCCCC2CC3CCCCC3C2)CC1
C1CCC(CC2CCC3CC4C(CCCC45CCCC5)CC23)CC1
C1CCC(CC2CC3CCCCC3C3CCC4CCCCCC4C23)CC1
C1CCC(CCC2CCC(C3CCCC4C(CC5CCCCC5)CCC34)C2)CC1
C1CCC(C2CCC3C(CCC4CCCCC43)C2)CC1
C1CCC2CC(CCCC3CCC4C5CCC6CCCCC6C(CCC34)C5)CC2C1
C1CCC2CC(C3CCCC4CCCC43)CCC2C1
C1CCC(CC2CCCC2CC2CC3CCCCC3C3CCC4CCCCC4C23)CC1
C1CCC(C2CCC3CC4C(CCC45CCCCC5)CC32)CC1
C1CCC2CCC(C3CCCC4CCCC43)CC2CC1
C1CCC(CCCCC2CC3CCCCC3C2)CC1
C1CCC(CCC2CCC3C(CCC3C3CCCCC3)C2)CC1
C1CCC(CCCC2CCC3CCC(C4CCCC5CCCC54)CC3C2)CC1
C1CCC2CC(C3CCCC4CCCC43)CCC2C1
C(CCCC1CCCC2C(C3CCCCC3)CCC12)CCC1CCCCC1
C(CCCC1CCCCC1)CCCC1CCC(CC2CCCCC2)C1
C1CCC(CC2CCC3C(CCC3C3CCCCC3)C2)CC1
C1CCC(C2CCC3C(CCC4CCCCC43)C2)CC1
C1CCC2CC(C3CCCC4CCCC43)CCC2C1
C1CCC(CCC2CCC(CCC3CCCC(CC4CCCC4)CC3)CC2)CC1
C(CCC1CCCC2CCCC12)CC1CC2CCCCC2C1
C1CCC(CCCC2CCC3C(CCC3C3CCCCC3)C2)CC1
C1CCC(CCCCCC2CCC3CCCCC3C2)CC1
C(CCCC1CCCCC1)CCCC1CCC(C2CCCCC2)C1
C1CCC(CCC2CCC3C(CCCC4C5CCCC5CCC34)C2)CC1
C1CCC(CCC2CC3CCCCC3C3CCC4CCCCC4C23)CC1
C1CCC2C(C1)CCCC2CCCC1CCC2C1CCC1C3CCCCC3CCC21
C1CCC(CCC2(CCCC3CCC4CCCCC4C3)CCC3C4CCC5CCCCC5C4CCCC32)C1
C1CCC(CCC2CCC3C(CCC3C3CCCCC3)C2)CC1
C1CCC(C2CC3CCCCC3C3CCC4CCCCC4C23)CC1
C1CCC(CCCCC2CCC3CCCCC23)CC1
C1CCC(CCCCC2CC3CCCCC3C2)CC1
C1CCC(CC2CC3CCCCC3C3CCC4CCCCCC4C23)CC1
C1CCC2CCC3C4CCCC4CCC3C2CC1
C1CCC(CCCCC2CC3CCCCC3C2)CC1
C1CCC(CC2CC3CCCCC3C3CCC4CCCCC4C23)CC1
C1CCC(C2CC3CCCC3C3CCC4CCCCC4C23)CC1
C1CCC(CCC2CCC(CCC3CCCCC(CC4CCCC4)C3)CC2)CC1
C1CCC2C(C1)CCC1C3CCCC3CCC21
C1CCC(CCCCCC2CCCC3C(C4CCCCC4)CCC23)CC1
C1CCC(CCCCC2CCC3CCCCC23)CC1
C1CCC2CCC3C(CCC4C3CCC4(CCCC3CCC4CCCCC4C3)CCC3CCCC3)C2CC1
C1CCC2C(C1)CC(C1CCCC1)C1CCCCC21
C1CCC2CC(C3CCCC4CCCC43)CCC2C1
C1CCC(C2CCC3CC4C(CCC32)CCC2C3CCC(CCCC5CC6CCCCC6C5)C3CCC42)CC1
C1CCC2C(C1)CC(C1CCCC1)C1CCCC21
C1CCC(C2CCC3(CCCC4CC5C(CCC5C5CCCCC5)CC43)C2)CC1
C1CCC(C2CCC3CC4C(CCC5C6CCC(CCCC7CC8CCCCC8C7)C6CCC45)CC32)CC1
C1CCC2CC(CCCC3CCC4C3CCC3C5CCCCC5CCCC43)CC2C1
C(CCCC1CCCC2C(C3CCCCC3)CCC12)CCC1CCCCC1
C1CCC(CCC2CCC3C(CCC4CC(CC5CCCCC5)CCC43)C2)CC1
C1CCC(CCCCCC2CCCC3C(C4CCCCC4)CCC23)CC1
C1CCC(C2CC3CCCC3C3CCC4CCCCCC4C23)CC1
C1CCCC(C2CCC3CC4C(CCC5C6CCCC6CCC45)CC32)CC1
C1CCC(CCCC2CCC3CCC(C4CCCC5CCCC54)CC3C2)CC1
C1CCC2C(C1)CCCC2CCCC1CCC2C1CCC1C3CCCCC3CCC21
C1CCC(CC2CCC3CCCCC3C3CCC4CCCCC4C23)CC1
C(CCC1CCCC2CCCC12)CC1CCCC2CCCCC12
C1CCC(CCCCCC2CCC3CCCCC23)CC1
C1CCC(CCC2CCC3CC4CCCCC4CCC3C2)CC1
C(CCC1CCCC2CCCC12)CC1CC2CCCCC2C1
C1CC2CCC3C(CCC4CCC5CC5C43)C2C1
C1CCC2C(C1)CCC1C3CCCC3CCCC21
C1CCC(C2CC3CCCCC3C3CCCCC23)CC1
C1CCC(CC2CC3CCCCC3C3CCC4CCCCC4C23)C1
C(CCCCC1CCC(C2CCCCC2)C1)CCCC1CCCCC1
C1CCC(CCCCCC2CC3CCCCC3C2)CC1
C1CCC2CC(CCCC3CCC4C3CCC3C5CCCCC5CCC43)CC2C1
C(CCC1CCCC2CCCCC12)CC1CCC2CCCCC2C1
C1CCC(CCCCCC2CCCC3CCCC23)CC1
C1CCC(CCC2CCCCC3CC4C(CCC4C4CCCCC4)CC23)CC1
C1CCC2CC(C3CCCC4CCCC43)CCC2C1
C1CCC2CCC3C4CCCCC4CCC3C2CC1
C1CCC(C2CCC3CCCC3C3CCC4CCCCC4CC23)CC1
C1CCC2CCC3C4CCC(CCCC5CC6CCCCC6C5)C4CCC3C2CC1
C1CCC(CCC2CCC3C(CCC3C3CCCCC3)C2)CC1
C1CCC(C2CC3CCCCC3C3CCCCC3C2)CC1
C1CCC(CCC2CCC(C3CC3)CC2)CC1
C(CCC1CCC2CCCCC2C1)CCC1CCCC2CCCCC12
C1CCC(CCC2CCC3C(CCC3C3CCCCC3)C2)CC1
C1CCC2CCC(C3CCCC4CCCC43)CC2CC1
C1CCC(CCC2CCC(CCC3CCCCC(CC4CCCC4)C3)CC2)CC1
C1CCC(C2CC3CCCC3C3CCC4CCCCCC4C23)CC1
C1CCC2CCC(C3CCCC4CCCC43)CC2CC1
C1CCC(C2CCC3CC4C5CCC6C(CCCC7CCC8CCCCC8C7)CCC6C(CCC4CC32)C5)CC1
C1CCC(CCC2CCC(CCC3CCCC(CC4CCCC4)C3)CC2)CC1
C1CCC2CC(C3CCCC4CCCC43)CCC2C1
C1CCC(CCCC(CC2CCC3C(CCC3C3CCCCC3)C2)C2CCCCC2)CC1
C(CCCC1CCCCC1)CCCC1CCC(C2CCCCC2)C1
C1CCC2CCC(C3CCCC4CCCC43)CC2CC1
C(CCCC1CCCC2C(C3CCCCC3)CCC12)CCC1CCCCC1
C1CCC(CCCCC2CC3CCCCC3C2)CC1
C1CCC(CCCC2(CCC3CCCC3)CCC3C4CCC5CCCCC5C4CCCC32)CC1
C1CCC(CCCCC2CCC3CCCCC23)CC1
C1CCC(CC2CCC3CC4C(CCC45CCCC5)CC23)CC1
C1CCC(C2CC3CCCCC3C3CCC(CCC4CCCC4)CC3C2)CC1
C1CCC(C2C3CCCC3CC3CC4CCCC4CC32)CC1
C1CCC(C2CC3CCCC3C3CCC4CCCCC4C23)CC1
C(CCCC1(C2CCCC2)CCCC2CCCCC21)CCC1CCC(C2CCCCC2)C1
C1CCC2C(C1)CCC1C3CCCCC3CCC21
C1CCC(C2CCC3CCCCC3C3CCCCC23)CC1
C1CCC2C(C1)CCC1C3CCCC3CCC21
C1CCC(CCCCC2CC3CCCCC3C2C2CCCCC2)CC1
C1CCC(C2CC3CCCC3C3CCC4CCCCCC4C23)CC1
C1CCC2CCC3C(CCC4C3CCC4(CCCC3CCC4CCCCC4C3)CCC3CCCC3)C2CC1
C1CCC(C2CC3CCCC3C3CCC4CCCCCC4C23)CC1
C1CCC(C2CCC3(CCC4CC5C(CCC5C5CCCCC5)CC43)C2)CC1
C1CCC(CCCCC2CC3CCCCC3C2)CC1
C1CCC(C2CCC3CCCCC3C3CCCCC23)CC1
C(CCCC1CCCC2C(C3CCCCC3)CCC12)CCC1CCCCC1
C1CCC(CCCCC2CC3CCCCC3C2)CC1
C1CCC(CC2CCCCCC23CCCC2C(CCC2C2CCCCC2)C3)CC1
C1CCC2C(C1)CCC1C3CCCC3CCC21
C1CCC2CCC3C4CCC(CCCC5CC6CCCCC6C5)C4CCC3C2CC1
C1CCC(C2CCC3CC4C(CCCC5CC5)CCCC4CCC32)CC1
C1CCC(CCC2CCC(C3CCC4C(CCC4C4CCCCC4)C3)CC2)CC1
C1CCC(CCCCCC2CCC3CCCCC23)CC1
C1CCC2C(C1)CCC1C3CCCC3CCC21
C1CCC(CCCCC2CCCC(C3CCC4CC(CCC5CCC6CCCCC6C5)CCC43)C2)CC1
C1CCC2CCC3C4CCCCC4CC(CC4CCCC4)C3C2CC1
C1CCC(CCCCC2CCC3CCCCC23)CC1
C1CCC(CC2CCC3CC4C(CCCC45CCCC5)CC23)CC1
C1CCCC(CCC2CCC(CCC3CCCCC3)CC2)CC1
C1CCC(C2CCC3CC4C(CCC32)CCC2C3CCCC3CCC42)CC1
C(CCC1CCC2CCCCC2C1)CCC1(C2CCCC2)CCCC2CCCCC21
C(CCC1CCCC2CCCCC12)CCC1CCCC2CCCCC12
C1CCC(CC2CCC3C(CCC3C3CCCCC3)C2)CC1
C1CCC(CCCC2CCC3C(CCC4C5CCCCC5CCC34)C2)C1
C1CCC2CCC3C(CCC4C3CCC4(CCCC3CC4CCCCC4C3)CCC3CCCC3)C2CC1
C1CCC(CCC(CCC2CC3CCCCC3C2)C2CC2)CC1
C1CCC(CCCCC2CCC(C3CCC4C(CCC4C4CCCCC4)C3)CC2)CC1
C1CCC(CC(CC2CCCCC2)C2CCCCC2)CC1
C1CCC(CCCC2CCC3C(CCC3C3CCCCC3)C2)CC1
C1CCC2CC(CC3CCCC4CCCC43)CCC2C1
C1CCC2CCC(C3CCC4CCCCC43)CC2CC1
C1CCC2CC(C3CCCC4CCCC43)CCC2C1
C1CCC(C2CCC3C(CCC34CCCC4)C3CCC4CCCCCC4C23)CC1
C(CCC1CCCC2CCCC12)CC1CCCC2CCCCC12
C1CCC(CCCC2CCC3C(CCC4C5CCCC5CC(CCC5CCCCC5)C34)C2)CC1
C1CCC(C2CC3CCCC3C3CCC4CCCCC4C23)CC1
C1CCC(CCCCC2CC3CCCCC3C2)CC1
C1CCC(C2CC3CCCC3C3CCC4CCCCC4C23)CC1
C1CCC(CCCCC2CC3CCCCC3C2)CC1
C1CCC(CC2CCC3CCCCC3C3CCC4CCCCC4C23)C1
C1CCC(C2CC3CCCC3C3CCC4CCCCC4C23)CC1
C1CCC(C2CC3CCCC3C3CCC4CCCCCC4C23)CC1
C1CCC(CCCCC2CC3CCCCC3C2)CC1
C1CCC2CC(C3CCCC4CCCC43)CCC2C1
C1CCC(CCCCCC2CCCC3C(C4CCCCC4)CCC23)CC1
C1CCC2CCCCC2C(CCCCC2CCCC3CCCCC23)C1
C1CCC(CCC2CCC(C3CC3)CC2)CC1
C1CCC(C2CCC3(CCC4CCC5C(CCC5C5CCCCC5)CC43)C2)CC1
C1CCC2C(C1)CCC1CCCCC12
C(CCCCCCC1CCC2C1CCC1C3CCCCCC3CCC21)CCCCCC1CCC(CCC2CCC(CCC3CCCC3)C2)C1
C1CCC(C2CCC3CC4C(CCC45CCCC5)CC32)CC1
C1CCC2C(C1)CCC1C2CCC2C3CCCC3CC21
C1CCC(C2CCC3CC4C(CCC32)CCC2C3CCC(CCCC5CCC6CCCCC6C5)C3CCC42)CC1
C1CCC(CCCCC2CC3CCCCC3C2C2CCCCC2)CC1
C1CCC(CCC2CCCC(C3CCC4CC(CCC5CCC6CCCCC6C5)CCC43)C2)C1
C1CCC(C2CC3CCCC3C3CCC4CCCCC4C23)CC1
C(CCCC1CCCC2C(C3CCCCC3)CCC12)CCC1CCCCC1
C1CCC(C2CCC3CC4C(CCC45CCCC5)CC32)CC1
C1CCC(CCCCCC2CC3CCCCC3C2)CC1
C1CCC2CCC3C4CCC(CCCC5CCCC5)C4CCC3C2CC1
C1CCC(C2CC3CCCC3C3CCCC4CCCCC4C23)CC1
C1CCC(C2CC3CCCC3C3CCC4CCCCCC4C23)CC1
C1CCC(C2CC3CCCC3C3CCC4CCCCC4CC23)CC1
C1CCC2CCC3C4CCC(CCCC5CCC6CCCCC6C5)C4CCC3C2CC1
C1CCC(CC2CCC(CC(CC3CCCCC3)C3CCCCC3)CC2)CC1
C1CCC(CC2CCC3CC4C(CCC45CCCC5)CC23)CC1
C1CCC2CCC(C3CCCC4CCCC43)CC2CC1
C1CCC(CCC2CCC(CCC3CCCCC3)CC2)CC1
C1CCC(CC2CCC3C(CCC3C3CCCCC3)C2)CC1
C1CCC(C2CCC3C(CCC4CCCCC43)C2)CC1
C1CCC(CCCCCC2CC3CCCCC3C2)CC1
C1CCC2C(C1)CCCC1C2CCC2C3CCCC3CC21
C1CCC(C2CC3CCCC3C3CCC4CCCCC4C23)CC1
C1CCC2C(C1)CCC1C3CCCC3CCC21
C1CCC(C2CC3C(CCCC4CC4)CCC3C3CCC4CCCCC4C23)CC1
C1CCC(CCC(CCC2CCC3CCCCC3C2)CC2CCCCC2)CC1
C1CCC(CCCCC2CCC3CCCCC23)CC1
C1CCC2CCC(C3CCCC4CCCC43)CC2CC1
C(CCC1CCCC2CCCC12)CC1CC2CCCCC2C1
C1CCC2CCC3C4CCCC4CCC3C2CC1
C(CCC1CCCC2CCCC12)CC1CC2CCCCC2C1
C1CCC(CCCC2CCC3CCC(C4CCCC5CCCC54)CC3C2)CC1
C1CCC(CCC2CCC3C(CCC3C3CCCCC3)C2)CC1
C1CCC(CCCCCC2CC3CCCCC3C2)CC1
C1CCC(CCC2(CCCCC3CCC4CCCCC4C3)CCC3C4CCC5CCCCC5C4CCC32)C1
C1CCC2CCC3C4CCCC4CCC3C2CC1
C1CCC(CC2CC3CCCCC3C3CCC4CCCCC4C23)C1
C1CCC2CCC3C4CCC(CCCC5CC6CCCCC6C5)C4CCC3C2CC1
C1CCC2C(C1)CCC1C3CCCC3CCC21
C1CCC(C2CC3CCCC3C3CCC4CCCCCC4C23)CC1
C1CCC2C(C1)CCC1CCCCC12
C1CCC2CCC3C4CCCC4CCC3C2CC1
C1CCC(CCC2CCC3C(CCC3C3CCCCC3)C2)CC1
C(CC1CCC2CCCC2C1)CC1CCC2CCC(CC3CCCC4CCCC43)CC2C1
C1CCC2CCC(C3CCCC4CCCC43)CC2CC1
C1CCC(CC2CCCC(CC3CC4CCCCC4C4CCC5CCCCCC5C34)C2)CC1
C1CCC2C(C1)CCC1C2CCC2C3CCCC3CC21
C1CCC2CCC3C4CCCC4CCC3C2CC1
C1CCC2CC(CCCC3CCC4C3CCC3C5CCCCC5CCC43)CC2C1
C1CCC(C2C3CCCC3CC3CC4CCCCC4CC32)CC1
C1CCC2CC(CCCC3CCC4C3CCC3C5CCCCC5CCCC43)CC2C1
C1CCC(C2CC3CCCC3C3CCC4CCCCCC4C23)CC1
C1CCC(C2CCC3CC4C(CCCC45CCCCC5)CC32)CC1
C1CCC(CCC2CCC3C(CCC3C3CCCCC3)C2)CC1
C1CCC(C2CCC3CCC4CCCCC4C3CC2)CC1
C1CCC(C2CC3CCCCC3C3CCC4CCCCC4C23)CC1
C(CCCC1CCCC2C(C3CCCCC3)CCC12)CCC1CCC(C2CCCC2)C1
C1CCC(C2CCC3CC4C(CCCCC45CCCC5)CC32)CC1
C1CCC(C2CC3CCCC3C3CCCC4CCCCC4C23)CC1
C(CCCCC1CCC(C2CCCCC2)C1)CCCC1CCCCC1
C1CCC2CC(C3CCCC4CCCC43)CCC2C1
C1CCC2C(C1)CCC1C3CCCC3CCC21
C1CCC(CCCCCC2CCC3CCCCC23)CC1
C1CCC(CCCCCC2CC3CCCCC3C2)CC1
C1CCC2CCC(C3CCCC4CCCC43)CC2CC1
C1CCC(CCC2CCC3C(CCC3C3CCCCC3)C2)CC1
C1CCC(CCCCC2CCC3CCC(C4CCCC5CCCC54)CC3C2)CC1
C(CCC1CCC2CCCCC2C1)CC1CCCC2CCCCC2C1
C1CCC2CC(CC3CCCC4CCCC43)CCC2C1
C(CCC1CCCC2CCCC12)CC1CCCC2CCCCC12
C1CCC(CCCCC2CC3CCCCC3C2)CC1
C1CCC(CCCCCC2CCCCC2)CC1
C1CCC(CCCCCC2CCCC3C2CCC3C2CCCC(CC3CCCC3)C2)CC1
C1CCC(C2CC3CCCC3C3CCC4CCCCC4C23)CC1
C1CCC(C2CCC3CCCC3C3CCC4CCCCCC4C23)CC1
C1CCC2CCCCC2C(CCCCC2CCCC3CCCCC23)C1
C1CCC(CCC2CCC3C2CCC(C2CCCCC2)C2C4CCCCC4CCC32)CC1
C1CCC(CC2CCC(CC(CC3CCCCC3)C3CCCCC3)CC2)CC1
C1CCC(CCCCC2CCC3CCCCC23)CC1
C1CCC(CCCCC2CC3CCCCC3C2)CC1
C1CCC(C2CC3CCCC3C3CCCC4CCCCC4C23)CC1
C1CCC(C2CCCC3(CCC4CC5C(CCC5C5CCCCC5)CC43)C2)CC1
C(CCCC1CCCCC1)CCCC1CCC(C2CCCCC2)C1
C1CCC(CCC2CCCC(CCC3CCC(CCC4CCC(C5CC5)CC4)CC3)C2)C1
C1CCC(CCC2CCC3C(CC4CCCCC4)CCC3C2)CC1
C1CCC2C(C1)CCC1C3CCCC3CCC21
C1CCC(CCCC2(CCC3CCCC3)CCC3C4CCC5CCCCC5C4CCCC32)CC1
C1CCC(C2CCC3(CCC4CCC5C(CCC5C5CCCCC5)CC43)C2)CC1
C1CCC(CCCCCC2CCC3CCCCC23)CC1
C1CCC(CCCCC2CC3CCCCC3C2)CC1
C1CCC2CC3CCC4CCCC4C3CCC2C1
C1CCC2C(C1)CCC1C3CCCCC3CCC21
C(CCCC1CCCC2CCCC12)CCC1CCCCC1
C1CCCC(C2CCC3CC4C(CCC5C6CCC(CCCC7CC8CCCCC8C7)C6CCC45)CC32)CC1
C1CCC2C(C1)CCC1C3CCCC3CCC21
C1CCC2CC(CCCC3CCCC4CCCCC43)CC2C1
C1CCC(C2CCC3CC4C(CCC45CCCC5)CC32)CC1
C1CCC2CC(CCCC3CCC4C3CCC3C5CCCCC5CCC43)CCC2C1
C1CCC(CCC2CCC(C3CCC4C(CCC4C4CCCCC4)C3)CC2)CC1
C1CCC(CCCCC2CC3CCCCC3C2)CC1
C1CCC2CCC3CCCCC3C2CC1
C1CCC(CCCCCC2CCCC3C(C4CCCCC4)CCC23)CC1
C1CCC(CC2CCC3CCCCC3C3CCC4CCCCC4C23)CC1
C1CCC(C2CCC3CC4C(CCC5C6CCC(CCCCC7CC8CCCCC8C7)C6CCC45)CC32)CC1
C1CCC(C2CCC3CC4C(CCC45CCCC5)CC32)CC1
C1CCC(CCCCC2CC3CCCCC3C2)CC1
C1CCC(C2CC3CCCC3C3CCC4CCCCCC4C23)CC1
C1CCC(CCCCC2CC3CCCCC3C2)CC1
C1CCC2C(C1)CCC1CCCCC12
C1CCC(CCCCCC2CCCCC2)CC1
C1CCC(CCC(CCC2CCC3CCCC3C2)CC2CCCCC2)CC1
C1CCC(CCC2CCCC(C3CCC4CC(CCC5CCC6CCCCC6C5)CCC43)C2)C1
C1CCC(C2CCC3CC4C(CCC5C6CCC(CCCC7CCC8CCCCC8C7)C6CCC45)CC32)CC1
C1CCC(CCCCCC2CCC3CCCCC23)CC1
C1CCC2CCC3C4CCCC4CCC3C2CC1
C1CCC(CC2CC3CCCCC3C3CCC4CCCCCC4C23)CC1
C1CCC(CCCCC2CC3CCCCC3C2)CC1
C1CCC2CC(C3CCCC4CCCCC43)C3CCCC3C2CC1
C1CCC(C2CC3C(CCC4CC4)CCC3C3CCCC4CCCCC4C23)CC1
C1CCC2C(C1)CCC1C3CCCC3CCC21
C1CCC(CCCCC2CC3CCCCC3C2)CC1
C(CCC1CCC2C(CCC3C4CCCC4CCC23)C1)CC1CCC(C2CC3CCCC3C3CCC4CCCCC4C23)CC1
C(CCC1CCC2CCCCC2C1)CCC1CCCC2CCCCC12
C1CCC(C2CCC3CCCC3C3CCC4CCCCC4C23)CC1
C1CCC(C2CCC3C(CCC4CCCCC43)C2)CC1
C1CCC(CCCC2CCCC3CCC(C4CCCC5CCCC54)CC3C2)CC1
C1CCC2CC(C3CCCC4CCCC43)CCC2C1
C1CCC(CCC2CCC(CCC3CCCC(CC4CCCC4)C3)CC2)CC1
C1CCC(CCC2CCC(C3CCC3)CC2)CC1
C1CCC2CCC3C4CCCC4CCC3C2CC1
C1CCC(C2CCCC3C(CCC34CCCC4)C3CCC4CCCCC4C23)CC1
C1CCC(C2CCC3CCCC3C3CCC4CCCCC4C23)CC1
C1CCC(CCC2CCCCC2)CC1
C1CCC2CC(CCCC3CCCC4CCCCC43)CC2C1
C1CCC(C2CCC3CCCCC3C3CCC4CCCCC4C23)CC1
C1CCC(C2CCC3CC4C(CCC32)CCC42CCCCC2)CC1
C1CCC(CC2CC3CCCCC3C3CCC4CCCCCC4C23)CC1
C1CCC(CCC(CCC2CCC3CCCC3C2)CC2CCCCC2)CC1
C(CCCCC1CCC(C2CCCCC2)C1)CCCC1CCCCC1
C1CCC2CCC3C4CCCCC4CC(CC4CCCC4)C3C2CC1
C1CCC(CCCCC2CC3CCCCC3C2)CC1
C1CCC2CCC3C4CCCCC4CC(CC4CCCC4)C3C2CC1
C1CCC2CCC3C4CCC(CCCC5CC6CCCCC6C5)C4CCC3C2CC1
C1CCC(CC2CC3CCCCC3C3CCC4CCCCCC4C23)CC1
C(CCC1CCCC2CCCCC12)CC1CCC2CCCCC2C1
C1CCC(CCCCC2CC3CCCCC3C2)CC1
C1CCC(CCCCC2CC3CCCCC3C2)CC1
C1CCC(CCCCC2CC3CCCCC3C2)CC1
C1CCC(CCCCCC2CCCC3C(C4CCCCC4)CCC23)CC1
C1CCC(CCCCC2CC3CCCCC3C2)CC1
C1CCC(CCC2CCC(CC3CCCC4C(C5CCCCC5)CCC34)C2)CC1
C1CCC(C2CCC3CC4C(CCCC45CCCC5)CC32)CC1
C1CCC(CCC2CCCCC3CCC(C4CCCC5CCCC54)CC23)CC1
C1CCC(CCC2CC3CCCCC3C3CCC4CCCCC4C23)CC1
C1CCC(CC2CC3CCCCC3C3CCC4CCCCC4C23)CC1
C(CCC1CCCC2CCCC12)CC1CC2CCCCC2C1
C1CCC(CC2CC3CCCCC3C3CCC4CCCCC4C23)CC1
C1CCC(CCC2CCC3C(CCC3C3CCCCC3)C2)CC1
C1CCC(CCC2CCC3C(CCC3C3CCCCC3)C2)CC1
C1CCC(CCC2CCC3C(CCC4C5CCCC5CCCC34)C2)CC1
C1CCC(CCC2CCC3C2CCC(C2CCCCC2)C2C4CCCCC4CCC32)CC1
C1CCC(C2CCCC3C(CCC4CCCCC43)C2)CC1
C1CCC(CC2CC3CCCCC3C3CCC4CCCCC4C23)C1
C1CCC2CCC3CCCCC3C2CC1
C(CCCCC1CCC(C2CCCCC2)C1)CCCC1CCC2CCCC2C1
C1CCC(CCC2CCC(C3CCC3)CC2)CC1
C1CCC(CCCCC2CC3CCCCC3C2)CC1
C1CCC2CC(CCCC3CCC4C3CCC3C5CCCCC5CCC43)CC2C1
C1CCC(CCC2CCC(CCC3CCCC(CC4CCCC4)C3)CC2)CC1
C1CCC(CCC2CCC3C(CCC4C5CCCCC5CCC34)C2)CC1
C1CCC(CCCCC2CCC3C2CCC2C4CCCCC4CCCC32)CC1
C1CCC(CCCCC2CC3CCCCC3C2)CC1
C1CCC(CCC2CCCCC3CC4C(CCC4C4CCCCC4)CC23)CC1
C1CCC(CCCC2(CCC3CCCC3)CCC3C4CCC5CCCCC5C4CCC32)CC1
C1CCC(CCCCC2CCC3CCCCC23)CC1
C(CCC1CCC2C1CCC1C3CCCCC3CCC21)CC1CCC2CCCCC2C1
C(CCC1CCC2C1CCC1C3CCCCC3CCC21)CC1CC2CCCCC2C1
C1CCC2CCC(C3CCCC4CCCC43)CC2CC1
C1CCC2CC(CC3CCCC4CCCC43)CCC2C1
C(CCC1CCC2CCCCC2C1)CCC1CCCC2CCCCC12
C(CCC1CCC2CCCCC2C1)CCC1(C2CCCC2)CCCC2CCCCC21
C1CCC(CCCC2CCC3CCC(C4CCCC5CCCC54)CC3C2)CC1
C1CCC(C2CCC3CC4(CCCCCCC4C4CCCCC4)CCC32)CC1
C1CCC2CCC3C4CCC(CCCC5CC6CCCCC6C5)C4CCC3C2CC1
C1CCC(CC(CC2CCCCC2)C2CCCCC2)CC1
C1CCC(CCC2CCC3C(CCC3C3CCCCC3)C2)CC1
C1CCC(CC2CCC3C(CCC3C3CCCCC3)C2)CC1
C1CCC(C2CC3CCCC3CC3CCC4CCCCC4C32)CC1
C1CCC(CCCCC2CC3CCCCC3C2)CC1
C1CCC(C2CCC3CC4C(CCCC5C6CCC(CCCC7CC8CCCCC8C7)C6CCC45)CC32)CC1
C1CCC(C2CC3CCCC3C3CCC4CCCCCC4C23)CC1
C1CCC(CC2CCC3CC4C(CCC45CCC(C4CCCCC4)C5)CC23)CC1
C1CCC(C2CCC3CC4C(CCC32)CCC2C3CCCC3CCC42)CC1
C1CCC2CCC(C3CCCC4CCCC43)CC2CC1
C(CCCC1CCC2C(CCC2C2CCCCC2)C1)CCC1CCCCC1
C1CCC(C2CCC3CCCC3C3CCC4CCCCC4C23)CC1
C1CCC(CC2CCCC(CC3CC4CCCCC4C4CCC5CCCCCC5C34)C2)CC1
C1CCC(CC2CC3CCCCC3C3CCC4CCCCCC4C23)CC1
C1CCC2C(C1)CCC1C3CCCC3CCC21
C1CCC2CC(C3CCCC4CCCC43)CCC2C1
C(CCCC1CCC2CCCC2C1)CCC1CCCCC1
C1CCC(CC2CC3CCCCC3CC3CCC4CCCCC4C32)C1
C1CCC(CCCCC2CC3CCCCC3C2)CC1
C1CCC(CCC(CC2CCC3C(CCC3C3CCCCC3)C2)C2CCCCC2)CC1
C1CCC(C2CC3CCCCC3C3CCC4CCCCC4C23)CC1
C(CCCC1CCCC2C(C3CCCCC3)CCC12)CCC1CCCCC1
C1CCC(C2CC3CCCCC3C3CCCCC3C2)CC1
C1CCC2CC(C3CCCC4CCCC43)CCC2C1
C1CCC2CCC3C4CCCC4CCC3C2CC1
C1CCC(CCCCCC2CCCC3C(C4CCCCC4)CCC23)CC1
C1CCC(CCC2CCCC3CC4C(CCC4C4CCCCC4)CC23)CC1
C1CCC2CC(CC3CCCC4CCCC43)CCC2C1
C(CCC1CCCC2CCCC12)CC1CC2CCCCC2C1
C1CCC(C2CCC3CC4C(CCCC45CCCCC5)CC32)CC1
C1CCC(CCC2CCC(CCCC3CCCC(CC4CCCC4)C3)CC2)CC1
C1CCC(CCCCC2CC3CCCCC3C2)CC1
C1CCC2CCC3C4CCCCC4CC(CC4CCCC4)C3C2CC1
C1CCC(CCCCCC2CC3CCCCC3C2)CC1
C1CCC(C2CCC3CC4C(CCCC45CCCC5)CCC32)CC1
C1CCC(C2CCC3CCCCC3C3CCC4CCCCC4C23)CC1
C1CCC(C2CCC3CC4C(CCCC45CCCC5)CC32)CC1
C1CCC(CC2CC3CCCCC3C3CCC4CCCCC4C23)C1
C1CCC(CC2CCC3C(CCC3C3CCCCC3)C2)CC1
C1CCC2C(C1)CCC1C3CCCC3CCC21
C1CCC(CCC2CCC3C(CCC3C3CCCCC3)C2)CC1
C1CCC(C2CC3CCCC3C3CCC4CCCCC4C23)CC1
C1CCC(CCCCCC2CC3CCCCC3C2)CC1
C1CCC2C(C1)CCC1C3CCCC3CCC21
C1CCC(CCCCCC2CC3CCCCC3C2)CC1
C1CCC(CCCCC2CCC3CCC(C4CCCC5CCCC54)CC3C2)CC1
C1CCC(CCCCC2CC3CCCCC3C2)CC1
C1CCC(CCC2CCC(C3CC3)CC2)CC1
C1CCC2CCC3C4CCCC4CCC3C2CC1
C1CCC(C2CCC3CC4C(CCCC5C6CCC(CCCC7CC8CCCCC8C7)C6CCC45)CC32)CC1
C1CCC2CCC(C3CCCC4CCCC43)CC2CC1
C1CCC(CCCCCC2CC3CCCCC3C2)CC1
C1CCC(CCC2CCC3C(CCC3C3CCCCC3)C2)CC1
C1CCC(C2CCC3CCC4C(CCCC45CCCCC5)CC32)CC1
C1CCC(CC2CC3CCCCC3C3CCC4CCCCCC4C23)CC1
C1CCC(C2CC3C(CCC4CC4)CCC3C3CCC4CCCCCC4C23)CC1
C1CCC(CCC(CC2CCC3C(CCC3C3CCCCC3)C2)C2CCCCC2)CC1
C1CCC2CCC3C4CCCCC4CCC3C2CC1
C(CCCC1CCCC2C(C3CCCCC3)CCC12)CCC1CCCCC1
C1CCC(C2CC3CCCCC3C3CCC4CCCCC4C23)CC1
C1CCC(C2CCC3CC4C(CCC32)CCC2C3CCC(CCCC5CC6CCCCC6C5)C3CCC42)CC1
C(CCCC1CCCC2C(C3CCCCC3)CCC12)CCC1CC1
C1CCC(CCCCC2CCC3CCCC3C2)CC1
C1CCC(CC2CC3CCCCC3C3CCC4CCCCC4C23)C1
C1CCC(C2CCC3CC4C(CCC32)CCC42CCCC2)CC1
C1CCC(C2CCC3CC4C(CCCC45CCCCC5)CC32)CC1
C1CCC(CCCCCC2CC3CCCCC3C2)CC1
C1CCC(CCCCC2CCC3CCCCC23)CC1
C1CCC(CCC2CCCCC2)CC1
C1CCC(C2CC3CCCC3C3CCC4CCCCC4C23)CC1
C1CCC(CCCCC2CCC3CCC(C4CCCC5CCCC54)CC3C2)CC1
C1CCC(CC2CC3CCCC3C3CCC4CCCCC4C23)CC1
C1CCC(CCC2CCC(CCC3CCCC(CC4CCCC4)C3)CC2)CC1
C1CCC(CCCCC2CC3CCCCC3C2)CC1
C1CCC(CC2CC3CCCCC3CC3CCC4CCCCC4C32)C1
C1CCC(CCCCCC2CC3CCCCC3C2)CC1
C1CCC(CCC2CCC3C2CCC(C2CCCCC2)C2C4CCCCC4CCCC32)CC1
C1CCC2C(C1)CCC1C3CCCCC3CCC21
C1CCC(CCC2CCC3C(CCC3C3CCCCC3)C2)CC1
C1CCC(C2CC3CCCC3C3CCC4CCCCC4C23)CC1
C1CCC(C2CC3CCCC3C3CCCC4CCCCC4C23)CC1
C(CCCCC1CCC(C2CCCCC2)C1)CCCC1CCCCC1
C1CCC(CCCC2CCCC(C3CCC4CC(CCC5CCC6CCCCC6C5)CCC43)C2)CC1
C1CCC2C(C1)CC(C1CCCC3CCCC31)C1CCCCC21
C1CCC(C2CCC3CCC4C(CCC45CCCC5)CC32)CC1
C1CCC2CC(CC3CCCC4CCCC43)CCC2C1
C1CCC(C2CCC3CC4C(CCC5C6CCC(CCCC7CC8CCCCC8C7)C6CCC45)CC32)CC1
C1CCC(CCC2CCC3C(CC4CCCCC4)CCC3C2)CC1
C1CCC(CCCCC2CC3CCCCC3C2)CC1
C1CCC(CCCCC2CC3CCCCC3C2)CC1
C1CCC(C2CCC3CC4C(CCC5CCC6CCCCC65)CCCC4CC32)CC1
C1CCC(CCCCC2CCCC3CCC(C4CCCCC4)CC23)CC1
C1CCC2CCC3C(CCC4C5CCCC5CC43)C2CC1
C1CCC(CCCCCC2CC3CCCCC3C2)CC1
C1CCC2C(C1)CCC1C2CCC2C3CCCC3CC21
C1CCC2CC(CC3CCCC4CCCC43)CCC2C1
C1CCC(C2CCC3CC4(CCCCCC4C4CCCCC4)CCCC32)CC1
C1CCC2CCC3CCCCC3C2CC1
C1CCC(C2CC3CCCCC3C3CCCCC23)CC1
C1CCC2C(C1)CCC1C2CCC2C3CCCC3CC21
C1CCC2CC(C3CCCC4CCCC43)CCC2C1
C1CCC2CC(C3CCCC4CCCC43)CCC2C1
C1CCC(CC2CC3CCCCC3CC3CCC4CCCCC4C32)CC1
C1CCC2CC(C3CCCC4CCCC43)CCC2C1
C1CCC(C2CC3CCCC3C3CCC4CCCCC4C23)CC1
C1CCC(C2CCC(CCCCCC3CCCC4CCCCC34)C2)CC1
C1CCC2CCC3C(CCC4C3CCC4(CCCC3CC4CCCCC4C3)CCC3CCCC3)C2CC1
C1CCC2CC(C3CCCC4CCCC43)CCC2C1
C(CCCC1CCCCC1)CCCC1CCC(C2CCCCC2)C1
C(CCCC1CCCC2C(C3CCCCC3)CCC12)CCC1CCCCC1
C(CCC1CCC2CCCCC2C1)CCC1CCCC2CCCCC12
C1CCC2CC(C3CCCC4CCCC43)CCC2C1
C1CCC(C2CC3CCCC3C3CCC4CCCCC4C23)CC1
C1CCC(CCCCCC2CC3CCCCC3C2)CC1
C1CCC2CC(C3CCCC4CCCC43)CCC2C1
C1CCC(C2CCC3CCC4C(CC5CC6CCCCC6C5)CCCC4CC32)CC1
C1CCC2CCC(C3CCCC4CCCC43)CC2CC1
C1CCC(CC2CC3CCCCC3C3CCC4CCCCC4C23)CC1
C1CCC2CCC3CCCCC3C2CC1
C1CCC2CCC(C3CCCC4CCCC43)CC2CC1
C(CCC1CCC2CCCCC2C1)CCC1CCCC2CCCCC12
C1CCC2C(C1)CCC1C3CCCC3CCCC21
C1CCC(CCCCC2CCC3CCC(C4CCCC5CCCC54)CC3C2)CC1
C1CCC2C(C1)CCC1C3CCCC3CCC21
C1CCC2CC(C3CCCC4CCCC43)CCC2C1
C1CCC(CC2CCC3C(CCC3C3CCCCC3)C2)CC1
C1CCC2CCC(C3CCC4CCCCC43)CC2CC1
C(CCC1CCC2C1CCC1C3CCCCC3CCC21)CC1CCC2CCCCC2C1
C1CCC(C2CCC3C(CCCCCC4CCC(C5CCCC5)C4)CCCC23)CC1
C(CCC1CCCC2CCCC12)CC1CC2CCCCC2C1
C1CCC2CCC3CCCCC3C2CC1
C1CCC2CC(CCCC3CCC4C3CCCC3C5CCCCC5CCC34)CCC2C1
C1CCC(C2CCC3CC4C(CCC45CCCCCC5)CC32)CC1
C1CCC(CCC2CCC(CCC3CCCCC(CC4CCCC4)C3)CC2)CC1
C(CCC1CCCC2CCCC12)CC1CC2CCCCC2C1
C(CCC1CCCC2CCCC12)CC1CC2CCCCC2C1
C1CCC(CCCCC2CCC3CCCCC23)CC1
C1CCC(C2CCC3CC4CCCCC4CC32)CC1
C1CCC(CCCCCC2CC3CCCCC3C2)CC1
C1CCC2CCC3C4CCCC4CCC3C2CC1
C1CCC(CCCCCC2CCCC3C(C4CCCCC4)CCC23)CC1
C1CCC2CC(C3CCCC3)CCC2C1
C1CCC(CCC2CCC3C(CC4CCCCC4)CCC3C2)CC1
C1CCC2CC(C3CCCC3)C3CCCC3C2CC1
C1CCC(CCC2CCC(CCC3CCCC(CC4CCCC4)CC3)CC2)CC1
C1CCC(CCC2CCC(CCC3CCCC(CC4CCCC4)C3)CC2)CC1
C1CCC(CCC(CCC2CCC3CCCC3C2)CC2CCCCCC2)CC1
C1CCC2C(C1)CCC1C3CCCCC3CCC21
C1CCC(C2CCC3CCCC3C3CCC4CCCCC4C23)CC1
C1CCC(CCCCCC2CCCC3C(C4CCCCC4)CCC23)CC1
C1CCC(CCCCC2CCC3CCC(C4CCCC5CCCC54)CC3C2)CC1
C1CCC(CC2CC3CCCCC3C3CCC4CCCCCC4C23)CC1
C1CCC2C(C1)CCC1CCCCC12
C1CCC(CCC2CCC3C2CCC(C2CCCCC2)C2C4CCCCC4CCC32)CC1
C(CCC1CCC2C1CCC1C3CCCCC3CCC21)CC1CC2CCCCC2C1
C1CCC2C(C1)CCCC2CCCC1CCC2C1CCC1C3CCCCC3CCC21
C1CCC2CCC(C3CCCC4CCCC43)CC2CC1
C1CCC2CCC3C4CCCC4CCC3C2CC1
C(CCCC1CCCC2CCCCC12)CCC1CCCC1
C1CCC(CCCC2CCCC(C3CCC4CC(CCC5CCC6CCCCC6C5)CCC43)C2)CC1
C1CCC(CC2CCCCC2CC2CC3CCCCC3C3CCC4CCCCC4C23)CC1
C1CCC2CC(CCCC3CCC4C3CCC3C5CCCCC5CCC43)CCC2C1
C1CCC2CC(C3CCCC3)C3CCCC3C2CC1
C1CCC(CCC2CCC3C(CCC3C3CCCCC3)C2)CC1
C1CCC2CC(C3CCCC4CCCC43)CCC2C1
C1CCC(CCCC2CCC3CCCC3C2)CC1
C1CCC(CCC2(CCCC3CC4CCCCC4C3)CCCC3C4CCC5CCCCC5C4CCC32)C1
C1CCC(CC2CC3CCCCC3C3CCC4CCCCCC4C23)CC1
C1CCC(C2CC3CCCC3C3CCC4CCCCCC4C23)CC1
C1CCC(CC2CCCC(C3CCC4CC(CCC5CCC6CCCCC6C5)CCC43)C2)C1
C(CCCC1CCCC2C(C3CCCCC3)CCC12)CCC1CCCCC1
C1CCC(CCCCC2CC3CCCCC3C2)CC1
C1CCC(C2CCC3CC4C(CCC5C6CCCC(CCCC7CC8CCCCC8C7)C6CCC45)CC32)CC1
C1CCC2CCC3CCCCC3C2CC1
C1CCC2CCC(C3CCCC4CCCC43)CC2CC1
C1CCC2CCC(C3CCCC4CCCC43)CC2CC1
C1CCC(CCCC23CCCC2CC2C4CCC5CCCCC5C4CCC23)C1
C1CCC(CCC2CCCCC3CCC(C4CCCC5CCCC54)CC23)CC1
C1CCC(C2CCC3CC4C(CCC45CCCCC5)CC32)CC1
C1CCC(CC2CCCCC2CC2CC3CCCCC3C3CCC4CCCCC4C23)CC1
C1CCC(CCC2CCC3C(CCC3C3CCCC(CCC4CCCC4)C3)C2)CC1
C1CCC(CC2CCC(CC(CC3CCCCC3)C3CCCCC3)CC2)CC1
C1CCC2C(C1)CCC1C3CCCC3CCC21
C1CCC(CC2CCC3CC4C(CCC45CCCCC5)CC23)CC1
C1CCC(CCC2CCC3C2CCC(C2CCCCC2)C2C4CCCCCC4CCC32)CC1
C1CCC(CCCCC2CCC3CCCCC23)CC1
C1CCC(CC2CC3CCCCC3C3CCC4CCCCC4C23)CC1
C1CCC2CCC3C4CCC(CCCC5CCC6CCCCC6C5)C4CCC3C2CC1
C1CCC(C2CCC3CC4C(CCC5C6CCC(CCCCC7CCC8CCCCC8C7)C6CCC45)CC32)CC1
C1CCC(C2CCC3CCCC3C3CCC4CCCCC4C23)CC1
C1CCC2CCC3C4CCC(CCCC5CC6CCCCC6C5)C4CCC3C2CC1
C1CCC(C2CC3CCCC3C3CCC4CCCCC4C23)CC1
C1CCC2CC(CC3CCCC4CCCC43)CCC2C1
C1CCC(CCCC2CCC3CCCC3C2)CC1
C(CCC1CCC2CCCCC2C1)CCC1CCCC2CCCCC12
C1CCC(CC2CCC3C(CC4CCCCC4)CCC3C2)CC1
C1CCC(C2CC3C(CCC4CC4)CCCC3C3CCC4CCCCC4C23)CC1
C1CCC2CCC3C4CCCCC4CC(CC4CCCC4)C3C2CC1
C1CCC(C2CCC3CCC4(CCCCC4C4CCCCC4)CCC32)CC1
C1CCC(CCC2CCC3C(CCC4CC(C5CCCCC5)CCC43)C2)CC1
C1CCC(CC2CC3CCCCC3C3CCCCC23)C1
C1CCC(CC2CCCCCC23CCC2C(CCC2C2CCCCC2)C3)CC1
C1CCC(C2CC3CCCCC3CC3CCCCC32)CC1
C1CCC(CCCCC2CC3CCCCC3C2)CC1
C1CCC2C(C1)CCC1C3CCCCC3CCC21
C1CCC2C(C1)CCC1C3CCCC3CCC21
C1CCC2C(C1)CCCC2CC1CCC2CCCCC2C2CCC3CCCCC3C12
C1CCC(C2CCC3CC4C(CCC45CCCCCC5)CC32)CC1
C1CCC(C2CCC3CCCC3C3CCC4CCCCC4C23)CC1
C1CCC2CCC(C3CCCC4CCCC43)CC2CC1
C(CCCCC1CCC(C2CCCCC2)C1)CCCC1CCCCC1
C(CCC1CCCC2CCCCC12)CCC1CCCC2CCCCC12
C1CCC(CCC2CC3CCCC3C3CCC4CCCCC4C23)CC1
C1CCC2CC(C3CCCC4CCCC43)CCC2C1
C1CCC(CCC2CCC(C3CC3)CC2)CC1
C1CCC(CC2CCCCC2CC2CC3CCCCC3C3CCC4CCCCC4C23)CC1
C1CCC(CCCCC2CCC3CCCCC23)CC1
C1CCC(CCC2CCCCC3CC4C(CCC4C4CCCCC4)CC23)CC1
C1CCC(CCCCC2CCC3CCC(C4CCCC5CCCC54)CC3C2)CC1
C1CCC(C2CCC(CC3CCC4CCCCC4C4CCC5CCCCC5C34)CC2)CC1
C1CCC(CCC2CCC3C(CCC3C3CCCCC3)C2)CC1
C1CCC(C2CCCC3C(CCC4CCCCC43)C2)CC1
C1CCC(C2CCC3C(CCC3C3CCCCC3)C2)CC1
C1CCC(CCCC2CCCC3CCC(C4CCCC5CCCC54)CC3C2)CC1
C1CCC2CC(C3CCCC4CCCC43)CCC2C1
C1CCC2C(C1)CCCC1C3CCCC3CCC21
C1CCC2CCC(C3CCCC4CCCC43)CC2CC1
C1CCC(CCCC2CCC3CCC(C4CCCC5CCCC54)CC3C2)CC1
C1CCC(C2CC3CCCC3C3CCC4CCCCC4C23)CC1
C1CCC(C2CCC3CC4C(CCCC45CCCCC5)CCC32)CC1
C1CCC(CCCCC2CC3CCCCC3C2)CC1
C1CCC(CCCCCC2CCCC3C(CC4CCCCC4)CCC23)CC1
C1CCC(CCCC2CCC3CCC(C4CCCC5CCCC54)CC3C2)CC1
C1CCC(CCCCCC2CCCC3C(CC4CCCCC4)CCC23)CC1
C(CCC1CC2CCCCC2C1)CCC1CCCC2CCCC12
C1CCC(CC2CCCC2CC2CC3CCCCC3C3CCC4CCCCC4C23)CC1
C1CCC(CCCCC2CC3CCCCC3C2)CC1
C1CCC2CCC3C4CCCCC4CC(CC4CCCC5CCCCC54)C3C2CC1
C1CCC(CC2CCCCC2CC2CC3CCCCC3C3CCC4CCCCC4C23)CC1
C1CCC(CCCC2CCC3C(CCC3C3CCCCC3)C2)CC1
C1CCC2C(C1)CCC1C3CCCCC3CCC21
C(CCC1CCCC2CCCCC12)CC1CCC2CCCCC2C1
C1CCC(CCCCC2CC3CCCCC3C2)CC1
C1CCC(C2CCC3CC4C(CCCC45CCCCC5)CC32)CC1
C1CCC(CCCCC2CC3CCCCC3C2)CC1
C1CCC2CCC(C3CCCC4CCCC43)CC2CC1
C1CCC(CCC2CCC3C(CCC3C3CCCC(CCC4CCCCC4)C3)C2)CC1
C1CCC(CCCCCC2CCCC3C(CC4CCCCC4)CCC23)CC1
C1CCC(CCCCCC2CC3CCCCC3C2)CC1
C(CCC1CCC2C1CCC1C3CCCCC3CCC21)CC1CC2CCCCC2C1
C1CCC(CC2CCC3C(CCC3C3CCCCC3)C2)CC1
C1CCC(C2CCC3C(CCC4CCCCC43)C2)CC1
C(CCCC1CCCC2C(C3CCCCC3)CCC12)CCC1CCCCC1
C1CCC(CCC2CCC3C(CCC3C3CCCCC3)C2)CC1
C1CCC(C2CCC3(CCC4CC5C(CCC5C5CCCCC5)CC43)C2)CC1
C1CCC(CCCCCC2CCC3CCCCC23)CC1
C(CCC1CCCC2CCCCC12)CC1CCC2CCCCC2C1
C(CCCC1CCCC2CCCC12)CCC1CCCCC1
C1CCC(C2CC3CCCC3C3CCC4CCCCCC4C23)CC1
C1CCC(C2CCC3CCCC3C3CCC4CCCCC4C23)CC1
C1CCC2CCC(C3CCCC4CCCC43)CC2CC1
C1CCC(C2CC3CCCC3C3CCC4CCCCC4C3C2)CC1
C1CCC(CC2CC3CCCC3C3CCC4CCCCC4C23)CC1
C1CCC(C2CCC3(CCC4CCC5C(CCC5C5CCCCC5)CC43)C2)CC1
C1CC2CCC3C(CCC4CCCCC43)CC2C1
C1CCC(CCCCC2CC3CCCCC3C2)CC1
C1CCC2C(C1)CCC1C3CCCC3CCCC21
C(CCC1(C2CCCC2)CCCC2CCCCC21)CC1CCC2CCCCC2C1
C1CCC2CC(C3CCCC4CCCC43)CCC2C1
C1CCC2CC(C3CCCC4CCCC43)CCC2C1
C1CCC(CCC2CCC3C(CCC4CCCCC43)C2)CC1
C1CCC2CCC(C3CCCC4CCCC43)CC2CC1
C(CCCC1CCCCC1)CCCC1CCC(C2CCCCC2)C1
C1CCC(CCC2CCC(C3CC3)CC2)CC1
C1CCC(C2CCC3CC4CCCCC4CC32)CC1
C1CCC(CCC2CCC(CCC3CCCC(CC4CCCC4)C3)CC2)CC1
C1CCC2C(C1)CC(C1CCCC3CCCC31)C1CCCC21
C1CCC(C2CCC3C(CCCCCC4CCC(C5CCCC5)C4)CCCC23)CC1
C(CCC1CCCCC2CCCCC12)CC1CCC2CCCCC2C1
C1CCC(C2CC3CCCC3C3CCC4CCCCC4CC23)CC1
C1CCC2CC(CCCC3CCCC4C3CCC3C5CCCCC5CCC43)CC2C1
C1CCC(CC2CC3CCCCC3C3CCC4CCCCC4C23)C1
C1CCC(CCC2CC3CCCCC3C3CCC4CCCCC4C23)C1
C1CCC(CCC2CCC3C(CCC3C3CCCCC3)C2)CC1
C(CCCC1CCCCC1)CCCC1CCC(C2CCCCC2)C1
C1CCC2CCC3C4CCC(CCCC5CC6CCCCC6C5)C4CCC3C2CC1
C1CCC(CCC2CCCC3CCC(C4CCCC5CCCC54)CC23)CC1
C1CCC(CC2CCC3C(CC4CCCCC4)CCC3C2)CC1
C1CCC(CCCCC2CC3CCCCC3C2)CC1
C1CCC(C2CCC3C(CCC4CCCCC43)C2)CC1
C(CCC1CCCC2CCCC12)CC1CC2CCCCC2C1
C(CCC1CCCCC2CCCCC12)CC1CCC2CCCCC2C1
C1CCC(C2CC3CCCC3C3CCC4CCCCC4CC23)CC1
C1CCC(CCC2CCC(CCC3CCCC(CC4CCCC4)C3)CC2)CC1
C(CCCC1CCCC2C(C3CCCCC3)CCC12)CCC1CCCCC1
C1CCC2C(C1)CCC1C2CCCC2C3CCCC3CC21
C(CCCC1CCCC2C(C3CCCCC3)CCC12)CCC1CCCCC1
C1CCC(C2CCC3CC4C(CCCCC45CCCC5)CC32)CC1
C1CCC(C2CC3CCCC3C3CCCC4CCCCC4C23)CC1
C(CCC1CCC2CCCCC2C1)CCC1CCCC2CCCCC12
C1CCC(CCCCC2CCCC3C2CCC2C4CCCCC4CCC32)CC1
C1CCC(CCC2CCCC3CC4C(CCC4C4CCCCC4)CC23)CC1
C1CCC(C2CC3CCCC3C3CCC4CCCCC4C23)CC1
C(CCC1CCC2CCCCC2C1)CCC1CCCC2CCCCC12
C1CCC2CC(C3CCCC4CCCC43)CCC2C1
C1CCC(CCC2CCC3CC4CCC5CCCCC5C4C(C4CCCCC4)CCC23)CC1
C1CCC(CCCCC2CC3CCCCC3C2)CC1
C1CCC(C2CCC3CC4C(CCC45CCCCCC5)CC32)CC1
C(CCCC1CCCC2CCCCC12)CCC1CCC(C2CCCCC2)C1
C1CCC(CCC2CCC3C(CCC3C3CCCCC3)C2)CC1
C1CCC(CC2CC3CCCCC3C3CCC4CCCCC4C23)C1
C1CCC(CCCCC2CCC3CCCCC23)CC1
C1CCC2CCC(C3CCCC4CCCC43)CC2CC1
C1CCC(CCC2CCC3C(CCC4C5CCCCC5CCC34)C2)CC1
C1CCC(CCCCC2CC3CCCCC3C2)CC1
C1CCC2CCC(C3CCCC4CCCC43)CC2CC1
C(CCCC1CCCC2C(C3CCCCC3)CCC12)CCC1CCCCC1
C1CCC(CCCCCC2CC3CCCCC3C2)CC1
C1CCC(CCCCC2CC3CCCCC3C2)CC1
C1CCC2C(C1)CCC1C3CCCC3CCC21
C1CCC(CCCCC2CCC3CCCCC23)CC1
C1CCC(CCC2CCC3C(CCC3C3CCCCC3)C2)CC1
C1CCC(C2CC3CCCC3C3CCC4CCCCC4CC23)CC1
C1CCC2CCC(C3CCCC4CCCC43)CC2CC1
C1CCC2CC(CCCC3CCC4C3CCC3C5CCCCC5CCC43)CC2C1
C1CCC(CCCC2CCCC3CCC(C4CCCC5CCCC54)CC3C2)CC1
C1CCC2CCC(C3CCCC4CCCC43)CC2CC1
C1CCC2CC(C3CCCC4CCCC43)CCC2C1
C(CCCC1CCCC2C(C3CCCCC3)CCC12)CCC1CCC(C2CCCC2)C1
C(CCC1CC2CCCCC2C1)CCC1CCCC2CCCC12
C1CCC2C(C1)CCC1C3CCCC3CCC21
C(CCC1CCC2CCCCC2C1)CCC1CCCCC2CCCCC12
C1CCC2CC(C3CCCC4CCCC43)CCC2C1
C1CCC(CC2CC3CCCCC3C3CCC4CCCCCC4C23)CC1
C1CCC(CC2CC3CCCCC3C3CCC4CCCCC4C23)CC1
C1CCC(CCC(CCC2CC3CCCCC3C2)C2CC2)CC1
C1CCC(CCCCC2CC3CCCCC3C2)CC1
C1CCC2CC(CCCC3CCCC4CCCCC43)CC2C1
C1CCC(CCCCC2CC3CCCCC3C2)CC1
C1CCC(CCC2CCC3C(CCC3C3CCCCC3)C2)CC1
C1CCC(CCC2CCC3C(CCC3C3CCCC(CC4CCCC4)C3)C2)CC1
C1CCC(CCCC(CC2CC3CCCCC3C2)C2CC2)CC1
C1CCC2CC(C3CCCC4CCCC43)CCC2C1
C1CCC(C2CCC3C(CCCCCC4CC4)CCCC23)CC1
C1CCC(C2CCC3CC4C(CCC4C4CCCC4)CC32)CC1
C1CCC(CCC2CCCC3CC4C(CCC4C4CCCCC4)CC23)CC1
C1CCC(CCCCCC2CC3CCCCC3C2)CC1
C1CCC(CC2CC3CCCCC3C3CCC4CCCCC4C23)CC1
C1CCC(CCC2CCC3C(CCC3C3CCCCC3)C2)CC1
C1CCC2CCC3C(CCC4C3CCC4(CCCC3CC4CCCCC4C3)CCC3CCCC3)C2CC1
C1CCC(C2CCC3CC4C(CCCC45CCCC5)CC32)CC1
C1CCC(CCCCCC2CCCC3C(CC4CCCCC4)CCC23)CC1
C1CCC(C2CCC3CCCC3C3CCC4CCCCC4C23)CC1
C1CCC(C2CC3CCCC3C3CCC4CCCCC4C23)CC1
C1CCC(C2CC3CCCCC3C3CCC4CCCCC4C23)CC1
C(CCC1CCCC2CCCCC12)CC1CCCC2CCCCC12
C(CCCC1CCCCC1)CCCC1CCC(C2CCCCC2)C1
C1CCC2CCC3C4CCCC4CCC3C2CC1
C1CCC(C2CCC3CC4C(CCCC45CC(C4CCCCC4)C(C4CCCCC4)C5)CC32)CC1
C1CCC(C2CCC3CC4C(CCCC45CCCC5)CC32)CC1
C1CCC2CCC3C4CCCCC4CC(CC4CCCC4)C3C2CC1
C1CCC(CCC2CCC3C(CCC3C3CCCC(CC4CCCCC4)C3)C2)CC1
C1CCC(CCC2CCC3C(CCC3C3CCCCC3)C2)CC1
C1CCC(CCCC2CCC3CCC(CC4CCCC5CCCC54)CC3C2)CC1
C1CCC(C2CCC3CC4(CCCCCC4C4CCCCC4)CCCC32)CC1
C1CCC(CCCCC2CC3CCCCC3C2)CC1
C1CCC(C2CCC3CCC4C(CCCC45CCCC5)CC32)CC1
C1CCC2CC(CCCC3CCCC4C3CCC3C5CCCCC5CCC43)CC2C1
C1CCC(CCC2CCC3C(CCC3C3CCCCC3)C2)CC1
C1CCC2CCC(C3CCCC4CCCC43)CC2CC1
C1CCC(CCC2CCC3C(CCC3C3CCCC(CC4CCCC4)C3)C2)CC1
C1CCC(CC2CC3CCCC3C3CCC4CCCCC4C23)CC1
C1CCC2CC(CC3CCCC4CCCC43)CCC2C1
C1CCC(CCC2CCC(CCC3CCCCC(CC4CCCC4)C3)CC2)CC1
C1CCC(CCCCCC2CCC3CCCC3C2)CC1
C1CCC2C(C1)CCCC1CCCCC12
C1CCC(CCCCCC2CC3CCCCC3C2)CC1
C1CCC(C2CCC3CC4C(CCC45CCCC5)CC32)CC1
C1CCC(C2CC3C(CCC4CC4)CCC3C3CCC4CCCCC4C23)CC1
C1CCC(CCC2CCCC3CC4C(CCC23)CCC4C2CCCCC2)CC1
C1CCC(CCCC(CC2CC3CCCCC3C2)C2CC2)CC1
C1CCC2C(C1)CCC1C3CCCC3CCC21
C1CCC(C2CC3CCCC3C3CCCC4CCCCC4C23)CC1
C1CCC(CCC2CCC3C(CCC3C3CCCCC3)C2)CC1
C(CCC1CCCC2CCCCC12)CC1CC2CCCCC2C1
C1CCC(CC2CCC3CCCCC3C3CCC4CCCCC4C23)CC1
C1CCC2C(C1)CCC1C3CCCC3CCC21
C1CCC(CCCC(CCC2CCC3CCCC3C2)CC2CCCCC2)CC1
C1CCC(CCCCC2CCC3CCCCC23)CC1
C1CCC(CC2CCC3C(CCC3C3CCCCC3)C2)CC1
C(CCCC1CCCCC1)CCCC1CCC(C2CCCCC2)C1
C1CCC(C2CCC3CCCCC3C3CCCCC23)CC1
C1CCC(CC2CC3CCCCC3C3CCC4CCCCCC4C23)CC1
C1CCC2CC(C3CCCC4CCCC43)CCC2C1
C1CCC(C2CC3CCCC3C3CCC4CCCCC4C23)CC1
C1CCC(CC2CCC3CCCCC3C3CCC4CCCCC4C23)CC1
C1CCC(CCC2CCC3C(CCC3C3CCCCC3)C2)CC1
C1CCC(CC2CC3CCCCC3C3CCC4CCCCCC4C23)CC1
C1CCC(C2CCC3(CCC4CCC5C(CCC5C5CCCCC5)CC43)C2)CC1
C1CCC(C2CCCC(CC3CC4CCCCC4C4CCC5CCCCC5C34)C2)C1
C1CCC2CC(C3CCCC4CCCC43)CCC2C1
C1CCC2CC(C3CCCC4CCCC43)CCC2C1
C1CCC2CC(C3CCCC4CCCC43)CCC2C1
C1CCC(CCC2CCC(CCC3CCCC(CCC4CCCC4)C3)CC2)CC1
C1CCC2CCC3C4CCC(CCCC5CC6CCCCC6C5)C4CCC3C2CC1
C1CCC(C2CC3CCCC3C3CCC4CCCCC4C23)CC1
C1CCC(CCC2CCC(CCC3CCCC(CC4CCCCC4)C3)CC2)CC1
C1CCC2C(C1)CCC1CCCCC12
C(CCC1CCCC2CCCCC12)CC1CC2CCCCC2C1
C1CCC(C2CCC3CC4C(CCCCC45CCCCC5)CC32)CC1
C1CCC(CCCCC2CC3CCCCC3C2)CC1
C1CCC(CCCCCC2CCC3CCCCC23)CC1
C1CCC(CCCCCC2CCC3CCCCC23)CC1
C1CCC2C(C1)CCC1C3CCCC3CCCC21
C1CCC(CCCC2CCC3CCC(C4CCCC5CCCC54)CC3C2)CC1
C(CCC1CCCC2CCCC12)CC1CC2CCCCC2C1
C1CCC2CC(CC3CCCC4CCCC43)CCC2C1
C1CCC2CC(CCCC3CCC4C3CCC3C5CCCCC5CCC43)CC2C1
C1CCC2CC(C3CCCC4CCCC43)CCC2C1
C1CCC(CCCCC2CC3CCCCC3C2)CC1
C1CCC2C(C1)CCC1CCCCC12
C1CCC(CCC2CC3CCCCC3C3CCC4CCCCC4C23)CC1
C1CCC2C(C1)CCC1C3CCCCC3CCC21
C1CCC(C2CCC3CCCC3C3CCC4CCCCC4C23)CC1
C(CCCCC1CCC2C(CCC3C4CCCC4CCC23)C1)CCCC1CCCC(CC(CC2CCC(CC3CCCCC3)CC2)C2CCCCC2)C1
C1CCC(CCC2CCC3C(CCC4C5CCCC5CCC34)C2)CC1
C1CCC(C2CCC3CC4C(CCC45CCCCC5)CC32)CC1
C1CCC(C2CCC3CC4C(CCC45CCCCC5)CC32)CC1
C1CCC(C2CCC3CC4C(CCC45CCCCC5)CC32)CC1
C1CCC(CCCCC2CCC3CCCCC23)CC1
C1CCC(C2CCCC3C(CCC4CCCCC43)C2)CC1
C1CCC(CCCCC2CC3CCCCC3C2)CC1
C1CCC2CC(C3CCCC4CCCC43)CCC2C1
C1CCC2CC(CCCC3CCCC4CCCCC43)CC2C1
C1CCC2CCC(C3CCCC4CCCC43)CC2CC1
C1CCC2CCC3C4CCCC4CCC3C2CC1
C1CCC(C2CCC(CCCCCC3(C4CCCCC4)CCC3)C2)CC1
C1CCC(C2CCC(CCCCCC3CCCC4CCCCC34)C2)CC1
C1CCC2CCC3C4CCC(CCCC5CC6CCCCC6C5)C4CCC3C2CC1
C1CCC(CCC2CCC3C(CCC3C3CCCCC3)C2)CC1
C1CCC(CCCCC2CC3CCCCC3C2)CC1
C1CCC(CCCCCC2CC3CCCCC3C2)CC1
C1CCC(CCCCC2CCC3CCCCC23)CC1
C1CCC(CCCCC2CC3CCCCC3C2)CC1
C1CCC(C2CC3CCCC3C3CCC4CCCCC4C23)CC1
C(CCC1(C2CCCC2)CCCCC2CCCCC21)CC1CCC2CCCCC2C1
C1CCC(C2CCC3CC4C(CCC32)CCC42CCCC2)CC1
C1CCC(C2CC3CCCC3C3CCC4CCCCCC4C23)CC1
C1CCC(CC2CCCC(CC3CC4CCCCC4C4CCC5CCCCCC5C34)C2)CC1
C(CCC1CCCC2CCCCC12)CC1CCCC2CCCCC2C1
C1CCC(CCCCCC2CC3CCCCC3C2)CC1
C1CCC(C2CCC3CC4(CCCCCC4C4CCCCC4)CCCC32)CC1
C1CCC(CCCC2(CCCC3CC4CCCCC4C3)CCC3C4CCC5CCCCC5C4CCC32)C1
C(CC1CCC2CCCCC2C1)CC1CCC2CCC(C3CCCC4CCCC43)CC2C1
C1CCC(CCCC23CCCC2CC2C4CCC5CCCCC5C4CCC23)CC1
C(CCC1CCCC2CCCCC12)CC1CCCC2CCCCC12
C1CCC(CCC2CCC3C(CCCC4C5CCCC5CCC34)C2)CC1
C1CCC(CCC2CCC3C(CCC3C3CCCCC3)C2)CC1
C1CCC(CCC2CCC3C(CCC3C3CCCCC3)C2)CC1
C1CCC(CCCC2CCC(CCC3CCCC(CC4CCCC4)C3)CC2)CC1
C1CCC2C(C1)CCC1C3CCCCC3CCC21
C(CCCC1CCCC2C(C3CCCCC3)CCC12)CCC1CCC(C2CCCC2)C1
C1CCC(CC23CCCCC2CCC2C4CCCC4CCC23)CC1
C1CCC2C(C1)CCC1C3CCCC3CCC21
C1CCC(CCC2CCC3C(CCC3C3CCCC(CC4CCCCC4)C3)C2)CC1
C1CCC2CCC(C3CCCC4CCCC43)CC2CC1
C1CCC(CC2CC3CCCCC3C3CCC4CCCCC4C23)C1
C1CCC(CCCCCC2CCCC3C(CC4CCCCC4)CCC23)CC1
C1CCC(C2CC3CCCC3C3CCC4CCCCC4C23)CC1
C1CCC(CCCCC2CCC3CCCCC23)CC1
C1CCC2CCC(C3CCCC4CCCC43)CC2CC1
C1CCC(CCCC2CCCC(C3CCC4CC(CCC5CCC6CCCCC6C5)CCC43)C2)CC1
C(CCC1CCCC2CCCCC12)CCC1CCCC2CCCCC12
C1CCC(C2CCC3CC4C(CCC5C6CCC(CCCCC7CC8CCCCC8C7)C6CCC45)CC32)CC1
C1CCC2CCC3C4CCC(CCC5CCCC5)C4CCC3C2CC1
C1CCC(CCCCCC2CC3CCCCC3C2)CC1
C1CCC(CCCCCC2CCCC3C(C4CCCCC4)CCC23)CC1
C1CCC(CC2CC3CCCCC3C3CCC4CCCCC4C23)CC1
C1CCC(CCCCCC2CC3CCCCC3C2)CC1
C1CCC(CCCC23CCCC2CC2C4CCC5CCCCC5C4CCC23)C1
C1CCC2C(C1)CCC1C2CCC2C3CCCC3CC21
C(CCC1CC2CCCCC2C1)CCC1CCCC2CCCC12
C1CCC(CCCC2CCC3CCC(C4CCCC5CCCC54)CC3C2)CC1
C1CCC2C(C1)CCCC2CCCC1CCCC2CCCCC21
C1CCC(C2CCC(CCCCCC3CCCC4CCCCC34)C2)CC1
C1CCC(C2CC3CCCC3CC3CCC4CCCCC4C32)CC1
C(CCCCC1CCC(C2CCCCC2)C1)CCCC1CCCCC1
C1CCC(CCCC2CCC3C(CCC3C3CCCCC3)C2)CC1
C1CCC2CCC3C(CCC4C3CCC4(CCCC3CC4CCCCC4C3)CCC3CCCC3)C2CC1
C1CCC2CC3CCC4CCCC4C3CCC2C1
C1CCC(CCCCCC2CCCC3CCC(C4CCCCC4)CC23)CC1
C(CCC1CCC(CC2CCCC2)C1)CCC1CCCC2CCCCC12
C1CCC(C2CCC3CC4C(CCCC5C6CCC(CCCC7CC8CCCCC8C7)C6CCC45)CC32)CC1
C1CCC2CC(C3CCCC4CCCC43)CCC2C1
C1CCC2C(C1)CCCC1C2CCC2C3CCCC3CC21
C1CCC2C(C1)CCC1C3CCCC3CCC21
C1CCC(CCCCC2CC3CCCCC3C2)CC1
C1CCC(CC2CCC3CC4CCCCC4CC23)CC1
C1CCC(C2CCC3CCCCC3C3CCCCC23)CC1
C1CCC(CCCC2CCC3CCC(C4CCCC5CCCC54)CC3CC2)CC1
C(CCC1CCC2CCCCC2C1)CCC1CCCC2CCCCC12
C1CCC2CC(C3CCCC3)C3CCCC3C2CC1
C1CCC(CCC(CCC2CCCCC2)CCC2CCC3CCCC3C2)CC1
C(CCC1CC2CCCCC2C1)CCC1CCCC2CCCC12
C1CCC(CCCC2CCC(C3CCC4C(CCC4C4CCCCC4)C3)CC2)CC1
C1CCC(CCC2CCCC3CCC(C4CCCC5CCCC54)CC23)CC1
C1CCC(C2CC3C(CCC4CCC4)CCC3C3CCC4CCCCC4C23)CC1
C1CCC(CCCCCC2CC3CCCCC3C2)CC1
C1CCC(CC2CC3CCCCC3C3CCC4CCCCC4C23)CC1
C1CCC(C2CCC3CC4C(CC5CC6CCCCC6C5)CCCCC4CC32)CC1
C1CCC(CCCCCC2CCCC3C(C4CCCCC4)CCC23)CC1
C1CCC(C2CC3CCCC3C3CCC4CCCCCC4C23)CC1
C1CCC2C(C1)CCC1C2CCC2C3CCCC3CC21
C1CCC(CCC2CCC(C3CC3)CC2)CC1
C1CCC(CC2CC3CCCCC3CC3CCC4CCCCC4C32)CC1
C1CCC(CC2CC3CCCCC3C3CCC4CCCCC4C23)CC1
C1CCC2C(C1)CCC1C2CCC2C3CCCC3CC21
C1CCC(CCC(CCCC2CCC3CCCC3C2)CC2CCCCC2)CC1
C1CCC(C2(CCCCC3CCC4CCCCC4C3)CCCC3CCCCC32)CC1
C1CCC(C2CCC3CC4C(CCC5C6CCC(CCCC7CC8CCCCC8C7)C6CCCC45)CC32)CC1
C1CCC(CCCCCC2CC3CCCCC3C2)CC1
C1CCC2CC(C3CCCC4CCCC43)CCC2C1
C1CCC(CCC2CCC3C(CCC3C3CCCCC3)C2)CC1
C1CCC(CC2CC3CCCCC3C3CCC4CCCCCC4C23)CC1
C(CCC1CCC2C1CCC1C3CCCCC3CCC21)CC1CCCC2CCCCC12
C1CCC(C2CCC3CC4(CCCCCC4C4CCCCC4)CCC32)CC1
C1CCC2CC(CCCC3CCC4C3CCC3C5CCCCC5CCC43)CC2C1
C1CCC(C2CC3CCCC3C3CCC4CCCCCC4C23)CC1
C1CCC(C2CC3CCCC3C3CCC4CCCCC4C23)CC1
C1CCC2C(C1)CCCC1C3CCCC3CCC21
C1CCC(CCCCCC2CCCC3C(C4CCCCC4)CCC23)CC1
C1CCC(C2CCC3CC4C(CCC5C6CCC(CCCCC7CC8CCCCC8C7)C6CCC45)CC32)CC1
C1CCC(CCCCCC2CC3CCCCC3C2)CC1
C1CCC2CCC3C4CCCCC4CC(CC4CCCC4)C3C2CC1
C1CCC(C2CCC(CCCCC3CCC4C3CCC3C5CCCCC5CCC43)C2)CC1
C1CCC(CCCCC2CCC3CCCCC23)CC1
C1CCC(C2CCC3C(CCCCCC4CCC(C5CCCC5)C4)CCCC23)CC1
C1CCC2CC(CCCC3CCCC4CCCCC43)CC2C1
C1CCC(CCC2CCC3C(CCC4CC(C5CCCCC5)CCC43)C2)CC1
C1CCC2CCC(C3CCCC4CCCC43)CC2CC1
C1CCC(CC2CCCC2CC2CC3CCCCC3C3CCC4CCCCC4C3C2)CC1
C1CCC(C2CC3CCCC3C3CCC4CCCCC4C23)CC1
C1CCC(C2CC3CCCC3C3CCCC4CCCCC4C23)CC1
C1CCC(C2CCC(CC3CC4CCCCC4C4CCC5CCCCCC5C34)CC2)CC1
C1CCC2CC(C3CCCC4CCCC43)CCC2C1
C1CCC(CCC2CCC(CCC3CCCC(CC4CCCC4)C3)CC2)CC1
C1CCC2CCC(C3CCCC4CCCC43)CC2CC1
C1CCC(CC2CCC3CCCCC3C3CCC4CCCCC4C23)C1
C1CCC2CC3CCC4CCCC4C3CCC2C1
C1CCC(CCCCC2CCC3CCCCC23)CC1
C1CCC2C(C1)CCCC2CCCC1CCCC2CCCCC21
C1CCC(C2CCC3CC4C(CCCC45CCCCC5)CC32)CC1
C1CCC2C(C1)CCC1CCCCC12
C1CCC(CCCCC2CC3CCCCC3C2)CC1
C1CCC(CCC2CCC3C(CCC3C3CCCCC3)C2)CC1
C1CCC(C2CCC3CCCC3C3CCC4CCCCCC4C23)CC1
C1CCC(C2CCC3C(CCC4CCCCC43)C2)CC1
C1CCC(CCC2CCC(C3CCC3)CC2)CC1
C1CCC(CCCCCC2CCCC3C(C4CCCCC4)CCC23)CC1
C1CCC(C2CCC(CCCCCC3CCCC4CCCCC34)C2)CC1
C1CCC2CC(CCCC3CCC4C3CCC3C5CCCCC5CCC43)CC2C1
C1CCC2C(C1)CC(C1CCCC1)C1CCCC21
C1CCC2CCC3C4CCCC4CCC3C2CC1
C1CCC(CCCC2CCCC(C3CCC4CC(CCC5CCC6CCCCC6C5)CCC43)C2)CC1
C1CCC(C2CC3CCCC3C3CCC4CCCCC4C23)CC1
C1CCC(CC2CC3CCCCC3C3CCC4CCCCC4C23)CC1
C1CCC(CCC(CCC2CCC3CCCC3C2)CC2CCCCC2)CC1
C1CCC(CCCCC2CC3CCCCC3C2)CC1
C1CCC(CCCCC2CC3CCCCC3C2)CC1
C(CCC1CCC2C(CCC3C4CCCC4CCCC23)C1)CC1CCC(C2CCC(C3CC4CCCC4C4CCC5CCCCC5C34)CC2)CC1
C1CCC(CCC(CCC2CCC3C(CCC3C3CCCCC3)C2)C2CCCCC2)CC1
C1CCC(C2CC3CCCC3C3CCC4CCCCC4C23)CC1
C1CCC(CCCCC2CC3CCCCC3C2)CC1
C1CCC(C2CCC3CCC4CCCCC4C3CC2)CC1
C1CCC2CCC3C4CCC(CCCC5CC6CCCCC6C5)C4CCC3C2CC1
C1CCC2C(C1)CC(C1CCCC1)C1CCCCC21
C1CCC(CC2CC3CCCCC3C3CCC4CCCCCC4C23)CC1
C1CCC(CC2CCCC(C3CCC4CC(CCC5CCC6CCCCC6C5)CCC43)C2)C1
C1CCC(CCCCCC2CC3CCCCC3C2)CC1
C1CCC(CCC2CCC3C(CCC3C3CCCCC3)C2)CC1
C1CCC(CC2CCC3CC4C(CCC5C6CCC(CCCC7CC8CCCCC8C7)C6CCC45)CC23)CC1
C1CCC2CC(CCCC3CCCC4CCCCC43)CC2C1
C1CCC2C(C1)CC(C1CCCC1)C1CCCCC21
C1CCC(CCC2CCC3CC2CCC(C2CCCCC2)C2C4CCCCC4CCC32)CC1
C1CCC(C2CC3CCCC3C3CCC4CCCCCC4C23)CC1
C(CCCC1CCCC2C(C3CCCCC3)CCC12)CCC1CCCCC1
C1CCC(CCC2CCCC3CCC(C4CCCC5CCCC54)CC23)CC1
C1CCC(C2CC3CCCCC3C3CCCCC3C2)CC1
C1CCC2CCC(C3CCCC4CCCC43)CC2CC1
C1CCC(CCC2CCC3C(CCC3C3CCCCC3)C2)CC1
C(CCC1CCCCC2CCCCC12)CC1CCC2CCCCC2C1
C1CCC(CC2CCC(CC(CC3CCCCC3)C3CCCCC3)CC2)CC1
C(CCCC1CCCC2C(C3CCCCC3)CCC12)CCC1CCCCC1
C1CCC(CCCCCC2CCCC3C(C4CCCCC4)CCC23)CC1
C1CCC(CCC2CCC3C(CCC3C3CCCCC3)C2)CC1
C1CCC(C2CC3CCCC3C3CCCC4CCCCC4C23)CC1
C1CCC(CC2CCC(CC(CC3CCCCC3)C3CCCCC3)CC2)CC1
C1CCC2C(C1)CCC1C3CCCC3CCC21
C1CCC(CCC2CCCCC2)CC1
C1CCC2CC(C3CCCC3)CCC2C1
C1CCC(C2CCC(CCCC3CCC4C3CCC3C5CCCCC5CCCC43)C2)CC1
C(CCC1CCC2C1CCC1C3CCCCC3CCC21)CC1CC2CCCCC2C1
C1CCC(CCCCC2CC3CCCCC3C2)CC1
C1CCC2CCC(C3CCCC4CCCC43)CC2CC1
C1CCC(CC2CCC3CC4C(CCC45CCCC5)CC23)CC1
C1CCC2CC(C3CCCC4CCCC43)CCC2C1
C1CCC(CCC2CCC3C(CCC3C3CCCCC3)C2)CC1
C1CCC2CCC(C3CCCC4CCCC43)CC2CC1
C1CCC2CC(CC3CCCC4CCCC43)CCC2C1
C1CCC(CC2CC3CCCCC3C3CCC4CCCCC4C23)C1
C1CCC(C2CC3C(CCC4CC4)CCC3C3CCCC4CCCCC4C23)CC1
C(CCC1CCCC2CCCCC12)CC1CCC2CCCCC2C1
C1CCC(C2CCC3CC4C(CC5CCC6CCCCC65)CCCCC4CC32)CC1
C1CCC(C2CCC3CC4C(CCC32)CCC42CCCC2)CC1
C1CCC(C2CCC3CC4C(CCC45CCCCC5)CC32)CC1
C(CCCC1CCCC2C(C3CCCCC3)CCC12)CCC1CCCCC1
C1CCC2CC(CC3CCCC4CCCC43)CCC2C1
C1CCC(CCCCCC2CCC3CCCCC23)CC1
C1CCC(CCCCC2CCCC3CCC(C4CCCCC4)CC23)CC1
C1CCC(CCC(CCC2CC3CCCCC3C2)C2CC2)CC1
C(CCCC1CCCC2C(C3CCCCC3)CCC12)CCC1CCCCC1
C1CCC(CCCCC2CC3CCCCC3C2)CC1
C(CCC1CCCCC2CCCCC12)CC1CCC2CCCCC2C1
C1CCC(CCCCCC2CC3CCCCC3C2)CC1
C1CCC(C2CC3CCCCC3C3CCC(CCC4CCCC4)CC23)CC1
C1CC2CCCC2C(CC2CC3CCCCC3C3CCCC23)C1
C1CCC2C(C1)CCC1C3CCCC3CCC21
C1CCC(CCC(CC2CCCCC2)C2CCCCC2)CC1
C1CCC2C(C1)CCC1C3CCCC3CCCC21
C1CCC2CCC3C4CCCC4CCC3C2CC1
C1CCC2C(C1)CCCC1C2CCC2C3CCCC3CC21
C1CCC(CCC2CCC(CCC3CCCC(CCC4CCCC4)C3)CC2)CC1
C1CCC(CC2CCC3CC4C(CCC45CCCCC5)CC23)CC1
C1CCC(CCCCC2CC3CCCCC3C2)CC1
C1CCC(CCCC2CCC3CCC(C4CCCC5CCCC54)CC3C2)CC1
C1CCC(CCCCC2CCC3CCCCC23)CC1
C(CCCC1CCCC2C(C3CCCCC3)CCC12)CCC1CCC(C2CCCC2)C1
C1CCC(C2CCC3CC4C(CCC45CCCC5)CC32)CC1
C(CCC1CCCC2CCCCC12)CCC1CCCC2CCCCC12
C1CCC(C2CCC3CC4C(CCC45CCCCC5)CC32)CC1
C1CCC(C2CCC3CCC4C(CCC45CCCC5)CC32)CC1
C1CCC(CCCC2(CCC3CCCC3)CCCC3C4CCC5CCCCC5C4CCC32)CC1
C1CCC2C(C1)CCC1CCCCC12
C1CCC(C2CCC3CC4C(CCC5C6CCC(CCCC7CCCC8CCCCC87)C6CCCC45)CC32)CC1
C1CCC(C2CCC3C(CCCCCC4CC4)CCCC23)CC1
C1CCC(CC2CCC3C(CCC3C3CCCCC3)C2)CC1
C1CCC(C2CC3CCCCC3C3CCC4CCCCC4C23)CC1
C1CCC(CC2CC3CCCCC3C3CCC4CCCCCC4C23)CC1
C1CCC(CCCCC2CCC3CCCCC23)CC1
C1CCC2CCC(C3CCCC4CCCC43)CC2CC1
C1CCC(CCC2CCC3C(CCC4C5CCCCC5CCC34)C2)CC1
C(CCC1CCCCC2CCCCC12)CC1CCC2CCCCC2C1
C1CCC2C(C1)CCC1CCCCC12
C(CCC1CCCC2CCCCC12)CC1CC2CCCCC2C1
C1CCC(C2CCC3CCCC3C3CCC4CCCCC4C23)CC1
C1CCC(CCCCC2CC3CCCCC3C2)CC1
C1CCC(CCCC2CCC3C(CCC4C5CCCC5CCC34)C2)CC1
C1CCC(CCCC(CCC2CCC3CCCC3C2)CC2CCCCC2)CC1
C1CCC2CCC3C(CCC4C5CCCC5CC43)C2CC1
C(CCCCCCC1CCC2C1CCCC1C3CCCCC3CCC12)CCCCCC1CCC(CCC2CCC(CCC3CCCC3)C2)C1
C(CCC1CCC2C1CCC1C3CCCCC3CCC21)CC1CC2CCCCC2C1
C1CCC(CCCCC2CC3CCCCC3C2)CC1
C1CCC(CCCC2CCC3CCC(C4CCCC5CCCC54)CC3C2)CC1
C(CCC1CCCC2CCCCC12)CCC1CCCC2CCCCC12
C1CCC2CCCCC2C(CCCCC2CCCC3CCCCC23)C1
C1CCC(CCCCC2CCC3CCCCC23)CC1
C1CCC2CCC3C4CCCC4CCC3C2CC1
C1CCC(C2CCC3CCC4C(CCC5C6CCC(CCCC7CCC8CCCCC8C7)C6CCC45)CC32)CC1
C1CCC(CC2CC3CCCCC3C3CCC4CCCCC4C23)CC1
C1CCC2CC(CC3CCCC4CCCC43)CCC2C1
C1CCC(C2CCC3CC4CCCCC4CC32)CC1
C1CCC(C2CCCC(CC3CC4CCCCC4C4CCC5CCCCC5C34)C2)C1
C1CCC(C2CCC3CCC4CCCCC4CC32)CC1
C1CCC(C2CCC3CC4C(CCC45CCCC5)CC32)CC1
C1CCC(CCCC2CCCC3CCC(C4CCCC5CCCC54)CC3C2)CC1
C(CCCC1CCCCC1)CCCC1CCC(C2CCCCC2)C1
C1CCC(CCC2CCC3C(CCC3C3CCCCC3)C2)CC1
C1CCC2CC(C3CCCC4CCCC43)CCC2C1
C(CCC1(C2CCCC2)CCCC2CCCCC21)CC1CCC2CCCCC2C1
C1CCC2CCC3C4CCCC4CCC3C2CC1
C1CCC(CCCCCC2CCCC3C(CC4CCCCC4)CCC23)CC1
C(CCCC1CCCCC1)CCC1CCCCC1
C1CCC(CCCCCC2CC3CCCCC3C2)CC1
C1CCC(C2CCC3CC4C(CCC5C6CCC(CCCC7CC8CCCCC8C7)C6CCCC45)CC32)CC1
C1CCC2C(C1)CCCC2CCCC1CCC2C1CCCC1C3CCCCC3CCC12
C1CCC(CCCC2CCC3C2CCC2C4CCCCC4CCCC32)C1
C1CCC(CCC(CCC2CCC3CCCC3C2)CC2CCCCC2)CC1
C1CCC2CC(CCCC3CCCC4C3CCC3C5CCCCC5CCC43)CC2C1
C1CCC(C2CCC3CC4C(CCCC45CCCC5)CC32)CC1
C1CCC(CC2CC3CCCCC3C3CCC4CCCCC4C3C2)C1
C(CCC1CCCC2C(CCC3C4CCCC4CCC23)C1)CC1CCC(C2CCC(C3CC4CCCC4C4CCC5CCCCC5C34)CC2)CC1
C1CCC(CC2CCC3CCC(C4CCCC4)CC32)C1
C1CCC(CCCCCC2CC3CCCCC3C2)CC1
C(CCCC1CCCC2C(C3CCCCC3)CCC12)CCC1CCCCC1
C1CCC(CCC2CCC3C(CCC3C3CCCCC3)C2)CC1
C1CCC2C(C1)CCCC1C3CCCC3CCC21
C1CCC(C2CCC3CC4(CCCCCCC4C4CCCCC4)CCC32)CC1
C1CCC(CCC2CCC3C(CCC3C3CCCCC3)C2)CC1
C1CCC(C2CCC3CC4C(CCCC45CCCC5)CC32)CC1
C1CCC(C2CCCC3C(CCC4CCCCC43)C2)CC1
C1CCC(CCCCC2CCC3C2CCC2C4CCCCC4CCC32)C1
C1CCC(C2C3CCCC3CC3CC4CCCC4CC32)CC1
C1CCC(CC2CC3CCCCC3C3CCC4CCCCC4C23)C1
C1CCC(CC2CCC3C(CCC4CCCCC43)C2)CC1
C1CCC(CC2CCC3CC4C(CCC45CCCCC5)CC23)CC1
C1CCC2CCC(C3CCCC4CCCC43)CC2CC1
C1CCC2C(C1)CCC1C3CCCCC3CCCC21
C1CCC(C2CC3CCCC3C3CCC4CCCCCC4C23)CC1
C1CCC(CCC2(CCCC3CC4CCCCC4C3)CCC3C4CCC5CCCCC5C4CCC32)C1
C1CCC(C2CCC3CC4C(CCCC45CCCC5)CC32)CC1
C1CCC(C2CCC3CC4C(CCC32)CCC42CCCC2)CC1
C1CCC(CCCCCC2CCC3CCCCC23)CC1
C1CCC(CC23CCCCC2CCC2C4CCCC4CCC23)CC1
C1CCC(C2CC3CCCC3C3CCC4CCCCC4C23)CC1
C1CCC2CCC(C3CCCC4CCCC43)CC2CC1
C1CCC2CC(C3CCCC4CCCC43)CCC2C1
C1CCC(CC2CC3CCCCC3C3CCC4CCCCCC4C23)CC1
C1CCC(C2CCC3CC4CCCCC4CC32)CC1
C1CCC(C2CCC3CCC4C(CCC5C6CCC(CCCC7CC8CCCCC8C7)C6CCC45)CC32)CC1
C1CCC(CCCCCC2CCC3CCCCC23)CC1
C1CCC(C2CC3CCCC3C3CCC4CCCCC4C23)CC1
C1CCC(C2(CCCCC3CCC4CCCCC4C3)CCCC3CCCCC32)CC1
C1CCC2C(C1)CCC1C3CCCC3CCCC21
C1CCC(CC2CCC3CCC4(CCCCC4)C3C2)CC1
C1CCC2CCC3C4CCCCC4CC(CC4CCCC4)C3C2CC1
C1CCC(C2CCC3CCCC3C3CCC4CCCCC4C23)CC1
C1CCC(C2CCC3CC4(CCCCC4C4CCCCC4)CCCC32)CC1
C1CCC(CCCCC2CCC3C2CCC2C4CCCCCC4CCC32)CC1
C1CCC(CCC2CCC3C(CCC4C5CCCC5CC(CCC5CCCCC5)C34)C2)CC1
C1CCC(CCC2CCC3C(CCC3C3CCCCC3)C2)CC1
C1CCC(CC2CCC3C(CCC3C3CCCCC3)C2)CC1
C1CCC(CCCCC2CC3CCCCC3C2)CC1
C1CCC2CC(CCCC3CCC4C3CCC3C5CCCCC5CCC43)CC2C1
C1CCC(C2CCC3CC4C(CCC5C6CCC(CCCCC7CC8CCCCC8C7)C6CCC45)CC32)CC1
C1CCC(C2CCC3CCCCC3C3CCCCC23)CC1
C(CCCCCCC1CCC2C1CCC1C3CCCCC3CCC21)CCCCCC1CCC(CCCC2CCC(CCC3CCCC3)C2)C1
C1CCC(CCC2CCC(C3CCC4C(CCC4C4CCCCC4)C3)CC2)CC1
C1CCC2C(C1)CCCC2CCCC1CCCC2CCCCC21
C1CCC2CCC(C3CCCC4CCCC43)CC2CC1
C(CCC1CC2CCCCC2C1)CCC1CCCC2CCCC12
C1CCC(C2CC3CCCC3C3CCC4CCCCC4C23)CC1
C1CCC2C(C1)CCC1C2CCC2C3CCCC3CC21
C1CCC(CCC2CCC3C(CCC4C5CCCC5CCC34)C2)CC1
C1CCC(CCCCCC2CCC3CCCCC23)CC1
C1CCC(CCCCCC2CCCC3C(C4CCCCC4)CCC23)CC1
C(CCC1CCCC2CCCC12)CC1CC2CCCCC2C1
C1CCC(C2CCC3CCC4C(CCCC5CC5)CCCC4CC32)CC1
C1CCC(C2CCC3CC4C(CCCC45CCCC5)CC32)CC1
C1CCC(CCCCC2CC3CCCCC3C2)CC1
C1CCC2CCC(C3CCCC4CCCC43)CC2CC1
C1CCC2CCC(C3CCCC4CCCC43)CC2CC1
C1CCC(CC2CC3CCCCC3C3CCC4CCCCC4C23)C1
C1CCC2C(C1)CCCC1C3CCCC3CCC21
C1CCC(CC2CC3CCCCC3C3CCC4CCCCCC4C23)CC1
C1CCC(C2CC3CCCC3C3CCC4CCCCC4C23)CC1
C1CCC(CCCCCC2CCCC3C(C4CCCCC4)CCC23)CC1
C1CCC(CC2CC3CCCC3C3CCC4CCCCC4C23)CC1
C(CCCC1CCCC2C(C3CCCCC3)CCC12)CCC1CCCCC1
C1CCC(CCC2CCCCC2)CC1
C1CCC2CC3CCC4CCCC4C3CCC2C1
C1CCC2CC(CCCC3CCC4C3CCC3C5CCCCC5CCC43)CC2C1
C1CCC2CC(C3CCCC4CCCC43)CCC2C1
C1CCC2CCC(C3CCCC4CCCC43)CC2CC1
C1CCC(CCCCC2CC3CCCCC3C2)CC1
C(CCC1CC2CCCCC2C1)CCC1CCCC2CCCC12
C1CCC(CC2CCC3CC4(CCCCCC4C4CCCCC4)CCC23)CC1
C1CCC(C2CCC3CCCC3C3CCC4CCCCC4C23)CC1
C1CCC(CCCC2CCC3CCC(C4CCCC5CCCC54)CC3CC2)CC1
C1CCC(CCCC2CCC3C(CCC4C5CCCC5CC(CCC5CCCCC5)C34)C2)CC1
C1CCC(CC2CCC(CC(CC3CCCCC3)C3CCCCC3)CC2)CC1
C1CCC2CCC3C4CCCCC4CC(CC4CCCC(C5CCCC5)C4)C3C2CC1
C1CCC2C(C1)CCC1C3CCCC3CCC21
C1CCC(CCC2CCC3C(CCC3C3CCCCC3)C2)CC1
C1CCC2CC(C3CCCC4CCCC43)CCC2C1
C1CCC(CCC(CCC2CCC3CCCC3C2)CC2CCCCC2)CC1
C1CCC(CCC2CCC3C(CC4CCCCC4)CCC3C2)CC1
C1CC2CCC3C(CCC4CCCCC43)CC2C1
C1CCC(C2CCC3C(CCC4CCCCC43)C2)CC1
C1CCC(CCCC2CCC3C2CCC2C4CC5CCC(CC6CCCCC6)C5CC4CCC32)CC1
C1CCC(CCCCCC2CCCC3C(CC4CCCCC4)CCC23)CC1
C1CCC(CCC2CCC3C(CC4CCCCC4)CCC3C2)CC1
C1CCC(CCC2CCC3C(CCC3C3CCCCC3)C2)CC1
C1CCC(CCC2CCC3C(CCC3C3CCCCC3)C2)CC1
C1CCC(CCCCC2CCC3CCCCC23)CC1
C1CCC(CC2CC3CCCCC3C3CCC4CCCCC4C23)C1
C1CCC2C(C1)CC(C1CCCC1)C1CCCCC21
C1CCC(C2CC3CCCC3C3CCC4CCCCCC4C23)CC1
C(CCC1CCC2CCCCC2C1)CCC1(C2CCCC2)CCCC2CCCCC21
C(CCC1CCCC2CCCCC12)CC1CCCC2CCCCC12
C1CCC(CCC2CCC(CCC3CCCC(CC4CCCCC4)C3)CC2)CC1
C1CCC2CCC(C3CCCC4CCCC43)CC2CC1
C1CCC(CCCCC2CC3CCCCC3C2)CC1
C1CCC(CCCCCC2CCC3CCCCC23)CC1
C(CCC1CCC2C(CCC3C4CCCC4CCC23)C1)CC1CCC(C2CC3CCCC3C3CCC4CCCCC4C23)CC1
C1CCC(C2CCC3CC4C(CCCC45CCCC5)CC32)CC1
C1CCC(CCC2CCC(CCCC3CCCC(CC4CCCC4)C3)CC2)CC1
C1CCC(CCC2CCC3C(CCCC4C5CCCC5CCC34)C2)CC1
C1CCC(CCCCCC2CC3CCCCC3C2)CC1
C1CCC2C(C1)CCC1CCCCC12
C1CCC2CCC(C3CCCC4CCCC43)CC2CC1
C1CCC(CCC2CCC3C(CCCC4CC(C5CCCCC5)CCC43)C2)CC1
C1CCC(C2CCC3C(CCCCCC4CC4)CCCC23)CC1
C1CCC(CCCC2(CCC3CCCC3)CCC3C4CCC5CCCCC5C4CCC32)CC1
C1CCC(CC2CCC3C(CCC3C3CCCCC3)C2)CC1
C1CCC(CCC2CCC(CCC3CCCC(CC4CCCC4)C3)CC2)CC1
C1CCC(CCC2CCC(C3CCC3)CC2)CC1
C1CCC(C2CCC3CC4C(CCC45CCCCCC5)CC32)CC1
C(CCCCCCC1CCC(CCC2CCC(CCC3CCCC3)C2)C1)CCCCCCC1CCC2C1CCC1C3CCCCC3CCC21
C1CCC(C2CC3CCCC3C3CCC4CCCCC4C23)CC1
C1CCC(CCC2CCC3C(CCC3C3CCCCC3)C2)CC1
C1CCC(C2CC3CCCC3C3CCC4CCCCC4C23)CC1
C1CCC(CCC(CCC2CCC3CCCC3C2)CC2CCCCC2)CC1
C1CCC(CCCCC2CCC3CCCCC23)CC1
C1CCC(C2CCC3CC4(CCCCCCC4C4CCCCC4)CCC32)CC1
C1CCC(CCCCC2CC3CCCCC3C2)CC1
C(CCC1CCCC2CCCCC12)CC1CC2CCCCC2C1
C1CCC(CCCCCC2CC3CCCCC3C2)CC1
C(CCCC1CCCCC1)CCCC1CCC(CC2CCCCC2)C1
C1CCC2CC(CCCC3CCC4C3CCC3C5CCCCC5CCC43)CC2C1
C1CCC2C(C1)CCCC1C3CCCC3CCC21
C1CCC(CCC2CCC3C(CCC3C3CCCCC3)C2)CC1
C1CCC(CC2CC3CCCCC3C3CCC4CCCCC4C23)CC1
C(CCCC1CCCCC1)CCCC1CCC(C2CCCCC2)C1
C1CCC2C(C1)CCC1C2CCC2C3CCCC3CC21
C1CCC(CCCCCC2CCC3CCCC3C2)CC1
C1CCC2C(C1)CCC1C3CCCC3CCC21
C1CCC(C2CCC3CC4C(CCCC5C6CCC(CCCC7CC8CCCCC8C7)C6CCC45)CC32)CC1
C1CCC(C2CC3CCCCC3C3CCC4CCCCC4C23)CC1
C1CCC2CCC(C3CCCC4CCCC43)CC2CC1
C(CCCCC1CCC(C2CCCCC2)C1)CCCC1CCCCC1
C1CCC(CCCCC2CC3CCCCC3C2)CC1
C1CCC(CCCCC2CC3CCCCC3C2)CC1
C(CCC1CCCC2CCCC12)CC1CC2CCCCC2C1
C1CCC2CC(C3CCCC4CCCC43)CCC2C1
C1CCC(C2CCC3CC4C(CCC45CCCCC5)CC32)CC1
C1CCC(CCC2CCCC3CCC(C4CCCC5CCCC54)CC23)CC1
C1CCC2CCC3C(CCC4C5CCCC5CC43)C2CC1
C1CCC(C2CCC3CC4C(CCC5C6CCC(CCCC7CC8CCCCC8C7)C6CCC45)CC32)CC1
C1CCC(C2CC3CCCC3C3CCC4CCCCC4C23)CC1
C1CCC(CC2CC3CCCCC3CC3CCC4CCCCC4C32)CC1
C(CCC1CCC2CCCCC2C1)CCC1CCCC2CCCCC12
C1CCC(CCC2CCC3C(CCC3C3CCCCC3)C2)CC1
C1CCC(CCC2CCCC(C3CCCC4C(C5CCCCC5)CCC34)C2)CC1
C1CCC(CC2CC3CCCCC3C3CCC4CCCCC4C23)C1
C1CCC(CCCCC2CC3CCCCC3C2)CC1
C1CCC(C2CCC3C(CCC4CCCCC43)C2)CC1
C1CCC2CCC(C3CCCC4CCCC43)CC2CC1
C1CCC2CCC3C4CCC(CCCC5CCC6CCCCC6C5)C4CCC3C2CC1
C(CCC1CCCC2CCCC12)CC1CC2CCCCC2C1
C1CCC(C2CC3CCCCC3C3CCCCC23)CC1
C(CCCC1CCCCC1)CCCC1CCC(C2CCCCC2)C1
C1CCC2CCC(C3CCCC4CCCC43)CC2CC1
C1CCC2CC(CCCC3CCC4C3CCC3C5CCCCC5CCCC43)CC2C1
C1CCC(CCCCC2CC3CCCCC3C2C2CCCCC2)CC1
C1CCC2CC(CCCC3CCCC4CCCCC43)CC2C1
C1CCC(CCCCCC2CCCC3C(CC4CCCCC4)CCC23)CC1
C1CCC(CCC2CCC(CCC3CCCCC3)CC2)CC1
C1CCC(CCCCC2CC3CCCCC3C2)CC1
C1CCC(CCC2CCC3C(CCC3C3CCCC(CCCC4CCCC4)C3)C2)CC1
C1CCC(CCCCCC2CCC3CCCCC23)CC1
C1CCC(C2CCC3CC4C(CCC5C6CCC(CCCCC7CCC8CCCCC8C7)C6CCC45)CC32)CC1
C1CCC2C(C1)CCC1CCCCC12
C1CCC(CC2CC3CCCCC3C3CCCCC23)CC1
C1CCC(CCC2CCC3C(CCC3C3CCCCC3)C2)CC1
C(CCCC1CCCC2C(C3CCCCC3)CCC12)CCC1CCCCC1
C1CCC(C2CCC3CC4C(CCCC45CCCCC5)CC32)CC1
C(CCCC1CCCC2C(C3CCCCC3)CCC12)CCC1CCCCC1
C1CCC(CCCCCC2CCC3C(CCC3C3CCCCC3)C2)CC1
C1CCC2CC(C3CCCC4CCCC43)CCC2C1
C1CCC2CC(CCCC3CCC4C3CCCC3C5CCCCC5CCC34)CCC2C1
C1CCC(C2CCC3C(CCCCCC4CC4)CCCC23)CC1
C(CCC1CCC2C1CCC1C3CCCCC3CCC21)CC1CC2CCCCC2C1
C(CCC1CCCC2CCCCC12)CC1CCC2CCCCC2C1
C1CCC2CC(CCCC3CCC4C3CCC3C5CCCCC5CCC43)CCC2C1
C(CCC1CCCC2CCCC12)CC1CC2CCCCC2C1
C1CCC(CCCCC2CC3CCCCC3C2)CC1
C1CCC2CC(CC3CCCC4CCCC43)CCC2C1
C1CCC(C2CCC3CC4C(CCCC5C6CCC(CCCC7CCC8CCCCC8C7)C6CCC45)CC32)CC1
C1CCC(CCCCC2CC3CCCCC3C2)CC1
C1CCC(CCCCC2CC3CCCCC3C2)CC1
C1CCC2CCC(C3CCCC4CCCC43)CC2CC1
C1CCC(C2CCC3CC4C(CCCC45CCCC5)CCC32)CC1
C(CCC1CCCC2CCCCC12)CC1CCC2CCCCC2C1
C1CCC(CCCCCC2CCC3CCCCC23)CC1
C1CCC(CCC2CCC3C(CC4CCCCC4)CCC3C2)CC1
C1CCC(CCC2CCC3C(CCC3C3CCCCC3)C2)CC1
C1CCC2CC(CCCC3CCC4C3CCCC3C5CCCCC5CCC34)CC2C1
C(CCCC1CCCCC1)CCCC1CCC(C2CCCCC2)C1
C1CCC(C2CC3CCCCC3CC3CCCCC32)CC1
C1CCC(CCC2CCC(C3CCC3)CC2)CC1
C1CCC(CCCCCC2CC3CCCCC3C2)CC1
C1CCC(CCCC2CCC3C(CCC3C3CCCCC3)C2)CC1
C1CCC(CCC2CCC3C(CCC3C3CCCCC3)C2)CC1
C1CCC(C2CC3CCCC3C3CCCC4CCCCC4C23)CC1
C1CCC(CCC2CC3CCCCC3C3CCC4CCCCC4C23)CC1
C(CCC1CCC2C1CCC1C3CCCCC3CCC21)CC1CCC2CCCCC2C1
C1CCC(CCC2CCC3C(CCC4C5CCCC5CC(CCC5CCCCC5)C34)C2)CC1
C1CCC(C2CC3CCCC3C3CCC4CCCCC4CC23)CC1
C1CCC(CCCCC2CC3CCCCC3C2)CC1
C1CCC(CCCC2CCC3C2CCC2C4CCCCC4CCC32)C1
C1CCC(CCC(CC2CC2)CC2CC3CCCCC3C2)CC1
C1CCC2C(C1)CCC1C2CCC2C3CCCC3CC21
C1CCC2CCC3C4CCC(CCCC5CCCC6CCCCC65)C4CCC3C2CC1
C(CCCC1CCCCC1)CCCC1CCC(C2CCCCC2)C1
C1CCC2CCC3C4CCCCC4CCC3C2CC1
C(CCCC1CCCCC1)CCCC1CCC(C2CCCCC2)C1
C1CCC(C2CC3CCCC3C3CCC4CCCCC4CC23)CC1
C1CCC(CCC2CCC3C(CCC3C3CCCC(CCC4CCCC4)C3)C2)CC1
C1CCC(CCC2CCC3C(CCC3C3CCCCC3)C2)CC1
C1CCC2CC(CCCC3CCCC4CCCCC43)CC2C1
C1CCC(C2CCC3CC4C(CCC5C6CCCC(CCCC7CCC8CCCCC8C7)C6CCC45)CC32)CC1
C1CCC2CC(C3CCCC4CCCC43)CCC2C1
C1CCC2C(C1)CCC1C3CCCC3CCCC21
C1CCC(C2CCC3C(CCC4CCCCC43)C2)C1
C1CCC(CCCCC2CC3CCCCC3C2)CC1
C1CCC(C2CCC3CC4C(CCC45CCCCC5)CC32)CC1
C1CCC(CCCCC2CC3CCCCC3C2)CC1
C(CCC1CCCC2CCCCC12)CC1CCCC2CCCCC12
C1CCC(CCCC2CCC3CCC(C4CCCC5CCCC54)CC3C2)CC1
C1CCC2C(C1)CCCC1C3CCCC3CCC21
C1CCC(CCC2CCC3C(CCC3C3CCCCC3)C2)CC1
C1CCC2C(C1)CCC1C3CCCC3CCC21
C1CCC(C2CCC3CCC4CCCCC4CC32)CC1
C1CCC(C2CC3CCCCC3CC3CCCCC32)CC1
C1CCC2CC(C3CCCC4CCCC43)CCC2C1
C1CCC(CCCCCC2CCC3CCCCC23)CC1
C1CCC(CC2CCCCC2CC2CCC3CCCCC3C3CCC4CCCCC4C23)CC1
C1CCC(C2CC3CCCCC3C3CCC4CCCCC4C23)CC1
C(CCC1CCC2CCCCC2C1)CCC1CCCC2CCCCC12
C(CCC1CCCC2CCCC12)CC1CC2CCCCC2C1
C1CCC(C2CCC3CC4CCCCC4CC32)CC1
C1CCC(C2CCC3CC4C(CCC45CCCCC5)CC32)CC1
C1CCC(C2CC3CCCC3C3CCC4CCCCC4C23)CC1
C1CCC(CCC2CCC3C(CCC4CC(C5CCCCC5)CCCC43)C2)CC1
C1CCC(CC2CC3CCCCC3C3CCC4CCCCCC4C23)CC1
C1CCC2C(C1)CCCC1C2CCC2C3CCCC3CC21
C1CCC(C2CCC3CC4C(CCCC5CC5)CCCC4CCC32)CC1
C1CCC(CCCCCC2CCC3CCCCC23)CC1
C1CCC(CCCCCC2CCCC3C(C4CCCCC4)CCC23)CC1
C1CCC(C2CC3CCCCC3C3CCC4CCCCC4C23)CC1
C1CCC2CCC3C4CCC(CCCC5CC6CCCCC6C5)C4CCC3C2CC1
C1CCC(CCCCCC2CC3CCCCC3C2)CC1
C1CCC(CCC2CCC3C(CCC4C5CCCC5CCCC34)C2)CC1
C1CCC2CCC3C4CCCC4CCC3C2CC1
C1CCC2C(C1)CCC1C2CCC2CCC3CC3C21
C1CCC(CCC2CCC3C(CCC4CC(C5CCCCC5)CCC43)C2)CC1
C(CCCC1CCCCC1)CCCC1CCC(C2CCCCC2)C1
C1CCC2C(C1)CCC1C3CCCC3CCC21
C1CCC(CCCC2CCC3CCC(C4CCCC5CCCC54)CC3C2)CC1
C1CCC2CCC3C4CCCC4CCC3C2CC1
C1CCC(CCCCC2CC3CCCCC3C2)CC1
C1CCC(CCC2CCC3C(CCC3C3CCCCC3)C2)CC1
C1CCC(CC2CC3CCCCC3C3CCC4CCCCC4C23)CC1
C1CCC(C2CCC(CCCCCC3CCCC4C(C5CCCCC5)CCC34)C2)CC1
C1CCC(CCC2CCCC3C2CCC(C2CCCCC2)C2C4CCCCC4CCC32)CC1
C(CCCC1CCC2C(CCC2C2CCCCC2)C1)CCC1CCCCC1
C1CCC(CCC2CCC3C(CC4CCCCC4)CCC3C2)CC1
C1CCC(CCC2CCC3C(CCC4C5CCCC5CC(CCC5CCCCC5)C34)C2)CC1
C1CCC(CC2CCC3C(CCC3C3CCCCC3)C2)CC1
C1CCC2CC(CC3CCCC4CCCC43)CCC2C1
C1CCC2CC(C3CCCC4CCCC43)CCC2C1
C(CCC1CCC2CCCCC2C1)CCC1CCCC2CCCCC12
C1CCC2CC(CCCC3CCCC4C3CCC3C5CCCCC5CCC43)CCC2C1
C1CCC(C2CC3CCCCC3C3CCCCC3C2)C1
C1CCC(CCCCCC2CC3CCCCC3C2)CC1
C1CCC(C2CC3CCCC3C3CCC4CCCCC4C23)CC1
C1CCC2C(C1)CCC1C2CCC2C3CCCC3CC21
C1CCC(CCC2CCC(C3CCC4C(CCC4C4CCCCC4)C3)CC2)CC1
C(CCCC1(C2CCCC2)CCCC2CCCCC21)CCC1CCC(C2CCCCC2)C1
C1CCC(CC2CC3CCCCC3C3CCC4CCCCC4C23)C1
C1CCC2CC(C3CCCC4CCCC43)CCC2C1
C1CCC(CCCCCC2CC3CCCCC3C2)CC1
C1CCC2C(C1)CCC1C3CCCC3CCC21
C1CCC2CC(CCCC3CCC4C3CCC3C5CCCCC5CCC43)CC2C1
C1CCC(C2CCC3CC4C(CCCC5C6CCC(CCCC7CC8CCCCC8C7)C6CCC45)CC32)CC1
C(CCC1CCCC1)CCC1CCCC2CCCCC12
C1CCC(CCCCC2CCC3CCCCC23)CC1
C1CCC(CCC2CCC(C3CC3)CC2)CC1
C1CCC2C(C1)CCC1C2CCC2C3CCCC3CC21
C1CCC(C2CCC3CC4C5CCC6C(CCCC7CCC8CCCCC8C7)CCC6C(CCC4CC32)C5)CC1
C1CCC(C2CCC3CCCC3C3CCC4CCCCC4C23)CC1
C1CCC(CCCCC2CC3CCCCC3C2)CC1
C1CCC2CC(C3CCCC3)CCC2C1
C(CCC1CCCC2CCCC12)CC1CC2CCCCC2C1
C1CCC2CCC3C4CCCCC4CC(CC4CCCC4)C3C2CC1
C1CCC(CCCCC2CCC3CCCCC23)CC1
C1CCC(CCC2CCC3C(CCC3C3CCCCC3)C2)CC1
C1CCC(CCCC2CCC3CCCC3C2)CC1
C1CCC(CC2CC3CCCCC3C3CCC4CCCCC4C23)C1
C1CCC(CCCCCC2CCCC3C(C4CCCCC4)CCC23)CC1
C1CCCC(CC2CCCC2CC2CC3CCCCC3C3CCC4CCCCC4C23)CC1
C(CCCCC1CCC(C2CCCCC2)C1)CCCC1CCCCC1
C1CCC2C(C1)CCC1C2CCCC2C3CCCC3CC21
C1CCC(CCCCC2CCC3CCCCC23)CC1
C1CCC(CC2CC3CCCCC3C3CCC4CCCCCC4C23)CC1
C1CCC(C2CCC3CC4C(CCC45CCCCC5)CC32)CC1
C1CCC(C2CCC3CC4C(CCC45CCCCC5)CC32)CC1
C1CCC(CCC2CCC3C(CCC3C3CCCCC3)C2)CC1
C1CCC(CC2CC3CCCCC3C3CCC4CCCCC4C23)C1
C(CCCC1CCC(C2CCCCC2)C1)CCC1CCCCC1
C1CCC(CCCC2CCC3CCC(C4CCCC5CCCC54)CC3C2)CC1
C1CCC(C2CC3CCCCC3C3CCC(CCCC4CCCC4)CC23)CC1
C(CCCC1CCCCC1)CCCC1CCC(C2CCCCC2)C1
C1CCC(CCCCC2CC3CCCCC3C2)CC1
C1CCC(C2CCC3C(CCCCCC4CCC(C5CCCC5)C4)CCCC23)CC1
C1CCC(C2CC3CCCCC3CC3CCCCC32)CC1
C1CCC2CCC(C3CCCC4CCCC43)CC2CC1
C1CCC(C2CC3CCCC(C3)C3CCC4CCCCC4C32)CC1
C1CCC(CCC(CCC2CCC3CCCC3C2)CC2CCCCC2)CC1
C1CCC(CC2CC3CCCCC3C3CCC4CCCCC4C23)C1
C1CCC2CCC3C4CCC(CCCC5CC6CCCCC6C5)C4CCC3C2CC1
C1CCC(C2CC3CCCC3C3CCC4CCCCC4C23)CC1
C1CCC2C(C1)CCCC1C3CCCC3CCC21
C1CCC2CCC(C3CCCC3)CC2CC1
C1CCC(CCC2CCC3C(CCC3C3CCCCC3)C2)CC1
C1CCC(CCC2CCCCC2)CC1
C1CCC(CCCCC2CC3CCCCC3C2)CC1
C1CCC2C(C1)CCC1CCCCC12
C1CCC(C2C3CCCCC3CC3CC4CCCC4CC32)CC1
C(CCC1CCC2C1CCC1C3CCCCC3CCC21)CC1CC2CCCCC2C1
C1CCC(CC2CC3CCCCC3C3CCC4CCCCC4C23)C1
C1CCC2C(C1)CCC1C3CCCC3CCC21
C1CCC2CCC(C3CCCC4CCCC43)CC2CC1
C1CCC(CCC2CCC(CCC3CCCC(CC4CCCC4)C3)CC2)CC1
C1CCC(C2CCCC3C(CCC4CCCCC43)C2)CC1
C1CCC2CC(C3CCCC4CCCC43)CCC2C1
C1CCC(CCC2(CCCC3CC4CCCCC4C3)CCC3C4CCCC5CCCCC5C4CCC32)C1
C1CCC(CC2CC3CCCCC3C3CCC4CCCCCC4C23)CC1
C1CCC2CCC(C3CCCC4CCCC43)CC2CC1
C1CCC(CCC2CCC(C3CC3)CC2)CC1
C1CCC2C(C1)CCCC2CCCC1CCC2C1CCC1C3CCCCC3CCC21
C1CCC(CCCCC2CC3CCCCC3C2)CC1
C1CCC(CCCC2CCC3C2CCC2C4CC5CCC(C6CCCCC6)C5CC4CCC32)CC1
C(CCC1CCCC2CCCC12)CC1CC2CCCCC2C1
C1CCC2CC(CCCC3CCC4C3CCCC3C5CCCCC5CCC34)CC2C1
C1CCC(C2CCC3CC4C(CCC5C6CCC(CCCCC7CC8CCCCC8C7)C6CCC45)CC32)CC1
C1CCC(CCCCCC2CC3CCCCC3C2)CC1
C(CCCC1CCCC2C(C3CCCCC3)CCC12)CCC1CCCCC1
C1CCC(CCCCC2CC3CCCCC3C2)CC1
C1CCC(C2CCC3CCC4C(CCC45CCCCC5)CC32)CC1
C1CCC(C2CCC3CC4CCCCC4CCC32)CC1
C1CCC(CCC2CCC3C(CCCC4C5CCCC5CCC34)C2)CC1
C1CCC2C(C1)CCC1CCCCC12
C1CC2CC3CCC4C5CCCCC5CCC4C3CC2C1
C1CCC(C2CCC3C(CCCC4CCCCC43)C2)CC1
C1CCC(C2CCC3CC4C(CCC45CCCC5)CC32)CC1
C(CCC1CCC2C1CCC1C3CCCCC3CCC21)CC1CC2CCCCC2C1
C1CCC2CCC(C3CCCC4CCCC43)CC2CC1
C1CCC(CCC2CCC3C(CCC3C3CCCCC3)C2)CC1
C(CCCC1CCCCC1)CCCC1CCC(C2CCCCC2)C1
C1CCC(CC2CCCCC23CCC2C(CCC2C2CCCCC2)C3)CC1
C1CCC(CCC2CCC(C3CCC4C(CCC4C4CCCCC4)C3)CC2)CC1
C1CCC(CCC2CCC(CCCC3CCCC(CC4CCCC4)C3)CC2)CC1
C1CCC(CCCCCC2CCCC3C(C4CCCCC4)CCC23)CC1
C(CCC1CCCC2CCCCC12)CC1CCCC2CCCCC12
C1CCC(CCC2CCCCC2)CC1
C1CCC2CCC3C4CCCCC4CC(CC4CCCC4)C3C2CC1
C1CCC2C(C1)CCCC1C3CCCC3CCC21
C1CCC(C2CCC3CC(C4CCC(CCCC5CCCC5)CC4)CCC32)CC1
C1CCC(CCCCC2CC3CCCCC3C2)CC1
C1CCC(CCCC2CCCCC3CCC(C4CCCC5CCCC54)CC23)CC1
C1CCC(CCC2CCC3C2CCC(C2CCCCC2)C2C4CCCCC4CCCC32)CC1
C1CCC(CCC2CCCCC3CC4C(CCC4C4CCCCC4)CC23)CC1
C1CCC(CC2CCC3CC4CCCCC4CC23)CC1
C1CCC(CCCC2CCC3C(CCC3C3CCCCC3)C2)CC1
C1CCC(C2CCC(CCCCCC3(C4CCCCC4)CCC3)C2)CC1
C1CCC2CC(C3CCCC4CCCC43)CCC2C1
C1CCC(C2CCC3C(CCC4CCCCC43)C2)CC1
C1CCC2C(C1)CCC1C3CCCC3CCC21
C1CCC(C2CC3CCCC3C3CCC4CCCCC4C23)CC1
C(CCC1CCCC2CCCC12)CC1CC2CCCCC2C1
C1CCC(CC2CC3CCCCC3C3CCC4CCCCC4C23)CC1
C1CCC(CC2CCC3CC4C(CCCC45CCCC5)CC23)CC1
C1CCC(CCCCCC2CCCC3C(C4CCCCC4)CCC23)CC1
C(CCCC1CCCC2C(C3CCCCC3)CCC12)CCC1CCCCC1
C(CCC1CCCC2CCCCC2C1)CCC1CCC(C2CCCCC2)C1
C1CCC2CCC(C3CCCC4CCCC43)CC2CC1
C1CCC2CC(CC3CCCC4CCCC43)CCC2C1
C1CCC2C(C1)CC(C1CCCC1)C1CCCC21
C1CCC(C2CC3CCCC3C3CCC4CCCCC4C23)CC1
C1CCC(CC2CCC3C(CCC3C3CCCCC3)C2)CC1
C1CCC(CCCC2CCC3CCC(C4CCCC5CCCC54)CC3CC2)CC1
C1CCC(C2CC3CCCCC3C3CCCCC23)CC1
C1CCC(CCCC2CCC3C(CCC4C5CCCC5CCC34)C2)CC1
C1CCC(C2CC3CCCC3C3CCC4CCCCCC4C23)CC1
C1CCC(CCCCC2CCC3CCC(C4CCCC5CCCC54)CC3C2)CC1
C1CCC(C2CCC3CC4C(CCC45CCCCCC5)CC32)CC1
C(CCC1CCCC2CCCC12)CC1CC2CCCCC2C1
C1CCC2CCC(C3CCCC4CCCC43)CC2CC1
C1CCC2CCC(C3CCCC4CCCC43)CC2CC1
C(CCCCC1CCC2C(CCC3C4CCCC4CCC23)C1)CCCC1CCCC(CC(CC2CCC(CC3CCCCC3)CC2)C2CCCCC2)C1
C1CCC(CCCCCC2CCCC3C2CCC3C2CCC(CC3CC3)CC2)CC1
C1CCC(CCC2CCC3C(CCC3C3CCCCC3)C2)CC1
C1CCC2CCC3C4CCC(CCCC5CC6CCCCC6C5)C4CCC3C2CC1
C1CCC(C2CCC3CC4C(CCCC45CCCC5)CC32)CC1
C1CCC2CCC3C4CCCC4CCC3C2CC1
C1CCC(CCCCCC2CCC3C(CCC3C3CCCCC3)C2)CC1
C1CCC2CCC3C4CCC(CCCC5CC6CCCCC6C5)C4CCC3C2CC1
C1CCC(CCC2CCCC3CC4C(CC5CCCCC5)CCC4CC23)CC1
C(CCC1CCCC2CCCC12)CC1CC2CCCCC2C1
C1CCC(CCC2CCC3C(CCC3C3CCCCC3)C2)CC1
C1CCC(C2CCCC(CC3CC4CCCCC4C4CCC5CCCCC5C34)C2)C1
C1CCC(CCC2CCC3C(CCC3C3CCCC3)C2)CC1
C1CCC(CC2CC3CCCC3C3CCC4CCCCC4C23)CC1
C1CCC(CCC2CCC3C(CCC4C5CCCC5CCCC34)C2)CC1
C1CCC(CCC2CCC3C(CCC3C3CCCC(CCC4CCCCC4)C3)C2)CC1
C1CCC(CCC2CCC3C2CCC(CC2CCCCC2)C2C4CCCCC4CCC32)CC1
C1CCC(CC2CCC3CC4C(CCC5C6CCC(CCCC7CCCC8CCCCC87)C6CCC45)CC23)CC1
C1CCC(CCCCCC2CC3CCCCC3C2)CC1
C1CCC(CCCC2CCC3CCC(C4CCCC5CCCC54)CC3C2)CC1
C1CCC(C2CCC3CC4C(CCC32)CCC42CCCC2)CC1
C1CCC(CCC2CCCCC2CC2CC3CCCCC3C3CCC4CCCCC4C23)CC1
C1CCC(CCCCC2CC3CCCCC3C2)CC1
C(CCC1CCC2C(CCC3C4CCCC4CCC23)C1)CC1CCC(C2CC3CCCC3C3CCC4CCCCC4C23)CC1
C1CCC(CCCC2CCCCC3CCC(C4CCCC5CCCC54)CC23)CC1
C1CCC(C2CCC3CCCCC3C3CCC4CCCCC4C23)CC1
C1CCC(C2CCC3C(CCC3C3CCCCC3)C2)CC1
C1CCC(C2CCC3CC4C(CCCC45CCCCC5)CC32)CC1
C(CCCC1CCC2C(CCC2C2CCCCC2)C1)CCC1CCCCC1
C1CCC(CCCC2CCC3C(CCC3C3CCCCC3)C2)CC1
C1CCC(C2CCC3CC4C(CCC32)CCC2C3CCC(CCCC5CCC6CCCCC6C5)C3CCC42)CC1
C1CCC(CCCCCC2CCCC3C(CC4CCCCC4)CCC23)CC1
C1CCC2C(C1)CCC1C3CCCC3CCC21
C1CCC2CC(C3CCCC4CCCC43)CCC2C1
C1CCC2CCC3C(CCC4C5CCCC5CC43)C2CC1
C1CCC(C2CC3CCCC3C3CCCC4CCCCC4C23)CC1
C1CCC(CC2CC3CCCCC3C3CCC4CCCCCC4C23)CC1
C1CCC(CCC2CCC(C3CCC4C(CCC4C4CCCCC4)C3)CC2)CC1
C1CCC(CCCCC2CCC3CCCCC23)CC1
C1CCC(CCCCCC2CCCC3C(C4CCCCC4)CCC23)CC1
C1CCC(CCCCCC2CCCC3C(C4CCCCC4)CCC23)CC1
C1CCC(C2CCC3C(CCCC4CCCCC43)C2)C1
C1CCC(CCCC(CCC2CCC3CCCC3C2)CC2CCCCC2)CC1
C1CCC(CCC2CCC(CCC3CCCC(CC4CCCC4)CC3)CC2)CC1
C1CCC(CCCCCC2CCC3CCCCC23)CC1
C1CCC2CCC(C3CCCC4CCCC43)CC2CC1
C1CCC2C(C1)CCCC2CCCC1CCC2C1CCC1C3CCCCC3CCCC21
C(CCCC1CCCCC1)CCC1CCCCC1
C1CCC(C2CCC3CC4C(CCCC45CCCCC5)CC32)CC1
C(CCCC1CCCCC1)CCCC1CCC(C2CCCCC2)C1
C(CCC1CCCC2CCCCC12)CC1CC2CCCCC2C1
C1CCC(C2CCC3CC4C(CCC45CCCC5)CC32)CC1
C1CCC(CCCCC2CCC3CCCCC23)CC1
C1CCC(CCCCCC2CCCC3C(C4CCCCC4)CCC23)CC1
C1CCC(CCCCC2CC3CCCCC3C2)CC1
C1CCC(C2CC3CCCC3C3CCC4CCCCC4C23)CC1
C1CCC(CCC2CCC3C(CCC3C3CCCCC3)C2)CC1
C1CCC2CC(CCCC3CCC4C3CCC3C5CCCCC5CCC43)CCC2C1
C1CCC(C2CCC3CC4C(CCC45CCCC5)CC32)CC1
C1CCC(C2CCC3CC4C(CCCCC45CCCC5)CC32)CC1
C1CCC(CC2CCC3C(CCC3C3CCCCC3)C2)CC1
C1CCC(CCCC2CCCC(C3CCC4CC(CCC5CCC6CCCCC6C5)CCC43)C2)CC1
C1CCC(C2CC3CCCCC3C3CCC4CCCCC4C23)CC1
C1CCC2CC(C3CCCC4CCCC43)CCC2C1
C1CCC(CCCCC2CC3CCCCC3C2)CC1
C1CCC(C2CCC3CC4C(CCC45CCCCCC5)CC32)CC1
C(CCC1CCC2C1CCC1C3CCCCC3CCC21)CC1CC2CCCCC2C1
C1CCC(CCCCC2CC3CCCCC3C2)CC1
C1CCC(C2CC3C(CCCC4CC4)CCC3C3CCC4CCCCC4C23)CC1
C1CCC(CCC2CCC3C(CCC4CC(CC5CCCCC5)CCC43)C2)CC1
C1CCC(C2CC3CCCC3C3CCC4CCCCCC4C23)CC1
C1CCC(CCCC2CCC3CCC(CC4CCCC5CCCC54)CC3C2)CC1
C1CCC(C2CCC3CCCC3C3CCC4CCCCC4C23)CC1
C(CCC1CCCC2CCCCC12)CC1CCC2CCCCC2C1
C1CCC2CCC3C4CCCCC4CC(CC4CCCC4)C3C2CC1
C1CCC2C(C1)CCC1CCCCC12
C1CCC(CCCC2(CCC3CCCC3)CCC3C4CCC5CCCCCC5C4CCC32)CC1
C1CCC(CCC2CCC3C(CC4CCCCC4)CCC3C2)CC1
C1CCC(CC2CCC(CC(CC3CCCCC3)C3CCCCC3)CC2)CC1
C1CCC(CCCC2CCC3CCC(C4CCCC5CCCC54)CC3C2)CC1
C1CCC(C2CCCC3(CCC4CC5C(CCC5C5CCCCC5)CC43)C2)CC1
C1CCC(CCCC2CCCC3C2CCC2C4CC5CCC(C6CCCCC6)C5CC4CCC32)CC1
C1CCC(CCCCC2CCC3CCCCC23)CC1
C1CCC(C2CCC3CC4C(CC5CCC6CCCCC65)CCCC4CC32)CC1
C1CCC(CCC2CCC3C(CCC3C3CCCCC3)C2)CC1
C1CCC(CCCCC2CCC3CCCCC23)CC1
C(CCC1CCCC1)CCC1CCCC2CCCCC12
C(CCCC1CCCCC1)CCCC1CCC(C2CCCCC2)C1
C1CCC(CCC2CCC3C(CCC3C3CCCCC3)C2)CC1
C(CCCC1CCCCC1)CCCC1CCC(C2CCCCC2)C1
C1CCC2CCC(C3CCCC4CCCC43)CC2CC1
C1CCC2C(C1)CCC1C3CCCCC3CCC21
C1CCC(CCC2CCC3C(CCC3C3CCCCC3)C2)CC1
C1CCC(CCCCCC2CC3CCCCC3C2)CC1
C1CCC(C2CC3C(CCC34CCCC4)C3CCCC4CCCCC4C23)CC1
C1CCC(CCCCC2CCC3CCCCC23)CC1
C1CCC(C2CCC3CC4C(CCC45CCCC5)CC32)CC1
C1CCC(CCCCCC2CCC3CCCC3C2)CC1
C1CCC(CC2CCC3CCCCC3C3CCC4CCCCC4C23)CC1
C1CCC2CC(CCCC3CCC4C3CCC3C5CCCCC5CCCC43)CC2C1
C1CCC(CCC2CCC3C2CCC(C2CCCCC2)C2C4CCCCC4CCC32)CC1
C1CCC(CCCC2CCC3CCCC3C2)CC1
C1CCC2CCC3C(CCC4C5CCCC5CC43)C2CC1
C1CCC2C(C1)CCC1CCCCC12
C1CCC(CCCCCC2CCC3CCCCC23)CC1
C(CCC1CCCC2CCCCC12)CC1CCC2CCCCC2C1
C1CCC(CCC(CCC2CCCCC2)CCC2CCC3CCCC3C2)CC1
C(CCC1CCC2CCCCC2C1)CCC1CCCC2CCCC12
C1CCC(C2CCCC(CC3CCC4CCCCC4C4CCC5CCCCC5C34)C2)C1
C1CCC(CCCC2CCCC3CCCCC32)C2CCCCC2C1
C(CCC1CCC2C1CCC1C3CCCCC3CCC21)CC1CC2CCCCC2C1
C1CCC(CCC2CCC(CCC3CCCC(CC4CCCC4)CC3)CC2)CC1
C1CCC(CCC2CCC(C3CCC4C(CC5CCCCC5)CCC4C3)CC2)CC1
C1CCC(C2C3CCCC3CC3CC4CCCC4CC32)CC1
C1CCC2C(C1)CCC1CCCCC12
C1CCC(CC2CCC3C(CCCCCC4CCC(C5CCCC5)C4)CCCC23)CC1
C1CCC(C2CC3CCCC3C3CCC4CCCCCC4C23)CC1
C1CCC(C2CCC3CCCC3C3CCC4CCCCC4C23)CC1
C1CCC2CC(C3CCCC4CCCC43)CCC2C1
C1CCC2CC(CCCC3CCC4C3CCC3C5CCCCC5CCC43)CC2C1
C1CCC2C(C1)CCC1C3CCCCC3CCC21
C1CCC(CCC2CCC(C3CCC4C(CCC4C4CCCCC4)C3)CC2)CC1
C1CCC(CCCC2CCCC(C3CCC4CC(CCC5CCC6CCCCCC6C5)CCC43)C2)CC1
C1CCC(CCC2CCC(C3CCC4C(CCC4C4CCCCC4)C3)CC2)CC1
C1CCC2C(C1)CCC1C3CCCC3CCCC21
C(CCC1CCC2CCCCC2C1)CCC1CCCC2CCCCC12
C1CCC2CCC3C4CCCCC4CC(CC4CCCC4)C3C2CC1
C1CCC2CCC(C3CCC4CCCCC43)CC2CC1
C1CCC(C2CC3C(CCC34CCCC4)C3CCC4CCCCCC4C23)CC1
C1CCC(C2CCC3CC4C(CCC45CCCCCC5)CC32)CC1
C1CCC(CCC2CCC3C(CCC3C3CCCCC3)C2)CC1
C(CCC1CCCC2CCCCC12)CC1CCC2CCCCC2C1
C1CCC2CCC(C3CCCC4CCCC43)CC2CC1
C1CCC(CCC2CCCC3CC4C(CCC4C4CCCCC4)CC23)CC1
C1CCC(CC2CCCCC2CC2CC3CCCCC3C3CCC4CCCCCC4C23)CC1
C1CCC(CCC2CCC(C3CC3)CC2)CC1
C1CCC2C(C1)CCC1C3CCCCC3CCC21
C1CCC(CC2CCC3CC4C(CCC5C6CCC(CCCC7CCC8CCCCC8C7)C6CCC45)CC23)CC1
C1CCC(C2CC3CCCC3C3CCC4CCCCC4C23)CC1
C1CCC(CCCCC2CCC3CCCCC23)CC1
C1CCC(CCC2CCC3C(CCC3C3CCCCC3)C2)CC1
C(CCCC1CCCC2CCCCC12)CCC1CCC(C2CCCC2)C1
C1CCC2CC(CC3CCCC4CCCC43)CCC2C1
C1CCC(C2CCC3CC4C(CCC45CCCCC5)CC32)CC1
C1CCC(CCC2CCC3C(CCC3C3CCCC3)C2)CC1
C1CCC(CCC2CCC(CCC3CCCCC(CC4CCCC4)C3)CC2)CC1
C1CCC2CCC(C3CCCC4CCCC43)CC2CC1
C1CCC2CC(C3CCCC4CCCC43)CCC2C1
C1CCC(CCC(CCC2CCCCC2)CCC2CCC3CCCC3C2)CC1
C1CCC2CCC3C4CCCC4CCC3C2CC1
C1CCC2CCC(C3CCCC4CCCC43)CC2CC1
C1CCC2C(C1)CCCC1C3CCCC3CCC21
C1CCC(CCCC23CCCC2CC2C4CCC5CCCCC5C4CCC23)C1
C1CCC(CCCCC2CC3CCCCC3C2C2CCCCC2)CC1
C1CCC(CCCCC2CC3CCCCC3C2)CC1
C1CCC2C(C1)CCC1C3CCCC3CCC21
C1CCC(C2CC3CCCC3C3CCC4CCCCC4C23)CC1
C1CCC2C(C1)CCC1CCCCC12
C1CCC(C2CCCCC2CC2CC3CCCCC3CC3CCC4CCCCC4C32)CC1
C1CCC(C2CCC3CCCC3C3CCC4CCCCC4C23)CC1
C(CCC1CCC2C1CCC1C3CCCCC3CCC21)CC1CC2CCCCC2C1
C1CCC(CCC2CCC(C3CC3)CC2)CC1
C1CCC(CCCCC2CC3CCCCC3C2)CC1
C1CCC(CCC2CCC(CCC3CCCC(CC4CCCCC4)C3)CC2)CC1
C1CCCC(CCCC2CCC3CCC(C4CCCC5CCCC54)CC3C2)CC1
C1CCC(C2CCC3C(CCC4CCCCC43)C2)CC1
C1CCC2C(C1)CCC1CCCCC12
C1CCC(C2CCC3CC4C5CCC6C(CCCC7CC8CCCCC8C7)CCC6C(CCC4CC32)C5)CC1
C1CCC(CCCCC2CC3CCCCC3C2)CC1
C1CCC(CCC2CCC3C(CCC4C5CCCCC5CCC34)C2)CC1
C(CCC1CCCC2CCCC12)CC1CC2CCCCC2C1
C1CCC(CCCCCC2CCC3CCCCC23)CC1
C1CCC2CCC3C4CCCC4CCC3C2CC1
C1CCC(CCC2CCC3C(CCC3C3CCCCC3)C2)CC1
C1CCC(CCC2CCC(CC3CC3)CC2)CC1
C1CCC(C2CC3CCCC3C3CCCC4CCCCC4C23)CC1
C1CCC(CCC2CCC(CCC3CCCC(CC4CCCC4)C3)CC2)CC1
C1CCC(C2CCC3CC4C(CCC5C6CCC(CCCC7CCC8CCCCC8C7)C6CCCC45)CC32)CC1
C1CCC(C2CCC3CC4C(CCCC45CCCC5)CC32)CC1
C1CCC(CCCCC2CCCC3C2CCC2C4CCCCC4CCC32)CC1
C1CCC(CCCC2CCCCC2)CC1
C1CCC(CCC2CCC3C(CCC3C3CCCC(CCC4CCCCC4)C3)C2)CC1
C1CCC(C2CC3CCCC3C3CCC4CCCCC4CC23)CC1
C1CCC(C2C3CCCC3CC3CC4CCCC4CC32)CC1
C1CCC2C(C1)CCC1C3CCCC3CCC21
C1CCC(CCCCC2CCC3CCCCC23)CC1
C1CCC(CCCC2CCCC3CC4C(CCC4C4CCCCC4)CC23)CC1
C1CCC(C2CCC3CC4C(CCCC45CCCC5)CC32)CC1
C1CCC2CC(CC3CCCC4CCCC43)CCC2C1
C1CCC(C2CC3CCCC3C3CCCC4CCCCC4C23)CC1
C1CCC(CCCCCC2CCCC3C(CC4CCCCC4)CCC23)CC1
C(CCC1CCC2C1CCC1C3CCCCC3CCC21)CC1CCCC2CCCCC12
C1CCC(CC2CC3CCCCC3C3CCC4CCCCC4C23)CC1
C1CCC2CCC3C4CCCC4CCC3C2CC1
C1CCC(CCCC2CCC3C2CCCC2C4CC5CCC(C6CCCCC6)C5CC4CCC32)CC1
C1CCC(C2CCC3CC4C(CCC5C6CCC(CCCCC7CCC8CCCCC8C7)C6CCC45)CC32)CC1
C1CCC2C(C1)CCC1C2CCC2C3CCCC3CC21
C(CCC1CC2CCCCC2C1)CCC1CCCC2CCCC12
C1CCC(CCC2CCC3C(CCC3C3CCCCC3)C2)CC1
C1CCC(CCCCC2CCC3CCC(C4CCCC5CCCC54)CC3C2)CC1
C1CCC(C2CCC3CCC4C(CCCC45CCCCC5)CC32)CC1
C1CCC2C(C1)CCC1CCCCC12
C1CCC(CCCCC2CCCC3CCC(C4CCCCC4)CC23)CC1
C1CCC(CCC2CCC(C3CCC4C(CCC4C4CCCCC4)C3)CC2)CC1
C1CCC(CCCC(CC2CC3CCCCC3C2)C2CC2)CC1
C1CCC2CCC3C4CCCC4CC(C4CCC(C5CCC5)CC4)C3C2CC1
C1CCC2CC(C3CCCC4CCCC43)CCC2C1
C1CCC2CC(CCCC3CCC4C3CCC3C5CCCCC5CCCC43)CC2C1
C1CCC2C(C1)CCC1C3CCCC3CCC21
C(CCCC1CCCC2CCCC12)CCC1CCCCC1
C(CCC1CCCC2CCCC12)CC1CC2CCCCC2C1
C1CCC(C2CCC3CCCCC3C3CCCCC23)CC1
C1CCC(CCCCCC2CCC3CCCCC23)CC1
C1CCC(CCC2CC3CCCCC3C3CCC4CCCCC4C23)CC1
C1CCC(CCCCC2CCC3CCCCC23)CC1
C1CCC2CCC3C4CCCC4CC(C4CCC(C5CCC5)CC4)C3C2CC1
C1CCC(C2CCC3CC4CCCCC4CC32)CC1
C1CCC(C2CC3CCCCC3C3CCCCC23)CC1
C1CCC(C2CCC3CCCC3C3CCC4CCCCC4C23)CC1
C1CCC2CCC3CCCCC3C2CC1
C(CCC1CCCC2CCCCC12)CC1CCC2CCCCC2C1
C1CCC2C(C1)CC(C1CCCC3CCCCC31)C1CCCC21
C1CCC(CCCCCC2CCCC3C(CC4CCCCC4)CCC23)CC1
C1CCC(CCC2CCC3C(CCC3C3CCCCC3)C2)CC1
C1CCC2CCC3CCCCC3C2CC1
C1CCC2CCC3C4CCC(CCCC5CCC6CCCCC6C5)C4CCC3C2CC1
C1CCC(C2CCC3CC4(CCCCC4C4CCCCC4)CCCC32)CC1
C1CCC(CCCCCC2CC3CCCCC3C2)CC1
C(CCC1CCC2C1CCC1C3CCCCC3CCC21)CC1CC2CCCCC2C1
C(CCC1CC2CCCCC2C1)CCC1CCCC2CCCC12
C(CCCCC1CCC(C2CCCCC2)C1)CCCC1CCCCC1
C1CCC(CCC2CCC3C(CCC3C3CCCCC3)C2)CC1
C1CCC(C2CCC3CCC4C(CC5CCC6CCCCC65)CCCC4CC32)CC1
C1CCC(C2CCC3CC4C(CCC45CCCC5)CC32)CC1
C(CCCC1CCCC2C(C3CCCCC3)CCC12)CCC1CCCCC1
C(CC1CCC2CCCCC2C1)CC1CCC2CCC(C3CCCC4CCCC43)CC2C1
C1CCC(CCCCC2CC3CCCCC3C2)CC1
C1CCC2C(C1)CCC1C3CCCC3CCC21
C1CCC(CCCCC2CC3CCCCC3C2)CC1
C1CCC(C2CCC3CC4C(CCC32)CCC42CCCC2)CC1
C1CCC(C2CC3CCCC3C3CCC4CCCCC4C23)CC1
C1CCC2C(C1)CCC1C2CCC2C3CCCC3CC21
C1CCC(C2CC3CCCC3C3CCC4CCCCCC4C23)CC1
C1CCC(CCCCC2CCC3CCCCC23)CC1
C1CCC(C2CCC3CCC4C(CCC45CCCC5)CC32)CC1
C1CCC(C2CCC3CCCC3C3CCC4CCCCC4C23)CC1
C1CCC(CC2CC3CCCCC3C3CCC4CCCCCC4C23)CC1
C1CCC(CCC2CCC(CC3CCC4C(CCC4C4CCCCC4)C3)CC2)CC1
C1CCC2C(C1)CCC1C3CCCCC3CCC21
C1CCC(CCC2CCC3C(CCC3C3CCCCC3)C2)CC1
C(CCC1CCCC2CCCC12)CC1CC2CCCCC2C1
C1CCC(C2CCC3C(CCCC4CCCCC43)C2)CC1
C1CCC(CC2CCCC(C3CCC4CC(CCC5CCC6CCCCC6C5)CCC43)C2)C1
C1CCC(CCCCC2CC3CCCCC3C2)CC1
C1CCC2C(C1)CCC1C3CCCC3CCC21
C1CCC(C2CC3CCCC3C3CCC4CCCCCC4C23)CC1
C1CCC(CCCCC2CCC3CCCCC23)CC1
C1CCC(CCCCCC2CCC3CCCCC3C2)CC1
C1CCC2C(C1)CCC1C3CCCCC3CCC21
C1CCC2CCC(C3CCCC4CCCC43)CC2CC1
C1CCC(CCCCCC2CCC3CCCCC23)CC1
C(CCC1CC2CCCCC2C1)CCC1CCCC2CCCC12
C1CCC(CCCCCC2CCCC3C(CC4CCCCC4)CCC23)CC1
C1CCC2CCC3C4CCC(CCCC5CC6CCCCC6C5)C4CCC3C2CC1
C1CCC2CC(CCCC3CCCC4CCCCC43)CC2C1
C1CCC(CC2CCC3C(CCC3C3CCCCC3)C2)CC1
C1CCC2CC(C3CCCC4CCCC43)CCC2C1
C(CCC1CCCC2CCCCC12)CC1CCC2CCCCC2C1
C1CCC(CCC2CCC(C3CCC4C(CC5CCCCC5)CCC4C3)CC2)CC1
C1CCC(CCCC(CC2CCC3C(CCC3C3CCCCC3)C2)C2CCCCC2)CC1
C1CCC2CC(CC3CCCC4CCCC43)CCC2C1
C1CCC(CCCCCC2CC3CCCCC3C2)CC1
C1CCC(CCC2(CCCC3CC4CCCCC4C3)CCC3C4CCCC5CCCCC5C4CCC32)C1
C1CCC(CCC2CCC(CCC3CCCC(CC4CCCC4)C3)CC2)CC1
C1CCC(C2CC3CCCCC3C3CCC4CCCCC4C23)CC1
C1CCC(CCC2CCC3C(CCC3C3CCCCC3)C2)CC1
C1CCC(C2CCC3CCCC3C3CCC4CCCCCC4C23)CC1
C1CCC(C2CC3CCCC3C3CCC4CCCCCC4C23)CC1
C1CCC2CC(CCCC3CCCC4CCCCC43)CC2C1
C1CCC(C2CCC3CC4(CCCCCCC4C4CCCCC4)CCC32)CC1
C(CCCC1CCCCC1)CCCC1CCC(C2CCCCC2)C1
C(CCCC1CCCCC1)CCC1CCCCC1
C1CCC(CCCCCC2CCCC3C(C4CCCCC4)CCC23)CC1
C1CCC2CC(CCCC3CCC4C3CCC3C5CCCCC5CCCC43)CC2C1
C1CCC(C2CC3CCCC3C3CCC4CCCCC4C23)CC1
C1CCC(CCCC2(CCCC3CCCC3)CCC3C4CCC5CCCCC5C4CCC32)C1
C1CCC(CC2CCC(CC(CC3CCCCC3)C3CCCCC3)CC2)CC1
C1CCC(C2CC3CCCC3C3CCC4CCCCCC4C23)CC1
C1CCC2CC(C3CCCC4CCCC43)CCC2C1
C1CCC2C(C1)CCC1C3CCCC3CCC21
C1CCC(C2CCC3C(CCCCCC4CCC(C5CCCC5)C4)CCCC23)CC1
C1CCC(CC2CCC3C(CC4CCCCC4)CCC3C2)CC1
C1CCC(CC(CC2CCCCC2)C2CCCCC2)CC1
C1CCC(CCC2CC3CCCCC3C2C2CCCCC2)CC1
C1CCC(C2CCC3CCC4C(CCC5C6CCC(CCCC7CC8CCCCC8C7)C6CCC45)CC32)CC1
C1CCC(C2(CCCCC3CCC4CCCCC4C3)CCCC3CCCCC32)CC1
C1CCC(CC2CCC3C(CCC3C3CCCCC3)C2)CC1
C1CCC(CCCC2(CCC3CCCC3)CCC3C4CCC5CCCCCC5C4CCC32)CC1
C1CCC(C2CC3CCCCC3C3CCC(CCC4CCCC4)CC23)CC1
C1CCC(CCC2CCC3C(CCC3C3CCCCC3)C2)CC1
C1CCC(C2CC3CCCC3C3CCC4CCCCC4C23)CC1
C1CCC(CC2CCC3CC4C(CCC5C6CCC(CCCC7CC8CCCCC8C7)C6CCC45)CC23)CC1
C1CCC(C2CCC3CC4C(CCCC5C6CCC(CCCC7CCC8CCCCC8C7)C6CCC45)CC32)CC1
C1CCC2C(C1)CCC1CCCCC12
C1CCC(CCC2CCC3C(CCC3C3CCCCC3)C2)CC1
C1CCC2CCC3C(CCC4C3CCC4(CCCC3CCCC3)CCC3CCCC3)C2CC1
C1CCC(CC2CCC3C(CCC3C3CCCCC3)C2)CC1
C(CCC1CCC2C(CCC3C4CCCC4CCC23)C1)CC1CCC(C2CC3CCCC3C3CCC4CCCCC4C23)CC1
C1CCC(CCCCC2C3CCCCCC3CCC2C2CCCC3CCCC32)CC1
C1CCC2C(C1)CCC1C3CCCC3CCC21
C1CCC2CC(C3CCCC4CCCC43)CCC2C1
C(CCCC1CCCC2C(C3CCCCC3)CCC12)CCC1CCCCC1
C1CCC2C(C1)CCC1C3CCCC3CCC21
C1CCC(C2CC3CCCCC3CC3CCCCC32)CC1
C1CCC(C2CC3CCCC3C3CCC4CCCCC4C23)CC1
C1CCC(CCC(CCC2CCC3CCCCC3C2)CC2CCCCC2)CC1
C(CCCC1CCCC2CCCCC12)CCC1CCC(C2CCCCC2)C1
C1CCC2CCC(C3CCCC4CCCC43)CC2CC1
C1CCC(CCCCC2CC3CCCCC3C2)CC1
C(CCC1(C2CCCC2)CCCC2CCCCC21)CC1CCC2CCCCC2C1
C(CCCC1CCCC2C(C3CCCCC3)CCC12)CCC1CCCCC1
C1CCC(C2CC3CCCC3C3CCCC4CCCCC4C23)CC1
C1CCC(CCC2CC3CCCC3C3CCC4CCCCC4C23)CC1
C1CCC(C2CCC3CC4C(CCC5C6CCC(CCCC7CC8CCCCC8C7)C6CCC45)CC32)CC1
C(CCCC1CCCCC1)CCCC1CCC(C2CCCCC2)C1
C1CCC(C2CCC3CCC4CCCCC4CC32)CC1
C1CCC2CC(C3CCCC4CCCC43)CCC2C1
C1CCC2CC(C3CCCC4CCCC43)CCC2C1
C1CCC(C2CCC3CC4(CCCCC4C4CCCCC4)CCC32)CC1
C1CCC(C2CC3CCCCC3C3CCC4CCCCC4C23)CC1
C(CCCC1CCCCC1)CCCC1CCC(C2CCCCC2)C1
C1CCC(CC2CCC(CC(CC3CCCCC3)C3CCCCC3)CC2)CC1
C1CCC(CCCCC2CC3CCCCC3C2)CC1
C1CCC2CCC3C4CCC(CCCC5CCCC6CCCCC65)C4CCC3C2CC1
C1CCC2CC3CCC4CCCC4C3CCC2C1
C(CCCCC1CCC(C2CCCCC2)C1)CCCC1CCCCC1
C1CCC(C2CCC3CC4C(CCC32)CCC42CCCC2)CC1
C1CCC(C2CCC(CCCCCC3(C4CCCC4)CCCCC4CCCCC43)C2)CC1
C1CCC(CCCCC2CCC3CCCCC23)CC1
C1CCC2CC(CCCC3CCC4C3CCC3C5CCCCC5CCCC43)CC2C1
C1CCC2CCC(C3CCCC4CCCC43)CC2CC1
C1CCC2CC(CCCC3CCCC4C3CCC3C5CCCCC5CCC43)CC2C1
C1CCC(CCCCCC2CCC3CCCCC23)CC1
C(CCC1CCCC2CCCC12)CC1CC2CCCCC2C1
C1CCC2CCC(C3CCCC4CCCC43)CC2CC1
C1CCC(CCC2CCC3C(CCC3C3CCCCC3)C2)CC1
C1CCC(CCCCC2CCC3CCCCC23)CC1
C1CCC(CCCCC2CCC3CCCCC3C2)CC1
C1CCC2CCC(C3CCCC4CCCC43)CC2CC1
C1CCC(CCC2CCC3C(CCC3C3CCCCC3)C2)CC1
C(CCCC1CCCCC1)CCCC1CCC(C2CCCCC2)C1
C1CCC(CCC2CCC3C(CCCC4CCCCC43)C2)CC1
C1CCC(C2CCC3C(CCC34CCCC4)C3CCC4CCCCC4C23)CC1
C1CCC(CCCC2CCC3CCC(C4CCCC5CCCC54)CC3C2)CC1
C1CCC2C(C1)CCC1C3CCCC3CCC21
C1CCC(CCCCC2CCC3CCCCC23)CC1
C1CCC(C2CC3CCCC3C3CCC4CCCCC4CC23)CC1
C1CCC(CCCCC2CCC3CCCCC23)CC1
C1CCC(CCC2CCC3C(CCC3C3CCCCC3)C2)CC1
C(CCC1CCCC2CCCC12)CC1CC2CCCCC2C1
C1CCC(CCC2CCC3C(CCC3C3CCCC(CCC4CCCC4)C3)C2)CC1
C1CCC(C2CC3CCCC3C3CCC4CCCCC4C23)CC1
C(CCCC1CCCC2C(C3CCCCC3)CCC12)CCC1CCC(C2CCCC2)C1
C1CCC(CCC(CC2CCCCC2)C2CCCCC2)CC1
C1CCC(C2CC3CCCC3C3CCC4CCCCCC4C23)CC1
C1CCC(CC2CC3CCCCC3C3CCC4CCCCCC4C23)CC1
C1CCC(CC2CC3CCCCC3C3CCC4CCCCC4C23)C1
C1CCC(CCCCCC2CC3CCCCC3C2)CC1
C1CCC(CCC2CCC3C(CCC3C3CCCCC3)C2)CC1
C1CCC(C2CCC(CCCC3CCC4C3CCC3C5CCCCCC5CCC43)C2)CC1
C1CCC(CCC2CCC3C(CCC3C3CCCC(CCC4CCCC4)C3)C2)CC1
C1CCC(CCCCC2CCC3CCCCC23)CC1
C(CCCC1CCCC2C(C3CCCCC3)CCC12)CCC1CCC(C2CCCC2)C1
C1CCC2CC(C3CCCC4CCCC43)CCC2C1
C1CCC(C2CCC3CC4C(CCCC45CCCCCC5)CC32)CC1
C1CCC(C2CCC3CC4C(CCC45CCCC5)CC32)CC1
C1CCC2CCC(C3CCCC4CCCC43)CC2CC1
C1CCC(CCCCCC2CCC3CCCCC23)CC1
C1CCC(C2CC3CCCC3C3CCC4CCCCCC4C23)CC1
C1CCCC(CC2CCCCC2CC2CC3CCCCC3C3CCC4CCCCC4C23)CC1
C1CCC(CCC2CCC3C(CCC3C3CCCCC3)C2)CC1
C1CCC(CCCCCC2CC3CCCCC3C2)CC1
C1CCC(CCCCC2CC3CCCCC3C2)CC1
C1CCC(C2CC3CCCC3C3CCC4CCCCC4C23)CC1
C1CCC(CCCCC2CC3CCCCC3C2)CC1
C1CCC2CCC(C3CCCC4CCCC43)CC2CC1
C(CCCC1CCC2C(CCC2C2CCCCC2)C1)CCC1CCCCC1
C1CCC2CC(CCCC3CCC4C3CCC3C5CCCCC5CCC43)CC2C1
C(CCCC1CCCCC1)CCCC1CCC(CC2CCCCC2)C1
C1CCC(CCCCC2CC3CCCCC3C2)CC1
C(CCC1CCCC2CCCCC12)CCC1CCCC2CCCCC12
C1CCC(C2CC3CCCC3C3CCC4CCCCCC4C23)CC1
C1CCC(CCCC2CCC3C(CCC4CC(C5CCCCC5)CCC43)C2)CC1
C1CCC(CCC2CCC3C(CC4CCCCC4)CCC3C2)CC1
C1CCC(CCC2CCC3C2CCC2C4CCCCC4CCC32)C1
C1CCC2CCC3C4CCCCC4CC(CC4CCCC5CCCCC54)C3C2CC1
C1CCC(CCCC2CCC3CCC(C4CCCC5CCCC54)CC3C2)CC1
C1CCC(C2CC3CCCC3C3CCC4CCCCC4C23)CC1
C1CCC(CCC2CCC3C(CCC4CC(C5CCCCC5)CCC43)C2)CC1
C1CCC(CCCCCC2CCCC3C(C4CCCCC4)CCC23)CC1
C1CCC(CCCCCC2CCC3CCCCC23)CC1
C1CCC2C(C1)CC(C1CCCC3CCCCC31)C1CCCC21
C1CCC(CCC(CCCC2CCC3CCCC3C2)CC2CCCCC2)CC1
C1CCC(CC2CC3CCCCC3CC3CCC4CCCCC4C32)CC1
C1CCC2C(C1)CCCC2CC1CC2CCCCC2C2CCCC12
C1CCC(C2CCC3CC4C(CCC5C6CCC(CCCC7CCC8CCCCC8C7)C6CCC45)CC32)CC1
C(CCCC1CCCCC1)CCCC1CCC(C2CCCCC2)C1
C1CCC(CCCCCC2CCC3CCCCC23)CC1
C(CCC1CCC2CCCCC2C1)CCC1(C2CCCC2)CCCC2CCCCC21
C(CCCC1CCCCC1)CCCC1CCC(C2CCCCC2)C1
C1CCC(CC2CCC3C(CCC3C3CCCCC3)C2)CC1
C1CCC2CC(CCCC3CCC4C3CCCC3C5CCCCC5CCC34)CC2C1
C1CCC2CCC(C3CCCC4CCCC43)CC2CC1
C1CCC(CCCC2(CCC3CCCC3)CCC3C4CCC5CCCCC5C4CCC32)CC1
C1CCC(CC(CC2CCCCC2)C2CCCCC2)CC1
C(CCCCC1CCC(C2CCCCC2)C1)CCCC1CCCCC1
C1CCC(C2CCC3CC(C4CCC(CCC5CCCC5)CC4)CCC32)CC1
C1CCC(CCC2CCC3C(CCC3C3CCCCC3)C2)CC1
C1CCC(C2CCC3CC4C(CCCC5C6CCC(CCCC7CCC8CCCCC8C7)C6CCC45)CC32)CC1
C1CCC(CCCCC2CC3CCCCC3C2)CC1
C1CCC(CCC(CCC2CCCCC2)CCC2CCC3CCCC3C2)CC1
C1CCC(CCC2CCC3C(CCC3C3CCCC(CCC4CCCC4)C3)C2)CC1
C1CCC(C2CCC3CCC4C(CCC45CCCCC5)CC32)CC1
C1CCC2CCC(C3CCCC4CCCC43)CC2CC1
C1CCC(C2CCC(CCCC3CCC4C3CCCC3C5CCCCC5CCC34)C2)CC1
C1CCC2CCC3C4CCCC4CC(C4CCC(C5CCCC5)CC4)C3C2CC1
C1CCC(C2CCC3CC4C(CCCC45CCCC5)CC32)CC1
C(CCCC1CCCC2C(C3CCCCC3)CCC12)CCC1CCCCC1
C1CCC(C2CCC3CC4C(CCCC45CCCCC5)CC32)CC1
C(CCC1CCC2CCCC2C1)CC1CCC(C2CCCC2)CC1
C1CCC(CCC2CCC3C(CCC3C3CCCCC3)C2)CC1
C1CCC(CCC2CCC3C(CCC3C3CCCC(CCCC4CCCC4)C3)C2)CC1
C1CCC(C2CCC3CC4C(CCC45CCCC5)CC32)CC1
C1CCC(CCC2CCC3C(CCC3C3CCCC(CCC4CCCC4)C3)C2)CC1
C1CCC(C2CC3CCCC3C3CCC4CCCCC4C23)CC1
C1CCC(CCCCC2CC3CCCCC3C2)CC1
C1CCC(CC2CC3CCCCC3CC3CCC4CCCCC4C32)CC1
C1CCC(CC2CCC3C(CCC3C3CCCCC3)C2)CC1
C1CCC(CCCCC2CC3CCCCC3C2)CC1
C1CCC(C2CCC3CC4C(CC5CCC6CCCCC65)CCCCC4CC32)CC1
C1CCC2C(C1)CCC1CCCCC12
C1CCC2CCC(C3CCCC4CCCC43)CC2CC1
C1CCC2C(C1)CCC1CCCCC12
C1CCC(CCCCC2CC3CCCCC3C2)CC1
C1CCC(C2CCC3C(CCCC4CCCCC43)C2)CC1
C1CCC2C(C1)CCCC1CCCCC12
C1CCC(C2CC3CCCC3C3CCC4CCCCCC4C23)CC1
C1CCC(CCCC2CCC3CCC(CC4CCCC5CCCC54)CC3C2)CC1
C1CCC2C(C1)CCC1C3CCCC3CCC21
C1CCC(CC2CCC3C(CCC3C3CCCCC3)C2)CC1
C1CCC(CCCC2CCC3C(CCC3C3CCCCC3)C2)CC1
C1CCC(C2CCC3CC4C(CC5CCC6CCCCC65)CCCC4CC32)CC1
C1CCC(C2CCCC3C(CCC4CCCCC43)C2)CC1
C1CCC(C2CCC3CC4C(CCC45CCCCCC5)CC32)CC1
C1CCC(C2CCC(CC3CC4CCCCC4C4CCC5CCCCCC5C34)CC2)CC1
C1CCC2CC(CCCC3CCCC4CCCCC43)CC2C1
C1CCC(CCCC2(CCC3CCCC3)CCC3C4CCC5CCCCC5C4CCCC32)CC1
C1CCC(CC2CCCC(CC3CC4CCCCC4C4CCC5CCCCCC5C34)C2)CC1
C(CCC1CC2CCCCC2C1)CCC1CCCC2CCCC12
C1CCC(CC2CCC3C(CCC3C3CCCCC3)C2)CC1
C1CCC2C(C1)CCC1C3CCCC3CCC21
C1CCC(CCCCCC2CC3CCCCC3C2)CC1
C1CCC2C(C1)CCC1C3CCCC3CCC21
C1CCC(C2CC3CCCC3C3CCC4CCCCC4C23)CC1
C1CCC(CCCC2(CCC3CCCC3)CCC3C4CCC5CCCCCC5C4CCC32)CC1
C1CCC(C2CC3CCCC3C3CCCC4CCCCC4C23)CC1
C1CCC(C2CCC3CC4C(CCC5C6CCC(CCCC7CCC8CCCCC8C7)C6CCC45)CC32)CC1
C1CCC(CCCC2CCC(CCC3CCCCC3)CC2)CC1
C1CCC(C2CCC3CC4CCCCC4CC32)CC1
C1CCC(C2CCC(CCCCCC3CCCC4C(C5CCCCC5)CCC34)C2)CC1
C1CCC2CC(C3CCCC4CCCC43)CCC2C1
C1CCC2CCC(C3CCCC3)CC2CC1
C1CCC(CC2CC3CCCCC3C3CCC4CCCCC4C3C2)CC1
C(CCCCCCC1CCC(CCC2CCC(CCC3CCCC3)C2)C1)CCCCCCC1CCC2C1CCC1C3CCCCC3CCC21
C1CCC(CCCCCC2CCCC3C(C4CCCCC4)CCC23)CC1
C1CCC2CC(CCCC3CCCC4C3CCC3C5CCCCC5CCC43)CCC2C1
C(CCC1CCC(C2CCCC2)C1)CCC1CCCC2CCCCC12
C1CCC(CCCC2CCC3CCC(C4CCCC5CCCC54)CC3C2)CC1
C1CCC2C(C1)CCC1CCCCC12
C1CCC(CCC2CCCC3CC4C(CC5CCCCC5)CCC4CC23)CC1
C1CCC(C2CCC(C3CC4CCCC4C4CCCC5CCCCC5C34)CC2)C1
C1CCC(C2CCC3CC4C(CCCC5C6CCCC6CCC45)CC32)CC1
C(CCC1CCCCC2CCCCC12)CC1CCC2CCCCC2C1
C1CCC2CC(C3CCCC4CCCC43)CCC2C1
C1CCC(C2CC3CCCC3C3CCC4CCCCCC4C23)CC1
C1CCC(CCCCC2CCC3CCCCC23)CC1
C1CCC(CCC2CCC3C(CCC3C3CCCCC3)C2)CC1
C1CCC(C2CC3CCCC3C3CCC4CCCCC4C23)CC1
C1CCC2CCC(C3CCCC4CCCC43)CC2CC1
C1CCC(CC2CCC3C(CCC4CCCCC43)C2)CC1
C1CCC2CC(CC3CCCC4CCCC43)CCC2C1
C(CCC1CCCC2CCCC12)CC1CC2CCCCC2C1
C(CCCC1CCCCC1)CCCC1CCC(C2CCCCC2)C1
C1CCC(C2CCC3CC4C(CCC5C6CCC(CCCC7CCC8CCCCC8C7)C6CCC45)CC32)CC1
C1CC(C2CCC(C3CC4CCCC4C4CCC5CCCCC5C34)CC2)C1
C(CCCC1CCCC2C(C3CCCCC3)CCC12)CCC1CCC(C2CCCC2)C1
C1CCC2CCC3C4CCCC4CC(C4CCC(C5CCCC5)CC4)C3C2CC1
C1CCC(CCCCC2CC3CCCCC3C2)CC1
C1CCC(CCCCC2CC3CCCCC3C2)CC1
C(CCC1CCCC2CCCC12)CC1CC2CCCCC2C1
C1CCC(C2CC3CCCC3C3CCC4CCCCC4C23)CC1
C1CCC(C2CC3CCCC3C3CCCC4CCCCC4C23)CC1
C(CCCC1CCCC2CCCCC12)CCC1CCCC1
C1CCC(C2CCC3C(CCC4CCCCC43)C2)C1
C1CCC(CCCCCC2CC3CCCCC3C2)CC1
C1CCC(C2CCC(CCCC3CCC4C3CCC3C5CCCCC5CCC43)C2)CC1
C1CCC2CC(CC3CCCC4CCCC43)CCC2C1
C1CCC(C2CCC3CCC4CCCCC4C3CC2)CC1
C(CCC1CCC2CCCCC2C1)CCC1CCCC2CCCCC12
C(CCCC1CCCC2C(C3CCCCC3)CCC12)CCC1CCC(C2CCCC2)C1
C1CCC2CCC3C4CCC(CCCC5CCCC5)C4CCC3C2CC1
C(CCCC1CCCCC1)CCCC1CCC(C2CCCCC2)C1
C1CCC2CCC(C3CCCC4CCCC43)CC2CC1
C1CCC(CCCCC2CC3CCCCC3C2)CC1
C1CCC(C2CCC3CC4C(CCCC45CCCC5)CC32)CC1
C1CCC(CCCCC2CC3CCCCC3C2)CC1
C1CCC(CCCCCC2CC3CCCCC3C2)CC1
C1CCC(CC2CCC3C(CCC3C3CCCCC3)C2)CC1
C1CCC2CC(CCCC3CCCC4C3CCC3C5CCCCC5CCC43)CC2C1
C1CCC(C2CC3CCCC3C3CCCC4CCCCC4C23)CC1
C1CCC2CCC3C4CCC(CCCC5CC6CCCCC6C5)C4CCC3C2CC1
C1CCC(CC2CC3CCCCC3C3CCC4CCCCC4C23)CC1
C1CCC(CCCC2CCC3C(CCC3C3CCCCC3)C2)CC1
C1CCC2CC(C3CCCC4CCCC43)CCC2C1
C1CCC(C2CCC3CC4C(CCCC5C6CCC(CCCC7CCC8CCCCC8C7)C6CCC45)CC32)CC1
C1CCC(C2CCC3CC4C(CCCC5C6CCC(CCCC7CC8CCCCC8C7)C6CCC45)CC32)CC1
C1CCC(C2CC3C(CCCC4CC4)CCC3C3CCC4CCCCC4C23)CC1
C1CCC(C2CC3CCCC3C3CCC4CCCCCC4C23)CC1
C1CCC2CCC3C4CCCC4CCC3C2CC1
C1CCC(CCC2CCC3C(CCC3C3CCCCC3)C2)CC1
C1CCC(CC2CCC3C(CCC3C3CCCCC3)C2)CC1
C(CCC1CCC2CCCCC2C1)CCC1CCCC2CCCCC12
C1CCC(CC2CCC3C(CCC3C3CCCCC3)C2)CC1
C(CCC1CCCC2CCCC12)CC1CC2CCCCC2C1
C1CCC(CCCCCC2CC3CCCCC3C2)CC1
C1CCC(CC2CC3CCCCC3C3CCC4CCCCC4C23)C1
C1CCC(C2CCCC3C(CCC4CCCCC43)C2)CC1
C(CCC1CCC2CCCCC2C1)CCC1CCCC2CCCCC12
C1CCC(C2CC3CCCC3C3CCC4CCCCC4C23)CC1
C1CCC(CCC2CCC3C(CCC3C3CCCCC3)C2)CC1
C(CCC1CCC2C1CCC1C3CCCCC3CCC21)CC1CC2CCCCC2C1
C1CCC2C(C1)CCC1C3CCCC3CCC21
C1CCC(CCCCCC2CCC3CCCCC23)CC1
C1CCC(CCCCC2CC3CCCCC3C2)CC1
C(CCC1CCCC2CCCC12)CC1CC2CCCCC2C1
C1CCC(C2CCC3C(CCC4CCCCC43)C2)CC1
C1CCC2C(C1)CCC1C3CCCC3CCC21
C1CCC2CCC3C4CCC(CCCC5CCC6CCCCC6C5)C4CCC3C2CC1
C1CCC2C(C1)CCCC1CCCCC12
C1CCC(C2CCC3CC4C(CC5CCC6CCCCC65)CCCCC4CC32)CC1
C1CCC2C(C1)CCC1C3CCCC3CCC21
C1CCC(CCCCCC2CC3CCCCC3C2)CC1
C(CC1CC2CCCCC2C1)CC1CCC2C(CCC3C4CCCCC4CCC23)C1
C(CCC1CCCC2CCCC12)CC1CC2CCCCC2C1
C1CCC(C2CC3CCCC3C3CCC4CCCCCC4C23)CC1
C1CCC(CCCC2CCCC(C3CCC4CC(CCC5CCC6CCCCC6C5)CCC43)C2)CC1
C1CCC(CCC2(CCCC3CC4CCCCC4C3)CCC3C4CCCC5CCCCC5C4CCC32)C1
C1CCC2C(C1)CCC1C2CCC2C3CCCC3CC21
C1CCC2C(C1)CCC1C3CCCC3CCC21
C1CCC2CCC(C3CCCC4CCCC43)CC2CC1
C1CCC(CCCCCC2CCC3CCCCC23)CC1
C1CCC2CCC3C4CCC(CCCC5CC6CCCCC6C5)C4CCC3C2CC1
C1CCC(CCCCC2CC3CCCCC3C2)CC1
C1CCC(CCC2CCC3C(CCC3C3CCCCC3)C2)CC1
C1CCC(CCC2(CCCC3CC4CCCCC4C3)CCC3C4CCC5CCCCC5C4CCC32)C1
C1CCC(C2CC3CCCC3C3CCC4CCCCCC4C23)CC1
C1CCC(C2CC3CCCCC3C3CCC4CCCCC4C23)CC1
C1CC2CC2C2C(C1)CCC1C3CCCC3CCC12
C1CCC(CCC2CCC3C(CCC4C5CCCC5CCCC34)C2)CC1
C1CCC(C2CC3CCCCC3C3CCC4CCCCC4C23)CC1
C1CCC2C(C1)CCC1C3CCCC3CCCC21
C1CCC(C2CCC3CCC4C(CCC5C6CCC(CCCC7CCC8CCCCC8C7)C6CCC45)CC32)CC1
C1CCC(C2CC3CCCCC3C3CCC4CCCCC4C23)CC1
C(CCC1CCC2C(CCC3C4CCCC4CCC23)C1)CC1CCC(C2CC3CCCC3C3CCC4CCCCC4C23)CC1
C1CCC2CC(CC3CCC4CCCCC43)CCC2C1
C(CCC1CCCC2CCCCC12)CC1CCC2CCCCC2C1
C1CCC(C2CCC3C(CCCCCC4CCC(C5CCCC5)C4)CCCC23)CC1
C1CCC2C(C1)CC(C1CCCC1)C1CCCC21
C1CCC(CC2CCC3CCCCC3C3CCC4CCCCC4C23)CC1
C1CCC2CC(C3CCCC4CCCC43)CCC2C1
C1CCC(CCC2CCC(C3CCC4C(CCC4C4CCCCC4)C3)CC2)CC1
C1CCC(CCC2(CCCCC3CC4CCCCC4C3)CCC3C4CCC5CCCCC5C4CCC32)C1
C1CCC(CCCC2CCC3CCC(CC4CCCC5CCCC54)CC3C2)CC1
C1CCC(CC2CCC3C(CCC3C3CCCCC3)C2)CC1
C1CCCC(CC2CCCCC2CC2CC3CCCCC3C3CCC4CCCCC4C23)CC1
C1CCC2C(C1)CC(C1CCCC1)C1CCCCC21
C1CCC(CC2CCC3C(CCC3C3CCCCC3)C2)CC1
C(CCCCC1CCC(C2CCCCC2)C1)CCCC1CCCCC1
C1CCC(CCCC2CCC3CCCC3C2)CC1
C1CCC(CCC(CCC2CCC3CCCC3C2)CC2CCCCC2)CC1
C1CCC2C(C1)CCC1C3CCCC3CCCC21
C1CCC(C2CCC3C(CCC4CCCCC43)C2)CC1
C1CCC(C2CCC3CCCC3C3CCC4CCCCC4C23)CC1
C1CCC(CC2CC3CCCCC3C3CCC4CCCCC4C23)C1
C1CCC2CCC(C3CCCC4CCCC43)CC2CC1
C1CCC2CC(CC3CCCC4CCCC43)CCC2C1
C1CCC2CCC3C4CCCCC4CCC3C2CC1
C1CCC(C2CCC3CCCC3C3CCC4CCCCC4C23)CC1
C1CCC(C2CCC3C(CCC4CCCCC43)C2)CC1
C1CCC2CC(C3CCCC4CCCC43)CCC2C1
C1CCC(CCCCC2CC3CCCCC3C2)CC1
C(CCC1CCCC2CCCCC12)CC1CCC2CCCCC2C1
C1CCC2CC(C3CCCC3)C3CCCCC3CC2C1
C(CCCC1CCCC2C(C3CCCCC3)CCC12)CCC1CCCCC1
C1CCC(CCC2CCC(CCC3CCCC(CC4CCCC4)C3)CC2)CC1
C1CCC(CCCC2CCC3C2CCC2C4CC5CCC(CC6CCCCC6)C5CC4CCC32)CC1
C1CCC2C(C1)CCCC2CCCC1CCC2C(CCC3C4CCCCC4CCC23)C1
C1CCC(CCC2CCC3C(CCC3C3CCCCC3)C2)CC1
C1CCC(CCCC2CCC(C3CCCC4C(C5CCCCC5)CCC34)C2)CC1
C1CCC(C2CC3CCCCC3C3CCC4CCCCC4C23)CC1
C1CCC(CCC2CCCC3CC4C(CCC4C4CCCCC4)CC23)CC1
C1CCC(CCCCC2CC3CCCCC3C2)CC1
C1CCC(C2CCC3C(CCCCCC4CCC(C5CCCC5)C4)CCCC23)CC1
C1CCC2CCC3C4CCCC4CCC3C2CC1
C1CCC2CC(C3CCCC4CCCC43)CCC2C1
C1CCC(C2CCC3CC4C(CCC32)CCC42CCCC2)CC1
C1CCC2CC3CCC4C(CCCC5CC6CCCCC6C5)CCC4C3CCC2C1
C1CCC(CCC2CCC3C(CCC4CCC(C5CCCCC5)CCC43)C2)CC1
C1CCC(C2CCC3CC4C(CCCC45CCCCC5)CC32)CC1
C1CCC2CC(C3CCCC4CCCC43)CCC2C1
C1CCC(CCCC2CCCC(CC3CCC4CC(CCC5CCC6CCCCC6C5)CCC43)C2)CC1
C1CCC(C2CC3CCCC3C3CCCC4CCCCC4C23)CC1
C1CCC(CCCC2CCCCC2)CC1
C1CCC(CC2CCCCC2CC2CC3CCCCC3C3CCC4CCCCC4C23)CC1
C1CCC2CCC(C3CCCC4CCCC43)CC2CC1
C1CCC(CCCCCC2CCCC3C(CC4CCCCC4)CCC23)CC1
C1CCC2CC(CC3CCC4CCCCC43)CCC2C1
C1CCC(C2CCC3C(CCC4CCCCC43)C2)CC1
C1CCC(CC2CCCC(CC3CC4CCCCC4C4CCC5CCCCCC5C34)C2)CC1
C1CCC(CCC(CCC2CCC3CCCC3C2)CC2CCCCC2)CC1
C(CCCC1CCCC2C(C3CCCCC3)CCC12)CCC1CCCCC1
C(CCC1CCC2C(CCC3C4CCCC4CCC23)C1)CC1CCC(C2CC3CCCC3C3CCC4CCCCC4C23)CC1
C1CCC(CCC2CCC3C(CCC3C3CCCCC3)C2)CC1
C1CCC(CC(CC2CCCCC2)C2CCCCC2)CC1
C1CCC2CCC(C3CCCC4CCCC43)CC2CC1
C1CCC(CCC2CC3CCCC3C3CCC4CCCCC4C23)CC1
C1CCC(CC2CC3CCCCC3CC3CCC4CCCCC4C32)CC1
C1CCC(CCCC2CCC3CCC(CC4CCCC5CCCC54)CC3C2)CC1
C1CCC(C2CC3CCCC3C3CCCC4CCCCC4C23)CC1
C(CCC1CC2CCCCC2C1)CCC1CCCC2CCCC12
C1CCC(C2CC3CCCC3C3CCC4CCCCC4C23)CC1
C1CCC2CCC(C3CCCC4CCCC43)CC2CC1
C1CCC(CCCCC2CCC3CCC(C4CCCC5CCCC54)CC3C2)CC1
C1CCC2CC(CCCC3CCC4C3CCCC3C5CCCCC5CCC34)CC2C1
C1CCC2CC(CCCC3CCC4C3CCC3C5CCCCC5CCCC43)CC2C1
C1CCC(C2CCC3C(CCC4CCCCC43)C2)CC1
C1CCC(C2CC3CC(CCC3CCC3CC3)C3CCC4CCCCC4C32)CC1
C1CCC(C2CCC(CCCCCC3CCCC4CCCCC34)C2)CC1
C1CCC(CCCCC2CCC3C2CCC2C4CCCCCC4CCC32)CC1
C1CCC(CCC(CCC2CCCCC2)CCC2CCC3CCCC3C2)CC1
C(CCCC1CCCCC1)CCCC1CCC(C2CCCCC2)C1
C1CCC2CC(C3CCCC4CCCC43)CCC2C1
C1CCC(CCCCC2CC3CCCCC3C2)CC1
C1CCC(CCCCC2CCC3CCC(C4CCCC5CCCC54)CC3C2)CC1
C(CCC1CCCC2CCCC12)CC1CC2CCCCC2C1
C1CCC(CCCCCC2CCC3CCCCC23)CC1
C1CCC(CCCC2CCC3CCC(C4CCCC5CCCC54)CC3C2)CC1
C1CCC2CCC3C4CCCCC4CC(CC4CCCC4)C3C2CC1
C1CCCC(C2CC3CCCC3C3CCC4CCCCC4C23)CC1
C1CCC(CCCC2CCCC3CCC(C4CCCC5CCCC54)CC3C2)CC1
C1CCC(CCCCCC2CCCC3C(C4CCCCC4)CCC23)CC1
C1CCC(CCC2(CCCC3CC4CCCCC4C3)CCCC3C4CCC5CCCCC5C4CCC32)C1
C1CCC2C(C1)CCC1C3CCCC3CCC21
C1CCC2CCC(C3CCCC4CCCC43)CC2CC1
C1CCC(CCC2CCCC3CC4C(CCC4C4CCCCC4)CC23)CC1
C1CCC(CCC2CC3CCCCC3C3CCC4CCCCC4C23)C1
C1CCC(CCC2CCC(C3CCC4C(CCC4C4CCCCC4)C3)CC2)CC1
C1CCC(CCCCCC2CCC3CCCCC23)CC1
C(CCCCC1CCC(C2CCCCC2)C1)CCCC1CCCCC1
C1CCC2C(C1)CCC1C3CCCCC3CCC21
C(CCCC1CCCC2C(C3CCCCC3)CCC12)CCC1CC1
C(CCC1CCCC2CCCCC12)CC1CCCC2CCCCC12
C1CCC(C2CCC3CCCC3C3CCC4CCCCC4C23)CC1
C1CCC(C2CCC3CC4C(CCCC45CCCCC5)CC32)CC1
C1CCC(C2CC3CCCC3C3CCC4CCCCC4C3C2)CC1
C(CCCCC1CCC(C2CCCCC2)C1)CCCC1CCCCC1
C1CCC(CCC2CCC(C3CCC4C(CC5CCCCC5)CCC4C3)CC2)CC1
C1CCC(CCCCCC2CCCC3CCCC23)CC1
C1CCC(C2CCC3CC4CCCCC4CC32)CC1
C(CCC1CCCC2CCCC12)CC1CC2CCCCC2C1
C1CCC(CC2CC3CCCCC3C3CCC4CCCCCC4C23)CC1
C1CCC(CCCCCC2CCCC3C(C4CCCCC4)CCC23)CC1
C1CCC(C2CCC3CC4C(CCC45CCCCC5)CC32)CC1
C1CCC(CCCC2CCC3C2CCC2C4CC5CCC(C6CCCCC6)C5CC4CCC32)CC1
C1CCC(CCC2CCCC3CC4C(CCC4C4CCCCC4)CC23)CC1
C1CCC(C2CC3CCCC3C3CCC4CCCCCC4C23)CC1
C1CCC(CCCC2CC3CCCCC3C2C2CCCCC2)CC1
C1CCC2CCC3C4CCC(CCCC5CC6CCCCC6C5)C4CCC3C2CC1
C1CCC(CCC2CCC(CCC3CCCC(CC4CCCC4)C3)CC2)CC1
C1CCC(CC(CC2CCCCC2)C2CCCCC2)CC1
C1CCC(C2CCC3CCC4(CCCCCC4C4CCCCC4)CCC32)CC1
C1CCC(CC2CCCCC2CC2CC3CCCCC3C3CCC4CCCCCC4C23)CC1
C1CCC(C2CC3CCCC3C3CCC4CCCCC4C23)CC1
C1CCC2C(C1)CCC1C3CCCC3CCC21
C1CCC(CC2CCC3CC4C(CC5CCC6CCCCC65)CCCC4CC23)CC1
C1CCC(CCC(CCC2CCC3CCCCC3C2)CC2CCCCC2)CC1
C1CCC(CCC2CCCC3CC4C(CCC23)CCC4C2CCCCC2)CC1
C1CCC2CC3CCCCC3CCC2C1
C1CCC2CC(C3CCCC4CCCC43)CCC2C1
C1CCC(CCCCC2CC3CCCCC3C2)CC1
C1CCC(CCCCC2CC3CCCCC3C2)CC1
C1CCC(CCC2CCC3C(CCC3C3CCCCC3)C2)CC1
C1CCC2CC(C3CCCC4CCCC43)CCC2C1
C1CCC2CCC3CCCCC3C2CC1
C1CCC(CCCCCC2CCCC3C(CC4CCCCC4)CCC23)CC1
C1CCC2CC(CCCC3CCC4C3CCC3C5CCCCC5CCC43)CC2C1
C1CCC(CCC2CCC3C(CCC3C3CCCCC3)C2)CC1
C1CCC(CCC2CCC(C3CCC4C(CCC4C4CCCCC4)C3)CC2)CC1
C1CCC(C2CCCCC2CC2CC3CCCCC3C3CCC4CCCCCC4C23)CC1
C1CCC(C2CC3CCCC3C3CCC4CCCCC4CC23)CC1
C1CCC2C(C1)CCC1CCCCC12
C1CCC(CCCCC2CCC3CCCCC23)CC1
C1CCC(C2CC3CCCC3C3CCC4CCCCCC4C23)CC1
C1CCC(CCCCCC2CCCC3C(C4CCCCC4)CCC23)CC1
C(CCCC1CCCCC1)CCCC1CCC(CC2CCCCC2)C1
C1CCC2CCCCC2C(CCCCC2CCCC3CCCCC23)C1
C1CCC(CCC2CCC3C(CCC4C5CCCC5CCC34)C2)CC1
C1CCC2CC3CCC4CCCCC4C3CCC2C1
C1CCC(C2CCC3CCC4C(CCCC45CCCC5)CC32)CC1
C1CCC(C2CCC(CCCC3CCC4CC5CCC6CCCCC6C5CCC34)C2)CC1
C1CCC2CC(C3CCCC4CCCC43)CCC2C1
C1CCC2C(C1)CCC1CCCCC12
C1CCC(C2CCC3CC4C(CCC32)CCC42CCCCC2)CC1
C1CCC(C2CCC3CC4C(CCCC5C6CCC(CCCC7CCC8CCCCC8C7)C6CCC45)CC32)CC1
C1CCC(C2CCC3CC4C(CCC45CCCCC5)CC32)CC1
C1CCC(C2CCC3CCC(C4CCCC4)CC32)CC1
C1CCC(C2CCC3C(CCCC4CCCCC43)C2)CC1
C1CCC2C(C1)CCC1C3CCCC3CCC21
C(CCCC1CCCC2C(C3CCCCC3)CCC12)CCC1CCCCC1
C1CCC(CC2CC3CCCCC3C3CCC4CCCCCC4C23)CC1
C1CCC(CCCCC2CC3CCCCC3C2)CC1
C(CCCC1CCCC2C(C3CCCCC3)CCC12)CCC1CCCCC1
C1CCC(CCCCC2CCC3C2CCC2C4CCCCC4CCCC32)CC1
C1CCC(C2CCC3CCC4C(CCC5C6CCC(CCCC7CC8CCCCC8C7)C6CCC45)CC32)CC1
C1CCC(CCCCCC2CC3CCCCC3C2)CC1
C1CCC(CC2CCCC(CC3CCC4CCCCC4C4CCC5CCCCC5C34)C2)CC1
C1CCC(CCCC2CCC3CCC(C4CCCC5CCCC54)CC3C2)CC1
C1CCC(C2CC3CCCC3C3CCC4CCCCC4C23)CC1
C1CCC(CCC2CCCC3CCC4C(CCC4C4CCCCC4)CC23)CC1
C1CCC(CCCC2CCC3C(CCC4CC(C5CCCCC5)CCC43)C2)CC1
C1CCC(CCCCC2CC3CCCCC3C2)CC1
C1CCC(CCC2CCC3C(CCC4C5CCCC5CCCC34)C2)CC1
C1CCC(C2CC3CCCC3C3CCC4CCCCC4C23)CC1
C1CCC(CCCCC2CCC3CCCCC23)CC1
C1CCC(CC2CC3CCCCC3C3CCC4CCCCCC4C23)CC1
C1CCC(C2CC3CCCC3C3CCC4CCCCCC4C23)CC1
C1CCC(C2CC3CCCCC3CC3CCCCC32)CC1
C1CCC(C2CC3CCCCC3C3CCCCC3C2)CC1
C1CCC(CCCCCC2CCCC3C(C4CCCCC4)CCC23)CC1
C1CCC(C2CC3CCCC3C3CCC4CCCCC4C23)CC1
C1CCC(CC2CCC3C(CCC3C3CCCCC3)C2)CC1
C1CCC2CCC(C3CCCC4CCCC43)CC2CC1
C1CCC(C2CCC3CCC4CCCCC4C3CC2)CC1
C1CCC(CCC2CCC3C(CCC3C3CCCCC3)C2)CC1
C1CCC(CCCCC2CCC3CCCCC23)CC1
C1CCC2CC(CCCC3CCC4C3CCC3C5CCCCC5CCC43)CCC2C1
C1CCC(C2CCC(CCCCCC3CCCC4CCCCC34)C2)CC1
C1CCC(CCC2CCC3C(CCC3C3CCCCC3)C2)CC1
C1CCC(CCCCC2CCC3CCCCC23)CC1
C1CCC2C(C1)CCC1C3CCCC3CCC21
C1CCC2C(C1)CCC1CCCCC12
C1CCC(C2CCC3CC4C(CCC5C6CCC(CCCC7CC8CCCCC8C7)C6CCC45)CC32)CC1
C1CCC(C2CCC3CCC4(CCCCCC4C4CCCCC4)CCC32)CC1
C1CCC(C2CCC3C(CCCCCC4CCC(CC5CCCC5)C4)CCCC23)CC1
C1CCC(C2CCC3CC4C(CCC5C6CCC(CCCC7CCC8CCCCC8C7)C6CCC45)CC32)CC1
C1CCC2C(C1)CCC1C3CCCC3CCC21
C1CCC(CC2CCC3C(CC4CCCCC4)CCC3C2)CC1
C1CCC2C(C1)CCCC1CCCCC12
C(CCCC1CCCC2C(C3CCCCC3)CCC12)CCC1CCCCC1
C1CCC(CCC2CCC3C(CCC3C3CCCCC3)C2)CC1
C1CCC(C2CC3CCCC3C3CCCC4CCCCC4C23)CC1
C1CCC(CCCCCC2CCC3CCCCC23)CC1
C1CCC(CCC2CCC(CCC3CCCCC(CC4CCCC4)C3)CC2)CC1
C1CCC(CCCCCC2CCC3CCCCC23)CC1
C1CCC(CCC(CCC2CCC3CCCC3C2)CC2CCCCC2)CC1
C1CCC(CCCCCC2CCC3CCC(C4CCCC5CCCC54)CC3C2)CC1
C1CCC(CC2CCC(CC(CC3CCCCC3)C3CCCCC3)CC2)CC1
C1CCC(CCCCCC2CCC3CCC(C4CCCC5CCCC54)CC3C2)CC1
C1CCC(C2CCC3CC4C(CCCC45CCCCC5)CC32)CC1
C1CCC(CCCC2CCC3C(CCC3C3CCCCC3)C2)CC1
C1CCC(CCC(CCC2CCC3CCCC3C2)CC2CCCCC2)CC1
C(CCC1CCCC2CCCCC12)CC1CCC2CCCCC2C1
C1CCC(C2CCC(C3CC4CCCC4C4CCC5CCCCC5C34)CC2)C1
C1CCC(CCCC2CCC3CCC(C4CCCC5CCCC54)CC3C2)CC1
C1CCC(C2CC3CCCC3C3CCC4CCCCC4C23)CC1
C1CCC(C2CCC3CC4C(CCC45CCCCC5)CC32)CC1
C1CCC(CCCCC2CC3CCCCC3C2)CC1
C1CCC(C2CCC3(CCC4CC5C(CCC5C5CCCCC5)CC43)C2)CC1
C1CCC2C(C1)CCCC1C2CCC2C3CCCC3CC21
C1CCC(CC2CCCC(C3CCC4CC(CCC5CCC6CCCCC6C5)CCC43)C2)C1
C1CCC(CCC2CCC3C(CCC3C3CCCC3)C2)CC1
C1CCC(CCC(CC2CCCCC2)C2CCCCC2)CC1
C(CCC1CCC2CCCC2C1)CC1CCC(C2CCCC2)CC1
C1CCC(C2CCC3CC4C(CCC5C6CCC(CCCC7CCC8CCCCC8C7)C6CCC45)CC32)CC1
C(CCCC1CCCC2C(C3CCCCC3)CCC12)CCC1CCCCC1
C1CCC2C(C1)CCC1C3CCCCC3CCC21
C1CCC(C2CC3CCCC3C3CCC4CCCCC4C23)CC1
C1CCC2CC(CCCC3CCC4C3CCCC3C5CCCCC5CCC34)CC2C1
C1CCC(CC2CCC3C(CCC3C3CCCCC3)C2)CC1
C1CCC(CCC2CCCC(C3CCCC4C(C5CCCCC5)CCC34)C2)CC1
C1CCC2CC(CCCC3CCC4C3CCC3C5CCCCC5CCC43)CC2C1
C1CCC(C2CCC3CC4C(CCC45CCCC5)CC32)CC1
C1CCC2CC(CCCC3CCC4C3CCCC3C5CCCCC5CCC34)CCC2C1
C1CCC(C2CCC(CCCCCC3CCCC4CCCCC34)C2)CC1
C1CCC2CC(C3CCCC4CCCC43)CCC2C1
C1CCC2C(C1)CCCC1C2CCC2C3CCCC3CC21
C1CCC(CCCCC2CC3CCCCC3C2)CC1
C1CCC(CCC2CCC3C(CCC4CCCCC43)C2)CC1
C1CCC(CCC(CC2CC3CCCCC3C2)C2CC2)CC1
C(CCCC1CCCC2C(C3CCCCC3)CCC12)CCC1CCCCC1
C1CCC(CCC2CCC(CCCC3CCCC(CC4CCCC4)C3)CC2)CC1
C1CCC(CCCCCC2CCC3CCCCC23)CC1
C1CCC(CCCCCC2CCCC3C(CC4CCCCC4)CCC23)CC1
C(CCC1CCCC2CCCC12)CC1CC2CCCCC2C1
C1CCC(CCC2CCC(C3CCC4C(CCC4C4CCCCC4)C3)CC2)CC1
C1CCC(CC2CC3CCCCC3C3CCC4CCCCC4C23)CC1
C1CCC(CC2CCC3CC4C(CCCC45CCCC5)CC23)CC1
C1CCC2CCC(C3CCCC4CCCC43)CC2CC1
C1CCC(CCC2CCC3C(CCC3C3CCCCC3)C2)CC1
C1CCC(CCCC2CCC3C(CCC3C3CCCCC3)C2)CC1
C1CCC(CC2CCCCCC23CCC2CCC(C4CCCCC4)C2CC3)CC1
C1CCC(CCC2CCC(C3CC3)CC2)CC1
C1CCC(CCC2(CCCC3CCC4CCCCC4C3)CCC3C4CCC5CCCCC5C4CCC32)C1
C1CCC(CCC2CCC3C(CCC3C3CCCCC3)C2)CC1
C1CCC(C2CC3C(CCC4CC4)CCC3C3CCC4CCCCC4C23)CC1
C1CCC(CCCCC2CCC3C2CCC2C4CCCCC4CCC32)CC1
C1CCC(CCCCC2CCC3CCCCC23)CC1
C1CCC2C(C1)CCC1C3CCCC3CCC21
C1CCC(C2CCC3CC4C(CCC45CCCCC5)CC32)CC1
C1CCC(CCC2CC3CCCCC3C3CCC4CCCCC4C23)CC1
C1CCC(CC2CCC3CC4C(CCC45CCCC5)CC23)CC1
C1CCC(C2CCC3CCC4(CCCCCC4C4CCCCC4)CCC32)CC1
C1CCC(CCCCC2CC3CCCCC3C2)CC1
C1CCC(C2CCCC3(CCC4CC5C(CCC5C5CCCCC5)CC43)C2)CC1
C1CCC2CCC(C3CCCC4CCCC43)CC2CC1
C1CCC(C2CC3CCCC3C3CCC4CCCCCC4C23)CC1
C1CCC(CCCCC2CCC3CCCCC23)CC1
C1CCC(C2CCCC3C(CCC4CCCCC43)C2)CC1
C1CCC(CCC2CCC3C(CCC4C5CCCC5CC(CCC5CCCCC5)C34)C2)CC1
C1CCC(CCCCCC2CCC3CCCCC23)CC1
C1CCC(CCCCCC2CCCCC2)CC1
C1CCC(CCCC2(CCCC3CC4CCCCC4C3)CCC3C4CCC5CCCCC5C4CCC32)C1
C1CCC(CCCC(CCC2CCC3CCCC3C2)CC2CCCCC2)CC1
C1CCC2C(C1)CCC1C3CCCC3CCC21
C1CCC(CC2CC3CCCCC3C3CCC4CCCCC4C23)C1
C(CCCC1CCCCC1)CCCC1CCC(C2CCCCC2)C1
C(CCCC1CCCC2C(C3CCCCC3)CCC12)CCC1CCC(C2CCCC2)C1
C1CCC2CC(C3CCCC4CCCC43)CCC2C1
C1CCC(CCCCCC2CCCC3C2CCC3C2CCCC(CC3CCCCC3)C2)CC1
C(CCC1CCC2CCCCC2C1)CCC1CCCC2CCCCC12
C1CCC2CCC3C4CCCC4CCC3C2CC1
C1CCC(CCC2CCC3C(CCC3C3CCCCC3)C2)CC1
C1CCC2C(C1)CCCC1CCCCC12
C(CCC1CCCC2CCCC12)CC1CC2CCCCC2C1
C1CCC2C(C1)CC(C1CCCC1)C1CCCCC21
C1CCC2CCC3C4CCC(CCCC5CC6CCCCC6C5)C4CCC3C2CC1
C1CCC(CCCC2CCCC3CC4C(CCC4C4CCCCC4)CC23)CC1
C1CCC(CCC(CCCC2CCC3CCCC3C2)CC2CCCCC2)CC1
C1CCC(CCC2CCC3C(CCC4C5CCCC5CC(CCC5CCCCC5)C34)C2)CC1
C1CCC(CCCCC2CC3CCCCC3C2)CC1
C1CCC(C2CCC3CCCC3C3CCC4CCCCC4C23)CC1
C1CCC(CC2CC3CCCCC3CC3CCC4CCCCC4C32)CC1
C1CCC(C2CCC3CC4C(CCCCC45CCCC5)CC32)CC1
C1CCC(CCCC2CCC3C(CCC3C3CCCCC3)C2)CC1
C1CCC2C(C1)CCC1C3CCCC3CCC21
C(CCC1CC2CCCCC2C1)CCC1CCCC2CCCC12
C1CCC(CC(CC2CCCCC2)C2CCCCC2)CC1
C1CCC2C(C1)CCC(C1CCCC1)C1CCCCC21
C1CCC(C2CCC3CCC4C(CCC5C6CCC(CCCC7CCC8CCCCC8C7)C6CCC45)CC32)CC1
C(CCCC1CCCC2C(C3CCCCC3)CCC12)CCC1CC1
C1CCC(CCC2CCC3C(CCC3C3CCCCC3)C2)CC1
C1CCC(C2CCC3C(CCC4CCCCC43)C2)CC1
C1CCC(C2CCC3(CCC4CCC5C(CCC5C5CCCCC5)CC43)C2)CC1
C1CCC(CCC(CCC2CCC3CCCC3C2)CC2CCCCC2)CC1
C1CCC(C2CCC3CC4C(CCC5C6CCC(CCCC7CCC8CCCCC8C7)C6CCCC45)CC32)CC1
C1CCC(CCCCCC2CC3CCCCC3C2)CC1
C1CCC(C2CC3CCCC3C3CCCC4CCCCC4C23)CC1
C1CCC2C(C1)CCC1C3CCCC3CCC21
C1CCC2C(C1)CCC1CCCCC12
C1CCC2CCC3C4CCCCC4CC(CC4CCCC4)C3C2CC1
C1CCC2CCC3C4CCC(CCCC5CC6CCCCC6C5)C4CCC3C2CC1
C1CCC(CC23CCCCC2CCC2C4CCCC4CCC23)CC1
C(CCC1CC2CCCCC2C1)CCC1CCCC2CCCC12
C1CCC(C2CCC3CCC(C4CCCC4)CC32)CC1
C1CCC2C(C1)CCC1C2CCC2C3CCCC3CC21
C1CCC(CCC2CCC3C(CCC3C3CCCCC3)C2)CC1
C1CCC2C(C1)CCCC2CCCC1CCC2C1CCC1C3CCCCC3CCC21
C1CCC(CCCC2(CCC3CCCC3)CCC3CC4CCC5CCCCC5C4CCC32)C1
C(CCCC1CCCC2CCCCC12)CCC1CCC(C2CCCC2)C1
C(CCCC1CCCC2C(C3CCCCC3)CCC12)CCC1CCCCC1
C1CCC(C2CCC3CC4C(CCC5C6CCC(CCCC7CCC8CCCCC8C7)C6CCC45)CC32)CC1
C(CCC1CCCC2CCCCC12)CC1CCCC2CCCCC12
C1CCC(CCC(CCC2CCC3CCCC3C2)CC2CCCCC2)CC1
C1CCC(CCCCC2CCC3CCCCC23)CC1
C1CCC(CC2CCC3C(CCC3C3CCCCC3)C2)CC1
C1CCC(CC2CCC3CC4C(CCC45CCCCC5)CC23)CC1
C1CCC(CCCC2(CCC3CCCC3)CCC3C4CCC5CCCCC5C4CCC32)CC1
C1CCC2CCC(C3CCCC4CCCC43)CC2CC1
C1CCC(CCC(CCC2CCC3CCCC3C2)CC2CCCCC2)CC1
C1CCC2C(C1)CCC1CCCCC12
C1CCC2CC3CCC(C4CCCCC4)C3CC2CC1
C(CCC1CCC2C1CCC1C3CCCCC3CCC21)CC1CC2CCCCC2C1
C1CCC(CCCCCC2CC3CCCCC3C2)CC1
C1CCC(CC2CCC3CC4C(CCC5C6CCC(CCCC7CC8CCCCC8C7)C6CCC45)CC23)CC1
C1CCC(CCCC(CC2CC3CCCCC3C2)C2CC2)CC1
C1CCC(C2CC3CCCC3C3CCC4CCCCCC4C23)CC1
C1CCC(CCCC2CCCC3C2CCC2C4CCCCC4CCC32)C1
C1CCC2CC(C3CCCC4CCCC43)CCC2C1
C1CCC(CCCCCC2CCCC3C(CC4CCCCC4)CCC23)CC1
C1CCC(CCCCCC2CCCC3C2CCC3C2CCCC(CC3CCCCC3)C2)CC1
C1CCC(C2CCC(CCCCCC3(C4CCCC4)CCCCC4CCCCC43)C2)CC1
C1CCC(CCCCC2CC3CCCCC3C2)CC1
C(CCCCC1CCCC(CC(CC2CCC(CC3CCCCC3)CC2)C2CCCCC2)C1)CCCCC1CCC2C(CCC3C4CCCC4CCC23)C1
C1CCC(CCCCC2CC3CCCCC3C2)CC1
C1CCC(CCCCC2CC3CCCCC3C2)CC1
C1CCC(C2CCC3CC4C(CCCC5C6CCC(CCCC7CC8CCCCC8C7)C6CCC45)CC32)CC1
C1CCC(C2CC3CCCC3C3CCC4CCCCC4C23)CC1
C1CCC(CCCCC2CCCC3CCCC23)CC1
C1CCC(C2CCC3C(CCC4CCCCC43)C2)CC1
C1CCC(CCCCCC2CC3CCCCC3C2)CC1
C1CCC(CCC2CCC3C(CCC3C3CCCCC3)C2)CC1
C1CCC(CCCCCC2CC3CCCCC3C2)CC1
C1CCC(C2CCC3CCCCC3C3CCCCC23)CC1
C1CCC2CCC3C4CCCCC4CC(CC4CCCC4)C3C2CC1
C1CCC2CC3CCC4CCCCC4C3CCC2C1
C1CCC2CCC3C(CCC4C5CCCC5CC43)C2CC1
C(CCCC1CCCCC1)CCCC1CCC(C2CCCCC2)C1
C1CCC(CC(CC2CCCCC2)C2CCCCC2)CC1
C1CCC2CC(C3CCCC4CCCC43)CCC2C1
C1CCC(CCCCC2CC3CCCCC3C2)CC1
C1CCC(C2CCC3(CCC4CCC5C(CCC5C5CCCCC5)CC43)C2)CC1
C1CCC(CCCC2CCC3CCC(C4CCCC5CCCC54)CC3C2)CC1
C1CCC2CCC3C4CCCCC4CCC3C2CC1
C(CCC1CCC2CCCCC2C1)CCC1CCCC2CCCCC12
C1CCC2CCC(C3CCCC4CCCC43)CC2CC1
C1CCC(CCCCCC2CC3CCCCC3C2)CC1
C1CCC(C2CCC3CC4C(CCC45CCCC5)CC32)CC1
C1CCC2CC(C3CCCC4CCCC43)CCC2C1
C1CCC(CCCCC2CC3CCCCC3C2)CC1
C1CCC2CCC3C4CCC(CCCC5CC6CCCCC6C5)C4CCC3C2CC1
C1CCC(CCC2CCC3C(CCC3C3CCCCC3)C2)CC1
C1CCC(C2CCC3CC4C(CCC45CCCCC5)CC32)CC1
C1CCC2CC(CCCC3CCC4C3CCC3C5CCCCC5CCCC43)CC2C1
C1CCC(CCCCC2CC3CCCCC3C2)CC1
C1CCC2CC(C3CCCC4CCCC43)CCC2C1
C1CCC2CCC(C3CCCC4CCCC43)CC2CC1
C1CCC(CC2CC3CCCCC3C3CCC4CCCCC4C23)CC1
C1CCC(C2CCC3C(CCC34CCCC4)C3CCCC4CCCCC4C23)CC1
C(CCC1CCC2C1CCC1C3CCCCC3CCC21)CC1CC2CCCCC2C1
C1CCC2CC(C3CCCC4CCCC43)CCC2C1
C1CCC(CC2CCC(C3CC4CCCC4C4CCC5CCCCC5C34)CC2)CC1
C1CCC(CCCC2CCC3CCC(CC4CCCC5CCCC54)CC3C2)CC1
C1CCC(CC2CC3CCCCC3CC3CCC4CCCCC4C32)C1
C(CCC1CCCC2CCCC12)CC1CC2CCCCC2C1
C(CCC1CCC2C1CCC1C3CCCCC3CCC21)CC1CC2CCCCC2C1
C(CCCC1CCCCC1)CCCC1CCC(C2CCCCC2)C1
C1CCC(C2CCC3CC4C(CCC4C4CCCC4)CC32)CC1
C1CCC(CCC2CCC(CCC3CCCC(CC4CCCCC4)C3)CC2)CC1
C1CCC(CCCCCC2CCC3CCCCC23)CC1
C1CCC2C(C1)CCC1C3CCCC3CCC21
C1CCC(CCCC2CCCC3CCC(C4CCCC5CCCC54)CC3C2)CC1
C1CCC(C2CC3CCCC3C3CCC4CCCCC4C23)CC1
C(CCC1CCCC2CCCCC12)CC1CC2CCCCC2C1
C(CCCC1CCCC2CCCCC12)CCC1CCC(C2CCCCC2)C1
C1CCC(CCCCC2CC3CCCCC3C2)CC1
C1CCC(CCC2CCC3C(CCC3C3CCCCC3)C2)CC1
C1CCC2CC(C3CCCC4CCCC43)CCC2C1
C1CCC(CCC(CC2CCC(CC3CCCCC3)CC2)C2CCCCC2)CC1
C1CCC(C2CCC3CC4C(CCC32)CCC2C3CCC(CCCC5CCC6CCCCC6C5)C3CCC42)CC1
C1CCC(CCCCCC2CC3CCCCC3C2)CC1
C1CCC2C(C1)CCC1C3CCCCC3CCC21
C(CCCC1CCCC2C(C3CCCCC3)CCC12)CCC1CCCCC1
C1CCC(CC2CC3CCCCC3C3CCC4CCCCC4C23)C1
C1CCC2CCC(C3CCCC4CCCC43)CC2CC1
C1CCC2CC(CCCC3CCC4C3CCC3C5CCCCC5CCC43)CC2C1
C1CCC(CCC(CCC2CCC3CCCC3C2)CC2CCCCC2)CC1
C1CCC(CCCCCC2CCCC3C(C4CCCCC4)CCC23)CC1
C1CCC(C2CC3CCCC3C3CCCC4CCCCC4C23)CC1
C(CCCC1CCCCC1)CCCC1CCC(C2CCCCC2)C1
C(CCC1CCCC2C(CCC3C4CCCC4CCC23)C1)CC1CCC(C2CC3CCCC3C3CCC4CCCCC4C23)CC1
C1CCC(C2CC3CCCC3C3CCC4CCCCC4C23)CC1
C1CCC(CCC(CCC2CCCCC2)CCC2CCC3CCCC3C2)CC1
C1CCC(CCCC2CCCC(C3CCC4CC(CCC5CCC6CCCCC6C5)CCC43)C2)CC1
C1CCC(CCCC23CCCC2CC2C4CCC5CCCCC5C4CCCC23)C1
C1CCC(CCCC2(CCC3CCCC3)CCC3C4CCC5CCCCC5C4CCC32)C1
C(CCCC1CCCCC1)CCCC1CCC(C2CCCCC2)C1
C(CCCC1CCCC2C(C3CCCCC3)CCC12)CCC1CCCCC1
C1CCC(C2CC3CCCC3C3CCC4CCCCCC4C23)CC1
C1CCC(CCCC2CCC3C(CCC4CCCCC43)C2)CC1
C1CCC(CCCCCC2CCC3CCCCC23)CC1
C1CCC(CCCC2CC3CCCCC3C2CC2CCCCC2)CC1
C1CCC(CC2CCC3C(CCC3C3CCCCC3)C2)CC1
C1CCC(C2CC3CCCC3C3CCC4CCCCC4C23)CC1
C1CCC(CCCCC2CCC3CCCCC23)CC1
C1CCC(C2CCC3CC4C(CCC45CCCCC5)CC32)CC1
C1CCC(CCCCC2CC3CCCCC3C2)CC1
C1CCC2CC(CCCC3CCC4C3CCCC3C5CCCCC5CCC34)CC2C1
C1CCC(CCCCC2CCC3CCCCC23)CC1
C1CCC(CCCCC2CC3CCCCC3C2)CC1
C(CCC1CCC2C1CCC1C3CCCCC3CCC21)CC1CC2CCCCC2C1
C(CCC1CCCC2CCCC12)CC1CC2CCCCC2C1
C1CCC2CCC(C3CCCC4CCCC43)CC2CC1
C1CCC(CCC(CCC2CCC3CCCC3C2)CC2CCCCC2)CC1
C1CCC(CCCCC2CCC3CCCCC23)CC1
C1CCC(CCC2CCC3C(CCC3C3CCCCC3)C2)CC1
C1CCC(CC2CC3CCCCC3CC3CCC4CCCCC4C32)CC1
C1CCC2CCC(C3CCCC4CCCC43)CC2CC1
C1CCC(CCCCC2CCC3C2CCC2C4CCCCC4CCC32)CC1
C1CCC(CCC2CCCCC2)CC1
C1CCC(C2CC3C(CCC34CCCC4)C3CCCC4CCCCC4C23)CC1
C1CCC(CCCCC2CCC3CCC(C4CCCC5CCCC54)CC3C2)CC1
C1CCC(C2CCCC3CCCC3C3CCC4CCCCC4C23)CC1
C1CCC(C2CCC(CCCCCC3CCCC4CCCCC34)C2)CC1
C1CCC2C(C1)CCC1C3CCCCC3CCC21
C1CCC2C(C1)CCC1C3CCCC3CCC21
C1CCC(CC2CCC(CC(CC3CCCCC3)CC3CCCCC3)CC2)CC1
C1CCC(CCCC2CCC3C2CCC2C4CC5CCC(CC6CCCCC6)C5CC4CCC32)CC1
C1CCC2CCC3C4CCCC4CCC3C2CC1
C1CCC(C2CCC3C(CCC4CCCCC43)C2)CC1
C1CCC(C2CC3CCCC3C3CCC4CCCCC4C23)CC1
C1CCC(C2CCC3CC4C(CCC5C6CCCC(CCCC7CCC8CCCCC8C7)C6CCC45)CC32)CC1
C1CCC2C(C1)CCCC1C3CCCC3CCC21
C1CCC(C2CCC3C(CCC4CCCCC43)C2)CC1
C1CCC2CC(CC3CCCC4CCCC43)CCC2C1
C1CCC(C2CC3CCCC3C3CCC4CCCCC4C23)CC1
C1CCC(CCCCCC2CCC3CCCCC23)CC1
C1CCC(CCCCC2CCCC3CCC(C4CCCCC4)CC23)CC1
C1CCC2CCC(C3CCCC4CCCC43)CC2CC1
C(CCC1CCCC2CCCC12)CC1CC2CCCCC2C1
C1CCC2CCC(C3CCCC4CCCC43)CC2CC1
C(CCCC1CCCCC1)CCCC1CCC(C2CCCCC2)C1
C1CCC(CCCCCC2CCC3CCCCC23)CC1
C(CCCC1CCC(CC2CCCCC2)C1)CCC1CCCCC1
C1CCC(C2CCC3CC4C(CCCCC45CC(C4CCCCC4)C(C4CCCCC4)C5)CC32)CC1
C1CCC2CCC3C4CCCCC4CC(CC4CCCC(C5CCCC5)C4)C3C2CC1
C1CCC2CC(C3CCCC3)C3CCCC3C2CC1
C1CCC(CCC2CCC3C(CCC4CCCCC43)C2)CC1
C1CCC2CCC(C3CCCC4CCCC43)CC2CC1
C1CCC(CCC2CCC(C3CC3)CC2)CC1
C(CC1CCC(C2CCCC2)CC1)CC1CCC2CCCC2C1
C(CCCCC1CCC(C2CCCCC2)C1)CCCC1CCCCC1
C1CCC(CCC2CCC3C(CCC3C3CCCCC3)C2)CC1
C(CCC1CCC2CCCCC2C1)CCC1CCCC2CCCCC12
C1CCC(C2CCC3CCCC3C3CCC4CCCCC4CC23)CC1
C1CCC(CCCCCC2CC3CCCCC3C2)CC1
C1CCC(C2CCC(CCCCCC3CCCC4CCCCC34)C2)CC1
C1CCC2CCC(C3CCCC4CCCC43)CC2CC1
C1CCC(CCC2CCC3C(CCC3C3CCCCC3)C2)CC1
C1CCC(CCCCC2CC3CCCCC3C2)CC1
C1CCC(CCCCCC2CCCC3C(C4CCCCC4)CCC23)CC1
C1CCC(CCC2CCC3C(CCC4CC(C5CCCCC5)CCC43)C2)CC1
C1CCC2CC(C3CCCC4CCCC43)CCC2C1
C(CCC1CCCC2CCCCC12)CCC1CCCC2CCCCC12
C1CCC(CCCC2CCC3C(CCC4CC(C5CCCCC5)CCC43)C2)CC1
C1CCC2CCC(C3CCCC4CCCC43)CC2CC1
C(CCCC1CCCC2C(C3CCCCC3)CCC12)CCC1CCCCC1
C1CCC(CCCCCC2CCC3CCCCC3C2)CC1
C1CCC(CC2CCC3C(CCC3C3CCCCC3)C2)CC1
C1CC2CCC3C(CCC4CCCCC43)CC2C1
C1CCC(C2CCCC3(CCC4CC5C(CCC5C5CCCCC5)CC43)C2)CC1
C1CCC(CC2CCC(CC(CC3CCCCC3)CC3CCCCC3)CC2)CC1
C(CCC1CCCC2CCCC12)CC1CC2CCCCC2C1
C1CCC(CCCCCC2CC3CCCCC3C2)CC1
C1CCC(C2CC3CCCC3C3CCC4CCCCC4C23)CC1
C1CCC(C2CCC3CC4C(CCC45CCCC5)CC32)CC1
C1CCC(CCCCC2CC3CCCCC3C2)CC1
C1CCC2CCC(C3CCCC4CCCC43)CC2CC1
C1CCC2CC3CCC(C4CCCCC4)C3CC2CC1
C1CCC2CCC3C4CCC(CCCC5CCC6CCCCC6C5)C4CCC3C2CC1
C1CCC(CCCCC2CCC3CCCCC23)CC1
C1CCC(CC2CC3CCCCC3C3CCC4CCCCC4C23)C1
C1CCC(CCC2CCC(CC3CCC4C(CCC4C4CCCCC4)C3)CC2)CC1
C1CCC(CCC2CCC(C3CCC4C(CCC4C4CCCCC4)C3)CC2)CC1
C(CCC1CCCC2CCCC12)CC1CC2CCCCC2C1
C1CCC2CCC3C4CCCC4CCC3C2CC1
C1CCC(CCCCC2CC3CCCCC3C2)CC1
C1CCC(C2CCC3CC4C(CCC32)CCC42CCCCC2)CC1
C1CCC(C2CCC3CC4C(CCC45CCCC5)CC32)CC1
C1CCC(CCCCC2CCC3CCCCC23)CC1
C1CCC(CCC2(CCCC3CC4CCCCC4C3)CCC3C4CCC5CCCCC5C4CCC32)C1
C1CCC(C2CC3CCCC3C3CCC4CCCCC4C23)CC1
C1CCC2CC(CC3CCCC4CCCC43)CCC2C1
C1CCC(CCCCC2CC3CCCCC3C2)CC1
C1CCC(CCCCCC2CCC3CCCCC23)CC1
C(CCC1CCCC2CCCCC12)CC1CC2CCCCC2C1
C1CCC2C(C1)CCC1C3CCCC3CCC21
C1CCC(CCC(CC2CC2)CC2CC3CCCCC3C2)CC1
C1CCC(C2CCC3CC4C(CCC32)CCC42CCCC2)CC1
C1CCC(CC2CCCC2CC2CC3CCCCC3C3CCC4CCCCCC4C23)CC1
C(CCCC1CCCC2C(C3CCCCC3)CCC12)CCC1CCC(C2CCCC2)C1
C1CCC(CCCC(CC2CC3CCCCC3C2)C2CCCC2)CC1
C1CCC(CC2CC3CCCCC3C3CCC4CCCCC4C23)CC1
C1CCC(C2CCC3CC4C(CCC5C6CCC(CCCC7CCC8CCCCC8C7)C6CCC45)CC32)CC1
C1CCC(C2CCC3CC4(CCCCCC4C4CCCCC4)CCC32)CC1
C1CCC(C2CCC3CC4C(CCC32)CCC2C3CCC(CCCC5CCC6CCCCC6C5)C3CCC42)CC1
C1CCC(CCCCC2CC3CCCCC3C2)CC1
C1CCC(C2CCC3C(CCC4CCCCC43)C2)CC1
C1CCC(CCCCCC2CCCC3C(CC4CCC(CC5CC5)CC4)CCC23)CC1
C1CCC(CCCCCC2CCCC3C(C4CCCCC4)CCC23)CC1
C(CCCC1CCCC2C(C3CCCCC3)CCC12)CCC1CCCCC1
C(CCC1CCCC2CCCCC12)CC1CC2CCCCC2C1
C1CCC(C2CC3CCCCC3C3CCC4CCCCC4C23)CC1
C1CCC(C2CC3CCCCC3C3CCCCC23)CC1
C1CCC(C2CC3CCCC3C3CCC4CCCCCC4C23)CC1
C1CCC(C2CCC3C(CCCC4CCCCC43)C2)CC1
C(CCC1CCC2CCCCC2C1)CCC1CCCC2CCCCC12
C1CCC(CCCCC2CCC3CCC(C4CCCC5CCCC54)CC3C2)CC1
C1CCC(CCC2CCC(C3CCC4C(CCC4C4CCCCC4)C3)CC2)CC1
C1CCC2C(C1)CCCC1C3CCCC3CCC21
C1CCC(CC2CC3CCCCC3C3CCC4CCCCC4C23)CC1
C(CCCC1CCCC2CCCCC12)CCC1CCC(C2CCCCC2)C1
C1CCC(CC2CC3CCCCC3C3CCC4CCCCC4C23)C1
C1CCC(CCC2CCC3C(CCC4CCCCC43)C2)CC1
C1CCC2CC(CCCC3CCCC4CCCCC43)CC2C1
C1CCC2CCC(C3CCCC4CCCC43)CC2CC1
C1CCC2CC(C3CCC4CCCCC43)CCC2C1
C1CCC(CCCCC2CCC3C2CCC2C4CCCCC4CCC32)C1
C1CCC(C2CCC3CC4C(CCCC4CC4CCC5CCCCC54)CCC32)CC1
C1CCC(C2CC3CCCC3C3CCC4CCCCC4C23)CC1
C(CCCC1CCCC2C(C3CCCCC3)CCC12)CCC1CCCCC1
C(CC1CCC2CCCCC2C1)CC1CCC2CCC(C3CCCC4CCCC43)CC2C1
C1CCC(C2CC3CCCC3CC3CCC4CCCCC4C32)CC1
C1CCC(CCC2CCC3C(CCC3C3CCCC3)C2)CC1
C(CCC1CCCC2CCCC12)CC1CCCC2CCCCC12
C1CCC(CCC2CCC3C(CCC3C3CCCCC3)C2)CC1
C1CCC(C2CCC3CC4C(CCC5C6CCCC(CCCC7CCC8CCCCC8C7)C6CCC45)CC32)CC1
C1CCC(C2CCC3CC4C(CCC45CCCC5)CC32)CC1
C1CCC2C(C1)CCCC2CCCC1CCCC2CCCCC21
C1CCC2C(C1)CCC1CCCCC12
C1CCC2CCC(C3CCCC4CCCC43)CC2CC1
C1CCC2C(C1)CCC1C3CCCC3CCC21
C1CCC(C2CCC3CCCC3C3CCC4CCCCC4C23)CC1
C1CCC(CCCC(CCC2CCC3CCCC3C2)CC2CCCCC2)CC1
C1CCC(C2CCC3CC4C(CCC32)CCC2C3CCC(CCCC5CC6CCCCC6C5)C3CCC42)CC1
C1CCC(C2CCC3CC4C(CCC5C6CCC(CCCC7CCCC8CCCCC87)C6CCCC45)CC32)CC1
C1CCC(CC2CCC(C3CC4CCCCC4C4CCC5CCCCC5C34)CC2)CC1
C1CCC(CC2CCC(CC(CC3CCCCC3)C3CCCCC3)CC2)CC1
C1CCC(CCC2CCC3C(CCC4C5CCCC5CC(CCC5CCCCC5)C34)C2)CC1
C1CCC(CCC2CCC(CCC3CCCCC3)CC2)CC1
C1CCC(C2CCC(CCCCCC3CCCC4CCCCC34)C2)CC1
C1CCC(CCCC2CCCC(C3CCC4CC(CCC5CCC6CCCCC6C5)CCC43)C2)CC1
C1CCC(CCCCC2CC3CCCCC3C2)CC1
C1CCC(CCCC2CCCC3CCC(C4CCCC5CCCC54)CC3C2)CC1
C(CCCC1CCC(C2CCCCC2)C1)CCC1CCCCC1
C1CCC2C(C1)CCC1C3CCCC3CCC21
C1CCC(CC2CC3CCCCC3C3CCC4CCCCC4C23)CC1
C1CCC(CCCCCC2CCCC3C(C4CCCCC4)CCC23)CC1
C1CCC(C2CC3CCCCC3C3CCCCC3C2)CC1
C1CCC2CCC3CCCCC3C2CC1
C(CCC1CCCC2CCCC12)CC1CC2CCCCC2C1
C1CCC(CCC(CC2CC3CCCCC3C2)C2CCCC2)CC1
C1CCC(CCCC(CC2CC3CCCCC3C2)C2CC2)CC1
C1CCC(CC2CCCC(CCC3CCC(CCC4CCC(C5CCC5)CC4)CC3)C2)C1
C1CCC(C2CCC3CCCC3C3CCCC4CCCCC4C23)CC1
C1CCC(CCC2CCC(CCC3CCCCC3)CC2)CC1
C1CCC(CCCCC2CC3CCCCC3C2)CC1
C1CCC(CCCCCC2C3CCCCC3CCC2C2CCCC3CCCC32)CC1
C1CCC(CC2CCC3CC4C(CCC45CCCCC5)CC23)CC1
C1CCC2CCC(C3CCCC4CCCC43)CC2CC1
C1CCC(CCC2CCC3C(CCC3C3CCCCC3)C2)CC1
C1CCC2CCC(C3CCCC4CCCC43)CC2CC1
C(CCC1CCC2C1CCC1C3CCCCC3CCC21)CC1CCC2CCCCC2C1
C1CCC(CC2CCCCC2CC2CC3CCCCC3C3CCC4CCCCCC4C23)CC1
C1CCC(CCCCCC2CCC3CCCCC23)CC1
C1CCC(C2CC3CCCC(C3)C3CCC4CCCCC4C32)CC1
C1CCC(C2CCC3CC4C(CCCC45CCCC5)CC32)CC1
C(CCCCC1CCC(C2CCCCC2)C1)CCCC1CCCCC1
C1CCC(CCCC2CCCC3CCC(C4CCCC5CCCC54)CC3C2)CC1
C1CCC2C(C1)CCC1C2CCC2C3CCCC3CC21
C1CCC(CCCCC2CCC3CCCC3C2)CC1
C1CCC2CC(C3CCCC4CCCC43)CCC2C1
C1CCC2C(C1)CCC1C2CCC2C3CCCC3CC21
C1CCC(CCCC2CCC3CCC(C4CCCC5CCCC54)CC3C2)CC1
C1CCC2CCCCC2C(CCCCC2CCCC3CCCCC23)C1
C1CCC(C2CCC3CCCC3C3CCC4CCCCC4C23)CC1
C1CCC2CC3CCC(C4CCCCC4)C3CC2CC1
C1CCC2C(C1)CCCC1CCCCC12
C1CCC(CCC2CCC3C(CCCC4C5CCCC5CCC34)C2)CC1
C1CCC2C(C1)CCC1C2CCC2C3CCCC3CC21
C1CCC(CCC2CCC3C(CCC3C3CCCCC3)C2)CC1
C1CCC(C2CC3CCCC3C3CCC4CCCCC4C23)CC1
C1CCC(CCCCCC2CC3CCCCC3C2)CC1
C1CCC2CC(CC3CCCC4CCCC43)CCC2C1
C1CCC(C2CC3CCCC3C3CCC4CCCCC4C23)CC1
C1CCC(CC2CC3CCCCC3C3CCC4CCCCCC4C23)CC1
C1CCC2CCC3C4CCC(CCCC5CC6CCCCC6C5)C4CCC3C2CC1
C1CCC(CCC2(CCCC3CCC4CCCCC4C3)CCC3C4CCCC5CCCCC5C4CCC32)C1
C1CCC2CC(C3CCCC4CCCC43)CCC2C1
C1CCC(CCCC2CCCC(C3CCC4CC(CCC5CCC6CCCCC6C5)CCC43)C2)CC1
C1CCC(CCCCC2CC3CCCCC3C2)CC1
C1CCC(CCC2CCC3C(CCC3C3CCCCC3)C2)CC1
C1CCC(C2CC3CCCC3C3CCC4CCCCCC4C23)CC1
C1CCC(C2CC3CCCCC3C3CCC4CCCCC4C23)CC1
C1CCC2CCC(C3CCCC4CCCC43)CC2CC1
C1CCC2C(C1)CCC1C3CCCC3CCC21
C(CCCC1CCCCC1)CCC1CCCCC1
C1CCC(CCCCC2CCC3CCCCC23)CC1
C1CCC(CCCCC2CC3CCCCC3C2)CC1
C1CCC(CCC2CCC3C(CC4CCCCC4)CCC3C2)CC1
C1CCC2CC(C3CCCC4CCCC43)CCC2C1
C1CCC(CCCC2CCCC(C3CCC4CC(CCC5CCC6CCCCC6C5)CCC43)C2)CC1
C1CCC(CCCCC2CC3CCCCC3C2)CC1
C1CCC(CC2CCC3CC4C(CCC5C6CCC(CCCC7CC8CCCCC8C7)C6CCC45)CC23)CC1
C1CCC(C2CCC3CC4C(CCC5C6CCC(CCCC7CCCC8CCCCC87)C6CCC45)CC32)CC1
C1CCC2CCC3CCCCC3C2CC1
C1CCC2CCC(C3CCCC4CCCC43)CC2CC1
C1CCC2C(C1)CCCC1C3CCCC3CCC21
C1CCC2CC(C3CCCC4CCCC43)CCC2C1
C1CCC(C2CC3CCCCC3CC3CCCCC32)CC1
C1CCC(CCC2CCC(C3CCC4C(CC5CCCCC5)CCC4C3)CC2)CC1
C1CCC2C(C1)CC(C1CCCC1)C1CCCC21
C1CCC(CCCCC2CCCC3CCCC23)CC1
C1CCC2CCC3C4CCCC4CC(C4CCC(C5CCC5)CC4)C3C2CC1
C1CCC(C2CC3CCCCC3C3CCC4CCCCC4C23)CC1
C1CCC2C(C1)CCC1CCCCC12
C1CCC(CC2CC3CCCCC3C3CCC4CCCCC4C23)C1
C(CCCC1CCCCC1)CCCC1CCC(CC2CCCCC2)C1
C1CCC(CCC2CCCCC2)CC1
C1CCC(C2CCC3CC4C(CCC32)CCC2C3CCC(CCCC5CCC6CCCCC6C5)C3CCC42)CC1
C1CCC(C2CC3CCCC3C3CCC4CCCCCC4C23)CC1
C1CCC2C(C1)CCCC1C3CCCC3CCC21
C1CCC2CCC3C4CCC(CCCC5CCCC5)C4CCC3C2CC1
C1CCC2CC(CC3CCCC4CCCC43)CCC2C1
C(CCC1CCCC2CCCCC12)CC1CCC2CCCCC2C1
C1CCC(CCCCCC2CC3CCCCC3C2)CC1
C1CCC(C2CC3C(CCC4CC4)CCC3C3CCCC4CCCCC4C23)CC1
C1CCC(CCC2CCC3C(CCC3C3CCCCC3)C2)CC1
C1CCC(C2CCC3CC4C(CCCC45CCCC5)CCC32)CC1
C1CCC(C2CCC3CC4C(CCC5C6CCCCC6CCC45)CC32)CC1
C1CCC(CCC2CCC(CCC3CCCC(CC4CCCCC4)C3)CC2)CC1
C1CCC(C2CC3CCCC3C3CCC4CCCCC4C23)CC1
C1CCC(C2CCC(CCCCC3CCC4C3CCC3C5CCCCC5CCC43)C2)CC1
C1CCC(CC2CCC3(CCC4CC5C(CCC5C5CCCCC5)CC43)C2)CC1
C1CCC(CCC2CCC(C3CC3)CC2)CC1
C1CCC(C2CCC3CCCC3C3CCC4CCCCC4C23)CC1
C1CCC(C2CCCC(CC3CC4CCCCC4C4CCC5CCCCC5C34)C2)C1
C1CCC(CCC2CCCCC2)CC1
C1CCC(CCCCCC2CC3CCCCC3C2)CC1
C1CCC(CC2CC3CCCCC3C3CCC4CCCCCC4C23)CC1
C1CCC(CCCC2CCCCC3CCC(C4CCCC5CCCC54)CC23)CC1
C1CCC(C2CCC3CC4C(CCC45CCCCC5)CC32)CC1
C1CCC(CCC(CCC2CCC3CCCC3C2)CC2CCCCC2)CC1
C1CCC2CC(CCCC3CCCCC4CCCCC43)CC2C1
C1CCC(CCCCCC2CCCC3C(CC4CCCCC4)CCC23)CC1
C1CCC(CCCC2CCCC3CCC(C4CCCC5CCCC54)CC3C2)CC1
C1CCC(C2CCC(CCCCCC3CCCC4CCCCC34)C2)CC1
C1CC2CCC3C(CCC4CCCCC43)CC2C1
C1CCC(CCC(CC2CC3CCCCC3C2)C2CC2)CC1
C1CCC(C2CCCCC2CC2CC3CCCCC3C3CCC4CCCCC4C23)CC1
C1CCC2C(C1)CCC1C3CCCC3CCC21
C1CCC(C2CC3CCCC3C3CCC4CCCCC4C23)CC1
C1CCC(C2CC3CCCC3C3CCC4CCCCC4C23)CC1
C1CCC2CC(CCCC3CCC4C3CCCC3C5CCCCC5CCC34)CCC2C1
C1CCC(CCCCCC2CCCC3C(C4CCCCC4)CCC23)CC1
C1CCC(C2CCC3CC4CCCCC4CC32)CC1
C1CCC(C2CCC3CC4C(CCCC45CCCC5)CCC32)CC1
C1CCC(CCCC2CCC3CCC(C4CCCC5CCCC54)CC3C2)CC1
C1CCC(CCC2CCC(CCC3CCCCC(CC4CCCC4)C3)CC2)CC1
C1CCC(C2CCC3CC4C(CCCC45CCCC5)CC32)CC1
C1CCC2CCC(C3CCCC4CCCC43)CC2CC1
C1CCC2C(C1)CCCC1C3CCCC3CCC21
C1CCC(CCC(CCC2CCC3CCCC3C2)CC2CCCCC2)CC1
C(CCC1CC2CCCCC2C1)CCC1CCCC2CCCC12
C1CCC(CCC2CCCC3CCC4C(CCC4C4CCCCC4)CC23)CC1
C1CCC2CCC3C4CCCC4CCC3C2CC1
C(CCCC1CCCC2C(C3CCCCC3)CCC12)CCC1CCC(C2CCCC2)C1
C1CCC2CC(CC3CCCC4CCCC43)CCC2C1
C1CCC(CCCCC2CCCC3CCCC23)CC1
C1CCC2C(C1)CCCC1C2CCC2C3CCCC3CC21
C1CCC(CCC2CC3CCCCC3C3CCC4CCCCC4C23)CC1
C1CCC(CCCCC2CC3CCCCC3C2)CC1
C1CCC2CC(C3CCCC4CCCC43)CCC2C1
C(CCCC1CCCC2C(C3CCCCC3)CCC12)CCC1CCCCC1
C1CCC2C(C1)CCC1C3CCCCC3CCC21
C1CCC(C2CC3CCCC3C3CCC4CCCCCC4C23)CC1
C(CCCCCCC1CCC(CCC2CCC(CCC3CCCC3)C2)C1)CCCCCCC1CCC2C1CCC1C3CCCCC3CCC21
C(CCCC1CCC2CCCC2C1)CCCC1CCC(C2CCCCC2)C1
C1CCC(C2CC3CCCC3C3CCC4CCCCC4C23)CC1
C1CCC2CC(CCCC3CCC4C3CCC3C5CCCCC5CCC43)CC2C1
C1CCC2CCC(C3CCCC4CCCC43)CC2CC1
C1CCC(CCC2CCC3C(CCC3C3CCCCC3)C2)CC1
C1CCC(C2CC3CCCC3C3CCC4CCCCC4C23)CC1
C1CCC(C2CCC3CCCC3C3CCC4CCCCC4C23)CC1
C(CCCC1CCCC2C(C3CCCCC3)CCC12)CCC1CCCCC1
C1CCC(CCCCC2CC3CCCCC3C2)CC1
C1CCC(CC2CCC3C(CC4CCCCC4)CCC3C2)CC1
C1CCC(CCCCC2CCC3C2CCC2C4CCCCC4CCCC32)CC1
C1CCC(CCC2CCC(CCC3CCCC(CC4CCCC4)C3)CC2)CC1
C1CCC(C2CCC3CC4C(CCCC45CCCC5)CC32)CC1
C1CCC(C2CC3CCCC3C3CCC4CCCCC4C23)CC1
C1CCC(CC2CC3CCCCC3CC3CCC4CCCCC4C32)CC1
C1CCC(CCCC2CCC3CCC(C4CCCC5CCCC54)CC3C2)CC1
C1CCC2C(C1)CCCC2CCCC1CCCC2CCCCC21
C1CCC2C(C1)CCC1C3CCCC3CCCC21
C(CCCC1CCCC2C(C3CCCCC3)CCC12)CCC1CCCCC1
C1CCC(C2CC3CCCC3C3CCC4CCCCCC4C23)CC1
C1CCC(CCCCCC2CCC3CCCCC23)CC1
C1CCC2CC(C3CCCC4CCCC43)CCC2C1
C1CCC2CCC3C4CCC(CCCC5CCCC5)C4CCC3C2CC1
C1CCC2CC(C3CCCC4CCCC43)CCC2C1
C1CCC(CCCC2CCC3C(CCC3C3CCCCC3)C2)CC1
C1CCC(CCC2CCCC3CC4C(CCC4C4CCCCC4)CC23)CC1
C1CCC(CCCCCC2CC3CCCCC3C2)CC1
C1CCC(CC2CC3CCCCC3C3CCC4CCCCCC4C23)CC1
C1CCC(CCCCC2CC3CCCCC3C2)CC1
C1CCC(CCC2CCC3C(CCC3C3CCCCC3)C2)CC1
C1CCC(CCCCC2CCC3CCCCC23)CC1
C1CCC(C2CCC3(CCC4CCC5C(CCC5C5CCCCC5)CC43)C2)CC1
C(CCC1CCCC2CCCCC12)CC1CCCC2CCCCC12
C1CCC(CCCCCC2CC3CCCCC3C2)CC1
C1CCC(CCCCC2CCC3CCCCC23)CC1
C1CCC(CCCCCC2CCCC3C(C4CCCCC4)CCC23)CC1
C1CCC(CCC2CCC(CCC3CCCCC3)CC2)CC1
C1CCC2CC(C3CCCC3)C3CCCC3C2CC1
C1CCC(CC2CC3CCCCC3C3CCC4CCCCC4C23)CC1
C1CCC(CCCCC2CC3CCCCC3C2)CC1
C1CCC(CCCCCC2CCCC3C(CC4CCCCC4)CCC23)CC1
C1CCC(C2CCC3C(CCCCCC4CCC4)CCCC23)CC1
C1CCC2CCC3CCCCC3C2CC1
C1CCC(C2CCC(CCCCCC3CCCC4CCCCC34)C2)CC1
C1CCC(CCCCCC2CC3CCCCC3C2)CC1
C(CCCCC1CCC(C2CCCCC2)C1)CCCC1CCCCC1
C1CCC(CCCCC2CCC3CCCC3C2)CC1
C1CCC(CCCCCC2CCC3CCCCC23)CC1
C1CCC(CCC2CCC(C3CC3)CC2)CC1
C1CCC(CC2CCC(CC(CC3CCCCC3)C3CCCCC3)CC2)CC1
C1CCC(CCC2CCC3C(CCC3C3CCCCC3)C2)CC1
C(CCC1CCC2CCCCC2C1)CCC1CCCC2CCCCC12
C1CCC(C2CCC3CC4C(CCC4C4CCCC4)CC32)CC1
C1CCC(C2CCC3(CCC4CCC5C(CCC5C5CCCCC5)CC43)C2)CC1
C1CCC(CCCCC2CCC3CCCC3C2)CC1
C1CCC(C2CCC3CC4C(CCCC45CCCC5)CC32)CC1
C1CCC(CCCCCC2CCC3CCCCC23)CC1
C1CCC(C2CCC3CC4C(CCCCC45CC(C4CCCCC4)C(C4CCCCC4)C5)CC32)CC1
C1CCC2CC(C3CCCC4CCCC43)CCC2C1
C1CCC2CCC(C3CCCC4CCCC43)CC2CC1
C(CCC1CCCC2CCCCC12)CC1CCC2CCCCC2C1
C(CCCC1CCCCC1)CCCC1CCC(C2CCCCC2)C1
C1CCC(CCCCC2CC3CCCCC3C2)CC1
C1CCC(C2CC3CCCC3C3CCC4CCCCCC4C23)CC1
C1CCC(CC2CC3CCCCC3C3CCC4CCCCC4C23)C1
C1CCC(CCCCC2CC3CCCCC3C2)CC1
C1CCC(CCCC2CCC3C(CCC3C3CCCCC3)C2)CC1
C1CCC(CCCCCC2CC3CCCCC3C2)CC1
C(CC1CCC2CCCC2C1)CC1CCC2CCC(CC3CCCC4CCCC43)CC2C1
C1CCC(CC2CCC3C(CCCCCC4CCC(C5CCCC5)C4)CCCC23)CC1
C1CCC2CC(C3CCCC4CCCC43)CCC2C1
C(CCCC1CCCC2C(C3CCCCC3)CCC12)CCC1CCC(C2CCCC2)C1
C1CCC(CCCCCC2CCCC3C(CC4CCCCC4)CCC23)CC1
C1CCC(C2CCC3C(CCCCCC4CCC(C5CCCC5)C4)CCCC23)CC1
C1CCC(CCCCC2CC3CCCCC3C2)CC1
C1CCC(CCCCCC2CCCC3C(C4CCCCC4)CCC23)CC1
C1CCC(CCCCCC2CCCC3C(CC4CCCCC4)CCC23)CC1
C(CCCC1CCCC2C(C3CCCCC3)CCC12)CCC1CC1
C1CCC2C(C1)CCC1C2CCC2C3CCCC3CC21
C1CCC(CCCC2CCCCC2)CC1
C1CCC(C2CCC3C(CCC4CCCCC43)C2)C1
C(CCCC1CCCC2CCCCC12)CCC1CCC(C2CCCCC2)C1
C1CCC(CCC2CCC3C(CCC3C3CCCCC3)C2)CC1
C1CCC(CCC2CCC3C(CCC4C5CCCC5CCC34)C2)CC1
C1CCC2C(C1)CCC1C3CCCC3CCC21
C(CCC1CCC2C1CCC1C3CCCCC3CCC21)CC1CC2CCCCC2C1
C1CCC2C(C1)CCC1C2CCC2C3CCCC3CC21
C1CCC(CC23CCCCC2CCC2C4CCCC4CCC23)CC1
C1CCC(CCC2CCC3C(CCC3C3CCCCC3)C2)CC1
C(CCC1CCC2CCCCC2C1)CCC1CCCC2CCCCC12
C1CCC(C2CC3CCCC3C3CCC4CCCCCC4C23)CC1
C1CCC(CC2CCC3C(CCC3C3CCCCC3)C2)CC1
C1CCC2C(C1)CCC1C3CCCC3CCC21
C1CCC(CCCC2CCCC(C3CCC4CC(CCC5CCC6CCCCCC6C5)CCC43)C2)CC1
C1CCC(CCCCC2CC3CCCCC3C2)CC1
C(CCCCCCC1CCC(CCC2CCC(CCC3CCCC3)C2)C1)CCCCCCC1CCC2C1CCC1C3CCCCC3CCC21
C1CCC(CCC2CCCC3CC4C(CCC4C4CCCCC4)CC23)CC1
C1CCC2CC(CCCC3CCCCC4CCCCC43)CC2C1
C1CCC(CCC2CCCCC2)CC1
C(CCCCC1CCC(C2CCCCC2)C1)CCCC1CCCCC1
C1CCC(CCCCC2CC3CCCCC3C2)CC1
C1CCC(C2CC3CCCC3C3CCC4CCCCC4C23)CC1
C(CCC1CCC2CCCC2C1)CC1CCC(C2CCCC2)CC1
C1CCC(CCCC2CCC3CCC(C4CCCC5CCCC54)CC3C2)CC1
C1CCC(C2CCC3(CCC4CC5C(CCC5C5CCCCC5)CCC43)C2)CC1
C1CCC(C2CCC3CC4C(CCC5C6CCCCC6CCC45)CC32)CC1
C(CCC1CCCC2CCCCC12)CC1CCC2CCCCC2C1
C1CCC(CCC2(CCCC3CC4CCCCC4C3)CCC3C4CCC5CCCCC5C4CCC32)C1
C(CCCC1CCCCC1)CCC1CCCCC1
C1CCC(CC2CCCC(C3CCC4CC(CCC5CCC6CCCCC6C5)CCC43)C2)C1
C1CCC(CCCCC2CC3CCCCC3C2)CC1
C1CCC(CCCCC2CC3CCCCC3C2)CC1
C(CCC1CCCC2CCCCC12)CC1CCC2CCCCC2C1
C1CCC(CCC2CCC3C(CCC4C5CCCC5CCC34)C2)CC1
C1CCC(CCCCCC2CCC3CCCCC23)CC1
C(CCCC1CCCCC1)CCCC1CCC(C2CCCCC2)C1
C(CCC1CCC2CCCC2C1)CC1CCC(C2CCCC2)CC1
C1CCC2CCC(C3CCCC4CCCC43)CC2CC1
C1CCC(CC2CC3CCCCC3C3CCC4CCCCC4C23)CC1
C1CCC(CCCC2(CCC3CCCC3)CCC3C4CCC5CCCCCC5C4CCC32)CC1
C1CCC(CCC2CCC3C(CC4CCCCC4)CCC3C2)CC1
C(CCCC1CCCCC1)CCCC1CCC(C2CCCCC2)C1
C1CC(C2CCC(C3CCC4CCCC4C4CCC5CCCCC5C34)CC2)C1
C1CCC(CCCCC2CCC3CCC(C4CCCC5CCCC54)CC3C2)CC1
C1CCC(CCC(CCC2CCC3CCCC3C2)CC2CCCCC2)CC1
C(CCCC1CCCCC1)CCCC1CCC(C2CCCCC2)C1
C1CCC2CC(C3CCCC4CCCC43)CCC2C1
C1CCC2CCC3C4CCC(CCCC5CC6CCCCC6C5)C4CCC3C2CC1
C1CCC(CCCCC2CC3CCCCC3C2)CC1
C1CCC2C(C1)CC(C1CCCC3CCCC31)C1CCCCC21
C1CCC(C2CCC3CC4C(CCC45CCCC5)CC32)CC1
C1CCC(CCCCCC2CC3CCCCC3C2)CC1
C1CCC(C2CCC(C3CC4CCCC4C4CCC5CCCCC5C34)CC2)C1
C1CCC(C2CC3CCCC3C3CCCC4CCCCC4C23)CC1
C1CCC(CCCCCC2CCC3CCCCC23)CC1
C1CCC(CC2CC3CCCCC3C3CCC4CCCCC4C23)CC1
C1CCC(CCCCC2CCCC3CCC(C4CCCC5CCCC54)CC3C2)CC1
C1CCC(CCCCC2CCC3CCCCC23)CC1
C1CCC(CCCCCC2CC3CCCCC3C2)CC1
C1CCC2CCC3C4CCCC4CCC3C2CC1
C1CCC(C2CCC3CCCC3C3CCC4CCCCC4C23)CC1
C1CCC2CCC(C3CCCC4CCCC43)CC2CC1
C1CCC(CCCCCC2CCC3CCCCC3C2)CC1
C(CCCC1CCCCC1)CCCC1CCC(C2CCCCC2)C1
C1CCC(CCCCC2CC3CCCCC3C2)CC1
C1CCC(C2C3CCCC3CC3CC4CCCC4CC32)CC1
C1CCC2CC(C3CCCC4CCCC43)CCC2C1
C1CCC(CCC2CCC(CCC3CCCC(CC4CCCC4)C3)CC2)CC1
C(CCC1CCCC2CCCC12)CC1CC2CCCCC2C1
C1CCC(CCC2CCC3C2CCC(C2CCCCC2)C2C4CCCCC4CCC32)CC1
C1CCC(CCC2CCC(CC3CC3)CC2)CC1
C1CCC2CC(C3CCCC4CCCC43)CCC2C1
C1CCC2CCC(C3CCCC4CCCC43)CC2CC1
C1CCC2CC(C3CCCC4CCCC43)CCC2C1
C1CCC2CCC(C3CCCC4CCCC43)CC2CC1
C1CCC(CCCCC2CCC3CCCCC23)CC1
C1CCC(CCCCCC2CC3CCCCC3C2)CC1
C1CCC(C2CCC(CCCCCC3CCCC4CCCCC34)C2)CC1
C1CCC(CCCCC2CCC3C2CCC2C4CCCCCC4CCC32)CC1
C1CCC(CC2CC3CCCCC3C3CCC4CCCCC4C3C2)CC1
C1CCC(CCCCCC2CCCC3C(C4CCCCC4)CCC23)CC1
C1CCC2CCC3C4CCCC4CC(C4CCC(CCCCC5CCC6C(CCC7C8CCCC8CCC67)C5)CC4)C3C2CC1
C1CCC(CCCCC2CC3CCCCC3C2)CC1
C1CCC(C2CCC3(CCC4CCC5C(CCC5C5CCCCC5)CC43)C2)CC1
C1CCC2CC(CCCC3CCCCC4CCCCC43)CC2C1
C1CCC(CCC2CCC3C(CCC3C3CCCCC3)C2)CC1
C1CCC(C2CCC3C(CCC4CCCCC43)C2)CC1
C1CCC2C(C1)CCC1C2CCC2C3CCCC3CCC21
C1CCC(CCCC(CC2CC3CCCCC3C2)C2CC2)CC1
C1CCC(C2CC3CCCC3C3CCC4CCCCC4C23)CC1
C1CCC(C2CC3CCCC3C3CCC4CCCCC4C23)CC1
C1CCC(C2CCC3CC4C(CCC5C6CCC(CCCC7CC8CCCCC8C7)C6CCC45)CC32)CC1
C1CCC(CCCCC2CCC3CCCCC23)CC1
C(CCCC1CCCC2C(C3CCCCC3)CCC12)CCC1CCC(C2CCCC2)C1
C1CCC2C(C1)CCC1C3CCCC3CCC21
C1CCC(CCC2CCC(C3CCC4C(CCC4C4CCCCC4)C3)CC2)CC1
C1CCC(C2CCC(CCCC3CCC4C3CCC3C5CCCCCC5CCC43)C2)CC1
C1CCC2CCC3CCCCC3C2CC1
C(CCC1CCCC2CCCCC12)CCC1CCCC2CCCCC12
C1CCC(C2CC3CCCCC3C3CCC4CCCCC4C23)CC1
C1CCC2CC(C3CCCC4CCCC43)CCC2C1
C1CCC(CCCCCC2CC3CCCCC3C2)CC1
C1CCC(CCC2CCC(CCC3CCCC(CC4CCCC4)C3)CC2)CC1
C1CCC(C2CC3CCCC3C3CCC4CCCCC4C23)CC1
C1CCC(CCCC(CC2CC3CCCCC3C2)C2CC2)CC1
C(CCC1CCCC2CCCCC12)CC1CC2CCCCC2C1
C1CCC(CCCCCC2CCCC3C(C4CCCCC4)CCC23)CC1
C1CC2CCCC3C(CCC4CCC5CC5C43)C2C1
C1CCC(CC2CCC3C(CCC3C3CCCCC3)C2)CC1
C1CCC(CC2CCC3CC4C(CCC45CCCCC5)CC23)CC1
C1CCC(CCC2CCC3C(CCC3C3CCCCC3)C2)CC1
C1CCC2CC3CCC4C(CCCC5CCCC6CCCCC65)CCC4C3CCC2C1
C1CCC(C2CCCC3CCCC3C3CCC4CCCCC4C23)CC1
C1CCC(CC2CCCC(CC3CCC4CC(CCC5CCC6CCCCC6C5)CCC43)C2)C1
C1CCC(C2CC3CCCCC3C3CCC4CCCCC4C23)CC1
C1CCC(CC2CCCCC2CC2CC3CCCCC3C3CCC4CCCCCC4C23)CC1
C1CCC2CCC3C(CCC4C5CCCC5CC43)C2CC1
C1CCC2CC(CC3CCCC4CCCC43)CCC2C1
C(CCCC1CCCC2C(C3CCCCC3)CCC12)CCC1CCCCC1
C(CCCC1CCCC2C(C3CCCCC3)CCC12)CCC1CCCCC1
C1CCC(CCCCCC2CC3CCCCC3C2)CC1
C1CCC2CC(CC3CCCC4CCCC43)CCC2C1
C1CCC2CCC3C4CCCCC4CC(CC4CCCC4)C3C2CC1
C1CCC(CCCCC2CC3CCCCC3C2)CC1
C1CCC(C2CC3CCCC3C3CCC4CCCCC4C23)CC1
C1CCC(CCC2CCC3C(CCC3C3CCCCC3)C2)CC1
C1CCC(C2CCC3CCC4(CCCCC4)C3C2)CC1
C1CCC2C(C1)CCC1C3CCCCC3CCC21
C1CCC2CCC(C3CCCC4CCCC43)CC2CC1
C1CCC(CC2CCCC2CC2CC3CCCCC3C3CCC4CCCCC4C23)CC1
C1CCC(C2CCC3CC4C(CCCC5CCC5)CCCC4CC32)CC1
C(CCC1CCC2CCCCC2C1)CCC1CCCC2CCCC12
C1CCC(CC(CC2CCCCC2)C2CCCCC2)CC1
C1CCC(C2CC3CCCC3C3CCC4CCCCC4C23)CC1
C1CCC2CCC3C(CCC4C3CCC4(CCCC3CCC4CCCCC4C3)CCC3CCCC3)C2CC1
C(CCC1CCC2C1CCC1C3CCCCC3CCC21)CC1CCC2CCCCC2C1
C1CCC(C2CC3CCCC3C3CCC4CCCCC4C23)CC1
C1CCC(C2CCC3CC4CCCCC4CCC32)CC1
C1CCC(C2CCC3C(CCC34CCCC4)C3CCC4CCCCC4C23)CC1
C1CCC2CCC3C(CCC4C3CCC4(CCCC3CC4CCCCC4C3)CCC3CCCC3)C2CC1
C1CCC(CCCCC2CC3CCCCC3C2)CC1
C1CCC2CC(C3CCCC4CCCC43)CCC2C1
C(CCC1CCCC2CCCCC12)CC1CC2CCCCC2C1
C1CCC2CC(C3CCCC4CCCC43)CCC2C1
C(CCCC1CCCCC1)CCCC1CCC(C2CCCCC2)C1
C1CCC(C2CCC3CC4C(CCC5C6CCCC(CCCC7CC8CCCCC8C7)C6CCC45)CC32)CC1
C1CCC2C(C1)CCC1C3CCCCC3CCC21
C1CCC(C2CCC3CC4C(CCCC5CC5)CCCC4CC32)CC1
C1CCC(CCCCC2CC3CCCCC3C2)CC1
C1CCC(CC2CCC3CCCCC3C3CCC4CCCCC4C23)CC1
C(CCCC1CCCC2C(C3CCCCC3)CCC12)CCC1CCCCC1
C1CCC2CC(CCCC3CCC4C3CCCC3C5CCCCC5CCC34)CC2C1
C1CCC2C(C1)CCCC1C2CCC2C3CCCC3CC21
C1CCC(C2CC3CCCCC3C3CCCCC23)CC1
C1CCC(CCC2CCC3C(CCC3C3CCCCC3)C2)CC1
C1CCC(CCCCC2CC3CCCCC3C2)CC1
C1CCC(CCCCC2CC3CCCCC3C2)CC1
C1CCC2C(C1)CCC1C3CCCC3CCC21
C1CCC(C2CCC3CC4C(CCC5C6CCC(CCCC7CCCC8CCCCC87)C6CCCC45)CC32)CC1
C1CCC(CCC2CCC3C(CCC4CC(C5CCCCC5)CCC43)C2)CC1
C1CCC(CCCCC2CCC3C2CCC2C4CCCCC4CCC32)CC1
C1CCC2CCC(C3CCCC4CCCC43)CC2CC1
C1CCC(CCC2CCC3C(CCC4C5CCCC5CCC34)C2)CC1
C1CCC(CCCCCC2CC3CCCCC3C2)CC1
C1CCC(C2CCC3CC4C(CCCC45CCCC5)CC32)CC1
C(CCCC1CCCC2C(C3CCCCC3)CCC12)CCC1CCCCC1
C1CCC(CCC2(CCCC3CC4CCCCC4C3)CCC3C4CCC5CCCCC5C(CCC32)C4)C1
C1CCC(CC2CC3CCCCC3C3CCC4CCCCC4C23)CC1
C1CCC2CC(CCCC3CCC4C3CCC3C5CCCCC5CCC43)CC2C1
C1CCC(CCCCCC2C3CCCCC3CCC2C2CCCC3CCCC32)CC1
C1CCC(CCC2CC3CCCCC3C3CCC4CCCCC4C23)C1
C(CCC1CCCC2CCCCC12)CC1CCC2CCCCC2C1
C1CCC(CCCC2CCC(C3CCC4C(CCC4C4CCCCC4)C3)CC2)CC1
C(CCC1(C2CCCC2)CCCC2CCCCC21)CC1CCC2CCCCC2C1
C1CCC2CC(C3CCCC4CCCC43)CCC2C1
C1CCC(CCCCC2CC3CCCCC3C2)CC1
C1CCC(C2CCC3(CC2)CCC2CC4C(CCC4C4CCCCC4)CC23)CC1
C1CCC(C2CC3CCCC3C3CCC4CCCCC4C23)CC1
C1CCC2CCC(C3CCCC4CCCC43)CC2CC1
C1CCC(CCCCCC2CCC3CCCCC23)CC1
C1CCC(C2CCC3CC4C(CCC5C6CCC(CCCC7CCC8CCCCC8C7)C6CCC45)CC32)CC1
C1CCC(CC2CCC3C(CC4CCCCC4)CCC3C2)CC1
C1CCC2CC(CC3CCCC4CCCC43)CCC2C1
C1CCC(CCC2CCC3C(CCC4C5CCCC5CCC34)C2)CC1
C1CCC(C2CC3CCCC3C3CCC4CCCCC4C23)CC1
C1CCC(CCCCC2CCC3C2CCC2C4CCCCCC4CCC32)CC1
C(CCC1CCCC2CCCC12)CC1CC2CCCCC2C1
C1CCC2C(C1)CCC1CCCCC12
C(CCCC1CCCCC1)CCCC1CCC(C2CCCCC2)C1
C1CCC2CCC3CCCCC3C2CC1
C1CCC(C2CC3CCCCC3C3CCCCC3C2)CC1
C1CCC(CCCCCC2CCCC3C(C4CCCCC4)CCC23)CC1
C1CCC2CCC(C3CCCC4CCCC43)CC2CC1
C1CCC(CCC2CCC(C3CC3)CC2)CC1
C1CCC(CCC2CCC3C(CC4CCCCC4)CCC3C2)CC1
C1CCC2CCC3C4CCC(CCCC5CC6CCCCC6C5)C4CCC3C2CC1
C1CCC(C2CC3CCCC3C3CCC4CCCCC4C23)CC1
C1CCC(C2CCC3CCC4CCCCC4C3CC2)C1
C1CC(CC2CCC(C3CC4CCCC4C4CCC5CCCCC5C34)CC2)C1
C1CCC(CCCCC2CC3CCCCC3C2)CC1
C1CCC2C(C1)CCC1C2CCC2C3CCCC3CC21
C1CCC(CC2CCC3CC(C4CCCCC4)CCC23)CC1
C1CCC(C2CC3CCCC3C3CCCC4CCCCC4C23)CC1
C1CCC(C2CC3CCCC3C3CCC4CCCCC4C23)CC1
C1CCC(CC2CCC3CCC(C4CCCC4)CC32)C1
C1CCC(CCCCC2CC3CCCCC3C2)CC1
C1CCC(CCC2CCC(CC(CC3CCCCC3)C3CCCCC3)CC2)CC1
C1CCC(CCCC2CCC3C2CCCC2C4CC5CCC(C6CCCCC6)C5CC4CCC32)CC1
C1CCC(C2CCCC3C(CCC4CCCCC43)C2)CC1
C1CCC(CCC2CCC3C(CCC3C3CCCCC3)C2)CC1
C1CCC(C2CCC3C(CCC4CCCCC43)C2)CC1
C1CCC(C2CCC3CCCCC3C3CCCCC23)CC1
C(CCC1CCCC2CCCC12)CC1CC2CCCCC2C1
C1CCC(CC2CC3CCCCC3C3CCC4CCCCCC4C23)CC1
C1CCC(C2CCC3CCC4CCCCC4CC32)CC1
C1CCC(C2CCC3CCCC3C3CCC4CCCCC4C23)CC1
C1CCC(CCCCC2CC3CCCCC3C2)CC1
C1CCC(CCCCC2CC3CCCCC3C2C2CCCCC2)CC1
C1CCC(CCC2CCCCC2)CC1
C1CCC(CCC2CCC3C(CCC4CCCCC43)C2)CC1
C1CCC(CCC2CCC3C(CC4CCCCC4)CCC3C2)CC1
C1CCC(CC(CC2CCCCC2)C2CCCCC2)CC1
C1CCC2CCC(C3CCCC4CCCC43)CC2CC1
C1CCC(C2CC3CCCC3C3CCCC4CCCCC4C23)CC1
C1CCC2C(C1)CCC1C3CCCC3CCC21
C1CCC(CCCCCC2CCC3CCCCC23)CC1
C1CCC2CCC3CCCCC3C2CC1
C1CCC2CC(C3CCCC4CCCC43)CCC2C1
C1CCC2CCC(C3CCCC4CCCC43)CC2CC1
C1CCC(CCC2CCC(C3CC3)CC2)CC1
C1CCC(CCCC2CCC(CCC3CCCCC3)CC2)CC1
C1CCC2CC(CCCC3CCC4C3CCCC3C5CCCCC5CCC34)CCC2C1
C1CCC(C2CCC3CC4C(CCC5C6CCC(CCCC7CCC8CCCCC8C7)C6CCCC45)CC32)CC1
C1CCC(C2CCC3CC4C(CCCC45CCCC5)CC32)CC1
C1CCC2CC(C3CCCC4CCCC43)CCC2C1
C1CCC(C2CC3CCCCC3C3CCCCC23)CC1
C1CCC(CC2CCCCCC23CCCC2C(CCC2C2CCCCC2)C3)CC1
C1CCC(C2CCC3CC4C(CCCC45CCCCC5)CC32)CC1
C1CCC(CCCCC2CCC3CCCCC23)CC1
C1CCC(C2CC3CCCC3C3CCC4CCCCC4C23)CC1
C1CCC(CCCC2CCC3CCC(C4CCCC5CCCC54)CC3C2)CC1
C1CCC(CCCC2CC3CCCCC3C2C2CCCCC2)CC1
C(CCC1CCCC2CCCCC12)CC1CCC2CCCCC2C1
C1CCC2CC(C3CCCC4CCCC43)CCC2C1
C1CCCC(C2CCC3CC4C(CCC5C6CCCC6CCC45)CC32)CC1
C(CCCC1CCCCC1)CCCC1CCC(C2CCCCC2)C1
C1CCC2C(C1)CCC1C3CCCC3CCC21
C1CCC(C2CCCC(CC3CCC4CCCCC4C4CCC5CCCCC5C34)C2)C1
C1CCC(CCCCCC2CC3CCCCC3C2)CC1
C1CCC(CC2CCC3C(CCC3C3CCCCC3)C2)CC1
C1CCC(C2CC3CCCC3C3CCC4CCCCC4C23)CC1
C1CCC2CC(CC3CCCC4CCCC43)CCC2C1
C1CCC(CCCCC2CCC3CCCCC23)CC1
C(CCCC1CCCC2C(C3CCCCC3)CCC12)CCC1CCCCC1
C1CCC(CCCCCC2CC3CCCCC3C2)CC1
C1CCC(CCC2CCC3C(CCCC4C5CCCC5CC(CCC5CCCCC5)C34)C2)CC1
C1CCC2C(C1)CCC1C3CCCC3CCC21
C1CCC2CC(CCCC3CCC4C3CCC3C5CCCCC5CCC43)CC2C1
C1CC(C2CCC(C3CC4CCCC4C4CCC5CCCCC5C34)CC2)C1
C1CCC(CCCC2CCCC3CCC(C4CCCC5CCCC54)CC3C2)CC1
C1CCC(CCCCC2CCC3CCCCC23)CC1
C(CCCC1CCCC2C(C3CCCCC3)CCC12)CCC1CCCCC1
C1CCC2CCC3C4CCC(CCCC5CC6CCCCC6C5)C4CCC3C2CC1
C1CCC(CCCC2CCC3CCC(CC4CCCC5CCCC54)CC3C2)CC1
C1CCC2CCC3C4CCC(CCCC5CC6CCCCC6C5)C4CCC3C2CC1
C1CCC(CCCCCC2CCCCC2)CC1
C1CCC(CCC(CCC2CCC3CCCC3C2)CC2CCCCC2)CC1
C1CCC2CC(C3CCCC4CCCC43)CCC2C1
C1CCC(C2CCC3CC4C(CCC32)CCC2C3CCC(CCCC5CCC6CCCCC6C5)C3CCC42)CC1
C(CCCC1CCCC2C(C3CCCCC3)CCC12)CCC1CCCCC1
C1CCC(CCCCC2CC3CCCCC3C2)CC1
C1CCC2C(C1)CCC1C3CCCCC3CCC21
C1CCC2CC(C3CCCC4CCCC43)CCC2C1
C1CCC(CCCC2CCCC3CCC(C4CCCC5CCCC54)CC3C2)CC1
C1CCC(C2CCC3CCC4(CCCCCC4C4CCCCC4)CCC32)CC1
C(CCC1CCCC1)CCC1CCCC2CCCCC12
C1CCC(CCCCC2CC3CCCCC3C2)CC1
C1CCC(CC2CCC3C(CCC3C3CCCCC3)C2)CC1
C1CCC(CCCCC2CC3CCCCC3C2)CC1
C1CCC2CC(C3CCCC3)C3CCCCC3CC2C1
C1CCC(CCC2CCC(CCC3CCCCC3)CC2)CC1
C1CCC2CCC3C4CCCC4CCC3C2CC1
C1CCC(CCC2CCC3C(CCC3C3CCCCC3)C2)CC1
C1CCC(CCCCCC2CCCC3C2CCC3C2CCC(CC3CCC3)CC2)CC1
C1CCC(C2CCC3CC4C(CCC5CC6CCC(CCCC7CC8CCCCC8C7)C6CCC54)CC32)CC1
C(CCCC1CCCC2C(C3CCCCC3)CCC12)CCC1CCCCC1
C1CCC2CC(C3CCCC4CCCC43)CCC2C1
C1CCC(CCC2CC3CCCCC3C3CCC4CCCCC4C23)C1
C1CCC2CCC(C3CCCC4CCCC43)CC2CC1
C1CCC2CC(CC3CCCC4CCCC43)CCC2C1
C1CCC2CC(C3CCCC4CCCC43)CCC2C1
C1CCC(CCC2(CCCC3CC4CCCCC4C3)CCCC3C4CCC5CCCCC5C4CCC32)C1
C1CCC(C2CCC3CCC4C(CCC45CCCCC5)CC32)CC1
C1CCC(CC2CCCC(CCC3CCC(CCC4CCC(C5CC5)CC4)CC3)C2)C1
C1CCC2CC(C3CCCC4CCCC43)CCC2C1
C1CCC(CCCCC2CCC3CCCCC23)CC1
C1CCC2CC(CCCC3CCCC4C3CCC3C5CCCCC5CCC43)CC2C1
C(CCC1CCCC2CCCCC12)CC1CCC2CCCCC2C1
C1CCC(CCCCCC2CCC3CCCCC23)CC1
C(CCC1CC2CCCCC2C1)CCC1CCCC2CCCC12
C1CCC2CC(CCCC3CCC4C3CCC3C5CCCCC5CCC43)CC2C1
C1CCC2CCC(C3CCCC4CCCC43)CC2CC1
C(CCCC1CCCC2C(C3CCCCC3)CCC12)CCC1CCCCC1
C1CCC(C2CCC3C(CCC4CCCCC43)C2)CC1
C1CCC(CCC2CCCC3CCC4C(CCC4C4CCCCC4)CC23)CC1
C1CCC(CCCCCC2CC3CCCCC3C2)CC1
C1CCC2C(C1)CCC1C3CCCC3CCC21
C1CCC(C2CCC3CC4(CCCCC4C4CCCCC4)CCCC32)CC1
C1CCC2CCC3C4CCCC4CCC3C2CC1
C1CCC(C2CCC3CCC4(CCCCC4)CC3C2)CC1
C1CCC(CCCCCC2CC3CCCCC3C2)CC1
C1CCC2CCC(C3CCCC4CCCC43)CC2CC1
C1CCC(CCC2(CCCC3CC4CCCCC4C3)CCCC3C4CCC5CCCCC5C4CCC32)C1
C1CCC(C2CCC3CC4C(CCC5C6CCCC(CCCC7CC8CCCCC8C7)C6CCC45)CC32)CC1
C1CCC(CCCCCC2CCCC3C(C4CCCCC4)CCC23)CC1
C(CCCC1CCCC2C1CCC2C1CCCC(CC2CCCC2)C1)CCC1CCCCC1
C1CCC(CCC2(CCCC3CC4CCCCC4C3)CCCC3C4CCC5CCCCC5C4CCC32)C1
C1CCC(C2CCC3C(CCC34CCCC4)C3CCC4CCCCC4C23)CC1
C1CCC(CCCCC2CC3CCCCC3C2)CC1
C1CCC(CCCCC2CC3CCCCC3C2)CC1
C(CCC1CCC2C1CCC1C3CCCCC3CCC21)CC1CC2CCCCC2C1
C1CCC(C2CC3CCCC3C3CCC4CCCCC4C23)CC1
C1CCC(C2CCC3CC4C(CCC5C6CCC(CCCC7CC8CCCCC8C7)C6CCC45)CC32)CC1
C(CCC1CCCC2CCCCC12)CC1CCC2CCCCC2C1
C(CCCC1CCCCC1)CCCC1CCC(C2CCCCC2)C1
C1CCC(C2CC3CCCC3C3CCC4CCCCC4C23)CC1
C1CCC2C(C1)CCC1C3CCCC3CCC21
C1CCC(CCCCC2CC3CCCCC3C2)CC1
C1CCC(CC2CCC3CC4C(CCC45CCCCC5)CC23)CC1
C1CCC(CC2CCCC(C3CCC4CC(CCC5CCC6CCCCC6C5)CCC43)C2)C1
C1CCC(CC2CC3CCCCC3CC3CCC4CCCCC4C32)C1
C1CCC(CC2CC3CCCCC3CC3CCC4CCCCC4C32)CC1
C1CCC(C2CCC3CCCC3C3CCC4CCCCC4C23)CC1
C1CCC2CCCCC2C(CCCCC2CCCC3CCCCC23)C1
C1CCC(CCCCCC2CCCC3C(C4CCCCC4)CCC23)CC1
C1CCC(CCC2CCC3C(CCC4CCCCC43)C2)CC1
C1CCC(C2CC3CCCC3C3CCC4CCCCC4C23)CC1
C1CCC(C2CCC3CC4C(CCC45CCCCC5)CC32)CC1
C1CCC2CCC3C4CCCC4CCC3C2CC1
C1CCC(CCCCC2CC3CCCCC3C2)CC1
C1CCC(C2CCC3CC4C(CCCC5CC5)CCCC4CCC32)CC1
C1CCC(CCC2(CCCCC3CCC4CCCCC4C3)CCC3C4CCC5CCCCC5C4CCC32)C1
C1CCC2C(C1)CCC1C3CCCC3CCC21
C1CCC(C2CCC3CC4C(CCCC5CC5)CCCC4CC32)CC1
C(CCC1CCCC2CCCCC12)CC1CCC2CCCCC2C1
C1CCC(CCCCC2CC3CCCCC3C2)CC1
C1CCC(C2CCC3CCCC3C3CCC4CCCCC4C23)CC1
C1CCC(C2CCC3CCC4C(CCC5C6CCC(CCCC7CC8CCCCC8C7)C6CCC45)CC32)CC1
C1CCC(C2CCC3CCCC3C3CCC4CCCCC4C23)CC1
C1CCC2CC(C3CCCC4CCCC43)CCC2C1
C1CCC(CC2CCCCCC23CCCC2C(CCC2C2CCCCC2)C3)CC1
C(CCCCC1CCC(C2CCCCC2)C1)CCCC1CCCCC1
C1CCC(C2CCC3CC(C4CCC(CCC5CCCC5)CC4)CCC32)CC1
C1CCC(CCC2CCC(CCC3CCCC(CC4CCCCC4)C3)CC2)CC1
C1CCC(CCCC2CCC3C2CCCC2C4CC5CCC(C6CCCCC6)C5CC4CCC32)CC1
C1CCC(CCCCCC2CCCC3C(C4CCCCC4)CCC23)CC1
C1CCC(CCC2CCC3C(CCC3C3CCCCC3)C2)CC1
C(CCCC1CCCC2C(C3CCCCC3)CCC12)CCC1CCCCC1
C1CCC(CCC(CC2CCC3C(CCC3C3CCCCC3)C2)C2CCCCC2)CC1
C1CCC(C2CC3CCCC3C3CCCC4CCCCC4C23)CC1
C1CCC2C(C1)CCC1CCCCC12
C(CCCC1CCCC2C(C3CCCCC3)CCC12)CCC1CCC(C2CCCC2)C1
C1CCC2C(C1)CC(C1CCCC1)C1CCCCC21
C1CCC2C(C1)CCC1C2CCC2C3CCCC3CC21
C1CCC(CCCCCC2CC3CCCCC3C2)CC1
C1CCC2CC(C3CCCC4CCCC43)CCC2C1
C1CCC(CC2CC3CCCCC3C3CCC4CCCCC4C23)C1
C(CCC1CC2CCCCC2C1)CCC1CCCC2CCCC12
C1CCC(CCCCC2CC3CCCCC3C2)CC1
C1CCC(CCCCC2CC3CCCCC3C2)CC1
C1CCC(CCC2CCC(C3CC3)CC2)CC1
C1CCC(CCCC2CCCC3CCC(C4CCCC5CCCC54)CC23)CC1
C(CCC1CCCC2CCCCC12)CC1CCC2CCCCC2C1
C1CCC2CC(CCCC3CCC4C3CCC3C5CCCCC5CCC43)CC2C1
C1CCC(CCC2CCC3C(CCC3C3CCCCC3)C2)CC1
C1CCC(C2CC3CCCCC3C3CCCCC23)CC1
C1CCC(CCC2CCC3C(CCC4CC(CC5CCCCC5)CCC43)C2)CC1
C1CCC(C2CC3CCCC3C3CCC4CCCCCC4C23)CC1
C1CCC(C2CC3CCCC3C3CCCC4CCCCC4C23)CC1
C(CCCC1CCCC2C(C3CCCCC3)CCC12)CCC1CCCCC1
C1CCC(CCCCCC2CC3CCCCC3C2)CC1
C1CCC(CC2CCCC(CC3CC4CCCCC4C4CCC5CCCCC5C34)C2)CC1
C1CCC(C2CCC3CC4C(CCC45CCCCC5)CC32)CC1
C1CCC2CC(C3CCCC4CCCC43)CCC2C1
C1CCC(CCCC2CCC3C2CCC2C4CC5CCC(C6CCCCC6)C5CC4CCC32)CC1
C1CCC(CCCCC2CC3CCCCC3C2)CC1
C1CCC(CCCCC2CC3CCCCC3C2)CC1
C1CCC2C(C1)CCC1C2CCC2C3CCCCC3CC21
C1CCC(CCCCC2CCC3CCCCC23)CC1
C1CCC(C2CCC3CCC4C(CCC5C6CCC(CCCC7CC8CCCCC8C7)C6CCC45)CC32)CC1
C1CCC(CCC2CCC3C(CCC3C3CCCCC3)C2)CC1
C1CCC2C(C1)CCC1CCCCC12
C1CCC(CCC2CCC(C3CCC4C(CCC4C4CCCCC4)C3)CC2)CC1
C1CCC2CC(C3CCCC4CCCC43)CCC2C1
C1CCC(CC2CCC3C(CCCCCC4CCC(C5CCCC5)C4)CCCC23)CC1
C1CCC2C(C1)CCC1C3CCCC3CCC21
C1CCC(CCCC2CCCC(C3CCC4CC(CCC5CCC6CCCCC6C5)CCC43)C2)CC1
C1CCC(CCC2CCC3C(CCC3C3CCCCC3)C2)CC1
C1CCC2CC(C3CCCC4CCCC43)CCC2C1
C1CCC(CCC2CCC(CCC3CCCCC3)CC2)CC1
C1CCC(CCCCC2CC3CCCCC3C2)CC1
C1CCC2C(C1)CCC1C3CCCC3CCC21
C1CCC(CCCCC2CC3CCCCC3C2)CC1
C1CCC(CCC2CCCC3CC4C(CC5CCCCC5)CCC4CC23)CC1
C1CCC(CCCCC2CCC3CCCCC23)CC1
C1CCC(CCCCC2CCC3C2CCC2C4CCCCCC4CCC32)CC1
C1CCC(CCCCCC2CCCC3C(C4CCCCC4)CCC23)CC1
C1CCC(C2CCC3CC4C(CCC5C6CCCC(CCCC7CC8CCCCC8C7)C6CCC45)CC32)CC1
C1CCC(CCCCC2CC3CCCCC3C2)CC1
C1CCC(CCCCCC2CCC3CCCCC23)CC1
C1CCC2C(C1)CCC1C3CCCC3CCC21
C1CCC(C2CCC3C(CCC34CCCC4)C3CCC4CCCCC4C23)CC1
C1CCC(C2CCC3CC4C(CCC5C6CCCC(CCCC7CCC8CCCCC8C7)C6CCC45)CC32)CC1
C(CCC1CCCC1)CCC1CCCC2CCCCC2C1
C1CCC(CCCCC2CC3CCCCC3C2)CC1
C1CCC2CCC(C3CCCC4CCCC43)CC2CC1
C1CCC(CC(CC2CCCCC2)C2CCCCC2)CC1
C1CCC2CC(CCCC3CCCC4CCCCC43)CC2C1
C(CCCC1CCCC2C(C3CCCCC3)CCC12)CCC1CCCCC1
C(CCCC1CCCCC1)CCCC1CCC(CC2CCCCC2)C1
C(CCCCC1CCC(C2CCCCC2)C1)CCCC1CCCCC1
C(CCC1CCCC2CCCCC12)CCC1CCCC2CCCCC12
C1CCC2C(C1)CCC1C3CCCCC3CCC21
C1CCC(CCCCCC2CCCC3C(C4CCCCC4)CCC23)CC1
C1CCC2CCC3C4CCC(CCCC5CC6CCCCC6C5)C4CCC3C2CC1
C1CCC(CCCCC2CC3CCCCC3C2)CC1
C1CCC(C2CCC3CCC4C(CCC5C6CCC(CCCC7CC8CCCCC8C7)C6CCC45)CC32)CC1
C1CCC(C2CCC3CC4C(CCCC45CCCC5)CC32)CC1
C(CCCC1CCCCC1)CCCC1CCC(C2CCCCC2)C1
C1CCC(CCC2CCC3C(CCC3C3CCCCC3)C2)CC1
C1CCC(CCCCC2CC3CCCCC3C2)CC1
C1CCC(CCCC2CCC3C(CCC3C3CCCCC3)C2)CC1
C(CCCCC1CCC(C2CCCCC2)C1)CCCC1CCCCC1
C1CCC2CCC3C4CCCC4CCC3C2CC1
C1CCC(CCC(CCC2CCC3CCCC3C2)CC2CCCCC2)CC1
C1CCC(C2CC3CCCC3C3CCC4CCCCC4C23)CC1
C(CCC1CCCCC2CCCCC12)CC1CCC2CCCCC2C1
C1CCC(C2CC3CCCCC3C3CCCCC23)CC1
C1CCC2CCC(C3CCCC4CCCC43)CC2CC1
C(CCCCC1CCC(C2CCCCC2)C1)CCCC1CCCCC1
C1CCC(CCC2(CCCC3CC4CCCCC4C3)CCC3C4CCC5CCCCC5C4CCC32)C1
C1CCC2CCC3C(CCC4C5CCCC5CC43)C2CC1
C1CCC(CC2CC3CCCCC3C3CCC4CCCCC4C23)CC1
C1CCC(CCCCC2CCC3CCCCC23)CC1
C1CCC(CCCCCC2CCCC3C(C4CCCCC4)CCC23)CC1
C(CCCC1CCCC2C(C3CCCCC3)CCC12)CCC1CCCCC1
C1CCC(CCCCC2CCC3CCCCC23)CC1
C1CCC(CCC2CCC3C(CCC3C3CCCCC3)C2)CC1
C1CCC(CCC2CCC3C(CCC3C3CCCCC3)C2)CC1
C(CCC1CCCC2C(CCC3C4CCCC4CCC23)C1)CC1CCC(C2CC3CCCC3C3CCC4CCCCC4C23)CC1
C1CCC(CCCCCC2CC3CCCCC3C2)CC1
C1CCC2C(C1)CCC1C3CCCC3CCC21
C1CCC(C2CC3CCCC3C3CCC4CCCCC4C23)CC1
C1CCC(CC2CC3CCCCC3C3CCC4CCCCC4C23)CC1
C1CCC2C(C1)CCC1C3CCCC3CCC21
C1CCC(CCCCCC2CC3CCCCC3C2)CC1
C1CCC(CCC2CCC3C(CCC3C3CCCCC3)C2)CC1
C1CCC(CCCCCC2CCCC3C(C4CCCCC4)CCC23)CC1
C(CCC1CCCC2CCCCC12)CC1CCC2CCCCC2C1
C1CCC2C(C1)CCC1C3CCCC3CCCC21
C1CCC(C2CCC3CC4C(CCC5C6CCCC(CCCC7CC8CCCCC8C7)C6CCC45)CC32)CC1
C1CCC(CCCC2CCCC(C3CCC4CC(CCC5CCC6CCCCCC6C5)CCC43)C2)CC1
C(CCC1CC2CCCCC2C1)CCC1CCCC2CCCC12
C1CCC(CCCCC2CCC3CCC(C4CCCC5CCCC54)CC3C2)CC1
C1CCC(CCC2CCC(CCC3CCCC(CC4CCCC4)C3)CC2)CC1
C1CCC2C(C1)CCC1C3CCCC3CCC21
C1CCC2C(C1)CCCC1C3CCCC3CCC21
C1CCC(CCC(CCC2CCC3CCCCC3C2)CC2CCCCC2)CC1
C1CCC2CCC(C3CCCC4CCCC43)CC2CC1
C1CCC(CCCC2CCC3CCC(C4CCCC5CCCC54)CC3CC2)CC1
C1CCC(CCC2CCC3C(CCC3C3CCCCC3)C2)CC1
C1CCC(CCCCCC2CCCC3C(C4CCCCC4)CCC23)CC1
C1CCC(CCC2CCC3C(CCC3C3CCCCC3)C2)CC1
C1CCC(CCCC2(CCCC3CC4CCCCC4C3)CCC3C4CCC5CCCCC5C4CCC32)C1
C1CCC(CCCCCC2CC3CCCCC3C2)CC1
C(CCC1CCCC2CCCCC12)CC1CCC2CCCCC2C1
C1CCC(C2CC3CCCC3C3CCC4CCCCC4C23)CC1
C(CCC1CCCC2CCCCC12)CC1CCCC2CCCCC12
C(CCC1CCCCC2CCCCC12)CC1CCC2CCCCC2C1
C1CCC2C(C1)CC(C1CCCC1)C1CCCCC21
C1CCC2CCC(C3CCCC4CCCC43)CC2CC1
C1CCC(CCC2CCCC3CC4C(CCC23)CCC4C2CCCCC2)CC1
C(CCC1CCCC2CCCCC12)CC1CCC2CCCCC2C1
C1CCC(C2CCC3CC4C(CCCC45CCCC5)CC32)CC1
C1CCC(CCCCCC2CC3CCCCC3C2)CC1
C1CCC(CCC2CCC3C(CCC3C3CCCCC3)C2)CC1
C1CCC(CCC2CC3CCCC3C3CCC4CCCCC4C23)CC1
C1CCC2CCC(C3CCCC4CCCC43)CC2CC1
C1CCC(CC2CCC3C(CCC3C3CCCCC3)C2)CC1
C1CCC(CCC2CCC3C2CCCC2C4CCCCC4CCC23)C1
C1CCC(C2CC3CCCC3C3CCC4CCCCCC4C23)CC1
C1CCC(CC2CCC3C(CCC3C3CCCCC3)C2)CC1
C1CCC(C2(CCCCC3CCC4CCCCC4C3)CCCC3CCCCC32)CC1
C(CCCC1CCCC2C(C3CCCCC3)CCC12)CCC1CCCCC1
C1CCC(C2CC3CCCC3C3CCC4CCCCCC4C23)CC1
C1CCC(C2CC3CCCC3C3CCC4CCCCC4C23)CC1
C1CCC(CCCCC2CCCC3CCC(C4CCCCC4)CC3C2)CC1
C1CCC(CCC2CCCC3CC4C(CC5CCCCC5)CCC4CC23)CC1
C1CCC(CCCCCC2CC3CCCCC3C2)CC1
C1CCC(CC2CC3CCCCC3C3CCC4CCCCC4C23)CC1
C1CCC(CCCCC2CCC3CCCCC23)CC1
C1CCC2C(C1)CC(C1CCCC3CCCC31)C1CCCC21
C1CCC(CCCCC2CC3CCCCC3C2)CC1
C1CCC2CCC(C3CCCC4CCCC43)CC2CC1
C1CCC2CC(CC3CCCC4CCCC43)CCC2C1
C1CCC(CC2CCC3CC4C(CCC45CCC(C4CCCCC4)C5)CC23)CC1
C1CCC(CCCCC2CC3CCCCC3C2)CC1
C1CCC(CCC2CCC3C(CCC4C5CCCC5CCC(CCC5CCCCC5)C34)C2)CC1
C1CCC(C2CCC3CC4C(CCC5C6CCC(CCCC7CCCC8CCCCC87)C6CCC45)CC32)CC1
C1CCC(CCCCC2CCC3CCCCC23)CC1
C1CCC(C2CC3CCCCC3C3CCCCC23)CC1
C1CCC2CC(CCCC3CCC4C3CCC3C5CCCCC5CCC43)CC2C1
C1CCC(CCC(CCC2CC3CCCCC3C2)C2CCCC2)CC1
C1CCC(CCC2CC3CCCC3C3CCC4CCCCC4C23)CC1
C1CCC2CCC3C4CCC(CCCC5CC6CCCCC6C5)C4CCC3C2CC1
C1CCC2CCC(C3CCCC4CCCC43)CC2CC1
C1CCC2CCC(C3CCCC4CCCC43)CC2CC1
C1CCC(C2CCC3CCC4CCCCC4CC32)CC1
C1CCC(CCCCC2CC3CCCCC3C2)CC1
C1CCC(CCCCC2CC3CCCCC3C2)CC1
C1CCC(C2CC3CCCC3C3CCC4CCCCCC4C23)CC1
C1CCC(CC2CC3CCCCC3C3CCC4CCCCCC4C23)CC1
C(CCCCC1CCC(C2CCCCC2)C1)CCCC1CCCCC1
C1CCC2C(C1)CCC1C2CCC2C3CCCC3CC21
C1CCC(CCCC2CCC3CCC(C4CCCC5CCCC54)CC3C2)CC1
C1CCC(CCC2CCC3C(CCC3C3CCCCC3)C2)CC1
C1CCC(CC2CCCC2CC2CC3CCCCC3C3CCC4CCCCC4C23)CC1
C1CCC(CC2CC3CCCCC3C3CCC4CCCCC4C23)CC1
C1CCC(C2CC3CCCC3C3CCC4CCCCCC4C23)CC1
C1CCC2CC(CCCC3CCCC4C3CCC3C5CCCCC5CCC43)CC2C1
C(CCC1CCCC2CCCCC12)CC1CCCC2CCCCC12
C1CCC2CC(CCCC3CCC4C3CCC3C5CCCCC5CCC43)CC2C1
C1CCC(CCCCCC2CCCC3C(C4CCCCC4)CCC23)CC1
C1CCC2CC(CCCC3CCC4C3CCCC3C5CCCCC5CCC34)CC2C1
C1CCC(CCC2CCC3C(CCC3C3CCCCC3)C2)CC1
C(CCC1CCCC2CCCCC12)CCC1CCCC2CCCCC12
C(CCC1CCC2CCCCC2C1)CCC1(C2CCCC2)CCCC2CCCCC21
C1CCC2CC(CCCC3CCC4C3CCC3C5CCCCC5CCC43)CC2C1
C1CCC(CC2CC3CCCCC3C3CCC4CCCCCC4C23)CC1
C1CCC2CCC(C3CCCC4CCCC43)CC2CC1
C1CCC(CCCC(CC2CC3CCCCC3C2)C2CC2)CC1
C1CCC2C(C1)CCCC2CCCC1CCCC2CCCCC21
C1CCC(C2CCC(C3CC4CCCC4C4CCC5CCCCC5C34)CC2)C1
C1CCC(C2CC3CCCC3C3CCC4CCCCCC4C23)CC1
C1CCC(CCC2CCC3C(CCC3C3CCCCC3)C2)CC1
C1CCC(CCCCC2CCC3CCC(C4CCCC5CCCC54)CC3C2)CC1
C1CCC(CCC2CCC3C(CCC4C5CCCC5CCC(CCC5CCCCC5)C34)C2)CC1
C(CCC1CC2CCCCC2C1)CCC1CCCC2CCCC12
C(CCCC1(C2CCCCC2)CCC1)CCC1CCC(C2CCCCC2)C1
C1CCC2CC(CCCC3CCC4C3CCC3C5CCCCC5CCCC43)CC2C1
C1CCC2CCC3C4CCCCC4CC(CC4CCCC4)C3C2CC1
C1CCC(C2CCC3CCC4(CCCCC4C4CCCCC4)CCC32)CC1
C1CCC(CCCCC2CCCC3CCC(CC4CCCCC4)CC23)CC1
C1CCC(CCCCCC2CCC3CCCCC3C2)CC1
C1CCC(C2CCC(CCCCCC3CCCC4CCCCC34)C2)CC1
C(CCCC1CCCC2C(C3CCCCC3)CCC12)CCC1CCCCC1
C1CCC(CCCC2CCC3C(CCC3C3CCCC3)C2)CC1
C(CCC1CCCC2CCCC12)CC1CC2CCCCC2C1
C1CCC(CCC(CCC2CCC3CCCC3C2)CC2CCCCC2)CC1
C1CCC(CCCCC2CC3CCCCC3C2)CC1
C1CCC2CC(C3CCCC4CCCC43)CCC2C1
C1CCC2C(C1)CCCC1C3CCCC3CCC21
C1CCC2C(C1)CCC1CCCCC12
C1CCC(CCCCC2CCC3CCCCC23)CC1
C1CCC(CCC2CCC3C(CCC3C3CCCCC3)C2)CC1
C1CCC(C2CCC(CCCCCC3CCCC4CCCCC34)C2)CC1
C(CCC1CCCC2CCCCC12)CCC1CCCC2CCCCC12
C(CCC1CCCC2CCCCC12)CC1CCC2CCCCC2C1
C1CCC(CCCCC2CCCC3CCCC23)CC1
C1CCC(CCC2CCC(C3CCC3)CC2)CC1
C1CCC(C2CCC3CC4C(CCC32)CCC2C3CCC(CCCC5CC6CCCCC6C5)C3CCC42)CC1
C1CCC(CCCCCC2CC3CCCCC3C2)CC1
C(CCCCC1CCC(C2CCCCC2)C1)CCCC1CCCCC1
C1CCC(CCC2CCC3C(CCC4CCCCC43)C2)CC1
C1CCC2CCC3C4CCCC4CCC3C2CC1
C1CCC2C(C1)CCC1C3CCCC3CCCC21
C(CCC1CCCC2CCCCC12)CC1CCC2CCCCC2C1
C1CCC(CCC2(CCCC3CC4CCCCC4C3)CCC3C4CCC5CCCCC5C4CCC32)C1
C1CCC(CC2CC3CCCCC3C3CCC4CCCCC4C3C2)C1
C1CCC(CCCC2CCCC3CCC(C4CCCC5CCCC54)CC3C2)CC1
C1CCC2CC(CCCC3CCC4C3CCC3C5CCCCC5CCC43)CC2C1
C1CCC(CC2CCC3CC4C(CCC45CCCCC5)CC23)CC1
C1CCC(CCCC2CCCC(C3CCC4CC(CCC5CCC6CCCCC6C5)CCC43)C2)CC1
C1CCC(CCCCC2CCC3CCCCC23)CC1
C1CCC(CCCCC2CC3CCCCC3C2)CC1
C1CCC(CC2CCCCC2CC2CC3CCCCC3C3CCC4CCCCCC4C23)CC1
C(CCCC1CCCCC1)CCC1CCCCC1
C1CCC(CCC2CCC(CCCC3CCCC(CC4CCCC4)C3)CC2)CC1
C1CCC(CCCC(CC2CC3CCCCC3C2)C2CC2)CC1
C(CCC1CCCC2CCCC12)CC1CC2CCCCC2C1
C1CCC2CC3CCC(C4CCCCC4)C3CC2CC1
C1CCC2C(C1)CCC1C2CCC2C3CCCC3CC21
C1CCC(CC2CCC3C(CCC3C3CCCCC3)C2)CC1
C(CCCC1CCCC2C(C3CCCCC3)CCC12)CCC1CCCCC1
C1CCC(CCCCCC2CCCCC2)CC1
C1CCC(C2CCC(CCCCCC3(C4CCCC4)CCCC4CCCCC43)C2)CC1
C1CCC2C(C1)CCC1CCCCC12
C1CCC(CCC2CCC3C(CCC3C3CCCCC3)C2)CC1
C1CCC2CC(C3CCCC4CCCC43)C3CCCC3C2CC1
C1CCC(CCCCCC2CCC3CCCCC23)CC1
C1CCC(CCCCCC2CCCC3C(CC4CCCCC4)CCC23)CC1
C1CCC(C2CCC3CC4C(CCCC45CCCC5)CC32)CC1
C1CCC(C2CCC(CCCCCC3CCCC4CCCCC34)C2)CC1
C1CCC2CCC3C4CCC(CCCC5CC6CCCCC6C5)C4CCC3C2CC1
C(CCCC1CCCC2C(C3CCCCC3)CCC12)CCC1CCCCC1
C1CCC(CCCCC2CC3CCCCC3C2)CC1
C1CCC(CCCCCC2CCC3CCCCC23)CC1
C(CCC1CCCC1)CCC1CCCC2CCCCC12
C1CCC(CCCCCC2CCCC3C(C4CCCCC4)CCC23)CC1
C1CCC(C2CCC3CC4(CCCCC4C4CCCCC4)CCCC32)CC1
C1CCC(C2CCC3CCC(C4CCCC4)C3C2)C1
C1CCC(C2CC3CCCC3C3CCCC4CCCCC4C23)CC1
C1CCC(C2(CCCCC3CCC4CCCCC4C3)CCCC3CCCCC32)CC1
C1CCC(CCC2CCC(C3CCC4C(CCC4C4CCCCC4)C3)CC2)CC1
C1CCC(CCC2CCC(C3CCC4C(CCC4C4CCCCC4)C3)CC2)CC1
C1CCC2CC(C3CCCC4CCCC43)CCC2C1
C(CCCC1CCCC2C(C3CCCCC3)CCC12)CCC1CCCCC1
C1CCC2C(C1)CCC1C3CCCC3CCC21
C1CCC2CCC3C4CCC(CCCC5CCC6CCCCC6C5)C4CCC3C2CC1
C1CCC(C2CCC3CC4(CCCCCC4C4CCCCC4)CCC32)CC1
C1CCC2C(C1)CCC1C3CCCC3CCCC21
C1CCC(CCC2CCCCC2CC2CC3CCCCC3C3CCC4CCCCC4C23)CC1
C1CCC(C2CCC3CC4(CCCCCCC4C4CCCCC4)CCC32)CC1
C1CCC(C2CCCC3(CCC4CC5C(CCC5C5CCCCC5)CC43)C2)CC1
C1CCC(C2CCC(CCCCCC3CCCC4C(C5CCCCC5)CCC34)C2)CC1
C1CCC(CCC2CCC3C(CCC4C5CCCC5CCC34)C2)CC1
C1CCC2CCC3C4CCCCC4CC(CC4CCCC4)C3C2CC1
C1CCC(C2CC3CCCC3C3CCC4CCCCC4C23)CC1
C(CCCC1CCC2CCCC2C1)CCCC1CCC(C2CCCCC2)C1
C1CCC(CC2CCC3C(CCC3C3CCCCC3)C2)CC1
C1CCC2CC(CCCC3CCCC4CCCCC43)CC2C1
C(CC1CC2CCCCC2C1)CC1CCC2C(CCC3C4CCCCC4CCC23)C1
C1CCC(C2CCC3CC4CCCCC4CC32)CC1
C1CCC2CCC3C4CCCC4CCC3C2CC1
C1CCC(CCC2CCC3C(CCC4CC(C5CCCCC5)CCC43)C2)CC1
C1CCC2CCC3C4CCCC4CCC3C2CC1
C(CCC1CCCC2CCCCC12)CC1CC2CCCCC2C1
C1CCC(CCCC(CC2CC3CCCCC3C2)C2CC2)CC1
C1CCC(CCC(CCC2CCC3CCCC3C2)CC2CCCCC2)CC1
C1CCC(C2CC3CCCC3C3CCC4CCCCCC4C23)CC1
C1CCC(C2CCC3CC4C(CCCC45CCCC5)CCC32)CC1
C1CCC(CCCC2CCCC3CC4C(CCC4C4CCCCC4)CC23)CC1
C(CCC1CCC2CCCCC2C1)CCC1CCCC2CCCC12
C(CCCC1CCCCC1)CCCC1CCC(C2CCCCC2)C1
C1CCC(CCC2CCC3C(CC4CCCCC4)CCC3C2)CC1
C1CCC(C2CCC3CC4C(CCCC5C6CCC(CCCC7CCC8CCCCC8C7)C6CCC45)CC32)CC1
C1CCC(C2CC3CCCC3C3CCC4CCCCC4C23)CC1
C1CCC(CCCC2CCC3C(CCC3C3CCCCC3)C2)CC1
C1CCC(CCCCC2CCC3CCCCC23)CC1
C1CCC(CCC2CCC(C3CCC4C(CCC4C4CCCCC4)C3)CC2)CC1
C1CCC(CCC2CCC(C3CCC4C(CCC4C4CCCCC4)C3)CC2)CC1
C1CCC(CCC(CC2CC2)CC2CC3CCCCC3C2)CC1
C1CCC(C2CCC3CC4(CCCCCCC4C4CCCCC4)CCC32)CC1
C1CCC(C2CC3CCCC3C3CCC4CCCCC4C23)CC1
C(CCC1CCC2C1CCC1C3CCCCC3CCC21)CC1CC2CCCCC2C1
C1CCC2CC(CCCC3CCC4C3CCC3C5CCCCC5CCCC43)CC2C1
C1CCC(C2CCC3C(CCC4CCCCC43)C2)C1
C1CCC(C2CC3CCCC3C3CCC4CCCCC4C23)CC1
C1CCC(CCC2CCC3C(CCC3C3CCCCC3)C2)CC1
C1CCC(C2CCC3C(CCCC4CCCCC43)C2)CC1
C1CCC2CC(CCCC3CCC4C3CCC3C5CCCCC5CCC43)CC2C1
C1CCC(C2CCC3CC4C(CCC32)CCC42CCCC2)CC1
C1CCC2C(C1)CC(C1CCCC1)C1CCCCC21
C1CCC(CCC2CCCCC2)CC1
C1CCC(C2CCC3CC4C(CCC32)CCC42CCCC2)CC1
C1CCC(C2CCC3CC4C(CCCCC45CCCC5)CC32)CC1
C1CCC(C2CC3CCCC3C3CCC4CCCCCC4C23)CC1
C1CCC2C(C1)CCC1C3CCCC3CCC21
C(CCCC1CCCCC1)CCCC1CCC(C2CCCCC2)C1
C1CCC(CC2CC3CCCCC3C3CCC4CCCCCC4C23)CC1
C1CCC(CCC2CCC(CCC3CCCC(CC4CCCC4)C3)CC2)CC1
C1CCC(CCC(CC2CC3CCCCC3C2)C2CC2)CC1
C1CCC(C2CCC3CC4C(CCC45CCCC5)CC32)CC1
C1CCC(C2CCC3CC4C(CCC5C6CCC(CCCCC7CC8CCCCC8C7)C6CCC45)CC32)CC1
C1CCC2CC(C3CCCC4CCCC43)CCC2C1
C1CCC(C2(CCCCC3CCC4CCCCC4C3)CCCC3CCCCC32)CC1
C1CCC(C2CC3CCCC3C3CCC4CCCCC4C23)CC1
C1CCC(C2CCC3C(CCCCCC4CCC(C5CCCC5)C4)CCCC23)CC1
C1CCC(C2CC3C(CCC34CCCCC4)C3CCC4CCCCC4C23)CC1
C1CCC(C2CC3CCCC3C3CCC4CCCCCC4C23)CC1
C(CCCC1CCCC2C(C3CCCCC3)CCC12)CCC1CCCCC1
C1CCC2CCC(C3CCCC4CCCC43)CC2CC1
C(CCC1CCCC2CCCC12)CC1CC2CCCCC2C1
C1CCC(CCCC2CCC3C2CCC(C2CCCCC2)C2C4CCCCC4CCC32)CC1
C1CCC(C2CC3CCCC3C3CCC4CCCCC4CC23)CC1
C1CCC(CCCCC2CC3CCCCC3C2)CC1
C1CCC(CCC2CC3CCCC3C3CCC4CCCCCC4C23)CC1
C1CCC(CCCC2CCCC3C2CCC2C4CCCCC4CCC32)C1
C1CCC(C2CCC3(CCC4CCC5C(CCC5C5CCCCC5)CC43)C2)CC1
C1CCC(C2CCC3CC4C(CCC45CCCCCC5)CC32)CC1
C1CCC(C2CCC3CCC4C(CCC5C6CCCC6CCC45)CC32)CC1
C1CCC(C2CC3CCCC3C3CCC4CCCCC4C23)CC1
C(CC1CCC2CCCC2C1)CC1CCC2CCC(C3CCCC4CCCC43)CC2C1
C1CCC(CCC2CCC(C3CC3)CC2)CC1
C1CCC(C2CCC3CCCC3C3CCC4CCCCCC4C23)CC1
C1CCC(C2CC3CCCC3C3CCC4CCCCC4C23)CC1
C1CCC2CC(CCCC3CCC4C3CCC3C5CCCCC5CCCC43)CC2C1
C1CCC2CC(CCCC3CCC4C3CCC3C5CCCCC5CCC43)CC2C1
C1CCC(C2CCC3CC4C(CCC5C6CCCC6CCCC45)CC32)CC1
C(CCCC1CCCC2C(C3CCCCC3)CCC12)CCC1CCCCC1
C1CCC2CC(C3CCCC4CCCC43)CCC2C1
C1CCC(CCCCC2CC3CCCCC3C2)CC1
C1CCC(CCCCC2CC3CCCCC3C2)CC1
C1CCC2C(C1)CCCC1C3CCCC3CCC21
C1CCC(CCC2(CCCC3CC4CCCCC4C3)CCC3C4CCC5CCCCC5C4CCC32)C1
C1CCC(C2CCC3C(CCCCCC4CCC(C5CCCC5)C4)CCCC23)CC1
C1CCC(CCCCC2CC3CCCCC3C2)CC1
C1CCC(C2CC3CCCC3C3CCCC4CCCCC4C23)CC1
C(CCC1CC2CCCCC2C1)CCC1CCCC2CCCC12
C1CCC2C(C1)CC(C1CCCC1)C1CCCCC21
C1CCC2CC(C3CCCC4CCCC43)CCC2C1
C1CCC(CCC2CCC3C(CCC4CC3CCC3CCCC34)C2)CC1
C1CCC(C2CCC3CCCC3C3CCC4CCCCC4C23)CC1
C1CCC(CCCC2CCC(CCC3CCCC(CC4CCCC4)C3)CC2)CC1
C1CCC(C2CCC3(CCC4CC5C(CCC5C5CCCCC5)CC43)C2)CC1
C1CCC2CC(C3CCCC4CCCC43)CCC2C1
C1CCC(CCC2CCC3C(CCC3C3CCCCC3)C2)CC1
C1CCC(C2CCC3CC4C(CCC45CCCCCC5)CC32)CC1
C1CCC(CC2CC3CCCCC3C3CCC4CCCCCC4C23)CC1
C1CCC(CC2CC3CCCCC3CC3CCC4CCCCC4C32)CC1
C1CCC2C(C1)CCC1C3CCCC3CCCC21
C(CCCC1CCCC2C(C3CCCCC3)CCC12)CCC1CCCCC1
C1CCC(CCCCC2CCC3CCCCC23)CC1
C1CCC(CC2CCC3C(CCC3C3CCCCC3)C2)CC1
C1CCC(CCC2CCC3C(CCC3C3CCCCC3)C2)CC1
C1CCC(CCCC2CCC3C(CCC3C3CCCCC3)C2)CC1
C1CCC(CCCCC2CCC3CCCCC23)CC1
C1CCC(CCCCCC2CC3CCCCC3C2)CC1
C1CCC(CC2CCC3C(CCC3C3CCCCC3)C2)CC1
C1CCC(CCC(CC2CCCCC2)C2CCCCC2)CC1
C1CCC(C2CCC3CCCC3C3CCC4CCCCC4C23)CC1
C1CCC(CCC2(CCCC3CCC4CCCCC4C3)CCC3C4CCC5CCCCC5C4CCC32)C1
C1CCC2C(C1)CCC1C2CCC2C3CCCC3CC21
C1CCC(C2CC3C(CCC34CCCC4)CC3CCC4CCCCC4C32)CC1
C1CCC(CCC(CC2CCC3C(CCC3C3CCCCC3)C2)C2CCCCC2)CC1
C1CCC2C(C1)CCC1C2CCC2C3CCCC3CCC21
C1CCC(CCC2CCC3C(CCC3CC3CCCC(CCC4CCCC4)C3)C2)CC1
C1CCC(CCCCC2CCC3CCCCC23)CC1
C1CCC2C(C1)CCC1C3CCCC3CCC21
C1CCC2C(C1)CC(C1CCCC3CCCC31)C1CCCCC21
C1CCC(CCCCCC2CCCC3C2CCC3C2CCCC(CC3CC3)C2)CC1
C1CCC(CCCCC2CCC3CCCCC23)CC1
C1CCC(CCCCCC2CCCC3C(CC4CCCCC4)CCC23)CC1
C1CCC(CCCCC2CCC3CCC(C4CCCC5CCCC54)CC3C2)CC1
C1CCC(CCCCCC2CCCC3C(CC4CCCCC4)CCC23)CC1
C1CCC2CC(CCCC3CCC4C3CCC3C5CCCCC5CCC43)CC2C1
C1CCC(CCCCC2CC3CCCCC3C2)CC1
C1CCC2CCC(C3CCCC4CCCC43)CC2CC1
C1CCC2CCC3C4CCCCC4CC(CC4CCCC4)C3C2CC1
C(CCC1CCCC2CCCCC12)CCC1CCCC2CCCC12
C1CCC2C(C1)CCCC1CCCCC12
C1CCC(CCCCCC2CCC3CCCCC23)CC1
C1CCC(CCC(CCC2CCCCC2)CCC2CCC3CCCC3C2)CC1
C1CCC(CC(CC2CCCCC2)C2CCCCC2)CC1
C1CCC(C2CC3C(CCC4CC4)CCC3C3CCC4CCCCC4C23)CC1
C1CCC(CCC2CCC(C3CCC4C(CCC4C4CCCCC4)C3)CC2)CC1
C1CCC(CCCCCC2CCCCC2)CC1
C1CCC(C2CC3CCCC3C3CCC4CCCCC4C23)CC1
C1CCC(CC2CC3CCCCC3CC3CCC4CCCCC4C32)CC1
C1CCC(C2CC3CCCC3C3CCC4CCCCC4C23)CC1
C1CCC2CCCCC2C(CCCCC2CCCC3CCCCC23)C1
C1CCC2C(C1)CCC1CCCCC12
C1CCC(CC2CCC3CC4C(CCC45CCC(C4CCCCC4)C5)CC23)CC1
C1CCC(C2(CCCCC3CCC4CCCCC4C3)CCCC3CCCCC32)CC1
C1CCC(C2CC3CCCC3C3CCC4CCCCCC4C23)CC1
C1CCC(C2CCC3CCCC3C3CCC4CCCCC4C23)CC1
C1CCC(CCCCC2CCC3C2CCC2C4CCCCC4CCC32)C1
C1CCC(C2CCC3C(CCCCCC4CCC(CC5CCCC5)C4)CCCC23)CC1
C1CCC(CCCCCC2CCCC3C(C4CCCCC4)CCC23)CC1
C1CCC(CCC(CC2CC2)CC2CC3CCCCC3C2)CC1
C1CCC(CCCCC2CC3CCCCC3C2)CC1
C1CCC(C2CCC(CCCCCC3CCCCC4CCCCC34)C2)CC1
C1CCC2CC(CCCC3CCC4C3CCC3CC5CCCCC5CCC34)CCC2C1
C(CCC1CCCC2CCCC12)CC1CC2CCCCC2C1
C1CCC2C(C1)CCCC2CCCC1CCCC2CCCCC21
C1CCC2C(C1)CCCC1C3CCCC3CCC21
C(CCC1CCC2CCCCC2C1)CCC1CCCC2CCCCC12
C1CCC(CCCCC2CC3CCCCC3C2)CC1
C(CCCC1CCCC2C(C3CCCCC3)CCC12)CCC1CCCCC1
C1CCC(CCC2CCC3C(CCC4C5CCCC(CCC34)C5)C2)CC1
C(CCC1CCC2C1CCC1C3CCCCC3CCC21)CC1CC2CCCCC2C1
C1CCC(CCC2CCC3C(CCC3C3CCCCC3)C2)CC1
C1CCC(C2CCC3CC4C(CCC5C6CCCC6CCC45)CC32)CC1
C1CCC(CCC2CCC3CC4CCC5CCCC5C4CCC3C2)CC1
C1CCC2CCC(C3CCCC4CCCC43)CC2CC1
C(CCCCC1CCC(C2CCCCC2)C1)CCCC1CCC2CCCC2C1
C1CCC(CCCC2CCC(CCC3CCCC(CC4CCCC4)C3)CC2)CC1
C1CCC(CCCCCC2CCCC3C(CC4CCCCC4)CCC23)CC1
C1CCC(CCCC23CCCC2CC2C4CCC5CCCCC5C4CCC23)C1
C1CCC(CCCC2CCC(CC3CCC4C(CCC4C4CCCCC4)C3)CC2)CC1
C1CCC(CCCCC2CC3CCCCC3C2)CC1
C1CCC(C2CCC3CC4CCCCC4CCC32)CC1
C1CCC(CCC2CCC(CCC3CCCCC3)CC2)CC1
C(CCC1CCCC2CCCCC12)CC1CCC2CCCCC2C1
C1CCC2C(C1)CCC1CCCCC12
C1CCC(CC2CC3CCCCC3C3CCC4CCCCCC4C23)CC1
C(CCCC1CCCC2C(C3CCCCC3)CCC12)CCC1CCCCC1
C1CCC(C2CCC3CC4(CCCCC4C4CCCCC4)CCCC32)CC1
C1CCC(CCCCC2CCCC3CCC(C4CCCCC4)CC23)CC1
C1CCC(CCCC2CCC3CCC(CC4CCCC5CCCC54)CC3C2)CC1
C(CCC1CCC2C1CCC1C3CCCCC3CCC21)CC1CC2CCCCC2C1
C1CCC(CCC2CCC3C(CCC3C3CCCCC3)C2)CC1
C(CCC1CC2CCCCC2C1)CCC1CCCC2CCCC12
C1CCC(CCC(CC2CCC3C(CCC3C3CCCCC3)C2)C2CCCCC2)CC1
C1CCC(CCCCC2CCC3CCCCC23)CC1
C(CCCC1CCCC2C(C3CCCCC3)CCC12)CCC1CCCCC1
C1CCC2C(C1)CCCC1CCCCC12
C1CCC(CCC2CCCCC2)CC1
C1CCC(CCCCCC2CCCC3C(CC4CCCCC4)CCC23)CC1
C1CCC2CC(C3CCCC4CCCC43)CCC2C1
C1CCC(CCCC2CCC3CCCC3C2)CC1
C1CCC(CCC2CCC3C(CCC4CCCCCC43)C2)CC1
C1CCC(CCCCC2CC3CCCCC3C2)CC1
C1CCC(CCCCC2CC3CCCCC3C2)CC1
C1CCC(CCCCCC2CCCC3C(C4CCCCC4)CCC23)CC1
C(CCCC1CCCC2CCCCC12)CCC1CCC(C2CCCCC2)C1
C1CCC(CCCCC2CCC3CCC(C4CCCC5CCCC54)CC3C2)CC1
C1CCC2C(C1)CCCC2CCCC1CCCC2CCCCC21
C1CCC(CC23CCCCC2CCC2C4CCCC4CCC23)CC1
C1CCC(CC2CCC3CCCCC3C2)C1
C1CCC(CCC2CCC3C(CC4CCCCC4)CCC3C2)CC1
C1CCC(C2CCC3CC4C(CCC5CC6CCCCC6C5)CCCC4CC32)CC1
C1CCC(CCCCCC2CCCC3C(CC4CCCCC4)CCC23)CC1
C1CCC(CCCC2CCC(CCC3CCCC(CC4CCCC4)C3)CC2)CC1
C1CCC(CCCCC2CCC3CCCCC23)CC1
C1CCC(CCCCCC2CCCC3C(C4CCCCC4)CCC23)CC1
C1CCC2CC(CC3CCCC4CCCC43)CCC2C1
C1CCC(CCCCC2CCCC3CCC(C4CCCCC4)CC23)CC1
C(CCC1CCCC2CCCCC12)CC1CC2CCCCC2C1
C1CCC2CC(C3CCCC4CCCC43)CCC2C1
C1CCC(CCCC2CCC3C(CCC3C3CCCCC3)C2)CC1
C1CCC(CC2CCC3C(CCC3C3CCCCC3)C2)CC1
C1CCC2C(C1)CCCC2CCCC1CCCC2CCCCC21
C1CCC(CCCCCC2CCCC3C(C4CCCCC4)CCC23)CC1
C1CCC(C2CC3C(CCC4CC4)CCC3C3CCC4CCCCC4C23)CC1
C1CCC(CCC2CCC3C(CCC3C3CCCCC3)C2)CC1
C1CCC(CCCC2CCC3C(CCC3C3CCCCC3)C2)CC1
C(CCC1CCC2CCCCC2C1)CCC1CCCC2CCCCC12
C1CCC2C(C1)CCC1CCCCC12
C1CCC(C2CCC3CCCCC3C3CCC4CCCCC4C23)CC1
C1CCC2C(C1)CCC1CCCCC12
C(CCC1CCC2CCCCC2C1)CCC1(C2CCCC2)CCCC2CCCCC21
C(CCC1CCCC2CCCC12)CC1CC2CCCCC2C1
C1CCC2C(C1)CCC1C3CCCC3CCC21
C(CCCCC1CCC(C2CCCCC2)C1)CCCC1CCCCC1
C1CCC2CC(C3CCCC4CCCC43)CCC2C1
C1CCC2CCC3C4CCCC4CCC3C2CC1
C1CCC(CCC2CCC3C(CCC3C3CCCCC3)C2)CC1
C1CCC(CCC(CCCC2CCC3CCCC3C2)CC2CCCCC2)CC1
C1CCC(C2CCC3CCC4CCCCC4C3CC2)CC1
C1CCC(CC2CCC3C(CC4CCCCC4)CCC3C2)CC1
C1CCC2C(C1)CCC1C3CCCCC3CCCC21
C1CCC2CC(C3CCCC4CCCC43)CCC2C1
C1CCC(CC2CCC(C3CC4CCCC4C4CCC5CCCCC5C34)CC2)C1
C1CCC(C2CC3CCCC3C3CCCC4CCCCC4C23)CC1
C1CCC(CCCCCC2CCC3CCCC3C2)CC1
C1CCC(CCCCC2CCCC3CCCC23)CC1
C1CCC(C2CCCC3C(CCC4CCCCC43)C2)CC1
C1CCC2CCC(C3CCCC4CCCC43)CC2CC1
C1CCC(C2CCC(CCCCCC3CCCC4CCCCC34)C2)CC1
C1CCC2CCC(C3CCCC4CCCC43)CC2CC1
C1CCC2CC(C3CCCC4CCCC43)CCC2C1
C(CCCC1CCCC2C(C3CCCCC3)CCC12)CCC1CCCCC1
C(CCC1CCCC2CCCC12)CC1CCCC2CCCCC12
C1CCC2C(C1)CC(C1CCCC3CCCC31)C1CCCC21
C1CCC2C(C1)CCC1CC3CC4CCCC4C3CCC12
C1CCC(CCCC2CCC3C(CCC3C3CCCCC3)C2)CC1
C(CCCC1CCC(C2CCCCC2)C1)CCC1CCCCC1
C1CCC(CCC2CCC3C(CCC3C3CCCCC3)C2)CC1
C1CCC(CCC(CCC2CCC3CCCCC3C2)CC2CCCCC2)CC1
C1CCC2CC(C3CCCC4CCCC43)CCC2C1
C1CCC(C2CCC3CC4C5CCC6CCCC6C(CCC4CC32)C5)CC1
C1CCC(CCC2CCC3C(CCC3C3CCCCC3)C2)CC1
C1CCC(CCCCCC2CCCC3C(CC4CCCCC4)CCC23)CC1
C1CCC(C2CC3CCCC3C3CCCC4CCCCC4C23)CC1
C1CCC2CCC3C4CCC(CCCC5CC6CCCCC6C5)C4CCC3C2CC1
C1CCC(C2CCC(CCCCCC3CCCC4C(C5CCCCC5)CCC34)C2)CC1
C1CCC(CCCCC2CCC3CCCCC23)CC1
C1CCC(CCCCCC2CCC3CCCCC23)CC1
C1CCC(CCCCCC2CCCC3C(C4CCCCC4)CCC23)CC1
C1CCC(CCC(CCC2CCC3CCCC3C2)CC2CCCCC2)CC1
C(CCC1CCCC2CCCC12)CC1CC2CCCCC2C1
C1CCC(CCCCC2CC3CCCCC3C2)CC1
C1CCC(CCCCCC2CC3CCCCC3C2)CC1
C1CCC2CC(CCCC3CCCC4CCCCC43)CC2C1
C1CCC2C(C1)CCC1C3CCCCC3CCC21
C(CCCCC1CCC2C(CCC3C4CCCC4CCC23)C1)CCCC1CCCC(CC(CCC2CCC(CC3CCCCC3)CC2)C2CCCCC2)C1
C1CCC(CCC2(CCCC3CC4CCCCC4C3)CCC3C4CCC5CCCCC5C4CCCC32)C1
C1CCC(C2CC3CCCC3C3CCC4CCCCCC4C23)CC1
C1CCC(C2CCC3CC4C(CCCCC45CCCC5)CC32)CC1
C1CCC2CCC3C4CCCC4CCC3C2CC1
C1CCC2CC(CCCC3CCC4C3CCC3C5CCCCC5CCCC43)CCC2C1
C(CCC1CCCC2CCCC12)CC1CC2CCCCC2C1
C1CCC(CCCC2CCC3C2CCC2C4CC5CCC(C6CCCCC6)C5CC4CCC32)CC1
C1CCC2C(C1)CCC1CCCCC12
C1CCC(CCCCCC2CCC3CCCC3C2)CC1
C1CCC2CC(CC3CCCC4CCCC43)CCC2C1
C1CCC2C(C1)CCC1CCCCC12
C(CCCC1CCC2C(CCC2C2CCCCC2)C1)CCC1CCCCC1
C1CCC(C2CC3CCCC3C3CCC4CCCCC4C3C2)CC1
C1CCC(CCC2CCC3C(CCC3C3CCCCC3)C2)CC1
C(CCCC1CCCC2C(C3CCCCC3)CCC12)CCC1CCCCC1
C1CCC2CCC(C3CCCC4CCCC43)CC2CC1
C1CCC2C(C1)CCC1C3CCCC3CCC21
C1CCC(C2CC3CCCC3C3CCC4CCCCCC4C23)CC1
C1CCC(C2CCC3CC4CCCCC4CC32)CC1
C1CCC2CC(C3CCCC4CCCC43)CCC2C1
C1CCC2CC(C3CCCC4CCCC43)CCC2C1
C1CCC2C(C1)CCC1C3CCCC3CCC21
C1CCC(CC2CCC3C(CCC3C3CCCCC3)C2)CC1
C(CCC1CCCC2CCCCC12)CC1CCC2CCCCC2C1
C1CCC(CCCCCC2CCC3CCCCC23)CC1
C1CCC2C(C1)CCCC1CCCCC12
C1CCC2CCC(C3CCCC4CCCC43)CC2CC1
C(CCCC1CCCC2C(C3CCCCC3)CCC12)CCC1CCCCC1
C1CCC(C2CCC3CC4C(CCC5C6CCC(CCCC7CC8CCCCC8C7)C6CCC45)CC32)CC1
C1CCC(C2(CCCCC3CCC4CCCCC4C3)CCCC3CCCCC32)CC1
C(CCCCC1CCC(C2CCCCC2)C1)CCCC1CCCCC1
C1CCC(CCCCC2CCC3CCCCC23)CC1
C1CCC(CCC2CCC3C(CCC3C3CCCCC3)C2)CC1
C1CCC2CC(C3CCCC4CCCC43)CCC2C1
C1CCC(CCCC2CCC3CCC(C4CCCC5CCCC54)CC3CC2)CC1
C1CCC2CC(C3CCCC4CCCC43)CCC2C1
C1CCC(C2CCC3CC4C(CCC5C6CCCC6CCC45)CC32)CC1
C(CCC1CCCC2CCCC12)CC1CC2CCCCC2C1
C1CCC2CCC(C3CCCC4CCCC43)CC2CC1
C1CCC2CCC3C4CCCC4CCC3C2CC1
C1CCC2CCC3C4CCCC4CC(C4CCC(CCCCC5CCC6C(CCC7C8CCCC8CCC67)C5)CC4)C3C2CC1
C1CCC(C2CCC3CC4CCCCC4CC32)CC1
C1CCC(CCCC2CCC3CCC(CC4CCCC5CCCC54)CC3C2)CC1
C1CCC(CCC(CCC2CC3CCCCC3C2)C2CC2)CC1
C1CCC(CCCCCC2CC3CCCCC3C2)CC1
C1CCC2CC(C3CCCC4CCCC43)CCC2C1
C1CCC(CCC2CCC3C(CCC4C5CCCC5CCC34)C2)CC1
C1CCC(CCC2CCC(CCC3CCCCC(CC4CCCC4)C3)CC2)CC1
C1CCC(CCC2CCCCC3CCC(C4CCCC5CCCC54)CC23)CC1
C(CCC1CCC2C1CCC1C3CCCCC3CCC21)CC1CCC2CCCCC2C1
C1CCC(C2CCC3C(CCC4CCCCC43)C2)CC1
C1CCC(C2CCC(CCCC3CCC4C3CCC3C5CCCCC5CCC43)C2)CC1
C1CCC(CCCCCC2CCCCC2)CC1
C1CCC2C(C1)CCC1C3CCCC3CCC21
C1CCC(C2CCC3CCC4C(CCC45CCCCC5)CC32)CC1
C1CCC(CCC2CCC(CCC3CCCC(CC4CCCC4)C3)CC2)CC1
C1CCC(CCCC2CCC3C(CCC3C3CCCCC3)C2)CC1
C1CCC(CCC2CCC3C(CCC4CCCCC43)C2)CC1
C1CCC(CCCCCC2CC3CCCCC3C2)CC1
C1CCC(C2CCC3CC4C(CCC45CCCC5)CC32)CC1
C1CCC(CCCCC2CC3CCCCC3C2)CC1
C1CCC(CCCC2CCC3CCC(C4CCCC5CCCC54)CC3C2)CC1
C1CCC(CC2CC3CCCCC3C3CCC4CCCCCC4C23)CC1
C1CCC2CCC3C4CCC(CCCC5CCCC6CCCCC65)C4CCC3C2CC1
C1CCC2CCC(C3CCCC4CCCC43)CC2CC1
C1CCC2CCCCC2C(CCCCC2CCCC3CCCCC23)C1
C(CCCCC1CCC2C(CCC3C4CCCC4CCC23)C1)CCCC1CCCC(CC(CC2CCC(CC3CCCCC3)CC2)C2CCCCC2)C1
C1CCC(C2CC3CCCC3C3CCC4CCCCC4C3C2)CC1
C1CCC(CCC2(CCCC3CC4CCCCC4C3)CCC3C4CCC5CCCCC5C4CCC32)C1
C1CCC(CCCCCC2CC3CCCCC3C2)CC1
C1CCC2CC(CC3CCCC4CCCC43)CCC2C1
C1CCC(CCCCCC2CCC3CCCCC23)CC1
C1CCC2CCC(C3CCCC4CCCC43)CC2CC1
C1CCC(CCCCC2CCC3CCCCC23)CC1
C(CCCC1CCCC2C(C3CCCCC3)CCC12)CCC1CCC(C2CCCC2)C1
C1CCC(CCCCCC2CCC3CCCCC23)CC1
C1CCC(C2CCC(C3CC4CCCC4C4CCC5CCCCC5C34)CC2)C1
C1CCC(CCCCC(CC2CCC3C(CCC3C3CCCCC3)C2)C2CCCCC2)CC1
C1CC2CCC3C(CCC4CCCCC43)CC2C1
C(CCC1CCC2C1CCC1C3CCCCC3CCC21)CC1CCC2CCCCC2C1
C1CCC(C2CCC3CCCC3C3CCC4CCCCC4C23)CC1
C1CCC(C2CCC3CC4C(CCC45CCCC5)CC32)CC1
C1CCC(C2CCC(CCCCCC3CCCC4CCCCC34)C2)CC1
C1CCC(C2CCC3CC4C(CCCC5C6CCC(CCCC7CC8CCCCC8C7)C6CCC45)CC32)CC1
C(CCC1CCCC2CCCC12)CC1CC2CCCCC2C1
C1CCC(CCCCC2CCC3CCC(C4CCCC5CCCC54)CC3C2)CC1
C1CCC2CC3CCC4CCCCC4C3CCC2C1
C(CCC1CCCC2CCCCC12)CC1CCC2CCCCC2C1
C(CCCC1CCCCC1)CCCC1CCC(C2CCCCC2)C1
C1CCC(C2CC3CCCC3C3CCC4CCCCC4C23)CC1
C(CCCC1CCCC2CCCCC12)CCC1CCC(C2CCCCC2)C1
C1CCC(CCC(CCC2CCC3CCCCC3C2)CC2CCCCC2)CC1
C1CCC(C2CC3CCCC3C3CCC4CCCCC4C23)CC1
C1CCC2CC(C3CCCC4CCCC43)CCC2C1
C1CCC(CC2CC3CCCCC3C3CCC4CCCCC4C23)C1
C1CCC(CCCCC2CC3CCCCC3C2)CC1
C1CCC(CCCCC2CCCC(C3CCC4CC(CCC5CCC6CCCCC6C5)CCC43)C2)CC1
C1CCC(C2CCC3C(CCC4CCCCC43)C2)CC1
C1CCC2C(C1)CCC1C3CCCC3CCC21
C(CCC1CCCC2CCCCC12)CC1CCC2CCCCC2C1
C1CCC(CCCC2CCC3C(CCC3C3CCCC(CCC4CCCC4)C3)C2)CC1
C1CCC(CCCC2CCC3C2CCCC2C4CCCCC4CCC23)C1
C1CCC(CCCCC2(CCC3CCCC3)CCC3C4CCC5CCCCC5C4CCC32)C1
C1CCC2C(C1)CCC1C3CCCC3CCC21
C1CCC(CC2CCC3C(CC4CCCCC4)CCC3C2)CC1
C(CCC1CCCC2CCCC12)CC1CC2CCCCC2C1
C1CCC(C2CC3C(CCC34CCCCC4)C3CCC4CCCCC4C23)CC1
C1CCC(C2CCC3CC4C(CCC32)CCC42CCCC2)CC1
C1CCC(C2CCC3CCCC3C3CCC4CCCCCC4C23)CC1
C1CCC2CCC3C4CCCCC4CC(CC4CCCC4)C3C2CC1
C1CCC(C2CCC3CC4C(CCC32)CCC2C3CCC(CCCC5CCCC6CCCCC65)C3CCC42)CC1
C(CCC1CCC2C1CCC1C3CCCCC3CCC21)CC1CCC2CCCCC2C1
C1CCC2CCC3C4CCCC4CCC3C2CC1
C1CCC(C2CCC(CCCCCC3CCCC4CCCCC34)C2)CC1
C1CCC(CCCC(CCC2CCCCC2)CCC2CCC3CCCC3C2)CC1
C1CCC(CC2CCCC(CC3CC4CCCCC4C4CCC5CCCCCC5C34)C2)CC1
C1CCC2CC(C3CCCC4CCCC43)CCC2C1
C1CCC2C(C1)CCC1C3CCCC3CCC21
C1CCC2CCC(C3CCCC4CCCC43)CC2CC1
C1CCC(CCCCCC2CCCC3C(C4CCCCC4)CCC23)CC1
C1CCC2C(C1)CCCC1C2CCC2C3CCCC3CC21
C1CCC(CCCCCC2CC3CCCCC3C2)CC1
C1CCC(C2CC3CCCC3C3CCC4CCCCC4C23)CC1
C1CCC(CC2CC3CCCCC3C3CCC4CCCCC4C23)C1
C1CCC(CCC2CCC(C3CCC4C(CCC4C4CCCCC4)C3)CC2)CC1
C1CCC(CCCCC2CCCCC3CCC(C4CCCCC4)CC23)CC1
C1CCC2CC(CCCC3CCC4C3CCC3C5CCCCC5CCC43)CC2C1
C1CCC2CCC3C4CCC(CCCC5CC6CCCCC6C5)C4CCC3C2CC1
C1CCC2C(C1)CCC1C3CCCC3CCC21
C1CCC(CC2CCC(CCCCCC3CCCC4CCCCC34)C2)CC1
C1CCC2CC(C3CCCC4CCCC43)CCC2C1
C1CCC2C(C1)CCC1C3CCCC3CCC21
C1CCC(CC23CCCCC2CCC2C(CCC4CCCC42)C3)CC1
C1CCC(C2CCCC3(CCC4CC5C(CCC5C5CCCCC5)CC43)C2)CC1
C1CCC(C2CCC3CCCC3C3CCC4CCCCC4C23)CC1
C1CCC2C(C1)CCC1C3CCCC3CCC21
C1CCC2C(C1)CCCC2CCCC1CCCC2CCCCC21
C1CCC(C2CCC3C(CCC4CCCCC43)C2)CC1
C1CCC(CCCCC2CCC3CCCCC23)CC1
C1CCC(C2CCC3CC4(CCCCCCC4C4CCCCC4)CCC32)CC1
C1CCC(CCC2CCC(CCC3CCCC(CC4CCCC4)C3)CC2)CC1
C1CCC(C2CCC3CC4C(CCC45CCCCC5)CC32)CC1
C1CCC(C2CC3C(CCC4CC4)CCC3C3CCCC4CCCCC4C23)CC1
C1CCC(C2CCC3CC4C(CCCC45CCCCC5)CC32)CC1
C1CCC2C(C1)CCC1C3CCCC3CCC21
C1CCC(CCCC2CCCC3CC4C(CCC4C4CCCCC4)CC23)CC1
C1CCC2C(C1)CCC1CC3CC4CCCC4C3CCC12
C1CCC2CCC(C3CCCC4CCCC43)CC2CC1
C1CCC(C2CC3CCCC3C3CCCC4CCCCC4C23)CC1
C1CCC(CCC2CCC3C(CCC4CC3CCC3CCCC34)C2)CC1
C1CCC2C(C1)CCC1CCCCC12
C1CCC(CCC2CCC3C(CCC3C3CCCCC3)C2)CC1
C1CCC(C2CCC3CC4C(CCC32)CCC2C3CCC(CCCC5CCCC6CCCCC65)C3CCC42)CC1
C1CCC(C2CCC3C(CCC4CCCCC43)C2)CC1
C1CCC(C2CCC3CC4C(CC5CCC6CCCCC65)CCCCC4CC32)CC1
C1CCC(CCCC2CCCC(C3CCC4CC(CCC5CCC6CCCCC6C5)CCC43)C2)CC1
C1CCC2CCC3C4CCCCC4CC(CC4CCCC4)C3C2CC1
C(CCCC1CCCC2C(C3CCCCC3)CCC12)CCC1CCCCC1
C(CCCC1CCCC2C(C3CCCCC3)CCC12)CCC1CCCCC1
C1CCC(CCCCCC2CCCC3C(CC4CCC(CC5CC5)CC4)CCC23)CC1
C1CCC(CCCCC2CC3CCCCC3C2)CC1
C1CCC2C(C1)CCCC1C3CCCC3CCC21
C1CCC(C2CC3CCCC3C3CCC4CCCCC4C23)CC1
C1CCC(CCC2CCC3C(CCC3C3CCCCC3)C2)CC1
C1CCC(CC2CC3CCCCC3C3CCC4CCCCCC4C23)CC1
C1CCC(CCCCCC2CCCC3C(C4CCCCC4)CCC23)CC1
C1CCC2CCC3C4CCC(CCCC5CC6CCCCC6C5)C4CCC3C2CC1
C1CCC(C2CC3CCCC3C3CCC4CCCCC4CC23)CC1
C1CCC2C(C1)CCC1CC2CCC2CCCC21
C(CCC1CCCC2CCCCC12)CCC1CCCC2CCCCC12
C1CCC(CCC2CCC3C(CCC3C3CCCCC3)C2)CC1
C1CCC2CCC(C3CCCC4CCCC43)CC2CC1
C1CCC(CCCCC2CCC3CCCCC23)CC1
C1CCC2C(C1)CCC1CCCCC12
C(CCCC1CCCC2C(C3CCCCC3)CCC12)CCC1CCCCC1
C1CCC(CC2CC3CCCCC3C3CCC4CCCCC4C23)CC1
C1CCC(C2CC3CCCC3C3CCC4CCCCC4C23)CC1
C1CCC(CCCC2CCC3C2CCC2C4CCCCC4CCC32)C1
C1CCC(CCC2CCC3C(CCC3C3CCCCC3)C2)CC1
C1CCC(CCCCC2CCC3CCCCC23)CC1
C1CCC(C2CCC3CC4C(CCC32)CCC2C3CCC(CCCC5CC6CCCCC6C5)C3CCC42)CC1
C1CCC2CC3CCC4C5CCCC5CC4C3CCC2C1
C1CCC(CC2CC3CCCCC3C3CCC4CCCCCC4C23)CC1
C(CCC1CCCC2CCCCC12)CC1CCC2CCCCC2C1
C1CCC(CCCCC2CC3CCCCC3C2)CC1
C1CCC(C2CC3CCCC3C3CCC4CCCCCC4C23)CC1
C1CCC(CCCCC2CC3CCCCC3C2)CC1
C1CCC2CC(CCCC3CCCC4C3CCC3C5CCCCC5CCC43)CCC2C1
C1CCC(CCC2CCC3C(CCC3C3CCCC(CCC4CCCC4)C3)C2)CC1
C1CCC(CCCC2CCC3C(CCC3C3CCCC(CC4CCCC4)C3)C2)CC1
C1CCC(CC2CCCCCCC23CCC2C(CCC2C2CCCCC2)C3)CC1
C1CCC(CCC2CCC3C(CC4CCCCC4)CCC3C2)CC1
C1CCC(CCC2CCC3C(CCC4CCCCC43)C2)CC1
C1CCC(C2CC3CCCCC3C3CCC4CCCCC4C23)CC1
C1CCC(C2CCC3C(CCC4CCCCC43)C2)CC1
C1CCC2C(C1)CCC1C3CCCC3CCC21
C1CCC(CCCC2CCC3C(CCC3C3CCCCC3)C2)CC1
C1CCC2C(C1)CCC1C3CCCC3CCC21
C(CCCC1CCCC2C(C3CCCCC3)CCC12)CCC1CCCCC1
C1CCC(CCCC2(CCCC3CC4CCCCC4C3)CCC3C4CCC5CCCCC5C4CCC32)C1
C1CCC2CCC3C4CCC(CCCC5CC6CCCCC6C5)C4CCC3C2CC1
C1CCC(CCCCCC2CCCC3C2CCC3C2CCCC(CC3CC3)C2)CC1
C1CCC(CCCCC2CC3CCCCC3C2)CC1
C1CCC(CCC2CCC3C(CCC4C5CCCC5CC(CCC5CCCCC5)CC34)C2)CC1
C1CCC(CCCCC2CCC3CCC(C4CCCC5CCCC54)CC3C2)CC1
C1CCC2C(C1)CC(C1CCCC3CCCC31)C1CCCC21
C1CCC(C2CCC3CC4C(CCCCC45CCCC5)CC32)CC1
C1CCC2CC(C3CCCC3)C3CCCC3C2CC1
C1CCC(CCCCCC2CC3CCCCC3C2)CC1
C1CCC(CCCC2(CCCC3CCCC3)CCC3C4CCC5CCCCC5C4CCC32)C1
C1CCC2CCC(C3CCCC4CCCC43)CC2CC1
C1CCC(C2CCC(C3CC4CCCC4C4CCC5CCCCC5C34)CC2)C1
C1CCC2CCC(C3CCCC4CCCC43)CC2CC1
C1CCC2C(C1)CCC1C3CCCC3CCCC21
C1CCC(CC2CCC(C3CCC4CCCC4C4CCC5CCCCC5C34)CC2)CC1
C(CCCC1CCCCC1)CCCC1CCC(CC2CCCCC2)C1
C(CCC1(C2CCCC2)CCCC2CCCCC21)CC1CCC2CCCCC2C1
C1CCC(CCCCCC2CC3CCCCC3C2)CC1
C1CCC(C2CC3CCCCC3C3CCCCC23)CC1
C1CCC(CCCCC2CC3CCCCC3C2)CC1
C(CCC1CCCC2CCCCC12)CC1CCC2CCCCC2C1
C1CCC(CCC2(CCCC3CCC4CCCCC4C3)CCC3C4CCC5CCCCC5C4CCC32)C1
C1CCC(C2CCC3C(CCCC4CCCCC43)C2)CC1
C1CCC(C2CC3CCCCC3C3CCCCC23)CC1
C1CCC2CCC3C4CCCC4CCC3C2CC1
C1CCC(C2CC3CCCC3C3CCC4CCCCC4C23)CC1
C(CCCC1CCCC2C(C3CCCCC3)CCC12)CCC1CCC(C2CCCC2)C1
C1CCC(C2CCC3CC4C(CCCC5C6CCCC6CCC45)CC32)CC1
C1CCC(CCCCC2CC3CCCCC3C2)CC1
C1CCC(CCC(CCC2CCC3CCCC3C2)CC2CCCCC2)CC1
C1CCC(CCC2(CCCCC3CC4CCCCC4C3)CCC3C4CCC5CCCCC5C4CCC32)C1
C1CCC(CCCCC2CC3CCCCC3C2)CC1
C1CCC2C(C1)CCCC1C3CCCC3CCC21
C1CCC(CC(CC2CCCCC2)C2CCCCC2)CC1
C1CCC(C2CCC3CC4C(CCC45CCCC5)CC32)CC1
C1CCC2CC(CC3CCCC4CCCC43)CCC2C1
C1CCC(CCC2CCC3C(CCC3C3CCCCC3)C2)CC1
C1CCC(C2CC3CCCC3C3CCC4CCCCCC4C23)CC1
C1CCC(C2CCC3C(CCC4CCCCC43)C2)CC1
C1CCC(CCCCC2CC3CCCCC3C2)CC1
C1CCC2CCC(C3CCCC4CCCC43)CC2CC1
C1CCC2CC3CCC4C(CCCC5CC6CCCCC6C5)CCC4C3CCC2C1
C1CCC(CCCCC2CC3CCCCC3C2)CC1
C1CCC(CCCCC2CCC3CCCCC23)CC1
C1CCC(CC2CC3CCCCC3C3CCC4CCCCC4C23)C1
C1CCC(C2CC3CCCC3C3CCC4CCCCC4C23)CC1
C1CCC(C2CCC3C(CCC4CCCCC43)C2)CC1
C1CCC(CCCC2CCC3C2CCCC2C4CC5CCC(C6CCCCC6)C5CC4CCC32)CC1
C1CCC(C2CC3CCCC3C3CCC4CCCCC4C23)CC1
C1CCC(CC2CC3CCCCC3C3CCC4CCCCC4C23)C1
C(CCCC1CCCCC1)CCCC1CCC(C2CCCCC2)C1
C1CCC(CCCC2CCC(CCC3CCCCC3)CC2)CC1
C1CCC(C2CC3CCCC3C3CCC4CCCCCC4C23)CC1
C1CCC(CCCCC2CC3CCCCC3C2)CC1
C1CCC(C2CC3CCCC3C3CCC4CCCCC4C23)CC1
C(CCCC1CCCCC1)CCCC1CCC(C2CCCCC2)C1
C1CCC(CC2CC3CCCCC3C3CCC4CCCCCC4C23)CC1
C1CCC2CC(CCCC3CCC4C3CCC3C5CCCCC5CCCC43)CCC2C1
C1CCC2CC(C3CCCC4CCCC43)CCC2C1
C1CCC(CCC2CCC3C(CCC3C3CCCCC3)C2)CC1
C(CCCC1CCCC2C(C3CCCCC3)CCC12)CCC1CCCCC1
C1CCC2CCC3C4CCCC4CCC3C2CC1
C1CCC(C2CCC3C(CCCCCC4CCC(CC5CCCC5)C4)CCCC23)CC1
C1CCC(CCCC2CCC3C(CCC3C3CCCCC3)C2)CC1
C1CCC(CCC2CCC3C2CCC(C2CCCCC2)C2C4CCCCCC4CCC32)CC1
C1CCC(CCC2CCC(CCC3CCCC(CC4CCCCC4)C3)CC2)CC1
C1CCC(CC2CCC(CCCCCC3CCCC4CCCCC34)C2)CC1
C1CCC2CC(CC3CCCC4CCCC43)CCC2C1
C1CCC(CCCCCC2CC3CCCCC3C2)CC1
C1CCC(C2CC3CCCC3C3CCCC4CCCCC4C23)CC1
C1CCC(CC2CCC3CC4C(CCC45CCC(C4CCCCC4)C5)CC23)CC1
C1CCC(CCC2CCC(C3CCCC4C(C5CCCCC5)CCC34)C2)CC1
C1CCC2C(C1)CCCC1C3CCCC3CCC21
C(CCCC1CCCCC1)CCCC1CCC(C2CCCCC2)C1
C1CCC2CC(C3CCCC4CCCC43)CCC2C1
C1CCC(C2CCC3CC4C(CCC32)CCC42CCCC2)CC1
C1CCC(C2CC3CCCC3C3CCC4CCCCCC4C23)CC1
C1CCC2C(C1)CCCC1C3CCCC3CCC21
C(CCCC1CCC2CCCC2C1)CCC1CCCCC1
C1CCC(CCCCC2CCC3CCC(C4CCCC5CCCC54)CC3C2)CC1
C1CCC(CCC2(CCCC3CC4CCCCC4C3)CCC3C4CCC5CCCCC5C4CCC32)C1
C1CCC(CCCCC2CC3CCCCC3C2)CC1
C1CCC(CCCCC2CC3CCCCC3C2)CC1
C1CCC2CC(CC3CCCC4CCCC43)CCC2C1
C(CCCC1CCC2CCCC2C1)CCCC1CCC(C2CCCCC2)C1
C1CCC(CCCCC2CCC3CCCCC23)CC1
C1CCC(CCCC2CCCCC3CCC(C4CCCC5CCCC54)CC23)CC1
C1CCC2CCC3C4CCCCC4CC(CC4CCCC4)C3C2CC1
C1CCC2CC(CCCC3CCCC4CCCCC43)CC2C1
C1CCC2C(C1)CCC1C3CCCC3CCC21
C1CCC2CC(C3CCCC4CCCC43)CCC2C1
C1CCC(CCC2CCC3C(CCC4C5CCCC5CCC34)C2)CC1
C1CCC(CC2CCC3C(CCC3C3CCCCC3)C2)CC1
C1CCC(C2CCC3CC4C(CCCC45CCCC5)CC32)CC1
C1CCC(C2CCC3CC4C(CCC45CCCCCC5)CC32)CC1
C1CCC(CCCC2CCC3CCC(C4CCCC5CCCC54)CC3C2)CC1
C1CCC(C2CCCC3(CCC4CC5C(CCC5C5CCCCC5)CC43)C2)CC1
C1CCC2CCC(C3CCCC4CCCC43)CC2CC1
C1CCC2CCCC(CC3CC4CCCCC4C4CCC5CCCCC5C34)C2CC1
C1CCC(CC2CC3CCCCC3C3CCC4CCCCC4C23)C1
C(CCC1CCC2C(CCC3C4CCCC4CCC23)C1)CC1CCC(C2CCC(C3CC4CCCC4C4CCC5CCCCC5C34)CC2)CC1
C(CCCC1CCC(C2CCCCC2)C1)CCC1CCCCC1
C1CCC(CCCCCC2CC3CCCCC3C2)CC1
C1CCC(CCC2CCC3C(CCC3C3CCCCC3)C2)CC1
C1CCC(CCCCCC2CCC3CCCCC23)CC1
C1CCC(CC2CC3CCCCC3C3CCC4CCCCC4C23)CC1
C1CCC2CC(C3CCCC4CCCC43)CCC2C1
C1CCC(C2CCC3C(CCCC4CCCCC43)C2)CC1
C1CCC(CCC2CCC(CC(CC3CCCCC3)C3CCCCC3)CC2)CC1
C1CCC(CCCCC2CCC3CCC(CC4CCCC5CCCC54)CC3C2)CC1
C1CCC(CCC2CCC3C(CCC3C3CCCCC3)C2)CC1
C1CCC2CCC(C3CCCC4CCCC43)CC2CC1
C1CCC(CC2CCC3CCCCC3C3CCC4CCCCC4C23)C1
C1CCC(CCC2CCCC3CC4C(CCC4C4CCCCC4)CC23)CC1
C1CCC2C(C1)CCC1C3CCCC3CCCC21
C(CCC1CCC2C1CCC1C3CCCCC3CCC21)CC1CCC2CCCCC2C1
C1CCC(CCC(CC2CC3CCCCC3C2)C2CCC2)CC1
C1CCC(C2CCC3CCC(C4CCCC4)CC32)CC1
C1CCC2CC(C3CCCC4CCCC43)CCC2C1
C1CCC(CCC2CCC3C(CCC3C3CCCCC3)C2)CC1
C1CCC(CCC2CCC(CCC3CCCC(CC4CCCC4)C3)CC2)CC1
C1CCC(C2CCC3CC4CCCCC4CCC32)CC1
C1CCC2CCC(C3CCCC4CCCC43)CC2CC1
C1CCC2CCC3C4CCCCC4CCC3C2CC1
C1CCC(CCCCCC2CCCC3C2CCC3C2CCCC(CC3CCCC3)C2)CC1
C1CCC(CCC2CCC(C3CC3)CC2)CC1
C(CCCC1CCCCC1)CCCC1CCC(C2CCCCC2)C1
C1CCC(C2CCC3CC4C(CCCC45CCCCC5)CC32)CC1
C1CCC(CCC2CCC3C(CCC3C3CCCCC3)C2)CC1
C1CCC(C2CCC3CCCC3C3CCC4CCCCC4C23)CC1
C1CCC(CCCCC2CCC3C2CCC2C4CCCCC4CCCC32)CC1
C1CCC(C2CC3CCCC3C3CCC4CCCCCC4C23)CC1
C1CCC(CCCC2CCCC3CCC(C4CCCC5CCCC54)CC3C2)CC1
C1CCC2CCC3C4CCCCC4CC(CC4CCCC4)C3C2CC1
C1CCC(CCC2CCC3C2CCC(C2CCCCC2)C2C4CCCCCC4CCC32)CC1
C1CCC2CC(C3CCCC4CCCC43)CCC2C1
C1CCC(CC2CC3CCCCC3C3CCC4CCCCCC4C23)CC1
C(CCCC1CCCC2C(C3CCCCC3)CCC12)CCC1CCC(C2CCCC2)C1
C(CCCC1CCCC2CCCCC12)CCC1CCC(C2CCCCC2)C1
C1CCC(C2CCC3C(CCC4CC4)CCC3C3CCC4CCCCC4C23)CC1
C1CCC(CCCCC2CC3CCCCC3C2)CC1
C1CCC(C2CCC3C(CCCCCC4CCC(C5CCCC5)C4)CCCC23)CC1
C1CCC(CCCCCC2CCC3CCCCC23)CC1
C(CCCC1CCC2CCCC2C1)CCC1CCCCC1
C1CCC(C2CC3CCCC3C3CCC4CCCCC4C23)CC1
C1CCC(C2CCC3(CCCC4CC5C(CCC5C5CCCCC5)CC43)C2)CC1
C1CCC2C(C1)CCC1C3CCCC3CCC21
C1CCC(C2CCC3CCCC3C3CCC4CCCCC4C23)CC1
C1CCC(C2CCC3C(CCCCCC4CC4)CCCC23)CC1
C1CCC(CCCC2CCCC3CCC(C4CCCC5CCCC54)CC3C2)CC1
C1CCC(CC2CCC(CC(CC3CCCCC3)C3CCCCC3)CC2)CC1
C1CCC2C(C1)CC(C1CCCC3CCCC31)C1CCCCC21
C1CCC(C2CC3CCCC3C3CCC4CCCCCC4C23)CC1
C1CCC(C2CC3CCCC3C3CCC4CCCCCC4C23)CC1
C1CCC(C2CCC3CC4C(CCCCC45CCCC5)CC32)CC1
C1CCC(C2CCC3CC4C(CCCCC45CCCC5)CC32)CC1
C1CCC(CCCCC2CC3CCCCC3C2)CC1
C1CCC2CCC3C4CCCC4CCC3C2CC1
C1CCC(C2CCC3CC4C(CCCC45CCCCC5)CC32)CC1
C1CCC(C2CC3CCCC3C3CCC4CCCCC4C23)CC1
C1CCC2CC(CCCC3CCCC4CCCCC43)CC2C1
C1CCC2C(C1)CCC1C3CCCC3CCCC21
C1CCC(CC2CCC3CC4C(CCC5C6CCC(CCCC7CCC8CCCCC8C7)C6CCC45)CC23)CC1
C(CCC1CCCC2CCCC12)CC1CC2CCCCC2C1
C1CCC(CCCCC2CC3CCCCC3C2)CC1
C(CCC1CCCC2CCCCC12)CC1CCCC2CCCCC12
C1CCC(C2CC3CCCCC3C3CCC4CCCCC4C23)CC1
C1CCC(C2CC3CCCC3CC3CCC4CCCCC4C32)CC1
C1CCC(CC2CCC3C(CCC3C3CCCCC3)C2)CC1
C(CCC1CC2CCCCC2C1)CCC1CCCC2CCCC12
C1CCC(CCC2CCC3C(CCC3C3CCCC(CCC4CCCCC4)C3)C2)CC1
C1CCC(CCC2CCCC3CC4C(CCC23)CCC4C2CCCCC2)CC1
C1CCC(CCCCC2CC3CCCCC3C2)CC1
C1CCC(CCCC2CCCC(C3CCC4CC(CCC5CCC6CCCCC6C5)CCC43)C2)CC1
C1CCC2CC3CCC4CCCC4C3CCC2C1
C1CCC(C2CC3CCCC3C3CCC4CCCCCC4C23)CC1
C1CCC(C2CC3CCCC3C3CCC4CCCCC4C23)CC1
C1CCC(CC2CCC(CC(CC3CCCCC3)C3CCCCC3)CC2)CC1
C1CCC(C2CCC3CC4C(CCCCC45CCCC5)CC32)CC1
C1CCC(CCCCCC2CC3CCCCC3C2)CC1
C1CCC(CCCCC2CCC3CCC(C4CCCC5CCCC54)CC3C2)CC1
C1CCC(C2CCC3CC4CCCCC4CC32)CC1
C1CCC(CCC2CCC3C(CCC3CC3CCCC(CC4CCCC4)C3)C2)CC1
C1CCC(C2CCC3CC4CCCCC4CC32)CC1
C1CCC(CCCCC2CCC3CCCCC23)CC1
C1CCC2CC(CCCC3CCC4C3CCC3C5CCCCC5CCC43)CC2C1
C1CCC(C2CCC3CCC(C4CCCC4)CC32)CC1
C1CCC(CC2CCC3CC4C(CCC5C6CCC(CCCC7CC8CCCCC8C7)C6CCC45)CC23)CC1
C1CCC(CCCCC2CCC3CCCCC23)CC1
C1CCC(C2CCC3CC4C(CCCC45CC(C4CCCCC4)C(C4CCCCC4)C5)CCC32)CC1
C1CCC(CCC2CCC3C(CCC4CC(C5CCCCC5)CCC43)C2)CC1
C(CCC1CCCCC2CCCCC12)CC1CCC2CCCCC2C1
C1CCC(CCC2CCC3C(CCCC4C5CCCC5CC(CCC5CCCCC5)C34)C2)CC1
C1CCC2C(C1)CCC1C3CCCC3CCCC21
C(CCCC1CCCC2C(C3CCCCC3)CCC12)CCC1CCCCC1
C1CCC(CC2CC3CCCCC3C3CCC4CCCCC4C23)C1
C1CCC2C(C1)CCC1C3CCCCC3CCC21
C(CCC1CCCC2CCCC12)CC1CCCC2CCCCC12
C(CCCC1CCCC2CCCCC12)CCC1CCC(C2CCCCC2)C1
C(CCCC1CCCCC1)CCCC1CCC(C2CCCCC2)C1
C1CCC(C2CCC3C(CCCCCC4CCC4)CCCC23)CC1
C1CCC2CCC3C(CCC4C5CCCC5CC43)C2CC1
C1CCC(CC2CC3CCCCC3C3CCC4CCCCC4C23)CC1
C1CCC(C2CCC3CC4C(CCC5C6CCC(CCCC7CC8CCCCC8C7)C6CCC45)CC32)CC1
C1CCC(C2CC3CCCC3C3CCC4CCCCC4C23)CC1
C1CCC(CCCCCC2CCCC3C(C4CCCCC4)CCC23)CC1
C1CCC2C(C1)CCC1C3CCCCC3CCCC21
C1CCC(CCC2CCC3C2CCC(C2CCCCC2)C2C4CCCCCC4CCC32)CC1
C1CCC(CCCC(CC2CC3CCCCC3C2)C2CC2)CC1
C1CCC(CCC2CCC3C(CCC3C3CCCCC3)C2)CC1
C1CCC2C(C1)CCC(C1CCCC1)C1CCCCC21
C1CCC(CC(CC2CCCCC2)C2CCCCC2)CC1
C1CCC(C2CC3CCCCC3C3CCC4CCCCC4C23)CC1
C1CCC(CC2CC3CCCCC3C3CCC4CCCCCC4C23)CC1
C1CCC(C2CCC3C(CCCC4CCCCC43)C2)CC1
C1CCC2C(C1)CCC1C2CCC2C3CCCCC3CC21
C1CCC2CC(CCCC3CCC4C3CCC3C5CCCCC5CCCC43)CC2C1
C(CCC1CCCC2CCCCC12)CC1CCCC2CCCCC12
C(CCCC1CCCCC1)CCCC1CCC(CC2CCCCC2)C1
C1CCC(CC23CCCCC2CCC2C(CCC4CCCC42)C3)CC1
C1CCC2C(C1)CCC1C3CCCC3CCC21
C1CCC(CCC2CCC3C(CCC3C3CCCCC3)C2)CC1
C1CCC2CC(C3CCCC4CCCCC43)C3CCCC3C2CC1
C1CCC(CCCC2CCC3C(CCC3C3CCCCC3)C2)CC1
C1CCC(CCC2CCC3C(CCC3C3CCCCC3)C2)CC1
C1CCC(C2CC3CCCC3C3CCCC4CCCCC4C23)CC1
C(CCC1CCCC2CCCCC12)CC1CCCC2CCCCC12
C1CCC(CC2CC3CCCCC3C3CCC4CCCCCC4C23)CC1
C1CCC(CC2CCC(CCCC3CCC4CCCC4C3)CC2)C1
C1CCC(C2CCC3CC4C(CCC45CCCC5)CC32)CC1
C1CCC(C2CCC3CC4(CCCCCCC4C4CCCCC4)CCC32)CC1
C1CCC(CCC2CCC(CCC3CCCC(CC4CCCC4)C3)CC2)CC1
C1CCC(C2CCC3CC4CCCCC4CCC32)CC1
C(CCC1CCCC2CCCCC12)CC1CCCC2CCCCC12
C(CCCCC1CCC(C2CCCCC2)C1)CCCC1CCC2CCCC2C1
C1CCC(CCC2(CCCC3CC4CCCCC4C3)CCCC3C4CCC5CCCCC5C4CCC32)C1
C1CCC2CC(CCCC3CCCC4CCCCC43)CC2C1
C(CCCC1CCCC2C1CCC2C1CCCC(CC2CCCC2)C1)CCC1CCCCC1
C1CCC(CCCCC2CC3CCCCC3C2)CC1
C1CCC2CCC(C3CCCC4CCCC43)CC2CC1
C1CCC2C(C1)CCCC1C3CCCC3CCC21
C1CCC2CC(C3CCCC4CCCC43)CCC2C1
C1CCC(CCCCCC2CCCC3C(C4CCCCC4)CCC23)CC1
C1CCC(CCCCC2CC3CCCCC3C2)CC1
C1CCC2C(C1)CCC1C3CCCCC3CCC21
C1CCC2C(C1)CCCC2CCCC1CCC2C1CCC1C3CCCCC3CCC21
C1CCC2CC(C3CCCC4CCCC43)CCC2C1
C(CCC1CC2CCCCC2C1)CCC1CCCC2CCCC12
C1CCC(C2CCC3CCC(C4CCCC4)C3C2)C1
C1CCC2CCC(C3CCCC4CCCC43)CC2CC1
C1CCC2C(C1)CCC1C2CCC2C3CCCC3CC21
C1CCC(C2CCC3CCCC3C3CCC4CCCCC4C23)CC1
C(CCC1CCCCC2CCCCC12)CC1CCC2CCCCC2C1
C(CCC1CCCC2CCCC12)CC1CC2CCCCC2C1
C1CCC(CCC2CCC3C(CCC4C5CCCC5CCCC34)C2)CC1
C1CCC(CCCC2CCC3CCC(C4CCCC5CCCC54)CC3C2)CC1
C1CCC2CCC(C3CCCC4CCCC43)CC2CC1
C1CCC(CCCCC2CC3CCCCC3C2)CC1
C1CCC(C2CC3CCCCC3C3CCC4CCCCC4C23)CC1
C1CCC(CCCC2CCC3C(CCC4CCCCC43)C2)CC1
C1CCC(CCC2CCC(C3CC3)CC2)CC1
C(CCC1CC2CCCCC2C1)CCC1CCCC2CCCC12
C1CCC(C2CCC3CC4(CCCCCCC4C4CCCCC4)CCC32)CC1
C1CCC(CCCCC2CCC3C2CCC2CC4CCCCC4CCC23)CC1
C(CCCC1CCCCC1)CCC1CCCCC1
C1CCC(CCCCCC2CCCC3C(C4CCCCC4)CCC23)CC1
C1CCC(CCCCCC2CCCC3C(C4CCCCC4)CCC23)CC1
C1CCC(CC2CC3CCCCC3CC3CCC4CCCCC4C32)CC1
C(CCC1CCCC2CCCC12)CC1CC2CCCCC2C1
C1CCC(CCC2CCC3C(CCC3C3CCCCC3)C2)CC1
C1CCC(CCCC2CCCC(CC3CCC4CC(CCC5CCC6CCCCC6C5)CCC43)C2)CC1
C(CCCC1CCCC2CCCCC12)CCC1CCCC1
C(CCC1CCC2C1CCC1C3CCCCC3CCC21)CC1CC2CCCCC2C1
C1CCC(CCCCC2CCC3C2CCC2C4CC5CCC(C6CCCCC6)C5CC4CCC32)CC1
C1CCC2C(C1)CCC1CCCCC12
C1CCC2C(C1)CCC1C3CCCC3CCC21
C1CCC(C2CCC3CC4C(CCC32)CCC42CCCC2)CC1
C(CCCC1CCCCC1)CCC1CCCCC1
C1CCC(CCCC(CCC2CCC3CCCC3C2)CC2CCCCC2)CC1
C1CCC2C(C1)CCCC2CCCC1CCC2C1CCC1C3CCCCC3CCCC21
C1CCC2CC(C3CCCC4CCCC43)CCC2C1
C1CCC(CCC2CCC3C(CCC4C5CCCCC5CC(CCC5CCCCC5)C34)C2)CC1
C1CCC2CC(CC3CCCC4CCCC43)CCC2C1
C1CCC(CCC2CCC(C3CCC4C(CCC4C4CCCCC4)C3)CC2)CC1
C1CCC(CCCCCC2CCCC3CCC(C4CCCCC4)CC23)CC1
C1CCC(C2CCC3CC4C(CCC45CCCC5)CC32)CC1
C1CCC(CCCCC2CC3CCCCC3C2)CC1
C1CCC(CCC2CCC3C(CCC3C3CCCC(CCC4CCCC4)C3)C2)CC1
C1CCC(CCCCCC2CC3CCCCC3C2)CC1
C1CCC2CC(C3CCCC4CCCC43)CCC2C1
C1CCC(C2CCC3CCC4C(CCC5C6CCC(CCCC7CCC8CCCCC8C7)C6CCC45)CC32)CC1
C(CCC1CCCC2CCCCC12)CC1CC2CCCCC2C1
C1CCC(CCC2CCC3C(CC4CCCCC4)CCC3C2)CC1
C1CCC2C(C1)CCC1C2CCC2C3CCCC3CC21
C1CCC2C(C1)CCCC2CC1CC2CCCCC2C2CCCC12
C1CCC(CCCCC2CCC3CCCCC23)CC1
C1CCC(CCCCCC2CCC3CCCC3C2)CC1
C1CCC2C(C1)CCC1C3CCCC3CCCC21
C1CCC2CC(CCCC3CCC4C3CCCC3C5CCCCC5CCC34)CC2C1
C1CCC(CCC(CC2CCC3C(CCC3C3CCCCC3)C2)C2CCCCC2)CC1
C1CCC(CCCCCC2CCCCC2)CC1
C1CCC(C2CCC3CC4C(CCCCC45CC(C4CCCCC4)C(C4CCCCC4)C5)CC32)CC1
C1CCC(CCCCCC2CCC3CCCCC23)CC1
C1CCC(CCC2CCC3C(CCC4C5CCCC5CCC34)C2)CC1
C1CCC(CCC2CCCC3CCC(C4CCCC5CCCC54)CC23)CC1
C1CCC(CC2CC3CCCCC3C3CCC4CCCCCC4C23)CC1
C1CCC(CCC2CCC3C(CCC3C3CCCCC3)C2)CC1
C1CCC(CCCC2CCCC3CCC(C4CCCC5CCCC54)CC3C2)CC1
C1CCC(CCCC2(CCC3CCCC3)CCCC3C4CCC5CCCCC5C4CCC32)CC1
C1CCC2CCC(C3CCCC4CCCC43)CC2CC1
C1CCC(C2CCC3CCCC3C3CCC4CCCCC4C23)CC1
C(CCCC1CCCCC1)CCC1CCCCC1
C1CCC(CC2CCC3CC4C(CCCC45CCCC5)CC23)CC1
C1CCC2C(C1)CCC1C2CCC2C3CCCCC3CC21
C(CCC1(C2CCCC2)CCCC2CCCCC21)CC1CCC2CCCCC2C1
C1CCC(CCCCC2CC3CCCCC3C2)CC1
C1CCC(CCCC2CCC3CCC(C4CCCC5CCCC54)CC3C2)CC1
C1CCC2CC(C3CCCC4CCCC43)CCC2C1
C1CCC2CCC3C4CCCC4CCC3C2CC1
C1CCC(C2CCC(CCCCCC3CCCC4CCCCC34)C2)CC1
C1CCC(C2CCC3CC4C(CCC32)CCC42CCCC2)CC1
C1CCC(CCC2CCC3C(CCC3C3CCCCC3)C2)CC1
C1CCC(CCCCCC2CCC3CCCC3C2)CC1
C1CCC(CCCCC2CCC3CCCCC23)CC1
C1CCC(CC2CCC3C(CC4CCCCC4)CCC3C2)CC1
C1CCC2C(C1)CCC1C3CCCCC3CCC21
C1CCC(CCCCCC2CC3CCCCC3C2)CC1
C1CCC(CCCCC2CC3CCCCC3C2)CC1
C1CCC(CCCC2CCCCC2)CC1
C1CCC(C2CCC3C(CCC4CCCCC43)C2)CC1
C1CCC(CCC2CCC(CCC3CCCC(CC4CCCCC4)C3)CC2)CC1
C(CCC1CCCC2CCCCC12)CC1CCCC2CCCCC12
C1CCC(C2CCC3CC4C(CCC5C6CCC(CCCC7CC8CCCCC8C7)C6CCC45)CC32)CC1
C1CCC(C2CC3CCCC3C3CCC4CCCCC4C23)CC1
C1CCC2CCC(C3CCCC4CCCC43)CC2CC1
C1CCC(CCCC2CCC(C3CCC4C(CCC4C4CCCCC4)C3)CC2)CC1
C1CCC(CCCCCC2CCC3CCCCC23)CC1
C1CCC(CCCCC2CCC3C2CCC2C4CCCCC4CCC32)CC1
C1CCC2CCC3CCCCC3C2CC1
C1CCC(C2CCC3CC4(CCCCC4C4CCCCC4)CCCC32)CC1
C1CCC(C2CC3CCCC3C3CCC4CCCCC4C23)CC1
C1CCC(CCC2CCC3C(CCC3C3CCCCC3)C2)CC1
C1CCC(C2CCC(CCCCCC3CCCC4CCCCC34)C2)CC1
C1CCC2CC(CC3CCCC4CCCC43)CCC2C1
C1CCC(CCC(CCC2CCC3CCCCC3C2)CC2CCCCC2)CC1
C1CCC(CC2CC3CCCCC3CC3CCC4CCCCC4C32)CC1
C1CCC(CCCCCC2CC3CCCCC3C2)CC1
C1CCC(C2CCC3CC4C(CCC5C6CCC(CCCCC7CCC8CCCCC8C7)C6CCC45)CC32)CC1
C(CCCC1CCCCC1)CCCC1CCC(C2CCCCC2)C1
C1CCC(CC2CCC3C(CCC4CCCCC43)C2)CC1
C1CCC2C(C1)CCC1CCCCC12
C1CCC(CCC(CCC2CCC3CCCC3C2)CC2CCCCC2)CC1
C1CCC(CC2CCCC(CC3CC4CCCCC4C4CCC5CCCCCC5C34)C2)CC1
C1CCC2C(C1)CCCC2CCCC1CCCC2CCCCC21
C1CCC(CCC2CCCC3CC4C(CCC4C4CCCCC4)CC23)CC1
C1CCC(CCCC(CC2CC3CCCCC3C2)C2CCCC2)CC1
C1CCC(CCC2CCC(C3CC3)CC2)CC1
C1CCC(C2CC3CCCC3C3CCC4CCCCC4C23)CC1
C1CCC(CCC2CCC3C(CCC3C3CCCCC3)C2)CC1
C1CCC(CCCCCC2CCCC3C(C4CCCCC4)CCC23)CC1
C1CCC2CC(CCCC3CCC4C3CCCC3C5CCCCC5CCC34)CC2C1
C1CCC(CCC(CC2CC3CCCCC3C2)C2CC2)CC1
C1CCC(CCC2CCCC3CCC4C(CCC4C4CCCCC4)CC23)CC1
C1CCC(CCC2CCC3C(CCC4C5CCCC5CC(CCC5CCCCC5)C34)C2)CC1
C1CCC2CCC3C4CCCC4CCC3C2CC1
C1CCC(C2CC3CCCC3C3CCC4CCCCC4C23)CC1
C1CCC2CC(C3CCCC4CCCC43)CCC2C1
C1CCC(CCC2CCC3C(CC4CCCCC4)CCC3C2)CC1
C1CCC2CCC3C4CCC(CCC5CCCC5)C4CCC3C2CC1
C1CCC(CCC2(CCCC3CC4CCCCC4C3)CCC3C4CCC5CCCCC5C4CCC32)C1
C1CCC(CC2CC3CCCCC3C3CCC4CCCCCC4C23)CC1
C1CCC2CCC(C3CCCC4CCCC43)CC2CC1
C(CCCC1CCCCC1)CCCC1CCC(C2CCCCC2)C1
C1CCC(CC(CC2CCCCC2)C2CCCCC2)CC1
C1CCC(C2CC3CCCC3C3CCC4CCCCC4C23)CC1
C1CCC(CCC(CC2CCC(CC3CCCCC3)CC2)C2CCCCC2)CC1
C1CCC(CC2CCC(CCC(CC3CCCCC3)C3CCCCC3)CC2)CC1
C(CCCC1CCCC2CCCCC12)CCC1CCC(C2CCCC2)C1
C1CCC(CC2CC3CCCCC3C3CCC4CCCCCC4C23)CC1
C1CCC(C2CCC3CC4C(CCC5C6CCCC(CCCC7CCC8CCCCC8C7)C6CCC45)CC32)CC1
C1CCC(CCCCC2CC3CCCCC3C2)CC1
C1CCC(CCCCCC2CCCCC2)CC1
C1CCC(CCCCCC2CC3CCCCC3C2)CC1
C1CCC(C2CCC3(CCC4CC5C(CCC5C5CCCCC5)CC43)C2)CC1
C1CCC(CCCCC2CCC3CCCCC23)CC1
C1CCC(C2CCC3C(CCCCCC4CC4)CCCC23)CC1
C1CCC(C2CC3CCCC3C3CCC4CCCCC4C23)CC1
C1CCC(CCCCC2CC3CCCCC3C2)CC1
C1CCC(CCCCCC2CCCC3CCC(C4CCCCC4)CC23)CC1
C1CCC2C(C1)CCC1C3CCCCC3CCCC21
C1CCC2C(C1)CCCC2CCCC1CCCC2CCCCC21
C1CCC(CCC2CCC(C3CCC4C(CCC4C4CCCCC4)C3)CC2)CC1
C1CCC(C2CC3CCCC3C3CCC4CCCCC4C23)CC1
C1CCC2CC(C3CCCC4CCCC43)CCC2C1
C1CCC(CCCCCC2CCC3CCCCC23)CC1
C1CCC(CC2CCC(CC(CC3CCCCC3)C3CCCCC3)CC2)CC1
C1CCC2CC(CCCC3CCC4C5CCC6CCCCC6C(CCC34)C5)CC2C1
C1CCC(CCCCCC2CCCC3C2CCC3C2CCCC(CC3CCCC3)C2)CC1
C1CCC(C2CC3CCCC3C3CCC4CCCCC4C23)CC1
C1CCC2CCCCC2C(CCCCC2CCCC3CCCCC23)C1
C1CCC(C2CCC3CC4C(CCCC45CCCC5)CCC32)CC1
C1CCC(C2CC3CCCC3C3CCCC4CCCCC4C23)CC1
C1CCC(CC2CC3CCCCC3C3CCC4CCCCCC4C23)CC1
C1CCC(CCCCCC2CCCC3C(C4CCCCC4)CCC23)CC1
C1CCC(CCCC2CCC3CCC(C4CCCC5CCCC54)CC3C2)CC1
C1CCC(CC2CC3CCCCC3CC3CCC4CCCCC4C32)CC1
C1CCC2CC(C3CCCC4CCCC43)CCC2C1
C1CCC(CC2CC3CCCCC3C3CCC4CCCCCC4C23)CC1
C1CCC(CCCCC2CCC3CCCCC23)CC1
C1CCC(C2CCC(CCCC3CCC4C3CCC3C5CCCCCC5CCC43)C2)CC1
C(CCCC1CCCCC1)CCCC1CCC(C2CCCCC2)C1
C1CCC(CCC2CCCCC3CC4C(CCC4C4CCCCC4)CC23)CC1
C1CCC2CCC3C(CCC4C3CCC4(CCCC3CC4CCCCC4C3)CCC3CCCC3)C2CC1
C1CCC(CCC2CCC3C(CC4CCCCC4)CCC3C2)CC1
C1CCC2C(C1)CCC1C2CCC2C3CCCC3CC21
C1CCC2CC(CCCC3CCCC4C3CCC3C5CCCCC5CCC43)CC2C1
C1CCC(CC2CCCCC2CC2CC3CCCCC3C3CCC4CCCCC4C23)CC1
C1CCC(C2CCC3CCCC4(CCCCC4)C3C2)CC1
C(CCC1CCCC2CCCCC12)CC1CCC2CCCCC2C1
C1CCC2CCC(C3CCCC4CCCC43)CC2CC1
C1CCC(CCCCCC2CC3CCCCC3C2)CC1
C(CCC1CCCC2CCCCC12)CCC1CCCC2CCCCC12
C1CCC(C2CCC3CC4C(CCC32)CCC2C3CCC(CCCC5CC6CCCCC6C5)C3CCC42)CC1
C1CCC(C2CC3CCCC3C3CCC4CCCCC4C23)CC1
C1CCC(CCC2CCC3C(CCC3C3CCCCC3)C2)CC1
C1CCC(C2CCC3CC4C(CCCC45CCCC5)CC32)CC1
C(CCCC1CCCCC1)CCCC1CCC(C2CCCCC2)C1
C(CCC1CCC2C1CCC1C3CCCCC3CCC21)CC1CC2CCCCC2C1
C1CCC(CCCCCC2CCC3CCCCC23)CC1
C1CCC(C2CCC(CCCCCC3CCCCC4CCCCC34)C2)CC1
C1CCC2CCC3C4CCCCC4CCC3C2CC1
C1CCC(C2CCC3C(CCCCCC4CCC(CC5CCCC5)C4)CCCC23)CC1
C1CCC(C2CC3CCCCC3C3CCC4CCCCC4C23)CC1
C1CCC(CCCC23CCCC2CC2C4CCC5CCCCC5C4CCC23)CC1
C1CCC(CCC2CCCC(C3CCCC4C(C5CCCCC5)CCC34)C2)CC1
C1CCC(CCCCC2CC3CCCCC3C2)CC1
C1CCC(C2CCC3CC4(CCCCC4C4CCCCC4)CCC32)CC1
C1CCC(C2CC3CCCCC3C3CCC4CCCCC4C23)CC1
C1CCC2CCC(C3CCCC4CCCC43)CC2CC1
C1CCC(C2CCC3CC4C(CCCC45CCCCC5)CC32)CC1
C1CCC(C2CCC3CC4C(CCC45CCCCC5)CC32)CC1
C(CCC1CCC2CCCCC2C1)CCC1CCCC2CCCCC12
C1CCC(CCC2CCCCC2)CC1
C1CCC(CCC2CCC3C(CCC3C3CCCCC3)C2)CC1
C1CCC(C2CC3CCCC3C3CCC4CCCCC4C23)CC1
C1CCC(C2CCC3C(CCCCCC4CC4)CCCC23)CC1
C1CCC(CCCCC2CC3CCCCC3C2)CC1
C1CCC(CCC2CCC3C(CCC3C3CCCCC3)C2)CC1
C1CCC(CC2CCC3CC4C(CCCC5CC5)CCCC4CC23)CC1
C1CCC2CC(CCCC3CCC4C3CCC3C5CCCCC5CCCC43)CCC2C1
C(CCC1CCCC2CCCCC12)CC1CCC2CCCCC2C1
C1CCC(CCC(CC2CC3CCCCC3C2)C2CCC2)CC1
C(CCCC1CCCC2CCCCC12)CCC1CCC(C2CCCC2)C1
C(CCCC1CCCC2CCCCC12)CCC1CCCC1
C1CCC2C(C1)CCC1C3CCCCC3CCCC21
C1CCC(CCC2CCC3C(CCC4C5CCCC5CC(CCC5CCCCC5)C34)C2)CC1
C1CCC2CC(CC3CCCC4CCCC43)CCC2C1
C1CCC(C2CCC3CCCC3C3CCC4CCCCCC4C23)CC1
C1CCC(CCCCCC2CCC3CCCCC23)CC1
C1CCC(C2CCC3CC4C(CCCC45CCCC5)CC32)CC1
C1CCC(C2CC3CCCCC3C3CCCCC3C2)CC1
C1CCC(C2CC3CCCC3C3CCC4CCCCC4C23)CC1
C1CCC(C2CC3C(CCC4CC4)CCC3C3CCC4CCCCCC4C23)CC1
C1CCC(C2CCC3C(CCCCCC4CC4)CCCC23)CC1
C1CCC(CCCCC(CC2CCC3C(CCC3C3CCCCC3)C2)C2CCCCC2)CC1
C1CCC2CCC3C4CCCCC4CC(CC4CCCC5CCCCC54)C3C2CC1
C1CCC(CCC2CCC(CCC3CCCC(CC4CCCC4)C3)CC2)CC1
C1CCC2CCC(C3CCCC4CCCC43)CC2CC1
C(CCCC1CCCCC1)CCC1CCCCC1
C1CCC(C2CC3CCCC3C3CCC4CCCCC4C3C2)CC1
C1CCC2CC(C3CCCC4CCCC43)CCC2C1
C1CCC(CCCC(CCC2CCC3CCCC3C2)CC2CCCCC2)CC1
C(CCC1CCCC2CCCCC12)CC1CCCC2CCCCC12
C1CCC(CCCC2CCC3CCC(C4CCCC5CCCC54)CC3C2)CC1
C1CCC(C2CC3CCCCC3C3CCC4CCCCC4C23)CC1
C1CCC(CCCC(CCC2CCC3C(CCC3C3CCCCC3)C2)C2CCCCC2)CC1
C1CCC(CCCCC2CCC(C3CCC4C(CCC4C4CCCCC4)C3)CC2)CC1
C1CCC2C(C1)CCC1C3CCCC3CCCC21
C1CCC(CCCC2CCC3CCC(C4CCCC5CCCC54)CC3C2)CC1
C1CCC(C2CCC3C(CCCCCC4CC4)CCCC23)CC1
C1CCC(CCC2CCC3C(CCC3C3CCCC(CC4CCCC4)C3)C2)CC1
C1CCC2CCC(C3CCCC4CCCC43)CC2CC1
C1CCC(CC2CCC3C(CCC3C3CCCCC3)C2)CC1
C1CCC(CCCC2CCC3C(CCC3C3CCCCC3)C2)CC1
C1CCC(C2CCC3CCC4(CCCCC4)CC3C2)CC1
C1CCC(CCC2CCC3C(CCC3C3CCCC(CC4CCCC4)C3)C2)CC1
C1CCC2CC(CCCC3CCCC4CCCCC43)CC2C1
C1CCC(CCCCCC2CC3CCCCC3C2)CC1
C1CCC(CCCCCC2CC3CCCCC3C2)CC1
C1CCC(CCCCCC2CCC3CCCC3C2)CC1
C1CCC(CCCCCC2CCC3CCCCC23)CC1
C1CCC(CCCCCC2CC3CCCCC3C2)CC1
C1CCC(CCCCCC2CC3CCCCC3C2)CC1
C(CCC1CCC2C1CCC1C3CCCCC3CCC21)CC1CC2CCCCC2C1
C1CCC(CCCCC2CC3CCCCC3C2)CC1
C1CCC(CCC2CCC3C(CCC3C3CCCCC3)C2)CC1
C1CCC(CCCCC2CC3CCCCC3C2)CC1
C1CCC(CCC2CCC3C(CCC3C3CCCCC3)C2)CC1
C1CCC(CCC2CCC(CCC3CCCC(CC4CCCC4)C3)CC2)CC1
C1CCC2CC(C3CCCC4CCCC43)CCC2C1
C1CCC2CC(C3CCCC4CCCC43)CCC2C1
C(CCCC1CCCCC1)CCCC1CCC(C2CCCCC2)C1
C1CCC(CCC2CCC3C(CCC3C3CCCCC3)C2)CC1
C1CCC(C2CCC3CC4C(CCCC45CCCCC5)CC32)CC1
C1CCC(C2CCC3CC4C(CCCCC45CCCC5)CC32)CC1
C1CCC(CC2CCC3C(CCC3C3CCCCC3)C2)CC1
C1CCC(CCCCCC2CC3CCCCC3C2)CC1
C(CCCC1CCCCC1)CCCC1CCC(C2CCCCC2)C1
C1CCC(CCCC(CC2CC3CCCCC3C2)C2CC2)CC1
C1CC2CCC3C(CCC4CCCCC43)CC2C1
C(CCC1CCCC2CCCCC12)CC1CCC2CCCCC2C1
C1CCC2CCC3C4CCCC4CCC3C2CC1
C1CCC(C2(CCCCC3CCC4CCCCC4C3)CCCC3CCCCC32)CC1
C1CCC(C2CCC3(CCC4CC5C(CCC5C5CCCCC5)CC43)C2)CC1
C1CCC(CCC2CCC(CCC3CCCCC(CC4CCCC4)C3)CC2)CC1
C1CCC(CCC2CCCC3CC4C(CCC4C4CCCCC4)CC23)CC1
C1CCC(CCC2CC3CCCC3C3CCCC4CCCCC4C23)CC1
C1CCC(CCC2CCC3C(CCC3C3CCCCC3)C2)CC1
C1CCC(CCC2CCC3C(CCC3C3CCCC(CC4CCCCC4)C3)C2)CC1
C1CCC(C2CC3CCCC3C3CCCC4CCCCC4C23)CC1
C1CCC2CCC(C3CCCC4CCCC43)CC2CC1
C1CCC(C2CCC(CCCC3CCC4C3CCC3C5CCCCCC5CCC43)C2)CC1
C1CCC(CCC2CCC3C(CCC3C3CCCCC3)C2)CC1
C1CCC2CCC3C4CCC(CCCC5CC6CCCCC6C5)C4CCC3C2CC1
C1CCC(C2CC3CCCC3C3CCC4CCCCCC4C23)CC1
C1CCC(CCCCCC2CCCCC2)CC1
C1CCC2C(C1)CCC1C3CCCC3CCC21
C1CCC(CCCCCC2CC3CCCCC3C2)CC1
C1CCC2C(C1)CCC1C3CCCCC3CCC21
C1CCC(CCCCCC2CCCC3C2CCC3C2CCCC(CC3CCCC3)C2)CC1
C1CCC(CCC2CCC(CC3CCC4C(CCC4C4CCCCC4)C3)CC2)CC1
C1CCC2CCC(C3CCCC4CCCC43)CC2CC1
C1CCC(CCCCC2CC3CCCCC3C2)CC1
C(CCC1CCCC2CCCCC12)CC1CCCC2CCCCC2C1
C1CCC(C2CC3CCCC3C3CCC4CCCCCC4C23)CC1
C1CCC2C(C1)CCC1C3CCCC3CCC21
C1CCC(CCC2CCC3C(CCC3C3CCCCC3)C2)CC1
C1CCC(CCC2CCC3C(CCC3C3CCCCC3)C2)CC1
C(CCCC1CCCCC1)CCCC1CCC(C2CCCCC2)C1
C1CCC(CCCCCC2CC3CCCCC3C2)CC1
C1CCC(C2CCC3CC4C(CCCC45CCCC5)CC32)CC1
C1CCC2C(C1)CCC1C3CCCC3CCC21
C(CCC1CCCCC2CCCCC12)CC1CCC2CCCCC2C1
C1CCC2CCC(C3CCCC4CCCC43)CC2CC1
C1CCC(CCCCC2CC3CCCCC3C2C2CCCCC2)CC1
C(CCCC1CCCCC1)CCC1CCCCC1
C1CCC(C2CCC3CC4C(CCC5C6CCC(CCCC7CC8CCCCC8C7)C6CCCC45)CC32)CC1
C1CCC(C2CCC3C(CCC4CCCCC43)C2)CC1
C1CCC(C2CCC3CCCC3C3CCC4CCCCC4C23)CC1
C1CCC(CCC2CCC3C(CCC3C3CCCCC3)C2)CC1
C1CCC(C2CC3CCCC3C3CCC4CCCCC4C23)CC1
C1CCC(C2CCC3C(CCCC4CCCCC43)C2)CC1
C1CCC(CC2CCC3CC4C(CCC45CCCC5)CC23)CC1
C1CCC(CCC2CCC3C(CCC3C3CCCCC3)C2)CC1
C1CCC(CCCCCC2CC3CCCCC3C2)CC1
C1CCC(C2CCC3CC4C(CCCCC45CCCC5)CC32)CC1
C1CCC(C2CC3CCCC3C3CCC4CCCCCC4C23)CC1
C(CCCCC1CCC(C2CCCCC2)C1)CCCC1CCCCC1
C1CCC(C2CCC3CCCC3C3CCCC4CCCCC4C23)CC1
C1CCC(CCCCCC2CCCC3C(C4CCCCC4)CCC23)CC1
C1CCC(CCCCCC2CCCC3C(C4CCCCC4)CCC23)CC1
C1CCC(CC23CCCCC2CCC2C4CCCC4CCC23)CC1
C1CCC(CCCC2CCC3CCC(C4CCCC5CCCC54)CC3C2)CC1
C1CCC2CC(C3CCCC4CCCCC43)C3CCCC3C2CC1
C1CCC(C2CCC3CCC4C(CCC45CCCCC5)CC32)CC1
C1CCC(CCCCC2CC3CCCCC3C2)CC1
C1CCC(CC2CCC3CC4C(CCC45CCCCC5)CC23)CC1
C1CCC2CCC3C4CCCCC4CC(CC4CCCC4)C3C2CC1
C1CCC(CCCCCC2CC3CCCCC3C2)CC1
C1CCC(CCC2CCC3C(CCC3C3CCCCC3)C2)CC1
C1CCC2CC(CC3CCCC4CCCC43)CCC2C1
C1CCC(C2CC3CCCC3C3CCC4CCCCC4C23)CC1
C1CCC(CCCCCC2CCC3CCCCC23)CC1
C1CCC(C2CCC3CC4C(CCC32)CCC42CCCC2)CC1
C1CCC(C2CCC3CCCC3C3CCC4CCCCC4C23)CC1
C1CCC2CCC3C4CCC(CCCC5CCCC6CCCCC65)C4CCC3C2CC1
C1CCC2CC(C3CCCC4CCCC43)CCC2C1
C1CCC(CCCCC2CCC3CCCCC23)CC1
C(CCCCC1CCC(C2CCCCC2)C1)CCCC1CCCCC1
C1CCC(CCCC2CCC(CCC3CCCC(CC4CCCC4)C3)CC2)CC1
C1CCC(CCC(CC2CC2)CC2CC3CCCCC3C2)CC1
C1CCC2C(C1)CC(C1CCCC1)C1CCCCC21
C1CCC(C2CCC3CC4C(CCC45CCCCCC5)CC32)CC1
C1CCC2C(C1)CCC1C3CCCC3CCC21
C1CCC(C2CCC3C(CCC4CCCCC43)C2)CC1
C1CCC(CCC2CCC3C(CCC3C3CCCCC3)C2)CC1
C1CCC(CCC2CCC3C(CCC3C3CCCC(CC4CCCCC4)C3)C2)CC1
C1CCC(CCCCC2CC3CCCCC3C2)CC1
C1CCC2C(C1)CCC1C3CCCC3CCCC21
C1CCC(CCCCCC2CCC3CCCCC23)CC1
C1CCC(CCCCCC2CCCC3C2CCC3C2CCC(CC3CC3)CC2)CC1
C1CCC(CCCCCC2CC3CCCCC3C2)CC1
C1CCC(CCCC2CCC(C3CCC4C(CC5CCCCC5)CCC4C3)CC2)CC1
C1CCC2CC(C3CCCC4CCCC43)CCC2C1
C1CCC2C(C1)CCC1C2CCC2C3CCCC3CC21
C(CCC1CCCC2CCCCC12)CC1CC2CCCCC2C1
C1CCC(CCCCCC2CC3CCCCC3C2)CC1
C(CCCC1CCCC2CCCCC12)CCC1CCC(C2CCCCC2)C1
C1CCC(CCCCCC2CCCC3C(C4CCCCC4)CCC23)CC1
C1CCC(CC2CCC3CC4(CCCCCC4C4CCCCC4)CCC23)CC1
C1CCC(CC2CCC3CCCCC3C3CCC4CCCCC4C23)C1
C1CCC(CC2CCC(CC(CC3CCCCC3)C3CCCCC3)CC2)CC1
C1CCC(C2CC3CCCC3C3CCC4CCCCC4C23)CC1
C1CCC(CCCCCC2CCC3CCCC3C2)CC1
C1CCC(C2CC3CCCC3C3CCC4CCCCC4C23)CC1
C1CCC(CCC2CCC(CC(CC3CCCCC3)C3CCCCC3)CC2)CC1
C(CCC1CCC2CCCCC2C1)CCC1CCCC2CCCCC12
C1CCC(CCCC2(CCC3CCCC3)CCC3C4CCC5CCCCC5C4CCCC32)C1
C1CCC2CC(CCCC3CCCC4C3CCC3C5CCCCC5CCC43)CC2C1
C1CCC(C2CCC3CCC4C(CCC5C6CCC(CCCC7CCCC8CCCCC87)C6CCC45)CC32)CC1
C1CCC(CCC2CCC3C(CCC4CCCCCC43)C2)CC1
C1CCC(C2CC3CCCC3C3CCCC4CCCCC4C23)CC1
C1CCC2C(C1)CCC1C3CCCC3CCC21
C1CCC(CCCCC2CC3CCCCC3C2)CC1
C(CCCC1CCCC2C(C3CCCCC3)CCC12)CCC1CCCCC1
C1CCC(C2CCCC3C(CCC4CCCCC43)C2)CC1
C1CCC(CC2CC3CCCCC3C3CCC4CCCCCC4C23)CC1
C1CCC2CCC(C3CCCC4CCCC43)CC2CC1
C1CCC(CCCCC2CCC3CCCCC23)CC1
C1CCC(C2CC3CCCC3C3CCC4CCCCC4C23)CC1
C(CCC1CCC(C2CCCC2)C1)CCC1CCCC2CCCCC12
C1CCC2CCC(C3CCCC4CCCC43)CC2CC1
C1CCC(C2CCC3(CC2)CCC2CC4C(CCC4C4CCCCC4)CC23)CC1
C1CCC(C2CCC(CC3CC4CCCCC4C4CCC5CCCCCC5C34)CC2)CC1
C1CCC(CCC2CCC3CC4CCC5CCCCC5C4C(C4CCCCC4)CCC23)CC1
C1CCC(CCC2CCC3C(CCC3C3CCCCC3)C2)CC1
C1CCC(CCCCCC2CCC3CCCCC23)CC1
C1CCC(CCCCC2CC3CCCCC3C2)CC1
C1CCC(C2CC3CCCC3C3CCC4CCCCC4C23)CC1
C1CCC(CCC(CCC2CCC3CCCC3C2)CC2CCCCC2)CC1
C1CCC2CCC(C3CCC4CCCCC43)CC2CC1
C1CCC2C(C1)CCC1C3CCCC3CCCC21
C1CCC2C(C1)CCC1C2CCC2C3CCCCC3CC21
C1CCC(CC2CC3CCCCC3C3CCC4CCCCC4C23)C1
C1CCC(CCC2CCC(C3CCC4C(CCC4C4CCCCC4)C3)CC2)CC1
C1CCC2C(C1)CCC1C3CCCC3CCC21
C1CCC(C2CCC3CCC4(CCCCC4)C3C2)CC1
C1CCC2CC(C3CCCC4CCCC43)CCC2C1
C1CCC(C2CCC3CC4C(CCC5C6CCC(CCCC7CCC8CCCCC8C7)C6CCCC45)CC32)CC1
C1CCC2C(C1)CCC1C3CCCC3CCC21
C1CCC(C2CCC3CC4C(CCC5C6CCC(CCCCC7CC8CCCCC8C7)C6CCC45)CC32)CC1
C1CCC(CCC2CCC(C3CCC4C(CCC4C4CCCCC4)C3)CC2)CC1
C1CCC(CCC(CCC2CCCCC2)CCC2CCC3CCCC3C2)CC1
C1CCC(CC2CC3CCCCC3C3CCC4CCCCC4C23)C1
C1CCC(CCC2CCC3C(CCCC4C5CCCC5CCC34)C2)CC1
C(CCCCC1CCCC(CC(CC2CCC(CC3CCCCC3)CC2)C2CCCCC2)C1)CCCCC1CCC2C(CCC3C4CCCC4CCC23)C1
C1CCC(CCC2CCC3C(CCC3C3CCCCC3)C2)CC1
C1CCC(C2CCC3CC4C(CCC32)CCC2C3CCCC3CCC42)CC1
C1CCC(CCCCCC2CCC3CCCCC23)CC1
C1CCC(C2CCC3C(CCC4CCCCC43)C2)CC1
C1CCC(CCCCCC2CCCC3C(C4CCCCC4)CCC23)CC1
C1CCC(C2CCC3CC4C(CCCCC45CCCC5)CC32)CC1
C1CCC2C(C1)CCCC1C2CCC2C3CCCC3CC21
C1CCC(CCCCCC2CC3CCCCC3C2)CC1
C1CCC(CC2CCC(CC(CC3CCCCC3)C3CCCCC3)CC2)CC1
C(CCC1CCCC2CCCCC12)CC1CCC2CCCCC2C1
C1CCC(CCCCCC2CCC3CCCCC23)CC1
C1CCC(CCCCCC2CCCC3C(C4CCCCC4)CCC23)CC1
C1CCC(CC2CCCCCC23CCCC2C(CCC2C2CCCCC2)C3)CC1
C1CCC(CCC2CCC3C2CCC(C2CCCCC2)C2C4CCCCC4CCCC32)CC1
C1CCC(CCCCCC2CCC3CCCC3C2)CC1
C1CCC2CCC3C4CCCC4CCC3C2CC1
C1CCC2CC(C3CCCC4CCCC43)CCC2C1
C(CCCC1CCCC2C(C3CCCCC3)CCC12)CCC1CCCCC1
C1CCC(CC2CC3CCCCC3C3CCC4CCCCCC4C23)CC1
C1CCC(C2CC3CCCC3C3CCCC4CCCCC4C23)CC1
C(CCC1CCCC2CCCC12)CC1CC2CCCCC2C1
C1CCC(CCCC2CCCC3CCC(C4CCCC5CCCC54)CC3C2)CC1
C1CCC(CCCCC2CC3CCCCC3C2)CC1
C(CCCC1CCCCC1)CCC1CCCCC1
C1CCC(CCC2CCC3C2CCC(C2CCCCC2)C2C4CCCCCC4CCC32)CC1
C(CCCC1CCCC2C(C3CCCCC3)CCC12)CCC1CCC(C2CCCC2)C1
C1CCC(CCCCC2C3CCCCC3CCC2C2CCCC3CCCC32)CC1
C1CCC2C(C1)CCC1C3CCCC3CCC21
C1CCC(CCC2CCCC3C2CCC2C4CCCCC4CCC32)C1
C1CCC2C(C1)CCC1C3CCCC3CCC21
C1CCC2CCC3C4CCCCC4CCC3C2CC1
C1CCC(CCCCC2CC3CCCCC3C2)CC1
C1CCC(C2CCC3CC4C(CCCC45CC(C4CCCCC4)C(C4CCCCC4)C5)CCC32)CC1
C1CCC2C(C1)CCC1C3CCCC3CCC21
C1CCC(C2CC3CCCCC3C3CCC4CCCCC4C23)CC1
C1CCC2CCC3CCCCC3C2CC1
C1CCC(CCCCCC2CC3CCCCC3C2)CC1
C1CCC(CCC2CCC3C(CCC4CC(C5CCCCC5)CCC43)C2)CC1
C1CCC(CCCC2CCC3C(CCC3C3CCCCC3)C2)CC1
C1CCC2CCC(C3CCCC4CCCC43)CC2CC1
C1CCC(CCC2CCC3C(CCC3C3CCCC(CC4CCCC4)C3)C2)CC1
C1CCC2CCC(C3CCCC4CCCC43)CC2CC1
C(CCC1CCCC2CCCC12)CC1CC2CCCCC2C1
C(CCC1CCC2CCCCC2C1)CCC1CCCC2CCCC12
C(CCCC1CCC2CCCC2C1)CCCC1CCC(C2CCCCC2)C1
C1CCC(C2CC3CCCC3C3CCC4CCCCC4C23)CC1
C1CCC(CCCC2CC3CCCCC3C2CC2CCCCC2)CC1
C1CCC2CC3CCC4CCCC4C3CCC2C1
C1CCC2CC(C3CCCC4CCCC43)CCC2C1
C1CCC(CCCCC2CCCC(C3CCC4CC(CCC5CCC6CCCCC6C5)CCC43)C2)CC1
C1CCC2C(C1)CCCC1C3CCCC3CCC21
C1CCC(CCC2CCC3C(CCC4C5CCCC5CCC34)C2)CC1
C1CCC(CC2CCC3CC4C(CCC45CCCCC5)CC23)CC1
C1CCC(CCCC2(CCCC3CCCC3)CCC3C4CCC5CCCCC5C4CCC32)C1
C1CCC(CC2CCCCC2CC2CC3CCCCC3C3CCC4CCCCCC4C23)CC1
C1CCC(CCCCC2CC3CCCCC3C2)CC1
C(CCCC1CCCC2C(C3CCCCC3)CCC12)CCC1CCC(C2CCCC2)C1
C1CCC(C2CCCC3CCCC3C3CCC4CCCCC4C23)CC1
C1CCC(CCCCC2CC3CCCCC3C2)CC1
C1CCC(CCC2CCC3C(CCC4CCCCC43)C2)CC1
C1CCC(CCC2CCC(CCCC3CCCC(CC4CCCC4)C3)CC2)CC1
C1CCC(CCC2CCC3C(CCC3C3CCCC(CCC4CCCC4)C3)C2)CC1
C1CCC(C2CCC3C(CCCCCC4CCC(CC5CCCC5)C4)CCCC23)CC1
C(CCCC1CCCC2C(C3CCCCC3)CCC12)CCC1CC1
C1CCC2CC(CCCC3CCC4C3CCC3C5CCCCC5CCCC43)CCC2C1
C1CCC(CCCC2CCC3C2CCC2C4CC5CCC(C6CCCCCC6)C5CC4CCC32)CC1
C(CCC1CCCC2CCCCC12)CC1CC2CCCCC2C1
C(CCC1CCCC2CCCCC12)CCC1CCCC2CCCCC12
C1CCC(C2CC3CCCC3C3CCC4CCCCC4CC23)CC1
C1CCC(C2CC3CCCC3CC3CCC4CCCCC4C32)CC1
C1CCC(C2CCC(CCCCCC3CCCC4C(C5CCCCC5)CCC34)C2)CC1
C1CCC(C2CC3CCCC3C3CCC4CCCCC4C23)CC1
C1CCC2CCC3C4CCCC4CCC3C2CC1
C1CCC2CCC3C4CCCCC4CCC3C2CC1
C1CCC(CCCC2CCC(C3CCC4C(CCC4C4CCCCC4)C3)CC2)CC1
C1CC2CC2C2C(C1)CCC1C3CCCC3CCC12
C1CCC(C2CCC3CC4C(CCC5C6CCC(CCCC7CCC8CCCCC8C7)C6CCCC45)CC32)CC1
C1CCC2CCC3C4CCCCC4CCC3C2CC1
C1CCC(CCC2(CCCC3CC4CCCCC4C3)CCC3C4CCC5CCCCC5C4CCC32)C1
C1CCC(C2CC3CCCC3C3CCC4CCCCC4C23)CC1
C1CCC2CC(CC3CCCC4CCCC43)CCC2C1
C1CCC(CC2CCC3C(CC4CCCCC4)CCC3C2)CC1
C1CCC(C2CCC3CCCC3C3CCC4CCCCC4C23)CC1
C1CCC(CCC2CCC3C(CCC3C3CCCCC3)C2)CC1
C1CCC(CC2CC3CCCCC3C3CCC4CCCCC4C23)C1
C1CCC2C(C1)CCC1C3CCCC3CCC21
C(CCC1CCC2CCCCC2C1)CCC1CCCC2CCCCC12
C1CCC(CCC2CCC3C2CCC(C2CCCCC2)C2C4CCCCC4CCCC32)CC1
C1CCC(CCCCCC2CCC3CCCCC23)CC1
C1CCC(C2CCC3CC4C(CCC5C6CCC(CCCC7CCC8CCCCC8C7)C6CCC45)CC32)CC1
C1CCC2CC(C3CCCC4CCCC43)CCC2C1
C(CCCC1CCCCC1)CCCC1CCC(C2CCCCC2)C1
C1CCC(C2CCC3CC4C(CCCC45CCCC5)CC32)CC1
C1CCC(C2CCC3CC4C(CCC45CCCCCC5)CC32)CC1
C1CCC(CC2CCC3C(CCCCCC4CCC(C5CCCC5)C4)CCCC23)CC1
C1CCC(CCC2CC3CCCCC3C3CCC4CCCCC4C23)C1
C1CCC(CC2CC3CCCCC3C3CCC4CCCCCC4C23)CC1
C1CCC(C2CCC3CCCC3C3CCC4CCCCCC4C23)CC1
C1CCC(CC2CCC3C(CCC3C3CCCCC3)C2)CC1
C(CCCC1CCCC2C(C3CCCCC3)CCC12)CCC1CCCCC1
C(CCCC1CCCCC1)CCCC1CCC(C2CCCCC2)C1
C1CCC(C2CCC3CCCCC3C3CCCCC23)CC1
C1CCC(CC2CC3CCCCC3CC3CCC4CCCCC4C32)CC1
C(CCC1CCCC2CCCCC12)CC1CCC2CCCCC2C1
C1CCC2CC3CCC(C4CCCCC4)C3CC2CC1
C1CCC2CCCCC2C(CCCCC2CCCC3CCCCC23)C1
C1CCC2CCC3C4CCC(CCCC5CC6CCCCC6C5)C4CCC3C2CC1
C1CCC(C2CC3CCCC3C3CCCC4CCCCC4C23)CC1
C1CCC(C2CCC(CCCCCC3(C4CCCC4)CCCC4CCCCC43)C2)CC1
C1CCC2CC(C3CCCC4CCCC43)CCC2C1
C1CCC(C2CCC3CC4C(CCC5C6CCC(CCCC7CC8CCCCC8C7)C6CCC45)CC32)CC1
C1CCC2C(C1)CCC1C3CCCC3CCC21
C1CCC(CC2CC3CCCCC3CC3CCC4CCCCC4C32)C1
C1CCC2CC3CCC(C4CCCCC4)C3CC2CC1
C1CCC(C2CCC3CC4C(CCC45CCCCCC5)CC32)CC1
C1CCC(C2CC3CCCC3C3CCC4CCCCCC4C23)CC1
C1CCC2C(C1)CCC1C3CCCC3CCCC21
C1CCC(C2CC3CCCCC3C3CCCCC23)CC1
C1CCC2C(C1)CCCC1CCCCC12
C1CCC2CCC(C3CCCC4CCCC43)CC2CC1
C1CCC(CCCCCC2CCCC3CCC(C4CCCCC4)CC23)CC1
C1CCC2CC(CCCC3CCC4C3CCC3C5CCCCC5CCC43)CC2C1
C1CCC(CCCC2CCC3C(CCC3C3CCCCC3)C2)CC1
C1CCC(C2CCC3CC4C(CCC5C6CCC(CCCCC7CC8CCCCC8C7)C6CCC45)CC32)CC1
C(CCCC1CCCCC1)CCCC1CCC(C2CCCCC2)C1
C(CCC1CCCC2CCCCC12)CC1CCCC2CCCCC12
C1CCC2C(C1)CCCC2CCCC1CCCC2CCCCC21
C1CCC2CC(C3CCCC4CCCC43)CCC2C1
C1CCC2CCC3C4CCC(CCCC5CCCC5)C4CCC3C2CC1
C1CCC(C2CCC(CC3CC4CCCCC4C4CCC5CCCCC5C34)CC2)CC1
C1CCC(CCCCC2CC3CCCCC3C2)CC1
C1CCC2CCC3C4CCC(CCCC5CC6CCCCC6C5)C4CCC3C2CC1
C1CCC(CCCCCC2CCCC3C(C4CCCCC4)CCC23)CC1
C1CCC(CCCCCC2CCC3CCCCC23)CC1
C1CCC2CC(CC3CCCC4CCCC43)CCC2C1
C(CCC1CCCC2CCCCC12)CC1CCCC2CCCCC12
C1CCC2CCC3C4CCCC4CCC3C2CC1
C1CCC(C2CCC3CCCC3C3CCC4CCCCC4C23)CC1
C(CCCC1CCCCC1)CCCC1CCC(C2CCCCC2)C1
C1CCC(CCC2CCC3C(CCCC4CCCCC43)C2)CC1
C1CCC(CC2CC3CCCCC3CC3CCC4CCCCC4C32)C1
C1CCC(CC2CCC3CC4C(CCC45CCCC5)CC23)CC1
C1CCC(CC2CC3CCCCC3C3CCC4CCCCC4C23)CC1
C1CCC2C(C1)CCC1C3CCCC3CCC21
C(CCCC1CCCC2C(C3CCCCC3)CCC12)CCC1CCCCC1
C1CCC(CCCCCC2CCCCC2)CC1
C1CCC(CCC2CC3CCCCC3C3CCC4CCCCC4C23)CC1
C1CCC(C2CCC(CCCCCC3CCCC4CCCCC34)C2)CC1
C1CCC(CCCCC2CC3CCCCC3C2)CC1
C(CCCCC1CCC(C2CCCCC2)C1)CCCC1CCCCC1
C1CCC(C2CC3CCCCC3C3CCCCC23)CC1
C1CCC2CCC3C4CCCCC4CC(CC4CCCC4)C3C2CC1
C1CCC(CCC2CCC3C2CCC(C2CCCCC2)C2C4CCCCCC4CCC32)CC1
C1CCC2CC(CCCC3CCC4CC5CCC6CCCCC6C5CCC34)CC2C1
C1CCC(CCCCCC2CC3CCCCC3C2)CC1
C1CCC(CCC2CCC(CCC3CCCC(CC4CCCC4)CC3)CC2)CC1
C1CCC2CCC3C(CCC4C5CCCC5CC43)C2CC1
C1CCC(CCCCCC2CCC3CCCC3C2)CC1
C1CCC(CCCCC2CCC3CCCCC23)CC1
C1CCC(CCCC2CCC3C(CCC4C5CCCC5CC(CCC5CCCCC5)C34)C2)CC1
C1CCC(CC2CCC3CCCCC3C3CCC4CCCCC4C23)C1
C1CCC(CCC2CCC3C(CCC4CCCCC43)C2)CC1
C1CCC(CCC2CCCCC2)CC1
C1CCC(CC2CCC3CC4C(CCCC45CCCCC5)CC23)CC1
C1CCC2C(C1)CCC1C3CCCCC3CCCC21
C1CCC(C2CCC3CC4C(CCC45CCCC5)CC32)CC1
C1CCC(CCC2CCC(CCCC3CCCC(CC4CCCC4)C3)CC2)CC1
C1CCC(CCCC(CCC2CCC3CCCC3C2)CC2CCCCC2)CC1
C1CCC(CCCCCC2CCC3CCCCC23)CC1
C1CCC2CC(CCCC3CCC4C3CCCC3C5CCCCC5CCC34)CC2C1
C1CCC(CCCCC2CCC3CCCCC23)CC1
C1CCC2CC(C3CCCC4CCCC43)CCC2C1
C1CCC(CCC2CCC3C(CCC3C3CCCCC3)C2)CC1
C1CCC(CCCCCC2CCCC3CCCC23)CC1
C(CCC1CCCC2CCCCC12)CC1CCC2CCCCC2C1
C1CCC(CCCCC2CC3CCCCC3C2)CC1
C1CCC(C2CCC3CC4C(CCC5C6CCC(CCCCC7CCC8CCCCC8C7)C6CCC45)CC32)CC1
C1CCC2CC(CCCC3CCC4C3CCC3C5CCCCC5CCC43)CCC2C1
C1CCC(C2CC3CCCC3CC3CCC4CCCCC4C32)CC1
C1CCC2CCC(C3CCCC4CCCC43)CC2CC1
C1CCC(CCCCC2CCC3CCCC3C2)CC1
C(CCCC1CCCC2C(C3CCCCC3)CCC12)CCC1CCCCC1
C1CCC2CC(C3CCCC4CCCC43)CCC2C1
C1CCC2CC(CC3CCCC4CCCC43)CCC2C1
C1CCC2CCC3C4CCC(CCCC5CCC6CCCCC6C5)C4CCC3C2CC1
C1CCC2CC(C3CCCC4CCCC43)CCC2C1
C1CCC(CC2CC3CCCCC3C3CCC4CCCCC4C23)CC1
C1CCC(CCC2CCC(CCC3CCCC(CC4CCCC4)C3)CC2)CC1
C1CCC(C2CC3C(CCC4CC4)CCCC3C3CCC4CCCCC4C23)CC1
C1CCC(CC2CC3CCCCC3C3CCC4CCCCC4C23)CC1
C1CCC(CCC(CCC2CCC3CCCC3C2)CC2CCCCC2)CC1
C1CCC(CCCCC2CCC3CCCCC23)CC1
C1CCC(CCCCC2CC3CCCCC3C2)CC1
C1CCC2CC(C3CCCC4CCCC43)CCC2C1
C1CCC2CCC3C(CCC4C3CCC4(CCCC3CCCC3)CCC3CCCC3)C2CC1
C(CCCC1CCCCC1)CCCC1CCC(C2CCCCC2)C1
C1CCC2CCC3C4CCCC4CCC3C2CC1
C1CCC(CCCCCC2CC3CCCCC3C2)CC1
C1CCC(C2CC3CCCC3C3CCC4CCCCC4C23)CC1
C1CC2CCCC2C(CC2CC3CCCCC3C3CCCC23)C1
C1CCC(C2CC3CCCC3C3CCCC4CCCCC4C23)CC1
C1CCC(CCCCCC2CCC3C(CCC3C3CCCCC3)C2)CC1
C(CCC1CCCCC2CCCCC12)CC1CCC2CCCCC2C1
C1CCC(CCCCCC2CC3CCCCC3C2)CC1
C1CCC(CCC2CCC3C(CCC3C3CCCCC3)C2)CC1
C1CCC2CCC(C3CCCC3)CC2CC1
C1CCC2CCC3C4CCCCC4CC(CC4CCCC4)C3C2CC1
C1CCC(CCCCCC2CCCC3C(C4CCCCC4)CCC23)CC1
C1CCC(CCC2CCC3C(CCC4C5CCCC5CC(CCC5CCCCC5)C34)C2)CC1
C1CCC2CCC(C3CCCC4CCCC43)CC2CC1
C1CCC(CCCCCC2CC3CCCCC3C2)CC1
C1CCC2C(C1)CCCC2CCCC1CCCC2C1CCC1C3CCCCC3CCC21
C1CCC2CCC3C4CCC(CCCC5CCCC6CCCCC65)C4CCC3C2CC1
C(CCCCC1CCC(C2CCCCC2)C1)CCCC1CCCCC1
C1CCC2CCC(C3CCCC4CCCC43)CC2CC1
C1CCC(CCCC2(CCCC3CCC4CCCCC4C3)CCC3C4CCC5CCCCC5C4CCC32)C1
C1CCC(CCCCCC2CCCC3C(CC4CCCCC4)CCC23)CC1
C(CCC1CCC2CCC(C3CCCC4CCCC43)CC2C1)CC1CCC2CCCC2C1
C1CCC(C2CCC3C(CCC4CCCCC43)C2)CC1
C1CCC(CCCC(CC2CCC3C(CC4CCCCC4)CCC3C2)C2CCCCC2)CC1
C1CCC(C2CCC3C(CCC34CCCC4)C3CCC4CCCCCC4C23)CC1
C1CCC2CC(CCCC3CCC4C3CCC3C5CCCCC5CCC43)CC2C1
C1CCC(CCCCCC2CC3CCCCC3C2)CC1
C1CCC(CCC2CCCC3CC4C(CCC4C4CCCCC4)CC23)CC1
C1CCC(CCC2CCCCC2)CC1
C(CCC1CCC2CCCCC2C1)CCC1CCCC2CCCCC12
C1CCC(CCC2CCC(CCC3CCCC(CC4CCCC4)C3)CC2)CC1
C1CCC(C2C3CCCC3CC3CC4CCCC4CC32)CC1
C1CCC(CC2CCC3CC4C(CCC45CCCC5)CC23)CC1
C1CCC(CCC2CCC(C3CCCC4C(C5CCCCC5)CCC34)C2)CC1
C1CCC(CCC(CCC2CCC3CCCC3C2)CC2CCCCC2)CC1
C1CCC(C2CC3C(CCC34CCCC4)C3CCC4CCCCCC4C23)CC1
C1CCC2CCC3C4CCCC4CCC3C2CC1
C1CCC(C2CC3C(CCC4CC4)CCC3C3CCC4CCCCCC4C23)CC1
C1CCC(CCC2CCC3C(CCC3C3CCCC(CCC4CCCC4)C3)C2)CC1
C1CCC(CC2CC3CCCCC3CC3CCC4CCCCC4C32)CC1
C1CCC(CCCCC2CC3CCCCC3C2)CC1
C(CCCC1CCCC2C(C3CCCCC3)CCC12)CCC1CC1
C1CCC2CCC3C4CCCCC4CC(CC4CCCC4)C3C2CC1
C1CCC(CC2CCC(CC(CC3CCCCC3)C3CCCCC3)CC2)CC1
C1CCC2CC3CCC(C4CCCCC4)C3CC2CC1
C1CCC(CCCCC2CC3CCCCC3C2)CC1
C1CCC(C2CCC3CC4C(CCCC5CC5)CCCCC4CC32)CC1
C1CCC(CCCCC2CCC3CCCCC23)CC1
C1CCC(CCCCC2CCC3CCCCC23)CC1
C1CCC2C(C1)CCC1C3CCCC3CCC21
C1CCC(C2CC3CCCC3C3CCC4CCCCCC4C23)CC1
C1CCC(C2CCC3CCCC3C3CCCC4CCCCC4C23)CC1
C1CCC2C(C1)CCC1C3CCCC3CCC21
C1CCC(CCC(CCC2CCC3CCCCC3C2)CC2CCCCC2)CC1
C1CCC2CC(CCCC3CCC4C3CCC3C5CCCCC5CCCC43)CC2C1
C1CCC(CCC(CCC2CCC3CCCC3C2)CC2CCCCC2)CC1
C(CCCC1CCCCC1)CCCC1CCC(C2CCCCC2)C1
C1CCC(C2CCC3CC4C(CCC32)CCC2C3CCC(CCCC5CC6CCCCC6C5)C3CCC42)CC1
C1CCC(CCC2CCC(CC(CC3CCCCC3)C3CCCCC3)CC2)CC1
C1CCC(C2CCC3CC4C(CCCC45CCCC5)CC32)CC1
C1CCC(CCC2CCC(CCC3CCCC(CC4CCCC4)C3)CC2)CC1
C1CCC2CC(C3CCCC4CCCC43)CCC2C1
C1CCC2CC(CCCC3CCC4C3CCC3C5CCCCC5CCC43)CC2C1
C1CCC(C2CCC3C(CCCCCC4CCC(C5CCCC5)C4)CCCC23)CC1
C1CCC(C2CCC3CC4C(CCCC45CCCCC5)CC32)CC1
C1CCC(CCCC2CCC3C2CCC2C4CCCCC4CCCC32)C1
C1CCC(CCCCCC2CC3CCCCC3C2)CC1
C1CCC(CC2CC3CCCCC3C3CCC4CCCCCC4C23)CC1
C1CCC(C2CC3CCCCC3C3CCCCC23)CC1
C1CCC(C2CC3CCCC3C3CCCC4CCCCC4C23)CC1
C(CCC1CCC2CCCCC2C1)CCC1CCCC2CCCCC12
C1CCC2CCC(C3CCCC4CCCC43)CC2CC1
C(CCCC1CCCC2C(C3CCCCC3)CCC12)CCC1CCCCC1
C1CCC(CCC2CCC(C3CC3)CC2)CC1
C1CCC(C2CCC(CCCC3CCC4C3CCC3C5CCCCC5CCC43)C2)CC1
C(CCC1CCCC2CCCCC12)CC1CCC2CCCCC2C1
C1CCC(C2CCC3CC4C(CCC32)CCC42CCCC2)CC1
C1CCC(C2CCC3CC4C(CCC45CCCCC5)CC32)CC1
C1CCC(CCCC2(CCC3CCCC3)CCC3C4CCC5CCCCC5C4CCC32)CC1
C1CCC2CCC(C3CCCC4CCCC43)CC2CC1
C1CCC2CCC(C3CCCC4CCCC43)CC2CC1
C1CCC(CCCCCC2CC3CCCCC3C2)CC1
C1CCC2C(C1)CCC1C2CCC2C3CCCC3CC21
C1CCC(CCCCCC2CC3CCCCC3C2)CC1
C1CCC2CCC(C3CCCC4CCCC43)CC2CC1
C1CCC(C2CC3CCCC3C3CCC4CCCCC4C23)CC1
C1CCC(CCCCC2CC3CCCCC3C2)CC1
C(CCC1CCCC2CCCCC12)CC1CCCC2CCCCC12
C(CCCC1CCCC2CCCCC12)CCC1CCC(C2CCCCC2)C1
C(CCC1CC2CCCCC2C1)CCC1CCCC2CCCC12
C(CCCC1CCCCC1)CCCC1CCC(C2CCCCC2)C1
C1CCC2CCC3C4CCCC4CCC3C2CC1
C1CCC2CC(C3CCCC4CCCC43)CCC2C1
C1CCC2CC(C3CCCC4CCCC43)CCC2C1
C1CCC(C2CC3CCCC3C3CCC4CCCCC4C23)CC1
C1CCC(CCCCCC2CCC3CCCC3C2)CC1
C1CCC(CC2CCC3C(CCC3C3CCCCC3)C2)CC1
C1CCC(CCCCC2CC3CCCCC3C2)CC1
C1CCC(CCCCC2CCC3CCC(C4CCCC5CCCC54)CC3C2)CC1
C1CCC(C2CCCCC2CC2CC3CCCCC3C3CCC4CCCCC4C23)CC1
C1CCC(CCCC2CCCC(C3CCC4CC(CCC5CCC6CCCCC6C5)CCC43)C2)CC1
C1CCC(C2CCC3CC4C(CCC45CCCCC5)CC32)CC1
C1CCC(C2CCC3C(CCCCCC4CCC(C5CCCC5)C4)CCCC23)CC1
C1CCC(CCC2CCC3C(CCC3C3CCCCC3)C2)CC1
C1CCC(CCCCC2CC3CCCCC3C2)CC1
C1CCC(CCCC2CCCC3CCCCC32)C2CCCCC2C1
C(CCCC1CCCC2C(C3CCCCC3)CCC12)CCC1CCCCC1
C1CCC2CC(CCCC3CCC4C3CCC3C5CCCCC5CCC43)CC2C1
C1CCC(CCCCC2CC3CCCCC3C2)CC1
C1CCC2CC(CCCC3CCC4C3CCC3C5CCCCC5CCCC43)CC2C1
C1CCC(C2CCC(CCCC3CCC4C3CCC3C5CCCCCC5CCC43)C2)CC1
C1CCC(CCCC23CCCC2CC2C(CCC4C5CCCCC5CCC24)C3)C1
C1CCC(CC2CCC(C3CC4CCCC4C4CCC5CCCCC5C34)CC2)C1
C1CCC(C2CC3CCCC3C3CCCC4CCCCC4C23)CC1
C1CCC(C2CCC3CCCCC3C3CCCCC23)CC1
C1CCC(C2CC3CCCCC3C3CCC4CCCCC4C23)CC1
C1CCC(C2CC3CCCC3C3CCC4CCCCC4C23)CC1
C1CCC(CCC2(CCCC3CC4CCCCC4C3)CCCC3C4CCC5CCCCC5C4CCC32)C1
C1CCC2CCC3C4CCC(CCCC5CCC6CCCCC6C5)C4CCC3C2CC1
C1CCC2C(C1)CCC1C3CCCCC3CCC21
C1CCC(CCC2CCC3C(CCC3C3CCCCC3)C2)CC1
C1CCC2CC3CCC(C4CCCCC4)C3CC2CC1
C1CCC(CCCCCC2CCC3CCC(C4CCCC5CCCC54)CC3C2)CC1
C1CCC(C2CCC3CCC(C4CCCC4)C3C2)C1
C1CCC(C2CC3CCCC3C3CCC4CCCCCC4C23)CC1
C1CCC2C(C1)CCC1C3CCCC3CCC21
C(CCC1CCC2C1CCC1C3CCCCC3CCC21)CC1CC2CCCCC2C1
C1CCC(CCCCCC2CC3CCCCC3C2)CC1
C1CCC2C(C1)CCCC1C3CCCC3CCC21
C1CCC2C(C1)CCC1C3CCCCC3CCC21
C1CCC(CCC2CCC3C(CCC3C3CCCCC3)C2)CC1
C1CCC(CCCCCC2CCC3CCCCC23)CC1
C1CCC2CC(CC3CCCC4CCCC43)CCC2C1
C(CCCC1CCCCC1)CCC1CCCCC1
C1CCC(C2CCC3CC4C(CCC45CCCCC5)CC32)CC1
C1CCC(CC2CC3CCCCC3C3CCC4CCCCC4C23)CC1
C1CC(C2CCC(C3CC4CCCC4C4CCC5CCCCC5C34)CC2)C1
C(CCCC1CCCCC1)CCCC1CCC(C2CCCCC2)C1
C1CCC2CCC3C4CCCCC4CC(CC4CCCC4)C3C2CC1
C1CCC(CCCC2CCC3C2CCC2C4CC5CCC(C6CCCCC6)C5CC4CCC32)CC1
C1CCC(CCCCCC2CCCC3C(CC4CCCCC4)CCC23)CC1
C1CCC2CCC3C4CCC(CCCC5CCC6CCCCC6C5)C4CCC3C2CC1
C1CCC(CCCC2CCC(CCC3CCCCC3)CC2)CC1
C(CCCC1CCCC2C(C3CCCCC3)CCC12)CCC1CCCCC1
C1CCC(C2CC3CCCC3C3CCC4CCCCC4C23)CC1
C1CCC(CCC2CCC3C(CCC3C3CCCCC3)C2)CC1
C(CCC1CC2CCCCC2C1)CCC1CCCC2CCCC12
C1CCC(C2CCC3CC4C(CCC32)CCC2C3CCC(CCCC5CC6CCCCC6C5)C3CCC42)CC1
C1CCC(CCCCC2(CCC3CCCC3)CCC3C4CCC5CCCCC5C4CCC32)CC1
C1CCC(CCCCC2CCC3CCCCC23)CC1
C1CCC(CCC2CCC3C(CCC4CCCCCC43)C2)CC1
C1CCC2CCC3CCCCC3C2CC1
C1CCC(CCCC2CCCC(C3CCC4CC(CCC5CCC6CCCCC6C5)CCC43)C2)CC1
C1CCC(C2CCC3C(CCC4CCCCC43)C2)CC1
C(CCCC1CCCC2C(C3CCCCC3)CCC12)CCC1CCCCC1
C1CCC2C(C1)CCC1C3CCCC3CCC21
C1CCC(C2CCC(CCCCCC3(C4CCCCC4)CCC3)C2)CC1
C1CCC(CCCC2CCC(CCC3CCCC(CC4CCCC4)C3)CC2)CC1
C1CCC(CCCCC2CC3CCCCC3C2)CC1
C1CCC(C2CCC3C(CCCCCC4CCC(C5CCCC5)C4)CCCC23)CC1
C1CC(C2CCC(C3CC4CCCC4C4CCCC5CCCCC5C34)CC2)C1
C1CCC(CC2CCCC(CCC3CCC(CCC4CCC(C5CCC5)CC4)CC3)C2)C1
C1CCC(C2CCC(CCCC3CCC4C3CCC3C5CCCCC5CCC43)C2)CC1
C1CCC2CC(CC3CCCC4CCCC43)CCC2C1
C1CCC(C2CCC3CC4C(CC5CCC6CCCCC65)CCCCC4CC32)CC1
C1CCC(CCC2CCC3C(CC4CCCCC4)CCC3C2)CC1
C1CCC(CCC(CCC2CCC3CCCC3C2)CC2CCCCC2)CC1
C1CCC2C(C1)CCCC2CCCC1CCC2C1CCC1C3CCCCC3CCC21
C1CCC(C2CCC3C(CCCCCC4CCC(C5CCCC5)C4)CCCC23)CC1
C1CCC2CCC(C3CCCC4CCCC43)CC2CC1
C1CCC(C2CCC(CCCCCC3(C4CCCCC4)CCCC3)C2)CC1
C1CCC2CC(C3CCCC4CCCC43)CCC2C1
C1CCC(C2CCC3CC4C(CCC5C6CCC(CCCC7CCC8CCCCC8C7)C6CCC45)CC32)CC1
C(CCC1CCCC2CCCCC12)CC1CCC2CCCCC2C1
C(CCCCC1CCC(C2CCCCC2)C1)CCCC1CCCCC1
C(CCC1CCCC2CCCCC12)CC1CC2CCCCC2C1
C1CCC(CCCCC2CC3CCCCC3C2)CC1
C1CCC2CC(C3CCCC4CCCC43)CCC2C1
C1CCC(C2CCC3CCC4C(CCC45CCCCC5)CC32)CC1
C1CCC(C2CCC3C(CCCCCC4CCC(C5CCCC5)C4)CCCC23)CC1
C1CCC(CCCC2CCC3C(CCC4C5CCCC5CCC34)C2)CC1
C1CCC(C2CC3CCCC3C3CCC4CCCCC4C23)CC1
C1CCC(CCCCC2CCC3CCC(C4CCCC5CCCC54)CC3C2)CC1
C1CCC(CCCCCC2CCCC3C(CC4CCCCC4)CCC23)CC1
C1CCC(C2CC3C(CCC34CCCC4)C3CCC4CCCCC4C23)CC1
C1CCC(C2CCC3C(CCC3C3CCCCC3)C2)CC1
C(CCCC1CCCCC1)CCCC1CCC(C2CCCCC2)C1
C1CCC(CCC(CCC2CC3CCCCC3C2)C2CC2)CC1
C1CCC(C2CCC3CC4C(CCC45CCCCC5)CC32)CC1
C1CCC(CCC2CCC3C(CCC3C3CCCCC3)C2)CC1
C1CCC2CCC(C3CCCC4CCCC43)CC2CC1
C1CCC(C2CCC3C(CCCCCC4CCC(C5CCCC5)C4)CCCC23)CC1
C1CCC2CC(CCCC3CCCC4C3CCC3C5CCCCC5CCC43)CC2C1
C1CCC2CC(C3CCCC4CCCC43)CCC2C1
C1CCC(CCCCC2CCC3CCCCC23)CC1
C1CCC(CCC2CCC(CCC3CCCC(CC4CCCC4)C3)CC2)CC1
C1CCC(C2CCC3C(CCC4CCCCC43)C2)C1
C1CCC(CC2CC3CCCCC3CC3CCC4CCCCC4C32)CC1
C1CCC2C(C1)CCC1CCCCC12
C1CCC(CCCCCC2CCCC3CCCC23)CC1
C1CCC(CCC(CCC2CCC3CCCC3C2)CC2CCCCC2)CC1
C1CCC(CCCC2(CCC3CCCC3)CCC3C4CCC5CCCCC5C4CCC32)CC1
C(CCCC1CCCC2C(C3CCCCC3)CCC12)CCC1CCCCC1
C(CCCCC1CCC(C2CCCCC2)C1)CCCC1CCCCC1
C1CCC2CC(C3CCCC4CCCCC43)C3CCCC3C2CC1
C1CCC(CCCCC2CC3CCCCC3C2)CC1
C1CCC(CC(CC2CCCCC2)C2CCCCC2)CC1
C(CCC1CCCC2CCCCC12)CC1CCCC2CCCCC12
C(CCC1CC2CCCCC2C1)CCC1CCCC2CCCC12
C1CCC(CCC2CCC3C(CCC3C3CCCCC3)C2)CC1
C1CCC(CCCCC2CC3CCCCC3C2)CC1
C1CCC(C2CCC3CC4C(CCC32)CCC2C3CCC(CCCC5CC6CCCCC6C5)C3CCC42)CC1
C1CCC2CC(CC3CCCC4CCCC43)CCC2C1
C1CCC(CCCCCC2CCC3CCCCC23)CC1
C1CCC2CC(CC3CCCC4CCCC43)CCC2C1
C1CCC(C2CCC3CCCC3C3CCC4CCCCC4C23)CC1
C1CCC(CCC2CCCC3CCC4C(CCC4C4CCCCC4)CC23)CC1
C1CCC(CCCC2CCCC3CCC(CC4CCCC5CCCC54)CC23)CC1
C1CCC(CCCCC2CC3CCCCC3C2)CC1
C1CCC(CCCCC2CC3CCCCC3C2)CC1
C1CCC(CCCCC2CC3CCCCC3C2)CC1
C1CCC(C2CC3C(CCC34CCCC4)C3CCC4CCCCCC4C23)CC1
C1CCC(CC2CC3CCCCC3C3CCC4CCCCC4C23)CC1
C1CCC(C2CCC3CC4C(CCCC45CCCC5)CCC32)CC1
C1CCC(CCCC2(CCC3CCCC3)CCC3C4CCC5CCCCC5C4CCCC32)CC1
C1CCC(CCCCC2CC3CCCCC3C2)CC1
C1CCC(CCCCC2CCC3C2CCC2CC4CCCCC4CCC23)CC1
C1CCC(CCC2CCC3CC4C(CCC5CCCCC5)CC5CCCC5C4CCC3C2)CC1
C1CCC(CCCC2CCC(C3CCC4C(CCC4C4CCCCC4)C3)CC2)CC1
C1CCC(CCC(CCC2CCC3CCCC3C2)CC2CCCCC2)CC1
C1CCC(CCCC2CCC3CCC(C4CCCC5CCCC54)CC3C2)CC1
C1CCC(C2CC3CCCCC3C3CCC4CCCCC4C23)CC1
C1CCC2CCC3C4CCCCC4CC(CC4CCCC4)C3C2CC1
C1CCC(CCCC(CCC2CCC3CCCC3C2)CC2CCCCC2)CC1
C(CCCCC1CCC(C2CCCCC2)C1)CCCC1CCCCC1
C1CCC(CCC2CCCCC2)CC1
C1CCC2CC(CC3CCCC4CCCC43)CCC2C1
C1CCC(CCCCCC2CCC3CCCCC23)CC1
C1CCC2CC(CC3CCCC4CCCC43)CCC2C1
C1CCC(CCCCCC2CCCC3C(CC4CCCCC4)CCC23)CC1
C1CCC2CC(C3CCCC4CCCC43)CCC2C1
C1CCC(CC2CC3CCCCC3C3CCC4CCCCCC4C23)CC1
C1CCC(CC2CC3CCCCC3C3CCC4CCCCC4C23)C1
C1CCC(CCC2CCC3C(CCC3C3CCCCC3)C2)CC1
C1CCC(CCCCCC2CC3CCCCC3C2)CC1
C1CCC(C2CCC3CC4C(CCCC45CCCC5)CC32)CC1
C(CCC1CCCC2CCCCC12)CC1CCC2CCCCC2C1
C1CCC(C2CCC3CC4C(CCCC5C6CCC(CCCC7CCC8CCCCC8C7)C6CCC45)CC32)CC1
C1CCC(CCCC2CCC3CCC(C4CCCC5CCCC54)CC3C2)CC1
C1CCC2C(C1)CCCC1C2CCC2C3CCCC3CC21
C(CCC1CCCC2CCCCC12)CC1CCC2CCCCC2C1
C1CCC2CCC3C4CCC(CCCC5CC6CCCCC6C5)C4CCC3C2CC1
C1CCC2CCC3C4CCCCC4CC(CC4CCCC4)C3C2CC1
C1CCC2CCCCC2C(CCCCC2CCCC3CCCCC23)C1
C1CCC(C2CC3CCCC3C3CCC4CCCCC4C23)CC1
C1CCC(CCCCCC2CCC3CCCCC23)CC1
C1CCC(C2CC3C(CCC4CC4)CCC3C3CCC4CCCCC4C23)CC1
C1CCC2CC(CCCC3CCC4C3CCCC3C5CCCCC5CCC34)CC2C1
C1CCC(CC2CCC(CC(CC3CCCCC3)C3CCCCC3)CC2)CC1
C1CCC(C2CC3CCCC3C3CCC4CCCCCC4C23)CC1
C1CCC(C2CC3CCCC3C3CCC4CCCCCC4C23)CC1
C1CCC2CC(CCCC3CCC4C3CCC3C5CCCCC5CCCC43)CC2C1
C1CCC(C2CCC3CC4C(CCC45CCCC5)CC32)CC1
C1CCC(C2CCC3CC4C(CCC32)CCC42CCCCC2)CC1
C1CCC(CCC2CCC3C(CCC3C3CCCCC3)C2)CC1
C1CCC(CCC2CCC3C(CCC3C3CCCCC3)C2)CC1
C1CCC(C2CC3CCCC3C3CCC4CCCCC4C23)CC1
C1CCC(C2CCC3CC4C(CCC45CCCCCC5)CC32)CC1
C1CCC(C2CC3CCCCC3C3CCCCC3C2)CC1
C1CCC2C(C1)CCCC2CCCC1CCCC2CCCCC21
C1CCC(C2CCC3CCC4(CCCCC4C4CCCCC4)CCC32)CC1
C(CCC1(C2CCCC2)CCCC2CCCCC21)CC1CCC2CCCCC2C1
C1CCC(CCC2CCCCC3CC4C(CCC4C4CCCCC4)CC23)CC1
C(CCC1CCCC2CCCCC12)CC1CC2CCCCC2C1
C1CCC2CC(C3CCC4CCCCC43)CCC2C1
C1CCC2CCC3C4CCC(CCCC5CC6CCCCC6C5)C4CCC3C2CC1
C1CCC(CCC2CCC(CCC3CCCC(CC4CCCC4)C3)CC2)CC1
C1CCC(CCC2CCC3C(CCC3C3CCCCC3)C2)CC1
C1CCC2C(C1)CCC1C3CCCC3CCC21
C1CCC(CC2CC3CCCCC3C3CCC4CCCCC4C23)CC1
C(CCC1CCCC2CCCC12)CC1CC2CCCCC2C1
C1CCC(C2CC3CCCC3C3CCC4CCCCCC4C23)CC1
C1CCC2C(C1)CCC1C3CCCC3CCC21
C1CCC(CCCCC2CC3CCCCC3C2)CC1
C1CCC(C2CC3CCCC3C3CCC4CCCCC4C23)CC1
C1CCC(CCC(CCC2CCCCC2)CCC2CCC3CCCC3C2)CC1
C1CCC(CCC2CCC3C(CCC3C3CCCCC3)C2)CC1
C1CCC(CCCCCC2C3CCCCC3CCC2C2CCCC3CCCC32)CC1
C(CCCC1CCCC2C1CCC2C1CCC(CC2CC2)CC1)CCC1CCCCC1
C1CCC(CCCCCC2CC3CCCCC3C2)CC1
C(CCC1CC2CCCCC2C1)CCC1CCCC2CCCC12
C1CCC(CCC2CCC3C(CCC3C3CCCCC3)C2)CC1
C1CCC2CC3CCC(C4CCCCC4)C3CC2CC1
C1CCC(CCC2CCCC3CC4C(CCC4C4CCCCC4)CC23)CC1
C1CCC(CCCCC2CC3CCCCC3C2)CC1
C1CCC2CC(C3CCCC3)CCC2C1
C1CCC2CCC3C4CCC(CCCC5CCC6CCCCC6C5)C4CCC3C2CC1
C1CCC2CC(CCCC3CCC4C3CCC3C5CCCCC5CCC43)CCC2C1
C1CCC(CC2CC3CCCCC3C3CCC4CCCCCC4C23)CC1
C1CCC(CCCCC(CC2CCC3C(CCC3C3CCCCC3)C2)C2CCCCC2)CC1
C1CCC(CCC2CCC(C3CCC4C(CCC4C4CCCCC4)C3)CC2)CC1
C1CCC(CC2CCC3C(CC4CCCCC4)CCC3C2)CC1
C1CCC(CCCCCC2CC3CCCCC3C2)CC1
C(CCC1CCC2CCCCC2C1)CCC1CCCC2CCCCC12
C(CCC1CCCC2CCCC12)CC1CC2CCCCC2C1
C1CCC2CC(CC3CCCC4CCCC43)CCC2C1
C1CCC(CC2CC3CCCCC3C3CCC4CCCCCC4C23)CC1
C1CCC2C(C1)CCC1CCCCC12
C1CCC(CCCC23CCCC2CC2C4CCC5CCCCC5C4CCC23)C1
C1CCC(CCC2CCCC3CC4C(CCC4C4CCCCC4)CC23)CC1
C1CCC(CCCCC2CCC3CCC(C4CCCC5CCCC54)CC3C2)CC1
C(CCC1CCCC2CCCC12)CC1CC2CCCCC2C1
C1CCC(CCCCCC2CC3CCCCC3C2)CC1
C1CCC(C2CCC3CCC(C4CCCC4)CC32)CC1
C(CCC1CCC2CCCCC2C1)CCC1(C2CCCC2)CCCC2CCCCC21
C1CCC(C2CCC(CCCCCC3CCCCC4CCCCC34)C2)CC1
C1CCC(CC2CC3CCCCC3C3CCC4CCCCCC4C23)CC1
C1CCC(CCCC2CCCC(C3CCC4CC(CCC5CCC6CCCCC6C5)CCC43)C2)CC1
C1CCC(CCCCC2CC3CCCCC3C2)CC1
C1CCC(C2CCC3CC4C(CCC32)CCC2C3CCC(CCCC5CCC6CCCCC6C5)C3CCC42)CC1
C1CCC(CCCCC2CC3CCCCC3C2)CC1
C1CCC(CC2CC3CCCCC3CC3CCC4CCCCC4C32)CC1
C1CCC(C2CC3CCCC3C3CCC4CCCCC4C23)CC1
C(CCCC1CCCC2C(C3CCCCC3)CCC12)CCC1CCCCC1
C1CCC2C(C1)CCC1C3CCCC3CCC21
C1CCC(CC2CCC3CC4C(CCC45CCCC5)CC23)CC1
C1CCC(C2CC3CCCCC3C3CCCCC23)CC1
C1CCC(CCCCCC2CC3CCCCC3C2)CC1
C1CCC(CCCCC2CC3CCCCC3C2)CC1
C1CCC(C2CCC3CCCC3C3CCC4CCCCC4C23)CC1
C1CCC(CC2CC3CCCCC3C3CCC4CCCCC4C23)C1
C1CCC(C2CCC3CC4C5CCC6C(CCCC7CCC8CCCCC8C7)CCC6C(CCC4CC32)C5)CC1
C1CCC2C(C1)CCC1C3CCCC3CCC21
C1CCC(CCCCCC2CCCC3C2CCC3C2CCCC(CC3CC3)C2)CC1
C1CCC2CCC3C4CCC(CCCC5CCC6CCCCC6C5)C4CCC3C2CC1
C1CCCC(CC2CCCCC2CC2CC3CCCCC3C3CCC4CCCCC4C23)CC1
C1CCC(CC2CC3CCCCC3C3CCC4CCCCCC4C23)CC1
C1CCC(CCCCCC2CCCC3C(CC4CCCCC4)CCC23)CC1
C1CCC(CCCCC2CC3CCCCC3C2)CC1
C1CCC(CCCCC2CC3CCCCC3C2)CC1
C1CCC2C(C1)CCC1C3CCCC3CCC21
C1CCC(CCCC2CCC(CCC3CCCC(CC4CCCC4)C3)CC2)CC1
C1CCC(CCCCC2CCC3CCCCC23)CC1
C1CCC(CCCCC2CC3CCCCC3C2)CC1
C1CCC(CCC2CCC(C3CCC3)CC2)CC1
C1CCC(C2CC3CCCC3C3CCC4CCCCCC4C23)CC1
C1CCC(C2CCC3CC4C(CCC45CCCCC5)CC32)CC1
C1CCC(CCC2CCC3C(CCC3C3CCCCC3)C2)CC1
C(CCCC1CCCC2C(C3CCCCC3)CCC12)CCC1CCCCC1
C1CCC(C2CCC3CC4C(CCCC45CCCC5)CC32)CC1
C1CCC2C(C1)CCC1C2CCC2C3CCCC3CCC21
C1CCC2C(C1)CCC1C3CCCC3CCC21
C1CCC(CCCCCC2CCCC3CCCC23)CC1
C1CCC(C2CC3CCCC3C3CCC4CCCCC4C23)CC1
C1CCC(CCCCCC2CCCC3C(C4CCCCC4)CCC23)CC1
C1CCC2C(C1)CCCC1C3CCCC3CCC21
C(CCCC1CCCCC1)CCCC1CCC(CC2CCCCC2)C1
C1CCC(CC2CC3CCCCC3C3CCC4CCCCCC4C23)CC1
C1CCC(CCCC2CCC3CCC(C4CCCC5CCCC54)CC3C2)CC1
C1CCC(C2CCC3CC4C(CCC5C6CCCC(CCCC7CCC8CCCCC8C7)C6CCC45)CC32)CC1
C1CCC(CC2CCC(CC(CC3CCCCC3)C3CCCCC3)CC2)CC1
C1CCC(CCCC2CC3CCCCC3C2CC2CCCCC2)CC1
C1CCC(CC2CCCCC2CC2CC3CCCCC3C3CCC4CCCCC4C3C2)CC1
C1CCC(C2CC3CCCC3C3CCC4CCCCC4C23)CC1
C1CCC(C2CCC3CC4C(CCCC45CCCCC5)CC32)CC1
C1CCC(CCC2CCC3C(CCC3C3CCCCC3)C2)CC1
C1CCC(CCC2CCCC3CC4C(CCC4C4CCCCC4)CC23)CC1
C1CCC(CC23CCCCC2CCC2C4CCCC4CCC23)CC1
C1CCC(CCCCC2CC3CCCCC3C2)CC1
C1CCC(C2CCC3CC(C4CCC(CCCC5CCCC5)CC4)CCC32)CC1
C1CCC(CCCC2CCC3C(CCC3C3CCCCC3)C2)CC1
C1CCC2C(C1)CCC1C3CCCC3CCC21
C1CCC(CCC2CCC3C(CCC4CC(C5CCCCC5)CCC43)C2)CC1
C1CCC(CCC2CCC3C(CCC3C3CCCCC3)C2)CC1
C1CCC2CC3CCC(C4CCCCC4)C3CC2CC1
C1CCC(CCCCCC2CCC3C2CCC2C4CCCCC4CCC32)CC1
C1CCC(C2CCC3CC4C(CCCC45CCCCC5)CC32)CC1
C1CCC(CCCCCC2CCCC3C(CC4CCCCC4)CCC23)CC1
C1CCC(CCCCCC2CCCC3C(CC4CCCCC4)CCC23)CC1
C1CCC(CCCCCC2CCC3CCCCC23)CC1
C1CCC2C(C1)CCC1C3CCCCC3CCC21
C1CCC(CCCC(CCC2CCC3CCCC3C2)CC2CCCCC2)CC1
C1CCC(CCC(CC2CC2)CC2CC3CCCCC3C2)CC1
C1CCC(CCC2CCC3C(CCC3C3CCCCC3)C2)CC1
C1CCC(CCC(CC2CC3CCCCC3C2)C2CCC2)CC1
C1CCC(CCCC(CCC2CCC3CCCC3C2)CC2CCCCC2)CC1
C1CCC(CCCCC2CCC3CCC(C4CCCC5CCCC54)CC3C2)CC1
C1CCC(C2CCC3CC4CCCCC4CCC32)CC1
C1CCC(CCCCCC2CCC3CCCCC23)CC1
C1CCC(CCC2CCC(C3CCC4C(CCC4C4CCCCC4)C3)CC2)CC1
C1CCC2C(C1)CCC1C3CCCCC3CCC21
C1CCC(CCCC2CCC3C(CCC3C3CCCCC3)C2)CC1
C1CCC(C2CCC3CCCCC3C3CCCCC23)CC1
C1CCC(CCCCC2CCC3CCC(C4CCCC5CCCC54)CC3C2)CC1
C1CCC2CCC(C3CCCC4CCCC43)CC2CC1
C1CCC2CCC3C(CCC4C5CCCC5CC43)C2CC1
C1CCC(CCC2CCC3C(CC4CCCCC4)CCC3C2)CC1
C1CCC2CC(C3CCCC4CCCC43)CCC2C1
C1CCC(CCCCC2CCC3C2CCC2C4CC5CCC(C6CCCCC6)C5CC4CCC32)CC1
C1CCC(CCCCC2CC3CCCCC3C2)CC1
C(CC1CCC(CCC2CCCC(CC3CCCC3)C2)CC1)CC1CCC(C2CC2)CC1
C1CCC(CCC2CCC3C(CCC3C3CCCCC3)C2)CC1
C1CCC(C2CC3CCCC3C3CCC4CCCCCC4C23)CC1
C(CCCC1CCCCC1)CCCC1CCC(CC2CCCCC2)C1
C1CCC(C2CCC3CC4C(CCCC4CC4CC5CCCCC5C4)CCC32)CC1
C(CCCC1CCCC2C(C3CCCCC3)CCC12)CCC1CCCCC1
C1CCC(CCCC2CCC3C(CCC3C3CCCCC3)C2)CC1
C1CCC2CC(C3CCCC4CCCC43)CCC2C1
C(CCC1CCCC2CCCCC12)CC1CCC2CCCCC2C1
C1CCC2C(C1)CCC1C3CCCCC3CCCC21
C1CCC(CCCC2CCC3C2CCCC2C4CC5CCC(C6CCCCC6)C5CC4CCC32)CC1
C1CCC(C2(CCCCC3CCC4CCCCC4C3)CCCC3CCCCC32)CC1
C(CCCC1CCCC2C(C3CCCCC3)CCC12)CCC1CCCCC1
C(CCC1CCC2CCCCC2C1)CCC1CCCC2CCCCC12
C1CCC(CC2CCC(CC(CC3CCCCC3)C3CCCCC3)CC2)CC1
C1CCC2C(C1)CCCC1C3CCCC3CCC21
C1CCC2C(C1)CCC1C3CCCC3CCC21
C(CCCC1CCCC2C(C3CCCCC3)CCC12)CCC1CCCCC1
C(CCC1CCC(C2CCCC2)C1)CCC1CCCC2CCCCC12
C1CCC2C(C1)CC(C1CCCC1)C1CCCC21
C1CCC2CC(C3CCCC3)CCC2C1
C(CCC1CC2CCCCC2C1)CCC1CCCC2CCCC12
C1CCC(CC2CC3CCCCC3C3CCC4CCCCC4C23)CC1
C1CCC(CCC2CCC(C3CCC4C(CCC4C4CCCCC4)C3)CC2)CC1
C1CCC2CC(C3CCCC3)CCC2C1
C1CCC(C2CCC3CCC4C(CCC5C6CCC(CCCC7CC8CCCCC8C7)C6CCC45)CC32)CC1
C1CCC(CCC2CCC3C(CC4CCCCC4)CCC3C2)CC1
C(CCCC1CCCCC1)CCCC1CCC(C2CCCCC2)C1
C1CCC(C2CCC3CCCC3C3CCC4CCCCC4CC23)CC1
C1CCC(C2CCC3CC4C(CCC5C6CCC(CCCCC7CCC8CCCCC8C7)C6CCC45)CC32)CC1
C1CCC2C(C1)CCC1C2CCC2C3CCCC3CC21
C(CCC1CCCC2CCCCC12)CC1CC2CCCCC2C1
C1CCC2CC(C3CCCC4CCCC43)CCC2C1
C(CCCC1CCCCC1)CCCC1CCC(C2CCCCC2)C1
C1CCC(CC2CC3CCCCC3C3CCC4CCCCCC4C23)CC1
C1CCC(CCCCCC2CC3CCCCC3C2)CC1
C1CCC(CC2CCC(CC(CC3CCCCC3)C3CCCCC3)CC2)CC1
C1CCC(CCC2(CCCC3CC4CCCCC4C3)CCCC3C4CCC5CCCCC5C4CCC32)C1
C1CCC(CC(CC2CCCCC2)C2CCCCC2)CC1
C1CCC(C2CC3CCCC3C3CCC4CCCCCC4C23)CC1
C1CCC(CCCC(CC2CCC3C(CCC3C3CCCCC3)C2)C2CCCCC2)CC1
C1CCC(CCC2CCC(C3CC3)CC2)CC1
C1CC2CCC3C(CCC4CCCCC43)CC2C1
C1CCC(C2CCC3CC4C(CCC45CCCCC5)CC32)CC1
C1CCC2CC(CCCC3CCCC4C3CCC3C5CCCCC5CCC43)CC2C1
C1CCC(C2CCC3CC4C(CCC45CCCC5)CC32)CC1
C1CCC(CCCCC2CC3CCCCC3C2)CC1
C(CCCC1CCCC2C(C3CCCCC3)CCC12)CCC1CCCCC1
C1CCC(CCCC(CC2CC3CCCCC3C2)C2CC2)CC1
C1CCC(CCC2CCC3C(CCCC4CCCCC43)C2)CC1
C1CCC(CCCCC2CCC3CCCCC23)CC1
C1CCC2C(C1)CCC1C3CCCCC3CCC21
C1CCC(CCCCCC2CC3CCCCC3C2)CC1
C1CCC2CCC(C3CCCC3)CC2CC1
C1CCC(CCCCC2CC3CCCCC3C2)CC1
C(CCC1CCC2C(CCC3C4CCCC4CCC23)C1)CC1CCC(C2CCC(C3CC4CCCCC4C4CCC5CCCCC5C34)CC2)CC1
C1CCC(C2CCC3C(CCCCCC4CCC4)CCCC23)CC1
C1CCC(CCC2CCC3C(CCC3C3CCCCC3)C2)CC1
C1CCC(CCCCCC2CC3CCCCC3C2)CC1
C1CC2CCCC3C(CCC4CCC5CC5C43)C2C1
C1CCC2C(C1)CCC(C1CCCC1)C1CCCCC21
C1CCC(CCC2CCC3C(CCC3C3CCCCC3)C2)CC1
C1CCC(C2CC3CCCC3C3CCC4CCCCCC4C23)CC1
C1CCC(CCCCCC2CC3CCCCC3C2)CC1
C1CCC(CCC2CCCC3C2CCC(C2CCCCC2)C2C4CCCCC4CCC32)CC1
C1CCC2CCC(C3CCCC4CCCC43)CC2CC1
C1CCC(CCC2CCC(C3CC3)CC2)CC1
C1CCC(C2CCC3CCCC3C3CCC4CCCCC4C23)CC1
C1CCC(C2CC3CCCC3C3CCC4CCCCC4C23)CC1
C1CCC(CCCCCC2CC3CCCCC3C2)CC1
C1CCC(C2CCC3CC4C(CCCC45CCCCC5)CCC32)CC1
C1CCC(CCCCC2CC3CCCCC3C2)CC1
C1CCC(CCCC2CC3CCCC3C3CCC4CC(CCC5CCCCC5)CCC4C23)CC1
C1CCC(CC2CC3CCCCC3C3CCC4CCCCCC4C23)CC1
C1CCC(C2CCC3CC4C(CCC5C6CCC(CCCC7CC8CCCCC8C7)C6CCCC45)CC32)CC1
C1CCC(CCCCCC2CC3CCCCC3C2)CC1
C1CCC(CCCCCC2CCCC3C(C4CCCCC4)CCC23)CC1
C1CCC(CC2CCC3CC4C(CCC45CCCC5)CC23)CC1
C1CCC2CC(CCCC3CCC4C3CCCC3C5CCCCC5CCC34)CCC2C1
C1CCC(CC2CC3CCCCC3C3CCC4CCCCC4C23)CC1
C1CCC(CC2CCC3CCCCC3C2)C1
C1CCC(C2CC3CCCC3C3CCC4CCCCC4C23)CC1
C1CCC(CCCCCC2CC3CCCCC3C2)CC1
C1CCC(CCC2CCC3C(CCC4CCCCC43)C2)CC1
C1CCC(C2CCC(C3CC4CCCC4C4CCC5CCCCC5C34)CC2)C1
C1CCC(CCCC2CCC3CCC(C4CCCC5CCCC54)CC3C2)CC1
C1CCC2C(C1)CCC1C3CCCCC3CCC21
C1CCC(CC2CCCCCC23CCCC2C(CCC2C2CCCCC2)C3)CC1
C1CCC(CCC2CCC3C(CCC3C3CCCCC3)C2)CC1
C(CCCC1CCCC2C(C3CCCCC3)CCC12)CCC1CCCCC1
C1CCC(CCCCCC2CCCC3C(C4CCCCC4)CCC23)CC1
C1CCC(CCC2(CCCC3CC4CCCCC4C3)CCC3C4CCC5CCCCC5C4CCC32)C1
C1CCC2CCC(C3CCCC4CCCC43)CC2CC1
C1CCC(CCC2CCC3C(CCC3C3CCCCC3)C2)CC1
C1CCC(CC2CC3CCCCC3C3CCC4CCCCC4C23)C1
C(CCCC1CCCC2C(C3CCCCC3)CCC12)CCC1CCCCC1
C1CCC(CCC2CCCC3CC4C(CCC4C4CCCCC4)CC23)CC1
C1CCC(CCCC2CCC3C(CCC3C3CCCCC3)C2)CC1
C1CCC(CCCCCC2CCCC3C(C4CCCCC4)CCC23)CC1
C1CCC2CC(C3CCCC4CCCC43)CCC2C1
C(CC1CCC(C2CCCC2)CC1)CC1CCC2CCCC2C1
C1CCC(CCCC2CCC3CCC(C4CCCC5CCCC54)CC3C2)CC1
C1CCC(C2CC3CCCC3C3CCC4CCCCC4CC23)CC1
C1CCC(CC2CC3CCCCC3C3CCC4CCCCCC4C23)CC1
C1CCC(CCCC2CCCC3CCCCC32)C2CCCCC2C1
C(CCC1CCCC2CCCCC12)CC1CC2CCCCC2C1
C1CCC(CCCC23CCCC2CC2C4CCC5CCCCC5C4CCC23)C1
C1CCC(CC2CC3CCCCC3C3CCC4CCCCCC4C23)CC1
C1CCC(CCCCC2CCCC3CCCC23)CC1
C1CCC(CCCCCC2CC3CCCCC3C2)CC1
C1CCC2C(C1)CCC1C3CCCC3CCC21
C1CCC(C2CCC3(CCCC4CC5C(CCC5C5CCCCC5)CC43)C2)CC1
C1CCC(CCC2CCC3C(CCC3C3CCCCC3)C2)CC1
C1CCC(CCCCCC2CCC3CCCCC23)CC1
C1CCC(CCCCCC2CC3CCCCC3C2)CC1
C1CCC(C2CCC3CC4C(CC5CC6CCCCC6C5)CCCC4CC32)CC1
C1CCC(CCCCC2CCC3CCCCC23)CC1
C1CCC(CC2CCCCCCC23CCC2C(CCC2C2CCCCC2)C3)CC1
C(CCC1CC2CCCCC2C1)CCC1CCCC2CCCC12
C(CCCC1CCCCC1)CCCC1CCC(C2CCCCC2)C1
C1CCC(CCC2CCC(CCC3CCCC(CC4CCCCC4)C3)CC2)CC1
C1CCC(C2CCC(CCCCC3CCC4C3CCC3C5CCCCC5CCC43)C2)CC1
C1CCC2C(C1)CCC1CCCCC12
C1CCC(CCC2CCC(CCC3CCCC(CC4CCCC4)C3)CC2)CC1
C1CCC(CCC2CCC3C(CC4CCCCC4)CCC3C2)CC1
C1CCC(CC2CC3CCCCC3C3CCC4CCCCC4C23)C1
C1CCC(CCCCC2CCC3CCCCC23)CC1
C1CCC(C2CC3CCCC3C3CCC4CCCCC4C23)CC1
C1CCC(C2CC3CCCC3C3CCC4CCCCC4C23)CC1
C1CCC2CCC3C4CCCC4CCC3C2CC1
C(CCC1CCCC2CCCC12)CC1CC2CCCCC2C1
C1CCC(CCCCCC2CCC3CCCCC23)CC1
C1CCC(CCCCC2CCC3CCCCC3C2)C2CCCCC2CC1
C1CCC(C2CC3CCCC3C3CCC4CCCCC4C23)CC1
C1CCC(CCC2CCC3C(CCC3C3CCCCC3)C2)CC1
C1CCC(CCCCCC2CC3CCCCC3C2)CC1
C1CCC2C(C1)CCC1C3CCCC3CCC21
C1CCC(CC2CC3CCCCC3C3CCC4CCCCC4C3C2)CC1
C1CCC(CCC2(CCCC3CCC4CCCCC4C3)CCC3C4CCC5CCCCC5C4CCC32)C1
C1CCC(C2CC3CCCC3C3CCC4CCCCC4C23)CC1
C(CCC1CCCC2CCCCC12)CC1CCCC2CCCCC12
C1CCC(CCCCC2CC3CCCCC3C2)CC1
C1CCC(C2CCC3CCC4(CCCCCC4)C3C2)CC1
C1CCC(CCCCC2CC3CCCCC3C2)CC1
C1CCC(CC2CCCCC2CC2CC3CCCCC3C3CCC4CCCCC4C3C2)CC1
C(CCC1CCCC2CCCCC12)CC1CCC2CCCCC2C1
C1CCC(CCCC2CCC3CCC(C4CCCC5CCCC54)CC3C2)CC1
C(CCC1CCCC2CCCCC12)CC1CCC2CCCCC2C1
C(CCC1CCCC2CCCC12)CC1CCCC2CCCCC12
C1CCC2C(C1)CC(C1CCCC1)C1CCCC21
C1CCC2CC(CCCC3CCC4C3CCC3C5CCCCC5CCCC43)CC2C1
C(CCC1CCCCC2CCCCC12)CC1CCC2CCCCC2C1
C1CCC2C(C1)CC(C1CCCC3CCCC31)C1CCCC21
C1CCC(CCCCC2CC3CCCCC3C2)CC1
C1CCC(C2CCCC(CC3CC4CCCCC4C4CCC5CCCCC5C34)C2)C1
C1CCC(CCCCC2CC3CCCCC3C2)CC1
C1CCC(CCCCCC2CCCCC2)CC1
C1CCC(CCCC2CCC3C(CCC3C3CCCCC3)C2)CC1
C1CCC(C2CCC3CCCC3C3CCC4CCCCC4C23)CC1
C1CCC(C2CCC3CC4C(CCC45CCCCCC5)CC32)CC1
C1CCC2CC(C3CCCC4CCCC43)CCC2C1
C1CCC(C2CC3CCCCC3CC3CCCCC32)CC1
C1CCC(C2CCC3CC4C(CCCCC45CCCC5)CC32)CC1
C1CCC2CCC3C4CCC(CCCC5CC6CCCCC6C5)C4CCC3C2CC1
C1CCC(C2CCC3CC4C(CCC45CCCC5)CC32)CC1
C(CCCC1CCCC2CCCCC12)CCC1CCC(C2CCCC2)C1
C1CCC(C2CC3CCCC3C3CCC4CCCCCC4C23)CC1
C1CCC2CCC3C4CCC(CCCC5CC6CCCCC6C5)C4CCC3C2CC1
C1CCC(CCCCCC2CCC3CCCCC23)CC1
C(CCC1CCCC2CCCC12)CC1CC2CCCCC2C1
C1CCC2C(C1)CCC1C3CCCC3CCC21
C1CCC(CCCC2CCC(C3CCC4C(CCC4C4CCCCC4)C3)CC2)CC1
C(CCCC1CCCC2C1CCC2C1CCCC(CC2CCCC2)C1)CCC1CCCCC1
C1CCC2CC3CCC4CCCC4C3CCC2C1
C1CCC(C2CCC3CC4C(CCC32)CCC2C3CCC(CCCC5CC6CCCCC6C5)C3CCC42)CC1
C1CCC(CCCCC2CC3CCCCC3C2)CC1
C1CCC(C2CCC(CCCCCC3CCCC4CCCCC34)C2)CC1
C1CCC(CCC(CCC2CC3CCCCC3C2)C2CC2)CC1
C1CCC(CCC(CCC2CCC3CCCC3C2)CC2CCCCC2)CC1
C1CCC(CCCCCC2CCC3CCCCC23)CC1
C1CCC(C2CCC3CC4C(CCC5C6CCCC6CCCC45)CC32)CC1
C(CCC1CCCC2CCCCC12)CC1CCC2CCCCC2C1
C1CCC2CCC(C3CCCC4CCCC43)CC2CC1
C1CCC2CCC(C3CCCC4CCCC43)CC2CC1
C1CCC(C2CC3CCCC3C3CCC4CCCCCC4C23)CC1
C1CCC(CCCCCC2CCC3CCCCC23)CC1
C1CCC(CCC2CCC3C(CCC3C3CCCCC3)C2)CC1
C1CCC(CCC2CCC3C(CCC4C5CCCC5CC(CCC5CCCCC5)C34)C2)CC1
C(CCC1CCCC2CCCC12)CC1CC2CCCCC2C1
C1CCC2CC(C3CCCC4CCCC43)CCC2C1
C1CCC(CCCCCC2CCC3CCCCC23)CC1
C1CCC(C2CCC3CC4C(CCCCC45CCCC5)CC32)CC1
C1CCC(C2CC3CCCC3C3CCC4CCCCCC4C23)CC1
C1CCC(C2CCC(CCCCCC3(C4CCCCC4)CCC3)C2)CC1
C1CCC(C2CCC3CCC4(CCCCC4C4CCCCC4)CCC32)CC1
C1CCC(C2CC3CCCC3C3CCC4CCCCC4C23)CC1
C1CCC2CCC3C4CCCCC4CC(CC4CCCC4)C3C2CC1
C1CCC(CCCCCC2CCC3C(CCC3C3CCCCC3)C2)CC1
C1CCC(C2CCC3CCCC3C3CCC4CCCCC4C23)CC1
C1CCC2CCC(C3CCCC3)CC2CC1
C1CCC(C2CCC3CC4C(CCC45CCCC5)CC32)CC1
C1CCC(C2CCC3C(CCCC4CCCCC43)C2)CC1
C1CCC(C2CCC3CCC4C(CCC45CCCC5)CC32)CC1
C1CCC(CCC2CCC3C(CCC3C3CCCCC3)C2)CC1
C1CCC(CC2CCCCCC23CCC2C(CCC2C2CCCCC2)C3)CC1
C(CCCC1CCCC2CCCC12)CCC1CCCCC1
C1CCC(CCCCC2CCC3CCCCC23)CC1
C(CCCCC1CCC(C2CCCCC2)C1)CCCC1CCCCC1
C1CCC(CC2CCC3C(CC4CCCCC4)CCC3C2)CC1
C1CCC2C(C1)CCC1C2CCC2C3CCCCC3CC21
C1CCC(CCCCCC2CC3CCCCC3C2)CC1
C(CCCC1CCCCC1)CCC1CCCCC1
C1CCC2CCC3C4CCC(CCCC5CC6CCCCC6C5)C4CCC3C2CC1
C1CCC(C2CC3CCCCC3C3CCC(CCC4CCCC4)CC23)CC1
C1CCC(CCCCC2CC3CCCCC3C2)CC1
C1CCC(CCCC(CC2CCC3C(CC4CCCCC4)CCC3C2)C2CCCCC2)CC1
C1CCC(CCCCCC2CCCC3C(C4CCCCC4)CCC23)CC1
C1CCC(CC2CCC3CC4C(CCC45CCCC5)CC23)CC1
C(CCCC1CCCC2C(C3CCCCC3)CCC12)CCC1CCCCC1
C1CCC(CCCCCC2CC3CCCCC3C2)CC1
C(CCCC1CCCCC1)CCCC1CCC(C2CCCCC2)C1
C1CCC(CCCCC2CCC3CCCCC23)CC1
C1CCC(CC2CC3CCCCC3C3CCC4CCCCCC4C23)CC1
C1CCC(CCCCCC2CCCC3C(C4CCCCC4)CCC23)CC1
C1CCC(C2CC3CCCC3C3CCC4CCCCC4C23)CC1
C1CCC(C2CCC3CC4C(CCCC45CCCCC5)CCC32)CC1
C(CCCC1CCCCC1)CCC1CCCCC1
C1CCC(CCCCCC2CC3CCCCC3C2)CC1
C(CCCC1CCCC2C1CCC2C1CCC(CC2CC2)CC1)CCC1CCCCC1
C1CCC(CCCCC2CCC3CCCCC23)CC1
C1CCC(CCC2CCCC3CC4C(CCC4C4CCCCC4)CC23)CC1
C1CCC(CCCCCC2CC3CCCCC3C2)CC1
C1CCC(CC2CC3CCCCC3C3CCC4CCCCC4C23)C1
C1CCC(C2CCCC3C(CCC4CCCCC43)C2)CC1
C1CCC(CCC2CCC(CCC3CCCC(CC4CCCC4)C3)CC2)CC1
C1CCC(C2CCC3(CCCC4CC5C(CCC5C5CCCCC5)CC43)C2)CC1
C1CCC(CCC2CCCC3CCC(CC4CCCC5CCCC54)CC23)CC1
C(CCC1CCCCC2CCCCC12)CC1CCC2CCCCC2C1
C1CCC2CCC(C3CCCC4CCCC43)CC2CC1
C1CCC(C2CC3CCCC3C3CCC4CCCCCC4C23)CC1
C1CCC(C2CCC3CC4C(CCCCC45CCCC5)CC32)CC1
C1CCC(CCC2CCC(C3CCC3)CC2)CC1
C1CCC(CCCCCC2CCCC3C(C4CCCCC4)CCC23)CC1
C1CCC(CCCCC2CCC3CCCCC23)CC1
C1CCC2CCC3C4CCCCC4CC(CC4CCCC4)C3C2CC1
C1CCC(CCCCC2CC3CCCCC3C2)CC1
C1CCCC(CC2CCCCC2CC2CC3CCCCC3C3CCC4CCCCC4C23)CC1
C1CCC(C2CCC3CC(C4CCC(CCC5CCCC5)CC4)CCC32)CC1
C1CCC2CCC3C(CCC4C5CCCC5CC43)C2CC1
C1CCC(CCC2CCC(CCC3CCCCC(CC4CCCC4)C3)CC2)CC1
C1CCC2CCC3C4CCC(CCCC5CC6CCCCC6C5)C4CCC3C2CC1
C1CCC(CCC2CCC3C(CC4CCCCC4)CCC3C2)CC1
C1CCC(CCCC2CCC3C(CCC3C3CCCCC3)C2)CC1
C1CCC(CCC2CCC(CC(CC3CCCCC3)C3CCCCC3)CC2)CC1
C1CCC2CCC3C4CCCCC4CC(CC4CCCC4)C3C2CC1
C1CCC2CC(C3CCCC3)C3CCCC3C2CC1
C1CCC(C2CC3CCCC3C3CCC4CCCCC4C23)CC1
C1CCC(CCC2CCC3C(CCC3C3CCCCC3)C2)CC1
C1CCC(CC2CC3CCCCC3C3CCC4CCCCC4C23)CC1
C1CCC(C2CCC(CCCCCC3CCCC4CCCCC34)C2)CC1
C1CCC(CCC2CCC3C2CCC(CC2CCCCC2)C2C4CCCCC4CCC32)CC1
C1CCC(CCC2CCC3CCCC3C3CCC4CCCCC4C23)CC1
C1CCC(CCCCC2CCC3CCCCC23)CC1
C(CCCC1CCCCC1)CCCC1CCC(C2CCCCC2)C1
C1CCC(CC23CCCCC2CCC2C4CCCCC4CCC23)CC1
C1CCC2CCC3C4CCC(CCCC5CC6CCCCC6C5)C4CCC3C2CC1
C1CCC2C(C1)CCCC1CCCCC12
C1CCCC(CC2CCCCC2CC2CC3CCCCC3C3CCC4CCCCC4C23)CC1
C(CCCCC1CCC(C2CCCCC2)C1)CCCC1CCCCC1
C1CCC(CCCCC2CC3CCCCC3C2)CC1
C1CCC2CCC3C(CCC4C5CCCC5CC43)C2CC1
C1CCC(CCC2CC3CCCC3C3CCC4CCCCCC4C23)CC1
C(CCC1CCCC2CCCCC12)CC1CCC2CCCCC2C1
C1CCC(C2CCC(CCCCCC3CCCC4C(C5CCCCC5)CCC34)C2)CC1
C1CCC(C2CCC3CC4C(CCCC45CCCC5)CC32)CC1
C1CCC(CCC2CCC3C(CCC3C3CCCCC3)C2)CC1
C1CCC2C(C1)CCC1CCCCC12
C1CCC(C2CCC3C(CCCC4CCCCC43)C2)CC1
C1CCC2CCC3C4CCCC4CCC3C2CC1
C(CCC1CCC2CCCCC2C1)CCC1CCCCC2CCCCC12
C1CCC(C2CCC3C(CCC4CCCCC43)C2)CC1
C1CCC(CCCCC2CC3CCCCC3C2)CC1
C1CCC(CCCCC2CCCC3CCCC23)CC1
C1CCC(C2CCC3CC4C(CCCC45CCCC5)CC32)CC1
C(CCC1CCCC2CCCC12)CC1CC2CCCCC2C1
C1CCC(CCC2CCC3C(CCC3C3CCCCC3)C2)CC1
C(CCC1CCCC2CCCCC12)CC1CCC2CCCCC2C1
C1CCC(CC(CC2CCCCC2)C2CCCCC2)CC1
C1CCC(CCCCC2CC3CCCCC3C2)CC1
C1CCC(CCCCC2CCC3CCCCC23)CC1
C1CCC(CCCCCC2CCC3CCCCC23)CC1
C(CCC1CCC2C(CCC3C4CCCC4CCC23)C1)CC1CCC(C2CCC(C3CC4CCCC4C4CCC5CCCCC5C34)CC2)CC1
C1CCC(C2CCC(CCCCCC3CCCC4CCCCC34)C2)CC1
C1CCC(CC2CC3CCCCC3C3CCC4CCCCC4C23)CC1
C1CCC2CCC(C3CCCC4CCCC43)CC2CC1
C1CCC2CCC(C3CCCC4CCCC43)CC2CC1
C1CCC(CCC2CCC(CCC3CCCC(CC4CCCCC4)C3)CC2)CC1
C1CCC(C2CC3CCCC3C3CCC4CCCCC4C23)CC1
C(CCCC1CCCCC1)CCC1CCCCC1
C1CCC(C2CC3CCCCC3C3CCC4CCCCC4C23)CC1
C1CCC(CCCC2CCCCC3CCC(C4CCCC5CCCC54)CC23)CC1
C1CCC(CCCCCC2CCC3C(CCC3C3CCCCC3)C2)CC1
C1CCC(CCCC2CCCC3CCC(C4CCCC5CCCC54)CC3C2)CC1
C1CCC(CCCCCC2CC3CCCCC3C2)CC1
C1CCC2CC(CCCC3CCC4C3CCCC3C5CCCCC5CCC34)CCC2C1
C1CCC(CC2CCC3CC4C(CCC45CCCCC5)CC23)CC1
C(CCC1CCCC2CCCCC12)CC1CCCC2CCCCC12
C1CCC(CCCCC2CC3CCCCC3C2)CC1
C(CCC1CC2CCCCC2C1)CCC1CCCC2CCCC12
C1CCC2C(C1)CCCC1C3CCCC3CCC21
C1CCC(C2CC3C(CCC4CC4)CCC3C3CCC4CCCCC4C23)CC1
C1CCC2C(C1)CCCC2CCCC1CCCC2CCCCC21
C1CCC(CCCCC2CCC3CCCCC23)CC1
C1CCC(C2CCC3(CCC4CCC5C(CCC5C5CCCCC5)CC43)C2)CC1
C1CCC(CCC2CCC(C3CC3)CC2)CC1
C1CCC(CCCC(CCC2CCC3CCCC3C2)CC2CCCCC2)CC1
C1CCC2C(C1)CCC1CC2CCC2CCCC21
C1CCC(C2CCCC3C(CCC4CCCCC43)C2)CC1
C1CCC(CCC2CCC3CC4CCCCC4CCC3C2)CC1
C1CCC2C(C1)CCCC2CCCC1CCCC2CCCCC21
C1CCC(C2CCC3CC4C(CCC32)CCC2C3CCC(CCCC5CCCC6CCCCC65)C3CCC42)CC1
C1CCC(C2CC3CCCC3C3CCC4CCCCC4C23)CC1
C1CCC2CC(C3CCCC4CCCC43)CCC2C1
C1CCC(CCCC2CCC3C(CCC3C3CCCCC3)C2)CC1
C1CCC(CCC2CCC3C(CC4CCCCC4)CCC3C2)CC1
C1CCC(C2CCC3CCC4C(CCC45CCCCC5)CC32)CC1
C1CCC(CC2CC3CCCCC3C3CCC4CCCCC4C23)CC1
C1CCC(CC2CCC3C(CCC3C3CCCCC3)C2)CC1
C1CCC(CC2CCC3C(CC4CCCCC4)CCC3C2)CC1
C1CCC(CCC2CCC3C(CCC3C3CCCCC3)C2)CC1
C1CCC(CC2CCC(CC(CC3CCCCC3)C3CCCCC3)CC2)CC1
C1CCC(CCCCC2CCCC3CCCCC23)CC1
C1CCC(CCC2CCC3C(CC4CCCCC4)CCC3C2)CC1
C1CCC2CC(CCCC3CCC4C3CCC3C5CCCCC5CCC43)CC2C1
C1CCC(CCC2CCCCC2)CC1
C1CCC(CCC(CCC2CC3CCCCC3C2)C2CC2)CC1
C1CCC(CCC2CCC(CCC3CCCC(CC4CCCC4)C3)CC2)CC1
C1CCC(CCCCC2CC3CCCCC3C2)CC1
C1CCC2CCC(C3CCCC3)CC2CC1
C(CCC1CCCCC2CCCCC12)CC1CCC2CCCCC2C1
C1CCC(C2CCC3CC4CCCCC4CC32)CC1
C(CCCC1CCCC2C(C3CCCCC3)CCC12)CCC1CCCCC1
C1CCC(CCCCCC2CC3CCCCC3C2)CC1
C1CCC(C2CCC3CC4C(CCCC4CC4CCC5CCCCC54)CCC32)CC1
C1CCC(C2CCC3CC4C(CCC5C6CCC(CCCCC7CC8CCCCC8C7)C6CCC45)CC32)CC1
C1CCC2CC(CC3CCCC4CCCC43)CCC2C1
C(CCCC1CCCCC1)CCCC1CCC(C2CCCCC2)C1
C1CCC(CCCCC2CC3CCCCC3C2)CC1
C1CCC(CCCCCC2CC3CCCCC3C2)CC1
C1CCC(CCC2CCC3C(CCC4CC(C5CCCCC5)CCC43)C2)CC1
C1CCC(CC2CCC3CC4C(CCC45CCC(C4CCCCC4)C5)CC23)CC1
C1CCC2CC(C3CCCC3)C3CCCC3C2CC1
C1CCC2C(C1)CCC1CCCCC12
C1CCC(C2CC3CCCC3C3CCC4CCCCCC4C23)CC1
C1CCC(CCC2CC3CCCCC3C3CCC4CCCCC4C23)CC1
C(CCCC1CCCC2CCCCC12)CCC1CCC(C2CCCCC2)C1
C1CCC(CCCC2CCCC3CCCCC32)C2CCCCC2C1
C1CCC2CCC(C3CCCC4CCCC43)CC2CC1
C1CCC(CCCCC2CC3CCCCC3C2)CC1
C1CCC(C2CC3CCCC3C3CCC4CCCCC4CC23)CC1
C1CCC(C2CC3CCCC3C3CCCC4CCCCC4C23)CC1
C1CCC(CCCCCC2CCCC3C2CCC3C2CCCC(CC3CC3)C2)CC1
C(CCC1CCCC2CCCCC12)CC1CC2CCCCC2C1
C1CCC(CC2CC3CCCCC3C3CCC4CCCCCC4C23)CC1
C1CCC(C2CCC3C(CCCCCC4CCC4)CCCC23)CC1
C1CCC(CCCCCC2CCCC3C(C4CCCCC4)CCC23)CC1
C1CCC(C2CC3CCCC3C3CCC4CCCCCC4C23)CC1
C1CCC(CCC2CCC3C(CCC3C3CCCCC3)C2)CC1
C1CCC(CCCCC2CC3CCCCC3C2)CC1
C1CCC(C2CCC3CCC4C(CCC5C6CCC(CCCC7CC8CCCCC8C7)C6CCC45)CC32)CC1
C(CCCC1CCCCC1)CCCC1CCC(C2CCCCC2)C1
C(CCCC1CCCC2C(C3CCCCC3)CCC12)CCC1CCCCC1
C(CCCC1CCC2CCCC2C1)CCC1CCCCC1
C1CCC(C2CC3CCCC3C3CCC4CCCCC4C23)CC1
C1CCCC(C2CCC3CC4C(CCC5C6CCC(CCCC7CC8CCCCC8C7)C6CCC45)CC32)CC1
C1CCC(CC2CC3CCCCC3CC3CCC4CCCCC4C32)C1
C1CCC(CC2CC3CCCCC3CC3CCC4CCCCC4C32)C1
C1CCC(C2CC3CCCC3C3CCC4CCCCC4C23)CC1
C1CCC(CCCCCC2CCCC3C2CCC3C2CCC(CC3CC3)CC2)CC1
C1CCC2CC(C3CCCC4CCCC43)CCC2C1
C1CCC(C2CC3CCCCC3C3CCC4CCCCC4C23)CC1
C1CCC(CCC2CCC3C(CCC3C3CCCCC3)C2)CC1
C1CCC(CCCCC2CCC3CCCCC23)CC1
C1CCC(CC2CCC3(CCC4CC5C(CCC5C5CCCCC5)CC43)C2)CC1
C1CCC(CCCC2CCC3C2CCCC2C4CCCCC4CCC23)C1
C1CCC(CCCCCC2CC3CCCCC3C2)CC1
C1CCC2CC(C3CCCC4CCCC43)CCC2C1
C1CCC(CC(CC2CCCCC2)C2CCCCC2)CC1
C1CCC2CC(CCCC3CCC4C3CCC3C5CCCCC5CCCC43)CC2C1
C1CCC2CCC3CCCCC3C2CC1
C1CCC(CC2CC3CCCCC3CC3CCC4CCCCC4C32)C1
C1CCC2CCC3C(CCC4C3CCC4(CCCC3CC4CCCCC4C3)CCC3CCCC3)C2CC1
C(CCC1CCCC2CCCCC12)CC1CCC2CCCCC2C1
C1CCC(CCC2CCC3C(CCC3C3CCCCC3)C2)CC1
C1CCC(CCCC(CCC2CCC3CCCC3C2)CC2CCCCC2)CC1
C1CCC(CCCCCC2CC3CCCCC3C2)CC1
C(CCC1CCCC2CCCCC12)CC1CC2CCCCC2C1
C1CCC(CCC2CCC3C(CC4CCCCC4)CCC3C2)CC1
C1CCC2CC(C3CCCC4CCCC43)CCC2C1
C1CCC(CCCCC2CC3CCCCC3C2)CC1
C(CCCCCCC1CCC2C1CCCC1C3CCCCC3CCC12)CCCCCC1CCC(CCC2CCC(CCC3CCCC3)C2)C1
C(CCCC1CCCC2C(C3CCCCC3)CCC12)CCC1CCCCC1
C1CCC(CCCCCC2CC3CCCCC3C2)CC1
C1CCC(CCC2CCC(C3CC3)CC2)CC1
C1CCC(CCCC2(CCCC3CCC4CCCCC4C3)CCC3C4CCC5CCCCC5C4CCC32)C1
C1CCC(CCC2CCCCC2)CC1
C1CCC(CCCC2CCCC(C3CCC4CC(CCC5CCC6CCCCC6C5)CCC43)C2)CC1
C(CCC1CCC2C1CCC1C3CCCCC3CCC21)CC1CC2CCCCC2C1
C1CCC(CCC2CCC(CCC3CCCCC3)CC2)CC1
C1CCC2C(C1)CCC1C3CCCC3CCC21
C1CCC(C2CCC3C(CCCCCC4CCC(CC5CCCC5)C4)CCCC23)CC1
C1CCC(CCCCC2CC3CCCCC3C2)CC1
C1CCC(CCCCC2CCC3CCCCC23)CC1
C1CCC(CCCCCC2CC3CCCCC3C2)CC1
C1CCC(CCCCC2CC3CCCCC3C2)CC1
C1CCC2CC(CC3CCCC4CCCC43)CCC2C1
C1CCC(C2CC3CCCC3C3CCC4CCCCC4C23)CC1
C1CCC2CC(C3CCCC4CCCC43)CCC2C1
C1CCC(C2CC3CCCC3C3CCC4CCCCCC4C23)CC1
C1CCC(CC2CCC3CCCCC3C3CCC4CCCCC4C23)C1
C(CCCCC1CCC(C2CCCCC2)C1)CCCC1CCCCC1
C1CCC2C(C1)CCC1C3CCCC3CCC21
C1CCC2CC(C3CCCC4CCCC43)CCC2C1
C1CCC(C2CCC3CC4C(CCCC45CCCCCC5)CC32)CC1
C1CCC2CCC3C4CCC(CCCC5CC6CCCCC6C5)C4CCC3C2CC1
C1CCC(CCC2CCC3C(CCC4CC(C5CCCCC5)CCC43)C2)CC1
C1CCC2CC(CCCC3CCC4C3CCC3C5CCCCC5CCCC43)CC2C1
C1CCC(CC2CCC3C(CCC3C3CCCCC3)C2)CC1
C1CCC(CCCC(CC2CCC3C(CCC3C3CCCCC3)C2)C2CCCCC2)CC1
C1CCC(CCC2CCCCC3CC4C(CCC4C4CCCCC4)CC23)CC1
C1CCC(CCCCC2CCC3CCC(C4CCCC5CCCC54)CC3C2)CC1
C1CCC(C2CCC(CCCC3CCC4C3CCC3C5CCCCCC5CCC43)C2)CC1
C1CCC2CC(CCCC3CCC4C3CCC3C5CCCCC5CCC43)CCC2C1
C1CCC(CC2CCC3CCCCC3C2)C1
C1CCC(CCCCC2CC3CCCCC3C2)CC1
C1CCC(CCCCC2CC3CCCCC3C2)CC1
C1CCC(CCCCCC2CCCC3C(C4CCCCC4)CCC23)CC1
C1CCC2C(C1)CCCC2CCCC1CCC2C1CCC1C3CCCCC3CCC21
C1CCC2CCC3CCCCC3C2CC1
C1CCC(CCC(CCC2CCC3CCCC3C2)CC2CCCCC2)CC1
C1CCC(CCC2CCC3C(CCC3C3CCCCC3)C2)CC1
C1CCC2CC(C3CCCC4CCCC43)CCC2C1
C1CCC(C2CCC3CC4C(CCC45CCCCC5)CC32)CC1
C1CCC(CCCCCC2CC3CCCCC3C2)CC1
C1CCC2CC(CCCC3CCCC4C3CCC3C5CCCCC5CCC43)CCC2C1
C1CCC(CCCCC2CCCC3CCC(C4CCCCC4)CC23)CC1
C1CCC(C2CCC3CC4C(CCCC4CC4CCC5CCCCC54)CCC32)CC1
C1CCC(CCCCCC2CCC3CCCCC23)CC1
C1CCC(CCCCC2CC3CCCCC3C2)CC1
C1CCC(C2CCC3CCC4(CCCCCC4)C3C2)CC1
C(CCCC1CCCCC1)CCCC1CCC(C2CCCCC2)C1
C(CCC1CC2CCCCC2C1)CCC1CCCC2CCCC12
C1CCC(CCCCC2CC3CCCCC3C2)CC1
C1CCC(CCCCCC2CCCCC2)CC1
C1CCC(CCC2CCC3C(CCC3C3CCCCC3)C2)CC1
C1CCC(CCCCC2CCC3CCCCC23)CC1
C(CCCC1CCCC2C(C3CCCCC3)CCC12)CCC1CCCCC1
C(CCCC1CCC2CCCC2C1)CCCC1CCC(C2CCCCC2)C1
C1CCC2CC(C3CCCC4CCCC43)C3CCCC3C2CC1
C1CCC(CCCCC2CC3CCCCC3C2)CC1
C1CCC(C2CCC(CCCCCC3CCCC4C(C5CCCCC5)CCC34)C2)CC1
C1CCC(CCC2CCC(C3CCC4C(CCC4C4CCCCC4)C3)CC2)CC1
C1CCC2C(C1)CCC1C3CCCC3CCC21
C1CCC(CC(CC2CCCCC2)C2CCCCC2)CC1
C1CCC2CCC(C3CCCC4CCCC43)CC2CC1
C1CCC(C2CC3CCCCC3C3CCC4CCCCC4C23)CC1
C1CCC(C2CC3CCCC3C3CCCC4CCCCC4C23)CC1
C1CCC(CCCCC2CC3CCCCC3C2)CC1
C(CCC1CCCC2CCCCC12)CC1CCCC2CCCCC12
C1CCC(C2CCC3CC4C(CCC45CCCC5)CC32)CC1
C1CCC(CC2CCC(CC(CC3CCCCC3)C3CCCCC3)CC2)CC1
C1CCC(C2CC3CCCC3C3CCC4CCCCC4C23)CC1
C1CCC(C2CCC3CC4C(CCC5C6CCCC(CCCC7CC8CCCCC8C7)C6CCC45)CC32)CC1
C1CCC(CCCCC2CCC3C2CCC2C4CCCCC4CCC32)CC1
C(CCC1CCCC2CCCC12)CC1CC2CCCCC2C1
C1CCC(CCCC2CCC3C(CCC3C3CCCCC3)C2)CC1
C1CCC2CC(C3CCCC4CCCC43)C3CCCC3C2CC1
C1CCC(CC2CC3CCCCC3C3CCC4CCCCC4C23)C1
C1CCC(C2CCC3CC4C(CCC45CCCCCC5)CC32)CC1
C1CCC2CCC3C4CCCCC4CC(CC4CCCC4)C3C2CC1
C(CCC1CCCC2CCCCC12)CC1CC2CCCCC2C1
C1CCC(C2CCC3C(CCC4CCCCC43)C2)CC1
C1CCC(C2CCC3CC4C(CCCC45CC(C4CCCCC4)C(C4CCCCC4)C5)CC32)CC1
C(CCC1CCCC2CCCCC12)CC1CCC2CCCCC2C1
C(CCCC1CCC2CCCC2C1)CCCC1CCC(C2CCCCC2)C1
C1CCC(C2CCCC3C(CCC4CCCCC43)C2)CC1
C1CCC(CCC2CCC3C(CCC3C3CCCCC3)C2)CC1
C(CCCC1CCCCC1)CCCC1CCC(C2CCCCC2)C1
C1CCC(CCCCC2CCC3CCCCC23)CC1
C1CCC2C(C1)CCC1CCCCC12
C1CCC(CCCC2CCC3C2CCC2C4CC5CCC(C6CCCCC6)C5CCC4CCC32)CC1
C1CCC(CCC2CCC(CCC3CCCCC3)CC2)CC1
C1CCC2CCC(C3CCCC4CCCC43)CC2CC1
C1CCC2CCC3C4CCCC4CCC3C2CC1
C1CCC(C2CC3CCCC3C3CCCC4CCCCC4C23)CC1
C1CCC(CCCCC2CC3CCCCC3C2)CC1
C1CCC(CCC2CCC3C(CCC3C3CCCCC3)C2)CC1
C1CCC2CCC(C3CCCC4CCCC43)CC2CC1
C1CCC2CC(C3CCCC4CCCC43)CCC2C1
C1CCC(C2CCC3CC4C(CCC5C6CCC(CCCC7CCC8CCCCC8C7)C6CCC45)CC32)CC1
C(CCC1CCCCC2CCCCC12)CC1CCC2CCCCC2C1
C1CCC(CCCCCC2CC3CCCCC3C2)CC1
C1CCC(CCCCCC2CC3CCCCC3C2)CC1
C1CCC(CCC2CCCC3CCC(C4CCCC5CCCC54)CC23)CC1
C1CCC(CCCC2CCC3C(CCC3C3CCCCC3)C2)CC1
C1CCC(CC2CC3CCCCC3C3CCC4CCCCC4C23)C1
C1CCC2CCC3C4CCC(CCCC5CCCC6CCCCC65)C4CCC3C2CC1
C1CCC(C2CCC3CC4C(CCCC4CC4CCC5CCCCC54)CCC32)CC1
C1CCC(C2CCC3C(CCCCCC4CCC(C5CCCC5)C4)CCCC23)CC1
C1CCC(CCC(CCC2CCCCC2)CCC2CCC3CCCC3C2)CC1
C1CCC(CCC2CCC3C(CCC3C3CCCCC3)C2)CC1
C1CCC(C2CCC3CC4C(CCC45CCCCC5)CC32)CC1
C1CCC(C2CCC3CC4C(CCC45CCCC5)CC32)CC1
C1CCC(CCCCC2CC3CCCCC3C2)CC1
C1CCC(CC2CCCC(CC3CC4CCCCC4C4CCC5CCCCCC5C34)C2)CC1
C(CCCCC1CCC(C2CCCCC2)C1)CCCC1CCCCC1
C1CCC(CC2CCC3CC4C(CC5CCC6CCCCC65)CCCC4CC23)CC1
C1CCC2CCC(C3CCCC4CCCC43)CC2CC1
C1CCC(CCCCCC2CCCC3C(C4CCCCC4)CCC23)CC1
C(CCCC1CCCCC1)CCCC1CCC(C2CCCCC2)C1
C1CCC(C2CCC3CC4CCCCC4CC32)CC1
C1CCC(C2CCC3CC4C(CCC5C6CCC(CCCC7CCC8CCCCC8C7)C6CCC45)CC32)CC1
C1CCC2CCC3C4CCC(CCCC5CC6CCCCC6C5)C4CCC3C2CC1
C1CCC(C2CCC3CC4C(CCC5C6CCCC(CCCC7CCC8CCCCC8C7)C6CCC45)CC32)CC1
C1CCC(CCCC2CCCC(C3CCC4CC(CCC5CCC6CCCCCC6C5)CCC43)C2)CC1
C1CCC(C2CCC(CCCCCC3(C4CCCCC4)CCCC3)C2)CC1
C1CCC(CCCCC2CC3CCCCC3C2)CC1
C1CCC(CCCCC2CCC3CCCCC23)CC1
C1CCC2CC(CCCC3CCC4C3CCCC3C5CCCCC5CCC34)CC2C1
C1CCC(CCCC2CCC(CCC3CCCCC3)CC2)CC1
C1CCC(C2CC3CCCCC3C3CCCCC23)CC1
C1CCC(CCCCCC2CCC3CCCCC23)CC1
C1CCC(CCC2CCC3C(CCC3C3CCCCC3)C2)CC1
C1CCC(C2CCC3CC4C(CCCC45CCCCC5)CCC32)CC1
C(CCC1CCCC2CCCCC12)CC1CCC2CCCCC2C1
C1CCC2CC(CCCC3CCC4C3CCC3C5CCCCC5CCC43)CC2C1
C1CCC(C2CC3CCCCC3C3CCCCC23)CC1
C1CCC2CCC(C3CCCC4CCCC43)CC2CC1
C(CCC1CC2CCCCC2C1)CCC1CCCC2CCCC12
C1CCC(CCC2CCC3C(CCC3C3CCCCC3)C2)CC1
C1CCC(CC2CCC(C3CCC4CCCC4C4CCC5CCCCC5C34)CC2)CC1
C1CCC2C(C1)CCC1C3CCCC3CCC21
C1CCC(C2CC3CCCC3C3CCCC4CCCCC4C23)CC1
C(CCC1CCCC2CCCCC12)CC1CCC2CCCCC2C1
C1CCC(CC2CCC3CCCCC3C3CCC4CCCCC4C23)C1
C1CCC(CC2CCC3CCCCC3C3CCC4CCCCC4C23)CC1
C1CCC(CC2CC3CCCCC3C3CCC4CCCCC4C23)C1
C1CCC(CCC2CCC3C(CCCC4C5CCCC5CCC34)C2)CC1
C1CCC(CCC2CCC3C(CCC3C3CCCC(CCC4CCCC4)C3)C2)CC1
C1CCC(C2CCC3CC4CCCCC4CCC32)CC1
C1CCC2CCC(C3CCCC4CCCC43)CC2CC1
C1CCC(C2CCC3CCC4C(CCC45CCCC5)CC32)CC1
C(CCCC1CCCC2C(C3CCCCC3)CCC12)CCC1CCCCC1
C1CCC2CCC(C3CCCC4CCCC43)CC2CC1
C1CCC(CCCCCC2CCC3CCCCC23)CC1
C1CCC(C2CCC(C3CC4CCCC4C4CCC5CCCCC5C34)CC2)C1
C1CCC(CC2CC3CCCC3C3CCC4CCCCC4C23)CC1
C1CCC2CCC3C(CCC4C5CCCC5CC43)C2CC1
C1CCC(C2CCC3C(CCC4CCCCC43)C2)CC1
C1CCC(CCCC2CCCC(CC3CCC4CC(CCC5CCC6CCCCC6C5)CCC43)C2)CC1
C1CCC(CCCCCC2CCCC3C(CC4CCCCC4)CCC23)CC1
C1CCC2CCC(C3CCCC4CCCC43)CC2CC1
C1CCC2C(C1)CCC1C3CCCC3CCC21
C1CCC(CCCCCC2CC3CCCCC3C2)CC1
C1CCC(CCCC2CCCC3CCC(C4CCCC5CCCC54)CC3C2)CC1
C1CCC2C(C1)CCC1C3CCCC3CCC21
C1CCC2C(C1)CCC1C3CCCC3CCCC21
C1CCC(CC2CCC3C(CCC4CCCCC43)C2)CC1
C(CCC1CCCC2CCCC12)CC1CC2CCCCC2C1
C1CCC2CCC(C3CCCC4CCCC43)CC2CC1
C1CCC2C(C1)CCC1C3CCCC3CCC21
C1CCC(CCC2CCC3C(CCC4C5CCCCC5CCC34)C2)CC1
C1CCC(CCC(CCC2CCC3CCCCC3C2)CC2CCCCC2)CC1
C1CCC(CCCCC2CC3CCCCC3C2)CC1
C(CCC1CCCC2CCCCC12)CC1CCCC2CCCCC12
C1CCC2CC(CCCC3CCC4C3CCC3C5CCCCC5CCCC43)CCC2C1
C1CCC(CC2CC3CCCCC3C3CCC4CCCCC4C23)CC1
C1CCC(C2CCCC3C(CCC4CCCCC43)C2)CC1
C(CCC1CCCC2CCCCC12)CC1CCC2CCCCC2C1
C(CCCC1CCCC2C(C3CCCCC3)CCC12)CCC1CCC(C2CCCC2)C1
C1CCC(CCC2CCC3C(CCC4C5CCCC5CC(CCC5CCCCC5)C34)C2)CC1
C(CCC1CCCC2CCCCC12)CC1CC2CCCCC2C1
C1CCC(CCCC2CCC3CCC(C4CCCC5CCCC54)CC3C2)CC1
C(CCCCC1CCC(C2CCCCC2)C1)CCCC1CCCCC1
C1CCC(C2CCC3CC4C(CCC45CCCCCC5)CC32)CC1
C(CCCC1CCCCC1)CCCC1CCC(C2CCCCC2)C1
C1CCC2C(C1)CCC1C3CCCC3CCC21
C1CCC(CCC2CCC(C3CC3)CC2)CC1
C1CCC(CC2CCC3C(CCC3C3CCCCC3)C2)CC1
C1CCC(C2CCC3CC4C(CCCC4CC4CCC5CCCCC54)CCC32)CC1
C1CCC(C2CCC(C3CC4CCCC4C4CCC5CCCCC5C34)CC2)C1
C1CCC(CC2CCC3C(CCC3C3CCCCC3)C2)CC1
C1CCC(CC23CCCCC2CCC2C4CCCC4CCCC23)CC1
C1CCC(CCCCC2CC3CCCCC3C2)CC1
C1CCC2CCC(C3CCCC4CCCC43)CC2CC1
C(CCC1CCCC2CCCC12)CC1CCCC2CCCCC12
C1CCC(C2CCC3CCCCC3C3CCCCC23)CC1
C1CCC(CCCCCC2CCC3CCCC3C2)CC1
C1CCC2C(C1)CCCC1C3CCCC3CCC21
C1CCC(C2CCC3CCCC3C3CCC4CCCCC4C23)CC1
C1CCC2CCC3C4CCCC4CCC3C2CC1
C1CCC(CCC2CCC3C(CCC3C3CCCCC3)C2)CC1
C1CCC(C2CCC3CC4C(CCCC5C6CCCC6CCC45)CC32)CC1
C1CCC(CCCCC2CCC3CCCCC3C2)CC1
C1CCC(CCC2CCC3C(CCC3C3CCCCC3)C2)CC1
C1CCC(C2CC3CCCCC3C3CCC4CCCCC4C23)CC1
C1CCC(C2CCC(CC3CCC4CCCCC4C4CCC5CCCCC5C34)CC2)CC1
C1CCC(CCCC2(CCC3CCCC3)CCC3C4CCC5CCCCC5C4CCC32)C1
C1CCC(CCCC2CCCC3CCCCC32)C2CCCCC2C1
C1CCC(CCC2CCC(CC(CC3CCCCC3)C3CCCCC3)CC2)CC1
C1CCC(CCCCC2CCCC(C3CCC4CC(CCC5CCC6CCCCC6C5)CCC43)C2)CC1
C1CCC(CCC2CCC3C(CCC3C3CCCCC3)C2)CC1
C1CCC(C2CCC3CC4C(CCC5C6CCC(CCCCC7CC8CCCCC8C7)C6CCC45)CC32)CC1
C1CCC(CCC(CCC2CCC3CCCC3C2)CC2CCCCC2)CC1
C1CCC(C2CC3CCCC3C3CCC4CCCCCC4C23)CC1
C1CCC2CCC(C3CCCC4CCCC43)CC2CC1
C1CCC(CCC(CC2CC3CCCCC3C2)C2CCCCC2)CC1
C(CCCCC1CCC(C2CCCCC2)C1)CCCC1CCCCC1
C1CCC(C2CC3CCCCC3C3CCC4CCCCC4C23)CC1
C1CCC(CCCCCC2CCCCC2)CC1
C1CCC(CCC2CC3CCCC3C3CCC4CCCCC4C23)CC1
C1CCC(CC2CCC(CC(CC3CCCCC3)C3CCCCC3)CC2)CC1
C1CCC(CCCCCC2CCCC3C(C4CCCCC4)CCC23)CC1
C1CCC2CCC(C3CCCC4CCCC43)CC2CC1
C1CCC2CCC(C3CCCC4CCCC43)CC2CC1
C1CCC(CCCC2(CCC3CCCC3)CCC3C4CCC5CCCCC5C4CCC32)CC1
C1CCC(C2CC3C(CCC4CCC4)CCC3C3CCC4CCCCC4C23)CC1
C1CCC(CCCCC2CC3CCCCC3C2)CC1
C1CCC(CC2CCC(CC(CC3CCCCC3)C3CCCCC3)CC2)CC1
C1CCC2CC(CC3CCC4CCCCC43)CCC2C1
C1CCC(C2CC3CCCC3C3CCC4CCCCC4C23)CC1
C(CCC1CCCC2CCCC12)CC1CC2CCCCC2C1
C1CCC(C2CC3CCCC3C3CCC4CCCCCC4C23)CC1
C1CCC2CC(CCCC3CCC4C3CCC3C5CCCCC5CCC43)CCC2C1
C1CCC2C(C1)CCC1C3CCCC3CCCC21
C1CCC(CCC2CCC3C(CCC3C3CCCCC3)C2)CC1
C1CCC2C(C1)CCC1C3CCCC3CCC21
C1CCC2CC(CCCC3CCCC4C3CCC3C5CCCCC5CCC43)CC2C1
C1CCC(C2CCC(C3CC4CCCC4C4CCC5CCCCC5C34)CC2)C1
C1CCC(CCC2CCC(C3CCC3)CC2)CC1
C1CCC(CCCCCC2CC3CCCCC3C2)CC1
C1CCC(CCCCCC2CCC3CCCCC23)CC1
C1CCC(C2CC3CCCC(C3)C3CCC4CCCCC4C32)CC1
C1CCC(C2CC3CCCC3C3CCC4CCCCC4C23)CC1
C1CCC2CCC3C4CCCCC4CC(CC4CCCC4)C3C2CC1
C1CCC(CCCCC2CC3CCCCC3C2)CC1
C1CCC2CCC3C4CCCC4CCC3C2CC1
C1CCC(CC2CC3CCCCC3C3CCC4CCCCCC4C23)CC1
C(CCCC1CCCCC1)CCCC1CCC(C2CCCCC2)C1
C1CCC(CCC2CCC(C3CC3)CC2)CC1
C1CCC(C2CC3CCCC3C3CCC4CCCCC4C23)CC1
C1CCC(C2CC3CCCCC3C3CCCCC23)CC1
C1CCC(CC2CC3CCCCC3C3CCC4CCCCC4C23)CC1
C1CCC2CC(CCCC3CCC4C3CCC3C5CCCCC5CCC43)CCC2C1
C1CCC(C2CCC3C(CCC4CCCCC43)C2)C1
C1CCC2CCC3C4CCCC4CCC3C2CC1
C1CCC(CC2CC3CCCCC3CC3CCC4CCCCC4C32)C1
C1CCC2CCC(C3CCCC4CCCC43)CC2CC1
C1CCC(CCCCCC2CC3CCCCC3C2)CC1
C1CCC(CCCCC2CCC3CCCCC23)CC1
C1CCC(C2CCC3CC4C(CCCC45CCCC5)CC32)CC1
C1CCC(CCC2CCC(C3CCC4C(CCC4C4CCCCC4)C3)CC2)CC1
C(CCCCCCC1CCC(CCC2CCC(CCC3CCCC3)C2)C1)CCCCCCC1CCC2C1CCC1C3CCCCC3CCC21
C1CCC(C2CC3CCCC3C3CCC4CCCCC4C23)CC1
C1CCC2CC(C3CCCC4CCCC43)CCC2C1
C1CC2CCCC3C(CCC4CCC5CC5C43)C2C1
C1CCC(CCCC2CCC(CCC3CCCC(CC4CCCC4)C3)CC2)CC1
C1CCC(CCCCCC2CCCC3C(C4CCCCC4)CCC23)CC1
C1CCC2C(C1)CCCC2CCCC1CCCC2CCCCC21
C1CCC2C(C1)CCC1C2CCC2C3CCCC3CC21
C(CCCCC1CCC(C2CCCCC2)C1)CCCC1CCCCC1
C1CCC(CC2CCC3CCCCC3C3CCC4CCCCC4C23)CC1
C1CCC(C2CCC3CC4C(CC5CC6CCCCC6C5)CCCCC4CC32)CC1
C1CCC2C(C1)CCC1C3CCCC3CCC21
C1CCC(CC2CC3CCCCC3C3CCC4CCCCCC4C23)CC1
C1CCC(CCC2CCC3C(CCC3C3CCCCC3)C2)CC1
C1CCC(C2CC3CCCC3C3CCC4CCCCC4C23)CC1
C1CCC(CCC2(CCCC3CC4CCCCC4C3)CCC3C4CCC5CCCCC5C4CCC32)C1
C1CCC(CCC2CCC(CC(CC3CCCCC3)C3CCCCC3)CC2)CC1
C1CCC2CCC(C3CCCC4CCCC43)CC2CC1
C1CCC2C(C1)CCC1CCCCC12
C1CCC(CCCCC2CCC3C2CCC2C4CCCCC4CCC32)CC1
C(CCC1CCCC2CCCCC12)CC1CCC2CCCCC2C1
C1CCC(CC2CCCC(C3CCC4CC(CCC5CCC6CCCCC6C5)CCC43)C2)C1
C1CCC(CC2CC3CCCCC3CC3CCC4CCCCC4C32)CC1
C1CCC(CCCCCC2CC3CCCCC3C2)CC1
C(CCCCC1CCCC(CC(CC2CCC(CC3CCCCC3)CC2)C2CCCCC2)C1)CCCCC1CCC2C(CCC3C4CCCC4CCC23)C1
C1CCC(C2CC3CCCC3C3CCC4CCCCC4C23)CC1
C1CCC(CCCC2CCC3C(CCC3C3CCCCC3)C2)CC1
C1CCC2C(C1)CCCC2CC1CCC2CCCCC2C2CCC3CCCCC3C12
C1CCC2CC(C3CCCC4CCCC43)CCC2C1
C(CCC1CC2CCCCC2C1)CCC1CCCC2CCCC12
C1CCC2C(C1)CCCC2CCCC1CCCC2CCCCC21
C1CCC(C2CCC3CCCC3C3CCC4CCCCC4C23)CC1
C1CCC(CC2CCC(CC(CC3CCCCC3)C3CCCCC3)CC2)CC1
C1CCC(C2CCC(CCCCCC3CCCC4CCCCC34)C2)CC1
C1CCC2C(C1)CCCC1C3CCCC3CCC21
C1CCC(C2CCC3CCC4C(CCC45CCCCC5)CC32)CC1
C1CCC2CCC3C4CCCC4CCC3C2CC1
C1CCC(CCCCCC2CCCC3C(C4CCCCC4)CCC23)CC1
C1CCC(CC2CC3CCCCC3C3CCC4CCCCCC4C23)CC1
C1CCC2CCC3C4CCCCC4CC(CC4CCCC4)C3C2CC1
C(CCCC1CCCC2C(C3CCCCC3)CCC12)CCC1CCCCC1
C1CCC(CC2CCCC(C3CCC4CC(CCC5CCC6CCCCC6C5)CCC43)C2)CC1
C1CCC(C2CCC3CC4C(CCCC45CCCCCC5)CC32)CC1
C1CCC2CCC(C3CCCC4CCCC43)CC2CC1
C1CCC(CC2CCC3CC4(CCCCC4C4CCCCC4)CCC23)CC1
C(CCCC1CCCC2C(C3CCCCC3)CCC12)CCC1CCCCC1
C1CCC(CCC2CCCC3CC4C(CC5CCCCC5)CCC4CC23)CC1
C1CCC2CC(CC3CCC4CCCCC43)CCC2C1
C1CCC2CC(CC3CCCC4CCCC43)CCC2C1
C1CCC(CC2CCC(CC(CC3CCCCC3)C3CCCCC3)CC2)CC1
C1CCC(CCCC2CCCC3CCC(C4CCCC5CCCC54)CC3C2)CC1
C1CCC(CC2CC3CCCCC3C3CCC4CCCCC4C23)CC1
C(CCCC1CCCCC1)CCCC1CCC(C2CCCCC2)C1
C1CCC(C2CCCC3(CCC4CC5C(CCC5C5CCCCC5)CC43)C2)CC1
C(CCC1CCCC2CCCCC12)CC1CC2CCCCC2C1
C1CCC(CCC2CCC(CCC3CCCCC3)CC2)CC1
C1CCC(C2CCC3C(CCC4CCCCC43)C2)CC1
C1CCC(CCCCCC2CCC3CCCC3C2)CC1
C1CCC(C2CCC3C(CCC4CCCCC43)C2)CC1
C1CCC(C2CC3CCCCC3C3CCC4CCCCC4C23)CC1
C1CCC(CCC2CCC3C(CCC3C3CCCCC3)C2)CC1
C1CCC(C2CC3CCCC3C3CCC4CCCCCC4C23)CC1
C1CCC(CC2CCC3C(CC4CCCCC4)CCC3C2)CC1
C1CCC2CC(CC3CCCC4CCCC43)CCC2C1
C1CCC(CCC2CCC3C(CCC4C5CCCC5CC(CCC5CCCCC5)C34)C2)CC1
C1CCC2CC(C3CCCC4CCCC43)CCC2C1
C1CCC(C2CCC3CCC(C4CCCC4)C3C2)C1
C1CCC2CCC(C3CCCC4CCCC43)CC2CC1
C1CCC(CCCC2CCC3CCCC3C2)CC1
C1CCC(C2CCC(C3CC4CCCC4C4CCC5CCCCC5C34)CC2)CC1
C1CCC(C2CC3CCCC3C3CCC4CCCCC4C23)CC1
C1CCC(CC2CCCCC2CC2CC3CCCCC3C3CCC4CCCCCC4C23)CC1
C1CCC(C2CCC3CC4C(CCC5C6CCCC6CCC45)CC32)CC1
C1CCC2CCC3C4CCCCC4CCC3C2CC1
C1CCC(CCCCCC2CCCC3C(C4CCCCC4)CCC23)CC1
C1CCC(C2CCC3CCCC3C3CCC4CCCCCC4C23)CC1
C1CCC2C(C1)CCC1C3CCCC3CCC21
C1CC2CCCC2C(CC2CC3CCCCC3C3CCCC23)C1
C1CCC(C2CCC(CCCCCC3CCCC4CCCCC34)C2)CC1
C(CCC1CC2CCCCC2C1)CCC1CCCC2CCCC12
C1CCC(C2CCC3CC4C(CCCC45CCCC5)CCC32)CC1
C1CCC(CC2CCC3CC4C(CCC45CCCC5)CC23)CC1
C1CCC(C2CCC3CC4C(CCCC45CCCCC5)CC32)CC1
C1CCC2CC(CCCC3CCCC4C3CCC3C5CCCCC5CCC43)CC2C1
C1CCC(C2CCC(CCCC3CCC4C3CCC3C5CCCCCC5CCC43)C2)CC1
C1CCC(CCCCC2CC3CCCCC3C2)CC1
C1CCC(CCCC2CCC3C(CCC4CC(C5CCCCC5)CCC43)C2)CC1
C1CCC(CCCCC2CC3CCCCC3C2)CC1
C(CCC1CCCC2CCCC12)CC1CC2CCCCC2C1
C1CCC(CCCC2CCC3C(CCC3C3CCCCC3)C2)CC1
C1CCC2C(C1)CCC1C3CCCC3CCC21
C1CCC2CC(C3CCCC4CCCC43)CCC2C1
C1CCC(C2CCC3CC4C(CCCC45CCCCC5)CC32)CC1
C(CCCCC1CCC(C2CCCCC2)C1)CCCC1CCCCC1
C1CCC2CCC3C(CCC4C3CCC4(CCCC3CC4CCCCC4C3)CCC3CCCC3)C2CC1
C1CCC2CC(C3CCCC4CCCC43)CCC2C1
C1CCC2CCC3C4CCCCC4CC(CC4CCCC4)C3C2CC1
C1CCC(C2CCC(C3CC4CCCC4C4CCCC5CCCCC5C34)CC2)C1
C1CCC(CCCC2CCC3C(CCC4CCCCC43)C2)CC1
C1CCC2CC(CCCC3CCC4C3CCC3C5CCCCC5CCCC43)CC2C1
C(CCCCC1CCC(C2CCCCC2)C1)CCCC1CCCCC1
C1CCC(CC2CC3CCCCC3CC3CCC4CCCCC4C32)C1
C1CCC(CCC2(CCCCC3CC4CCCCC4C3)CCC3C4CCC5CCCCC5C4CCC32)C1
C1CCC2CC(CCCC3CCCC4C3CCC3C5CCCCC5CCC43)CC2C1
C1CCC(CC2CC3CCCCC3C3CCC4CCCCC4C3C2)CC1
C1CCC(CCC2CCC3C(CCC3C3CCCCC3)C2)CC1
C1CCC(CCC(CCC2CCC3CCCCC3C2)CC2CCCCC2)CC1
C1CCC2CC(C3CCCC4CCCC43)CCC2C1
C1CCC2CC(C3CCCC4CCCC43)C3CCCC3C2CC1
C1CCC(C2CC3CCCC3C3CCC4CCCCCC4C23)CC1
C1CCC(CCCCC2CC3CCCCC3C2)CC1
C1CCC2CCC(C3CCCC4CCCC43)CC2CC1
C1CCC2C(C1)CCC1CCCCC12
C1CCC(C2CCC3CC4C(CCC45CCCC5)CC32)CC1
C1CCC(CCC2CCC(CCC3CCCC(CC4CCCC4)C3)CC2)CC1
C1CCC2C(C1)CC(C1CCCC3CCCC31)C1CCCC21
C1CCC(CCC2CCC3C(CC4CCCCC4)CCC3C2)CC1
C1CCC(C2CC3CCCC3C3CCCC4CCCCC4C23)CC1
C1CCC(CCCCC2CCC3C2CCC2C4CCCCCC4CCC32)CC1
C1CCC(CCC2CCC3C(CCC3C3CCCCC3)C2)CC1
C1CCC(C2CC3CCCC3C3CCC4CCCCC4C23)CC1
C1CCC(CCCCCC2CC3CCCCC3C2)CC1
C(CCCC1CCCC2C(C3CCCCC3)CCC12)CCC1CCCCC1
C1CCC(CC2CCC3C(CCC3C3CCCCC3)C2)CC1
C1CCC2CC3CCC(C4CCCCC4)C3CC2CC1
C1CCC(C2CCC3CCCC3C3CCC4CCCCC4CC23)CC1
C1CCC(CC2CC3CCCCC3C3CCC4CCCCCC4C23)CC1
C1CCC(CC2CCC3CCCCC3C3CCC4CCCCC4C23)CC1
C1CCC(C2CCC3CC4C(CCC5C6CCC(CCCCC7CCC8CCCCC8C7)C6CCC45)CC32)CC1
C1CCC(CCCCCC2CC3CCCCC3C2)CC1
C1CCC(C2C3CCCC3CCC3CC4CCCC4CC32)CC1
C1CCC(C2CCC3CC4C(CC5CCC6CCCCC65)CCCC4CC32)CC1
C1CCC(C2CCC3CC4C(CCC5C6CCC(CCCC7CC8CCCCC8C7)C6CCC45)CC32)CC1
C1CCC(C2CCC3CC4C(CCC5C6CCC(CCCC7CC8CCCCC8C7)C6CCC45)CC32)CC1
C1CCC2C(C1)CCC1C3CCCC3CCC21
C1CCC(CCC2CCC3C(CCC3C3CCCCC3)C2)CC1
C1CCC2C(C1)CCCC1C3CCCC3CCC21
C(CCCC1CCCC2C(C3CCCCC3)CCC12)CCC1CCCCC1
C(CCCC1CCCC2CCCCC12)CCC1CCC(C2CCCCC2)C1
C1CCC(C2CC3CCCC3C3CCC4CCCCCC4C23)CC1
C(CCCC1CCCCC1)CCCC1CCC(C2CCCCC2)C1
C1CCC(CCCCC2CCC3CCCCC23)CC1
C1CCC(CCCC2CCCC3CCC(C4CCCC5CCCC54)CC3C2)CC1
C1CCC2CC(C3CCCC4CCCC43)CCC2C1
C1CCC(C2CCC3CCCC3C3CCC4CCCCCC4C23)CC1
C1CCC(CCC(CCC2CCC3CCCC3C2)CC2CCCCC2)CC1
C1CCC(C2CC3CCCC3C3CCC4CCCCCC4C23)CC1
C1CCC(CCCC2(CCCC3CC4CCCCC4C3)CCC3C4CCC5CCCCC5C4CCC32)C1
C1CCC(C2CCC3CC4C(CCC45CCCC5)CC32)CC1
C1CCC(C2CC3CCCC3C3CCC4CCCCCC4C23)CC1
C(CCC1CCC2CCCCC2C1)CC1CCCC2CCCCC2C1
C1CCC(C2CCCC3C(CCC4CCCCC43)C2)C1
C(CCCC1CCCC2C(C3CCCCC3)CCC12)CCC1CCCCC1
C1CCC(CCCCC2CC3CCCCC3C2)CC1
C1CCC(CCCCCC2CCC3CCCCC23)CC1
C1CCC(CCCCC2CC3CCCCC3C2)CC1
C1CCC(C2CC3CCCC3C3CCC4CCCCC4C23)CC1
C1CCC(CCCCCC2CC3CCCCC3C2)CC1
C1CCC2CCC(C3CCCC4CCCC43)CC2CC1
C1CCC2CC(CC3CCCC4CCCC43)CCC2C1
C1CCC(CCC2CCC3C(CCC4C5CCCC5CCC34)C2)CC1
C1CCC(C2CCC3CC4C(CC5CC6CCCCC6C5)CCCCC4CC32)CC1
C1CCC(CCCCCC2CCCCC2)CC1
C(CCC1CCCC2CCCCC12)CC1CCC2CCCCC2C1
C1CCC(CCC(CCCC2CCC3CCCC3C2)CCC2CCCCC2)CC1
C1CCC(CC2CC3CCCCC3C3CCC4CCCCC4C23)CC1
C1CCC2CC(CCCC3CCC4C3CCC3C5CCCCC5CCC43)CC2C1
C1CCC(CC2CC3CCCCC3C3CCC4CCCCC4C23)C1
C1CCC(CCCC2CCC3C2CCC2C4CC5CCC(C6CCCCC6)C5CC4CCC32)CC1
C1CCC(C2CCC3CC4C(CCCC45CCCC5)CC32)CC1
C1CCC2C(C1)CCC1C3CCCC3CCC21
C(CCCC1CCCC2C(C3CCCCC3)CCC12)CCC1CCCCC1
C1CCC(CCCC(CCC2CCC3CCCC3C2)CC2CCCCC2)CC1
C1CCC(CCCCC2CC3CCCCC3C2)CC1
C(CCCC1CCCC2C(C3CCCCC3)CCC12)CCC1CCCCC1
C1CCC(CC2CC3CCCCC3C3CCC4CCCCC4C23)CC1
C1CCC2C(C1)CCC1C3CCCC3CCC21
C1CCC(CCCC2CCC3C(CCC4C5CCCC5CCC34)C2)CC1
C1CCC(C2CC3CCCC3C3CCC4CCCCCC4C23)CC1
C1CCC(C2CCC3CCC4C(CC5CC6CCCCC6C5)CCCC4CC32)CC1
C1CCC(CCCCC2CC3CCCCC3C2)CC1
C1CCC2CCC3CCCCC3C2CC1
C1CCC2CCC3C4CCCCC4CC(CC4CCCC4)C3C2CC1
C1CCC(CCCCCC2CCC3CCCCC23)CC1
C1CCC2CCC(C3CCCC4CCCC43)CC2CC1
C1CCC(CCCC2CCC3C(CCC3C3CCCC(CC4CCCC4)C3)C2)CC1
C1CCC(CCCCCC2CCC3CCCCC23)CC1
C1CCC2C(C1)CCCC1CCCCC12
C1CCC(C2CC3CCCC3C3CCC4CCCCC4C23)CC1
C1CCC2CC(CCCC3CCC4C3CCC3C5CCCCC5CCCC43)CC2C1
C1CCC(C2CCC3CCC4CCCCC4C3CC2)C1
C1CCC(CCCCCC2CCC3CCCCC23)CC1
C1CCC(C2CC3CCCC3C3CCC4CCCCCC4C23)CC1
C(CCCCC1CCC2C(CCC3C4CCCC4CCC23)C1)CCCC1CCCC(CC(CCC2CCC(CC3CCCCC3)CC2)C2CCCCC2)C1
C1CCC(CC(CC2CCCCC2)C2CCCCC2)CC1
C1CCC(CCCCCC2CCCC3C(C4CCCCC4)CCC23)CC1
C1CCC(C2CCC3C(CCCC4CCCCC43)C2)CC1
C1CCC(CCCC2CCC3CCC(C4CCCC5CCCC54)CC3C2)CC1
C(CCCC1CCCC2C(C3CCCCC3)CCC12)CCC1CCCCC1
C(CCC1CCC2CCCCC2C1)CCC1CCCC2CCCCC12
C1CCC(CC2CC3CCCCC3C3CCC4CCCCC4C23)CC1
C1CCC(CCCCCC2CCCCC2)CC1
C1CCC(CCCCC2CC3CCCCC3C2)CC1
C(CCCC1CCCC2C(C3CCCCC3)CCC12)CCC1CCCCC1
C1CCC(CCCCC2CC3CCCCC3C2)CC1
C1CCC(CC2CCCC(CCC3CCC(CCC4CCC(C5CC5)CC4)CC3)C2)C1
C1CCC(C2CCC3CC4C(CCC45CCCCC5)CC32)CC1
C1CCC2C(C1)CCC1C3CCCC3CCCC21
C1CCC(C2CCC3CC4C(CCC5CCC6CCCCC65)CCCC4CC32)CC1
C1CCC(C2CCC(C3CC4CCCC4C4CCC5CCCCC5C34)CC2)C1
C1CCC(C2CCC3CC4C(CCC5C6CCCC(CCCC7CC8CCCCC8C7)C6CCC45)CC32)CC1
C1CCC2CC(C3CCCC4CCCC43)CCC2C1
C(CCCC1CCCC2CCCCC12)CCC1CCC(C2CCCCC2)C1
C1CCC(CCCCC2CC3CCCCC3C2)CC1
C(CCC1CCCC2CCCC12)CC1CC2CCCCC2C1
C1CCC2C(C1)CCC1C2CCCC2C3CCCC3CC21
C1CCC(C2CCC3CC4C(CCCC45CCCC5)CC32)CC1
C1CCC(C2CCC3CC4C(CCC32)CCC42CCCC2)CC1
C1CCC(CCC2CCC3C(CCC3C3CCCCC3)C2)CC1
C(CCC1CCCC2CCCC12)CC1CCCC2CCCCC12
C1CCC(C2CCC3CC4C(CCC32)CCC2C3CCC(CCCC5CC6CCCCC6C5)C3CCC42)CC1
C(CCCC1CCCCC1)CCCC1CCC(C2CCCCC2)C1
C1CCC(CCCCCC2CC3CCCCC3C2)CC1
C(CCC1CCC2C1CCC1C3CCCCC3CCC21)CC1CCC2CCCCC2C1
C1CCC(CCCC2CCC(C3CC3)CC2)CC1
C1CCC2CC(CCCC3CCC4C3CCC3C5CCCCC5CCCC43)CC2C1
C1CCC2C(C1)CCC1C3CCCCC3CCC21
C1CCC(C2CC3CCCC3C3CCC4CCCCCC4C23)CC1
C1CCC(C2CCC3CC4C(CCC45CCCC5)CC32)CC1
C1CCC(CCC2CCC3C(CCC3C3CCCCC3)C2)CC1
C1CCC2CCC(C3CCCC4CCCC43)CC2CC1
C1CCC(CCCCCC2CCCC3C(CC4CCCC(CC5CC5)C4)CCC23)CC1
C1CCC(CCC2CCCC3CCC4C(CCC4C4CCCCC4)CC23)CC1
C1CCCC(C2CCC3CC4C(CCC5C6CCC(CCCC7CC8CCCCC8C7)C6CCC45)CC32)CC1
C1CCC(CCCCC2CC3CCCCC3C2)CC1
C1CCC(CCCC2CCC(CCC3CCCCC3)CC2)CC1
C1CCC(C2CC3CCCC3C3CCCC4CCCCC4C23)CC1
C1CCC(CCCCC2CCC3CCCCC23)CC1
C1CCC(CCCC2CCC3C(CCC3C3CCCCC3)C2)CC1
C1CCC(CCCCCC2CCC3C(CCC3C3CCCCC3)C2)CC1
C1CCC2C(C1)CCC1C3CCCC3CCC21
C1CCC(C2CC3CCCC3C3CCC4CCCCC4C23)CC1
C1CCC2C(C1)CCC1C2CCC2C3CCCCC3CC21
C1CCC2CCC3C4CCCC4CCC3C2CC1
C1CCC(CCCCCC2CCC3CCCCC23)CC1
C1CCC(C2CCC3CC4C(CCC45CCCC5)CC32)CC1
C(CCC1CCCC2CCCCC12)CC1CCC2CCCCC2C1
C(CCC1CCCC1)CCC1CCCCC2CCCCC12
C1CCC(CCC2CCC3C(CCCC4CCCCC43)C2)CC1
C1CCC(CCCCC2CC3CCCCC3C2)CC1
C1CCC(CCC2CCC3C(CCC3C3CCCCC3)C2)CC1
C1CCC(CCCC2CCC3C(CCC3C3CCCCC3)C2)CC1
C1CCC2CC(C3CCCC4CCCC43)CCC2C1
C1CCC2CC(C3CCCC4CCCC43)C3CCCC3C2CC1
C1CCC(C2CCC3C(CCC4CCCCC43)C2)CC1
C1CCC(C2CCC3CC4C(CCC5C6CCC(CCCC7CCC8CCCCC8C7)C6CCCC45)CC32)CC1
C1CCC(CC2CC3CCCCC3C3CCC4CCCCC4C23)C1
C1CCC(CCCC2CCC3CCC(C4CCCC5CCCC54)CC3C2)CC1
C1CCC(C2CCC3CCCC3C3CCC4CCCCC4C23)CC1
C1CCC(CCCCCC2CC3CCCCC3C2)CC1
C1CCC(CCC2CCCC3CC4C(CCC23)CCC4C2CCCCC2)CC1
C1CCC(CCCC(CC2CC3CCCCC3C2)C2CC2)CC1
C1CCC(CCCC2CCCC3CCC(C4CCCC5CCCC54)CC3C2)CC1
C1CCC2CC(CCCC3CCC4CC5CCC6CCCCC6C5CCC34)CC2C1
C1CCC(C2CCC3CC4C(CCCC5CC5)CCCCC4CC32)CC1
C(CCC1CCCC2CCCC12)CC1CC2CCCCC2C1
C1CCC(CCCCCC2CCCC3C(C4CCCCC4)CCC23)CC1
C1CCC(CCCCCC2CCCC3C(C4CCCCC4)CCC23)CC1
C1CCC(C2CCC3C(CCC4CC4)CCC3C3CCC4CCCCC4C23)CC1
C(CCC1CCCC2CCCC12)CC1CCCC2CCCCC12
C1CCC(C2CCC3CCCC3C3CCC4CCCCC4C23)CC1
C1CCC(C2CC3CCCC3C3CCC4CCCCCC4C23)CC1
C1CCC(CC2CC3CCCCC3C3CCC4CCCCC4C23)C1
C(CCC1CCCC2CCCC12)CC1CC2CCCCC2C1
C1CCC(CC2CC3CCCCC3C3CCC4CCCCC4C23)C1
C(CCC1CCC2CCCCC2C1)CCC1CCCC2CCCCC12
C1CCC(C2CCC3CCCC3C3CCC4CCCCC4C23)CC1
C1CCC(CCCC2CCC3CCC(C4CCCC5CCCC54)CC3C2)CC1
C1CCC(CCCCCC2CCC3CCCCC23)CC1
C1CCC(CCCCCC2CCC3CCCCC23)CC1
C1CCC(CC2CCC(CC(CC3CCCCC3)C3CCCCC3)CC2)CC1
C1CCC(CCC2CCC3C(CCC4C5CCCC5CCC34)C2)CC1
C1CCC(CCC2CCC3C(CCC4CC(C5CCCCC5)CCC43)C2)CC1
C1CCC(CC2CC3CCCCC3C3CCC4CCCCC4C3C2)C1
C1CCC2CCC(C3CCC4CCCCC43)CC2CC1
C1CCC2CC(CC3CCCC4CCCC43)CCC2C1
C1CCC(CC2CC3CCCCC3C2CC2CCCCC2)CC1
C1CCC(CCCCCC2CCCC3C(C4CCCCC4)CCC23)CC1
C(CCC1CCCC2CCCC12)CC1CC2CCCCC2C1
C1CCC(CCC2CCC3C(CCC3C3CCCC(CCC4CCCC4)C3)C2)CC1
C1CCC(C2CCC3CC4C(CCCCC45CCCC5)CC32)CC1
C1CCC(CCCCC2CCC3CCCCC23)CC1
C(CCCC1CCCC2C(C3CCCCC3)CCC12)CCC1CCCCC1
C1CCC(CC2CCCC(C3CCC4CC(CCC5CCC6CCCCC6C5)CCC43)C2)C1
C1CCC(CCCCCC2CCCC3C(C4CCCCC4)CCC23)CC1
C1CCC(CCCCCC2CCC3CCCCC23)CC1
C1CCC(CCCCC2CCC3CCCCC23)CC1
C1CCC(CCCCC2CC3CCCCC3C2)CC1
C1CCC(C2CCC3CC4C(CCC45CCCCC5)CC32)CC1
C(CCC1CCCCC2CCCCC12)CC1CCC2CCCCC2C1
C1CCC(CCC(CCC2CCC3CCCC3C2)CC2CCCCC2)CC1
C1CCC(CCCCC2CC3CCCCC3C2)CC1
C1CCC(C2CCCC(CC3CCC4CCCCC4C4CCC5CCCCC5C34)C2)C1
C1CCC(CCCC2CCC3C(CCC4C5CCCC5CC(CCC5CCCCC5)C34)C2)CC1
C1CCC(C2CCC3CCCCC3C3CCC4CCCCC4C23)CC1
C1CCC(CCCC2CCC3C2CCC2C4CC5CCC(C6CCCCCC6)C5CC4CCC32)CC1
C1CCC2CC(C3CCCC4CCCC43)CCC2C1
C1CCC2C(C1)CCC1C3CCCC3CCC21
C1CCC2CC(C3CCCC4CCCC43)CCC2C1
C1CCC(CCCCCC2CCC3CCCCC23)CC1
C1CCC(C2CC3CCCC3C3CCC4CCCCC4C23)CC1
C1CCC(CCCC2CCCC(C3CCC4CC(CCC5CCC6CCCCC6C5)CCC43)C2)CC1
C1CCC2C(C1)CCCC1C3CCCC3CCC21
C1CCC2CC(C3CCCC4CCCC43)CCC2C1
C1CCC(CC2CC3CCCCC3C3CCC4CCCCC4C23)CC1
C1CCC2C(C1)CCC1C3CCCC3CCC21
C1CCC(C2CC3CCCC3C3CCC4CCCCCC4C23)CC1
C1CCC(C2CCC3C(CCCC4CCCCC43)C2)CC1
C1CCC(C2CC3CCCC3C3CCC4CCCCC4C23)CC1
C1CCC2CC(C3CCCC4CCCC43)CCC2C1
C1CCC(C2CC3CCCC3C3CCC4CCCCCC4C23)CC1
C1CCC(CCCCC2CC3CCCCC3C2)CC1
C1CCC(CCCC2CCC3C2CCC2C4CCCCC4CCC32)C1
C1CCC2C(C1)CCC1CCCCC12
C1CCC(CC2CCCC2CC2CC3CCCCC3C3CCC4CCCCCC4C23)CC1
C1CCC(CCCCC2CCC3CCCC3C2)CC1
C1CCC(CC2CCC(C3CCC4CCCC4C4CCC5CCCCC5C34)CC2)CC1
C1CCC(CC2CC3CCCCC3C3CCC4CCCCC4C23)CC1
C1CCC(C2CC3CCCC3C3CCC4CCCCC4C23)CC1
C1CCC(CCCCC2CCC3CCCCC23)CC1
C(CCCC1CCCC2C(C3CCCCC3)CCC12)CCC1CCCCC1
C1CCC(CCC2CCCCC3CC4C(CCC4C4CCCCC4)CC23)CC1
C(CCCCC1CCC(C2CCCCC2)C1)CCCC1CCCCC1
C1CCC(C2CC3CCCC3C3CCC4CCCCCC4C23)CC1
C(CCC1CCCC2CCCC12)CC1CC2CCCCC2C1
C1CCC(CCC2CCC(C3CCC4C(CCC4C4CCCCC4)C3)CC2)CC1
C1CCC2CC(CCCC3CCCC4C3CCC3C5CCCCC5CCC43)CC2C1
C1CCC2C(C1)CCCC2CCCC1CCCC2CCCCC21
C1CCC2C(C1)CCCC2CCCC1CCC2C1CCC1C3CCCCC3CCC21
C1CCC2C(C1)CCC1CCCCC12
C1CCC(CCCCC2(CCC3CCCC3)CCC3C4CCC5CCCCC5C4CCC32)C1
C(CCC1CCCCC2CCCCC12)CC1CCC2CCCCC2C1
C1CCC(CCC2CCC3C(CCC3C3CCCC(CC4CCCC4)C3)C2)CC1
C1CCC(C2CCC3CC4C(CCCC5CC5)CCCC4CCC32)CC1
C1CCC(CCC2CCC(C3CC3)CC2)CC1
C1CCC(C2CCC3CC4C(CCCC45CCCCC5)CC32)CC1
C1CCC(CCCC2CCC3C(CCC3C3CCCC(CC4CCCC4)C3)C2)CC1
C1CCC(C2CC3CCCC3C3CCC4CCCCC4C23)CC1
C1CCC(CCC(CCC2CC3CCCCC3C2)C2CC2)CC1
C1CCC(CCCCC2CCC3CCC(C4CCCC5CCCC54)CC3C2)CC1
C1CCC(CCCCCC2CCCC3CCCC23)CC1
C1CCC(CCCCC2CC3CCCCC3C2)CC1
C1CCC(CC2CCC(CC(CC3CCCCC3)C3CCCCC3)CC2)CC1
C1CCC2C(C1)CCC1C3CCCC3CCC21
C1CCC(CC2CC3CCCCC3CC3CCC4CCCCC4C32)CC1
C(CCC1CCCC2CCCCC12)CCC1CCCC2CCCC12
C1CCC(C2CCC3CC4(CCCCCC4C4CCCCC4)CCC32)CC1
C(CCCC1CCCC2C1CCC2C1CCCC(CC2CC2)C1)CCC1CCCCC1
C1CCC(CCCCCC2CCCC3C(C4CCCCC4)CCC23)CC1
C1CCC(CCCCCC2CCCC3CCCC23)CC1
C1CCC(CCCCCC2CCCC3C(C4CCCCC4)CCC23)CC1
C(CCCC1CCCCC1)CCCC1CCC(CC2CCCCC2)C1
C1CCC(CCCCC23CCCC2CC2C4CCC5CCCCC5C4CCC23)C1
C1CCC(C2CCC3CC4C(CCC45CCCCCC5)CC32)CC1
C1CCC(C2CC3CCCC3C3CCC4CCCCC4C23)CC1
C1CCC(CCCCCC2CCC3CCCC3C2)CC1
C1CCC(CCCCC2CC3CCCCC3C2)CC1
C1CCC2C(C1)CCC1C3CCCC3CCC21
C1CCC(CC2CC3CCCCC3C3CCC4CCCCCC4C23)CC1
C1CCC(C2CC3CCCC(C3)C3CCC4CCCCC4C32)CC1
C1CCC2C(C1)CCC1C3CCCC3CCC21
C1CCC2CC(CC3CCCC4CCCC43)CCC2C1
C(CCC1CCCC2CCCCC12)CC1CCCC2CCCCC12
C1CCC(CCC2CCC(C3CCC4C(CCC4C4CCCCC4)C3)CC2)CC1
C1CCC(C2CCC3CC4C(CCC5C6CCC(CCCCC7CC8CCCCC8C7)C6CCC45)CC32)CC1
C(CCC1CCC2C1CCC1C3CCCCC3CCC21)CC1CC2CCCCC2C1
C1CCC(C2CCC3CC(CC4CCC(CCC5CCCC5)CC4)CCC32)CC1
C1CCC(CCC2CCC3C(CCC3C3CCCCC3)C2)CC1
C1CCC(CCCCC2CC3CCCCC3C2)CC1
C1CCC(CCCCC2CC3CCCCC3C2)CC1
C(CCC1CCCC2CCCCC12)CC1CCCC2CCCCC12
C(CCC1CCC2C1CCC1C3CCCCC3CCC21)CC1CC2CCCCC2C1
C(CCCC1CCCC2C(C3CCCCC3)CCC12)CCC1CCC(C2CCCC2)C1
C1CCC2C(C1)CCC1C3CCCCC3CCC21
C1CCC(CCCCCC2CCCC3CCCC23)CC1
C1CCC(CCCCCC2CCCC3C(C4CCCCC4)CCC23)CC1
C(CCC1CCC2CCCC2C1)CC1CCC(C2CCCC2)CC1
C1CCC2CCC3C4CCCCC4CCC3C2CC1
C1CCC(C2CCC3CC4C(CCCC45CCCCC5)CC32)CC1
C(CCC1CCC2C1CCC1C3CCCCC3CCC21)CC1CC2CCCCC2C1
C1CCC(CCCCCC2CCCC3C(C4CCCCC4)CCC23)CC1
C1CCC(CCCC2CCC3C2CCCC2C4CC5CCC(C6CCCCC6)C5CC4CCC32)CC1
C(CCCC1CCCCC1)CCCC1CCC(C2CCCCC2)C1
C1CCC(CCC2CCC3C(CCC3C3CCCC3)C2)CC1
C(CCC1CCC2CCCCC2C1)CCC1CCCC2CCCC12
C(CCCC1CCCC2C(C3CCCCC3)CCC12)CCC1CCCCC1
C1CCC(CCCCCC2CCC3CCCCC23)CC1
C1CCC(C2CCC(CCCCCC3CCCC4CCCCC34)C2)CC1
C1CCC2CC3CCC(C4CCCCC4)C3CC2CC1
C1CCC(CCC2CCC3C(CCC3C3CCCCC3)C2)CC1
C1CCC(C2CCC3CC4C(CC5CCC6CCCCC65)CCCCC4CC32)CC1
C1CCC(CCC2CCC3C(CCC4C5CCCC5CCC34)C2)CC1
C1CCC2CC(CCCC3CCC4C3CCC3C5CCCCC5CCC43)CC2C1
C1CCC2CCC(C3CCCC3)CC2CC1
C1CCC(CC2CC3CCCCC3C3CCC4CCCCC4C23)C1
C1CCC(C2CCC3CC4C(CCCC5C6CCC(CCCC7CCC8CCCCC8C7)C6CCC45)CC32)CC1
C1CCC2C(C1)CCC1C3CCCC3CCC21
C(CCC1CCC2C1CCC1C3CCCCC3CCC21)CC1CC2CCCCC2C1
C1CCC(C2CCC3C(CCC4CCCCC43)C2)CC1
C1CCC(CCCC2CCCC(C3CCC4CC(CCC5CCC6CCCCCC6C5)CCC43)C2)CC1
C1CCC(CCCCC2CC3CCCCC3C2)CC1
C1CCC2CCC3C4CCC(CCCC5CCC6CCCCC6C5)C4CCC3C2CC1
C1CC2CCC3C(CCC4CCCCC43)CC2C1
C1CCC(CCCCC2CC3CCCCC3C2)CC1
C1CCC(CCC2CCC(C3CCCC4C(CC5CCCCC5)CCC34)C2)CC1
C1CCC(CC2CC3CCCCC3C3CCC4CCCCC4C23)CC1
C(CCC1CCCC2CCCCC12)CCC1CCCC2CCCCC12
C1CCC(C2CCC3CC4C5CCC6C(CCCC7CCC8CCCCC8C7)CCC6C(CCC4CC32)C5)CC1
C(CCCC1CCCC2C(C3CCCCC3)CCC12)CCC1CC1
C1CCC2CC(CCCC3CCCC4C3CCC3C5CCCCC5CCC43)CC2C1
C1CCC(CC2CCC3CC4C(CCC45CCCCC5)CC23)CC1
C1CCC(CCC2CCC3C(CCC3C3CCCCC3)C2)CC1
C1CCC(CCCCCC2CCCC3C(C4CCCCC4)CCC23)CC1
C1CCC(CCCCCC2CC3CCCCC3C2)CC1
C1CCC(CCC(CCC2CCC3CCCC3C2)CC2CCCCC2)CC1
C1CCC(CCCCC2CCCCC3CCC(C4CCCCC4)CC23)CC1
C(CCC1CCCC2CCCC12)CC1CC2CCCCC2C1
C(CCC1CCCC2CCCCC12)CC1CCCC2CCCCC12
C1CCC(CCCC2CCC3C2CCC2C4CC5CCC(C6CCCCCC6)C5CC4CCC32)CC1
C(CCC1CCCC2CCCC12)CC1CC2CCCCC2C1
C1CCC2C(C1)CCC1CCCCC12
C1CCC2CCC3C4CCCCC4CC(CC4CCCC4)C3C2CC1
C(CC1CCC(C2CCCC2)CC1)CC1CCC2CCCC2C1
C1CCC(C2CC3CCCC3C3CCC4CCCCCC4C23)CC1
C1CCC2C(C1)CCCC2CCCC1CCC2C1CCC1C3CCCCC3CCCC21
C1CCC(C2CCC3CC4C(CC5CCC6CCCCC65)CCCCC4CC32)CC1
C1CCC(C2CCC3C(CCC4CCCCC43)C2)CC1
C1CCC(C2CC3CCCC3C3CCC4CCCCC4C23)CC1
C(CCCCCCC1CCC2C1CCC1C3CCCCC3CCCC21)CCCCCC1CCC(CCC2CCC(CCC3CCCC3)C2)C1
C1CCC(CCC2CC3CCCCC3C3CCC4CCCCC4C23)CC1
C1CCC(CCC2CCC(C3CCC4C(CCC4C4CCCCC4)C3)CC2)CC1
C1CCC2CCC3C4CCCC4CCC3C2CC1
C1CCC(CCCCC2CC3CCCCC3C2)CC1
C1CCC2CCC(C3CCCC4CCCC43)CC2CC1
C1CCC2C(C1)CCCC2CCCC1CCCC2CCCCC21
C1CCC(CCCCCC2CCCC3C(C4CCCCC4)CCC23)CC1
C1CCC(C2CCC3CC4C(CCC32)CCC2C3CCCC3CCC42)CC1
C1CCC(C2CCC3CC4C(CCCC45CCCC5)CC32)CC1
C1CCC(CCC(CCC2CCC3CCCC3C2)CC2CCCCC2)CC1
C1CCC(C2CC3C(CCC4CC4)CCC3C3CCC4CCCCC4C23)CC1
C(CCC1CCCC2CCCCC12)CC1CCC2CCCCC2C1
C1CCC(C2CCC3CCC4C(CCC45CCCCC5)CC32)CC1
C(CCC1CCC2CCCCC2C1)CCC1CCCC2CCCC12
C1CCC(C2CCC(CCCCCC3CCCC4CCCCC34)C2)CC1
C1CCC(CC2CCC3C(CCC3C3CCCCC3)C2)CC1
C1CCC(CCC2CCC3C(CCC3C3CCCCC3)C2)CC1
C1CCC2CC(C3CCCC4CCCC43)CCC2C1
C1CCC(CCC2CC3CCCC3C3CCCC4CCCCC4C23)CC1
C1CCC(CCC2CCC3C(CCC4CCCCCC43)C2)CC1
C1CCC(CCCCCC2CCC3CCCCC23)CC1
C1CCC(C2CCC3CC4C(CC5CCC6CCCCC65)CCCC4CC32)CC1
C(CCC1CCC2C1CCC1C3CCCCC3CCC21)CC1CC2CCCCC2C1
C1CCC(CCCCCC2CCCC3C(C4CCCCC4)CCC23)CC1
C1CCC2CCC3C(CCC4C5CCCC5CC43)C2CC1
C1CCC(C2CCC3CC4C(CCCC45CCCCC5)CC32)CC1
C(CCC1CCCCC2CCCCC12)CC1CCC2CCCCC2C1
C1CCC2CCC3C4CCCC4CCC3C2CC1
C1CCC(CCCCC2CC3CCCCC3C2)CC1
C1CCC(C2CC3CCCC3C3CCC4CCCCC4C23)CC1
C1CCC(CC2CCC3C(CCC3C3CCCCC3)C2)CC1
C1CCC2C(C1)CCC1C3CCCC3CCC21
C1CCC2CC(CCCC3CCC4C3CCC3C5CCCCC5CCC43)CCC2C1
C1CCC(CCCCCC2CCCC3C(C4CCCCC4)CCC23)CC1
C1CCC(CC2CC3CCCCC3C3CCC4CCCCC4C3C2)CC1
C1CCC(C2CC3CCCCC3C3CCCCC3C2)C1
C(CCCC1CCCCC1)CCCC1CCC(C2CCCCC2)C1
C1CCC2CC(C3CCCC4CCCC43)CCC2C1
C1CCC(C2CCC3CC4C(CCC5C6CCC(CCCC7CC8CCCCC8C7)C6CCCC45)CC32)CC1
C1CCC2C(C1)CCC1C3CCCC3CCC21
C1CCC(CCC2CCC3C(CCC4CCC(C5CCCCC5)CCC43)C2)CC1
C1CCC(C2CCC3CC4CCCCC4CC32)CC1
C1CCC(C2CCC3CC4C(CCC32)CCC2C3CCC(CCCC5CCC6CCCCC6C5)C3CCC42)CC1
C1CCC2C(C1)CCC1C2CCC2C3CCCC3CC21
C1CCC2CCC(C3CCCC4CCCC43)CC2CC1
C1CCC(C2CC3CCCC3C3CCCC4CCCCC4C23)CC1
C(CCCC1CCCCC1)CCCC1CCC(C2CCCCC2)C1
C1CCC(C2CC3CCCC3C3CCC4CCCCC4CC23)CC1
C(CCC1CCC2CCCCC2C1)CCC1CCCC2CCCCC12
C1CCC(CCC2CCCC3CC4C(CCC23)CCC4C2CCCCC2)CC1
C1CCC2CCC3C4CCC(CCCC5CC6CCCCC6C5)C4CCC3C2CC1
C1CCC(CCC2CCC(CCC3CCCC(CC4CCCC4)C3)CC2)CC1
C1CCC(CCCCC2CCCC3CCC(C4CCCC5CCCC54)CC23)CC1
C1CCC(CCCC(CCC2CCC3CCCC3C2)CC2CCCCC2)CC1
C1CCC(C2CC3CCCCC3C3CCCCC3C2)CC1
C1CCC(CC2CCC(CC(CC3CCCCC3)C3CCCCC3)CC2)CC1
C1CCC2CC(CCCC3CCCC4C3CCC3C5CCCCC5CCC43)CC2C1
C1CCC(CC2CCCCC2CC2CC3CCCCC3C3CCC4CCCCCC4C23)CC1
C1CCC(CCCCC2CCC3CCC(C4CCCC5CCCC54)CC3C2)CC1
C1CCC(C2CC3CCCC3CC3CCC4CCCCC4C32)CC1
C1CCC(CCCC(CC2CC3CCCCC3C2)C2CCCC2)CC1
C(CCC1CCC2CCCCC2C1)CCC1(C2CCCC2)CCCC2CCCCC21
C1CCC(CCCCC2CC3CCCCC3C2)CC1
C1CCC(CCCCCC2CCCC3C(C4CCCCC4)CCC23)CC1
C1CCC(CC2CCC3C(CC4CCCCC4)CCC3C2)CC1
C1CCC(C2CCC3CC4CCCCC4CC32)CC1
C1CCC2CC(CCCC3CCCC4C3CCC3C5CCCCC5CCC43)CCC2C1
C1CCC(CCC2CCC3C(CCC3C3CCCCC3)C2)CC1
C1CCC(C2CCC3CC(C4CCC(CCC5CCCC5)CC4)CCC32)CC1
C1CCC(C2CCC3CC(C4CCC(CCC5CCCC5)CC4)CCC32)CC1
C1CCC(C2CC3CCCC3C3CCC4CCCCC4CC23)CC1
C1CCC(C2CCC(C3CC4CCCC4CC4CCC5CCCCC5C43)CC2)C1
C1CCC2C(C1)CCC1C3CCCC3CCC21
C1CCC(C2CCC3C(CCC4CCCCC43)C2)CC1
C1CCC(C2C3CCCCC3CC3CC4CCCC4CC32)CC1
C1CCC(C2CCC3C(CCCC4CCCCC43)C2)CC1
C1CCC(CCC2CCC3C(CCC3C3CCCCC3)C2)CC1
C1CCC(CCC2CCC3C(CCC4CCCCC43)C2)CC1
C1CCC(C2CCC3(CCCC4CC5C(CCC5C5CCCCC5)CC43)C2)CC1
C1CCC(CCCCC2CC3CCCCC3C2)CC1
C1CCC2CCC(C3CCCC4CCCC43)CC2CC1
C1CCC(C2CCC3CC4C(CCCC45CCCCC5)CC32)CC1
C1CCC2C(C1)CCC1C3CCCC3CCCC21
C1CCC2CC3CCC(C4CCCCC4)C3CC2CC1
C1CCC(CCCCCC2CC3CCCCC3C2)CC1
C1CCC(CCCCC2CCCCC3CCC(C4CCCCC4)CC23)CC1
C(CCCCC1CCC(C2CCCCC2)C1)CCCC1CCCCC1
C1CCC(C2CCC3CCC4C(CCCC45CCCC5)CC32)CC1
C1CCC(CC2CCC(CC(CC3CCCCC3)C3CCCCC3)CC2)CC1
C1CCC2C(C1)CCC1C3CCCC3CCC21
C1CCC(CCCCCC2CCCC3C(C4CCCCC4)CCC23)CC1
C1CCC(C2CCC3CC4CCCCC4CC32)CC1
C1CCC2CC(C3CCCC4CCCC43)CCC2C1
C1CCC(CCCCC2C3CCCCC3CCC2C2CCCC3CCCC32)CC1
C1CCC(C2CCC3CC4C(CCCC45CCCC5)CCC32)CC1
C1CCC(CCC2CCC3C(CCC3C3CCCCC3)C2)CC1
C1CCC2CC(CC3CCCC4CCCC43)CCC2C1
C1CCC(CCC2CC3CCCCC3C3CCC4CCCCC4C23)CC1
C1CCC(C2CCC3CCC4CCCCC4C3CC2)CC1
C1CCC2C(C1)CCC1CCCCC12
C1CCC2C(C1)CCC1CCCCC12
C1CCC(C2CCC3CC4C(CCCC45CCCCC5)CC32)CC1
C1CCC2CC3CCC4CCCC4C3CCC2C1
C1CCC2C(C1)CCC1C3CCCC3CCC21
C1CCC(C2CC3CCCC3C3CCC4CCCCC4CC23)CC1
C1CCC2CCC3C4CCCC4CCC3C2CC1
C1CCC(CCCCCC2CC3CCCCC3C2)CC1
C(CCCC1CCCC2C(C3CCCCC3)CCC12)CCC1CC1
C(CCCC1CCCCC1)CCCC1CCC(C2CCCCC2)C1
C1CCC(CC2CC3CCCCC3C3CCC4CCCCC4C23)C1
C(CCCC1CCCCC1)CCC1CCCCC1
C1CCC(C2CCC3CCC(C4CCCC4)CC32)CC1
C(CCCC1CCCC2C(C3CCCCC3)CCC12)CCC1CCCCC1
C1CCC(C2CCC3C(CCCC4CCCCC43)C2)CC1
C1CCC(CCCCCC2CCC3C(CCC3C3CCCCC3)C2)CC1
C1CCC2CC(CCCC3CCC4C3CCC3C5CCCCC5CCC43)CCC2C1
C1CCC(C2CCC3(CCC4CCC5C(CCC5C5CCCCC5)CC43)C2)CC1
C1CCC(CCC(CC2CCC(CC3CCCCC3)CC2)C2CCCCC2)CC1
C1CCC(CCC2CCC3C2CCC(C2CCCCC2)C2C4CCCCCC4CCC32)CC1
C1CCC(C2CC3CCCC3C3CCC4CCCCC4C23)CC1
C1CCC2CCC3C4CCCC4CCC3C2CC1
C1CCC(CCC2CCCC3C2CCC(C2CCCCC2)C2C4CCCCC4CCC32)CC1
C1CCC2C(C1)CCCC2CCCC1CCCC2CCCCC21
C1CCC(CCC2CCC3C(CCC3C3CCCCC3)C2)CC1
C1CCC(C2CCC3CC4C(CCC5CCC6CCCCC65)CCCC4CC32)CC1
C1CCC2CCC(C3CCCC4CCCC43)CC2CC1
C1CCC(CCC(CC2CCC(CC3CCCCC3)CC2)C2CCCCC2)CC1
C1CCC(CC2CCC(CC(CC3CCCCC3)C3CCCCC3)CC2)CC1
C1CCC(CCCC2CCC3CCCC3C2)CC1
C1CCC2CC(C3CCCC4CCCC43)CCC2C1
C1CCC(C2CCC3CC4C(CCCC45CCCC5)CC32)CC1
C1CCC(CCCCC2CC3CCCCC3C2)CC1
C1CCC(CCCCCC2CCCC3C(C4CCCCC4)CCC23)CC1
C1CCC2C(C1)CCC1C3CCCCC3CCCC21
C1CCC2CC(CCCC3CCC4C3CCC3C5CCCCC5CCC43)CC2C1
C1CCC(CCCCC2CC3CCCCC3C2)CC1
C(CCCC1CCCC2CCCCC12)CCC1CCC(C2CCCCC2)C1
C1CCC(CCCC2CCC(CCC3CCCC(CC4CCCC4)C3)CC2)CC1
C1CCC(CCCCCC2CCCC3C(C4CCCCC4)CCC23)CC1
C1CCC(C2CC3CCCCC3C3CCCCC23)CC1
C1CCC2CC(C3CCCC4CCCC43)CCC2C1
C1CCC(CC2CCC3C(CCC3C3CCCCC3)C2)CC1
C(CCCCC1CCC(C2CCCCC2)C1)CCCC1CCCCC1
C1CCC2C(C1)CCC1C2CCC2C3CCCC3CCC21
C1CCC(C2CC3CCCC3C3CCC4CCCCCC4C23)CC1
C1CCC(CCCCCC2CC3CCCCC3C2)CC1
C1CCC(CCC(CCC2CCC3CCCC3C2)CC2CCCCC2)CC1
C1CCC(CC2CCCC2CC2CC3CCCCC3C3CCC4CCCCC4C23)CC1
C1CCC(CCC2CCC(C3CCC4C(CCC4C4CCCCC4)C3)CC2)CC1
C(CCC1CCCC2CCCCC12)CC1CC2CCCCC2C1
C1CCC(CCCCCC2C3CCCCC3CCC2C2CCCC3CCCC32)CC1
C1CCC(CCC(CC2CCC(CC3CCCCC3)CC2)C2CCCCC2)CC1
C1CCC(C2CC3C(CCC34CCCCC4)C3CCC4CCCCC4C23)CC1
C(CCC1CCCC2CCCC12)CC1CC2CCCCC2C1
C1CCC(CCCCC2CCC3CCCCC23)CC1
C1CCC2C(C1)CCC1C3CCCC3CCCC21
C1CCC(CC2CCC3CCCCC3C3CCC4CCCCC4C23)CC1
C1CCC(CCCCCC2CC3CCCCC3C2)CC1
C1CCC(CCC2CCC3C(CCC3C3CCCCC3)C2)CC1
C1CCC2CC(C3CCCC4CCCC43)CCC2C1
C1CCC(CCC2CCC(CCC3CCCC(CC4CCCC4)C3)CC2)CC1
C1CCC2CC(C3CCCC4CCCC43)CCC2C1
C1CCC2CCC3C4CCC(CCCC5CC6CCCCC6C5)C4CCC3C2CC1
C1CCC(C2CC3CCCCC3C3CCC4CCCCC4C23)CC1
C1CCC(C2CC3CCCC3C3CCC4CCCCC4C23)CC1
C1CCC(CC2CC3CCCCC3C3CCC4CCCCC4C23)C1
C1CCC(CCCCCC2CCC3CCCCC23)CC1
C(CCC1CCCC2CCCC12)CC1CC2CCCCC2C1
C1CCC2CCC3C4CCCC4CCC3C2CC1
C1CCC2CC(CC3CCCC4CCCC43)CCC2C1
C1CCC(CC2CCC3C(CCC3C3CCCCC3)C2)CC1
C1CCC(CCCCC2CCC3CCCCC23)CC1
C1CCC(CCC2CCCC3CC4C(CCC4C4CCCCC4)CC23)CC1
C1CCC(CCC2CCC3C(CCC3C3CCCCC3)C2)CC1
C1CCC(CCC2CC3CCCCC3C3CCC4CCCCC4C23)CC1
C(CCCC1CCCC2C(C3CCCCC3)CCC12)CCC1CCCCC1
C1CCC2CCC(C3CCCC4CCCC43)CC2CC1
C1CCC(CCC2CCC3C(CCC3C3CCCC3)C2)CC1
C1CCC(CCC2CC3CCCCC3C3CCC4CCCCC4C23)C1
C1CCC(CCC2CCC3C(CCC3C3CCCCC3)C2)CC1
C1CCC2C(C1)CCC1C3CCCC3CCCC21
C1CCC2CC(C3CCC4CCCCC43)CCC2C1
C1CCC2CC(C3CCCC3)CCC2C1
C1CCC(CCCC2CCC3CCC(C4CCCC5CCCC54)CC3C2)CC1
C1CCC(CCCC2CCC3CCC(C4CCCC5CCCC54)CC3C2)CC1
C(CCC1CC2CCCCC2C1)CCC1CCCC2CCCC12
C1CCC(CCC2CCC3C(CC4CCCCC4)CCC3C2)CC1
C1CCC(CCC2CCC3C(CCC3C3CCCCC3)C2)CC1
C1CCC2CC(C3CCCC4CCCC43)CCC2C1
C1CCC(CCCCC2CCC3CCCCC23)CC1
C(CCC1CCC2CCCCC2C1)CCC1CCCC2CCCCC12
C(CCC1CCCCC2CCCCC12)CC1CCC2CCCCC2C1
C1CCC2CC(CCCC3CCC4C3CCCC3C5CCCCC5CCC34)CC2C1
C1CCC(CCC(CC2CC3CCCCC3C2)C2CC2)CC1
C(CCCC1CCCC2CCCCC12)CCC1CCC(C2CCCCC2)C1
C1CCC(C2CCCC3C(CCC4CCCCC43)C2)CC1
C1CCC2C(C1)CCC1C3CCCC3CCC21
C1CCC(CCCCCC2CCC3C(CC4CCCCC4)CCC3C2)CC1
C1CCC(C2CCC(C3CC4CCCCC4C4CCC5CCCCC5C34)CC2)C1
C1CCC2CCC3C4CCCCC4CCC3C2CC1
C1CCC(CCC2CCC(C3CCC4C(CCC4C4CCCCC4)C3)CC2)CC1
C1CCC(CCC(CC2CC3CCCCC3C2)C2CC2)CC1
C1CCC2CC(C3CCCC4CCCC43)CCC2C1
C1CCC2CC(C3CCCC4CCCC43)CCC2C1
C1CCC(C2CCC3CC4C(CCC32)CCC2C3CCC(CCCC5CCC6CCCCC6C5)C3CCC42)CC1
C1CCC(C2CCC3CC4C(CCCC4CC4CC5CCCCC5C4)CCC32)CC1
C1CCC2CCC(C3CCCC4CCCC43)CC2CC1
C(CCCC1CCCC2C(C3CCCCC3)CCC12)CCC1CCCCC1
C1CCC(CCC2CCC(CCC3CCCCC3)CC2)CC1
C1CCC(C2CCC3CC4C(CCC45CCCC5)CC32)CC1
C1CCC2CC(CCCC3CCCC4CCCCC43)CC2C1
C(CCCCC1CCC(C2CCCCC2)C1)CCCC1CCCCC1
C1CCC(CCCCC2CC3CCCCC3C2)CC1
C1CCC2CCC(C3CCCC4CCCC43)CC2CC1
C1CCC(CCCCCC2CC3CCCCC3C2)CC1
C1CCC(C2CCC3CC4C(CCC45CCCC5)CC32)CC1
C1CCC(CCCC23CCCC2CC2C4CCC5CCCCC5C4CCC23)C1
C1CCC(CCCCCC2CCCC3C(C4CCCCC4)CCC23)CC1
C1CCC(CCCCCC2CC3CCCCC3C2)CC1
C(CCC1CCCCC2CCCCC12)CC1CCC2CCCCC2C1
C1CCC2CC(CCCC3CCC4C3CCC3C5CCCCC5CCCC43)CC2C1
C1CCC(CC2CCCCCC23CCC2C(CCC2C2CCCCC2)C3)CC1
C1CCC2CCC3C4CCC(CCCC5CC6CCCCC6C5)C4CCC3C2CC1
C1CCC(C2CCC(CCCCCC3CCCC4CCCCC34)C2)CC1
C1CCC(CCCCCC2CC3CCCCC3C2)CC1
C1CCC(CCCCC2CCC3CCC(CC4CCCC5CCCC54)CC3C2)CC1
C1CCC(CC2CCCCC2CCC2CC3CCCCC3C3CCC4CCCCC4C23)CC1
C(CCCCC1CCC(C2CCCCC2)C1)CCCC1CCCCC1
C1CCC(CCCC2CCCC(C3CCC4CC(CCCC5CCC6CCCCC6C5)CCC43)C2)CC1
C1CCC(CCCC2CCC3C(CCC4C5CCCC5CC(CCC5CCCCC5)C34)C2)CC1
C1CCC(CCC2CCC3C(CCC3C3CCCCC3)C2)CC1
C1CCC(CC2CCC3CC4C(CCC45CCCC5)CC23)CC1
C1CCC2C(C1)CC(C1CCCC3CCCC31)C1CCCC21
C1CCC(CCCCC2CC3CCCCC3C2)CC1
C1CCC(CCCCCC2CCCC3C(CC4CCCCC4)CCC23)CC1
C1CCC(C2CC3CCCC3C3CCC4CCCCC4C23)CC1
C1CCC(CCC2CCC3C(CCC3C3CCCC(CCC4CCCCC4)C3)C2)CC1
C1CCC(C2CC3CCCC3C3CCC4CCCCC4C23)CC1
C1CCC2CC(CCCC3CCC4C3CCC3C5CCCCC5CCCC43)CCC2C1
C1CCC(C2CC3CCCC3C3CCC4CCCCC4C23)CC1
C1CCC2CCC3C4CCCCC4CC(CC4CCCC4)C3C2CC1
C1CCC(CCC2CCC3C(CCC3C3CCCCC3)C2)CC1
C1CCC(CCCCC2CCC3CCCCC23)CC1
C1CCC2CC(CCCC3CCCCC4CCCCC43)CC2C1
C1CCC(CCCCC2CC3CCCCC3C2)CC1
C1CCC2CCC(C3CCCC4CCCC43)CC2CC1
C1CCC(CCC2CCC(C3CCCC4C(CC5CCCCC5)CCC34)C2)CC1
C1CCC(CCC2CCC(CCC3CCCC(CC4CCCC4)C3)CC2)CC1
C1CCC(C2CCC3CC4(CCCCCCC4C4CCCCC4)CCC32)CC1
C1CCC(CCC(CCC2CCC3CCCC3C2)CC2CCCCC2)CC1
C1CCC2CC(C3CCCC4CCCC43)CCC2C1
C1CCC(C2CC3CCCC3C3CCC4CCCCC4CC23)CC1
C1CCC(C2CC3CCCCC3C3CCCCC23)CC1
C1CCC(CCCCC2CC3CCCCC3C2)CC1
C1CCC(CCC2CCC(CCC3CCCC(CC4CCCC4)C3)CC2)CC1
C(CCC1CCCCC2CCCCC12)CC1CCC2CCCCC2C1
C1CCC(CC(CC2CCCCC2)C2CCCCC2)CC1
C1CCC(C2CCC3CC4C(CCC32)CCC42CCCC2)CC1
C1CCC(C2CC3CCCC3C3CCC4CCCCCC4C23)CC1
C1CCC2CCC3C4CCC(CCCC5CC6CCCCC6C5)C4CCC3C2CC1
C1CCC2CCCC(CC3CC4CCCCC4C4CCC5CCCCC5C34)C2CC1
C(CCC1CCCC2CCCCC12)CC1CCC2CCCCC2C1
C1CCC(CCCCC2CCC3CCCCC23)CC1
C1CCC2CCC(C3CCCC4CCCC43)CC2CC1
C1CCC(C2CCCC3C(CCC4CCCCC43)C2)CC1
C1CCC(CCCCC2CCC3CCCCC23)CC1
C1CCC(C2CCC3C(CCC4CCCCC43)C2)CC1
C1CCC(CCC2CCC3C(CCC3C3CCCCC3)C2)CC1
C1CCCC(CC2CCCCC2CC2CC3CCCCC3C3CCC4CCCCC4C23)CC1
C1CCC2CC(C3CCCC4CCCC43)CCC2C1
C1CCC(CCCCCC2CC3CCCCC3C2)CC1
C1CCC(C2CC3CCCC3C3CCC4CCCCC4C23)CC1
C1CCC(CCC2CCC3C(CC4CCCCC4)CCC3C2)CC1
C1CCC(CCC2CCC3C(CCC3C3CCCCC3)C2)CC1
C1CCC(CCC(CCC2CCC3CCCC3C2)CC2CCCCC2)CC1
C(CCCCC1CCC(C2CCCCC2)C1)CCCC1CCCCC1
C1CCC2C(C1)CCC1CCCCC12
C1CCC(CCC2CCC3C(CCC3C3CCCCC3)C2)CC1
C(CCCCC1CCC(C2CCCCC2)C1)CCCC1CCCCC1
C1CCC(CCCCC2CCC3CCCCC23)CC1
C1CCC(CCC2CCCC3CC4C(CCC4C4CCCCC4)CC23)CC1
C1CCC(CC2CCC(CCCCCC3CCCC4CCCCC34)C2)CC1
C1CCC(C2CCC(C3CC4CCCC4C4CCC5CCCCC5CC34)CC2)C1
C1CCC2C(C1)CCC1C3CCCC3CCC21
C1CCC(CCC2CCC3C(CCC3C3CCCCC3)C2)CC1
C1CCC2CCC3C4CCCC4CCC3C2CC1
C(CCCC1CCCCC1)CCCC1CCC(C2CCCCC2)C1
C(CCC1CC2CCCCC2C1)CCC1CCCC2CCCC12
C1CCC2CCCCC2C(CCCCC2CCCC3CCCCC23)C1
C1CCC(CC2CC3CCCCC3C3CCC4CCCCCC4C23)CC1
C1CCC(CCCCCC2CC3CCCCC3C2)CC1
C1CCC2CC(CCCC3CCC4C3CCC3C5CCCCC5CCCC43)CC2C1
C1CCC(CCC2CCC3C(CCC3C3CCCCC3)C2)CC1
C1CC(C2CCC(C3CC4CCCC4C4CCC5CCCCC5C34)CC2)C1
C1CCC(CCC2(CCCC3CC4CCCCC4C3)CCC3C4CCC5CCCCC5C4CCC32)C1
C1CCC(CC2CCC3CCCCC3C3CCC4CCCCC4C23)C1
C1CCC(CC2CCCCC23CCC2C(CCC2C2CCCCC2)C3)CC1
C1CCC(CCC2CCC3C2CCC2C4CCCCC4CCC32)C1
C1CCC(CCC2CCC3C(CCC3C3CCCCC3)C2)CC1
C1CCC2C(C1)CCC1C3CCCCC3CCC21
C1CCC2CCC3C4CCC(CCCC5CC6CCCCC6C5)C4CCC3C2CC1
C1CCC(C2CCC3CC4(CCCCCC4C4CCCCC4)CCCC32)CC1
C1CCC2CC(C3CCCC4CCCC43)CCC2C1
C1CCC(CCC2CCC(CCC3CCCC(CCC4CCCC4)C3)CC2)CC1
C(CCC1CCCC2CCCCC12)CCC1CCCC2CCCCC12
C1CCC(C2CCC3CCC4C(CCC45CCCC5)CC32)CC1
C1CCC(CCC2CCC3C(CCC3C3CCCCC3)C2)CC1
C1CC2CCC3C(CCC4CCCCC43)CC2C1
C1CCC2C(C1)CCCC2CCCC1CCCC2CCCCC21
C1CCC2CCC3C4CCC(CCCC5CCC6CCCCC6C5)C4CCC3C2CC1
C1CCC(CCCCC2CC3CCCCC3C2)CC1
C1CCC(CCCCC2CC3CCCCC3C2)CC1
C1CCC(CCCCC2CC3CCCCC3C2)CC1
C1CCC(CCCC2CCCC(C3CCC4CC(CCC5CCC6CCCCCC6C5)CCC43)C2)CC1
C1CCC(CCCC2CCCC(C3CCC4CC(CCC5CCC6CCCCCC6C5)CCC43)C2)CC1
C1CCC(C2CCC3CC4C(CCC45CCCCC5)CC32)CC1
C1CCC2C(C1)CC(C1CCCC3CCCC31)C1CCCC21
C(CCC1CCCC2CCCCC12)CC1CC2CCCCC2C1
C1CCCC(CC2CCCCC2CC2CC3CCCCC3C3CCC4CCCCC4C23)CC1
C1CCC2CCC3C4CCCC4CCC3C2CC1
C1CCC(C2CCC3CCCC3C3CCC4CCCCCC4C23)CC1
C(CCCC1CCCC2CCCC12)CCC1CCC2CCCCC2C1
C1CCC(C2CCC(CCCCCC3CCCC4CCCCC34)C2)CC1
C1CCC(CCCCC2CCC3CCCCC23)CC1
C1CCC(CCC2CCC3C(CCC3C3CCCC(CC4CCCC4)C3)C2)CC1
C1CCC(CC2CC3CCCCC3C3CCC4CCCCC4C23)C1
C1CCC2CC(C3CCCC4CCCC43)C3CCCC3C2CC1
C1CCC(C2CCC3CC4(CCCCCC4C4CCCCC4)CCC32)CC1
C1CCC(C2CCC3CCCC3C3CCC4CCCCC4C23)CC1
C1CCC2CCC(C3CCCC4CCCC43)CC2CC1
C1CCC(C2CCC3CC4C(CCCC45CCCCC5)CC32)CC1
C(CCC1CCCC2CCCCC12)CC1CC2CCCCC2C1
C1CCC2CC(CCCC3CCC4C3CCCC3C5CCCCC5CCC34)CCC2C1
C1CCC2CCC3C4CCC(CCCC5CC6CCCCC6C5)C4CCC3C2CC1
C1CCC2CCC3C4CCC(CCCC5CC6CCCCC6C5)C4CCC3C2CC1
C1CCC(CCC(CC2CCCCC2)C2CCCCC2)CC1
C(CCC1CCCC2CCCCC12)CC1CC2CCCCC2C1
C1CCC(CCCCC2CC3CCCCC3C2)CC1
C1CCC(C2CCC3C(CCC4CCCCC43)C2)CC1
C(CCCC1CCCC2C(C3CCCCC3)CCC12)CCC1CCCCC1
C1CCC(C2CCC3CC4C(CCC45CCCCCC5)CC32)CC1
C1CCC(CCC2CCC3C(CC4CCCCC4)CCC3C2)CC1
C1CCC(CCCC(CCC2CCC3CCCC3C2)CC2CCCCC2)CC1
C1CCC(C2CC3CCCC3C3CCC4CCCCC4C23)CC1
C1CCC(C2CCC3CC4C(CCC5C6CCC(CCCC7CC8CCCCC8C7)C6CCCC45)CC32)CC1
C1CCC2CC(C3CCCC4CCCC43)CCC2C1
C1CCC2CCC(C3CCCC4CCCC43)CC2CC1
C1CCC2C(C1)CCC1C2CCC2C3CCCCC3CC21
C1CCC2C(C1)CCCC1CCCCC12
C1CCC(CCC2CCC3C(CCCC4CCCCC43)C2)CC1
C1CCC(C2CC3CCCC3C3CCC4CCCCC4CC23)CC1
C1CCC(C2CCCC3CCCC3C3CCC4CCCCC4C23)CC1
C1CCC(C2CCC3CCCC3C3CCC4CCCCCC4C23)CC1
C1CCC2C(C1)CCC1C3CCCC3CCC21
C1CCC(C2CCC3(CCCC4CC5C(CCC5C5CCCCC5)CC43)C2)CC1
C1CCC2C(C1)CCC1C3CCCCC3CCC21
C1CCC2CC(C3CCCC4CCCC43)CCC2C1
C1CCC2C(C1)CCC1C3CCCC3CCC21
C1CCC(C2CC3CCCC3C3CCC4CCCCC4C23)CC1
C1CCC2CC(C3CCCC4CCCC43)CCC2C1
C1CCC2C(C1)CCCC2CCCC1CCCC2CCCCC21
C1CCC(CCCC2CCCC(CC3CCC4CC(CCC5CCC6CCCCC6C5)CCC43)C2)CC1
C1CCC(C2CCC3C(CCC4CCCCC43)C2)CC1
C1CCC(C2CCC3CC4C(CCCC45CCCCC5)CC32)CC1
C1CCC(CCC2CCCC3C2CCC(C2CCCCC2)C2C4CCCCC4CCC32)CC1
C1CCC(CC2CCC3CCCCC3C3CCC4CCCCC4C23)C1
C1CCC2C(C1)CCCC2CCCC1CCCC2CCCCC21
C1CCC(CCCCC2CCC3CCCCC23)CC1
C1CCC2CCC(C3CCCC4CCCC43)CC2CC1
C(CCCC1CCCCC1)CCCC1CCC(C2CCCCC2)C1
C1CCC2C(C1)CCC1CCCCC12
C1CCC(C2CCC3CC4C(CCC5C6CCC(CCCC7CC8CCCCC8C7)C6CCC45)CC32)CC1
C(CCCCC1CCC(C2CCCCC2)C1)CCCC1CCCCC1
C1CCC2C(C1)CCC1C3CCCC3CCC21
C1CCC2CC(C3CCCC4CCCC43)C3CCCC3C2CC1
C1CCC(C2CC3C(CCC4CC4)CCCC3C3CCC4CCCCC4C23)CC1
C1CCC2C(C1)CCCC2CCCC1CCCC2C1CCC1C3CCCCC3CCC21
C1CCC(C2CCC3CC4C(CCCC45CCCCC5)CC32)CC1
C1CCC(CCCCC2CC3CCCCC3C2)CC1
C1CCC2CCC(C3CCCC4CCCC43)CC2CC1
C1CCC(CC2CCCC(C3CCC4CC(CCC5CCC6CCCCC6C5)CCC43)C2)C1
C1CCC(C2CC3CCCC3C3CCC4CCCCC4C23)CC1
C1CCC2CCC3C4CCC(CCCC5CC6CCCCC6C5)C4CCC3C2CC1
C1CCC2CCC(C3CCCC4CCCC43)CC2CC1
C1CCC(CCCCC2CCC3CCC(C4CCCC5CCCC54)CC3C2)CC1
C(CCC1CCC2C1CCC1C3CCCCC3CCC21)CC1CC2CCCCC2C1
C1CCC(CCCCCC2CCCC3CCCC23)CC1
C1CCC2CCC3C(CCC4C5CCCC5CC43)C2CC1
C1CCC(CCCCCC2CCC3CCCCC23)CC1
C(CCC1CCCC2CCCCC12)CC1CCC2CCCCC2C1
C(CCC1CCC2CCCCC2C1)CCC1CCCC2CCCCC12
C1CCC(CCCCCC2CC3CCCCC3C2)CC1
C1CCC2CCC(C3CCCC4CCCC43)CC2CC1
C(CCC1CCC2C(CCC3C4CCCC4CCC23)C1)CC1CCC(C2CCC(C3CC4CCCC4C4CCC5CCCCC5CC34)CC2)CC1
C1CCC2CC(C3CCCC4CCCC43)CCC2C1
C1CCC2CC(C3CCCC4CCCC43)CCC2C1
C1CCC2C(C1)CC(C1CCCC3CCCC31)C1CCCC21
C1CCC(CCCCCC2CC3CCCCC3C2)CC1
C1CCC2C(C1)CCCC1C2CCC2C3CCCC3CC21
C1CCC(CCC2CCC3C(CCC3C3CCCCC3)C2)CC1
C1CCC(CCC2CCC3C(CCC3C3CCCCC3)C2)CC1
C1CCC(C2C3CCCC3CC3CC4CCCCC4CC32)CC1
C1CCC2CCC(C3CCCC4CCCC43)CC2CC1
C1CCC(CCC2CCC3C2CCC(C2CCCCC2)C2C4CCCCC4CCCC32)CC1
C1CCC2CC(C3CCCC4CCCC43)CCC2C1
C1CCC(CCCCCC2CCC3CCCCC23)CC1
C1CCC(C2CC3CCCC3C3CCC4CCCCCC4C23)CC1
C1CCC(CCCCC2CCC3CCCCC23)CC1
C1CCC(CCC2CCC(CCC3CCCC(CCC4CCCC4)C3)CC2)CC1
C1CCC(C2CCC3CCC4(CCCCCC4)C3C2)CC1
C1CCC2CC(C3CCCC4CCCC43)CCC2C1
C1CCC(C2CC3CCCCC3C3CCCCC23)CC1
C1CCC(CCC2CCC3C(CCC3C3CCCCC3)C2)CC1
C1CCC2CC(C3CCCC4CCCCC43)C3CCCC3C2CC1
C1CCC(C2CCC3CC4C(CCC5C6CCC(CCCC7CCC8CCCCC8C7)C6CCCC45)CC32)CC1
C(CCCC1CCCC2C(C3CCCCC3)CCC12)CCC1CCCCC1
C1CCC(C2CC3CCCCC3C3CCC(CCC4CCCC4)CC23)CC1
C1CCC(CCC2CCC3C(CCC4C5CCCCC5CC(CCC5CCCCC5)C34)C2)CC1
C1CCC(C2CCC3CC(C4CCC(CCC5CCCC5)CC4)CCC32)CC1
C(CCC1CCCC2CCCCC12)CC1CCCC2CCCCC12
C1CCC(C2CCC(CCCCCC3CCCC4C(C5CCCCC5)CCC34)C2)CC1
C1CCC2C(C1)CCC1C3CCCC3CCC21
C1CCC(CCC2CC3CCCCC3C3CCC4CCCCC4C23)CC1
C1CCC(CCC2CCCCC2)CC1
C(CCCC1CCCCC1)CCCC1CCC(C2CCCCC2)C1
C1CCC(C2CCC3CCC4C(CCC45CCCC5)CC32)CC1
C1CCC(C2CCC3CC4C(CCC32)CCC2C3CCCC3CCC42)CC1
C1CCC(CCCCCC2CC3CCCCC3C2)CC1
C1CCC(C2CCC3CC4C(CCC5CCC6CCCCC65)CCCC4CC32)CC1
C1CCC(CCCC23CCCC2CC2C4CCC5CCCCC5C4CCC23)CC1
C(CCCC1CCCC2C(C3CCCCC3)CCC12)CCC1CCCCC1
C(CCCCC1CCCC(CC(CC2CCC(CC3CCCCC3)CC2)C2CCCCC2)C1)CCCCC1CCC2C(CCC3C4CCCC4CCC23)C1
C1CCC(CCCCC2CC3CCCCC3C2)CC1
C1CCC(C2CCC3CC4C(CCCC45CCC(C4CCCCC4)C(C4CCCCC4)C5)CC32)CC1
C1CCC2C(C1)CCC1C3CCCCC3CCC21
C1CCC(CC2CC3CCCCC3C3CCC(CCC4CCCC4)CC23)CC1
C1CCC2CCC(C3CCCC4CCCC43)CC2CC1
C1CCC(CCCCCC2CC3CCCCC3C2)CC1
C(CCC1CCCC2CCCC12)CC1CC2CCCCC2C1
C1CCC2CCC3C4CCCCC4CC(CC4CCCC4)C3C2CC1
C(CCC1CCCC2CCCCC12)CC1CCC2CCCCC2C1
C1CCC(CC2CCC3CCCCC3C3CCC4CCCCC4C23)C1
C1CCC(CCC(CCC2CCC3C(CCC3C3CCCCC3)C2)C2CCCCC2)CC1
C1CCC(CCCCCC2CC3CCCCC3C2)CC1
C1CCC(CCCCCC2CC3CCCCC3C2)CC1
C1CCC(C2CC3CCCC3C3CCC4CCCCCC4C23)CC1
C(CCCC1CCCC2C(C3CCCCC3)CCC12)CCC1CCCCC1
C1CCC2C(C1)CC(C1CCCC3CCCCC31)C1CCCCC21
C1CCC(C2CCCC3(CCC4CC5C(CCC5C5CCCCC5)CC43)C2)CC1
C1CCC(CCC2CCC3C(CCC3C3CCCCC3)C2)CC1
C1CCC(C2CC3CCCC3C3CCC4CCCCCC4C23)CC1
C1CCC(CC2CCC(CCCC3CCC4C3CCC3C5CCCCC5CCC43)C2)CC1
C(CCCC1CCCCC1)CCCC1CCC(C2CCCCC2)C1
C1CCC(CC2CC3CCCCC3C3CCC4CCCCC4C23)C1
C(CCCC1CCCCC1)CCCC1CCC(C2CCCCC2)C1
C1CCC(CCC2CCCC3C2CCC2C4CCCCC4CCC32)C1
C1CCC(CC2CCC3CC4C(CC5CC6CCCCC6C5)CCCC4CC23)CC1
C1CCC(C2CC3CCCCC3C3CCCCC3C2)CC1
C1CCC2C(C1)CCC1CCCCC12
C1CCC(CCCCC2CC3CCCCC3C2)CC1
C1CCC(CCCCCC2CCCCC2)CC1
C1CCC(CC2CC3CCCCC3C3CCC4CCCCC4C23)CC1
C1CCC2CC(CC3CCCC4CCCC43)CCC2C1
C1CCC(CC2CCC(CC(CC3CCCCC3)C3CCCCC3)CC2)CC1
C1CCC(CCCCCC2CCCC3C(C4CCCCC4)CCC23)CC1
C1CCC2C(C1)CC(C1CCCC3CCCC31)C1CCCC21
C1CCC(C2CC3CCCCC3C3CCCCC3C2)CC1
C1CCC(CCCC2(CCC3CCCC3)CCC3C4CCCC5CCCCC5C4CCC32)CC1
C1CCC(C2CCC3CCC4C(CCC45CCCC5)CC32)CC1
C1CCC(C2CCC3CC4C(CCC45CCCCCC5)CC32)CC1
C1CCC2CC(CCCC3CCC4C3CCC3C5CCCCC5CCC43)CCC2C1
C1CCC(CCCCCC2CC3CCCCC3C2)CC1
C1CCC(CCCCCC2CCCC3C(C4CCCCC4)CCC23)CC1
C1CCC(CCCC(CC2CC3CCCCC3C2)C2CC2)CC1
C(CCC1CCC2C1CCC1C3CCCCC3CCC21)CC1CC2CCCCC2C1
C1CCC(CCCCCC2CC3CCCCC3C2)CC1
C1CCC(CC2CCC3C(CCC3C3CCCCC3)C2)CC1
C1CCC2CC(C3CCCC4CCCC43)CCC2C1
C1CCC(CCCC(CC2CC3CCCCC3C2)C2CC2)CC1
C1CCC(C2CCC3C(CCC4CCCCC43)C2)CC1
C1CCC(CC2CC3CCCCC3C3CCC4CCCCC4C3C2)C1
C1CCC2C(C1)CCC1C3CCCCC3CCC21
C(CCCC1CCCC2C(C3CCCCC3)CCC12)CCC1CCCCC1
C1CCC(CCC2CCC3C(CCC3C3CCCC3)C2)CC1
C1CCC2C(C1)CCC1C3CCCC3CCCC21
C1CCC2CC(C3CCCC4CCCC43)CCC2C1
C1CCC(CCCC2CCC3C2CCC2C4CCCCC4CCC32)C1
C1CCC2CC(CCCC3CCC4C3CCC3C5CCCCC5CCC43)CC2C1
C1CCC(C2CCC3C(CCC4CCCCC43)C2)CC1
C1CCC(C2CC3C(CCC4CC4)CCC3C3CCCC4CCCCC4C23)CC1
C1CCC(CCCCC2CC3CCCCC3C2)CC1
C1CCC(CC2CCC3C(CC4CCCCC4)CCC3C2)CC1
C1CCC(CCCCCC2CCC3CCCCC23)CC1
C1CCC(CCCCCC2CC3CCCCC3C2)CC1
C1CCC(C2C3CCCC3CC3CC4CCCC4CC32)CC1
C1CCC(CCCCC2CCC3CCCCC23)CC1
C1CCC(CCCCC2CC3CCCCC3C2)CC1
C1CCC(CC2CCC3C(CCC3C3CCCCC3)C2)CC1
C1CCC(CC(CC2CCCCC2)C2CCCCC2)CC1
C1CCC(CCCCC2CC3CCCCC3C2C2CCCCC2)CC1
C1CCC2CC(C3CCCC4CCCC43)CCC2C1
C1CCC2CC(CC3CCCC4CCCC43)CCC2C1
C1CCC2C(C1)CCC1CCCCC12
C1CCC2CCC(C3CCCC4CCCC43)CC2CC1
C1CCC2CC(CCCC3CCC4C5CCC6CCCCC6C(CCC34)C5)CC2C1
C1CCC2C(C1)CC(C1CCCC1)C1CCCCC21
C1CCC(CC2CCCCC2CC2CC3CCCCC3C3CCC4CCCCC4C23)CC1
C1CCC(CCC2CCCCC2)CC1
C1CCC(CCCCC2CC3CCCCC3C2)CC1
C1CCC(CCC2CCC3C(CCC4C5CCCC5CC(CCC5CCCCC5)C34)C2)CC1
C1CCC2CCCCC2C(CCCCC2CCCC3CCCCC23)C1
C1CCC(CCCC2CCC3CCCC3C2)CC1
C1CCC(C2CCC3CC4CCCCC4CC32)CC1
C1CCC(C2CC3CCCCC3C3CCCCC3C2)CC1
C(CCC1CCCCC2CCCCC12)CC1CCC2CCCCC2C1
C1CCC2CCC3C4CCC(CCCC5CC6CCCCC6C5)C4CCC3C2CC1
C1CCC(CCCC2CCC3CCC(C4CCCC5CCCC54)CC3C2)CC1
C(CCCC1CCCC2C(C3CCCCC3)CCC12)CCC1CCC(C2CCCC2)C1
C1CCC(CC2CC3CCCCC3CC3CCC4CCCCC4C32)CC1
C1CCC(CCC2(CCCC3CC4CCCCC4C3)CCC3C4CCC5CCCCC5C4CCCC32)C1
C1CCC2CC(CC3CCCC4CCCC43)CCC2C1
C1CCC(CC2CCC3CC4C(CCC5C6CCC(CCCC7CC8CCCCC8C7)C6CCC45)CC23)CC1
C1CCC(CCCCCC2CC3CCCCC3C2)CC1
C1CCC(CCC2CCC3C(CCC3C3CCCCC3)C2)CC1
C1CCC2C(C1)CCC1C2CCC2C3CCCC3CC21
C1CCC(CC2CC3CCCCC3C3CCC4CCCCCC4C23)CC1
C(CCC1CCCC2CCCCC12)CC1CCCC2CCCCC12
C1CCC2C(C1)CCCC2CC1CC2CCCCC2C2CCC3CCCCC3C2C1
C1CCC(CCCCCC2CC3CCCCC3C2)CC1
C(CCC1CCCCC2CCCCC12)CC1CCC2CCCCC2C1
C1CCC(CC2CC3CCCCC3C3CCC4CCCCC4C23)C1
C1CCC2CC(CCCC3CCC4C3CCC3C5CCCCC5CCC43)CC2C1
C(CCC1CCC2C1CCC1C3CCCCC3CCC21)CC1CC2CCCCC2C1
C1CCC(CC2CCC3C(CCC3C3CCCCC3)C2)CC1
C1CCC2C(C1)CCCC2CC1CCC2CCCCC2C2CCC3CCCCC3C12
C1CCC(C2CC3CCCC(C3)C3CCC4CCCCC4C32)CC1
C1CCC(CCCC2(CCC3CCCC3)CCC3CC4CCC5CCCCC5C4CCC32)CC1
C1CCC(C2CCC3CC4C5CCC6C(CCCC7CCC8CCCCC8C7)CCC6C(CCC4CC32)C5)CC1
C1CCC2CCC3C4CCCCC4CCC3C2CC1
C1CCC(C2CCC3CC4C(CCC5C6CCC(CCCC7CC8CCCCC8C7)C6CCC45)CC32)CC1
C1CCC(CCCC2CCC3C2CCC2C4CC5CCC(C6CCCCC6)C5CC4CCCC32)CC1
C1CCC(CCCCCC2CCCC3C(C4CCCCC4)CCC23)CC1
C1CCC2CC(C3CCCC4CCCC43)CCC2C1
C1CCC2CCC(C3CCCC4CCCC43)CC2CC1
C1CCC2C(C1)CCC1CCCCC12
C(CCC1CC2CCCCC2C1)CCC1CCCC2CCCC12
C1CCC2C(C1)CCC1C3CCCC3CCC21
C1CCC(C2CCC3CC4C(CCCC45CCCCC5)CC32)CC1
C1CCC2C(C1)CCC1C3CCCC3CCCC21
C(CCC1CCC2CCCCC2C1)CCC1CCCCC2CCCCC12
C1CCC(C2CCC3CC4C(CCC45CCCC5)CC32)CC1
C1CCC(C2CC3CCCCC3C3CCCCC23)CC1
C1CCC(CCCCCC2CCCC3C(C4CCCCC4)CCC23)CC1
C1CCC2CC(CC3CCCC4CCCCC43)C3C(CCC4CCCCC43)CC2C1
C1CCC2CCC(C3CCCC4CCCC43)CC2CC1
C(CCCC1CCCC2C(C3CCCCC3)CCC12)CCC1CCCCC1
C1CCC2CCC3C4CCCCC4CCC3C2CC1
C1CCC(CCCCCC2CCC3CCCC3C2)CC1
C1CCC(CCC2CCC3C(CCC3C3CCCC(CCC4CCCC4)C3)C2)CC1
C1CCC2CC(C3CCCC4CCCC43)CCC2C1
C1CCC(CC2CCC3C(CCC3C3CCCCC3)C2)CC1
C1CCC(CCCCCC2CCCC3C(CC4CCCCC4)CCC23)CC1
C1CCC(C2CCC(CC3CCC4CCCCC4C4CCC5CCCCC5C34)CC2)CC1
C1CCC(CCCCCC2CC3CCCCC3C2)CC1
C1CCC(CCC2CCC(C3CCC4C(CCC4C4CCCCC4)C3)CC2)CC1
C1CCC(CCC2CCC(C3CCC4C(CCC4C4CCCCC4)C3)CC2)CC1
C1CCC2C(C1)CCC1CCCCC12
C1CCC(C2CCC3CCCC3C3CCC4CCCCC4C23)CC1
C1CCC2C(C1)CCC1C3CCCCC3CCC21
C1CCC(C2CCC3(CCCC4CC5C(CCC5C5CCCCC5)CC43)C2)CC1
C1CCC(C2CC3CCCC3C3CCC4CCCCC4C23)CC1
C1CCC2C(C1)CCC1C3CCCC3CCC21
C1CCC(CCCCC2CC3CCCCC3C2)CC1
C1CCC(CCCC2CCCCC2)CC1
C1CCC(C2CC3CCCC3C3CCC4CCCCC4C23)CC1
C1CCC(C2CC3CCCC3C3CCC4CCCCCC4C23)CC1
C1CCC(CCCCCC2CC3CCCCC3C2)CC1
C1CCC(CCCC2CCC3C(CCC4C5CCCC5CC(CCC5CCCCC5)C34)C2)CC1
C1CCC(C2CC3CCCC3C3CCC4CCCCCC4C23)CC1
C1CCC(CCC(CC2CCC3C(CCC3C3CCCCC3)C2)C2CCCCC2)CC1
C1CCC(CC2CCCCCC23CCCC2C(CCC2C2CCCCC2)C3)CC1
C1CCC(CCC(CCC2CCC3CCCC3C2)CC2CCCCC2)CC1
C1CCC(CCC2CCC3CC4C(CCC5CCCCC5)CC5CCCC5C4CCC3C2)CC1
C(CCCC1CCCC2C1CCC2C1CCCC(CC2CC2)C1)CCC1CCCCC1
C(CCCC1(C2CCCC2)CCCC2CCCCC21)CCC1CCC(C2CCCCC2)C1
C1CCC(CCC2CCCCC2)CC1
C1CCC(CC(CC2CCCCC2)C2CCCCC2)CC1
C1CCC(CCC2CCC3C(CCC3C3CCCCC3)C2)CC1
C1CCC(CC2CCC(CC(CC3CCCCC3)CC3CCCCC3)CC2)CC1
C1CCC(CCCCCC2CC3CCCCC3C2)CC1
C1CCC2CC(CCCC3CCC4C3CCC3C5CCCCC5CCC43)CC2C1
C1CCC(C2CC3CCCC3C3CCC4CCCCCC4C23)CC1
C1CCC(C2CCC3CCCC3C3CCC4CCCCC4C23)CC1
C1CCC2CC(CCCC3CCC4C3CCC3C5CCCCC5CCC43)CC2C1
C(CCC1CCCC2CCCCC12)CC1CCCC2CCCCC12
C(CCCC1CCCC2C(C3CCCCC3)CCC12)CCC1CCCCC1
C1CCC(CCC2CCC3C(CCC3C3CCCCC3)C2)CC1
C(CCC1CC2CCCCC2C1)CCC1CCCC2CCCC12
C1CCC(CCC2CCC3C(CCC3C3CCCCC3)C2)CC1
C1CCC(C2CCC3CCC4(CCCCCC4)C3C2)CC1
C(CCC1CCC2C1CCC1C3CCCCC3CCC21)CC1CCC2CCCCC2C1
C(CCC1CCC(C2CCCC2)C1)CCC1CCCC2CCCCC12
C(CCC1CCC2CCCCC2C1)CCC1CCCC2CCCCC12
C1CCC(C2CCC(C3CC4CCCC4C4CCC5CCCCC5C34)CC2)C1
C1CCC(CCC(CCC2CCC3CCCCC3C2)CC2CCCCC2)CC1
C1CCC(CCCCCC2CC3CCCCC3C2)CC1
C1CCC(CC2CC3CCCC3C3CCC4CCCCC4C23)CC1
C1CCC(CCCCCC2CCCC3C(C4CCCCC4)CCC23)CC1
C1CCC(C2CC3CCCC3C3CCC4CCCCCC4C23)CC1
C1CCC(CCCCC2CC3CCCCC3C2)CC1
C1CCC(C2(CCCCC3CCC4CCCCC4C3)CCCC3CCCCC32)CC1
C1CCC(CC2CC3CCCCC3C3CCC4CCCCCC4C23)CC1
C1CCC(C2CC3CCCCC3C3CCCCC3C2)CC1
C1CCC(CC2CCC3CCCCC3C3CCC4CCCCC4C23)C1
C1CCC(C2CC3CCCC3C3CCC4CCCCC4C23)CC1
C1CCC(CCCCC2CC3CCCCC3C2)CC1
C(CCC1CCC2C1CCC1C3CCCCC3CCC21)CC1CC2CCCCC2C1
C1CCC(C2CCC3CC4C(CCCC45CCCC5)CC32)CC1
C1CCC(C2CCC3CC4C(CCCC45CCCC5)CCC32)CC1
C1CCC(CCCCCC2CCC3CCCCC23)CC1
C1CCC2CCC(C3CCCC3)CC2CC1
C1CCC(CCC(CCC2CCC3CCCC3C2)CC2CCCCC2)CC1
C1CCC2CCC(C3CCCC4CCCC43)CC2CC1
C(CCCCC1CCC(C2CCCCC2)C1)CCCC1CCCCC1
C1CCC2C(C1)CCCC2CCCC1CCCC2CCCCC21
C1CCC2CC(C3CCCC3)C3CCCCC3CC2C1
C1CCC(C2CCC3CCCC3C3CCCC4CCCCC4C23)CC1
C(CCC1CC2CCCCC2C1)CCC1CCCC2CCCC12
C1CCC(C2CC3C(CCC4CC4)CCC3C3CCC4CCCCCC4C23)CC1
C1CCC(CCC2CCC3C(CCC3C3CCCCC3)C2)CC1
C1CCC(CCCCC2CC3CCCCC3C2)CC1
C1CCC2C(C1)CCC1C3CCCC3CCC21
C1CCC(C2CCC3CC4C(CCCC45CC(C4CCCCC4)C(C4CCCCC4)C5)CC32)CC1
C1CCC(CCCC2CCC3C(CCC3C3CCCCC3)C2)CC1
C1CCC2C(C1)CCC1CCCCC12
C1CCC(CCCCC2(CCC3CCCC3)CCC3C4CCC5CCCCC5C4CCC32)C1
C1CCC(C2CCC3C(CCC4CCCCC43)C2)C1
C1CCC(CCC(CC2CCCCC2)C2CCCCC2)CC1
C1CCC(CCCCCC2CC3CCCCC3C2)CC1
C1CCC2CC(C3CCCC4CCCC43)CCC2C1
C1CCC(CCC2CCC3C(CCC3CC3CCCC(CC4CCCC4)C3)C2)CC1
C1CCC2CCC3C4CCCC4CC(C4CCC(C5CCCC5)CC4)C3C2CC1
C1CCC2CC3CCC(C4CCCCC4)C3CC2CC1
C1CCC(CC2CCC3CCCCC3C3CCC4CCCCC4C23)C1
C1CCC(CC2CCC3CC4(CCCCCC4C4CCCCC4)CCC23)CC1
C1CCC2C(C1)CC(C1CCCC3CCCC31)C1CCCCC21
C1CCC2CCC3C4CCC(CCCC5CCCC6CCCCC65)C4CCC3C2CC1
C1CCC(CCCCCC2CCC3CCCCC23)CC1
C1CCC(CC2CCC3C(CCC3C3CCCCC3)C2)CC1
C1CCC(CCC2CCC3C(CCC4C5CCCC5CCC34)C2)CC1
C(CCC1CCCC2CCCCC12)CC1CCC2CCCCC2C1
C1CCC(C2CCC3C(CCCC4CCCCC43)C2)CC1
C1CCC(CCC2CCCCC2)CC1
C1CCC(C2CCC(CCCC3CCC4C3CCC3C5CCCCCC5CCC43)C2)CC1
C1CCC(CC2CC3CCCCC3C3CCC4CCCCCC4C23)CC1
C1CCC(CCCCCC2CCC3CCCCC23)CC1
C1CCC2CCC3C4CCC(CCCC5CC6CCCCC6C5)C4CCC3C2CC1
C1CCC2CC(CCCC3CCC4C3CCC3C5CCCCC5CCCC43)CC2C1
C1CCC(C2CCC3CC4C(CCCC45CCCCC5)CC32)CC1
C(CC1CC2CCCCC2C1)CC1CCC2C(CCC3C4CCCCC4CCC23)C1
C1CCC(CCCCC2CCC3CCC(C4CCCC5CCCC54)CC3C2)CC1
C(CCC1CCC2C1CCC1C3CCCCC3CCC21)CC1CC2CCCCC2C1
C(CCCC1CCCC2C(C3CCCCC3)CCC12)CCC1CCCCC1
C1CCC(CCCCCC2CC3CCCCC3C2)CC1
C(CCC1CC2CCCCC2C1)CCC1CCCC2CCCC12
C(CCCC1CCCCC1)CCCC1CCC(C2CCCCC2)C1
C1CCC2CCCCC2C(CCCCC2CCCC3CCCCC23)C1
C1CCC(CCCCCC2CCCC3CCCC23)CC1
C(CCCCC1CCC2C(CCC3C4CCCC4CCC23)C1)CCCC1CCCC(CC(CC2CCC(CC3CCCCC3)CC2)C2CCCCC2)C1
C1CCC(CCC2CCC(C3CC3)CC2)CC1
C1CCC2CCC(C3CCCC4CCCC43)CC2CC1
C1CCC(CCCC2CCC3C2CCCC2C4CC5CCC(C6CCCCC6)C5CC4CCC32)CC1
C1CCC2CC(CCCC3CCC4C3CCC3C5CCCCC5CCCC43)CC2C1
C1CCC(CC2CC3CCCCC3C3CCC4CCCCC4C3C2)C1
C(CCCC1CCC2CCCC2C1)CCCC1CCC(C2CCCCC2)C1
C1CC2CCC3C(CCC4CCCCC43)CC2C1
C(CCC1CCC2C(CCC3C4CCCCC4CCC23)C1)CC1CCC(C2CC3CCCC3C3CCC4CCCCC4C23)CC1
C1CCC2CCC(C3CCCC4CCCC43)CC2CC1
C1CCC(C2CCC3CC4C(CCCCC5CC5)CCCC4CC32)CC1
C(CCC1CCCC2CCCCC12)CC1CCC2CCCCC2C1
C1CCC(C2CC3C(CCCC4CC4)CCC3C3CCC4CCCCC4C23)CC1
C1CCC(CC2CC3CCCCC3C3CCC4CCCCC4C23)CC1
C1CCC(CC2CCC3CCCCC3C3CCC4CCCCC4C23)C1
C1CCC2CCC(C3CCCC4CCCC43)CC2CC1
C(CCCC1CCCC2C(C3CCCCC3)CCC12)CCC1CCCCC1
C1CCC(CCCCCC2CCCC3C(C4CCCCC4)CCC23)CC1
C1CCC(CCC2CCC3C(CC4CCCCC4)CCC3C2)CC1
C1CCC(CCC2CCC3C(CCC3C3CCCC(CCC4CCCC4)C3)C2)CC1
C1CCC(CC2CCC3C(CCC3C3CCCCC3)C2)CC1
C1CCC2CCC3C4CCC(CCCC5CC6CCCCC6C5)C4CCC3C2CC1
C1CCC2C(C1)CCC1CCCCC12
C1CCC(CCC2CCC(C3CCC4C(CCC4C4CCCCC4)C3)CC2)CC1
C1CCC(CCC2(CCCC3CC4CCCCC4C3)CCCC3C4CCC5CCCCC5C4CCC32)C1
C1CCC(CC2CCCCC23CCC2C(CCC2C2CCCCC2)C3)CC1
C1CCC(CC2CCCC(CCC3CCC(CCC4CCC(C5CC5)CC4)CC3)C2)C1
C(CCC1CC2CCCCC2C1)CCC1CCCC2CCCC12
C1CCC(CCC2CC3CCCC3C3CCC4CCCCC4C23)CC1
C1CCC(C2CCC3C(CCC4CCCCC43)C2)CC1
C1CCC(C2CC3CCCC3C3CCC4CCCCC4CC23)CC1
C1CCC(CCC(CCC2CCC3CCCC3C2)CC2CCCCC2)CC1
C1CCC2CCC3C4CCC(CCCC5CC6CCCCC6C5)C4CCC3C2CC1
C1CCC2CC3CCC4CCCCC4C3CCC2C1
C1CCC(CCC2CCC3C(CC4CCCCC4)CCC3C2)CC1
C1CCC2C(C1)CCC1C3CCCC3CCC21
C1CCC(CC2CC3CCCCC3CC3CCC4CCCCC4C32)CC1
C1CCC2CCC3C4CCC(CCC5CCCC5)C4CCC3C2CC1
C(CCC1CCCCC2CCCCC12)CC1CCC2CCCCC2C1
C1CCC(CCCC2CCC3CCCC3C2)CC1
C1CCC(CCCCC2CC3CCCCC3C2)CC1
C1CCC(C2CCC(CCCC3CCC4C3CCC3C5CCCCCC5CCC43)C2)CC1
C1CCC2C(C1)CCC1CCCCC12
C1CCC2CC(CCCC3CCC4C3CCC3C5CCCCC5CCCC43)CCC2C1
C1CCC(CC2CCC(CC(CC3CCCCC3)C3CCCCC3)CC2)CC1
C(CCCCC1CCC(C2CCCCC2)C1)CCCC1CCCCC1
C1CCC(C2CCC3CC4C(CCC45CCCCCC5)CC32)CC1
C(CCCC1CCCC2C(C3CCCCC3)CCC12)CCC1CCCCC1
C(CCC1CC2CCCCC2C1)CCC1CCCC2CCCC12
C1CCC(C2CCC3CC4C(CCCC5C6CCC(CCCC7CCC8CCCCC8C7)C6CCC45)CC32)CC1
C1CCC2CC(CCCC3CCC4C3CCC3C5CCCCC5CCCC43)CC2C1
C(CCCC1CCCC2CCCCC12)CCC1CCC(C2CCCCC2)C1
C1CCC(CCCC2(CCC3CCCC3)CCC3C4CCC5CCCCC5C4CCC32)C1
C1CCC2C(C1)CCC1C3CCCC3CCC21
C1CCC2CCC3C4CCCC4CCC3C2CC1
C1CCC2CCC3CCCCC3C2CC1
C1CCC2C(C1)CCC1C2CCC2C3CCCCC3CC21
C1CCC(CCCCC2CC3CCCCC3C2)CC1
C(CCC1CCCC2CCCCC12)CC1CCC2CCCCC2C1
C1CCC2C(C1)CCC1CCCCC12
C1CCC(C2CC3CCCCC3C3CCCCC23)CC1
C1CCC(CCCCCC2CCCC3C(C4CCCCC4)CCC23)CC1
C1CCC2C(C1)CCC1C3CCCC3CCC21
C(CCC1CCC2CCCCC2C1)CCC1CCCC2CCCCC12
C1CCC(CCC2CCC3C(CCC4CCCCC43)C2)CC1
C1CCC(C2CC3CCCC3C3CCC4CCCCC4C23)CC1
C1CCC2CC3CCC4CCCC4C3CCC2C1
C1CCC(CCC2CCC3C(CCC4CCCCC43)C2)CC1
C1CCC(CCCCC2CCC3C2CCC2C4CCCCC4CCC32)CC1
C1CCC(CCCC2CCCC(C3CCC4CC(CCC5CCC6CCCCC6C5)CCC43)C2)CC1
C1CCC2CC(CCCC3CCCC4CCCCC43)CC2C1
C1CCC2CC(CCCC3CCC4C5CCC6CCCCC6C(CCC34)C5)CC2C1
C1CCC(CCCCCC2CCC3CCCCC23)CC1
C1CCC2C(C1)CCC1C3CCCCC3CCC21
C1CCC(CCC2CCC3C(CCC3C3CCCCC3)C2)CC1
C1CCC2C(C1)CCC1C3CCCC3CCC21
C1CCC(C2CCC3C(CCCC34CCCC4)C3CCC4CCCCC4C23)CC1
C1CCC(CC2CCC3C(CCC3C3CCCCC3)C2)CC1
C1CCC(C2CCC(CCCC3CCC4C3CCC3C5CCCCC5CCC43)C2)CC1
C1CCC2C(C1)CC(C1CCCC3CCCC31)C1CCCCC21
C(CCC1CCC2CCCCC2C1)CCC1(C2CCCC2)CCCC2CCCCC21
C1CCC(CCC2CCCC3CC4C(CCC4C4CCCCC4)CC23)CC1
C1CCC2CCC(C3CCCC4CCCC43)CC2CC1
C1CCC(C2CC3CCCCC3C3CCCCC3C2)C1
C1CCC(CC2CC3CCCCC3C3CCC4CCCCC4C23)CC1
C(CCC1CCCC2CCCC12)CC1CC2CCCCC2C1
C(CCC1CCC2C1CCC1C3CCCCC3CCC21)CC1CCCC2CCCCC12
C1CCC(CCC2CCC(CCC3CCCC(CC4CCCC4)C3)CC2)CC1
C1CCC(C2CC3CCCC3C3CCC4CCCCC4C23)CC1
C1CCC2C(C1)CCC1CCCCC12
C1CCC2C(C1)CCC1C3CCCC3CCC21
C1CCC(C2CCC3CC4C(CCC32)CCC42CCCCC2)CC1
C1CCC2CC3CCC4CCCC4C3CCC2C1
C1CCC(CCC2CCC3C2CCC(C2CCCCC2)C2C4CCCCC4CCCC32)CC1
C(CCC1CCCC2CCCCC12)CC1CCC2CCCCC2C1
C1CCC(C2CC3CCCC3C3CCC4CCCCC4C23)CC1
C1CCC(C2CCC3CC4C(CCCCC45CCCC5)CC32)CC1
C1CCC(CCCC2CCCC3CC4C(CCC4C4CCCCC4)CC23)CC1
C1CCC2CC(C3CCCC4CCCC43)CCC2C1
C(CCCC1(C2CCCC2)CCCC2CCCCC21)CCC1CCC(C2CCCCC2)C1
C1CCC(CCCCC2CCC3CCCCC3C2)CC1
C1CCC2C(C1)CCC1CCCCC12
C1CCC2CC(CCCC3CCCC4CCCCC43)CC2C1
C(CCC1CCC(C2CCCC2)C1)CCC1CCCC2CCCCC12
C1CCC(C2CC3CCCC3CC3CCC4CCCCC4C32)CC1
C1CCC(CCCCCC2CC3CCCCC3C2)CC1
C1CCC(CCC2CCC3C(CCC3C3CCCCC3)C2)CC1
C1CCC(CCC2CCC3C(CCCC4C5CCCC5CC(CCC5CCCCC5)C34)C2)CC1
C1CCC(CCCCCC2CCCC3C(CC4CCCCC4)CCC23)CC1
C1CCC(CCC2CCC3C(CCC3C3CCCCC3)C2)CC1
C1CCC(CCCCC2CC3CCCCC3C2)CC1
C1CCC(C2CC3CCCC3C3CCC4CCCCC4C23)CC1
C1CCC(C2CC3CCCC3C3CCC4CCCCC4C23)CC1
C1CCC(C2CCC3CC4C(CCCC45CCCCC5)CC32)CC1
C1CCC2C(C1)CCC1C3CCCC3CCC21
C1CCC(CCCCC2CCC3CCCCC23)CC1
C1CCC(C2CCC3CC4C(CCCC4CC4CC5CCCCC5C4)CCC32)CC1
C1CCC2C(C1)CCC1C3CCCCC3CCC21
C1CCC(C2CC3CCCC3C3CCC4CCCCC4C23)CC1
C(CCCC1CCCC2C(C3CCCCC3)CCC12)CCC1CCCCC1
C1CCC2CCC3C4CCC(CCCC5CCC6CCCCC6C5)C4CCC3C2CC1
C1CCC(CC2CC3CCCCC3C3CCC4CCCCC4C23)C1
C1CCC(CC2CCC3C(CCC3C3CCCCC3)C2)CC1
C1CCC(CCC2CCC3C(CC4CCCCC4)CCC3C2)CC1
C1CCC(CCC2CCC3C(CCC3C3CCCCC3)C2)CC1
C1CCC(CCCC2CCC3CCC(C4CCCC5CCCC54)CC3C2)CC1
C1CCC(C2CCC3CC4C(CCC45CCCCCC5)CC32)CC1
C1CCC(C2CC3CCCCC3C3CCC4CCCCC4C23)CC1
C1CCC(CCCCC2CC3CCCCC3C2)CC1
C(CCCC1CCCCC1)CCCC1CCC(C2CCCCC2)C1
C(CCC1CCC2C(CCC3C4CCCC4CCC23)C1)CC1CCC(C2CC3CCCC3C3CCC4CCCCC4C23)CC1
C1CCC2CCC(C3CCCC4CCCC43)CC2CC1
C1CCC(CCC2(CCCC3CC4CCCCC4C3)CCCC3C4CCC5CCCCC5C4CCC32)C1
C1CCC2C(C1)CCC1C3CCCCC3CCCC21
C1CCC(CCCCC2CCC3CCCCC23)CC1
C1CCC(CCCCC2CCCC3C2CCC2C4CCCCC4CCC32)CC1
C1CCC(CCCCCC2CC3CCCCC3C2)CC1
C1CCC(CCCC2CCC3C2CCC2C4CC5CCC(C6CCCCC6)C5CC4CCCC32)CC1
C1CCC(CC2CC3CCCCC3C3CCC4CCCCC4C23)CC1
C1CCC(CCCC2CCC3CCC(C4CCCC5CCCC54)CC3C2)CC1
C1CCC(C2CC3CCCC3C3CCC4CCCCC4C23)CC1
C1CCC(C2CC3CCCC3C3CCC4CCCCC4C23)CC1
C1CCC2C(C1)CCC1CCCCC12
C1CCC(CCCCC2CCC3C2CCC2C4CCCCCC4CCC32)CC1
C1CCC(CCCCCC2CC3CCCCC3C2)CC1
C1CCC(CCCCCC2CCCC3CCCC23)CC1
C1CCC(CCCCC2CC3CCCCC3C2)CC1
C1CCC(CC23CCCCC2CCCC2C4CCCC4CCC23)CC1
C1CCC(C2CCC3CC4C(CCC5C6CCCC(CCCC7CC8CCCCC8C7)C6CCC45)CC32)CC1
C1CCC(CC2CCC3C(CCC3C3CCCCC3)C2)CC1
C1CCC(C2CCC3C(CCC3C3CCCCC3)C2)CC1
C(CCC1CCC2C1CCC1C3CCCCC3CCC21)CC1CC2CCCCC2C1
C1CCC(C2CC3CCCC3C3CCC4CCCCC4C23)CC1
C1CCC(CCC2CCC3C(CCC3C3CCCCC3)C2)CC1
C(CCCC1CCC(C2CCCCC2)C1)CCC1CCCCC1
C1CCC(CCCCC2CCC3CCCCC23)CC1
C1CCC(CCCCCC2CC3CCCCC3C2)CC1
C1CCC(CCCC2CCC3C2CCCC2C4CCCCC4CCC23)C1
C1CCC(CCC2CCC3C2CCC(C2CCCCC2)C2C4CCCCC4CCCC32)CC1
C1CCC2C(C1)CCC1C2CCCC2C3CCCC3CC21
C1CCC2CCC(C3CCCC3)CC2CC1
C1CCC2C(C1)CCC1C3CCCC3CCC21
C(CCC1CCCC2CCCCC12)CC1CCC2CCCCC2C1
C1CCC(CCCC2CCC3C(CCC3C3CCCCC3)C2)CC1
C1CCC(C2CCC3CC4CCCCC4CC32)CC1
C1CCC(C2CC3CCCC3C3CCCC4CCCCC4C23)CC1
C1CCC2CCC3C4CCC(CCCC5CCC6CCCCC6C5)C4CCC3C2CC1
C1CCC(C2CC3CCCC3C3CCC4CCCCC4C23)CC1
C1CCC(CCC2(CCCC3CCC4CCCCC4C3)CCC3C4CCC5CCCCC5C4CCC32)C1
C1CCC(CCCCC2CC3CCCCC3C2)CC1
C1CCC(C2CCC3CCC4CCCCC4C3CC2)CC1
C1CCC2CCC3C4CCCCC4CC(CC4CCCC(C5CCCC5)C4)C3C2CC1
C1CCC(CCCCC2CC3CCCCC3C2)CC1
C1CCC(CCCCCC2CCC3CCCCC23)CC1
C1CCC2CCC3CCCCC3C2CC1
C(CCC1CCC2C1CCC1C3CCCCC3CCC21)CC1CC2CCCCC2C1
C1CCC(C2CCC3CC4(CCCCCC4C4CCCCC4)CCC32)CC1
C1CCC(CCCCCC2CCCCC2)CC1
C1CCC(C2CC3C(CCC4CC4)CCC3C3CCC4CCCCCC4C23)CC1
C(CCC1CCCC2CCCC12)CC1CC2CCCCC2C1
C1CCC(CCC2CCC3C(CCC3C3CCCCC3)C2)CC1
C1CCC(CCCCC2CC3CCCCC3C2)CC1
C1CCC2CCC3C4CCCC4CCC3C2CC1
C1CCC(CCC(CC2CCCCC2)C2CCCCC2)CC1
C1CCC(CCC2CCCC3CC4C(CCC4C4CCCCC4)CC23)CC1
C1CCC(CCCCCC2CC3CCCCC3C2)CC1
C1CCC(CCCCC2CCC3CCC(C4CCCC5CCCC54)CC3C2)CC1
C1CCC(CCCCC2CC3CCCCC3C2)CC1
C1CCC(C2CC3C(CCC4CC4)CCC3C3CCC4CCCCC4C23)CC1
C1CCC2CCC(C3CCCC3)CC2CC1
C1CCC(CCCCCC2CCCC3CCCC23)CC1
C1CCC(C2CCC3CC4C(CCC5C6CCCC(CCCC7CC8CCCCC8C7)C6CCC45)CC32)CC1
C1CCC(CCCCCC2CC3CCCCC3C2)CC1
C1CCC(CCCC2CCC3C(CCC3C3CCCCC3)C2)CC1
C1CCC(CCCCCC2CCCC3C(C4CCCCC4)CCC23)CC1
C(CCC1CCC2CCCCC2C1)CCC1CCCC2CCCCC12
C1CCC(CCCC2CCC3CCC(C4CCCC5CCCC54)CC3C2)CC1
C(CCCC1CCCC2CCCC12)CCC1CCCCC1
C1CCC(C2CCC(C3CC4CCCC4C4CCC5CCCCC5C4C3)CC2)C1
C1CCC(CCCC(CC2CC3CCCCC3C2)C2CCCC2)CC1
C1CCC2CCCCC2C(CCCCC2CCCC3CCCCC23)C1
C1CCC2CC(CCCC3CCC4C3CCC3C5CCCCC5CCC43)CC2C1
C1CCC2CCC3C(CCC4C3CCC4(CCCC3CC4CCCCC4C3)CCC3CCCC3)C2CC1
C(CCCC1CCCC2C(C3CCCCC3)CCC12)CCC1CCCCC1
C1CCC2C(C1)CCC1C3CCCC3CCCC21
C1CCC(C2CCC3CC4C(CCC45CCCCCC5)CC32)CC1
C(CCCC1CCCC2C(C3CCCCC3)CCC12)CCC1CCCCC1
C1CCC(CC2CCC3CC4C(CC5CCC6CCCCC65)CCCC4CC23)CC1
C1CCC2CC(C3CCCC4CCCC43)CCC2C1
C1CCC(C2CCC3CCCC3C3CCC4CCCCC4C23)CC1
C1CCC(CCCCC2CCCCC3CCC(C4CCCCC4)CC23)CC1
C1CCC(C2CCC3CC4C(CCC5C6CCCC(CCCC7CC8CCCCC8C7)C6CCC45)CC32)CC1
C1CCC(CCCCCC2CCCCC2)CC1
C1CCC(CCCCC2CC3CCCCC3C2)CC1
C1CCC(CCC2CCC3C(CCC3C3CCCCC3)C2)CC1
C1CCC2C(C1)CCC1C3CCCC3CCC21
C1CCC(CCCCC2CC3CCCCC3C2)CC1
C1CCC(CCCCC2CC3CCCCC3C2)CC1
C1CCC(CCC2CCC3C(CCC4C5CCCC5CCC34)C2)CC1
C1CCC(C2CCC3C(CCCCCC4CCC4)CCCC23)CC1
C1CCC(C2CCC3CCCC3C3CCC4CCCCCC4C23)CC1
C1CCC(CCCC2CCCC(C3CCC4CC(CCC5CCC6CCCCC6C5)CCC43)C2)CC1
C1CCC(C2CC3CCCC3C3CCC4CCCCC4C23)CC1
C1CCC(CCCCC2CC3CCCCC3C2)CC1
C1CCC2CC(CC3CCCC4CCCC43)CCC2C1
C(CCC1CCCC2CCCC12)CC1CC2CCCCC2C1
C1CCC(CC2CCCC(CC3CCC4CC(CCC5CCC6CCCCC6C5)CCC43)C2)C1
C(CCC1CCCC2CCCCC12)CC1CCCC2CCCCC12
C(CCC1CCC2CCCCC2C1)CCC1CCCC2CCCCC12
C1CCC(CCCCC2CC3CCCCC3C2)CC1
C1CCC(C2CC3CCCC3C3CCC4CCCCC4CC23)CC1
C(CCCC1CCCCC1)CCCC1CCC(C2CCCCC2)C1
C1CCC(CC2CC3CCCCC3C3CCC4CCCCC4C23)CC1
C1CCC(CC(CC2CCCCC2)C2CCCCC2)CC1
C1CCC(C2CCC(CCCCCC3CCCCC4CCCCC34)C2)CC1
C1CCC2C(C1)CCC1C3CCCCC3CCC21
C1CCC2CC(CCCC3CCC4C3CCC3C5CCCCC5CCCC43)CCC2C1
C1CCC(CCC2CCCC(C3CCCC4C(C5CCCCC5)CCC34)C2)CC1
C1CCC(CCCCCC2CCC3CCCCC23)CC1
C1CCC(CCCCCC2CCC3CCCCC3C2)CC1
C1CCC(C2CCC3C(CCC34CCCC4)C3CCC4CCCCC4C3C2)CC1
C1CCC(CC2CCC3C(CC4CCCCC4)CCC3C2)CC1
C1CCC(CCC2CCC(C3CCC4C(CCC4C4CCCCC4)C3)CC2)CC1
C1CCC2CC(CC3CCCC4CCCC43)CCC2C1
C(CCC1CCC2CCCCC2C1)CCC1CCCC2CCCC12
C1CCC(C2CCC3C(CCC4CCCCC43)C2)CC1
C1CCC2CCC(C3CCCC4CCCC43)CC2CC1
C1CCC(CC2CC3CCCCC3C2C2CCCCC2)CC1
C1CCC(C2CC3CCCC3C3CCC4CCCCCC4C23)CC1
C1CCC(CCC2CCC3C(CCC3C3CCCCC3)C2)CC1
C1CCC(CCC(CCC2CCC3CCCC3C2)CC2CCCCC2)CC1
C1CCC(CCC2CCC(CCC3CCCC(CC4CCCC4)C3)CC2)CC1
C1CCC(CCCCCC2CCCCC2)CC1
C1CCC2C(C1)CCCC1CCCCC12
C1CCC2CCC3C4CCCCC4CC(CC4CCCC4)C3C2CC1
C1CCC2CC(C3CCCC3)C3CCCCC3CC2C1
C1CCC(CCC2CCC3C(CCCC4C5CCCC5CCC34)C2)CC1
C(CCC1CCCC2CCCCC12)CC1CCC2CCCCC2C1
C(CCCC1CCCC2CCCC12)CCC1CCCCC1
C(CCCC1CCCC2C(C3CCCCC3)CCC12)CCC1CCCCC1
C1CCC(C2CCC3CC4C(CCC32)CCC42CCCCC2)CC1
C1CCC2C(C1)CCC1C3CCCC3CCC21
C1CCC2CC(CCCC3CCC4C3CCC3C5CCCCC5CCC43)CC2C1
C1CCC2CCC(C3CCCC4CCCC43)CC2CC1
C1CCC(CCCCCC2CC3CCCCC3C2)CC1
C1CCC(C2CCC3CCCC3C3CCC4CCCCC4C23)CC1
C1CCC(CCCC2CCCCC2)CC1
C(CCCC1CCCCC1)CCCC1CCC(C2CCCCC2)C1
C1CC2CCC3C(CCC4CCCCC43)CC2C1
C1CCC(CCC2CCC3C(CCC3C3CCCC(CC4CCCC4)C3)C2)CC1
C1CCC(CCC(CCC2CCC3CCCCC3C2)CC2CCCCC2)CC1
C1CCC(C2CC3CCCC3C3CCC4CCCCC4C23)CC1
C1CCC(CC2CCCCC2CC2CC3CCCCC3C3CCC4CCCCC4C23)CC1
C1CCC(CCC2CCC3C(CCC4CC(C5CCCCC5)CCC43)C2)CC1
C(CCCC1CCCCC1)CCCC1CCC(CC2CCCCC2)C1
C1CCC(CCCC23CCCC2CC2C4CCC5CCCCC5C4CCCC23)C1
C1CCC(C2CC3CCCC3C3CCC4CCCCC4C23)CC1
C1CCC2CCC(C3CCCC4CCCC43)CC2CC1
C1CCC(C2CC3CCCCC3C3CCCCC23)CC1
C1CCC(CC2CCC(CC(CC3CCCCC3)C3CCCCC3)CC2)CC1
C1CCC(C2CCC(CCCCCC3CCCC4CCCCC34)C2)CC1
C1CCC(CCCCCC2CCC3CCCCC23)CC1
C1CCC(CC2CC3CCCCC3C3CCC4CCCCCC4C23)CC1
C1CCC(C2CCC3CC4(CCCCCCC4C4CCCCC4)CCC32)CC1
C1CCC2CC(CCCC3CCC4C3CCC3C5CCCCC5CCC43)CC2C1
C1CCC2CC(C3CCCC4CCCC43)CCC2C1
C1CCC(CC2CCC3CC4C(CCC45CCCCC5)CC23)CC1
C1CCC(C2CC3CCCC3C3CCC4CCCCC4C23)CC1
C1CCC2CCC3C4CCCCC4CC(CC4CCCC4)C3C2CC1
C1CCC(C2CC3CCCC3CC3CCC4CCCCC4C32)CC1
C1CCC(C2CCC3CC4CCCCC4CC32)CC1
C1CCC(CCCC(CCC2CCC3CCCC3C2)CC2CCCCC2)CC1
C1CCC(CCCCC2CC3CCCCC3C2)CC1
C1CCC2C(C1)CCCC2CCCC1CCCC2C1CCC1C3CCCCC3CCC21
C1CCC(C2CC3CCCCC3C3CCCCC23)CC1
C1CCC2CC(CCCC3CCCC4C3CCC3C5CCCCC5CCC43)CC2C1
C1CCC(CC2CC3CCCCC3C3CCC4CCCCCC4C23)CC1
C1CCC(CCCCCC2CCC3CCCCC23)CC1
C1CCC(CCCCC2CCC3CCCCC23)CC1
C1CCC(CCC2CCC3C(CCCC4C5CCCC5CC(CCC5CCCCC5)C34)C2)CC1
C1CCC(C2CCC(CCCCCC3CCCC4CCCCC34)C2)CC1
C(CCCC1CCCC2CCCCC12)CCC1CCCC1
C1CCC(CCC2CCC(CCC3CCCC(CC4CCCC4)C3)CC2)CC1
C1CCC(CC2CCC(CC(CC3CCCCC3)C3CCCCC3)CC2)CC1
C1CCC(CCC2CCC3C(CCC3C3CCCCC3)C2)CC1
C1CCC(CCCCC2CCCC3CCCCC23)CC1
C1CCC(CCC(CC2CC3CCCCC3C2)C2CCC2)CC1
C1CCC(CC2CCC(CCCC3CCC4CCCC4C3)CC2)C1
C1CCC(CC2CCC3CCCCC3C3CCC4CCCCC4C23)CC1
C1CCC(C2CCC3CC4C(CCC5C6CCCC(CCCC7CCC8CCCCC8C7)C6CCC45)CC32)CC1
C(CCC1CCC2C(CCC3C4CCCC4CCC23)C1)CC1CCC(C2CCC(C3CC4CCCC4C4CCC5CCCCC5C34)CC2)CC1
C1CCC(CCC(CCC2CCC3CCCC3C2)CC2CCCCC2)CC1
C1CCC2CC(CCCC3CCCCC4CCCCC43)CC2C1
C1CCC2C(C1)CCCC1C3CCCC3CCC21
C1CCC(C2CC3CCCC3C3CCC4CCCCC4C23)CC1
C(CCC1CCCC2CCCCC12)CC1CCC2CCCCC2C1
C1CCC(CCC(CC2CCCC2)CC2CC3CCCCC3C2)CC1
C1CCC(C2CCC3CCCCC3C3CCC4CCCCC4C23)CC1
C1CCC(C2CCC3CCC4C(CCC45CCCC5)CC32)CC1
C1CCC(C2CCC3CC4CCCCC4CC32)CC1
C1CC2CCCC2C(CC2CC3CCCCC3C3CCCC23)C1
C1CCC(CCC2CCC3C(CCC3C3CCCCC3)C2)CC1
C(CCCC1CCCC2C(C3CCCCC3)CCC12)CCC1CCCCC1
C1CCC(CCCCCC2CC3CCCCC3C2)CC1
C(CCCC1CCCC2C(C3CCCCC3)CCC12)CCC1CCCCC1
C1CCC(C2CC3CCCC3C3CCC4CCCCC4C23)CC1
C1CCC(CCCCCC2CCC3C2CCC2C4CCCCC4CCC32)CC1
C1CCC(CCC2CCC3C(CCC3C3CCCCC3)C2)CC1
C(CCCC1CCCCC1)CCCC1CCC(C2CCCCC2)C1
C1CCC(CC2CCC(CC(CC3CCCCC3)C3CCCCC3)CC2)CC1
C1CCC2C(C1)CCC1C2CCC2C3CCCC3CC21
C1CCC2C(C1)CCC1C3CCCC3CCC21
C1CCC(CCCC2CCCC3C2CCC2C4CC5CCC(C6CCCCC6)C5CC4CCC32)CC1
C1CCC(CCC2(CCCC3CCC4CCCCC4C3)CCC3C4CCC5CCCCC5C4CCCC32)C1
C1CCC(CCCCCC2CCCC3C(C4CCCCC4)CCC23)CC1
C1CCC(C2CCC3CC4C(CCC5C6CCCC(CCCC7CC8CCCCC8C7)C6CCC45)CC32)CC1
C1CCC(C2CCC3CCCC3C3CCC4CCCCC4C23)CC1
C1CCC(C2CC3C(CCC4CC4)CCC3C3CCCC4CCCCC4C23)CC1
C1CCC(C2CC3CCCC3C3CCC4CCCCCC4C23)CC1
C1CCC(CC2CC3CCCCC3C3CCC4CCCCCC4C23)CC1
C1CCC2C(C1)CCC1CCCCC12
C1CCC2CC(CCCC3CCCCC4CCCCC43)CC2C1
C1CCC(CCCCCC2CCCC3C(C4CCCCC4)CCC23)CC1
C1CCC(CCC2CCC3C(CCC3C3CCCCC3)C2)CC1
C1CCC2CCC3C(CCC4C5CCCC5CC43)C2CC1
C1CCC2C(C1)CCC1C3CCCC3CCC21
C1CCC(CCCCC2CC3CCCCC3C2)CC1
C1CCC2CC(CCCC3CCCC4C3CCC3C5CCCCC5CCC43)CCC2C1
C1CCC(CC2CCC3C(CCCCCC4CCC(C5CCCC5)C4)CCCC23)CC1
C1CCC(C2CCC3CC4C(CCC32)CCC42CCCCC2)CC1
C1CCC(CCCCCC2CCCCC2)CC1
C1CCC(CCCCC2CCC3CCCCC23)CC1
C1CCC(C2CCC3CC4C(CCC5C6CCC(CCCCC7CC8CCCCC8C7)C6CCC45)CC32)CC1
C(CCCC1CCCCC1)CCCC1CCC(C2CCCCC2)C1
C1CCC2C(C1)CCCC1C3CCCC3CCC21
C1CCC(C2CCC3CC4CCCCC4CCC32)CC1
C1CCC(C2CCC3C(CCC34CCCC4)C3CCC4CCCCC4C23)CC1
C1CCC(C2CCC3CC4C(CCCCC45CC(C4CCCCC4)C(C4CCCCC4)C5)CC32)CC1
C(CCCC1CCCC2C(C3CCCCC3)CCC12)CCC1CCCCC1
C1CCC(CCCCCC2CCCC3C(C4CCCCC4)CCC23)CC1
C1CCC2CC(CCCC3CCCC4C3CCC3C5CCCCC5CCC43)CC2C1
C1CCC(C2CCC3CCCC3C3CCC4CCCCC4C23)CC1
C1CCC(CCCC2CCC3CCCC3C2)CC1
C1CCC2CC(C3CCCC4CCCC43)CCC2C1
C1CCC(C2CC3CCCC3C3CCC4CCCCCC4C23)CC1
C1CC(C2CCC(C3CC4CCCCC4C4CCC5CCCCC5C34)CC2)C1
C1CCC(CCC2CCC3C(CCC3C3CCCCC3)C2)CC1
C1CCC2C(C1)CCC1C3CCCC3CCC21
C1CCC2C(C1)CCC1C3CCCC3CCC21
C1CCC2CCC3C4CCCC4CCC3C2CC1
C1CCC(CCCCCC2CCCCC2)CC1
C1CCC(CCCCCC2CCCC3C(CC4CCCCC4)CCC23)CC1
C1CCC2CC(CCCC3CCCC4C3CCC3C5CCCCC5CCC43)CC2C1
C1CCC(CCCC2CCC3C(CCC3C3CCCCC3)C2)CC1
C1CCC(CCC2CCC3C(CCC3C3CCCCC3)C2)CC1
C1CCC(C2(CCCCC3CCC4CCCCC4C3)CCCC3CCCCC32)CC1
C1CCC(C2CC3CCCC3C3CCC4CCCCC4C23)CC1
C1CCC(C2CCC3CC4C(CCC5C6CCC(CCCCC7CCC8CCCCC8C7)C6CCC45)CC32)CC1
C1CCC2CC(C3CCCC4CCCC43)CCC2C1
C1CCC(CC2CCC3CCCCC3C3CCC4CCCCC4C23)CC1
C1CCC2CCC(C3CCCC4CCCC43)CC2CC1
C1CCC2C(C1)CCCC1CCCCC12
C1CCC(C2CCC3CC4C(CCCC45CCCC5)CC32)CC1
C(CCC1CCCC2CCCCC12)CC1CCC2CCCCC2C1
C1CCC(CCC2CCC3C(CCC3C3CCCCC3)C2)CC1
C(CCCC1CCCCC1)CCCC1CCC(C2CCCCC2)C1
C1CCC(C2CCC3CC4C(CCC5C6CCC(CCCCC7CCC8CCCCC8C7)C6CCC45)CC32)CC1
C(CCCC1CCCCC1)CCCC1CCC(C2CCCCC2)C1
C1CCC(CC2CCC3CC4C(CCC45CCCC5)CC23)CC1
C1CCC(CCCCC2CCC3CCC(C4CCCC5CCCC54)CC3C2)CC1
C1CCC2CC(CCCC3CCC4C3CCC3C5CCCCC5CCCC43)CC2C1
C1CCC2C(C1)CCC1C3CCCCC3CCC21
C1CCC(C2CCC3CC4C(CCCC5C6CCCC6CCC45)CC32)CC1
C1CCC(CCCCCC2CCCC3C(CC4CCCCC4)CCC23)CC1
C1CCC(CCCCCC2CCCC3C(C4CCCCC4)CCC23)CC1
C1CCC2C(C1)CCCC1CCCCC12
C1CCC(CCCCCC2CCCC3C(C4CCCCC4)CCC23)CC1
C(CCC1CCCC2CCCCC12)CC1CCC2CCCCC2C1
C1CCC2C(C1)CC(C1CCCC1)C1CCCCC21
C1CCC(CC2CC3CCCCC3C3CCC4CCCCC4C23)CC1
C1CCC(CC2CCC3C(CCC3C3CCCCC3)C2)CC1
C1CCC(CCCC2CCC3CCC(C4CCCC5CCCC54)CC3C2)CC1
C1CCC(CCC2CCC3C(CCC3C3CCCCC3)C2)CC1
C1CCC(C2CCC(CCCCCC3CCCC4CCCCC34)C2)CC1
C1CCC(C2CCC3CC4C(CCC5C6CCC(CCCC7CC8CCCCC8C7)C6CCC45)CC32)CC1
C1CCC(CCCCC2CC3CCCCC3C2)CC1
C1CCC(CCCC2CCC3CCC(C4CCCC5CCCC54)CC3C2)CC1
C1CCC(CCCCCC2CC3CCCCC3C2)CC1
C1CCC(C2CCC3CC4C(CCC5C6CCC(CCCCC7CCCC8CCCCC78)C6CCC45)CC32)CC1
C1CCC(C2CCC3CC4C(CCC45CCCC5)CC32)CC1
C1CCC2C(C1)CCC1CCCCC12
C1CCC(CCC2CCC(CCC3CCCC(CC4CCCC4)C3)CC2)CC1
C1CCC(CCCCCC2CCC3CCCCC23)CC1
C1CCC(CCCC2CCCCC3CCC(C4CCCC5CCCC54)CC23)CC1
C1CCC(CC2CC3CCCCC3C3CCC4CCCCC4C23)CC1
C1CCC(CCCCC2CC3CCCCC3C2)CC1
C1CCC2C(C1)CCC1C3CCCC3CCC21
C1CCC(CCCC2CCCC3CCC(C4CCCC5CCCC54)CC3C2)CC1
C1CCC2CCC(C3CCCC4CCCC43)CC2CC1
C1CCC(CCC2CCC3C(CCCC4CCCCC43)C2)CC1
C1CCC(CCCCC2CC3CCCCC3C2)CC1
C1CCC(CC2CC3CCCCC3C3CCC4CCCCCC4C23)CC1
C1CCC(CCCCC2CC3CCCCC3C2)CC1
C1CCC(CCCCC2CCCC3CCC(C4CCCC5CCCC54)CC23)CC1
C1CCC(CCC2CCC3C(CCC3C3CCCCC3)C2)CC1
C1CCC(C2CCC3CC4C(CCC45CCCCC5)CC32)CC1
C1CCC(C2CCC3CC4C(CCC45CCCCCC5)CC32)CC1
C(CCC1CCCC2CCCC12)CC1CC2CCCCC2C1
C1CCC(CCC2CCCCC2)CC1
C1CCC(CCC2CCC3C(CCC3C3CCCC(CCC4CCCC4)C3)C2)CC1
C1CCC2C(C1)CCC1C3CCCC3CCC21
C1CCC(C2CC3CCCC3C3CCC4CCCCCC4C23)CC1
C1CCC(CC2CC3CCCCC3C3CCC4CCCCC4C23)CC1
C1CCC2CC(CC3CCCC4CCCC43)CCC2C1
C1CCC(CCCCCC2CCCC3C(C4CCCCC4)CCC23)CC1
C1CCC(C2CCC3CC4C(CC5CCC6CCCCC65)CCCCC4CC32)CC1
C1CCC(CCC2CCC(CC3CCC4C(CCC4C4CCCCC4)C3)CC2)CC1
C(CCCC1CCCCC1)CCCC1CCC(C2CCCCC2)C1
C1CCC(CCCCCC2CCCC3C(C4CCCCC4)CCC23)CC1
C(CCC1CCCC2CCCC12)CC1CC2CCCCC2C1
C1CCC(CCC2CCC(CCC3CCCC(CC4CCCC4)CC3)CC2)CC1
C1CCC(CCCC2CCCC(C3CCC4CC(CCC5CCC6CCCCC6C5)CCC43)C2)CC1
C1CCC(C2CC3CCCC3C3CCC4CCCCC4C23)CC1
C1CCC(CCCCC2CCC3CCCCC23)CC1
C1CCC2CCC3C4CCCC4CCC3C2CC1
C1CCC(CCC2CCCC3CC4C(CCC23)CCC4C2CCCCC2)CC1
C(CCCC1CCCCC1)CCC1CCCCC1
C1CCC(CC2CCC3CC4C(CCC5C6CCC(CCCC7CC8CCCCC8C7)C6CCC45)CC23)CC1
C1CCC(CCCCCC2CCCCC2)CC1
C1CCC(C2CCC3CC4CCCCC4CC32)CC1
C1CCC(C2CCCC(CC3CC4CCCCC4C4CCC5CCCCC5C34)C2)C1
C1CCC(C2CCC(C3CC4CCCC4C4CCC5CCCCC5C34)CC2)C1
C1CCC2CC(C3CCCC4CCCC43)CCC2C1
C1CCC(CCCCC2CCC3CCC(C4CCCC5CCCC54)CC3C2)CC1
C1CCC(C2CCC3CC4CCCCC4CC32)CC1
C1CCC(CC2CCC3C(CC4CCCCC4)CCC3C2)CC1
C1CCC(CC2CCC3C(CCC3C3CCCCC3)C2)CC1
C1CCC2CC(C3CCCC4CCCC43)CCC2C1
C(CCCC1CCCC2C(C3CCCCC3)CCC12)CCC1CCCCC1
C1CCC2C(C1)CCC1C3CCCC3CCC21
C1CCC(CCCC2CCC3C(CCC3C3CCCCC3)C2)CC1
C(CCCC1CCCC2C(C3CCCCC3)CCC12)CCC1CCCCC1
C(CCC1CCC2C(CCC3C4CCCC4CCCC23)C1)CC1CCC(C2CC3CCCC3C3CCC4CCCCC4C23)CC1
C1CCC(C2CC3CCCC3C3CCC4CCCCC4C23)CC1
C1CCC(CC2CCC3CC4C(CCC45CCC(C4CCCCC4)C5)CC23)CC1
C1CCC(C2CC3C(CCCC4CC4)CCC3C3CCC4CCCCC4C23)CC1
C1CCC(CCC2CCC(CCC3CCCC(CC4CCCC4)C3)CC2)CC1
C1CCC(CCCC(CCC2CCC3CCCC3C2)CC2CCCCC2)CC1
C1CC2CCCC2C(CC2CC3CCCCC3C3CCCC23)C1
C1CCC(CCCCC2CCC3CCCCC23)CC1
C1CCC2CCC(C3CCCC4CCCC43)CC2CC1
C1CCC(CC2CC3CCCCC3C3CCC4CCCCC4C23)CC1
C1CCC(C2CCC3CC4C(CCCC45CCCC5)CCC32)CC1
C1CCC(CCCCC2CC3CCCCC3C2)CC1
C1CCC(CCCCC2CC3CCCCC3C2)CC1
C1CCC(CCCCC2CC3CCCCC3C2)CC1
C1CCC(CCC2CCC3C(CCC3C3CCCCC3)C2)CC1
C1CCC(CCCCC2CC3CCCCC3C2)CC1
C1CCC2CCC(C3CCCC4CCCC43)CC2CC1
C1CCC2CC3CCC4CCCC4C3CCC2C1
C(CCCC1CCCC2C(C3CCCCC3)CCC12)CCC1CCCCC1
C1CCC(C2CC3CCCC3C3CCC4CCCCC4C23)CC1
C1CCC(C2CC3CCCC3CC3CCC4CCCCC4C32)CC1
C1CCC(CCC2CCCC3CC4C(CCC4C4CCCCC4)CC23)CC1
C1CCC(CCCC(CCC2CCC3CCCC3C2)CC2CCCCC2)CC1
C1CCC2CC(CC3CCCC4CCCC43)CCC2C1
C1CCC(CCCC2CCC3C2CCC2C4CCCCC4CCC32)C1
C1CCC2C(C1)CCCC1CCCCC12
C1CCC2CC(C3CCCC4CCCC43)CCC2C1
C1CCC2C(C1)CCC1C2CCC2C3CCCC3CC21
C1CCC2CCC(C3CCCC4CCCC43)CC2CC1
C(CCC1CCCC2CCCCC12)CC1CCCC2CCCCC12
C1CCC(C2CCC3CC4C(CCCC4CC4CC5CCCCC5C4)CCC32)CC1
C1CCC(CCC2CCC3C(CCC3C3CCCCC3)C2)CC1
C(CCCC1CCCCC1)CCC1CCCCC1
C1CCC(CC2CC3CCCCC3C3CCC4CCCCCC4C23)CC1
C1CCC(C2CC3CCCC3C3CCC4CCCCC4CC23)CC1
C1CCC(CCC(CCC2CCC3CCCC3C2)CC2CCCCC2)CC1
C1CCC(CCC(CC2CCC3C(CCC3C3CCCCC3)C2)C2CCCCC2)CC1
C1CCC2C(C1)CCC1C3CCCC3CCC21
C1CCC(C2CCC3CC4C(CCC45CCCCC5)CC32)CC1
C1CCC(C2CCC3CC4(CCCCCC4C4CCCCC4)CCCC32)CC1
C(CCC1CCCC2CCCC12)CC1CC2CCCCC2C1
C1CCC(CCCCC2CC3CCCCC3C2)CC1
C1CCC(C2CCC3CC4C(CCCC45CCCCC5)CC32)CC1
C(CCCC1CCCC2C(C3CCCCC3)CCC12)CCC1CC1
C1CCC(CC2CCCCCC23CCC2CCC(C4CCCCC4)C2CC3)CC1
C1CCC(CCCCCC2CCC3CCCCC23)CC1
C1CCC(CC2CCC3CC4CCCCC4CC23)CC1
C1CCC(CCC2CCC3C(CCC3C3CCCCC3)C2)CC1
C(CCCC1CCCC2CCCC12)CCC1CCCCC1
C(CCCC1CCCC2C(C3CCCCC3)CCC12)CCC1CCC(C2CCCC2)C1
C1CCC(C2CC3CCCC3C3CCC4CCCCC4CC23)CC1
C1CCC2CCC(CCC3CCC4C(CCC4C4CCCC(CC5CCCC5)C4)C3)CC2CC1
C1CCC(CC2CCC3C(CCC3C3CCCCC3)C2)CC1
C1CCC2CC(CC3CCCC4CCCC43)CCC2C1
C1CCC2CCC(C3CCCC3)CC2CC1
C1CCC2CC(C3CCCC4CCCC43)CCC2C1
C1CCC(C2CC3CCCC3C3CCC4CCCCC4CC23)CC1
C1CCC(C2CCC3CC4C(CCC45CCCCCC5)CC32)CC1
C1CCC(C2CC3CCCC3C3CCC4CCCCC4C3C2)CC1
C1CCC2C(C1)CC(C1CCCC1)C1CCCC21
C1CCC(CC2CC3CCCCC3C3CCC4CCCCC4C23)CC1
C1CCC(CCCC2CCC3C2CCC2C4CCC5CCC(C6CCCCC6)C5CC4CCC32)CC1
C(CCC1CCCC2CCCCC12)CCC1CCCC2CCCC12
C1CCC2C(C1)CCC1C3CCCC3CCC21
C1CCC2CCC3C(CCC4C3CCC4(CCCC3CC4CCCCC4C3)CCC3CCCC3)C2CC1
C1CCC2CCC3C4CCC(CCCC5CC6CCCCC6C5)C4CCC3C2CC1
C(CCCCC1CCC(C2CCCCC2)C1)CCCC1CCC2CCCC2C1
C(CCC1CCC2C1CCC1C3CCCCC3CCC21)CC1CC2CCCCC2C1
C1CCC(CCCC2CC3CCCCC3C2CC2CCCCC2)CC1
C1CCC2CC(C3CCCC4CCCC43)CCC2C1
C1CCC(CCCCCC2CC3CCCCC3C2)CC1
C1CCC(CCCCC2CC3CCCCC3C2)CC1
C1CCC2CC(CCCC3CCC4C3CCC3C5CCCCC5CCCC43)CC2C1
C(CCCC1CCCCC1)CCCC1CCC(C2CCCCC2)C1
C1CCC(CCCCCC2CCC3CCCCC23)CC1
C1CCC(CCC2CCC(C3CCC4C(CCC4C4CCCCC4)C3)CC2)CC1
C1CCC(CCCCCC2CCCC3C(C4CCCCC4)CCC23)CC1
C1CCC(CCC2CCC(CCC3CCCC(CC4CCCC4)C3)CC2)CC1
C1CCC(CCC2(CCCC3CC4CCCCC4C3)CCC3C4CCC5CCCCC5C4CCC32)C1
C1CCC(CCCC2CC3CCCCC3C2C2CCCCC2)CC1
C1CCC(CCC2CCCCC2)CC1
C1CCC2C(C1)CCC1C2CCC2C3CCCC3CC21
C1CCC(CCCCCC2CC3CCCCC3C2)CC1
C1CCC(C2CCC3CCC4C(CC5CC6CCCCC6C5)CCCC4CC32)CC1
C1CCC(C2CCC3CC4C(CCC5C6CCCC(CCCC7CC8CCCCC8C7)C6CCC45)CC32)CC1
C1CCC(CC2CCC3CC4CCCCC4CC23)CC1
C1CCC(C2CCC3CC4C(CCC5C6CCC(CCCCC7CCC8CCCCC8C7)C6CCC45)CC32)CC1
C1CCC(CCC2CCC(C3CC3)CC2)CC1
C1CCC(CC2CCC(CC(CC3CCCCC3)C3CCCCC3)CC2)CC1
C1CCC2CC(CC3CCCC4CCCCC43)C3C(CCC4CCCCC43)CC2C1
C1CCC(CCCCC2CCCC(C3CCC4CC(CCC5CCC6CCCCC6C5)CCC43)C2)CC1
C(CC1CCC2CCCCC2C1)CC1CCC2C(CCC3C4CCCCC4CCC23)C1
C1CCC2CCC(C3CCCC4CCCC43)CC2CC1
C1CCC(C2CC3CCCCC3C3CCC4CCCCC4C23)CC1
C1CCC2C(C1)CCC1C2CCC2C3CCCC3CC21
C1CCC2CC(CCCC3CCC4C3CCC3C5CCCCC5CCC43)CCC2C1
C1CCC(CCCCCC2CCCCC2)CC1
C1CCC(CC2CC3CCCCC3C3CCC4CCCCC4C23)C1
C1CCC(C2CC3CCCC3C3CCC4CCCCCC4C23)CC1
C1CCC(CCCCC2CCC3CCCCC23)CC1
C1CCC(CCC2(CCCC3CC4CCCCC4C3)CCC3C4CCC5CCCCC5CC4CCC32)C1
C1CCC(CCCCCC2CC3CCCCC3C2)CC1
C(CCCC1CCCC2C(C3CCCCC3)CCC12)CCC1CCC(C2CCCC2)C1
C1CCC2C(C1)CCC1C3CCCC3CCC21
C1CCC2C(C1)CCC1C3CCCC3CCC21
C1CCC(C2CC3CCCC3C3CCC4CCCCCC4C23)CC1
C(CCCC1CCCC2C(C3CCCCC3)CCC12)CCC1CCC(C2CCCC2)C1
C1CCC(C2CCC3CC4C(CCC45CCCCC5)CC32)CC1
C1CCC2CC(C3CCCC4CCCC43)C3CCCC3C2CC1
C1CCC(C2CC3CCCC3C3CCC4CCCCC4C23)CC1
C1CCC(CCC2CCC3C(CCC4CCCCC43)C2)CC1
C1CCCC(CCC2CCC(CCC3CCCCC3)CC2)CC1
C(CCCC1CCCC2C(C3CCCCC3)CCC12)CCC1CCC(C2CCCC2)C1
C1CCC(CCC(CC2CC2)CC2CC3CCCCC3C2)CC1
C1CCC2CC(CCCC3CCC4C3CCCC3C5CCCCC5CCC34)CC2C1
C1CCC(C2CCC(CCCCCC3CCCC4CCCCC34)C2)CC1
C(CCC1CCCC2CCCCC12)CC1CCC2CCCCC2C1
C1CCC2C(C1)CCC1C3CCCCC3CCC21
C1CCC(C2CCC3CC4C(CCC5C6CCCC(CCCC7CCCC8CCCCC87)C6CCC45)CC32)CC1
C1CCC(CCC2CCC(CCC3CCCC(CC4CCCC4)C3)CC2)CC1
C1CCC2CC(C3CCCC4CCCC43)CCC2C1
C1CCC(CCC2CCC3C(CCC3C3CCCCC3)C2)CC1
C1CCC(CCC2CCCC(C3CCCC4C(C5CCCCC5)CCC34)C2)CC1
C1CCC(CCCCC2CC3CCCCC3C2)CC1
C1CCC(CCC2CCCCC2CC2CC3CCCCC3C3CCC4CCCCC4C23)CC1
C1CCC(C2CC3CCCC3C3CCC4CCCCC4C23)CC1
C1CCC(CCCCC2CCC3CCCCC23)CC1
C1CCC(CCCCCC2CCCC3C(C4CCCCC4)CCC23)CC1
C1CCC(CC2CC3CCCCC3C3CCC4CCCCCC4C23)CC1
C1CCC2C(C1)CC(C1CCCC3CCCC31)C1CCCC21
C1CCC(C2CCC3CC4(CCCCCC4C4CCCCC4)CCC32)CC1
C1CCC(CCCCCC2CCC3CCCCC23)CC1
C1CCC(C2CCC3CCC4C(CCC45CCCC5)CC32)CC1
C(CCC1CCCC2CCCCC12)CC1CC2CCCCC2C1
C1CCC(CCCC2(CCC3CCCC3)CCC3C4CCC5CCCCCC5C4CCC32)CC1
C1CCC(CCCC2CCC3C(CCC3C3CCCC(CCC4CCCC4)C3)C2)CC1
C1CCC(CCC2CCC(C3CCC4C(CCC4C4CCCCC4)C3)CC2)CC1
C(CCC1CCCC2CCCC12)CC1CC2CCCCC2C1
C1CCC2C(C1)CCC1C3CCCC3CCC21
C(CCC1CCC2C1CCC1C3CCCCC3CCC21)CC1CC2CCCCC2C1
C1CCC2CC(C3CCCC4CCCC43)CCC2C1
C1CCC2C(C1)CCCC1CCCCC12
C1CCC(CC2CC3CCCCC3C3CCC4CCCCC4C23)CC1
C(CCCC1CCCCC1)CCCC1CCC(CC2CCCCC2)C1
C1CCC(C2CCC3CC4C(CCC45CCCCC5)CC32)CC1
C1CCC2CC(CCCC3CCC4C3CCC3C5CCCCC5CCC43)CC2C1
C(CCC1CCC2C1CCC1C3CCCCC3CCC21)CC1CCC2CCCCC2C1
C(CCC1CCC2C1CCC1C3CCCCC3CCC21)CC1CC2CCCCC2C1
C1CCC(C2CCCCC2CC2CC3CCCCC3C3CCC4CCCCCC4C23)CC1
C1CCC(CCCCCC2CCC3CCCCC23)CC1
C1CCC2C(C1)CCC1C3CCCCC3CCC21
C1CCC2CCC(C3CCCC4CCCC43)CC2CC1
C1CCC(CCCCCC2CCC3CCCC3C2)CC1
C1CCC(CCCCC2CC3CCCCC3C2)CC1
C1CCC(CCCCC2CC3CCCCC3C2)CC1
C1CCC(CCC2CCCC3CCC4C(CCC4C4CCCCC4)CC23)CC1
C1CCC(C2CC3CCCC3CC3CCC4CCCCC4C32)CC1
C1CCC(C2CC3CCCCC3C3CCC4CCCCC4C23)CC1
C1CCC(CCC2CCC(CCC3CCCC(CC4CCCCC4)C3)CC2)CC1
C1CCC2C(C1)CCC1C3CCCCC3CCC21
C1CCC(C2CCC3CCCC3C3CCC4CCCCC4C23)CC1
C1CCC(CCC2CCC3C(CC4CCCC4)CCC3C2)CC1
C1CCC(CCC2CCC(CCCC3CCCC(CC4CCCC4)C3)CC2)CC1
C1CCC2CC(CCCC3CCC4C3CCC3C5CCCCC5CCCC43)CC2C1
C1CCC(CCC2CCC3C(CCC3C3CCCCC3)C2)CC1
C1CCC(C2CC3CCCC3C3CCC4CCCCC4C23)CC1
C1CCC2CC(C3CCCC4CCCC43)CCC2C1
C1CCC(CC2CC3CCCCC3C3CCC4CCCCC4C23)CC1
C(CCCC1CCCC2CCCC12)CCC1CCCCC1
C1CCC(C2CC3CCCCC3CC3CCCCC32)CC1
C1CCC2CCC(C3CCCC4CCCC43)CC2CC1
C1CCC(CCC2CCC(CCC3CCCC(CC4CCCC4)C3)CC2)CC1
C1CCC(CC2CCC(CC(CC3CCCCC3)C3CCCCC3)CC2)CC1
C(CCC1CCC2C1CCC1C3CCCCC3CCC21)CC1CC2CCCCC2C1
C1CCC2CC(CC3CCCC4CCCC43)CCC2C1
C1CCC2C(C1)CCC1C3CCCC3CCC21
C(CCCC1CCCC2C(C3CCCCC3)CCC12)CCC1CCCCC1
C1CCC(CCC2CCCC3CCC4C(CCC4C4CCCCC4)CC23)CC1
C1CCC(CC(CC2CCCCC2)C2CCCCC2)CC1
C(CCC1CC2CCCCC2C1)CCC1CCCC2CCCC12
C(CCCCC1CCC(C2CCCCC2)C1)CCCC1CCCCC1
C1CCC(C2CCC3CC4C5CCC6CCCC6C(CCC4CC32)C5)CC1
C(CCC1CCCC2CCCC12)CC1CC2CCCCC2C1
C1CCC(CCC2CCC(CCC3CCCCC(CC4CCCC4)C3)CC2)CC1
C1CCC(CCC2CCC3C(CCC3C3CCCC(CC4CCCC4)C3)C2)CC1
C1CCC(C2CCCC3CCCC3C3CCC4CCCCC4C23)CC1
C(CCCC1CCCCC1)CCCC1CCC(C2CCCCC2)C1
C1CCC(CCCCC2CC3CCCCC3C2)CC1
C1CCC2CCC3C4CCC(CCCC5CC6CCCCC6C5)C4CCC3C2CC1
C1CCC(CCC(CCC2CCC3CCCC3C2)CC2CCCCC2)CC1
C1CCC(C2CC3CCCC3C3CCCC4CCCCC4C23)CC1
C1CCC(CCCCC2CC3CCCCC3C2)CC1
C1CCC(CCC2CCC3C(CCCC4CC(C5CCCCC5)CCC43)C2)CC1
C1CCC(CCCCC2CC3CCCCC3C2)CC1
C1CCC2CCC(C3CCCC3)CC2CC1
C1CCC2CC(CC3CCCC4CCCC43)CCC2C1
C1CCC(CCCCCC2CCCC3C2CCC3C2CCCC(CC3CCCCC3)C2)CC1
C1CCC(C2CC3CCCCC3C3CCC4CCCCC4C23)CC1
C(CCC1CCC2C(CCC3C4CCCC4CCC23)C1)CC1CCC(C2CCC(C3CC4CCCC4C4CCC5CCCCC5C34)CC2)CC1
C1CCC(CCC2CCC3C(CCC3C3CCCCC3)C2)CC1
C1CCC(C2CCC3CCC4CCCCC4C3CC2)CC1
C1CCC(C2CCC3CC4C(CCC5C6CCC(CCCC7CCCC8CCCCC87)C6CCC45)CC32)CC1
C1CCC2CC(C3CCCC4CCCC43)CCC2C1
C1CCC(CC2CCC3CC4C(CCCC45CCCC5)CC23)CC1
C1CCC(C2CCC3CC4C(CCC5CC6CCCCC6C5)CCCC4CC32)CC1
C1CCC(CCCCC2CC3CCCCC3C2)CC1
C(CCCC1CCCC2C(C3CCCCC3)CCC12)CCC1CCCCC1
C1CCC(CC2CCC3C(CCC3C3CCCCC3)C2)CC1
C1CCC(CCCCC2CCC3CCCCC23)CC1
C1CCC(CC2CC3CCCCC3C3CCC4CCCCC4C23)C1
C1CCC2CCC(C3CCCC4CCCC43)CC2CC1
C1CCC(CCCCCC2CCCC3C(C4CCCCC4)CCC23)CC1
C1CCC(C2CCC(C3CC4CCCCC4C4CCC5CCCCC5C34)CC2)C1
C1CCC2C(C1)CCC1C3CCCC3CCCC21
C1CCC(C2CCC3(CCC4CCC5C(CCC5C5CCCCC5)CC43)C2)CC1
C1CCC2CC(CCCC3CCCC4C3CCC3C5CCCCC5CCC43)CC2C1
C1CCC(CC2CCCCCC23CCCC2C(CCC2C2CCCCC2)C3)CC1
C1CCC(CCCC2(CCCC3CC4CCCCC4C3)CCC3C4CCC5CCCCC5C4CCC32)C1
C1CCC2C(C1)CC(C1CCCC3CCCC31)C1CCCCC21
C1CCC2C(C1)CCC1C3CCCC3CCC21
C1CCC2CCC(C3CCCC4CCCC43)CC2CC1
C1CCC(C2CCC(C3CC4CCCC4C4CCC5CCCCC5C34)CC2)C1
C(CCCC1CCCC2C(C3CCCCC3)CCC12)CCC1CCCCC1
C1CCC(CCCCC2CCC3CCCCC23)CC1
C1CCC2CC(C3CCCC4CCCC43)C3CCCC3C2CC1
C1CCC(CCCCC2CCC3CCCCC23)CC1
C1CCC(C2CCC3CC4C(CCCC45CCCC5)CC32)CC1
C1CCC(CC2CCC3C(CCC3C3CCCCC3)C2)CC1
C1CCC(CCCCCC2CCCC3C(CC4CCCCC4)CCC23)CC1
C1CCC(CCCCC2CC3CCCCC3C2)CC1
C1CCC(CCCCCC2CCCCC2)CC1
C1CCC(C2CC3C(CCC34CCCC4)C3CCC4CCCCCC4C23)CC1
C1CCC(CCC2CCCCC2CC2CC3CCCCC3C3CCC4CCCCC4C23)CC1
C1CCC(C2CCC3CC4C(CCC32)CCC42CCCCC2)CC1
C(CCCC1CCCCC1)CCCC1CCC(CC2CCCCC2)C1
C1CCC(C2CC3CCCCC3C3CCC(CCCC4CCCC4)CC23)CC1
C1CCC2CCC(C3CCCC4CCCC43)CC2CC1
C1CCC(CCC2CCC(CCC3CCCC(CC4CCCC4)C3)CC2)CC1
C1CCC(CC2CCC3CCC(C4CCCC4)CC32)C1
C1CCC(CC2CC3CCCCC3C3CCC4CCCCC4C23)CC1
C1CCC(CCCCC2CCC3CCCCC23)CC1
C1CCC2C(C1)CCC1C3CCCC3CCC21
C1CCC(C2CC3CCCC3C3CCC4CCCCC4C23)CC1
C1CCC(CCC2CCC(C3CCC4C(CCC4C4CCCCC4)C3)CC2)CC1
C1CCC(CCCCCC2CCC3CCCCC23)CC1
C1CCC2CCC(C3CCCC4CCCC43)CC2CC1
C1CCC(C2CCC3CC4C(CCC45CCCC5)CC32)CC1
C1CCC(C2CC3CCCC3C3CCC4CCCCC4C23)CC1
C1CCC(CCC2CCCCC2)CC1
C1CCC(CCCCC2CC3CCCCC3C2)CC1
C1CCC2C(C1)CC(C1CCCC3CCCC31)C1CCCCC21
C1CCC(CCCCCC2CCCC3C(C4CCCCC4)CCC23)CC1
C1CCC2CCC3C(CCC4C3CCC4(CCCC3CCC4CCCCC4C3)CCC3CCCC3)C2CC1
C1CCC(CC2CC3CCCCC3C3CCC4CCCCC4C23)CC1
C1CCC(CCC2CCC3C(CCC3C3CCCCC3)C2)CC1
C(CCC1CCCC2CCCCC12)CCC1CCCC2CCCC12
C1CCC(C2CCC3CC4C(CCC45CCCCC5)CC32)CC1
C1CCC2CC(C3CCCC4CCCC43)CCC2C1
C1CCC(C2CCC3CC(C4CCC(CCC5CCCC5)CC4)CCC32)CC1
C1CCC(CCCCCC2CCCC3C(C4CCCCC4)CCC23)CC1
C1CCC(C2CCC3CC4C(CCC45CCCCC5)CC32)CC1
C1CCC(CCC2CCC3C(CCC3C3CCCCC3)C2)CC1
C1CCC2C(C1)CCC1C3CCCCC3CCC21
C1CCC2C(C1)CCC1C3CCCC3CCC21
C(CCC1CC2CCCCC2C1)CCC1CCCC2CCCC12
C1CCC(C2CC3CCCC3C3CCC4CCCCCC4C23)CC1
C1CCC(C2CCC3CC4C(CCC5C6CCC(CCCC7CC8CCCCC8C7)C6CCC45)CC32)CC1
C1CCC2CCC3C4CCCC4CCC3C2CC1
C1CCC(C2CCC3CC4C(CCC45CCCCC5)CC32)CC1
C1CCC(CCCCCC2CCCC3C(CC4CCCCC4)CCC23)CC1
C1CCC2CC(C3CCCC4CCCC43)CCC2C1
C1CCC(CC2CC3CCCCC3C3CCC4CCCCCC4C23)CC1
C1CCC(C2CCC3CC4C(CCCC45CCCCC5)CC32)CC1
C1CCC(CCCC2CCCC(C3CCC4CC(CCC5CCC6CCCCC6C5)CCC43)C2)CC1
C1CCC2CCC3C4CCCC4CCC3C2CC1
C1CCC(CC2CCCC(C3CCC4CC(CCC5CCC6CCCCC6C5)CCC43)C2)C1
C1CCC(CCCCCC2CCCCC2)CC1
C1CCC(CCC(CC2CCCCC2)C2CCCCC2)CC1
C1CCC(C2CC3CCCC3C3CCCC4CCCCC4C23)CC1
C1CCC(CCC2CCC(CCC3CCCC(CC4CCCC4)C3)CC2)CC1
C1CCC(C2CCC3C(CCC4CCCCC43)C2)CC1
C1CCC2CC(C3CCCC4CCCC43)CCC2C1
C(CCC1CCC2CCCCC2C1)CCC1CCCC2CCCCC12
C1CCC(CCCCC2CCC3CCCCC23)CC1
C1CCC(C2CCC3CC4(CCCCC4C4CCCCC4)CCC32)CC1
C(CCC1CCC2CCCCC2C1)CCC1CCCC2CCCC12
C1CCC(CCCCCC2CCCC3C(CC4CCCCC4)CCC23)CC1
C1CCC(CCCC2CCC3C(CCC3C3CCCCC3)C2)CC1
C1CCC(C2CCC3(CCCC4CC5C(CCC5C5CCCCC5)CC43)C2)CC1
C1CCC(C2CCC3CCC4(CCCCC4)CC3C2)CC1
C1CCC(CCCC2CCC3C(CCC3C3CCCCC3)C2)CC1
C(CCCC1CCCC2C(C3CCCCC3)CCC12)CCC1CCCCC1
C1CCC2C(C1)CCC1C3CCCC3CCC21
C1CCC(CCCCC2CC3CCCCC3C2)CC1
C1CCC2CC(C3CCCC4CCCC43)CCC2C1
C1CCC2C(C1)CCC1C3CCCCC3CCC21
C1CCC(CC2CCC3CCCCC3C2)C1
C1CCC2CCC3C4CCC(CCCC5CC6CCCCC6C5)C4CCC3C2CC1
C1CCC(CCCC2CCC3CCC(C4CCCC5CCCC54)CC3C2)CC1
C1CCC2CCC(C3CCCC4CCCC43)CC2CC1
C(CCCCCCC1CCC(CCC2CCC(CCC3CCCC3)C2)C1)CCCCCCC1CCC2C1CCC1C3CCCCC3CCC21
C1CCC(C2CCC3CC4C(CCCC45CC(C4CCCCC4)C(C4CCCCC4)C5)CCC32)CC1
C1CCC(CCCCCC2CCCC3C(CC4CCCCC4)CCC23)CC1
C1CCC2CC(C3CCCC4CCCC43)CCC2C1
C1CCC(C2CCC3CC4C(CCCC45CCCCC5)CC32)CC1
C(CCC1CCCC2CCCC12)CC1CC2CCCCC2C1
C(CCCC1CCCCC1)CCCC1CCC(C2CCCCC2)C1
C1CCC(CC2CC3CCCCC3C3CCC4CCCCC4C3C2)CC1
C1CCC2CC(CC3CCCC4CCCC43)CCC2C1
C1CCC(CCCC2CC3CCCCC3C2C2CCCCC2)CC1
C1CCC(C2CC3CCCC3C3CCC4CCCCC4C23)CC1
C1CCC2CC(CC3CCCC4CCCCC43)C3C(CCC4CCCCC43)CC2C1
C1CCC(CCCCC2CC3CCCCC3C2)CC1
C1CCC2C(C1)CCC1C3CCCC3CCC21
C(CCCC1CCCCC1)CCCC1CCC(C2CCCCC2)C1
C1CCC(CCC2CCC3C(CCC3C3CCCCC3)C2)CC1
C1CCC(CCCC2CCC3CCC(C4CCCC5CCCC54)CC3C2)CC1
C1CCC2CC(C3CCCC4CCCC43)CCC2C1
C1CCC(CC2CC3CCCCC3C3CCC4CCCCC4C23)CC1
C1CCC(C2CC3C(CCC4CC4)CCCC3C3CCC4CCCCC4C23)CC1
C1CCC(CCCCCC2CC3CCCCC3C2)CC1
C(CCCC1CCCCC1)CCCC1CCC(C2CCCCC2)C1
C1CCC(C2CCC3CC4C(CCC5C6CCCC6CCC45)CC32)CC1
C1CCC2CC(CCCC3CCCC4C3CCC3C5CCCCC5CCC43)CCC2C1
C1CCC(CC2CCCC(CCC3CCC(CCC4CCC(C5CC5)CC4)CC3)C2)C1
C1CCC(C2CCC3CC4C(CCCC45CCCCC5)CC32)CC1
C1CCC(C2CCC(CCCC3CCC4C3CCC3C5CCCCC5CCCC43)C2)CC1
C1CCC(CCCCC2CC3CCCCC3C2)CC1
C1CCC2CC(CCCC3CCC4C5CCC6CCCCC6C(CCC34)C5)CC2C1
C1CCC2CCC(C3CCCC4CCCC43)CC2CC1
C1CCC2CCC3C4CCCC4CC(C4CCC(C5CCCC5)CC4)C3C2CC1
C1CCC(CC2CC3CCCCC3C3CCC4CCCCC4C23)CC1
C1CCC(C2CCC3CC4C(CCC32)CCC2C3CCC(CCCC5CC6CCCCC6C5)C3CCC42)CC1
C1CCC(CC(CC2CCCCC2)C2CCCCC2)CC1
C(CCC1CCCC2CCCCC12)CC1CCC2CCCCC2C1
C1CCC(CCC2CCC3C(CCC3C3CCCCC3)C2)CC1
C1CCC2CCC3C4CCCC4CCC3C2CC1
C1CCC(CC2CCC(CCCCCC3CCCC4CCCCC34)C2)CC1
C1CCC(CCCC2CCCC(C3CCC4CC(CCC5CCC6CCCCC6C5)CCC43)C2)CC1
C(CCC1CCC2CCCCC2C1)CCC1CCCC2CCCCC12
C1CCC(C2CC3CCCC3C3CCCC4CCCCC4C23)CC1
C1CCC(C2CCC3CCCC3C3CCC4CCCCCC4C23)CC1
C1CCC2C(C1)CCC1C3CCCC3CCC21
C1CCC(CCCC2CC3CCCC3C3CCC4CC(CCC5CCCCC5)CCC4C23)CC1
C1CCC2CC(C3CCCC4CCCC43)CCC2C1
C1CCC(CCC2CCC3C(CCC3C3CCCCC3)C2)CC1
C1CCC(CCCCCC2CC3CCCCC3C2)CC1
C1CCC(C2CCC3CC4C(CCC45CCCCC5)CC32)CC1
C1CCC2C(C1)CC(C1CCCC1)C1CCCCC21
C1CCC(CCCCC2CC3CCCCC3C2)CC1
C1CCC(C2CC3CCCC3C3CCC4CCCCC4C23)CC1
C1CCC(C2CC3CCCC3C3CCC4CCCCC4C23)CC1
C1CCC(CCC2(CCCC3CC4CCCCC4C3)CCC3C4CCCC5CCCCC5C4CCC32)C1
C1CCC(C2CC3CCCC3C3CCC4CCCCC4C23)CC1
C(CCCC1CCCC2CCCC12)CCC1CCCCC1
C1CCC2CCC3C4CCCC4CC(C4CCC(CCCCC5CCC6C(CCC7C8CCCC8CCC67)C5)CC4)C3C2CC1
C1CCC(CCC2CCCCC2)CC1
C1CCC(CCCCC2CC3CCCCC3C2)CC1
C1CCC(CCCCC2CC3CCCCC3C2)CC1
C1CCC2CCC(C3CCCC4CCCC43)CC2CC1
C1CCC2CC(CC3CCCC4CCCC43)CCC2C1
C1CCC(CC2CCC3C(CCCCCC4CC4)CCCC23)CC1
C1CCC(CC2CC3CCCCC3C3CCC4CCCCC4C3C2)CC1
C1CCC2CCC3C(CCC4C3CCC4(CCCC3CC4CCCCC4C3)CCC3CCCC3)C2CC1
C1CCC(CC2CCC(CC(CC3CCCCC3)C3CCCCC3)CC2)CC1
C1CCC(C2CC3CCCCC3C3CCCCC3C2)CC1
C1CCC(C2CCC3CC4C5CCC6C(CCCC7CCC8CCCCC8C7)CCC6C(CCC4CC32)C5)CC1
C1CCC(CCCCCC2CCC3CCCCC23)CC1
C1CCC(CCC2CCC3C(CCC3C3CCCCC3)C2)CC1
C1CCC(CCCCC2CC3CCCCC3C2)CC1
C1CCC(CCC2CCC3C(CCC3C3CCCCC3)C2)CC1
C1CCC2CC(CC3CCCC4CCCC43)CCC2C1
C1CCC(CCC2CCC3C(CCC4C5CCCC5CCC34)C2)CC1
C(CCCC1CCCCC1)CCCC1CCC(C2CCCCC2)C1
C(CCC1CCCC2CCCCC12)CC1CCC2CCCCC2C1
C1CCC(C2CC3CCCCC3C3CCCCC23)CC1
C1CCC(CCCCC2CCC3CCCCC23)CC1
C1CCC(C2CCC3CCC4(CCCCC4C4CCCCC4)CCC32)CC1
C(CC1CCC2CCCC2C1)CC1CCCC2CCC(C3CCCC4CCCC43)CC2C1
C1CCC(CCCCC2CC3CCCCC3C2)CC1
C1CCC(CCCCC2CC3CCCCC3C2)CC1
C1CCC(C2CCC3CC4C(CCC32)CCC42CCCCC2)CC1
C1CCC2C(C1)CCCC1C3CCCC3CCC21
C1CCC(CCC2CCC3C(CCC3C3CCCC(CCC4CCCC4)C3)C2)CC1
C1CCC(C2CCC3CCC4(CCCCCC4)C3C2)CC1
C1CCC(CC(CC2CCCCC2)C2CCCCC2)CC1
C1CCC2CC(C3CCCC4CCCC43)CCC2C1
C1CCC(CC2CCCC2CCC2CC3CCCCC3C3CCC4CCCCC4C23)CC1
C1CCC(CCC2CCC3C(CCC3C3CCCCC3)C2)CC1
C1CCC(CCCCC2CCC3CCCCC23)CC1
C1CCC(CC2CCC3CC4C(CC5CC6CCCCC6C5)CCCC4CC23)CC1
C1CCC(CCCC2CCC3CCCC3C2)CC1
C1CCC(CCC2CCC3C(CC4CCCCC4)CCC3C2)CC1
C1CCC(CCCCCC2CC3CCCCC3C2)CC1
C1CCC(CCC(CCC2CCC3CCCC3C2)CC2CCCCC2)CC1
C1CCC(CCCCCC2CCCC3C(C4CCCCC4)CCC23)CC1
C1CCC(CCCCC2CC3CCCCC3C2)CC1
C1CCC(C2CCC(C3CC4CCCC4C4CCCC5CCCCC5C34)CC2)C1
C1CCC(CCC2CCC(C3CCC4C(CCC4C4CCCCC4)C3)CC2)CC1
C(CCC1CCC2C1CCC1C3CCCCC3CCC21)CC1CC2CCCCC2C1
C1CCC(CCCC2(CCC3CCCC3)CCC3C4CCC5CCCCC5C4CCC32)C1
C1CCC(CCCCCC2CC3CCCCC3C2)CC1
C(CCCC1CCCCC1)CCCC1CCC(C2CCCCC2)C1
C1CCC2CCC(C3CCCC4CCCC43)CC2CC1
C1CCC(C2CCC3CC4C(CCC32)CCC2C3CCC(CCCC5CCC6CCCCC6C5)C3CCC42)CC1
C1CCC(C2CCC3C(CCC4CCCCC43)C2)CC1
C1CCC2CCC3C4CCC(CCCC5CCCC6CCCCC65)C4CCC3C2CC1
C1CCC2CC(C3CCCC4CCCC43)CCC2C1
C1CCC(CCC2CCC3C(CCC3C3CCCCC3)C2)CC1
C1CCC2C(C1)CCCC1C3CCCC3CCC21
C1CCC(CCCCCC2CCC3CCCCC23)CC1
C1CCC(C2CCC3C(CCCCCC4CCC4)CCCC23)CC1
C(CCC1CCCC2CCCC12)CC1CC2CCCCC2C1
C1CCC(C2CCC3CC4C(CCC5C6CCCC(CCCC7CC8CCCCC8C7)C6CCC45)CC32)CC1
C1CCC(CCCC2CCCC3CCC(C4CCCC5CCCC54)CC3C2)CC1
C1CCC2CCC3C4CCCC4CCC3C2CC1
C1CCC(CCC2CCC(CCC3CCCCC(CC4CCCC4)C3)CC2)CC1
C1CCC(CCCCC2CC3CCCCC3C2)CC1
C1CCC2CC(CCCC3CCCC4CCCCC43)CC2C1
C1CCC(C2CCC3C(CCC4CCCCC43)C2)CC1
C1CCC2CC(C3CCCC4CCCC43)CCC2C1
C1CCC2C(C1)CCC1C3CCCC3CCC21
C1CCC(CCCC2(CCC3CCCC3)CCCC3C4CCC5CCCCC5C4CCC32)C1
C1CCC(C2CC3CCCCC3C3CCC4CCCCC4C23)CC1
C1CCC2CCC3C(CCC4C5CCCC5CC43)C2CC1
C1CCC(CC2CC3CCCCC3C3CCC4CCCCC4C23)CC1
C1CCC(CCCC2CCC3CCC(C4CCCC5CCCC54)CC3C2)CC1
C(CCCC1CCCCC1)CCCC1CCC(C2CCCCC2)C1
C1CCC(CCCCC2CCC3CCCCC23)CC1
C1CCC(CC2CCCC(C3CCC4CC(CCC5CCC6CCCCC6C5)CCC43)C2)C1
C1CCC(CCCCCC2CCCC3C2CCC3C2CCCC(CC3CCCC3)C2)CC1
C1CCC(CCC2CCC3C(CCC3C3CCCCC3)C2)CC1
C1CCCC(C2CCC3CC4C(CCC5C6CCC(CCCC7CC8CCCCC8C7)C6CCC45)CC32)CC1
C1CCC(CCCCCC2CCCC3C(CC4CCCCC4)CCC23)CC1
C1CCC(CCC2CCC3C(CC4CCCCC4)CCC3C2)CC1
C1CCC(CC2CC3CCCCC3C3CCC4CCCCC4C23)CC1
C1CCC(CCCCCC2CCCCC2)CC1
C1CCC(CCC2CCC3C(CCC3C3CCCCC3)C2)CC1
C1CCC(CCCCCC2CCCC3C(C4CCCCC4)CCC23)CC1
C1CCC(C2CCC3CC4C(CCC45CCCCCC5)CC32)CC1
C1CCC(CCC2CCCCC2)CC1
C1CCC(CC2CCC3C(CCC3C3CCCCC3)C2)CC1
C1CCC(CCCCCC2CCCC3C(C4CCCCC4)CCC23)CC1
C1CCC2CCC(C3CCCC4CCCC43)CC2CC1
C1CCC(C2CCC3CC4C(CCCC4CC4CCC5CCCCC54)CCC32)CC1
C1CCC(CCC2CCC(C3CCC4C(CCC4C4CCCCC4)C3)CC2)CC1
C1CCC(CCCC2CCC3CCC(C4CCCC5CCCC54)CC3C2)CC1
C(CCCC1CCCC2C(C3CCCCC3)CCC12)CCC1CCCCC1
C1CCC2CC(CCCC3CCC4C3CCC3C5CCCCC5CCC43)CC2C1
C1CCC2CC(C3CCCC4CCCC43)C3CCCC3C2CC1
C1CCC2CCC(C3CCCC4CCCC43)CC2CC1
C1CCC2C(C1)CCC1C3CCCC3CCCC21
C(CCCC1CCCC2C(C3CCCCC3)CCC12)CCC1CCCCC1
C1CCC2CCC3C4CCCCC4CC(CC4CCCC(C5CCCC5)C4)C3C2CC1
C1CCC(C2CCC3CC4C(CCC5CCC6CCCCC65)CCCC4CC32)CC1
C1CCC(C2CCC3CC4C(CCC5C6CCC(CCCC7CCC8CCCCC8C7)C6CCC45)CC32)CC1
C1CCC(CCCCCC2CCCC3C2CCC3C2CCC(CC3CCC3)CC2)CC1
C1CCC(C2CC3CCCC3C3CCC4CCCCC4C23)CC1
C(CCCC1CCCC2C(C3CCCCC3)CCC12)CCC1CCCCC1
C1CCC2CCC3C4CCCC4CCC3C2CC1
C1CCC2CC(CCCC3CCC4C3CCC3C5CCCCC5CCCC43)CC2C1
C1CCC(C2CCC(CCCCCC3CCCC4C(C5CCCCC5)CCC34)C2)CC1
C1CCC(CC2CC3CCCCC3CC3CCC4CCCCC4C32)CC1
C1CCC(C2CCC(CCCCCC3CCCC4CCCCC34)C2)CC1
C1CCC(CCCCCC2CC3CCCCC3C2)CC1
C1CCC(CCC2CC3CCCC3C3CCCC4CCCCC4C23)CC1
C1CCC2CCC3C4CCCC4CCC3C2CC1
C1CCC2C(C1)CCC1C3CCCC3CCC21
C1CCC2CCC(C3CCCC4CCCC43)CC2CC1
C1CCC(C2CC3CCCC3C3CCC4CCCCC4C23)CC1
C1CCC2CC(C3CCCC4CCCC43)CCC2C1
C1CCC2CC(C3CCC4CCCCC43)CCC2C1
C(CCC1CCC(C2CC3CCCC3C3CCC4CCCCC4C23)CC1)CCC1CCC2C(CCC3C4CCCC4CCC23)C1
C1CCC(CC2CCC(CC(CC3CCCCC3)C3CCCCC3)CC2)CC1
C1CCC(C2CCC3CC4C(CCC5CC6CCCCC6C5)CCCC4CC32)CC1
C(CCCC1CCCC2C(C3CCCCC3)CCC12)CCC1CCCCC1
C1CCC2CC(CCCC3CCC4C3CCC3C5CCCCC5CCC43)CC2C1
C1CCC(CCC2CCC(C3CC3)CC2)CC1
C1CCC(CC2CCCC(CC3CC4CCCCC4C4CCC5CCCCC5C34)C2)C1
C1CCC(CCCCCC2CCCC3C(CC4CCCCC4)CCC23)CC1
C(CCC1CCCC2CCCCC12)CC1CCC2CCCCC2C1
C1CCC2CC(CCCC3CCC4C3CCC3C5CCCCC5CCC43)CC2C1
C1CCC(CCCC2(CCC3CCCC3)CCC3C4CCC5CCCCC5C4CCC32)CC1
C1CCC(C2CC3CCCC3C3CCC4CCCCCC4C23)CC1
C1CCC(CC2CCC(CC(CC3CCCCC3)C3CCCCC3)CC2)CC1
C1CCC(CCC2CCC3C(CCC3C3CCCCC3)C2)CC1
C1CCC(C2CCC3CC4CCCCC4CCC3C2)CC1
C1CCC(CCC2CCC3C(CCC3C3CCCCC3)C2)CC1
C1CCC2CCC(C3CCCC4CCCC43)CC2CC1
C1CCC2CC(CC3CCCC4CCCC43)CCC2C1
C1CCC(C2CCC3CC4C(CCCC45CCCCC5)CC32)CC1
C1CCC2C(C1)CCCC2CC1CC2CCCCC2C2CCC3CCCCC3C12
C(CCCC1CCCC2C(C3CCCCC3)CCC12)CCC1CCCCC1
C1CCC2CCC3C(CCC4C3CCC4(CCCC3CC4CCCCC4C3)CCC3CCCC3)C2CC1
C1CCC(C2CCC3CC4C(CCC5C6CCC(CCCCC7CCC8CCCCC8C7)C6CCC45)CC32)CC1
C1CCC(CCC2CCC3C(CCC3CC3CCCC(CC4CCCC4)C3)C2)CC1
C1CCC(C2CC3CCCC3C3CCC4CCCCC4CC23)CC1
C1CCC(CCC2CCC3C(CCC4CCCCC43)C2)CC1
C1CCC2CCC3C4CCCCC4CCC3C2CC1
C1CCC2C(C1)CCC1C3CCCC3CCCC21
C1CCC2CCC3C4CCC(CCCC5CCC6CCCCC6C5)C4CCC3C2CC1
C1CCC2CC(C3CCCC4CCCC43)CCC2C1
C(CCC1CCC(C2CCCC2)C1)CCC1CCCC2CCCCC12
C1CCC(CCCC2(CCCC3CCCC3)CCC3C4CCC5CCCCC5C4CCC32)CC1
C1CCC(CCCC2(CCC3CCCC3)CCC3C4CCCC5CCCCC5C4CCC32)C1
C1CCC2CCC3C4CCCCC4CC(CC4CCCC4)C3C2CC1
C1CCC2CCC3C4CCCCC4CC(CC4CCCC4)C3C2CC1
C1CCC(C2CCC(CCCC3CCC4C3CCC3C5CCCCC5CCC43)C2)CC1
C1CCC(C2CCC3CCCC3C3CCC4CCCCC4C23)CC1
C1CCC(CC2CCC3CC4(CCCCCC4C4CCCCC4)CCC23)CC1
C1CCC(CCCCC2CC3CCCCC3C2)CC1
C(CCCC1CCCC2CCCCC12)CCC1CCC(C2CCCCC2)C1
C1CCC(C2CCC3C(CCC4CCCCC43)C2)C1
C1CCC(C2CCC3C(CCC4CCCCC43)C2)CC1
C1CCC2CC(CCCC3CCCC4CCCCC43)CCCC2C1
C1CCC2C(C1)CC(C1CCCC1)C1CCCCC21
C1CCC2CC3CCC(C4CCCCC4)C3CC2CC1
C1CCC(CCCC2CCC3C2CCC2C4CC5CCC(C6CCCCC6)C5CC4CCC32)CC1
C1CCC(C2CCCC3CCCC3C3CCC4CCCCC4C23)CC1
C(CCC1CCCC2CCCC12)CC1CC2CCCCC2C1
C(CCCC1CCCC2C(C3CCCCC3)CCC12)CCC1CCCCC1
C1CCC2CC(C3CCCC4CCCC43)CCC2C1
C1CCC(C2CCC3CC4C(CCC32)CCC42CCCCC2)CC1
C1CCC(CC2CCC3C(CCC3C3CCCCC3)C2)CC1
C1CCC2C(C1)CCC1C3CCCC3CCC21
C1CCC2C(C1)CCC1CCCCC12
C1CCC2C(C1)CCC1C3CCCC3CCC21
C1CC2CCCC2C(CC2CC3CCCCC3C3CCCC23)C1
C1CCC(CCC2CCC3C(CCC3C3CCCCC3)C2)CC1
C1CCC(C2CCC3CCCC3C3CCC4CCCCC4C23)CC1
C(CCC1CCC2C(CCC3C4CCCC4CCC23)C1)CC1CCC(C2CC3CCCC3C3CCC4CCCCC4C23)CC1
C1CCC(C2CCC3C(CCC4CCCCC43)C2)C1
C1CCC2CC3CCC4CCCC4C3CCC2C1
C1CCC2C(C1)CCCC1CCCCC12
C(CCC1CCCCC2CCCCC12)CC1CCC2CCCCC2C1
C1CCC(CCC2CCC3C(CCC3C3CCCCC3)C2)CC1
C1CCC(C2CC3CCCC3C3CCC4CCCCCC4C23)CC1
C1CCC(CCC(CCC2CCC3CCCC3C2)CC2CCCCC2)CC1
C1CCC(C2CC3CCCC3C3CCC4CCCCCC4C23)CC1
C1CCC(C2CC3CCCC3C3CCC4CCCCC4C23)CC1
C1CCC(CCC2CCC3C(CCC4C5CCCC5CCC34)C2)CC1
C1CCC2C(C1)CCC1C3CCCC3CCC21
C1CCC2CC(CCCC3CCC4C3CCCC3C5CCCCC5CCC34)CC2C1
C(CCC1CC2CCCCC2C1)CCC1CCCC2CCCC12
C1CCC(CCCCC2CC3CCCCC3C2)CC1
C1CCC(CCCCCC2CCC3CCCCC23)CC1
C1CCC(C2CCC3C(CCC3C3CCCCC3)C2)CC1
C1CCC(CCC2CCC3C(CCC3C3CCCC(CCCC4CCCC4)C3)C2)CC1
C(CCC1CCCC2CCCCC12)CC1CCC2CCCCC2C1
C1CCC(CCC2CCC3C(CCC4C5CCCC5CCC34)C2)CC1
C1CCC(CCC2CCC3C(CC4CCCCC4)CCC3C2)CC1
C1CCC(CCCCCC2CCCC3C(C4CCCCC4)CCC23)CC1
C1CCC(CCC2CCC(CCC3CCCC(CC4CCCC4)C3)CC2)CC1
C1CC2CCCC3C(CCC4CCC5CC5C43)C2C1
C1CCCC(C2CCC3CC4C(CCC5C6CCC(CCCC7CC8CCCCC8C7)C6CCC45)CC32)CC1
C1CCC(CCCC2CCC3CCC(C4CCCC5CCCC54)CC3C2)CC1
C(CCC1CCCC2CCCCC12)CC1CCC2CCCCC2C1
C1CCC(C2CC3CCCC3C3CCC4CCCCC4C3C2)CC1
C1CCC2C(C1)CCC1C3CCCC3CCC21
C1CCC(CCCCCC2CCCC3C(C4CCCCC4)CCC23)CC1
C1CCC(CCCCCC2CC3CCCCC3C2)CC1
C1CCC(CCCCC2CCC3CCCCC23)CC1
C1CCC(CCCC2CCC3CCC(CC4CCCC5CCCC54)CC3C2)CC1
C1CCC2CCC(C3CCCC4CCCC43)CC2CC1
C1CCC2CCC(C3CCCC4CCCC43)CC2CC1
C(CCC1CCCC2CCCCC12)CC1CCCC2CCCCC2C1
C1CCC(CCC2(CCCC3CC4CCCCC4C3)CCC3C4CCC5CCCCC5C4CCCC32)C1
C1CCC(C2CCC3CC(C4CCC(CCC5CCCC5)CC4)CCC32)CC1
C1CCC(CC2CC3CCCCC3C3CCC4CCCCC4C23)CC1
C1CCC(CCC2CCC3C(CCC3C3CCCCC3)C2)CC1
C1CCC2C(C1)CCC1C3CCCC3CCC21
C(CCCC1CCCCC1)CCCC1CCC(C2CCCCC2)C1
C1CCC2CCC3C(CCC4C3CCC4(CCCC3CC4CCCCC4C3)CCC3CCCC3)C2CC1
C1CCC2CCC3C4CCCCC4CC(CC4CCCC4)C3C2CC1
C1CCC(CCCC(CC2CC3CCCCC3C2)C2CCCC2)CC1
C1CCC(CCC2CCC(C3CCCC4C(CC5CCCCC5)CCC34)C2)CC1
C1CCC(C2CCC3CC4C(CCCC5C6CCC(CCCC7CC8CCCCC8C7)C6CCC45)CC32)CC1
C1CCC2CCC3C4CCCC4CCC3C2CC1
C1CCC(CCC(CC2CC3CCCCC3C2)C2CCCC2)CC1
C1CCC(C2CCC3CCCC3C3CCC4CCCCC4CC23)CC1
C1CCC(CC2CCC3CC4CCCCC4CC23)CC1
C(CCC1CCCC2CCCC12)CC1CC2CCCCC2C1
C1CCC2C(C1)CCC1C3CCCC3CCC21
C1CCC(CCCCCC2CC3CCCCC3C2)CC1
C1CCC(CCCCC2CCC3CCC(C4CCCC5CCCC54)CC3C2)CC1
C1CCC(CC2CC3CCCCC3C3CCC4CCCCCC4C23)CC1
C1CCC(CCCCCC2CCCC3C(CC4CCCCC4)CCC23)CC1
C1CCC(C2CCC3C(CCC4CCCCC43)C2)CC1
C1CCC(CCCCCC2CCC3CCCCC23)CC1
C1CCC(CCC2CCC3CCCC3C3CCC4CCCCC4C23)CC1
C1CCC(CCC2CCC3C(CCC3C3CCCCC3)C2)CC1
C1CCC(C2CCC3C(CCCCCC4CC4)CCCC23)CC1
C1CCC(CCCCCC2CC3CCCCC3C2)CC1
C1CCC(CC2CC3CCCCC3C3CCC4CCCCC4C3C2)CC1
C1CCC(CCCC2CCC3C2CCC2C4CC5CCC(C6CCCCC6)C5CCC4CCC32)CC1
C1CCC(CCCCCC2CCCCC2)CC1
C1CCC(CC2CCC3CC4C(CCCC45CCCC5)CC23)CC1
C1CCC(CCC2CCC3C(CCC3C3CCCCC3)C2)CC1
C1CCC(C2CCC3C(CCCCCC4CCC(C5CCCC5)C4)CCCC23)CC1
C1CCC(CCCC2CCC3CCC(C4CCCC5CCCC54)CC3C2)CC1
C(CCCC1CCCCC1)CCCC1CCC(C2CCCCC2)C1
C1CCC(C2CC3CCCC3C3CCC4CCCCC4C23)CC1
C(CCCC1CCCC2C(C3CCCCC3)CCC12)CCC1CCCCC1
C(CCCC1CCCC2CCCCC12)CCC1CCC(C2CCCCC2)C1
C1CCC(CCC2CCC(C3CC3)CC2)CC1
C1CCC(CCC(CC2CC2)CC2CC3CCCCC3C2)CC1
C1CCC(C2CC3CCCC3C3CCC4CCCCCC4C23)CC1
C1CCC(C2CCC3CC4C(CCC5C6CCC(CCCC7CC8CCCCC8C7)C6CCCC45)CC32)CC1
C(CCC1CCC2CCCC2C1)CC1CCC(C2CCCC2)CC1
C1CCC(CCC2CC3CCCC3C3CCC4CCCCCC4C23)CC1
C1CCC(CC2CC3CCCCC3C3CCC4CCCCC4C23)CC1
C1CCC2C(C1)CCC1C3CCCC3CCCC21
C1CCC(CCCCC2CCC3C2CCC2C4CCCCC4CCC32)CC1
C1CCC2C(C1)CCC1C3CCCC3CCC21
C1CCC(CC2CCC(CC(CC3CCCCC3)C3CCCCC3)CC2)CC1
C1CCC2CCC(C3CCCC4CCCC43)CC2CC1
C1CCC(C2CC3CCCC3C3CCC4CCCCC4C23)CC1
C1CCC2CCC3C4CCCC4CCC3C2CC1
C1CCC(CCCCCC2CCCC3C(C4CCCCC4)CCC23)CC1
C1CCC2C(C1)CCC1C2CCC2C3CCCC3CC21
C1CCC(C2CCC3CC4(CCCCCC4C4CCCCC4)CCCC32)CC1
C1CCC(CCCCCC2CC3CCCCC3C2)CC1
C(CCC1CCCC2CCCC12)CC1CC2CCCCC2C1
C1CCC(C2CCCC3C(CCC4CCCCC43)C2)CC1
C1CCC(C2CCC3CC4C(CCC45CCCCC5)CC32)CC1
C(CCC1CCCC2CCCC12)CC1CC2CCCCC2C1
C1CCC2CCC(C3CCCC4CCCC43)CC2CC1
C1CCC2CCC(C3CCCC4CCCC43)CC2CC1
C1CCC(C2CCC3CCCC3C3CCC4CCCCCC4C23)CC1
C1CCC2CCC3C4CCCC4CCC3C2CC1
C1CCC2C(C1)CCC1C3CCCC3CCC21
C1CCC(C2CCC3C(CCC3C3CCCCC3)C2)CC1
C1CCC(C2CC3CCCC3C3CCC4CCCCC4C23)CC1
C1CCC(CCC2(CCCCC3CCC4CCCCC4C3)CCC3C4CCC5CCCCC5C4CCC32)C1
C1CCC(C2CC3CCCC3C3CCCC4CCCCC4C23)CC1
C1CCC(CCC2CCC3C(CCC3C3CCCCC3)C2)CC1
C1CCC(C2CCC3CCCC3C3CCC4CCCCC4CC23)CC1
C1CCC(C2CC3CCCC3C3CCC4CCCCC4C23)CC1
C1CCC(CCCC2CCC3CCC(C4CCCC5CCCC54)CC3CC2)CC1
C1CCC(CCCCC2CC3CCCCC3C2)CC1
C1CCC(C2CCC3CC4C(CCCC45CCCC5)CC32)CC1
C1CCC(CCCCCC2CCCC3C(C4CCCCC4)CCC23)CC1
C1CCC(CCC2CCC3C2CCC(C2CCCCC2)C2C4CCCCCC4CCC32)CC1
C1CCC2C(C1)CCC1C3CCCC3CCC21
C1CCC2CCC(C3CCCC4CCCC43)CC2CC1
C1CCC(CCC2CCC3C(CCCC4C5CCCC5CCC34)C2)CC1
C1CCC2CC(C3CCCC4CCCC43)CCC2C1
C(CCCC1CCCC2C(C3CCCCC3)CCC12)CCC1CCCCC1
C1CCC(CC2CC3CCCCC3C3CCC4CCCCC4C23)C1
C1CCC2CCC(C3CCCC4CCCC43)CC2CC1
C1CCC(CC2CC3CCCCC3C3CCC4CCCCCC4C23)CC1
C1CCC2CCC3C4CCC(CCCC5CC6CCCCC6C5)C4CCC3C2CC1
C1CC(C2CCC(C3CC4CCCC4C4CCC5CCCCC5C34)CC2)C1
C1CCC(C2CCCCC2CC2CC3CCCCC3C3CCC4CCCCCC4C23)CC1
C1CCC(C2CC3CCCC3CC3CCC4CCCCC4C32)CC1
C1CCC(CCCCC2CCC3CCCCC23)CC1
C1CCC2CCC(C3CCCC4CCCC43)CC2CC1
C1CCC2CCC3C4CCCC4CCC3C2CC1
C1CCC(CCCCCC2CC3CCCCC3C2)CC1
C1CCC(C2CCC3CC4C(CCCC45CCCCC5)CC32)CC1
C1CCC2CC(C3CCCC4CCCC43)CCC2C1
C1CCC(C2CC3CCCC3C3CCC4CCCCC4CC23)CC1
C1CCC(C2CCC3CC4C(CCC45CCCCCC5)CC32)CC1
C1CCC2CC(C3CCCC4CCCC43)CCC2C1
C1CCC(C2CC3CCCCC3C3CCCCC23)CC1
C1CCC(CCCCCC2CC3CCCCC3C2)CC1
C(CCCC1CCCCC1)CCCC1CCC(C2CCCCC2)C1
C1CCC2CCC3CCCCC3C2CC1
C1CCC(C2CCC(CCCC3CCC4C3CCC3C5CCCCC5CCCC43)C2)CC1
C1CCC(CC2CC3CCCCC3C3CCC4CCCCCC4C23)CC1
C1CCC(C2CCC(CC3CC4CCCC4C4CCC5CCCCC5C34)CC2)C1
C1CCC(CCC2CC3CCCCC3C3CCC4CCCCC4C23)CC1
C1CCC(CCC2CCC3C(CC4CCCCC4)CCC3C2)CC1
C1CCC(C2CCC3C(CCCCCC4CCC(C5CCCC5)C4)CCCC23)CC1
C1CCC(CCC2CCC3C(CCC4CC(C5CCCCC5)CCC43)C2)CC1
C1CCC(C2CCC3CCCC3C3CCC4CCCCC4C23)CC1
C(CCC1CCCCC2CCCCC12)CC1CCC2CCCCC2C1
C1CCC(C2CCC(C3CC4CCCC4C4CCC5CCCCC5C4C3)CC2)C1
C1CCC(C2CCC3CC4C(CCC5C6CCC(CCCC7CC8CCCCC8C7)C6CCCC45)CC32)CC1
C1CCC(C2CCC(CCCCCC3CCCC4CCCCC34)C2)CC1
C(CCC1CCC2C(CCC3C4CCCC4CCC23)C1)CC1CCC(C2CC3CCCC3C3CCC4CCCCC4C23)CC1
C1CCC(CCCCCC2CCCC3C(C4CCCCC4)CCC23)CC1
C1CCC(CCC2CCC3C(CCC3C3CCCCC3)C2)CC1
C1CCC(CCCCC2CC3CCCCC3C2)CC1
C1CCC(CCC2CCC3C(CCC3C3CCCCC3)C2)CC1
C1CCC(C2CCC3CCC4C(CCCC45CCCC5)CC32)CC1
C1CCC(C2CCC3CC4CCCCC4CC32)CC1
C(CCC1CCCC2CCCC12)CC1CC2CCCCC2C1
C1CCC2C(C1)CCC1C3CCCC3CCC21
C1CCC2CC(CCCC3CCCC4C3CCC3C5CCCCC5CCC43)CC2C1
C1CCC(CCC2CC3CCCCC3C3CCC4CCCCC4C23)C1
C1CCC2CC(C3CCCC4CCCC43)CCC2C1
C1CCC(CCCCCC2CCCC3C(CC4CCCCC4)CCC23)CC1
C1CCC(C2C3CCCC3CC3CC4CCCC4CC32)CC1
C1CCC(C2CC3CCCC3C3CCC4CCCCC4C23)CC1
C1CCC(C2CCC3CC4C(CCCC45CCCCC5)CC32)CC1
C1CCC(C2CCC3CCC4C(CCC45CCCC5)CC32)CC1
C1CCC(CCC2CCC(CCC3CCCC(CC4CCCC4)C3)CC2)CC1
C1CCC(CCC2CCC3C(CCC3C3CCCCC3)C2)CC1
C1CCC(CC2CCC3CCC(C4CCCC4)C3C2)C1
C1CCC(CC2CCC3C(CC4CCCCC4)CCC3C2)CC1
C1CCC2CC(C3CCCC4CCCC43)CCC2C1
C1CCC2C(C1)CCC1C3CCCCC3CCC21
C1CCC(CCCCC2CC3CCCCC3C2)CC1
C(CCCC1CCC2CCCC2C1)CCCC1CCC(C2CCCCC2)C1
C1CCC2CC(C3CCCC4CCCC43)CCC2C1
C1CCC(CC23CCCCC2CCC2C4CCCC4CCC23)CC1
C1CCC(C2CC3CCCCC3C3CCC4CCCCC4C23)CC1
C1CCC(CCC2CCC(C3CCC4C(CC5CCCCC5)CCC4C3)CC2)CC1
C1CCC(CCC2CCC3C(CCC3C3CCCCC3)C2)CC1
C1CCC2C(C1)CCC1C3CCCC3CCC21
C(CCCCC1CCC(C2CCCCC2)C1)CCCC1CCCCC1
C1CCC2CCC(C3CCCC4CCCC43)CC2CC1
C1CCC2CCC3CCCCC3C2CC1
C(CCC1CCCC2CCCCC12)CC1CCCC2CCCCC12
C1CCC(CC2CC3CCCCC3C3CCC4CCCCC4C3C2)CC1
C1CCC(CCC2CCC(CCC3CCCC(CCC4CCCC4)C3)CC2)CC1
C1CCC(C2C3CCCC3CC3CC4CCCCC4CC32)CC1
C1CCC2CC(C3CCCC4CCCC43)CCC2C1
C1CCC(C2CCC(CCCC3CCC4C3CCC3C5CCCCCC5CCC43)C2)CC1
C1CCC(CCCCCC2CCC3CCCCC23)CC1
C1CCC(CCCCCC2CCC3CCCC3C2)CC1
C1CCC(CCCCCC2CCCC3C(C4CCCCC4)CCC23)CC1
C1CCC(CCCC2CCC3CCC(C4CCCC5CCCC54)CC3C2)CC1
C1CCC(C2CCC3CC4C(CCC45CCCC5)CC32)CC1
C1CCC(CCCCCC2CC3CCCCC3C2)CC1
C1CCC(CC(CC2CCCCC2)C2CCCCC2)CC1
C1CCC(CCC2CCCC3CCC4C(CCC4C4CCCCC4)CC23)CC1
C1CCC(CCCCC2CC3CCCCC3C2)CC1
C1CCC(CCC2CCCC3CCC4C(CCC4C4CCCCC4)CC23)CC1
C1CCC(CC2CCCC(CCC3CCC(CCC4CCC(C5CC5)CC4)CC3)C2)C1
C1CCC(C2CC3CCCC3C3CCC4CCCCC4C23)CC1
C1CCC(C2CCCC3(CCC4CC5C(CCC5C5CCCCC5)CC43)C2)CC1
C1CCC2C(C1)CCCC2CC1CC2CCCCC2C2CCCC12
C1CCC(CCCCC(CC2CCC3C(CCC3C3CCCCC3)C2)C2CCCCC2)CC1
C(CCC1CCCC2CCCCC12)CC1CC2CCCCC2C1
C1CCC(C2CCC3CCC4C(CCC45CCCC5)CC32)CC1
C1CCC(C2CC3CCCC3C3CCCC4CCCCC4C23)CC1
C1CCC(CCCCCC2CC3CCCCC3C2)CC1
C1CCC(CCC2CCC3C(CCC3C3CCCCC3)C2)CC1
C1CCC(CCCCC2CC3CCCCC3C2)CC1
C1CCC2C(C1)CCC1C3CCCCC3CCC21
C1CCC(CC2CCC3CC4C(CCC5C6CCC(CCCC7CCC8CCCCC8C7)C6CCC45)CC23)CC1
C(CCC1CCCC2CCCCC12)CC1CCCC2CCCCC12
C1CCC(CCCCC2CC3CCCCC3C2C2CCCCC2)CC1
C(CCCC1CCCCC1)CCCC1CCC(C2CCCCC2)C1
C1CCC(CCCCC2CC3CCCCC3C2)CC1
C1CCC2CCC(C3CCCC4CCCC43)CC2CC1
C1CCC(CC2CC3CCCCC3C3CCC4CCCCCC4C23)CC1
C1CCC2C(C1)CCC1CCCCC12
C1CCC2CCC3C4CCCC4CCC3C2CC1
C1CCC(CCCCCC2CC3CCCCC3C2)CC1
C1CCC2C(C1)CCC1C3CCCC3CCC21
C1CCC(CCCC2CCC3CCC(C4CCCC5CCCC54)CC3C2)CC1
C1CCC2CCC3C4CCCCC4CCC3C2CC1
C1CCC(CCCC23CCCC2CC2C4CCC5CCCCC5C4CCC23)C1
C1CCC2CC(CC3CCCC4CCCC43)CCC2C1
C1CCC(CCC(CC2CCCCC2)C2CCCCC2)CC1
C1CCC2CC(CCCC3CCCC4C3CCC3C5CCCCC5CCC43)CCC2C1
C1CCC2CC(CCCC3CCC4C3CCC3C5CCCCC5CCCC43)CC2C1
C1CCC(CCC2CCCCC3CC4C(CCC4C4CCCCC4)CC23)CC1
C1CCC(C2CC3CCCC3C3CCC4CCCCC4C23)CC1
C1CCC2CC(CC3CCCC4CCCC43)CCC2C1
C1CCC(CCCC2(CCC3CCCC3)CCCC3C4CCC5CCCCC5C4CCC32)CC1
C1CCC(CC2CCC3C(CCC3C3CCCCC3)C2)CC1
C1CCC(CCCCCC2CC3CCCCC3C2)CC1
C1CCC2CC3CCC(C4CCCCC4)C3CC2CC1
C1CCC(CCC2(CCCC3CC4CCCCC4C3)CCC3C4CCC5CCCCC5C4CCC32)C1
C1CCC(CCCCCC2CC3CCCCC3C2)CC1
C1CCC2C(C1)CCC1C3CCCC3CCC21
C1CCC(CCC2(CCCC3CC4CCCCC4C3)CCC3C4CCC5CCCCC5C4CCCC32)C1
C1CCC(C2CCC3CCCC3C3CCC4CCCCCC4C23)CC1
C(CCC1CCC2C1CCC1C3CCCCC3CCC21)CC1CC2CCCCC2C1
C(CCC1CCCC2CCCCC12)CC1CCC2CCCCC2C1
C1CCC(CCC2CC3CCCCC3C3CCC4CCCCC4C23)CC1
C(CCCC1CCCC2C(C3CCCCC3)CCC12)CCC1CCCCC1
C1CCC(CCCCCC2CCCC3C(C4CCCCC4)CCC23)CC1
C1CCC(C2CCC3CCC4(CCCCCC4C4CCCCC4)CCC32)CC1
C1CCC(CCC2CC3CCCC3C3CCC4CCCCC4C23)CC1
C1CCC2C(C1)CCC1C3CCCC3CCC21
C1CCC(CCCCC2CC3CCCCC3C2)CC1
C1CCC2C(C1)CCC1C3CCCCC3CCCC21
C1CCC(CCCCCC2CC3CCCCC3C2)CC1
C1CCC(C2CCC3CC4C(CCC45CCCCCC5)CC32)CC1
C1CCC(C2CC3CCCC3C3CCC4CCCCC4C23)CC1
C1CCC(CCCCCC2CC3CCCCC3C2)CC1
C1CCC(C2CCC3C(CCCC4CCCCC43)C2)CC1
C1CCC(CC2CCC3C(CCCCCC4CC4)CCCC23)CC1
C1CCC(CCC2CCC(CCC3CCCCC3)CC2)CC1
C1CCC(CCCC2CC3CCCC3C3CCC4CC(CCC5CCCCC5)CCC4C23)CC1
C(CCCC1CCCCC1)CCCC1CCC(CC2CCCCC2)C1
C1CCC2CC(CCCC3CCCC4CCCCC43)CC2C1
C1CCC(C2CC3CCCC3C3CCC4CCCCC4C23)CC1
C1CCC(CCCCCC2CCC3CCCCC23)CC1
C1CCC(CCCC2CCC3C(CCC3C3CCCCC3)C2)CC1
C1CCC2CC(C3CCCC4CCCC43)CCC2C1
C1CCC(CCC2CCC3C(CCC3C3CCCC(CCCC4CCCC4)C3)C2)CC1
C1CCC(C2CCC3(CCCC4CC5C(CCC5C5CCCCC5)CC43)C2)CC1
C1CCC(CCC2CCC3C(CCC3C3CCCCC3)C2)CC1
C1CCC(C2CC3CCCC3C3CCC4CCCCCC4C23)CC1
C1CCC(CC2CCC3C(CCCCCC4CC4)CCCC23)CC1
C1CCC(CCCC2CCCC(C3CCC4CC(CCC5CCC6CCCCC6C5)CCC43)C2)CC1
C1CCC2C(C1)CCC1C2CCC2C3CCCCC3CC21
C1CCC2CC(CC3CCCC4CCCC43)CCC2C1
C1CCC(C2CCC3CC4C(CCC32)CCC42CCCCC2)CC1
C1CCC(CCCCCC2CC3CCCCC3C2)CC1
C1CCC2CCC(C3CCCC4CCCC43)CC2CC1
C1CCC(CCCC(CCC2CCC3CCCC3C2)CC2CCCCC2)CC1
C1CCC2CCC3C4CCC(CCCC5CC6CCCCC6C5)C4CCC3C2CC1
C1CCC(C2CCC3CCCC3C3CCC4CCCCCC4C23)CC1
C1CCC(CCCCCC2CCCC3C(C4CCCCC4)CCC23)CC1
C1CCC2C(C1)CCCC1C3CCCC3CCC21
C1CCC(CCC2CCC3C(CCC3C3CCCCC3)C2)CC1
C1CCC2CC(CCCC3CCC4C3CCCC3C5CCCCC5CCC34)CC2C1
C1CCC(C2CCC3CCCC3C3CCC4CCCCC4C23)CC1
C1CCC2CC(CCCC3CCC4C3CCC3C5CCCCC5CCC43)CC2C1
C1CCC2CC(C3CCCC4CCCC43)CCC2C1
C1CCC2CC(C3CCCC4CCCC43)CCC2C1
C1CCC(C2CCC3CC4C(CCCC5C6CCC(CCCC7CC8CCCCC8C7)C6CCC45)CC32)CC1
C1CCC(CCCCCC2CCCC3C(C4CCCCC4)CCC23)CC1
C1CCC2C(C1)CCC1C3CCCCC3CCC21
C1CCC(CC2CC3CCCCC3C3CCC4CCCCC4C23)CC1
C1CCCC(C2CC3CCCC3C3CCC4CCCCC4C23)CC1
C1CCC(CCC2CCC(CCC3CCCC(CC4CCCC4)C3)CC2)CC1
C1CCC2CC(C3CCCC4CCCC43)CCC2C1
C1CCC(C2CC3CCCCC3C3CCCCC3C2)CC1
C(CCCC1CCCC2C(C3CCCCC3)CCC12)CCC1CCCCC1
C1CCC(CC2CC3CCCCC3C3CCC4CCCCC4C23)CC1
C1CCC(CCC(CCC2CCCCC2)CCC2CCC3CCCC3C2)CC1
C1CCC(CCC2CCC3C(CCC3CC3CCCC(CC4CCCC4)C3)C2)CC1
C1CCC(C2CCC(CCCCCC3CCCC4CCCCC34)C2)CC1
C1CCC(C2CC3CCCCC3C3CCCCC23)CC1
C1CCC(CCCCCC2CC3CCCCC3C2)CC1
C1CCC(CCCCC2CC3CCCCC3C2)CC1
C(CCCC1CCCC2C(C3CCCCC3)CCC12)CCC1CCCCC1
C1CCC2CC(C3CCCC4CCCC43)CCC2C1
C1CCC(CCCCC2CCC3CCC(C4CCCC5CCCC54)CC3C2)CC1
C1CCC2CCC(C3CCCC4CCCC43)CC2CC1
C1CCC(C2CC3CCCC3C3CCC4CCCCC4C23)CC1
C(CCCC1CCCCC1)CCCC1CCC(C2CCCCC2)C1
C1CCC(CCCC2CCC3CCCC3C2)CC1
C1CCC(C2CC3CCCC3C3CCC4CCCCC4C3C2)CC1
C1CCC(CCC2(CCCCC3CC4CCCCC4C3)CCC3C4CCC5CCCCC5C4CCC32)C1
C1CCC(C2CCC3CC4C(CCC5C6CCCC6CCC45)CC32)CC1
C1CCC(C2CC3C(CCC34CCCC4)C3CCC4CCCCC4C23)CC1
C1CCC(C2CCC3CCCC3C3CCCC4CCCCC4C23)CC1
C1CCC(C2CCCC3C(CCC4CCCCC43)C2)CC1
C1CCC2C(C1)CCCC1CCCCC12
C1CCC2CCC(C3CCCC4CCCC43)CC2CC1
C1CCC(CC2CC3CCCCC3C3CCC4CCCCC4C23)C1
C1CCC(C2CCC3CC4C(CCC32)CCC42CCCC2)CC1
C1CCC2CC(CCCC3CCC4C3CCC3C5CCCCC5CCCC43)CC2C1
C1CCC(C2CC3C(CCC34CCCC4)C3CCC4CCCCC4C23)CC1
C1CCC(CCCC2CCC3C2CCC2C4CC5CCC(C6CCCCC6)C5CCC4CCC32)CC1
C(CCCC1CCCCC1)CCC1CCCCC1
C1CCC(CCCCCC2CCCC3C(C4CCCCC4)CCC23)CC1
C1CCC(CCCCCC2CC3CCCCC3C2)CC1
C1CCC(CC2CCCCC2CC2CC3CCCCC3C3CCC4CCCCC4C23)CC1
C1CCC2C(C1)CCC1C3CCCC3CCC21
C1CCC(C2CC3CCCC3C3CCC4CCCCC4C23)CC1
C1CCC(C2CCC3CC4C(CCC45CCCC5)CC32)CC1
C1CCC2CC(C3CCCC4CCCC43)CCC2C1
C1CCC2C(C1)CCCC2CCCC1CCC2C1CCC1C3CCCCC3CCC21
C1CCC(CC2CCC3CC4(CCCCCC4C4CCCCC4)CCC23)CC1
C1CCC(C2CCC3CCC4C(CCCC45CCCCC5)CC32)CC1
C1CCC(CC2CCC3CCCCC3C3CCC4CCCCC4C23)C1
C1CCC2C(C1)CCC1C3CCCC3CCC21
C(CCCCC1CCC(C2CCCCC2)C1)CCCC1CCCCC1
C1CCC(C2CC3CCCCC3C3CCC4CCCCC4C23)CC1
C1CCC(CCCCCC2CCC3CCCCC23)CC1
C1CCC(CCCCC2C3CCCCCC3CCC2C2CCCC3CCCC32)CC1
C1CCC(CCC2CCC3C(CCC4CC(C5CCCCC5)CCC43)C2)CC1
C1CCC(CCC2CCC3C(CCC4C5CCCC5CCC34)C2)CC1
C1CCC(C2CCC3CCCC3C3CCC4CCCCC4C23)CC1
C1CCC(CCCCCC2CC3CCCCC3C2)CC1
C1CCC(C2C3CCCCC3CC3CC4CCCC4CC32)CC1
C1CCC(CCCCCC2CCCC3C2CCC3C2CCCC(CCC3CCCC3)C2)CC1
C1CCC(CCCCC2CCC3CCC(C4CCCC5CCCC54)CC3C2)CC1
C1CCC(CCCC2CCCCC3CCC(C4CCCC5CCCC54)CC23)CC1
C(CCCC1CCCC2C(C3CCCCC3)CCC12)CCC1CCCCC1
C1CCC(C2CCC3CC4C(CCCC5CC5)CCCCC4CC32)CC1
C1CCC(C2CCC3CC4(CCCCCCC4C4CCCCC4)CCC32)CC1
C1CCC(CC2CCC(C3CC4CCCC4C4CCC5CCCCC5C34)CC2)C1
C(CCC1CCC2CCCCC2C1)CCC1CCCC2CCCCC12
C1CCC(CCC2CCC3C(CCCC4C5CCCC5CCC34)C2)CC1
C1CCC(C2CCC3C(CCCC4CCCCC43)C2)CC1
C1CCC(C2CCC3(CCCC4CC5C(CCC5C5CCCCC5)CC43)C2)CC1
C1CCC(CCCCC2CCC3CCC(C4CCCC5CCCC54)CC3C2)CC1
C1CCC(CCC2CCC(C3CC3)CC2)CC1
C1CCC(CCC2CCC(C3CC3)CC2)CC1
C1CCC2CCC3C4CCCCC4CC(CC4CCCC4)C3C2CC1
C1CCC2CC(CCCC3CCC4C3CCC3C5CCCCC5CCC43)CC2C1
C1CCC(CCCCCC2CC3CCCCC3C2)CC1
C(CCC1CCCC2CCCCC12)CC1CCCC2CCCCC12
C1CCC(CCCC2CCCC3CC4C(CCC4C4CCCCC4)CC23)CC1
C1CCC(CCCCC2CC3CCCCC3C2)CC1
C1CCC2CCC3C4CCCC4CCC3C2CC1
C1CCC2CC(C3CCCC4CCCC43)CCC2C1
C1CCC(CCC2(CCCC3CCC4CCCCC4C3)CCC3C4CCC5CCCCC5C4CCC32)C1
C1CCC2C(C1)CCCC1C3CCCC3CCC21
C1CCC(C2CCC3CCCC3C3CCC4CCCCCC4C23)CC1
C1CCC(CC2CCC(CC(CC3CCCCC3)C3CCCCC3)CC2)CC1
C1CCC2CC(C3CCCC3)C3CCCC3C2CC1
C1CCC(CCC2CCC3C(CCC4C5CCCC5CC(CCC5CCCCC5)C34)C2)CC1
C1CCC2CCC(C3CCCC4CCCC43)CC2CC1
C1CCC(C2CC3CCCC3C3CCC4CCCCCC4C23)CC1
C(CCC1CCCC2CCCC12)CC1CC2CCCCC2C1
C(CCCC1CCCCC1)CCCC1CCC(C2CCCCC2)C1
C(CCC1CC2CCCCC2C1)CCC1CCCC2CCCC12
C1CCC(CCCCC2CC3CCCCC3C2)CC1
C1CCC(CC2CC3CCCCC3C3CCC4CCCCCC4C23)CC1
C1CCC(CCCCC2C3CCCCC3CCC2C2CCCC3CCCC32)CC1
C1CCC2CC(CCCC3CCC4C3CCC3C5CCCCC5CCC43)CC2C1
C1CCC2C(C1)CCC1CCCCC12
C1CCC(CCCC2CCC(CC3CCC4C(CCC4C4CCCCC4)C3)CC2)CC1
C1CCC(C2CCC3(CCC4CC5C(CCC5C5CCCCC5)CC43)C2)CC1
C1CCC(CCC2CCC3C(CCC3C3CCCCC3)C2)CC1
C(CCCC1CCCC2CCCC12)CCC1CCC2CCCCC2C1
C(CCC1CCC2C1CCC1C3CCCCC3CCC21)CC1CC2CCCCC2C1
C1CCC2C(C1)CCC1C3CCCC3CCC21
C(CCC1CCC2CCCCC2C1)CCC1CCCC2CCCCC12
C1CCC(CCCCC2CCC3CCCCC23)CC1
C1CCC(CCCC2CCCC3CCC(C4CCCC5CCCC54)CC3C2)CC1
C1CCC(CCC2CCC3C(CCC3C3CCCC(CC4CCCCC4)C3)C2)CC1
C1CCC(C2CC3CCCC3C3CCC4CCCCCC4C23)CC1
C1CCC2CC(CCCC3CCCC4CCCCC43)CC2C1
C1CCC(C2CCC3CC4C(CCC5C6CCC(CCCC7CCC8CCCCC8C7)C6CCCC45)CC32)CC1
C1CCC2CC(C3CCCC4CCCC43)CCC2C1
C1CCC2CCC3C4CCCCC4CCC3C2CC1
C1CCC2CC(C3CCCC4CCCC43)CCC2C1
C1CCC(CC2CC3CCCCC3CC3CCC4CCCCC4C32)CC1
C1CCC2CCC3C4CCC(CCCC5CCCC5)C4CCC3C2CC1
C1CCC2C(C1)CCC1C3CCCC3CCC21
C1CCC2C(C1)CCC1C3CCCC3CCC21
C1CCC(CCC(CC2CC3CCCCC3C2)C2CC2)CC1
C1CCC(C2CC3CCCCC3C3CCCCC23)CC1
C1CCC(CCC2CCC3C(CCC3C3CCCCC3)C2)CC1
C1CCC2C(C1)CCC1C3CCCC3CCCC21
C1CCC(CCCC2CCC(C3CCC4C(CCC4C4CCCCC4)C3)CC2)CC1
C1CCC(C2CC3CCCC3C3CCC4CCCCC4C23)CC1
C1CCC(C2CCC3CC4C(CCC5C6CCC(CCCC7CCC8CCCCC8C7)C6CCC45)CC32)CC1
C1CCC(CCCCCC2CC3CCCCC3C2)CC1
C1CCC(CCCCC2CC3CCCCC3C2)CC1
C1CCC(CCCCC2CC3CCCCC3C2)CC1
C1CCC(CC2CC3CCCCC3C3CCC4CCCCCC4C23)CC1
C1CCC(C2CCC3CCC4CCCCC4C3CC2)CC1
C1CCC(CCC2CCCC3CC4C(CC5CCCCC5)CCC4CC23)CC1
C1CCC(CCCCC2CC3CCCCC3C2)CC1
C1CCC(CC2CC3CCCCC3C3CCC4CCCCCC4C23)CC1
C1CCC(CC2CCC3C(CCC3C3CCCCC3)C2)CC1
C1CCC(C2CC3CCCC3C3CCC4CCCCCC4C23)CC1
C1CCC2CCC(C3CCCC4CCCC43)CC2CC1
C(CCCC1CCCC2C(C3CCCCC3)CCC12)CCC1CCCCC1
C1CCC2C(C1)CCC1C3CCCCC3CCC21
C1CCC(CCC2CCC3C(CCC3C3CCCCC3)C2)CC1
C1CCC(CCCCCC2CCCC3C2CCC3C2CCCC(CC3CCC3)C2)CC1
C1CCC(CCCCC2CC3CCCCC3C2)CC1
C(CCC1CCCC2CCCC12)CC1CC2CCCCC2C1
C1CCC(C2CCC3CC4C(CCC5C6CCC(CCCC7CC8CCCCC8C7)C6CCC45)CC32)CC1
C1CCC(CCCCCC2CC3CCCCC3C2)CC1
C1CCC(CCCCC2CC3CCCCC3C2)CC1
C1CCC(C2CCC3CC4C(CCCC45CCCC5)CC32)CC1
C1CCC(C2CCC(CCCCCC3CCCC4CCCCC34)C2)CC1
C1CCC2CCC3C4CCCC4CCC3C2CC1
C1CCC(CC2CCCC(C3CCC4CC(CCC5CCC6CCCCC6C5)CCC43)C2)C1
C(CCCC1CCCC2C(C3CCCCC3)CCC12)CCC1CCCCC1
C1CCC2CCC3C4CCC(CCCC5CC6CCCCC6C5)C4CCC3C2CC1
C1CCC2CCC(C3CCCC4CCCC43)CC2CC1
C1CCC2CC(CC3CCCC4CCCC43)CCC2C1
C1CC2CCC3C(CCC4CCCCC43)CC2C1
C1CCC2C(C1)CC(C1CCCC3CCCC31)C1CCCC21
C1CCC(CCCCCC2CCCC3C(C4CCCCC4)CCC23)CC1
C1CCC(CC2CCC(CCCCCC3CCCC4CCCCC34)C2)CC1
C1CCC(C2CC3CCCC3C3CCC4CCCCCC4C23)CC1
C1CCC2CC(CC3CCCC4CCCC43)CCC2C1
C(CCC1CCCC2CCCCC12)CCC1CCCC2CCCCC12
C1CCC(CCCCC2CCC3CCCCC23)CC1
C1CCC(C2CCC3CC4(CCCCC4C4CCCCC4)CCCC32)CC1
C1CCC(C2CCC3C(CCC4CCCCC43)C2)CC1
C(CCCC1CCCC2C(C3CCCCC3)CCC12)CCC1CCCCC1
C1CCC2CCC3C4CCCC4CCC3C2CC1
C1CCC(CC2CC3CCCCC3C3CCC4CCCCC4C3C2)CC1
C(CCC1CCCCC2CCCCC12)CC1CCC2CCCCC2C1
C1CCC2C(C1)CCC1C2CCC2CCC3CC3C21
C1CCC(CCCC2(CCCC3CCCC3)CCC3C4CCC5CCCCC5C4CCC32)CC1
C1CCC(C2CCC3CC4C(CCC5C6CCC(CCCCC7CCC8CCCCC8C7)C6CCC45)CC32)CC1
C1CCC(CCCCC2CC3CCCCC3C2)CC1
C1CCC(CCC2CCC3C(CCC4C5CCCC5CCCC34)C2)CC1
C1CCC(CCCC2CCC3CCC(C4CCCC5CCCC54)CC3C2)CC1
C(CCCC1CCCCC1)CCCC1CCC(C2CCCCC2)C1
C(CCCC1CCCC2C(C3CCCCC3)CCC12)CCC1CCCCC1
C(CCC1CCCC2CCCC12)CC1CC2CCCCC2C1
C1CCC(CCCCCC2CC3CCCCC3C2)CC1
C1CCC2CC(C3CCCC3)CCC2C1
C1CCC2C(C1)CCC1C3CCCC3CCC21
C1CCC(C2CCC(CCCC3CCC4C3CCC3C5CCCCC5CCC43)C2)CC1
C1CCC2CC(CCCC3CCC4C3CCC3C5CCCCC5CCC43)CC2C1
C1CCC(CCCC2CCCC3CCC(C4CCCC5CCCC54)CC3C2)CC1
C1CCC(CCCCC2CCC3CCCCC23)CC1
C(CCC1CCC2C1CCC1C3CCCCC3CCC21)CC1CCC2CCCCC2C1
C(CCCC1CCCC2C(C3CCCCC3)CCC12)CCC1CCC(C2CCCC2)C1
C1CCC2C(C1)CCC1C3CCCCC3CCC21
C(CCC1CCC2C1CCC1C3CCCCC3CCC21)CC1CCC2CCCCC2C1
C1CCC(CCC2CCCCC2)CC1
C1CCC2C(C1)CCC1C3CCCC3CCCC21
C1CCC2CC(C3CCCC4CCCC43)CCC2C1
C1CCC2CC(CC3CCCC4CCCC43)CCC2C1
C1CCC(C2CCC3CCC4CCCCC4C3CC2)CC1
C1CCC(CC2CC3CCCCC3CC3CCC4CCCCC4C32)CC1
C1CCC(CC2CCC3CC(C4CCCCC4)CCC23)CC1
C1CCC(CCCC2CCC3C(CCC3C3CCCCC3)C2)CC1
C1CCC(C2CCC3CC4C(CCC45CCCCCC5)CC32)CC1
C(CCC1CCC2C1CCC1C3CCCCC3CCC21)CC1CC2CCCCC2C1
C1CCC2C(C1)CCCC2CCCC1CCCC2CCCCC21
C1CCC(C2CCC3CC4C(CCCC45CCCC5)CC32)CC1
C1CCC(C2CC3CCCC3C3CCC4CCCCC4C23)CC1
C1CCC(C2CC3CCCC3C3CCC4CCCCC4C23)CC1
C(CCC1CCCC2CCCCC12)CC1CC2CCCCC2C1
C1CCC2C(C1)CCC1C3CCCC3CCC21
C1CCC2CC(CCCC3CCC4C3CCC3C5CCCCC5CCC43)CC2C1
C1CCC2C(C1)CCC1C3CCCC3CCCC21
C1CCC(C2CCC3CC4C(CCCC45CCCCC5)CCC32)CC1
C1CCC(C2CCC3CC4C(CCCC45CCCC5)CCC32)CC1
C1CCC(CCCCC2CCC3CCCCC23)CC1
C1CCC(CCC2CCCCC3CCC(C4CCCC5CCCC54)CC23)CC1
C1CCC(CCC2CCC(C3CCC4C(CC5CCCCC5)CCC4C3)CC2)CC1
C1CCC(CCC2CCC3C(CC4CCCCC4)CCC3C2)CC1
C1CCC(CCCCC2CC3CCCCC3C2)CC1
C1CC2CC2C2C(C1)CCC1C3CCCC3CCC12
C1CCC2CC(C3CCCC4CCCC43)CCC2C1
C1CCC(CCC2CCC3C(CCC4CC(C5CCCCC5)CCC43)C2)CC1
C1CCC(C2CC3CCCC3C3CCC4CCCCCC4C23)CC1
C1CCCC(C2CC3CCCC3C3CCC4CCCCC4C23)CC1
C1CCC(CCCCCC2CCCCC2)CC1
C1CCC(C2CC3CCCC3C3CCC4CCCCC4C23)CC1
C1CCC(CCC2CCC(CCCC3CCCC(CC4CCCC4)C3)CC2)CC1
C1CCC(CC2CC3CCCCC3C3CCC4CCCCC4C23)C1
C1CCC(C2CC3CCCC3C3CCC4CCCCC4C23)CC1
C1CCC(CCC2CCC(CCC3CCCC(CC4CCCC4)C3)CC2)CC1
C1CCC(CCCC2CCCCC3CCC(C4CCCC5CCCC54)CC23)CC1
C1CCC2C(C1)CCC1CCCCC12
C1CCC(CCCCC2CCC3CCCCC23)CC1
C(CCC1CCCC2CCCC12)CC1CC2CCCCC2C1
C1CCC(CC2CC3CCCCC3CC3CCC4CCCCC4C32)CC1
C1CCC(CC2CCC3C(CCC3C3CCCCC3)C2)CC1
C(CCCC1CCCC2C(C3CCCCC3)CCC12)CCC1CCCCC1
C1CCC(CCC(CCC2CCC3CCCC3C2)CC2CCCCC2)CC1
C1CCC2CC(C3CCCC4CCCC43)CCC2C1
C1CCC(CCCCCC2CC3CCCCC3C2)CC1
C(CCCC1CCCCC1)CCCC1CCC(C2CCCCC2)C1
C1CCC(CCCC2CCC3C2CCC2C4CCC5CCC(C6CCCCC6)C5CC4CCC32)CC1
C1CCC2CC(C3CCCC4CCCC43)CCC2C1
C1CCC(CCC2CCC3C(CCC4C5CCCC5CCC34)C2)CC1
C1CCC(CCCCC2C3CCCCCC3CCC2C2CCCC3CCCC32)CC1
C1CCC2CCC3C4CCC(CCCC5CC6CCCCC6C5)C4CCC3C2CC1
C1CCC(C2CCC3CC4C(CCC45CCCC5)CC32)CC1
C1CCC(CCCC2CCC3C(CCC4CC(C5CCCCC5)CCC43)C2)CC1
C1CCC(C2CC3CCCC3C3CCC4CCCCC4CC23)CC1
C1CCC(CCC2CCC3C(CCC4CC(C5CCCCC5)CCC43)C2)CC1
C1CCC(C2CCC3C(CCC4CCCCC43)C2)CC1
C1CCC2CCC(C3CCCC4CCCC43)CC2CC1
C1CCC(C2CC3CCCCC3C3CCCCC3C2)CC1
C1CCC2CC(C3CCCC4CCCC43)CCC2C1
C1CC2CCC3C(CCC4CCCCC43)CC2C1
C1CCC(CCCCC2CCC3CCCCC23)CC1
C1CCC(C2CC3CCCC3C3CCCC4CCCCC4C23)CC1
C(CCCC1CCCCC1)CCCC1CCC(C2CCCCC2)C1
C1CCC(CC2CCC3CCCCC3C3CCC4CCCCC4C23)C1
C1CCC(CCC2CCC3C(CCC3C3CCCCC3)C2)CC1
C1CCC(CCC2CCC3C(CCC3C3CCCCC3)C2)CC1
C1CCC2CCC(C3CCCC4CCCC43)CC2CC1
C1CCC(CCC2CCC3C(CCC3C3CCCCC3)C2)CC1
C1CCC(C2CC3CCCC3C3CCCC4CCCCC4C23)CC1
C1CCC(C2CCC3CC4C(CCC45CCCCCC5)CC32)CC1
C1CCC(CCCCCC2CC3CCCCC3C2)CC1
C1CCC(C2CCC3C(CCCC4CCCCC43)C2)CC1
C1CCC(C2CC3CCCCC3CC3CCCCC32)CC1
C1CCC2CCC(C3CCCC4CCCC43)CC2CC1
C1CCC(CC2CC3CCCCC3C3CCC4CCCCC4C23)C1
C(CCC1CCCC2CCCCC12)CC1CCC2CCCCC2C1
C(CCCCC1CCC(C2CCCCC2)C1)CCCC1CCCCC1
C1CCC(C2CCC3C(CCC4CCCCC43)C2)CC1
C1CCC(C2CCC(CCCCCC3CCCC4C(C5CCCCC5)CCC34)C2)CC1
C1CCC(C2CCC3CC(C4CCC(CCC5CCCC5)CC4)CCC32)CC1
C1CCC(CCCCC2CC3CCCCC3C2)CC1
C1CCC(C2CCC(CCCC3CCC4C3CCC3C5CCCCCC5CCC43)C2)CC1
C1CCC(C2CCC3CCCC3C3CCC4CCCCC4C23)CC1
C(CCC1CCCC2CCCCC12)CC1CC2CCCCC2C1
C1CCC(CCCC2CCC3C(CCC4C5CCCC5CC(CCC5CCCCC5)C34)C2)CC1
C1CCC2CCC3C(CCC4C3CCC4(CCCC3CCC4CCCCC4C3)CCC3CCCC3)C2CC1
C(CCCC1CCCC2C(C3CCCCC3)CCC12)CCC1CCCCC1
C1CCC(C2CC3CCCC3C3CCC4CCCCC4C23)CC1
C1CCC(C2CC3C(CCC4CC4)CCC3C3CCC4CCCCC4C23)CC1
C1CCC(CCCCC2(CCC3CCCC3)CCC3C4CCC5CCCCC5C4CCC32)CC1
C1CCC(CCCCC2CC3CCCCC3C2)CC1
C1CCC(CCCCC2CC3CCCCC3C2)CC1
C1CCC(C2CC3CCCC3C3CCC4CCCCC4C23)CC1
C1CCC2CC(CC3CCCC4CCCC43)CCC2C1
C1CCC2C(C1)CC(C1CCCC1)C1CCCCC21
C1CCC(C2CCC3C(CCC3C3CCCCC3)C2)CC1
C1CCC(CCCCC2CC3CCCCC3C2)CC1
C1CCC(CC2CC3CCCCC3CC3CCC4CCCCC4C32)CC1
C1CCC(CC2CC3CCCCC3C3CCC4CCCCC4C23)CC1
C(CCCC1CCCC2CCCCC12)CCC1CCC(C2CCCCC2)C1
C1CCC(C2CCCC3CCCC3C3CCC4CCCCC4C23)CC1
C1CCC(CC2CCC3CC4(CCCCC4C4CCCCC4)CCC23)CC1
C1CCC(CCC2CCC3C(CCCC4CCCCC43)C2)CC1
C(CCC1CCC2C1CCC1C3CCCCC3CCC21)CC1CC2CCCCC2C1
C1CCC2CCC3CCCCC3C2CC1
C1CCC2C(C1)CC(C1CCCC1)C1CCCC21
C1CCC(C2CCC3CC4C5CCC6CCCC6C(CCC4CC32)C5)CC1
C1CCC(CCC2CCC(CCCC3CCCC(CC4CCCC4)C3)CC2)CC1
C1CCC2CCC(C3CCCC4CCCC43)CC2CC1
C1CCC(C2CCC3CC4C(CC5CC6CCCCC6C5)CCCCC4CC32)CC1
C1CCC(C2CC3C(CCC34CCCC4)C3CCC4CCCCC4C23)CC1
C1CCC(CCCC2CCCCC2)CC1
C1CCC(CCCCC2CC3CCCCC3C2C2CCCCC2)CC1
C1CCC(CCCCC2CCC3C2CCC2C4CCCCC4CCC32)CC1
C1CCC(CCCCCC2CC3CCCCC3C2)CC1
C1CCC2C(C1)CCC1C3CCCC3CCC21
C1CCC2CCC3C4CCCC4CCC3C2CC1
C1CCC(C2CCC3C(CCC4CCCCC43)C2)CC1
C1CCC(C2CC3CCCCC3C3CCCCC23)CC1
C1CCC(CCC2(CCCC3CC4CCCCC4C3)CCCC3C4CCC5CCCCC5C4CCC32)C1
C1CCC(C2CC3CCCC3C3CCC4CCCCC4C23)CC1
C1CCC(CC2CC3CCCCC3C3CCC4CCCCC4C23)C1
C1CCC(CCCCC2CC3CCCCC3C2)CC1
C(CCC1CCCC2CCCCC12)CCC1CCCC2CCCCC12
C1CCC(C2CC3CCCC3C3CCC4CCCCC4C23)CC1
C1CCC(C2CCC3CCCCC3C3CCC4CCCCC4C23)CC1
C1CCC(CCCC2CCCC3CCC(C4CCCC5CCCC54)CC23)CC1
C1CCC2CCC3C4CCCC4CCC3C2CC1
C1CCC(CC2CC3CCCCC3C3CCC4CCCCCC4C23)CC1
C1CCC2CCC(C3CCCC4CCCC43)CC2CC1
C1CCC(C2CCC3CCC(C4CCCC4)CC32)CC1
C1CCC2CCC(C3CCCC4CCCC43)CC2CC1
C1CCC2C(C1)CCC1C3CCCC3CCC21
C1CCC(C2CC3CCCCC3C3CCCCC23)CC1
C1CCC(CC2CC3CCCCC3C3CCC4CCCCC4C23)CC1
C1CCC(CCCCCC2CCCC3C(C4CCCCC4)CCC23)CC1
C1CCC(C2CCC(CCCCCC3CCCC4C(C5CCCCC5)CCC34)C2)CC1
C1CCC(CCCCCC2CC3CCCCC3C2)CC1
C1CCC(C2CCC3C(CCCCCC4CCC(C5CCCC5)C4)CCCC23)CC1
C1CCC(C2CC3CCCC3C3CCCC4CCCCC4C23)CC1
C1CCC(C2CCC3C(CCC34CCCCC4)C3CCC4CCCCC4C23)CC1
C1CCC(CC2CCC3C(CC4CCCCC4)CCC3C2)CC1
C1CCC(CCCCC2CC3CCCCC3C2)CC1
C1CCC(C2CC3CCCCC3C3CCCCC23)CC1
C1CCC(CC2CCCC2CC2CC3CCCCC3C3CCC4CCCCCC4C23)CC1
C1CCC(CCCCC2CC3CCCCC3C2)CC1
C1CCC(CCC2CCC3CC4C(CCC5CCCCC5)CC5CCCC5C4CCC3C2)CC1
C1CCC(C2CC3CCCC3C3CCC4CCCCC4C23)CC1
C1CCC(C2CCC3CC4C(CCCCC45CCCC5)CC32)CC1
C1CCC2CCC3C4CCCCC4CC(CC4CCCC4)C3C2CC1
C1CCC(CC2CCC(CC(CC3CCCCC3)C3CCCCC3)CC2)CC1
C1CCC(C2CC3CCCC3C3CCC4CCCCCC4C23)CC1
C1CCC(CCC2CCC3C(CCC3C3CCCC(CC4CCCC4)C3)C2)CC1
C1CCC2CCC(C3CCCC4CCCC43)CC2CC1
C1CCC(CCC(CCC2CCC3CCCCC3C2)CC2CCCCC2)CC1
C1CCC(CCC2CCC3C(CCC3C3CCCC3)C2)CC1
C1CCC(CC2CC3CCCCC3C3CCC4CCCCC4C23)CC1
C1CCC2CC(C3CCCC4CCCC43)C3CCCC3C2CC1
C1CCC(CC2CC3CCCCC3C3CCC4CCCCC4C23)C1
C1CCC(C2CCC3CC4C(CCCC45CCCCCC5)CC32)CC1
C(CCC1CCCCC2CCCCC12)CC1CCC2CCCCC2C1
C1CCC2CC(C3CCCC4CCCC43)CCC2C1
C1CCC(CC2CCC3CCCCC3C3CCC4CCCCC4C23)CC1
C1CCC2C(C1)CCC1C2CCC2CCC3CC3C21
C1CCC(CCCC2CCCC(C3CCC4CC(CCC5CCC6CCCCC6C5)CCC43)C2)CC1
C1CCC2CCC3C4CCC(CCCC5CCC6CCCCC6C5)C4CCC3C2CC1
C1CCC(CCCCCC2CCCC3C(C4CCCCC4)CCC23)CC1
C1CCC2CCC3C4CCC(CCCC5CCC6CCCCC6C5)C4CCC3C2CC1
C1CCC(C2CCC3CC4C(CCC45CCCCCC5)CC32)CC1
C1CCC(C2CC3CCCC3C3CCC4CCCCC4C23)CC1
C1CCC2CC(C3CCCC4CCCC43)CCC2C1
C1CCC2C(C1)CC(C1CCCC3CCCC31)C1CCCCC21
C1CCC(C2CCC(CCCCCC3CCCC4CCCCC34)C2)CC1
C1CCC(CC2CC3CCCCC3C3CCC4CCCCC4C23)CC1
C1CCC(CCC2CCCCC3CCC(C4CCCC5CCCC54)CC23)CC1
C1CCC(CCC2CCC3C(CCC3C3CCCCC3)C2)CC1
C1CCC(C2CCC3CC4C(CCC45CCCC5)CC32)CC1
C1CCC2CCC(C3CCCC4CCCC43)CC2CC1
C1CCC(CCC2CCC3C(CCC3C3CCCCC3)C2)CC1
C(CCC1CCCC2CCCCC12)CC1CCC2CCCCC2C1
C1CCC(CCC2CCCC3CCC(CC4CCCC5CCCC54)CC23)CC1
C1CCC2CC(CCCC3CCCC4CCCCC43)CC2C1
C1CCC(CCCCCC2CCCC3C(C4CCCCC4)CCC23)CC1
C1CCC(CCCCC2CC3CCCCC3C2)CC1
C1CCC(C2CC3CCCC3C3CCC4CCCCCC4C23)CC1
C1CCC(C2CCC3CC4C(CCCC45CCC(C4CCCCC4)C(C4CCCCC4)C5)CC32)CC1
C1CCC(C2CCC3CC4C(CCC32)CCC42CCCCC2)CC1
C1CCC(CCCCCC2CC3CCCCC3C2)CC1
C1CCC(CCCCC2CC3CCCCC3C2)CC1
C(CCCC1CCCC2C(C3CCCCC3)CCC12)CCC1CCCCC1
C1CCC(CCC2CCC3C(CCC3C3CCCCC3)C2)CC1
C(CCCC1CCCC2C(C3CCCCC3)CCC12)CCC1CCCCC1
C1CCC(CCCCCC2CCC3C(CCC3C3CCCCC3)C2)CC1
C1CCC(CCC2CCC(CCC3CCCCC(CC4CCCC4)C3)CC2)CC1
C1CCC(CC2CCC3C(CCC4CCCCC43)C2)CC1
C1CCC(C2CCC(CCCCCC3(C4CCCC4)CCCC4CCCCC43)C2)CC1
C1CCC(C2CCC3CC4C(CCC5C6CCC(CCCCC7CC8CCCCC8C7)C6CCC45)CC32)CC1
C1CCC2CC(C3CCCC4CCCC43)CCC2C1
C(CCC1CC2CCCCC2C1)CCC1CCCC2CCCC12
C1CCC(CCCCCC2CC3CCCCC3C2)CC1
C1CCC(CCCCC2CC3CCCCC3C2)CC1
C1CCC(CCC2CCC(C3CCC4C(CC5CCCCC5)CCC4C3)CC2)CC1
C1CCC2C(C1)CCCC2CCCC1CCCC2CCCCC21
C1CCC(CCCC2(CCCC3CC4CCCCC4C3)CCC3C4CCC5CCCCC5C4CCC32)C1
C(CCC1CCC2CCCCC2C1)CCC1CCCC2CCCCC12
C1CCC2C(C1)CCC1C3CCCC3CCC21
C1CCC(CCC2CC3CCCCC3C3CCC4CCCCC4C23)C1
C1CCC2C(C1)CCC1C3CCCC3CCC21
C1CCC2C(C1)CC(C1CCCC1)C1CCCCC21
C1CCC(C2CCCC3(CCC4CC5C(CCC5C5CCCCC5)CC43)C2)CC1
C1CCC2CC(C3CCCC4CCCC43)CCC2C1
C1CCC(CC2CC3CCCCC3C3CCC4CCCCCC4C23)CC1
C1CCC(C2CC3CCCC3C3CCC4CCCCCC4C23)CC1
C(CCC1CCC2C1CCC1C3CCCCC3CCC21)CC1CC2CCCCC2C1
C1CCC(CCCC2CCC3CCC(C4CCCC5CCCC54)CC3C2)CC1
C1CCC(CCCC(CCC2CCC3CCCC3C2)CC2CCCCC2)CC1
C1CCC(C2CCC3C(CCCCCC4CCC(C5CCCC5)C4)CCCC23)CC1
C1CCC(C2CC3CCCC3C3CCC4CCCCC4CC23)CC1
C1CCC(CCCC2CCC3C(CCC4C5CCCC5CC(CCC5CCCCC5)C34)C2)CC1
C(CCC1CCC2CCCCC2C1)CCC1(C2CCCC2)CCCC2CCCCC21
C(CCCC1CCCCC1)CCC1CCCCC1
C1CCC(C2CC3CCCC3C3CCC4CCCCC4C23)CC1
C1CCC(CCCCC2CC3CCCCC3C2)CC1
C1CCC(CC2CC3CCCCC3C3CCC4CCCCC4C3C2)CC1
C1CCC(C2CCC3CC(CC4CCC(CCC5CCCC5)CC4)CCC32)CC1
C1CCC(CCCCC2CC3CCCCC3C2)CC1
C1CCC(CCCCC2CCC3CCCCC23)CC1
C1CCC2CC(CCCC3CCCCC4CCCCC43)CC2C1
C1CCC(CCCC2CCCC(C3CCC4CC(CCC5CCC6CCCCC6C5)CCC43)C2)CC1
C1CCC(CCC2CCCC3CCC4C(CCC4C4CCCCC4)CC23)CC1
C1CCC(CCC2CCC(CCC3CCCC(CC4CCCC4)C3)CC2)CC1
C1CCC(CCCCC2CCC3C2CCC2C4CCCCC4CCCC32)CC1
C1CCC(CCCCC2CCCC3CCC(C4CCCC5CCCC54)CC23)CC1
C1CCC(CC2CCC3C(CCC3C3CCCCC3)C2)CC1
C1CCC(CC2CCC3CC4(CCCCC4C4CCCCC4)CCC23)CC1
C1CCC(CCCC2CCCC(C3CCC4CC(CCC5CCC6CCCCC6C5)CCC43)C2)CC1
C1CCC(C2CCC3CC4(CCCCC4C4CCCCC4)CCCC32)CC1
C1CCC(C2CCC3CCCC3C3CCC4CCCCC4C23)CC1
C1CC2CCC3C(CCC4CCCCC43)CC2C1
C1CCC2C(C1)CCC1C3CCCC3CCC21
C1CCC2CCC3C4CCCC4CC(C4CCC(C5CCCC5)CC4)C3C2CC1
C1CCC2CCC(C3CCCC4CCCC43)CC2CC1
C1CCC2C(C1)CCCC1C3CCCC3CCC21
C1CCC(CCCCC2CC3CCCCC3C2)CC1
C1CC(C2CCC(C3CC4CCCC4C4CCC5CCCCC5C34)CC2)C1
C1CCC(CC2CCC3CC4C(CCCC45CCCC5)CC23)CC1
C1CCC2CCC(C3CCCC4CCCC43)CC2CC1
C1CCC(CCC(CC2CCC3C(CCC3C3CCCCC3)C2)C2CCCCC2)CC1
C1CCC(CCCCC2CCC3CCC(C4CCCC5CCCC54)CC3C2)CC1
C1CCC(C2CCC3C(CCC4CCCCC43)C2)CC1
C1CCC(C2CC3CCCC3C3CCC4CCCCC4C23)CC1
C1CCC2C(C1)CCC1C3CCCC3CCC21
C1CCC2CCC(C3CCCC4CCCC43)CC2CC1
C1CCC(CC2CCC(CC(CC3CCCCC3)C3CCCCC3)CC2)CC1
C1CCC2CCC3C4CCCCC4CC(CC4CCCC4)C3C2CC1
C1CCC2C(C1)CCC1C3CCCC3CCC21
C1CCC(CCCCCC2CC3CCCCC3C2)CC1
C(CCC1CCCC2CCCC12)CC1CC2CCCCC2C1
C1CCC(CCCCC2CCC3CCCCC23)CC1
C1CCC(CCCCCC2CCC3CCCCC23)CC1
C1CCC(C2CC3CCCC3C3CCC4CCCCCC4C23)CC1
C1CCC(CC2CC3CCCCC3C3CCC4CCCCC4C23)CC1
C1CCC(C2CCC3CC4C(CCC5C6CCC(CCCC7CCC8CCCCC8C7)C6CCCC45)CC32)CC1
C1CCC(CCCCC2CCC3CCCCC23)CC1
C1CCC2CCC(C3CCCC4CCCC43)CC2CC1
C1CCC(CCC2CCC(C3CCCC4C(C5CCCCC5)CCC34)C2)CC1
C(CC1CCC2CCCC2C1)CC1CCC2CCC(CC3CCCC4CCCC43)CC2C1
C1CCC(CCC2CCC3C(CCCC4C5CCCC5CCC34)C2)CC1
C(CCC1CCCC2CCCC12)CC1CC2CCCCC2C1
C1CCC(CCC2CCC3C(CCC3C3CCCCC3)C2)CC1
C1CCC2CC(CCCC3CCC4C3CCC3C5CCCCC5CCC43)CCC2C1
C1CCC(CCCCC2CC3CCCCC3C2)CC1
C1CCC(CCC2CCC3C(CCC3C3CCCCC3)C2)CC1
C1CCC2C(C1)CCC1CCCCC12
C1CCC2CC(C3CCCC4CCCC43)CCC2C1
C(CCCCCCC1CCC2C(CCC3C4CCCCC4CCC23)C1)CCCCCC1CCC(CCC2CCC(CCC3CCCC3)C2)C1
C1CCC(CCCCCC2CCC3CCCCC23)CC1
C1CCC(CCC2CCC3C2CCC2C4CCCCC4CCC32)C1
C1CCC2CC(C3CCCC4CCCC43)CCC2C1
C1CCC(C2CCC3CCC4C(CCC5C6CCC(CCCC7CCC8CCCCC8C7)C6CCC45)CC32)CC1
C1CCC2C(C1)CCC1C3CCCC3CCC21
C1CCC(CC2CC3CCCCC3C3CCC4CCCCCC4C23)CC1
C(CCC1CCC2C1CCC1C3CCCCC3CCC21)CC1CC2CCCCC2C1
C1CCC2C(C1)CCC1C3CCCC3CCC21
C1CCC(C2CCC3CCC4C(CCCC45CCCC5)CC32)CC1
C(CCC1CCCCC2CCCCC12)CC1CCC2CCCCC2C1
C1CCC2CCC3C4CCCCC4CCC3C2CC1
C1CCC2CCC3C4CCCC4CCC3C2CC1
C1CCC(CCCCC2CC3CCCCC3C2)CC1
C1CCC(CC2CC3CCCCC3C3CCC4CCCCCC4C23)CC1
C1CCC(C2CCC3CC4C(CCC5C6CCC(CCCCC7CC8CCCCC8C7)C6CCC45)CC32)CC1
C1CCC(CCCCCC2CCCC3C(C4CCCCC4)CCC23)CC1
C1CCC(C2CC3CCCC3C3CCCC4CCCCC4C23)CC1
C1CCC(CC2CCCC(C3CCC4CC(CCC5CCC6CCCCC6C5)CCC43)C2)CC1
C1CCC(CCCC2CCC(CCC3CCCC(CC4CCCC4)C3)CC2)CC1
C1CCC2CCC3C4CCCC4CCC3C2CC1
C1CCC(C2CCC3CC4C(CCCC5C6CCC(CCCC7CC8CCCCC8C7)C6CCC45)CC32)CC1
C1CCC(C2CC3CCCCC3C3CCC4CCCCC4C23)CC1
C(CCCC1CCCCC1)CCC1CCCCC1
C1CCC(C2CC3CCCC3C3CCC4CCCCC4C23)CC1
C(CCC1CCCC2CCCC12)CC1CC2CCCCC2C1
C1CCC(CC2CCC3CC4C(CCC45CCCC5)CC23)CC1
C1CCC2CCC3C4CCCC4CCC3C2CC1
C1CCC(CCCCC2CC3CCCCC3C2)CC1
C1CCC(CC2CC3CCCCC3C3CCC4CCCCC4C23)C1
C1CCC(CC2CC3CCCCC3C3CCC4CCCCC4C23)CC1
C1CCC(C2CCC3CC4C(CCC5C6CCC(CCCC7CCC8CCCCC8C7)C6CCC45)CC32)CC1
C1CCC(C2CCC3CC4C(CCCCC5CC5)CCCC4CC32)CC1
C1CCC(CC2CCCC2CC2CC3CCCCC3C3CCC4CCCCC4C23)CC1
C1CCC2CC(C3CCCC4CCCC43)CCC2C1
C1CCC(CCC2CCC3C(CCC3C3CCCCC3)C2)CC1
C1CCC2CC(CCCC3CCC4C3CCC3C5CCCCC5CCC43)CC2C1
C1CCC(C2CCC3CCCC3C3CCC4CCCCC4CC23)CC1
C1CCC(C2CC3CCCC3C3CCCC4CCCCC4C23)CC1
C1CCC(C2CC3CCCC3C3CCC4CCCCC4C23)CC1
C1CCC(CCCCCC2CC3CCCCC3C2)CC1
C1CCC(C2CC3C(CCC4CC4)CCC3C3CCC4CCCCC4C23)CC1
C1CCC(CCC2CCCC3CCC(C4CCCC5CCCC54)CC23)CC1
C1CCC2CCC3C4CCC(CCCC5CCC6CCCCC6C5)C4CCC3C2CC1
C1CCC2C(C1)CC(C1CCCC3CCCC31)C1CCCC21
C1CCC(CCC2CCC3C(CCC3C3CCCCC3)C2)CC1
C1CCC2CC(CCCC3CCCC4C3CCC3C5CCCCC5CCC43)CC2C1
C1CCC2CCC3C4CCC(CCCC5CC6CCCCC6C5)C4CCC3C2CC1
C1CCC(CCC2CCC3C(CCC4CCCCC43)C2)CC1
C1CCC(C2CCC3CC4C(CCC45CCCCC5)CC32)CC1
C1CCC(C2CCC3CCC4C(CCC45CCCC5)CC32)CC1
C1CCC(CCC2CCC3C(CCC3C3CCCCC3)C2)CC1
C1CCC2C(C1)CCC1CC3CC4CCCC4C3CCC12
C1CCC2CC(CCCC3CCC4C3CCCC3C5CCCCC5CCC34)CC2C1
C1CCC(CC2CCC3CCCCC3C3CCC4CCCCC4C23)CC1
C1CCC(C2CCC3C(CCCCCC4CCC(C5CCCC5)C4)CCCC23)CC1
C1CCC(C2CCC3CC4C(CCC5C6CCC(CCCCC7CC8CCCCC8C7)C6CCC45)CC32)CC1
C1CCC2CC(CCCC3CCC4C3CCC3C5CCCCC5CCC43)CC2C1
C1CCC(CC2CC3CCCCC3C3CCC4CCCCC4C23)CC1
C1CCC2CC(C3CCCC4CCCC43)CCC2C1
C1CCC(C2CCC3CC4C(CCC5C6CCC(CCCC7CCC8CCCCC8C7)C6CCC45)CC32)CC1
C1CCC2C(C1)CC(C1CCCC3CCCC31)C1CCCC21
C1CCC(CCCC2CCCCC2)CC1
C1CCC(CCC2CCC3C(CCCC4CCCCC43)C2)CC1
C1CCC(CCC2CCC3CC4CCCCC4CCC3C2)CC1
C1CCC(CCCC2CCC3CCC(C4CCCC5CCCC54)CC3C2)CC1
C(CCCC1CCCC2C(C3CCCCC3)CCC12)CCC1CCCCC1
C1CCC2C(C1)CCC1CCCCC12
C(CCCC1CCCCC1)CCCC1CCC(C2CCCCC2)C1
C1CCC(CCCC2CCC3C(CCC3C3CCCCC3)C2)CC1
C1CCC2CCC(CCC3CCC4C(CCC4C4CCCC(CC5CCCC5)C4)C3)CC2CC1
C1CCC(CCCCCC2CCC3CCCCC23)CC1
C1CCC(C2CCC3CC4(CCCCC4C4CCCCC4)CCCC32)CC1
C1CCC(CCCCC2CCC3CCCCC23)CC1
C1CCC(C2CCC3C(CCCC4CCCCC43)C2)CC1
C1CCC2CCC3C4CCCC4CCC3C2CC1
C1CCC(C2CC3CCCC3C3CCC4CCCCC4CC23)CC1
C1CCC(C2CC3CCCC3C3CCC4CCCCC4C23)CC1
C1CCC(CC2CC3CCCCC3CC3CCC4CCCCC4C32)C1
C1CCC2CCC(C3CCCC4CCCC43)CC2CC1
C1CCC2CC(C3CCCC4CCCC43)CCC2C1
C1CCC(CCCCC2CC3CCCCC3C2)CC1
C(CCCC1CCCC2C(C3CCCCC3)CCC12)CCC1CCC(C2CCCC2)C1
C(CCC1CCCC2CCCCC12)CC1CC2CCCCC2C1
C1CCC2CCC3C4CCCCC4CC(CC4CCCC4)C3C2CC1
C1CCC(CC2CCCCC2CC2CC3CCCCC3C3CCC4CCCCC4C3C2)CC1
C(CCC1CCCC2CCCC12)CC1CC2CCCCC2C1
C1CCC(C2CC3CCCCC3C3CCCCC23)CC1
C1CCC(CCCCC2CC3CCCCC3C2)CC1
C1CCC(C2CC3CCCC3C3CCC4CCCCC4C23)CC1
C1CCC(CCCC2CCCC(C3CCC4CC(CCCC5CCC6CCCCC6C5)CCC43)C2)CC1
C(CCC1CCC2C1CCC1C3CCCCC3CCC21)CC1CC2CCCCC2C1
C1CCC(C2CCC3CC4C(CCC45CCCCC5)CC32)CC1
C1CCC(CCC2CCC(CCC3CCCC(CC4CCCCC4)C3)CC2)CC1
C1CCC(C2CCCC3C(CCC4CCCCC43)C2)C1
C1CCC(CC2CCC(C3CC4CCCC4C4CCC5CCCCCC5C34)CC2)CC1
C1CCC2CCC(C3CCCC4CCCC43)CC2CC1
C1CCC(CCCCCC2CC3CCCCC3C2)CC1
C1CCC(C2CC3CCCC3C3CCC4CCCCC4C23)CC1
C1CCC(CCCCCC2CCCC3C(C4CCCCC4)CCC23)CC1
C1CCC(CCCCC2CC3CCCCC3C2)CC1
C1CCC(CCC2CCC3C(CCC3C3CCCCC3)C2)CC1
C1CCC2CCC(C3CCCC4CCCC43)CC2CC1
C(CCCCC1CCC(C2CCCCC2)C1)CCCC1CCCCC1
C1CCC(CCCCCC2CCCC3C(C4CCCCC4)CCC23)CC1
C1CCC2C(C1)CCCC2CC1CC2CCCCC2C2CCC3CCCCC3C12
C1CCC(C2CC3CCCC3C3CCC4CCCCCC4C23)CC1
C1CCC2C(C1)CCC1C3CCCC3CCC21
C1CCC(CCCC2CCC3C(CCC4CC(C5CCCCC5)CCC43)C2)CC1
C1CCC2C(C1)CCC1CCCCC12
C1CCC2C(C1)CCC1C3CCCC3CCC21
C1CCC2CC3CCC4CCCC4C3CCC2C1
C(CCC1CCCC2CCCCC12)CC1CC2CCCCC2C1
C(CCCC1CCCCC1)CCCC1CCC(C2CCCCC2)C1
C1CCC2CCC(C3CCCC4CCCC43)CC2CC1
C1CCC(CCC2(CCCC3CC4CCCCC4C3)CCC3C4CCC5CCCCC5C4CCC32)C1
C(CCCC1CCCC2C(C3CCCCC3)CCC12)CCC1CCCCC1
C(CCC1CCC2C1CCC1C3CCCCC3CCC21)CC1CCC2CCCCC2C1
C1CCC2C(C1)CCC1C3CCCC3CCC21
C1CCC(C2CCC3CC4CCCCC4CC32)CC1
C1CCC2CC(CCCC3CCC4C3CCC3C5CCCCC5CCC43)CC2C1
C1CCC2C(C1)CCC1C3CCCC3CCC21
C1CCC(CC2CC3CCCCC3C3CCC4CCCCCC4C23)CC1
C1CCC(CC2CCC3CCCCC3C3CCC4CCCCC4C23)C1
C(CCCC1CCCC2CCCCC12)CCC1CCCC1
C1CCC(CC2CCC3C(CCC3C3CCCCC3)C2)CC1
C1CCC(C2CCC3CC4C(CCC5C6CCC(CCCC7CCC8CCCCC8C7)C6CCC45)CC32)CC1
C1CCC2CC(CC3CCCC4CCCC43)CCC2C1
C1CCC(CC2CCCC(C3CCC4CC(CCC5CCC6CCCCC6C5)CCC43)C2)C1
C1CCC2CCC(C3CCCC4CCCC43)CC2CC1
C1CCC2C(C1)CCCC1CCCCC12
C1CCC(CCC2CCC3C(CCC3C3CCCCC3)C2)CC1
C1CCC(CCCCC2CC3CCCCC3C2)CC1
C1CCC2CC(C3CCCC4CCCC43)CCC2C1
C1CCC(CCC(CCCC2CCC3CCCC3C2)CC2CCCCC2)CC1
C1CCC(CCCCCC2CCCCC2)CC1
C1CCC2CC(CCCC3CCC4C3CCC3C5CCCCC5CCC43)CC2C1
C1CCC(CCCC2CCC3C2CCC2C4CC5CCC(C6CCCCC6)C5CC4CCC32)CC1
C1CCC(C2CCC3C(CCCCCC4CCC(C5CCCC5)C4)CCCC23)CC1
C1CCC(CCCCC2C3CCCCC3CCC2C2CCCC3CCCC32)CC1
C1CCC(CCC2CCC3C(CCC3C3CCCCC3)C2)CC1
C1CCC(C2CCC3CC4C(CC5CCC6CCCCC65)CCCC4CC32)CC1
C1CCC2C(C1)CCC1CCCCC12
C1CCC(CCC2CCC3C(CCC3C3CCCCC3)C2)CC1
C1CCC2C(C1)CCC1C3CCCC3CCC21
C1CCC2CCC3C4CCCCC4CC(CC4CCCC4)C3C2CC1
C1CCC2C(C1)CCCC2CCCC1CCCC2CCCCC21
C1CCC2CC(CCCC3CCCC4C3CCC3C5CCCCC5CCC43)CCC2C1
C1CCC(C2CCC3CC4(CCCCCC4C4CCCCC4)CCCC32)CC1
C1CCC(C2CC3CCCC3C3CCC4CCCCC4C23)CC1
C1CCC2CC(CCCC3CCC4C3CCCC3C5CCCCC5CCC34)CC2C1
C(CCCC1CCCCC1)CCCC1CCC(C2CCCCC2)C1
C1CCC2CCC3C4CCCC4CCC3C2CC1
C1CCC(C2CC3CCCC3C3CCC4CCCCC4C23)CC1
C(CCC1CCCC2CCCC12)CC1CC2CCCCC2C1
C1CCC(CC2CC3CCCCC3C3CCC4CCCCCC4C23)CC1
C1CCC(CCCCC2CC3CCCCC3C2)CC1
C1CCC(CCC2CCC(C3CCC3)CC2)CC1
C1CCC(CC2CC3CCCCC3C3CCC4CCCCC4C23)C1
C(CCC1CCC2C(CCC3C4CCCC4CCC23)C1)CC1CCC(C2CC3CCCC3C3CCC4CCCCC4C23)CC1
C1CCC2C(C1)CCC1C2CCC2C3CCCCC3CC21
C1CCC2CCC3C4CCCC4CCC3C2CC1
C1CCC(CCCCC2CC3CCCCC3C2)CC1
C1CCC(CCCCCC2CCC3CCCCC3C2)CC1
C1CCC(CCCCCC2CCC3CCCCC23)CC1
C1CCC(C2CCC3CCCC3C3CCC4CCCCC4C23)CC1
C1CCC(CC2CC3CCCCC3C3CCC4CCCCCC4C23)CC1
C(CCC1CCCC2CCCCC12)CC1CCC2CCCCC2C1
C1CCC(C2CC3CCCC(C3)C3CCC4CCCCC4C32)CC1
C1CCC(CCC2CCC(C3CC3)CC2)CC1
C1CCC(C2CCC3CCCC3C3CCC4CCCCC4C23)CC1
C(CCC1CCCC1)CCC1CCCC2CCCCC12
C1CCC2C(C1)CCC1C2CCC2C3CCCC3CC21
C(CCCC1CCCC2C(C3CCCCC3)CCC12)CCC1CCCCC1
C1CCC2CCC(C3CCCC4CCCC43)CC2CC1
C1CCC(CCCCCC2CCCC3C(CC4CCCCC4)CCC23)CC1
C1CCC(CCCCCC2CCC3CCCCC23)CC1
C1CCC(C2CCC(CC3CC4CCCCC4C4CCC5CCCCCC5C34)CC2)CC1
C1CCC(C2CCC3C(CCCCCC4CCC(C5CCCC5)C4)CCCC23)CC1
C1CCC(CCCCCC2CC3CCCCC3C2)CC1
C1CCC(C2CCC3CC4C(CCCC45CCCC5)CC32)CC1
C1CCC2CC3CCC4CCCC4C3CCC2C1
C(CCC1CCCC2CCCCC12)CC1CCCC2CCCCC12
C1CCC2CCC3C4CCCCC4CC(CC4CCCC4)C3C2CC1
C1CCC(CCCCC2CC3CCCCC3C2)CC1
C1CCC2CC(CCCC3CCCC4C3CCC3C5CCCCC5CCC43)CCC2C1
C1CCC(C2CCC3(CCC4CC5C(CCC5C5CCCCC5)CCC43)C2)CC1
C1CCC(CCC2CCC(CCC3CCCC(CC4CCCC4)C3)CC2)CC1
C1CCC(CCC2CCC(C3CC3)CC2)CC1
C1CCC(CCC2CCC3C(CCC3C3CCCC(CCC4CCCC4)C3)C2)CC1
C1CCC(C2CC3CCCC3C3CCC4CCCCC4C23)CC1
C(CCC1CCCC2CCCCC12)CC1CCC2CCCCC2C1
C1CCC(C2CC3C(CCC34CCCC4)C3CCC4CCCCC4C23)CC1
C1CCC2C(C1)CCC1C3CCCC3CCC21
C(CCC1CCCC2CCCC12)CC1CC2CCCCC2C1
C(CC1CCC(C2CCCC2)CC1)CC1CCC2CCCC2C1
C1CCC(CCCCCC2CCC3CCCCC3C2)CC1
C1CCC2CC(CCCC3CCC4C3CCC3C5CCCCC5CCC43)CC2C1
C1CCC(CCC2(CCCCC3CC4CCCCC4C3)CCC3C4CCC5CCCCC5C4CCC32)C1
C(CCC1CCC2C1CCC1C3CCCCC3CCC21)CC1CC2CCCCC2C1
C1CCC(C2CC3CCCC3C3CCC4CCCCC4C23)CC1
C1CCC(C2CC3CCCC3C3CCC4CCCCC4C23)CC1
C1CCC(CC2CCC3C(CCC3C3CCCCC3)C2)CC1
C1CCC(CC2CCC3CCCCC3C3CCC4CCCCC4C23)CC1
C1CCC(C2CC3CCCC3C3CCC4CCCCCC4C23)CC1
C1CCC(CCC2CCC3C2CCC(C2CCCCC2)C2CC4CCCCC4CCC32)CC1
C1CCC(CCCCC2CC3CCCCC3C2)CC1
C(CCC1CCCC2CCCC12)CC1CC2CCCCC2C1
C1CCC2CCC(C3CCCC4CCCC43)CC2CC1
C1CCC(CC2CCC3C(CCC3C3CCCCC3)C2)CC1
C(CCCC1CCCCC1)CCCC1CCC(C2CCCCC2)C1
C1CCC(CCC2CCC3C(CCC3C3CCCCC3)C2)CC1
C1CCC(CCC2(CCCCC3CCC4CCCCC4C3)CCC3C4CCC5CCCCC5C4CCC32)C1
C1CCC2C(C1)CCC1C3CCCC3CCC21
C1CCC(C2CCC3CC4C(CCCC45CCCC5)CCC32)CC1
C1CCC(CCCCCC2CC3CCCCC3C2)CC1
C1CCC(C2CCC3CC4C(CC5CCC6CCCCC65)CCCCC4CC32)CC1
C1CCC(CCCCC2CC3CCCCC3C2)CC1
C1CCC(CCCCC2CCCC3CCCC23)CC1
C1CCC2C(C1)CC(C1CCCC3CCCCC31)C1CCCC21
C1CCC(CCCC2CCC(C3CCC4C(CC5CCCCC5)CCC4C3)CC2)CC1
C1CCC(C2CC3CCCCC3C3CCCCC23)CC1
C1CCC(C2CCC3CCCC3C3CCC4CCCCCC4C23)CC1
C1CCC(C2CCC3CC4C(CCC32)CCC2C3CCCC3CCC42)CC1
C1CCC2C(C1)CCC1C3CCCCC3CCC21
C1CCC(C2CCC(CCCC3CCC4C3CCC3C5CCCCCC5CCC43)C2)CC1
C1CCC(CCCC2CCC3C(CCC4CC(C5CCCCC5)CCC43)C2)CC1
C1CCC2CC(C3CCCC4CCCC43)CCC2C1
C1CCC(CCC2CCC3C(CC4CCCCC4)CCC3C2)CC1
C1CCC2CC(CCCC3CCC4C3CCCC3C5CCCCC5CCC34)CCC2C1
C1CCC2C(C1)CCC1C3CCCC3CCC21
C1CCC(C2CCC3CC4C(CCC32)CCC42CCCCC2)CC1
C1CCC(CCC2CCC3C(CCC3C3CCCCC3)C2)CC1
C(CCC1CCCCC2CCCCC12)CC1CCC2CCCCC2C1
C1CCC(CCCCC2CCC3CCCCC23)CC1
C1CCC(CC2CCC3CCCCC3C3CCC4CCCCC4C23)C1
C(CCCC1CCCC2C(C3CCCCC3)CCC12)CCC1CCCCC1
C(CCCC1CCCC2C(C3CCCCC3)CCC12)CCC1CCCCC1
C1CCC(CC2CC3CCCCC3C3CCC4CCCCC4C23)CC1
C1CCC(C2CC3CCCC3C3CCC4CCCCC4C23)CC1
C1CCC(C2CCC3CC4(CCCCC4C4CCCCC4)CCCC32)CC1
C1CCC(CCC2CCCC3C2CCC(C2CCCCC2)C2C4CCCCC4CCC32)CC1
C1CCC(C2CCC3CC4(CCCCCCC4C4CCCCC4)CCC32)CC1
C1CCC(C2CCCC3(CCC4CC5C(CCC5C5CCCCC5)CC43)C2)CC1
C1CCC(CCCCCC2CCCC3C(C4CCCCC4)CCC23)CC1
C1CCC(C2CCC3C(CCCCCC4CCC4)CCCC23)CC1
C1CCC(CCC2CCC3C2CCC(C2CCCCC2)C2C4CCCCCC4CCC32)CC1
C1CCC(CCCCCC2CCCC3C(C4CCCCC4)CCC23)CC1
C1CCC(CCC2(CCCC3CC4CCCCC4C3)CCCC3C4CCC5CCCCC5C4CCC32)C1
C1CCC2CC(CCCC3CCC4C3CCC3C5CCCCC5CCC43)CC2C1
C1CCC(CCCCC2CC3CCCCC3C2)CC1
C1CCC2C(C1)CCC1C3CCCC3CCC21
C1CCC(C2CCC3CC4CCCCC4CCC32)CC1
C1CCC(CCC2CCC(CCC3CCCCC3)CC2)CC1
C1CCC(CCCCC2CC3CCCCC3C2)CC1
C1CCC2C(C1)CCC1C3CCCCC3CCC21
C(CCCC1CCCCC1)CCCC1CCC(C2CCCCC2)C1
C(CCC1CCCC2CCCC12)CC1CC2CCCCC2C1
C1CCC(C2CC3CCCC3C3CCCC4CCCCC4C23)CC1
C1CCC(C2CCC(C3CC4CCCC4C4CCC5CCCCC5C34)CC2)CC1
C(CCCC1CCCCC1)CCCC1CCC(C2CCCCC2)C1
C1CCC(CCC2CCC(CCC3CCCC(CC4CCCC4)C3)CC2)CC1
C1CCC(CC2CC3CCCCC3C3CCC4CCCCCC4C23)CC1
C1CCC(C2CCC3CC4C(CCC45CCCCC5)CC32)CC1
C1CCC(CC23CCCCCC2CCC2C4CCCC4CCC23)CC1
C1CCC(CCC(CCCC2CCC3CCCC3C2)CC2CCCCC2)CC1
C(CCC1CCCC2CCCC12)CC1CC2CCCCC2C1
C1CCC(CCCCC2CC3CCCCC3C2)CC1
C1CCC(C2CCC3CCCC3C3CCC4CCCCC4C23)CC1
C1CCC(CCCCCC2CC3CCCCC3C2)CC1
C(CCCC1CCCCC1)CCCC1CCC(C2CCCCC2)C1
C1CCC(C2CCC3CC4C(CCC45CCCCCC5)CC32)CC1
C1CCC(CCCCC2CCC3CCCCC23)CC1
C(CCC1CCCC2CCCCC12)CC1CCC2CCCCC2C1
C1CCC2CC3CCC(C4CCCCC4)C3CC2CC1
C1CCC(C2CCC3CC4C(CCC5C6CCC(CCCCC7CC8CCCCC8C7)C6CCC45)CC32)CC1
C1CCC2CCC(C3CCCC4CCCC43)CC2CC1
C1CCC2C(C1)CCC1C3CCCC3CCCC21
C1CCC(CCC2CCC(CCC3CCCC(CC4CCCC4)C3)CC2)CC1
C(CCC1CCCC2CCCC12)CC1CC2CCCCC2C1
C(CCC1CCCC2CCCC12)CC1CC2CCCCC2C1
C1CCC(CC2CC3CCCCC3CC3CCC4CCCCC4C32)CC1
C1CCC2C(C1)CCCC2CCCC1CCCC2CCCCC21
C1CCC(C2CCC3CC4CCCCC4CCC32)CC1
C(CCCCC1CCC2C(CCC3C4CCCC4CCC23)C1)CCCC1CCCC(CC(CC2CCC(CC3CCCCC3)CC2)C2CCCCC2)C1
C1CCC(CC2CCC(CC(CC3CCCCC3)C3CCCCC3)CC2)CC1
C1CCC(C2CC3CCCC3C3CCC4CCCCC4C3C2)CC1
C1CCC(C2CCC3CC4C(CCCC5C6CCC(CCCC7CC8CCCCC8C7)C6CCC45)CC32)CC1
C1CCC(CC2CC3CCCCC3C3CCC4CCCCCC4C23)CC1
C1CCC(CCCCC2CC3CCCCC3C2)CC1
C1CCC(CCCC2CCC3C(CCC4C5CCCC5CC(CCC5CCCCC5)C34)C2)CC1
C1CCC2C(C1)CCC1C3CCCC3CCC21
C1CCC2C(C1)CCC1CCCCC12
C(CCCC1CCCC2C(C3CCCCC3)CCC12)CCC1CCC(C2CCCC2)C1
C1CCC(CC2CC3CCCCC3C3CCC4CCCCC4C23)C1
C1CCC(CC2CCC3C(CCC3C3CCCCC3)C2)CC1
C1CCC(CC2CCC3C(CCCCCC4CCC(C5CCCC5)C4)CCCC23)CC1
C1CCC(CCCCC2CC3CCCCC3C2)CC1
C(CCCC1CCCC2CCCC12)CCC1CCCCC1
C1CCC(CC2CC3CCCCC3C3CCC4CCCCC4C23)C1
C1CCC(C2CC3CCCC3C3CCC4CCCCC4C23)CC1
C(CCCC1CCCC2CCCCC12)CCC1CCC(C2CCCCC2)C1
C1CCC(CCC2CCC(C3CCCC4C(C5CCCCC5)CCC34)C2)CC1
C1CCC(CC2CCCCC2CC2CC3CCCCC3C3CCC4CCCCC4C23)CC1
C1CCC(CCC2CCC3C(CCC3C3CCCCC3)C2)CC1
C1CCC(C2CCC(CCCC3CCCC4C3CCC3C5CCCCC5CCC43)C2)CC1
C1CCC(C2CCC3CC4C(CCCC45CCCCC5)CCC32)CC1
C1CCC(C2CC3CCCC3CC3CCC4CCCCC4C32)CC1
C1CCC(CCC2CCC3C(CCC3C3CCCCC3)C2)CC1
C1CCC(CCC(CCC2CCC3CCCC3C2)CC2CCCCC2)CC1
C1CCC(C2CCC3CC4CCCCC4CC32)CC1
C1CCC(C2CCC3CC4CCCCC4CC32)CC1
C1CCC(CCCC2CCC(CCC3CCCCC3)CC2)CC1
C1CCC(CCC2CCCCC2)CC1
C1CCC2CCC3C4CCCCC4CC(CC4CCCC5CCCCC54)C3C2CC1
C1CCC(C2CCC3C(CCC4CCCCC43)C2)CC1
C1CCC2CC(C3CCCC4CCCC43)CCC2C1
C1CCC2C(C1)CCC1C3CCCC3CCC21
C1CCC(CCCCC2CC3CCCCC3C2)CC1
C1CCC(CCC2CCC3C(CCC3C3CCCCC3)C2)CC1
C1CCC2CC(CCCC3CCCCC4CCCCC43)CC2C1
C1CCC(CCCCC2CCC3CCCCC23)CC1
C1CCC(CCCCC2CC3CCCCC3C2)CC1
C1CCC(CCC2CCC(CCC3CCCCC(CC4CCCC4)C3)CC2)CC1
C1CCC2C(C1)CCC1C2CCC2C3CCCC3CC21
C(CCC1CCC2C1CCC1C3CCCCC3CCC21)CC1CC2CCCCC2C1
C1CCC(C2CCC3CC4C(CCCC45CCCC5)CC32)CC1
C1CCC(CCC2CCC3C(CCC4C5CCCC5CCC34)C2)CC1
C1CCC(CCCC(CCC2CCC3CCCC3C2)CC2CCCCC2)CC1
C1CCC(CCCC2(CCC3CCCC3)CCC3C4CCC5CCCCC5C4CCC32)CC1
C(CCC1CCCC2CCCCC12)CC1CCC2CCCCC2C1
C1CCC(CC2CC3CCCCC3C3CCC4CCCCCC4C23)CC1
C1CCC(CCCC2CCC3CCC(C4CCCC5CCCC54)CC3C2)CC1
C1CCC(CC2CCC3C(CCC3C3CCCCC3)C2)CC1
C1CCC(CCC(CC2CC3CCCCC3C2)C2CCCC2)CC1
C(CCC1CCCC2CCCC12)CC1CC2CCCCC2C1
C1CCC(CCCCCC2CCCCC2)CC1
C1CCC(CCC2CCC3C(CCC3C3CCCCC3)C2)CC1
C1CCC(CC2CCC(C3CC4CCCC4C4CCC5CCCCC5C34)CC2)CC1
C1CCC(CCC2CCC3C(CC4CCCCC4)CCC3C2)CC1
C(CCC1CCC2C(CCC3C4CCCC4CCC23)C1)CC1CCC(C2CC3CCCC3C3CCC4CCCCC4C23)CC1
C1CCC(CCC2CCC3C(CCC3C3CCCCC3)C2)CC1
C(CCCC1CCCCC1)CCCC1CCC(C2CCCCC2)C1
C1CCC(CCC2CCC(CC3CC3)CC2)CC1
C(CCC1CCC2C1CCC1C3CCCCC3CCC21)CC1CCC2CCCCC2C1
C1CCC(CCCCC2CC3CCCCC3C2)CC1
C1CCC(CC2CCC(C3CC4CCCC4C4CCC5CCCCC5CC34)CC2)CC1
C1CCC2C(C1)CCC1CCCCC12
C1CCC(C2CCC3CC4(CCCCC4C4CCCCC4)CCC32)CC1
C(CCCC1CCCC2C(C3CCCCC3)CCC12)CCC1CCC(C2CCCC2)C1
C(CCCC1CCCC2C(C3CCCCC3)CCC12)CCC1CCCCC1
C(CCC1CCCC2CCCC12)CC1CC2CCCCC2C1
C1CCCC(C2CCC3CC4C(CCC5C6CCC(CCCC7CC8CCCCC8C7)C6CCC45)CC32)CC1
C1CCC(CCC2CCC(C3CCCC4C(C5CCCCC5)CCC34)C2)CC1
C1CCC(CCCCCC2CC3CCCCC3C2)CC1
C1CCC(CCC2CCC(CCC3CCCC(CC4CCCC4)C3)CC2)CC1
C1CCC(CCCCC2CCC3CCCCC23)CC1
C1CCC(CCCC2(CCC3CCCC3)CCC3C4CCC5CCCCC5C4CCCC32)CC1
C1CCC(C2CC3CCCC3C3CCC4CCCCC4CC23)CC1
C(CCC1CCC2CCCCC2C1)CCC1CCCC2CCCCC12
C1CCC2CCC3C(CCC4C3CCC4(CCCC3CC4CCCCC4C3)CCC3CCCC3)C2CC1
C1CCC(CCCCC2CC3CCCCC3C2)CC1
C1CCC(C2CC3CCCC3C3CCC4CCCCC4C23)CC1
C1CCC2CC(C3CCCC4CCCC43)CCC2C1
C1CCCC(C2CCC3CC4C(CCC5C6CCC(CCCC7CC8CCCCC8C7)C6CCC45)CC32)CC1
C1CCC(C2CC3CCCC3CC3CCC4CCCCC4C32)CC1
C1CCC(CCCCC2CC3CCCCC3C2)CC1
C1CCC(CCCC2CCC(CC3CCC4C(CCC4C4CCCCC4)C3)CC2)CC1
C1CCC2CC(C3CCCC4CCCC43)CCC2C1
C1CCC2CCC(C3CCCC4CCCC43)CC2CC1
C1CCC(CCCC2CCC3C(CCC4C5CCCC5CCC34)C2)CC1
C1CCC2CC3CCC(C4CCCCC4)C3CC2CC1
C1CCC(C2CCC3C(CCCCCC4CCC(C5CCCC5)C4)CCCC23)CC1
C1CCC(CCCCCC2CCC3CCCCC23)CC1
C(CCCC1CCCC2C1CCC2C1CCC(CC2CC2)CC1)CCC1CCCCC1
C1CCC(C2CCC3CCCC3C3CCC4CCCCC4C23)CC1
C1CCC(CCC2CCCCC3CCC(C4CCCC5CCCC54)CC23)CC1
C(CCCCC1CCC(C2CCCCC2)C1)CCCC1CCCCC1
C1CCC2CC(CCCC3CCC4C3CCCC3C5CCCCC5CCC34)CC2C1
C1CCC(CC2CC3CCCCC3C3CCC4CCCCCC4C23)CC1
C1CCC(C2CCC3CCC4CCCCC4CC32)CC1
C1CCC2CCC(C3CCCC4CCCC43)CC2CC1
C1CCC(C2CC3C(CCC34CCCC4)C3CCC4CCCCC4C23)CC1
C1CCC2CC(C3CCCC4CCCC43)CCC2C1
C1CCC(C2CC3CCCC3C3CCCC4CCCCC4C23)CC1
C1CCC(CCC2(CCCC3CC4CCCCC4C3)CCCC3C4CCC5CCCCC5C4CCC32)C1
C1CCC(C2CCC3(CCC4CC5C(CCC5C5CCCCC5)CCC43)C2)CC1
C1CCC(CCCCCC2CC3CCCCC3C2)CC1
C(CCCC1CCCC2C(C3CCCCC3)CCC12)CCC1CCCCC1
C1CCC(CC2CCC3CC4CCCCC4CC23)CC1
C1CCC(CCCCCC2CCCC3C(C4CCCCC4)CCC23)CC1
C1CCC(C2CCC3CC4C(CCC32)CCC2C3CCC(CCCC5CCCC6CCCCC65)C3CCC42)CC1
C1CCC2CC(C3CCCC4CCCC43)CCC2C1
C1CCC(CCCCC2CCC3CCCCC23)CC1
C1CCC(CCCC2CCC3C(CCC4C5CCCC5CC(CCC5CCCCC5)C34)C2)CC1
C1CCC2C(C1)CCCC1C3CCCC3CCC21
C1CCC(CC2CCCC(CCC3CCC(CCC4CCC(C5CC5)CC4)CC3)C2)C1
C1CCC(CCCCC2CC3CCCCC3C2)CC1
C1CCC(CCC(CCC2CCCCC2)CCC2CCC3CCCC3C2)CC1
C1CCC(CC2CC3CCCCC3C3CCC4CCCCCC4C23)CC1
C1CCC2CC(C3CCCC4CCCC43)CCC2C1
C1CCC2CCC(C3CCCC4CCCC43)CC2CC1
C1CCC(C2CCC3C(CCCC4CCCCC43)C2)CC1
C1CCC(C2CC3CCCC3C3CCC4CCCCC4CC23)CC1
C1CCC(CCC(CCC2CCC3CCCC3C2)CC2CCCCC2)CC1
C(CCC1CC2CCCCC2C1)CCC1CCCC2CCCC12
C(CC1CCC2CCCC2C1)CC1CCCC2CCC(C3CCCC4CCCC43)CC2C1
C1CCC(CCC2CCC(CCC3CCCCC3)CC2)CC1
C(CCCC1CCCC2C1CCC2C1CCCC(CC2CC2)C1)CCC1CCCCC1
C1CCC(C2CC3CCCC3C3CCCC4CCCCC4C23)CC1
C1CCC2C(C1)CCC1CCCCC12
C1CCC(C2CC3CCCC3C3CCC4CCCCC4CC23)CC1
C1CCC(C2CCC3CCCC3C3CCC4CCCCC4C23)CC1
C1CCC(CCCCCC2CCCC3C(C4CCCCC4)CCC23)CC1
C1CCC(CCCC2(CCC3CCCC3)CCC3C4CCC5CCCCC5C4CCC32)C1
C1CCC2CC(CCCC3CCCC4CCCCC43)CC2C1
C1CCC2C(C1)CCC1C3CCCCC3CCC21
C1CCC(C2CCC3CC4C(CCC32)CCC42CCCC2)CC1
C1CCC(CCC2CCC3C(CCC3C3CCCCC3)C2)CC1
C1CCC(CCCCC2CC3CCCCC3C2)CC1
C1CCC2C(C1)CCC1C3CCCCC3CCC21
C1CCC2CCC3C4CCCC4CCC3C2CC1
C1CCC(CC2CCC(CCCCCC3CCCC4CCCCC34)C2)CC1
C(CCCC1CCCC2C(C3CCCCC3)CCC12)CCC1CCCCC1
C(CCC1CCCC2CCCCC12)CCC1CCCC2CCCCC12
C(CCCC1CCCCC1)CCCC1CCC(C2CCCCC2)C1
C1CCC(C2CCC3CCCC3C3CCC4CCCCCC4C23)CC1
C(CCCCC1CCC(C2CCCCC2)C1)CCCC1CCCCC1
C(CCC1CCCC2CCCCC12)CC1CCC2CCCCC2C1
C1CCC2C(C1)CCC1C3CCCC3CCC21
C1CCC(CCCCCC2CCCCC2)CC1
C1CCC2CC(CCCC3CCC4C3CCC3C5CCCCC5CCC43)CC2C1
C(CCCC1CCCC2C(C3CCCCC3)CCC12)CCC1CCCCC1
C1CCC(CC2CC3CCCCC3C3CCC4CCCCC4C23)CC1
C1CCC2C(C1)CCC1CCCCC12
C1CCC(CC2CCC3CC4C(CCC45CCCCC5)CC23)CC1
C1CCC(CCCC2CCCC3CC4C(CCC4C4CCCCC4)CC23)CC1
C(CCC1CCCC2CCCCC12)CC1CCCC2CCCCC12
C1CCC(CCC2CCC(CCC3CCCC(CC4CCCC4)C3)CC2)CC1
C1CCC(CCC2CCC3C(CCCC4C5CCCC5CCC34)C2)CC1
C(CCC1CCC2CCCCC2C1)CCC1CCCC2CCCCC12
C1CCC(C2CCC3CC4C(CCC45CCCCCC5)CC32)CC1
C1CCC(CCCCCC2CC3CCCCC3C2)CC1
C1CCC(CC2CCC(CC(CC3CCCCC3)C3CCCCC3)CC2)CC1
C1CCC2CCC(C3CCCC4CCCC43)CC2CC1
C1CCC2CCC3C4CCCCC4CC(CC4CCCC(C5CCCC5)C4)C3C2CC1
C1CCC(CCCCC2CCC3CCCCC23)CC1
C1CCC(CC2CCC3CCCCC3C3CCC4CCCCC4C23)CC1
C1CCC(CCCC2CCC3CCC(C4CCCC5CCCC54)CC3C2)CC1
C1CCC(CCCC2CCC3C(CCC3C3CCCCC3)C2)CC1
C1CCC2CCC3C4CCCC4CC(C4CCC(C5CCCC5)CC4)C3C2CC1
C1CCC2C(C1)CCC1CCCCC12
C1CCC(CCCCCC2CC3CCCCC3C2)CC1
C1CCC(CCC2CCC(C3CCC4C(CCC4C4CCCCC4)C3)CC2)CC1
C(CCC1CCCC2CCCC12)CC1CC2CCCCC2C1
C1CCC(CCCCCC2CCC3CCCCC23)CC1
C1CCC(C2CCC3CC4C(CCC45CCCC5)CC32)CC1
C1CCC(C2CCC3CC4C(CCCC5C6CCCC6CCC45)CC32)CC1
C1CCC2CC(C3CCCC4CCCC43)CCC2C1
C1CCC(CC2CCCC(CC3CC4CCCCC4C4CCC5CCCCCC5C34)C2)CC1
C1CCC(CCCCCC2CC3CCCCC3C2)CC1
C1CCC2CC(CC3CCCC4CCCC43)CCC2C1
C1CCC(CCCC2CC3CCCCC3C2C2CCCCC2)CC1
C1CCC(CCC(CCC2CCC3CCCC3C2)CC2CCCCC2)CC1
C1CCC(C2CCC3CC4C(CC5CCC6CCCCC65)CCCCC4CC32)CC1
C1CCC(CCCCC2CCC3CCCCC3C2)C2CCCCC2CC1
C(CCC1CCC2CCCCC2C1)CCC1CCCC2CCCCC12
C1CCC(CCC2CCCCC2)CC1
C(CCCC1CCCCC1)CCC1CCCCC1
C1CCC(CCCCC2CC3CCCCC3C2)CC1
C1CCC(CCC2CCC3C(CCC3C3CCCCC3)C2)CC1
C1CCC2C(C1)CCCC1C3CCCC3CCC21
C1CCC(C2CCC(CCCCCC3CCCCC4CCCCC34)C2)CC1
C1CCC(CCC2CCC(C3CCC4C(CCC4C4CCCCC4)C3)CC2)CC1
C1CCC(C2CC3CCCC3C3CCC4CCCCC4C23)CC1
C1CCC(C2CCC3C(CCC4CCCCC43)C2)CC1
C1CCC(CCC2CCC(C3CCC4C(CCC4C4CCCCC4)C3)CC2)CC1
C1CCC2C(C1)CCC1C3CCCC3CCC21
C1CCC2C(C1)CCC1CCCCC12
C1CCC(CCCC2CCCC(C3CCC4CC(CCC5CCC6CCCCCC6C5)CCC43)C2)CC1
C1CCC(C2CCC3CC4C(CCC5C6CCC(CCCCC7CC8CCCCC8C7)C6CCC45)CC32)CC1
C1CCC2C(C1)CCC1C3CCCC3CCC21
C1CCC(CCCCCC2CC3CCCCC3C2)CC1
C1CCC(C2CCC3CC4C(CCCC45CCCC5)CC32)CC1
C1CCC(CCC2CCC(C3CC3)CC2)CC1
C1CCC(CC2CC3CCCCC3C3CCCCC23)C1
C1CCC(C2CC3CCCC3C3CCC4CCCCC4C23)CC1
C1CCC2CCC(C3CCCC4CCCC43)CC2CC1
C1CCC(CCC2CCC(C3CCC4C(CCC4C4CCCCC4)C3)CC2)CC1
C1CCC2CC(C3CCCC4CCCC43)CCC2C1
C1CCC2CC(CCCC3CCCC4CCCCC43)CC2C1
C1CCC(CCC2CCC3C(CCC3C3CCCCC3)C2)CC1
C(CCCC1CCCC2C(C3CCCCC3)CCC12)CCC1CCCCC1
C1CCC(CCCCC2CCCC(C3CCC4CC(CCC5CCC6CCCCC6C5)CCC43)C2)CC1
C1CCC(C2CCC3CC4C(CCCC45CCCCC5)CC32)CC1
C1CCC(C2CC3CCCCC3C3CCC4CCCCC4C23)CC1
C(CCCC1CCCC2C(C3CCCCC3)CCC12)CCC1CCC(C2CCCC2)C1
C1CCC(C2CCC3CC4C(CC5CCC6CCCCC65)CCCCC4CC32)CC1
C1CCC(CCCC2CCCC3CCC(C4CCCC5CCCC54)CC3C2)CC1
C1CCC(CCC2(CCCC3CC4CCCCC4C3)CCC3C4CCC5CCCCC5C4CCC32)C1
C1CCC(CCCCCC2CC3CCCCC3C2)CC1
C1CCC(C2C3CCCC3CC3CC4CCCC4CC32)CC1
C(CCCC1CCCCC1)CCCC1CCC(C2CCCCC2)C1
C1CCC(CCCCCC2CCCC3C(C4CCCCC4)CCC23)CC1
C1CCC2CC(C3CCCC4CCCC43)CCC2C1
C1CCC(CCCCC2C(CC3CCCC4CCCC43)CCC3CCCCC32)CC1
C1CCCC(CCC2CCC(CCC3CCCCC3)CC2)CC1
C(CCCC1CCCC2C(C3CCCCC3)CCC12)CCC1CCCCC1
C1CCC2C(C1)CCC1C3CCCC3CCCC21
C1CCC(CCCCC2CC3CCCCC3C2)CC1
C1CCC2C(C1)CC(C1CCCC3CCCC31)C1CCCC21
C1CCC(CCCC2(CCC3CCCC3)CCC3C4CCC5CCCCCC5C4CCC32)CC1
C1CCC(C2CC3CCCC3C3CCC4CCCCC4C23)CC1
C(CCC1CCC2C(CCC3C4CCCC4CCC23)C1)CC1CCC(C2CCC(C3CC4CCCC4C4CCC5CCCCC5C34)CC2)CC1
C1CCC(C2CC3CCCC3C3CCC4CCCCC4C23)CC1
C1CCC2CC(CCCC3CCCC4CCCCC43)CC2C1
C1CCC(C2CCC3CC4C(CCC32)CCC42CCCC2)CC1
C1CCC2CC(C3CCCC4CCCC43)CCC2C1
C(CCC1(C2CCCC2)CCCC2CCCCC21)CC1CCC2CCCCC2C1
C1CCC2CCC(C3CCCC4CCCC43)CC2CC1
C1CCC(CCC2CCC3C(CC4CCCCC4)CCC3C2)CC1
C1CCC(CCC(CCC2CCC3CCCCC3C2)CC2CCCCC2)CC1
C(CCCC1CCCCC1)CCCC1CCC(C2CCCCC2)C1
C1CCC(C2CC3CCCCC3C3CCC4CCCCC4C23)CC1
C(CCCC1CCCCC1)CCCC1CCC(C2CCCCC2)C1
C1CCC(C2CCC3C(CCC4CCCCC43)C2)CC1
C1CCC(CCC(CCC2CCC3CCCC3C2)CC2CCCCC2)CC1
C1CCC2CC(CC3CCCC4CCCC43)CCC2C1
C1CCC(CC2CCC3CCCCC3C3CCC4CCCCC4C23)C1
C1CCC(C2CC3CCCC3C3CCC4CCCCC4C23)CC1
C1CCC(CCCCC2CCC3CCC(C4CCCC5CCCC54)CC3C2)CC1
C1CCC2CC(CCCC3CCC4C3CCC3C5CCCCC5CCC43)CC2C1
C(CCCC1CCCCC1)CCCC1CCC(C2CCCCC2)C1
C1CCC2CCC3CCCCC3C2CC1
C1CCC(CCC(CC2CC3CCCCC3C2)C2CC2)CC1
C1CCC(CCCCCC2CC3CCCCC3C2)CC1
C1CCC2CC(C3CCCC4CCCC43)CCC2C1
C1CC2CCC3C(CCCC4CCC5CC5C43)C2C1
C1CCC(CC2CC3CCCCC3C3CCC4CCCCC4C23)C1
C1CCC(CC2CCCCC23CCC2C(CCC2C2CCCCC2)C3)CC1
C1CCC(C2CCC3CC4C(CCC45CCCC5)CC32)CC1
C1CCC(CC2CCC(CC(CC3CCCCC3)C3CCCCC3)CC2)CC1
C1CCC(CCC(CCC2CCC3CCCC3C2)CC2CCCCC2)CC1
C1CCC(C2CCC3CCC4C(CCC5C6CCC(CCCC7CC8CCCCC8C7)C6CCC45)CC32)CC1
C1CCC(C2CC3CCCC3C3CCC4CCCCCC4C23)CC1
C1CCC2C(C1)CCCC1C3CCCC3CCC21
C1CCC(CCCC2CCC3C2CCC2C4CC5CCC(CC6CCCCC6)C5CC4CCC32)CC1
C1CCC(CCCC2CCC3C2CCC2C4CCCCC4CCCC32)C1
C1CCC2CCC3C4CCC(CCCC5CCC6CCCCC6C5)C4CCC3C2CC1
C1CCC2C(C1)CCC1CCCCC12
C1CCC(CCC2CCC3C(CCC3C3CCCCC3)C2)CC1
C(CCC1CCCC2CCCCC12)CC1CCC2CCCCC2C1
C1CCC2C(C1)CCCC1C3CCCC3CCC21
C1CCC2CCC3C4CCCC4CCC3C2CC1
C1CCC(C2CC3C(CCC4CCC4)CCC3C3CCC4CCCCC4C23)CC1
C1CCC(CCC2CCC3C(CCC3C3CCCCC3)C2)CC1
C1CCC(CCC2CCC3C(CCC3C3CCCCC3)C2)CC1
C1CCC(CCCC2CCC(C3CCC4C(CCC4C4CCCCC4)C3)CC2)CC1
C1CCC(CCC2CCC3C(CCC3C3CCCCC3)C2)CC1
C1CCC(C2CCC3CC4C(CCC45CCCCCC5)CC32)CC1
C(CCC1(CC2CCCC2)CCCC2CCCCC21)CC1CCC2CCCCC2C1
C(CCC1CCCC2CCCCC12)CC1CC2CCCCC2C1
C1CCC(CC2CCC(CC(CC3CCCCC3)C3CCCCC3)CC2)CC1
C1CCC(CC2CC3CCCCC3CC3CCC4CCCCC4C32)CC1
C1CCC(CCC2CCC3C(CCC3C3CCCCC3)C2)CC1
C1CCC(CC2CCC3CCCCC3C3CCC4CCCCC4C23)C1
C1CCC(C2CCC3CC4C(CCCC45CCCCCC5)CC32)CC1
C1CCC(CCCCCC2CCC3CCCCC23)CC1
C1CCC(CCCCCC2CCCC3C(C4CCCCC4)CCC23)CC1
C1CCC(CC2CC3CCCCC3C3CCC4CCCCC4C3C2)C1
C(CCCC1CCCC2C(C3CCCCC3)CCC12)CCC1CCCCC1
C1CCC2C(C1)CCC1C3CCCC3CCC21
C1CCC2C(C1)CCC1C3CCCC3CCC21
C1CCC2CC(C3CCCC4CCCC43)CCC2C1
C1CCC2CC(C3CCCC4CCCC43)CCC2C1
C1CCC2CCC3C4CCCCC4CC(CC4CCCC4)C3C2CC1
C1CCC2CCC(C3CCCC4CCCC43)CC2CC1
C1CCC(CCCCCC2CC3CCCCC3C2)CC1
C1CCC(CCCC2CC3CCCCC3C2C2CCCCC2)CC1
C1CCC(CCC2CCC3C(CCC3C3CCCCC3)C2)CC1
C(CCCC1CCCC2CCCC12)CCC1CCC2CCCCC2C1
C1CCC(C2CC3CCCCC3C3CCCCC23)CC1
C1CCC(C2CC3CCCC3C3CCC4CCCCC4C23)CC1
C1CCC(CCC2CCC(CCC3CCCC(CC4CCCCC4)C3)CC2)CC1
C1CCC(CCCCC2CCC3CCCCC23)CC1
C1CCC2CCC3C4CCC(CCCC5CC6CCCCC6C5)C4CCC3C2CC1
C1CCC(C2CCC3CC4CCCCC4CCC32)CC1
C1CCC(CCCCC2CCC3CCCC3C2)CC1
C1CCC(C2CCC3CC4C(CCC45CCCCCC5)CC32)CC1
C(CCC1CCC2C1CCC1C3CCCCC3CCC21)CC1CC2CCCCC2C1
C1CCC(CCC2CCC(CC3CC3)CC2)CC1
C1CCC(CCCCC2CC3CCCCC3C2)CC1
C1CCC(C2CCC3CC4C(CCCC45CCCC5)CCC32)CC1
C1CCC(CCCC2CCC(C3CCC4C(CCC4C4CCCCC4)C3)CC2)CC1
C1CCC(CCCCC2CC3CCCCC3C2)CC1
C1CCC2CCC(C3CCCC4CCCC43)CC2CC1
C1CCC2CCC3C4CCCCC4CC(CC4CCCC4)C3C2CC1
C1CCC2C(C1)CCC1C3CCCC3CCC21
C1CCC2CC(C3CCCC4CCCC43)CCC2C1
C1CCC2CCC(C3CCCC4CCCC43)CC2CC1
C1CC(C2CCC(C3CC4CCCC4C4CCCC5CCCCC5C34)CC2)C1
C1CCC(C2CCC3CCC4C(CCCC45CCCC5)CC32)CC1
C1CCC(CCC2CCCC2CC2CC3CCCCC3C3CCC4CCCCC4C23)CC1
C1CCC(CCCC2CCC3C(CCC4CC(C5CCCCC5)CCC43)C2)CC1
C1CCC(C2CC3CCCC3C3CCC4CCCCC4C23)CC1
C1CCC(CCCCC2CC3CCCCC3C2)CC1
C1CCC(C2CC3CCCC3C3CCC4CCCCC4C23)CC1
C1CCC(CCCCC2CC3CCCCC3C2)CC1
C1CCC(CCCC2CCCC3CCC(C4CCCC5CCCC54)CC3C2)CC1
C1CCC(CCC2CC3CCCCC3C3CCC4CCCCC4C23)C1
C1CCC(C2CC3CCCC3C3CCC4CCCCCC4C23)CC1
C1CCC2C(C1)CCC1C3CCCC3CCC21
C1CCC(C2CCC3CC4C(CCCC45CCCC5)CC32)CC1
C1CCC2CCC3C4CCC(CCCC5CC6CCCCC6C5)C4CCC3C2CC1
C1CCC(CCC2CCC(CCC3CCCC(CC4CCCC4)C3)CC2)CC1
C1CCC2CC3CCCCC3CCC2C1
C1CCC(C2CCC(CCCCCC3CCCC4C(C5CCCCC5)CCC34)C2)CC1
C1CCC(CCCCC2CC3CCCCC3C2)CC1
C1CCC(C2CC3CCCC3C3CCCC4CCCCC4C23)CC1
C1CCC(CCCCC2CC3CCCCC3C2)CC1
C1CCC(CCC2CC3CCCCC3C3CCC4CCCCC4C23)CC1
C1CCC(C2CC3CCCC3C3CCC4CCCCC4C23)CC1
C1CCC(CCCCC2CCCCC3CCC(C4CCCCC4)CC23)CC1
C1CCC2C(C1)CCCC2CC1CC2CCCCC2C2CCCC12
C(CCCC1CCCC2C(C3CCCCC3)CCC12)CCC1CCCCC1
C1CCC(CCCC2CCC3CCC(CC4CCCC5CCCC54)CC3C2)CC1
C1CCC(C2CCC3CC4C(CCC45CCCC5)CC32)CC1
C1CCC(CC2CC3CCCCC3C3CCC4CCCCCC4C23)CC1
C1CCC2CC(CC3CCCC4CCCC43)CCC2C1
C1CCC(CC2CCC3C(CCC3C3CCCCC3)C2)CC1
C1CCC(CCCCC2CCC3CCC(C4CCCC5CCCC54)CC3CC2)CC1
C1CCC2CC(C3CCCC4CCCC43)CCC2C1
C1CCC2CC(C3CCCC4CCCC43)CCC2C1
C1CCC(C2CCC3C(CCC4CCCCC43)C2)CC1
C1CCC(C2CCC3C(CCCCCC4CCC(CC5CCCC5)C4)CCCC23)CC1
C1CCC(CC2CCC3C(CCC3C3CCCCC3)C2)CC1
C1CCC(C2CCC3CCC(C4CCCC4)C3C2)C1
C1CCC(CC2CCC3C(CCC3C3CCCCC3)C2)CC1
C1CCC(C2CC3CCCC3C3CCC4CCCCC4C23)CC1
C1CCC2CCC(C3CCCC4CCCC43)CC2CC1
C1CCC(C2CC3CCCC3C3CCC4CCCCC4C23)CC1
C1CCC2CCC(C3CCCC4CCCC43)CC2CC1
C(CCCCC1CCCC(CC(CC2CCC(CC3CCCCC3)CC2)C2CCCCC2)C1)CCCCC1CCC2C(CCC3C4CCCC4CCC23)C1
C1CCC(C2CCC3CC4(CCCCC4C4CCCCC4)CCCC32)CC1
C1CC2CCC3C(CCC4CCCCC43)CC2C1
C1CCC(CCCCC2CCCC3CCC(C4CCCC5CCCC54)CC3C2)CC1
C1CCC2CC(C3CCCC4CCCC43)CCC2C1
C1CCC(CC2CCCC(C3CCC4CC(CCC5CCC6CCCCC6C5)CCC43)C2)C1
C1CCC2C(C1)CCC1C3CCCC3CCC21
C1CCC(CCC2CCC3C(CCC3C3CCCCC3)C2)CC1
C1CCC2C(C1)CCC1C2CCC2C3CCCC3CC21
C1CCC(C2CCC3CCCC3C3CCC4CCCCC4C23)CC1
C1CCC2C(C1)CC(C1CCCC1)C1CCCCC21
C1CCC(CCCCC2CC3CCCCC3C2)CC1
C(CCC1CCC2C1CCC1C3CCCCC3CCC21)CC1CC2CCCCC2C1
C(CCC1CCC2C1CCC1C3CCCCC3CCC21)CC1CCCC2CCCCC12
C1CCC(CCCCCC2CCC3CCCCC23)CC1
C1CCC2C(C1)CCC1C3CCCC3CCC21
C(CCCC1CCCCC1)CCCC1CCC(C2CCCCC2)C1
C(CCC1CCCC2CCCCC12)CC1CCCC2CCCCC12
C1CCC(CCCCCC2CC3CCCCC3C2)CC1
C1CCC(CCC(CC2CC3CCCCC3C2)C2CCC2)CC1
C1CCC(CCCCC2CCC3CCCCC3C2)C2CCCCC2CC1
C1CCC2CC(CCCC3CCC4CC5CCC6CCCCC6C5CCC34)CC2C1
C1CCC(CCC2CC3CCCC3C3CCC4CCCCC4C23)CC1
C1CCC(CCCCCC2CCCC3C(C4CCCCC4)CCC23)CC1
C1CCC(CC2CCC3CCCCC3C3CCC4CCCCC4C23)CC1
C(CCC1CCCCC2CCCCC12)CC1CCC2CCCCC2C1
C1CCC(CCCCC2CC3CCCCC3C2)CC1
C1CCC(C2CC3CCCC3C3CCC4CCCCC4CC23)CC1
C1CCC2CC(C3CCCC4CCCC43)CCC2C1
C1CCC2CC(CCCC3CCC4C3CCC3C5CCCCC5CCC43)CC2C1
C1CCC2CC(C3CCCC4CCCC43)CCC2C1
C1CCC(CCCCC2CCC3CCC(C4CCCC5CCCC54)CC3C2)CC1
C(CCC1CCCC2CCCCC12)CC1CCC2CCCCC2C1
C1CCC(CCCCC2CC3CCCCC3C2)CC1
C1CCC(CCCCCC2CCCC3C(CC4CCCCC4)CCC23)CC1
C1CCC(C2CC3CCCC3C3CCCC4CCCCC4C23)CC1
C1CCC2C(C1)CCC1CCCCC12
C1CCC(CCCCC2CC3CCCCC3C2)CC1
C1CCC2C(C1)CCCC1C3CCCC3CCC21
C1CCC2CC(CCCC3CCC4C3CCC3C5CCCCC5CCCC43)CC2C1
C1CCC(CC2CC3CCCCC3C3CCC4CCCCC4C23)C1
C1CCC(CCCCC2CC3CCCCC3C2)CC1
C1CCC(C2CCC3CCCC3C3CCC4CCCCC4C23)CC1
C1CCC(CCCCC2CCC3C2CCC2C4CCCCC4CCCC32)CC1
C1CCC(CCC2CCC3C(CCC3C3CCCCC3)C2)CC1
C1CCC2CC(C3CCCC3)C3CCCCC3CC2C1
C1CCC(C2CCC(CCCCCC3CCCC4CCCCC34)C2)CC1
C1CCC2CCC3C4CCCCC4CC(CC4CCCC4)C3C2CC1
C1CCC(C2CC3CCCCC3C3CCCCC3C2)C1
C1CCC(C2CCC(CCCCCC3(CC4CCCC4)CCCC4CCCCC43)C2)CC1
C1CCC(C2CCC3C(CCCCCC4CCC4)CCCC23)CC1
C1CCC(CC2CCC3CC4C(CC5CCC6CCCCC65)CCCC4CC23)CC1
C1CCC(CCCCC2CCC3CCCCC23)CC1
C1CCC(CC2CCC3C(CCC3C3CCCCC3)C2)CC1
C1CCC(CCCCCC2CCCC3C(C4CCCCC4)CCC23)CC1
C1CCC(C2CCC3CC4C(CCC32)CCC42CCCCC2)CC1
C1CC2CCC3C(CCC4CCC5CC5C43)C2C1
C1CCC(CCCC2(CCC3CCCC3)CCC3C4CCC5CCCCCC5C4CCC32)CC1
C1CCC2CC(CCCC3CCC4C3CCC3C5CCCCC5CCC43)CC2C1
C1CCC(CCC2CCC3C(CCC4CC(C5CCCCC5)CCCC43)C2)CC1
C(CCC1CCCC2CCCCC12)CCC1CCCC2CCCC12
C1CCC(CC2CCCCCCC23CCC2C(CCC2C2CCCCC2)C3)CC1
C1CCC(CC2CCC3CCCCC3C3CCC4CCCCC4C23)CC1
C1CCC(CCC2CCC3C(CCC3C3CCCCC3)C2)CC1
C1CCC(CC2CC3CCCCC3C3CCC4CCCCC4C23)CC1
C1CCC2CCC(C3CCCC4CCCC43)CC2CC1
C1CCC(CC23CCCCCC2CCC2C4CCCC4CCC23)CC1
C1CCC(C2CC3CCCC3C3CCC4CCCCC4C23)CC1
C1CCC(C2CCCC3C(CCC4CCCCC43)C2)CC1
C1CCC(CCCCC2CC3CCCCC3C2)CC1
C(CCC1CCCC2CCCC12)CC1CC2CCCCC2C1
C(CCCC1CCCCC1)CCCC1CCC(C2CCCCC2)C1
C1CCC(CCC2CCC(C3CCC4C(CCC4C4CCCCC4)C3)CC2)CC1
C1CCC(CCCCCC2CCCC3C(C4CCCCC4)CCC23)CC1
C1CCC(C2CC3CCCC3C3CCC4CCCCC4C23)CC1
C1CCC(CCC2CCC3C(CCC4C5CCCCC5CCC34)C2)CC1
C1CCC(CCCCC2CCCC3CCC(C4CCCC5CCCC54)CC23)CC1
C1CCC(CCC2CCC3C(CCC3C3CCCC3)C2)CC1
C1CCC(C2CCC3C(CCC4CCCCC43)C2)CC1
C1CCC(C2CCC3CC4C(CCC5C6CCC(CCCCC7CC8CCCCC8C7)C6CCC45)CC32)CC1
C1CCC(CCCCC2CC3CCCCC3C2)CC1
C1CCC2CC(CCCC3CCCC4C3CCC3C5CCCCC5CCC43)CCC2C1
C1CCC(CCCCCC2CCCC3C2CCC3C2CCCC(CC3CCCCC3)C2)CC1
C1CCC(C2CCC3CC4C(CCC32)CCC42CCCC2)CC1
C1CCC(CCCCCC2CCCC3C(C4CCCCC4)CCC23)CC1
C1CCC(CCCCCC2CCC3CCCCC23)CC1
C1CCC(CCCCC2CCC3CCCCC23)CC1
C1CCC(C2CC3CCCC3C3CCC4CCCCCC4C23)CC1
C1CCC(CC2CCCC2CC2CC3CCCCC3C3CCC4CCCCC4C3C2)CC1
C1CCC(CCC2CCC(C3CCCC4C(C5CCCCC5)CCC34)C2)CC1
C(CCC1CCCC2CCCC12)CC1CC2CCCCC2C1
C1CCC(C2CCC3CC4C(CCC45CCCC5)CC32)CC1
C1CCC(CCCCCC2CC3CCCCC3C2)CC1
C1CCC(C2CCCC3(CCC4CC5C(CCC5C5CCCCC5)CC43)C2)CC1
C1CCC(CCC2CCCC3CC4C(CCC23)CCC4C2CCCCC2)CC1
C(CCCC1CCCC2C(C3CCCCC3)CCC12)CCC1CC1
C1CCC2C(C1)CCC1C3CCCC3CCCC21
C1CCC(CCC2CCC3C(CCC4CCCCCC43)C2)CC1
C(CCC1CCCC2CCCCC12)CC1CCCC2CCCCC12
C1CCC(CC2CC3CCCCC3C3CCC4CCCCC4C23)C1
C(CCCC1CCCC2C(C3CCCCC3)CCC12)CCC1CCCCC1
C1CCC(C2CC3CCCC3C3CCC4CCCCC4C3C2)CC1
C(CCCC1CCCCC1)CCCC1CCC(C2CCCCC2)C1
C1CCC(C2CC3CCCC3C3CCC4CCCCC4C23)CC1
C1CCC2CCC(C3CCCC3)CC2CC1
C1CCC2CCC(C3CCCC4CCCC43)CC2CC1
C1CCC2CCC(C3CCCC4CCCC43)CC2CC1
C1CCC(C2CC3CCCC3C3CCC4CCCCC4C23)CC1
C(CCCC1CCCCC1)CCC1CCCCC1
C1CCC(CCCCCC2CCCC3C(C4CCCCC4)CCC23)CC1
C1CCC(CCC2CCC(C3CC3)CC2)CC1
C1CCC(CC2CCC(CC(CC3CCCCC3)C3CCCCC3)CC2)CC1
C1CCC(CC2CCC(CCCC3CCC4C3CCC3C5CCCCC5CCC43)C2)CC1
C1CCC(C2CCC3CC4C(CCC45CCCCC5)CC32)CC1
C1CCC(CCCCC2CC3CCCCC3C2)CC1
C1CCC2C(C1)CCCC1CCCCC12
C1CCC2CCC(C3CCCC4CCCC43)CC2CC1
C1CCC(C2CCC3C(CCC4CCCCC43)C2)CC1
C1CCC2CC3CCC4C(CCCC5CC6CCCCC6C5)CCC4C3CCC2C1
C1CCC2CCC3C(CCC4C5CCCC5CC43)C2CC1
C1CCC(CCCC2CCC(C3CCC4C(CCC4C4CCCCC4)C3)CC2)CC1
C1CCC2CCC3C4CCCC4CCC3C2CC1
C1CCC(CCCCCC2CC3CCCCC3C2)CC1
C1CCC(CC2CC3CCCCC3CC3CCC4CCCCC4C32)CC1
C1CCC2CC3CCCCC3CCC2C1
C1CCC(C2CCC3C(CCC4CCCCC43)C2)C1
C1CCC2CC(C3CCCC3)CCC2C1
C1CCC2C(C1)CCC1C2CCC2C3CCCC3CC21
C1CCC(C2CC3CCCC3C3CCC4CCCCC4C23)CC1
C1CCC(C2CCC3CC4C(CCC45CCCC5)CC32)CC1
C1CCC2C(C1)CCC1C3CCCCC3CCC21
C1CCC(CCC(CCC2CCC3CCCCC3C2)CC2CCCCC2)CC1
C1CCC2CCC3C4CCCCC4CC(CC4CCCC4)C3C2CC1
C1CCC2C(C1)CCC1C3CCCC3CCC21
C1CCC(C2CCC3C(CCC4CCCCC43)C2)CC1
C1CCC(C2CCC3CC4C(CCC45CCCC5)CC32)CC1
C1CCC(CCC2CCCCC3CC4C(CCC4C4CCCCC4)CC23)CC1
C1CCC(C2CCC3CC4C(CCCC45CCCC5)CC32)CC1
C1CCC(C2CC3CCCC3C3CCCC4CCCCC4C23)CC1
C1CCC2C(C1)CCCC2CCCC1CCC2C1CCC1C3CCCCC3CCC21
C1CCC(CCCC2CCCC3CCC(C4CCCC5CCCC54)CC3C2)CC1
C1CCC(CCCCC2CC3CCCCC3C2)CC1
C1CCC2CCC3C4CCCC4CCC3C2CC1
C1CCC(C2CCC3CC4C(CCC5C6CCC(CCCCC7CCC8CCCCC8C7)C6CCC45)CC32)CC1
C1CCC2CCC3C4CCCCC4CC(CC4CCCC4)C3C2CC1
C1CCC2CCC3C4CCCC4CC(C4CCC(CCCCC5CCC6C(CCC7C8CCCC8CCC67)C5)CC4)C3C2CC1
C1CCC2C(C1)CCCC1CCCCC12
C1CCC(CCCCCC2CCCC3C(C4CCCCC4)CCC23)CC1
C1CCC(CC2CC3CCCCC3C3CCC4CCCCCC4C23)CC1
C1CCC(C2CCC3CC4C(CCC32)CCC42CCCCC2)CC1
C1CCC(CCCC2CCCC3CCC(C4CCCC5CCCC54)CC3C2)CC1
C1CCC2CC(C3CCCC4CCCC43)CCC2C1
C1CCC(C2CCC3CC4C(CCC45CCCC5)CC32)CC1
C1CCC2CC(C3CCCC4CCCC43)CCC2C1
C1CCC(C2CCC3CC4C(CCCC45CCCCC5)CC32)CC1
C1CCC2C(C1)CCC1C3CCCC3CCC21
C1CCC2CCC3C(CCC4C3CCC4(CCCC3CCC4CCCCC4C3)CCC3CCCC3)C2CC1
C1CCC(C2CC3CCCC3C3CCC4CCCCCC4C23)CC1
C1CCC(C2CCC3C(CCCCCC4CCC(C5CCCC5)C4)CCCC23)CC1
C1CCC2C(C1)CCC1C3CCCC3CCCC21
C1CCC(CCCCC2CC3CCCCC3C2)CC1
C1CCC(CCCCC2CCC3CCC(C4CCCC5CCCC54)CC3C2)CC1
C(CCC1CCCC2CCCCC12)CCC1CCCC2CCCC12
C1CCC(C2CC3CCCC3C3CCC4CCCCC4C23)CC1
C1CCC(C2CCC3CCCC3C3CCC4CCCCC4C23)CC1
C1CCC2C(C1)CC(C1CCCC1)C1CCCCC21
C(CCC1CCC2CCCCC2C1)CCC1CCCC2CCCCC12
C1CCC(CCCCC2CC3CCCCC3C2)CC1
C1CCC(CC2CC3CCCCC3C3CCC4CCCCC4C3C2)CC1
C(CC1CCC2CCCC2C1)CC1CCC2CCC(C3CCCC4CCCC43)CC2C1
C1CCC(C2CCC3CCC4CCCCC4C3CC2)CC1
C1CCC(CCC2CC3CCCCC3C3CCC4CCCCC4C23)CC1
C1CCC(CCCC2CCC3C2CCC2C4CCCCC4CCCC32)C1
C1CCC(C2CCC3C(CCC4CCCCC43)C2)CC1
C1CCC(CCCCC2CCCC3CCC(C4CCCCC4)CC3C2)CC1
C1CCC(CCCCCC2CCCC3C(C4CCCCC4)CCC23)CC1
C1CCC(CCC(CCC2CCC3CCCC3C2)CC2CCCCC2)CC1
C(CCCC1CCCCC1)CCCC1CCC(C2CCCCC2)C1
C1CCC(CCCCCC2CC3CCCCC3C2)CC1
C1CCC(C2CCC(CCCCCC3CCCC4C(C5CCCCC5)CCC34)C2)CC1
C(CCCC1CCCC2C(C3CCCCC3)CCC12)CCC1CCCCC1
C1CCC(C2CC3CCCC3C3CCC4CCCCC4C23)CC1
C1CCC(CCCCC2CC3CCCCC3C2)CC1
C1CCC(C2CC3CCCC3C3CCC4CCCCCC4C23)CC1
C1CCC2C(C1)CCC1C3CCCC3CCC21
C(CCC1CCC2CCCCC2C1)CCC1CCCCC2CCCCC12
C1CCC(CC2CCC3CCCCC3C2)C1
C1CCC(CCC2CCC3C(CCC4C5CCCC5CCCC34)C2)CC1
C1CCC(CCCCCC2CC3CCCCC3C2)CC1
C(CCCC1CCCCC1)CCC1CCCCC1
C1CCC(CCCC2CCC3CCCC3C2)CC1
C1CCC(CCC2CCC3C(CCC3C3CCCCC3)C2)CC1
C(CCCCC1CCC(C2CCCCC2)C1)CCCC1CCCCC1
C1CCC2CCC3C4CCCC4CCC3C2CC1
C1CCC2C(C1)CCCC1C3CCCC3CCC21
C1CCC(CCCCC2CC3CCCCC3C2)CC1
C(CCC1CCCC2CCCCC12)CC1CCC2CCCCC2C1
C1CCC(C2CCC3CC4C(CCC45CCCCC5)CC32)CC1
C1CCC(CC2CC3CCCCC3C3CCC4CCCCCC4C23)CC1
C1CCC(C2CC3CCCC3C3CCC4CCCCC4C23)CC1
C1CCC(CCC2CCC(C3CCCC4C(CC5CCCCC5)CCC34)C2)CC1
C1CCC2CC(CC3CCCC4CCCC43)CCC2C1
C1CCC2CC(CCCC3CCC4C3CCC3C5CCCCC5CCCC43)CC2C1
C1CCC2C(C1)CCCC1CCCCC12
C1CCC(CCCC2CCCC3CCC(C4CCCC5CCCC54)CC23)CC1
C1CCC2CCC3C(CCC4C3CCC4(CCCC3CCC4CCCCC4C3)CCC3CCCC3)C2CC1
C1CCC2CC(C3CCCC4CCCC43)CCC2C1
C1CCC(CCCCCC2CCCC3C(CC4CCCCC4)CCC23)CC1
C1CCC(C2CCC3CCC4C(CCC45CCCC5)CC32)CC1
C1CCC(C2CC3CCCC3C3CCC4CCCCC4C23)CC1
C1CCC(C2CC3CCCC3C3CCC4CCCCCC4C23)CC1
C1CCC(CCC2CCC3C(CCC3C3CCCCC3)C2)CC1
C1CCC2CC(CC3CCCC4CCCC43)CCC2C1
C1CCC(C2CCC3CCCC3C3CCC4CCCCC4C23)CC1
C(CCCC1CCCC2CCCC12)CCC1CCCCC1
C1CCC2CCC3C4CCC(CCCC5CC6CCCCC6C5)C4CCC3C2CC1
C1CCC(CC2CCC3CCCCC3C3CCC4CCCCC4C23)C1
C1CCC(CCC2CCC3C(CCC3C3CCCC(CC4CCCC4)C3)C2)CC1
C1CCC(CCC2CCC3C(CCC3C3CCCCC3)C2)CC1
C1CCC(CCC2CCC3C(CC4CCCCC4)CCC3C2)CC1
C1CCC(CCCCC2CCC3C2CCC2C4CCCCC4CCC32)CC1
C1CCC(CCC2CC3CCCCC3C3CCC4CCCCC4C23)C1
C1CCC(CCCCC2CCCC3CCCC23)CC1
C1CCC(CCCCC2CCC3CCCCC23)CC1
C1CCC(C2CCC3C(CCCCCC4CCC(C5CCCC5)C4)CCCC23)CC1
C1CCC2CCC3C4CCCCC4CC(CC4CCCC4)C3C2CC1
C1CCC2CCC(C3CCCC4CCCC43)CC2CC1
C1CCC(CC2CC3CCCCC3C3CCC4CCCCCC4C23)CC1
C1CCC(C2CC3CCCCC3C3CCCCC3C2)CC1
C1CCC(CCCC2CCC3C2CCC2C4CCCCC4CCC32)C1
C1CCC2C(C1)CCCC2CCCC1CCCC2CCCCC21
C1CCC2C(C1)CC(C1CCCC3CCCCC31)C1CCCC21
C1CCC(CCC2CCC(C3CCC4C(CCC4C4CCCCC4)C3)CC2)CC1
C1CCC(CCCCC2CCC3CCCCC23)CC1
C1CCC(C2CC3CCCC3C3CCC4CCCCC4C23)CC1
C1CCC(CCCCCC2CC3CCCCC3C2)CC1
C1CCC(CCCCC2CC3CCCCC3C2)CC1
C1CCC(CCC(CCCC2CCC3CCCC3C2)CC2CCCCC2)CC1
C1CCC(CCCC(CC2CC3CCCCC3C2)C2CC2)CC1
C1CCC(C2CC3CCCCC3C3CCC(CCC4CCCC4)CC23)CC1
C1CCC(C2CCC3CC4C(CCC5C6CCCC(CCCC7CC8CCCCC8C7)C6CCC45)CC32)CC1
C1CCC(CCC2CCC3C(CCC3C3CCCCC3)C2)CC1
C1CCC2C(C1)CC(C1CCCC3CCCC31)C1CCCCC21
C1CCC(CCCCC2CCC3CCCCC23)CC1
C1CCC(C2CC3C(CCC34CCCC4)C3CCC4CCCCC4CC23)CC1
C1CCC(CCCCC2CCC3CCCCC23)CC1
C1CCC(CCCCCC2CCC3CCCCC23)CC1
C1CCC(CCCC2CCCC3CCCCC32)C2CCCCC2C1
C(CCC1CCCC2CCCCC12)CC1CCC2CCCCC2C1
C1CCC2CCC3C4CCCC4CCC3C2CC1
C1CCC(CCC(CC2CC3CCCCC3C2)C2CCCC2)CC1
C1CCC(CC2CCC3C(CCC3C3CCCCC3)C2)CC1
C1CCC(CCCC2CCC3CCCC3C2)CC1
C1CCC(CCC2CCC3C(CCC4CCCCC43)C2)CC1
C1CCC(CCC2CCCCC2)CC1
C1CCC(C2CC3CCCC3C3CCC4CCCCCC4C23)CC1
C1CCC(CCCCCC2CC3CCCCC3C2)CC1
C(CCC1CCCC1)CCC1CCCC2CCCCC12
C1CCC(CC2CC3CCCCC3C3CCC4CCCCC4C23)C1
C1CCC(C2CCC3C(CCCCCC4CC4)CCCC23)CC1
C1CCC(CCC(CCC2CCC3CCCC3C2)CC2CCCCC2)CC1
C(CCCC1CCCCC1)CCCC1CCC(C2CCCCC2)C1
C1CCC2CCC3C4CCCCC4CC(CC4CCCC4)C3C2CC1
C1CCC2CCC(C3CCCC4CCCC43)CC2CC1
C1CCC2C(C1)CC(C1CCCC3CCCC31)C1CCCCC21
C1CCC(CCC2CCC3C(CCC3C3CCCCC3)C2)CC1
C1CCC2CCC(C3CCCC4CCCC43)CC2CC1
C1CCC2CC(CCCC3CCC4C3CCC3C5CCCCC5CCC43)CC2C1
C1CCC(CCC2CCCCC2)CC1
C1CCC(CCCCC2CCC3CCCCC23)CC1
C1CCC(CC2CC3CCCCC3C3CCC4CCCCCC4C23)CC1
C1CCC(C2CCC3CC4C(CCCCC45CCCC5)CC32)CC1
C1CCC(C2CC3C(CCC34CCCC4)C3CCC4CCCCCC4C23)CC1
C1CCC(CCCC2CCCC(C3CCC4CC(CCC5CCC6CCCCC6C5)CCC43)C2)CC1
C1CCC2CC3CCC4CCCCC4C3CCC2C1
C(CCCC1CCCCC1)CCCC1CCC(CC2CCCCC2)C1
C1CCC(C2CC3CCCC3C3CCC4CCCCC4C23)CC1
C1CCC(CC2CCC3CC4C(CCC45CCCC5)CC23)CC1
C1CCC(C2CCC3CCC4C(CCC5C6CCC(CCCC7CCC8CCCCC8C7)C6CCC45)CC32)CC1
C1CCC(CCCCCC2CCC3CCCCC23)CC1
C1CCC(CCCCC2CC3CCCCC3C2)CC1
C1CCC(CCCCC2CC3CCCCC3C2)CC1
C1CCC(CCCCC2CCC3CCCCC23)CC1
C1CCC2CC(CCCC3CCC4C3CCC3C5CCCCC5CCCC43)CCC2C1
C1CCC(C2CCC(C3CC4CCCC4C4CCC5CCCCC5C34)CC2)C1
C1CCC(CC2CC3CCCCC3C3CCC4CCCCC4C23)CC1
C1CCC(C2CC3CCCC3C3CCC4CCCCC4C23)CC1
C1CCC2CC(CC3CCCC4CCCC43)CCC2C1
C1CCC(CCC2CCC3C(CCC3C3CCCCC3)C2)CC1
C1CCC2CC(CCCC3CCC4C3CCC3C5CCCCC5CCC43)CC2C1
C1CCC(CCC2CCC(CCC3CCCC(CCC4CCCC4)C3)CC2)CC1
C1CCC2CC(CC3CCCC4CCCC43)CCC2C1
C1CCC(CCC2CCC3C(CC4CCCCC4)CCC3C2)CC1
C1CCC(CCCCCC2CCCC3C(C4CCCCC4)CCC23)CC1
C1CCC(CCC(CCC2CCCCC2)CCC2CCC3CCCC3C2)CC1
C1CCC(C2CCC3CCC4CCCCC4C3CC2)CC1
C1CCC(CCCCCC2CCC3CCCCC23)CC1
C1CCC(C2CCC3CC4C(CCC5C6CCC(CCCC7CC8CCCCC8C7)C6CCCC45)CC32)CC1
C(CCCC1CCCCC1)CCC1CCCCC1
C1CCC(CCCC2CCC3C(CCC3C3CCCCC3)C2)CC1
C1CCC2C(C1)CCC1CCCCC12
C1CCC2C(C1)CCC1CCCCC12
C(CCCC1CCC(CC2CCCCC2)C1)CCC1CCCCC1
C1CCC(CCCCC2CC3CCCCC3C2)CC1
C1CCC2C(C1)CCC1C3CCCC3CCCC21
C1CCC(C2CC3CCCC3C3CCC4CCCCCC4C23)CC1
C1CCC(CC2CCC3C(CCC3C3CCCCC3)C2)CC1
C1CCC(CCC(CCCC2CCC3CCCC3C2)CC2CCCCC2)CC1
C1CCC2CCC3C(CCC4C3CCC4(CCCC3CC4CCCCC4C3)CCC3CCCC3)C2CC1
C1CCC(CC2CCC(CC(CC3CCCCC3)C3CCCCC3)CC2)CC1
C1CCC(CCCCCC2CC3CCCCC3C2)CC1
C1CCC(CC2CCC3C(CCCCCC4CCC(C5CCCC5)C4)CCCC23)CC1
C1CCC(C2CCC(CCCC3CCC4C3CCC3C5CCCCCC5CCC43)C2)CC1
C(CCCC1CCCCC1)CCCC1CCC(C2CCCCC2)C1
C1CCC(CCC2CCC(C3CC3)CC2)CC1
C1CCC2CC(CCCC3CCCC4CCCCC43)CC2C1
C1CCC(C2CCC3CCC4C(CCC45CCCCC5)CC32)CC1
C1CCC(C2CCC(CCCCCC3CCCCC4CCCCC34)C2)CC1
C(CCC1CCCC2CCCCC12)CC1CCC2CCCCC2C1
C1CCC(C2CCC3CC4C(CCCC45CCCC5)CCC32)CC1
C1CCC(CCCCC2CCCCC3CCC(C4CCCCC4)CC23)CC1
C1CC(C2CCC(C3CC4CCCC4C4CCCC5CCCCC5C34)CC2)C1
C1CCC(CCCCC2CCC3CCCCC23)CC1
C1CCC(CCCCCC2CCCC3C(C4CCCCC4)CCC23)CC1
C1CCC2CC(C3CCCC4CCCC43)CCC2C1
C1CCC(CCC2CCC(CCC3CCCCC3)CC2)CC1
C1CCC(CCC2CCC3C(CC4CCCCC4)CCC3C2)CC1
C(CCCC1CCCC2C(C3CCCCC3)CCC12)CCC1CCCCC1
C(CCCC1CCCC2C(C3CCCCC3)CCC12)CCC1CCC(C2CCCC2)C1
C(CCCC1CCCCC1)CCCC1CCC(C2CCCCC2)C1
C(CCC1CCCC2CCCC12)CC1CC2CCCCC2C1
C1CCC(CCC2CCC3C(CCC3C3CCCCC3)C2)CC1
C1CCC(CCC2CCC3C2CCC(C2CCCCC2)C2C4CCCCC4CCCC32)CC1
C1CCC2CC(C3CCCC3)CCC2C1
C(CCCC1CCCC2C(C3CCCCC3)CCC12)CCC1CCC(C2CCCC2)C1
C1CCC2CCC(C3CCCC4CCCC43)CC2CC1
C(CCCC1CCCCC1)CCCC1CCC(CC2CCCCC2)C1
C1CCC(C2CCC3C(CCC4CCCCC43)C2)CC1
C1CCC2CC(CCCC3CCC4C5CCC6CCCCC6C(CCC34)C5)CC2C1
C1CCC(CCC2CCC3C(CCC3C3CCCCC3)C2)CC1
C1CCC2C(C1)CCC1CCCCC12
C1CCC(CCC2CCCCC2)CC1
C(CCCC1CCCC2C(C3CCCCC3)CCC12)CCC1CCCCC1
C1CCC(CCCCC2CC3CCCCC3C2)CC1
C1CCC2C(C1)CCC1C3CCCC3CCC21
C1CCC2CCC3C4CCCC4CCC3C2CC1
C1CCC(C2CCC3C(CCCCCC4CC4)CCCC23)CC1
C1CCC(C2CCC3CCC4(CCCCCC4C4CCCCC4)CCC32)CC1
C1CCC2CC(C3CCCC4CCCC43)CCC2C1
C1CCC(CC2CC3CCCCC3C2C2CCCCC2)CC1
C1CCC(CCCC2CC3CCCC3C3CCC4CC(CCC5CCCCC5)CCC4C23)CC1
C1CCC(CCC2CCC3C(CCC3C3CCCC(CC4CCCCC4)C3)C2)CC1
C1CCC2CC(C3CCCC4CCCC43)CCC2C1
C1CCC(CCC2CCC3C(CCC4C5CCCC5CCCC34)C2)CC1
C1CCC(C2CC3CCCC3C3CCC4CCCCC4C23)CC1
C1CCC2CCC3CCCCC3C2CC1
C1CCC(C2CCC3CC4C(CCC5C6CCC(CCCC7CCC8CCCCC8C7)C6CCCC45)CC32)CC1
C1CCC(CCCCC2CCC3CCCCC23)CC1
C1CCC2CC(C3CCCC3)C3CCCC3C2CC1
C1CCC(CCCCC2C3CCCCC3CCC2C2CCCC3CCCC32)CC1
C1CCC(CCC2CCC3C(CCC3C3CCCCC3)C2)CC1
C1CCC(C2CCC3CC4C(CCC45CCCCC5)CC32)CC1
C1CCC2CCC3C4CCC(CCCC5CCCC6CCCCC65)C4CCC3C2CC1
C1CCC(CCC2CCC3C2CCC(C2CCCCC2)C2C4CCCCCC4CCC32)CC1
C1CCC2C(C1)CCCC1C3CCCC3CCC21
C1CCC(CC2CCCC2CC2CC3CCCCC3C3CCC4CCCCCC4C23)CC1
C1CCC(C2CCC3CC4C(CCC5C6CCC(CCCC7CCC8CCCCC8C7)C6CCC45)CC32)CC1
C1CCC2CC(C3CCCC3)CCC2C1
C1CCC(CCCCCC2CCCC3C(CC4CCCCC4)CCC23)CC1
C(CCC1CCCCC2CCCCC12)CC1CCC2CCCCC2C1
C1CCC(C2CCC3CC4C(CCCC45CCCCC5)CCC32)CC1
C1CCC2CC(CC3CCCC4CCCC43)CCC2C1
C1CCC(CCCCC2CC3CCCCC3C2)CC1
C1CCC(CCCCCC2CCCC3C(C4CCCCC4)CCC23)CC1
C1CCC2CCC(C3CCCC4CCCC43)CC2CC1
C1CCC(C2CCC(CCCCCC3CCCC4CCCCC34)C2)CC1
C1CCC(CCC2CCC3C(CCC3C3CCCCC3)C2)CC1
C(CCCC1CCCC2C(C3CCCCC3)CCC12)CCC1CCCCC1
C1CCC(CCCC2CCCC3CCC(C4CCCC5CCCC54)CC3C2)CC1
C1CCC(CC2CCC(CC(CC3CCCCC3)C3CCCCC3)CC2)CC1
C(CCC1CCCC2CCCCC12)CC1CC2CCCCC2C1
C1CCC(C2CCC3CC4C(CCC5C6CCC(CCCC7CC8CCCCC8C7)C6CCC45)CC32)CC1
C(CCCC1CCCCC1)CCCC1CCC(C2CCCCC2)C1
C1CCC(CC2CCCCCCC23CCC2C(CCC2C2CCCCC2)C3)CC1
C1CCC(CCCCC2CCC3C2CCC2C4CCCCCC4CCC32)CC1
C1CCC(C2CCC3CCCC3C3CCC4CCCCC4C23)CC1
C1CCC2CC(CCCC3CCC4C3CCCC3C5CCCCC5CCC34)CC2C1
C1CCC2CC(CC3CCCC4CCCC43)CCC2C1
C1CCC2CCC3C4CCCCC4CC(CC4CCCC4)C3C2CC1
C1CCC(CCCC2CCC(CCC3CCCCC3)CC2)CC1
C1CCC2CC(CCCC3CCCC4C3CCC3C5CCCCC5CCC43)CCC2C1
C1CCC2CCC(C3CCCC4CCCC43)CC2CC1
C1CCC(C2CCC3CC4C(CCC32)CCC42CCCCC2)CC1
C(CCC1CCC2C1CCC1C3CCCCC3CCC21)CC1CC2CCCCC2C1
C1CCC(CCCC2CCC3CCC(C4CCCC5CCCC54)CC3C2)CC1
C1CCC2C(C1)CCC1CCCCC12
C1CCC(C2CCC3CC4C(CCC5C6CCCC(CCCC7CC8CCCCC8C7)C6CCC45)CC32)CC1
C1CCC(CCC2CCC(CCC3CCCC(CCC4CCCC4)C3)CC2)CC1
C1CCC(C2CC3CCCCC3C3CCCCC3C2)CC1
C1CCC2C(C1)CCC1C3CCCC3CCC21
C1CCC(C2CC3CCCCC3C3CCCCC23)CC1
C1CCC(C2CCC3C(CCCCCC4CCC(C5CCCC5)C4)CCCC23)CC1
C1CCC2CCC3C4CCCCC4CC(CC4CCCC4)C3C2CC1
C1CCC(C2CCC3CC4CCCCC4CC32)CC1
C1CCC2C(C1)CCC1CCCCC12
C1CCC2CC(C3CCCC4CCCC43)CCC2C1
C1CCC(CCC2CCC3C(CCC4CCCCC43)C2)CC1
C1CCC(C2CCC3CC4C(CCCC45CCCCC5)CC32)CC1
C1CCC(CCCCC2CCC3CCCCC23)CC1
C1CCC(CCC2CCC(C3CCC4C(CCC4C4CCCCC4)C3)CC2)CC1
C(CCCC1CCCCC1)CCC1CCCCC1
C1CCC(CCCCC2CC3CCCCC3C2)CC1
C1CCC(CCCCC2CC3CCCCC3C2)CC1
C1CCC2C(C1)CCC1CCCCC12
C1CCC2C(C1)CCCC2CCCC1CCCC2C1CCC1C3CCCCC3CCC21
C1CCC(CCCC2CCC3C(CCC3C3CCCCC3)C2)CC1
C1CCC2CC(CC3CCCC4CCCC43)CCC2C1
C1CCC(CC2CCC3CCCCC3C3CCC4CCCCC4C23)CC1
C(CCC1CCCC2CCCCC12)CC1CCCC2CCCCC12
C1CCC(CCCCC2CC3CCCCC3C2)CC1
C1CCC2CC(C3CCCC4CCCC43)CCC2C1
C1CCC2CC(CCCC3CCC4C3CCC3C5CCCCC5CCC43)CC2C1
C1CCC2CC(CC3CCCC4CCCC43)CCC2C1
C1CCC(CCCCC2CCC3CCCCC23)CC1
C1CCC2CCC(C3CCCC4CCCC43)CC2CC1
C1CCC2CC(CCCC3CCC4C3CCC3C5CCCCC5CCC43)CCC2C1
C(CCCC1CCCC2CCCC12)CCC1CCCCC1
C1CCC2CC(CCCC3CCC4C3CCC3C5CCCCC5CCC43)CC2C1
C1CCC(CCCCCC2CC3CCCCC3C2)CC1
C1CCC(C2CC3CCCC3C3CCC4CCCCC4C23)CC1
C1CCC(CCC2CCC(CCC3CCCC(CC4CCCCC4)C3)CC2)CC1
C1CCC(CCC(CCC2CCC3CCCCC3C2)CC2CCCCC2)CC1
C(CCCC1CCCC2C(C3CCCCC3)CCC12)CCC1CCCCC1
C1CCC2C(C1)CCC1CCCCC12
C1CCC(CCCCCC2CC3CCCCC3C2)CC1
C1CCC(C2CC3C(CCC34CCCCC4)C3CCC4CCCCC4C23)CC1
C1CCC(CCC2(CCCC3CC4CCCCC4C3)CCC3C4CCC5CCCCC5C4CCC32)C1
C(CCCC1CCCCC1)CCCC1CCC(C2CCCCC2)C1
C1CCC(CCCCCC2CC3CCCCC3C2)CC1
C1CCC(C2CC3CCCC3C3CCC4CCCCC4C23)CC1
C1CCC2C(C1)CCC1C2CCC2C3CCCC3CC21
C1CCC(C2CC3CCCC3CC3CCC4CCCCC4C32)CC1
C1CCC(CC2CCC(CCCCCC3(C4CCCC4)CCCC4CCCCC43)C2)CC1
C(CCCCC1CCC(C2CCCCC2)C1)CCCC1CCCCC1
C1CCC(CCC2CCC3C(CCC3C3CCCCC3)C2)CC1
C1CCC(CC2CC3CCCCC3C3CCC4CCCCCC4C23)CC1
C1CCC2CCC3C4CCCCC4CC(CC4CCCC4)C3C2CC1
C1CCC2C(C1)CCC1C2CCC2C3CCCC3CC21
C1CCC(CCCCCC2CC3CCCCC3C2)CC1
C1CCC2C(C1)CCC1C3CCCC3CCC21
C1CCC(CCC2CCC3C(CCC3C3CCCCC3)C2)CC1
C1CCC2CC(CC3CCCC4CCCC43)CCC2C1
C1CCC(C2CCC3CCCC3C3CCC4CCCCCC4C23)CC1
C1CCC(C2CCC3CC4C(CCC5C6CCC(CCCC7CCC8CCCCC8C7)C6CCC45)CC32)CC1
C1CCC(CCCCC2CC3CCCCC3C2)CC1
C1CCC(CCCCC2CCC3CCC(C4CCCC5CCCC54)CC3C2)CC1
C(CCCC1CCCC2C(C3CCCCC3)CCC12)CCC1CC1
C1CCC(C2CCC(C3CC4CCCC4C4CCC5CCCCC5C34)CC2)C1
C1CCC(C2CC3CCCC3C3CCC4CCCCC4C3C2)CC1
C(CCC1CCCC2CCCCC12)CCC1CCCC2CCCCC12
C1CCC(CCC2CCC3C(CC4CCCCC4)CCC3C2)CC1
C1CCC(CCC2CCC3C(CCC3C3CCCCC3)C2)CC1
C1CCC(C2CCC(CCCCCC3(C4CCCCC4)CCCC4CCCCC43)C2)CC1
C1CCC2CCC3C4CCCC4CCC3C2CC1
C1CCC(CCCCCC2CCCC3C(C4CCCCC4)CCC23)CC1
C1CCC(CCCCCC2CC3CCCCC3C2)CC1
C1CCC(CCCCCC2CC3CCCCC3C2)CC1
C1CCC(C2CCC3CC4C(CCC32)CCC2C3CCC(CCCC5CC6CCCCC6C5)C3CCC42)CC1
C1CCC(CCC(CCC2CCC3CCCC3C2)CC2CCCCC2)CC1
C1CCC2CC(C3CCCC4CCCC43)CCC2C1
C1CCC2C(C1)CCCC1C3CCCC3CCC21
C(CCCC1CCCC2C(C3CCCCC3)CCC12)CCC1CCC(C2CCCC2)C1
C1CCC2CC3CCC(C4CCCCC4)C3CC2CC1
C1CCC(CC2CCCCC2CC2CC3CCCCC3C3CCC4CCCCC4C23)CC1
C1CCC(C2CCC3CCC4C(CCCC45CCCC5)CC32)CC1
C1CCC(CCCCCC2CCCC3C(C4CCCCC4)CCC23)CC1
C1CCC(CCCCC2CC3CCCCC3C2)CC1
C1CCC2C(C1)CCC1C2CCC2C3CCCCC3CC21
C1CCC2C(C1)CCC1C2CCC2C3CCCC3CC21
C1CCC2C(C1)CC(C1CCCC3CCCC31)C1CCCC21
C1CCC(CC2CC3CCCCC3C3CCC4CCCCC4C23)C1
C1CCC(C2CCC3CCCC3C3CCC4CCCCCC4C23)CC1
C1CCC2CCC(C3CCCC4CCCC43)CC2CC1
C(CCCC1CCCC2C(C3CCCCC3)CCC12)CCC1CCCCC1
C1CCC(CCC2CCC3CC4CCC5CCCCC5C4C(C4CCCCC4)CCC23)CC1
C1CCC2CCC3C4CCCC4CCC3C2CC1
C1CCC(CCCCC2CC3CCCCC3C2)CC1
C(CCC1CCCC2CCCCC12)CC1CCCC2CCCCC12
C1CCC(C2CCC3CC4C(CCC32)CCC2C3CCC(CCCC5CC6CCCCC6C5)C3CCC42)CC1
C1CCC(CCCCC2CCC3CCCCC3C2)CC1
C1CCC2CC(C3CCCC3)C3CCCCC3CC2C1
C(CCCC1CCCCC1)CCC1CCCCC1
C(CCC1CCCC2CCCC12)CC1CC2CCCCC2C1
C1CCC(C2CCC3CCCC3C3CCC4CCCCC4C23)CC1
C1CCC(CCCCCC2CCC3CCCCC23)CC1
C1CCC(CCCCCC2CCC3CCCCC23)CC1
C1CCC(C2CCC3CC4C(CCC5C6CCC(CCCCC7CC8CCCCC8C7)C6CCC45)CC32)CC1
C1CCC(CCCCC2CC3CCCCC3C2)CC1
C1CCC2CC(CCCC3CCCC4CCCCC43)CC2C1
C1CCC(CCCC2CCCC3CCCCC32)C2CCCCC2C1
C1CCC(CCCCCC2CC3CCCCC3C2)CC1
C1CCC(C2CC3CCCC3C3CCC4CCCCCC4C23)CC1
C1CCC(CCC2(CCCC3CC4CCCCC4C3)CCCC3C4CCC5CCCCC5C4CCC32)C1
C1CCC(CCC2CCC3C(CCC3C3CCCCC3)C2)CC1
C(CCCC1CCCCC1)CCCC1CCC(C2CCCCC2)C1
C1CCC(CC2CC3CCCCC3C3CCC4CCCCCC4C23)CC1
C1CCC(C2CCC3CCC4C(CCC45CCCC5)CC32)CC1
C1CCC(CC2CCCC(C3CCC4CC(CCC5CCC6CCCCC6C5)CCC43)C2)C1
C1CCC2CCC3C4CCC(CCCC5CC6CCCCC6C5)C4CCC3C2CC1
C1CCC2CC(C3CCCC4CCCC43)CCC2C1
C1CCC(CCCC2CCC3CCC(C4CCCC5CCCC54)CC3C2)CC1
C1CCC2CC(C3CCCC4CCCC43)CCC2C1
C1CCC(CCCCCC2CC3CCCCC3C2)CC1
C1CCC(C2CCC3C(CCC34CCCC4)C3CCC4CCCCC4C23)CC1
C1CCC2CC(CC3CCCC4CCCC43)CCC2C1
C1CCC2CC(CC3CCCC4CCCC43)CCC2C1
C1CCC(CC2CC3CCCCC3C3CCC4CCCCC4C23)CC1
C1CCC(C2CC3CCCC3C3CCC4CCCCC4C23)CC1
C1CCC(CCC2CCC(CCCC3CCCC(CC4CCCC4)C3)CC2)CC1
C1CCC(CCC(CC2CCC(CC3CCCCC3)CC2)C2CCCCC2)CC1
C1CCC(CCCCCC2CCCC3C(C4CCCCC4)CCC23)CC1
C1CCC2C(C1)CCCC1C3CCCC3CCC21
C1CCC(CCC(CCC2CCC3CCCC3C2)CC2CCCCC2)CC1
C(CCC1CCCC2CCCCC12)CC1CCCC2CCCCC12
C1CCC(CCCCC2CC3CCCCC3C2)CC1
C1CCC2C(C1)CCC1CCCCC12
C1CCC2C(C1)CCCC1C2CCC2C3CCCC3CC21
C1CCC(CCCC2CCC(CCC3CCCCC3)CC2)CC1
C1CCC(CCCCC2CC3CCCCC3C2)CC1
C(CCCC1CCCC2C(C3CCCCC3)CCC12)CCC1CCCCC1
C1CCC(CC2CC3CCCCC3C3CCC4CCCCCC4C23)CC1
C(CCCC1CCCC2C(C3CCCCC3)CCC12)CCC1CCCCC1
C1CCC(CCCCCC2CCCC3C(C4CCCCC4)CCC23)CC1
C1CCC(CC2CCC(CC(CC3CCCCC3)C3CCCCC3)CC2)CC1
C1CCC(C2CC3CCCCC3C3CCCCC23)CC1
C(CCC1CCCC2CCCC12)CC1CC2CCCCC2C1
C1CCC(CC(CC2CCCCC2)C2CCCCC2)CC1
C1CCC2CC(C3CCCC4CCCC43)CCC2C1
C1CCC2C(C1)CCC1C3CCCC3CCC21
C1CCC(CC2CCC3CC4C(CCC45CCCCC5)CC23)CC1
C(CCCC1CCCC2C1CCC2C1CCC(CC2CC2)CC1)CCC1CCCCC1
C1CCC2C(C1)CCC1CCCCC12
C1CCC(C2CCCC3C(CCC4CCCCC43)C2)CC1
C1CCC(CC2CCC3C(CCC3C3CCCCC3)C2)CC1
C1CCC(C2CC3CCCCC3C3CCCCC3C2)C1
C1CCC(C2CCC3CC4C(CCC5C6CCC(CCCC7CCCC8CCCCC87)C6CCC45)CC32)CC1
C1CCC(CCC2CCC3C(CCC3C3CCCCC3)C2)CC1
C(CCC1CCCC2CCCC12)CC1CC2CCCCC2C1
C1CCC(CCC2CCC3C(CCC3C3CCCCC3)C2)CC1
C1CCC(C2CC3CCCC3C3CCC4CCCCC4C23)CC1
C1CCC(C2CC3CCCCC3C3CCC4CCCCC4C23)CC1
C(CCCC1CCCCC1)CCCC1CCC(C2CCCCC2)C1
C1CCC(CCCCC2CCC3C2CCC2C4CCCCCC4CCC32)CC1
C1CCC(C2CCC3C(CCC4CCCCC43)C2)CC1
C1CCC(CCCCC2CC3CCCCC3C2)CC1
C1CCC(CC2CCC3CC4C(CCC45CCC(C4CCCCC4)C5)CC23)CC1
C1CCC(C2CCC3C(CCCCCC4CC4)CCCC23)CC1
C1CCC(CCC2CCC3C(CCC3C3CCCCC3)C2)CC1
C(CCC1CCCC2CCCC12)CC1CC2CCCCC2C1
C(CCCC1CCCC2C1CCC2C1CCC(CC2CC2)CC1)CCC1CCCCC1
C1CCC(CCC(CCC2CCCCC2)CCC2CCC3CCCC3C2)CC1
C(CCC1CCCC2CCCCC12)CC1CCC2CCCCC2C1
C1CCC(CCCCCC2CC3CCCCC3C2)CC1
C1CCC(CCCCCC2CC3CCCCC3C2)CC1
C1CCC(CCC2CCC3C2CCC(C2CCCCC2)C2C4CCCCC4CCCC32)CC1
C(CCC1CCC2CCCCC2C1)CCC1CCCCC2CCCCC12
C(CCCC1CCCC2C(C3CCCCC3)CCC12)CCC1CCCCC1
C1CCC(C2CC3C(CCC4CC4)CCC3C3CCC4CCCCC4C23)CC1
C1CCC(C2CCC3CC4(CCCCC4C4CCCCC4)CCCC32)CC1
C1CCC(C2CCCCC2CC2CC3CCCCC3C3CCC4CCCCCC4C23)CC1
C1CCC(CCCCCC2CCC3CCCCC3C2)CC1
C1CCC(C2CCC3CC4C(CCC45CCCC5)CC32)CC1
C1CCC2C(C1)CCCC1C3CCCC3CCC21
C1CCC(CCC2CCC3C(CCC4C5CCCC5CC(CCC5CCCCC5)C34)C2)CC1
C1CCC(C2CCC3CC4(CCCCC4C4CCCCC4)CCCC32)CC1
C1CCC2CC(C3CCCC4CCCC43)CCC2C1
C1CCC(CC2CCCCCCC23CCC2C(CCC2C2CCCCC2)C3)CC1
C1CCC(CCCC2CCC3CCC(C4CCCC5CCCC54)CC3C2)CC1
C1CCC(C2CC3CCCC3C3CCC4CCCCC4C23)CC1
C1CCC2C(C1)CCC1C3CCCC3CCCC21
C1CCC(CCC(CC2CC3CCCCC3C2)C2CC2)CC1
C(CCCC1CCCC2C(C3CCCCC3)CCC12)CCC1CCCCC1
C1CCC(C2CCCC(CC3CCC4CCCCC4C4CCC5CCCCC5C34)C2)C1
C(CCC1CCCC2CCCCC12)CCC1CCCC2CCCCC12
C1CCC(CCCCC2CCC3CCCCC23)CC1
C1CCC2CC(C3CCCC4CCCC43)CCC2C1
C1CCC(CCCC2CCC3CCC(C4CCCC5CCCC54)CC3CC2)CC1
C1CCC(CCCCC2CC3CCCCC3C2)CC1
C1CCC2CCC(C3CCC4CCCCC43)CC2CC1
C1CCC2CC(C3CCCC4CCCC43)CCC2C1
C1CCC(CCC2CCC3C(CCC3C3CCCCC3)C2)CC1
C1CCC(CCCCCC2CCC3CCCCC23)CC1
C1CCC(CCCCC2CCC3CCCCC23)CC1
C1CCC(CCCCCC2CC3CCCCC3C2)CC1
C1CCCC(CCC2CCC(CCC3CCCCC3)CC2)CC1
C1CCC(CCCC(CCC2CCCCC2)CCC2CCC3CCCC3C2)CC1
C1CCC(CCCC2CCCC3CCC(CC4CCCC5CCCC54)CC23)CC1
C1CCC(CCCC2CCC(CCC3CCCCC3)CC2)CC1
C1CCC(CCCCCC2CC3CCCCC3C2)CC1
C1CCC(CCC2CCC(CC3CC3)CC2)CC1
C1CCC(C2CC3CCCC3C3CCCC4CCCCC4C23)CC1
C(CCC1CCC2CCCCC2C1)CCC1CCCC2CCCCC12
C1CCC2CCC(C3CCCC4CCCC43)CC2CC1
C1CCC(CCC2CCC(C3CC3)CC2)CC1
C1CCC2C(C1)CC(C1CCCC3CCCC31)C1CCCC21
C1CCC2CCC3C4CCCCC4CC(CC4CCCC4)C3C2CC1
C1CCC(CCCCCC2CCCCC2)CC1
C1CCC(CC2CC3CCCCC3C3CCC4CCCCCC4C23)CC1
C1CCC(C2CC3CCCC3C3CCCC4CCCCC4C23)CC1
C1CCC2CCC3C4CCCCC4CC(CC4CCCC4)C3C2CC1
C1CCC(CCC2CCC3C(CCC3C3CCCCC3)C2)CC1
C1CCC(CCCCC2CC3CCCCC3C2)CC1
C1CCC(CCCCC2CCC3CCCCC23)CC1
C1CCC(CC2CCC(CC(CC3CCCCC3)C3CCCCC3)CC2)CC1
C1CCC(CC2CC3CCCCC3C3CCC4CCCCCC4C23)CC1
C1CCC2CC(C3CCCC4CCCC43)CCC2C1
C1CCC(CCCC2CCCC(C3CCC4CC(CCC5CCC6CCCCC6C5)CCC43)C2)CC1
C1CCC(CCC2CCC3C(CCC3C3CCCCC3)C2)CC1
C1CCC2CCC(C3CCCC4CCCC43)CC2CC1
C1CCCC(CC2CCCCC2CC2CC3CCCCC3C3CCC4CCCCC4C23)CC1
C1CCC2CC(C3CCCC4CCCC43)C3CCCC3C2CC1
C1CCCC(CC2CCCC2CC2CC3CCCCC3C3CCC4CCCCC4C23)CC1
C1CCC(C2CC3CCCC3CC3CCC4CCCCC4C32)CC1
C1CCC(C2CC3CCCC3C3CCC4CCCCCC4C23)CC1
C1CCC(CC2CC3CCCCC3C3CCC4CCCCC4C23)C1
C1CCC(C2CC3CCCC3C3CCC4CCCCCC4C23)CC1
C1CCC(C2CC3CCCC3CC3CCC4CCCCC4C32)CC1
C1CCC(C2CC3CCCC3C3CCC4CCCCC4CC23)CC1
C1CCC(CCCCC2CC3CCCCC3C2)CC1
C1CCC(C2CCC(C3CC4CCCC4C4CCC5CCCCC5C34)CC2)C1
C1CCC(CCCCC2CCCC3C2CCC2C4CCCCC4CCC32)CC1
C1CCC(CCCCC2CC3CCCCC3C2)CC1
C1CCC2CCC3C4CCCCC4CC(CC4CCCC4)C3C2CC1
C1CCC(CCCCCC2CC3CCCCC3C2)CC1
C1CCC2CCC3C4CCCCC4CC(CC4CCCC4)C3C2CC1
C1CCC(CCCCC2CCCCC3CCC(C4CCCCC4)CC23)CC1
C1CCC(C2CC3CCCC3C3CCC4CCCCC4C23)CC1
C1CCC(CCCCCC2CCCC3C(C4CCCCC4)CCC23)CC1
C1CCC(CCC2CCC3C(CCC3C3CCCCC3)C2)CC1
C1CCC2CCC3C4CCCC4CCC3C2CC1
C(CCC1CCCC2CCCCC12)CC1CCC2CCCCC2C1
C1CCC2CC(CCCC3CCCCC4CCCCC43)CC2C1
C1CCC(CCCCC2CC3CCCCC3C2)CC1
C1CCC(CCCCC2CCC3CCCCC23)CC1
C1CCC(C2CCC(CCCCCC3(C4CCCC4)CCCC4CCCCC43)C2)CC1
C1CCC(C2CCC3C(CCC4CCCCC43)C2)CC1
C1CCC(CC2CC3CCCCC3C3CCC4CCCCCC4C23)CC1
C1CCC(C2CC3CCCC3C3CCC4CCCCC4C23)CC1
C1CC2CCCC3C(CCC4CCC5CC5C43)C2C1
C1CCC(CCC2CCC3C(CCC3C3CCCCC3)C2)CC1
C1CCC(CCC2CCC3C(CCC3C3CCCCC3)C2)CC1
C1CCC(CCCC2CCC3C(CCC3C3CCCCC3)C2)CC1
C1CCC(C2CC3CCCC3C3CCC4CCCCC4C23)CC1
C1CCC(CC2CCC3CC4CCCCC4CC23)CC1
C1CCC(CCC(CC2CCC3C(CCC3C3CCCCC3)C2)C2CCCCC2)CC1
C1CCC(C2CC3CCCC3C3CCCC4CCCCC4C23)CC1
C1CCC2CC(C3CCCC4CCCC43)CCC2C1
C1CCC(C2CCC3CCCC3C3CCC4CCCCC4C23)CC1
C1CCC(C2CC3CCCCC3C3CCCCC23)CC1
C(CCC1CCC2C(CCC3C4CCCC4CCC23)C1)CC1CCC(C2CC3CCCC3C3CCC4CCCCC4CC23)CC1
C1CCC2CCC3CCCCC3C2CC1
C1CCC(C2CCC3CC4CCCCC4CC32)CC1
C1CCC2CCC(C3CCCC3)CC2CC1
C1CCC(CC2CCC(C3CC4CCCC4C4CCC5CCCCCC5C34)CC2)CC1
C1CCC(CCC2CCC3C(CCC3C3CCCCC3)C2)CC1
C1CCC(CCCC2CCC3CCC(CC4CCCC5CCCC54)CC3C2)CC1
C(CCC1CCC2C1CCC1C3CCCCC3CCC21)CC1CC2CCCCC2C1
C1CCC(CCC2CCC(CCC3CCCC(CC4CCCC4)C3)CC2)CC1
C1CCC(C2CC3CCCCC3C3CCCCC3C2)CC1
C1CCC(CCCCC2CC3CCCCC3C2)CC1
C(CCCC1CCCCC1)CCCC1CCC(C2CCCCC2)C1
C(CCCCC1CCC(C2CCCCC2)C1)CCCC1CCCCC1
C1CCC2CC(CCCC3CCCC4C3CCC3C5CCCCC5CCC43)CC2C1
C(CCC1CCC2C1CCC1C3CCCCC3CCC21)CC1CC2CCCCC2C1
C1CCC(CCCCC2CCC3CCC(C4CCCC5CCCC54)CC3C2)CC1
C1CCC(CCC2CCC3C(CCCC4CC(C5CCCCC5)CCC43)C2)CC1
C1CCC(CCC2CCC3C(CCC3C3CCCC(CCCC4CCCC4)C3)C2)CC1
C1CCC2C(C1)CC(C1CCCC3CCCC31)C1CCCCC21
C1CCC2CC(C3CCCC4CCCC43)CCC2C1
C1CCC(CCCCC2CC3CCCCC3C2)CC1
C1CCC(CCC2CCC(CCC3CCCC(CC4CCCC4)C3)CC2)CC1
C1CCC2CC(C3CCCC4CCCC43)CCC2C1
C1CCC(C2CC3CCCCC3C3CCC(CCC4CCCC4)CC23)CC1
C1CCC(CCCCC2CC3CCCCC3C2)CC1
C1CCC(CCC2CCC(C3CCCC4C(C5CCCCC5)CCC34)C2)CC1
C(CCCC1CCCC2C(C3CCCCC3)CCC12)CCC1CC1
C1CCC(CC2CCC3C(CCC3C3CCCCC3)C2)CC1
C(CCC1CC2CCCCC2C1)CCC1CCCC2CCCC12
C1CCC2CC(CC3CCCC4CCCC43)CCC2C1
C1CCC2CC(CC3CCCC4CCCC43)CCC2C1
C(CCC1CCCC2CCCCC12)CC1CCCC2CCCCC12
C1CCC(CCCCCC2CCCC3C(CC4CCCC(CC5CC5)C4)CCC23)CC1
C1CCC(CCCCC2CCC3CCCCC23)CC1
C1CCC(C2CCC3C(CCC4CCCCC43)C2)CC1
C1CCC(CCCCCC2CCCC3C2CCC3C2CCC(CCC3CC3)CC2)CC1
C1CCC2C(C1)CC(C1CCCC3CCCC31)C1CCCCC21
C1CCC2C(C1)CCC1C2CCC2C3CCCC3CC21
C1CCC(CCC2CCC3C(CCC4C5CCCC5CCC34)C2)CC1
C1CCC(CC2CCCCC2CC2CCC3CCCCC3C3CCC4CCCCC4C23)CC1
C1CCC(CC2CC3CCCCC3C3CCC4CCCCCC4C23)CC1
C1CCC(CCCC2CC3CCCCC3C2C2CCCCC2)CC1
C(CCC1CCCC2CCCCC12)CC1CCCC2CCCCC12
C1CCCC(CC2CCCCC2CC2CC3CCCCC3C3CCC4CCCCC4C23)CC1
C1CCC(CCCC2CCC3C2CCC2C4CC5CCC(C6CCCCC6)C5CC4CCC32)CC1
C1CCC(CCCC2CC3CCCCC3C2C2CCCCC2)CC1
C1CCC(CCC2CCC3C(CCC3C3CCCCC3)C2)CC1
C1CCC(C2CCC3CC4C(CCC45CCCCC5)CC32)CC1
C1CCC2CCC(C3CCCC4CCCC43)CC2CC1
C1CCC(CCCCC2CCC3CCCCC23)CC1
C1CCC(CCCCC2CC3CCCCC3C2)CC1
C1CCC(C2CCC3CCC(C4CCCC4)C3C2)C1
C1CCC(C2(CCCCC3CCC4CCCCC4C3)CCCC3CCCCC32)CC1
C1CCC(C2CC3CCCC3C3CCC4CCCCCC4C23)CC1
C1CCC(CC(CC2CCCCC2)C2CCCCC2)CC1
C(CCC1CCCC2CCCC12)CC1CC2CCCCC2C1
C1CCC(CC2CCC3CC4CCCCC4CC23)CC1
C1CCC(CCC2CCC3C(CCC3C3CCCCC3)C2)CC1
C1CCC2C(C1)CCC1C2CCCC2C3CCCC3CC21
C1CCC2CCC3C(CCC4C3CCC4(CCCC3CCCC3)CCC3CCCC3)C2CC1
C1CCC2CC(CC3CCCC4CCCC43)CCC2C1
C1CCC(C2CC3CCCC3C3CCC4CCCCC4C23)CC1
C1CCC(CCCCC2CC3CCCCC3C2)CC1
C1CCC(CCCCCC2CCC3CCCCC23)CC1
C1CCC(C2CCC3C(CCC4CCCCC43)C2)C1
C1CCC(CCCC2CCC3C2CCC2C4CCC5CCC(C6CCCCC6)C5CC4CCC32)CC1
C1CCC2CC(CCCC3CCC4C3CCC3C5CCCCC5CCC43)CCC2C1
C1CCC(CCC2CCC3C(CCC3C3CCCC(CCC4CCCC4)C3)C2)CC1
C1CCC(C2CCC3CC4C(CCC5C6CCC(CCCC7CCC8CCCCC8C7)C6CCCC45)CC32)CC1
C1CCC(CCCC2CCC3CCC(C4CCCC5CCCC54)CC3C2)CC1
C1CCC2C(C1)CCC1CCCCC12
C1CCC2CC(CC3CCCC4CCCC43)CCC2C1
C1CCC2C(C1)CCC1CCCCC12
C1CCC(CCC2CCC(CCC3CCCC(CC4CCCCC4)C3)CC2)CC1
C1CCC(CCC(CC2CCCC2)CC2CC3CCCCC3C2)CC1
C1CCC2CC(C3CCCC4CCCC43)CCC2C1
C1CCC(CCCCC2CC3CCCCC3C2)CC1
C1CCC(CCCCCC2CC3CCCCC3C2)CC1
C1CCC(CC2CC3CCCCC3C3CCC4CCCCC4C23)CC1
C(CCC1CCCC2CCCCC12)CC1CCCC2CCCCC12
C1CCC(CC(CC2CCCCC2)C2CCCCC2)CC1
C1CCC(C2CC3CCCC3C3CCC4CCCCC4C23)CC1
C(CCCC1CCCC2C(C3CCCCC3)CCC12)CCC1CCCCC1
C1CCC(CC2CCC3CCCCC3C3CCC4CCCCC4C23)CC1
C1CCC2CC(CCCC3CCC4C3CCC3C5CCCCC5CCC43)CC2C1
C1CCC2CC(CCCC3CCCCC4CCCCC43)CC2C1
C(CCC1CCC2CCC(C3CCCC4CCCC43)CC2C1)CC1CCC2CCCC2C1
C1CCC2CCC3C4CCCC4CCC3C2CC1
C(CCCC1CCCC2C(C3CCCCC3)CCC12)CCC1CCCCC1
C1CCC(CC2CCC3CC4C(CCC5C6CCC(CCCC7CC8CCCCC8C7)C6CCC45)CC23)CC1
C(CCCC1CCCCC1)CCC1CCCCC1
C1CCC(CCCCC2CC3CCCCC3C2)CC1
C1CCC(C2CC3CCCC3C3CCCC4CCCCC4C23)CC1
C1CCC2CC(CCCC3CCC4C3CCC3C5CCCCC5CCCC43)CC2C1
C1CCC(C2CCC3CC4C(CCC32)CCC2C3CCC(CCCC5CCC6CCCCC6C5)C3CCC42)CC1
C1CCC2CC(C3CCCC4CCCC43)CCC2C1
C(CCCCCCC1CCC2C1CCC1C3CCCCCC3CCC21)CCCCCC1CCC(CCC2CCC(CCC3CCCC3)C2)C1
C1CCC(CCC2CCC3C(CCC3C3CCCCC3)C2)CC1
C1CCC(C2CC3CCCCC3C3CCC4CCCCC4C23)CC1
C1CCC2CCC(C3CCCC4CCCC43)CC2CC1
C1CCC(CCCCC2CC3CCCCC3C2)CC1
C1CCC(CC2CCC3CCCCC3C3CCC4CCCCC4C23)CC1
C1CCC(CCCC2CCC(C3CCC4C(CCC4C4CCCCC4)C3)CC2)CC1
C1CCC(CCCCCC2CC3CCCCC3C2)CC1
C1CCC(CCCCCC2CC3CCCCC3C2)CC1
C1CCC(C2CCC3CC4C(CCCC45CCCC5)CC32)CC1
C1CCC(CCCC2CC3CCCCC3C2C2CCCCC2)CC1
C1CCC(CCCCCC2CC3CCCCC3C2)CC1
C1CCC(C2CCC3CC4(CCCCCC4C4CCCCC4)CCC32)CC1
C1CCC(C2CC3CCCCC3C3CCC(CCC4CCCC4)CC23)CC1
C1CCC2CC(CC3CCCC4CCCC43)CCC2C1
C(CCCC1CCCC2C(C3CCCCC3)CCC12)CCC1CCCCC1
C1CCC(CCCCC2CCC3CCCCC23)CC1
C1CCC(C2CCCCC2CC2CC3CCCCC3CC3CCC4CCCCC4C32)CC1
C1CCC(C2CC3CCCC3C3CCC4CCCCC4C23)CC1
C1CCC2CCC(C3CCCC4CCCC43)CC2CC1
C1CCC(CC2CCC3CC4C(CCC45CCCCC5)CC23)CC1
C1CCC(C2CCC3CC4C(CCC32)CCC42CCCC2)CC1
C(CCCC1CCCC2C(C3CCCCC3)CCC12)CCC1CCCCC1
C1CCC(CCCCC2CCC3C2CCC2C4CCCCC4CCC32)CC1
C(CCCC1CCCC2C(C3CCCCC3)CCC12)CCC1CCCCC1
C1CCC(CCCCC2CC3CCCCC3C2)CC1
C(CCCC1CCCCC1)CCC1CCCCC1
C1CCC2C(C1)CCCC2CC1CC2CCCCC2C2CCC3CCCCC3C12
C1CCC(CCCCC2CC3CCCCC3C2)CC1
C1CCC(CCC(CC2CC3CCCCC3C2)C2CCC2)CC1
C1CCC2CC(CC3CCCC4CCCC43)CCC2C1
C(CCC1CCCC2CCCCC12)CCC1CCCC2CCCCC12
C1CCC2CCC3C4CCCCC4CC(CC4CCCC4)C3C2CC1
C1CCC2C(C1)CCC1C2CCC2C3CCCC3CC21
C1CCC(C2C3CCCC3CC3CC4CCCCC4CC32)CC1
C1CCC(CC2CC3CCCCC3C3CCC4CCCCCC4C23)CC1
C1CCC(C2CCC3CC4C(CCC45CCCCCC5)CC32)CC1
C1CCC(C2CCC3CC4C(CCC45CCCCC5)CC32)CC1
C1CCC(CCCCC2CCC3CCC(CC4CCCC5CCCC54)CC3C2)CC1
C1CCC2C(C1)CCCC1C3CCCC3CCC21
C1CCC(CCCCCC2CC3CCCCC3C2)CC1
C1CCC(CCC2CCC3C(CCC4CC(C5CCCCC5)CCC43)C2)CC1
C1CCC(CCCCCC2CC3CCCCC3C2)CC1
C1CCC(C2CCC3CC4C(CCC32)CCC42CCCCC2)CC1
C1CCC2CCC(C3CCCC4CCCC43)CC2CC1
C1CCC2CCC(C3CCCC4CCCC43)CC2CC1
C1CCC(C2CCC3C(CCC4CCCCC43)C2)CC1
C1CCC(CC2CCC3C(CCC3C3CCCCC3)C2)CC1
C1CCC(CCCCC2CC3CCCCC3C2)CC1
C(CCCCC1CCC(C2CCCCC2)C1)CCCC1CCCCC1
C1CCC(CCC2CCC3C(CCCC4C5CCCC5CC(CCC5CCCCC5)C34)C2)CC1
C1CCC2CC(C3CCCC4CCCC43)CCC2C1
C1CCC(CCCCCC2CC3CCCCC3C2)CC1
C1CCC2CCC3C4CCC(CCCC5CC6CCCCC6C5)C4CCC3C2CC1
C1CCC2CC(C3CCCC4CCCC43)C3CCCC3C2CC1
C1CCC(C2CC3CCCCC3C3CCCCC23)CC1
C1CCC(C2CCC3CCC4C(CCCC45CC(C4CCCCC4)C(C4CCCCC4)C5)CC32)CC1
C1CCC(CC2CC3CCCCC3C3CCC4CCCCC4C23)CC1
C1CCC2CC(C3CCCC4CCCC43)CCC2C1
C(CCCC1CCCC2C(C3CCCCC3)CCC12)CCC1CCCCC1
C1CCC2CC(C3CCCC4CCCC43)CCC2C1
C(CCCC1CCCCC1)CCCC1CCC(C2CCCCC2)C1
C1CCC(C2CCC3CCC(C4CCCC4)CC32)CC1
C1CCC(CCCCCC2CC3CCCCC3C2)CC1
C1CCC2CCC3CCCCC3C2CC1
C1CCC(CCC2CCC(CCC3CCCC(CC4CCCC4)C3)CC2)CC1
C1CCC(CCC2CCC3C(CCCC4C5CCCC5CC(CCC5CCCCC5)C34)C2)CC1
C1CCC(C2CCC3CC4C(CCC45CCCCC5)CC32)CC1
C1CCC(CC23CCCCC2CCC2C4CCCC4CCC23)CC1
C1CCC(C2CCC(CCCCCC3CCCC4CCCCC34)C2)CC1
C1CCC(CCCCCC2CCC3CCCCC23)CC1
C1CC2CCC3C(CCCC4CCC5CC5C43)C2C1
C1CCC2CC(C3CCCC4CCCC43)CCC2C1
C1CCC(CCCCC2CC3CCCCC3C2)CC1
C1CCC(CC2CC3CCCCC3C3CCC4CCCCCC4C23)CC1
C1CCC(C2CC3CCCC3C3CCC4CCCCCC4C23)CC1
C1CCC(CCCCC2CC3CCCCC3C2)CC1
C1CCC(CCCCC2CC3CCCCC3C2)CC1
C1CCC2C(C1)CCC1C3CCCC3CCC21
C1CCC(C2CCC3CC4C(CCC5C6CCC(CCCCC7CC8CCCCC8C7)C6CCC45)CC32)CC1
C1CCC(CC2CCC3(CCC4CC5C(CCC5C5CCCCC5)CC43)C2)CC1
C1CCC(CCCC2CCC(C3CCC4C(CCC4C4CCCCC4)C3)CC2)CC1
C1CCC(CC2CCC(CCCC3CCC4CCCC4C3)CC2)C1
C1CCC(CC2CC3CCCCC3C3CCC4CCCCCC4C23)CC1
C1CCC2CCC(C3CCCC4CCCC43)CC2CC1
C1CCC2CC(CCCC3CCC4C3CCC3C5CCCCC5CCC43)CCC2C1
C1CCC2C(C1)CCC1CCCCC12
C1CCC(CCCCC2CCCC3CCC(C4CCCC5CCCC54)CC3C2)CC1
C1CCC(CC2CC3CCCCC3C3CCC4CCCCC4C23)CC1
C(CCC1CCCC2CCCC12)CC1CC2CCCCC2C1
C1CCC2CC(CCCC3CCC4C3CCC3C5CCCCC5CCC43)CC2C1
C1CCC(CCC(CCC2CCC3CCCC3C2)CC2CCCCC2)CC1
C1CCC2CC(CCCC3CCC4C3CCCC3C5CCCCC5CCC34)CC2C1
C1CCC2CCC(C3CCCC4CCCC43)CC2CC1
C(CCC1CCC2C1CCC1C3CCCCC3CCC21)CC1CC2CCCCC2C1
C(CCCC1CCCC2C(C3CCCCC3)CCC12)CCC1CCCCC1
C1CCC2CC(C3CCCC3)C3CCCC3C2CC1
C1CCC(CCCCC2CC3CCCCC3C2)CC1
C1CCC(CCC2CCC(C3CCC4C(CCC4C4CCCCC4)C3)CC2)CC1
C1CCC2CC(CCCC3CCCC4CCCCC43)CC2C1
C(CCC1CCCC2CCCCC12)CC1CC2CCCCC2C1
C(CCCC1CCCC2C(C3CCCCC3)CCC12)CCC1CCCCC1
C1CCC2CCC(C3CCCC4CCCC43)CC2CC1
C(CCCC1(C2CCCC2)CCCC2CCCCC21)CCC1CCC(C2CCCCC2)C1
C1CCC2C(C1)CCC1C3CCCC3CCC21
C(CCC1CCC2C1CCC1C3CCCCC3CCC21)CC1CCCC2CCCCC12
C(CCC1CCCC2CCCC12)CC1CC2CCCCC2C1
C1CCC(CCCCCC2CC3CCCCC3C2)CC1
C1CCC2CCC(C3CCCC4CCCC43)CC2CC1
C1CCC(CCC2CCC(CCC3CCCC(CC4CCCC4)C3)CC2)CC1
C1CCC(CCCC2CCCC3C2CCC2C4CC5CCC(C6CCCCC6)C5CC4CCC32)CC1
C1CCC(CCCCCC2CCC3CCCC3C2)CC1
C1CCC2CCC(C3CCCC4CCCC43)CC2CC1
C1CCC(C2CC3CCCC3C3CCC4CCCCC4CC23)CC1
C1CCC(CCCCC2CC3CCCCC3C2)CC1
C1CCC(CCCCCC2CCC3CCCCC23)CC1
C1CCC2CC(CCCC3CCCC4C3CCC3C5CCCCC5CCC43)CC2C1
C1CCC2CC3CCC4CCCC4C3CCC2C1
C1CCC(CCC2CCC3C(CCC3C3CCCC(CCC4CCCC4)C3)C2)CC1
C1CCC2CC(C3CCCC4CCCC43)CCC2C1
C1CCC(CCCCCC2CCCC3CCCC23)CC1
C(CCC1CCCC2CCCCC12)CCC1CCCC2CCCC12
C1CCC(CCCC2CCC(C3CC3)CC2)CC1
C1CCC(CCCCC2CCC3CCC(C4CCCC5CCCC54)CC3C2)CC1
C1CCC(CCC(CC2CC3CCCCC3C2)C2CC2)CC1
C1CCC2CC3CCC(C4CCCCC4)C3CC2CC1
C1CCC(C2CCCC3CCCC3C3CCC4CCCCC4C23)CC1
C1CCC(C2CCC3C(CCCCCC4CC4)CCCC23)CC1
C1CCC2CCC(C3CCCC4CCCC43)CC2CC1
C1CCC(C2CCC3CC4CCCCC4CC32)CC1
C1CCC(CCC2CCCCC3CCC(C4CCCC5CCCC54)CC23)CC1
C1CCC(CCCC2CCC(CCC3CCCC(CC4CCCC4)C3)CC2)CC1
C(CCC1CCCC2CCCCC12)CCC1CCCC2CCCCC12
C(CCCC1CCCCC1)CCCC1CCC(C2CCCCC2)C1
C1CCC(CCC2CCC3C(CCC3C3CCCCC3)C2)CC1
C1CCC(CCCCC2CC3CCCCC3C2)CC1
C1CCC2CC(CCCC3CCCC4CCCCC43)CC2C1
C1CCC(CC2CC3CCCC3C3CCC4CCCCC4C23)CC1
C1CCC(CCC(CCC2CC3CCCCC3C2)C2CCCC2)CC1
C1CCC(CCCCC2CC3CCCCC3C2)CC1
C1CCC(CC2CCC3C(CCC3C3CCCCC3)C2)CC1
C1CCC2C(C1)CCC1C2CCC2C3CCCC3CC21
C1CCC2C(C1)CCC1C3CCCC3CCC21
C1CCC(C2CCC3CC4C(CCC32)CCC2C3CCC(CCCC5CC6CCCCC6C5)C3CCC42)CC1
C1CCC(CCCCCC2CCCC3C(C4CCCCC4)CCC23)CC1
C(CCCCC1CCC(C2CCCCC2)C1)CCCC1CCC2CCCC2C1
C1CCC(C2CC3CCCCC3C3CCCCC23)CC1
C1CCC2C(C1)CCC1C3CCCCC3CCC21
C1CCC2C(C1)CCC1C3CCCC3CCC21
C1CCC(CCCC(CC2CCC3C(CC4CCCCC4)CCC3C2)C2CCCCC2)CC1
C1CCC(CCCC2CC3CCCC3C3CCC4CCCCC4C23)CC1
C(CCCC1CCCC2C(C3CCCCC3)CCC12)CCC1CCCCC1
C1CCC2CC(CCCC3CCC4C5CCC6CCCCC6C(CCC34)C5)CCC2C1
C(CCCC1CCCCC1)CCCC1CCC(C2CCCCC2)C1
C(CCC1CCC(C2CC3CCCC3C3CCC4CCCCC4C23)CC1)CCC1CCC2C(CCC3C4CCCC4CCC23)C1
C1CCC2CC(C3CCCC4CCCC43)CCC2C1
C1CCC(C2CCC3CCC4(CCCCC4C4CCCCC4)CCC32)CC1
C1CCC(C2CC3CCCC3C3CCC4CCCCC4C23)CC1
C(CCC1CCCC2CCCC12)CC1CC2CCCCC2C1
C1CCC(CCCCCC2CC3CCCCC3C2)CC1
C1CCC2CCC3C4CCCCC4CC(CC4CCCC4)C3C2CC1
C1CCC(C2CC3CCCC3C3CCC4CCCCC4C23)CC1
C(CCC1CCC2C(CCC3C4CCCC4CCC23)C1)CC1CCC(C2CCC3CCCC3C3CCC4CCCCC4C23)CC1
C1CCC(CCCCCC2CCC3CCCCC23)CC1
C1CCC(C2CCC3CC4CCCCC4CCC32)CC1
C1CCC2C(C1)CCC1CCCCC12
C1CCC2C(C1)CCC1C3CCCCC3CCC21
C1CCC(CCCCC2CC3CCCCC3C2)CC1
C1CCC(CCCCC2CC3CCCCC3C2)CC1
C1CCC(C2CC3CCCC3C3CCC4CCCCCC4C23)CC1
C1CCC(CC2CCC3C(CCC3C3CCCCC3)C2)CC1
C1CCC(C2CC3C(CCC34CCCC4)C3CCC4CCCCC4C23)CC1
C1CCC2CC(C3CCCC4CCCC43)CCC2C1
C1CCC(CC2CC3CCCCC3C3CCC4CCCCC4C23)C1
C1CCC2C(C1)CCC1C3CCCC3CCC21
C1CCC(C2CCC3CC4C(CCC45CCCCCC5)CC32)CC1
C1CCC(CC2CCC3C(CCC3C3CCCCC3)C2)CC1
C1CCC(C2CC3CCCC3C3CCC4CCCCCC4C23)CC1
C1CCC(CCCC2CCC3CCC(CC4CCCC5CCCC54)CC3C2)CC1
C(CCCC1CCCC2CCCC12)CCC1CCC2CCCCC2C1
C1CCC(C2CC3C(CCC4CC4)CCC3C3CCC4CCCCC4C23)CC1
C1CCC(CCCCCC2CCC3C(CC4CCCCC4)CCC3C2)CC1
C1CCC2CCC(C3CCCC4CCCC43)CC2CC1
C1CCC2CC(C3CCCC4CCCC43)CCC2C1
C1CCC(CCCCCC2CCCC3C(CC4CCCCC4)CCC23)CC1
C1CCC(CCCCCC2CC3CCCCC3C2)CC1
C1CCC(CCC2CCC3C(CCC3C3CCCCC3)C2)CC1
C(CC1CCCC2CCCCC2C1)CC1CC2CCCCC2C1
C1CCC2C(C1)CCC1C3CCCC3CCC21
C1CCC(C2CC3CCCCC3C3CCCCC23)CC1
C1CCC(CCCCC2CC3CCCCC3C2)CC1
C1CCC(CCC2CCC3C(CCC3C3CCCCC3)C2)CC1
C1CCC(CCC2CCC3CC4CCCCC4CCC3C2)CC1
C1CCC(CCCCCC2CCC3CCCCC23)CC1
C1CCC(CCCCC2CC3CCCCC3C2)CC1
C1CCC(CCC2CCCC3CC4C(CCC4C4CCCCC4)CC23)CC1
C1CCC(C2CCC3CC4C(CCC5C6CCC(CCCCC7CC8CCCCC8C7)C6CCC45)CC32)CC1
C1CCC(CCC2CCC3CC4C(CCC5CCCCC5)CC5CCCC5C4CCC3C2)CC1
C1CCC(C2CCC3CCCC3C3CCC4CCCCC4C23)CC1
C1CCC(CCC2CCCC2CC2CC3CCCCC3C3CCC4CCCCC4C23)CC1
C(CCC1CC2CCCCC2C1)CCC1CCCC2CCCC12
C1CCC2CC(C3CCCC3)C3CCCCC3CC2C1
C1CCC(C2CC3CCCC3C3CCCC4CCCCC4C23)CC1
C1CCC(CCC(CC2CC3CCCCC3C2)C2CCCC2)CC1
C1CCC(CCCCC2CC3CCCCC3C2)CC1
C1CCC(CCCCCC2CCC3CCCCC23)CC1
C(CCCC1CCCCC1)CCC1CCCCC1
C1CCC(CCCC2CCCCC3CCC(C4CCCC5CCCC54)CC23)CC1
C1CCC(CCCCCC2CCC3CCCCC23)CC1
C1CCC2C(C1)CCC1C2CCC2C3CCCC3CC21
C1CCC2CC(CCCC3CCCC4C3CCC3C5CCCCC5CCC43)CCC2C1
C1CCC(CCC2CCC3C(CCC3C3CCCCC3)C2)CC1
C1CCC2C(C1)CCCC1C3CCCC3CCC21
C1CCC(CC2CC3CCCCC3C3CCC4CCCCCC4C23)CC1
C1CCC(CCCC2CCC3C2CCCC2C4CC5CCC(C6CCCCC6)C5CC4CCC32)CC1
C1CCC(CCCCCC2CCC3CCCCC23)CC1
C1CCC(CC2CCCCC2CC2CC3CCCCC3C3CCC4CCCCCC4C23)CC1
C1CCC(CCCCCC2CC3CCCCC3C2)CC1
C1CCC(CCC2CCC3C(CCC3C3CCCCC3)C2)CC1
C1CCC2CCC(C3CCCC4CCCC43)CC2CC1
C(CCC1CCCC2CCCC12)CC1CC2CCCCC2C1
C1CCC(CCC2CCC(CCC3CCCCC(CC4CCCC4)C3)CC2)CC1
C1CCC2C(C1)CCC1C3CCCCC3CCC21
C1CCC(C2CCC3CC4C(CCC45CCCCC5)CC32)CC1
C1CCC(CCCCC2CC3CCCCC3C2)CC1
C(CCC1CCCC2CCCC12)CC1CC2CCCCC2C1
C1CCC(CC2CCC3C(CCC4CCCCC43)C2)CC1
C1CCC(C2CCC3CC4C(CCC5C6CCC(CCCC7CCC8CCCCC8C7)C6CCCC45)CC32)CC1
C1CCC(CCCC2CCC3C(CCC3C3CCCCC3)C2)CC1
C(CCCC1CCCCC1)CCCC1CCC(C2CCCCC2)C1
C1CCC(C2CC3C4CCCCC4CCC3C3CCC4(CCCC4)C3C2)CC1
C1CCC(CC2CCC(CC(CC3CCCCC3)C3CCCCC3)CC2)CC1
C1CCC(C2CCC3CC4C(CCC45CCCCC5)CC32)CC1
C1CCC(C2CC3CCCCC3CC3CCCCC32)CC1
C1CCC(C2CCC3CC4C(CCCC45CCCC5)CCC32)CC1
C(CCCC1CCCC2CCCCC12)CCC1CCC(C2CCCCC2)C1
C1CCC(CCCC2(CCC3CCCC3)CCC3C4CCCC5CCCCC5C4CCC32)CC1
C1CCC(C2CCC3CCC4CCCCC4CC32)CC1
C1CCC2CC(CCCC3CCC4C3CCC3C5CCCCC5CCCC43)CC2C1
C1CCC(CCCCC2CC3CCCCC3C2)CC1
C1CCC(CCCC(CC2CC3CCCCC3C2)C2CCCC2)CC1
C1CCC(C2CCC3CCCCC3C3CCCCC23)CC1
C1CCC2CC(CCCC3CCC4C3CCC3C5CCCCC5CCCC43)CC2C1
C1CCC(CCCCC2CCC3C2CCC2C4CCCCCC4CCC32)CC1
C1CCC(CC2CC3CCCCC3C3CCC4CCCCCC4C23)CC1
C1CCC2CCC3C4CCCCC4CC(CC4CCCC4)C3C2CC1
C1CCC(CC2CCC3C(CCC3C3CCCCC3)C2)CC1
C1CCC(C2CCC3CC4C(CCCC45CC(C4CCCCC4)C(C4CCCCC4)C5)CC32)CC1
C1CCC(CCCC2CCC(CC3CCC4C(CCC4C4CCCCC4)C3)CC2)CC1
C(CCCC1CCCC2C(C3CCCCC3)CCC12)CCC1CCCCC1
C1CCC2C(C1)CCC1C2CCC2C3CCCC3CC21
C1CCC(C2CC3CCCC3C3CCC4CCCCC4CC23)CC1
C1CCC(CCC2CCC3C(CCC3C3CCCCC3)C2)CC1
C(CCCCC1CCC(C2CCCCC2)C1)CCCC1CCCCC1
C1CCC(C2CCC(CCCCCC3CCCC4CCCCC34)C2)CC1
C1CCC(CCC2CCCC3C2CCC(C2CCCCC2)C2C4CCCCC4CCC32)CC1
C1CCC(CC2CCC3C(CCCCCC4CC4)CCCC23)CC1
C1CCC(CCCCC2CCC3CCC(C4CCCC5CCCC54)CC3C2)CC1
C1CCC2CC3CCCCC3CCC2C1
C(CCC1CCC2CCCCC2C1)CCC1CCCC2CCCC12
C1CCC2CC(C3CCCC4CCCC43)CCC2C1
C1CCC2CC3CCC(C4CCCCC4)C3CC2CC1
C(CCC1CCC2CCCCC2C1)CCC1CCCC2CCCCC12
C1CCC2CC3CCC(C4CCCCC4)C3CC2CC1
C1CCC2C(C1)CCC1C3CCCCC3CCC21
C1CCC(C2CCC(C3CC4CCCC4C4CCC5CCCCC5CC34)CC2)C1
C1CCC(CCCCC2CC3CCCCC3C2)CC1
C1CCC(C2CCC3CC4C(CCCC45CCCCC5)CC32)CC1
C1CCC(CC2CC3CCCCC3C3CCC4CCCCCC4C23)CC1
C1CCC(CCCC2CCC3CCC(CC4CCCC5CCCC54)CC3C2)CC1
C1CCC(CCC2CCC(CCC3CCCC(CC4CCCC4)C3)CC2)CC1
C1CCC(CCC2CCC3C(CCC4CCCCC43)C2)CC1
C1CC2CCC3C(CCC4CCCCC43)CC2C1
C1CCC(CCCC2CCCC3CC4C(CCC4C4CCCCC4)CC23)CC1
C1CCC(CCC2CCC3C(CCC3C3CCCCC3)C2)CC1
C1CCC2CCC(C3CCCC4CCCC43)CC2CC1
C1CCC2CCC(C3CCCC4CCCC43)CC2CC1
C1CCC2C(C1)CCC1C3CCCC3CCC21
C1CCC2CCC3C4CCC(CCCC5CC6CCCCC6C5)C4CCC3C2CC1
C1CCC(CCCC2(CCCC3CC4CCCCC4C3)CCC3C4CCC5CCCCC5C4CCC32)C1
C1CCC(C2CCC3CC4C(CCCC45CCCC5)CCC32)CC1
C1CCC(CC(CC2CCCCC2)C2CCCCC2)CC1
C1CCC(CC2CC3CCCCC3C3CCC4CCCCCC4C23)CC1
C1CCC(CCCC(CCC2CCC3C(CCC3C3CCCCC3)C2)C2CCCCC2)CC1
C1CCC2CC(C3CCCC4CCCC43)CCC2C1
C1CCC(CCC2CCCCC2)CC1
C1CCC2C(C1)CC(C1CCCC3CCCC31)C1CCCCC21
C1CCC2CCC(C3CCCC4CCCC43)CC2CC1
C1CCC(C2CCC3(CCC4CCC5C(CCC5C5CCCCC5)CC43)C2)CC1
C1CCC(C2CCC3CCC4C(CC5CCC6CCCCC65)CCCC4CC32)CC1
C1CCC2CCC3C4CCCCC4CC(CC4CCCC(C5CCCC5)C4)C3C2CC1
C1CCC2CC3CCC(C4CCCCC4)C3CC2CC1
C1CCC2CC(CCCC3CCCC4CCCCC43)CC2C1
C1CCC2CC(C3CCCC4CCCC43)CCC2C1
C1CCC2CCC3C4CCC(CCCC5CC6CCCCC6C5)C4CCC3C2CC1
C1CCC(CCC(CCC2CCC3CCCC3C2)CC2CCCCC2)CC1
C1CCC2C(C1)CCC1C3CCCC3CCC21
C1CCC(C2CCC3CC4C(CCCC5C6CCCC6CCC45)CC32)CC1
C1CCC2C(C1)CCC1C3CCCC3CCC21
C1CCC(CCC2CCC(CCC3CCCC(CCC4CCCC4)C3)CC2)CC1
C1CCC(CCCCCC2CCCCC2)CC1
C1CCC(C2CC3C(CCC4CC4)CCC3C3CCCC4CCCCC4C23)CC1
C(CCC1CCCC2CCCCC12)CC1CCC2CCCCC2C1
C1CCC(CCCCCC2CCCC3C(C4CCCCC4)CCC23)CC1
C1CCC(CCC2CCC3C(CCC3C3CCCCC3)C2)CC1
C1CCCC(C2CCC3CC4C(CCC5C6CCC(CCCC7CC8CCCCC8C7)C6CCC45)CC32)CC1
C1CCC(C2CCC3C(CCC4CCCCC43)C2)CC1
C1CCC(C2CC3CCCCC3C3CCCCC23)CC1
C1CCC(CCCCC2CCC3CCCCC23)CC1
C1CCC(CCC2CCC3C(CCC3C3CCCCC3)C2)CC1
C1CCC(C2CCC3CCC4(CCCCC4)C3C2)CC1
C1CCC(CCCCC(CC2CCC3C(CCC3C3CCCCC3)C2)C2CCCCC2)CC1
C1CCC2C(C1)CCC1C2CCC2C3CCCC3CC21
C1CCC(CCCCC2CC3CCCCC3C2)CC1
C1CCC(CCCCC2CCC3CCCCC3C2)CC1
C1CCC(C2CCC3CC4C(CCC45CCCC5)CC32)CC1
C1CCC(CCC(CCC2CCC3CCCCC3C2)CC2CCCCC2)CC1
C1CCC(CCC2CCC3C(CCC4C5CCCCC5CC(CCC5CCCCC5)C34)C2)CC1
C1CCC(CCCCCC2CCCC3C(C4CCCCC4)CCC23)CC1
C1CCC2CC(CCCC3CCC4C3CCC3C5CCCCC5CCC43)CC2C1
C1CCC(CCCCCC2CCCC3C(C4CCCCC4)CCC23)CC1
C1CCC(CC(CC2CCCCC2)C2CCCCC2)CC1
C1CCC(C2CCC3CC4C(CCC5C6CCCC6CCC45)CC32)CC1
C1CCC(CCCCCC2CCCC3C(C4CCCCC4)CCC23)CC1
C1CCC(CC2CC3CCCCC3C3CCC4CCCCCC4C23)CC1
C(CCCC1CCCC2CCCCC12)CCC1CCC(C2CCCCC2)C1
C(CCCC1CCCCC1)CCCC1CCC(C2CCCCC2)C1
C1CCC2CC(C3CCCC4CCCC43)CCC2C1
C1CCC(CCCCC2CC3CCCCC3C2)CC1
C1CCC(CC2CC3CCCCC3C3CCC4CCCCC4C23)CC1
C1CCC(C2CCC3CCCC3C3CCC4CCCCC4C23)CC1
C1CCC(CCCCCC2CC3CCCCC3C2)CC1
C1CCC(C2CCC3CC4C(CCC45CCCCC5)CC32)CC1
C(CCCC1CCCC2C1CCC2C1CCCC(CC2CC2)C1)CCC1CCCCC1
C1CCC2CC(CC3CCCC4CCCC43)CCC2C1
C(CCCC1CCCC2C(C3CCCCC3)CCC12)CCC1CCCCC1
C(CCCC1CCCCC1)CCCC1CCC(C2CCCCC2)C1
C1CCC(CCC2(CCCCC3CCC4CCCCC4C3)CCC3C4CCC5CCCCC5C4CCC32)C1
C1CCC(C2CC3C(CCC4CC4)CCCC3C3CCC4CCCCC4C23)CC1
C1CCC2CCC(C3CCCC4CCCC43)CC2CC1
C1CCC(CC2CC3CCCCC3CC3CCC4CCCCC4C32)CC1
C1CCC2C(C1)CCCC1C3CCCC3CCC21
C(CCCC1CCCC2C(C3CCCCC3)CCC12)CCC1CCCCC1
C1CCC(CCCCCC2CCCC3C(CC4CCCCC4)CCC23)CC1
C1CCC(CCCCC2CC3CCCCC3C2)CC1
C(CCCC1CCCCC1)CCCC1CCC(C2CCCCC2)C1
C(CCC1CCC2C1CCC1C3CCCCC3CCC21)CC1CCCC2CCCCC12
C1CCC(CC2CCCCC2CC2CC3CCCCC3C3CCC4CCCCCC4C23)CC1
C1CCC2C(C1)CCC1C3CCCC3CCC21
C1CCC(C2CCC(CC3CC4CCCCC4C4CCC5CCCCC5C34)CC2)CC1
C1CCC(C2CCC3CC4C(CCCC4CC4CCC5CCCCC54)CCC32)CC1
C1CCC2CC(CCCC3CCC4C3CCC3C5CCCCC5CCC43)CCC2C1
C(CCCC1CCCCC1)CCC1CCCCC1
C1CCC2C(C1)CCC1C3CCCC3CCC21
C1CC2CC2C2C(C1)CCC1C3CCCC3CCC12
C1CCC(C2CC3CCCC3C3CCC4CCCCC4C23)CC1
C1CCC(C2CC3CCCC3C3CCCC4CCCCC4C23)CC1
C1CCC(CCCC2CCCC3CCC(C4CCCC5CCCC54)CC3C2)CC1
C(CCCC1CCCCC1)CCCC1CCC(C2CCCCC2)C1
C1CCC(CC2CCC(CC(CC3CCCCC3)C3CCCCC3)CC2)CC1
C1CCC2CCC3C4CCC(CCCC5CC6CCCCC6C5)C4CCC3C2CC1
C1CCC(C2CC3CCCC3C3CCC4CCCCC4C23)CC1
C1CCC(CCCCCC2CCCC3C(CC4CCCC(CC5CC5)C4)CCC23)CC1
C1CCC(CCC2CCC(C3CCC4C(CCC4C4CCCCC4)C3)CC2)CC1
C1CCC2C(C1)CCC1C3CCCC3CCC21
C1CCC(C2CCC3CCC4C(CCCC45CC(C4CCCCC4)C(C4CCCCC4)C5)CC32)CC1
C1CCC(C2CCC(C3CC4CCCC4C4CCC5CCCCC5C34)CC2)C1
C(CCC1CCC2C1CCC1C3CCCCC3CCC21)CC1CCC2CCCCC2C1
C1CCC(CCCCC2CCC3CCCCC3C2)CC1
C1CCC2C(C1)CCC1C3CCCC3CCC21
C1CCC(CCC2CCC3C(CCC3C3CCCCC3)C2)CC1
C1CCC2C(C1)CCCC1C3CCCC3CCC21
C1CCC(CCCCC2CCC3CCC(C4CCCC5CCCC54)CC3C2)CC1
C1CCC(CCCCCC2CCCC3C(C4CCCCC4)CCC23)CC1
C(CCCC1CCCC2C(C3CCCCC3)CCC12)CCC1CCCCC1
C1CCC2CC(CCCC3CCC4C3CCCC3C5CCCCC5CCC34)CC2C1
C1CCC(CCC2CCC3C(CC4CCCCC4)CCC3C2)CC1
C1CCC(CC2CC3CCCCC3CC3CCC4CCCCC4C32)CC1
C1CCC(CCCC2CCC3CCC(C4CCCC5CCCC54)CC3CC2)CC1
C1CCC(C2CCC3(CCC4CC5C(CCC5C5CCCCC5)CCC43)C2)CC1
C1CCC(CCCCCC2CC3CCCCC3C2)CC1
C(CCCC1CCCC2CCCC12)CCC1CCC2CCCCC2C1
C1CCC2CC(CCCC3CCC4C3CCC3C5CCCCC5CCC43)CC2C1
C1CCC2CCC(C3CCCC4CCCC43)CC2CC1
C1CCC(CCCC2CCCC3CC4C(CCC4C4CCCCC4)CC23)CC1
C1CCC2CC3CCC(C4CCCCC4)C3CC2CC1
C1CCC2CCC(C3CCCC3)CC2CC1
C1CCC(CC2CC3CCCCC3C3CCC4CCCCCC4C23)CC1
C1CCC(CCC2CCC3C2CCC2C4CCCCC4CCC32)C1
C1CCC(C2CCC3C(CCC4CCCCC43)C2)CC1
C1CCC(CCCCC2CCC3CCCCC23)CC1
C1CCC(C2CC3CCCC3C3CCC4CCCCCC4C23)CC1
C1CCC(C2CCC3CC4(CCCCCCC4C4CCCCC4)CCC32)CC1
C1CCC(CCCC2CCC(C3CCC4C(CC5CCCCC5)CCC4C3)CC2)CC1
C1CCC(C2CCC3CC4C(CCC45CCCC5)CC32)CC1
C(CCCC1CCCCC1)CCCC1CCC(C2CCCCC2)C1
C1CCC(CCC2(CCCC3CC4CCCCC4C3)CCC3C4CCCC5CCCCC5C4CCC32)C1
C1CCC(CCC2(CCCC3CCC4CCCCC4C3)CCC3C4CCC5CCCCC5C4CCC32)C1
C1CCC(CCCCC2CC3CCCCC3C2)CC1
C1CCC(CCCCC2CC3CCCCC3C2)CC1
C1CCC(C2CC3CCCC3C3CCC4CCCCC4C23)CC1
C1CCC(CCC2CCC3C(CCC3C3CCCCC3)C2)CC1
C1CCC(CCC2CCC(C3CCCC4C(CC5CCCCC5)CCC34)C2)CC1
C1CCC(C2CCC3CCC4(CCCCCC4C4CCCCC4)CCC32)CC1
C1CCC(C2CCC3CC4C(CCCC45CCCCC5)CC32)CC1
C(CCCC1CCCCC1)CCC1CCCCC1
C1CCC(CCC2CCC3C(CCC3C3CCCCC3)C2)CC1
C1CCC(CCC2CCC3C2CCC(C2CCCCC2)C2C4CCCCC4CCC32)CC1
C1CCC(C2CC3CCCC3C3CCC4CCCCC4C23)CC1
C1CCC(CCC2CCCCC3CC4C(CCC4C4CCCCC4)CC23)CC1
C1CCC(CCC2CCC3C(CCCC4C5CCCC5CCC34)C2)CC1
C1CCC(CC2CC3CCCCC3C3CCC4CCCCCC4C23)CC1
C(CCCC1CCCCC1)CCCC1CCC(C2CCCCC2)C1
C1CCC(CCCC2CCC3C(CCC4C5CCCC5CCC34)C2)CC1
C(CCCC1CCCCC1)CCCC1CCC(C2CCCCC2)C1
C1CCC(CCC2CCC3C(CCC3C3CCCCC3)C2)CC1
C1CCC(C2CCC3C(CCCC4CCCCC43)C2)CC1
C1CCC(CCC2(CCCC3CC4CCCCC4C3)CCCC3C4CCC5CCCCC5C4CCC32)C1
C1CCC2CC(CCCC3CCC4C3CCCC3C5CCCCC5CCC34)CC2C1
C1CCC(CCCCCC2CC3CCCCC3C2)CC1
C1CCC(CCCCC2CCC3CCCCC23)CC1
C1CCC(CCCCC2CC3CCCCC3C2)CC1
C1CCC(C2CCC3CC4C(CCC45CCCCC5)CC32)CC1
C1CCC2CC(CC3CCCC4CCCC43)CCC2C1
C1CCC(CC2CC3CCCCC3CC3CCC4CCCCC4C32)C1
C1CCC(C2CCC3CC4(CCCCCC4C4CCCCC4)CCCC32)CC1
C1CCC(CCC2CCC3C(CCC3C3CCCCC3)C2)CC1
C1CCC(CC(CC2CCCCC2)C2CCCCC2)CC1
C1CCC2CCC3C4CCC(CCCC5CC6CCCCC6C5)C4CCC3C2CC1
C1CCC(CC2CC3CCCCC3C2C2CCCCC2)CC1
C1CCC(CC2CCCCC23CCC2C(CCC2C2CCCCC2)C3)CC1
C1CCC(CCCCCC2CC3CCCCC3C2)CC1
C1CCC(CC2CC3CCCCC3C3CCC4CCCCC4C23)CC1
C(CCC1CCCC2CCCC12)CC1CC2CCCCC2C1
C1CCC(C2CCC(CCCCCC3CCCC4C(C5CCCCC5)CCC34)C2)CC1
C1CCC2C(C1)CCCC1C3CCCC3CCC21
C1CCC(CCCCC2CCC(C3CCC4C(CCC4C4CCCCC4)C3)CC2)CC1
C1CCC(CCC2CCC(C3CCC4C(CCC4C4CCCCC4)C3)CC2)CC1
C1CCC(CCCCCC2CC3CCCCC3C2)CC1
C1CCC(CCCCCC2CCCCC2)CC1
C(CCC1CCC(C2CCC(C3CC4CCCC4C4CCC5CCCCC5C34)CC2)CC1)CCC1CCC2C(CCC3C4CCCC4CCC23)C1
C1CCC(CCCC(CCC2CCC3CCCC3C2)CC2CCCCC2)CC1
C1CCC(CCC(CCC2CCC3CCCC3C2)CC2CCCCC2)CC1
C1CCC(C2CC3CCCC3C3CCC4CCCCCC4C23)CC1
C1CCC(CC2CCC3CCC(C4CCCC4)C3C2)C1
C1CCC(CCCCC2CCC3CCCCC23)CC1
C1CCC(CCCCC2CCC3CCC(C4CCCC5CCCC54)CC3C2)CC1
C1CCC(CCCCCC2CC3CCCCC3C2)CC1
C1CCC(CCCCCC2CCCC3C(C4CCCCC4)CCC23)CC1
C1CCC(C2CCC3CC4C(CCC45CCCCC5)CC32)CC1
C1CCC2CCC3C4CCC(CCCC5CC6CCCCC6C5)C4CCC3C2CC1
C1CCC(CCCCCC2CCCC3C(C4CCCCC4)CCC23)CC1
C1CCC(CC2CCC(CC(CC3CCCCC3)C3CCCCC3)CC2)CC1
C(CCCC1CCCC2C(C3CCCCC3)CCC12)CCC1CCCCC1
C1CCC2CC3CCC(C4CCCCC4)C3CC2CC1
C1CCC(CC2CC3CCCCC3C3CCCCC23)CC1
C1CCC(CCCCC2CC3CCCCC3C2)CC1
C1CCC2CCC(C3CCCC4CCCC43)CC2CC1
C1CCC(C2CCC3C(CCCCCC4CCC(C5CCCC5)C4)CCCC23)CC1
C1CCC(CCCCCC2CCC3CCCCC23)CC1
C1CCC(CCC2CCC3C(CCC3C3CCCCC3)C2)CC1
C1CCC(CCCC(CCC2CCC3CCCC3C2)CC2CCCCC2)CC1
C1CCC(C2CCC3CC4C(CCC5C6CCC(CCCC7CCCC8CCCCC87)C6CCC45)CC32)CC1
C1CCC(CC2CCC3C(CCC3C3CCCCC3)C2)CC1
C(CCCC1CCCC2C(C3CCCCC3)CCC12)CCC1CCCCC1
C1CCC(CCC2CCC(CCC3CCCC(CC4CCCC4)C3)CC2)CC1
C1CCC(CCCC2CCC3CCC(C4CCCC5CCCC54)CC3CC2)CC1
C(CCC1CC2CCCCC2C1)CCC1CCCC2CCCC12
C(CCC1CCC2CCCCC2C1)CCC1CCCC2CCCCC12
C(CCC1CCCC2CCCCC12)CC1CCC2CCCCC2C1
C1CCC(CCC2CCC3C(CCC3C3CCCCC3)C2)CC1
C1CCC(CCCC2CCC3CCC(C4CCCC5CCCC54)CC3C2)CC1
C(CCC1CCCC2CCCC12)CC1CC2CCCCC2C1
C1CCC2C(C1)CCC1C2CCC2C3CCCC3CC21
C1CCC2CCC(C3CCCC4CCCC43)CC2CC1
C(CCCC1CCCC2C(C3CCCCC3)CCC12)CCC1CCCCC1
C1CCC(C2CC3CCCC3C3CCC4CCCCC4C23)CC1
C1CCC(CCCC2CCCC3CCC(C4CCCC5CCCC54)CC3C2)CC1
C1CCC(C2CCC3CC4C(CCCCC45CCCC5)CC32)CC1
C1CCC(C2CC3CCCC3C3CCC4CCCCC4C23)CC1
C1CCC(CCC2CCC3C(CCC4CC(C5CCCCC5)CCC43)C2)CC1
C1CCC(CCC2CCC3C(CCC3C3CCCCC3)C2)CC1
C1CC2CCC3C(CCC4CCCCC43)CC2C1
C1CCC2CCC3C4CCC(CCCC5CC6CCCCC6C5)C4CCC3C2CC1
C1CCC(CCCCCC2CC3CCCCC3C2)CC1
C1CCC(CCCC2CCC3C(CCC4CC(C5CCCCC5)CCC43)C2)CC1
C(CCCC1CCCCC1)CCCC1CCC(C2CCCCC2)C1
C1CCC2CCC(C3CCCC3)CC2CC1
C1CCC(CCCCCC2CCC3CCCCC23)CC1
C1CCC(CCC2(CCCC3CC4CCCCC4C3)CCC3C4CCCC5CCCCC5C4CCC32)C1
C1CCC(C2CCC3(CCC4CC5C(CCC5C5CCCCC5)CC43)C2)CC1
C1CCC2CCC3C(CCC4C3CCC4(CCCC3CCC4CCCCC4C3)CCC3CCCC3)C2CC1
C1CCC(C2CCC3CCC4C(CCC45CCCCC5)CC32)CC1
C1CCC(C2CCC3CCC4C(CCCC45CCCC5)CC32)CC1
C1CCC2C(C1)CCC1C3CCCCC3CCC21
C1CCC2CCC(C3CCCC4CCCC43)CC2CC1
C(CCC1CCCCC2CCCCC12)CC1CCC2CCCCC2C1
C1CCC(C2CCC3CCCC3C3CCC4CCCCC4C23)CC1
C1CCC(CCCCC2CCC3CCCCC23)CC1
C1CCC2C(C1)CCC1C3CCCCC3CCC21
C1CCC2CC(CC3CCCC4CCCC43)CCC2C1
C1CCC2C(C1)CCCC1C3CCCC3CCC21
C(CCC1CCCC2CCCC12)CC1CC2CCCCC2C1
C1CCC(C2CCC3CCC4C(CCC5C6CCC(CCCC7CCC8CCCCC8C7)C6CCC45)CC32)CC1
C1CCC(CCC2(CCCC3CC4CCCCC4C3)CCC3C4CCC5CCCCC5C4CCCC32)C1
C1CCC(CCC2CCC(C3CCC4C(CCC4C4CCCCC4)C3)CC2)CC1
C1CCC(C2CC3CCCC3C3CCC4CCCCC4C23)CC1
C1CCC(C2CC3CCCC3C3CCC4CCCCC4C23)CC1
C1CCC2CC(C3CCCC4CCCC43)CCC2C1
C1CCC(C2CC3CCCCC3C3CCCCC3C2)CC1
C(CCC1CCCC2CCCCC12)CC1CC2CCCCC2C1
C1CCC(C2CCC3C(CCCC4CCCCC43)C2)CC1
C(CCC1CCC2C1CCC1C3CCCCC3CCC21)CC1CCCC2CCCCC12
C1CCC2C(C1)CCC1C2CCCC2C3CCCC3CC21
C1CCC2CC(C3CCCC4CCCC43)CCC2C1
C1CCC2C(C1)CCC1C3CCCC3CCC21
C1CCC2CC(CCCC3CCCC4CCCCC43)CC2C1
C(CCCC1CCCCC1)CCC1CCCCC1
C1CCC(CCCC2CCC3CCCC3C2)CC1
C1CCC(CCCCC2CC3CCCCC3C2)CC1
C1CCC(C2CCC(CC3CC4CCCCC4C4CCC5CCCCCC5C34)CC2)CC1
C1CCC(CCC2CCCCC3CCC(C4CCCC5CCCC54)CC23)CC1
C1CCC(C2CC3CCCCC3C3CCCCC23)CC1
C1CCC(CCC2CCC3C(CCC4CCCCC43)C2)CC1
C1CCC(C2CCC3CC4C(CCC5C6CCC(CCCC7CCC8CCCCC8C7)C6CCCC45)CC32)CC1
C1CCC(CCC2CCC3C(CC4CCCCC4)CCC3C2)CC1
C(CCC1CCCC2CCCC12)CC1CC2CCCCC2C1
C(CCCCC1CCC(C2CCCCC2)C1)CCCC1CCCCC1
C1CCC(C2CCC3CC4C(CCC45CCCCCC5)CC32)CC1
C1CCC(CCC2CCCCC2)CC1
C1CCC(CCCC2CC3CCCCC3C2C2CCCCC2)CC1
C1CCC(CCCCCC2CCC3CCCCC23)CC1
C1CCC2C(C1)CCC1C3CCCC3CCC21
C1CCC(C2CCC3CC4C(CCCC45CCCC5)CC32)CC1
C1CCC(C2CCC3CCCC3C3CCCC4CCCCC4C23)CC1
C(CCC1CCCC2CCCCC12)CC1CC2CCCCC2C1
C(CCC1CCCC2CCCCC12)CCC1CCCC2CCCCC12
C1CCC2C(C1)CCCC1C3CCCC3CCC21
C1CCC(CC2CCC3CC4C(CCC5C6CCC(CCCC7CC8CCCCC8C7)C6CCC45)CC23)CC1
C1CCC2C(C1)CCC1C3CCCC3CCCC21
C1CCC(C2CCC3C(CCC4CCCCC43)C2)CC1
C1CCC(CCCCCC2CCCC3C2CCC3C2CCCC(CC3CCC3)C2)CC1
C1CCC(CCC2CC3CCCCC3C2C2CCCCC2)CC1
C1CCC(C2CC3C(CCC34CCCC4)C3CCC4CCCCCC4C23)CC1
C(CCCCCCC1CCC(CCC2CCC(CCC3CCCC3)C2)C1)CCCCCCC1CCC2C1CCC1C3CCCCC3CCC21
C1CCC(CCCCCC2CCC3CCCCC23)CC1
C1CCC(CCCC2CCC3C(CCC4CC(C5CCCCC5)CCC43)C2)CC1
C1CCC(CCC2CCC(C3CC3)CC2)CC1
C1CCC(CCCCC2CC3CCCCC3C2)CC1
C1CCC(CCCC2CCC3C(CCC4C5CCCC5CCC34)C2)CC1
C1CCC(C2CC3CCCC3C3CCC4CCCCC4C23)CC1
C1CCC(CCCCCC2CCCC3C(C4CCCCC4)CCC23)CC1
C1CCC(C2CCC3CC4C(CCC45CCCCC5)CC32)CC1
C1CCC(CCCCCC2CCCC3C(C4CCCCC4)CCC23)CC1
C1CCC(CC2CCC(CC(CC3CCCCC3)CC3CCCCC3)CC2)CC1
C1CCC2CCC(C3CCCC4CCCC43)CC2CC1
C1CCC(C2CC3CCCC3C3CCC4CCCCCC4C23)CC1
C1CCC(C2CCC3CC4C(CCC45CCCCCC5)CC32)CC1
C1CCC(CC2CCCC(CCC3CCC(CCC4CCC(C5CC5)CC4)CC3)C2)CC1
C1CCC2CC(C3CCCC4CCCC43)CCC2C1
C1CCC(CCC2CCCC(CC3CC4CCCCC4C4CCC5CCCCC5C34)C2)CC1
C1CCC(CCC2CCCC3CCC4C(CCC4C4CCCCC4)CC23)CC1
C(CCCC1CCC2CCCC2C1)CCC1CCCCC1
C1CCC(CCC2CCCCC2CC2CC3CCCCC3C3CCC4CCCCC4C23)CC1
C(CCCC1CCCC2C(C3CCCCC3)CCC12)CCC1CCCCC1
C1CCC(CCCC2CCC3CCCC3C2)CC1
C1CCC(CCC2CCC3C(CCC4CCCCC43)C2)CC1
C1CCC(CCCC2CCC3CCC(CC4CCCC5CCCC54)CC3C2)CC1
C1CCC(CCC(CC2CCC3C(CCC3C3CCCCC3)C2)C2CCCCC2)CC1
C(CCCC1CCCCC1)CCCC1CCC(C2CCCCC2)C1
C1CCC(CCC2CCC3C(CCC3C3CCCCC3)C2)CC1
C1CCC(C2CCC3CC4C(CCCCC45CCCCC5)CC32)CC1
C1CCC2C(C1)CCC1C3CCCC3CCCC21
C1CCC(C2CCC3C(CCC4CC4)CCC3C3CCC4CCCCC4C23)CC1
C1CCC2C(C1)CCCC1CCCCC12
C1CCC2C(C1)CCC1CCCCC12
C1CCC(CC2CC3CCCCC3C3CCC4CCCCC4C3C2)C1
C1CCC(CCCCC2CC3CCCCC3C2)CC1
C1CCC2CCC(C3CCCC4CCCC43)CC2CC1
C1CCC2CC(C3CCCC4CCCC43)CCC2C1
C1CCC2CC(C3CCCC4CCCC43)CCC2C1
C(CCC1CCC2C1CCC1C3CCCCC3CCC21)CC1CC2CCCCC2C1
C1CCC(CCCCC2CC3CCCCC3C2)CC1
C1CCC(C2CCC3CC4C(CCCC45CC(C4CCCCC4)C(C4CCCCC4)C5)CC32)CC1
C1CCC2CCC3C4CCC(CCCC5CC6CCCCC6C5)C4CCC3C2CC1
C1CCC(CCC2CCC3C(CCC3C3CCCCC3)C2)CC1
C1CCC2C(C1)CCC1C2CCC2C3CCCCC3CC21
C1CCC(CCCCC2CCC3CCCCC23)CC1
C1CCC(CCCCCC2CC3CCCCC3C2)CC1
C1CCC2CC(CCCC3CCC4C3CCCC3C5CCCCC5CCC34)CC2C1
C(CCC1CCCC2CCCC12)CC1CC2CCCCC2C1
C1CCC(CCC2CCC3C(CCC3C3CCCCC3)C2)CC1
C1CCC2C(C1)CCC1C2CCC2C3CCCCC3CC21
C1CCC(CCCC2CCCC3CCCCC32)C2CCCCC2C1
C1CCC(CC2CC3CCCCC3C3CCC4CCCCC4C23)C1
C1CCC(CCC2CCC(CCC3CCCC(CC4CCCC4)C3)CC2)CC1
C1CCC(CCCCC2CC3CCCCC3C2)CC1
C1CCC2C(C1)CCC1CCCCC12
C1CCC(C2CCC3(CCC4CCC5C(CCC5C5CCCCC5)CC43)C2)CC1
C1CCC2CCC3C4CCC(CCCC5CC6CCCCC6C5)C4CCC3C2CC1
C1CCC(CC2CC3CCCCC3C2C2CCCCC2)CC1
C1CCC(CCC2CCCCC2)CC1
C1CCC2CC(C3CCCC4CCCC43)CCC2C1
C1CCC(C2CC3CCCC3C3CCCC4CCCCC4C23)CC1
C1CCC2C(C1)CCC1C3CCCCC3CCC21
C1CCC(CCC2(CCCC3CC4CCCCC4C3)CCC3C4CCCC5CCCCC5C4CCC32)C1
C1CCC(CCCC2CCC3CCC(C4CCCC5CCCC54)CC3C2)CC1
C1CCC(C2CCC3CC4C(CCCC4CC4CC5CCCCC5C4)CCC32)CC1
C1CCC(CCC2CCC(C3CC3)CC2)CC1
C1CCC(C2CC3CCCC3C3CCCC4CCCCC4C23)CC1
C1CCC(CCCCC2CCC3CCC(C4CCCC5CCCC54)CC3C2)CC1
C1CCC(CC2CC3CCCCC3C3CCC4CCCCCC4C23)CC1
C1CCC(C2CCC3C(CCC34CCCC4)C3CCC4CCCCCC4C23)CC1
C1CCC(C2CCC3C(CCCC4CCCCC43)C2)CC1
C1CCC(CCC(CCC2CCC3CCCCC3C2)CC2CCCCC2)CC1
C1CCC(CC2CCC(CCCC3CCC4C3CCC3C5CCCCC5CCC43)C2)CC1
C1CCC2CC(CCCC3CCC4C3CCC3C5CCCCC5CCC43)CC2C1
C1CCC(C2CCC3CC4C(CCC5C6CCC(CCCC7CC8CCCCC8C7)C6CCCC45)CC32)CC1
C1CCC(CCCC2CCC3CCC(C4CCCC5CCCC54)CC3C2)CC1
C1CCC(CCC2CCCC3CC4C(CCC4C4CCCCC4)CC23)CC1
C1CCC(C2CCC(CCCCCC3CCCC4CCCCC34)C2)CC1
C1CCC(CCCCCC2CCCC3C(C4CCCCC4)CCC23)CC1
C(CCC1CCC2CC(CCC3C4CCCC4CCC23)C1)CC1CCC(C2CCC(C3CC4CCCC4C4CCC5CCCCC5C34)CC2)CC1
C1CCC(CCCCC2CCC3CCCCC23)CC1
C(CCCC1CCCC2C(C3CCCCC3)CCC12)CCC1CCCCC1
C1CCC(CCC2CCC3C(CCC3C3CCCCC3)C2)CC1
C1CCC(C2CC3CCCCC3C3CCCCC23)CC1
C1CCC(C2CC3CCCC3C3CCC4CCCCCC4C23)CC1
C1CCC(CCCCCC2CCCC3C(CC4CCCCC4)CCC23)CC1
C1CCC(CCCC2CCC3C2CCC2C4CC5CCC(CC6CCCCC6)C5CC4CCC32)CC1
C1CCC2C(C1)CCC1C3CCCC3CCC21
C1CCC2C(C1)CCCC1CCCCC12
C1CCC(C2CCC(C3CC4CCCC4CC4CCC5CCCCC5C43)CC2)C1
C1CCC2C(C1)CCC1CCCCC12
C(CCCC1CCCC2C(C3CCCCC3)CCC12)CCC1CCCCC1
C1CCC(C2CC3CCCC3C3CCC4CCCCC4C23)CC1
C(CCCC1CCCCC1)CCCC1CCC(C2CCCCC2)C1
C1CCC2CCCCC2C(CCCCC2CCCC3CCCCC23)C1
C1CCC2C(C1)CCCC1CCCCC12
C1CCC(CCCCCC2CC3CCCCC3C2)CC1
C1CCC2CCC(C3CCCC4CCCC43)CC2CC1
C(CCCC1CCCC2C(C3CCCCC3)CCC12)CCC1CCCCC1
C(CCC1CCC2C1CCC1C3CCCCC3CCC21)CC1CC2CCCCC2C1
C(CCC1CCC2CCCCC2C1)CCC1CCCC2CCCCC12
C1CCC(CC2CC3CCCCC3C3CCCCC23)CC1
C1CCC(CCCC2CCCC3CCC(C4CCCC5CCCC54)CC3C2)CC1
C1CCC2C(C1)CCC1C3CCCC3CCCC21
C1CCC2C(C1)CCC1C3CCCC3CCC21
C1CCC2CCC(C3CCCC4CCCC43)CC2CC1
C1CCC2CCC(C3CCCC4CCCC43)CC2CC1
C1CCC(C2CCC(CCCCCC3CCCC4CCCCC34)C2)CC1
C1CCC(CCCCCC2CCCC3C(C4CCCCC4)CCC23)CC1
C1CCC(C2CCC3CC4C(CCC32)CCC2C3CCC(CCCC5CCC6CCCCC6C5)C3CCC42)CC1
C1CCC2CC(CCCC3CCC4C3CCC3C5CCCCC5CCC43)CC2C1
C(CCCC1CCCCC1)CCCC1CCC(C2CCCCC2)C1
C1CCC2C(C1)CCC1C3CCCC3CCC21
C1CCC(C2CC3CCCC3C3CCC4CCCCC4C23)CC1
C1CCC(CCCCCC2CCCC3C(CC4CCCCC4)CCC23)CC1
C1CCC(CCCCC2CCC3CCCCC23)CC1
C1CCC(C2CC3CCCC3C3CCCC4CCCCC4C23)CC1
C1CCC2CC(CCCC3CCC4C3CCC3C5CCCCC5CCCC43)CC2C1
C1CCC(C2CCC3CC4(CCCCC4C4CCCCC4)CCC32)CC1
C1CCC(CCCCC2CCC3CCCCC23)CC1
C1CCC(C2CCC3CC4C(CCCC45CCCCC5)CC32)CC1
C1CCC(CC2CCC3(CCC4CC5C(CCC5C5CCCCC5)CC43)C2)CC1
C1CCC(CCCCCC2CCCC3C(C4CCCCC4)CCC23)CC1
C1CCC(CCCCC2CC3CCCCC3C2)CC1
C1CCC(CCCCCC2CCC3CCCCC23)CC1
C(CCC1CCC2CCCCC2C1)CCC1CCCC2CCCCC12
C1CCC(CCCCCC2CCC3CCCCC23)CC1
C1CCC(CCCCC2CC3CCCCC3C2)CC1
C(CCC1CCCC2CCCCC12)CCC1CCCC2CCCCC12
C1CCC(C2CC3CCCC3C3CCCC4CCCCC4C23)CC1
C(CCC1CCCC2CCCCC12)CC1CC2CCCCC2C1
C1CCC2CCC(C3CCCC4CCCC43)CC2CC1
C1CCC(CCCC2CCC3CCC(C4CCCC5CCCC54)CC3C2)CC1
C1CCC(CC2CCC(CC(CC3CCCCC3)C3CCCCC3)CC2)CC1
C1CCC(CCCCCC2CC3CCCCC3C2)CC1
C1CCC(C2CC3CCCC3C3CCC4CCCCC4C3C2)CC1
C1CCC(C2CC3C(CCCC34CCCC4)C3CCC4CCCCC4C23)CC1
C1CCC(C2CCC3C(CCC4CCCCC43)C2)CC1
C1CCC2CC(CCCC3CCC4C3CCC3C5CCCCC5CCC43)CC2C1
C1CCC2CC(C3CCCC4CCCC43)CCC2C1
C1CCC(CCCCCC2CCC3CCCC3C2)CC1
C1CCC(C2CC3CCCC3C3CCC4CCCCCC4C23)CC1
C1CCC2CCC3C(CCC4C3CCC4(CCCC3CCC4CCCCC4C3)CCC3CCCC3)C2CC1
C1CCC2C(C1)CC(C1CCCC3CCCC31)C1CCCCC21
C(CCC1CCCC2CCCCC12)CCC1CCCC2CCCCC12
C1CCC2C(C1)CCC1C3CCCC3CCC21
C1CCC(CCCCCC2CCC3CCCCC3C2)CC1
C1CCC(CCCC2CCC3C(CCC4C5CCCC5CCC34)C2)CC1
C1CCC(C2CCC3CCC4(CCCCC4)C3C2)CC1
C1CCC(C2CCC3CCC4(CCCCC4C4CCCCC4)CCC32)CC1
C1CCC2C(C1)CCC1C3CCCC3CCC21
C1CCC(CCCCCC2CCC3CCCCC3C2)CC1
C1CCC(C2CCC3CC4CCCCC4CC32)CC1
C1CCC(CCCC2CCC3CCC(C4CCCC5CCCC54)CC3C2)CC1
C(CCC1CCCC2CCCCC12)CC1CCCC2CCCCC12
C1CCC2CCC3C(CCC4C3CCC4(CCCC3CC4CCCCC4C3)CCC3CCCC3)C2CC1
C1CCC2CCC3C4CCC(CCCC5CCC6CCCCC6C5)C4CCC3C2CC1
C1CCC(CCC2(CCCC3CCC4CCCCC4C3)CCC3C4CCC5CCCCC5C4CCC32)C1
C1CCC(CCC2CCC(CCC3CCCC(CCC4CCCC4)C3)CC2)CC1
C1CCC2C(C1)CCC1C2CCC2C3CCCC3CC21
C1CCC(CCC(CCC2CCC3CCCCC3C2)CC2CCCCC2)CC1
C1CCC(CCCC2CCC3C2CCC2C4CC5CCC(C6CCCCC6)C5CC4CCC32)CC1
C1CCC(CCC(CCC2CCC3CCCC3C2)CC2CCCCC2)CC1
C(CCC1CCCC2CCCC12)CC1CC2CCCCC2C1
C1CCC2C(C1)CCC1C3CCCCC3CCC21
C1CCC(CC2CCC3C(CCC3C3CCCCC3)C2)CC1
C1CCC(CC2CCC3CC4C(CCC5C6CCC(CCCC7CC8CCCCC8C7)C6CCC45)CC23)CC1
C1CCC2C(C1)CCCC1CCCCC12
C1CCC2C(C1)CC(C1CCCC1)C1CCCCC21
C1CCC2CC(C3CCCC4CCCC43)CCC2C1
C1CCC(CC2CC3CCCCC3CC3CCC4CCCCC4C32)CC1
C1CCC(CCCC2CCC3CCCC3C2)CC1
C1CCC(C2CCC3C(CCCC4CCCCC43)C2)CC1
C1CCC2CCC(C3CCCC3)CC2CC1
C1CCC(CC2CCC(CC(CC3CCCCC3)C3CCCCC3)CC2)CC1
C1CCC(CCC2CCC3C(CCC3C3CCCCC3)C2)CC1
C1CCC2CCC3C4CCC(CCCC5CC6CCCCC6C5)C4CCC3C2CC1
C1CC2CCC3C(CCC4CCCCC43)CC2C1
C1CCC(C2CCC3CC4C(CCC5C6CCCC6CCC45)CC32)CC1
C1CCC(CCC2CCC3C(CCC4C5CCCC5CCC34)C2)CC1
C(CC1CCC2CCCC2C1)CC1CCCC2CCC(C3CCCC4CCCC43)CC2C1
C1CCC(CCC2(CCCCC3CC4CCCCC4C3)CCC3C4CCC5CCCCC5C4CCC32)C1
C(CCC1CCC2CCCCC2C1)CCC1CCCC2CCCCC12
C1CCC(CCCCC2CC3CCCCC3C2)CC1
C1CCC(CCCC2CCCC3CCC(C4CCCC5CCCC54)CC23)CC1
C1CCC(CCCCC2CC3CCCCC3C2)CC1
C1CCC(C2CC3CCCC3C3CCC4CCCCC4CC23)CC1
C1CCC(C2CC3CCCC3C3CCC4CCCCC4C23)CC1
C1CCC(CCCCCC2CC3CCCCC3C2)CC1
C1CCC2CC(C3CCCC4CCCC43)CCC2C1
C1CCC(C2CC3CCCC3C3CCC4CCCCC4C23)CC1
C1CCC(C2CC3C(CCC34CCCC4)C3CCCC4CCCCC4C23)CC1
C1CCC(CCCC2CCCC3CC4C(CCC4C4CCCCC4)CC23)CC1
C(CCCC1CCCCC1)CCCC1CCC(C2CCCCC2)C1
C1CCC(CCCCCC2CCC3C2CCC2C4CCCCC4CCC32)CC1
C1CCC(CC2CC3CCCCC3CC3CCC4CCCCC4C32)CC1
C1CCC(CCCCC2CC3CCCCC3C2)CC1
C1CCC(C2CC3CCCC3C3CCC4CCCCC4C23)CC1
C1CCC(CCCC2CCC3C(CCC3C3CCCCC3)C2)CC1
C1CCC(C2CCC3CC4C(CCC5C6CCC(CCCC7CCC8CCCCC8C7)C6CCCC45)CC32)CC1
C1CCC(C2CCC3CC4C(CCC32)CCC42CCCCC2)CC1
C1CCC(CCCCC2CC3CCCCC3C2)CC1
C(CCC1CCC2CCCCC2C1)CCC1CCCC2CCCCC12
C1CCC(C2CC3CCCC3C3CCC4CCCCC4C23)CC1
C1CCC2CC(C3CCCC4CCCC43)CCC2C1
C1CCC(C2CCC3CC4C(CCC45CCCC5)CC32)CC1
C1CCC(C2CCC3CC4C(CC5CC6CCCCC6C5)CCCCC4CC32)CC1
C1CCC(C2CCC3CC4C(CCCC4CC4CCC5CCCCC54)CCC32)CC1
C1CCC(CCC2CCC3C(CCC3C3CCCCC3)C2)CC1
C1CCC2C(C1)CCC1C3CCCC3CCC21
C1CCC(C2CCC3CC4(CCCCC4C4CCCCC4)CCC32)CC1
C1CCC(C2CC3CCCC3C3CCC4CCCCC4C23)CC1
C1CCC(C2CCC3CC4C(CCCC45CCCCC5)CC32)CC1
C1CCC(CCCCC2CCC3C2CCC2C4CC5CCC(C6CCCCC6)C5CC4CCC32)CC1
C(CCC1CCC2C1CCC1C3CCCCC3CCC21)CC1CC2CCCCC2C1
C1CCC(C2CCC3CCCC3C3CCCC4CCCCC4C23)CC1
C1CCC2C(C1)CCC1C2CCC2C3CCCC3CC21
C1CCC(C2CCC3C(CCCCCC4CCC(C5CCCC5)C4)CCCC23)CC1
C1CCC2C(C1)CCC1C3CCCCC3CCC21
C1CCC(CC2CC3CCCCC3C3CCC4CCCCC4C23)CC1
C(CCCC1CCCCC1)CCCC1CCC(C2CCCCC2)C1
C1CCC(CCC2CCC3C(CCC3C3CCCC3)C2)CC1
C1CCC2C(C1)CCCC1CCCCC12
C1CCC(C2CCC3CC4C(CCC45CCCCC5)CC32)CC1
C1CCC(CCCC2CCC(C3CCC4C(CC5CCCCC5)CCC4C3)CC2)CC1
C1CCC(C2C3CCCC3CC3CC4CCCCC4CC32)CC1
C1CCC(C2CC3CCCC3C3CCC4CCCCC4C23)CC1
C1CCC2CC(CC3CCCC4CCCC43)CCC2C1
C1CCC(C2CC3CCCC3C3CCCC4CCCCC4C23)CC1
C1CCC2CCC(C3CCCC4CCCC43)CC2CC1
C(CCCC1CCCCC1)CCCC1CCC(C2CCCCC2)C1
C1CCC(CC2CCC3C(CCC3C3CCCCC3)C2)CC1
C1CCC(CCCCC2CC3CCCCC3C2)CC1
C1CCC(CCC2CCC3C(CCC4C5CCCC5CC(CCC5CCCCC5)C34)C2)CC1
C1CCC(C2CCC3CCC4C(CCC5C6CCC(CCCC7CC8CCCCC8C7)C6CCC45)CC32)CC1
C1CCC(C2CC3CCCCC3C3CCCCC3C2)CC1
C1CCC2CC(C3CCCC4CCCC43)CCC2C1
C1CCC(CCCCC2CC3CCCCC3C2)CC1
C1CCC(C2CC3CCCC3C3CCC4CCCCC4C23)CC1
C1CCC(CCCC2CC3CCCCC3C2C2CCCCC2)CC1
C1CCC(C2CCC3CC4C(CCCC45CCCCC5)CC32)CC1
C1CCC(CCCC2CCCC3CCC(C4CCCC5CCCC54)CC3C2)CC1
C1CCC(CCCCC2CC3CCCCC3C2)CC1
C1CCC(CCCCC2CC3CCCCC3C2)CC1
C1CCC(CCCCCC2CCC3CCCC3C2)CC1
C1CCC2CCC3C4CCC(CCCC5CCC6CCCCC6C5)C4CCC3C2CC1
C1CCC(C2CC3C(CCC34CCCCC4)C3CCC4CCCCC4C23)CC1
C1CCC(C2CCC3C(CCCC4CCCCC43)C2)CC1
C(CCC1CCCC1)CCC1CCCC2CCCCC12
C1CCC(C2CCC3CC4C(CCCC4CC4CC5CCCCC5C4)CCC32)CC1
C1CCC(CCCC2CCC3CCC(C4CCCC5CCCC54)CC3C2)CC1
C1CCC(C2CC3CCCC3C3CCC4CCCCC4C23)CC1
C1CCC(CCC2CCC3C(CCC3C3CCCCC3)C2)CC1
C1CCC(CCCCC2CC3CCCCC3C2)CC1
C1CCC2CC(C3CCCC4CCCC43)CCC2C1
C1CCC(CCC2CCC3C(CCC3C3CCCC3)C2)CC1
C1CC2CCC3C(CCC4CCCCC43)CC2C1
C1CCC2C(C1)CCC1C3CCCC3CCC21
C(CCCC1CCCCC1)CCCC1CCC(C2CCCCC2)C1
C1CCC2CCC(C3CCCC4CCCC43)CC2CC1
C1CCC(CCCCC2CC3CCCCC3C2)CC1
C1CCC(CCCCC2CCC3CCC(C4CCCC5CCCC54)CC3C2)CC1
C(CCC1CC2CCCCC2C1)CCC1CCCC2CCCC12
C1CCC2CCC3C4CCC(CCCC5CCCC5)C4CCC3C2CC1
C(CCC1CCCC2CCCCC2C1)CCC1CCC(C2CCCCC2)C1
C1CCC2C(C1)CCC1C2CCC2C3CCCCC3CC21
C1CCC(CCC2CCC3C(CCC4C5CCCCC5CC(CCC5CCCCC5)C34)C2)CC1
C1CCC(CCCCCC2CCC3CCCCC23)CC1
C1CCC(CC2CC3CCCCC3C3CCC4CCCCC4C23)C1
C1CCC(CC2CCC(CC(CC3CCCCC3)C3CCCCC3)CC2)CC1
C1CCC(C2CCC(CCCC3CCC4C3CCC3C5CCCCC5CCC43)C2)CC1
C1CCC(CCCCC2CC3CCCCC3C2)CC1
C1CCC(CCCCC2CCC3CCCCC23)CC1
C1CCC(C2CCC(CCCC3CCC4C3CCC3C5CCCCC5CCCC43)C2)CC1
C1CCC(C2CC3CCCC3C3CCC4CCCCC4CC23)CC1
C1CCC(CCCCC2CC3CCCCC3C2)CC1
C1CCC(CCCCC2CCC3CCCCC23)CC1
C1CCC(C2CC3CCCC3C3CCC4CCCCC4C23)CC1
C1CCC(CCC2(CCCCC3CC4CCCCC4C3)CCC3C4CCC5CCCCC5C4CCC32)C1
C1CCC(CCC2CCC3C(CCC4C5CCCC5CC(CCC5CCCCC5)C34)C2)CC1
C1CCC(C2CCC3CC4C(CCC45CCCC5)CC32)CC1
C1CCC(CC2CC3CCCC3C3CCC4CCCCC4C23)CC1
C1CCC(CCCC2CCCC3CCC(C4CCCC5CCCC54)CC3C2)CC1
C1CCC(CCCC2CCC3C(CCC4C5CCCC5CCC34)C2)CC1
C(CCCC1CCCC2C(C3CCCCC3)CCC12)CCC1CCCCC1
C1CCC(CCCCCC2CCC3CCCCC23)CC1
C1CCC(C2CC3CCCC3CC3CCC4CCCCC4C32)CC1
C1CCC(CC2CCC3CC4C(CCC5C6CCC(CCCC7CC8CCCCC8C7)C6CCC45)CC23)CC1
C(CCCCC1CCC(C2CCCCC2)C1)CCCC1CCCCC1
C1CCC2C(C1)CC(C1CCCC1)C1CCCCC21
C1CCC(CCCCC2CCC3CCCCC23)CC1
C1CCC(CCC2CCC(C3CCC4C(CCC4C4CCCCC4)C3)CC2)CC1
C1CCC(C2CCC3(CCC4CC5C(CCC5C5CCCCC5)CC43)C2)CC1
C1CCC(CCCCCC2CC3CCCCC3C2)CC1
C1CCC(C2CC3C(CCC4CC4)CCC3CC3CCC4CCCCC4C32)CC1
C1CCC(CCCCC2CC3CCCCC3C2)CC1
C1CCC(CCCC(CC2CCC3C(CCC3C3CCCCC3)C2)C2CCCCC2)CC1
C1CCC(C2CCC3CCC4CCCCC4C3CC2)C1
C1CCC(CCCC2CCC3C(CCC3C3CCCCC3)C2)CC1
C1CCC2CCC3C4CCC(CCCC5CCC6CCCCC6C5)C4CCC3C2CC1
C1CCC(CCCC2CCC3CCCC3C2)CC1
C1CCC(CC2CC3CCCCC3C3CCC4CCCCC4C23)C1
C1CCC2CCC3CCCCC3C2CC1
C1CCC2CCC(C3CCCC4CCCC43)CC2CC1
C1CCC2C(C1)CCC1C3CCCC3CCC21
C1CCC(CCC2CCC3C(CCC3C3CCCCC3)C2)CC1
C1CCC(CCCC2CCC3CCC(C4CCCC5CCCC54)CC3C2)CC1
C1CCC(CCC2CCC(CCC3CCCCC3)CC2)CC1
C1CCC2CCC3C4CCCC4CCC3C2CC1
C1CCC(C2CCC3C(CCCCCC4CCC(CC5CCCC5)C4)CCCC23)CC1
C1CCC(CCCCC2CC3CCCCC3C2)CC1
C1CCC2C(C1)CCC1C3CCCC3CCCC21
C1CCC(CCC2CCC3C(CCC3C3CCCCC3)C2)CC1
C1CCC(CCC2CCC(CCC3CCCC(CC4CCCC4)C3)CC2)CC1
C1CCC2CC(C3CCCC4CCCC43)CCC2C1
C(CCC1CCCC2CCCCC12)CC1CC2CCCCC2C1
C1CCC(C2CCC3CC4CCCCC4CCC32)CC1
C1CCC(C2CCC3CC4C(CCC5C6CCC(CCCCC7CCC8CCCCC8C7)C6CCC45)CC32)CC1
C1CCC(CCC2CCC(CCCC3CCCC(CC4CCCC4)C3)CC2)CC1
C1CCC2CCC3C4CCC(CCCC5CCC6CCCCC6C5)C4CCC3C2CC1
C1CCC(C2CCC3CCC4CCCCC4C3CC2)CC1
C1CCC(CCCCC2CCC3CCCCC23)CC1
C1CCC2C(C1)CCC1C3CCCC3CCC21
C1CCC2CCC3C4CCCCC4CCC3C2CC1
C1CCC(C2CCC3CCCC3C3CCC4CCCCC4CC23)CC1
C1CCC(C2CCC(CCCCCC3CCCC4C(C5CCCCC5)CCC34)C2)CC1
C1CCC(C2CCC3CC4C(CCC32)CCC42CCCCC2)CC1
C1CCC(CCC2CCCCC2)CC1
C1CCC(CC2CCC(CC(CC3CCCCC3)C3CCCCC3)CC2)CC1
C1CCC(C2CCC3CC4C(CCCC5C6CCCC6CCC45)CC32)CC1
C1CCC(CCCCC2CC3CCCCC3C2)CC1
C1CCC2C(C1)CCC1C3CCCC3CCCC21
C1CCC(CCC2CCC3C(CCC4CC(C5CCCCC5)CCC43)C2)CC1
C1CCC(C2CCC3CC4C(CCC32)CCC42CCCCC2)CC1
C1CCC(C2CC3CCCC3C3CCC4CCCCC4C23)CC1
C1CCC2C(C1)CCC1C2CCC2C3CCCC3CC21
C1CCC(CC(CC2CCCCC2)C2CCCCC2)CC1
C(CCCC1CCC(C2CCCCC2)C1)CCC1CCCCC1
C1CCC2CC(C3CCCC4CCCC43)CCC2C1
C1CCC(CCCCCC2CCCC3C(C4CCCCC4)CCC23)CC1
C1CCC(CCCCCC2CCCC3C(C4CCCCC4)CCC23)CC1
C1CCC2CC(CCCC3CCC4C3CCC3C5CCCCC5CCC43)CC2C1
C(CCC1CCC2C(CCC3C4CCCC4CCC23)C1)CC1CCC(C2CCC(C3CC4CCCC4C4CCC5CCCCC5C34)CC2)CC1
C1CCC2C(C1)CC(C1CCCC3CCCCC31)C1CCCC21
C1CCC(C2CC3CCCC3C3CCC4CCCCC4C23)CC1
C1CCC(CC2CCC3C(CCC3C3CCCCC3)C2)CC1
C1CCC2CCC(C3CCCC4CCCC43)CC2CC1
C1CCC(CCC2CCC3C(CCC4C5CCCC5CC(CCC5CCCCC5)C34)C2)CC1
C1CCC2CC(CC3CCCC4CCCCC43)C3C(CCC4CCCCC43)CC2C1
C1CCC(C2CCC3CC4C(CCCC5C6CCC(CCCC7CC8CCCCC8C7)C6CCC45)CC32)CC1
C1CCC(CCC2CCC3C(CCC3C3CCCCC3)C2)CC1
C1CCC(C2CCC3C(CCCC4CCCCC43)C2)CC1
C1CCC(CCCC2CCC3C2CCC2C4CCCCC4CCC32)C1
C1CCC(C2CC3CCCC3C3CCC4CCCCCC4C23)CC1
C1CCC2C(C1)CCC1CCCCC12
C(CCCC1CCCCC1)CCCC1CCC(C2CCCCC2)C1
C1CCC(C2CC3C(CCC4CCC4)CCC3C3CCC4CCCCC4C23)CC1
C1CCC(CCC2CCC3C(CCC3C3CCCCC3)C2)CC1
C1CCC(C2CCC(CCCCCC3(C4CCCCC4)CCC3)C2)CC1
C1CCC(CC2CCCCCC23CCC2CCC(C4CCCCC4)C2CC3)CC1
C1CCC2C(C1)CCC1CCCCC12
C1CCC2CC(C3CCCC4CCCC43)CCC2C1
C1CCC(CCC2CCC3C(CCC4C5CCCC5CC(CCC5CCCCC5)C34)C2)CC1
C1CCC2CC(C3CCCC4CCCC43)CCC2C1
C1CCC(CCCCCC2CCCC3C(C4CCCCC4)CCC23)CC1
C1CCC(CCCC2CCC(CCC3CCCCC3)CC2)CC1
C1CCC(CCCCC2CCC3CCCCC23)CC1
C1CCC(C2CC3CCCCC3C3CCCCC23)CC1
C1CCC(CCCCCC2CC3CCCCC3C2)CC1
C1CCC2CCC3C4CCC(CCCC5CC6CCCCC6C5)C4CCC3C2CC1
C(CCC1CCC2C1CCC1C3CCCCC3CCC21)CC1CCCC2CCCCC12
C1CCC(CCCCCC2CCCC3C(C4CCCCC4)CCC23)CC1
C(CCCC1CCCCC1)CCCC1CCC(C2CCCCC2)C1
C1CCC2CC(CC3CCCC4CCCC43)CCC2C1
C1CCC(CCCC2CCC(CCC3CCCCC3)CC2)CC1
C1CCC(CC2CC3CCCCC3CC3CCC4CCCCC4C32)C1
C(CCC1CCCC1)CCC1CCCC2CCCCC12
C1CCC(CCCCCC2CCCC3C(C4CCCCC4)CCC23)CC1
C1CCC(C2CCC3CC4C(CCCCC45CCCC5)CC32)CC1
C1CCC(C2CCC3CC4C(CCC32)CCC42CCCC2)CC1
C1CCC(CCCCC2CC3CCCCC3C2)CC1
C1CCC2CC(C3CCCC4CCCC43)CCC2C1
C1CCC2C(C1)CCC1C3CCCC3CCC21
C1CCC(C2CCC3CC4(CCCCC4C4CCCCC4)CCC32)CC1
C1CCC2CCC3C4CCCCC4CC(CC4CCCC4)C3C2CC1
C(CCCC1CCCCC1)CCCC1CCC(C2CCCCC2)C1
C1CCC2C(C1)CCC1C3CCCCC3CCCC21
C1CCC2C(C1)CCCC2CCCC1CCC2C1CCC1C3CCCCC3CCC21
C1CCC2CCC3C4CCCCC4CC(CC4CCCC4)C3C2CC1
C1CCC(CCC2CCC3C(CCC4C5CCCC5CCC34)C2)CC1
C1CCC2CC(C3CCCC4CCCC43)CCC2C1
C1CCC(CC2CC3CCCCC3C3CCC4CCCCCC4C23)CC1
C1CCC(CCC(CCC2CCCCC2)CCC2CCC3CCCC3C2)CC1
C1CCC(CCC2CCC(CCC3CCCC(CC4CCCC4)C3)CC2)CC1
C1CCC(CC2CC3CCCCC3C3CCC4CCCCCC4C23)CC1
C1CCC2CC(CC3CCCC4CCCC43)CCC2C1
C1CCC(CCCC2CCC(C3CCC4C(CCC4C4CCCCC4)C3)CC2)CC1
C1CCC2CCC3C(CCC4C5CCCC5CC43)C2CC1
C1CCC(C2CCC3CC4C(CCCC5CC5)CCCC4CCC32)CC1
C1CCC(C2CCC3CC4C(CCC45CCCC5)CC32)CC1
C(CCC1CCC2CCCCC2C1)CCC1CCCC2CCCCC12
C1CCC(C2CCC3CC4C(CCC45CCCCC5)CC32)CC1
C1CCC2C(C1)CCC1C3CCCC3CCC21
C(CCC1CCC2C1CCC1C3CCCCC3CCC21)CC1CC2CCCCC2C1
C1CCC(C2CCC3CC4C(CCCC45CCCC5)CC32)CC1
C1CCC(C2CCC3CCCC3C3CCC4CCCCC4C23)CC1
C1CCC2C(C1)CC(C1CCCC1)C1CCCC21
C1CCC(CCC(CC2CC3CCCCC3C2)C2CC2)CC1
C1CCC2CCC(C3CCCC3)CC2CC1
C1CCC(C2CCC3CCCC3C3CCC4CCCCCC4C23)CC1
C(CC1CCC2CCCC2C1)CC1CCCC2CCC(C3CCCC4CCCC43)CC2C1
C1CCC2CCC(C3CCCC4CCCC43)CC2CC1
C1CCC(CC2CCC(C3CC4CCCC4C4CCC5CCCCC5C34)CC2)CC1
C1CCC(CCC2CCC3C(CCC3C3CCCCC3)C2)CC1
C(CCCCC1CCC(C2CCCCC2)C1)CCCC1CCCCC1
C1CCC(CCC2CCC3C(CCC3C3CCCCC3)C2)CC1
C1CCC(CCC2CCC(CCC3CCCC(CC4CCCC4)C3)CC2)CC1
C1CCC(CCCCCC2CCCC3C(C4CCCCC4)CCC23)CC1
C1CCC(CCC2CCC3C(CCC4C5CCCC5CC(CCC5CCCCC5)C34)C2)CC1
C1CCC(CCCCC2CC3CCCCC3C2)CC1
C1CCC2CCC3C4CCCCC4CC(CC4CCCC4)C3C2CC1
C1CCC2CCC(C3CCCC4CCCC43)CC2CC1
C1CCC(CC2CC3CCCCC3C3CCC4CCCCC4C23)CC1
C1CCC(CCCCC(CC2CCC3C(CCC3C3CCCCC3)C2)C2CCCCC2)CC1
C1CCC(C2CCC3C(CCCCCC4CCC(C5CCCC5)C4)CCCC23)CC1
C1CCC2CC(C3CCCC4CCCC43)CCC2C1
C1CCC(C2CCC3CC4(CCCCC4C4CCCCC4)CCCC32)CC1
C1CCC(C2CCC3C(CCCC4CCCCC43)C2)CC1
C1CCC2CC(CCCC3CCCC4CCCCC43)CC2C1
C1CCC(C2CC3CCCC3C3CCC4CCCCC4C23)CC1
C1CCC(CCCCCC2CCCC3C(C4CCCCC4)CCC23)CC1
C1CCC(C2CCC3CC4C(CCCC45CCCC5)CC32)CC1
C1CCC(C2CCC3CC4(CCCCCC4C4CCCCC4)CCC32)CC1
C1CCC(CC2CCC3C(CCC3C3CCCCC3)C2)CC1
C(CCCC1CCCCC1)CCCC1CCC(C2CCCCC2)C1
C(CCCC1CCCCC1)CCCC1CCC(C2CCCCC2)C1
C(CCC1CCC2CCCCC2C1)CCC1CCCC2CCCCC12
C1CCC(C2CC3CCCCC3C3CCC(CCC4CCCC4)CC23)CC1
C1CCC(C2CCCCC2CC2CC3CCCCC3CC3CCC4CCCCC4C32)CC1
C1CCC(C2CCC(CCCCCC3(C4CCCCC4)CCCC3)C2)CC1
C1CCC2CCC(C3CCCC4CCCC43)CC2CC1
C(CCC1CCC2CCCCC2C1)CCC1CCCC2CCCC12
C1CCC2C(C1)CCC1C3CCCCC3CCC21
C1CCC(C2CCC3CCC(C4CCCC4)CC32)CC1
C1CCC(CC2CCC3C(CCC3C3CCCCC3)C2)CC1
C1CCC(CC2CCCC2CC2CC3CCCCC3C3CCC4CCCCC4C23)CC1
C1CCC(CC2CCC3C(CCC3C3CCCCC3)C2)CC1
C1CCC2C(C1)CCC1C3CCCC3CCCC21
C1CCC(CCCC(CC2CC3CCCCC3C2)C2CC2)CC1
C1CCC2CC(C3CCCC4CCCC43)CCC2C1
C1CCC2C(C1)CCC1C3CCCC3CCC21
C1CCC(CCCCC2CC3CCCCC3C2)CC1
C1CCC(CCCC2CCC3C(CCC3C3CCCCC3)C2)CC1
C1CCC2CCC(C3CCCC4CCCC43)CC2CC1
C1CCC(CCC2CCC3C(CCC3C3CCCCC3)C2)CC1
C(CCC1CCCC2CCCCC12)CC1CC2CCCCC2C1
C(CCCC1CCC2C(CCC2C2CCCCC2)C1)CCC1CCCCC1
C1CCC(CCCC2(CCC3CCCC3)CCCC3C4CCC5CCCCC5C4CCC32)CC1
C(CCCC1CCCCC1)CCCC1CCC(C2CCCCC2)C1
C(CCC1CCC2C(CCC3C4CCCCC4CCC23)C1)CC1CCC(C2CC3CCCC3C3CCC4CCCCC4C23)CC1
C1CCC(CCCCCC2CCC3CCCCC23)CC1
C1CCC(CC2CCC3C(CCCCCC4CCC(C5CCCC5)C4)CCCC23)CC1
C(CC1CCC2CCCCC2C1)CC1CCC2CCC(C3CCCC4CCCC43)CC2C1
C1CCC2CC(CCCC3CCC4C3CCC3CC5CCCCC5CCC34)CCC2C1
C1CCC(CCCCCC2CC3CCCCC3C2)CC1
C1CCC(CCC(CCC2CCC3CCCC3C2)CC2CCCCC2)CC1
C(CCCC1CCCC2C(C3CCCCC3)CCC12)CCC1CCCCC1
C1CCC(C2CCC3CC4C(CCCC45CCCC5)CC32)CC1
C1CCC2CC(C3CCCC4CCCC43)CCC2C1
C1CCC(C2CCC3CC4C(CCC32)CCC42CCCC2)CC1
C1CCC2C(C1)CCCC2CC1CC2CCCCC2C2CCCC12
C(CCCC1CCCCC1)CCCC1CCC(C2CCCCC2)C1
C1CCC(CCCCC2CC3CCCCC3C2)CC1
C1CCC2CC(CC3CCCC4CCCC43)CCC2C1
C1CCC2C(C1)CCC1C3CCCC3CCC21
C1CCC(CCCCCC2CCCC3C(C4CCCCC4)CCC23)CC1
C1CCC2CC(C3CCCC4CCCC43)CCC2C1
C1CCC2CC(CCCC3CCC4C3CCCC3C5CCCCC5CCC34)CC2C1
C(CCC1CCC2C1CCC1C3CCCCC3CCC21)CC1CC2CCCCC2C1
C1CCC(CCCCC2CCC3CCCCC23)CC1
C1CCC(CCCCC2CCC3CCCCC3C2)CC1
C1CCC(CC2CCCC(CC3CCC4CC(CCC5CCC6CCCCC6C5)CCC43)C2)C1
C1CCC(CCCC2CCC3CCCC3C2)CC1
C1CCC2C(C1)CC(C1CCCC1)C1CCCC21
C1CCC2C(C1)CCC1C3CCCCC3CCC21
C1CCC(CCC2CCCC3C2CCC(C2CCCCC2)C2C4CCCCC4CCC32)CC1
C1CCC2CC(C3CCCC4CCCC43)CCC2C1
C1CCC(CCC2CCCC3CCC4C(CCC4C4CCCCC4)CC23)CC1
C1CCC(CC2CC3CCCCC3C3CCC4CCCCCC4C23)CC1
C(CCCC1CCCCC1)CCCC1CCC(C2CCCCC2)C1
C1CCC(C2CCC3CC4C(CCC5CCC6CCCCC65)CCCC4CC32)CC1
C1CCC(CCCC2CCC3CCC(C4CCCC5CCCC54)CC3C2)CC1
C1CCC(C2CCC(CCCCCC3CCCC4C(C5CCCCC5)CCC34)C2)CC1
C1CCC(CCCCCC2CCCC3C2CCC3C2CCCC(CC3CC3)C2)CC1
C(CCCC1CCCCC1)CCCC1CCC(C2CCCCC2)C1
C1CCC(CCCCC2CC3CCCCC3C2)CC1
C(CCC1CCCC2CCCC12)CC1CC2CCCCC2C1
C(CCC1CCCC2CCCC12)CC1CC2CCCCC2C1
C1CCC(CCCCCC2CCCC3C(C4CCCCC4)CCC23)CC1
C1CCC(C2CC3CCCC3C3CCC4CCCCC4C23)CC1
C(CC1CCC2CCCC2C1)CC1CCC2CCC(C3CCCC4CCCC43)CC2C1
C1CCC(C2CC3CCCC3C3CCCC4CCCCC4C23)CC1
C1CC2CCC3C(CCC4CCCCC43)CC2C1
C1CCC(C2CCC3CC4C(CC5CCC6CCCCC65)CCCCC4CC32)CC1
C1CCC(C2CCC3C(CCCCCC4CCC(C5CCCC5)C4)CCCC23)CC1
C1CCC(C2CCC3CCC4CCCCC4C3CC2)C1
C(CCC1CCCC2CCCCC12)CCC1CCCC2CCCCC12
C1CCC2CC(C3CCCC4CCCC43)CCC2C1
C1CCC(CCCCC2CCC3CCC(C4CCCC5CCCC54)CC3C2)CC1
C1CCC(CCCCCC2CCC3CCCCC23)CC1
C1CCC2CCC3C(CCC4C5CCCC5CC43)C2CC1
C1CCC(C2CC3CCCC3C3CCC4CCCCCC4C23)CC1
C1CCC(CCC2CCC(CCC3CCCC(CC4CCCC4)C3)CC2)CC1
C1CCC2CCC3C4CCC(CCCC5CCC6CCCCC6C5)C4CCC3C2CC1
C(CCC1CCCC2CCCCC12)CC1CCC2CCCCC2C1
C1CCC(CCCCC2CCC3CCCCC23)CC1
C1CCC(C2CC3CCCC3CC3CCC4CCCCC4C32)CC1
C1CCC(C2CCC3CC4C(CCC5C6CCC(CCCC7CC8CCCCC8C7)C6CCC45)CC32)CC1
C1CCC2CC3CCC(C4CCCCC4)C3CC2CC1
C1CCC(CCCCC2CC3CCCCC3C2)CC1
C1CCC2C(C1)CCC1C3CCCC3CCC21
C1CCC(CCCCCC2CC3CCCCC3C2)CC1
C1CCC(C2CCC(CCCCCC3CCCC4CCCCC34)C2)CC1
C1CCC(CCCC2CCC(CCC3CCCC(CC4CCCC4)C3)CC2)CC1
C1CCC2CC3CCC(C4CCCCC4)C3CC2CC1
C1CCC(CCCC2CC3CCCCC3C2C2CCCCC2)CC1
C1CCC2C(C1)CCC1C3CCCC3CCC21
C1CCC(CCC2CCC3C(CCC3C3CCCCC3)C2)CC1
C1CCC(CCC2CCC3C(CCC4CCCCC43)C2)CC1
C1CCC(C2CC3CCCC3C3CCC4CCCCC4C23)CC1
C1CCC(C2CC3CCCC3C3CCC4CCCCC4C23)CC1
C1CCC(C2CC3CCCC3C3CCC4CCCCC4C23)CC1
C1CCC(C2CC3CCCC3C3CCC4CCCCC4C23)CC1
C1CCC(CCCCC2CC3CCCCC3C2)CC1
C1CCC(CCCC2CCC3C2CCC2C4CC5CCC(C6CCCCC6)C5CC4CCC32)CC1
C1CCC(C2CCC(CCCCCC3CCCC4C(C5CCCCC5)CCC34)C2)CC1
C1CCC(CCCCC2CC3CCCCC3C2)CC1
C1CCC(CCCCC2CCC3CCCCC23)CC1
C1CCC2CC(C3CCCC4CCCC43)CCC2C1
C1CCC(CCCCCC2CC3CCCCC3C2)CC1
C1CCC2C(C1)CCC1C3CCCC3CCC21
C(CCCC1CCCC2C(C3CCCCC3)CCC12)CCC1CCCCC1
C1CCC2C(C1)CCC1C3CCCC3CCCC21
C1CCC(C2CCC3CCCC4(CCCCC4)C3C2)CC1
C1CCC(C2CCC3CCC4C(CCC45CCCC5)CC32)CC1
C1CCC(C2CC3CCCC3C3CCC4CCCCCC4C23)CC1
C1CCC(CCCC2CCC(C3CCC4C(CCC4C4CCCCC4)C3)CC2)CC1
C1CCC(C2CCC3CCCC3C3CCC4CCCCCC4C23)CC1
C1CCC(CC2CCC(CC(CC3CCCCC3)C3CCCCC3)CC2)CC1
C1CCC(CCCC2(CCC3CCCC3)CCCC3C4CCC5CCCCC5C4CCC32)CC1
C1CCC(CCC2CCC3C(CCC3C3CCCCC3)C2)CC1
C1CCC(CCCCCC2CC3CCCCC3C2)CC1
C1CCC(C2CCC(CCCC3CCC4C(CCC5C6CCCCC6CCC45)C3)C2)CC1
C1CCC(CCC2CCC3C(CCC3C3CCCCC3)C2)CC1
C(CCCC1CCCCC1)CCCC1CCC(C2CCCCC2)C1
C1CCC(CCC2CCC(C3CC3)CC2)CC1
C1CCC(CCC2CCC3C(CCC3C3CCCCC3)C2)CC1
C1CCC(CCC(CCC2CCC3CCCC3C2)CC2CCCCC2)CC1
C1CCC(CCC2CCC(CCC3CCCC(CC4CCCC4)C3)CC2)CC1
C1CCC(CCCC2CCC3C2CCC2C4CC5CCC(C6CCCCC6)C5CC4CCC32)CC1
C1CCC(CCCCCC2CC3CCCCC3C2)CC1
C1CCC(C2CCC3CC4C(CCCCC45CCCC5)CC32)CC1
C1CCC(C2CCC3(CCC4CC5C(CCC5C5CCCCC5)CC43)C2)CC1
C1CCC(CCC2CCC3C(CCC4C5CCCC5CCC34)C2)CC1
C1CCC2CCC(C3CCCC4CCCC43)CC2CC1
C1CCC2CC(CCCC3CCCC4C3CCC3C5CCCCC5CCC43)CC2C1
C1CCC(CC2CCC(C3CC4CCCC4C4CCC5CCCCCC5C34)CC2)CC1
C1CCC(CCC2CCC3C(CCC3C3CCCCC3)C2)CC1
C1CCC2CCC3C(CCC4C5CCCC5CC43)C2CC1
C1CCC(CCCCCC2CC3CCCCC3C2)CC1
C(CCCC1CCCCC1)CCC1CCCCC1
C1CCC(C2CC3CCCC3C3CCC4CCCCC4C23)CC1
C1CCC(CCCCCC2CCC3CCCCC23)CC1
C1CCC(CCCC2(CCC3CCCC3)CCC3C4CCC5CCCCCC5C4CCC32)CC1
C1CCC(CC2CC3CCCCC3CC3CCC4CCCCC4C32)CC1
C1CCC(C2CCC3CC4C(CCC32)CCC2C3CCC(CCCC5CC6CCCCC6C5)C3CCC42)CC1
C1CCC(C2CCC(CCCCCC3CCCC4CCCCC34)C2)CC1
C1CCC(CCCC2(CCCC3CC4CCCCC4C3)CCC3C4CCC5CCCCC5C4CCC32)C1
C1CCC(CCC2CCC3C(CCC3C3CCCCC3)C2)CC1
C1CCC(C2CCC3CC4C(CCC45CCCC5)CC32)CC1
C1CCC(CCCCCC2CCCC3C(CC4CCCCC4)CCC23)CC1
C1CCC2CCC3C4CCC(CCCC5CCC6CCCCC6C5)C4CCC3C2CC1
C1CCC(CCCCC2CC3CCCCC3C2)CC1
C1CCC(C2CCC3CC4C(CCC45CCCCC5)CC32)CC1
C(CCCC1CCCC2CCCCC12)CCC1CCC(C2CCCCC2)C1
C1CCC2C(C1)CCC1C3CCCC3CCC21
C1CCC(C2CCC3CC4C(CCC32)CCC42CCCCC2)CC1
C1CCC(CCCCCC2CCCC3C(CC4CCCCC4)CCC23)CC1
C1CCC(C2CCC3CCCC3C3CCC4CCCCC4C23)CC1
C1CCC(C2CCC3CCC4C(CCC45CCCC5)CC32)CC1
C1CCC(C2CC3C(CCC34CCCC4)C3CCC4CCCCC4C23)CC1
C1CCC2CCC3C(CCC4C3CCC4(CCCC3CCC4CCCCC4C3)CCC3CCCC3)C2CC1
C1CCC(CCCCC2CC3CCCCC3C2)CC1
C1CCC(CC23CCCCC2CCC2C4CCCCC4CCC23)CC1
C1CCC(CCCC2CCC3C(CCC3C3CCCCC3)C2)CC1
C1CCC(C2CCC3CC4C(CCCC4CC4CC5CCCCC5C4)CCC32)CC1
C1CCC(C2CC3C(CCC34CCCC4)CC3CCC4CCCCC4C32)CC1
C(CC1CC2CCCCC2C1)CC1CCC2C(CCC3C4CCCCC4CCC23)C1
C1CCC(CCC(CC2CCC3C(CCC3C3CCCCC3)C2)C2CCCCC2)CC1
C1CCC(C2CC3CCCCC3C3CCC4CCCCC4C23)CC1
C1CCC(CCC2CCC3C(CCC3C3CCCCC3)C2)CC1
C1CCC(CC2CCC(CC(CC3CCCCC3)C3CCCCC3)CC2)CC1
C1CCC(CC2CCCC(C3CCC4CC(CCC5CCC6CCCCC6C5)CCC43)C2)C1
C1CCC(CCC2CCC3C(CCC3C3CCCCC3)C2)CC1
C1CCC(C2CCC3CC4C(CCC45CCCC5)CC32)CC1
C1CCC(CCCCCC2CCCC3C(CC4CCCC(CC5CC5)C4)CCC23)CC1
C1CCCC(CC2CCCCC2CC2CC3CCCCC3C3CCC4CCCCC4C23)CC1
C1CCC2C(C1)CCC1C3CCCC3CCC21
C1CCC(CCCCCC2CCCC3C(C4CCCCC4)CCC23)CC1
C1CCC(C2CC3CCCC3C3CCC4CCCCC4C23)CC1
C1CCC(C2CCC3CC4C(CCCC45CCCCCC5)CC32)CC1
C(CCC1(C2CCCC2)CCCC2CCCCC21)CC1CCC2CCCCC2C1
C1CCC(CCCCC2CC3CCCCC3C2)CC1
C1CCC(CCCCCC2CCCC3CCC(C4CCCCC4)CC23)CC1
C1CCC(CCCCCC2CC3CCCCC3C2)CC1
C1CCC2CC(C3CCCC4CCCC43)CCC2C1
C1CCC(C2CCC3CCC4C(CCCC45CCCC5)CC32)CC1
C1CCC(CCC2CCCCC2)CC1
C1CCC(CCC2CCC(CCC3CCCC(CC4CCCC4)C3)CC2)CC1
C1CCC(CCC2CCC3C(CCC3C3CCCCC3)C2)CC1
C1CCC2C(C1)CCC1C2CCC2C3CCCC3CC21
C1CCC(CCC2CCC(C3CCC4C(CCC4C4CCCCC4)C3)CC2)CC1
C(CCC1CCCC2CCCC12)CC1CC2CCCCC2C1
C(CCCC1CCCCC1)CCCC1CCC(C2CCCCC2)C1
C1CCC2C(C1)CCC1C3CCCC3CCC21
C1CCC(CCCC2CCCC3CCC(C4CCCC5CCCC54)CC3C2)CC1
C1CCC(CC2CC3CCCCC3C3CCC4CCCCCC4C23)CC1
C1CCC(C2CC3CCCC3C3CCC4CCCCC4CC23)CC1
C1CCC(CCC2CCC3C(CCC3C3CCCCC3)C2)CC1
C(CCCC1CCCCC1)CCCC1CCC(CC2CCCCC2)C1
C1CCC2C(C1)CCC1CCCCC12
C1CCC(CCC2CCC3C(CCC4CCC(C5CCCCC5)CCC43)C2)CC1
C(CCC1CCCC1)CCC1CCCC2CCCCC12
C1CCC2CCC(C3CCCC4CCCC43)CC2CC1
C1CCC(C2CCC3CC4C(CCCC5C6CCCC6CCC45)CC32)CC1
C1CCC(C2CCC3C(CCC4CCCCC43)C2)CC1
C1CCC(CCCCCC2CCCC3C(C4CCCCC4)CCC23)CC1
C1CCC2C(C1)CCCC2CCCC1CCCC2CCCCC21
C1CCC(C2CC3CCCCC3C3CCCCC23)CC1
C1CCC(CCCCC2CCC3CCCCC23)CC1
C(CCCC1CCCC2CCCC12)CCC1CCCCC1
C(CCC1CCCC2CCCCC12)CC1CCC2CCCCC2C1
C1CCC(CCCCCC2CCCC3C(CC4CCCCC4)CCC23)CC1
C1CCC(CCCCC2CCC3CCCCC23)CC1
C(CCCC1CCCCC1)CCCC1CCC(C2CCCCC2)C1
C1CCC2CC(C3CCCC4CCCC43)CCC2C1
C(CCCC1CCCC2C(C3CCCCC3)CCC12)CCC1CCCCC1
C1CCC(CC2CC3CCCCC3CC3CCC4CCCCC4C32)C1
C1CCC2C(C1)CCCC2CCCC1CCCC2CCCCC21
C1CCC(CCC2CCC3C(CCC3C3CCCC(CCC4CCCCC4)C3)C2)CC1
C1CCC2CCC(C3CCCC4CCCC43)CC2CC1
C1CCC(CCCC2CC3CCCCC3C2C2CCCCC2)CC1
C1CCC(C2CC3CCCC3C3CCC4CCCCC4C23)CC1
C1CCC2C(C1)CC(C1CCCC3CCCC31)C1CCCC21
C1CCC(C2CCC3C(CCC4CCCCC43)C2)CC1
C1CCC(CCCCC2CCC3CCCCC23)CC1
C1CCC(CCCCCC2CC3CCCCC3C2)CC1
C1CCC(C2CCC3CC4C(CCC5C6CCC(CCCC7CC8CCCCC8C7)C6CCCC45)CC32)CC1
C1CCC2CC(C3CCCC4CCCC43)CCC2C1
C(CCC1CCCC2CCCC12)CC1CC2CCCCC2C1
C1CCC(CCC2CCCC3CC4C(CCC23)CCC4C2CCCCC2)CC1
C1CCC2C(C1)CCC1C3CCCC3CCC21
C1CCC(C2CC3CCCC3C3CCC4CCCCCC4C23)CC1
C1CCC(CCCCC2CC3CCCCC3C2)CC1
C1CCC(C2CC3CCCC3C3CCC4CCCCC4C23)CC1
C1CCC(CCCCC2CC3CCCCC3C2)CC1
C1CCC(CCC2CCCC3CCC4C(CCC4C4CCCCC4)CC23)CC1
C1CCC(CC2CCC3CC4C(CCC45CCCC5)CC23)CC1
C1CCC2CCC3C4CCCC4CCC3C2CC1
C(CCC1CCCC2CCCC12)CC1CC2CCCCC2C1
C1CCC(CCC2CCC(C3CC3)CC2)CC1
C1CCC(CCC2CCC3C(CCC4C5CCCC5CCC34)C2)CC1
C1CCC(CCCCCC2CCCC3C(C4CCCCC4)CCC23)CC1
C1CCC(CCCC2CCC3C(CCC3C3CCCCC3)C2)CC1
C1CCC(C2CCC3CC4C(CC5CC6CCCCC6C5)CCCC4CC32)CC1
C1CCC(C2CC3CCCCC3C3CCCCC23)CC1
C1CCC(CCC2CC3CCCC3C3CCCC4CCCCC4C23)CC1
C(CCCCC1CCC(C2CCCCC2)C1)CCCC1CCCCC1
C1CCC(C2CC3C(CCC34CCCC4)C3CCC4CCCCCC4C23)CC1
C1CCC(CCCCC2CC3CCCCC3C2)CC1
C1CCC(CCCC2CCC(C3CC3)CC2)CC1
C1CCC(CC2CCC3C(CCC3C3CCCCC3)C2)CC1
C(CCCC1CCCCC1)CCCC1CCC(C2CCCCC2)C1
C1CCC2CC(C3CCCC4CCCC43)CCC2C1
C1CCC(CCCCCC2CC3CCCCC3C2)CC1
C1CCC(C2CC3CCCC3C3CCC4CCCCC4C23)CC1
C(CCC1CC2CCCCC2C1)CCC1CCCC2CCCC12
C1CCC(CCCCCC2CCCC3C(C4CCCCC4)CCC23)CC1
C1CCC(CCCCC2CC3CCCCC3C2)CC1
C1CCC(CCC(CCC2CCC3CCCC3C2)CC2CCCCC2)CC1
C1CCC(CCCC2CCCCC2)CC1
C1CCC(CC2CCC(CCCC3CCC4CCCC4C3)CC2)C1
C1CCC(CC2CC3CCCCC3C3CCC4CCCCCC4C23)CC1
C1CCC2C(C1)CCC1C3CCCC3CCC21
C1CCC(C2CCC3CC4C(CCC5C6CCC(CCCCC7CCC8CCCCC8C7)C6CCC45)CC32)CC1
C1CCC2C(C1)CCC1CCCCC12
C1CCC2CC(CC3CCCC4CCCC43)CCC2C1
C(CCCC1CCCCC1)CCCC1CCC(C2CCCCC2)C1
C1CCC(CCCCCC2CC3CCCCC3C2)CC1
C1CCC(C2CCC3CC4C(CCC32)CCC42CCCCC2)CC1
C1CCC(C2CC3CCCC3C3CCCC4CCCCC4C23)CC1
C1CCC(CCC(CCCC2CCC3CCCC3C2)CC2CCCCC2)CC1
C1CCC2CCC3C4CCCCC4CC(CC4CCCC(C5CCCC5)C4)C3C2CC1
C1CCC2CC(CC3CCCC4CCCC43)CCC2C1
C1CCC2CC(C3CCCC4CCCC43)CCC2C1
C1CCC(C2CC3CCCC3C3CCC4CCCCC4C23)CC1
C1CCC(CCC2CCCCC3CC4C(CCC4C4CCCCC4)CC23)CC1
C1CCC(CCCCCC2CCCC3C(C4CCCCC4)CCC23)CC1
C1CCC(C2CCC3C(CCCCCC4CCC(C5CCCC5)C4)CCCC23)CC1
C1CCC(CCC2CCC3C(CCC4CCCCC43)C2)CC1
C1CCC(CCCCCC2CCC3CCCCC3C2)CC1
C(CCCC1CCCC2C(C3CCCCC3)CCC12)CCC1CCCCC1
C(CCCC1CCCC2C(C3CCCCC3)CCC12)CCC1CCCCC1
C1CCC(C2CCC3CCC4(CCCCC4C4CCCCC4)CCC32)CC1
C1CCC(CC2CCC3CCCCC3C3CCC4CCCCC4C23)C1
C(CCC1CCC2CCCCC2C1)CCC1CCCCC2CCCCC12
C(CCCC1CCCCC1)CCCC1CCC(C2CCCCC2)C1
C1CCC(CCCCCC2CCCC3C(C4CCCCC4)CCC23)CC1
C(CCC1CC2CCCCC2C1)CCC1CCCC2CCCC12
C1CCC(CC2CC3CCCCC3C3CCC4CCCCC4C23)CC1
C1CCC(CCC2CCC(C3CC3)CC2)CC1
C1CCC2C(C1)CCCC1C3CCCC3CCC21
C1CCC(CCCCC2CCC3CCCCC23)CC1
C1CCC(C2CC3CCCC3C3CCCC4CCCCC4C23)CC1
C1CCC(CC23CCCCC2CCC2C4CCCC4CCC23)CC1
C1CCC(CCCCCC2CCCC3C(C4CCCCC4)CCC23)CC1
C1CCC(C2CC3CCCC3C3CCC4CCCCC4C23)CC1
C1CCC(CCC2CCC3C2CCCC2C4CCCCC4CCC23)C1
C1CCC(CC2CCC3CCCCC3C3CCC4CCCCC4C23)CC1
C1CCC(CC2CCCC2CC2CCC3CCCCC3C3CCC4CCCCC4C23)CC1
C1CCC2C(C1)CCC1C3CCCC3CCCC21
C1CCC(CCCC2CCC3CCC(C4CCCC5CCCC54)CC3CC2)CC1
C(CCC1CCCC2CCCCC12)CC1CC2CCCCC2C1
C1CCC(CCC2CCCC3CCC4C(CCC4C4CCCCC4)CC23)CC1
C1CCC(C2CCC3CC4C5CCC6C(CCCC7CC8CCCCC8C7)CCC6C(CCC4CC32)C5)CC1
C1CCC(CCCCC2CC3CCCCC3C2)CC1
C(CCC1CCCC2CCCCC12)CC1CCCC2CCCCC12
C1CCC(CCCCCC2CC3CCCCC3C2)CC1
C1CCC(C2CCC3C(CCCCCC4CCC(CC5CCCC5)C4)CCCC23)CC1
C1CCC(CCCCC2CCC3CCCCC23)CC1
C1CCC(C2CC3CCCC3C3CCC4CCCCC4C23)CC1
C1CCC2CC(C3CCCC4CCCC43)C3CCCC3C2CC1
C1CCC(C2CCC3C(CCC4CCCCC43)C2)CC1
C1CCC(C2CCC(C3CC4CCCC4C4CCC5CCCCC5C34)CC2)C1
C1CCC(CCC2CCC(CCC3CCCC(CC4CCCC4)C3)CC2)CC1
C1CCC2CC(CCCC3CCC4C3CCC3C5CCCCC5CCCC43)CCC2C1
C1CCC(C2CC3CCCCC3C3CCC4CCCCC4C23)CC1
C1CCC(CCC2CCC3C(CCC3C3CCCCC3)C2)CC1
C1CCC2CC(C3CCCC4CCCC43)CCC2C1
C1CCC2C(C1)CCC1C3CCCC3CCC21
C1CCC2C(C1)CC(C1CCCC1)C1CCCCC21
C1CCC(C2CCC3CC4(CCCCCC4C4CCCCC4)CCC32)CC1
C(CCC1CCC2C(CCC3C4CCCC4CCCC23)C1)CC1CCC(C2CC3CCCC3C3CCC4CCCCC4C23)CC1
C1CCC(CCCCCC2CC3CCCCC3C2)CC1
C1CCC2C(C1)CCC1CCCCC12
C1CCC(CC2CC3CCCCC3CC3CCC4CCCCC4C32)CC1
C1CCC(CCCC2CCCC3CC4C(CCC4C4CCCCC4)CC23)CC1
C(CCCC1CCCC2C(C3CCCCC3)CCC12)CCC1CCCCC1
C1CCC(C2CC3CCCCC3C3CCCCC23)CC1
C1CCC(C2CC3CCCC3C3CCC4CCCCC4C23)CC1
C1CCC(C2CCC3(CCC4CC5C(CCC5C5CCCCC5)CC43)C2)CC1
C1CCC(C2CCC(CCCCCC3CCCCC4CCCCC34)C2)CC1
C1CCC2CCC(C3CCCC4CCCC43)CC2CC1
C1CCC(CCCC2CCC(CCC3CCCCC3)CC2)CC1
C1CCC(CCCCC2CC3CCCCC3C2)CC1
C1CCC(CCC(CCC2CC3CCCCC3C2)C2CC2)CC1
C1CCC2CC(C3CCCC4CCCC43)CCC2C1
C1CCC(CCCCCC2CC3CCCCC3C2)CC1
C1CCC(CCC2CCCC3CCC(C4CCCC5CCCC54)CC23)CC1
C1CCC2CC(C3CCCC4CCCC43)C3CCCC3C2CC1
C1CCC(C2CCC3CC4C(CCCC5C6CCC(CCCC7CC8CCCCC8C7)C6CCC45)CC32)CC1
C1CCC2CCC(C3CCCC4CCCC43)CC2CC1
C1CCC(CCCCC2CC3CCCCC3C2)CC1
C1CCC2CCC(C3CCCC4CCCC43)CC2CC1
C1CCC(C2CC3CCCC3CC3CCC4CCCCC4C32)CC1
C1CCC(CCCCC2CCC3CCC(C4CCCC5CCCC54)CC3C2)CC1
C1CCC(CCCC2(CCC3CCCC3)CCC3C4CCC5CCCCC5C4CCCC32)CC1
C1CCC(CC2CCC3C(CCC3C3CCCCC3)C2)CC1
C1CCC(CCC2CCC3C(CCC3C3CCCCC3)C2)CC1
C1CCC(C2CCC3CC4C(CCC32)CCC42CCCC2)CC1
C(CCCC1CCCCC1)CCCC1CCC(C2CCCCC2)C1
C1CCC(C2CCC3CCC4(CCCCCC4)C3C2)CC1
C1CCC(CCC2CCCCCC23CCC2C(CCC2C2CCCCC2)C3)CC1
C1CCC2CCC3CCCCC3C2CC1
C1CCC(C2CCC(CCCC3CCC4C3CCCC3C5CCCCC5CCC34)C2)CC1
C1CCC(C2CCC3CC4C(CCC5C6CCC(CCCCC7CC8CCCCC8C7)C6CCC45)CC32)CC1
C1CCC(CCCCC2CC3CCCCC3C2)CC1
C1CCC(C2CC3CCCC3C3CCC4CCCCC4C23)CC1
C1CCC(CCC2(CCCC3CC4CCCCC4C3)CCC3C4CCC5CCCCC5C4CCC32)C1
C1CCC(C2CC3CCCC3C3CCC4CCCCC4CC23)CC1
C1CCC2C(C1)CC(C1CCCC1)C1CCCC21
C1CCC(C2CCC3CC4(CCCCCCC4C4CCCCC4)CCC32)CC1
C1CCC(CCCCCC2CCC3CCCCC23)CC1
C1CCC2C(C1)CC(C1CCCC1)C1CCCCC21
C1CCC(CCC2CCC3C(CCC4CCCCC43)C2)CC1
C1CCC(CCCCC2CC3CCCCC3C2)CC1
C1CCC(CCC2CCC3C(CCC3C3CCCCC3)C2)CC1
C1CCC2C(C1)CCC1C2CCCC2C3CCCC3CC21
C1CCC(C2CC3CCCC3C3CCC4CCCCC4C23)CC1
C1CCC2C(C1)CCCC2CC1CC2CCCCC2C2CCCC12
C1CCC2CC3CCC(C4CCCCC4)C3CC2CC1
C(CCC1CCC2CCCCC2C1)CCC1CCCC2CCCCC12
C1CCC(C2CC3CCCC3C3CCC4CCCCC4CC23)CC1
C1CCC(CCCC2CC3CCCC3C3CCC4CCCCC4C23)CC1
C1CCC2CCC3C4CCCC4CCC3C2CC1
C1CCC(CCCC2CCC3CCCC3C2)CC1
C1CCC(CCCCC2CCC3CCCCC23)CC1
C1CCC(CCCCCC2CCCCC2)CC1
C1CCC(CCC(CC2CCCCC2)C2CCCCC2)CC1
C1CCC(CCC2CCC3C(CCCC4C5CCCC5CC(CCC5CCCCC5)C34)C2)CC1
C1CCC(C2CCC3CCCC3C3CCC4CCCCC4C23)CC1
C(CCC1CCCC2CCCC12)CC1CC2CCCCC2C1
C1CCC(C2CC3CCCCC3C3CCC4CCCCC4C23)CC1
C(CCC1CCC2C(CCC3C4CCCC4CCC23)C1)CC1CCC(C2CCC(C3CC4CCCC4C4CCC5CCCCC5C34)CC2)CC1
C1CCC2C(C1)CC(C1CCCC1)C1CCCCC21
C1CCC(CC2CC3CCCCC3C3CCC4CCCCCC4C23)CC1
C1CCC2CC(C3CCCC4CCCC43)CCC2C1
C1CCC(CCC2CCC(CCC3CCCC(CC4CCCC4)CC3)CC2)CC1
C(CCC1CCC2CCCCC2C1)CCC1CCCCC2CCCCC12
C1CCC2C(C1)CCC1CCCCC12
C1CCC(CCC(CC2CC3CCCCC3C2)C2CC2)CC1
C1CCC(CCCC(CC2CC3CCCCC3C2)C2CC2)CC1
C1CCC(CCCCC2CC3CCCCC3C2)CC1
C1CCC(CCCCC2CCC3CCC(C4CCCC5CCCC54)CC3C2)CC1
C1CCC2CCC(C3CCCC4CCCC43)CC2CC1
C1CCC2C(C1)CCC1C3CCCC3CCC21
C1CCC2C(C1)CCC1CCCCC12
C1CCC(C2CCC3CC4CCCCC4CC32)CC1
C(CCC1CCCC2CCCCC12)CC1CCC2CCCCC2C1
C1CCC(CCC2CCC(C3CC3)CC2)CC1
C1CCC(CC2CCCC(C3CCC4CC(CCC5CCC6CCCCC6C5)CCC43)C2)C1
C1CCC(CC2CCC(CC(CC3CCCCC3)C3CCCCC3)CC2)CC1
C1CCC(C2CC3CCCC3C3CCC4CCCCC4C23)CC1
C1CCC(CCCCC2CCC3CCCCC23)CC1
C1CCC(CCC2CCC3C(CCC3C3CCCCC3)C2)CC1
C1CCC(C2CC3CCCC3C3CCC4CCCCC4C23)CC1
C1CCC(CCCCC2CC3CCCCC3C2)CC1
C(CCCC1CCCCC1)CCC1CCCCC1
C1CCC(CC2CCC3CCC(C4CCCC4)CC32)C1
C1CCC(CC2CCCC(CCC3CCC(CCC4CCC(C5CCC5)CC4)CC3)C2)C1
C1CCC(CCCC2(CCCC3CC4CCCCC4C3)CCC3C4CCC5CCCCC5C4CCC32)C1
C1CCC2C(C1)CCCC1CCCCC12
C1CCC2CCC(C3CCCC4CCCC43)CC2CC1
C(CCCC1CCCC2C(C3CCCCC3)CCC12)CCC1CCCCC1
C1CCC(C2CCC3CC4C(CCC5C6CCC(CCCC7CCC8CCCCC8C7)C6CCC45)CC32)CC1
C1CCC(CC2CCC(CC(CC3CCCCC3)C3CCCCC3)CC2)CC1
C1CCC2CCCCC2C(CCCCC2CCCC3CCCCC23)C1
C1CCC(CCCC2CCC3C(CCC3C3CCCCC3)C2)CC1
C1CCC(CCCCCC2CC3CCCCC3C2)CC1
C1CCC(C2CCC3CC4C(CCC5C6CCC(CCCC7CCC8CCCCC8C7)C6CCC45)CC32)CC1
C1CCC(CCCCCC2CC3CCCCC3C2)CC1
C(CCCC1CCCCC1)CCCC1CCC(C2CCCCC2)C1
C1CCC(C2CC3CCCCC3C3CCCCC3C2)CC1
C1CCC(CCCCC2CC3CCCCC3C2)CC1
C(CCCC1CCCCC1)CCCC1CCC(C2CCCCC2)C1
C1CCC2C(C1)CC(C1CCCC1)C1CCCC21
C(CCC1CCC2C(CCC3C4CCCC4CCC23)C1)CC1CCC(C2CC3CCCC3C3CCC4CCCCC4C23)CC1
C1CCC(CCCCCC2CCC3CCCCC23)CC1
C1CCC2CC(CCCC3CCC4C3CCC3C5CCCCC5CCC43)CC2C1
C1CCC2C(C1)CCCC1CCCCC12
C1CCC2CCC3CCCCC3C2CC1
C1CCC(CCC2(CCCC3CCC4CCCCC4C3)CCC3C4CCC5CCCCC5C4CCC32)C1
C(CCC1CC2CCCCC2C1)CCC1CCCC2CCCC12
C1CCC2CC(CCCC3CCC4C3CCC3C5CCCCC5CCC43)CCC2C1
C1CCC(C2CCC3CC4C(CCCC45CCCCC5)CC32)CC1
C1CCC(C2CCC3CC4C(CCC5C6CCCC(CCCC7CCC8CCCCC8C7)C6CCC45)CC32)CC1
C1CCC(C2CCC3C(CCCCCC4CCC(C5CCCC5)C4)CCCC23)CC1
C1CCC(CC2CCC3C(CCC3C3CCCCC3)C2)CC1
C1CCC2CCC(C3CCCC4CCCC43)CC2CC1
C1CCC(CCCCCC2CCCC3C(CC4CCCCC4)CCC23)CC1
C(CCC1CCCC2CCCC12)CC1CC2CCCCC2C1
C1CCC(C2CCC3CC4C(CCCCC45CCCC5)CC32)CC1
C1CCC(CCCC(CCC2CCC3C(CCC3C3CCCCC3)C2)C2CCCCC2)CC1
C1CCC2CCC3C4CCCC4CCC3C2CC1
C1CCC(C2CCC(CCCC3CCC4C3CCCC3C5CCCCC5CCC34)C2)CC1
C1CCC2CCC(C3CCCC4CCCC43)CC2CC1
C1CCC(CCCCC2CC3CCCCC3C2)CC1
C1CCC2C(C1)CCC1C2CCC2C3CCCC3CC21
C1CCC(C2CC3CCCCC3C3CCC(CCC4CCCC4)CC23)CC1
C1CCC(CCC2CCC(CCC3CCCC(CC4CCCCC4)C3)CC2)CC1
C1CCC(C2CC3CCCC3C3CCC4CCCCC4CC23)CC1
C1CCC(C2CCC3CCCC3C3CCC4CCCCCC4C23)CC1
C1CCC(CC2CCC3C(CCC3C3CCCCC3)C2)CC1
C1CCC(CCC2CCC3C(CCC3C3CCCCC3)C2)CC1
C1CCC2CCC3C(CCC4C3CCC4(CCCC3CCC4CCCCC4C3)CCC3CCCC3)C2CC1
C1CCC(CCC(CC2CCCCC2)C2CCCCC2)CC1
C1CCC(CCC2CCC3C(CCC4C5CCCC5CCCC34)C2)CC1
C1CCC(C2CCC3C(CCC4CCCCC43)C2)CC1
C1CCC(CCCCC2CC3CCCCC3C2)CC1
C1CCC(C2CCC3CC4C(CCC5C6CCC(CCCC7CC8CCCCC8C7)C6CCC45)CC32)CC1
C1CCC(CCC(CCC2CCC3CCCC3C2)CC2CCCCC2)CC1
C1CCC(CCC2CCC3C(CCC4C5CCCC5CCC34)C2)CC1
C1CCC(CCCC23CCCC2CC2C4CCC5CCCCC5C4CCC23)C1
C(CCCC1CCC(C2CCCCC2)C1)CCC1CCCCC1
C1CCC(CCC2CCC3C2CCC(C2CCCCC2)C2C4CCCCC4CCCC32)CC1
C1CCC(CCCCC2CCC3CCCCC23)CC1
C(CCCC1(C2CCCCC2)CCC1)CCC1CCC(C2CCCCC2)C1
C1CCC(CCC2CCC3C(CCC3C3CCCCC3)C2)CC1
C1CCC(CCC2CCC3C(CCC4CCC(C5CCCCC5)CCC43)C2)CC1
C1CCC(CCC2CCC3C(CCC3C3CCCC(CCC4CCCC4)C3)C2)CC1
C1CCC(C2CCC3CCC4C(CCC45CCCCC5)CC32)CC1
C(CCCC1CCCCC1)CCC1CCCCC1
C1CCC(CCCCCC2CC3CCCCC3C2)CC1
C(CCC1CCC2C1CCC1C3CCCCC3CCC21)CC1CC2CCCCC2C1
C1CCC2CCC3C4CCC(CCCC5CC6CCCCC6C5)C4CCC3C2CC1
C1CCC(C2CCC(CCCCC3CCC4C3CCC3C5CCCCC5CCC43)C2)CC1
C1CCC(CCC2CCC3C(CCCC4C5CCCC5CC(CCC5CCCCC5)C34)C2)CC1
C1CCC(CCC(CCC2CCC3CCCCC3C2)CC2CCCCC2)CC1
C1CCC(CCCCCC2CC3CCCCC3C2)CC1
C(CCCC1CCCC2C(C3CCCCC3)CCC12)CCC1CCCCC1
C1CCC(C2CCC3CC4(CCCCC4C4CCCCC4)CCC32)CC1
C1CCC(CCC2CCC3C(CCC3C3CCCC(CC4CCCC4)C3)C2)CC1
C(CCCC1CCCC2C(C3CCCCC3)CCC12)CCC1CCCCC1
C1CCC(CCCC2CCC(CCC3CCCCC3)CC2)CC1
C1CCC(C2CCC3CC4C(CCCC45CCCC5)CC32)CC1
C1CCC(CCC2CCC3C(CC4CCCCC4)CCC3C2)CC1
C1CCC(C2CCC3CCCCC3C3CCCCC23)CC1
C1CCC2C(C1)CCCC1C3CCCC3CCC21
C1CCC(CCCCCC2CCCC3C(C4CCCCC4)CCC23)CC1
C1CCC2C(C1)CC(C1CCCC1)C1CCCCC21
C1CCC(CCC2CCC(CC3CC3)CC2)CC1
C1CCC(CCC2CCC(CCC3CCCCC3)CC2)CC1
C1CCC(CCC2CCC3C(CCC3C3CCCCC3)C2)CC1
C1CCC(CCCCCC2CC3CCCCC3C2)CC1
C1CCC(CC2CCC3CC4C(CCCC45CCCC5)CC23)CC1
C1CCC2C(C1)CCC1C3CCCC3CCCC21
C1CCC2C(C1)CCC1CC3CC4CCCC4C3CCC12
C(CCCC1CCCC2C(C3CCCCC3)CCC12)CCC1CCCCC1
C1CCC2C(C1)CC(C1CCCC3CCCC31)C1CCCC21
C1CCC(C2CCC3CC4C(CCC5C6CCC(CCCC7CC8CCCCC8C7)C6CCC45)CC32)CC1
C1CCC(CCCCCC2CC3CCCCC3C2)CC1
C1CCC(C2CC3CCCCC3C3CCC4CCCCC4C23)CC1
C1CCC(CCC2CCC(C3CC3)CC2)CC1
C1CCC(CCC2CCC(CC3CC3)CC2)CC1
C(CCCC1CCCCC1)CCC1CCCCC1
C1CCC(C2CCC3CC4C(CCC5C6CCC(CCCCC7CC8CCCCC8C7)C6CCC45)CC32)CC1
C1CCC2CCC3C(CCC4C3CCC4(CCCC3CC4CCCCC4C3)CCC3CCCC3)C2CC1
C1CCC2CCC(C3CCCC4CCCC43)CC2CC1
C1CCC(CCCCC2CCC3CCCCC23)CC1
C1CCC(C2CCC3CCCC3C3CCC4CCCCC4C23)CC1
C1CCC2CC(CCCC3CCCC4C3CCC3C5CCCCC5CCC43)CC2C1
C1CCC(CC2CC3CCCCC3C3CCC4CCCCC4C23)C1
C1CCC(C2CC3CCCC3C3CCC4CCCCC4C23)CC1
C1CCC(CCCCC2CC3CCCCC3C2)CC1
C(CCC1CCCC2CCCCC12)CC1CCC2CCCCC2C1
C1CCC(CCCCC2CCCC(C3CCC4CC(CCC5CCC6CCCCC6C5)CCC43)C2)CC1
C1CCC(CCCCC2CC3CCCCC3C2)CC1
C1CCC2CCC(C3CCCC4CCCC43)CC2CC1
C1CCC(CCCCC2CCC3CCCCC23)CC1
C1CCC2CCC3C4CCCC4CCC3C2CC1
C1CCC(CCCCCC2CC3CCCCC3C2)CC1
C1CCC2CCC3C4CCCC4CC(C4CCC(CCCCC5CCC6C(CCC7C8CCCC8CCC67)C5)CC4)C3C2CC1
C1CCC(C2CCC3CCC4C(CCCC45CCCC5)CC32)CC1
C(CCC1CCC2C(CCC3C4CCCC4CCC23)C1)CC1CCC(C2CC3CCCC3C3CCC4CCCCC4C23)CC1
C1CCC(CCC2CCC3C(CCC3C3CCCCC3)C2)CC1
C1CCC2CCC3C4CCC(CCCC5CC6CCCCC6C5)C4CCC3C2CC1
C(CCC1CCCCC2CCCCC12)CC1CCC2CCCCC2C1
C1CCC(CCC2CCCC3CCC4C(CCC4C4CCCCC4)CC23)CC1
C(CCCC1CCCC2C(C3CCCCC3)CCC12)CCC1CCC(C2CCCC2)C1
C1CCC2C(C1)CCC1C3CCCC3CCC21
C1CCC(CCC2CCC3C(CCC3CC3CCCC(CCC4CCCC4)C3)C2)CC1
C1CCC(C2CCC3CC4C(CCC45CCCCCC5)CC32)CC1
C1CCC(CC2CC3CCCCC3C3CCC4CCCCC4C23)CC1
C1CCC2CC(C3CCCC4CCCC43)CCC2C1
C1CCC(C2CC3CCCC3C3CCC4CCCCC4C23)CC1
C1CCC(CCC2CCC3C(CCC4CC(C5CCCCC5)CCC43)C2)CC1
C1CCC(CC2CCCC(C3CCC4CC(CCC5CCC6CCCCC6C5)CCC43)C2)C1
C1CCC(CCC2CCC3C(CCC4C5CCCC5CC(CCC5CCCCC5)C34)C2)CC1
C1CCC2CCC3C4CCCC4CCC3C2CC1
C1CCC(CCCCC2CC3CCCCC3C2)CC1
C1CCC(C2CCC3C(CCCCCC4CCC4)CCCC23)CC1
C(CCCC1CCCC2C(C3CCCCC3)CCC12)CCC1CCCCC1
C1CCC2CCC(C3CCCC4CCCC43)CC2CC1
C1CCC(CC2CCC(CCCCCC3CCCC4CCCCC34)C2)CC1
C1CCC(CC2CCC3CC4C(CCCC5CC5)CCCC4CC23)CC1
C1CCC(C2C3CCCCC3CC3CC4CCCC4CC32)CC1
C1CCC(CCC2(CCCC3CC4CCCCC4C3)CCC3C4CCC5CCCCC5C4CCC32)C1
C1CCC(CC2CC3CCCCC3C3CCC4CCCCCC4C23)CC1
C1CCC(CCCCCC2CC3CCCCC3C2)CC1
C1CCC2C(C1)CCC1C3CCCCC3CCC21
C1CCC(CCC2CCC(CCCC3CCCC(CC4CCCC4)C3)CC2)CC1
C1CCC(CCCCC2CCC3C2CCC2C4CCCCCC4CCC32)CC1
C1CCC2C(C1)CCC1CCCCC12
C1CCC(C2CCC3CC4C(CCC32)CCC42CCCC2)CC1
C1CCC(CC2CCC3C(CC4CCCCC4)CCC3C2)CC1
C1CCC(C2CCC3CC4C(CCC32)CCC2C3CCC(CCCC5CC6CCCCC6C5)C3CCC42)CC1
C1CCC(CCC(CCC2CCCCC2)CCC2CCC3CCCC3C2)CC1
C1CCC2C(C1)CCC1CCCCC12
C1CCC(CC2CC3CCCCC3C3CCC4CCCCC4C23)CC1
C1CCC(CCCC2CCCC(C3CCC4CC(CCC5CCC6CCCCC6C5)CCC43)C2)CC1
C1CCC(CCCCC2CC3CCCCC3C2)CC1
C(CCC1CCCC2CCCCC12)CC1CCCC2CCCCC12
C1CCC(C2CC3CCCC3C3CCC4CCCCC4CC23)CC1
C(CCCC1CCCC2C(C3CCCCC3)CCC12)CCC1CCCCC1
C1CCC(C2CCC3C(CCCCCC4CCC(C5CCCC5)C4)CCCC23)CC1
C1CCC2CC(C3CCCC4CCCC43)CCC2C1
C(CCCC1(C2CCCC2)CCCC2CCCCC21)CCC1CCC(C2CCCCC2)C1
C1CCC(C2CCC3CC4C(CCC32)CCC2C3CCC(CCCC5CC6CCCCC6C5)C3CCC42)CC1
C(CCC1CCCC2CCCC12)CC1CC2CCCCC2C1
C(CCCC1CCCC2C(C3CCCCC3)CCC12)CCC1CCC(C2CCCC2)C1
C1CCC(C2CCC3CCCC3C3CCC4CCCCC4C23)CC1
C1CCC(CCCCC2CCC3CCCCC23)CC1
C1CCC(C2CC3CCCC3CC3CCC4CCCCC4C32)CC1
C1CCC(CCCCC2CCC3CCCCC23)CC1
C1CCC(CCCC2(CCCC3CCC4CCCCC4C3)CCC3C4CCC5CCCCC5C4CCC32)C1
C1CCC(CCCCC2CC3CCCCC3C2)CC1
C1CCC2CC3CCC(C4CCCCC4)C3CC2CC1
C1CCC2C(C1)CCC1CCCCC12
C1CCC(CCCCC2CC3CCCCC3C2)CC1
C1CCC2C(C1)CCC1C3CCCCC3CCC21
C1CCC(CCCC2CCC(CCC3CCCC(CC4CCCC4)C3)CC2)CC1
C1CCC(CCC(CCC2CCC3CCCC3C2)CC2CCCCC2)CC1
C1CCC(C2CCC3CC4C(CCC32)CCC2C3CCC(CCCC5CCCC6CCCCC65)C3CCC42)CC1
C1CCC(CCC2CCC3C(CCC4C5CCCC5CC(CCC5CCCCC5)C34)C2)CC1
C(CCC1CCCC2CCCC12)CC1CC2CCCCC2C1
C(CCCC1CCCCC1)CCCC1CCC(C2CCCCC2)C1
C1CCC(C2CCC(CCCCCC3(C4CCCC4)CCCC4CCCCC4C3)C2)CC1
C(CCCC1CCCCC1)CCCC1CCC(C2CCCCC2)C1
C1CCC2CC(C3CCCC4CCCC43)CCC2C1
C(CCC1CCCC2CCCCC12)CC1CCC2CCCCC2C1
C1CCC(CCC2CCCC3CCC4C(CCC4C4CCCCC4)CC23)CC1
C(CCC1CCCC2CCCC12)CC1CC2CCCCC2C1
C1CCC(C2CC3CCCC3C3CCC4CCCCCC4C23)CC1
C1CCC(CCCC2CCC(CCC3CCCC(CC4CCCC4)C3)CC2)CC1
C1CCC2C(C1)CCCC1CCCCC12
C1CCC(CC2CC3CCCCC3C3CCC4CCCCCC4C23)CC1
C1CCC(CCCC2CCC3CCC(C4CCCC5CCCC54)CC3C2)CC1
C1CCC2CC(CCCC3CCC4C3CCCC3C5CCCCC5CCC34)CC2C1
C1CCC(C2CCC3C(CCCC4CCCCC43)C2)C1
C1CCC(CCCC2CCC3CCC(C4CCCC5CCCC54)CC3C2)CC1
C1CCC2CC(CCCC3CCCC4C3CCC3C5CCCCC5CCC43)CC2C1
C1CCC(CCCCC2CCC3C2CCC2C4CCCCCC4CCC32)CC1
C1CCC2CCC(C3CCCC4CCCC43)CC2CC1
C1CCC(CCC(CCC2CCC3CCCC3C2)CC2CCCCC2)CC1
C1CCC(CC2CCC3C(CCC3C3CCCCC3)C2)CC1
C1CCC(C2CC3CCCC3C3CCC4CCCCCC4C23)CC1
C1CCC(CCCCCC2CC3CCCCC3C2)CC1
C1CCC(C2CC3CCCC3C3CCC4CCCCC4CC23)CC1
C1CCC(CC(CC2CCCCC2)C2CCCCC2)CC1
C1CCC(CCCCCC2CCCC3C(CC4CCCCC4)CCC23)CC1
C1CCC2CC(CC3CCCC4CCCC43)CCC2C1
C1CCC(CCCCCC2CC3CCCCC3C2)CC1
C1CCC2C(C1)CCC1CCCCC12
C1CCC(C2CC3CCCC3C3CCCC4CCCCC4C23)CC1
C1CCC(CC2CC3CCCCC3CC3CCC4CCCCC4C32)CC1
C1CCC2C(C1)CC(C1CCCC1)C1CCCCC21
C(CCC1CCCC2CCCC12)CC1CCCC2CCCCC12
C1CCC2CC(C3CCCC4CCCC43)CCC2C1
C1CCC(CCCCC2CC3CCCCC3C2)CC1
C1CCC(CCC2(CCCC3CC4CCCCC4C3)CCC3C4CCC5CCCCC5C4CCC32)C1
C1CCC(CCCCCC2CC3CCCCC3C2)CC1
C1CCC(CCCC2CCC3C(CCC4C5CCCC5CC(CCC5CCCCC5)C34)C2)CC1
C1CCC(C2CC3CCCC3C3CCC4CCCCCC4C23)CC1
C(CCC1CCC2CCCCC2C1)CCC1CCCC2CCCCC12
C1CCC(C2CC3CCCC3C3CCC4CCCCC4CC23)CC1
C1CCC(C2CCC3C(CCC4CCCCC43)C2)CC1
C1CCC2CC(C3CCCC4CCCC43)CCC2C1
C1CCC(C2CCC3CCC4C(CC5CCC6CCCCC65)CCCC4CC32)CC1
C1CCC(C2CCC(CCCC3CCC4CC5CCC6CCCCC6C5CCC34)C2)CC1
C1CCC(CCC(CCC2CCC3CCCCC3C2)CC2CCCCC2)CC1
C1CCC(C2CC3CCCC3C3CCC4CCCCCC4C23)CC1
C1CCC(CC2CCC3C(CCC3C3CCCCC3)C2)CC1
C(CCC1CCCC2CCCCC12)CC1CCC2CCCCC2C1
C1CCC2CCCCC2C(CCCCC2CCCC3CCCCC23)C1
C1CCC(C2CC3CCCC3C3CCCC4CCCCC4C23)CC1
C1CCC(CCCCC2CC3CCCCC3C2)CC1
C1CCC(C2CCC3CC4(CCCCCC4C4CCCCC4)CCC32)CC1
C1CCC2CC(C3CCCC4CCCC43)CCC2C1
C1CCC(CCC(CCC2CCC3CCCC3C2)CC2CCCCC2)CC1
C1CCC2CCC3C4CCCCC4CCC3C2CC1
C1CCC(C2CCC3CC4C(CCC5C6CCCC(CCCC7CCCC8CCCCC87)C6CCC45)CC32)CC1
C1CCC(CCCCCC2CCC3CCCCC23)CC1
C1CCC(CCC2CCC(C3CC3)CC2)CC1
C(CCCC1CCCCC1)CCCC1CCC(C2CCCCC2)C1
C1CCC(CCCCC2C3CCCCCC3CCC2C2CCCC3CCCC32)CC1
C1CCC(C2CC3CCCCC3C3CCCCC23)CC1
C1CCC(C2CCC3CC4(CCCCCCC4C4CCCCC4)CCC32)CC1
C1CCC2C(C1)CCC1C3CCCC3CCC21
C1CCC(CCC(CCC2CCC3CCCC3C2)CC2CCCCCC2)CC1
C1CCC(C2CCC3CC4C5CCC6C(CCCC7CCC8CCCCC8C7)CCC6C(CCC4CC32)C5)CC1
C(CCC1CCCC2CCCC12)CC1CC2CCCCC2C1
C1CCC2CC(C3CCCC4CCCC43)CCC2C1
C1CCC(CC2CC3CCCCC3C3CCC4CCCCC4C23)CC1
C1CCC(CC2CC3CCCCC3C3CCC4CCCCC4C23)C1
C1CCC2C(C1)CCC1C3CCCC3CCCC21
C1CCC(CCC2CCCCC2)CC1
C1CCC2CCC3C4CCCCC4CC(CC4CCCC4)C3C2CC1
C1CCC(C2CCC3CC4C(CCC45CCCC5)CC32)CC1
C1CCC(CCC2CCC3C(CCC3C3CCCCC3)C2)CC1
C(CCCC1CCCCC1)CCCC1CCC(C2CCCCC2)C1
C1CCC2C(C1)CC(C1CCCC1)C1CCCCC21
C1CCC(CCCCC2CC3CCCCC3C2)CC1
C1CCC(CCCCCC2CCCC3CCCC23)CC1
C1CCC(CCCCC2CCC3CCCCC23)CC1
C1CCC(CCC2CCC3C(CCC3C3CCCCC3)C2)CC1
C1CCC2CCC3C4CCCC4CCC3C2CC1
C1CCC(C2CCC3CC4C(CCCC45CC(C4CCCCC4)C(C4CCCCC4)C5)CCC32)CC1
C(CCCC1CCCC2C(C3CCCCC3)CCC12)CCC1CC1
C1CCC2CC(C3CCCC4CCCC43)CCC2C1
C1CCC(C2CC3CCCC3C3CCC4CCCCC4C23)CC1
C1CCC(C2CCC3CC4C(CCC5C6CCC(CCCC7CC8CCCCC8C7)C6CCC45)CC32)CC1
C1CCC(CC2CC3CCCCC3C3CCC4CCCCCC4C23)CC1
C1CCC2CCC(C3CCCC4CCCC43)CC2CC1
C1CCC2CCC3C4CCCCC4CCC3C2CC1
C(CCCC1CCCC2C(C3CCCCC3)CCC12)CCC1CCCCC1
C1CCC(CCCCCC2CCCC3C(C4CCCCC4)CCC23)CC1
C1CCC(C2CC3CCCC3C3CCC4CCCCC4C23)CC1
C1CCC(CC2CC3CCCCC3C3CCC4CCCCCC4C23)CC1
C1CCC(CCCC2CCC3CCC(C4CCCC5CCCC54)CC3C2)CC1
C1CCC(CCC2CCCCC2)CC1
C1CCC(CCCC2CCCC(C3CCC4CC(CCC5CCC6CCCCCC6C5)CCC43)C2)CC1
C1CCC2C(C1)CC(C1CCCC3CCCCC31)C1CCCC21
C1CCC(CCCCCC2CCCC3C(C4CCCCC4)CCC23)CC1
C(CCC1CCCC2CCCCC12)CC1CCCC2CCCCC12
C1CCC(C2CC3CCCC3C3CCC4CCCCC4C23)CC1
C1CCC2CC(CCCC3CCC4C3CCC3C5CCCCC5CCC43)CC2C1
C1CCC(CCC(CCC2CCCCC2)CCC2CCC3CCCC3C2)CC1
C1CCC(CCC2(CCCC3CC4CCCCC4C3)CCC3C4CCC5CCCCC5C4CCC32)C1
C1CCC(CCC2CCC(CCC3CCCC(CC4CCCCC4)C3)CC2)CC1
C1CCC(CCC2CCC3C2CCC(C2CCCCC2)C2C4CCCCC4CCC32)CC1
C1CCC(CCCCCC2CCCC3C(C4CCCCC4)CCC23)CC1
C1CCC(CCCC2CCC3CCC(C4CCCC5CCCC54)CC3C2)CC1
C1CC(C2CCC(C3CCC4CCCC4C4CCC5CCCCC5C34)CC2)C1
C1CCC(CCCCC(CC2CCC3C(CCC3C3CCCCC3)C2)C2CCCCC2)CC1
C1CCC(C2CCCC3CCCC3C3CCC4CCCCC4C23)CC1
C1CCC(CCCCC2CC3CCCCC3C2)CC1
C1CCC(CCC2CCC3C(CCC3C3CCCC(CCC4CCCC4)C3)C2)CC1
C1CCC(CCCCC2CCCC3CCC(C4CCCCC4)CC23)CC1
C1CCC(CCC2CCC3C(CCC3C3CCCCC3)C2)CC1
C1CCC2CC(CCCC3CCC4C3CCC3C5CCCCC5CCC43)CC2C1
C1CCC(C2CCC3CC4C(CC5CCC6CCCCC65)CCCCC4CC32)CC1
C(CCC1CCC2CCCCC2C1)CCC1CCCC2CCCCC12
C(CCCC1CCCCC1)CCCC1CCC(C2CCCCC2)C1
C1CCC(C2CCC3CC4C(CCC32)CCC42CCCC2)CC1
C1CCC(CCCCCC2CCCC3C(C4CCCCC4)CCC23)CC1
C(CCC1CCCC2CCCCC12)CC1CCCC2CCCCC12
C1CCC(CCCCCC2CCCC3C(CC4CCCCC4)CCC23)CC1
C1CCC2CC(C3CCCC4CCCC43)CCC2C1
C1CCC(C2CCC3CC4C(CCCC45CCCCC5)CC32)CC1
C1CCC2C(C1)CCC1CCCCC12
C1CCC(CCCCC2CC3CCCCC3C2)CC1
C1CCC(CC2CC3CCCCC3C3CCC4CCCCC4C23)C1
C1CCC(C2CCC3CCC4C(CCCC45CCCC5)CC32)CC1
C1CCC2CC(C3CCCC4CCCCC43)C3CCCC3C2CC1
C1CCC(CC2CC3CCCCC3C3CCC4CCCCCC4C23)CC1
C1CCC(CCC2CCC3C(CCC3C3CCCCC3)C2)CC1
C1CCC2CC(CCCC3CCC4C3CCCC3C5CCCCC5CCC34)CCC2C1
C1CCC(CCC2CCC3C(CCC3C3CCCCC3)C2)CC1
C1CCC(C2CCC3CC4C(CCC5C6CCCC(CCCC7CCC8CCCCC8C7)C6CCC45)CC32)CC1
C1CCC2C(C1)CCC1CCCCC12
C1CCC(C2CCC3CC4C(CCC45CCCCC5)CC32)CC1
C(CCCC1CCCC2C(C3CCCCC3)CCC12)CCC1CCC(C2CCCC2)C1
C1CCC(C2CCC3CC4C5CCC6C(CCCC7CC8CCCCC8C7)CCC6C(CCC4CC32)C5)CC1
C1CCC(CCC2CCC3C(CCC3C3CCCCC3)C2)CC1
C1CCC(C2CC3C(CCC4CCC4)CCC3C3CCC4CCCCC4C23)CC1
C1CCC(CCCC2CCCC(C3CCC4CC(CCC5CCC6CCCCCC6C5)CCC43)C2)CC1
C(CCCC1CCCC2C(C3CCCCC3)CCC12)CCC1CCC(C2CCCC2)C1
C1CCC(CC2CCC3CC4C(CCC5C6CCC(CCCC7CCC8CCCCC8C7)C6CCC45)CC23)CC1
C1CCC(C2CC3CCCC3CC3CCC4CCCCC4C32)CC1
C(CCC1CCC2CCCCC2C1)CCC1CCCC2CCCCC12
C1CCC(C2CCC3C(CCCCCC4CC4)CCCC23)CC1
C1CCC(C2CCC3CC4C(CCC32)CCC2C3CCC(CCCC5CCC6CCCCC6C5)C3CCC42)CC1
C1CCC(CCC2CCC(CCCC3CCCC(CC4CCCC4)C3)CC2)CC1
C1CCC(CC2CCC3CCC(C4CCCC4)CC32)C1
C1CCC(C2CCC3CC4C(CCC45CCCCC5)CC32)CC1
C1CCC(CCC2CCC3C(CCC3C3CCCCC3)C2)CC1
C1CCC(C2CC3CCCCC3C3CCCCC3C2)C1
C1CCC(CCCCCC2CC3CCCCC3C2)CC1
C1CCC(CCCCC2CCCC(C3CCC4CC(CCC5CCC6CCCCC6C5)CCC43)C2)CC1
C1CCC2CCC3C4CCC(CCCC5CC6CCCCC6C5)C4CCC3C2CC1
C1CCC(CCCCCC2CC3CCCCC3C2)CC1
C1CCC(CCCCC2CCC3C2CCC2CC4CCCCC4CCC23)CC1
C1CCC2C(C1)CCC1C3CCCCC3CCC21
C1CCC(C2CC3CCCCC3C3CCCCC3C2)C1
C1CCC(CCC2CCC(C3CC3)CC2)CC1
C1CCC(CC23CCCCC2CCC2C4CCCC4CCCC23)CC1
C1CCC(C2CCC3C(CCCCCC4CCC(C5CCCC5)C4)CCCC23)CC1
C(CCC1CCCC2CCCCC12)CC1CCCC2CCCCC12
C1CCC(CCC2CCC(CC3CCCC4C(C5CCCCC5)CCC34)C2)CC1
C1CCC2C(C1)CCCC2CCCC1CCCC2CCCCC21
C1CCC2CCC3C4CCCCC4CCC3C2CC1
C1CCC(C2CCC3C(CCCCCC4CCC4)CCCC23)CC1
C(CCC1CCCC2CCCC12)CC1CC2CCCCC2C1
C(CCCCC1CCC(C2CCCCC2)C1)CCCC1CCCCC1
C1CCC(CCCC(CC2CC3CCCCC3C2)C2CC2)CC1
C(CCC1CCCC2CCCCC12)CC1CCC2CCCCC2C1
C1CCC(C2CCC3CC4C(CC5CCC6CCCCC65)CCCC4CC32)CC1
C1CCC(CC2CC3CCCCC3C3CCC4CCCCC4C23)C1
C1CCC2CCC(C3CCCC4CCCC43)CC2CC1
C1CCC2CC(CC3CCCC4CCCC43)CCC2C1
C1CCC(C2CC3CCCC3C3CCC4CCCCC4C23)CC1
C1CCC(C2CC3CCCCC3C3CCCCC3C2)CC1
C1CCC2CC(C3CCCC4CCCC43)CCC2C1
C1CCC2CC(CCCC3CCC4C3CCCC3C5CCCCC5CCC34)CC2C1
C1CCC(C2CCC(CCCC3CCC4C3CCC3C5CCCCCC5CCC43)C2)CC1
C1CCC(CCCCC2CC3CCCCC3C2)CC1
C1CCC(CCC2CCC(CCC3CCCC(CCC4CCCC4)C3)CC2)CC1
C1CCC(C2CCC(CCCCC3CCC4C3CCC3C5CCCCC5CCC43)C2)CC1
C1CCC2C(C1)CCC1C2CCC2C3CCCC3CC21
C1CCC(CCCCCC2CCCC3C2CCC3C2CCCC(CC3CC3)C2)CC1
C1CCC(CCC2CCC(CCC3CCCC(CC4CCCC4)C3)CC2)CC1
C1CCC(CCCCC2CCC3CCCCC23)CC1
C1CCC(CC2CCC3C(CCC3C3CCCCC3)C2)CC1
C1CCC(CCCC(CCC2CCC3CCCC3C2)CC2CCCCC2)CC1
C1CCC2C(C1)CCC1C3CCCC3CCC21
C1CCC(C2CCC3C(CCC4CC4)CCC3C3CCC4CCCCC4C23)CC1
C1CCC2C(C1)CCC1C3CCCC3CCC21
C(CCCC1CCCCC1)CCC1CCCCC1
C1CCC(C2CC3C(CCC34CCCC4)C3CCC4CCCCC4C23)CC1
C1CCC2CCC(C3CCCC4CCCC43)CC2CC1
C1CCC(CCCCC2CCC3CCCCC23)CC1
C(CCC1CCCC2CCCC12)CC1CCCC2CCCCC12
C1CCC2C(C1)CC(C1CCCC3CCCC31)C1CCCC21
C1CCC(C2CCC3CC4C(CCC45CCCCC5)CC32)CC1
C1CCC(CCCCCC2CCCC3C(C4CCCCC4)CCC23)CC1
C1CCC(CC2CCC3C(CCC3C3CCCCC3)C2)CC1
C(CCCC1CCCCC1)CCCC1CCC(C2CCCCC2)C1
C1CCC(CCC2CCC3C(CCC4C5CCCC5CCC34)C2)CC1
C1CCC2CCC3C4CCCCC4CC(CC4CCCC4)C3C2CC1
C1CCC(CCC2CCC3C(CCC4C5CCCC5CC(CCC5CCCCC5)CC34)C2)CC1
C1CCC(C2CCC(CCCCCC3CCCC4CCCCC34)C2)CC1
C1CCC(CC2CC3CCCCC3C3CCC4CCCCC4C23)CC1
C1CCC2CCC(C3CCCC4CCCC43)CC2CC1
C(CCCC1CCCC2C(C3CCCCC3)CCC12)CCC1CCCCC1
C1CCC(CCCCCC2CCCC3C(C4CCCCC4)CCC23)CC1
C1CCC2CC(CCCC3CCCC4C3CCC3C5CCCCC5CCC43)CC2C1
C1CCC(CCCCC2CCC3CCCCC23)CC1
C1CCC2C(C1)CCC1C3CCCC3CCCC21
C1CCC(CCCC2CCCC(CC3CCC4CC(CCC5CCC6CCCCC6C5)CCC43)C2)CC1
C1CCC(CCC2CCC3C(CCC4CC(C5CCCCC5)CCC43)C2)CC1
C1CCC(CCCC2CCCC(C3CCC4CC(CCC5CCC6CCCCCC6C5)CCC43)C2)CC1
C1CCC2C(C1)CCC1C3CCCCC3CCC21
C1CCC(CCC2(CCCC3CC4CCCCC4C3)CCC3C4CCC5CCCCC5C4CCC32)C1
C1CCC2C(C1)CC(C1CCCC1)C1CCCCC21
C1CCC(C2CCC3CC4C(CCC5C6CCC(CCCC7CC8CCCCC8C7)C6CCC45)CC32)CC1
C1CCC(C2CC3CCCC3C3CCC4CCCCC4C23)CC1
C(CCCC1CCCCC1)CCCC1CCC(C2CCCCC2)C1
C(CCC1CCC2C1CCC1C3CCCCC3CCC21)CC1CC2CCCCC2C1
C1CCC(CCC(CCC2CCC3CCCC3C2)CC2CCCCC2)CC1
C1CCCC(C2CCC3CC4C(CCC5C6CCCC6CCC45)CC32)CC1
C1CCC(CC2CC3CCCCC3C3CCC4CCCCC4C23)C1
C1CCC(CCC2CCC3C(CCC4CC5CCCC5CC(CCC5CCCCC5)C43)C2)CC1
C(CCC1CCCC2CCCC12)CC1CC2CCCCC2C1
C1CCC2CC(C3CCCC4CCCC43)CCC2C1
C1CCC(C2CCC3C(CCCC4CCCCC43)C2)CC1
C1CCC(CC2CCCC(C3CCC4CC(CCC5CCC6CCCCC6C5)CCC43)C2)C1
C1CCC(C2CCC3CC4C(CCC32)CCC42CCCC2)CC1
C1CCC(CCCC2CCCC3CCC(C4CCCC5CCCC54)CC3C2)CC1
C1CCC2CC(C3CCCC4CCCC43)CCC2C1
C1CCC(CC2CCC3CC4C(CCCC45CCCC5)CC23)CC1
C1CCC(CCCC2CCC3CCCC3C2)CC1
C1CCC(C2CC3CCCC3C3CCC4CCCCC4C23)CC1
C1CCC(C2CCC(CCCCCC3CCCC4CCCCC34)C2)CC1
C1CCC(CC2CCC(C3CC4CCCC4C4CCC5CCCCC5C34)CC2)CC1
C1CCC(C2CCC3CC4C(CCC5C6CCCC6CCC45)CC32)CC1
C(CCC1CCCC2CCCC12)CC1CC2CCCCC2C1
C(CCCC1CCC2CCCC2C1)CCCC1CCC(C2CCCCC2)C1
C1CCC(C2CCC3C(CCC4CCCCC43)C2)CC1
C1CCC(CCC2CCC3C(CCC3C3CCCC(CC4CCCC4)C3)C2)CC1
C(CCC1CCCCC2CCCCC12)CC1CCC2CCCCC2C1
C(CCCC1CCCCC1)CCCC1CCC(C2CCCCC2)C1
C1CCC(CCC2CCC3C(CCC4C5CCCC5CCC34)C2)CC1
C1CCC2C(C1)CCC1C3CCCC3CCC21
C(CC1CCC2CCCC2C1)CC1CCC2CCC(C3CCCC4CCCC43)CC2C1
C1CCC(CCCCCC2CC3CCCCC3C2)CC1
C1CCC(C2CCC3CC4(CCCCCC4C4CCCCC4)CCC32)CC1
C1CCC(C2CCC(CC3CCC4CCCCC4C4CCC5CCCCC5C34)CC2)CC1
C1CCC(CCC2CCC(CCC3CCCC(CC4CCCC4)CC3)CC2)CC1
C1CCC(CC2CC3CCCCC3C3CCC4CCCCCC4C23)CC1
C1CCC(C2CC3CCCC3C3CCC4CCCCC4C3C2)CC1
C1CCC(CCC2CCC(CCC3CCCCC3)CC2)CC1
C1CCC2CCC(C3CCCC4CCCC43)CC2CC1
C1CCC(CCC(CC2CC3CCCCC3C2)C2CCC2)CC1
C1CCC(CC2CC3CCCCC3C3CCC4CCCCC4C23)C1
C1CCC(CCC2CCC3C(CCC3C3CCCCC3)C2)CC1
C(CC1CC2CCCCC2C1)CC1CCC2C(CCC3C4CCCCC4CCC23)C1
C1CCC(C2CCC3CC4C(CCC5C6CCC(CCCC7CCC8CCCCC8C7)C6CCCC45)CC32)CC1
C1CCC2CC(CCCC3CCCC4CCCCC43)CC2C1
C1CCC2C(C1)CCC1C3CCCCC3CCC21
C1CCC(CCCCC2CC3CCCCC3C2)CC1
C1CCC2C(C1)CCC1CCCCC12
C1CCC(C2CCC3CCCC3C3CCC4CCCCC4C23)CC1
C1CCC(CCC2CCCCC2CC2CC3CCCCC3C3CCC4CCCCC4C23)CC1
C1CCC(C2CCCC3CCCC3C3CCC4CCCCC4C23)CC1
C1CCC2C(C1)CCC1C3CCCC3CCCC21
C1CCC(CCC2CCCC3CC4C(CCC23)CCC4C2CCCCC2)CC1
C1CCC2CCC(C3CCCC3)CC2CC1
C1CCC2CCC(C3CCCC4CCCC43)CC2CC1
C1CCC(CCC2CC3CCCC3C3CCC4CCCCC4C23)CC1
C1CCC2CCC(C3CCCC4CCCC43)CC2CC1
C1CCC(C2CC3CCCCC3C3CCCCC3C2)CC1
C1CCC(C2CCC3CC4C(CCC45CCCC5)CC32)CC1
C1CCC2CC(C3CCCC4CCCC43)CCC2C1
C(CCC1CCCC2CCCC12)CC1CC2CCCCC2C1
C1CCC(C2CC3CCCC3C3CCC4CCCCC4C23)CC1
C1CCC(CCCCC2CC3CCCCC3C2)CC1
C1CCC(C2CCC3CCCCC3C3CCCCC23)CC1
C1CCC(CCC2CCC3C(CCC3C3CCCCC3)C2)CC1
C1CCC2CC(C3CCCC4CCCC43)CCC2C1
C1CCC(C2CCC3C(CCC34CCCC4)CC3CCC4CCCCC4C32)CC1
C1CCC(CCCCCC2CCCC3C(CC4CCCCC4)CCC23)CC1
C(CCCC1CCCC2C(C3CCCCC3)CCC12)CCC1CCCCC1
C1CCC(CCCCC2CC3CCCCC3C2)CC1
C1CCC2C(C1)CCCC2CCCC1CCCC2CCCCC21
C1CCC(C2CCC3CC4(CCCCC4C4CCCCC4)CCCC32)CC1
C1CCC(CCCCCC2CCCC3C(C4CCCCC4)CCC23)CC1
C(CCC1CCC2C1CCC1C3CCCCC3CCC21)CC1CCC2CCCCC2C1
C1CCC2C(C1)CCCC2CCCC1CCCC2C1CCC1C3CCCCC3CCC21
C1CCC2C(C1)CCCC1CCCCC12
C1CCC(CCCCC2CC3CCCCC3C2)CC1
C1CCC(CCCC2CCC3C(CCC3C3CCCCC3)C2)CC1
C1CCC(C2CC3C(CCC4CC4)CCC3C3CCCC4CCCCC4C23)CC1
C(CCCC1CCCCC1)CCCC1CCC(C2CCCCC2)C1
C1CCC(CCCCCC2CCCC3C(C4CCCCC4)CCC23)CC1
C(CCC1CCCC2CCCC12)CC1CC2CCCCC2C1
C1CCC(CC2CCC3CC4C(CCC5C6CCC(CCCC7CCC8CCCCC8C7)C6CCC45)CC23)CC1
C1CCC(CCC2CCC3C(CCC3CC3CCCC(CC4CCCC4)C3)C2)CC1
C1CCC(CCCCCC2CCC3CCCCC23)CC1
C1CCC(C2CCC3CC4C(CCC5C6CCC(CCCC7CCC8CCCCC8C7)C6CCC45)CC32)CC1
C1CCC(CC(CC2CCCCC2)C2CCCCC2)CC1
C1CCC(CCCCC2CC3CCCCC3C2)CC1
C1CCC(CCCC(CCC2CCC3CCCC3C2)CC2CCCCC2)CC1
C(CCC1CCCC2CCCC12)CC1CC2CCCCC2C1
C1CCC(CCCCC2CCC3CCCCC23)CC1
C(CCCC1CCCCC1)CCCC1CCC(C2CCCCC2)C1
C1CCC2CCC(C3CCCC4CCCC43)CC2CC1
C1CCC(C2CCC3CC4CCCCC4CC32)CC1
C(CCCC1CCCC2C(C3CCCCC3)CCC12)CCC1CCCCC1
C(CCC1CCCC2CCCCC12)CC1CCCC2CCCCC12
C1CCC(CCCCCC2CCCC3C(C4CCCCC4)CCC23)CC1
C1CCC(CCCCC2(CCC3CCCC3)CCC3C4CCC5CCCCC5C4CCC32)C1
C1CCC(CCC2CCC3C(CC4CCCCC4)CCC3C2)CC1
C1CCC(CCCCCC2CCC3CCCCC23)CC1
C1CCC(C2CCC3CC4C(CCC32)CCC42CCCCC2)CC1
C1CCC2CC(C3CCCC4CCCC43)CCC2C1
C1CCC(CCCC2CCC(C3CCC4C(CC5CCCCC5)CCC4C3)CC2)CC1
C1CCC(CC2CC3CCCCC3C3CCC4CCCCC4C23)C1
C(CCCCC1CCC(C2CCCCC2)C1)CCCC1CCCCC1
C1CCC(C2CCC3CC4C(CCC45CCCCCC5)CC32)CC1
C1CCC2C(C1)CCC1C3CCCC3CCC21
C1CCC(CC2CC3CCCCC3C3CCC4CCCCC4C23)CC1
C(CCC1CCC(C2CCCC2)C1)CCC1CCCC2CCCCC12
C1CCC(CCCCC2CC3CCCCC3C2)CC1
C1CCC(CCC2CCC3C(CCC3C3CCCC(CC4CCCC4)C3)C2)CC1
C1CCC(CCC2CCC(C3CCC4C(CCC4C4CCCCC4)C3)CC2)CC1
C1CCC(C2CCC3CCCC3C3CCC4CCCCC4CC23)CC1
C1CCC2CC(C3CCCC4CCCC43)CCC2C1
C1CCC2CC(C3CCCC3)C3CCCC3C2CC1
C(CCC1CCC2C1CCC1C3CCCCC3CCC21)CC1CC2CCCCC2C1
C1CCC2CC(C3CCCC4CCCC43)C3CCCC3C2CC1
C1CCC(CCC2CCC(C3CC3)CC2)CC1
C1CCC2CC(C3CCCC4CCCC43)CCC2C1
C1CCC(CCC2CCC3C(CCC3C3CCCCC3)C2)CC1
C1CCC(CCCCCC2CCC3CCCC3C2)CC1
C1CCC(C2CCC3CC4C(CCC32)CCC2C3CCC(CCCC5CC6CCCCC6C5)C3CCC42)CC1
C1CCC(CCCCCC2CCCCC2)CC1
C1CCC(CCCC2CCC(C3CC3)CC2)CC1
C1CCC(C2CCC3CCC4C(CCC5C6CCC(CCCC7CCC8CCCCC8C7)C6CCC45)CC32)CC1
C1CCC(CCCCC2CC3CCCCC3C2)CC1
C1CCC(CCC2CCC3C(CCC3C3CCCC3)C2)CC1
C1CCC2CC(C3CCCC4CCCC43)CCC2C1
C1CCC2CCC3C4CCCCC4CCC3C2CC1
C1CCC(CCCCC2CCC3CCCCC23)CC1
C(CCC1CCCC2CCCC12)CC1CC2CCCCC2C1
C1CCC(CCC2CCC(CCC3CCCC(CC4CCCC4)CC3)CC2)CC1
C1CCC(CCCCC2CCC3CCCCC23)CC1
C1CCC2CC(CCCC3CCC4C3CCC3C5CCCCC5CCC43)CC2C1
C1CCC(CCCCC2C3CCCCCC3CCC2C2CCCC3CCCC32)CC1
C(CCCC1CCCC2C(C3CCCCC3)CCC12)CCC1CCCCC1
C1CCC(CCC2CCC3C(CCC3C3CCCCC3)C2)CC1
C1CCC(C2CCC3CC4(CCCCCC4C4CCCCC4)CCCC32)CC1
C1CCC(CCCCCC2CCCC3C(C4CCCCC4)CCC23)CC1
C1CCC2C(C1)CCCC1C3CCCC3CCC21
C(CC1CCC(C2CCCC2)CC1)CC1CCC2CCCC2C1
C1CCC(C2CC3CCCC3C3CCC4CCCCC4C23)CC1
C1CCC(CCCCC2CC3CCCCC3C2)CC1
C(CCCCC1CCC(C2CCCCC2)C1)CCCC1CCCCC1
C(CCCC1CCCCC1)CCCC1CCC(C2CCCCC2)C1
C1CCC(CCC2CCCCC2)CC1
C1CCC2CC(CCCC3CCC4C3CCC3C5CCCCC5CCCC43)CC2C1
C1CCC(C2CCC3C(CCC34CCCC4)C3CCC4CCCCC4C23)CC1
C1CCC(CCC2(CCCC3CC4CCCCC4C3)CCC3C4CCCC5CCCCC5C4CCC32)C1
C1CCC(CCCCCC2CC3CCCCC3C2)CC1
C1CCC(C2CCC3CC4(CCCCC4C4CCCCC4)CCCC32)CC1
C(CCCC1CCCC2C(C3CCCCC3)CCC12)CCC1CCCCC1
C(CCCCC1CCC(C2CCCCC2)C1)CCCC1CCCCC1
C1CCC(CC2CCC3C(CCC3C3CCCCC3)C2)CC1
C1CCC(CCCC2CCCC3CCC(C4CCCC5CCCC54)CC3C2)CC1
C1CCC(CCCC2(CCCC3CC4CCCCC4C3)CCC3C4CCC5CCCCC5C4CCC32)C1
C1CCC(CCCCC2CC3CCCCC3C2)CC1
C1CCC(CCC2CCC3C(CCC3C3CCCCC3)C2)CC1
C1CCC(CCCCCC2CCCC3C(C4CCCCC4)CCC23)CC1
C1CCC2CCC(C3CCCC4CCCC43)CC2CC1
C(CCC1CCC2C1CCC1C3CCCCC3CCC21)CC1CCCC2CCCCC12
C1CCC(CC2CCC3C(CCC3C3CCCCC3)C2)CC1
C1CCC(CC2CC3CCCCC3C3CCC4CCCCC4C23)CC1
C(CCCC1CCC(C2CCCCC2)C1)CCC1CCCCC1
C1CCC2C(C1)CCCC1CCCCC12
C1CCC(CCC2CCC3C2CCC(C2CCCCC2)C2C4CCCCCC4CCC32)CC1
C1CCC(CCCCC2CCC3CCCCC23)CC1
C1CCC(CCCC2CCC(C3CCCC4C(C5CCCCC5)CCC34)C2)CC1
C(CCCC1CCCC2C(C3CCCCC3)CCC12)CCC1CCC(C2CCCC2)C1
C1CCC2C(C1)CCCC1CCCCC12
C1CCC(CCCC2CCC3C(CCC3C3CCCCC3)C2)CC1
C1CCC(CCCCC2CC3CCCCC3C2)CC1
C1CCC2CC3CCC4C5CCCC5CC4C3CCC2C1
C1CCC(CCCC(CC2CC3CCCCC3C2)C2CC2)CC1
C1CCC(C2CCC(CCCCCC3CCCC4C(C5CCCCC5)CCC34)C2)CC1
C(CCCC1CCCC2C1CCC2C1CCCC(CC2CC2)C1)CCC1CCCCC1
C1CCC(CCCCC2CC3CCCCC3C2)CC1
C1CCC(C2CC3CCCC3C3CCC4CCCCC4C23)CC1
C1CCC2CC3CCC4C(CCCC5CC6CCCCC6C5)CCC4C3CCC2C1
C1CCC(CCCC2CCC3C2CCC2C4CC5CCC(C6CCCCC6)C5CCC4CCC32)CC1
C1CCC2CCC(C3CCCC4CCCC43)CC2CC1
C1CCC2C(C1)CCC1CCCCC12
C1CCC(C2CC3CCCC3C3CCC4CCCCCC4C23)CC1
C1CCC2CC(C3CCCC4CCCC43)CCC2C1
C1CCC2C(C1)CCC1C3CCCCC3CCC21
C1CC2CCC3C(CCC4CCCCC43)CC2C1
C(CCC1CCC2C1CCC1C3CCCCC3CCC21)CC1CC2CCCCC2C1
C1CCC(C2CC3CCCC3C3CCC4CCCCCC4C23)CC1
C1CCC(C2CCC3CC4(CCCCCC4C4CCCCC4)CCC32)CC1
C1CCC(C2CCC3CC4C(CCC45CCCC5)CC32)CC1
C1CCCC(CC2CCCCC2CC2CC3CCCCC3C3CCC4CCCCC4C23)CC1
C1CCC(C2CCC3CCCCC3C3CCC4CCCCC4C23)CC1
C1CCC(CCCC2CCC3C(CCC3C3CCCC3)C2)CC1
C(CCCC1CCCC2CCCC12)CCC1CCCCC1
C1CCC(CCC(CCC2CCC3CCCCC3C2)CC2CCCCC2)CC1
C1CCC2C(C1)CC(C1CCCC3CCCC31)C1CCCC21
C1CCC(CCCCCC2CCCC3C(C4CCCCC4)CCC23)CC1
C1CCC(CC2CCC3C(CCCCCC4CC4)CCCC23)CC1
C1CCC(C2CCC3CC4C(CCC5C6CCC(CCCCC7CC8CCCCC8C7)C6CCC45)CC32)CC1
C1CCC(CCCCC2CC3CCCCC3C2C2CCCCC2)CC1
C1CCC(CC2CC3CCCCC3C3CCC4CCCCC4C23)CC1
C(CCC1CCCCC2CCCCC12)CC1CCC2CCCCC2C1
C(CCCC1CCCC2CCCC12)CCC1CCCCC1
C(CCC1(C2CCCC2)CCCC2CCCCC2C1)CC1CCC2CCCCC2C1
C1CCC(C2CCC3CC4C(CCC5C6CCC(CCCC7CCC8CCCCC8C7)C6CCC45)CC32)CC1
C1CCC2CCC(C3CCCC4CCCC43)CC2CC1
C1CCC(C2CCC3CCC4C(CC5CC6CCCCC6C5)CCCC4CC32)CC1
C(CCC1CC2CCCCC2C1)CCC1CCCC2CCCC12
C1CCC(CCCC2(CCC3CCCC3)CCC3C4CCC5CCCCC5C4CCC32)CC1
C1CCC(C2CCC(CCCC3CCC4C3CCC3C5CCCCCC5CCC43)C2)CC1
C1CCC2CCC(C3CCCC4CCCC43)CC2CC1
C1CCC2CC(CCCC3CCCC4C3CCC3C5CCCCC5CCC43)CC2C1
C1CCC(C2CCC(CCCCCC3CCCCC4CCCCC34)C2)CC1
C1CCC2CCC3C4CCCCC4CC(CC4CCCC4)C3C2CC1
C(CCC1CCC2CCCCC2C1)CCC1CCCC2CCCCC12
C1CCC2CCC3C4CCCC4CC(C4CCC(CCCCC5CCC6C(CCC7C8CCCC8CCC67)C5)CC4)C3C2CC1
C1CCC(C2CC3CCCC3C3CCC4CCCCC4C23)CC1
C1CCC2CCC3C(CCC4C3CCC4(CCCC3CCCC3)CCC3CCCC3)C2CC1
C1CCC(C2CC3CCCC3C3CCC4CCCCC4C23)CC1
C(CCC1CC2CCCCC2C1)CCC1CCCC2CCCC12
C1CCCC(C2CC3CCCC3C3CCC4CCCCC4C23)CC1
C1CCC2CC(C3CCCC4CCCC43)C3CCCC3C2CC1
C1CCC(C2CCC3CC4C(CCCC45CCCCC5)CC32)CC1
C1CCC(C2CC3CCCC3C3CCCC4CCCCC4C23)CC1
C1CCC2CC(C3CCCC4CCCC43)CCC2C1
C1CCC(CCC2CCC3C(CCC3C3CCCCC3)C2)CC1
C1CCC(C2CC3CCCC3C3CCC4CCCCC4C23)CC1
C1CCC2CC(C3CCC4CCCCC43)CCC2C1
C1CCC(CCCCCC2CC3CCCCC3C2)CC1
C1CCC2CCC3C4CCC(CCCC5CCC6CCCCC6C5)C4CCC3C2CC1
C1CCC(CCC(CCC2CCC3CCCC3C2)CC2CCCCC2)CC1
C1CCC2CC(C3CCCC4CCCC43)CCC2C1
C1CCC2CCC(C3CCCC4CCCC43)CC2CC1
C1CCC(CCCC2CCC3CCC(CC4CCCC5CCCC54)CC3C2)CC1
C1CCC(C2CC3CCCC3C3CCC4CCCCCC4C23)CC1
C1CCC(CCCCC2CCC3CCCCC23)CC1
C1CCC(C2CCC3CCCC3C3CCC4CCCCC4C23)CC1
C1CCC(C2CC3CCCC3C3CCCC4CCCCC4C23)CC1
C1CCC2C(C1)CCCC1CCCCC12
C1CCC(CC2CCCC(CCC3CCC(CCC4CCC(CC5CC5)CC4)CC3)C2)C1
C1CCC(CCCCCC2CCC3CCCCC23)CC1
C1CCC(CCCCC2CC3CCCCC3C2)CC1
C1CCC(CCCCCC2CC3CCCCC3C2)CC1
C1CCC(C2CCC3CCC(C4CCCC4)C3C2)C1
C1CCC(CCC2CCC(C3CCCC4C(CC5CCCCC5)CCC34)C2)CC1
C(CCCC1CCCC2CCCCC12)CCC1CCC(C2CCCCC2)C1
C1CCC(CCCCC2CCC3CCCCC23)CC1
C1CCC2CC(C3CCCC4CCCC43)CCC2C1
C1CCC(CCCCCC2CCCC3C(C4CCCCC4)CCC23)CC1
C1CCC(CCCCCC2CCCC3C(C4CCCCC4)CCC23)CC1
C1CCC(CCC2CCC(CCC3CCCC(CC4CCCC4)C3)CC2)CC1
C1CCC(CCCC(CCC2CCC3CCCC3C2)CC2CCCCC2)CC1
C1CCC(C2CCC3CC4C(CCC32)CCC2C3CCCC3CCC42)CC1
C1CCC(C2CCC3CC4C(CCC32)CCC42CCCCC2)CC1
C1CCC2CCC3C4CCC(CCCC5CC6CCCCC6C5)C4CCC3C2CC1
C1CCC(C2CCC3CC4C(CCC45CCCCC5)CC32)CC1
C(CCC1CC2CCCCC2C1)CCC1CCCC2CCCC12
C1CCC2CCC3C4CCC(CCCC5CC6CCCCC6C5)C4CCC3C2CC1
C1CCC(CCCCCC2CCCC3C(C4CCCCC4)CCC23)CC1
C(CCC1CCCC2CCCCC12)CC1CCC2CCCCC2C1
C1CCC(C2CCCC3C(CCC4CCCCC43)C2)CC1
C1CCC(CCCCCC2CCCC3C(C4CCCCC4)CCC23)CC1
C1CCC2C(C1)CCC1C3CCCCC3CCC21
C1CCC(CCCCCC2CC3CCCCC3C2)CC1
C1CCC2C(C1)CCC1C3CCCC3CCC21
C1CCC(CCC2CCC3C(CCC4C5CCCC5CC(CCC5CCCCC5)C34)C2)CC1
C1CCC(CCC2CCC3C(CC4CCCCC4)CCC3C2)CC1
C1CCC(C2CC3CCCCC3C3CCCCC23)CC1
C1CCC(C2CCC3CC4C(CCCC45CCCC5)CCC32)CC1
C1CCC(CCCC2CCC3CCC(C4CCCC5CCCC54)CC3C2)CC1
C1CCC2CCC(C3CCCC4CCCC43)CC2CC1
C(CCCC1CCCCC1)CCCC1CCC(C2CCCCC2)C1
C(CCCCC1CCCC(CC(CC2CCC(CC3CCCCC3)CC2)C2CCCCC2)C1)CCCCC1CCC2C(CCC3C4CCCC4CCC23)C1
C1CCC(CCCC2CCC3CCC(C4CCCC5CCCC54)CC3C2)CC1
C1CCC(C2CCC(CCCCCC3CCCC4CCCCC34)C2)CC1
C1CCC(C2CCC3CCCC3C3CCC4CCCCC4C23)CC1
C1CCC(CCCCC2CC3CCCCC3C2)CC1
C1CCC(C2CCC(CCCCCC3CCCC4CCCCC34)C2)CC1
C1CCC2CCC(C3CCCC4CCCC43)CC2CC1
C(CC1CCC2CCCCC2C1)CC1CCC2CCC(C3CCCC4CCCC43)CC2C1
C1CCC(C2CCC3CC4C(CCC45CCCCCC5)CC32)CC1
C1CCC2C(C1)CCC1C3CCCCC3CCC21
C1CCC(CCC2CCC3C(CCC3C3CCCCC3)C2)CC1
C1CCC(CCCCC2CCC3CCCCC23)CC1
C(CCC1CCC2C(CCC3C4CCCC4CCC23)C1)CC1CCC(C2CCC(CC3CC4CCCC4C4CCC5CCCCC5C34)CC2)CC1
C1CCC2CCC(C3CCCC4CCCC43)CC2CC1
C1CCC2CCC3CCCCC3C2CC1
C1CCC(CCCC2CCCC3CCC(C4CCCC5CCCC54)CC3C2)CC1
C1CCC(CC2CCC3C(CCC3C3CCCCC3)C2)CC1
C1CCC(CCCCCC2CCC3CCCCC23)CC1
C1CCC(C2CC3CCCC3C3CCC4CCCCCC4C23)CC1
C1CCC(CC2CC3CCCCC3C3CCC4CCCCC4C23)CC1
C1CCC(CCC2CCC3C(CCC3C3CCCCC3)C2)CC1
C1CCCC(CC2CCCCC2CC2CC3CCCCC3C3CCC4CCCCC4C23)CC1
C1CCC2CC(CCCC3CCCC4CCCCC43)CC2C1
C1CCC(CCC2CCC3C(CCC3C3CCCCC3)C2)CC1
C1CCC(CCCC2CCCC(C3CCC4CC(CCC5CCC6CCCCC6C5)CCC43)C2)CC1
C1CCC(C2CCC3CC4C(CCCC5C6CCC(CCCC7CCC8CCCCC8C7)C6CCC45)CC32)CC1
C1CCC(C2CC3CCCC3C3CCC4CCCCC4C23)CC1
C1CCC(C2CCC3CC4(CCCCCC4C4CCCCC4)CCC32)CC1
C1CCC(CCCCCC2CCC3CCCCC23)CC1
C1CCC(CC2CCC3CCCCC3C3CCC4CCCCC4C23)C1
C(CCC1CCCC2CCCCC12)CC1CCCC2CCCCC12
C1CCC(CCCCCC2CC3CCCCC3C2)CC1
C1CCC2C(C1)CCC1CCCCC12
C1CCC(C2CC3CCCCC3CC3CCCCC32)CC1
C1CCC(CCCCCC2CCCC3C(C4CCCCC4)CCC23)CC1
C1CCC(CCCCCC2CCCC3C(CC4CCCCC4)CCC23)CC1
C1CCC(CCCC2CCC(CCC3CCCCC3)CC2)CC1
C1CCC(CCC2CCC3C(CCC4CCCCC43)C2)CC1
C1CCC(C2CCC3CC4C(CCC45CCCC5)CC32)CC1
C1CCC(CCCC2CCC3CCC(C4CCCC5CCCC54)CC3C2)CC1
C1CCC2C(C1)CCC1C3CCCCC3CCC21
C1CCC(CC2CC3CCCCC3C3CCC4CCCCCC4C23)CC1
C1CCC(C2CCC3CCCC3C3CCCC4CCCCC4C23)CC1
C1CCC(CC2CCC(CC(CC3CCCCC3)C3CCCCC3)CC2)CC1
C1CCC(CCCC23CCCC2CC2C4CCC5CCCCC5C4CCC23)CC1
C1CCC2CCC(C3CCCC4CCCC43)CC2CC1
C1CCC(CCC(CC2CCCCC2)C2CCCCC2)CC1
C1CCC(C2CC3CCCC3C3CCC4CCCCC4C23)CC1
C1CCC(CCCCC2CC3CCCCC3C2)CC1
C1CCC(CCC2CCC3C(CCC3C3CCCCC3)C2)CC1
C1CCC(CCCC2(CCC3CCCC3)CCC3C4CCC5CCCCCC5C4CCC32)CC1
C1CCC(CCC2CCC3C(CCC3C3CCCCC3)C2)CC1
C1CC2CCC3C(CCC4CCC5CC5C43)C2C1
C1CCC(CCC2CCC3C(CCC3C3CCCCC3)C2)CC1
C(CCC1CCC2CCCCC2C1)CCC1CCCC2CCCCC12
C1CCC2CC(C3CCCC3)CCC2C1
C1CCC(C2CCC3CC4(CCCCC4C4CCCCC4)CCCC32)CC1
C1CCC(CCC2CCC(C3CCCC4C(C5CCCCC5)CCC34)C2)CC1
C1CCC(CCCC2(CCCC3CCC4CCCCC4C3)CCC3C4CCC5CCCCC5C4CCC32)C1
C1CCC(CCCCC2CC3CCCCC3C2)CC1
C1CCC(CCCCCC2CC3CCCCC3C2)CC1
C1CCC2CCC(C3CCCC4CCCC43)CC2CC1
C(CCCC1CCCCC1)CCCC1CCC(C2CCCCC2)C1
C1CCC(C2CCC3CCCC3C3CCC4CCCCC4C23)CC1
C1CCC(C2CCC3C(CCC4CCCCC43)C2)CC1
C1CCC(C2CC3CCCC3C3CCCC4CCCCC4C23)CC1
C(CCCC1CCCCC1)CCC1CCCCC1
C1CCC2C(C1)CCC1C3CCCC3CCC21
C1CCC(CCCCCC2CC3CCCCC3C2)CC1
C1CCC(CCCCCC2CC3CCCCC3C2)CC1
C1CCC2CC(C3CCCC4CCCC43)CCC2C1
C1CCC2CC(C3CCCC4CCCCC43)C3CCCC3C2CC1
C1CCC2CCC(C3CCCC4CCCC43)CC2CC1
C1CCC(C2CCC3C(CCC4CCCCC43)C2)CC1
C1CCC(C2CC3CCCC3C3CCC4CCCCCC4C23)CC1
C(CCCC1CCCCC1)CCCC1CCC(C2CCCCC2)C1
C(CCCC1CCCCC1)CCCC1CCC(C2CCCCC2)C1
C(CCC1CCCC2CCCC12)CC1CC2CCCCC2C1
C1CCC2C(C1)CCC1C3CCCCC3CCC21
C1CCC2CCC(C3CCCC4CCCC43)CC2CC1
C1CCC(C2CCC3CC4C(CCC5C6CCC(CCCC7CC8CCCCC8C7)C6CCCC45)CC32)CC1
C1CCC(C2CC3CCCC3C3CCC4CCCCC4C23)CC1
C1CCC(CCCCCC2CCC3CCCCC23)CC1
C(CC1CCC2CCCC2C1)CC1CCCC2CCC(C3CCCC4CCCC43)CC2C1
C1CCC(CCC2CCC3C(CCC3C3CCCCC3)C2)CC1
C1CCC(CCCC2CCCC3CCC(C4CCCC5CCCC54)CC23)CC1
C1CCC(C2CC3CCCC3C3CCC4CCCCCC4C23)CC1
C(CCC1CCCC1)CCC1CCCC2CCCCC12
C1CCC(C2CCC3CC4C(CCC45CCCC5)CC32)CC1
C1CCC2C(C1)CCC1C3CCCC3CCC21
C1CCC(CC2CCC3C(CC4CCCCC4)CCC3C2)CC1
C1CCC(CCCCC2CCC3CCCCC23)CC1
C1CCC(CCC2CCC3C(CCC3C3CCCCC3)C2)CC1
C1CCC(CC2CCC3CCCCC3C3CCC4CCCCC4C23)CC1
C1CCC(C2CCC3CCC4C(CCC45CCCC5)CC32)CC1
C1CCC2C(C1)CCC1C3CCCC3CCCC21
C(CCCC1CCCCC1)CCC1CCCCC1
C1CCC(CC2CC3CCCCC3C3CCC4CCCCC4C23)C1
C1CCC2CCC(C3CCCC4CCCC43)CC2CC1
C1CCC2CCC(C3CCCC4CCCC43)CC2CC1
C1CCC(CCCCC2CCCC3CCC(C4CCCCC4)CC23)CC1
C1CCC(CCCCC2CCC3CCCCC3C2)CC1
C1CCC2C(C1)CCCC1CCCCC12
C1CCC(C2CCC3CC4C(CCC5C6CCCC(CCCC7CCC8CCCCC8C7)C6CCC45)CC32)CC1
C(CCC1CCCC2CCCC12)CC1CC2CCCCC2C1
C1CCC(CCCCC2CCC3C2CCC2C4CCCCC4CCC32)CC1
C1CCC(C2CCC3(CCC4CCC5C(CCC5C5CCCCC5)CC43)C2)CC1
C1CCC2CCC3C4CCCCC4CC(CC4CCCC4)C3C2CC1
C1CCC(CCCCCC2CCC3CCCCC23)CC1
C1CCC(CC2CCCC(CC3CC4CCCCC4C4CCC5CCCCC5C34)C2)CC1
C1CCC(C2CC3CCCC3C3CCC4CCCCC4C23)CC1
C1CCC(CC2CCC3C(CCC3C3CCCCC3)C2)CC1
C1CCC(CC2CCC3CC4C(CCC45CCC(C4CCCCC4)C5)CC23)CC1
C1CCC(CCCCCC2CCCC3C(CC4CCCCC4)CCC23)CC1
C1CCC(CCCCCC2CC3CCCCC3C2)CC1
C1CCC(CCCCC2CCC3C2CCC2C4CCCCCC4CCC32)CC1
C1CCC(CCCC2CCCC3CCC(CC4CCCC5CCCC54)CC23)CC1
C(CCCCC1CCC(C2CCCCC2)C1)CCCC1CCCCC1
C1CCC(CC(CC2CCCCC2)C2CCCCC2)CC1
C1CCC2C(C1)CCC1C3CCCC3CCC21
C1CCC2C(C1)CCC1CCCCC12
C1CCC(CCCCC2CC3CCCCC3C2)CC1
C1CCC(CCCCC2CCC3CCCCC23)CC1
C1CCC(CC2CCCC(C3CCC4CC(CCC5CCC6CCCCC6C5)CCC43)C2)CC1
C1CCC2CCC(C3CCCC4CCCC43)CC2CC1
C1CCC(C2CCC3CC4C(CCC45CCCCCC5)CC32)CC1
C1CCC(CCC2CCCC(CC3CC4CCCCC4C4CCC5CCCCC5C34)C2)CC1
C1CCC2CC(C3CCCC4CCCC43)CCC2C1
C1CCC(CCCCCC2CC3CCCCC3C2)CC1
C1CCC(CC2CC3CCCCC3C3CCC4CCCCC4C23)CC1
C1CCC(CC2CCC(CC(CC3CCCCC3)C3CCCCC3)CC2)CC1
C(CCC1CCCC2CCCCC12)CC1CCC2CCCCC2C1
C1CCC2C(C1)CCC1C3CCCC3CCCC21
C1CCC(CCCCCC2CCC3CCCCC23)CC1
C1CCC(C2CCC(C3CC4CCCCC4C4CCC5CCCCC5C34)CC2)C1
C1CCC(C2CC3C(CCCC4CC4)CCC3C3CCC4CCCCC4C23)CC1
C1CCC2CC(C3CCCC4CCCC43)CCC2C1
C(CCCCC1CCC2C(CCC3C4CCCC4CCC23)C1)CCCC1CCCC(CC(CC2CCC(CC3CCCCC3)CC2)C2CCCCC2)C1
C1CCC(C2CCC3CCC4C(CCC5C6CCC(CCCC7CCC8CCCCC8C7)C6CCC45)CC32)CC1
C1CCC(CCC2(CCCC3CCC4CCCCC4C3)CCCC3C4CCC5CCCCC5C4CCC32)C1
C1CCC(CCCCCC2CCCC3C(C4CCCCC4)CCC23)CC1
C1CCC(CCC2CCC3C(CCC3C3CCCCC3)C2)CC1
C1CCC2CC3CCC4C5CCCC5CC4C3CCC2C1
C1CCC(CCC(CCC2CCC3CCCC3C2)CC2CCCCC2)CC1
C1CCC2C(C1)CCC1C3CCCC3CCC21
C1CCC(CCC(CCC2CCC3CCCC3C2)CC2CCCCC2)CC1
C1CCC(C2CC3CCCC3C3CCCC4CCCCC4C23)CC1
C(CCC1CCCC2CCCC12)CC1CC2CCCCC2C1
C1CCC2C(C1)CC(C1CCCC3CCCCC31)C1CCCC21
C1CCC(CCCCC2CC3CCCCC3C2)CC1
C1CCC2C(C1)CCC1C2CCC2C3CCCC3CC21
C1CCC(CCC2CCC(CCC3CCCC(CC4CCCCC4)C3)CC2)CC1
C1CCC(C2CC3CCCC(C3)C3CCC4CCCCC4C32)CC1
C1CCC(CC2CCC3CC4C(CC5CCC6CCCCC65)CCCC4CC23)CC1
C1CCC(CCCCCC2CCCC3C(CC4CCCCC4)CCC23)CC1
C1CCC(CC2CCC3C(CCC3C3CCCCC3)C2)CC1
C1CCC(CC2CCC3C(CCC3C3CCCCC3)C2)CC1
C1CCC2C(C1)CCC1C3CCCC3CCC21
C1CCC(C2CCC3CC4C(CCC45CCCC5)CC32)CC1
C1CCC2C(C1)CCCC1CCCCC12
C1CCC2CCC3C4CCCC4CCC3C2CC1
C1CCC(CCCCC2CC3CCCCC3C2)CC1
C1CCC(CCCCC2CC3CCCCC3C2)CC1
C1CCC(CCCCCC2CCC3CCCCC23)CC1
C1CCC(C2CC3CCCC3C3CCC4CCCCC4CC23)CC1
C1CCC(CCC2(CCCC3CC4CCCCC4C3)CCC3C4CCC5CCCCC5C4CCC32)C1
C1CCC(CCC(CCC2CCC3CCCC3C2)CC2CCCCC2)CC1
C1CCC(C2CCC3CC4C(CCCC45CCCC5)CC32)CC1
C1CCC(C2CCC(CCCCCC3(C4CCCCC4)CCCC3)C2)CC1
C1CCC2CC(CCCC3CCC4C3CCC3C5CCCCC5CCCC43)CCC2C1
C1CCC(CCC2CCC3C(CCC3C3CCCCC3)C2)CC1
C1CCC2C(C1)CCCC1C3CCCC3CCC21
C1CCC(CC2CC3CCCCC3C3CCC4CCCCC4C23)C1
C1CCC(C2CCC3CC4C(CCC5C6CCC(CCCC7CC8CCCCC8C7)C6CCC45)CC32)CC1
C(CC1CCC(C2CCCC2)CC1)CC1CCC2CCCC2C1
C1CCC(CCCCCC2CC3CCCCC3C2)CC1
C1CCC2CCC(C3CCCC4CCCC43)CC2CC1
C1CCC(C2CC3CCCC3C3CCCC4CCCCC4C23)CC1
C(CCCC1CCCCC1)CCC1CCCCC1
C1CCC(C2CC3CCCC3C3CCC4CCCCCC4C23)CC1
C1CCC(CC2CCC3CC4C(CCCC45CC(C4CCCCC4)C(C4CCCCC4)C5)CC23)CC1
C1CCC(C2CCCCC2CC2CC3CCCCC3CC3CCC4CCCCC4C32)CC1
C(CCC1CCCC2CCCCC12)CCC1CCCC2CCCCC12
C1CCC(C2CCC3CC4CCCCC4CC32)CC1
C1CCC2C(C1)CC(C1CCCC3CCCCC31)C1CCCC21
C(CCC1CCC2CCCCC2C1)CCC1(C2CCCC2)CCCC2CCCCC21
C1CCC(CCCCCC2CCCC3C(C4CCCCC4)CCC23)CC1
C1CCC(CCCCCC2CC3CCCCC3C2)CC1
C1CCC(CC2CCC3CC4(CCCCCC4CC4CCCCC4)CCC23)CC1
C1CCC2CC(CC3CCCC4CCCC43)CCC2C1
C1CCC(C2CCC3CC4C(CCC45CCCCCC5)CC32)CC1
C1CCC(C2CC3CCCCC3C3CCCCC23)CC1
C1CCC2CCC(C3CCCC4CCCC43)CC2CC1
C1CCC2CCC(C3CCCC4CCCC43)CC2CC1
C(CCCC1CCCC2C(C3CCCCC3)CCC12)CCC1CCCCC1
C1CCC2CCC(C3CCCC4CCCC43)CC2CC1
C1CCC(CCC2CCC(C3CCC4C(CCC4C4CCCCC4)C3)CC2)CC1
C1CCC(CCCCC2CC3CCCCC3C2)CC1
C1CCC2CC(CC3CCC4CCCCC43)CCC2C1
C1CCC(C2CCC3CC4C(CCC32)CCC42CCCC2)CC1
C1CCC(CCC2CCC(C3CCC3)CC2)CC1
C1CCC2CC(CCCC3CCC4C3CCC3C5CCCCC5CCC43)CC2C1
C1CCC(CC2CCC3CCCCC3C3CCC4CCCCC4C23)CC1
C1CCC(C2CC3CCCC3C3CCC4CCCCC4C23)CC1
C1CCC2CCC3C4CCCC4CC(C4CCC(C5CCCC5)CC4)C3C2CC1
C(CCCC1CCC2CCCC2C1)CCC1CCCCC1
C1CCC(CCC2CCC3C(CCC3C3CCCC(CC4CCCC4)C3)C2)CC1
C1CCC(CCCCCC2CC3CCCCC3C2)CC1
C1CCC2CCC(C3CCCC4CCCC43)CC2CC1
C(CCC1CCCC2CCCCC2C1)CCC1CCC(C2CCCCC2)C1
C1CCC(C2CCC3CC4C(CCC45CCCCC5)CC32)CC1
C1CCC(C2CCC3C(CCC34CCCC4)C3CCC4CCCCC4C23)CC1
C1CCC(CCCC2CCC3CCC(C4CCCC5CCCC54)CC3C2)CC1
C(CCC1CCCC2CCCCC12)CCC1CCCC2CCCCC12
C1CCC(C2CCC3CC4C(CCC32)CCC42CCCC2)CC1
C1CCC(CCCCC2CC3CCCCC3C2)CC1
C1CCC(CC2CC3CCCCC3C3CCC4CCCCCC4C23)CC1
C1CCC(CCCC2CCC3C(CCC3C3CCCCC3)C2)CC1
C1CCC(CCCC2CCC3C(CCC3C3CCCCC3)C2)CC1
C(CCC1(C2CCCC2)CCCC2CCCCC21)CC1CCC2CCCCC2C1
C1CCC(C2CC3C(CCC4CC4)CCC3C3CCC4CCCCCC4C23)CC1
C(CCC1(C2CCCC2)CCCCC2CCCCC21)CC1CCC2CCCCC2C1
C1CCC2C(C1)CCC1CCCCC12
C1CCC2CC(C3CCCC4CCCC43)CCC2C1
C1CCC(C2CCC(CCCCCC3CCCC4C(C5CCCCC5)CCC34)C2)CC1
C1CCC(C2CCC3CC4C(CCCC45CCCCC5)CC32)CC1
C1CCC(CCC2CCC3C(CCC3C3CCCCC3)C2)CC1
C1CCC(CCC2(CCCC3CC4CCCCC4C3)CCC3C4CCC5CCCCC5CC4CCC32)C1
C1CCC(CCC2CCC3C(CCC4CCCCC43)C2)CC1
C1CCC(CCC2CCC(C3CCC4C(CCC4C4CCCCC4)C3)CC2)CC1
C(CCC1CCCCC2CCCCC12)CC1CCC2CCCCC2C1
C1CCC2CC(C3CCCC4CCCC43)CCC2C1
C1CCC(CC(CC2CCCCC2)C2CCCCC2)CC1
C1CCC(CCC2CC3CCCC3C3CCCC4CCCCC4C23)CC1
C1CCC(C2CCC3CC4C(CCC45CCCCC5)CC32)CC1
C1CCC(CCCCCC2CC3CCCCC3C2)CC1
C(CCC1CCC2C(CCC3C4CCCCC4CCC23)C1)CC1CCC(C2CC3CCCC3C3CCC4CCCCC4C23)CC1
C(CCC1CCC2CCCCC2C1)CCC1CCCC2CCCCC12
C1CCC(C2CC3CCCC3C3CCC4CCCCC4C23)CC1
C1CCC(CC2CCC3(CCC4CC5C(CCC5C5CCCCC5)CC43)C2)CC1
C1CCC(CCCC2CCC3C(CCC4CC(C5CCCCC5)CCC43)C2)CC1
C1CCC(CC2CCC3CC4C(CCC5C6CCCC6CCC45)CC23)CC1
C1CCC(CCCCCC2CC3CCCCC3C2)CC1
C1CCC(C2CCC3CCCC3C3CCC4CCCCC4C23)CC1
C1CCC2C(C1)CCC1CCCCC12
C1CCC(CCC2CCC3C(CCC3C3CCCCC3)C2)CC1
C1CCC(CCC2CCC3C(CCC3C3CCCCC3)C2)CC1
C(CCC1CCC2C(CCC3C4CCCC4CCCC23)C1)CC1CCC(C2CC3CCCC3C3CCC4CCCCC4C23)CC1
C(CCC1CCCC2CCCCC12)CC1CCCC2CCCCC12
C1CCC2C(C1)CCC1C3CCCC3CCC21
C1CCC(CCCCC2CCC3CCC(C4CCCC5CCCC54)CC3C2)CC1
C(CCCC1CCCC2C(C3CCCCC3)CCC12)CCC1CCCCC1
C1CCC(C2CC3CCCCC3C3CCCCC23)CC1
C1CCC(C2CC3CCCC3CC3CCC4CCCCC4C32)CC1
C1CCC(CCC2CCC(CCC3CCCCC3)CC2)CC1
C1CCC(CCCCC2CCC3CCCCC23)CC1
C1CCC2CCC(C3CCCC4CCCC43)CC2CC1
C1CCC(CCCCCC2CCC3CCCCC23)CC1
C1CCC(CCCCCC2CCCC3C(C4CCCCC4)CCC23)CC1
C1CCC(C2CCC3CCC4C(CCCC45CCCC5)CC32)CC1
C1CCC2CCC3C4CCCCC4CCC3C2CC1
C1CCC(C2CC3CCCC3C3CCC4CCCCC4CC23)CC1
C1CCC(C2CC3CCCCC3C3CCC4CCCCC4C23)CC1
C1CCC(CC2CC3CCCCC3C3CCC4CCCCC4C23)CC1
C1CCC(CCC2CCC3C(CCC3C3CCCC(CCC4CCCC4)C3)C2)CC1
C1CCC2CCC3C4CCCCC4CC(CC4CCCC4)C3C2CC1
C1CCC(C2CCC3CC4C(CCC32)CCC42CCCC2)CC1
C1CCC2CCC3C4CCC(CCCC5CC6CCCCC6C5)C4CCC3C2CC1
C1CCC(CCCC(CC2CC3CCCCC3C2)C2CCCC2)CC1
C1CCC(CCC2CCC3C(CCC3C3CCCCC3)C2)CC1
C1CCC2CCC(C3CCCC3)CC2CC1
C1CCC(CCCC2(CCCC3CC4CCCCC4C3)CCC3C4CCC5CCCCC5C4CCC32)C1
C1CCC(CCCC2CCC(C3CCC4C(CC5CCCCC5)CCC4C3)CC2)CC1
C1CCC2CCC(C3CCCC4CCCC43)CC2CC1
C1CCC(C2CC3CCCC3C3CCC4CCCCC4C3C2)CC1
C1CCC(CCCCCC2CCC3CCCCC23)CC1
C1CCC(CCCCCC2CC3CCCCC3C2)CC1
C(CCCC1CCCC2C(C3CCCCC3)CCC12)CCC1CCC(C2CCCC2)C1
C1CCC(C2CCC3C(CCC4CCCCC43)C2)CC1
C1CCC2C(C1)CC(C1CCCC3CCCC31)C1CCCC21
C1CCC(CCCCC2CCC3CCCCC23)CC1
C1CCC(C2CC3CCCC3C3CCC4CCCCCC4C23)CC1
C1CCC(CCCCCC2CC3CCCCC3C2)CC1
C1CCC(C2CCC3CCC4C(CCC45CCCCC5)CC32)CC1
C(CCC1CCCC2CCCC12)CC1CC2CCCCC2C1
C1CCC(CCC2CC3CCCCC3C3CCC4CCCCC4C23)C1
C1CCC2CCC(C3CCCC4CCCC43)CC2CC1
C1CCCC(CC2CCCCC2CC2CC3CCCCC3C3CCC4CCCCC4C23)CC1
C1CCC2CC(C3CCCC4CCCC43)CCC2C1
C1CCC(CCCCCC2CCCC3C(C4CCCCC4)CCC23)CC1
C1CCC(CCC2CCC3C(CCC3C3CCCCC3)C2)CC1
C1CCC2CC(CC3CCCC4CCCC43)CCC2C1
C1CCC(CC2CC3CCCCC3C3CCC4CCCCC4C23)CC1
C1CCC(CCCCC2CC3CCCCC3C2)CC1
C1CCC2C(C1)CCC1C2CCC2C3CCCC3CC21
C1CCC(CCCCCC2CCCC3C(C4CCCCC4)CCC23)CC1
C1CCC(CCC2CCC3C(CCC3C3CCCCC3)C2)CC1
C1CCC(CC2CCC(CC(CC3CCCCC3)C3CCCCC3)CC2)CC1
C1CCC2CC(C3CCCC4CCCC43)CCC2C1
C1CCC(CC2CC3CCCCC3C3CCC4CCCCCC4C23)CC1
C1CCC2CC(C3CCCC4CCCC43)CCC2C1
C1CCC(CCC2CCC(CCC3CCCC(CC4CCCC4)C3)CC2)CC1
C1CCC(CCC2CCC(CCC3CCCC(CC4CCCC4)CC3)CC2)CC1
C1CCC2C(C1)CCC1CCCCC12
C1CCC(C2CCC3CC4C(CC5CCC6CCCCC65)CCCC4CC32)CC1
C1CCC(CCCCCC2CCC3CCCC3C2)CC1
C1CCC(CCC2CCCC(CCC3CCC(CCC4CCC(C5CC5)CC4)CC3)C2)C1
C1CCC(CCCC2CCC3CCC(C4CCCC5CCCC54)CC3C2)CC1
C1CCC2CCC(C3CCCC4CCCC43)CC2CC1
C1CCC(C2CCC3CC4C(CCC45CCCCCC5)CC32)CC1
C1CCC(CCC2CCC(CCC3CCCCC(CC4CCCC4)C3)CC2)CC1
C1CCC(CCCCC2CC3CCCCC3C2)CC1
C1CCC(CCCCC2CC3CCCCC3C2)CC1
C(CCC1(C2CCCC2)CCCC2CCCCC21)CC1CCC2CCCCC2C1
C1CCC(CCCCCC2CCC3CCCCC3C2)CC1
C1CCC2CCC3C4CCCCC4CC(CC4CCCC5CCCCC54)C3C2CC1
C1CCC2CCC(C3CCCC4CCCC43)CC2CC1
C1CCC(CC2CC3CCCCC3C3CCC4CCCCC4C23)C1
C1CCC(C2CCC3CC4C(CCC32)CCC42CCCC2)CC1
C1CCC(CCCCC2CCCC(C3CCC4CC(CCC5CCC6CCCCC6C5)CCC43)C2)CC1
C1CCC(C2CC3CCCC3C3CCC4CCCCCC4C23)CC1
C1CCC(CCC2CCCC3CCC4C(CCC4C4CCCCC4)CC23)CC1
C1CCC(CCCCCC2CC3CCCCC3C2)CC1
C1CCC(CCCCC2CCC3CCC(C4CCCC5CCCC54)CC3C2)CC1
C1CCC2C(C1)CCC1C3CCCC3CCC21
C1CCC(C2CCC3CC4C(CCCC45CCCC5)CCC32)CC1
C1CCC(CC2CC3CCCCC3C3CCC4CCCCCC4C23)CC1
C1CCC(CCC2CCC3C(CCC3C3CCCCC3)C2)CC1
C1CCC2CCC(C3CCCC4CCCC43)CC2CC1
C1CCC(CCC2CCC3C(CCC3C3CCCCC3)C2)CC1
C1CCC(C2CC3CCCC3C3CCC4CCCCCC4C23)CC1
C1CCC(CCC2CCC3C(CCCC4CC(C5CCCCC5)CCC43)C2)CC1
C1CCC(CCCCCC2CCCC3C(C4CCCCC4)CCC23)CC1
C1CCC(CCCCCC2CCC3CCCCC23)CC1
C1CCC2C(C1)CCCC1CCCCC12
C1CCC(CCCCC2CC3CCCCC3C2)CC1
C(CCCCC1CCC(C2CCCCC2)C1)CCCC1CCCCC1
C1CCC2C(C1)CCC1C3CCCC3CCC21
C1CCC(CCCCC2CC3CCCCC3C2)CC1
C1CCC(C2CC3CCCC3C3CCC4CCCCC4C3C2)CC1
C1CCC(C2CCC3CC4(CCCCCCC4C4CCCCC4)CCC32)CC1
C1CCC2CCC(C3CCCC4CCCC43)CC2CC1
C1CCC(CC2CCC3CC4C(CCC45CCCCC5)CC23)CC1
C1CCC(C2CCC3CC4C(CCC45CCCC5)CC32)CC1
C1CCC(C2CCC3C(CCC3C3CCCCC3)C2)CC1
C1CCC(CC2CC3CCCC3C3CCC4CCCCC4C23)CC1
C1CCC(CCC(CCC2CCC3CCCCC3C2)CC2CCCCC2)CC1
C(CCCC1CCCCC1)CCCC1CCC(C2CCCCC2)C1
C1CCC(CCCCC2CCCC3CCC(C4CCCCC4)CC23)CC1
C1CCC(CC2CC3CCCCC3C3CCC4CCCCCC4C23)CC1
C1CCC(C2CCC3CC4C(CCCC45CCCC5)CC32)CC1
C(CCC1CCCC2CCCC12)CC1CC2CCCCC2C1
C1CCC(CCC2CCC3C(CCC3C3CCCCC3)C2)CC1
C(CCCC1CCCC2C(C3CCCCC3)CCC12)CCC1CCCCC1
C1CCC2CC(CCCC3CCCC4CCCCC43)CC2C1
C1CCC(CCCCCC2CC3CCCCC3C2)CC1
C1CCC(CC2CCC3C(CCC3C3CCCCC3)C2)CC1
C(CCCC1CCCC2C(C3CCCCC3)CCC12)CCC1CCCCC1
C1CCC(C2CCC3CC4C(CCC5C6CCCC6CCC45)CC32)CC1
C1CCC2C(C1)CCC1C2CCC2C3CCCC3CC21
C1CCC2CCC(C3CCCC4CCCC43)CC2CC1
C1CCC2CCC3C4CCCCC4CC(CC4CCCC4)C3C2CC1
C1CCC2CCC3C(CCC4C5CCCC5CC43)C2CC1
C1CCC(CCCC2CCC3C(CCC3C3CCCC3)C2)CC1
C1CCC(C2CC3CCCCC3C3CCC4CCCCC4C23)CC1
C1CCC2CC(C3CCCC4CCCC43)CCC2C1
C1CCC2CC(C3CCCC4CCCC43)CCC2C1
C(CCC1CCCC2CCCCC12)CC1CCCC2CCCCC12
C(CCC1CCC2C(CCC3C4CCCC4CCC23)C1)CC1CCC(C2CC3CCCC3C3CCC4CCCCC4CC23)CC1
C1CCC(C2CCC3C(CCC3C3CCCCC3)C2)CC1
C1CCC(CCCCC2CCC3CCC(C4CCCC5CCCC54)CC3C2)CC1
C1CCC(CCCCCC2CC3CCCCC3C2)CC1
C1CCC(C2CCCC3C(CCC4CCCCC43)C2)CC1
C1CCC2CCC3C4CCCC4CCC3C2CC1
C1CCC2CCC3C(CCC4C3CCC4(CCCC3CCC4CCCCC4C3)CCC3CCCC3)C2CC1
C1CCC(CCCCC2CCC3C2CCC2C4CCCCCC4CCC32)CC1
C1CCC(CCCC2CCCCC2)CC1
C1CCC2CC(CCCC3CCC4C3CCC3C5CCCCC5CCC43)CC2C1
C1CC2CCCC2C(CC2CC3CCCCC3C3CCCC23)C1
C1CCC(CCCCCC2CCCC3C(CC4CCCCC4)CCC23)CC1
C1CCC(CCCCC2CC3CCCCC3C2)CC1
C1CCC(CCC2CCC3C(CCC3C3CCCCC3)C2)CC1
C1CCC(CCC2CCC(C3CCC4C(CCC4C4CCCCC4)C3)CC2)CC1
C1CCC(C2CCC(CCCCCC3CCCC4CCCCC34)C2)CC1
C1CCC2C(C1)CCCC1C3CCCC3CCC21
C(CCCCC1CCC(C2CCCCC2)C1)CCCC1CCCCC1
C1CCC2CC(CCCC3CCCC4C3CCC3C5CCCCC5CCC43)CCC2C1
C(CCCC1CCCCC1)CCCC1CCC(C2CCCCC2)C1
C1CCC2CCC(C3CCCC4CCCC43)CC2CC1
C1CCC(CCCCCC2CCC3CCCCC23)CC1
C1CCC(CC2CC3CCCCC3C3CCCC23)C1
C1CCC(CC2CCC3C(CCCCCC4CCC(C5CCCC5)C4)CCCC23)CC1
C(CCC1CCCC2CCCCC12)CC1CCC2CCCCC2C1
C1CCC(CCCC2CCC3CCC(C4CCCC5CCCC54)CC3C2)CC1
C1CCC2C(C1)CCC1CCCCC12
C1CCC(C2CC3CCCC3C3CCC4CCCCC4C23)CC1
C1CCC(C2CCC3C(CCCCCC4CCC(C5CCCC5)C4)CCCC23)CC1
C1CCC(CCCC2CCCCC2)CC1
C1CCC(CCCCCC2CC3CCCCC3C2)CC1
C1CCC(CCCCCC2CC3CCCCC3C2)CC1
C1CCC(C2CC3CCCCC3C3CCC(CCCC4CCCC4)CC23)CC1
C1CCC2CC(C3CCCC3)C3CCCCC3CC2C1
C(CC1CCC2CCC(C3CCCC4CCCC43)CC2CC1)CC1CCC2CCCC2C1
C1CCC(C2CCC3C(CCCC4CCCCC43)C2)CC1
C1CCC(CCCCCC2CCC3CCCC3C2)CC1
C1CCC2CCC(C3CCCC4CCCC43)CC2CC1
C1CCC(CCC2CCC3C(CCC3C3CCCCC3)C2)CC1
C1CCC2C(C1)CCCC2CCCC1CCCC2CCCCC21
C1CCC2CC(CC3CCCC4CCCC43)CCC2C1
C1CCC(CCC2CCC3C(CCC4C5CCCC5CC(CCC5CCCCC5)C34)C2)CC1
C1CCC(C2CCC3CC4C(CCCC45CCCCC5)CC32)CC1
C1CCC2CC(C3CCCC4CCCC43)CCC2C1
C1CCC(C2CCC3C(CCC4CCCCC43)C2)CC1
C1CCC(CCCC(CC2CCC3C(CCC3C3CCCCC3)C2)C2CCCCC2)CC1
C1CCC(CC2CCC3CCCCC3C2)C1
C1CCC(CCC2CCC3C(CCC3C3CCCCC3)C2)CC1
C1CCC(CCC2CCC3C(CCCC4CCCCC43)C2)CC1
C1CCC2CC(CC3CCCC4CCCC43)CCC2C1
C1CCC(CCCCC2CCC3CCCCC23)CC1
C1CCC(CCCC2CCC3C(CCC4CC(C5CCCCC5)CCC43)C2)CC1
C1CCC(CCC2CCC(CCC3CCCC(CC4CCCC4)C3)CC2)CC1
C(CCCC1CCC2CCCC2C1)CCC1CCCCC1
C1CCC2CC(CC3CCCC4CCCC43)CCC2C1
C(CCC1CCCC2CCCCC12)CCC1CCCC2CCCCC12
C1CCC(CCCCC2CCC3CCCCC23)CC1
C1CCC(C2CCC3CC4C(CCCC45CCCC5)CCC32)CC1
C1CCC2CC(C3CCCC4CCCC43)CCC2C1
C1CCC(CCC2CCC3C(CC4CCCCC4)CCC3C2)CC1
C1CCC(CCCC2CCC3C2CCC2C4CC5CCC(C6CCCCC6)C5CC4CCC32)CC1
C1CCC(CCCCC2CCCC(C3CCC4CC(CCC5CCC6CCCCC6C5)CCC43)C2)CC1
C1CCC(CC(CC2CCCCC2)C2CCCCC2)CC1
C(CCCCCCC1CCC(CCC2CCC(CCC3CCCC3)C2)C1)CCCCCCC1CCC2C1CCC1C3CCCCC3CCC21
C1CCC(C2CCC3CC4(CCCCCC4C4CCCCC4)CCC32)CC1
C1CCC(CCCCC2CCC3CCCC3C2)CC1
C1CCC(CCCCC2CC3CCCCC3C2)CC1
C1CCC(CCCCC2CC3CCCCC3C2)CC1
C1CCC(C2CC3CCCC3C3CCC4CCCCC4C23)CC1
C1CCC(CCCCCC2CC3CCCCC3C2)CC1
C(CCCCC1CCC(C2CCCCC2)C1)CCCC1CCCCC1
C1CCC(CCCC2CCC3C(CCC3C3CCCCC3)C2)CC1
C1CCC(CC2CC3CCCCC3C3CCC4CCCCC4C23)C1
C1CCC(CCC(CCC2CCC3CCCC3C2)CC2CCCCC2)CC1
C1CCC(CCCCCC2CC3CCCCC3C2)CC1
C1CCC(CC2CCCCC2CC2CC3CCCCC3C3CCC4CCCCCC4C23)CC1
C1CCC2CCC3CCCCC3C2CC1
C1CCC2CCC3C4CCCCC4CC(CC4CCCC4)C3C2CC1
C1CCC(CC2CCC3CC4C(CCC5C6CCC(CCCC7CCC8CCCCC8C7)C6CCC45)CC23)CC1
C(CCC1CCCC2CCCC12)CC1CC2CCCCC2C1
C(CCC1CCCC2CCCCC12)CC1CCCC2CCCCC12
C(CCC1CCCC2CCCCC12)CC1CCC2CCCCC2C1
C1CCC2CC(C3CCCC4CCCC43)CCC2C1
C1CCC2CCC3C4CCC(CCCC5CCC6CCCCC6C5)C4CCC3C2CC1
C1CCC2CC(C3CCCC4CCCC43)C3CCCC3C2CC1
C1CCC(CCCCCC2CC3CCCCC3C2)CC1
C1CCC(CC2CCC3C(CCC3C3CCCCC3)C2)CC1
C1CCC2CCC3C4CCCC4CC(C4CCC(C5CCCC5)CC4)C3C2CC1
C1CCC2C(C1)CCC1C3CCCC3CCC21
C1CCC2C(C1)CCC1CCCCC12
C(CCCC1CCCC2C(C3CCCCC3)CCC12)CCC1CCCCC1
C1CCC(C2CCC3C(CCC4CCCCC43)C2)CC1
C1CCC(CCC2CCCCC3CC4C(CCC4C4CCCCC4)CC23)CC1
C1CCC(C2(CCCCC3CCC4CCCCC4C3)CCCC3CCCCC32)CC1
C1CCC(CC2CC3CCCCC3C3CCC4CCCCC4C23)C1
C1CCC2CC(C3CCCC4CCCC43)CCC2C1
C1CCC(C2CCC3CC4C(CC5CCC6CCCCC65)CCCC4CC32)CC1
C(CCC1CCCC2CCCC12)CC1CC2CCCCC2C1
C1CCC(CCC2CCC3C(CCC3C3CCCCC3)C2)CC1
C1CCC(C2CC3CCCCC3C3CCC4CCCCC4C23)CC1
C1CCC(CCC2CCC3C(CCC3C3CCCCC3)C2)CC1
C1CCC(CCC2CCCC3CCC4C(CCC4C4CCCCC4)CC23)CC1
C1CCC(CCCC(CCC2CCC3CCCC3C2)CC2CCCCC2)CC1
C1CCC2C(C1)CCC1C3CCCC3CCC21
C1CCC2C(C1)CCC1C3CCCC3CCC21
C1CCC(CCCCCC2CC3CCCCC3C2)CC1
C1CCC2CCC(C3CCCC4CCCC43)CC2CC1
C(CCCC1CCCC2C(C3CCCCC3)CCC12)CCC1CCCCC1
C1CCC(C2CC3CCCC3C3CCCC4CCCCC4C23)CC1
C1CCC(CCCCC2CC3CCCCC3C2)CC1
C1CCC(CC(CC2CCCCC2)C2CCCCC2)CC1
C1CCC(C2CCC3CC4C(CCC45CCCCC5)CC32)CC1
C1CCC(C2CCC3CC4C(CCCCC45CCCC5)CC32)CC1
C(CCC1CC2CCCCC2C1)CCC1CCCC2CCCC12
C(CCC1CCCC2CCCC12)CC1CC2CCCCC2C1
C1CCC2CC(C3CCCC4CCCC43)CCC2C1
C1CCC2C(C1)CC(C1CCCC3CCCC31)C1CCCCC21
C1CCC2C(C1)CCC1C3CCCC3CCC21
C1CCC(C2CCC3C(CCC4CCCCC43)C2)CC1
C(CCC1CCCC2CCCCC12)CC1CCCC2CCCCC12
C1CCC(CC2CCC(CC(CC3CCCCC3)C3CCCCC3)CC2)CC1
C(CCCC1CCCCC1)CCC1CCCCC1
C1CCC(C2CCC3CC4C(CCC5C6CCC(CCCC7CCC8CCCCC8C7)C6CCC45)CC32)CC1
C1CCC(CCCCC2CC3CCCCC3C2)CC1
C1CCC(CCC(CCC2CCC3CCCC3C2)CC2CCCCC2)CC1
C1CCC2C(C1)CCC1CCCCC12
C(CCC1CCCC2CCCC12)CC1CC2CCCCC2C1
C(CCC1CCC2C1CCC1C3CCCCC3CCC21)CC1CC2CCCCC2C1
C1CCC(C2CCC3C(CCCCCC4CCC(C5CCCC5)C4)CCCC23)CC1
C1CCC2CCC(C3CCCC4CCCC43)CC2CC1
C1CCC(C2CC3CCCCC3C3CCC4CCCCC4C23)CC1
C1CCC(CCCCCC2CC3CCCCC3C2)CC1
C1CCC(C2CCC3CCC4CCCCC4C3CC2)CC1
C1CCC2CC(C1)CCC1C3CCCC3CCC21
C(CCCC1CCCC2C(C3CCCCC3)CCC12)CCC1CCCCC1
C1CCC(C2CCC3(CCC4CCC5C(CCC5C5CCCCC5)CC43)C2)CC1
C1CCC(C2CCC(CCCC3CCC4C3CCC3C5CCCCC5CCC43)C2)CC1
C1CCC2CC(C3CCCC4CCCC43)CCC2C1
C1CCC(CCCCC2CCCC3CCCC23)CC1
C(CCC1CCC2CCCCC2C1)CCC1CCCC2CCCCC12
C1CCC2CC(C3CCCC4CCCC43)CCC2C1
C(CCCC1CCCC2C(C3CCCCC3)CCC12)CCC1CCCCC1
C1CCC(CC2CCC(CC(CC3CCCCC3)C3CCCCC3)CC2)CC1
C1CCC(CCCCCC2CCCC3C(C4CCCCC4)CCC23)CC1
C1CCC(CCCCCC2CCC3CCCC3C2)CC1
C1CCC(CCCCC2CCC3CCCCC23)CC1
C1CCC2CCC(C3CCCC4CCCC43)CC2CC1
C1CCC(CCCCCC2CCCCC2)CC1
C1CCC2C(C1)CCCC2CCCC1CCCC2CCCCC21
C1CCC(C2CCC3CC4C(CCC5C6CCCC(CCCC7CC8CCCCC8C7)C6CCC45)CC32)CC1
C1CCC(CCCCC2CCC3CCCCC23)CC1
C1CCC2CC(C3CCCC4CCCC43)CCC2C1
C(CCCC1CCCC2C(C3CCCCC3)CCC12)CCC1CCCCC1
C1CCC2C(C1)CCC1C3CCCC3CCC21
C1CCC(CCC2CCC(C3CCC4C(CCC4C4CCCCC4)C3)CC2)CC1
C1CCC(C2CCC(C3CC4CCCC4C4CCC5CCCCC5C34)CC2)C1
C(CCCCC1CCC(C2CCCCC2)C1)CCCC1CCC2CCCC2C1
C(CC1CC2CCCCC2C1)CC1CCC2C(CCC3C4CCCCC4CCC23)C1
C(CCC1CC2CCCCC2C1)CCC1CCCC2CCCC12
C1CCC(C2CCC3CCCC3C3CCC4CCCCC4C23)CC1
C1CCC(C2CCC3CC4C(CCCC5C6CCC(CCCC7CC8CCCCC8C7)C6CCC45)CC32)CC1
C1CCC(CCCCCC2CCC3CCCCC23)CC1
C1CCC(CCCC2CCCC3CCC(C4CCCC5CCCC54)CC23)CC1
C(CCC1CCC2C1CCC1C3CCCCC3CCC21)CC1CC2CCCCC2C1
C1CCC(C2CCC3CC4C(CCC5C6CCC(CCCC7CC8CCCCC8C7)C6CCCC45)CC32)CC1
C1CCC(C2CC3CCCC3C3CCC4CCCCC4C23)CC1
C(CCCC1CCCC2CCCCC12)CCC1CCC(C2CCCCC2)C1
C1CCC(C2CC3CCCC3C3CCC4CCCCC4C23)CC1
C1CCC(C2CC3CCCC3C3CCC4CCCCC4C23)CC1
C1CCC2CCC3C4CCC(CCCC5CC6CCCCC6C5)C4CCC3C2CC1
C(CCCC1CCCC2CCCCC12)CCC1CCC(C2CCCCC2)C1
C1CCC2CCC3CCCCC3C2CC1
C1CCC(CCC2CCC3C(CCC3C3CCCCC3)C2)CC1
C1CCC2C(C1)CCC1C3CCCC3CCC21
C1CCC(CCCCC2CC3CCCCC3C2)CC1
C1CCC(C2CCC3CCCC3C3CCC4CCCCC4C23)CC1
C1CCC(CC2CCC3CC4C(CCC45CCC(C4CCCCC4)C5)CC23)CC1
C(CCCCC1CCC2C(CCC3C4CCCC4CCC23)C1)CCCC1CCCC(CC(CC2CCC(CCC3CCCCC3)CC2)C2CCCCC2)C1
C1CCC(CCCC(CC2CC3CCCCC3C2)C2CC2)CC1
C1CCC2CC(C3CCCC4CCCC43)CCC2C1
C1CCC2CCC3C4CCCCC4CCC3C2CC1
C1CCC2CC(C3CCCC3)C3CCCC3C2CC1
C1CCC(CCC2CCC(C3CC3)CC2)CC1
C(CCC1CC2CCCCC2C1)CCC1CCCC2CCCC12
C1CCC(C2CC3CCCC3C3CCC4CCCCCC4C23)CC1
C1CCC(CCCCC2CC3CCCCC3C2)CC1
C1CCC(C2CCC3CC4(CCCCCC4C4CCCCC4)CCC32)CC1
C(CCC1CCCC2CCCC12)CC1CC2CCCCC2C1
C1CCC(CC2CC3CCCCC3C3CCC4CCCCC4C23)C1
C1CCC2CCC3C4CCC(CCCC5CC6CCCCC6C5)C4CCC3C2CC1
C(CCC1CCC2CCCCC2C1)CCC1CCCC2CCCCC12
C1CCC(CCCC2CCCC(C3CCC4CC(CCC5CCC6CCCCC6C5)CCC43)C2)CC1
C(CCC1CCC2C(CCC3C4CCCC4CCC23)C1)CC1CCC(C2CCC(C3CC4CCCC4C4CCC5CCCCC5C34)CC2)CC1
C1CCC(C2CC3CCCC3C3CCC4CCCCCC4C23)CC1
C1CCC(CCCCCC2CCC3CCCCC3C2)CC1
C1CCC(CCC2CCC(CC3CCC4C(CCC4C4CCCCC4)C3)CC2)CC1
C1CCC(CCCC2CC3CCCCC3C2C2CCCCC2)CC1
C1CCC(C2CCC3CCC4C(CCC45CCCCC5)CC32)CC1
C1CCC2CC3CCC(C4CCCCC4)C3CC2CC1
C1CCC(CCCCC2CCC3CCCCC23)CC1
C1CCC(CCC2CCC3C(CCC3C3CCCCC3)C2)CC1
C1CCC(CCC(CC2CCCCC2)CC2CCC3C(CCC3C3CCCCC3)C2)CC1
C(CCC1CCCCC2CCCCC12)CC1CCC2CCCCC2C1
C1CCC(C2CC3CCCC(C3)C3CCC4CCCCC4C32)CC1
C1CCC2CCC3C4CCCC4CCC3C2CC1
C1CCC(C2CC3CCCC3C3CCC4CCCCCC4C23)CC1
C1CCC(C2CCC3C(CCC4CCCCC43)C2)CC1
C(CCCC1CCCCC1)CCCC1CCC(C2CCCCC2)C1
C(CCC1CCC2CCCCC2C1)CCC1CCCC2CCCCC12
C1CCC(CCCC(CCC2CCC3CCCC3C2)CC2CCCCC2)CC1
C1CCC(CCCC2CCC3C2CCC2C4CCCCC4CCC32)C1
C1CCC(C2CCC3CCC4CCCCC4C3CC2)CC1
C1CCC(C2CC3CCCC3C3CCCC4CCCCC4C23)CC1
C1CCC2C(C1)CCC(C1CCCC1)C1CCCCC21
C1CCC2CC(C3CCCC4CCCC43)CCC2C1
C(CCCC1CCCC2C(C3CCCCC3)CCC12)CCC1CCCCC1
C1CCC(C2CC3CCCC3C3CCC4CCCCCC4C23)CC1
C1CCC(C2CCC3CCC4C(CCC45CCCCC5)CC32)CC1
C1CCC(C2CCC3CCCC3C3CCC4CCCCCC4C23)CC1
C1CCC(CCC2CCC(CCC3CCCC(CC4CCCC4)CC3)CC2)CC1
C1CCC2C(C1)CCC1CCCCC12
C1CCC(CCCCC2CC3CCCCC3C2C2CCCCC2)CC1
C(CCC1CCC2CCCCC2C1)CCC1CCCC2CCCC12
C1CCC(CCCCC2CC3CCCCC3C2)CC1
C1CCC(CCC2CCC3C(CCC3C3CCCCC3)C2)CC1
C1CCC(CCC2CCC3C(CCC3C3CCCCC3)C2)CC1
C1CCC(C2CCC(CCCCCC3CCCC4CCCCC34)C2)CC1
C(CCCC1CCCCC1)CCCC1CCC(C2CCCCC2)C1
C1CCC(C2CCC3CCCCC3C3CCC4CCCCC4C23)CC1
C1CCC(CCCC2CCC3CCCC3C2)CC1
C(CCC1CCCC2CCCCC12)CC1CC2CCCCC2C1
C1CCC2CCC3C(CCC4C3CC3CCCC34CCCC3CCCC3)C2CC1
C1CCC2CC3CCC(C4CCCCC4)C3CC2CC1
C1CCC2C(C1)CCC1C3CCCC3CCCC21
C(CCCC1CCCC2C(C3CCCCC3)CCC12)CCC1CCC(C2CCCC2)C1
C1CCC2CCC3C4CCC(CCCC5CC6CCCCC6C5)C4CCC3C2CC1
C1CCC2C(C1)CCC1C3CCCC3CCC21
C1CCC(C2CCC3CC4C(CCC32)CCC42CCCC2)CC1
C1CCC2CC(C3CCCC4CCCC43)CCC2C1
C1CCC(C2CCC3CC4C(CCCCC45CCCC5)CC32)CC1
C1CCC(C2CC3CCCC3C3CCC4CCCCC4C23)CC1
C(CCCC1CCCCC1)CCCC1CCC(C2CCCCC2)C1
C1CCC(C2CC3CCCC3CC3CCC4CCCCC4C32)CC1
C1CCC2C(C1)CCC1C3CCCC3CCC21
C1CCC(CC2CCC(CC(CC3CCCCC3)C3CCCCC3)CC2)CC1
C1CCC(CCC2CCC(CCC3CCCC(CC4CCCCC4)C3)CC2)CC1
C1CCC(CC2CC3CCCCC3C3CCC4CCCCC4C23)C1
C1CCC(CCC2CCC3C(CCCC4C5CCCC5CCC34)C2)CC1
C1CCC2C(C1)CCCC1C3CCCC3CCC21
C(CCCC1CCCC2C(C3CCCCC3)CCC12)CCC1CCC(C2CCCC2)C1
C1CCC(C2CCC3CC4C(CCCCC45CCCC5)CC32)CC1
C1CCC2C(C1)CCC1C3CCCC3CCCC21
C1CCC(CCCCCC2CC3CCCCC3C2)CC1
C1CCC2C(C1)CCC1C3CCCC3CCC21
C1CCC2CCC(C3CCCC4CCCC43)CC2CC1
C1CCC(CCCCC2CC3CCCCC3C2)CC1
C1CCC2CCC3C4CCC(CCCC5CC6CCCCC6C5)C4CCC3C2CC1
C1CCC(CC2CC3CCCCC3C3CCC4CCCCC4C23)CC1
C1CCC(C2CC3CCCCC3C3CCC4CCCCC4C23)CC1
C1CCC(CCCCC2CC3CCCCC3C2)CC1
C1CCC(C2CC3CCCC3C3CCC4CCCCC4C23)CC1
C1CCC(CCCCC2CC3CCCCC3C2)CC1
C1CCC(CCCCC2CCC3CCCCC23)CC1
C1CCC(C2CCC3CC4C(CCC45CCCCC5)CC32)CC1
C1CCC(CCC2CCC(CCC3CCCCC(CC4CCCC4)C3)CC2)CC1
C1CCC(C2CC3CCCC3C3CCC4CCCCCC4C23)CC1
C1CCC(C2CC3CCCCC3C3CCC4CCCCC4C23)CC1
C(CCC1CCC2C1CCC1C3CCCCC3CCC21)CC1CC2CCCCC2C1
C1CCC(C2CCC3CC4C(CCCC45CCCC5)CC32)CC1
C(CCCC1CCC2CCCC2C1)CCCC1CCC(C2CCCCC2)C1
C(CCC1CCCC2CCCC12)CC1CC2CCCCC2C1
C1CCC(C2CC3CCCCC3C3CCCCC23)CC1
C1CCC2CCC(C3CCCC3)CC2CC1
C(CCC1CCCC2CCCCC12)CC1CCCC2CCCCC12
C1CCC2CCC3C(CCC4C3CC3CCCC34CCCC3CCCC3)C2CC1
C1CCC(C2CC3CCCC3C3CCC4CCCCCC4C23)CC1
C1CCC2CCC3C4CCC(CCCC5CC6CCCCC6C5)C4CCC3C2CC1
C1CCC(CCCCCC2CCCC3C(C4CCCCC4)CCC23)CC1
C1CCC(CCCCCC2CCC3CCCCC23)CC1
C1CCC(CCCCC2CC3CCCCC3C2)CC1
C1CCC(C2CCC(CCCCCC3CCCC4CCCCC34)C2)CC1
C1CCC(C2CCC3CC4C(CCC45CCCCCC5)CC32)CC1
C1CCC(CCCC(CC2CC3CCCCC3C2)C2CCCC2)CC1
C1CCC(CCCC2CCC3C2CCC2C4CC5CCC(CC6CCCCC6)C5CC4CCC32)CC1
C1CCC(CCC2CCCCC2)CC1
C1CCC(CCCCC2CCC3CCCCC23)CC1
C1CCC2CCC(C3CCCC4CCCC43)CC2CC1
C1CCC(CCCC2CCC3C(CCC4C5CCCC5CC(CCC5CCCCC5)C34)C2)CC1
C(CCC1CCCC2CCCCC12)CC1CCCC2CCCCC12
C1CCC(CCC(CCC2CCCCC2)CCC2CCC3CCCC3C2)CC1
C1CCC(C2CCC3(CCCC4CC5C(CCC5C5CCCCC5)CC43)C2)CC1
C1CCC(C2CC3CCCC3C3CCC4CCCCCC4C23)CC1
C1CCC(C2CCC3CCCC3C3CCC4CCCCC4C23)CC1
C1CCC2CC(C3CCCC4CCCC43)CCC2C1
C1CCC(CC2CC3CCCCC3C3CCC4CCCCC4C23)C1
C1CCC(CCC2CCC3C(CC4CCCCC4)CCC3C2)CC1
C1CCC(CCC2CCCC3CC4C(CCC4C4CCCCC4)CC23)CC1
C1CCC2C(C1)CCC1C2CCC2C3CCCC3CC21
C1CCC2CC(CCCC3CCC4C3CCC3C5CCCCC5CCC43)CC2C1
C1CCC2CCC3C4CCCC4CCC3C2CC1
C1CCC(C2CCC3CC4C(CCC45CCCCC5)CC32)CC1
C1CCC2C(C1)CCC1C3CCCC3CCC21
C1CCC(C2CCC3CC4C(CCC5C6CCC(CCCC7CCC8CCCCC8C7)C6CCC45)CC32)CC1
C1CCC(CCCCC2CC3CCCCC3C2)CC1
C1CCC2CCC(C3CCCC4CCCC43)CC2CC1
C1CCC(C2CCC3CC4C(CCC45CCCCC5)CC32)CC1
C1CCC(C2CCC3CC4C(CCC5C6CCCC6CCC45)CC32)CC1
C1CCC(CC2CCC3CC4C(CCC45CCC(C4CCCCC4)C5)CC23)CC1
C1CCC(CC2CC3CCCCC3C3CCC4CCCCCC4C23)CC1
C1CCC(CCC2CCC(CCC3CCCC(CC4CCCC4)C3)CC2)CC1
C1CCC2CCC3CCCCC3C2CC1
C1CCC(CCC(CCC2CCC3CCCC3C2)CC2CCCCC2)CC1
C1CCC2CC(C3CCCC4CCCC43)CCC2C1
C1CCC(CC2CCC3CC4C(CCCC45CCCC5)CC23)CC1
C1CCC(C2CCC3CC4C(CCCC45CC(C4CCCCC4)C(C4CCCCC4)C5)CCC32)CC1
C1CCC(CCCCCC2CCC3CCCCC23)CC1
C(CCCC1CCCCC1)CCCC1CCC(C2CCCCC2)C1
C1CCC(C2CC3C(CCC4CC4)CCC3C3CCC4CCCCCC4C23)CC1
C1CCC(CCC2CCC(CCC3CCCC(CC4CCCC4)CC3)CC2)CC1
C1CCC(C2CC3CCCCC3C3CCC4CCCCC4C23)CC1
C1CCC(C2CCCC3C(CCC4CCCCC43)C2)CC1
C1CCC(CCCCCC2CC3CCCCC3C2)CC1
C1CCC2C(C1)CCC1C3CCCC3CCC21
C(CCCC1CCCC2C(C3CCCCC3)CCC12)CCC1CCC(C2CCCC2)C1
C1CCC(CCC2(CCCC3CCC4CCCCC4C3)CCC3C4CCCC5CCCCC5C4CCC32)C1
C(CCC1CCC2CCCCC2C1)CCC1(C2CCCC2)CCCC2CCCCC21
C1CCC(CCCC2CCC3CCCC3C2)CC1
C1CCC2CCC(C3CCCC4CCCC43)CC2CC1
C1CCC(CCCC2CCC3C2CCCC2C4CC5CCC(C6CCCCC6)C5CC4CCC32)CC1
C1CCC(CCCCC2CC3CCCCC3C2)CC1
C1CCC(CCC2CCCCC2)CC1
C1CCC(CCCCCC2CC3CCCCC3C2)CC1
C1CCC2CCC(C3CCCC4CCCC43)CC2CC1
C1CCC(CC2CC3CCCCC3C3CCC4CCCCCC4C23)CC1
C1CCC2CCC3C(CCC4C3CCC4(CCCC3CC4CCCCC4C3)CCC3CCCC3)C2CC1
C(CCCC1CCCC2C(C3CCCCC3)CCC12)CCC1CCCCC1
C1CCC2C(C1)CC(C1CCCC1)C1CCCCC21
C1CCC2C(C1)CCC1CCCCC12
C1CCC2CCC(C3CCCC4CCCC43)CC2CC1
C1CCC2CCC(C3CCCC4CCCC43)CC2CC1
C1CCC(C2CCC3C(CCC4CCCCC43)C2)CC1
C1CCC(CCC2CCC3C(CCC3C3CCCCC3)C2)CC1
C1CCC(CCC2CCC3C(CCC3C3CCCCC3)C2)CC1
C1CCC(C2CC3CCCC3C3CCC4CCCCCC4C23)CC1
C1CCC(C2CC3CCCC3C3CCC4CCCCC4CC23)CC1
C1CCC(CCCCC2CC3CCCCC3C2)CC1
C1CCC(CCC2CCC3C(CCC3C3CCCCC3)C2)CC1
C1CCC2CCC3C4CCCC4CCC3C2CC1
C1CCC(C2CCC(CCCCCC3CCCC4CCCCC34)C2)CC1
C1CCC2CC(C3CCCC4CCCC43)CCC2C1
C1CCC2CC(C3CCCC4CCCC43)CCC2C1
C1CCC2C(C1)CCCC1CCCCC12
C1CCC(CCCCC2CC3CCCCC3C2)CC1
C1CCC(CCCCCC2CC3CCCCC3C2)CC1
C1CCC2CC(CCCC3CCC4C3CCC3C5CCCCC5CCC43)CCC2C1
C1CCC(C2CCC3CC(C4CCC(CCC5CCCC5)CC4)CCC32)CC1
C1CCC(CC2CC3CCCCC3C3CCC4CCCCC4C23)CC1
C1CCC2C(C1)CCC1CCCCC12
C1CCC(C2CCC3CCCC3C3CCC4CCCCC4C23)CC1
C1CCC(CCCCCC2CCC3CCCCC23)CC1
C1CCC(C2CCC3CC4C(CCC5C6CCCCC6CCC45)CC32)CC1
C1CCC(CCCCC2CC3CCCCC3C2)CC1
C1CCC2CC3CCCCC3CCC2C1
C1CCC(CCC2(CCCC3CC4CCCCC4C3)CCC3C4CCCC5CCCCC5C4CCC32)C1
C1CCC(CC2CC3CCCCC3C3CCC4CCCCCC4C23)CC1
C(CCCC1CCCC2C(C3CCCCC3)CCC12)CCC1CCCCC1
C1CCC(CCCCCC2CCC3CCCCC23)CC1
C(CCC1CCCC2CCCCC12)CC1CCC2CCCCC2C1
C1CCC2CCC(C3CCCC4CCCC43)CC2CC1
C1CCC(C2CCC3CC4C(CCC45CCCCC5)CC32)CC1
C1CCC(C2CC3CCCC3C3CCC4CCCCC4C23)CC1
C1CCC(C2CC3CCCC3C3CCC4CCCCC4CC23)CC1
C1CCC(CC2CC3CCCCC3C3CCC4CCCCC4C23)CC1
C1CCC(CCCCC2CC3CCCCC3C2)CC1
C1CCC(C2CCC3CC4C(CCC45CCCCC5)CC32)CC1
C1CCC(CCCC2CCCC3CCC(C4CCCC5CCCC54)CC3C2)CC1
C(CCC1CCCC2CCCC12)CC1CC2CCCCC2C1
C1CCC2CC(CCCC3CCCC4C3CCC3C5CCCCC5CCC43)CCC2C1
C1CCC(CCC2CCC3C2CCC(C2CCCCC2)C2C4CCCCC4CCC32)CC1
C1CCC(CCC2CCC(C3CCC4C(CCC4C4CCCCC4)C3)CC2)CC1
C(CCC1CCCC2CCCC12)CC1CC2CCCCC2C1
C1CCC(CCCCCC2CCCCC2)CC1
C1CCC(CCC(CC2CC3CCCCC3C2)C2CCC2)CC1
C1CCC(CCC2CCC3C(CCC4CCCCC43)C2)CC1
C1CCC2CCC(C3CCCC4CCCC43)CC2CC1
C1CCC2C(C1)CCCC1C3CCCC3CCC21
C1CCC2C(C1)CCC1C3CCCC3CCC21
C1CCC2CCC(C3CCCC4CCCC43)CC2CC1
C1CCC2CC(C3CCCC4CCCC43)CCC2C1
C1CCC(C2CC3CCCC3C3CCC4CCCCC4C23)CC1
C1CCC(C2CC3CCCCC3C3CCC4CCCCC4C23)CC1
C(CCCC1CCCC2C(C3CCCCC3)CCC12)CCC1CCC(C2CCCC2)C1
C1CCC(CC2CCC(CC3CC4CCCCC4C4CCC5CCCCC5C34)CC2)CC1
C1CCC(CCCC23CCCC2CC2C4CCC5CCCCC5C4CCCC23)C1
C1CCC(C2CCC3CC4C(CCCC45CCCC5)CCC32)CC1
C1CCC(CCC2CCC(C3CCC4C(CCC4C4CCCCC4)C3)CC2)CC1
C1CCC(CC2CC3CCCCC3CC3CCC4CCCCC4C32)CC1
C(CCCC1CCCCC1)CCCC1CCC(C2CCCCC2)C1
C1CCC(C2CCC3C(CCC4CCCCC43)C2)CC1
C(CCC1CCC2CCCC2C1)CC1CCC(C2CCCC2)CC1
C1CCC(C2CC3CCCC3C3CCC4CCCCC4C23)CC1
C1CCC(C2CCC3CCCC3C3CCC4CCCCC4C23)CC1
C1CCC(CCC2CCC3C(CCC4C5CCCCC5CC(CCC5CCCCC5)C34)C2)CC1
C1CCC(CCCCCC2CCC3CCCC3C2)CC1
C1CCC2CC(CCCC3CCC4C3CCCC3C5CCCCC5CCC34)CC2C1
C1CCC2CCC3C(CCC4C3CC3CCCC34CCCC3CCCC3)C2CC1
C1CCC(CCC2CCC3C(CCCC4CC(C5CCCCC5)CCC43)C2)CC1
C1CCC(CCCCCC2CCCC3C(C4CCCCC4)CCC23)CC1
C1CCC(CCCCCC2CC3CCCCC3C2)CC1
C1CCC(CCCCCC2CC3CCCCC3C2)CC1
C(CCC1CCC(CC2CCCC2)C1)CCC1CCCC2CCCCC12
C1CCC2CCC3C4CCCC4CCC3C2CC1
C1CCC(C2CCC3CC4C(CCC45CCCC5)CC32)CC1
C1CCC(C2CCC3CC4C(CCC45CCCCCC5)CC32)CC1
C1CCC(CC2CCC3CC4C(CCC45CCCC5)CC23)CC1
C1CCC(CCCCCC2CCCC3C2CCC3C2CCC(CC3CC3)CC2)CC1
C(CCC1CCCCC2CCCCC12)CC1CCC2CCCCC2C1
C1CCC2CCC3C4CCC(CCCC5CC6CCCCC6C5)C4CCC3C2CC1
C1CCC(C2CCC3CC4C(CCC45CCCCC5)CC32)CC1
C1CCC(CC2CCCCC(CCC3CCC(CCC4CCC(C5CC5)CC4)CC3)C2)C1
C1CCC2CCC3C4CCCC4CCC3C2CC1
C1CCC(CCCC2CCCC3C2CCC2C4CC5CCC(C6CCCCC6)C5CC4CCC32)CC1
C1CCC(CC2CC3CCCCC3C3CCC4CCCCC4C3C2)CC1
C1CCC2CCC(C3CCCC4CCCC43)CC2CC1
C1CCC(CCCCC2CC3CCCCC3C2)CC1
C1CCC(CCCCCC2CC3CCCCC3C2)CC1
C1CCC2C(C1)CCC1CCCCC12
C1CCC(C2CCC3CC4CCCCC4CC32)CC1
C1CCC(CCC2CCC3C(CC4CCCCC4)CCC3C2)CC1
C1CCC(C2CCC3CC4C(CCCCC45CCCC5)CC32)CC1
C1CCC(C2CCC(CCCCCC3CCCCC4CCCCC34)C2)CC1
C1CCC(CCCCC2CC3CCCCC3C2)CC1
C1CCC(CCCCC2CC3CCCCC3C2)CC1
C1CCC(CCCCC2CCCC(C3CCC4CC(CCC5CCC6CCCCC6C5)CCC43)C2)CC1
C(CCC1CC2CCCCC2C1)CCC1CCCC2CCCC12
C1CCC(CCCC2CCC3CCC(C4CCCC5CCCC54)CC3C2)CC1
C1CCC2C(C1)CCC1CCCCC12
C1CCC(C2CCC3CCCC3C3CCC4CCCCC4C23)CC1
C1CCC2C(C1)CCC1C3CCCC3CCC21
C1CCC(CCCCC2CC3CCCCC3C2)CC1
C1CCC(CCCC2CCC3C(CCC3C3CCCC3)C2)CC1
C1CCC(CCCCCC2CC3CCCCC3C2)CC1
C1CCC2CCC3C4CCC(CCCC5CC6CCCCC6C5)C4CCC3C2CC1
C1CCC(CCCC2CCC(C3CCC4C(CCC4C4CCCCC4)C3)CC2)CC1
C1CCC2C(C1)CCC1C3CCCC3CCC21
C1CCC(C2CC3CCCCC3C3CCC4CCCCC4C23)CC1
C1CCC(C2CC3CCCCC3C3CCCCC23)CC1
C1CCC2C(C1)CCCC2CCCC1CCCC2CCCCC21
C1CCC(C2CC3CCCC3C3CCC4CCCCC4C23)CC1
C1CCC(CCCCC2CC3CCCCC3C2)CC1
C1CCC(CCCCCC2CC3CCCCC3C2)CC1
C1CCC(CCCCC2CCC3C2CCC2C4CCCCC4CCC32)CC1
C1CCC(CCCCCC2CCCC3C(C4CCCCC4)CCC23)CC1
C1CCC2CCC3C4CCCC4CCC3C2CC1
C1CCC(CC2CCC3CCCCC3C3CCC4CCCCC4C23)CC1
C1CCC(CCCCC2CCC3CCC(C4CCCC5CCCC54)CC3C2)CC1
C1CCC2CC(C3CCCC4CCCC43)CCC2C1
C1CCC(C2CCC3CC4C(CCC32)CCC42CCCC2)CC1
C1CCC(CCC2CCC3C(CCC3C3CCCCC3)C2)CC1
C1CCC(CC2CC3CCCCC3C3CCC4CCCCC4C23)C1
C1CCC(C2CC3CCCC3C3CCC4CCCCCC4C23)CC1
C1CCC2CC(C3CCCC4CCCC43)CCC2C1
C1CCC(C2CCC3CC4C(CCC32)CCC42CCCCC2)CC1
C1CCC2C(C1)CCC(C1CCCC1)C1CCCCC21
C1CCC(CC(CC2CCCCC2)C2CCCCC2)CC1
C1CCC(CCC2CCCCC3CC4C(CCC4C4CCCCC4)CC23)CC1
C(CCC1CCCC2CCCC12)CC1CC2CCCCC2C1
C1CCC(C2CCC3CC4C(CCCC45CC(C4CCCCC4)C(C4CCCCC4)C5)CCC32)CC1
C1CCC(CCCCCC2CC3CCCCC3C2)CC1
C(CCC1CCC2C(CCC3C4CCCC4CCC23)C1)CC1CCC(C2CC3CCCC3C3CCC4CCCCC4C23)CC1
C(CCCC1CCCC2C(C3CCCCC3)CCC12)CCC1CCCCC1
C1CCC2CC(CCCC3CCCC4C3CCC3C5CCCCC5CCC43)CCC2C1
C1CCC(CCCCC2CCC3CCCCC3C2)CC1
C1CCC(CC2CCC(CC(CC3CCCCC3)C3CCCCC3)CC2)CC1
C1CCC(CCC(CC2CC3CCCCC3C2)C2CCC2)CC1
C1CCC(CC2CC3CCCCC3C3CCC4CCCCCC4C23)CC1
C1CCC(CCCCCC2CC3CCCCC3C2)CC1
C1CCC2C(C1)CCC1C2CCC2C3CCCC3CC21
C1CCC2CCC(C3CCCC4CCCC43)CC2CC1
C1CCC(CC2CCC3C(CCC3C3CCCCC3)C2)CC1
C(CCC1CCC2C1CCC1C3CCCCC3CCC21)CC1CC2CCCCC2C1
C1CCC(CCC2(CCCC3CC4CCCCC4C3)CCC3C4CCC5CCCCC5C4CCC32)C1
C(CCC1CCC2C1CCC1C3CCCCC3CCC21)CC1CC2CCCCC2C1
C1CCC(CCCC2CCC3C(CCC3C3CCCCC3)C2)CC1
C1CCC(CCC2CCC3C(CCC3C3CCCCC3)C2)CC1
C1CCC(CCCC2CCC3CCC(C4CCCC5CCCC54)CC3C2)CC1
C1CCC(CC2CCC3CC4C(CCC5C6CCC(CCCC7CC8CCCCC8C7)C6CCC45)CC23)CC1
C(CCC1CCC2CCCCC2C1)CCC1CCCC2CCCC12
C1CCC(C2CC3C(CCC34CCCC4)C3CCC4CCCCC4C23)CC1
C1CCC(C2CCC3CC4C(CCC45CCCC5)CC32)CC1
C1CCC(C2CCC3CC4C(CCC32)CCC42CCCC2)CC1
C1CC2CCC3C(CCC4CCCCC43)CC2C1
C1CCC(C2CCC3CC4(CCCCCC4C4CCCCC4)CCC32)CC1
C(CCC1CC2CCCCC2C1)CCC1CCCC2CCCC12
C1CCC(CCCC2(CCC3CCCC3)CCC3C4CCC5CCCCC5C4CCC32)C1
C1CCC2C(C1)CCC1C3CCCCC3CCC21
C1CCC(CCCC2CCC3C(CCC4C5CCCC5CC(CCC5CCCCC5)C34)C2)CC1
C1CCC2CCC(C3CCCC4CCCC43)CC2CC1
C1CCC(CC2CC3CCCCC3C3CCC4CCCCCC4C23)CC1
C1CCC(CCCCC2CC3CCCCC3C2)CC1
C1CCC(CCC2CCC3C(CCC3C3CCCC(CC4CCCC4)C3)C2)CC1
C1CCC(CCCC(CCC2CCC3CCCC3C2)CC2CCCCC2)CC1
C(CCCC1CCCC2C(C3CCCCC3)CCC12)CCC1CCC(C2CCCC2)C1
C1CCC(C2CCC3CCC4CCCCC4CC32)CC1
C1CCC2CC(CC3CCCC4CCCC43)CCC2C1
C1CCC(C2CC3CCCCC3CC3CCCCC32)CC1
C1CCC2C(C1)CCC1C3CCCC3CCC21
C1CCC(CCCCC2CCC3CCCCC23)CC1
C1CCC(C2CCC3CC4(CCCCCCC4C4CCCCC4)CCC32)CC1
C1CCC2C(C1)CCCC1CCCCC12
C1CCC2C(C1)CCCC1C3CCCC3CCC21
C1CCC(C2CCC3(CCC4CCC5C(CCC5C5CCCCC5)CC43)C2)CC1
C(CCCC1CCCCC1)CCCC1CCC(C2CCCCC2)C1
C1CCC2CC(CCCC3CCC4C3CCC3C5CCCCC5CCC43)CC2C1
C1CCC(C2CCC3C(CCCCCC4CCC(CC5CCCC5)C4)CCCC23)CC1
C1CCC2CCC3C4CCCCC4CC(CC4CCCC4)C3C2CC1
C1CCC2CCC(C3CCCC4CCCC43)CC2CC1
C(CCCC1CCCC2C(C3CCCCC3)CCC12)CCC1CCCCC1
C1CCC(C2CC3CCCC3C3CCC4CCCCC4C23)CC1
C1CCC(CCCC2CCC3CCC(CC4CCCC5CCCC54)CC3C2)CC1
C(CCCCC1CCC(C2CCCCC2)C1)CCCC1CCCCC1
C(CCCC1CCCC2CCCCC12)CCC1CCC(C2CCCCC2)C1
C1CCC2CCC3C4CCCCC4CCC3C2CC1
C1CCC(C2CC3CCCC3C3CCC4CCCCC4C23)CC1
C1CCC(C2CCC3CCC4C(CCC5C6CCC(CCCC7CC8CCCCC8C7)C6CCC45)CC32)CC1
C(CCC1CCC2C(CCC3C4CCCC4CCC23)C1)CC1CCC(C2CC3CCCC3C3CCC4CCCCC4C23)CC1
C1CCC(CC2CCC(CC(CC3CCCCC3)C3CCCCC3)CC2)CC1
C1CCC(C2CCC3CC4C(CCC5C6CCCC(CCCC7CCCC8CCCCC87)C6CCC45)CC32)CC1
C1CCC(CC2CC3CCCCC3C3CCC4CCCCC4C23)CC1
C1CCC(CCCCC2CC3CCCCC3C2)CC1
C1CCC(C2CC3CCCCC3C3CCC4CCCCC4C23)CC1
C1CCC2C(C1)CCC1CCCCC12
C1CCC(CCC(CCC2CCC3CCCC3C2)CC2CCCCC2)CC1
C1CCC2CCC3C4CCCCC4CC(CC4CCCC4)C3C2CC1
C1CCC2CCC(C3CCCC4CCCC43)CC2CC1
C1CCC(CCCCCC2CCCC3C(C4CCCCC4)CCC23)CC1
C(CCCC1CCCC2C(C3CCCCC3)CCC12)CCC1CCC(C2CCCC2)C1
C1CCC(C2CC3CCCC3C3CCC4CCCCCC4C23)CC1
C1CCC(CCCC2(CCC3CCCC3)CCC3C4CCC5CCCCCC5C4CCC32)CC1
C1CCC(CCCCC2CC3CCCCC3C2)CC1
C1CCC(CCC2(CCCC3CC4CCCCC4C3)CCC3C4CCC5CCCCC5C4CCC32)C1
C1CCC(CCCCCC2CC3CCCCC3C2)CC1
C1CCC(C2CCC3CC4CCCCC4CCC32)CC1
C1CCC(CCCCC2CC3CCCCC3C2)CC1
C1CCC(C2CCCCC2CC2CC3CCCCC3C3CCC4CCCCCC4C23)CC1
C(CCCC1CCCC2C(C3CCCCC3)CCC12)CCC1CCCCC1
C(CCCC1CCCC2C(C3CCCCC3)CCC12)CCC1CCCCC1
C1CCC(CCCCC2CC3CCCCC3C2)CC1
C1CCC(CCCCCC2CCCC3C2CCC3C2CCC(CCC3CC3)CC2)CC1
C1CCC(CCC2CCC(CCC3CCCC(CC4CCCC4)C3)CC2)CC1
C1CCC2CCC3C4CCC(CCCC5CC6CCCCC6C5)C4CCC3C2CC1
C1CCC(CCCCC2CC3CCCCC3C2)CC1
C1CCC(CCC2CCC3C(CCC3C3CCCCC3)C2)CC1
C1CCC(C2CCC3C(CCC4CCCCC43)C2)CC1
C1CCC(CCC2CCC3C(CCC3C3CCCC(CCCC4CCCC4)C3)C2)CC1
C1CCC(CC2CC3CCCCC3C3CCC4CCCCC4C23)CC1
C1CCC(C2CCC3CC4C(CC5CCC6CCCCC65)CCCC4CC32)CC1
C1CCC(C2CCC3CC4C(CCCC5C6CCC(CCCC7CCC8CCCCC8C7)C6CCC45)CC32)CC1
C1CCC(CCCC2(CCC3CCCC3)CCC3C4CCC5CCCCC5C4CCC32)CC1
C1CCC(C2CC3CCCC3C3CCC4CCCCCC4C23)CC1
C1CCC2CC(C3CCCC4CCCC43)CCC2C1
C1CCC(CCCCC2CCC3CCCCC23)CC1
C1CCC(CC2CCCC(C3CCC4CC(CCCC5CCC6CCCCC6C5)CCC43)C2)C1
C1CCC(CCCCCC2CC3CCCCC3C2)CC1
C1CCC2CC(CCCC3CCC4C3CCC3C5CCCCC5CCC43)CCC2C1
C1CCC(C2CC3CCCC3CC3CCC4CCCCC4C32)CC1
C1CCC(CCC2CCC3CC4CCCCC4CCC3C2)CC1
C1CCC(C2CCC3C(CCCCCC4CCC(CC5CCCC5)C4)CCCC23)CC1
C1CCC(CCC2CCC3C(CCC4C5CCCC5CCC(CCC5CCCCC5)C34)C2)CC1
C1CCC(C2CCC3C(CCCCCC4CCC(C5CCCC5)C4)CCCC23)CC1
C1CCC2CC(C3CCCC4CCCC43)CCC2C1
C1CCC(C2CCC3CCC4C(CCC45CCCCC5)CC32)CC1
C1CCC(CCCCC2CC3CCCCC3C2)CC1
C1CCC(CCC2(CCCC3CC4CCCCC4C3)CCC3C4CCC5CCCCC5C4CCC32)C1
C1CCC2CCC3CCCCC3C2CC1
C1CCC(CCCCCC2CCCC3C(C4CCCCC4)CCC23)CC1
C1CCC(CCC2CCC3C(CCC4C5CCCC5CCC34)C2)CC1
C1CCC2CC(CC3CCCC4CCCC43)CCC2C1
C1CCC(C2CC3CCCC3C3CCC4CCCCC4C23)CC1
C1CCC(CCCCC2CCC3CCCCC23)CC1
C1CCC2CCC3C4CCCCC4CCC3C2CC1
C1CCC2C(C1)CCC1C3CCCC3CCCC21
C1CCC2CCC(C3CCCC4CCCC43)CC2CC1
C1CCC(CCC2CCC3C(CCC3C3CCCCC3)C2)CC1
C1CCC2CCC(C3CCCC4CCCC43)CC2CC1
C(CC1CCC2CCCC2C1)CC1CCCC2CCC(C3CCCC4CCCC43)CC2C1
C1CCC2CC(C3CCCC4CCCC43)CCC2C1
C1CCC(CCC2CCC3C(CCC3C3CCCCC3)C2)CC1
C1CCC2C(C1)CCCC1CCCCC12
C1CCC(C2CCC3CC4C(CCC32)CCC2C3CCCC3CCC42)CC1
C1CCC(C2CCC3CCCC3C3CCC4CCCCC4C23)CC1
C1CCC2CC(C3CCCC4CCCC43)CCC2C1
C1CCC2CC(C3CCCC4CCCC43)CCC2C1
C1CCC2CCC3C4CCCCC4CC(CC4CCCC4)C3C2CC1
C1CCC(CC2CC3CCCCC3C3CCC4CCCCC4C23)C1
C1CCC(C2CCC3CCC4C(CCCC45CCCC5)CC32)CC1
C1CCC2C(C1)CC(C1CCCC3CCCCC31)C1CCCCC21
C1CCC(CCC(CC2CC3CCCCC3C2)C2CCCCC2)CC1
C1CCC(CCCC2CCC3C2CCC2C4CCC5CCC(C6CCCCC6)C5CC4CCC32)CC1
C1CCC(C2CCC(CC3CC4CCCCC4C4CCC5CCCCC5C34)CC2)CC1
C1CCC(CC2CCCC(CC3CC4CCCCC4C4CCC5CCCCCC5C34)C2)CC1
C(CCCC1CCCCC1)CCCC1CCC(C2CCCCC2)C1
C1CCC(CCCCC2CC3CCCCC3C2)CC1
C1CCC2CC(CCCC3CCCC4CCCCC43)CCCC2C1
C1CCC(CC2CCC3C(CC4CCCCC4)CCC3C2)CC1
C1CCC(C2CC3CCCC3C3CCC4CCCCC4CC23)CC1
C1CCC2CCC3C4CCCCC4CC(CC4CCCC4)C3C2CC1
C1CCC(C2CCCC3C(CCC4CCCCC43)C2)CC1
C1CCC(C2CC3CCCC3C3CCC4CCCCCC4C23)CC1
C1CCC(CCC2CCC(CCC3CCCCC3)CC2)CC1
C1CCC2C(C1)CCC1C2CCCC2C3CCCC3CC21
C1CCC(CCCCCC2CC3CCCCC3C2)CC1
C1CCC(CCC2CCC3C(CCC3C3CCCCC3)C2)CC1
C1CCC2CC(CCCC3CCC4C3CCC3C5CCCCC5CCCC43)CC2C1
C1CCC(C2CC3C(CCC4CC4)CCC3C3CCC4CCCCCC4C23)CC1
C1CCC2C(C1)CCCC1C3CCCC3CCC21
C1CCC(CCCC2CCC3C(CCC3C3CCCCC3)C2)CC1
C(CCC1CCC2CCCCC2C1)CCC1CCCC2CCCCC12
C1CCC(CCCCC2CCC3C2CCC2C4CCCCC4CCC32)CC1
C1CCC(C2CCC3CCC4C(CCC5C6CCC(CCCC7CCC8CCCCC8C7)C6CCC45)CC32)CC1
C1CCC2C(C1)CCC1CCCCC12
C1CCC2CCC(C3CCCC4CCCC43)CC2CC1
C1CCC(C2CC3CCCCC3C3CCCCC23)CC1
C1CCC2CCC3C4CCCC4CC(C4CCC(C5CCC(CCCCC6CCC7C(CCC8C9CCCC9CCC78)C6)CC5)CC4)C3C2CC1
C1CCC(C2CCC3CC4C(CCC32)CCC42CCCC2)CC1
C1CCC(C2CCC3CC4C(CCC45CCCCC5)CC32)CC1
C(CCCC1CCCCC1)CCCC1CCC(CC2CCCCC2)C1
C1CCC(CCCCCC2CCCC3C(C4CCCCC4)CCC23)CC1
C1CCC2C(C1)CCC1CCCCC12
C1CCC2CCC(C3CCCC4CCCC43)CC2CC1
C1CCC(C2CCC3CCCC3C3CCC4CCCCC4C23)CC1
C(CCCC1CCCCC1)CCCC1CCC(CC2CCCCC2)C1
C1CCC(CCC2CCCCC2)CC1
C1CCC2CCC3C4CCCCC4CC(CC4CCCC4)C3C2CC1
C1CCC(CCC2CCC3C(CCC4CC(C5CCCCC5)CCC43)C2)CC1
C1CCC2CCC(C3CCCC4CCCC43)CC2CC1
C1CCC(CCC2CCCC3CC4C(CCC4C4CCCCC4)CC23)CC1
C1CCC2CCC3C4CCCC4CCC3C2CC1
C1CCC(C2CCC3CC4C(CCC45CCCCC5)CC32)CC1
C1CCC(CC2CCC3C(CCCCCC4CCC(C5CCCC5)C4)CCCC23)CC1
C1CCC(C2CCC3CCCC3C3CCC4CCCCCC4C23)CC1
C1CCC(CCCCC2CC3CCCCC3C2)CC1
C1CCC(CCCCC2CC3CCCCC3C2)CC1
C1CCC(CCCCC2CCC3CCCCC23)CC1
C(CCC1CCC2C1CCC1C3CCCCC3CCC21)CC1CCC2CCCCC2C1
C1CCC(CCC2CC3CCCCC3C3CCC4CCCCC4C23)CC1
C(CCC1CCCC2CCCC12)CC1CC2CCCCC2C1
C1CCC(CCCCCC2CCCC3CCCC23)CC1
C1CCC(CCCCCC2CC3CCCCC3C2)CC1
C1CCC(CCC2CCC3C(CCC4CCCCC43)C2)CC1
C(CCCC1CCCC2C(C3CCCCC3)CCC12)CCC1CCC(C2CCCC2)C1
C1CCC(C2CCC3CC4C(CCC5C6CCCC(CCCC7CCCC8CCCCC87)C6CCC45)CC32)CC1
C1CCC2CCC3C4CCCC4CCC3C2CC1
C1CCC2CCC3C4CCCC4CCC3C2CC1
C1CCC(CCCCC2CC3CCCCC3C2)CC1
C1CCC(CC2CC3CCCCC3C3CCC4CCCCCC4C23)CC1
C1CCC(CCCCCC2CCCC3C(C4CCCCC4)CCC23)CC1
C1CCC(CCCCC2CCC3CCCCC23)CC1
C1CCC(CCCC2CCCCC2)CC1
C1CCC(CCCCCC2CCC3C(CCC3C3CCCCC3)C2)CC1
C1CCC(CC2CC3CCCCC3CC3CCC4CCCCC4C32)C1
C1CCC2CC(C3CCCC4CCCC43)CCC2C1
C1CCC(CC2CC3CCCCC3C3CCC4CCCCCC4C23)CC1
C1CCC2CC(C3CCCC4CCCC43)CCC2C1
C1CCC(C2CCC3CC4C(CCC5C6CCC(CCCC7CCC8CCCCC8C7)C6CCC45)CC32)CC1
C1CCC(CCCC2(CCC3CCCC3)CCCC3C4CCC5CCCCC5C4CCC32)CC1
C1CCC(C2CCC3CCC4C(CCC45CCCC5)CC32)CC1
C1CCC(C2CC3CCCCC3C3CCCCC23)CC1
C1CCC(CCC2CCC3C2CCCC(C2CCCCC2)C2C4CCCCC4CCC32)CC1
C(CCCC1CCCC2C(C3CCCCC3)CCC12)CCC1CCCCC1
C1CCC(CCCC2CCC3C(CCC4C5CCCC5CCC34)C2)CC1
C1CCC(CCCCCC2CCC3CCCCC23)CC1
C1CCC(CCCCCC2CC3CCCCC3C2)CC1
C1CCC(C2CC3CCCC3C3CCCC4CCCCC4C23)CC1
C1CCC(C2CC3CCCC3C3CCC4CCCCCC4C23)CC1
C(CCCC1CCCC2C(C3CCCCC3)CCC12)CCC1CCCCC1
C1CCC2CC(CCCC3CCC4C5CCC6CCCCC6C(CCC34)C5)CC2C1
C(CCC1CCCC2CCCC12)CC1CC2CCCCC2C1
C1CCC(C2CCC3CC4C(CCC5C6CCC(CCCC7CCC8CCCCC8C7)C6CCC45)CC32)CC1
C(CCCC1CCCC2C(C3CCCCC3)CCC12)CCC1CCCCC1
C1CCC(C2CC3CCCC3C3CCCC4CCCCC4C23)CC1
C1CCC(CC2CC3CCCCC3C3CCC4CCCCC4C23)CC1
C1CCC(CCC2CCC3C(CCC3C3CCCCC3)C2)CC1
C1CCC2C(C1)CCC1C3CCCCC3CCC21
C1CCC(CC2CC3CCCCC3C3CCC4CCCCCC4C23)CC1
C1CCC(C2CCC3C(CCCCCC4CC4)CCCC23)CC1
C1CCC(CCCCC2CCC3CCCCC3C2)CC1
C1CCC(CCCCCC2CCCC3C(C4CCCCC4)CCC23)CC1
C1CCC(CC2CC3CCCCC3C3CCC4CCCCCC4C23)CC1
C1CCC2C(C1)CCC1C3CCCC3CCC21
C1CCC2CCC3C4CCC(CCCC5CC6CCCCC6C5)C4CCC3C2CC1
C1CCC(CCCCC2CC3CCCCC3C2)CC1
C1CCC(C2CC3CCCC3C3CCC4CCCCC4C23)CC1
C1CCC(CC2CCC3CCCCC3C2)C1
C1CCC2C(C1)CCCC2CCCC1CCC2C1CCC1C3CCCCC3CCC21
C1CCC(CCC2CCC3C(CCC4C5CCCC5CCC34)C2)CC1
C1CCC(C2CC3CCCCC3C3CCC4CCCCC4C23)CC1
C(CCC1CCCCC2CCCCC12)CC1CCC2CCCCC2C1
C1CCC2CC(CCCC3CCC4C3CCC3C5CCCCC5CCC43)CCC2C1
C1CCC(CCC2CCC3C(CCC4C5CCCCC5CC(CCC5CCCCC5)C34)C2)CC1
C1CCC(CCCCCC2CCCC3C(C4CCCCC4)CCC23)CC1
C(CCC1CCCC2CCCCC12)CC1CCC2CCCCC2C1
C(CCCCC1CCC(C2CCCCC2)C1)CCCC1CCCCC1
C1CCC(C2CCC3C(CCCCCC4CC4)CCCC23)CC1
C1CCC(CC2CC3CCCCC3C3CCC4CCCCC4C23)CC1
C1CCC(C2CCC3CC4C(CCC5C6CCCCC6CCC45)CC32)CC1
C(CCCC1CCCC2C(C3CCCCC3)CCC12)CCC1CCCCC1
C1CCC(C2CCC(CCCCCC3CCCC4CCCCC34)C2)CC1
C1CCC(CCC2CCC3C(CCC3C3CCCCC3)C2)CC1
C1CCC(CC2CCC3C(CCC3C3CCCCC3)C2)CC1
C1CCC2CCC(C3CCCC4CCCC43)CC2CC1
C1CCC(CCCCC2CC3CCCCC3C2)CC1
C1CCC(C2CCC3CC4C(CCC32)CCC2C3CCC(CCCC5CCC6CCCCC6C5)C3CCC42)CC1
C1CCC(C2CC3CCCC3C3CCC4CCCCC4C23)CC1
C1CCC(CCCC2CCC3CCC(C4CCCC5CCCC54)CC3C2)CC1
C1CCC(CCCCCC2CCC3CCCC3C2)CC1
C1CCC2CC(CCCC3CCC4C3CCC3C5CCCCC5CCC43)CC2C1
C1CCC2CC(C3CCCC4CCCC43)CCC2C1
C1CCC2CC(CC3CCCC4CCCC43)CCC2C1
C1CCC2CC(C3CCCC4CCCC43)CCC2C1
C1CCC(C2CCC3CC4CCCCC4CC32)CC1
C(CCC1CCCCC2CCCCC12)CC1CCC2CCCCC2C1
C1CCC2C(C1)CCC1C3CCCC3CCC21
C1CCC(CCCCC2CC3CCCCC3C2)CC1
C(CCCC1CCC(C2CCCCC2)C1)CCC1CCCCC1
C1CCC2CCC3C4CCCC4CCC3C2CC1
C1CCC(CCCCCC2CCC3CCCCC23)CC1
C(CCCC1CCCC2C(C3CCCCC3)CCC12)CCC1CCCCC1
C(CCCC1CCCCC1)CCCC1CCC(C2CCCCC2)C1
C1CCC(CCCCC2CCC3CCC(C4CCCC5CCCC54)CC3C2)CC1
C(CCC1CCCC2CCCCC12)CC1CCC2CCCCC2C1
C1CCC(CCC2CCC3C(CCC3C3CCCCC3)C2)CC1
C1CCC(CC23CCCCC2CCC2C4CCCC4CCC23)CC1
C1CCC(C2CCC3CC4(CCCCCCC4C4CCCCC4)CCC32)CC1
C1CCC(CCCC2(CCC3CCCC3)CCC3C4CCC5CCCCC5C4CCC32)C1
C1CCC(CCCCCC2CCCC3C(C4CCCCC4)CCC23)CC1
C1CCC2CCC3C4CCCC4CCC3C2CC1
C1CCC(C2CCC3CC4C(CC5CC6CCCCC6C5)CCCCC4CC32)CC1
C1CCC(CCC2CCC3C2CCC(C2CCCCC2)C2C4CCCCCC4CCC32)CC1
C1CCC2C(C1)CCCC2CCCC1CCC2C1CCC1C3CCCCC3CCCC21
C1CCC(CC2CCC3C(CCC3C3CCCCC3)C2)CC1
C1CCC2CCC3C4CCC(CCCC5CC6CCCCC6C5)C4CCC3C2CC1
C1CCC2CC(C3CCCC4CCCC43)CCC2C1
C1CCC2CC(C3CCCC4CCCC43)CCC2C1
C(CCC1CCCCC2CCCCC12)CC1CCC2CCCCC2C1
C1CCC2C(C1)CCC1C2CCC2C3CCCC3CC21
C1CCC(C2CC3C(CCC4CC4)CCC3C3CCC4CCCCC4C23)CC1
C1CCC(CCCCC2CCC3CCCCC23)CC1
C1CCC(C2CC3CCCC3C3CCC4CCCCCC4C23)CC1
C(CCC1CCCC1)CCC1CCCC2CCCCC12
C1CCC(C2CC3CCCC3C3CCC4CCCCC4C23)CC1
C1CCC(C2CCC3CC4C(CCC32)CCC2C3CCC(CCCC5CCC6CCCCC6C5)C3CCC42)CC1
C1CCC(CCCCCC2CCCC3C(CC4CCCCC4)CCC23)CC1
C1CCC2CCC3CCCCC3C2CC1
C1CCC(C2CCC3C(CCC4CCCCC43)C2)CC1
C(CCC1CCCC2CCCCC12)CC1CCCC2CCCCC12
C1CCC(CC2CCC(CC(CC3CCCCC3)C3CCCCC3)CC2)CC1
C1CCC(CCCCC2CCC3CCCCC23)CC1
C1CCC(CC2CCC3CC4C(CCC45CCCC5)CC23)CC1
C(CCC1CCCC2CCCC12)CC1CC2CCCCC2C1
C1CCC2CC(C3CCC4CCCCC43)CCC2C1
C1CCC2CCC3C4CCCC4CCC3C2CC1
C1CCC(C2CC3CCCC3C3CCC4CCCCC4C23)CC1
C1CCC2CCC(C3CCCC4CCCC43)CC2CC1
C1CCC2CC(CC3CCCC4CCCC43)CCC2C1
C1CCC2C(C1)CCCC1CCCCC12
C1CCC(CC2CCC3C(CCC3C3CCCCC3)C2)CC1
C1CCC(CCC2CCCC3CC4C(CCC23)CCC4C2CCCCC2)CC1
C1CCC2CC(C3CCCC4CCCC43)CCC2C1
C1CCC2CCC(C3CCCC3)CC2CC1
C1CCC(CCCCCC2CC3CCCCC3C2)CC1
C1CCC(CCC2CCC3C(CCC3C3CCCCC3)C2)CC1
C1CCC(CCCCCC2CCCC3C(CC4CCCCC4)CCC23)CC1
C1CCC2CCC(C3CCCC4CCCC43)CC2CC1
C(CCC1CCC2C1CCC1C3CCCCC3CCC21)CC1CC2CCCCC2C1
C(CCCC1CCCCC1)CCCC1CCC(C2CCCCC2)C1
C1CCC(C2CCC(CCCC3CCC4C3CCC3C5CCCCC5CCC43)C2)CC1
C1CCC(CCC2CCC(CCC3CCCCC(CC4CCCC4)C3)CC2)CC1
C(CCCC1CCCCC1)CCC1CCCCC1
C1CCC(CCCCC2CCC3CCCCC23)CC1
C1CCC(C2CCC3CCCC3C3CCC4CCCCC4C23)CC1
C1CCC(CC(CC2CCCCC2)C2CCCCC2)CC1
C1CCC(CCC2CCCCC2)CC1
C1CCC2CCC3C4CCC(CCCC5CC6CCCCC6C5)C4CCC3C2CC1
C1CCC(CC2CCC(CC(CC3CCCCC3)C3CCCCC3)CC2)CC1
C1CCC(C2CCC3(CCCC4CC5C(CCC5C5CCCCC5)CC43)C2)CC1
C1CCC(C2CC3CCCC3C3CCCC4CCCCC4C23)CC1
C1CCC2CC(CCCC3CCC4C5CCC6CCCCC6C(CCC34)C5)CC2C1
C1CCC(CCCCC2CC3CCCCC3C2)CC1
C1CCC(C2CCC3CC4C(CCCC5C6CCC(CCCC7CC8CCCCC8C7)C6CCC45)CC32)CC1
C1CCC2CC(C3CCCC4CCCC43)CCC2C1
C1CCC(C2CC3CCCC3C3CCC4CCCCC4C23)CC1
C1CCC(CCC2CCC3C(CCC4C5CCCC5CCC34)C2)CC1
C1CCC(CCC2CCC3C2CCCC(C2CCCCC2)C2C4CCCCC4CCC32)CC1
C1CCC(CCCCCC2CC3CCCCC3C2)CC1
C1CCC(CCCCCC2CCC3CCCCC23)CC1
C1CCC(CCCCC2CC3CCCCC3C2)CC1
C1CCC(C2CCC3CCCC3C3CCC4CCCCC4C23)CC1
C1CCC2C(C1)CCCC1C3CCCC3CCC21
C1CCC(CCCCC2CC3CCCCC3C2)CC1
C1CCC(CC2CC3CCCCC3C3CCC4CCCCCC4C23)CC1
C1CCC(CCCC2CCC3CCC(C4CCCC5CCCC54)CC3C2)CC1
C1CCC(CC2CC3CCCCC3C2C2CCCCC2)CC1
C(CCCC1CCCC2C(C3CCCCC3)CCC12)CCC1CCCCC1
C1CCC(C2CCC3CC4(CCCCCCC4C4CCCCC4)CCC32)CC1
C1CCC(C2CCC3CCC4C(CCCC45CCCC5)CC32)CC1
C1CCC(CCCCC2CCCC3CCCC23)CC1
C1CCC2C(C1)CC(C1CCCC1)C1CCCCC21
C1CCC(C2CCC3CC4C5CCC6C(CCCC7CCC8CCCCC8C7)CCC6C(CCC4CC32)C5)CC1
C1CCC(CCCCC2CCC3CCCCC23)CC1
C1CCC(C2CC3C(CCC34CCCC4)C3CCC4CCCCC4C23)CC1
C1CCC(CC2CC3CCCCC3C3CCC4CCCCC4C23)C1
C1CCC(CC2CCC(C3CC4CCCC4C4CCC5CCCCC5C34)CC2)CC1
C1CCC(C2CC3CCCC3C3CCCC4CCCCC4C23)CC1
C1CCC(CCCC2(CCC3CCCC3)CCC3CC4CCC5CCCCC5C4CCC32)C1
C1CCC(CCCCCC2C3CCCCC3CCC2C2CCCC3CCCC32)CC1
C1CCC2CCC3C4CCCCC4CC(CC4CCCC(C5CCCC5)C4)C3C2CC1
C1CCC(CCCC2CCC3CCC(C4CCCC5CCCC54)CC3C2)CC1
C1CCC(CCCCCC2CCCC3C(CC4CCC(CC5CC5)CC4)CCC23)CC1
C1CCC(C2CC3CCCC3C3CCC4CCCCC4C23)CC1
C1CCC(CC2CCC3C(CCC3C3CCCCC3)C2)CC1
C(CCC1CCC(CC2CCCC2)C1)CCC1CCCC2CCCCC12
C1CCC(C2CC3CCCC3C3CCC4CCCCC4C23)CC1
C1CCC(CCC2CCC3C(CCC4C5CCCCC5CC(CCC5CCCCC5)C34)C2)CC1
C(CCCC1CCCC2C(C3CCCCC3)CCC12)CCC1CCCCC1
C1CCC(C2CC3CCCC3C3CCC4CCCCC4C23)CC1
C1CCC(CCCCC2CC3CCCCC3C2)CC1
C(CCCCC1CCC2C(CCC3C4CCCC4CCC23)C1)CCCC1CCCC(CC(CC2CCC(CC3CCCCC3)CC2)C2CCCCC2)C1
C1CCC(CCCC2CCCCC3CCC(C4CCCC5CCCC54)CC23)CC1
C1CCC(C2CC3CCCC3C3CCC4CCCCC4C23)CC1
C1CCC2CCC(C3CCCC4CCCC43)CC2CC1
C1CCC(CCCC2(CCC3CCCC3)CCC3C4CCC5CCCCC5C4CCC32)CC1
C1CCC(C2CC3CCCC3C3CCC4CCCCC4C23)CC1
C1CCC(CCCC2(CCC3CCCC3)CCC3C4CCCC5CCCCC5C4CCC32)CC1
C1CCC(C2CCC(C3CC4CCCC4C4CCC5CCCCC5C34)CC2)C1
C1CCC2CCC3C4CCCC4CCC3C2CC1
C1CCC2CC(C3CCCC4CCCC43)CCC2C1
C1CCC2C(C1)CCC1C3CCCC3CCC21
C1CCC2CC(C3CCCC4CCCC43)CCC2C1
C1CCC(C2CC3CCCC3C3CCC4CCCCC4C23)CC1
C1CCC(CCCCCC2CC3CCCCC3C2)CC1
C(CCCC1CCCC2C(C3CCCCC3)CCC12)CCC1CCCCC1
C1CCC(CCC(CC2CC3CCCCC3C2)C2CCCCC2)CC1
C1CCC(CCCCCC2CCCC3C(C4CCCCC4)CCC23)CC1
C(CCC1CCCC2CCCCC12)CCC1CCCC2CCCCC12
C1CCC2C(C1)CCC1C3CCCCC3CCC21
C1CCC(CCCC2CCC3CCC(C4CCCC5CCCC54)CC3C2)CC1
C1CCC2CC(C3CCCC4CCCC43)CCC2C1
C1CCC2CC(C3CCCC4CCCC43)CCC2C1
C1CCC2CCC3C4CCC(CCCC5CC6CCCCC6C5)C4CCC3C2CC1
C(CCCC1CCCC2CCCCC12)CCC1CCC(C2CCCCC2)C1
C1CCC(CCCCCC2CCCC3C(CC4CCCCC4)CCC23)CC1
C1CCC(C2CCC(CCCCCC3CCCC4C(C5CCCCC5)CCC34)C2)CC1
C1CCC(CCCCCC2CCCC3C(C4CCCCC4)CCC23)CC1
C1CCC2CCC3C4CCC(CCCC5CC6CCCCC6C5)C4CCC3C2CC1
C1CCC(C2CCC3CCC4C(CCCC45CC(C4CCCCC4)C(C4CCCCC4)C5)CC32)CC1
C1CCC(CCCC(CCC2CCC3CCCC3C2)CC2CCCCC2)CC1
C1CCC(CCC2CCC(CCC3CCCCC(CC4CCCC4)C3)CC2)CC1
C1CCC(CC(CC2CCCCC2)C2CCCCC2)CC1
C1CCC(CCCCC2CCC3CCCCC23)CC1
C1CCC(CCC2CCC(CCC3CCCC(CC4CCCC4)C3)CC2)CC1
C1CCC(CCCCC2CC3CCCCC3C2)CC1
C1CCC(CCC(CCC2CCC3CCCCC3C2)CC2CCCCC2)CC1
C1CCC(C2CCC3CC4C(CC5CCC6CCCCC65)CCCC4CC32)CC1
C1CCC(CCCCC2CC3CCCCC3C2)CC1
C1CCC2C(C1)CCC1C3CCCC3CCC21
C1CCC(CCC2CCC(C3CCC4C(CCC4C4CCCCC4)C3)CC2)CC1
C1CCC(C2CCC3C(CCC4CCCCC43)C2)CC1
C1CCC(CCC(CC2CC3CCCCC3C2)C2CCCC2)CC1
C1CCC(CCC2CCC3C(CCC3C3CCCCC3)C2)CC1
C1CCC(C2CCC(C3CC4CCCC4C4CCCC5CCCCC5C34)CC2)C1
C1CCC(CCCC2CCC3C(CCC4C5CCCCC5CCC34)C2)C1
C1CCC(C2CCC3CCC4C(CCC5C6CCC(CCCC7CCC8CCCCC8C7)C6CCC45)CC32)CC1
C1CCC(C2CCC3CC4C(CCC45CCCC5)CC32)CC1
C1CCC2CCC3C(CCC4C3CCC4(CCCC3CC4CCCCC4C3)CCC3CCCC3)C2CC1
C1CCC(CCCC2CCC3CCC(C4CCCC5CCCC54)CC3CC2)CC1
C(CCC1CCCC2CCCCC12)CCC1CCCC2CCCC12
C1CCC(CCCCC2CC3CCCCC3C2)CC1
C1CCC(CCCCCC2CC3CCCCC3C2)CC1
C1CCC(CCCCC2CC3CCCCC3C2)CC1
C1CCC2CC(C3CCCC4CCCC43)CCC2C1
C1CCC(CCC2CCC3C(CCC4C5CCCC5CCC34)C2)CC1
C1CCC2C(C1)CCC1C2CCC2C3CCCC3CC21
C(CCC1CCCC2CCCCC12)CC1CCCC2CCCCC12
C1CCC(C2CCCCC2CC2CC3CCCCC3C3CCC4CCCCC4C23)CC1
C1CCC(C2CCC3CCC4(CCCCC4C4CCCCC4)CCC32)CC1
C(CCC1CCCC2CCCC12)CC1CC2CCCCC2C1
C(CC1CCC(C2CCCC2)CC1)CC1CCC2CCCC2C1
C1CCC(C2CCC3CC4C(CCC32)CCC2C3CCC(CCCC5CCC6CCCCC6C5)C3CCC42)CC1
C1CCC(C2CCC3CC4C(CCC5C6CCC(CCCCC7CC8CCCCC8C7)C6CCC45)CC32)CC1
C1CCC(C2CC3CCCC3C3CCC4CCCCC4C23)CC1
C1CCC(C2CCC3CCC4C(CCCC45CCCC5)CC32)CC1
C1CCC(C2CCCC3(CCC4CC5C(CCC5C5CCCCC5)CC43)C2)CC1
C1CCC(C2CC3CCCC3C3CCC4CCCCCC4C23)CC1
C1CCC(C2CCC3CCC4C(CCC45CCCC5)CC32)CC1
C1CCCC(CC2CCCCC2CC2CC3CCCCC3C3CCC4CCCCC4C23)CC1
C1CCC2CCC(C3CCCC3)CC2CC1
C1CCC2C(C1)CC(C1CCCC3CCCC31)C1CCCCC21
C1CCC(CCCCC2CC3CCCCC3C2)CC1
C1CCC(CC2CCC3C(CC4CCCCC4)CCC3C2)CC1
C1CCC(C2CCCCC2CC2CC3CCCCC3C3CCC4CCCCC4C23)CC1
C1CCC(C2CC3CCCC3C3CCC4CCCCC4C23)CC1
C1CCC(C2CCC3CC4(CCCCCC4C4CCCCC4)CCC32)CC1
C1CCC(CCC2CC3CCCCC3C3CCC4CCCCC4C23)C1
C1CCC(C2CCC3CC4(CCCCCC4C4CCCCC4)CCCC32)CC1
C(CCCC1(C2CCCC2)CCCC2CCCCC21)CCC1CCC(C2CCCCC2)C1
C1CCC(CCCCC2CC3CCCCC3C2)CC1
C(CCC1CCCC2CCCC12)CC1CC2CCCCC2C1
C(CCC1CCC2CCCCC2C1)CCC1CCCC2CCCCC12
C(CCC1CCCC2CCCCC12)CC1CC2CCCCC2C1
C1CCC(CCC2CCC3C(CCC3C3CCCCC3)C2)CC1
C1CCC2C(C1)CCC1C3CCCCC3CCC21
C1CCC(CCC2CCC(C3CCC4C(CCC4C4CCCCC4)C3)CC2)CC1
C1CCC(CC2CC3CCCCC3C3CCC4CCCCCC4C23)CC1
C1CCC2CCC(C3CCCC4CCCC43)CC2CC1
C1CCC(CC2CCC3C(CCCCCC4CCC(C5CCCC5)C4)CCCC23)CC1
C1CCC2C(C1)CCC1C3CCCCC3CCC21
C(CCCCC1CCC2C(CCC3C4CCCCC4CCC23)C1)CCCC1CCCC(CC(CC2CCC(CC3CCCCC3)CC2)C2CCCCC2)C1
C1CCC2C(C1)CCCC2CCCC1CCC2C1CCCC1C3CCCCC3CCC12
C1CCC2CCC3C4CCC(CCCC5CC6CCCCC6C5)C4CCC3C2CC1
C1CCC2CCC3C4CCCCC4CC(CC4CCCC4)C3C2CC1
C1CCC(C2CC3CCCC3C3CCC4CCCCC4C23)CC1
C1CCC(CC2CCC(CC(CC3CCCCC3)C3CCCCC3)CC2)CC1
C1CCC(C2CCC3CCC4C(CCCC45CCCC5)CC32)CC1
C1CCC(C2CC3CCCCC3C3CCCCC23)CC1
C1CCC(C2CC3CCCC3C3CCC4CCCCC4C23)CC1
C(CC1CCC(C2CCCC2)CC1)CC1CCC2CCCC2C1
C1CCC(CCC2CCC3C(CCC4C5CCCCC5CCC34)C2)CC1
C1CCC2CCC3C(CCC4C3CCC4(CCCC3CC4CCCCC4C3)CCC3CCCC3)C2CC1
C1CCC2C(C1)CCC1C3CCCCC3CCC21
C1CCC2C(C1)CCCC1C3CCCC3CCC21
C1CCC(C2CC3CCCCC3C3CCCCC23)CC1
C1CCC(CC2CC3CCCCC3CC3CCC4CCCCC4C32)CC1
C1CCC2CCC(C3CCCC3)CC2CC1
C1CCC2C(C1)CCC(C1CCCC1)C1CCCCC21
C1CCC2CC(CC3CCCC4CCCC43)CCC2C1
C1CCC(C2CCC3CCC4C(CCC45CCCCC5)CC32)CC1
C1CCC(CCCCC2CCC3CCCCC23)CC1
C1CCC(C2CCC3CC4C(CCC32)CCC2C3CCC(CCCC5CCC6CCCCC6C5)C3CCC42)CC1
C1CCC(CC2CCC3C(CCC3C3CCCCC3)C2)CC1
C(CCC1CCC2CCCCC2C1)CC1CCCC2CCCCC2C1
C1CCC(CCC2CCCC3C2CCC(C2CCCCC2)C2C4CCCCC4CCC32)CC1
C1CCC(CCCC2CCC3C2CCC2C4CC5CCC(CC6CCCCC6)C5CC4CCC32)CC1
C1CCC(CCC2CCC3C(CCC3C3CCCCC3)C2)CC1
C1CCC(C2CC3CCCC3C3CCC4CCCCC4C23)CC1
C1CCC2C(C1)CCC1C3CCCC3CCC21
C1CCC(CCC2CCC3C(CCC3C3CCCCC3)C2)CC1
C1CCC(CCCC(CCC2CCC3CCCC3C2)CC2CCCCC2)CC1
C1CCC(CCCCC2CC3CCCCC3C2)CC1
C1CCC(C2CC3C(CCC34CCCC4)C3CCC4CCCCC4CC23)CC1
C1CCC(CCCCC2CC3CCCCC3C2)CC1
C1CCC(CCCCC2CCC3CCC(C4CCCC5CCCC54)CC3C2)CC1
C1CCC2C(C1)CCC1C3CCCC3CCC21
C1CCC2CCC3C4CCCC4CCC3C2CC1
C1CCC2C(C1)CCC1C3CCCC3CCC21
C(CCC1CCCC2CCCCC12)CC1CCCC2CCCCC12
C1CCC(CCC2CCC3C(CCC3C3CCCC(CC4CCCC4)C3)C2)CC1
C1CCC2C(C1)CCC1C3CCCCC3CCC21
C(CCC1CCC2CCCCC2C1)CCC1CCCC2CCCCC12
C1CCC(CCC2CCC3C(CCC3C3CCCCC3)C2)CC1
C1CCC2CC(C3CCCC4CCCC43)CCC2C1
C1CCC(CCC2CCC(CCC3CCCC(CC4CCCC4)C3)CC2)CC1
C(CCC1CCCC1)CCC1CCCCC2CCCCC12
C1CCC(CC2CCC3CC4C(CCC45CCC(C4CCCCC4)C5)CC23)CC1
C1CCC2CC(CCCC3CCCC4C3CCC3C5CCCCC5CCC43)CCC2C1
C1CCC2C(C1)CCC1CCCCC12
C(CCCC1CCCCC1)CCC1CCCCC1
C(CCC1CCCC2CCCCC12)CC1CCC2CCCCC2C1
C1CCCC(CC2CCCC2CC2CC3CCCCC3C3CCC4CCCCC4C23)CC1
C1CCC2C(C1)CCC1C3CCCC3CCC21
C1CCC(C2CC3CCCCC3C3CCC(CCC4CCCC4)CC3C2)CC1
C1CCC(CCCCC2CC3CCCCC3C2)CC1
C1CCC2C(C1)CCC1CCCCC12
C1CCC(C2CCC3(CCC4CC5C(CCC5C5CCCCC5)CC43)C2)CC1
C1CCC(CCCC2CCC3CCC(C4CCCC5CCCC54)CC3C2)CC1
C1CCC(C2CCC3CC4CCCCC4CCC32)CC1
C(CCC1CCC2C1CCC1C3CCCCC3CCC21)CC1CC2CCCCC2C1
C1CCC(C2CCC3C(CCCCCC4CCC(C5CCCC5)C4)CCCC23)CC1
C(CCCCC1CCC(C2CCCCC2)C1)CCCC1CCCCC1
C1CCC(C2CC3CCCC3C3CCC4CCCCC4C23)CC1
C1CCC(C2CCC3CC4C(CCC32)CCC42CCCCC2)CC1
C1CCC(CCCCC2CCC3CCCCC23)CC1
C1CCC(C2CCC3CC4C(CCC45CCCCCC5)CC32)CC1
C1CCC(C2CCC3C(CCC4CCCCC43)C2)CC1
C1CCC(CCCCC2(CCC3CCCC3)CCC3C4CCC5CCCCC5C4CCC32)CC1
C(CCC1CCCC2CCCCC12)CC1CC2CCCCC2C1
C1CCC2C(C1)CCCC1C2CCC2C3CCCC3CC21
C(CCC1CCCC2CCCC12)CC1CC2CCCCC2C1
C1CCC2CCC(C3CCCC4CCCC43)CC2CC1
C(CCCCC1CCC(C2CCCCC2)C1)CCCC1CCCCC1
C1CCC(CC2CC3CCCCC3C3CCC4CCCCC4C23)C1
C1CCC2C(C1)CC(C1CCCC3CCCC31)C1CCCC21
C1CCC(CC2CCCCCCC23CCC2C(CCC2C2CCCCC2)C3)CC1
C1CCC2CC(C3CCCC4CCCC43)CCC2C1
C1CCC(CCC2CCC3C(CCC3C3CCCC3)C2)CC1
C1CCC(CCC2CCC3C(CCC4C5CCCC5CCC34)C2)CC1
C1CCC(CCCC2CCC3CCC(C4CCCC5CCCC54)CC3C2)CC1
C1CCC(C2CCC3CC4C(CCC45CCCCC5)CC32)CC1
C1CCC(CC2CCC3C(CCCCCC4CC4)CCCC23)CC1
C(CCCC1CCCC2C(C3CCCCC3)CCC12)CCC1CCCCC1
C1CCC(CCC2CCC3C(CCC4C5CCCC5CC(CCC5CCCCC5)C34)C2)CC1
C1CC2CCCC3C(CCC4CCC5CC5C43)C2C1
C(CCC1CCCC2CCCC12)CC1CC2CCCCC2C1
C1CCC(CCCC2CCCC(C3CCC4CC(CCCC5CCC6CCCCC6C5)CCC43)C2)CC1
C1CCC(CCCC2CCC3C2CCC2C4CCCCC4CCC32)C1
C(CCCC1CCCC2C(C3CCCCC3)CCC12)CCC1CCCCC1
C1CCC(CC2CCCC(CC3CC4CCCCC4C4CCC5CCCCCC5C34)C2)CC1
C1CCC(CCC2(CCCC3CC4CCCCC4C3)CCC3C4CCCC5CCCCC5C4CCC32)C1
C1CCC2CC(C3CCCC4CCCC43)CCC2C1
C(CCCC1CCCC2CCCCC12)CCC1CCCC1
C1CCC(C2CC3CCCC3C3CCC4CCCCC4C23)CC1
C1CCC(CCC2CCC3C(CCC3C3CCCCC3)C2)CC1
C1CCC2C(C1)CCC1C3CCCCC3CCC21
C1CCC(CCC2CCC(CC(CC3CCCCC3)C3CCCCC3)CC2)CC1
C1CCC(CCCC2CCC3CCC(C4CCCC5CCCC54)CC3C2)CC1
C1CCC2C(C1)CCC1C3CCCC3CCC21
C1CCC(C2CC3CCCC3C3CCC4CCCCC4C23)CC1
C(CCC1CCC2CCCCC2C1)CCC1CCCC2CCCCC12
C1CCC2CC3CCC4CCCCC4C3CCC2C1
C(CCC1(C2CCCC2)CCCC2CCCCC21)CC1CCC2CCCCC2C1
C1CCC2CCC3C4CCC(CCCC5CC6CCCCC6C5)C4CCC3C2CC1
C1CCC2C(C1)CCC1C3CCCCC3CCC21
C1CCC(C2CCC3CC4C(CCC45CCCCCC5)CC32)CC1
C1CCC(C2CCC3CC4C(CCCC45CCCCC5)CC32)CC1
C1CCC(CCCCC2CCCC3CCC(CC4CCCCC4)CC23)CC1
C1CCC(CCCCC2CC3CCCCC3C2)CC1
C1CCC(CCC2CCC(C3CCCC4C(C5CCCCC5)CCC34)C2)CC1
C1CCC(CCCC2CCC3C(CCC3C3CCCCC3)C2)CC1
C(CCC1CCCC2CCCCC12)CC1CC2CCCCC2C1
C1CCC(CC2CCC3C(CCC3C3CCCCC3)C2)CC1
C1CCC2C(C1)CCC1C3CCCC3CCC21
C1CCC2CCC3C4CCCC4CCC3C2CC1
C1CCC(CC2CC3CCCCC3C3CCC4CCCCCC4C23)CC1
C1CCC2CCC(C3CCCC4CCCC43)CC2CC1
C1CCC(CCCCC2CC3CCCCC3C2)CC1
C(CCC1CCCC2CCCCC12)CC1CCCC2CCCCC12
C1CCC(CCC2CCC(CCC3CCCC(CC4CCCC4)C3)CC2)CC1
C1CCC(CC2CC3CCCCC3C3CCCCC23)CC1
C1CCC(C2CC3CCCCC3C3CCC4CCCCC4C23)CC1
C1CCC2C(C1)CCC1CCCCC12
C(CCC1CC2CCCCC2C1)CCC1CCCC2CCCC12
C1CCC(CCC2CCC(CCC3CCCCC(CC4CCCC4)C3)CC2)CC1
C1CCC(CCCCC2CCC3CCCCC23)CC1
C1CCC(CCCCCC2CCC3CCCCC23)CC1
C1CCC2C(C1)CCCC1C3CCCC3CCC21
C1CCC(C2CCC3C(CCCCCC4CCC(C5CCCC5)C4)CCCC23)CC1
C1CCC(CCCCC2CC3CCCCC3C2)CC1
C1CCC(CCC2CCC3C(CCC3C3CCCCC3)C2)CC1
C1CCC(CCCCCC2CCCC3C(C4CCCCC4)CCC23)CC1
C(CCC1CCCC2CCCCC12)CC1CCCC2CCCCC12
C1CCC2CCC3C4CCC(CCCC5CC6CCCCC6C5)C4CCC3C2CC1
C1CCC(CCCCC2CC3CCCCC3C2)CC1
C1CCC(C2CC3CCCC3C3CCC4CCCCC4C23)CC1
C1CCC(C2CCC(CCCCCC3CCCC4C(C5CCCCC5)CCC34)C2)CC1
C1CCC(CCC2(CCCC3CC4CCCCC4C3)CCC3C4CCC5CCCCC5C4CCCC32)C1
C1CCC(CCC2CCCCCC23CCC2C(CCC2C2CCCCC2)C3)CC1
C1CCC(C2CCCC3C(CCC4CCCCC43)C2)CC1
C1CCC2CCC3C4CCC(CCCC5CC6CCCCC6C5)C4CCC3C2CC1
C1CCC(C2CC3CCCC3C3CCC4CCCCCC4C23)CC1
C1CCC(CC2CC3CCCCC3C3CCC4CCCCCC4C23)CC1
C1CCC2CCC(C3CCCC4CCCC43)CC2CC1
C1CCC2CC(CC3CCCC4CCCC43)CCC2C1
C1CCC(CCCCCC2CC3CCCCC3C2)CC1
C1CCC(CC2CCC3CC4C(CCC45CCCCC5)CC23)CC1
C1CCC(C2CCC3CC4C(CCC32)CCC42CCCC2)CC1
C1CCC(C2CC3CCCC3C3CCC4CCCCC4C23)CC1
C1CCC(CC2CCC(CCCC3CCC4C3CCC3C5CCCCC5CCC43)C2)CC1
C1CCC(C2CCC3CC(C4CCC(CCC5CCCC5)CC4)CCC32)CC1
C1CCC(CCCCCC2CC3CCCCC3C2)CC1
C1CCC2CCC(C3CCCC4CCCC43)CC2CC1
C1CCC(CCCCCC2CCCC3C(C4CCCCC4)CCC23)CC1
C1CCC2CC(CC3CCCC4CCCC43)CCC2C1
C(CCCC1CCCCC1)CCCC1CCC(C2CCCCC2)C1
C1CCC(CCCC2CCC3C(CCC3C3CCCCC3)C2)CC1
C1CCC(CCC(CCC2CCC3CCCCC3C2)CC2CCCCC2)CC1
C1CCC(CCC2CCC(CCC3CCCCC3)CC2)CC1
C1CCC(C2CC3CCCC3C3CCC4CCCCC4C23)CC1
C(CCC1CCC2C1CCC1C3CCCCC3CCC21)CC1CCC2CCCCC2C1
C1CCC(C2CCC3CCCCC3C3CCC(CCC4CCCC4)CC23)CC1
C(CCC1CCCC2CCCC12)CC1CCCC2CCCCC12
C(CCCC1CCCCC1)CCC1CCCCC1
C1CCC(C2CC3CCCC3C3CCCC4CCCCC4C23)CC1
C1CCC(C2CCC3CC4C(CCCC45CCCC5)CC32)CC1
C1CCC2C(C1)CCCC2CCCC1CCCC2CCCCC21
C1CCC2CCC3C4CCCC4CCC3C2CC1
C1CCC(CCC2CCC3C(CCC3C3CCCCC3)C2)CC1
C1CCC(CCCCC2CCC3CCCC3C2)CC1
C1CCC2CC(CC3CCCC4CCCC43)CCC2C1
C1CCC(CC2CCC3CC4C(CCCC45CCCC5)CC23)CC1
C1CCC(CCCCCC2CC3CCCCC3C2)CC1
C1CCC(CCC2CCCC3CCC4C(CCC4C4CCCCC4)CC23)CC1
C1CCC(CCC2CCCCCC23CCC2C(CCC2C2CCCCC2)C3)CC1
C1CCC(CC2CC3CCCCC3C3CCC4CCCCC4C23)CC1
C1CCC(CCC2CCC(C3CC3)CC2)CC1
C1CCC2C(C1)CCC1C2CCC2C3CCCC3CC21
C1CCC(CCCC2CCC3CCCC3C2)CC1
C1CCC(C2CC3CCCCC3C3CCCCC23)CC1
C1CCC(C2CCC(CCCC3CCC4C3CCC3C5CCCCC5CCC43)C2)CC1
C1CCC(CCC2CCC3C(CCC3C3CCCCC3)C2)CC1
C1CCC(C2CCC3CC4CCCCC4CC32)CC1
C1CCC(C2CCC3CCCC3C3CCC4CCCCC4C23)CC1
C1CCC(CCCCC2CCC3CCCCC23)CC1
C1CCC(C2CCC3CC4CCCCC4CC32)CC1
C1CCC(C2CC3CCCCC3C3CCCCC23)CC1
C1CCC(CCC2CCC3C(CCC3C3CCCCC3)C2)CC1
C1CCC(CCC2CCC3C(CCC3C3CCCCC3)C2)CC1
C(CCC1CCC2CCCCC2C1)CCC1CCCCC2CCCCC12
C1CCC2C(C1)CCC1C3CCCC3CCCC21
C1CCC(CCCC2CCCC(C3CCC4CC(CCC5CCC6CCCCCC6C5)CCC43)C2)CC1
C1CCC(C2CCC3CCCC3C3CCC4CCCCC4C23)CC1
C1CCC2CCCCC2C(CCCCC2CCCC3CCCCC23)C1
C(CCC1CCCCC2CCCCC12)CC1CCC2CCCCC2C1
C1CCC2CC(C3CCCC4CCCC43)CCC2C1
C1CCC(CCC2CCC(CCC3CCCC(CC4CCCC4)C3)CC2)CC1
C1CCC2CC(CC3CCCC4CCCC43)CCC2C1
C1CCC2C(C1)CCCC1CCCCC12
C1CCC(CC2CC3CCCCC3C3CCC4CCCCCC4C23)CC1
C1CCC(C2CCC3CC4C(CCCC45CCCCC5)CC32)CC1
C1CCC(C2CCC3CC4C(CCCC5C6CCC(CCCC7CCCC8CCCCC87)C6CCC45)CC32)CC1
C1CCC2CC(CC3CCCC4CCCC43)CCC2C1
C1CCC(C2CCC3C(CCC4CCCCC43)C2)CC1
C1CCC(C2CC3CCCC3C3CCC4CCCCCC4C23)CC1
C1CCC(CCC(CCC2CCC3CCCCC3C2)CC2CCCCC2)CC1
C1CCC(CCC2CCC3C(CCC3C3CCCCC3)C2)CC1
C1CCC(C2CCC3CCCC3C3CCCC4CCCCC4C23)CC1
C1CCC(CC2CC3CCCCC3C3CCC4CCCCC4C23)CC1
C1CCC(CCC2CCC3C(CCC3C3CCCCC3)C2)CC1
C1CCC(CCCCC2CCC3CCCCC23)CC1
C1CCC(C2CC3CCCCC3C3CCC4CCCCC4C23)CC1
C1CCC2CC(CCCC3CCCCC4CCCCC43)CC2C1
C1CCC(CCCCCC2CCC3CCCCC23)CC1
C1CCC(CCCC2CCC3C(CCC4CC(C5CCCCC5)CCC43)C2)CC1
C(CCCC1(C2CCCC2)CCCC2CCCCC21)CCC1CCC(C2CCCCC2)C1
C1CCC(C2CCC3CC4C(CCC45CCCCCC5)CC32)CC1
C(CCCC1CCC(C2CCCCC2)C1)CCC1CCCCC1
C1CCC2CCC(C3CCCC4CCCC43)CC2CC1
C1CCC(CCCC2CCC(C3CCC4C(CCC4C4CCCCC4)C3)CC2)CC1
C1CCC(C2CC3CCCC3C3CCC4CCCCC4C23)CC1
C1CCC2CC(CC3CCCC4CCCC43)CCC2C1
C1CCC(CCC2CCC3C(CC4CCCCC4)CCC3C2)CC1
C1CCC(C2CC3CCCC3C3CCC4CCCCC4CC23)CC1
C1CCC(CCC2CCC3C(CCC4CCCCC43)C2)CC1
C1CCC2CC(CCCC3CCC4C3CCC3C5CCCCC5CCC43)CC2C1
C(CCCC1CCCCC1)CCCC1CCC(C2CCCCC2)C1
C1CCC(CCC2CCC3C(CCC3C3CCCC(CCC4CCCC4)C3)C2)CC1
C1CCC(CCC(CC2CCCCC2)CC2CCC3C(CCC3C3CCCCC3)C2)CC1
C1CCC2CCC(C3CCCC4CCCC43)CC2CC1
C1CCC(C2CC3CCCC3C3CCC4CCCCCC4C23)CC1
C(CCC1CCC2CCCCC2C1)CCC1CCCC2CCCCC12
C1CCC(CCC2CCC3C(CCC3C3CCCCC3)C2)CC1
C1CCC2CCC3C4CCC(CCCC5CCC6CCCCC6C5)C4CCC3C2CC1
C1CCC2CCC(C3CCCC4CCCC43)CC2CC1
C1CCC(CCCCC2CC3CCCCC3C2)CC1
C1CCC(C2CC3CCCC3C3CCC4CCCCC4C3C2)CC1
C1CCC(C2C3CCCC3CC3CC4CCCC4CC32)CC1
C1CCC(C2CC3CCCC3C3CCC4CCCCC4C23)CC1
C1CCC(CCCCCC2CC3CCCCC3C2)CC1
C1CCC(C2CC3CCCC3C3CCC4CCCCC4CC23)CC1
C1CCC(CCC2CCC(CCC3CCCCC3)CC2)CC1
C(CC1CCC(C2CCCC2)CC1)CC1CCC2CCCC2C1
C1CCC(CCC2CCC3CC4CCC5CCCC5C4CCC3C2)CC1
C1CCC2CCC(C3CCCC4CCCC43)CC2CC1
C1CCC2C(C1)CCC1C3CCCCC3CCC21
C(CCC1CCCC2CCCCC12)CC1CCC2CCCCC2C1
C1CCC(C2CC3CCCC3C3CCC4CCCCC4CC23)CC1
C(CCC1CCCC2C(CCC3C4CCCC4CCC23)C1)CC1CCC(C2CCC(C3CC4CCCC4C4CCC5CCCCC5C34)CC2)CC1
C1CCC(C2CCC(CCCCCC3CCCC4CCCCC34)C2)CC1
C1CCC(CCC2CCC3C(CCC4C5CCCC5CC(CCC5CCCCC5)C34)C2)CC1
C1CCC(CCC2CCC3C(CCC3C3CCCCC3)C2)CC1
C1CCC2CCC3CCCCC3C2CC1
C1CCC(CC2CCC3C(CCC3C3CCCCC3)C2)CC1
C1CCC2CCC(C3CCCC4CCCC43)CC2CC1
C1CCC(CCC2CCC(CCC3CCCCC(CC4CCCC4)C3)CC2)CC1
C1CCC(C2CCCC3C(CCC4CCCCC43)C2)CC1
C1CCC2CC(CCCC3CCC4C3CCC3C5CCCCC5CCC43)CC2C1
C1CCC(CCC2CCC3C2CCC(C2CCCCC2)C2C4CCCCCC4CCC32)CC1
C1CCC(CCC2CCC3C(CCC3C3CCCCC3)C2)CC1
C1CCC(CCCC2CCCC(CC3CCC4CC(CCC5CCC6CCCCC6C5)CCC43)C2)CC1
C1CCC2CC(C3CCCC4CCCC43)C3CCCC3C2CC1
C1CCC(C2CCC3CC4C(CCC45CCCCCC5)CC32)CC1
C1CCC(CCCCC2CC3CCCCC3C2)CC1
C1CCC2CCC(C3CCCC4CCCC43)CC2CC1
C1CCC(CCCCC2CCC3C2CCC2CC4CCCCC4CCC23)CC1
C1CCC(CCCCC2CCC3CCCCC23)CC1
C1CCC(CCCCCC2CCCC3C(C4CCCCC4)CCC23)CC1
C(CCC1CC2CCCCC2C1)CCC1CCCC2CCCC12
C1CCC2C(C1)CCC1C3CCCC3CCC21
C1CCC2C(C1)CCC1C3CCCC3CCC21
C1CCC(CCC2CCC3C(CCC4C5CCCCC5CCC34)C2)CC1
C1CCC(C2CC3CCCC3C3CCC4CCCCC4C23)CC1
C1CCC2C(C1)CCC1C3CCCC3CCC21
C1CCC(C2CCC3CC4C(CCCC45CCCCC5)CC32)CC1
C1CCC(CCCCCC2CCC3CCCCC23)CC1
C1CCC(CCCCC2CC3CCCCC3C2)CC1
C1CCC2CCC(C3CCCC4CCCC43)CC2CC1
C1CCC(CCC2(CCCC3CCC4CCCCC4C3)CCC3C4CCC5CCCCC5C4CCC32)C1
C1CCC(CCCCC2CC3CCCCC3C2)CC1
C1CCC(CCC2CCC3C(CCC3C3CCCCC3)C2)CC1
C1CCC(C2CCC3C(CCCCCC4CCC(C5CCCC5)C4)CCCC23)CC1
C1CCC(C2CC3CCCC3C3CCC4CCCCCC4C23)CC1
C(CCCC1CCCCC1)CCCC1CCC(C2CCCCC2)C1
C1CCC(C2CCC3CC4C(CCCC45CCCCC5)CC32)CC1
C1CCC2C(C1)CCC1C3CCCC3CCCC21
C1CCC2CCC(C3CCCC4CCCC43)CC2CC1
C1CCC(C2CCC3CC4C(CCC45CCCCCC5)CC32)CC1
C1CCC(CCCC2CCC3CCC(C4CCCC5CCCC54)CC3C2)CC1
C1CCC2CC(CCCC3CCC4C3CCC3C5CCCCC5CCC43)CCC2C1
C1CCC(C2CCC3CC4C(CCCC45CCCC5)CC32)CC1
C1CCC(CCCCCC2CC3CCCCC3C2)CC1
C(CCCC1CCCC2C(C3CCCCC3)CCC12)CCC1CCCCC1
C(CCC1CCCC2CCCCC12)CC1CCC2CCCCC2C1
C1CCC(CCCCCC2CCCC3C(C4CCCCC4)CCC23)CC1
C1CCC2C(C1)CCC1C3CCCC3CCC21
C1CCC(CCC(CCC2CCC3CCCC3C2)CC2CCCCC2)CC1
C1CCC2CCC3C4CCCC4CCC3C2CC1
C1CCC(CC(CC2CCCCC2)C2CCCCC2)CC1
C1CCC2CCC(C3CCCC4CCCC43)CC2CC1
C(CCC1CCCC2CCCCC12)CC1CCC2CCCCC2C1
C1CCC(C2CCC3CC4C(CCC45CCCCCC5)CC32)CC1
C1CCC2C(C1)CCCC1CCCCC12
C1CCC(C2CC3CCCC3C3CCC4CCCCC4C23)CC1
C1CCC(CCCCCC2CCCCC2)CC1
C1CCC(C2CCC3CCC4C(CCC5C6CCC(CCCC7CC8CCCCC8C7)C6CCC45)CC32)CC1
C1CCC(CCC2CCCCC3CC4C(CCC4C4CCCCC4)CC23)CC1
C1CCC(CCCC2CCC3CCCC3C2)CC1
C1CCC(CCCC2(CCC3CCCC3)CCC3C4CCC5CCCCC5C4CCC32)CC1
C1CCC(C2CCC3CCC4CCCCC4C3CC2)CC1
C1CCC2CC(CC3CCCC4CCCC43)CCC2C1
C1CCC2C(C1)CC(C1CCCC1)C1CCCCC21
C1CCC(C2CC3CCCC3C3CCCC4CCCCC4C23)CC1
C1CCC(C2CCC3CCCC3C3CCC4CCCCC4C23)CC1
C1CCC2CC(C3CCCC4CCCC43)CCC2C1
C1CCC(CCC2CCC3C(CCC3C3CCCCC3)C2)CC1
C1CCC2CC(C3CCCC4CCCC43)CCC2C1
C(CCC1CCC2C1CCC1C3CCCCC3CCC21)CC1CC2CCCCC2C1
C1CCC2CCC(C3CCCC4CCCC43)CC2CC1
C1CCC(CCC2CCCCC3CC4C(CCC4C4CCCCC4)CC23)CC1
C1CCC(C2CCC3CC4C(CCCC45CCCC5)CC32)CC1
C1CCC(CCCCCC2CCCC3C(CC4CCCCC4)CCC23)CC1
C(CCC1CCC2CCC(C3CCCC4CCCC43)CC2C1)CC1CCC2CCCC2C1
C1CCC2CCC3C4CCC(CCCC5CC6CCCCC6C5)C4CCC3C2CC1
C1CCC2CC3CCC4CCCCC4C3CCC2C1
C(CCCC1CCCC2C(C3CCCCC3)CCC12)CCC1CCCCC1
C(CCCC1CCCCC1)CCCC1CCC(C2CCCCC2)C1
C1CCC(CCCC2CCCC(C3CCC4CC(CCC5CCC6CCCCC6C5)CCC43)C2)CC1
C1CCC(C2CCC3CCC4C(CCC45CCCCC5)CC32)CC1
C1CCC2C(C1)CCC1C3CCCC3CCC21
C1CCC2C(C1)CCCC1C3CCCC3CCC21
C1CCC(CCCCCC2CCC3CCCCC23)CC1
C1CCC(C2CCC(C3CC4CCCC4C4CCC5CCCCC5C34)CC2)C1
C1CCC(C2CCC3CC4C(CCC32)CCC42CCCC2)CC1
C1CCC(CC2CCC3CCCCC3C3CCC4CCCCC4C23)CC1
C1CCC(CCCCCC2CC3CCCCC3C2)CC1
C1CCC(CCC2CCC3C(CCC4C5CCCC5CC(CCC5CCCCC5)C34)C2)CC1
C1CCC2CC(CC3CCCC4CCCC43)CCC2C1
C1CCC(CCC2CCC(C3CC3)CC2)CC1
C1CCC2CC(CCCC3CCC4C3CCC3C5CCCCC5CCC43)CC2C1
C(CCCC1CCCC2C(C3CCCCC3)CCC12)CCC1CCCCC1
C1CCC2C(C1)CCC1C3CCCC3CCC21
C1CCC2CC(CC3CCCC4CCCC43)CCC2C1
C1CCC(C2CCC(CCCCCC3CCCC4C(C5CCCCC5)CCC34)C2)CC1
C1CCC2CC(C3CCCC4CCCC43)CCC2C1
C1CCC(CCC2CCC3C(CCC3C3CCCC(CCCC4CCCC4)C3)C2)CC1
C1CCC(C2CCC3CC4C(CCC45CCCCC5)CC32)CC1
C1CCC(CCC2CCC3C(CCC3C3CCCCC3)C2)CC1
C1CCC2CCC(C3CCCC4CCCC43)CC2CC1
C1CCC2CC(C3CCCC4CCCC43)CCC2C1
C1CCC(CCC2CCC3C(CCC3C3CCCCC3)C2)CC1
C1CCCC(C2CCC3CC4C(CCC5C6CCCC6CCC45)CC32)CC1
C1CCC(CC2CCC3CCCCC3C3CCC4CCCCC4C23)CC1
C1CCC(C2CCC3C(CCCC4CCCCC43)C2)CC1
C1CCC(CCCCCC2CC3CCCCC3C2)CC1
C1CCC2C(C1)CCC1C3CCCC3CCC21
C1CCC2CCC3C4CCCC4CCC3C2CC1
C1CCC(CC2CCC(CC(CC3CCCCC3)C3CCCCC3)CC2)CC1
C1CCC(C2CCCC3C(CCC4CCCCC43)C2)CC1
C1CCC(CCC2CCC(CCCC3CCCC(CC4CCCC4)C3)CC2)CC1
C1CCC(CCC2CCCCC2)CC1
C1CCC(CCC2CCC(CCC3CCCC(CC4CCCC4)C3)CC2)CC1
C1CCC(CCCCC2CCC3CCCCC23)CC1
C1CCC(CCC2CCC(C3CCC4C(CCC4C4CCCCC4)C3)CC2)CC1
C1CCC2CCC3C4CCCCC4CCC3C2CC1
C1CCC2CCCCC2C(CCCCC2CCCC3CCCCC23)C1
C1CCC(CCCCCC2CC3CCCCC3C2)CC1
C1CCC(CC2CC3CCCCC3C3CCC4CCCCC4C23)C1
C(CC1CCC(C2CCCC2)CC1)CC1CCC2CCCC2C1
C1CCC(CCC2CCC(CCC3CCCC(CC4CCCC4)C3)CC2)CC1
C1CCC(CCCCCC2CC3CCCCC3C2)CC1
C1CCC(C2CCC(C3CC4CCCC4C4CCCC5CCCCC5C34)CC2)C1
C1CCC(CCCCC2CC3CCCCC3C2)CC1
C1CCC2C(C1)CCC1CC3CC4CCCC4C3CCC12
C1CCC(C2CCC3CC4C(CCC32)CCC2C3CCC(CCCC5CC6CCCCC6C5)C3CCC42)CC1
C1CCC2C(C1)CCC1C3CCCC3CCC21
C1CCC(C2CC3CCCC3C3CCCC4CCCCC4C23)CC1
C1CCC(CCC2CCC(CC3CC3)CC2)CC1
C1CCC(CCCCC2CC3CCCCC3C2)CC1
C1CCC(CC2CC3CCCCC3C3CCC4CCCCC4C23)CC1
C1CCC(CCC2CCC3C(CCC4CC5CCCC5CCC43)C2)CC1
C1CCC(CCCCC2CCC3CCC(C4CCCC5CCCC54)CC3C2)CC1
C1CCC(CC2CC3CCCCC3C3CCC4CCCCC4C23)CC1
C(CCC1CCC2CCCCC2C1)CCC1CCCC2CCCCC12
C(CCC1CCC2C1CCC1C3CCCCC3CCC21)CC1CC2CCCCC2C1
C(CCC1CCCC2CCCCC12)CC1CCC2CCCCC2C1
C1CCC(CCCC(CCC2CCCCC2)CCC2CCC3CCCC3C2)CC1
C1CCC(CCCCC2CC3CCCCC3C2)CC1
C1CCC(C2CC3CCCC3C3CCC4CCCCC4C23)CC1
C1CCC(CC2CC3CCCCC3C3CCC4CCCCC4C23)CC1
C1CCC(CCCCC2CCC3CCCCC23)CC1
C1CCC(CCC2CCC3C(CCC4C5CCCC5CC(CCC5CCCCC5)C34)C2)CC1
C1CCC(CCC2CCCCC3CC4C(CCC4C4CCCCC4)CC23)CC1
C1CCC2C(C1)CCCC1C3CCCC3CCC21
C1CCC(CCCC2CCC3C2CCC2C4CC5CCC(C6CCCCC6)C5CCC4CCC32)CC1
C1CCC(CCC2(CCCC3CC4CCCCC4C3)CCC3C4CCC5CCCCC5C(CCC32)C4)C1
C1CCC(CCCCCC2CC3CCCCC3C2)CC1
C1CCC(CCCCC2CC3CCCCC3C2)CC1
C1CCC(C2CCC3CC4C(CCC32)CCC2C3CCC(CCCC5CCCC6CCCCC65)C3CCC42)CC1
C1CCC(C2CCC3CC4C(CCCC45CCCC5)CC32)CC1
C1CCC(CCCC2(CCCC3CC4CCCCC4C3)CCC3C4CCC5CCCCC5C4CCC32)C1
C1CCC(CCCC2CCC3C(CCC3C3CCCCC3)C2)CC1
C1CCC(CC2CC3CCCCC3C3CCC4CCCCCC4C23)CC1
C(CCCC1CCCC2C1CCC2C1CCCC(CC2CCCC2)C1)CCC1CCCCC1
C(CCCC1CCCC2C(C3CCCCC3)CCC12)CCC1CCC(C2CCCC2)C1
C1CCC(CC2CCC3C(CCC3C3CCCCC3)C2)CC1
C1CCC2CC(C3CCCC4CCCC43)CCC2C1
C1CCC2CCC(C3CCCC4CCCC43)CC2CC1
C(CCCC1CCCC2CCCC12)CCC1CCC2CCCCC2C1
C1CCC(C2CC3C(CCC4CC4)CCC3C3CCCC4CCCCC4C23)CC1
C1CCC2CCC(C3CCCC4CCCC43)CC2CC1
C1CCC(CCCCCC2CCC3CCCCC23)CC1
C(CCC1CCCCC2CCCCC12)CC1CCC2CCCCC2C1
C1CCC(CCCCC2CC3CCCCC3C2)CC1
C1CCC(CCCCCC2CCCC3C(CC4CCCCC4)CCC23)CC1
C1CCC2CC(CCCC3CCC4C3CCC3C5CCCCC5CCCC43)CC2C1
C1CCC2CC(C3CCC4CCCCC43)CCC2C1
C1CCC(CCCCC2CCCC3CCC(C4CCCC5CCCC54)CC23)CC1
C1CCC2CCC3C4CCCC4CCC3C2CC1
C1CCC2CC3CCC4C(CCCC5CC6CCCCC6C5)CCC4C3CCC2C1
C1CCC(C2CCC3CC4C(CCC45CCCCCC5)CC32)CC1
C(CCC1CCC2CCCCC2C1)CCC1CCCC2CCCCC12
C1CCC(C2C3CCCC3CC3CC4CCCC4CC32)CC1
C1CCC(CCC(CC2CCC3C(CCC3C3CCCCC3)C2)C2CCCCC2)CC1
C1CCC(CC2CC3CCCCC3C3CCC4CCCCC4C23)C1
C1CCC(C2CC3CCCC3C3CCC4CCCCCC4C23)CC1
C1CCC2CCC(C3CCCC4CCCC43)CC2CC1
C1CCC(CCCCC2CC3CCCCC3C2)CC1
C(CCCC1CCCCC1)CCCC1CCC(C2CCCCC2)C1
C1CCC(C2CCC3(CCC4CC5C(CCC5C5CCCCC5)CC43)C2)CC1
C1CCC2C(C1)CCCC2CCCC1CCC2C1CCC1C3CCCCC3CCCC21
C1CCC2C(C1)CC(C1CCCC3CCCC31)C1CCCC21
C1CCC(C2CCC3CC4C(CCCC5C6CCC(CCCC7CC8CCCCC8C7)C6CCC45)CC32)CC1
C(CCC1CCCC2CCCCC12)CC1CCCC2CCCCC12
C1CCC2CC(CC3CCCC4CCCC43)CCC2C1
C1CCC(CCCCCC2CC3CCCCC3C2)CC1
C1CCC(C2CCC(CCCCCC3CCCC4CCCCC34)C2)CC1
C1CCC(CCCCCC2CC3CCCCC3C2)CC1
C1CCC(CCCCCC2CC3CCCCC3C2)CC1
C1CCC(CCC2CCC3C(CCC3C3CCCCC3)C2)CC1
C1CCC(C2CCC3CC4C(CCC32)CCC42CCCC2)CC1
C1CCC(CCCCC2CC3CCCCC3C2)CC1
C1CCC(CCC2CCC3C(CCC3C3CCCC(CC4CCCC4)C3)C2)CC1
C1CCC(CCCCCC2CC3CCCCC3C2)CC1
C1CCC(C2CCC3CC4C(CCC5C6CCC(CCCCC7CCC8CCCCC8C7)C6CCC45)CC32)CC1
C1CCC(CCCCCC2CC3CCCCC3C2)CC1
C1CCC(CCCCC2CC3CCCCC3C2)CC1
C1CCC2CC(C3CCCC4CCCC43)CCC2C1
C(CCCC1CCCC2CCCC12)CCC1CCCCC1
C1CCC2CCC(C3CCCC4CCCC43)CC2CC1
C1CCC2C(C1)CCCC2CCCC1CCCC2CCCCC21
C1CCC(C2CC3CCCC3C3CCC4CCCCC4C23)CC1
C1CCC(C2C3CCCC3CC3CC4CCCC4CC32)CC1
C1CCC(CCCC2CCC3C(CCC4C5CCCC5CC(CCC5CCCCC5)C34)C2)CC1
C1CCC(CCC(CCC2CC3CCCCC3C2)C2CC2)CC1
C1CCC(CCCCCC2CC3CCCCC3C2)CC1
C1CCC(CCC2CCC3C(CCC3C3CCCCC3)C2)CC1
C1CCC2CC(C3CCCC4CCCC43)CCC2C1
C1CCC(CCCCCC2CC3CCCCC3C2)CC1
C1CCC(CCC2CCC3C(CCC3C3CCCC(CC4CCCC4)C3)C2)CC1
C1CCC2C(C1)CCCC1CCCCC12
C1CCC2C(C1)CCCC2CCCC1CCC2C1CCC1C3CCCCC3CCC21
C1CCC(CCC2CC3CCCCC3C3CCC4CCCCC4C23)C1
C1CCC(CCC2CCC3C(CCC4CC5CCCC5CCC43)C2)CC1
C1CCC(CC2CC3CCCCC3C2C2CCCCC2)CC1
C1CCC(CCC2CCCCC2)CC1
C1CCC2C(C1)CCC1C2CCC2C3CCCCC3CC21
C1CCC2CCC(C3CCCC4CCCC43)CC2CC1
C1CCC2CC(CCCC3CCC4C3CCC3C5CCCCC5CCC43)CC2C1
C1CCC(C2CCC(CCCCCC3CCCCC4CCCCC34)C2)CC1
C1CCC(C2CCC(CCCCCC3CCCC4CCCCC34)C2)CC1
C1CCC2CCC(C3CCCC4CCCC43)CC2CC1
C(CCCC1CCCC2C(C3CCCCC3)CCC12)CCC1CCCCC1
C1CCC(CCCCC2CC3CCCCC3C2)CC1
C1CCC(CCCCC2CCC3CCC(C4CCCC5CCCC54)CC3C2)CC1
C1CCC(CCCCCC2CC3CCCCC3C2)CC1
C1CCC2CCC(C3CCCC3)CC2CC1
C1CCC(C2CCC3CC4CCCCC4CC32)CC1
C(CCCC1CCCC2CCCCC12)CCC1CCC(C2CCCC2)C1
C1CCC2CC3CCC(C4CCCCC4)C3CC2CC1
C1CCC(C2CC3CCCC3C3CCC4CCCCCC4C23)CC1
C(CCCC1CCCC2C1CCC2C1CCCC(CC2CC2)C1)CCC1CCCCC1
C1CCC(C2CC3CCCC3C3CCC4CCCCC4C23)CC1
C(CCC1CCC2CCCCC2C1)CCC1CCCCC2CCCCC12
C1CCC(CCC2CCC3C(CCC3C3CCCCC3)C2)CC1
C1CCC(C2CCC3CC4C(CCC32)CCC2C3CCC(CCCC5CCCC6CCCCC65)C3CCC42)CC1
C1CCC(C2CCC3(CCC4CC5C(CCC5C5CCCCC5)CC43)C2)CC1
C1CCC(CC2CCC3C(CC4CCCCC4)CCC3C2)CC1
C1CCC(CCCCCC2CCCC3C(C4CCCCC4)CCC23)CC1
C1CCC(CCCCCC2CCC3CCCCC23)CC1
C1CCCC(CCCC2CCC3CCC(C4CCCC5CCCC54)CC3C2)CC1
C1CCC(CCCCCC2CCCC3C(C4CCCCC4)CCC23)CC1
C1CCC(CCCCC2CCC3CCCCC23)CC1
C1CCC(CCCCC2CC3CCCCC3C2)CC1
C1CCC2CC(C3CCCC4CCCC43)CCC2C1
C1CCC(C2CCC3CC4C(CCCC4CC4CCC5CCCCC54)CCC32)CC1
C1CCC(CCCCC2CC3CCCCC3C2)CC1
C1CCC2CC(C3CCCC3)C3CCCCC3CC2C1
C(CCCCC1CCC(C2CCCCC2)C1)CCCC1CCCCC1
C1CCC(CCCCCC2CCCC3C(C4CCCCC4)CCC23)CC1
C1CCC2CCC3C4CCCC4CCC3C2CC1
C1CCC2CCC3C4CCCC4CCC3C2CC1
C1CCC(CC2CC3CCCCC3C3CCC4CCCCCC4C23)CC1
C(CCCC1CCCCC1)CCCC1CCC(C2CCCCC2)C1
C1CCC2CC3CCC4C5CCCC5CC4C3CCC2C1
C1CCC(C2CCC3CC4C(CCC45CCCCCC5)CC32)CC1
C1CCC(CCCC(CCC2CCC3CCCC3C2)CC2CCCCC2)CC1
C1CCC(CCCC2CCC3C2CCC2C4CC5CCC(CC6CCCCC6)C5CC4CCC32)CC1
C1CCC(CCC2CCC(C3CCC4C(CCC4C4CCCCC4)C3)CC2)CC1
C1CCC(C2CCC3C(CCC3C3CCCCC3)C2)CC1
C1CCC2C(C1)CCC1CCCCC12
C1CCC(CCCCCC2CC3CCCCC3C2)CC1
C1CCC(CCCCC2CC3CCCCC3C2)CC1
C1CCC(CCCCCC2CCCC3C(C4CCCCC4)CCC23)CC1
C1CCC(C2CC3CCCCC3C3CCC4CCCCC4C23)CC1
C1CCC2CCC3C4CCC(CCCC5CC6CCCCC6C5)C4CCC3C2CC1
C1CCC2CCC(C3CCCC4CCCC43)CC2CC1
C1CCC2CCC3C4CCCC4CCC3C2CC1
C1CCC(CCCCCC2CC3CCCCC3C2)CC1
C1CCC(C2CCC3CC4C(CCC5C6CCC(CCCCC7CC8CCCCC8C7)C6CCC45)CC32)CC1
C1CCC2C(C1)CCC(C1CCCC1)C1CCCCC21
C1CCC(CCCCCC2CCCC3C(C4CCCCC4)CCC23)CC1
C1CCC2CC(C3CCCC4CCCC43)CCC2C1
C1CCC(CCCCC2CC3CCCCC3C2)CC1
C1CCC(C2CC3CCCC3C3CCC4CCCCC4C23)CC1
C1CCC2C(C1)CCC1C3CCCC3CCC21
C1CCC(C2CC3CCCC3C3CCC4CCCCC4C23)CC1
C1CCC(CCCCCC2CC3CCCCC3C2)CC1
C1CCC(CCCCC2CC3CCCCC3C2)CC1
C1CCC(CC2CCCC(CCC3CCC(CCC4CCC(C5CC5)CC4)CC3)C2)C1
C1CCC(C2CC3CCCC3C3CCC4CCCCC4C23)CC1
C(CCC1CCC2C1CCC1C3CCCCC3CCC21)CC1CCC2CCCCC2C1
C1CCC2CC(CCCC3CCC4C3CCC3C5CCCCC5CCC43)CC2C1
C(CCCC1CCCC2C(C3CCCCC3)CCC12)CCC1CCC(C2CCCC2)C1
C1CCC(C2CC3CCCC3C3CCC4CCCCC4C23)CC1
C(CCCC1CCCCC1)CCCC1CCC(C2CCCCC2)C1
C1CCC(CCC2CCC3C(CCC3C3CCCCC3)C2)CC1
C1CCC(C2CCC3CC4C(CCCC45CCCC5)CC32)CC1
C(CCC1CCCC2CCCC12)CC1CC2CCCCC2C1
C1CCC(CC2CCC(CC(CC3CCCCC3)C3CCCCC3)CC2)CC1
C1CCC(C2CCC(C3CC4CCCC4CC4CCC5CCCCC5C43)CC2)C1
C1CCC2C(C1)CCC1CCCCC12
C1CCC2CC(C3CCCC3)C3CCCC3C2CC1
C(CCCC1CCC2CCCC2C1)CCCC1CCC(C2CCCCC2)C1
C1CCC(C2CCC3CCC4CCCCC4C3CC2)CC1
C1CCC(C2CCC3CC4C(CCC32)CCC42CCCCC2)CC1
C1CCC(CCC2CCC(C3CCC4C(CCC4C4CCCCC4)C3)CC2)CC1
C1CCC(C2CCC3CC4CCCCC4CC32)CC1
C1CCC2CCC(C3CCCC4CCCC43)CC2CC1
C1CCC2C(C1)CCC1CCCCC12
C1CCC(CCC2CCC3C(CCC3C3CCCCC3)C2)CC1
C1CCC(CCCCC2CCC3CCCCC23)CC1
C1CCC(CCCCC2CC3CCCCC3C2)CC1
C1CCC(CCC2CCC3C(CCC4C5CCCC5CCC34)C2)CC1
C1CCC(C2CC3CCCC3C3CCC4CCCCC4C23)CC1
C1CCC(CCC2CCC(C3CCC4C(CCC4C4CCCCC4)C3)CC2)CC1
C1CCC(C2CC3CCCCC3C3CCCCC23)CC1
C1CCC(C2C3CCCC3CC3CC4CCCC4CC32)CC1
C1CCC2CCC(C3CCCC4CCCC43)CC2CC1
C1CCC(CCC2(CCCC3CCC4CCCCC4C3)CCC3C4CCC5CCCCC5C4CCC32)C1
C1CCC(CCC2CCC3C(CCC3C3CCCCC3)C2)CC1
C1CCC2CCC(C3CCCC4CCCC43)CC2CC1
C1CCC(CCCCC2CCC3CCCCC3C2)CC1
C1CCC2CC(CC3CCCC4CCCC43)CCC2C1
C1CCC(C2CCC3CCCCC3C3CCCCC23)CC1
C(CCCC1CCCCC1)CCCC1CCC(C2CCCCC2)C1
C1CCC2CC(CC3CCCC4CCCC43)CCC2C1
C1CCC(CCCCC2CC3CCCCC3C2)CC1
C1CCC(CCCCC2CCC3CCC(C4CCCC5CCCC54)CC3C2)CC1
C1CCC(C2CC3CCCC3C3CCC4CCCCC4C23)CC1
C1CCC(CCCCC(CC2CCC3C(CCC3C3CCCCC3)C2)C2CCCCC2)CC1
C1CCC2CCC3C4CCC(CCCC5CCCC6CCCCC65)C4CCC3C2CC1
C1CCC2CCC(C3CCCC4CCCC43)CC2CC1
C1CCC(CCCCC2CCC3CCCCC23)CC1
C1CCC(CCCCC2CC3CCCCC3C2)CC1
C1CCC(C2CCC3CC4C(CCC5C6CCC(CCCC7CC8CCCCC8C7)C6CCC45)CC32)CC1
C1CCC(C2CC3C(CCCC4CC4)CCC3C3CCC4CCCCC4C23)CC1
C1CCC(C2CC3CCCC3C3CCC4CCCCC4C23)CC1
C(CCCC1CCCC2C(C3CCCCC3)CCC12)CCC1CCCCC1
C1CCC(CCCC2CCC3C(CCC4C5CCCC5CC(CCC5CCCCC5)C34)C2)CC1
C1CCC2CCCCC2C(CCCCC2CCCC3CCCCC23)C1
C1CCC(CC2CCC3C(CCC3C3CCCCC3)C2)CC1
C1CCC2C(C1)CCCC1C3CCCC3CCC21
C1CCC(C2CCC3CC4C(CCC45CCCCC5)CC32)CC1
C1CCC2CC(C3CCCC4CCCC43)CCC2C1
C(CCC1CCCC2CCCC12)CC1CC2CCCCC2C1
C1CCC(CCC2CCC(CC3CC3)CC2)CC1
C1CCC(CCCCCC2CCC3CCCC3C2)CC1
C1CCC(CCC2CCCC3CC4C(CCC4C4CCCCC4)CC23)CC1
C1CCC(CC2CC3CCCCC3C3CCC4CCCCCC4C23)CC1
C1CCC(CCC2CCC3C(CCC3C3CCCCC3)C2)CC1
C(CCC1CCC2CCCCC2C1)CCC1CCCC2CCCCC12
C1CCC(CCCC2(CCC3CCCC3)CCCC3C4CCC5CCCCC5C4CCC32)CC1
C1CCC(CCCCC2CC3CCCCC3C2)CC1
C1CCC(C2CCC3CC4C(CCC32)CCC42CCCCC2)CC1
C1CCC(CCCC2CCC3C(CCC4C5CCCC5CC(CCC5CCCCC5)C34)C2)CC1
C1CCC(CCC2CCC3C(CCC3C3CCCCC3)C2)CC1
C1CCC2CCC3C(CCC4C3CCC4(CCCC3CC4CCCCC4C3)CCC3CCCC3)C2CC1
C1CC2CCC3C(CCC4CCC5CC5C43)C2C1
C1CCC(CCC(CCC2CCC3CCCC3C2)CC2CCCCC2)CC1
C1CCC(C2CCC3CC4C(CCC5C6CCC(CCCCC7CCC8CCCCC8C7)C6CCC45)CC32)CC1
C1CCC(C2CC3CCCCC3C3CCCCC23)CC1
C1CCCC(C2CCC3CC4C(CCC5C6CCC(CCCC7CC8CCCCC8C7)C6CCC45)CC32)CC1
C1CCC(CCCCCC2CCCC3C(C4CCCCC4)CCC23)CC1
C1CCC(CC2CC3CCCCC3C3CCC4CCCCC4C23)C1
C1CCC(CCC2CCC(C3CCC4C(CCC4C4CCCCC4)C3)CC2)CC1
C1CCC(CCC2CCC3C(CCC3C3CCCCC3)C2)CC1
C1CCC(CCC2(CCCCC3CC4CCCCC4C3)CCC3C4CCC5CCCCC5C4CCC32)C1
C1CCC(CC2CCC3CC4C(CCC5C6CCC(CCCC7CCC8CCCCC8C7)C6CCC45)CC23)CC1
C(CCCC1CCC2C(CCC2C2CCCCC2)C1)CCC1CCCCC1
C1CCC2CCC3C4CCC(CCCC5CC6CCCCC6C5)C4CCC3C2CC1
C1CCC2CC(C3CCCC4CCCC43)CCC2C1
C1CCC(CC2CC3CCCCC3C3CCC4CCCCCC4C23)CC1
C1CCC2C(C1)CC(C1CCCC3CCCC31)C1CCCCC21
C1CCC(CC2CCC3C(CCC4CCCCC43)C2)CC1
C1CCC2CC(CC3CCCC4CCCC43)CCC2C1
C1CCC(CCCC2CCCC3CCCCC32)C2CCCCC2C1
C1CCC(CCC2CCC3C(CCC4CC(C5CCCCC5)CCC43)C2)CC1
C1CCC(CCC2CCC3C2CCC(C2CCCCC2)C2C4CCCCC4CCC32)CC1
C1CCC(CC2CC3CCCCC3C3CCC4CCCCC4C23)C1
C1CCC(CCC2CCC3C(CCC3C3CCCCC3)C2)CC1
C1CCC(C2CC3CCCC3C3CCC4CCCCC4C23)CC1
C1CCC(CCCC2CCC3CCC(C4CCCC5CCCC54)CC3C2)CC1
C1CCC(CC2CC3CCCCC3CC3CCC4CCCCC4C32)CC1
C1CCC2CCC3C4CCCC4CCC3C2CC1
C1CCC(CCCCCC2CC3CCCCC3C2)CC1
C1CCC2CC(C3CCCC4CCCC43)CCC2C1
C1CCC(CCC2CCC(CC3CC3)CC2)CC1
C1CCC2CC(C3CCCC4CCCC43)CCC2C1
C1CCC(CCCC2(CCCC3CCC4CCCCC4C3)CCC3C4CCC5CCCCC5C4CCC32)C1
C1CCC(CCCCCC2CC3CCCCC3C2)CC1
C(CCC1CCC2C(CCC3C4CCCC4CCC23)C1)CC1CCC(C2CCC(C3CC4CCCC4C4CCCC5CCCCC5C34)CC2)CC1
C(CCCC1CCCC2C(C3CCCCC3)CCC12)CCC1CCC(C2CCCC2)C1
C1CCC(CCC2CCC3C(CC4CCCCC4)CCC3C2)CC1
C1CCC(CCCCCC2CCCC3C(C4CCCCC4)CCC23)CC1
C1CCC(C2CCC3CCC4(CCCCC4C4CCCCC4)CCC32)CC1
C1CCC(CCCCCC2CCC3CCCC3C2)CC1
C1CCC2CC(C3CCCC4CCCC43)CCC2C1
C1CCC(CCC2CCC3C(CCC3C3CCCCC3)C2)CC1
C1CCC(CCCCCC2CC3CCCCC3C2)CC1
C1CCC(C2CCC3C(CCC4CCCCC43)C2)CC1
C1CCC(CCC2CCC(CCC3CCCC(CCC4CCCC4)C3)CC2)CC1
C1CCC(CC2CC3CCCCC3C3CCC4CCCCC4C23)CC1
C1CCC(CC23CCCCC2CCC2C4CCCC4CCC23)CC1
C1CCC(CCCCCC2CC3CCCCC3C2)CC1
C1CCC(CC2CC3CCCCC3C3CCC4CCCCCC4C23)CC1
C1CCC2CC(C3CCCC4CCCC43)CCC2C1
C1CCC(CCCCCC2CCC3CCCC3C2)CC1
C1CCC(CC2CC3CCCCC3C3CCC4CCCCC4C23)CC1
C1CCC2CCC3C4CCCC4CCC3C2CC1
C1CCC2CCC(C3CCCC4CCCC43)CC2CC1
C1CCC2CC(C3CCCC4CCCC43)CCC2C1
C1CCC(CCC2CCC(C3CC3)CC2)CC1
C1CCC(CC2CC3CCCCC3C3CCC4CCCCCC4C23)CC1
C1CCC(CC2CCC(CC(CC3CCCCC3)CC3CCCCC3)CC2)CC1
C1CCC(CCCCCC2CC3CCCCC3C2)CC1
C1CCC(CCC(CC2CCC3C(CCC3C3CCCCC3)C2)C2CCCCC2)CC1
C1CCC(CCCCCC2CCC3CCCCC23)CC1
C1CCC(C2CCC3CC4C(CCC32)CCC2C3CCC(CCCC5CCCC6CCCCC65)C3CCC42)CC1
C1CCC(CCCCCC2CCCC3C(CC4CCCCC4)CCC23)CC1
C(CCC1CCCC2CCCCC12)CC1CCC2CCCCC2C1
C1CCC(CCCC2CCC3C2CCC2C4CC5CCC(C6CCCCC6)C5CC4CCCC32)CC1
C1CCC(CCC2CC3CCCC3C3CCC4CCCCC4C3C2)CC1
C1CCC2CCC3CCCCC3C2CC1
C1CCC(CCCCCC2CCCC3C(C4CCCCC4)CCC23)CC1
C1CCC(C2CCC3CC4(CCCCCC4C4CCCCC4)CCCC32)CC1
C1CCC2C(C1)CCC1C3CCCCC3CCC21
C1CCC(CCCCCC2CCCC3C(CC4CCCCC4)CCC23)CC1
C1CCC(CCCCC2CCC3CCC(C4CCCC5CCCC54)CC3C2)CC1
C1CCC(CCC2CCCC3CC4C(CCC23)CCC4C2CCCCC2)CC1
C1CCC(C2CCC3CC4C(CCC5C6CCCC6CCC45)CC32)CC1
C1CCC(C2CC3CCCC3C3CCCC4CCCCC4C23)CC1
C1CCC2CCC3C4CCCCC4CC(CC4CCCC4)C3C2CC1
C1CCC(CCCCCC2CCCC3C2CCC3C2CCCC(CC3CCC3)C2)CC1
C1CCC(C2CCC(CCCCCC3CCCC4C(C5CCCCC5)CCC34)C2)CC1
C1CCC(CC2CC3CCCCC3C3CCC4CCCCC4C3C2)CC1
C1CCC(CCCCCC2CCCC3C(CC4CCCCC4)CCC23)CC1
C1CCC2C(C1)CCC1C3CCCC3CCC21
C1CCC(CCC(CC2CCCC2)CC2CC3CCCCC3C2)CC1
C1CCC(CCC2CCCCC2)CC1
C1CCC(CCC2CCC3C(CCC4CCCCC43)C2)CC1
C(CCCC1CCC2CCCC2C1)CCCC1CCC(C2CCCCC2)C1
C1CCC(C2CC3CCCC3C3CCC4CCCCC4CC23)CC1
C1CCC(CCCCC2CC3CCCCC3C2)CC1
C1CCC(CC2CCCCC2CC2CCC3CCCCC3C3CCC4CCCCC4C23)CC1
C1CCC(CCC2CCC3C(CCC4CCCCC43)C2)CC1
C1CCC(CC2CC3CCCCC3C3CCC4CCCCC4C23)CC1
C1CCC(CCC2CCCCC3CCC(C4CCCC5CCCC54)CC23)CC1
C1CCC2CC(CCCC3CCC4C3CCC3C5CCCCC5CCCC43)CC2C1
C(CCC1CCCC2CCCC12)CC1CC2CCCCC2C1
C1CCC2C(C1)CCC1C3CCCC3CCC21
C1CCC(CCC2CCC3C(CCC3C3CCCCC3)C2)CC1
C1CCC(CCCCCC2CC3CCCCC3C2)CC1
C1CCC(C2CC3CCCC3C3CCC4CCCCCC4C23)CC1
C1CCC2C(C1)CCCC2CCCC1CCCC2CCCCC21
C1CCC(CCCCCC2CCC3CCCCC23)CC1
C(CCCC1CCCC2CCCCC12)CCC1CCC(C2CCCC2)C1
C1CCC(CCCCC2CC3CCCCC3C2)CC1
C1CCC(CC2CC3CCCCC3C3CCC4CCCCCC4C23)CC1
C(CCCC1CCCCC1)CCCC1CCC(C2CCCCC2)C1
C1CCC(CCC2CCC3C(CCC3C3CCCCC3)C2)CC1
C1CCC2CC(C3CCCC4CCCC43)CCC2C1
C1CCC(CCCCC2CCC3CCC(C4CCCC5CCCC54)CC3C2)CC1
C1CCC(CCCCCC2CCC3CCCCC23)CC1
C1CCC(C2CCC3CCC4C(CCCC45CCCC5)CC32)CC1
C1CCC(CCCCC2CC3CCCCC3C2)CC1
C1CCC(C2CCC3C(CCC4CCCCC43)C2)CC1
C1CCC(C2CCC3CCC4CCCCC4CC32)CC1
C1CCC(C2CC3CCCC3C3CCC4CCCCC4C23)CC1
C1CCC(C2CCC(CCCC3CCC4C3CCC3C5CCCCC5CCC43)C2)CC1
C1CCC(CCC(CCC2CCC3CCCC3C2)CC2CCCCC2)CC1
C1CCC(C2CC3CCCCC3C3CCCCC23)CC1
C1CCC2C(C1)CCC1C3CCCC3CCC21
C1CCC(CCCCCC2CCCC3C(C4CCCCC4)CCC23)CC1
C1CCC(CCC2CCCCC2CC2CC3CCCCC3C3CCC4CCCCC4C23)CC1
C1CCC(C2CCC3CC4C(CCC45CCCC5)CC32)CC1
C1CCC(C2CCCC3(CCC4CC5C(CCC5C5CCCCC5)CC43)C2)CC1
C1CCC(CCCCCC2CCCCC2)CC1
C1CCC2CC(CC3CCCC4CCCC43)CCC2C1
C(CC1CCC2CCCC2C1)CC1CCC2CCC(C3CCCC4CCCC43)CC2C1
C1CCC(CCC2CCC3C(CCC3C3CCCCC3)C2)CC1
C1CCC(CCC2CCC3C(CCC3C3CCCCC3)C2)CC1
C1CCC(CC2CC3CCCCC3C3CCC4CCCCCC4C23)CC1
C1CCC(CCC2CCC3C(CC4CCCCC4)CCC3C2)CC1
C1CCC2C(C1)CCC1C3CCCCC3CCC21
C1CCC2CC(C3CCCC4CCCC43)CCC2C1
C1CCC(C2CCC3CC4(CCCCCC4C4CCCCC4)CCC32)CC1
C(CCCC1CCCCC1)CCCC1CCC(C2CCCCC2)C1
C1CCC(C2CCC3CC4(CCCCC4C4CCCCC4)CCC32)CC1
C1CCC(C2CC3CCCC3C3CCC4CCCCC4C23)CC1
C1CCC2CC(CC3CCCC4CCCCC43)C3C(CCC4CCCCC43)CC2C1
C1CCC(C2CCC3C(CCCCCC4CCC(C5CCCC5)C4)CCCC23)CC1
C1CCC(C2CCC(CCCCCC3CCCC4CCCCC34)C2)CC1
C(CCCC1CCCC2C(C3CCCCC3)CCC12)CCC1CCCCC1
C1CCC(C2CCCC3(CCC4CC5C(CCC5C5CCCCC5)CC43)C2)CC1
C1CCC2C(C1)CCC1CCCCC12
C1CCC2C(C1)CCC1C3CCCC3CCC21
C1CCC(C2CCC3(CCC4CC5C(CCC5C5CCCCC5)CC43)C2)CC1
C(CCC1CCC2C1CCC1C3CCCCC3CCC21)CC1CC2CCCCC2C1
C1CCC(CCCC2CCC3C2CCC2C4CC5CCC(C6CCCCC6)C5CC4CCC32)CC1
C(CCCC1CCCCC1)CCC1CCCCC1
C1CCC(CCCC2CCC3CCC(CC4CCCC5CCCC54)CC3C2)CC1
C1CCC(CCC(CC2CCC3C(CCC3C3CCCCC3)C2)C2CCCCC2)CC1
C1CCC(CCC2CCC3C(CCC3C3CCCCC3)C2)CC1
C1CCC(C2CC3CCCC3C3CCC4CCCCCC4C23)CC1
C1CCC2CC(CCCC3CCC4C3CCC3C5CCCCC5CCC43)CCC2C1
C1CCC(C2CCC3CCCC3C3CCC4CCCCC4C23)CC1
C1CCC2CCC(C3CCCC4CCCC43)CC2CC1
C1CCC(C2CCC3CC4C(CCCC45CCCCC5)CC32)CC1
C1CCC(CCCCC2CCC3CCC(C4CCCC5CCCC54)CC3C2)CC1
C1CCC(CCCCCC2CCC3CCC(C4CCCC5CCCC54)CC3C2)CC1
C1CCC(C2CC3CCCC3C3CCC4CCCCC4C23)CC1
C1CCC(CCCCC2CC3CCCCC3C2)CC1
C1CCC(CC2CC3CCCCC3CC3CCC4CCCCC4C32)C1
C1CCC(CCC2CCC3C(CCC4CC5CCCC5CC(CCC5CCCCC5)C43)C2)CC1
C1CCC(CC2CC3CCCCC3C3CCC4CCCCC4C23)C1
C1CCC2C(C1)CCC1CCCCC12
C1CCC(CCC(CCC2CCCCC2)CCC2CCC3CCCC3C2)CC1
C1CCC2CC(C3CCCC4CCCC43)CCC2C1
C(CCC1CCC2C(CCC3C4CCCC4CCC23)C1)CC1CCC(C2CC3CCCC3C3CCC4CCCCC4C23)CC1
C1CCC(CCCCCC2CCC3CCCCC23)CC1
C1CCC(CCCC2CCC(C3CCC4C(CCC4C4CCCCC4)C3)CC2)CC1
C1CCC(CC2CCC3C(CCCCCC4CCC(C5CCCC5)C4)CCCC23)CC1
C1CCC2CC3CCC(C4CCCCC4)C3CC2CC1
C1CCC2C(C1)CCC1C2CCC2C3CCCC3CCC21
C1CCC(CCCCC2CC3CCCCC3C2)CC1
C1CCC(CCCC2CCC3C2CCC2C4CC5CCC(C6CCCCC6)C5CCC4CCC32)CC1
C(CCCC1CCCCC1)CCCC1CCC(C2CCCCC2)C1
C(CCC1CCCC2CCCCC12)CCC1CCCC2CCCCC12
C1CCC(CCCCCC2CCC3CCCCC23)CC1
C(CCCCC1CCC(C2CCCCC2)C1)CCCC1CCCCC1
C1CCC(C2CC3CCCC3C3CCC4CCCCC4C23)CC1
C1CCC2CC3CCC4CCCC4C3CCC2C1
C1CCC2C(C1)CCC1CCCCC12
C1CCC(CCC(CCC2CCC3CCCC3C2)CC2CCCCC2)CC1
C1CCC2CC(C3CCCC4CCCC43)CCC2C1
C1CCC(CCCCC2CC3CCCCC3C2)CC1
C1CCC(CCCCCC2CCC3CCCC3C2)CC1
C1CCC(CCCCC2CCC3CCCCC23)CC1
C1CCC(CCCCC2CC3CCCCC3C2)CC1
C1CCC(CCCCC2CC3CCCCC3C2)CC1
C1CCC(CCCCCC2CCC3CCCCC23)CC1
C1CCC(CCCCCC2CC3CCCCC3C2)CC1
C1CCC(CCCCCC2CC3CCCCC3C2)CC1
C1CCC2CCC(C3CCCC4CCCC43)CC2CC1
C1CCC(CCC2CCC3C(CCC3C3CCCC(CC4CCCC4)C3)C2)CC1
C1CCC(CCC2CCC3C(CCC3C3CCCCC3)C2)CC1
C1CCC(CCCCCC2CCCC3C(C4CCCCC4)CCC23)CC1
C1CCC2CCC(C3CCCC4CCCC43)CC2CC1
C1CCC(CCC2(CCCCC3CC4CCCCC4C3)CCC3C4CCC5CCCCC5C4CCC32)C1
C1CCC(CC2CC3CCCCC3C3CCC4CCCCC4C23)CC1
C1CCC(CCCC2CCC3CCC(C4CCCC5CCCC54)CC3C2)CC1
C1CCC(CCCCCC2CC3CCCCC3C2)CC1
C1CCC2CC(C3CCCC4CCCCC43)C3CCCC3C2CC1
C(CCCC1CCCCC1)CCCC1CCC(C2CCCCC2)C1
C1CCC(CCCC2CCC3CCC(C4CCCC5CCCC54)CC3C2)CC1
C1CCC(CCCCC2CCC3CCCCC23)CC1
C1CCC2CC(C3CCCC4CCCC43)CCC2C1
C1CCC(CCC2CCC3C(CCC3C3CCCCC3)C2)CC1
C1CCC(C2CCC3CC4C(CCCC45CCCCC5)CC32)CC1
C1CCC(CCCC2CCC3C(CCC4CCCCC43)C2)CC1
C(CCC1CCCC2CCCC12)CC1CC2CCCCC2C1
C1CCC2CCC(C3CCCC4CCCC43)CC2CC1
C1CCC(CCCCC2CCCCC3CCC(C4CCCCC4)CC23)CC1
C(CCC1CCC2C1CCC1C3CCCCC3CCC21)CC1CC2CCCCC2C1
C1CCC(CCC(CC2CC2)CC2CC3CCCCC3C2)CC1
C1CCC(C2CCC(CCCC3CCC4C3CCCC3C5CCCCC5CCC34)C2)CC1
C1CCC2CC(CC3CCCC4CCCC43)CCC2C1
C1CCC(CCCC2CCC3CCC(C4CCCC5CCCC54)CC3CC2)CC1
C1CCC(CCCCC2CCC3CCC(C4CCCC5CCCC54)CC3C2)CC1
C1CCC2CCC3C4CCCCC4CC(CC4CCCC4)C3C2CC1
C1CCC2C(C1)CCC1CCCCC12
C1CCC2CCC3C4CCCCC4CC(CC4CCCC4)C3C2CC1
C1CCC2CC(C3CCCC4CCCC43)CCC2C1
C1CCC(C2CC3CCCC3C3CCC4CCCCCC4C23)CC1
C1CCC(C2C3CCCC3CC3CC4CCCC4CC32)CC1
C1CCC(CCCCC2CC3CCCCC3C2)CC1
C1CCC(CC2CCC(CCCCCC3CCCC4CCCCC34)C2)CC1
C1CCC(CCCCC2CCC3C2CCC2C4CCCCCC4CCC32)CC1
C1CCC2C(C1)CCCC2CCCC1CCC2C1CCCC1C3CCCCC3CCC12
C1CCC2C(C1)CC(C1CCCC1)C1CCCCC21
C1CCC2C(C1)CCC1C3CCCC3CCC21
C1CCC2CC(CCCC3CCCC4CCCCC43)CC2C1
C1CCC2CC(C3CCCC4CCCC43)CCC2C1
C(CCC1CCCC2CCCCC12)CC1CCC2CCCCC2C1
C1CCC(CCCCC2CC3CCCCC3C2)CC1
C1CCC(CCC2CCC(CC3CCC4C(CCC4C4CCCCC4)C3)CC2)CC1
C1CCC(C2CC3CCCC3C3CCC4CCCCCC4C23)CC1
C(CCC1CCCC2CCCCC12)CC1CCCC2CCCCC12
C1CCC(CCCCCC2CCC3CCCC3C2)CC1
C1CCC(CCCCC2CCC3CCCCC3C2)CC1
C1CCC2CC(C3CCCC4CCCC43)CCC2C1
C1CCC(CC2CCC3CC4C(CCC5C6CCC(CCCC7CCC8CCCCC8C7)C6CCC45)CC23)CC1
C1CCC(CCC2CCC(C3CC3)CC2)CC1
C1CCC(C2CCC3CC4C(CCCC5C6CCCC6CCC45)CC32)CC1
C1CCC(CCCCC2CC3CCCCC3C2)CC1
C(CCC1CCC(C2CCC(C3CC4CCCC4C4CCC5CCCCC5C34)CC2)CC1)CCC1CCC2C(CCC3C4CCCC4CCC23)C1
C1CCC(CCCCC2CC3CCCCC3C2)CC1
C1CCC2C(C1)CCC1CCCCC12
C(CCC1CCCC2CCCC12)CC1CC2CCCCC2C1
C1CCC(CCCCC2CC3CCCCC3C2)CC1
C1CCC2CCC(C3CCCC4CCCC43)CC2CC1
C1CCC2CCC3C4CCCCC4CC(CC4CCCC4)C3C2CC1
C(CCCC1CCCC2C(C3CCCCC3)CCC12)CCC1CCC(C2CCCC2)C1
C1CCC(CCC2CCC3C(CCC4C5CCCC5CCC34)C2)CC1
C(CCCC1CCCC2C(C3CCCCC3)CCC12)CCC1CCCCC1
C1CCC(CCCCCC2CC3CCCCC3C2)CC1
C1CCC(C2CCC3CC4C(CCCC45CCCCC5)CC32)CC1
C(CCCCC1CCCC(CC(CC2CCC(CC3CCCCC3)CC2)C2CCCCC2)C1)CCCCC1CCC2C(CCC3C4CCCC4CCC23)C1
C1CCC(C2CCC3CCCCC3C3CCCCC23)CC1
C1CCC2C(C1)CCC1C3CCCCC3CCC21
C1CCC(CC2CC3CCCCC3C3CCC4CCCCCC4C23)CC1
C1CCC(CC2CC3CCCCC3C3CCC4CCCCCC4C23)CC1
C1CCC(CCCCCC2CCCC3C(C4CCCCC4)CCC23)CC1
C1CCC(CCC2CCC(CC3CC3)CC2)CC1
C1CCC2C(C1)CC(C1CCCC3CCCC31)C1CCCCC21
C1CCC(CCCCC2CCC3C2CCC2C4CCCCC4CCCC32)CC1
C1CCC(C2CCC3CCCC3C3CCC4CCCCC4C23)CC1
C1CCC2C(C1)CCC1C2CCC2C3CCCC3CC21
C1CCC(CCC2CCCC3CC4C(CCC4C4CCCCC4)CC23)CC1
C1CCC(CCCC2CCC3CCCC3C2)CC1
C1CCC(CCCCCC2CCCC3C(CC4CCCCC4)CCC23)CC1
C1CCC2C(C1)CCC1C3CCCC3CCC21
C1CCC(CCCC2CCC3C(CCC4C5CCCC5CC(CCC5CCCCC5)C34)C2)CC1
C1CCC2CCC3C(CCC4C5CCCC5CC43)C2CC1
C1CCC(CCC2CCC(CCC3CCCC(CC4CCCC4)C3)CC2)CC1
C1CCC(CCCCC2CC3CCCCC3C2)CC1
C(CCC1CCCC2CCCCC12)CC1CC2CCCCC2C1
C1CCC(CC2CC3CCCCC3C3CCC4CCCCC4C23)CC1
C1CCC2CC(C3CCCC3)CCC2C1
C1CCC(C2CCC3CCC4C(CCCC45CCCC5)CC32)CC1
C1CCC2CC(C3CCCC4CCCC43)CCC2C1
C1CCC(CC2CCC(CC(CC3CCCCC3)C3CCCCC3)CC2)CC1
C1CCC(CC2CCC3C(CCC3C3CCCCC3)C2)CC1
C1CCC(CCC2CCC(CC(CC3CCCCC3)C3CCCCC3)CC2)CC1
C1CCC(C2CCC3CC4C(CCC5C6CCCC(CCCC7CCC8CCCCC8C7)C6CCC45)CC32)CC1
C1CCC(C2CC3C(CCC34CCCCC4)C3CCC4CCCCC4C23)CC1
C1CCC(CCC2CCC(CCC3CCCC(CC4CCCC4)C3)CC2)CC1
C1CCC(CCCCC2CCC3CCC(C4CCCC5CCCC54)CC3C2)CC1
C1CCC(CC2CC3CCCCC3C3CCC4CCCCC4C23)CC1
C1CCC(CCC(CC2CC3CCCCC3C2)C2CC2)CC1
C1CCC(CCC2CCCCC2)CC1
C1CC2CCC3C(CCC4CCC5CC5C43)C2C1
C1CCC(C2CC3CCCC3C3CCCC4CCCCC4C23)CC1
C1CCC(CCCC2CCC(C3CCC4C(CCC4C4CCCCC4)C3)CC2)CC1
C1CCC2C(C1)CCC1C2CCC2C3CCCC3CC21
C1CCC(C2CCC3CCC4C(CCC5C6CCC(CCCC7CCC8CCCCC8C7)C6CCC45)CC32)CC1
C1CCC(C2CCC(CCCCCC3CCCC4CCCCC34)C2)CC1
C1CCC2C(C1)CCC1C3CCCC3CCC21
C1CCC(CC2CC3CCCCC3C3CCC4CCCCC4C23)CC1
C1CCC(CCC2CCC3C(CCC3C3CCCCC3)C2)CC1
C1CCC(CCCCC2CC3CCCCC3C2)CC1
C1CCC(CC2CCC3C(CCC3C3CCCCC3)C2)CC1
C1CCC(C2CC3CCCC3C3CCC4CCCCC4C23)CC1
C1CCC(CCC2CCC3C(CCC3C3CCCCC3)C2)CC1
C1CCC2C(C1)CCC1C3CCCC3CCCC21
C1CCCC(C2CCC3CC4C(CCC5C6CCC(CCCC7CC8CCCCC8C7)C6CCC45)CC32)CC1
C1CCC(C2CCC3CC4C(CCC5C6CCC(CCCC7CC8CCCCC8C7)C6CCCC45)CC32)CC1
C(CCCC1CCCC2C(C3CCCCC3)CCC12)CCC1CCCCC1
C1CCC2C(C1)CCC1C3CCCCC3CCC21
C1CCC(CCC2CCC3C(CC4CCCCC4)CCC3C2)CC1
C1CCC(CC2CCC3C(CCC3C3CCCCC3)C2)CC1
C1CCC(C2CC3CCCCC3C3CCCCC23)CC1
C1CCC(CC2CC3CCCCC3C3CCC4CCCCCC4C23)CC1
C1CCC2CC(C3CCCC4CCCC43)CCC2C1
C1CCC(C2CCC3(CCC4CC5C(CCC5C5CCCCC5)CC43)C2)CC1
C1CCC(C2CCC3CC4C(CCCCC5CC5)CCCC4CC32)CC1
C1CCC(C2CCC3CCCCC3C3CCCCC23)CC1
C1CCC2CC(CCCC3CCC4C3CCCC3C5CCCCC5CCC34)CC2C1
C1CCC(CC2CCC3CC4C(CCC5C6CCC(CCCC7CC8CCCCC8C7)C6CCC45)CC23)CC1
C1CCC(C2CC3CCCC3C3CCC4CCCCC4CC23)CC1
C1CCC2CC(CCCC3CCC4C3CCC3C5CCCCC5CCCC43)CC2C1
C1CCC(CCCCC2CC3CCCCC3C2)CC1
C1CCC2CC(CCCC3CCCC4C3CCC3C5CCCCC5CCC43)CC2C1
C1CCC(CCCCCC2CCC3CCCCC23)CC1
C1CCC(C2CCC3C(CCCCCC4CC4)CCCC23)CC1
C1CCC(C2CCC3CC4C5CCC6C(CCCC7CC8CCCCC8C7)CCC6C(CCC4CC32)C5)CC1
C1CCC2CCC(C3CCCC4CCCC43)CC2CC1
C1CCC(CCCCCC2CC3CCCCC3C2)CC1
C1CCC(C2CCC3C(CCC4CCCCC43)C2)CC1
C1CCC(CCC2CCC(C3CCCC4C(C5CCCCC5)CCC34)C2)CC1
C1CCC(CCC2CCC3C(CCC4CCCCC43)C2)CC1
C1CCC(CCCCCC2CCC3CCCCC23)CC1
C1CCC2CC(CCCC3CCC4C3CCCC3C5CCCCC5CCC34)CC2C1
C1CCC(C2C3CCCC3CC3CC4CCCC4CC32)CC1
C1CCC2CC(C3CCCC3)C3CCCC3C2CC1
C1CCC(C2CC3CCCC3C3CCC4CCCCCC4C23)CC1
C1CCC2CC(C3CCCC4CCCC43)CCC2C1
C1CCC(CCCCC2CC3CCCCC3C2)CC1
C1CCC(C2CC3CCCCC3C3CCCCC3C2)CC1
C1CCC(CCCCCC2CC3CCCCC3C2)CC1
C1CCC2C(C1)CCC1CCCCC12
C(CCCC1CCCCC1)CCCC1CCC(C2CCCCC2)C1
C1CCC(CCCCCC2CC3CCCCC3C2)CC1
C1CCC(C2CC3CCCC3CC3CCC4CCCCC4C32)CC1
C1CCC(CCC(CCC2CCC3CCCCC3C2)CC2CCCCC2)CC1
C1CCC(CC2CCC3CCCCC3C3CCC4CCCCC4C23)CC1
C1CCC2CCCCC2C(CCCCC2CCCC3CCCCC23)C1
C1CCC2C(C1)CCC1C3CCCC3CCC21
C1CCC2C(C1)CCC1C3CCCC3CCC21
C(CCCCC1CCC(C2CCCCC2)C1)CCCC1CCC2CCCC2C1
C1CCC(CCCCC2CC3CCCCC3C2)CC1
C1CCC2CCC3C4CCC(CCCC5CC6CCCCC6C5)C4CCC3C2CC1
C1CCC(CCC2CCCC3CC4C(CCC23)CCC4C2CCCCC2)CC1
C1CCC(C2CCC3(CCC4CCC5C(CCC5C5CCCCC5)CC43)C2)CC1
C1CCC2CCC3C4CCC(CCCC5CCC6CCCCC6C5)C4CCC3C2CC1
C1CCC2C(C1)CCCC1C3CCCC3CCC21
C1CCC2CC(CCCC3CCC4C3CCCC3C5CCCCC5CCC34)CCC2C1
C1CCC(CC2CCC3CC(C4CCC(CCC5CCCC5)CC4)CCC23)CC1
C1CCC(C2CC3CCCC3C3CCC4CCCCC4C23)CC1
C1CCC(CCCCC2CCC3CCCCC23)CC1
C(CCC1CCCC2CCCCC12)CC1CCC2CCCCC2C1
C1CCC2CC(CCCC3CCCC4C3CCC3C5CCCCC5CCC43)CC2C1
C1CCC2CCC(C3CCCC4CCCC43)CC2CC1
C1CCC(CCC2CCCC3C2CCC(C2CCCCC2)C2C4CCCCC4CCC32)CC1
C1CCC2CCC3C4CCCCC4CC(CC4CCCC4)C3C2CC1
C1CCC(C2CC3CCCC3C3CCC4CCCCC4C23)CC1
C1CCC2C(C1)CCC1C3CCCC3CCC21
C(CCC1(C2CCCC2)CCCC2CCCCC21)CC1CCC2CCCCC2C1
C1CCC2C(C1)CCC1C2CCC2C3CCCC3CC21
C1CCC2C(C1)CCC1C3CCCC3CCC21
C1CCC(CCC2CCC3C(CCC3C3CCCCC3)C2)CC1
C(CCCC1CCC2CCCC2C1)CCC1CCCCC1
C1CCC(CCCC2CCC(C3CCC4C(CCC4C4CCCCC4)C3)CC2)CC1
C1CCC(CCC2CCC3C(CCC3C3CCCCC3)C2)CC1
C1CCC2CCC3C4CCCCC4CC(CC4CCCC4)C3C2CC1
C1CCC(CCC2CCC(C3CCC4C(CCC4C4CCCCC4)C3)CC2)CC1
C1CCC(CCC2CCC3C(CCC3C3CCCCC3)C2)CC1
C1CCC(CC2CC3CCCCC3CC3CCC4CCCCC4C32)CC1
C(CCCC1CCCC2C(C3CCCCC3)CCC12)CCC1CCC(C2CCCC2)C1
C1CCC(CCCC2CCCC3CCCCC32)C2CCCCC2C1
C1CCC2CC(C3CCCC4CCCC43)CCC2C1
C1CCC(CCCCCC2CC3CCCCC3C2)CC1
C1CCC(CC2CC3CCCCC3CC3CCC4CCCCC4C32)CC1
C1CCC2CCC(C3CCCC4CCCC43)CC2CC1
C1CCC(CC(CC2CCCCC2)C2CCCCC2)CC1
C1CCC(C2CCC3CC4C(CCCCC45CCCCC5)CC32)CC1
C(CCCC1CCCCC1)CCCC1CCC(C2CCCCC2)C1
C(CCCC1CCCCC1)CCCC1CCC(C2CCCCC2)C1
C1CCC(CCCCC2CC3CCCCC3C2)CC1
C1CCC(CCC2CCC3C(CCC4C5CCCC5CCC34)C2)CC1
C1CCC(CC2CC3CCCCC3C3CCC4CCCCC4C23)CC1
C1CCC(C2CCC(CCCCCC3CCCC4CCCCC34)C2)CC1
C(CCC1CCCC2CCCC12)CC1CC2CCCCC2C1
C1CCC(C2CCC3C(CCC3C3CCCCC3)C2)CC1
C1CCC(CCCCCC2CCC3CCCC3C2)CC1
C1CCC(CCCCCC2CCC3CCCCC23)CC1
C1CCC2CC(C3CCCC4CCCC43)CCC2C1
C1CCC(CCCCCC2CCCC3C(CC4CCCCC4)CCC23)CC1
C1CCC(C2CC3CCCCC3C3CCC(CCC4CCCC4)CC3C2)CC1
C1CCC2C(C1)CCC1C2CCC2C3CCCC3CC21
C(CCC1CCC2C1CCC1C3CCCCC3CCC21)CC1CC2CCCCC2C1
C1CCC(C2CCC3C(CCCCCC4CCC(C5CCCC5)C4)CCCC23)CC1
C1CCC(CCC2CCC(C3CCC4C(CCC4C4CCCCC4)C3)CC2)CC1
C1CCC(CC2CC3CCCCC3C3CCC4CCCCCC4C23)CC1
C1CCC(CCCCC2CCC3CCCCC23)CC1
C1CCC(CC2CCC3C(CCCCCC4CCC(C5CCCC5)C4)CCCC23)CC1
C1CCC(CCCCC2CC3CCCCC3C2)CC1
C1CCC(CCCCC2CC3CCCCC3C2)CC1
C(CCCC1CCCCC1)CCCC1CCC(C2CCCCC2)C1
C1CCC(CC2CC3CCCCC3CC3CCC4CCCCC4C32)CC1
C1CCC(CCCCC2CC3CCCCC3C2)CC1
C1CCC2C(C1)CCC1C3CCCC3CCCC21
C1CCC(C2CCC3C(CCC4CCCCC43)C2)CC1
C1CCC2CC(CCCC3CCC4C3CCC3C5CCCCC5CCC43)CC2C1
C1CCC(CC2CCCCCCC23CCC2C(CCC2C2CCCCC2)C3)CC1
C1CCC(C2CC3CCCC3C3CCC4CCCCC4C23)CC1
C1CCC(C2CC3CCCC3C3CCC4CCCCC4CC23)CC1
C1CCC(CCC2CCC(CCC3CCCC(CC4CCCC4)C3)CC2)CC1
C1CCC(CC2CC3CCCCC3C3CCC4CCCCC4C23)C1
C1CCC2CCC(C3CCCC4CCCC43)CC2CC1
C1CCC(CCCCCC2CCC3CCCCC23)CC1
C1CCC(CCC2CCC(CC3CCC4C(CCC4C4CCCCC4)C3)CC2)CC1
C1CCC(CCCCC2CC3CCCCC3C2)CC1
C1CCC(CCC2CCC3C(CCC3C3CCCCC3)C2)CC1
C1CCC(CCCCCC2CC3CCCCC3C2)CC1
C1CCC2CC(CC3CCCC4CCCC43)CCC2C1
C(CCC1CCCC2CCCCC12)CC1CCC2CCCCC2C1
C1CCC(CCCC2CCC3C(CCC4C5CCCC5CC(CCC5CCCCC5)C34)C2)CC1
C(CCCC1CCCC2C(C3CCCCC3)CCC12)CCC1CCCCC1
C1CCC(CC2CC3CCCCC3C3CCC4CCCCC4C23)CC1
C1CCC(CCCCCC2CCC3CCC(C4CCCC5CCCC54)CC3C2)CC1
C1CCC(CCC2CCC(CC(CC3CCCCC3)C3CCCCC3)CC2)CC1
C1CCC2CCC3C4CCC(CCCC5CC6CCCCC6C5)C4CCC3C2CC1
C1CCC(CCCCC2CC3CCCCC3C2)CC1
C1CCC2C(C1)CCC1C3CCCC3CCC21
C1CCC(CCCCCC2CCCC3C(C4CCCCC4)CCC23)CC1
C1CCC(C2CC3CCCC3C3CCC4CCCCC4C23)CC1
C1CCC(CC2CCCCC2CC2CC3CCCCC3C3CCC4CCCCCC4C23)CC1
C(CCC1CCC2CCCCC2C1)CCC1CCCC2CCCCC12
C1CCC(C2CCC3CC4C(CCC45CCCCC5)CC32)CC1
C1CCC2CC(C3CCCC4CCCC43)CCC2C1
C1CCC(CCC(CCC2CCC3CCCC3C2)CC2CCCCC2)CC1
C1CCC2CC(C3CCCC4CCCC43)CCC2C1
C1CCC(CCCCC2CCC3CCC(C4CCCC5CCCC54)CC3C2)CC1
C1CCC(CCCCC2CCC3CCCCC23)CC1
C1CCC2CC(C3CCCC4CCCC43)CCC2C1
C1CCC2C(C1)CCC1C3CCCC3CCCC21
C1CCC(C2CCC3CCCC3C3CCC4CCCCC4C23)CC1
C1CC2CCC3C(CCC4CCCCC43)CC2C1
C1CCC(C2CCC3CC4C(CCCC5CC5)CCCC4CCC32)CC1
C1CCC(CCCC2CCC3CCCC3C2)CC1
C1CCC2CCC3C4CCCC4CCC3C2CC1
C1CCC(C2CC3CCCC3C3CCC4CCCCC4C23)CC1
C1CCC2CC(C3CCCC4CCCC43)CCC2C1
C1CCC(CCC2CCC3C(CCC3C3CCCCC3)C2)CC1
C1CCC2CCC3C4CCCC4CCC3C2CC1
C1CCC2C(C1)CC(C1CCCC1)C1CCCCC21
C1CCC2C(C1)CCCC2CCCC1CCCC2CCCCC21
C1CCC(CCC2CCC(CCC3CCCC(CC4CCCC4)CC3)CC2)CC1
C(CCC1CCCC2CCCC12)CC1CC2CCCCC2C1
C1CCC(CCC2CCC3C(CCC3C3CCCCC3)C2)CC1
C1CCC(CCCCC2CCC3CCC(C4CCCC5CCCC54)CC3C2)CC1
C1CCC(C2CCC3CC4C(CCCC45CCCC5)CC32)CC1
C1CCC2CC(C3CCCC4CCCC43)CCC2C1
C(CCC1CCC2CCCCC2C1)CCC1CCCC2CCCCC12
C1CCC(C2CC3CCCC3C3CCC4CCCCC4C23)CC1
C1CCC(CC2CC3CCCCC3C3CCC4CCCCCC4C23)CC1
C1CCC(CCC2CCCCC2)CC1
C1CCC(CCCCC2C3CCCCCC3CCC2C2CCCC3CCCC32)CC1
C1CCC2CCC3C4CCC(CCCC5CC6CCCCC6C5)C4CCC3C2CC1
C1CCC(CCCCCC2CCC3CCCCC23)CC1
C1CCC(C2CC3CCCC3C3CCC4CCCCC4C23)CC1
C1CCC(CCC2CCC3C2CCC(C2CCCCC2)C2C4CCCCC4CCC32)CC1
C1CCC(CCCCCC2CCC3CCCCC23)CC1
C1CCC(CC2CC3CCCCC3C3CCC4CCCCCC4C23)CC1
C1CCC2C(C1)CCC1C3CCCC3CCC21
C1CCC(CCCCC2CC3CCCCC3C2)CC1
C1CCC2CC(CCCC3CCC4C3CCC3C5CCCCC5CCCC43)CC2C1
C1CCC2CC(CCCC3CCC4C3CCC3C5CCCCC5CCC43)CC2C1
C1CCC2CC(C3CCCC4CCCC43)CCC2C1
C1CCC(C2CC3CCCC3C3CCC4CCCCC4C23)CC1
C1CCC2C(C1)CCC1C3CCCC3CCCC21
C1CCC(C2CC3CCCCC3C3CCCCC23)CC1
C1CCC(CC2CC3CCCCC3C3CCC4CCCCC4C23)CC1
C1CCC2CCC(C3CCCC4CCCC43)CC2CC1
C1CCC(C2CCC3CC4C(CCC45CCCC5)CC32)CC1
C1CCC(CCC2CCCCC2)CC1
C1CCC(CCCCC2CCC3CCCCC23)CC1
C1CCC2CC(C3CCCC4CCCC43)CCC2C1
C1CCC(C2CCC3CC4C(CCCC45CCCC5)CC32)CC1
C1CCC(CC(CC2CCCCC2)C2CCCCC2)CC1
C1CCC2CCC3C4CCCCC4CC(CC4CCCC5CCCCC54)C3C2CC1
C1CCC2CC(C3CCCC4CCCC43)CCC2C1
C1CCC(CCCCCC2CCCC3C(CC4CCCCC4)CCC23)CC1
C1CCC2C(C1)CCC1C3CCCC3CCCC21
C1CCC2CCC(C3CCCC4CCCC43)CC2CC1
C1CCC(CCCCCC2CCC3CCCCC23)CC1
C1CCC(CCC2CCC(C3CCC4C(CCC4C4CCCCC4)C3)CC2)CC1
C1CCC(CCCC2CCC(CCC3CCCC(CC4CCCC4)C3)CC2)CC1
C1CCC(CC2CC3CCCCC3C3CCC4CCCCC4C23)CC1
C1CCC(CC2CCC(CC(CC3CCCCC3)C3CCCCC3)CC2)CC1
C1CCC(C2CC3CCCCC3C3CCCCC3C2)C1
C1CCC(C2CC3CCCC3C3CCC4CCCCCC4C23)CC1
C1CCC(C2CCC3CC4C(CCC45CCCC5)CC32)CC1
C1CCC(CC2CCC(C3CC4CCCC4C4CCC5CCCCC5C34)CC2)C1
C1CCC2CC(C3CCCC4CCCC43)CCC2C1
C1CCC(C2CCC3CCCCC3C3CCC4CCCCC4C23)CC1
C1CCC2C(C1)CCC1C3CCCC3CCC21
C1CCC(C2CCC3CC4(CCCCCC4C4CCCCC4)CCC32)CC1
C1CCC(CCCCCC2CC3CCCCC3C2)CC1
C1CCC(CCC2(CCCC3CC4CCCCC4C3)CCC3C4CCC5CCCCC5C4CCC32)C1
C1CCC(CCC2CCC3C(CCC3C3CCCCC3)C2)CC1
C1CCC(C2CC3CCCC3C3CCCC4CCCCC4C23)CC1
C1CCC(CC2CC3CCCC3C3CCC4CCCCC4C23)CC1
C1CCC(CCC2CC3CCCCC3C2C2CCCCC2)CC1
C1CCC(CCCCC2CC3CCCCC3C2)CC1
C1CCC2C(C1)CCCC1C3CCCC3CCC21
C1CCC(CCCCCC2CCCC3C(C4CCCCC4)CCC23)CC1
C1CCC(C2CCC3CCCC3C3CCC4CCCCC4C23)CC1
C1CCC2CCC(C3CCCC4CCCC43)CC2CC1
C1CCC(C2CCC(CCCCCC3CCCC4CCCCC34)C2)CC1
C1CCC(CCCCC2CC3CCCCC3C2)CC1
C1CCC(CCCCC2CCC3CCCCC23)CC1
C1CCC2CCC3CCCCC3C2CC1
C(CCCC1CCCC2C(C3CCCCC3)CCC12)CCC1CCCCC1
C1CCC(CCCCCC2CC3CCCCC3C2)CC1
C1CCC(C2CCC(CCCCCC3CCCC4CCCCC34)C2)CC1
C1CCC(C2CCC3CCC(C4CCCC4)CC32)CC1
C1CCC2CC(CCCC3CCC4C3CCC3C5CCCCC5CCC43)CCC2C1
C1CCC(C2CC3CCCC3C3CCC4CCCCC4C23)CC1
C1CCC(CCC2CCC3C2CCC2C4CCCCC4CCCC32)C1
C1CCC(CC(CC2CCCCC2)C2CCCCC2)CC1
C1CCC(C2CCC3CC4C(CCCC5C6CCC(CCCC7CCC8CCCCC8C7)C6CCC45)CC32)CC1
C1CCC2CC(C3CCCC4CCCC43)CCC2C1
C1CCC2C(C1)CCC1C3CCCC3CCC21
C1CCC(CC2CC3CCCCC3C3CCC4CCCCC4C23)C1
C1CCC(CCCCC2CC3CCCCC3C2)CC1
C1CCC(C2CCC3CC4C(CCC32)CCC2C3CCC(CCCC5CCC6CCCCC6C5)C3CCC42)CC1
C1CCC2CC(CC3CCCC4CCCC43)CCC2C1
C1CCC(C2CCC3CC4C(CCC5C6CCCCC6CCC45)CC32)CC1
C(CCC1CCC2C(CCC3C4CCCC4CCC23)C1)CC1CCC(C2CC3CCCC3C3CCCC4CCCCC4C23)CC1
C(CCC1CCCC2CCCC12)CC1CC2CCCCC2C1
C1CCC2CC3CCCCC3CCC2C1
C1CCC(CCCCCC2CC3CCCCC3C2)CC1
C1CCC(CCCCC2C3CCCCC3CCC2C2CCCC3CCCC32)CC1
C1CCC(CCC2CCC3C(CCC3C3CCCCC3)C2)CC1
C1CCC(CCC2CCC3C(CCC3C3CCCCC3)C2)CC1
C1CCC(CCCCC2CCC3C2CCC2C4CC5CCC(C6CCCCC6)C5CC4CCC32)CC1
C1CCC(C2CC3CCCC3C3CCC4CCCCC4C23)CC1
C1CCC2C(C1)CCC1CCCCC12
C1CCC(C2CC3CCCC3C3CCC4CCCCCC4C23)CC1
C1CCC(CCC2CCC3C(CCC3C3CCCCC3)C2)CC1
C1CCC2CCC3C4CCCC4CCC3C2CC1
C1CCC2CC(C3CCCC4CCCC43)CCC2C1
C1CCC2CC(C3CCCC4CCCC43)CCC2C1
C1CCC2C(C1)CCC1C3CCCCC3CCC21
C1CCC(CCCCCC2CC3CCCCC3C2)CC1
C1CCC(CCC2CCC3C(CCC3C3CCCCC3)C2)CC1
C1CCC2CC3CCC4C5CCCC5CC4C3CCC2C1
C1CCC(CCC2CCC3C(CCC3C3CCCC3)C2)CC1
C1CCC(CC2CCCC(CC3CCC4CCCCC4C4CCC5CCCCC5C34)C2)CC1
C1CCC(CC2CC3CCCCC3C3CCC4CCCCCC4C23)CC1
C1CCC2CC(CCCC3CCC4C3CCC3C5CCCCC5CCC43)CC2C1
C1CCC2CC3CCC(C4CCCCC4)C3CC2CC1
C(CCCC1CCCCC1)CCCC1CCC(C2CCCCC2)C1
C1CCC2CCC3C4CCC(CCCC5CC6CCCCC6C5)C4CCC3C2CC1
C1CCC(CC2CCCCC23CCC2C(CCC2C2CCCCC2)C3)CC1
C1CCC2C(C1)CCC1C2CCC2C3CCCC3CC21
C1CCC(C2CCC(CCCCCC3CCCC4CCCCC34)C2)CC1
C1CCC(C2CC3CCCC3C3CCC4CCCCC4CC23)CC1
C1CCC(C2CC3CCCC3C3CCCC4CCCCC4C23)CC1
C1CCC(CCC2CCC3C(CCC3C3CCCCC3)C2)CC1
C1CCC2CCC(C3CCCC4CCCC43)CC2CC1
C1CCC2C(C1)CCC1CCCCC12
C1CCC2CCC(C3CCCC4CCCC43)CC2CC1
C1CCC(CCC2CCC(CCC3CCCC(CC4CCCC4)CC3)CC2)CC1
C1CCC2C(C1)CCC1C3CCCC3CCC21
C1CCC(CC2CC3CCCCC3C3CCC4CCCCCC4C23)CC1
C1CCC(CCCC2CCC3CCC(C4CCCC5CCCC54)CC3C2)CC1
C1CCC(C2CC3CCCCC3C3CCC4CCCCC4C23)CC1
C1CCC2C(C1)CCC1C3CCCC3CCC21
C(CCC1CC2CCCCC2C1)CCC1CCCC2CCCC12
C(CC1CCC2CCCC2C1)CC1CCCC2CCC(C3CCCC4CCCC43)CC2C1
C1CCC(CCC2CCC(CC3CC3)CC2)CC1
C(CCCC1CCCCC1)CCCC1CCC(CC2CCCCC2)C1
C1CCC(C2CCC3CC4C(CCC5C6CCC(CCCCC7CC8CCCCC8C7)C6CCC45)CC32)CC1
C1CCC(CCCC2CCCC(C3CCC4CC(CCC5CCC6CCCCC6C5)CCC43)C2)CC1
C1CCC(C2CC3CCCCC3C3CCC4CCCCC4C23)CC1
C(CCC1CCC2C1CCC1C3CCCCC3CCC21)CC1CC2CCCCC2C1
C1CCC(CCC2CCC(C3CC3)CC2)CC1
C1CCC(CC2CCCC(C3CCC4CC(CCC5CCC6CCCCC6C5)CCC43)C2)C1
C1CCC2CCC(C3CCCC4CCCC43)CC2CC1
C1CCC2CC3CCC4CCCC4C3CCC2C1
C1CCC(CCCC2CCC3C(CCC3C3CCCCC3)C2)CC1
C1CCC(C2CC3CCCC3C3CCC4CCCCCC4C23)CC1
C1CCC(CCCCC2CC3CCCCC3C2)CC1
C1CCC(CC2CCCC(CC3CC4CCCCC4C4CCC5CCCCCC5C34)C2)CC1
C1CCC(CC2CCC(CC(CC3CCCCC3)C3CCCCC3)CC2)CC1
C(CCC1CCCC2CCCCC12)CCC1CCCC2CCCCC12
C1CCC(C2CC3CCCCC3C3CCC4CCCCC4C23)CC1
C1CCC2CCC(C3CCCC4CCCC43)CC2CC1
C1CCC(CCCCCC2CC3CCCCC3C2)CC1
C1CCC(CCCCC2CC3CCCCC3C2)CC1
C1CCC(CC2CC3CCCCC3C3CCC4CCCCC4C3C2)CC1
C1CCC(CCC2CCC3C(CCC4CCCCC43)C2)CC1
C1CCC(CCCCCC2CC3CCCCC3C2)CC1
C1CCC(CCC2CCCC3CC4C(CCC23)CCC4C2CCCCC2)CC1
C1CCC(C2CC3C(CCC4CC4)CCC3C3CCC4CCCCCC4C23)CC1
C1CCC(C2CC3C(CCC34CCCC4)C3CCC4CCCCCC4C23)CC1
C1CCC2CC(CCCC3CCCC4CCCCC43)CC2C1
C1CCC2C(C1)CCC1CCCCC12
C1CCC(CCC2CCC3C(CCC3C3CCCCC3)C2)CC1
C1CCC2CCC(C3CCCC3)CC2CC1
C1CCC(C2CCC3C(CCC4CCCCC43)C2)C1
C1CCC(CC2CCC3C(CCC3C3CCCCC3)C2)CC1
C1CCC(C2CCC3CCC4C(CCC5C6CCC(CCCC7CC8CCCCC8C7)C6CCC45)CC32)CC1
C1CCC(C2CCC3CC4CCCCC4CC32)CC1
C1CCC(CCCCCC2CCC3CCCCC23)CC1
C1CCC(CCC2CCC(C3CC3)CC2)CC1
C1CCC2CCC3C(CCC4C3CCC4(CCCC3CC4CCCCC4C3)CCC3CCCC3)C2CC1
C1CCC2CC(CCCC3CCC4C5CCC6CCCCC6C(CCC34)C5)CC2C1
C1CCC(C2CCC3CCC4C(CCC45CCCCC5)CC32)CC1
C1CCC(CCCC2CCC3C(CCC3C3CCCCC3)C2)CC1
C1CCC(CCC(CCC2CCC3CCCC3C2)CC2CCCCC2)CC1
C1CCC(C2CCC3CC4C(CCC32)CCC42CCCCC2)CC1
C1CCC(C2CC3CCCC3C3CCC4CCCCC4C23)CC1
C1CCC(C2CCC3CC4C(CCC32)CCC2C3CCCC3CCC42)CC1
C(CCCC1CCCC2C(C3CCCCC3)CCC12)CCC1CCCCC1
C1CCC(CCC2(CCCC3CC4CCCCC4C3)CCC3C4CCC5CCCCC5C4CCC32)C1
C1CCC2CC(C3CCCC4CCCC43)CCC2C1
C1CCC2CCC(C3CCCC4CCCC43)CC2CC1
C(CCCC1CCCC2CCCCC12)CCC1CCC(C2CCCCC2)C1
C1CCC(C2CC3CCCC3C3CCC4CCCCC4C23)CC1
C1CCC(C2CCC3C(CCC4CCCCC43)C2)CC1
C1CCC(C2CC3CCCC3C3CCC4CCCCC4C23)CC1
C1CCC2CC(CCCC3CCC4C3CCC3C5CCCCC5CCC43)CC2C1
C1CCC(CCC2CCC3C(CCC3C3CCCCC3)C2)CC1
C1CCC(CCCCC2CC3CCCCC3C2)CC1
C1CCC(C2CC3CCCC3C3CCC4CCCCC4C23)CC1
C1CCC2CCC3C4CCCCC4CC(CC4CCCC4)C3C2CC1
C1CCC(CCC2CCC3C(CCC4C5CCCC5CCCC34)C2)CC1
C1CCC2C(C1)CC(C1CCCC3CCCC31)C1CCCC21
C1CCC(C2CCC3CC4C(CCC5C6CCCC6CCCC45)CC32)CC1
C1CCC(C2CCC(CCCCCC3CCCC4CCCCC34)C2)CC1
C1CCC(CC2CCCCC2CC2CCC3CCCCC3C3CCC4CCCCC4C23)CC1
C1CCC(CCCCCC2CCC3CCCCC23)CC1
C1CCC(C2CC3CCCC3C3CCC4CCCCCC4C23)CC1
C1CCC(CCCCC2CC3CCCCC3C2)CC1
C1CCC(C2CC3CCCCC3C3CCCCC3C2)CC1
C1CCC(C2CCC3CC4C(CCCC45CCCC5)CC32)CC1
C1CCC(CCCCC2CC3CCCCC3C2)CC1
C1CCC(C2CCC(C3CC4CCCC4C4CCC5CCCCC5C4C3)CC2)C1
C1CCC(C2CC3CCCC3C3CCC4CCCCC4C23)CC1
C1CCC(CC2CCCC(CC3CC4CCCCC4C4CCC5CCCCC5C34)C2)CC1
C1CCC2CCC(C3CCCC4CCCC43)CC2CC1
C1CCC(C2CC3CCCC3C3CCCC4CCCCC4C23)CC1
C1CCC(CCCC2CCC3CCC(C4CCCC5CCCC54)CC3C2)CC1
C1CCC(CCC2CCC3C(CCC3C3CCCCC3)C2)CC1
C1CCC(CCCCCC2CC3CCCCC3C2)CC1
C1CCC(CCCC2CCC(C3CCC4C(CCC4C4CCCCC4)C3)CC2)CC1
C1CCC(C2CC3CCCCC3C3CCC4CCCCC4C23)CC1
C1CCC2C(C1)CCC1C3CCCC3CCC21
C1CCC(C2CCC3CC4C(CC5CCC6CCCCC65)CCCC4CC32)CC1
C1CCC(CCCCCC2CC3CCCCC3C2)CC1
C1CCC(C2CC3CCCC3C3CCC4CCCCC4C23)CC1
C1CCC2C(C1)CCC1CCCCC12
C1CCC2CCC3C(CCC4C3CCC4(CCCC3CCC4CCCCC4C3)CCC3CCCC3)C2CC1
C1CCC(C2CCC3CC4C(CCC5C6CCCC(CCCC7CC8CCCCC8C7)C6CCC45)CC32)CC1
C1CCC2CC(CC3CCCC4CCCC43)CCC2C1
C1CCC(C2CCC3CC4C(CC5CCC6CCCCC65)CCCCC4CC32)CC1
C1CCC(C2CC3C(CCC4CC4)CCC3C3CCC4CCCCC4C23)CC1
C1CCC2CCC(C3CCCC4CCCC43)CC2CC1
C(CCCC1CCCCC1)CCCC1CCC(C2CCCCC2)C1
C1CCC(CCCC2CCCC3CCC(C4CCCC5CCCC54)CC3C2)CC1
C1CCC(C2CC3CCCC3C3CCC4CCCCC4C23)CC1
C1CCC2CCC(C3CCCC4CCCC43)CC2CC1
C1CCC(CC2CC3CCCCC3CC3CCC4CCCCC4C32)CC1
C1CCC(CCCC2CCC(C3CCC4C(CCC4C4CCCCC4)C3)CC2)CC1
C1CCC(CCCCC2CC3CCCCC3C2)CC1
C1CCC(CC2CCC(CC(CC3CCCCC3)C3CCCCC3)CC2)CC1
C1CCC(CCC(CCC2CCC3CCCC3C2)CC2CCCCC2)CC1
C1CCC(CCC2CCC3C(CCC3C3CCCCC3)C2)CC1
C1CCC(CCCCCC2CCCC3C(C4CCCCC4)CCC23)CC1
C1CCC(C2CCC3CC4CCCCC4CC32)CC1
C1CCC(CCC2CCC(CCC3CCCCC3)CC2)CC1
C1CCC(CCCCC2CCC3CCCCC23)CC1
C1CCC(C2CCC3C(CCCCCC4CCC4)CCCC23)CC1
C1CCC(CCCCC2CCC3CCCCC23)CC1
C1CCC2CCC(C3CCCC4CCCC43)CC2CC1
C1CCC(C2CCC3C(CCC4CCCCC43)C2)CC1
C1CCC(C2CC3CCCC3C3CCC4CCCCC4C23)CC1
C1CCC(CCCCC2CCC3C2CCC2C4CC5CCC(C6CCCCC6)C5CC4CCC32)CC1
C1CCC(CCCC2CCC3CCC(C4CCCC5CCCC54)CC3C2)CC1
C1CCC2CCC3C4CCCCC4CCC3C2CC1
C1CCC(CCCCCC2CC3CCCCC3C2)CC1
C1CCC(CCCCCC2CCCC3C(C4CCCCC4)CCC23)CC1
C1CCC2CC(C3CCCC4CCCC43)CCC2C1
C1CCC(CCC2CCC(C3CC3)CC2)CC1
C1CCC(C2CC3CCCC3C3CCC4CCCCC4C23)CC1
C1CCC(C2CCC3CCCC3C3CCC4CCCCC4C23)CC1
C1CCC(C2CCCC3CCCC3C3CCC4CCCCC4C23)CC1
C1CCC(CCC2CCC3C(CCC3C3CCCCC3)C2)CC1
C(CCC1CCCC2CCCCC12)CC1CC2CCCCC2C1
C(CCCC1CCCCC1)CCCC1CCC(C2CCCCC2)C1
C1CCC(CCC2CCCC3C2CCC2C4CCCCC4CCC32)C1
C1CCC(CCCCC2CC3CCCCC3C2)CC1
C(CCCC1CCCC2C(C3CCCCC3)CCC12)CCC1CCCCC1
C1CCC2CC(CCCC3CCC4C3CCC3C5CCCCC5CCCC43)CC2C1
C1CCC(C2CCC3CC4C(CCC45CCCC5)CC32)CC1
C1CCC(CCC2CCC(CCC3CCCC(CC4CCCC4)C3)CC2)CC1
C(CCC1CCCC2CCCCC12)CC1CCC2CCCCC2C1
C1CCC(CCCCC2CC3CCCCC3C2)CC1
C1CCC(CCCC2CCC3CCC(C4CCCC5CCCC54)CC3CC2)CC1
C1CCC2C(C1)CC(C1CCCC3CCCC31)C1CCCCC21
C1CCC2C(C1)CCCC1C3CCCC3CCC21
C1CCC(CCCCCC2CCCC3C(C4CCCCC4)CCC23)CC1
C1CCC(C2CC3CCCC3C3CCCC4CCCCC4C23)CC1
C1CCC(CCCCC2CCC3CCC(C4CCCC5CCCC54)CC3C2)CC1
C1CCC(CCC2CCCCC2CC2CC3CCCCC3C3CCC4CCCCC4C23)CC1
C(CCC1CCC(C2CCCC2)C1)CCC1CCCC2CCCCC12
C1CCC2CC(C3CCCC4CCCC43)CCC2C1
C1CCC(C2CC3CCCCC3C3CCCCC23)CC1
C1CCC2CC(CC3CCCC4CCCC43)CCC2C1
C1CCC(CCC(CCC2CCC3CCCC3C2)CC2CCCCC2)CC1
C1CCC(CCC2CCC3C(CC4CCCCC4)CCC3C2)CC1
C1CCC(CCC2CCCC3CC4C(CC5CCCCC5)CCC4CC23)CC1
C1CCC(CCC2CCC(CC(CC3CCCCC3)C3CCCCC3)CC2)CC1
C1CCC(CCC2CCC3C(CCC4CCCCC43)C2)CC1
C1CCC2CCC3C4CCCC4CCC3C2CC1
C1CCC(C2CCC3CCC4(CCCCCC4)C3C2)CC1
C1CCC(CCCC2CCCC(C3CCC4CC(CCC5CCC6CCCCC6C5)CCC43)C2)CC1
C1CCC2C(C1)CCCC1CCCCC12
C1CCC(CCC(CCC2CCC3CCCCC3C2)CC2CCCCC2)CC1
C(CCCC1CCCCC1)CCCC1CCC(CC2CCCCC2)C1
C1CCC2CC(CCCC3CCCC4C3CCC3C5CCCCC5CCC43)CC2C1
C1CCC(C2CC3CCCC3C3CCC4CCCCC4C23)CC1
C1CCC2C(C1)CCC1CCCCC12
C1CCC(CCCCC2CCC3CCCCC23)CC1
C1CCC(C2CC3CCCC3C3CCC4CCCCC4C23)CC1
C1CCC2CCC3C4CCC(CCCC5CC6CCCCC6C5)C4CCC3C2CC1
C(CCC1CCC2CCCCC2C1)CCC1CCCC2CCCCC12
C1CCC(C2CC3CCCC3C3CCC4CCCCC4C23)CC1
C1CCC(CCCCC2CC3CCCCC3C2)CC1
C1CCC(C2CCC3CC4(CCCCC4C4CCCCC4)CCCC32)CC1
C1CCC2C(C1)CCC1CCCCC12
C1CCC(CC2CCCC(CC3CCC4CC(CCC5CCC6CCCCC6C5)CCC43)C2)C1
C(CCCC1CCCC2C(C3CCCCC3)CCC12)CCC1CCCCC1
C1CCC(C2CC3CCCC3C3CCC4CCCCCC4C23)CC1
C1CCC(C2CCC3C(CCCCCC4CCC(C5CCCC5)C4)CCCC23)CC1
C(CCC1CCCC1)CCC1CCCC2CCCCC12
C1CCC(CCC2CCC(C3CCC4C(CCC4C4CCCCC4)C3)CC2)CC1
C1CCC2CC(CCCC3CCCC4C3CCC3C5CCCCC5CCC43)CC2C1
C1CCC(C2CC3CCCCC3CC3CCCCC32)CC1
C1CCC(CCC2CCC3C(CCC4CC(C5CCCCC5)CCC43)C2)CC1
C1CCC(CC2CC3CCCCC3C3CCC4CCCCCC4C23)CC1
C1CCC(CCCC(CCC2CCC3CCCC3C2)CC2CCCCC2)CC1
C1CCC(CCC2CCC3C(CCC3C3CCCCC3)C2)CC1
C1CCC(CCC2CCC3C(CCC3C3CCCCC3)C2)CC1
C1CCC(CCCCCC2CCCC3C(CC4CCCCC4)CCC23)CC1
C1CCC(CC2CCC3C(CCC3C3CCCCC3)C2)CC1
C1CCC(CCCCC2CC3CCCCC3C2)CC1
C1CCC(CCCCCC2CC3CCCCC3C2)CC1
C(CCCC1CCCC2C(C3CCCCC3)CCC12)CCC1CC1
C1CCC(C2CC3CCCC3C3CCC4CCCCC4CC23)CC1
C(CCC1CCCC2CCCCC12)CC1CCC2CCCCC2C1
C1CCC2CC(CCCC3CCC4C3CCC3C5CCCCC5CCCC43)CC2C1
C1CCC(CCCC2CCC3CCC(C4CCCC5CCCC54)CC3C2)CC1
C1CCC(CC2CC3CCCCC3CC3CCC4CCCCC4C32)CC1
C1CCC(CCC2CCC(CCCC3CCCC(CC4CCCC4)C3)CC2)CC1
C(CCCC1CCCC2CCCCC12)CCC1CCC(C2CCCC2)C1
C1CCC2C(C1)CCC1CCCCC12
C1CCC2CCC3C4CCC(CCCC5CC6CCCCC6C5)C4CCC3C2CC1
C(CCC1CCCC2CCCC12)CC1CC2CCCCC2C1
C(CCC1CCCC2CCCCC12)CC1CC2CCCCC2C1
C1CCC(C2CCC3CC4C(CCCC45CCCC5)CC32)CC1
C1CCC(CCCC2CCC3CCC(CC4CCCC5CCCC54)CC3C2)CC1
C1CCC(CCC2CCC(CCC3CCCC(CC4CCCC4)C3)CC2)CC1
C1CCC(C2CCC3CC4C(CCCC45CCCCC5)CC32)CC1
C1CCC2C(C1)CCC1C3CCCC3CCC21
C1CCC(C2CC3CCCC3C3CCC4CCCCC4C23)CC1
C1CCC(CC2CCC(CC(CC3CCCCC3)C3CCCCC3)CC2)CC1
C1CCC(CCC2CC3CCCC3C3CCC4CCCCCC4C23)CC1
C1CCC(CCC(CCC2CCC3CCCC3C2)CC2CCCCC2)CC1
C1CCC(CCC2CCC3C(CCC3C3CCCCC3)C2)CC1
C1CCC(CCC2CCCC3C2CCC(C2CCCCC2)C2C4CCCCC4CCC32)CC1
C1CCC(CC2CCCC(C3CCC4CC(CCC5CCC6CCCCC6C5)CCC43)C2)C1
C1CCC(CCCC2CCCC3C2CCC2C4CCCCC4CCC32)C1
C1CCC(C2CCC3CCCC3C3CCC4CCCCCC4C23)CC1
C1CCC(CCC2CCC3C(CCC3C3CCCCC3)C2)CC1
C1CCC2CCC3C4CCCC4CCC3C2CC1
C1CCC2CCC3C4CCCCC4CC(CC4CCCC4)C3C2CC1
C1CCC(CCC2CCCCC2CC2CC3CCCCC3C3CCC4CCCCC4C23)CC1
C(CCC1(C2CCCC2)CCCCC2CCCCC21)CC1CCC2CCCCC2C1
C1CCC(CCCC2CCCC(C3CCC4CC(CCC5CCC6CCCCCC6C5)CCC43)C2)CC1
C1CCC2C(C1)CCC1C3CCCC3CCC21
C1CCC(C2CCC3CC4CCCCC4CC32)CC1
C1CCC(C2CCC(CCCCCC3CCCCC4CCCCC34)C2)CC1
C(CCCC1CCCCC1)CCCC1CCC(C2CCCCC2)C1
C1CCC(CC2CC3CCCCC3C3CCC4CCCCC4C23)CC1
C1CCC2CC(C3CCCC4CCCC43)CCC2C1
C1CCC(CC2CC3CCCCC3C3CCC4CCCCC4C23)CC1
C1CCC(CCCCC2CC3CCCCC3C2)CC1
C1CCC(C2CCC3(CCC4CC5C(CCC5C5CCCCC5)CC43)C2)CC1
C(CCC1CCCC2CCCCC12)CC1CCC2CCCCC2C1
C1CCC2C(C1)CCC1C3CCCCC3CCC21
C1CCC(CC2CCC3C(CCC3C3CCCCC3)C2)CC1
C1CCC(CCCCCC2CCCCC2)CC1
C1CCC(CCCCCC2CC3CCCCC3C2)CC1
C1CCC(C2CCC3(CCC4CCC5C(CCC5C5CCCCC5)CC43)C2)CC1
C1CCC(C2CCC3CC4C(CCC45CCCC5)CC32)CC1
C1CCC(CCC2CC3CCCCC3C2C2CCCCC2)CC1
C1CCC(C2CCC3CC4CCCCC4CC32)CC1
C1CCC2C(C1)CCC1C3CCCC3CCC21
C1CCC(CC2CCC3C(CCC3C3CCCCC3)C2)CC1
C1CCC(C2CC3CCCC3C3CCC4CCCCC4C23)CC1
C1CCC(C2CCC3CCCCC3C3CCCCC23)CC1
C1CCC(CCCCCC2CC3CCCCC3C2)CC1
C1CCC(CCCCC2CC3CCCCC3C2)CC1
C1CCC2CC(C3CCCC4CCCC43)CCC2C1
C1CCC(CC2CC3CCCCC3C3CCC4CCCCC4C23)C1
C1CCC2C(C1)CCC1C2CCC2C3CCCC3CC21
C1CCC2CC(CC3CCCC4CCCC43)CCC2C1
C1CCC(C2CCC3CCC4(CCCCC4C4CCCCC4)CCC32)CC1
C1CCC(CC2CC3CCCCC3C3CCC4CCCCC4C23)CC1
C1CCC(CCC2CCC3C(CCC3C3CCCC(CC4CCCC4)C3)C2)CC1
C1CCC(C2CC3CCCC3C3CCC4CCCCC4C23)CC1
C1CCC(CCCCC2CCCC(C3CCC4CC(CCC5CCC6CCCCC6C5)CCC43)C2)CC1
C1CCC(CCCCC2CC3CCCCC3C2)CC1
C1CCC(CCCCC2CC3CCCCC3C2)CC1
C1CCC(C2CC3CCCC3C3CCCC4CCCCC4C23)CC1
C1CCC(CCCCCC2CC3CCCCC3C2)CC1
C1CCC(C2CC3CCCC3C3CCC4CCCCC4C23)CC1
C1CCC(C2CCC3CC4C(CCC5C6CCC(CCCC7CCC8CCCCC8C7)C6CCC45)CC32)CC1
C1CCC2C(C1)CCC1C3CCCCC3CCC21
C1CCC(CC2CCC3CC4C(CCC5C6CCC(CCCC7CCC8CCCCC8C7)C6CCC45)CC23)CC1
C1CCC2CC(C3CCCC4CCCCC43)C3CCCC3C2CC1
C1CCC(C2CCC3(CCC4CC5C(CCC5C5CCCCC5)CC43)C2)CC1
C1CCC2CC(C3CCCC4CCCC43)CCC2C1
C(CCCCC1CCC(C2CCCCC2)C1)CCCC1CCCCC1
C1CCC(CCCCCC2CCC3CCCCC23)CC1
C(CCC1CCC2C1CCC1C3CCCCC3CCC21)CC1CC2CCCCC2C1
C1CCC(CCCCCC2CCC3CCCCC23)CC1
C1CCC2CC3CCCCC3CCC2C1
C1CCC(CC2CCCC2CC2CC3CCCCC3C3CCC4CCCCC4C23)CC1
C1CCC(CCCC2CCC(C3CC3)CC2)CC1
C1CCC(CCCCC2CCC3CCCCC23)CC1
C1CCC2CCC(C3CCCC4CCCC43)CC2CC1
C1CCC2C(C1)CCC1C3CCCC3CCC21
C1CCC(CCC2CCCC(C3CCC4CC(CCC5CCC6CCCCC6C5)CCC43)C2)C1
C1CCC(CCCCC2CCC3CCCCC23)CC1
C1CCC(CC2CC3CCCCC3CC3CCC4CCCCC4C32)CC1
C1CCC2C(C1)CCC1C3CCCC3CCCC21
C1CCC(C2CCC3C(CCC4CCCCC43)C2)CC1
C1CCC(CCCC2CCC3C(CCC3C3CCCCC3)C2)CC1
C1CCC(CCC2CCC3C(CCC4C5CCCC5CC(CCC5CCCCC5)C34)C2)CC1
C1CCC2CC(C3CCCC4CCCC43)CCC2C1
C1CCC(CCC(CCC2CCC3CCCC3C2)CC2CCCCC2)CC1
C1CCC(CCCCC2CCC3CCCCC23)CC1
C1CCC(CCCCC2CC3CCCCC3C2)CC1
C1CCC(CCCCCC2CCCC3CCC(C4CCCCC4)CC23)CC1
C1CCC(C2CC3CCCCC3C3CCCCC23)CC1
C1CCC(C2CC3CCCCC3C3CCCCC3C2)CC1
C1CCC2CCC3C4CCC(CCCC5CCC6CCCCC6C5)C4CCC3C2CC1
C1CCC(CC2CC3CCCCC3C3CCC4CCCCCC4C23)CC1
C1CCC(CCC2CCC(C3CCCC4C(C5CCCCC5)CCC34)C2)CC1
C1CCC2CCC(C3CCCC4CCCC43)CC2CC1
C1CCC(CC2CC3CCCCC3C3CCC4CCCCCC4C23)CC1
C1CCC(CCC(CC2CCC(CC3CCCCC3)CC2)C2CCCCC2)CC1
C(CCCC1CCCCC1)CCC1CCCCC1
C(CCCCC1CCC(C2CCCCC2)C1)CCCC1CCCCC1
C1CCC(CCCCC2CCC3CCCCC23)CC1
C1CCC(C2CC3C(CCC4CC4)CCC3C3CCC4CCCCCC4C23)CC1
C1CCC2C(C1)CCC1CCCCC12
C(CCC1CCCC2CCCCC12)CC1CCCC2CCCCC12
C1CCC(CC2CCC3C(CC4CCCCC4)CCC3C2)CC1
C1CCC(CCCC2CCC3CCC(C4CCCC5CCCC54)CC3C2)CC1
C1CCC(CCC2CCC3C(CCC3C3CCCCC3)C2)CC1
C1CCC(C2CCCC3(CCC4CC5C(CCC5C5CCCCC5)CC43)C2)CC1
C1CCC(CCCCC2CCC3CCCCC23)CC1
C1CCC(C2CC3CCCC3C3CCC4CCCCC4CC23)CC1
C(CCC1CCCCC2CCCCC12)CC1CCC2CCCCC2C1
C1CCC(CCC2CCC3C(CCC3C3CCCCC3)C2)CC1
C1CCC2C(C1)CCC1C3CCCC3CCC21
C(CCCC1CCCCC1)CCCC1CCC(CC2CCCCC2)C1
C1CCC2CC(C3CCCC4CCCC43)CCC2C1
C1CCC2CC(CCCC3CCC4C3CCC3C5CCCCC5CCCC43)CC2C1
C1CCC2CC(CCCC3CCCC4C3CCC3C5CCCCC5CCC43)CCC2C1
C1CCC2C(C1)CCC1C3CCCC3CCC21
C1CCC(CCC2CCC3C(CCC3C3CCCCC3)C2)CC1
C1CCC(CCCCC2CC3CCCCC3C2)CC1
C1CCC2CC3CCC(C4CCCCC4)C3CC2CC1
C1CCC2CC(CC3CCCC4CCCC43)CCC2C1
C1CCC(C2CCC3CC4(CCCCCC4C4CCCCC4)CCC32)CC1
C1CCC2CC(C3CCCC4CCCC43)CCC2C1
C1CCC(CCCCCC2CC3CCCCC3C2)CC1
C1CCC2CC(CCCC3CCC4C3CCCC3C5CCCCC5CCC34)CCC2C1
C1CCC(C2CCC3CC4C(CCCC45CCCC5)CC32)CC1
C1CCC(CC2CC3CCCCC3C3CCC4CCCCC4C23)C1
C(CCC1CCCC2CCCC12)CC1CC2CCCCC2C1
C1CCC(CC2CCC3C(CCCCCC4CCC(C5CCCC5)C4)CCCC23)CC1
C1CC(CC2CCC(C3CC4CCCC4C4CCC5CCCCC5C34)CC2)C1
C1CCC(C2CC3CCCC3C3CCC4CCCCC4CC23)CC1
C1CCC2C(C1)CCCC2CC1CC2CCCCC2C2CCC3CCCCC3C12
C1CCC(CCC2CCC3C(CCC3C3CCCC3)C2)CC1
C(CCC1CCC2C1CCC1C3CCCCC3CCC21)CC1CCCC2CCCCC12
C1CCC(CCC2CCC3C(CCC4CC(C5CCCCC5)CCC43)C2)CC1
C1CCC2CC(C3CCCC4CCCC43)CCC2C1
C1CCC(CCC2CCC3C(CCC4CC(C5CCCCC5)CCC43)C2)CC1
C1CCC2CC(C3CCCC4CCCC43)CCC2C1
C1CCC(CCCCCC2CCCCC2)CC1
C1CCC(CCCCC2CC3CCCCC3C2)CC1
C1CCC2C(C1)CCC1C3CCCC3CCC21
C1CCC2CCC(C3CCCC4CCCC43)CC2CC1
C1CCC2C(C1)CCC1C3CCCC3CCC21
C1CCC(C2CCC3CC4C(CCC45CCCCCC5)CC32)CC1
C1CCC(CCCCC2CC3CCCCC3C2)CC1
C(CCC1CCCC2CCCCC12)CC1CCC2CCCCC2C1
C1CCC(C2CC3C(CCC34CCCC4)C3CCC4CCCCC4C23)CC1
C1CCC(CCC2CCCCC2)CC1
C1CCC(CC2CCC3C(CCC3C3CCCCC3)C2)CC1
C1CCC(C2CC3CCCC3C3CCC4CCCCC4C23)CC1
C(CC1CC2CCCCC2C1)CC1CCC2C(CCC3C4CCCCC4CCC23)C1
C1CCC(CCCC(CCC2CCC3CCCC3C2)CC2CCCCC2)CC1
C(CCC1CCC2CCCCC2C1)CCC1CCCC2CCCCC12
C1CCC(CCC(CCC2CCC3CCCC3C2)CC2CCCCC2)CC1
C1CCC(C2CCC3CC4C(CCCC45CCCC5)CC32)CC1
C1CCC(CCC2CCC(CCC3CCCC(CC4CCCC4)C3)CC2)CC1
C1CCC2CC(CCCC3CCCC4CCCCC43)CCCC2C1
C(CCCC1CCCC2C(C3CCCCC3)CCC12)CCC1CCCCC1
C1CCC2CC(C3CCCC4CCCC43)CCC2C1
C1CCC2CCC3C4CCCC4CCC3C2CC1
C1CCC(CCC2CCC(CCC3CCCC(CC4CCCC4)C3)CC2)CC1
C1CCC(C2CCC3CCC4C(CCC45CCCCC5)CC32)CC1
C1CCC(CCCCCC2CCC3CCCCC23)CC1
C1CCC2CCC3C4CCCC4CCC3C2CC1
C1CCC(CCCCC2CCC3CCCCC23)CC1
C1CCC(C2CCC3CCC4C(CCCC45CCCC5)CC32)CC1
C1CCC(CCCCCC2CC3CCCCC3C2)CC1
C1CCC(C2CCC(CCCCCC3CCCC4CCCCC34)C2)CC1
C1CCC2C(C1)CCCC1C3CCCC3CCC21
C1CCC(CC2CCC3CC4C(CCCC45CCCC5)CC23)CC1
C1CCC2CC(C3CCCC4CCCC43)CCC2C1
C1CCC(C2CC3CCCC3C3CCCC4CCCCC4C23)CC1
C1CCC(C2CCCC3C(CCC4CCCCC43)C2)CC1
C1CCC2CCC3C4CCCCC4CC(CC4CCCC5CCCCC54)C3C2CC1
C1CCC(CCCC(CC2CC3CCCCC3C2)C2CC2)CC1
C1CCC(CC2CCC(CC(CC3CCCCC3)C3CCCCC3)CC2)CC1
C1CCC(C2CC3C(CCC34CCCC4)C3CCC4CCCCC4C23)CC1
C1CCC(CC2CC3CCCCC3C3CCC4CCCCC4C23)C1
C(CCCCC1CCC(C2CCCCC2)C1)CCCC1CCCCC1
C1CCC2CC(CCCC3CCC4C3CCC3C5CCCCC5CCCC43)CC2C1
C1CCC(CC2CCCC2CC2CC3CCCCC3C3CCC4CCCCC4C23)CC1
C1CCC2C(C1)CCCC1C3CCCC3CCC21
C1CCC(CCC(CCC2CCC3CCCC3C2)CC2CCCCCC2)CC1
C1CCC2CC(CC3CCCC4CCCC43)CCC2C1
C1CCC(CCCCCC2CCCC3C(C4CCCCC4)CCC23)CC1
C1CCC(CCC2CCCC(CC3CC4CCCCC4C4CCC5CCCCC5C34)C2)CC1
C1CCC2C(C1)CCC1C3CCCC3CCC21
C1CCC2CCC3C4CCCCC4CC(CC4CCCC4)C3C2CC1
C1CCC(CCC2CCC3C(CCC3C3CCCCC3)C2)CC1
C1CCC(C2CCC3CC4C(CCC5C6CCC(CCCCC7CC8CCCCC8C7)C6CCC45)CC32)CC1
C1CCC(CCC2CCC(CC(CC3CCCCC3)C3CCCCC3)CC2)CC1
C1CCC(CCC2CCC(C3CCCC4C(C5CCCCC5)CCC34)C2)CC1
C1CCC(CCCCCC2CCCCC2)CC1
C1CCC(CCCCCC2CCCC3C(C4CCCCC4)CCC23)CC1
C(CCCC1CCCCC1)CCCC1CCC(C2CCCCC2)C1
C1CCC(C2CC3CCCCC3C3CCCCC23)CC1
C1CCC2CC(C3CCCC4CCCC43)CCC2C1
C1CCC(CCC2CCC3C(CCC3C3CCCCC3)C2)CC1
C1CCC2C(C1)CCC1C2CCC2C3CCCC3CC21
C1CCC(CCC2CCC3C(CCC3C3CCCCC3)C2)CC1
C1CCC(CCC2CCC(C3CCC4C(CC5CCCCC5)CCC4C3)CC2)CC1
C1CCC(C2CCC3CC4C(CCC32)CCC2C3CCC(CCCC5CC6CCCCC6C5)C3CCC42)CC1
C1CCC(CC2CCC3C(CCC3C3CCCCC3)C2)CC1
C1CCC2CCC3C4CCC(CCCC5CC6CCCCC6C5)C4CCC3C2CC1
C(CCCCC1CCC(C2CCCCC2)C1)CCCC1CCCCC1
C1CCC2CC(CCCC3CCC4C3CCC3C5CCCCC5CCCC43)CC2C1
C(CCCCC1CCC(C2CCCCC2)C1)CCCC1CCCCC1
C(CCCC1CCCCC1)CCCC1CCC(C2CCCCC2)C1
C1CCC2C(C1)CCC1C3CCCC3CCC21
C1CCC(C2CC3C(CCC34CCCC4)C3CCC4CCCCC4C23)CC1
C1CCC(C2CCC3CC4C(CCC5C6CCCC6CCC45)CC32)CC1
C(CCC1CCCC2CCCC12)CC1CC2CCCCC2C1
C1CCC2CCC3C4CCCCC4CC(CC4CCCC4)C3C2CC1
C1CCC(CCC2CCC3C2CCC2C4CCCCC4CCC32)C1
C1CCC(C2CC3C(CCC34CCCC4)C3CCC4CCCCC4C23)CC1
C1CCC(CCC2CCC3C(CCC4C5CCCCC5CC(CCC5CCCCC5)C34)C2)CC1
C1CCC(CCC2CCC3C(CCC3C3CCCCC3)C2)CC1
C(CCCC1CCCCC1)CCCC1CCC(C2CCCCC2)C1
C1CCC(CC2CC3CCCCC3C3CCC4CCCCC4C23)C1
C1CCC(CCCCCC2CCCC3C(CC4CCCCC4)CCC23)CC1
C1CCC(CC2CCC3CC4C(CCC5C6CCC(CCCC7CCC8CCCCC8C7)C6CCC45)CC23)CC1
C1CCC(CCC2CCC3C(CCC3C3CCCCC3)C2)CC1
C(CCCC1CCCC2C(C3CCCCC3)CCC12)CCC1CCCCC1
C1CCC(CCCCC2CC3CCCCC3C2)CC1
C1CCC(CCCC2CCCC(C3CCC4CC(CCC5CCC6CCCCC6C5)CCC43)C2)CC1
C1CCC(CCC2CCC3C(CC4CCCCC4)CCC3C2)CC1
C1CCC(C2CCC(CCCCC3CCC4C3CCC3C5CCCCC5CCC43)C2)CC1
C1CCC(C2CC3CCCC3C3CCC4CCCCCC4C23)CC1
C1CCC(CCC2CCCC3CC4C(CCC4C4CCCCC4)CC23)CC1
C1CCC2CC(C3CCCC4CCCC43)CCC2C1
C1CCC(C2CC3CCCC3C3CCCC4CCCCC4C23)CC1
C1CCC(C2CCC3CC4C(CCC5C6CCC(CCCC7CC8CCCCC8C7)C6CCC45)CC32)CC1
C1CCC(C2CCC3CCC4C(CC5CCC6CCCCC65)CCCC4CC32)CC1
C1CCC(CCC2(CCCCC3CC4CCCCC4C3)CCC3C4CCC5CCCCC5C4CCC32)C1
C1CCC(CCCC2CCC3C(CCC3C3CCCCC3)C2)CC1
C1CCC(C2CCC(C3CC4CCCC4C4CCC5CCCCC5C34)CC2)C1
C1CCC2CCC3C4CCCCC4CCC3C2CC1
C1CCC2C(C1)CCC1C3CCCCC3CCC21
C1CCC(CCCCCC2CC3CCCCC3C2)CC1
C1CCC(C2CC3CCCC3C3CCC4CCCCC4C23)CC1
C1CCC(C2CCC3CCCC3C3CCCC4CCCCC4C23)CC1
C(CC1CCC2CCCC2C1)CC1CCCC2CCC(C3CCCC4CCCC43)CC2C1
C1CCC2C(C1)CCC1C3CCCC3CCC21
C1CCC(CCCC2CCC3C2CCC2C4CCCCC4CCC32)CC1
C1CCC2CC(CC3CCCC4CCCC43)CCC2C1
C1CCC(C2CCC3CC4C(CCC45CCCCC5)CC32)CC1
C1CCC(CC2CC3CCCCC3C3CCC4CCCCC4C23)C1
C1CCC(CC2CCC3C(CCC3C3CCCCC3)C2)CC1
C1CCC(C2CCC3CC4C(CCC5C6CCC(CCCC7CCC8CCCCC8C7)C6CCC45)CC32)CC1
C1CCC(CCC2CCC3C(CCC3C3CCCCC3)C2)CC1
C1CCC(CCCCC2CC3CCCCC3C2)CC1
C1CCC(CCCC2CCC3CCC(CC4CCCC5CCCC54)CC3C2)CC1
C1CCC(CC2CCC3CC(C4CCC(CCC5CCCC5)CC4)CCC23)CC1
C1CCC2C(C1)CCC1C3CCCC3CCC21
C1CCC(CCCCCC2CCC3CCCCC23)CC1
C1CCC(C2CCC3CCCC3C3CCC4CCCCC4CC23)CC1
C1CCC(CCCCC2CC3CCCCC3C2)CC1
C1CCC2C(C1)CCC1CCCCC12
C1CCC(C2CCC3CC4C(CCC5C6CCC(CCCC7CC8CCCCC8C7)C6CCCC45)CC32)CC1
C1CCC(CCCCC2CC3CCCCC3C2)CC1
C1CCC(CCCC2CCC3CCCC3C2)CC1
C1CCC(CCC2CCC3C2CCC2C4CCCCC4CCC32)C1
C1CCC(CCC2CCC3C(CCC3C3CCCC(CCC4CCCC4)C3)C2)CC1
C1CCC(CCCCCC2CCC3CCCCC23)CC1
C1CCC2CCC(C3CCCC4CCCC43)CC2CC1
C1CCC(CCCCC2CC3CCCCC3C2)CC1
C1CCC2CC(C3CCCC4CCCC43)CCC2C1
C(CCCC1CCCC2C(C3CCCCC3)CCC12)CCC1CCCCC1
C1CCC(C2CC3CCCC3C3CCCC4CCCCC4C23)CC1
C(CCCC1CCCC2C(C3CCCCC3)CCC12)CCC1CCCCC1
C1CCC(C2CCC3CC4C(CCC32)CCC42CCCCC2)CC1
C1CCC(CCC2CCC3C(CCC3C3CCCCC3)C2)CC1
C1CCC2C(C1)CCC1CCCCC12
C1CCC2CCC(C3CCCC4CCCC43)CC2CC1
C(CCCC1CCCC2C(C3CCCCC3)CCC12)CCC1CCCCC1
C1CCC2CC(CCCC3CCC4C3CCC3C5CCCCC5CCC43)CC2C1
C1CCC(C2CCC3CC4C(CCC5CCCCCC54)CC32)CC1
C1CCC(CCCCC2CCC3CCCCC23)CC1
C1CCC(CCC2CCC3C(CCC3C3CCCCC3)C2)CC1
C(CCCC1CCCCC1)CCCC1CCC(C2CCCCC2)C1
C1CCC(C2CC3CCCC3C3CCC4CCCCC4C3C2)CC1
C1CCC(C2CC3C(CCC34CCCC4)C3CCC4CCCCC4C23)CC1
C1CCC(CCCCCC2CC3CCCCC3C2)CC1
C1CCC2CC(C3CCCC4CCCC43)CCC2C1
C1CCC(CCC2CCC3C(CCC3C3CCCCC3)C2)CC1
C1CCC(C2CCC3CC4C(CC5CCC6CCCCC65)CCCCC4CC32)CC1
C1CCC(CCC2CCCC3CC4C(CCC4C4CCCCC4)CC23)CC1
C1CCC(CCC2CCCC3CCC4C(CCC4C4CCCCC4)CC23)CC1
C1CCC2CCC(C3CCCC4CCCC43)CC2CC1
C1CCC2CC(CCCC3CCCC4C3CCC3C5CCCCC5CCC43)CC2C1
C1CCC(C2CC3C(CCC34CCCC4)C3CCCC4CCCCC4C23)CC1
C1CCC(CC2CCC3C(CCC3C3CCCCC3)C2)CC1
C1CCC2CCC3C(CCC4C3CCC4(CCCC3CC4CCCCC4C3)CCC3CCCC3)C2CC1
C1CCC2C(C1)CCC1CCCCC12
C1CCC(CCC2CCC3C(CC4CCCCC4)CCC3C2)CC1
C1CCC(CC2CC3CCCCC3C3CCC4CCCCCC4C23)CC1
C1CCC(C2(CCCCC3CCC4CCCCC4C3)CCCC3CCCCC32)CC1
C1CCC(CC2CC3CCCCC3C3CCC4CCCCC4C23)C1
C(CCCC1CCCCC1)CCCC1CCC(C2CCCCC2)C1
C1CCC(CCC2CCC(CCC3CCCCC(CC4CCCC4)C3)CC2)CC1
C1CCC2CC(CCCC3CCC4CC5CCC6CCCCC6C5CCC34)CC2C1
C1CCC(C2CC3CCCCC3C3CCC4CCCCC4C23)CC1
C1CCC2CCC(C3CCCC4CCCC43)CC2CC1
C1CCC2CC(C3CCCC4CCCC43)C3CCCC3C2CC1
C1CCC(CCC2CCC3C(CCC4C5CCCC5CC(CCC5CCCCC5)C34)C2)CC1
C1CCC(C2CCC3CC4C(CCC5C6CCC(CCCCC7CCC8CCCCC8C7)C6CCC45)CC32)CC1
C1CCC(C2CCC3CC4C(CCCC45CCCCC5)CC32)CC1
C1CCC(CC2CC3CCCCC3C3CCCCC23)CC1
C1CCC2CCC(C3CCCC4CCCC43)CC2CC1
C1CCC(C2CCC3CC4C(CCC5C6CCC(CCCCC7CC8CCCCC8C7)C6CCC45)CC32)CC1
C1CCC(CC2CCC3C(CCCCCC4CCC(C5CCCC5)C4)CCCC23)CC1
C1CCC2CC(C3CCCC4CCCC43)CCC2C1
C1CCC(C2CCC3CCCC3C3CCC4CCCCC4C23)CC1
C1CCC2C(C1)CCC1C3CCCC3CCC21
C1CCC(CC2CC3CCCCC3CC3CCC4CCCCC4C32)C1
C1CCC(CCCCC2CC3CCCCC3C2)CC1
C1CCC(C2CCC3CC4C(CCC5CC6CCC(CCCC7CC8CCCCC8C7)C6CCC54)CC32)CC1
C(CCC1CCC2C(CCC3C4CCCC4CCC23)C1)CC1CCC(C2CCC(C3CC4CCCC4C4CCC5CCCCC5C34)CC2)CC1
C1CCC(CCCCCC2CCC3CCCCC23)CC1
C1CCC(C2CCC(C3CC4CCCC4C4CCC5CCCCC5C34)CC2)CC1
C1CCC2CCC(C3CCCC4CCCC43)CC2CC1
C1CCC(C2CC3CCCC(C3)C3CCC4CCCCC4C32)CC1
C1CCC(C2CCC3CC4C(CCCC5C6CCCC6CCC45)CC32)CC1
C1CCC(C2CCC(C3CC4CCCCC4C4CCC5CCCCC5C34)CC2)C1
C1CCC(C2CCC3(CCCC4CC5C(CCC5C5CCCCC5)CC43)C2)CC1
C1CCC(CCCC2CCCC3CCC(C4CCCC5CCCC54)CC3C2)CC1
C1CCC2C(C1)CCC1C3CCCCC3CCCC21
C1CCC(C2CC3CCCC3C3CCC4CCCCC4C23)CC1
C1CCC(CCC2CCCC3CCC4C(CCC4C4CCCCC4)CC23)CC1
C1CCC2CC(C3CCCC4CCCC43)CCC2C1
C1CCC(CCC(CCC2CCC3CCCC3C2)CC2CCCCC2)CC1
C1CCC(C2CC3CCCC3C3CCC4CCCCC4C23)CC1
C1CCC(CCC2CCC(CCC3CCCC(CC4CCCC4)C3)CC2)CC1
C1CCC(CCCC2CCC(C3CC3)CC2)CC1
C1CCC(CCCC23CCCC2CC2C4CCC5CCCCC5C4CCC23)CC1
C1CCC(C2CC3CCCC3C3CCC4CCCCC4C23)CC1
C1CCC2CC3CCC4CCCC4C3CCC2C1
C1CCC2CCCCC2C(CCCCC2CCCC3CCCCC23)C1
C1CCC2C(C1)CCC1C2CCC2C3CCCC3CC21
C(CCC1CCC2C(CCC3C4CCCC4CCC23)C1)CC1CCC(C2CCC(C3CC4CCCC4C4CCC5CCCCC5C34)CC2)CC1
C1CCC(CCCCC2CCC3CCCCC23)CC1
C1CCC(CCCCCC2CCCC3C(C4CCCCC4)CCC23)CC1
C1CCC(CCCC2CCC(C3CCC4C(CCC4C4CCCCC4)C3)CC2)CC1
C1CCC(CCCCC2CCC3CCCCC23)CC1
C1CCC(C2CC3CCCC3C3CCC4CCCCC4CC23)CC1
C1CCC(C2CCC3CC4C(CCC5C6CCC(CCCC7CCC8CCCCC8C7)C6CCC45)CC32)CC1
C1CCC(CC2CCC3C(CCC3C3CCCCC3)C2)CC1
C1CCC(CCCCC2CC3CCCCC3C2)CC1
C1CCC2CCC(C3CCCC4CCCC43)CC2CC1
C1CCC2CC(CCCC3CCC4C3CCC3C5CCCCC5CCCC43)CC2C1
C1CCC(C2CC3CCCC3C3CCC4CCCCC4C23)CC1
C1CCC(C2CC3CCCC3C3CCC4CCCCCC4C23)CC1
C(CCC1CCCC2CCCCC12)CC1CC2CCCCC2C1
C1CCC(CC2CCCCC2CC2CC3CCCCC3C3CCC4CCCCC4C23)CC1
C1CCC(CCC2CCC3C(CCC4CC(C5CCCCC5)CCC43)C2)CC1
C1CCC(C2CC3CCCCC3C3CCCCC23)CC1
C1CCC2CCC3C4CCCC4CCC3C2CC1
C1CCC(C2CCC3CC4C(CCC45CCCCCC5)CC32)CC1
C(CCCCC1CCC(C2CCCCC2)C1)CCCC1CCCCC1
C1CCC(CCCCCC2CC3CCCCC3C2)CC1
C1CCC2CCC(C3CCCC4CCCC43)CC2CC1
C1CCC(CCCCC2CCC3C2CCC2C4CCCCCC4CCC32)CC1
C(CCCCC1CCC(C2CCCCC2)C1)CCCC1CCCCC1
C(CCCC1CCCC2C(C3CCCCC3)CCC12)CCC1CCCCC1
C1CCC(CCCCCC2CCCC3C2CCC3C2CCCC(CC3CCCC3)C2)CC1
C1CCC2CCC(C3CCCC3)CC2CC1
C1CCC2C(C1)CCC1CCCCC12
C1CCC(C2CCC3CCCC3C3CCC4CCCCC4C23)CC1
C1CCC(CCCCCC2CC3CCCCC3C2)CC1
C1CCC(CCC2CCC3C(CCC3C3CCCC(CCC4CCCCC4)C3)C2)CC1
C1CCC(CCCCC2CC3CCCCC3C2)CC1
C1CCC(CCCCCC2CC3CCCCC3C2)CC1
C1CCC(CCCC2CCC3C2CCC2C4CCC5CCC(C6CCCCC6)C5CC4CCC32)CC1
C(CCCC1CCCC2C(C3CCCCC3)CCC12)CCC1CCCCC1
C1CCC(CCCC2CCC3C(CCC3C3CCCCC3)C2)CC1
C(CCCCC1CCC(C2CCCCC2)C1)CCCC1CCCCC1
C1CCC(CCCCC2CC3CCCCC3C2)CC1
C1CCC(CCC2CCC3C(CCC3C3CCCCC3)C2)CC1
C1CCC(C2CC3C(CCC34CCCC4)C3CCC4CCCCCC4C23)CC1
C1CCC(CCC2CCC3C(CCC4CCC(C5CCCCC5)CCC43)C2)CC1
C1CCC2C(C1)CCC1CCCCC12
C1CCC2C(C1)CCC1C3CCCC3CCC21
C1CCC2CCC(C3CCCC4CCCC43)CC2CC1
C1CCC(CCCCCC2CC3CCCCC3C2)CC1
C1CCC(CCCCC2CC3CCCCC3C2)CC1
C1CCC2CCC(C3CCCC4CCCC43)CC2CC1
C1CCC(CC2CCCCC2CC2CC3CCCCC3CC3CCC4CCCCC4C32)CC1
C1CCC2CCC3C4CCC(CCCC5CC6CCCCC6C5)C4CCC3C2CC1
C1CCC(CCC2CCC3C(CCC3C3CCCCC3)C2)CC1
C1CCC(C2CC3CCCC3C3CCC4CCCCCC4C23)CC1
C1CCC(CC2CC3CCCCC3C3CCC4CCCCC4C3C2)C1
C1CCC2C(C1)CCCC1CCCCC12
C1CCC(C2CCC3CC4C(CCCC45CC(C4CCCCC4)C(C4CCCCC4)C5)CCC32)CC1
C1CCC(CCCCC2CC3CCCCC3C2)CC1
C1CCC2C(C1)CCC1CCCCC12
C1CCC(CCCCCC2CCCC3C(C4CCCCC4)CCC23)CC1
C1CCC(CC2CCCC(C3CCC4CC(CCC5CCC6CCCCC6C5)CCC43)C2)C1
C1CCC(CCCCCC2CCC3CCCCC23)CC1
C1CCC(C2CCC3CCC4C(CCCC45CCCC5)CC32)CC1
C1CCC(C2CC3CCCCC3C3CCCCC23)CC1
C1CCC(CCCCCC2CCC3C(CCC3C3CCCCC3)C2)CC1
C(CCC1CCC2C(CCC3C4CCCCC4CCC23)C1)CC1CCC(C2CCC(C3CC4CCCC4C4CCC5CCCCC5C34)CC2)CC1
C1CCC(C2CC3CCCC3C3CCC4CCCCC4C23)CC1
C1CCC2CC(C3CCCC4CCCC43)C3CCCC3C2CC1
C1CCC(C2CC3CCCC3C3CCC4CCCCC4C23)CC1
C1CCC(CCCCCC2CC3CCCCC3C2)CC1
C1CCC(C2CCC3C(CCCCCC4CCC(C5CCCC5)C4)CCCC23)CC1
C1CCC(CCCCC2CC3CCCCC3C2)CC1
C1CCC2CC(C3CCCC4CCCC43)CCC2C1
C1CCC(C2CCC(CCCCCC3CCCC4CCCCC34)C2)CC1
C1CCC(C2CCC3CC4C(CCC5CCC6CCCCC65)CCCC4CC32)CC1
C1CCC2CC(C3CCCC4CCCC43)CCC2C1
C1CCC2C(C1)CCC1C3CCCC3CCC21
C1CCC2C(C1)CCC1CCCCC12
C1CCC(CCCCC2CC3CCCCC3C2)CC1
C(CCCC1CCCC2C(C3CCCCC3)CCC12)CCC1CCCCC1
C1CCC(C2CCC3CC4C(CCC32)CCC2C3CCC(CCCC5CCC6CCCCC6C5)C3CCC42)CC1
C(CCC1CCCCC2CCCCC12)CC1CCC2CCCCC2C1
C1CCC(CCCCC2CC3CCCCC3C2)CC1
C1CCC(CC2CC3CCCCC3CC3CCC4CCCCC4C32)CC1
C1CCC2C(C1)CCC1C3CCCC3CCC21
C1CCC(C2CC3CCCC3C3CCC4CCCCC4CC23)CC1
C1CCC(CCC2CCCC3CC4C(CC5CCCCC5)CCC4CC23)CC1
C1CCC(C2CCC(C3CC4CCCC4C4CCC5CCCCC5C34)CC2)C1
C1CCC2CCC3C4CCCC4CCC3C2CC1
C1CCC2CC(CCCC3CCCC4CCCCC43)CC2C1
C1CCC2CCC3C4CCC(CCCC5CC6CCCCC6C5)C4CCC3C2CC1
C1CCC(CCC2CCC3C(CCC4CC(C5CCCCC5)CCCC43)C2)CC1
C(CCC1CCCC2CCCCC12)CC1CC2CCCCC2C1
C1CCC2CC3CCC(C4CCCCC4)C3CC2CC1
C1CCC2CCC3C4CCCC4CCC3C2CC1
C(CCCC1CCCCC1)CCCC1CCC(C2CCCCC2)C1
C1CCC2CCC(C3CCCC4CCCC43)CC2CC1
C(CCC1CCCC2CCCCC12)CC1CC2CCCCC2C1
C1CCC(C2CCC3CC4C(CC5CC6CCCCC6C5)CCCC4CC32)CC1
C1CCC(CCCCCC2CC3CCCCC3C2)CC1
C1CCC(CCC2CCC3C(CC4CCCCC4)CCC3C2)CC1
C1CCC(CCCC2CCCC3CCC(C4CCCC5CCCC54)CC23)CC1
C1CCC(CC2CCCC(CC3CC4CCCCC4C4CCC5CCCCCC5C34)C2)CC1
C1CCC(CCCCCC2CCCC3C(C4CCCCC4)CCC23)CC1
C1CCC(CCCCCC2CC3CCCCC3C2)CC1
C1CCC(CCCCCC2CCCC3CCCC23)CC1
C1CCC2CCC3C4CCCC4CCC3C2CC1
C1CCC(CC2CCC(CC(CC3CCCCC3)C3CCCCC3)CC2)CC1
C1CCC(CCC2CCC(CCC3CCCCC(CC4CCCC4)C3)CC2)CC1
C1CCC(C2CC3CCCC3C3CCC4CCCCCC4C23)CC1
C(CCCC1(C2CCCC2)CCCC2CCCCC21)CCC1CCC(C2CCCCC2)C1
C1CCC(CCCCC2CC3CCCCC3C2C2CCCCC2)CC1
C1CCC(CCC2CCC(CCCC3CCCC(CC4CCCC4)C3)CC2)CC1
C(CCCC1CCCC2C1CCC2C1CCCC(CC2CCCC2)C1)CCC1CCCCC1
C1CCC2CCC3C4CCCCC4CC(CC4CCCC4)C3C2CC1
C1CCC(CCC2CCC3C(CCC3C3CCCCC3)C2)CC1
C1CCC(C2CCC3CCCC3C3CCC4CCCCC4C23)CC1
C(CCC1CCC2C1CCC1C3CCCCC3CCC21)CC1CCCC2CCCCC12
C1CCC(C2CC3CCCC3C3CCC4CCCCC4C23)CC1
C(CCCC1CCCC2CCCCC12)CCC1CCC(C2CCCCC2)C1
C1CCC2CC(C3CCCC4CCCC43)CCC2C1
C1CCC(CCC(CC2CCCC2)CC2CC3CCCCC3C2)CC1
C1CCC(C2CC3CCCC3C3CCCC4CCCCC4C23)CC1
C1CCC(CCC2CCC(C3CCC4C(CCC4C4CCCCC4)C3)CC2)CC1
C1CCC2CCC3C4CCCC4CCC3C2CC1
C1CCC(C2CCC3CC4(CCCCC4C4CCCCC4)CCCC32)CC1
C1CCC2C(C1)CCC1C3CCCC3CCCC21
C1CCC(CCCCCC2CCC3CCCCC23)CC1
C1CCC(C2CCC3CC4C(CCCC45CCCC5)CC32)CC1
C1CCC(CCCCCC2CCC3CCCCC23)CC1
C(CCCC1CCCC2C(C3CCCCC3)CCC12)CCC1CCC(C2CCCC2)C1
C(CCC1CCC2CCC(C3CCCC4CCCC43)CC2C1)CC1CCC2CCCC2C1
C(CCCC1CCCCC1)CCCC1CCC(C2CCCCC2)C1
C1CCC(C2CC3CCCC3C3CCC4CCCCC4C23)CC1
C1CCC(CCC2CCC3C(CCC4C5CCCC5CCC34)C2)CC1
C(CCCC1CCCC2C(C3CCCCC3)CCC12)CCC1CCCCC1
C1CCC(C2CCC3C(CCC4CCCCC43)C2)CC1
C1CCC(C2CCC3CC4C(CCCC5C6CCC(CCCC7CCC8CCCCC8C7)C6CCC45)CC32)CC1
C1CC(C2CCC(C3CCC4CCCC4C4CCC5CCCCC5C34)CC2)C1
C1CCC2C(C1)CCC1C3CCCC3CCC21
C1CCC2C(C1)CCC1C3CCCC3CCCC21
C1CCC2CCC3C4CCC(CCCC5CC6CCCCC6C5)C4CCC3C2CC1
C1CCC(C2CCC3CC4C(CCCC45CCCCC5)CC32)CC1
C1CCC(CCC2CCC3C(CCC4C5CCCC5CCC34)C2)CC1
C(CCC1CCCC1)CCC1CCCC2CCCCC12
C1CCC(CCCCCC2CCC3CCCCC23)CC1
C1CCC(C2CCC3CC4C(CCCC45CCCC5)CC32)CC1
C1CCC(C2CC3CCCC3C3CCC4CCCCC4C23)CC1
C(CCCC1CCCC2CCCC12)CCC1CCCCC1
C1CCC2CC(CC3CCCC4CCCC43)CCC2C1
C1CCC(C2CCC3CC4C(CCCC5C6CCC(CCCC7CCC8CCCCC8C7)C6CCC45)CC32)CC1
C1CCC2C(C1)CCC1C3CCCC3CCCC21
C1CCC(C2CCC3C(CCCCCC4CC4)CCCC23)CC1
C1CCC(CCCCCC2CCC3CCCCC23)CC1
C1CCC(CC2CCC3C(CCC3C3CCCCC3)C2)CC1
C1CCC(C2CCC(CCCCCC3CCCC4CCCCC34)C2)CC1
C(CCC1CCC2C(CCC3C4CCCC4CCC23)C1)CC1CCC(CC2CCC(C3CC4CCCC4C4CCC5CCCCC5C34)CC2)CC1
C1CCC(CC2CCC(CC(CC3CCCCC3)C3CCCCC3)CC2)CC1
C1CCC2CC(CCCC3CCC4CC5CCC6CCCCC6C5CCC34)CC2C1
C1CCC2C(C1)CC(C1CCCC3CCCC31)C1CCCC21
C1CCC2C(C1)CCC1C3CCCC3CCCC21
C1CCC(C2CCC3CCCC3C3CCC4CCCCCC4C23)CC1
C1CCC2CC(C3CCCC4CCCC43)CCC2C1
C1CCC(CCCC2CCC3CCC(C4CCCC5CCCC54)CC3C2)CC1
C1CCC2CC(CCCC3CCC4C3CCCC3C5CCCCC5CCC34)CC2C1
C1CCC2C(C1)CCC1C3CCCC3CCC21
C1CCC(CC2CC3CCCCC3C3CCC4CCCCCC4C23)CC1
C1CCC(C2CCC3CC4CCCCC4CC32)CC1
C(CCC1CCC2CCCCC2C1)CCC1CCCC2CCCCC12
C1CCC2CC(C3CCCC4CCCC43)CCC2C1
C1CCC(CC2CCC3CC4C(CCC45CCC(C4CCCCC4)C5)CC23)CC1
C1CCC(CCC2CCC3C(CCC4C5CCCC5CCC34)C2)CC1
C1CCC(CC2CCC3CC4C(CCC45CCCC5)CC23)CC1
C1CCC(CC2CC3CCCCC3C2C2CCCCC2)CC1
C1CCC(C2CCC3CC4C(CCCCC45CCCC5)CC32)CC1
C1CCC(CCCCC2CCC3CCCCC23)CC1
C1CCC(C2CCC3CC4C(CCC45CCCCC5)CC32)CC1
C1CCC2CC(C3CCCC4CCCC43)CCC2C1
C1CCC(CCCCC2CC3CCCCC3C2)CC1
C1CCC(CCCCCC2CCC3C(CCC3C3CCCCC3)C2)CC1
C1CCC(CC(CC2CCCCC2)C2CCCCC2)CC1
C1CCC(CCCC2CCC3C(CCC4CCCCC43)C2)CC1
C1CCC(CCCCCC2CCC3CCCCC23)CC1
C1CCC2CCC3C4CCCC4CCC3C2CC1
C1CCC(CCCC2CCC3CCC(C4CCCC5CCCC54)CC3C2)CC1
C1CCC(C2CCC3C(CCC4CCCCC43)C2)CC1
C1CCC(CCCCC2CC3CCCCC3C2)CC1
C1CC2CCC3C(CCC4CCCCC43)CC2C1
C1CCC(C2CCC3C(CCC4CCCCC43)C2)CC1
C1CCC(C2CC3CCCC3C3CCC4CCCCC4C23)CC1
C1CCC(C2CCC3C(CCCC4CCCCC43)C2)CC1
C1CCC(CCC2CCC3C(CCC3C3CCCCC3)C2)CC1
C(CCC1CCCC2CCCCC12)CCC1CCCC2CCCCC12
C1CCC(C2CC3CCCCC3C3CCC(CCCC4CCCC4)CC23)CC1
C1CCC2CC(C3CCCC4CCCC43)CCC2C1
C1CCC(CC2CC3CCCCC3C3CCC4CCCCC4C23)C1
C1CCC(CCCC2CCCC3CCCCC32)C2CCCCC2C1
C1CCC(CCCCCC2CC3CCCCC3C2)CC1
C1CCC(CCCCC2CC3CCCCC3C2)CC1
C1CCC(CCCCCC2CCC3CCCCC3C2)CC1
C1CCC(CCCCC2CCC3CCCCC3C2)CC1
C(CCC1CCCC1)CCC1CCCC2CCCCC2C1
C1CCC(C2CCC3C(CCC4CCCCC43)C2)CC1
C1CCC(C2CCC3CC4C(CCC45CCCCC5)CC32)CC1
C1CCC(CCCCC2CC3CCCCC3C2)CC1
C1CCC2CCC3C4CCCC4CCC3C2CC1
C1CCC2CC(C3CCCC4CCCC43)CCC2C1
C(CCC1CCCC2CCCCC12)CC1CCCC2CCCCC12
C1CCC(C2CCC3CC4C(CCCC45CCCC5)CCC32)CC1
C1CCC(CCCCC2CCC3CCCCC23)CC1
C1CCC(C2CCC3CCCC3C3CCC4CCCCCC4C23)CC1
C1CCC(CCC2CCCC3CC4C(CCC23)CCC4C2CCCCC2)CC1
C1CCC(CCCCC2CC3CCCCC3C2)CC1
C1CCC(CC2CCC3C(CCC4CCCCC43)C2)CC1
C1CCC(C2CCC3CC4C(CCC32)CCC42CCCCC2)CC1
C1CCC(CCC2CCC3C(CCC3C3CCCCC3)C2)CC1
C1CCC(CC2CCC3C(CCCCCC4CCC(C5CCCC5)C4)CCCC23)CC1
C(CCC1CCC2C1CCC1C3CCCCC3CCC21)CC1CC2CCCCC2C1
C1CCC(C2CCC3C(CCCCCC4CCC(C5CCCC5)C4)CCCC23)CC1
C(CCC1CCCC2CCCC12)CC1CCCC2CCCCC12
C1CCC(CCC2CCC3C(CC4CCCCC4)CCC3C2)CC1
C(CCC1CCCC2CCCC12)CC1CC2CCCCC2C1
C1CCC(CCCCCC2CCCC3C(C4CCCCC4)CCC23)CC1
C1CCC2CC(CCCC3CCC4C3CCC3C5CCCCC5CCC43)CC2C1
C1CCC2CCC(C3CCCC4CCCC43)CC2CC1
C1CCC2CCC(C3CCCC3)CC2CC1
C(CCCC1CCCC2C(C3CCCCC3)CCC12)CCC1CCCCC1
C1CCC2CCC3CCCCC3C2CC1
C1CCC(CC2CCCCCCC23CCC2C(CCC2C2CCCCC2)C3)CC1
C1CCC2C(C1)CCCC1C3CCCC3CCC21
C1CCC(C2CC3CCCC3C3CCC4CCCCC4C23)CC1
C1CCC(CC2CC3CCCCC3C3CCC4CCCCCC4C23)CC1
C1CCC(CCCC2CCC3CCC(C4CCCC5CCCC54)CC3C2)CC1
C1CCC(C2CCC3CC4(CCCCCC4C4CCCCC4)CCC32)CC1
C1CCC2CC(C3CCCC4CCCC43)CCC2C1
C1CCC2CCC(C3CCCC4CCCC43)CC2CC1
C1CCC2CC(C3CCCC4CCCC43)C3CCCC3C2CC1
C1CCC2CCC3C4CCCC4CCC3C2CC1
C1CCC2C(C1)CCC1C3CCCCC3CCC21
C1CCC(C2CCC3CC(C4CCC(CCC5CCCC5)CC4)CCC32)CC1
C1CCC(C2CCC3C(CCC4CCCCC43)C2)C1
C1CCC2CCC3C4CCCCC4CC(CC4CCCC5CCCCC54)C3C2CC1
C1CCC(CCCCCC2CCC3CCCCC23)CC1
C1CCC(CC2CC3CCCCC3C3CCC4CCCCCC4C23)CC1
C1CCC(CCCCC2CC3CCCCC3C2)CC1
C1CCC(CCCCCC2CC3CCCCC3C2)CC1
C1CCC(C2CC3CCCC3C3CCCC4CCCCC4C23)CC1
C1CCC(CCCC2(CCC3CCCC3)CCC3C4CCCC5CCCCC5C4CCC32)CC1
C1CCC2CC(C3CCC4CCCCC43)CCC2C1
C1CCC(C2CC3CCCC3C3CCC4CCCCC4C23)CC1
C1CCC2CCC3C4CCC(CCCC5CCC6CCCCC6C5)C4CCC3C2CC1
C1CCC2CC(CCCC3CCC4C3CCC3C5CCCCC5CCC43)CC2C1
C1CCC(CCC2CCC3C(CCC3CC3CCCC(CC4CCCC4)C3)C2)CC1
C1CCC(CC2CCC3C(CCC3C3CCCCC3)C2)CC1
C1CCC(C2CCC(CCCCCC3CCCC4CCCCC34)C2)CC1
C1CCC2C(C1)CCC1C3CCCC3CCC21
C(CCCCC1CCC(C2CCCCC2)C1)CCCC1CCCCC1
C(CCCC1CCCCC1)CCCC1CCC(C2CCCCC2)C1
C(CCCC1CCCCC1)CCC1CCCCC1
C1CCC2C(C1)CCC1C3CCCCC3CCC21
C1CCC(CCCCCC2CC3CCCCC3C2)CC1
C(CCCC1CCCC2C(C3CCCCC3)CCC12)CCC1CCCCC1
C1CCC(CCC2CCC(C3CCC4C(CCC4C4CCCCC4)C3)CC2)CC1
C1CCC(CC2CC3CCCCC3CC3CCC4CCCCC4C32)C1
C1CCC(CCC2CCC3C(CCC4C5CCCC5CCC34)C2)CC1
C1CCC(CCC2CCC(CCCC3CCCC(CC4CCCC4)C3)CC2)CC1
C1CCC(CCC2CCC(CCC3CCCC(CC4CCCC4)CC3)CC2)CC1
C1CCC2CC(C3CCCC4CCCC43)CCC2C1
C1CCC(CCCCC2CCC3CCC(C4CCCC5CCCC54)CC3C2)CC1
C1CCC(C2CC3CCCC3C3CCC4CCCCCC4C23)CC1
C1CCC(C2CCC3CC4C(CCC5C6CCC(CCCC7CC8CCCCC8C7)C6CCC45)CC32)CC1
C1CCC(CCC2CCC(C3CCC4C(CCC4C4CCCCC4)C3)CC2)CC1
C(CCC1CCCC2CCCC12)CC1CC2CCCCC2C1
C1CCC(CCC2CCCCC3CCC(C4CCCC5CCCC54)CC23)CC1
C(CCCC1CCCC2CCCC12)CCC1CCC2CCCCC2C1
C1CCC(CCC2CCCCC3CC4C(CCC4C4CCCCC4)CC23)CC1
C1CCC(CCC2CCC3C(CCC3C3CCCCC3)C2)CC1
C1CCC(C2CCC3CCC4C(CC5CCC6CCCCC65)CCCC4CC32)CC1
C1CCC(CCCCCC2CC3CCCCC3C2)CC1
C1CCC(CCCCC2CC3CCCCC3C2)CC1
C1CCC(CCCC2CCC3CCCC3C2)CC1
C(CCCC1CCCC2CCCCC12)CCC1CCC(C2CCCCC2)C1
C(CCC1CCCC2CCCCC12)CC1CC2CCCCC2C1
C1CCC(CCC2(CCCC3CC4CCCCC4C3)CCC3C4CCC5CCCCC5C4CCC32)C1
C1CCC2CCC3C4CCC(CCCC5CCCC6CCCCC65)C4CCC3C2CC1
C1CCC2C(C1)CCCC1C3CCCC3CCC21
C1CCC(CCCCC2C3CCCCCC3CCC2C2CCCC3CCCC32)CC1
C1CCC2CC(CCCC3CCC4C3CCC3C5CCCCC5CCC43)CC2C1
C1CCC(CCCCC2C3CCCCCC3CCC2C2CCCC3CCCC32)CC1
C1CCC(CCC(CCC2CCC3CCCC3C2)CC2CCCCC2)CC1
C1CCC2C(C1)CCC1C3CCCC3CCC21
C1CCC(CCCC2CCC3C(CCC3C3CCCCC3)C2)CC1
C1CCC(CCCCCC2CCCC3C(CC4CCCCC4)CCC23)CC1
C1CCC(CC2CC3CCCCC3C3CCC4CCCCCC4C23)CC1
C1CCC(CCC2CCCCC2)CC1
C1CCC(CCCCC2CCC3CCCCC23)CC1
C(CCCC1CCCCC1)CCCC1CCC(C2CCCCC2)C1
C(CCCC1CCCC2C(C3CCCCC3)CCC12)CCC1CCCCC1
C1CCC(C2CCC3C(CCC4CCCCC43)C2)C1
C1CCC(CC2CCCC(C3CCC4CC(CCC5CCC6CCCCC6C5)CCC43)C2)C1
C1CCC(CC2CC3CCCCC3C3CCC4CCCCC4C23)CC1
C1CCC(C2CCC3CCCC3C3CCC4CCCCC4C23)CC1
C1CCC2C(C1)CCC1C3CCCC3CCC21
C1CCC2CCC3C4CCCC4CCC3C2CC1
C1CCC(C2CC3CCCC3C3CCC4CCCCCC4C23)CC1
C1CCC(C2CCC3CC4C(CCCC45CCCC5)CC32)CC1
C1CCC(CCCCC2CCCC3CCCC23)CC1
C1CCC(CCCCC2CC3CCCCC3C2)CC1
C1CCC(C2CCC3CCCC3C3CCC4CCCCC4C3C2)CC1
C1CCC2CCC3C4CCCCC4CC(CC4CCCC4)C3C2CC1
C1CCC(C2CC3CCCC3C3CCC4CCCCCC4C23)CC1
C1CCC2C(C1)CCC1C3CCCC3CCC21
C1CCC2CCC3C4CCCC4CCC3C2CC1
C(CCC1CCCC2CCCC12)CC1CC2CCCCC2C1
C1CCC2CCC3CCCCC3C2CC1
C1CCC(CCCCCC2CC3CCCCC3C2)CC1
C1CCC2CCC3C4CCCCC4CC(CC4CCCC4)C3C2CC1
C1CCC2CCC3C4CCCC4CCC3C2CC1
C1CCC(CC2CC3CCCCC3C3CCC4CCCCC4C23)CC1
C1CCC(C2CCC3CCCC3C3CCC4CCCCC4C23)CC1
C1CCC(C2CCC3(CCC4CC5C(CCC5C5CCCCC5)CC43)C2)CC1
C1CCC2CC(CCCC3CCC4C3CCC3C5CCCCC5CCCC43)CC2C1
C1CCC(CCCCCC2CCCC3C2CCC3C2CCCC(CC3CCC3)C2)CC1
C1CCC2C(C1)CCC1C3CCCC3CCCC21
C1CCC(CC2CC3CCCCC3C3CCC4CCCCCC4C23)CC1
C1CCC(CCCCCC2CCC3CCCCC23)CC1
C1CCC2CCC3C4CCCC4CCC3C2CC1
C1CCC2CCC(CCC3CCC4C(CCC4C4CCCC(CC5CCCC5)C4)C3)CC2CC1
C(CCCC1CCCC2CCCCC12)CCC1CCC(C2CCCC2)C1
C(CCCC1CCCC2C(C3CCCCC3)CCC12)CCC1CCCCC1
C1CCC(CC2CCC(CC(CC3CCCCC3)C3CCCCC3)CC2)CC1
C1CCC2CC(C3CCCC4CCCC43)CCC2C1
C1CCC(CCC2CCC3C(CCC4C5CCCC5CCC34)C2)CC1
C1CCC2CCC3C(CCC4C5CCCC5CC43)C2CC1
C(CCC1CCC2C1CCC1C3CCCCC3CCC21)CC1CC2CCCCC2C1
C1CCC2C(C1)CCC1C3CCCCC3CCC21
C1CCC(CCCCC2CC3CCCCC3C2)CC1
C1CCC(C2CC3CCCCC3CC3CCC(CCC4CCCC4)CC32)CC1
C1CCC2CCC3C4CCCC4CCC3C2CC1
C1CCC(C2CCC3CCC4C(CCCC45CCCC5)CC32)CC1
C1CCC2CC(CCCC3CCC4C3CCC3C5CCCCC5CCCC43)CC2C1
C1CCC2CC(C3CCCC4CCCC43)CCC2C1
C1CCC(C2CCC(CCCC3CCC4C3CCC3C5CCCCC5CCC43)C2)CC1
C1CCC(CCCCC2CC3CCCCC3C2)CC1
C1CCC(CCC2CCC3C(CCC3C3CCCCC3)C2)CC1
C1CCC(CCCCCC2CCCCC2)CC1
C1CCC2CC(C3CCCC4CCCC43)CCC2C1
C1CCC(CCC(CCC2CCC3CCCC3C2)CC2CCCCC2)CC1
C(CCC1CCCC1)CCC1CCCC2CCCCC12
C1CCC(C2CCC3C(CCC4CCCCC43)C2)CC1
C1CCC2CC(CCCC3CCC4C3CCC3C5CCCCC5CCC43)CC2C1
C1CC2CCC3C(CCC4CCCCC43)CC2C1
C1CCC2CCC3C4CCCC4CCC3C2CC1
C(CCC1CCCCC2CCCCC12)CC1CCC2CCCCC2C1
C1CCC(CCCCCC2CCCC3C(CC4CCCCC4)CCC23)CC1
C1CCC(CCC2CCC(CCC3CCCCC(CC4CCCC4)C3)CC2)CC1
C1CCC(CCCCC2CC3CCCCC3C2)CC1
C1CCC(CC2CCCCC2CC2CC3CCCCC3C3CCC4CCCCC4C23)CC1
C1CCC(C2CCC(CCCCCC3CCCC4CCCCC34)C2)CC1
C1CCC2CCC3C4CCCCC4CC(CC4CCCC4)C3C2CC1
C1CCC(C2CC3CCCC3C3CCC4CCCCCC4C23)CC1
C(CCCC1CCCC2C(C3CCCCC3)CCC12)CCC1CCCCC1
C(CCCC1CCCC2C(C3CCCCC3)CCC12)CCC1CCCCC1
C1CCC(CCC2CCCCC2)CC1
C1CCC2CCC3C4CCCC4CCC3C2CC1
C1CCC(C2CCC3CCCC3C3CCC4CCCCC4C23)CC1
C1CCC(C2CCC(CCCCCC3CCCC4C(C5CCCCC5)CCC34)C2)CC1
C1CCC(C2CCC3CCCCC3C3CCCCC23)CC1
C1CCC2CC(C3CCCC4CCCC43)CCC2C1
C1CCC(C2CC3CCCC3C3CCC4CCCCC4C23)CC1
C1CCC(CCCCCC2CCCC3C(C4CCCCC4)CCC23)CC1
C1CCC(C2CCC3C(CCCCCC4CCC4)CCCC23)CC1
C(CCCC1CCCCC1)CCCC1CCC(C2CCCCC2)C1
C1CCC(CC2CC3CCCCC3C3CCC4CCCCCC4C23)CC1
C(CCC1CCCC2CCCCC12)CC1CCCC2CCCCC12
C1CCC2CC(CC3CCCC4CCCC43)CCC2C1
C1CCC2CC(CCCC3CCC4C3CCC3C5CCCCC5CCC43)CCC2C1
C1CCC2CCC3C4CCCCC4CC(CC4CCCC4)C3C2CC1
C1CCC(CCCCC2CC3CCCCC3C2)CC1
C(CCCC1CCCC2C(C3CCCCC3)CCC12)CCC1CCCCC1
C1CCC(CC2CC3CCCCC3C3CCC4CCCCC4C23)C1
C1CCC(CCCCCC2CCC3CCCC3C2)CC1
C1CCC2CC(C3CCCC4CCCC43)CCC2C1
C1CCC2C(C1)CCCC2CCCC1CCCC2CCCCC21
C(CCC1CCCC1)CCC1CCCC2CCCCC12
C1CCC(C2CCC3C(CCCCCC4CCC(C5CCCC5)C4)CCCC23)CC1
C1CCC(CCCCCC2CCCC3C(C4CCCCC4)CCC23)CC1
C1CCC2CC(C3CCCC4CCCC43)CCC2C1
C(CCCC1CCCC2C(C3CCCCC3)CCC12)CCC1CCCCC1
C1CCC(C2CC3CCCC3C3CCC4CCCCC4C23)CC1
C1CCC(C2CCC3CC(C4CCC(CCC5CCCC5)CC4)CCC32)CC1
C1CCC(CCCCC2CCC3CCCCC23)CC1
C1CCC(C2CCC3C(CCCCCC4CC4)CCCC23)CC1
C1CCC(CC2CC3CCCCC3C3CCC4CCCCCC4C23)CC1
C1CCC(C2CCC3C(CCC4CCCCC43)C2)CC1
C1CCC2CCC(C3CCCC3)CC2CC1
C1CCC(CCC2CCC3C(CCC3C3CCCCC3)C2)CC1
C(CCCC1CCCCC1)CCCC1CCC(C2CCCCC2)C1
C1CCC(CCCCCC2CCCC3C(C4CCCCC4)CCC23)CC1
C1CCC2CC(C3CCCC4CCCC43)CCC2C1
C(CCCC1CCCCC1)CCC1CCCCC1
C1CCC(C2CC3C(CCCC34CCCC4)C3CCC4CCCCC4C23)CC1
C1CCC(C2CC3CCCC3C3CCC4CCCCC4C23)CC1
C1CCC(CCCCC2CC3CCCCC3C2)CC1
C1CCC2CC(C3CCCC4CCCC43)C3CCCC3C2CC1
C1CCC(CCC(CCC2CCC3CCCCC3C2)CC2CCCCC2)CC1
C(CCC1CCCC2CCCCC12)CC1CCC2CCCCC2C1
C(CCCC1CCCCC1)CCCC1CCC(C2CCCCC2)C1
C1CCC(CCC2CCC3C(CCC3C3CCCCC3)C2)CC1
C1CCC2CCC3C4CCCC4CCC3C2CC1
C(CCCC1CCCCC1)CCCC1CCC(C2CCCCC2)C1
C1CCC(CCC2CCC3C(CCC4C5CCCC5CC(CCC5CCCCC5)C34)C2)CC1
C1CCC(C2CCC3CC4C(CCC5C6CCCC(CCCC7CCCC8CCCCC87)C6CCC45)CC32)CC1
C1CCC(C2CC3CCCCC3C3CCC4CCCCC4C23)CC1
C1CCC(C2CCC3C(CCC34CCCC4)C3CCC4CCCCC4C23)CC1
C1CCC(C2CCC3C(CCCCCC4CCC(CC5CCCC5)C4)CCCC23)CC1
C1CCC(CC2CCC3C(CCC3C3CCCCC3)C2)CC1
C(CCCC1CCCC2C(C3CCCCC3)CCC12)CCC1CCCCC1
C1CCC2CCC(C3CCCC4CCCC43)CC2CC1
C1CCC(C2C3CCCCC3CC3CC4CCCC4CC32)CC1
C1CCC(CCCC2CCC3CCCC3C2)CC1
C1CCC(CCC(CCC2CC3CCCCC3C2)C2CC2)CC1
C1CCC(CCCC2(CCC3CCCC3)CCC3C4CCC5CCCCCC5C4CCC32)CC1
C1CCC2CCC3C4CCCC4CCC3C2CC1
C1CCC(CCC2CCC3C2CCC(C2CCCCC2)C2C4CCCCC4CCCC32)CC1
C1CCC2CCC(C3CCCC4CCCC43)CC2CC1
C(CCCC1CCCCC1)CCCC1CCC(C2CCCCC2)C1
C(CCCC1CCCCC1)CCCC1CCC(C2CCCCC2)C1
C1CCC(C2CCC3C(CCC3C3CCCCC3)C2)CC1
C1CCC2C(C1)CCC1C2CCC2C3CCCCC3CC21
C1CCC(CCCC2CC3CCCCC3C2C2CCCCC2)CC1
C1CCC(C2CC3C(CCC34CCCC4)C3CCC4CCCCC4C23)CC1
C1CCC(CCCC2CCC(CCC3CCCCC3)CC2)CC1
C1CCC2C(C1)CCC1C3CCCC3CCC21
C1CCC(C2CCC3CC4CCCCC4CC32)CC1
C(CCC1CCC2C(CCC3C4CCCC4CCCC23)C1)CC1CCC(C2CC3CCCC3C3CCC4CCCCC4C23)CC1
C(CCCC1CCCCC1)CCC1CCCCC1
C1CCC(C2CCC3CC4C(CCC5C6CCC(CCCC7CCC8CCCCC8C7)C6CCC45)CC32)CC1
C(CCC1CCCCC2CCCCC12)CC1CCC2CCCCC2C1
C1CCC(CCC2CCCCC3CC4C(CCC4C4CCCCC4)CC23)CC1
C(CCC1CCCC2CCCC12)CC1CC2CCCCC2C1
C1CCC(CCCCCC2CC3CCCCC3C2)CC1
C1CCC(C2CC3CCCC3C3CCC4CCCCCC4C23)CC1
C(CCCC1CCCCC1)CCCC1CCC(C2CCCCC2)C1
C1CCC2CCC3C4CCCCC4CC(CC4CCCC4)C3C2CC1
C1CCC(C2CC3CCCCC3C3CCCCC23)CC1
C1CCC2C(C1)CC(C1CCCC3CCCC31)C1CCCCC21
C(CCCC1CCCCC1)CCC1CCCCC1
C1CCC2CCC3C4CCCCC4CC(CC4CCCC4)C3C2CC1
C(CCC1CCC2C(CCC3C4CCCC4CCC23)C1)CC1CCC(C2CC3CCCC3C3CCCC4CCCCC4C23)CC1
C1CCC(C2CC3CCCC3C3CCC4CCCCC4C23)CC1
C(CCCCC1CCC(C2CCCCC2)C1)CCCC1CCCCC1
C1CCC(CCCCC2CCC3CCCCC23)CC1
C1CC2CCC3C(CCC4CCCCC43)CC2C1
C1CCC(CC2CCC3C(CCC3C3CCCCC3)C2)CC1
C(CCC1CCC2C1CCC1C3CCCCC3CCC21)CC1CC2CCCCC2C1
C1CCC(C2CCC3C(CCC4CCCCC43)C2)CC1
C1CCC2CC(C3CCCC4CCCC43)CCC2C1
C(CCCC1CCCC2C(C3CCCCC3)CCC12)CCC1CCCCC1
C1CCC(CCCCC2CC3CCCCC3C2)CC1
C1CCC(CCCCC2CCC3CCC(C4CCCC5CCCC54)CC3C2)CC1
C(CCC1CCC2CCCCC2C1)CCC1(C2CCCC2)CCCC2CCCCC21
C1CCC(C2CCC3CC4C(CCC45CCCC5)CC32)CC1
C1CCC(CC2CCC3C(CCC4CCCCC43)C2)CC1
C1CCC(CCCCCC2CC3CCCCC3C2)CC1
C1CCC(C2CC3CCCC3C3CCC4CCCCC4C23)CC1
C1CCC2CCC(C3CCCC4CCCC43)CC2CC1
C1CCC(CCCC(CC2CCC3C(CCC3C3CCCCC3)C2)C2CCCCC2)CC1
C1CCC(CCCCC2CCC3CCC(C4CCCC5CCCC54)CC3C2)CC1
C1CCC(C2CCC3CCCC3C3CCC4CCCCC4C23)CC1
C1CCC(CCCC2CCC3CCC(C4CCCC5CCCC54)CC3C2)CC1
C1CCC2CCC3C4CCCC4CC(C4CCC(CCCCC5CCC6C(CCC7C8CCCC8CCC67)C5)CC4)C3C2CC1
C1CCC(CCCCCC2CCCC3C(C4CCCCC4)CCC23)CC1
C1CCC2C(C1)CCC1CCCCC12
C1CCC2CC(C3CCCC4CCCC43)CCC2C1
C1CCC2CCC3C4CCCC4CCC3C2CC1
C1CCC(CC2CCC(CCCCCC3(C4CCCCC4)CCC3)C2)CC1
C1CCC(CC2CC3CCCCC3C3CCC4CCCCC4C23)CC1
C1CC2CCC3C(CCC4CCCCC43)CC2C1
C1CCC(CCC2CCC3C(CCC3C3CCCCC3)C2)CC1
C1CCC2CC(C3CCCC4CCCC43)CCC2C1
C1CCC(CCC2CCC3C(CCC3C3CCCCC3)C2)CC1
C1CCC(CCC(CC2CCCCC2)C2CCCCC2)CC1
C1CCC(C2CCC3CC4C(CCC5C6CCC(CCCC7CC8CCCCC8C7)C6CCC45)CC32)CC1
C1CCC(C2CCC3CC4C(CCCC5C6CCC(CCCC7CCC8CCCCC8C7)C6CCC45)CC32)CC1
C1CCC2CCC(C3CCCC3)CC2CC1
C1CCC(C2CC3CCCC3C3CCC4CCCCC4C23)CC1
C1CCC2CC(CC3CCCC4CCCC43)CCC2C1
C1CCC(CC2CCC(C3CC4CCCC4C4CCC5CCCCC5C4C3)CC2)CC1
C1CCC(C2CCC3CC4C(CCCC45CCCC5)CC32)CC1
C1CCC(CCC2CCC(CCC3CCCCC(CC4CCCC4)C3)CC2)CC1
C1CCC(C2CCC3CC4C5CCC6C(CCCC7CCC8CCCCC8C7)CCC6C(CCC4CC32)C5)CC1
C(CCCCC1CCC(C2CCCCC2)C1)CCCC1CCCCC1
C1CCC(CCCCC2CC3CCCCC3C2)CC1
C1CCC2CC(C3CCCC4CCCC43)CCC2C1
C1CCC(CCCC2CCC3CCCC3C2)CC1
C1CCC(C2CCC3C(CCC4CCCCC43)C2)CC1
C(CCC1CCC2C(CCC3C4CCCC4CCC23)C1)CC1CCC(C2CC3CCCC3C3CCC4CCCCC4C23)CC1
C1CCC2C(C1)CCC1C3CCCC3CCC21
C1CCC(C2CCC3CC4C(CCC45CCCC5)CC32)CC1
C1CCC2C(C1)CCC1C3CCCC3CCC21
C1CCC2C(C1)CC(C1CCCC3CCCC31)C1CCCC21
C1CCC(CCCCCC2CCCC3C(C4CCCCC4)CCC23)CC1
C(CCCC1CCCCC1)CCCC1CCC(CC2CCCCC2)C1
C1CCC(CCC2CCC3C(CCC3C3CCCCC3)C2)CC1
C1CCC(CCC2CCC(CCC3CCCC(CC4CCCC4)C3)CC2)CC1
C1CCC(CCC2CCC(CCC3CCCCC3)CC2)CC1
C1CCC(C2CC3CCCC3C3CCC4CCCCC4C23)CC1
C1CCC2CC(C3CCCC3)CCC2C1
C1CCC(C2CCC3C(CCC34CCCC4)C3CCC4CCCCCC4C23)CC1
C1CCC(CCC2CCC3C(CCC4C5CCCC5CC(CCC5CCCCC5)C34)C2)CC1
C1CCC(C2CCC3CC4(CCCCCC4C4CCCCC4)CCC32)CC1
C1CCC(CC2CCC3CC4C(CCC45CCCCC5)CC23)CC1
C1CCC(CCCC2CCC3C(CCC3C3CCCCC3)C2)CC1
C1CCC2CCC(C3CCCC4CCCC43)CC2CC1
C1CCC(C2CCC(C3CC4CCCCC4C4CCC5CCCCC5C34)CC2)C1
C1CCC(CCC2(CCCC3CC4CCCCC4C3)CCC3C4CCCC5CCCCC5C4CCC32)C1
C(CCCC1CCCC2C(C3CCCCC3)CCC12)CCC1CCCCC1
C1CCC2CCC3C4CCCC4CCC3C2CC1
C1CCC(C2CCC3CC4C(CCCC5CCC5)CCCC4CC32)CC1
C1CCC2CCC3C(CCC4C5CCCC5CC43)C2CC1
C1CCC(CCCCCC2CCC3CCCC3C2)CC1
C1CCC2CCC3C4CCCCC4CC(CC4CCCC4)C3C2CC1
C1CCC(C2CCC3CC4C(CCCC45CCCC5)CC32)CC1
C1CCC2CCCCC2C(CCCCC2CCCC3CCCCC23)C1
C1CCC(C2CCC(CC3CC4CCCCC4C4CCC5CCCCCC5C34)CC2)CC1
C1CCC(CCC2CCC(CCC3CCCC(CC4CCCC4)C3)CC2)CC1
C1CCC(C2CC3CCCCC3CC3CCCCC32)CC1
C1CCC(CCCCC2CC3CCCCC3C2)CC1
C(CCCCCCC1CCC2C1CCC1C3CCCCCC3CCC21)CCCCCC1CCC(CCC2CCC(CCC3CCCC3)C2)C1
C1CCC(CCCCCC2CCC3CCCCC23)CC1
C1CCC(C2CCC3CC4C(CCCC4CC4CC5CCCCC5C4)CCC32)CC1
C1CCC(CCCC23CCCC2CC2C4CCC5CCCCC5C4CCC23)C1
C1CCC(C2CC3CCCC3C3CCC4CCCCC4C23)CC1
C1CC2CCCC2C(CC2CC3CCCCC3C3CCCC23)C1
C1CCC2CC(C3CCCC4CCCC43)CCC2C1
C1CCC2CCC3C4CCCC4CCC3C2CC1
C1CCC(CCCCC2CC3CCCCC3C2)CC1
C1CCC(CCCCCC2CC3CCCCC3C2)CC1
C1CCC(CCCCCC2CCC3CCCCC23)CC1
C1CCC(CCCC(CC2CC3CCCCC3C2)C2CC2)CC1
C1CCC(CCCCC2CCC3CCCCC23)CC1
C1CCC2CCC(C3CCCC4CCCC43)CC2CC1
C1CCC(CCCCC2CC3CCCCC3C2)CC1
C(CCCCC1CCC(C2CCCCC2)C1)CCCC1CCCCC1
C1CCC(CCCCCC2CCC3CCCCC23)CC1
C1CCC2CC(CC3CCCC4CCCC43)CCC2C1
C1CCC(C2CCC3CC4C(CCC45CCCC5)CC32)CC1
C1CCC(CC2CC3CCCCC3C3CCC4CCCCC4C23)CC1
C1CCC(CCCCCC2CC3CCCCC3C2)CC1
C1CCC(CC2CCCCCCC23CCC2C(CCC2C2CCCCC2)C3)CC1
C1CCC(CCCCCC2CCC3CCCCC23)CC1
C1CCC(C2CCC3CC4C(CCCC45CCCCC5)CC32)CC1
C(CCCC1CCCCC1)CCCC1CCC(C2CCCCC2)C1
C1CCC(C2CCC(CCCCCC3CCCC4CCCCC34)C2)CC1
C1CCC(C2CC3CCCC3C3CCC4CCCCC4C23)CC1
C1CCC(C2CCC3CCCC3C3CCC4CCCCCC4C23)CC1
C(CCC1CCC2C(CCC3C4CCCC4CCC23)C1)CC1CCC(C2CC3CCCC3C3CCC4CCCCC4C23)CC1
C1CCC(C2CCC3CC4C(CCCCC45CCCC5)CC32)CC1
C1CCC2C(C1)CCC1C2CCC2C3CCCC3CC21
C1CCC(CCC2CCC3C(CCC3C3CCCCC3)C2)CC1
C1CCC(CCC2CCC3C(CCC3C3CCCCC3)C2)CC1
C1CCC2CCC(C3CCCC4CCCC43)CC2CC1
C1CCC(C2CCC3CC4C(CCCC4CC4CC5CCCCC5C4)CCC32)CC1
C1CCC(C2CC3CCCC3C3CCC4CCCCC4C23)CC1
C1CCC(C2CC3CCCC3C3CCC4CCCCC4C23)CC1
C1CCC(CC2CC3CCCCC3C3CCC4CCCCC4C23)C1
C1CCC(CCCCC2CC3CCCCC3C2)CC1
C(CCC1CCCC2CCCCC12)CC1CC2CCCCC2C1
C1CCC(CCC2CCC3C(CC4CCCCC4)CCC3C2)CC1
C1CCC(CCC2CCC3C(CC4CCCCC4)CCC3C2)CC1
C1CCC(CCCCC2CC3CCCCC3C2)CC1
C1CCC(CCC2CCCC3CC4C(CCC4C4CCCCC4)CC23)CC1
C1CCC(CCCCCC2CCCC3C(C4CCCCC4)CCC23)CC1
C1CCC(CCCCC2CC3CCCCC3C2)CC1
C1CCC(CC2CC3CCCCC3C3CCC4CCCCCC4C23)CC1
C1CCC(CCC2CCC(CCC3CCCC(CC4CCCC4)C3)CC2)CC1
C1CCC2C(C1)CCCC2CCCC1CCC2C1CCC1C3CCCCC3CCCC21
C1CCC2C(C1)CCC1C3CCCC3CCC21
C1CCC(CCC2CCC(CCC3CCCCC3)CC2)CC1
C1CCC(C2CC3CCCC3CC3CCC4CCCCC4C32)CC1
C1CCC(C2CCC3CCC4CCCCC4CC32)CC1
C1CCC(C2CC3CCCC3C3CCC4CCCCC4C3C2)CC1
C1CCC(CCCCCC2CC3CCCCC3C2)CC1
C1CCC(CCC2CCC(C3CCC3)CC2)CC1
C1CCC(C2CC3CCCC3C3CCC4CCCCCC4C23)CC1
C1CCC2CC(CCCC3CCC4C3CCC3C5CCCCC5CCC43)CC2C1
C1CCC(C2CCC3C(CCCCCC4CC4)CCCC23)CC1
C1CCC(CC2CC3CCCCC3CC3CCC4CCCCC4C32)CC1
C1CCC2CCC3C4CCCC4CCC3C2CC1
C1CCC2CCCCC2C(CCCCC2CCCC3CCCCC23)C1
C1CCC(CCC2CCC3C(CCC4C5CCCCC5CC(CCC5CCCCC5)C34)C2)CC1
C1CCC(C2CCC3CC4CCCCC4CC32)CC1
C1CCC(CC23CCCCC2CCC2C4CCCC4CCC23)CC1
C1CCC(CCCC2CCC(CCC3CCCC(CC4CCCC4)C3)CC2)CC1
C1CCC(C2CCC3(CCC4CCC5C(CCC5C5CCCCC5)CC43)C2)CC1
C1CCC(CCC2CCC(CCC3CCCC(CC4CCCC4)C3)CC2)CC1
C1CCCC(CCCC2CCC3CCC(C4CCCC5CCCC54)CC3C2)CC1
C1CCC2C(C1)CCC1C3CCCC3CCC21
C1CCC(CCCCC2CCC3CCCCC23)CC1
C1CCC2CC(CC3CCCC4CCCC43)CCC2C1
C1CCC2CCC(C3CCCC4CCCC43)CC2CC1
C1CCC(CCCCC2CCC3CCCCC23)CC1
C1CCC(CC2CCC3C(CCCCCC4CCC(C5CCCC5)C4)CCCC23)CC1
C1CCC(C2CCC3CC4C(CCCC45CC(C4CCCCC4)C(C4CCCCC4)C5)CCC32)CC1
C1CCC(CCCCC2CC3CCCCC3C2)CC1
C(CCCC1CCCCC1)CCCC1CCC(C2CCCCC2)C1
C1CCC(CCC2CCC3C(CCC3C3CCCCC3)C2)CC1
C(CCC1CCCC2CCCC12)CC1CC2CCCCC2C1
C1CCC2CC(CCCC3CCC4C3CCC3C5CCCCC5CCC43)CC2C1
C1CCC(CCC2CCC(C3CC3)CC2)CC1
C1CCC(C2CC3CCCC3C3CCCC4CCCCC4C23)CC1
C1CCC2C(C1)CCC1C3CCCC3CCC21
C(CCC1CCCC2CCCCC12)CC1CCC2CCCCC2C1
C1CCC2C(C1)CCC1C3CCCCC3CCC21
C1CCC(C2CCC3CCC4C(CCC5C6CCC(CCCC7CC8CCCCC8C7)C6CCC45)CC32)CC1
C(CCC1CCCC2CCCCC12)CC1CCC2CCCCC2C1
C(CCC1CCC2C1CCC1C3CCCCC3CCC21)CC1CC2CCCCC2C1
C1CCC(C2CC3C(CCC34CCCC4)C3CCC4CCCCC4C23)CC1
C1CCC2CCC(C3CCCC4CCCC43)CC2CC1
C1CCC(CCC2CCC(CCCC3CCCC(CC4CCCC4)C3)CC2)CC1
C1CCC(CCCCC2CCC3CCCCC23)CC1
C1CCC2CC(CCCC3CCCC4CCCCC43)CC2C1
C1CCC2C(C1)CCC1C2CCC2C3CCCC3CCC21
C1CCC(CC(CC2CCCCC2)C2CCCCC2)CC1
C1CCC(C2CCC(CCCCCC3CCCCC4CCCCC34)C2)CC1
C1CCC2CCC(C3CCCC4CCCC43)CC2CC1
C1CCC(CCCCC2CCCC3CCCC23)CC1
C1CCC(CC2CCC3C(CCC3C3CCCCC3)C2)CC1
C(CCC1CCC2CCCCC2C1)CCC1CCCC2CCCCC12
C1CCC2C(C1)CCCC1CCCCC12
C(CCCC1CCCCC1)CCCC1CCC(C2CCCCC2)C1
C1CCC2CCC3C(CCC4C3CCC4(CCCC3CCCC3)CCC3CCCC3)C2CC1
C1CCC2CCC(C3CCCC4CCCC43)CC2CC1
C1CCC(C2CCC3CC4C(CCCC45CCCC5)CC32)CC1
C1CCC(CCC2CCC3C(CCCC4C5CCCC5CCC34)C2)CC1
C1CCC(C2CCC3C(CCC4CCCCC43)C2)CC1
C1CCC(C2CC3CCCCC3C3CCC4CCCCC4C23)CC1
C1CCC(CCC2CCC3C(CCC3C3CCCCC3)C2)CC1
C1CCC(CCCC2CC3CCCCC3C2CC2CCCCC2)CC1
C1CCC(CCCCCC2CCCC3C(C4CCCCC4)CCC23)CC1
C1CCC2CC(C3CCCC4CCCC43)CCC2C1
C1CCC2CC(CCCC3CCC4C3CCC3C5CCCCC5CCCC43)CC2C1
C(CCC1CCCC2CCCCC12)CC1CCCC2CCCCC12
C1CCC(CC2CCCCCC23CCC2CCC(C4CCCCC4)C2CC3)CC1
C1CCC(CCCC2CCC3CCC(C4CCCC5CCCC54)CC3C2)CC1
C1CCC(CCCCCC2CC3CCCCC3C2)CC1
C1CCC(CCCCC2CC3CCCCC3C2)CC1
C1CCC2CC(C3CCCC4CCCC43)CCC2C1
C1CCC(CCCCCC2CCCC3C(CC4CCCCC4)CCC23)CC1
C1CCC2CCC3C4CCCCC4CC(CC4CCCC4)C3C2CC1
C(CCCC1CCCCC1)CCCC1CCC(C2CCCCC2)C1
C1CCC2C(C1)CCC1CCCCC12
C1CCC(CCC2CCC3C(CC4CCCCC4)CCC3C2)CC1
C1CCC(CCC2CCC3C(CCC3C3CCCCC3)C2)CC1
C1CCC(CCC2CCC3C(CCC4CCCCCC43)C2)CC1
C1CCC2C(C1)CCC1C3CCCC3CCC21
C1CCC(CCC2CCC3C(CCC3C3CCCCC3)C2)CC1
C(CCCC1CCCCC1)CCCC1CCC(C2CCCCC2)C1
C1CCC(CCCCC2CC3CCCCC3C2)CC1
C1CCC(CCC2CCC3C(CCC3C3CCCCC3)C2)CC1
C1CCC(C2CC3CCCCC3C3CCC4CCCCC4C23)CC1
C(CCCC1CCCC2C(C3CCCCC3)CCC12)CCC1CCCCC1
C1CCC(C2CC3CCCC3C3CCC4CCCCC4CC23)CC1
C1CCC2CC(C3CCCC4CCCC43)CCC2C1
C1CCC(C2CCC3CCCC3C3CCC4CCCCC4C23)CC1
C1CCC(CCC2CCC(C3CCCC4C(C5CCCCC5)CCC34)C2)CC1
C1CCC(C2CC3CCCC3C3CCC4CCCCC4C23)CC1
C(CCCC1CCCCC1)CCCC1CCC(C2CCCCC2)C1
C1CCC(CCC2CCCCC2)CC1
C1CCC(CC(CC2CCCCC2)C2CCCCC2)CC1
C1CCC(CCCCCC2CC3CCCCC3C2)CC1
C(CCCC1CCCC2C(C3CCCCC3)CCC12)CCC1CCCCC1
C1CCC(CCCCC2CCC3CCCCC23)CC1
C1CCC2CC(C3CCCC4CCCC43)C3CCCC3C2CC1
C1CCC2C(C1)CC(C1CCCC1)C1CCCCC21
C1CCC(CC2CC3CCCCC3C2C2CCCCC2)CC1
C1CCC(CCC2CCC3C(CC4CCCCC4)CCC3C2)CC1
C(CCCC1CCCC2C(C3CCCCC3)CCC12)CCC1CCCCC1
C1CCC(CC2CC3CCCCC3C3CCC4CCCCCC4C23)CC1
C1CCC2CCC(C3CCCC4CCCC43)CC2CC1
C1CCC(CCC2CCC3C(CCC3C3CCCCC3)C2)CC1
C1CCC(C2CC3CCCCC3C3CCCCC23)CC1
C1CC2CCC3C(CCC4CCCCC43)CC2C1
C1CCC(CCC2(CCCC3CC4CCCCC4C3)CCC3C4CCC5CCCCC5C4CCC32)C1
C1CCC(CCCCCC2CC3CCCCC3C2)CC1
C1CCC(CCCCC2CC3CCCCC3C2)CC1
C1CCC(CCCCCC2CCCC3C(CC4CCCCC4)CCC23)CC1
C(CCCC1CCCC2CCCCC12)CCC1CCC(C2CCCCC2)C1
C1CCC(CCCCC2CCC3CCC(C4CCCC5CCCC54)CC3C2)CC1
C1CCC(CC2CCC3CC4C(CC5CCC6CCCCC65)CCCC4CC23)CC1
C1CCC(CCC2(CCCC3CC4CCCCC4C3)CCC3C4CCC5CCCCC5C4CCC32)C1
C(CCC1CCCC2CCCC12)CC1CC2CCCCC2C1
C1CCC(CCCCCC2CCC3CCCCC23)CC1
C1CCC(C2CCCC3C(CCC4CCCCC43)C2)CC1
C1CCC2CCC3C4CCCC4CC(C4CCC(C5CCC(CCCCC6CCC7C(CCC8C9CCCC9CCC78)C6)CC5)CC4)C3C2CC1
C1CCC(CCCCC2CCC3CCCCC23)CC1
C1CCC(CCC2(CCCC3CC4CCCCC4C3)CCCC3C4CCC5CCCCC5C4CCC32)C1
C1CCC(C2CCC3CC4C(CCC45CCCCCC5)CC32)CC1
C1CCC(CCCCC2CC3CCCCC3C2)CC1
C1CCC(CC2CC3CCCCC3C2CC2CCCCC2)CC1
C1CCC(C2CCC(CCCCCC3(C4CCCCC4)CCC3)C2)CC1
C1CCC2C(C1)CCC1C3CCCC3CCC21
C1CCC(CCCCC2CC3CCCCC3C2)CC1
C1CCC(CCC(CCCC2CCC3CCCC3C2)CC2CCCCC2)CC1
C1CCC2CCC(C3CCCC4CCCC43)CC2CC1
C(CCC1CCCC2CCCCC12)CC1CCCC2CCCCC2C1
C1CCC(C2CC3CCCC3C3CCC4CCCCC4C23)CC1
C1CCC(CCCCCC2CC3CCCCC3C2)CC1
C(CCCC1CCCC2C(C3CCCCC3)CCC12)CCC1CCCCC1
C1CCC(CCC2CCC(C3CCC4C(CCC4C4CCCCC4)C3)CC2)CC1
C1CCC(CC2CCC(CC(CC3CCCCC3)C3CCCCC3)CC2)CC1
C1CCC2C(C1)CCCC1C2CCC2C3CCCC3CC21
C1CCC(C2CC3CCCC3C3CCC4CCCCC4C23)CC1
C1CCC(CC2CC3CCCCC3C3CCC4CCCCC4C23)CC1
C1CCC(CCC2(CCCC3CC4CCCCC4C3)CCC3C4CCC5CCCCC5C4CCC32)C1
C(CCCC1CCCC2C(C3CCCCC3)CCC12)CCC1CCCCC1
C1CCC2C(C1)CCC1CCCCC12
C1CCC2CC(C3CCCC4CCCC43)CCC2C1
C1CCC(CCC(CC2CCC3C(CCC3C3CCCCC3)C2)C2CCCCC2)CC1
C1CCC(C2CC3CCCC3C3CCC4CCCCCC4C23)CC1
C1CCC(CCCCC2CCC3CCCCC23)CC1
C(CCC1CCCC2CCCC12)CC1CC2CCCCC2C1
C1CCC2CCC(C3CCCC4CCCC43)CC2CC1
C(CCC1CCCCC2CCCCC12)CC1CCC2CCCCC2C1
C1CCC(CCCCCC2CCC3CCCCC3C2)CC1
C1CCC(CCCCC2CC3CCCCC3C2)CC1
C1CCC(CCCCC2CC3CCCCC3C2)CC1
C1CCC(CCCC2CCC3C2CCC2C4CC5CCC(CC6CCCCC6)C5CC4CCC32)CC1
C1CCC(CCCCCC2CC3CCCCC3C2)CC1
C1CCC(C2CCC3CC4(CCCCCCC4C4CCCCC4)CCC32)CC1
C1CCC2CCC(C3CCCC4CCCC43)CC2CC1
C1CCC2CCC3C4CCCC4CCC3C2CC1
C1CCC2CCC3C(CCC4C3CCC4(CCCC3CC4CCCCC4C3)CCC3CCCC3)C2CC1
C1CCC(CCCC2CCC3C2CCC2C4CCCCC4CCC32)C1
C(CCCC1CCCC2C(C3CCCCC3)CCC12)CCC1CCCCC1
C1CCC(CC2CC3CCCCC3C3CCC4CCCCC4C3C2)CC1
C1CCC2CCC3C(CCC4C3CCC4(CCCC3CCCC3)CCC3CCCC3)C2CC1
C1CCC(CCCCCC2CCC3CCCCC23)CC1
C1CCC2CCC3C4CCC(CCCC5CC6CCCCC6C5)C4CCC3C2CC1
C1CCC2C(C1)CCC1CCCCC12
C1CCC(C2CC3CCCCC3C3CCC4CCCCC4C23)CC1
C1CCC(C2CCC3CC4C(CCCC45CCCCC5)CC32)CC1
C1CCC(CCC2CCCC3CC4C(CCC23)CCC4C2CCCCC2)CC1
C1CCC(C2CCC3C(CCC4CCCCC43)C2)C1
C1CCC(C2CCC3C(CCC3C3CCCCC3)C2)CC1
C1CCC(C2CCC3CC4C(CCC32)CCC42CCCC2)CC1
C1CCC2CC(C1)CCC1C2CCC2C(CCCC3CC4CCCCC4C3)CCC21
C(CCC1CCCC2CCCC12)CC1CC2CCCCC2C1
C(CCCC1CCC2C(CCC2C2CCCCC2)C1)CCC1CCCCC1
C1CCC(CCCCC2CCC3CCCCC23)CC1
C1CCC2CCC3CCCCC3C2CC1
C1CCC(C2CCC3CC4C(CCC45CCCC5)CC32)CC1
C1CCC(C2CCC(CCCCCC3(C4CCCCC4)CCCC3)C2)CC1
C1CCC(CCCCC2CCC3CCCCC3C2)C2CCCCC2CC1
C1CCC(CCCC2CCC3C2CCC(C2CCCCC2)C2C4CCCCC4CCC32)CC1
C1CCC(CCCCC2CCC3CCCCC23)CC1
C(CCC1CCCC2CCCC12)CC1CC2CCCCC2C1
C1CCC(C2CCC3CC4C(CCC5C6CCCC(CCCC7CC8CCCCC8C7)C6CCC45)CC32)CC1
C(CCCC1CCCC2C(C3CCCCC3)CCC12)CCC1CCC(C2CCCC2)C1
C1CCC(C2CCC3CC4C(CCCC5C6CCC(CCCC7CCC8CCCCC8C7)C6CCC45)CC32)CC1
C1CCC(CCC2CCC(CCC3CCCC(CC4CCCC4)C3)CC2)CC1
C1CCC2CCC(C3CCCC4CCCC43)CC2CC1
C1CCC2CCC3C4CCCC4CCC3C2CC1
C1CCC(CCC2CCC(CC(CC3CCCCC3)C3CCCCC3)CC2)CC1
C1CCC(CCCCCC2CC3CCCCC3C2)CC1
C1CCC(CCC2CC3CCCCC3C3CCC4CCCCC4C23)CC1
C1CCC(C2(CCCCC3CCC4CCCCC4C3)CCCC3CCCCC32)CC1
C1CCC(CCCCC2CC3CCCCC3C2)CC1
C1CCC(CCCCC2CCC3C2CCC2C4CCCCC4CCC32)CC1
C(CCC1CCCC2CCCCC12)CC1CCC2CCCCC2C1
C1CCC(C2CC3CCCCC3C3CCCCC23)CC1
C1CCC2CC(CCCC3CCCC4C3CCC3C5CCCCC5CCC43)CC2C1
C1CCC(C2CC3C(CCC34CCCC4)C3CCCC4CCCCC4C23)CC1
C1CCC2C(C1)CCC1C3CCCC3CCC21
C(CCC1CCCC2CCCCC12)CCC1CCCC2CCCCC12
C(CC1CCC2CCCC2C1)CC1CCC2CCC(C3CCCC4CCCC43)CC2C1
C1CCC(CCCCC2CCC3C2CCC2C4CCCCC4CCCC32)CC1
C(CCCC1CCCCC1)CCCC1CCC(C2CCCCC2)C1
C1CCC(C2CC3CCCC3C3CCC4CCCCCC4C23)CC1
C1CCC(CCC2CCC(C3CCC4C(CCC4C4CCCCC4)C3)CC2)CC1
C(CCC1CCC2CCCCC2C1)CCC1CCCC2CCCCC12
C(CCC1CCCC2CCCCC12)CC1CCC2CCCCC2C1
C1CCC(CC2CCC3C(CCC3C3CCCCC3)C2)CC1
C1CCC(C2CCC(CCCCCC3CCCC4C(C5CCCCC5)CCC34)C2)CC1
C(CCC1CCC2C(CCC3C4CCCC4CCC23)C1)CC1CCC(C2CC3CCCC3C3CCCC4CCCCC4C23)CC1
C1CCC(CCCC2CCC3C(CCC4C5CCCC5CC(CCC5CCCCC5)C34)C2)CC1
C1CCC(C2CC3CCCC3C3CCC4CCCCC4CC23)CC1
C1CCC2CC3CCC(C4CCCCC4)C3CC2CC1
C1CCC2CC(CC3CCCC4CCCC43)CCC2C1
C1CCC(CCCCCC2CCCC3C(C4CCCCC4)CCC23)CC1
C1CCC(CCCCC2CC3CCCCC3C2)CC1
C1CCC(CCC2CCC3C(CCC3C3CCCCC3)C2)CC1
C1CCC2CCCCC2C(CCCCC2CCCC3CCCCC23)C1
C1CCC2CCC(C3CCCC4CCCC43)CC2CC1
C1CCC2CCC(C3CCCC4CCCC43)CC2CC1
C(CCC1CC2CCCCC2C1)CCC1CCCC2CCCC12
C1CCC(CCCCC2CCC3CCC(C4CCCC5CCCC54)CC3C2)CC1
C1CCC(CCCC(CCC2CCC3CCCC3C2)CC2CCCCC2)CC1
C(CCC1CCCC2CCCCC12)CC1CC2CCCCC2C1
C1CCC(CCCCCC2CCCC3C(C4CCCCC4)CCC23)CC1
C1CCC(C2CCC3CC4(CCCCC4C4CCCCC4)CCCC32)CC1
C1CCC(CC2CCC3C(CCC4CCCCC43)C2)CC1
C1CCC(CCCCC2CCC3CCC(C4CCCC5CCCC54)CC3C2)CC1
C(CCCC1CCCC2CCCCC12)CCC1CCC(C2CCCCC2)C1
C(CCC1CCCC2CCCCC12)CC1CCC2CCCCC2C1
C1CCC(C2CC3CCCC3C3CCC4CCCCC4CC23)CC1
C1CCC(CC2CCC3C(CCC3C3CCCCC3)C2)CC1
C1CCC(CCCCCC2CC3CCCCC3C2)CC1
C1CCC(C2CCC3CC4C(CCCCC45CCCC5)CC32)CC1
C1CCC(C2CC3CCCC3C3CCC4CCCCC4CC23)CC1
C1CCC2CC(C3CCCC4CCCC43)C3CCCC3C2CC1
C1CCC2CC(C3CCCC4CCCC43)C3CCCC3C2CC1
C1CCC(CC2CCC(CC(CC3CCCCC3)C3CCCCC3)CC2)CC1
C1CCC(CC2CCC3CC4C(CCC5C6CCC(CCCC7CC8CCCCC8C7)C6CCC45)CC23)CC1
C1CCC(CC2CC3CCCCC3C3CCC4CCCCC4C23)CC1
C1CCC(CCCCCC2CCC3CCCCC23)CC1
C1CCC(CCCCCC2CCC3CCCCC23)CC1
C1CCC(CCCCCC2CC3CCCCC3C2)CC1
C1CCC2CCC(C3CCCC4CCCC43)CC2CC1
C1CCC(CCC2CCC3C(CCC3C3CCCCC3)C2)CC1
C1CCC(CCC2CCC3C(CCC3C3CCCCC3)C2)CC1
C1CCC(CCCCC2CC3CCCCC3C2)CC1
C1CCC(C2CCC(CCCCCC3CCCC4CCCCC34)C2)CC1
C1CCC2CC(C3CCCC4CCCC43)CCC2C1
C1CCC(CCCCC2CC3CCCCC3C2)CC1
C1CCC(CCC2CCC(CCC3CCCCC(CC4CCCC4)C3)CC2)CC1
C1CCC(CCCCCC2CCC3CCCCC23)CC1
C1CCC2C(C1)CCC1C3CCCCC3CCC21
C1CCC(CCC2CCC3C(CCC3C3CCCCC3)C2)CC1
C1CCC(C2CCC3CCC4C(CCC45CCCC5)CC32)CC1
C1CCC(CC23CCCCC2CCC2C(CCC4CCCC42)C3)CC1
C1CCC(CCC2CCC3C(CCC4C5CCCC5CCC34)C2)CC1
C1CCC(CCCCC2CC3CCCCC3C2)CC1
C1CCC(C2CC3CCCC3C3CCC4CCCCC4C23)CC1
C1CCC(CCC2CCCCC2)CC1
C1CCC(CCCCCC2CCCC3C2CCC3C2CCC(CC3CC3)CC2)CC1
C1CCC2CC(C3CCCC4CCCC43)CCC2C1
C1CCC(CCCC2CC3CCCC3C3CCC4CC(CCC5CCCCC5)CCC4C23)CC1
C1CCC2C(C1)CCCC1CCCCC12
C1CCC(CCCCCC2CC3CCCCC3C2)CC1
C1CCC2C(C1)CCCC2CCCC1CCC2C1CCCC1C3CCCCC3CCC12
C1CCC(CC2CCCC(CC3CC4CCCCC4C4CCC5CCCCC5C34)C2)CC1
C1CCC(CCCCCC2CCCC3C2CCC3C2CCC(CC3CCC3)CC2)CC1
C1CCC2CC(C3CCCC4CCCC43)CCC2C1
C1CCC(CC(CC2CCCCC2)C2CCCCC2)CC1
C1CCC(CC2CCC3C(CCC3C3CCCCC3)C2)CC1
C1CCC(CCCCC2CC3CCCCC3C2)CC1
C1CCC2CCC(C3CCCC4CCCC43)CC2CC1
C1CCC2CC(C3CCCC4CCCC43)CCC2C1
C1CCC(CCCCC2CC3CCCCC3C2)CC1
C1CCC(CCC2CCC(CCCC3CCCC(CC4CCCC4)C3)CC2)CC1
C1CCC(CC2CCC(C3CC4CCCC4C4CCC5CCCCC5C34)CC2)C1
C1CCC(CC2CCC3C(CCC3C3CCCCC3)C2)CC1
C1CCC(CC2CC3CCCCC3C3CCC4CCCCCC4C23)CC1
C1CCC(CC2CCCCCC23CCC2CCC(C4CCCCC4)C2CC3)CC1
C(CCC1CCCC2CCCC12)CC1CC2CCCCC2C1
C1CCC(CCCCC2CCC3CCCCC23)CC1
C1CCC(CCCC2CCCCC2)CC1
C1CCC(CC2CC3CCCCC3C3CCC4CCCCC4C23)CC1
C1CCC(CCCCC2CCC3CCCCC23)CC1
C(CCC1CCCC2CCCCC12)CC1CC2CCCCC2C1
C1CCC(C2CC3CCCCC3C3CCCCC23)CC1
C1CCC(CCC(CCC2CCC3CCCC3C2)CC2CCCCC2)CC1
C(CCC1CCCC2CCCCC12)CC1CC2CCCCC2C1
C1CCC(CCC2CCCC3CCC4C(CCC4C4CCCCC4)CC23)CC1
C1CCC(C2CCC3CCC4(CCCCC4)CC3C2)CC1
C1CCC(CCCC2CCC(C3CCCC4C(C5CCCCC5)CCC34)C2)CC1
C(CCC1CCCC1)CCC1CCCC2CCCCC12
C1CCC(CCC(CC2CC3CCCCC3C2)C2CC2)CC1
C(CCC1CCCC2CCCCC12)CC1CC2CCCCC2C1
C1CCC(C2CCC3CC4C(CCCC45CCCC5)CC32)CC1
C1CCC(CC2CCC3C(CCC3C3CCCCC3)C2)CC1
C1CCC(CCCCC2CC3CCCCC3C2)CC1
C1CCC2CC(CCCC3CCCC4CCCCC43)CC2C1
C1CCC(C2CC3CCCC3C3CCC4CCCCC4C23)CC1
C(CCCC1CCCCC1)CCCC1CCC(C2CCCCC2)C1
C1CCC(CCCCC2CCC3CCCCC23)CC1
C(CCC1CCCCC2CCCCC12)CC1CCC2CCCCC2C1
C1CCC(CCCC2CCC(C3CCC4C(CCC4C4CCCCC4)C3)CC2)CC1
C1CCC(CC2CC3CCCC3C3CCC4CCCCC4C23)CC1
C(CCC1CCCC2CCCCC12)CC1CCC2CCCCC2C1
C1CCC(CCCC2CCC(C3CCCC4C(C5CCCCC5)CCC34)C2)CC1
C1CCC(C2CC3CCCC3C3CCC4CCCCC4C23)CC1
C(CCCC1CCCC2C(C3CCCCC3)CCC12)CCC1CC1
C1CCC2CC(CCCC3CCCC4CCCCC43)CC2C1
C1CCC(CCCCCC2CCC3CCCCC23)CC1
C1CCC2C(C1)CCC1C3CCCC3CCCC21
C1CCC(C2CC3CCCC3C3CCCC4CCCCC4C23)CC1
C1CCC(C2CCC3C(CCC4CCCCC43)C2)CC1
C1CCC2C(C1)CCC1C3CCCC3CCC21
C1CCC2CC(C3CCCC4CCCC43)CCC2C1
C1CCC2CCC(C3CCCC4CCCC43)CC2CC1
C1CCC(CCCC2CCCC(C3CCC4CC(CCC5CCC6CCCCC6C5)CCC43)C2)CC1
C1CCC(CC2CC3CCCCC3C3CCC4CCCCCC4C23)CC1
C1CCC2CC(CC3CCCC4CCCC43)CCC2C1
C1CCC(CCC2CCC(C3CCCC4C(C5CCCCC5)CCC34)C2)CC1
C1CCC(CCCCC2CC3CCCCC3C2)CC1
C1CCC2C(C1)CCC1CCCCC12
C(CCC1CCCC2CCCCC12)CC1CC2CCCCC2C1
C1CCC2C(C1)CCC1CCCCC12
C(CCC1CCCC2CCCCC12)CC1CCC2CCCCC2C1
C1CCC2CC(C3CCCC3)CCC2C1
C1CCC2C(C1)CCC1C3CCCC3CCC21
C1CCC(CC2CCCC(C3CCC4CC(CCCC5CCC6CCCCC6C5)CCC43)C2)C1
C1CCC2CCC(CCC3CCC4C(CCC4C4CCCC(CC5CCCC5)C4)C3)CC2CC1
C1CCC2CCC3C4CCC(CCCC5CCCC5)C4CCC3C2CC1
C1CCC(CCC2CCC3C(CCC3C3CCCCC3)C2)CC1
C1CCC(CCCCC2CC3CCCCC3C2)CC1
C1CCC(C2CC3CCCC3C3CCC4CCCCC4CC23)CC1
C1CCC(CCCCC2CC3CCCCC3C2)CC1
C1CCC(C2CCC3CC4C(CCC5C6CCC(CCCCC7CCC8CCCCC8C7)C6CCC45)CC32)CC1
C1CCC(C2CCC3CC4C(CCCC4CC4CCC5CCCCC54)CCC32)CC1
C1CCC2CC(CCCC3CCC4C3CCC3C5CCCCC5CCC43)CC2C1
C1CCC(CCC2CCC3C(CCC3C3CCCCC3)C2)CC1
C1CCC(C2CCC3CC4C(CCC45CCCCCC5)CC32)CC1
C1CCC2CCC3C4CCC(CCCC5CCC6CCCCC6C5)C4CCC3C2CC1
C1CCC(CCC2CCC3C(CCC3C3CCCCC3)C2)CC1
C1CCC(CC2CC3CCCCC3C3CCC4CCCCC4C23)CC1
C1CCC(CCCC2CCC3CCC(C4CCCC5CCCC54)CC3C2)CC1
C(CCCC1CCC2C(CCC2C2CCCCC2)C1)CCC1CCCCC1
C1CCC(C2CC3CCCC3C3CCC4CCCCC4C23)CC1
C1CCC(C2CCC3CC4C(CCC45CCCC5)CC32)CC1
C1CCC(C2CCC3CC4C(CCC32)CCC42CCCC2)CC1
C1CCC(CC2CC3CCCCC3C3CCC4CCCCC4C23)CC1
C1CCC(C2CC3C(CCC4CC4)CCC3C3CCC4CCCCC4C23)CC1
C1CCC(CCCC(CCC2CCC3CCCC3C2)CC2CCCCC2)CC1
C1CCC2CC(CCCC3CCCC4C3CCC3C5CCCCC5CCC43)CC2C1
C1CCC(CC2CC3CCCCC3CC3CCC4CCCCC4C32)C1
C1CCC2CC(C3CCCC4CCCC43)CCC2C1
C1CCC(CCCC2CCC3C(CCC4C5CCCC5CCC34)C2)CC1
C1CCC(C2CCC3CC4C(CCC5C6CCC(CCCC7CCC8CCCCC8C7)C6CCC45)CC32)CC1
C1CCC(CCC2CCC3C(CCC3C3CCCCC3)C2)CC1
C1CCC(CCC2CCC3C(CCC3C3CCCC(CCC4CCCC4)C3)C2)CC1
C1CCC(CCC2CCC3C(CCC3C3CCCCC3)C2)CC1
C1CCC(C2CCC3CCC4C(CCC45CCCC5)CC32)CC1
C1CCC(CCCC2(CCC3CCCC3)CCC3C4CCC5CCCCC5C4CCCC32)CC1
C(CCCC1CCCCC1)CCC1CCCCC1
C1CCC(C2CC3CCCCC3C3CCC4CCCCC4C23)CC1
C(CCC1CCC2CCCCC2C1)CCC1CCCC2CCCCC12
C1CCC2C(C1)CC(C1CCCC1)C1CCCCC21
C1CCC(CCCC2CC3CCCC3C3CCC4CC(CCC5CCCCC5)CCC4C23)CC1
C1CCC2C(C1)CCC1C3CCCCC3CCC21
C1CCC(C2CCC3CC4C(CCC5C6CCC(CCCC7CCCC8CCCCC87)C6CCC45)CC32)CC1
C1CCC(CCCCC2CC3CCCCC3C2)CC1
C1CCC(CCCCCC2CC3CCCCC3C2)CC1
C1CCC(CCC2CCC3C(CCC3C3CCCCC3)C2)CC1
C1CCC(CCC2CCC3C(CCC3C3CCCCC3)C2)CC1
C1CCC(C2CCC(CCCCCC3CCCCC4CCCCC34)C2)CC1
C1CCC2CC(C3CCCC4CCCC43)CCC2C1
C1CCC2CC(C3CCCC4CCCC43)CCC2C1
C1CCC2CCC3C(CCC4C3CCC4(CCCC3CC4CCCCC4C3)CCC3CCCC3)C2CC1
C1CCC(CCCC2CCC3CCC(C4CCCC5CCCC54)CC3CC2)CC1
C1CCC(CCC2CCC(CCC3CCCC(CC4CCCC4)C3)CC2)CC1
C1CCC(CCCCC2CC3CCCCC3C2)CC1
C1CCC(CCC(CCC2CCC3CCCCC3C2)CC2CCCCC2)CC1
C1CCC2CCC(C3CCCC3)CC2CC1
C1CCC(CC(CC2CCCCC2)C2CCCCC2)CC1
C1CCC2C(C1)CCCC1C3CCCC3CCC21
C1CCC2C(C1)CCC1C2CCC2C3CCCC3CC21
C1CCC2CC(C3CCCC4CCCC43)CCC2C1
C1CCC(CCCCC2CC3CCCCC3C2)CC1
C(CCCC1CCCCC1)CCCC1CCC(C2CCCCC2)C1
C1CCC(C2CC3CCCC3C3CCC4CCCCC4C23)CC1
C(CCC1CCC2CCCCC2C1)CC1CCCCC2CCCCC2C1
C1CCC(CCCCC2CC3CCCCC3C2)CC1
C(CCC1CCCC2CCCCC12)CCC1CCCC2CCCCC12
C1CCC2CCC3C4CCCC4CCC3C2CC1
C1CCC2C(C1)CCCC1C3CCCC3CCC21
C1CCC(CCCC(CC2CC3CCCCC3C2)C2CCCC2)CC1
C1CCC(CC2CC3CCCCC3C3CCC4CCCCCC4C23)CC1
C1CCC(CCCCCC2CCCC3C(C4CCCCC4)CCC23)CC1
C1CCC2C(C1)CCC1C3CCCC3CCC21
C1CCC(CCCCC2CCC3CCCCC23)CC1
C1CCC(CCCC2CCC3CCC(C4CCCC5CCCC54)CC3C2)CC1
C1CCC(CCCCC2CC3CCCCC3C2)CC1
C1CCC2CC(CCCC3CCC4C3CCC3C5CCCCC5CCC43)CC2C1
C1CCC(CCCCC2CCC3C2CCC2C4CCCCC4CCC32)C1
C1CCC(CCCC2CCCCC3CCC(C4CCCC5CCCC54)CC23)CC1
C1CCC(CC2CC3CCCCC3C3CCC4CCCCC4C23)CC1
C1CCC(C2CCC3CC4C(CCC32)CCC42CCCCC2)CC1
C1CCC(CCCC2CCC3C(CCC3C3CCCC(CC4CCCC4)C3)C2)CC1
C1CCC(CCC2CCC3C(CCC4C5CCCCC5CC(CCC5CCCCC5)C34)C2)CC1
C1CCC(C2CCC3CCC4CCCCC4C3CC2)C1
C1CCC2CCC3C4CCC(CCCC5CCC6CCCCC6C5)C4CCC3C2CC1
C1CCC(CCC2CCC3C2CCCC(C2CCCCC2)C2C4CCCCC4CCC32)CC1
C1CCC(CCC2CCC3C(CC4CCCCC4)CCC3C2)CC1
C1CCC(CCCC(CCC2CCC3CCCC3C2)CC2CCCCC2)CC1
C1CCC2CCC(C3CCCC4CCCC43)CC2CC1
C(CCC1CCC2C(CCC3C4CCCC4CCC23)C1)CC1CCC(CC2CC3CCCC3C3CCC4CCCCC4C23)CC1
C1CCC(CCCCCC2CC3CCCCC3C2)CC1
C1CCC(CCCCC2CC3CCCCC3C2)CC1
C(CCCCC1CCC(C2CCCCC2)C1)CCCC1CCCCC1
C1CCC2CC(C3CCCC4CCCC43)CCC2C1
C(CCC1CCCC2CCCC12)CC1CC2CCCCC2C1
C1CCC(CC2CC3CCCCC3C3CCC4CCCCC4C23)CC1
C1CCC2CC3CCC4CCCC4C3CCC2C1
C(CCC1CCCC2CCCCC12)CC1CC2CCCCC2C1
C1CCC2CC(CCCC3CCC4C3CCC3C5CCCCC5CCCC43)CCC2C1
C1CCC(CCC2CCC(CCC3CCCCC(CC4CCCC4)C3)CC2)CC1
C1CCC(CC2CCC(CC(CC3CCCCC3)C3CCCCC3)CC2)CC1
C(CCCC1CCCC2C(C3CCCCC3)CCC12)CCC1CCCCC1
C1CCC(CCCCC2CC3CCCCC3C2)CC1
C1CCC2C(C1)CCC1C3CCCCC3CCC21
C1CCC2CC(CCCC3CCC4C3CCCC3C5CCCCC5CCC34)CC2C1
C1CCC(CCCC2CCCC3CCC(C4CCCC5CCCC54)CC3C2)CC1
C1CCC(CCCCCC2CCCC3C(C4CCCCC4)CCC23)CC1
C1CCC(CCCCCC2CCC3CCCCC23)CC1
C1CCC(CCCCCC2CCCC3C(C4CCCCC4)CCC23)CC1
C1CCC(C2CC3CCCC3CC3CCC4CCCCC4C32)CC1
C1CCC(CCCCCC2CCC3CCCCC23)CC1
C1CCC(CCCCCC2CCCCC2)CC1
C1CCC(CCC2CCC3C(CCC4C5CCCC5CCC34)C2)CC1
C1CCC(CCC2CCC(CCC3CCCCC3)CC2)CC1
C1CCC2C(C1)CCC1C3CCCC3CCC21
C1CCC(CCCCC2CC3CCCCC3C2)CC1
C1CCC2C(C1)CCC1C3CCCC3CCC21
C1CCC(CCCC2CCC3C(CCC3C3CCCCC3)C2)CC1
C1CCC2CC(CCCC3CCCC4CCCCC43)CC2C1
C1CCC(CCC2CCC3C(CCC4C5CCCC5CC(CCC5CCCCC5)CC34)C2)CC1
C1CCC2CCC3C4CCCC4CCC3C2CC1
C1CCC(C2CCC3(CCC4CC5C(CCC5C5CCCCC5)CCC43)C2)CC1
C1CCC2CCC3C4CCCCC4CC(CC4CCCC4)C3C2CC1
C1CCC(CCC2CCC3C2CCC2C4CCCCC4CCC32)C1
C1CCC2CC(CCCC3CCCCC4CCCCC43)CC2C1
C1CCC(CCC2CCC3C(CCC3C3CCCCC3)C2)CC1
C1CCC(CCCCCC2CCCC3C(C4CCCCC4)CCC23)CC1
C1CCC2CCC(C3CCCC4CCCC43)CC2CC1
C1CCC(CCC2CCC3C(CCC4C5CCCC5CC(CCC5CCCCC5)C34)C2)CC1
C1CCC(CCCCCC2CC3CCCCC3C2)CC1
C1CCC(CCCCC2CC3CCCCC3C2)CC1
C(CCCC1CCCC2C(C3CCCCC3)CCC12)CCC1CCCCC1
C1CCC(C2CCC3CC4C(CCC32)CCC2C3CCCC3CCC42)CC1
C1CCC(CCCC2CCC3CCCC3C2)CC1
C1CCC2C(C1)CCC1C2CCC2C3CCCC3CCC21
C1CCC(CC2CCCCC2CC2CC3CCCCC3C3CCC4CCCCCC4C23)CC1
C1CCC(CCC2CCC3C(CCCC4C5CCCC5CCC34)C2)CC1
C1CCC(CC2CCC3CCCCC3C2)C1
C1CCC(CCCCCC2CC3CCCCC3C2)CC1
C1CCC(C2CC3CCCC3C3CCC4CCCCCC4C23)CC1
C1CCC(CCCC(CCC2CCC3CCCC3C2)CC2CCCCC2)CC1
C1CCC2C(C1)CCC1C3CCCC3CCC21
C1CCC(C2CCC3CC4C(CCC5C6CCC(CCCCC7CC8CCCCC8C7)C6CCC45)CC32)CC1
C1CCC(CC23CCCCC2CCC2C4CCCC4CCCC23)CC1
C1CCC(CCCCC2CC3CCCCC3C2)CC1
C1CCC(CCCCCC2CCCC3C(C4CCCCC4)CCC23)CC1
C1CCC(CCC2CCC3C(CCC3C3CCCCC3)C2)CC1
C1CCC(C2CCC3CC4C(CCCCC45CC(C4CCCCC4)C(C4CCCCC4)C5)CC32)CC1
C(CCCC1CCCC2CCCC12)CCC1CCC2CCCCC2C1
C1CCC(CCCC2CCC(CCC3CCCCC3)CC2)CC1
C1CCC(CCCCC2CC3CCCCC3C2)CC1
C1CCC2CCC(C3CCCC4CCCC43)CC2CC1
C1CCC2CCC3C4CCCCC4CC(CC4CCCC4)C3C2CC1
C1CCC(CCCCC2CC3CCCCC3C2)CC1
C1CCC(CCC2(CCCC3CC4CCCCC4C3)CCCC3C4CCC5CCCCC5C4CCC32)C1
C1CCC(CCC2CCC(C3CCC4C(CC5CCCCC5)CCC4C3)CC2)CC1
C1CCC2CCC3C4CCCCC4CC(CC4CCCC4)C3C2CC1
C1CCC(CCC2CCC(CCC3CCCCC3)CC2)CC1
C(CCCC1CCCC2CCCC12)CCC1CCC2CCCCC2C1
C1CCC(C2CCC3CC4C(CCC32)CCC2C3CCC(CCCC5CC6CCCCC6C5)C3CCC42)CC1
C1CCC(CCCC2CCC3C2CCC2C4CC5CCC(C6CCCCC6)C5CC4CCC32)CC1
C1CCC(C2CCC3CC4C(CCC45CCCCC5)CC32)CC1
C(CCCC1CCCC2C(C3CCCCC3)CCC12)CCC1CCCCC1
C1CCC(CCC2CCC3C(CCC3C3CCCCC3)C2)CC1
C1CCC(CCCCC2CCC3CCCCC23)CC1
C1CCC(CCCCCC2CC3CCCCC3C2)CC1
C1CCC2C(C1)CCC1C3CCCCC3CCC21
C(CCC1CCCC2CCCC12)CC1CC2CCCCC2C1
C(CCC1CCC2C1CCC1C3CCCCC3CCC21)CC1CC2CCCCC2C1
C1CCC(CC23CCCCC2CCC2C4CCCC4CCC23)CC1
C1CCC(CCCC(CC2CC3CCCCC3C2)C2CC2)CC1
C1CCC2CC(CCCC3CCCC4CCCCC43)CC2C1
C1CCC(CCCCCC2CC3CCCCC3C2)CC1
C1CCC(CCCCC2CCC3CCCCC23)CC1
C1CCC(CCCCCC2CCCC3CCCC23)CC1
C1CCC(C2CCC3CC4C(CCCC45CCCCC5)CC32)CC1
C1CCC(C2CCC3CC4C(CCC45CCCCCC5)CC32)CC1
C1CCC(C2CCC3C(CCCC4CCCCC43)C2)CC1
C1CCC(CCCCC2CCC3CCCCC23)CC1
C1CCC(CCC2CCC3C2CCC2C4CCCCC4CCC32)C1
C1CCC(C2CC3CCCC3C3CCC4CCCCC4C23)CC1
C1CCC2CCC3C4CCCCC4CC(CC4CCCC4)C3C2CC1
C1CCC(CCCCCC2CCCC3C(CC4CCCCC4)CCC23)CC1
C1CCC(C2CCC3CCCC3C3CCC4CCCCC4C23)CC1
C1CCC2CCC(C3CCCC3)CC2CC1
C1CCC(C2CCC3CCC4C(CC5CCC6CCCCC65)CCCC4CC32)CC1
C1CCC(C2CCC3CC4C(CCC45CCCC5)CC32)CC1
C1CCC(CCCCCC2CC3CCCCC3C2)CC1
C1CCC2CCC(C3CCCC4CCCC43)CC2CC1
C1CCC(CCCCC2CC3CCCCC3C2)CC1
C1CCC2CCC(C3CCCC4CCCC43)CC2CC1
C1CCC(C2CC3CCCC3C3CCC4CCCCCC4C23)CC1
C1CCC(C2CCC3CC4C(CCC45CCCCC5)CC32)CC1
C(CCCC1CCCC2C(C3CCCCC3)CCC12)CCC1CCCCC1
C1CCC(C2CCC3C(CCCCCC4CC4)CCCC23)CC1
C1CCC(CCCCC2CC3CCCCC3C2)CC1
C1CCC(CCCCC2CC3CCCCC3C2)CC1
C1CCC(CCCCC2CC3CCCCC3C2)CC1
C1CCC(C2CCC3CC4C(CCC32)CCC42CCCC2)CC1
C(CCCC1CCCC2C(C3CCCCC3)CCC12)CCC1CCC(C2CCCC2)C1
C1CCC(C2CCC3CC4C(CCC45CCCC5)CC32)CC1
C1CCC(CC2CCC3C(CCC3C3CCCCC3)C2)CC1
C1CCC2C(C1)CCC1C3CCCC3CCCC21
C1CCC(CC2CCCC(CCCC3CCC(CCC4CCC(C5CC5)CC4)CC3)C2)C1
C1CCC2CCC(C3CCCC4CCCC43)CC2CC1
C1CCC2CC(CCCC3CCC4C3CCCC3C5CCCCC5CCC34)CCC2C1
C1CCC(CCC2(CCCCC3CCC4CCCCC4C3)CCC3C4CCC5CCCCC5C4CCC32)C1
C1CCC(CCC(CC2CCC(CC3CCCCC3)CC2)C2CCCCC2)CC1
C1CCC(CC2CC3CCCCC3C3CCC4CCCCC4C23)CC1
C1CCC(CCCCC2CCC3CCC(C4CCCC5CCCC54)CC3C2)CC1
C1CCC(C2CCC3CC4C(CCC32)CCC42CCCCC2)CC1
C1CCC(C2CCCC(CC3CC4CCCCC4CC4CCC5CCCCC5C43)C2)C1
C1CCC2C(C1)CCC1C3CCCC3CCC21
C1CCC(CCCCCC2CCCC3C(C4CCCCC4)CCC23)CC1
C1CCC(CCC2CCC3C(CCC3C3CCCCC3)C2)CC1
C1CCC(C2CC3CCCCC3C3CCC4CCCCC4C23)CC1
C1CCC2C(C1)CCC1C3CCCCC3CCC21
C1CCC(CCC2CCC3C(CCC3C3CCCCC3)C2)CC1
C(CCC1CCC2CCCCC2C1)CCC1CCCC2CCCCC12
C1CCC2CCC3C4CCCC4CCC3C2CC1
C1CCC(C2CCC3CC4C(CCC5C6CCC(CCCC7CC8CCCCC8C7)C6CCC45)CC32)CC1
C1CCC(C2CC3CCCC3C3CCC4CCCCCC4C23)CC1
C1CCC(CCCCCC2CC3CCCCC3C2)CC1
C(CCCC1CCCC2C(C3CCCCC3)CCC12)CCC1CCCCC1
C(CCCC1CCCC2C(C3CCCCC3)CCC12)CCC1CCCCC1
C1CCC2C(C1)CCC1C3CCCC3CCC21
C1CCC(CCCCCC2CC3CCCCC3C2)CC1
C(CCCC1CCCC2C(C3CCCCC3)CCC12)CCC1CCC(C2CCCC2)C1
C1CCC(CCCCC2CCC3CCCCC23)CC1
C1CCC2CC(C3CCCC4CCCC43)CCC2C1
C1CCC(CCCCCC2CCCC3C(C4CCCCC4)CCC23)CC1
C1CCC(CCCCCC2CC3CCCCC3C2)CC1
C1CCC(C2CCC3CC4CCCCC4CC32)CC1
C(CCC1CC2CCCCC2C1)CCC1CCCC2CCCC12
C1CCC(CCC2CCC(C3CCC4C(CCC4C4CCCCC4)C3)CC2)CC1
C1CCC2CC(C3CCCC4CCCC43)CCC2C1
C1CCC(CCC2CCC(CCC3CCCCC3)CC2)CC1
C1CCC(CC2CCCCC2CC2CC3CCCCC3CC3CCC4CCCCC4C32)CC1
C1CCC(CCC(CCC2CCC3CCCC3C2)CC2CCCCC2)CC1
C1CCC2C(C1)CCCC1CCCCC12
C1CCC(CC2CCC3CCCCC3C3CCC4CCCCC4C23)C1
C(CCCC1CCCCC1)CCCC1CCC(C2CCCCC2)C1
C1CCC(C2CC3C(CCC34CCCC4)C3CCC4CCCCC4C23)CC1
C1CCC(C2CCC3CC4C(CCCC45CCCCC5)CCC32)CC1
C1CCC2CCC(C3CCCC4CCCC43)CC2CC1
C1CCC(CCCCC2CCC3CCC(CC4CCCC5CCCC54)CC3C2)CC1
C1CCC(CCCCC2CCC3CCCCC23)CC1
C1CCC2CC(CC3CCCC4CCCC43)CCC2C1
C1CCC(CCCCCC2CCCC3C(C4CCCCC4)CCC23)CC1
C1CCC(C2CCC3(CCCC4CC5C(CCC5C5CCCCC5)CC43)C2)CC1
C1CCC2CCC3C4CCC(CCCC5CCC6CCCCC6C5)C4CCC3C2CC1
C1CCC(C2CC3CCCC3C3CCC4CCCCC4C23)CC1
C1CCC(CCCCCC2CCC3CCCCC23)CC1
C1CCC(CCCCCC2C3CCCCC3CCC2C2CCCC3CCCC32)CC1
C1CCC(CC2CC3CCCCC3C3CCC4CCCCC4C23)C1
C1CCC2CCC3C4CCCC4CCC3C2CC1
C(CCC1CCC2CCC(C3CCCC4CCCC43)CC2C1)CC1CCC2CCCC2C1
C1CCC(CCCCC2CC3CCCCC3C2)CC1
C1CCC2CCC3CCCCC3C2CC1
C1CCC2CCCCC2C(CCCCC2CCCC3CCCCC23)C1
C1CCC2CCC3C4CCC(CCCC5CC6CCCCC6C5)C4CCC3C2CC1
C1CCC(C2CC3CCCC3C3CCC4CCCCCC4C23)CC1
C1CCC(CC2CCC3C(CCC3C3CCCCC3)C2)CC1
C1CCC(CC2CC3CCCCC3C3CCC4CCCCCC4C23)CC1
C1CCC(CCCCC2CC3CCCCC3C2)CC1
C(CCCC1CCCCC1)CCCC1CCC(C2CCCCC2)C1
C1CCC(CCCCCC2CCC3CCCCC23)CC1
C1CCC(C2CCC3(CCCC4CC5C(CCC5C5CCCCC5)CC43)C2)CC1
C1CCC(C2CCC3CC4C(CCC45CCCCC5)CC32)CC1
C1CCC(C2CCC3CC4C(CCCC45CCCC5)CCC32)CC1
C1CCC(CCC2CCC3C(CCC3C3CCCC3)C2)CC1
C1CCC(CCCCCC2CCC3CCCCC23)CC1
C1CCC(C2CC3CCCC3C3CCC4CCCCC4C23)CC1
C1CCC(CCC2CCC3C(CCC3C3CCCCC3)C2)CC1
C(CCC1CCCCC2CCCCC12)CC1CCC2CCCCC2C1
C1CCC(C2CCC3CC4CCCCC4CC32)CC1
C1CCC2CCC(CCC3CCC4C(CCC4C4CCCC(CC5CCCC5)C4)C3)CC2CC1
C1CCC(CCC(CC2CCCCC2)C2CCCCC2)CC1
C1CCC(C2CC3CCCC3C3CCC4CCCCC4C23)CC1
C(CCCC1CCCC2CCCCC12)CCC1CCCC1
C1CCC(C2CCC3CC4C(CCC45CCCCCC5)CC32)CC1
C1CCC2CCC3C4CCCCC4CCC3C2CC1
C1CCC2CCC(C3CCCC4CCCC43)CC2CC1
C1CCC(CCCCC2CCC3CCC(C4CCCC5CCCC54)CC3C2)CC1
C1CCC(C2CCC3C(CCCC4CCCCC43)C2)CC1
C1CCC(CCCC2CCCC3C2CCC2C4CC5CCC(C6CCCCC6)C5CC4CCC32)CC1
C1CCC2C(C1)CCC1CCCCC12
C1CCC(C2CC3CCCC3C3CCC4CCCCC4CC23)CC1
C1CCC(CCCCCC2CCCC3C(C4CCCCC4)CCC23)CC1
C(CCCC1CCCC2C(C3CCCCC3)CCC12)CCC1CCCCC1
C1CC2CCC3C(CCC4CCC5CC5C43)C2C1
C1CCC2CC(C3CCCC3)CCC2C1
C1CCC(C2CCC3CC4C(CCC32)CCC2C3CCCC3CCC42)CC1
C1CCC2CC(CCCC3CCC4C3CCC3C5CCCCC5CCC43)CCC2C1
C1CCC(C2CCC3CC4C(CCC45CCCCC5)CC32)CC1
C1CCC(C2CC3CCCC3CC3CCC4CCCCC4C32)CC1
C1CCC(CC2CCC3CC4C(CCC5C6CCC(CCCC7CCCC8CCCCC87)C6CCC45)CC23)CC1
C(CCCCC1CCC(C2CCCCC2)C1)CCCC1CCC2CCCC2C1
C1CCC2C(C1)CCC1C3CCCC3CCCC21
C1CCC2CC(CCCC3CCC4C3CCC3C5CCCCC5CCC43)CCC2C1
C1CCC(CCCCC2CCC3CCC(C4CCCC5CCCC54)CC3C2)CC1
C1CCC(CC2CC3CCCCC3C3CCC4CCCCCC4C23)CC1
C1CCC(CCCC2CCC3C2CCCC2C4CC5CCC(C6CCCCC6)C5CC4CCC32)CC1
C1CCC2C(C1)CCC1C2CCC2C3CCCC3CC21
C1CCC2C(C1)CCC1C2CCCC2C3CCCC3CC21
C1CCC(CCC2CCC3C(CC4CCCCC4)CCC3C2)CC1
C1CCC(CCCCCC2CC3CCCCC3C2)CC1
C1CCC2CCC3C4CCCC4CCC3C2CC1
C1CCC(CC2CCC3CC4(CCCCCC4CC4CCCCC4)CCC23)CC1
C1CCC2CC(C3CCCC3)C3CCCC3C2CC1
C1CCC(CC2CCC3C(CC4CCCCC4)CCC3C2)CC1
C1CCC(CC2CC3CCCCC3C3CCC4CCCCCC4C23)CC1
C1CCC(CC2CC3CCCCC3C3CCC4CCCCCC4C23)CC1
C1CCC(CC2CC3CCCCC3C3CCC4CCCCC4C23)CC1
C(CCCC1CCCCC1)CCCC1CCC(C2CCCCC2)C1
C1CCC(CC2CCC3C(CC4CCCCC4)CCC3C2)CC1
C1CCC(CCC(CCC2CCC3CCCC3C2)CC2CCCCC2)CC1
C1CCC2CCC3CCCCC3C2CC1
C1CCC2CC(C3CCCC4CCCC43)CCC2C1
C1CCC2CC(CC3CCCC4CCCC43)CCC2C1
C1CCC(C2CCCC3CCCC3C3CCC4CCCCC4C23)CC1
C1CCCC(C2CC3CCCC3C3CCC4CCCCC4C23)CC1
C1CCC(CCCCCC2CCC3CCCC3C2)CC1
C1CCC2CCC(CCC3CCC4C(CCC4C4CCCC(CC5CCCC5)C4)C3)CC2CC1
C1CCC(C2CCC(CCCCCC3CCCC4CCCCC34)C2)CC1
C1CCC(CCCCC2CC3CCCCC3C2)CC1
C1CCC(CCC2CCC3C(CCC3C3CCCCC3)C2)CC1
C1CCC(CCC2CCCC3CC4C(CCC4C4CCCCC4)CC23)CC1
C(CCC1CCCC2CCCCC12)CC1CCC2CCCCC2C1
C1CCC(C2CCC3CC4C(CCC32)CCC2C3CCC(CCCC5CC6CCCCC6C5)C3CCC42)CC1
C1CCC(CCCCCC2CC3CCCCC3C2)CC1
C1CCC(C2CCC3(CCC4CC5C(CCC5C5CCCCC5)CCC43)C2)CC1
C1CCC(CCCCCC2CC3CCCCC3C2)CC1
C1CCC2C(C1)CCC1C3CCCC3CCC21
C1CCC(CCC2CCCCC2)CC1
C1CCC2CC(CCCC3CCC4C5CCC6CCCCC6C(CCC34)C5)CC2C1
C1CCC2CCC(C3CCCC4CCCC43)CC2CC1
C(CCC1CCCC2CCCC12)CC1CC2CCCCC2C1
C1CCC(CCC2CCC3C(CCC3C3CCCC(CC4CCCC4)C3)C2)CC1
C1CCC(CCCCC2CCC3CCCCC23)CC1
C(CCCC1CCCCC1)CCCC1CCC(C2CCCCC2)C1
C1CCC(C2CCC3CCCC3C3CCC4CCCCC4C23)CC1
C(CCCC1CCCC2CCCC12)CCC1CCC2CCCCC2C1
C1CCC(CCCCC2CC3CCCCC3C2)CC1
C1CCC(CCC2CCC(CC3CCC4C(CCC4C4CCCCC4)C3)CC2)CC1
C1CCC2CC(C3CCCC4CCCC43)CCC2C1
C(CCCCC1CCC(C2CCCCC2)C1)CCCC1CCC2CCCC2C1
C1CCC2CCC(C3CCCC4CCCC43)CC2CC1
C1CCC(C2CCC3(CCC4CCC5C(CCC5C5CCCCC5)CC43)C2)CC1
C(CCC1CCCC2CCCCC12)CC1CCCC2CCCCC12
C1CCC(CC2CC3CCCCC3C3CCC4CCCCC4C23)CC1
C1CCC(CCCCCC2CC3CCCCC3C2)CC1
C(CCCC1CCCCC1)CCCC1CCC(C2CCCCC2)C1
C(CCCC1CCCCC1)CCCC1CCC(C2CCCCC2)C1
C1CCC2CC(CC3CCCC4CCCC43)CCC2C1
C1CCC(CCCCC2CC3CCCCC3C2)CC1
C1CCC(CCCC2CCC(CCC3CCCC(CC4CCCC4)C3)CC2)CC1
C1CCC(C2CCC3CC4C(CCC5C6CCCC6CCC45)CC32)CC1
C1CCC(CCC2CCC3C(CCC3C3CCCCC3)C2)CC1
C1CCC(CCCCCC2CCCC3C(CC4CCCCC4)CCC23)CC1
C1CCC2C(C1)CCC1C3CCCC3CCC21
C1CCC(CCC2CCC3C(CCC3C3CCCCC3)C2)CC1
C1CCC(CCCCC2CC3CCCCC3C2)CC1
C1CCC2CC3CCC4CCCCC4C3CCC2C1
C1CCC(C2CCC3CC4C(CCCCC45CCCC5)CC32)CC1
C1CCC(CCC2CCC3C(CC4CCCCC4)CCC3C2)CC1
C1CCC(CCCCCC2CCC3CCCCC23)CC1
C1CCC2CC(C3CCCC3)CCC2C1
C1CCC(CC2CCC3CCCCC3C3CCC4CCCCC4C23)C1
C1CCC2CCC(C3CCCC4CCCC43)CC2CC1
C1CCC2CC(CC3CCCC4CCCC43)CCC2C1
C(CCCC1CCCC2C(C3CCCCC3)CCC12)CCC1CCCCC1
C1CCC(C2CCC3C(CCC4CCCCC43)C2)CC1
C1CCC(CCCCCC2C3CCCCC3CCC2C2CCCC3CCCC32)CC1
C1CCC(CCCCC2CC3CCCCC3C2)CC1
C1CCC2CCC(C3CCCC4CCCC43)CC2CC1
C1CCC(CCCCCC2CC3CCCCC3C2)CC1
C1CCC2CCCC(CC3CC4CCCCC4C4CCC5CCCCC5C34)C2CC1
C(CCCCC1CCC(C2CCCCC2)C1)CCCC1CCCCC1
C1CCC(CCCCCC2CCCCC2)CC1
C1CCC(CC2CCC3CCC(C4CCCC4)CC32)C1
C1CCC(C2CC3CCCCC3C3CCC4CCCCC4C23)CC1
C(CCCCC1CCC(C2CCCCC2)C1)CCCC1CCCCC1
C1CCC(CCCCCC2CCC3CCCC3C2)CC1
C(CCCC1CCCC2C(C3CCCCC3)CCC12)CCC1CC1
C1CCC(CCC2CCC(CCC3CCCC(CC4CCCCC4)C3)CC2)CC1
C1CCC(CCCCCC2CCC3CCCCC23)CC1
C1CCC(CCCCCC2CC3CCCCC3C2)CC1
C1CCC2CCC3C4CCC(CCCC5CC6CCCCC6C5)C4CCC3C2CC1
C(CCC1CCCC2CCCCC12)CCC1CCCC2CCCCC12
C1CCC(CCCC2CCC3CCCC3C2)CC1
C1CCC(CCC2CCC3C(CCC4C5CCCC5CCC34)C2)CC1
C1CCC(C2CCC3CC4C(CCCC45CCCC5)CC32)CC1
C(CCCC1CCCCC1)CCCC1CCC(C2CCCCC2)C1
C1CCC(C2CCCC3C(CCC4CCCCC43)C2)CC1
C1CCC(C2CCC3CCCC3C3CCC4CCCCC4C23)CC1
C1CCC2CCC(C3CCCC4CCCC43)CC2CC1
C1CCC(CCCCCC2CCCC3C(C4CCCCC4)CCC23)CC1
C1CCC2C(C1)CCC1C3CCCC3CCC21
C1CCC(C2CC3CCCC3C3CCC4CCCCC4C23)CC1
C(CCC1CCCC2CCCCC12)CC1CCC2CCCCC2C1
C1CCC(CCCC2CCC3C(CCC4C5CCCC5CCC34)C2)CC1
C1CCC(CCC2CCC3C(CCC3C3CCCC(CCC4CCCC4)C3)C2)CC1
C1CCC2CC(CCCC3CCC4C3CCC3C5CCCCC5CCC43)CC2C1
C(CCC1CCCC2CCCC12)CC1CC2CCCCC2C1
C1CCC2C(C1)CCC1C3CCCC3CCC21
C1CCC(CCC2CCC3C(CCC3C3CCCC(CC4CCCC4)C3)C2)CC1
C1CCC(C2CC3CCCCC3C3CCCCC3C2)CC1
C1CCC(CCCC2CCC3CCC(C4CCCC5CCCC54)CC3C2)CC1
C1CCC2CC(CCCC3CCCC4C3CCC3C5CCCCC5CCC43)CC2C1
C1CCC2C(C1)CCC1C3CCCCC3CCC21
C(CCC1CCC2CCCCC2C1)CCC1CCCC2CCCCC12
C1CCC(CC(CC2CCCCC2)C2CCCCC2)CC1
C1CCC(CCC2CCC(CCCC3CCCC(CC4CCCC4)C3)CC2)CC1
C(CCCCC1CCC(C2CCCCC2)C1)CCCC1CCCCC1
C1CCC2C(C1)CC(C1CCCC3CCCC31)C1CCCC21
C1CCC2CCC(C3CCCC4CCCC43)CC2CC1
C1CCC(CCC(CC2CCCCC2)C2CCCCC2)CC1
C1CCC2CCC3C4CCCC4CCC3C2CC1
C1CCC(CCC2CCC(C3CC3)CC2)CC1
C1CCC(CC2CC3CCCCC3C3CCC4CCCCC4C23)C1
C1CCC2CCC3C4CCCC4CCC3C2CC1
C1CCC2CCC3C4CCCCC4CCC3C2CC1
C1CCC2C(C1)CCC1CCCCC12
C1CCC(CCC2CCC3C(CCC3C3CCCCC3)C2)CC1
C(CCC1CCC2C(CCC3C4CCCC4CCC23)C1)CC1CCC(C2CC3CCCC3C3CCCC4CCCCC4C23)CC1
C1CCC(CCCC2CCC3C(CCC4CC(C5CCCCC5)CCC43)C2)CC1
C1CCC2CC(C3CCCC4CCCC43)CCC2C1
C1CCC(C2C3CCCC3CC3CC4CCCC4CC32)CC1
C(CCCCC1CCC(C2CCCCC2)C1)CCCC1CCCCC1
C1CCC2C(C1)CCC1C2CCC2C3CCCC3CC21
C1CCC2CC3CCC4CCCC4C3CCC2C1
C1CCC(CCCCCC2CC3CCCCC3C2)CC1
C1CCC(C2CC3CCCCC3CC3CCCCC32)CC1
C1CCC2C(C1)CCC1C3CCCC3CCC21
C1CCC(CCCCCC2CCCC3C2CCC3C2CCCC(CC3CCCC3)C2)CC1
C1CCC(C2CCC3CC4C(CCC45CCCCC5)CC32)CC1
C1CCC(CCCCCC2CCC3CCC(C4CCCC5CCCC54)CC3C2)CC1
C1CCC2CCC3C4CCCC4CCC3C2CC1
C1CCC2CCC3C4CCC(CCCC5CCC6CCCCC6C5)C4CCC3C2CC1
C(CCCC1CCCC2C(C3CCCCC3)CCC12)CCC1CCCCC1
C1CCC(C2CC3CCCCC3C3CCC4CCCCC4C23)CC1
C1CCC(C2CCC3C(CCCCCC4CC4)CCCC23)CC1
C1CCC2CCC(C3CCC4CCCCC43)CC2CC1
C1CCC(C2CC3C(CCC34CCCC4)C3CCC4CCCCC4CC23)CC1
C1CCC(CCCCC2CCC3C2CCC2C4CCCCC4CCC32)CC1
C1CCC(CCC2CCC(CCC3CCCC(CC4CCCC4)CC3)CC2)CC1
C1CCC(CCC(CC2CC3CCCCC3C2)C2CC2)CC1
C1CCC2CC3CCC(C4CCCCC4)C3CC2CC1
C1CCC(C2CC3CCCC3C3CCC4CCCCC4C23)CC1
C1CCC2CCC(C3CCCC4CCCC43)CC2CC1
C1CCC2CCC3CCCCC3C2CC1
C1CCC(C2CCCC(CC3CC4CCCCC4C4CCC5CCCCC5C34)C2)C1
C1CCC(C2CCC3C(CCC4CCCCC43)C2)CC1
C1CCC(CCCCC23CCCC2CC2C4CCC5CCCCC5C4CCC23)C1
C1CCC(CCCC2(CCCC3CC4CCCCC4C3)CCC3C4CCC5CCCCC5C4CCC32)C1
C1CCC2CCC3C4CCCCC4CC(CC4CCCC4)C3C2CC1
C1CCC(CCCCC2CC3CCCCC3C2)CC1
C1CCC2C(C1)CCC1CCCCC12
C1CCC(CC2CC3CCCCC3C3CCC4CCCCCC4C23)CC1
C1CCC(CCC2CCC3CC4C(CCC5CCCCC5)CC5CCCC5C4CCC3C2)CC1
C1CCC(CC2CCC3C(CC4CCCCC4)CCC3C2)CC1
C1CCC(CCCCCC2CCCC3C(CC4CCCC(CC5CCCC5)C4)CCC23)CC1
C1CCC(CCC2CCC(CCC3CCCC(CCC4CCCC4)C3)CC2)CC1
C1CCC2CC(C3CCCC4CCCC43)CCC2C1
C1CCC(CCC2CCCC3CC4C(CCC23)CCC4C2CCCCC2)CC1
C1CCC(C2CCC3CC4C(CCC5C6CCCC(CCCC7CC8CCCCC8C7)C6CCC45)CC32)CC1
C1CCC(CCC2CCC(CCC3CCCC(CCC4CCCC4)C3)CC2)CC1
C1CCC(C2CCC3CC4C(CCCC45CCCC5)CCC32)CC1
C1CCC2CCC3C4CCC(CCCC5CC6CCCCC6C5)C4CCC3C2CC1
C1CCC(C2CC3CCCC3C3CCC4CCCCC4C23)CC1
C1CCC2CC(CC3CCCC4CCCC43)CCC2C1
C1CCC(CCCCC2CC3CCCCC3C2)CC1
C1CCC2C(C1)CCC1C3CCCC3CCCC21
C1CCC(C2CCC3CC4C(CC5CCC6CCCCC65)CCCC4CC32)CC1
C1CCC2C(C1)CCCC1C3CCCC3CCC21
C(CCC1CCC2CCCCC2C1)CCC1CCCC2CCCCC12
C1CCC(CCCC2CC3CCCC3C3CCC4CC(CCC5CCCCC5)CCC4C23)CC1
C1CCC(CCCCCC2CCCC3C(C4CCCCC4)CCC23)CC1
C1CCC(CCCC2CCCCC2)CC1
C(CCC1CCCC2CCCCC12)CC1CCC2CCCCC2C1
C1CCC(C2CC3CCCCC3C3CCC4CCCCC4C23)CC1
C1CCC(CCCCCC2CC3CCCCC3C2)CC1
C1CCC(C2CC3CCCC3C3CCC4CCCCCC4C23)CC1
C(CCC1CCCC2CCCC12)CC1CC2CCCCC2C1
C1CCC2C(C1)CCC1C3CCCC3CCC21
C1CCC(CC2CC3CCCCC3C3CCC4CCCCC4C23)CC1
C1CCC(C2CC3CCCC3C3CCC4CCCCCC4C23)CC1
C1CCC(CCC2CCCC3CCC4C(CCC4C4CCCCC4)CC23)CC1
C1CCC2CC(C3CCCC4CCCCC43)C3CCCC3C2CC1
C1CCC(C2CCC3CC4C(CCCC4CC4CCC5CCCCC54)CCC32)CC1
C1CCC2CC(CCCC3CCCC4CCCCC43)CC2C1
C1CCC(CCCCC2CCC3C2CCC2C4CC5CCC(C6CCCCC6)C5CC4CCC32)CC1
C1CCC(C2CC3CCCC3C3CCC4CCCCC4C23)CC1
C1CCC(CCC2CCC3C(CCC3C3CCCCC3)C2)CC1
C1CCC(C2CCC(CCCCCC3CCCC4CCCCC34)C2)CC1
C1CCC(C2CCCC3(CCC4CC5C(CCC5C5CCCCC5)CC43)C2)CC1
C1CCC(CCCCCC2CC3CCCCC3C2)CC1
C1CCC(C2CCC3CC4C(CCC5C6CCC(CCCC7CCC8CCCCC8C7)C6CCCC45)CC32)CC1
C1CCC(CCCCCC2CC3CCCCC3C2)CC1
C1CCC2CC(C3CCCC4CCCC43)CCC2C1
C1CCC(C2CCC(C3CC4CCCC4CC4CCC5CCCCC5C43)CC2)C1
C(CCCC1CCCC2C(C3CCCCC3)CCC12)CCC1CCCCC1
C1CCC(CCCCC2CC3CCCCC3C2)CC1
C1CCC2CC(CC3CCCC4CCCC43)CCC2C1
C1CCC(CC2CC3CCCCC3C3CCC4CCCCCC4C23)CC1
C1CCC(CCCCC2CCC3CCCCC23)CC1
C1CCC(CCCCC2CCC3C2CCC2C4CCCCC4CCC32)CC1
C1CCC(CCCCC2CCC3CCCCC23)CC1
C1CCC(CCCCCC2CC3CCCCC3C2)CC1
C1CCC2CCC(C3CCCC4CCCC43)CC2CC1
C1CCC(CC2CCC3C(CCC3C3CCCCC3)C2)CC1
C(CCCC1CCCCC1)CCCC1CCC(C2CCCCC2)C1
C1CCC(CCCCCC2CC3CCCCC3C2)CC1
C1CCC2CC(CC3CCCC4CCCC43)CCC2C1
C1CCC(CCCC2CCC3C2CCCC2C4CC5CCC(C6CCCCC6)C5CC4CCC32)CC1
C1CCC2CCC(C3CCCC4CCCC43)CC2CC1
C(CCC1CCC2C(CCC3C4CCCCC4CCC23)C1)CC1CCC(C2CC3CCCC3C3CCC4CCCCC4C23)CC1
C1CCC(CCCCC2CC3CCCCC3C2)CC1
C1CCC(CCCCCC2CCC3CCCCC23)CC1
C(CCC1CCCC2CCCC12)CC1CC2CCCCC2C1
C1CCC(C2CC3CCCCC3CC3CCC(CCC4CCCC4)CC32)CC1
C1CCC(CCCC2(CCCC3CCC4CCCCC4C3)CCC3C4CCC5CCCCC5C4CCC32)C1
C1CCC2CC(C3CCCC4CCCC43)CCC2C1
C1CCC(CC2CCC3CC4C(CCCC5CC5)CCCC4CC23)CC1
C1CCC2C(C1)CCCC1C3CCCC3CCC21
C1CCC(CCCCC2CC3CCCCC3C2)CC1
C1CCC(C2CC3CCCC3C3CCC4CCCCCC4C23)CC1
C1CCC(C2CCC3CC4C(CCCC5CC5)CCCC4CC32)CC1
C1CCC(CC2CC3CCCCC3C3CCC4CCCCC4C23)CC1
C1CCC2CCCCC2C(CCCCC2CCCC3CCCCC23)C1
C1CCC(C2CC3CCCC3C3CCC4CCCCC4C23)CC1
C1CCC2CC(C3CCCC4CCCC43)CCC2C1
C1CCC(C2CCC3CC4C(CCC45CCCC5)CC32)CC1
C1CCC2C(C1)CCCC1C3CCCC3CCC21
C1CCC(C2CCC3CC4(CCCCCCC4C4CCCCC4)CCC32)CC1
C1CCC(CCCCCC2CC3CCCCC3C2)CC1
C1CCC(CCCCC2CCC3CCCCC23)CC1
C1CCC(CCCCCC2CC3CCCCC3C2)CC1
C1CCC(CCC2(CCCC3CC4CCCCC4C3)CCCC3C4CCC5CCCCC5C4CCC32)C1
C1CCC(CC2CCC3CCCCC3C3CCC4CCCCC4C23)C1
C1CCCC(CC2CCCCC2CC2CC3CCCCC3C3CCC4CCCCC4C23)CC1
C1CCC(CCCC2CCC3C(CCC3C3CCCCC3)C2)CC1
C1CCC(CCCC2CCC3CCC(C4CCCC5CCCC54)CC3C2)CC1
C1CCC(CCC2(CCCC3CC4CCCCC4C3)CCC3C4CCC5CCCCC5C4CCC32)C1
C(CCC1CCCC2CCCCC12)CCC1CCCC2CCCCC12
C1CCC(CCCC2CCC3CCC(C4CCCC5CCCC54)CC3CC2)CC1
C1CCC(C2CCC3CC4C(CCC45CCCCCC5)CC32)CC1
C1CCC(CCC2CCC3C(CCC3C3CCCCC3)C2)CC1
C1CCC(CCCCCC2CCCC3C(C4CCCCC4)CCC23)CC1
C1CCC2CCC3C4CCCCC4CCC3C2CC1
C1CCC(CCC2CCC(C3CCC3)CC2)CC1
C1CCC(CCCC(CC2CCC3C(CC4CCCCC4)CCC3C2)C2CCCCC2)CC1
C1CCC(C2CC3CCCC3C3CCC4CCCCCC4C23)CC1
C1CCC(C2CC3CCCC3C3CCC4CCCCC4CC23)CC1
C1CCC(C2CC3CCCC3C3CCC4CCCCCC4C23)CC1
C1CCC(CCCC2CCC3C(CCC3C3CCCC(CC4CCCC4)C3)C2)CC1
C1CCC(CCCC2CCC3C(CCC3C3CCCCC3)C2)CC1
C1CCC(C2CCC3CCCC3C3CCC4CCCCCC4C23)CC1
C1CCC(C2CC3CCCC3C3CCC4CCCCC4C23)CC1
C(CCCC1CCCC2CCCC12)CCC1CCCCC1
C1CCC2C(C1)CCCC1CCCCC12
C(CCC1CCC2CCC(C3CCCC4CCCC43)CC2C1)CC1CCC2CCCC2C1
C1CCC2CC(CC3CCCC4CCCC43)CCC2C1
C1CCC2CCC(C3CCCC4CCCC43)CC2CC1
C1CCC2CCC(C3CCCC3)CC2CC1
C1CCC(CCCCC2CC3CCCCC3C2)CC1
C1CCC(CCCCC2CC3CCCCC3C2)CC1
C1CCC(CC2CC3CCCCC3C3CCC4CCCCC4C23)C1
C(CCCC1CCCCC1)CCCC1CCC(C2CCCCC2)C1
C1CCC2CC(CCCC3CCC4C3CCC3C5CCCCC5CCC43)CC2C1
C1CCC(CC2CCC3C(CCCCCC4CC4)CCCC23)CC1
C(CCCC1CCCC2C(C3CCCCC3)CCC12)CCC1CCCCC1
C1CCC(C2CC3CCCC3C3CCC4CCCCCC4C23)CC1
C1CCC2C(C1)CC(C1CCCC1)C1CCCC21
C1CCC(CCC2CCC(CCC3CCCC(CCC4CCCC4)C3)CC2)CC1
C1CCC2C(C1)CCC1C3CCCC3CCC21
C1CCC(CCC2CCC3C(CCC3C3CCCCC3)C2)CC1
C1CCC(CCCCCC2CCC3CCCCC23)CC1
C1CCC2C(C1)CCC1C3CCCCC3CCC21
C1CCC(CCC2CCC3C(CCC3C3CCCC3)C2)CC1
C1CCC(CC2CCC3CC4C(CCC45CCCC5)CC23)CC1
C1CCC(CCC2CCCCC3CC4C(CCC4C4CCCCC4)CC23)CC1
C1CCC2CCC(C3CCCC4CCCC43)CC2CC1
C1CCC2CC(CCCC3CCC4C3CCC3C5CCCCC5CCC43)CC2C1
C1CCC(CCC(CCC2CCC3CCCCC3C2)CC2CCCCC2)CC1
C1CCC2CCC(C3CCCC4CCCC43)CC2CC1
C1CCC(CCC2CCC(CCC3CCCC(CC4CCCC4)C3)CC2)CC1
C(CCCC1CCCC2C(C3CCCCC3)CCC12)CCC1CCCCC1
C1CCC(CC(CC2CCCCC2)C2CCCCC2)CC1
C1CCC(C2CC3CCCC3C3CCC4CCCCC4C23)CC1
C(CCCC1CCCC2CCCC12)CCC1CCC2CCCCC2C1
C1CCC(CCCCC2CCC3C2CCC2C4CCCCCC4CCC32)CC1
C1CCC(CC2CC3CCCCC3CC3CCC4CCCCC4C32)CC1
C1CCC2CCC(C3CCCC4CCCC43)CC2CC1
C1CCC2C(C1)CCC1C3CCCCC3CCC21
C1CCC(CCC2(CCCC3CC4CCCCC4C3)CCC3C4CCC5CCCCC5C4CCC32)C1
C1CCC(CCC2CCC3C(CCC3C3CCCCC3)C2)CC1
C(CCC1CCCC2CCCCC12)CC1CCC2CCCCC2C1
C(CCC1CCC2C1CCC1C3CCCCC3CCC21)CC1CC2CCCCC2C1
C1CCC(CCCCC2CC3CCCCC3C2)CC1
C1CCC(CCCCCC2CCC3CCCCC23)CC1
C1CCC2C(C1)CCC1C3CCCC3CCC21
C1CCC(C2CC3CCCC3C3CCC4CCCCC4C23)CC1
C1CCC(CC2CCC3CC4C(CCC45CCCC5)CC23)CC1
C1CCC(CC2CC3CCCCC3C3CCC4CCCCC4C23)CC1
C1CCC(CCC2CCC(CCC3CCCCC3)CC2)CC1
C1CCC(C2CCC3CC4C(CCC45CCCCC5)CC32)CC1
C1CCC(C2CCC3CC4CCCCC4CC32)CC1
C1CCC(CCCCCC2CC3CCCCC3C2)CC1
C1CCC(CCC2CCC3C(CCC3C3CCCCC3)C2)CC1
C1CCC(CCCCCC2CCCC3C(C4CCCCC4)CCC23)CC1
C1CCC(C2CC3CCCC3C3CCC4CCCCC4C23)CC1
C1CCC2CC(CCCC3CCCCC4CCCCC43)CC2C1
C1CCC(C2CCCC(CC3CC4CCCCC4C4CCC5CCCCC5C34)C2)C1
C1CC2CCC3C(CCC4CCCCC43)CC2C1
C1CCC2CCC(C3CCCC4CCCC43)CC2CC1
C1CCC(CCCCCC2CCCC3C(C4CCCCC4)CCC23)CC1
C1CCC2CCC3C4CCC(CCCC5CCC6CCCCC6C5)C4CCC3C2CC1
C(CCC1CCCC2CCCC12)CC1CC2CCCCC2C1
C1CCC(C2CCC(CCCC3CCC4C3CCC3C5CCCCCC5CCC43)C2)CC1
C1CCC(CCCC2(CCCC3CC4CCCCC4C3)CCC3C4CCC5CCCCC5C4CCC32)C1
C1CCC(CCC2CCC(CC3CCC4C(CCC4C4CCCCC4)C3)CC2)CC1
C1CCC2C(C1)CCC1C3CCCC3CCC21
C1CCC(C2CCC3CC4C(CCC5C6CCC(CCCC7CC8CCCCC8C7)C6CCCC45)CC32)CC1
C1CCC2CCC(C3CCCC4CCCC43)CC2CC1
C1CCC(CCCC(CCC2CCC3CCCC3C2)CC2CCCCC2)CC1
C1CCC(CCCCC2CC3CCCCC3C2)CC1
C1CCC(C2CCC3CC4C(CCC45CCCCC5)CC32)CC1
C1CCC(C2CCC(CCCCCC3CCCC4C(C5CCCCC5)CCC34)C2)CC1
C1CCC(CCC2CCC(CCC3CCCC(CC4CCCC4)C3)CC2)CC1
C(CCCC1CCCC2CCCCC12)CCC1CCC(C2CCCCC2)C1
C(CCCC1CCCC2C(C3CCCCC3)CCC12)CCC1CCCCC1
C1CCC(CCC(CCC2CCC3CCCC3C2)CC2CCCCC2)CC1
C1CCC(CCCCC2CCC3CCCCC23)CC1
C1CCC(CCC2CCC(C3CCC4C(CCC4C4CCCCC4)C3)CC2)CC1
C1CCC(C2CC3C(CCC34CCCC4)CC3CCC4CCCCC4C32)CC1
C1CCC(C2CCC3CC4C(CCC45CCCC5)CC32)CC1
C1CCC(CCC2CCC3C(CC4CCCCC4)CCC3C2)CC1
C1CCC(C2CCC3CC4C(CCC45CCCC5)CC32)CC1
C1CCC(C2CCC3CC4C(CCCC5C6CCC(CCCC7CCC8CCCCC8C7)C6CCC45)CC32)CC1
C1CCC(CCCCC2CC3CCCCC3C2)CC1
C1CCC(CCCCC2CC3CCCCC3C2)CC1
C(CCC1CCC2C1CCC1C3CCCCC3CCC21)CC1CCC2CCCCC2C1
C1CCC(CCC(CCC2CC3CCCCC3C2)C2CC2)CC1
C1CCC2CCC3C4CCCC4CCC3C2CC1
C1CCC(CCCCCC2CCC3C(CCC3C3CCCCC3)C2)CC1
C1CCC(CC2CC3CCCCC3C3CCC4CCCCCC4C23)CC1
C1CCC(CCC2CCC3C2CCC(C2CCCCC2)C2C4CCCCC4CCCC32)CC1
C(CCCC1CCCC2C(C3CCCCC3)CCC12)CCC1CCCCC1
C1CCC2CCC(C3CCCC4CCCC43)CC2CC1
C1CCC(CCC2CCC3C(CCC3C3CCCCC3)C2)CC1
C1CCC(C2CCCC(CC3CCC4CCCCC4C4CCC5CCCCC5C34)C2)C1
C1CCC2CCC(C3CCCC4CCCC43)CC2CC1
C1CCC(C2CCC3C(CCC3C3CCCCC3)C2)CC1
C1CCC(CCCCC2CCC3CCCCC23)CC1
C1CCC(C2CCC3CC4CCCCC4CC32)CC1
C1CCC(CCCC2CC3CCCCC3C2C2CCCCC2)CC1
C1CCC2CCC(C3CCCC4CCCC43)CC2CC1
C1CCC2CCC(C3CCCC4CCCC43)CC2CC1
C1CCC(CCCCCC2CC3CCCCC3C2)CC1
C1CCC2C(C1)CC(C1CCCC1)C1CCCCC21
C1CCC2CC(CC3CCCC4CCCC43)CCC2C1
C1CCC(CCCCCC2CCCC3CCCC23)CC1
C1CCC(C2CC3CCCC3C3CCC4CCCCC4C23)CC1
C1CCC2CCC3C4CCCCC4CC(CC4CCCC4)C3C2CC1
C1CCC(C2CCC3(CCC4CC5C(CCC5C5CCCCC5)CC43)C2)CC1
C1CCC2CCC3C4CCC(CCCC5CC6CCCCC6C5)C4CCC3C2CC1
C1CCC(CCCC2CCC3C2CCC(C2CCCCC2)C2C4CCCCC4CCC32)CC1
C1CCC(CCCC2CCC3C2CCC2C4CCCCC4CCCC32)C1
C1CCC(CCCCC2CC3CCCCC3C2)CC1
C1CCC2C(C1)CC(C1CCCC3CCCCC31)C1CCCC21
C1CCC(C2CC3CCCC3C3CCC4CCCCC4C23)CC1
C1CCC(CCC2CCC3C(CCC4C5CCCC5CCC34)C2)CC1
C1CCC(C2CCC3CC4C(CCC45CCCCC5)CC32)CC1
C1CCC(CCC2CCC3C(CCC3C3CCCCC3)C2)CC1
C1CCC(CCCCCC2CCCC3C(CC4CCCCC4)CCC23)CC1
C1CCC(CC2CCC(CC(CC3CCCCC3)CC3CCCCC3)CC2)CC1
C1CCC(C2CC3CCCC3C3CCC4CCCCCC4C23)CC1
C1CCC2CCC3C4CCC(CCCC5CCC6CCCCC6C5)C4CCC3C2CC1
C1CCC(CCC2CCCCC3CC4C(CCC4C4CCCCC4)CC23)CC1
C1CCC(CC2CCCCC2CC2CCC3CCCCC3C3CCC4CCCCC4C23)CC1
C1CCC(CC2CC3CCCCC3C3CCC4CCCCCC4C23)CC1
C1CCC(CCC2CCC(CCC3CCCC(CC4CCCC4)C3)CC2)CC1
C1CCC(CC2CCC(C3CC4CCCC4C4CCC5CCCCC5C34)CC2)CC1
C1CCC(CCCCC2CCC3CCC(C4CCCC5CCCC54)CC3C2)CC1
C1CCC(C2CC3CCCC3C3CCC4CCCCC4C23)CC1
C1CCC(CCC2CCC(CCC3CCCC(CC4CCCCC4)C3)CC2)CC1
C(CCCCC1CCC(C2CCCCC2)C1)CCCC1CCCCC1
C1CCC(CCCC2CCCC3CCC(C4CCCC5CCCC54)CC3C2)CC1
C1CCC2CCC(C3CCCC4CCCC43)CC2CC1
C1CCC(CC2CCC3CC4C(CCC45CCCC5)CC23)CC1
C(CCCC1CCCCC1)CCCC1CCC(C2CCCCC2)C1
C1CCC2C(C1)CCC1C3CCCCC3CCCC21
C1CCC(CCCCC2CC3CCCCC3C2)CC1
C1CCC(CCCC2CCCC3CCC(C4CCCC5CCCC54)CC23)CC1
C1CCC(CCCCCC2CCCCC2)CC1
C1CCC(CCC2CCC(CCCC3CCCC(CC4CCCC4)C3)CC2)CC1
C1CCC(CCC2CCCCC2)CC1
C1CCC(CCC(CCC2CCCCC2)CCC2CCC3CCCC3C2)CC1
C1CCC(C2CC3CCCC3C3CCC4CCCCC4C23)CC1
C1CCC(C2CCC3C(CCC4CCCCC43)C2)CC1
C1CCC2CCC(C3CCCC4CCCC43)CC2CC1
C1CCC2CC(C3CCCC4CCCC43)CCC2C1
C1CCC2CCC(C3CCCC4CCCC43)CC2CC1
C1CCC2C(C1)CCC1CCCCC12
C(CCCC1CCCC2CCCCC12)CCC1CCCC1
C1CCC(C2CCC3CC4C(CCC5C6CCC(CCCCC7CCC8CCCCC8C7)C6CCC45)CC32)CC1
C1CCC(CCC2CCC3C(CCC3C3CCCCC3)C2)CC1
C1CCC(CCCC23CCCC2CC2C4CCC5CCCCC5CC4CCC23)C1
C1CCC2CCC(C3CCCC4CCCC43)CC2CC1
C1CCC(C2CCC3CC4C(CCCCC45CCCC5)CC32)CC1
C(CCC1(CC2CCCC2)CCCC2CCCCC21)CC1CCC2CCCCC2C1
C(CCC1CCCC2CCCCC12)CC1CCCC2CCCCC2C1
C(CCC1CCCC2CCCCC12)CC1CCC2CCCCC2C1
C1CCC(CC2CC3CCCCC3CC3CCC4CCCCC4C32)CC1
C1CCC(CCCCC2CC3CCCCC3C2)CC1
C1CCC(CCCCCC2CC3CCCCC3C2)CC1
C1CCC2CCC(C3CCCC4CCCC43)CC2CC1
C(CCC1CC2CCCCC2C1)CCC1CCCC2CCCC12
C1CCC2CC(CC3CCCC4CCCC43)CCC2C1
C1CCC(CC2CCC(CC(CC3CCCCC3)C3CCCCC3)CC2)CC1
C(CCCC1CCCC2C1CCC2C1CCCC(CC2CC2)C1)CCC1CCCCC1
C1CCC(C2CCCC3C(CCC4CCCCC43)C2)CC1
C1CCC2CC(C3CCCC4CCCC43)CCC2C1
C(CCCC1CCCCC1)CCCC1CCC(CC2CCCCC2)C1
C(CCC1CCCC2CCCCC12)CC1CCC2CCCCC2C1
C1CCC(CC2CCCCC2CC2CC3CCCCC3CC3CCC4CCCCC4C32)CC1
C1CCC2C(C1)CCCC2CCCC1CCC2C1CCC1C3CCCCC3CCCC21
C1CCC2CC(C3CCCC4CCCC43)CCC2C1
C1CCC(CCCCCC2CCC3CCCCC23)CC1
C1CCC(C2CC3CCCC3C3CCC4CCCCCC4C23)CC1
C(CCC1CCCC2CCCCC12)CC1CCCC2CCCCC12
C1CCC(CC2CCC(CC(CC3CCCCC3)C3CCCCC3)CC2)CC1
C1CCC(CC2CCC3CCCCC3C3CCC4CCCCC4C23)CC1
C1CCC2C(C1)CCC1C2CCC2C3CCCC3CC21
C1CCC2C(C1)CCC1CCCCC12
C1CCC(CCCC2CC3CCCCC3C2C2CCCCC2)CC1
C1CCC(C2CC3CCCC(C3)C3CCC4CCCCC4C32)CC1
C1CCC(C2CC3CCCC3C3CCC4CCCCC4C23)CC1
C1CCC2C(C1)CCC1C3CCCC3CCC21
C1CCC(CCCCC2CCC3CCCCC23)CC1
C1CCC(CCCCCC2CC3CCCCC3C2)CC1
C1CCC(C2CC3CCCC3C3CCC4CCCCC4C23)CC1
C(CCCC1CCCC2C(C3CCCCC3)CCC12)CCC1CCCCC1
C(CCCC1CCCCC1)CCCC1CCC(C2CCCCC2)C1
C1CCC(CCCC2CCC3CCC(C4CCCC5CCCC54)CC3CC2)CC1
C(CCC1CCCC2CCCCC12)CC1CCC2CCCCC2C1
C1CCC(C2CCC3CC4C(CCC5C6CCC(CCCCC7CCCC8CCCCC78)C6CCC45)CC32)CC1
C1CCC(CCCCCC2CC3CCCCC3C2)CC1
C1CCC(CC2CC3CCCCC3C3CCC4CCCCC4C23)CC1
C1CCC2CC(CCCC3CCC4C3CCC3C5CCCCC5CCC43)CCC2C1
C1CCC(C2CC3CCCC3C3CCC4CCCCCC4C23)CC1
C1CCC(CCCC2CCC(C3CCC4C(CCC4C4CCCCC4)C3)CC2)CC1
C1CCC(CC2CC3CCCCC3C3CCC4CCCCCC4C23)CC1
C1CCC2C(C1)CC(C1CCCC1)C1CCCC21
C1CCC(CCC2CCC3C(CCC3C3CCCCC3)C2)CC1
C1CCC(CCCCC2CCC3CCCCC23)CC1
C(CCC1CCCC2CCCC12)CC1CC2CCCCC2C1
C1CCC2CCC(C3CCCC4CCCC43)CC2CC1
C1CCC2CC(CCCC3CCCC4C3CCC3C5CCCCC5CCC43)CCC2C1
C1CCC(CCCCCC2CCCC3C(C4CCCCC4)CCC23)CC1
C1CCC(CCCC2CCC(CCC3CCCC(CC4CCCC4)C3)CC2)CC1
C1CCC(CCCC2CCC3CCC(CC4CCCC5CCCC54)CC3C2)CC1
C1CCC(C2CCC3CC4C(CCC32)CCC42CCCC2)CC1
C1CCC(CCCCCC2CC3CCCCC3C2)CC1
C1CCC(CC2CC3CCCCC3C3CCC4CCCCCC4C23)CC1
C1CCC(CCCC2CCC3C2CCC(C2CCCCC2)C2C4CCCCC4CCC32)CC1
C1CCC(C2CC3CCCCC3CC3CCCCC32)CC1
C(CCC1CCC2C1CCC1C3CCCCC3CCC21)CC1CC2CCCCC2C1
C1CCC(CCC2CCC(CCC3CCCC(CC4CCCCC4)C3)CC2)CC1
C1CCC(CCCCC2CC3CCCCC3C2)CC1
C1CCC2CC(CC3CCCC4CCCC43)CCC2C1
C1CCC(CCC2CCC3C(CCC3C3CCCCC3)C2)CC1
C1CCC2C(C1)CC(C1CCCC3CCCC31)C1CCCCC21
C(CCCC1CCCC2C(C3CCCCC3)CCC12)CCC1CCCCC1
C1CCC2CC(C3CCCC4CCCC43)CCC2C1
C1CCC(CCCC2CCC3C(CCC3C3CCCCC3)C2)CC1
C1CCC(C2CCC3CCC4CCCCC4C3CC2)CC1
C1CCC(C2CC3CCCCC3C3CCCCC23)CC1
C1CCC2C(C1)CCC1C3CCCC3CCC21
C1CCC(C2CCC3C(CCCCCC4CCC(C5CCCC5)C4)CCCC23)CC1
C1CCC2C(C1)CCCC2CCCC1CCC2C1CCC1C3CCCCC3CCC21
C1CCC(CCCCC2CCC3CCCCC23)CC1
C1CCC(CCC2CCC3C(CCC4C5CCCC5CCC34)C2)CC1
C1CCC(CCCCC2CC3CCCCC3C2)CC1
C1CCC(CCC2CCC3C(CCC3C3CCCCC3)C2)CC1
C1CCC2CC(CCCC3CCC4C3CCC3C5CCCCC5CCC43)CCC2C1
C1CCC(C2CCC3CC4C(CCC32)CCC42CCCCC2)CC1
C1CCC(CC2CCC(CC(CC3CCCCC3)C3CCCCC3)CC2)CC1
C1CCC(CC2CC3CCCCC3C3CCC4CCCCCC4C23)CC1
C1CCC(CCCCCC2CC3CCCCC3C2)CC1
C1CCC2CCC(C3CCCC4CCCC43)CC2CC1
C1CCC2C(C1)CCC1C3CCCC3CCCC21
C1CCC2C(C1)CCCC2CC1CC2CCCCC2C2CCCC12
C1CCC(CCCCCC2CCCCC2)CC1
C1CCC(C2CC3CCCC3C3CCC4CCCCC4C23)CC1
C1CCC2CCC3C4CCC(CCC5CCCC5)C4CCC3C2CC1
C1CCC(CCCC2CCC3C4CCC5CC6C(CCC6C6CCCCC6)CC5C(CCC23)C4)CC1
C1CCC(CCCCC2CCC3CC4CCC5CCCCC5C4CCC23)CC1
C(CCC1CCCC2CCCCC12)CC1CC2CCCCC2C1
C1CCC(CCC(CC2CC3CCCCC3C2)C2CCC2)CC1
C1CCC(CCCCCC2CCC3CCCCC23)CC1
C1CCC(CCCCC2CCC3CCCCC3C2)CC1
C1CCC(CCCC2CC3CCCC3C3CCC4CC(CCC5CCCCC5)CCC4C23)CC1
C1CCC2C(C1)CCC1C2CCCC2C3CCCC3CC21
C(CCC1CCCC2CCCCC12)CC1CCC2CCCCC2C1
C1CCC2CCCCC2C(CCCCC2CCCC3CCCCC23)C1
C1CCC(CCC(CC2CCC3C(CCC3C3CCCCC3)C2)C2CCCCC2)CC1
C1CCC(CCCC2CCC3C2CCC2C4CC5CCC(C6CCCCC6)C5CC4CCC32)CC1
C1CCC(CCC2CCCCC2)CC1
C1CCC2CC(C3CCCC4CCCC43)CCC2C1
C1CCC2CCC3C4CCCCC4CC(CC4CCCC(C5CCCC5)C4)C3C2CC1
C1CCC(CCCCC2CC3CCCCC3C2)CC1
C1CCC(CCCCC2CCC3CCCCC23)CC1
C1CCC2C(C1)CCC1C3CCCCC3CCC21
C1CCC(CCCC2CCC3C2CCC2C4CC5CCC(C6CCCCC6)C5CC4CCC32)CC1
C1CCC(CC2CCC(C3CC4CCCC4C4CCC5CCCCCC5C34)CC2)CC1
C1CCC(CCC(CCC2CCC3CCCCC3C2)CC2CCCCC2)CC1
C1CCC2CC(CCCC3CCC4C3CCC3C5CCCCC5CCC43)CC2C1
C1CCC(C2CC3CCCC3C3CCC4CCCCCC4C23)CC1
C1CCC(CC2CCC3C(CCC3C3CCCCC3)C2)CC1
C1CCC(C2CCC3C(CCC4CCCCC43)C2)CC1
C1CCC(CCC2CCCC3CC4C(CCC23)CCC4C2CCCCC2)CC1
C1CCC(C2CC3CCCC3C3CCC4CCCCC4C23)CC1
C1CCC(CCCC2(CCC3CCCC3)CCC3C4CCC5CCCCC5C4CCC32)CC1
C1CCC(CCCC2CCC3C(CCC3C3CCCCC3)C2)CC1
C1CCC(CCCC2CCC3C2CCC2C4CCCCC4CCC32)CC1
C1CCC2CCC(C3CCCC4CCCC43)CC2CC1
C1CCC(CCC2CCC(C3CC3)CC2)CC1
C1CCC2CC(CCCC3CCC4C3CCC3C5CCCCC5CCCC43)CC2C1
C1CCC(CC2CCC(CCC(CC3CCCCC3)C3CCCCC3)CC2)CC1
C(CCCC1CCCCC1)CCCC1CCC(C2CCCCC2)C1
C(CCC1CCCC2CCCCC12)CC1CCCC2CCCCC12
C1CCC2C(C1)CCCC1CCCCC12
C1CCC(C2CCC3CC4(CCCCCCC4C4CCCCC4)CCC32)CC1
C1CCC(CCCCCC2CCCC3C(C4CCCCC4)CCC23)CC1
C1CCC(C2CC3CCCCC3C3CCCCC3C2)CC1
C1CCC2CCC(C3CCCC4CCCC43)CC2CC1
C1CCC(CCCCC2CCC3CCCCC23)CC1
C1CCC2CCC(C3CCCC4CCCC43)CC2CC1
C1CCC2CCC(C3CCCC4CCCC43)CC2CC1
C1CCC(CCCCC2CC3CCCCC3C2)CC1
C1CCC(CCCCC2CC3CCCCC3C2)CC1
C1CCC(C2CCC3CC4C(CCC5C6CCC(CCCCC7CC8CCCCC8C7)C6CCC45)CC32)CC1
C1CCC2C(C1)CCC1C3CCCC3CCC21
C1CCC(C2CCC3CC4C(CCCC45CCCCC5)CC32)CC1
C1CCC(CCCC2CCC3CCC(C4CCCC5CCCC54)CC3C2)CC1
C1CCC(CCC2CCC3C(CCC4C5CCCC5CCC34)C2)CC1
C1CCC(C2CC3CCCC3C3CCC4CCCCC4C23)CC1
C1CCC(CC2CCCCC2CC2CC3CCCCC3C3CCC4CCCCC4C23)CC1
C1CCC2CC(C3CCCC4CCCC43)CCC2C1
C1CCC(CCC2CCC3C(CCC4C5CCCC5CCC34)C2)CC1
C1CCC(CCC2CCC(C3CC3)CC2)CC1
C1CCC(C2CC3CCCCC3C3CCC4CCCCC4C23)CC1
C1CCC(CCCC2(CCC3CCCC3)CCC3C4CCCC5CCCCC5C4CCC32)C1
C1CCC(C2CCC(CCCCCC3CCCC4C(C5CCCCC5)CCC34)C2)CC1
C1CCC(C2CC3CCCCC3C3CCC4CCCCC4C23)CC1
C(CCC1CCC2CCCCC2C1)CCC1CCCC2CCCCC12
C1CCC(C2CCC3CC4C(CCC45CCCC5)CC32)CC1
C1CCC2C(C1)CCC1C3CCCC3CCC21
C1CCC2CC(CC3CCCC4CCCC43)CCC2C1
C1CCC(CC2CC3CCCCC3CC3CCC4CCCCC4C32)CC1
C(CCC1CCCC2CCCC12)CC1CC2CCCCC2C1
C1CCC(CCCCCC2CCCC3C2CCC3C2CCCC(CC3CCCC3)C2)CC1
C1CCC2CCC3C4CCC(CCCC5CC6CCCCC6C5)C4CCC3C2CC1
C1CCC2C(C1)CCC1C2CCC2C3CCCC3CC21
C1CCC2CCC(C3CCCC4CCCC43)CC2CC1
C1CCC(CCC(CCC2CCC3CCCCC3C2)CC2CCCCC2)CC1
C1CCC(C2CCC(CCCCCC3(C4CCCCC4)CCC3)C2)CC1
C1CCC2CCC3C4CCCC4CCC3C2CC1
C1CCC(CCC2CCC3C(CCC3C3CCCCC3)C2)CC1
C1CCC(C2CCC3CC4C(CCC5C6CCC(CCCC7CC8CCCCC8C7)C6CCC45)CC32)CC1
C1CCC(C2CCC3CC4C(CCC45CCCC5)CC32)CC1
C1CCC(CCCC23CCCCC2CC2C4CCC5CCCCC5C4CCC23)C1
C1CCC(CC2CC3CCCCC3C3CCC4CCCCC4C3C2)CC1
C1CC2CCC3C(CCC4CCC5CC5C43)CC2C1
C1CCC(C2CC3CCCC3C3CCC4CCCCC4CC23)CC1
C1CCC(CCC2(CCCC3CC4CCCCC4C3)CCC3C4CCC5CCCCC5C4CCC32)C1
C1CCC(C2CCC3CC4C(CCC45CCCCC5)CC32)CC1
C1CCC2C(C1)CCC1C3CCCC3CCC21
C1CCC(CCCCC2CC3CCCCC3C2)CC1
C(CCC1CC2CCCCC2C1)CCC1CCCC2CCCC12
C1CCC(CC2CC3CCCCC3CC3CCC4CCCCC4C32)CC1
C(CCCC1CCCC2CCCC12)CCC1CCCCC1
C(CCCC1CCCCC1)CCCC1CCC(C2CCCCC2)C1
C1CCC(C2CCC3CCCCC3C3CCCCC23)CC1
C(CCC1CCCC2CCCCC12)CC1CCC2CCCCC2C1
C1CCC(CC2CCC3CC4C(CCCC45CCCC5)CC23)CC1
C(CCCC1CCCC2C(C3CCCCC3)CCC12)CCC1CCCCC1
C1CCC2C(C1)CCCC2CCCC1CCCC2CCCCC21
C1CCC(CCCCCC2CC3CCCCC3C2)CC1
C1CCC(CCCC2CCC3CCC(C4CCCC5CCCC54)CC3C2)CC1
C(CCC1CCCC2CCCC12)CC1CC2CCCCC2C1
C1CCC(CCCCC2CC3CCCCC3C2)CC1
C1CCC(CCC2CCC3C(CCC3C3CCCCC3)C2)CC1
C(CCC1CCCC2CCCCC12)CC1CCC2CCCCC2C1
C1CCC(CCCCCC2CC3CCCCC3C2)CC1
C1CCC2C(C1)CCC1CCCCC12
C1CCCC(CC2CCCCC2CC2CC3CCCCC3C3CCC4CCCCC4C23)CC1
C1CCC(CC2CC3CCCCC3C3CCC4CCCCC4C23)C1
C(CCCCC1CCC(C2CCCCC2)C1)CCCC1CCCCC1
C1CCC(CCC2CCC3C(CCC3C3CCCCC3)C2)CC1
C1CCC(CCCC(CCC2CCC3C(CCC3C3CCCCC3)C2)C2CCCCC2)CC1
C1CCC(CCC2CCCC3CC4C(CCC4C4CCCCC4)CC23)CC1
C1CCC2C(C1)CCC1C3CCCCC3CCCC21
C(CCC1CCCC2CCCC12)CC1CC2CCCCC2C1
C1CCC(CCCCC2CC3CCCCC3C2)CC1
C1CCC2C(C1)CCCC1C3CCCC3CCC21
C1CCC2CC(C3CCCC4CCCC43)CCC2C1
C(CCC1CCC2C(CCC3C4CCCC4CCC23)C1)CC1CCC(C2CC3CCCC3C3CCC4CCCCC4C23)CC1
C1CCC2CC(C3CCCC4CCCC43)CCC2C1
C1CCC2CC(CCCC3CCC4C3CCC3C5CCCCC5CCC43)CC2C1
C1CCC2CCC3C4CCCC4CCC3C2CC1
C1CCC(C2CCC3CC4CCCCC4CC32)CC1
C(CCC1CC2CCCCC2C1)CCC1CCCC2CCCC12
C1CCC(CCC2CCC3C(CCC3C3CCCC3)C2)CC1
C1CCC2C(C1)CCC1C3CCCC3CCCC21
C(CCC1CCCC2CCCCC12)CC1CCCC2CCCCC12
C1CCC(CCC2CCC3C(CCC3C3CCCC3)C2)CC1
C1CCC(CCCCC2CCC3CCC(C4CCCC5CCCC54)CC3C2)CC1
C1CCC2CC(C3CCCC4CCCC43)CCC2C1
C1CCC(CC2CCC(CCCC3CCC4CCCC4C3)CC2)C1
C1CCC(CCCC(CCC2CCC3CCCC3C2)CC2CCCCC2)CC1
C1CCC(CCC2CCCCC2)CC1
C(CCCC1CCCCC1)CCC1CCCCC1
C1CCC2C(C1)CCC1C3CCCC3CCC21
C1CCC(CCCC2CCC3C(CCC3C3CCCCC3)C2)CC1
C(CCC1CCCC2CCCCC12)CC1CC2CCCCC2C1
C1CCC(CCCC2CC3CCCCC3C2C2CCCCC2)CC1
C(CCC1CC2CCCCC2C1)CCC1CCCC2CCCC12
C(CCCC1CCC2C(CCC2C2CCCCC2)C1)CCC1CCCCC1
C1CCC(CCCCCC2CC3CCCCC3C2)CC1
C1CCC(CCC(CCC2CCC3CCCCC3C2)CC2CCCCC2)CC1
C1CCC(CCC2CCC3C(CCC3C3CCCCC3)C2)CC1
C1CCC(CCC2CCC(CC3CCC4C(CCC4C4CCCCC4)C3)CC2)CC1
C1CCC(CCCCC2CC3CCCCC3C2)CC1
C1CCC2C(C1)CCC1C3CCCCC3CCC21
C1CCC2CCC3C4CCCC4CCC3C2CC1
C1CCC(C2CCC(CCCCCC3CCCC4CCCCC34)C2)CC1
C1CCC(CCC2CCCC3CC4C(CCC4C4CCCCC4)CC23)CC1
C1CCC(CC2CC3CCCCC3C3CCC4CCCCC4C23)CC1
C1CCC(CCC2CCC3C(CCC3C3CCCCC3)C2)CC1
C1CCC2CCC3C(CCC4C5CCCC5CC43)C2CC1
C1CCC2CC(C3CCCC4CCCC43)CCC2C1
C1CCC(CCCC2CCCC3CC4C(CCC4C4CCCCC4)CC23)CC1
C1CCC(CC2CCCCC2CC2CC3CCCCC3C3CCC4CCCCC4C23)CC1
C1CCC(CCCCC2CCC3CCC(C4CCCC5CCCC54)CC3C2)CC1
C1CCC(C2CC3CCCC3C3CCC4CCCCC4C23)CC1
C1CCC(CCCCC2CCC3CCCCC23)CC1
C1CCC2CC3CCCCC3CCC2C1
C1CCC(CCCC2CCC3C2CCC(C2CCCCC2)C2C4CCCCC4CCC32)CC1
C1CCC2CCC(C3CCCC3)CC2CC1
C(CCCC1CCCC2C(C3CCCCC3)CCC12)CCC1CCCCC1
C1CCC2CC(C3CCCC4CCCC43)CCC2C1
C1CCC(C2CC3CCCC3C3CCC4CCCCC4C23)CC1
C1CCC(C2CC3CCCCC3CC3CCC(CCC4CCCC4)CC32)CC1
C1CCC(CCC2CCC3C(CCC3C3CCCCC3)C2)CC1
C1CCC(C2CC3CCCC3C3CCC4CCCCCC4C23)CC1
C1CCC2C(C1)CCC1C3CCCCC3CCC21
C1CCC(CCC2CCC3C(CCC3C3CCCCC3)C2)CC1
C1CCC2CCC3C(CCC4C3CCC4(CCCC3CCC4CCCCC4C3)CCC3CCCC3)C2CC1
C1CCC(C2CCC3C(CCCCCC4CC4)CCCC23)CC1
C1CCC(CC2CCC3C(CCC3C3CCCCC3)C2)CC1
C1CCC(CCC2CCC3C(CCC3C3CCCCC3)C2)CC1
C1CCC(CCCCC2CC3CCCCC3C2)CC1
C1CCC(CCCCC2CC3CCCCC3C2)CC1
C1CCC(CCCCCC2CC3CCCCC3C2)CC1
C1CCC(CCCCCC2CCC3C(CCC3C3CCCCC3)C2)CC1
C1CCC2CC(C3CCCC4CCCC43)CCC2C1
C1CCC(CCCCC2CC3CCCCC3C2)CC1
C1CCC(CCCCC2C3CCCCC3CCC2C2CCCC3CCCC32)CC1
C1CCC(CCCC2CCC3CCC(C4CCCC5CCCC54)CC3C2)CC1
C1CCC(C2CCC3C(CCCCCC4CCC(C5CCCC5)C4)CCCC23)CC1
C1CCC(CCCC2CCC3C(CCC3C3CCCCC3)C2)CC1
C1CCC(C2CC3CCCC3C3CCC4CCCCC4C23)CC1
C1CCC(CCCC2CC3CCCCC3C2CC2CCCCC2)CC1
C1CCC(CCC(CCC2CCC3CCCC3C2)CC2CCCCC2)CC1
C(CCC1CCC2CCCCC2C1)CCC1CCCCC2CCCCC12
C1CCC(CC2CCCC(C3CCC4CC(CCCC5CCC6CCCCC6C5)CCC43)C2)C1
C1CCC(CCC2CCC3C(CCCC4C5CCCC5CC(CCC5CCCCC5)C34)C2)CC1
C1CCC(CCCCC2CC3CCCCC3C2)CC1
C1CCC(C2CC3CCCC3C3CCC4CCCCC4C23)CC1
C1CCC(CCCCC2CC3CCCCC3C2)CC1
C1CCC(CCC2CCC3C(CCC3C3CCCCC3)C2)CC1
C1CCC(CCC(CCC2CCC3CCCC3C2)CC2CCCCC2)CC1
C1CCC2C(C1)CCC1C3CCCCC3CCC21
C1CCC2CCC(C3CCCC4CCCC43)CC2CC1
C1CCC(C2CCC3C(CCC4CCCCC43)C2)CC1
C1CCC(CCCC2CCC3CCC(C4CCCC5CCCC54)CC3C2)CC1
C1CCC(CCCCC2CC3CCCCC3C2)CC1
C1CCC2CCC(C3CCCC4CCCC43)CC2CC1
C1CCC(CC2CCC(CC(CC3CCCCC3)C3CCCCC3)CC2)CC1
C1CCC(CCCCCC2CCC3CCCCC23)CC1
C(CCC1CCCC2CCCC12)CC1CC2CCCCC2C1
C1CCC(CCCCC2CCC3CCCCC23)CC1
C1CCC(C2CCC3CC4C(CCC45CCCC5)CC32)CC1
C1CCC(CCCCCC2CC3CCCCC3C2)CC1
C1CCC(C2CCCCC2CC2CC3CCCCC3C3CCC4CCCCCC4C23)CC1
C1CCC2CC(CC3CCCC4CCCC43)CCC2C1
C1CCC(CC2CC3CCCCC3C3CCC4CCCCCC4C23)CC1
C(CCCCC1CCC(C2CCCCC2)C1)CCCC1CCCCC1
C1CCC(CC2CCC3CC4C(CCC45CCCC5)CC23)CC1
C1CCC(CCC2CCC3C2CCC2C4CCCCC4CCC32)C1
C1CCC(CCCCCC2CC3CCCCC3C2)CC1
C1CCC2CC(C3CCCC4CCCC43)CCC2C1
C1CCC(CCC2CCC(CC3CC3)CC2)CC1
C1CCC(C2CC3C(CCC34CCCC4)C3CCC4CCCCCC4C23)CC1
C1CCC(CCC2CCC3C2CCC2C4CCCCC4CCCC32)C1
C1CCC(CCCCC2CC3CCCCC3C2)CC1
C1CCC(CC2CCC(CCC(CC3CCCCC3)C3CCCCC3)CC2)CC1
C1CCC(C2CCC3CCCC3CC3CCC4CCCCC4C32)CC1
C1CCC(C2CCC3CC4C(CCC5C6CCC(CCCCC7CCC8CCCCC8C7)C6CCC45)CC32)CC1
C1CCC(CC2CCC3C(CCC3C3CCCCC3)C2)CC1
C1CCC(CCC2CCC(CCC3CCCC(CC4CCCC4)C3)CC2)CC1
C1CCC(CCCCC2CC3CCCCC3C2)CC1
C1CCC2C(C1)CCC1C3CCCCC3CCC21
C1CCC(C2CC3CCCC3C3CCC4CCCCCC4C23)CC1
C(CCC1CCCC2CCCC12)CC1CC2CCCCC2C1
C1CCC2CCC(C3CCCC4CCCC43)CC2CC1
C1CCC2C(C1)CC(C1CCCC1)C1CCCC21
C1CCC2CC(C3CCCC4CCCC43)CCC2C1
C1CCC(C2CC3CCCC3C3CCC4CCCCC4C23)CC1
C1CCC2C(C1)CCC1C3CCCC3CCC21
C1CCC(C2CCC3(CCC4CCC5C(CCC5C5CCCCC5)CC43)C2)CC1
C1CCC(C2CC3CCCC3CC3CCC4CCCCC4C32)CC1
C1CCC2C(C1)CC(C1CCCC1)C1CCCCC21
C1CCC(C2CCC3CC4C(CCC45CCCC5)CC32)CC1
C(CCC1CCC2CCCCC2C1)CCC1CCCC2CCCCC12
C1CCC2C(C1)CCCC1C2CCC2C3CCCC3CC21
C(CCCC1CCCC2C(C3CCCCC3)CCC12)CCC1CCCCC1
C1CCC(C2CCC3CCCC3C3CCC4CCCCC4C23)CC1
C1CCC(C2CC3CCCC3CC3CCC4CCCCC4C32)CC1
C1CCC(C2CC3CCCC3C3CCC4CCCCC4C23)CC1
C1CCC(CCCCCC2CC3CCCCC3C2)CC1
C1CCC2CC(C3CCCC4CCCC43)CCC2C1
C1CCC2CCC(C3CCCC4CCCC43)CC2CC1
C1CCC(CCCCC2CC3CCCCC3C2)CC1
C1CCC2CCC3C4CCC(CCCC5CC6CCCCC6C5)C4CCC3C2CC1
C1CCC(CCC2CCC3C(CCC3C3CCCCC3)C2)CC1
C1CCC(CCCCC2CC3CCCCC3C2)CC1
C1CCC(CCC2CCCCC2)CC1
C1CCC2C(C1)CCCC1C3CCCC3CCC21
C1CCC(C2CCC3CC4C(CCCC5C6CCC(CCCC7CCC8CCCCC8C7)C6CCC45)CC32)CC1
C1CCC(CC2CC3CCCCC3C3CCC4CCCCCC4C23)CC1
C1CCC(CCCCC2CC3CCCCC3C2)CC1
C1CCC(C2CC3CCCC3C3CCC4CCCCCC4C23)CC1
C1CCC(CCCCC2CCC3C2CCC2C4CCCCCC4CCC32)CC1
C1CCC(CC2CCC3C(CCC3C3CCCCC3)C2)CC1
C1CCC(C2CCC3CCCC3C3CCC4CCCCCC4C23)CC1
C1CCC(C2CC3CCCC3C3CCC4CCCCCC4C23)CC1
C1CCC2CCC3C4CCCCC4CCC3C2CC1
C(CCC1CCCC2CCCC12)CC1CC2CCCCC2C1
C1CCC(CCC2CCC3C(CCC3C3CCCCC3)C2)CC1
C1CCC(C2CC3CCCCC3C3CCC4CCCCC4C23)CC1
C1CCC2CCC3C4CCCC4CCC3C2CC1
C(CCC1CCC2CCCCC2C1)CCC1CCCC2CCCCC12
C1CCC(CCCC(CCC2CCC3CCCC3C2)CC2CCCCC2)CC1
C(CCC1CCC2CCCCC2C1)CCC1CCCC2CCCCC12
C(CCCC1CCCC2C1CCC2C1CCCC(CC2CC2)C1)CCC1CCCCC1
C1CCC(C2CC3CCCCC3C3CCC4CCCCC4C23)CC1
C1CCC2CC(CC3CCCC4CCCC43)CCC2C1
C1CCC2CCC3C4CCCCC4CC(CC4CCCC4)C3C2CC1
C1CCC(CCC2CCC(C3CC3)CC2)CC1
C1CCC(CCC2CCC3C(CCC3C3CCCCC3)C2)CC1
C(CCC1CCCC2CCCCC12)CC1CCCC2CCCCC12
C(CCCC1CCCC2C(C3CCCCC3)CCC12)CCC1CCCCC1
C1CCC2CC(C3CCCC4CCCC43)CCC2C1
C(CCCC1CCCC2CCCCC12)CCC1CCC(C2CCCCC2)C1
C1CCC2C(C1)CCC1CCCCC12
C1CCC(CC2CC3CCCCC3C3CCC4CCCCC4C23)CC1
C1CCC(CCCCC2CCCC3CCCCC23)CC1
C1CCC(CCCCCC2CC3CCCCC3C2)CC1
C1CCC(C2CC3CCCC3CC3CCC4CCCCC4C32)CC1
C(CCC1CCCC2CCCCC12)CC1CCCC2CCCCC12
C1CCC(C2CC3CCCC3C3CCC4CCCCC4C23)CC1
C1CCC(CCCCC2CCC3CCCCC23)CC1
C1CCC(CCCCC2CC3CCCCC3C2C2CCCCC2)CC1
C1CCC(CC2CC3CCCCC3C3CCC4CCCCCC4C23)CC1
C1CCC(CC2CCCCCC23CCCC2C(CCC2C2CCCCC2)C3)CC1
C1CCC(C2CC3CCCC3C3CCC4CCCCC4CC23)CC1
C1CCC2C(C1)CCC1C3CCCC3CCC21
C1CCC(C2CCC3CC4C(CCC32)CCC2C3CCC(CCCC5CCC6CCCCC6C5)C3CCC42)CC1
C1CCC2CCC(C3CCCC4CCCC43)CC2CC1
C1CCC2C(C1)CCC1C3CCCC3CCCC21
C1CCC2CC(C3CCCC4CCCCC43)C3CCCC3C2CC1
C(CCCC1CCCC2CCCCC12)CCC1CCC(C2CCCCC2)C1
C1CCC(CCCCCC2CC3CCCCC3C2)CC1
C1CCC(C2CCC3CCCC3C3CCC4CCCCC4C23)CC1
C1CCC(CCC2CCC3C(CCC3C3CCCCC3)C2)CC1
C1CCC(C2C3CCCC3CC3CC4CCCC4CC32)CC1
C1CCC2CCC3C4CCC(CCCC5CC6CCCCC6C5)C4CCC3C2CC1
C1CCC(CCC2CCCCC3CC4C(CCC4C4CCCCC4)CC23)CC1
C1CCC(CCC2CCC3C(CCC3C3CCCCC3)C2)CC1
C1CCC(C2CCC3CCCC3C3CCCC4CCCCC4C23)CC1
C1CCC(CCCCC2CCCCC3CCC(C4CCCCC4)CC23)CC1
C1CCC(C2CC3CCCC3C3CCC4CCCCCC4C23)CC1
C1CCC(CCC2CCC3C(CC4CCCCC4)CCC3C2)CC1
C1CCC(C2CC3CCCC3C3CCC4CCCCC4CC23)CC1
C1CCC2CC3CCC4CCCC4C3CCC2C1
C(CCCCC1CCC(C2CCCCC2)C1)CCCC1CCCCC1
C1CCC2C(C1)CC(C1CCCC3CCCC31)C1CCCC21
C1CCC2C(C1)CCCC2CCCC1CCC2C1CCC1C3CCCCC3CCC21
C1CCC(C2CC3CCCC3C3CCC4CCCCC4C23)CC1
C1CCC(CCC2CCC3C(CCCC4C5CCCC5CC(CCC5CCCCC5)C34)C2)CC1
C1CCC(CC2CC3CCCCC3C3CCC4CCCCC4C23)CC1
C1CCC(CC2CCC(C3CC4CCCC4C4CCC5CCCCC5C34)CC2)CC1
C1CCC(C2CC3CCCC3C3CCC4CCCCCC4C23)CC1
C1CCC(CCCC(CCC2CCC3CCCC3C2)CC2CCCCC2)CC1
C1CCC(CCCCC2CC3CCCCC3C2)CC1
C1CCC2CCC3C4CCC(CCCC5CCCC6CCCCC65)C4CCC3C2CC1
C1CCC(CCCC2CCC3C(CCC4C5CCCC5CCC34)C2)CC1
C1CCC(CCCC2CCCC3CCC(C4CCCC5CCCC54)CC3C2)CC1
C1CCC(CCC2CCC3C(CCC4C5CCCC5CC(CCC5CCCCC5)C34)C2)CC1
C1CCC(CCCCC2CCC3CCC(C4CCCC5CCCC54)CC3C2)CC1
C1CCC(CC2CCC3C(CCC3C3CCCCC3)C2)CC1
C(CCC1CCCC2CCCCC12)CC1CC2CCCCC2C1
C1CCC(CCC(CC2CCC(CC3CCCCC3)CC2)C2CCCCC2)CC1
C1CCC(CCCCC2CC3CCCCC3C2)CC1
C1CCC2CC(CC3CCCC4CCCC43)CCC2C1
C1CCC(C2CCC3C(CCCC4CCCCC43)C2)CC1
C1CCC2C(C1)CCC1CCCCC12
C1CCC(C2CC3CCCC3C3CCC4CCCCC4C23)CC1
C1CCC(C2CC3CCCCC3C3CCC(CCC4CCCC4)CC23)CC1
C1CCC(CC2CCCCCC23CCC2C(CCC2C2CCCCC2)C3)CC1
C1CCC(C2CC3CCCCC3C3CCCCC23)CC1
C1CCC(CC2CCCCCC23CCC2CCC(C4CCCCC4)C2CC3)CC1
C1CCC(CCC2CC3CCCCC3C3CCC4CCCCC4C23)CC1
C1CCC(C2CC3CCCC3C3CCC4CCCCC4C23)CC1
C1CCC(CCCCC2CC3CCCCC3C2)CC1
C1CCC(C2CC3CCCC3C3CCC4CCCCCC4C23)CC1
C1CCC(CCCCC2CC3CCCCC3C2)CC1
C1CCC(CC2CC3CCCCC3C3CCC4CCCCC4C23)CC1
C1CCC(CCCCC2CC3CCCCC3C2)CC1
C1CCC(CC2CCC3CCCCC3C3CCC4CCCCC4C23)C1
C1CCC(CCCCC2CC3CCCCC3C2)CC1
C1CCC(CCC2CCC3C(CC4CCCCC4)CCC3C2)CC1
C1CCC(C2CCC3C(CCCC4CCCCC43)C2)CC1
C1CCC(CCCC(CCC2CCC3CCCC3C2)CC2CCCCC2)CC1
C(CCCC1CCCC2C(C3CCCCC3)CCC12)CCC1CC1
C1CCC2C(C1)CCC1C3CCCC3CCC21
C(CCC1CCCC1)CCC1CCCC2CCCCC12
C1CCC(CCCCCC2CCCC3C(C4CCCCC4)CCC23)CC1
C1CCC2C(C1)CCC1CCCCC12
C(CCCC1CCCC2C(C3CCCCC3)CCC12)CCC1CCCCC1
C1CCC2CCC3C(CCC4C5CCCC5CC43)C2CC1
C1CCC(CCCCC2CC3CCCCC3C2)CC1
C1CCC2CCC3C4CCC(CCCC5CCC6CCCCC6C5)C4CCC3C2CC1
C1CCC(CCCCC2CC3CCCCC3C2)CC1
C1CCC2CC(CCCC3CCC4C3CCCC3C5CCCCC5CCC34)CC2C1
C1CCC(C2CCC(CCCCCC3CCCC4CCCCC34)C2)CC1
C1CCC2C(C1)CCC1C3CCCCC3CCC21
C1CCC(CCCCCC2CC3CCCCC3C2)CC1
C1CCC2CC(C3CCCC4CCCC43)CCC2C1
C1CCC(CCC2CCC3C(CCC4CC(C5CCCCC5)CCCC43)C2)CC1
C1CCC(CCC(CCC2CCCCC2)CCC2CCC3CCCC3C2)CC1
C1CCC(CCCCC2CC3CCCCC3C2)CC1
C1CCC(CCCCC2CC3CCCCC3C2)CC1
C1CCC(C2CCC3CC4C(CCC5C6CCC(CCCC7CCC8CCCCC8C7)C6CCC45)CC32)CC1
C1CCC2CCC(C3CCCC4CCCC43)CC2CC1
C1CCC(C2CCC3CC4C(CCCC45CCCC5)CC32)CC1
C1CCC(CCC2CCC3C(CCC3C3CCCCC3)C2)CC1
C1CCC(C2CC3CCCC3C3CCCC4CCCCC4C23)CC1
C1CCC(CCCCCC2CCCC3C(C4CCCCC4)CCC23)CC1
C(CCC1CCCC2CCCC12)CC1CC2CCCCC2C1
C1CCC2C(C1)CCC1C3CCCC3CCC21
C1CCC2C(C1)CCC1C3CCCC3CCC21
C1CCC(C2CC3CCCC3C3CCC4CCCCC4CC23)CC1
C1CCC(C2CCC3C(CCC3C3CCCCC3)C2)CC1
C1CCC(CCCC2CCC(C3CCC4C(CCC4C4CCCCC4)C3)CC2)CC1
C1CCC(CCCCCC2CC3CCCCC3C2)CC1
C1CCC2C(C1)CCC1C3CCCCC3CCC21
C1CCC(CCC2CCCC3CCC4C(CCC4C4CCCCC4)CC23)CC1
C1CCC(C2CCCC3C(CCC4CCCCC43)C2)CC1
C1CCC(CCCCC2CC3CCCCC3C2)CC1
C1CCC2CC(CCCC3CCCC4C3CCC3C5CCCCC5CCC43)CC2C1
C1CCC(CCCCC2CC3CCCCC3C2)CC1
C(CCCC1CCCC2C(C3CCCCC3)CCC12)CCC1CCCCC1
C1CCC2CC(C3CCCC4CCCC43)CCC2C1
C1CCC(CCCCC2CC3CCCCC3C2)CC1
C1CCC(CCC2CCC3C(CCC3C3CCCCC3)C2)CC1
C1CCC(C2CCC3CC4C(CCC5C6CCC(CCCCC7CCC8CCCCC8C7)C6CCC45)CC32)CC1
C1CCC(CCCCCC2CC3CCCCC3C2)CC1
C1CCC(CC2CC3CCCCC3CC3CCC4CCCCC4C32)C1
C1CCC(C2CCC3CC4C(CCC45CCCCC5)CC32)CC1
C1CCC(CC2CCC3CC4C(CCC45CCC(C4CCCCC4)C5)CC23)CC1
C1CCC2CCC3C4CCCCC4CCC3C2CC1
C1CCC(CCCCCC2CC3CCCCC3C2)CC1
C(CCCCC1CCC(C2CCCCC2)C1)CCCC1CCCCC1
C1CCC(CCC2CCC3C(CCC3C3CCCCC3)C2)CC1
C1CCC2C(C1)CCC1C3CCCC3CCC21
C1CCC(CCCCCC2CC3CCCCC3C2)CC1
C1CCC2C(C1)CCC1CCCCC12
C1CCC(CC2CC3CCCCC3C3CCC4CCCCC4C23)CC1
C1CCC(CCCCC2CC3CCCCC3C2)CC1
C(CCCCC1CCC(C2CCCCC2)C1)CCCC1CCCCC1
C1CCC2C(C1)CC(C1CCCC3CCCCC31)C1CCCCC21
C1CCC2C(C1)CCC(C1CCCC1)C1CCCCC21
C1CCC(C2CC3CCCC3C3CCC4CCCCC4C23)CC1
C1CCC2CCC(C3CCCC4CCCC43)CC2CC1
C1CCC(CCCCCC2CCC3CCCCC23)CC1
C1CCC2CC(C3CCCC4CCCC43)CCC2C1
C1CCC(C2CC3CCCC3C3CCCC4CCCCC4C23)CC1
C1CCC(C2CC3CCCCC3C3CCC4CCCCC4C23)CC1
C(CCC1CCC2CCCCC2C1)CCC1CCCC2CCCC12
C1CCC(C2CCC3CC4CCCCC4CC32)CC1
C1CCC(CCC(CC2CCC3C(CCC3C3CCCCC3)C2)C2CCCCC2)CC1
C1CCC(CCC2CCC3C(CCC3C3CCCCC3)C2)CC1
C1CCC(CCCCC2CCC(C3CCC4C(CCC4C4CCCCC4)C3)CC2)CC1
C1CCC(CCCCC2CC3CCCCC3C2)CC1
C1CCC(CC2CCC3C(CCC3C3CCCCC3)C2)CC1
C1CCC(CCCCC2CC3CCCCC3C2)CC1
C(CCC1(C2CCCC2)CCCCC2CCCCC21)CC1CCC2CCCCC2C1
C1CCC(C2CCC3CC4C(CCC32)CCC42CCCC2)CC1
C1CCC2C(C1)CCC1C3CCCC3CCC21
C1CCC(CC2CC3CCCCC3C3CCC4CCCCC4C23)CC1
C1CCC(CCCCCC2CCCC3C2CCC3C2CCCC(CC3CCC3)C2)CC1
C1CCC(C2CC3CCCC3C3CCCC4CCCCC4C23)CC1
C1CCC(C2CCC(CCCCCC3(C4CCCC4)CCCCC4CCCCC43)C2)CC1
C1CCC(CCC2CC3CCCCC3C3CCC4CCCCC4C23)CC1
C(CCC1CCCC2CCCCC12)CC1CCC2CCCCC2C1
C1CCC(CCCCC2CC3CCCCC3C2)CC1
C(CCC1CCCC2CCCCC12)CC1CC2CCCCC2C1
C1CCC(CCCCCC2CCCC3C2CCC3C2CCC(CC3CCC3)CC2)CC1
C1CCC(CC2CC3CCCCC3CC3CCC4CCCCC4C32)C1
C1CCC(CC(CC2CCCCC2)C2CCCCC2)CC1
C1CCC(CCCCCC2CC3CCCCC3C2)CC1
C1CCC(CCCCC2CCC3CCC(C4CCCC5CCCC54)CC3C2)CC1
C1CCC2C(C1)CCC1C3CCCCC3CCC21
C1CCC(CCC2CCC(C3CCCC4C(CC5CCCCC5)CCC34)C2)CC1
C1CCC2C(C1)CCCC1CCCCC12
C1CCC(CCC2CCC3C(CCC3C3CCCC(CCC4CCCC4)C3)C2)CC1
C1CCC(CCC(CCC2CCC3CCCC3C2)CC2CCCCC2)CC1
C1CCC2C(C1)CCCC1C3CCCC3CCC21
C1CCC(C2CCC3CC4C(CCC5C6CCC(CCCCC7CCCC8CCCCC78)C6CCC45)CC32)CC1
C1CCC2C(C1)CCC1C3CCCC3CCC21
C1CCC(CCCCC2CC3CCCCC3C2)CC1
C1CCC(C2CCC(C3CC4CCCC4C4CCC5CCCCC5C34)CC2)C1
C(CCCC1CCCC2C(C3CCCCC3)CCC12)CCC1CCCCC1
C1CCC(C2CCC3C(CCCC4CCCCC43)C2)CC1
C1CCC2CC(C3CCCC4CCCC43)CCC2C1
C1CCC(CCCCCC2CC3CCCCC3C2)CC1
C1CCC(C2CC3CCCC3C3CCC4CCCCCC4C23)CC1
C1CCC(CCCCCC2CCCC3CCC(C4CCCCC4)CC23)CC1
C1CCC(CCCCCC2CCC3CCCCC23)CC1
C1CCC(CCCCC2CC3CCCCC3C2)CC1
C1CCC2C(C1)CCCC1CCCCC12
C1CCC(C2CC3CCCC3C3CCC4CCCCC4C23)CC1
C(CCC1CCCC2CCCCC12)CC1CCCC2CCCCC12
C1CCC(CCCCC2CC3CCCCC3C2)CC1
C1CCC2CCC(C3CCCC4CCCC43)CC2CC1
C(CCCC1CCC2CCCC2C1)CCCC1CCC(C2CCCCC2)C1
C1CCC2CCC3C4CCC(CCCC5CC6CCCCC6C5)C4CCC3C2CC1
C1CCC2CC(C3CCCC4CCCC43)CCC2C1
C1CCC(CCC2CCC3C(CCC3C3CCCCC3)C2)CC1
C1CCC(CCCCC2CC3CCCCC3C2)CC1
C1CCC(CC2CCCC(C3CCC4CC(CCC5CCC6CCCCC6C5)CCC43)C2)C1
C1CCC2CCC(C3CCCC4CCCC43)CC2CC1
C1CCC2CC(CCCC3CCC4C3CCC3C5CCCCC5CCC43)CC2C1
C1CCC(C2(CCCCC3CCC4CCCCC4C3)CCCC3CCCCC32)CC1
C1CCC2C(C1)CCC1C3CCCC3CCCC21
C1CCC(CC2CC3CCCCC3C3CCC4CCCCCC4C23)CC1
C1CCC(C2CCC3CC4C(CCC45CCCC5)CC32)CC1
C1CCC2C(C1)CCC1CCCCC12
C1CCC(CCC(CCC2CCC3CCCC3C2)CC2CCCCC2)CC1
C1CCC2C(C1)CCC1C3CCCC3CCC21
C1CCC(C2CCC3CCCC3C3CCC4CCCCC4C23)CC1
C1CCC2CC(C1)CCC1C3CCCC3CCC21
C1CCC2CC(CCCC3CCC4C3CCCC3C5CCCCC5CCC34)CCC2C1
C1CCC(CCC(CCC2CCC3CCCC3C2)CC2CCCCC2)CC1
C1CCC(CC2CC3CCCCC3CC3CCC4CCCCC4C32)C1
C1CCC2C(C1)CCC1C3CCCCC3CCC21
C(CCC1CCCC2CCCC12)CC1CC2CCCCC2C1
C(CCCC1CCCC2C(C3CCCCC3)CCC12)CCC1CCCCC1
C1CCC(CCCCC2CCC3CCCCC23)CC1
C1CCC(CCC2CCC3C(CCC3C3CCCCC3)C2)CC1
C1CCC(CCCCCC2CCC3CCCCC3C2)CC1
C1CCC(C2CCC3CC4C(CCCC45CCCCC5)CC32)CC1
C(CCCCCCC1CCC(CCC2CCC(CCC3CCCC3)C2)C1)CCCCCCC1CCC2C1CCC1C3CCCCC3CCC21
C1CCC2CCC(C3CCCC4CCCC43)CC2CC1
C1CCC2C(C1)CCC1C3CCCCC3CCC21
C1CCC(C2CC3CCCC3C3CCC4CCCCCC4C23)CC1
C1CCC(C2CCC3C(CCC4CCCCC43)C2)CC1
C1CCC(CC2CCC(C3CC4CCCC4C4CCC5CCCCC5C34)CC2)CC1
C1CC2CCC3C(CCC4CCCCC43)CC2C1
C1CCC(CCC2CCC3C(CCC3C3CCCCC3)C2)CC1
C1CCC2C(C1)CCC1C3CCCC3CCC21
C1CCC(CCCCC2CCCC3CCCC23)CC1
C1CCC2CC(CC3CCCC4CCCC43)CCC2C1
C1CCC(C2CC3CCCCC3CC3CCCCC32)CC1
C1CCC2CC(CCCC3CCC4C3CCC3C5CCCCC5CCC43)CC2C1
C1CCC(CC2CCCC(CCCC3CCC(CCC4CCC(C5CC5)CC4)CC3)C2)C1
C1CCC(C2CC3CCCC3C3CCC4CCCCC4C23)CC1
C1CCC(C2CCC3CCCC3CC3CCC4CCCCC4C32)CC1
C1CCC(CC2CC3CCCCC3C3CCC4CCCCC4C23)CC1
C1CCC2CCC(C3CCCC3)CC2CC1
C(CCCC1CCCC2C1CCC2C1CCCC(CC2CC2)C1)CCC1CCCCC1
C1CCC(C2CC3CCCC3C3CCC4CCCCCC4C23)CC1
C1CCC(CC2CCC3CCCCC3C2)C1
C1CCC2C(C1)CCCC1C3CCCC3CCC21
C1CCC(C2CCC3CC4(CCCCC4C4CCCCC4)CCCC32)CC1
C1CCC2C(C1)CCC1C3CCCC3CCC21
C1CCC(CCC2CCC3C(CCC4CC(C5CCCCC5)CCCC43)C2)CC1
C1CCC2CCC3CCCCC3C2CC1
C1CCC(CC2CC3CCCCC3C3CCC4CCCCCC4C23)CC1
C(CCC1CCC2C1CCC1C3CCCCC3CCC21)CC1CC2CCCCC2C1
C1CCC(C2CCC3C(CCCC4CCCCC43)C2)CC1
C1CCC(CCC(CC2CC3CCCCC3C2)C2CC2)CC1
C1CCC2CCC3C(CCC4C5CCCC5CC43)C2CC1
C1CCC(CC2CCCC2CC2CC3CCCCC3C3CCC4CCCCC4C23)CC1
C1CCC(CCC2CCC(CCC3CCCC(CC4CCCCC4)C3)CC2)CC1
C1CCC(C2CC3CCCC3C3CCC4CCCCC4C23)CC1
C1CCC2C(C1)CC(C1CCCC3CCCC31)C1CCCCC21
C1CCC(C2CC3CCCC3C3CCC4CCCCCC4C23)CC1
C1CCC(CCC2CCC3C(CCC3C3CCCCC3)C2)CC1
C(CCC1(C2CCCC2)CCCC2CCCCC21)CC1CCC2CCCCC2C1
C1CCC(CCC2CCC3C(CCC3C3CCCCC3)C2)CC1
C1CCC(C2CCC3CC4C(CCCC45CC(C4CCCCC4)C(C4CCCCC4)C5)CCC32)CC1
C1CCC2CC(C3CCCC4CCCC43)CCC2C1
C1CCC(CCCCC2CCC3CCCCC23)CC1
C1CCC(C2CC3CCCC3CC3CCC4CCCCC4C32)CC1
C1CCC(C2CCC(CCCCCC3CCCCC4CCCCC34)C2)CC1
C1CCC2CCC(C3CCCC4CCCC43)CC2CC1
C1CCC(CCC2CCC3C(CCC4C5CCCC5CC(CCC5CCCCC5)C34)C2)CC1
C1CCC(C2CCC3C(CCC4CCCCC43)C2)CC1
C1CCC(CCC2CCC(CCC3CCCC(CC4CCCC4)C3)CC2)CC1
C1CCC(CC2CC3CCCCC3C3CCC4CCCCCC4C23)CC1
C1CCC2CC(C3CCCC4CCCC43)CCC2C1
C1CCC(C2CCC3CC4C(CCC32)CCC42CCCC2)CC1
C1CCC(C2CCC3CCCC3C3CCC4CCCCCC4C23)CC1
C1CCC(CCC2CCC3C(CCC4CCCCC43)C2)CC1
C1CCC2CCCCC2C(CCCCC2CCCC3CCCCC23)C1
C1CCC(CCC2CCCC3C2CCC(C2CCCCC2)C2C4CCCCC4CCC32)CC1
C1CCC(CCC2(CCCC3CC4CCCCC4C3)CCC3C4CCC5CCCCC5C4CCCC32)C1
C1CCC(C2CCC3C(CCC3C3CCCCC3)C2)CC1
C1CCC2CCC(C3CCCC4CCCC43)CC2CC1
C1CCC(C2CCC3CC4C(CCC32)CCC42CCCCC2)CC1
C1CCC(CCCCC2CC3CCCCC3C2)CC1
C1CCC(CC2CCC3C(CCC3C3CCCCC3)C2)CC1
C1CCC(CC2CCCCC(CCC3CCC(CCC4CCC(C5CC5)CC4)CC3)C2)C1
C1CCC(CCC2CCCCC2)CC1
C1CCC2CCC3C4CCC(CCC5CCCC5)C4CCC3C2CC1
C1CCC2CCC3C(CCC4C3CCC4(CCCC3CC4CCCCC4C3)CCC3CCCC3)C2CC1
C1CCC2C(C1)CC(C1CCCC3CCCC31)C1CCCCC21
C1CCC(CCCC2(CCCC3CCCC3)CCC3C4CCC5CCCCC5C4CCC32)C1
C1CCC(CCC2CCC(CCC3CCCCC(CC4CCCC4)C3)CC2)CC1
C1CCC(C2CCC3C(CCC4CCCCC43)C2)CC1
C1CCC(C2CCC3CCC4C(CCC5C6CCC(CCCC7CC8CCCCC8C7)C6CCC45)CC32)CC1
C1CCC(C2C3CCCC3CC3CC4CCCC4CC32)CC1
C(CCC1CCCC2CCCC12)CC1CC2CCCCC2C1
C1CCC(CCC2CCC3C(CC4CCCCC4)CCC3C2)CC1
C1CCC(C2CCC3CCCCC3C3CCC4CCCCC4C23)CC1
C1CCC(CCC2CCC(C3CC3)CC2)CC1
C1CCC2CCC3C4CCCC4CCC3C2CC1
C1CCC(C2CCCCC2CC2CC3CCCCC3C3CCC4CCCCCC4C23)CC1
C(CCC1CCCC2CCCCC12)CC1CCCC2CCCCC12
C(CCCCCCC1CCC2C1CCC1C3CCCCC3CCC21)CCCCCC1CCC(CCC2CCC(CCC3CCCC3)C2)C1
C1CCC(CCCC2CCC3C(CCC3C3CCCCC3)C2)CC1
C1CCC(CCCCC2CC3CCCCC3C2)CC1
C1CCC(CCCC2CCCC3CCC(C4CCCC5CCCC54)CC3C2)CC1
C1CCC(CCCC2CCC3C(CCC4C5CCCC5CC(CCC5CCCCC5)C34)C2)CC1
C1CCC(C2CCC3C(CCCC4CCCCC43)C2)CC1
C1CCC(CCC2CCC3C(CCC3C3CCCCC3)C2)CC1
C(CCCC1CCCCC1)CCCC1CCC(C2CCCCC2)C1
C1CCC(CCCCCC2CCCC3C(CC4CCCCC4)CCC23)CC1
C1CCC(CCCCCC2CCCC3C(C4CCCCC4)CCC23)CC1
C1CCC(CCCCC2CCC3CCCCC23)CC1
C1CCC(CCC2CCC3C(CCC4C5CCCC5CCC34)C2)CC1
C1CCC(CCC2CCC3C(CCC3C3CCCCC3)C2)CC1
C1CCC(CCC(CCC2CCC3CCCC3C2)CC2CCCCC2)CC1
C1CCC(CC2CCC3CCCCC3C3CCC4CCCCC4C23)CC1
C1CCC2CC(C3CCCC4CCCC43)CCC2C1
C1CCC(CCCCCC2CC3CCCCC3C2)CC1
C1CCC2CCC3C4CCCCC4CC(CC4CCCC4)C3C2CC1
C1CCC(CC2CC3CCCCC3C3CCC4CCCCCC4C23)CC1
C1CCC(CCC2CCC3C(CCC3C3CCCCC3)C2)CC1
C1CCC(CCC2CCCC(C3CCC4CC(CCC5CCC6CCCCC6C5)CCC43)C2)C1
C1CCC(CCCCC2CCC3C2CCC2C4CCCCC4CCC32)CC1
C1CCC2C(C1)CCCC1C3CCCC3CCC21
C(CCCC1CCCCC1)CCCC1CCC(C2CCCCC2)C1
C1CCC(CCC2CCC3C(CCC4C5CCCC5CCC34)C2)CC1
C(CCCC1CCCCC1)CCCC1CCC(C2CCCCC2)C1
C1CCC2C(C1)CCC1C3CCCC3CCC21
C1CCC(CCCCCC2CCCC3CCCC23)CC1
C1CCC(CC2CC3CCCCC3C3CCC4CCCCCC4C23)CC1
C1CCC(CCC2CCC3C(CCC3C3CCCC(CCCC4CCCC4)C3)C2)CC1
C1CCC2CCC3C4CCC(CCCC5CCCC5)C4CCC3C2CC1
C1CCC(CCCCC2CC3CCCCC3C2)CC1
C1CCC(C2CCC3CC4C(CCC32)CCC42CCCCC2)CC1
C(CCC1CCC2C1CCC1C3CCCCC3CCC21)CC1CCC2CCCCC2C1
C1CCC(C2CCC3C(CCC3C3CCCCC3)C2)CC1
C(CCC1CCCC2CCCC12)CC1CC2CCCCC2C1
C1CCC2C(C1)CCC1C3CCCC3CCC21
C1CCC(CCCCC2CCC3CCCC3C2)CC1
C1CCC2CC(C3CCCC4CCCC43)CCC2C1
C1CCC2CCC(C3CCCC4CCCC43)CC2CC1
C1CCC(CCCCCC2CCC3CCCCC23)CC1
C1CCC2CC(C3CCCC4CCCCC43)C3CCCC3C2CC1
C(CCCCC1CCC(C2CCCCC2)C1)CCCC1CCC2CCCC2C1
C1CCC(CCC2CCC3C(CCC3C3CCCCC3)C2)CC1
C1CCC(CCCCCC2CC3CCCCC3C2)CC1
C1CCC(CCC2CCC3C(CCC3C3CCCCC3)C2)CC1
C1CCC(CCC2CCC3C(CCC3C3CCCCC3)C2)CC1
C1CCC(CCCC2CCC(CCC3CCCCC3)CC2)CC1
C1CCC(C2CC3C(CCC4CC4)CCC3C3CCC4CCCCC4C23)CC1
C1CCC(CCC2CCCC3C2CCC2C4CCCCC4CCC32)C1
C1CCC(CCCCC2CCC3CCCCC23)CC1
C1CCC2C(C1)CCC1C3CCCC3CCC21
C1CCC(CCCCCC2CCCC3C(C4CCCCC4)CCC23)CC1
C1CCC(C2CCC3CC4(CCCCC4C4CCCCC4)CCC32)CC1
C1CCC2CC3CCC4CCCC4C3CCC2C1
C1CCC(CCCCC2C3CCCCCC3CCC2C2CCCC3CCCC32)CC1
C1CCC(CC2CCC(C3CC4CCCC4C4CCC5CCCCC5C34)CC2)CC1
C1CCC2CC(C3CCCC4CCCC43)CCC2C1
C1CCC(CCCCC2CC3CCCCC3C2)CC1
C1CCC(CCCCCC2CCCC3C(C4CCCCC4)CCC23)CC1
C1CCC(CC2CCC3C(CCC3C3CCCCC3)C2)CC1
C1CCC(CCC2CCC3C(CCC3C3CCCCC3)C2)CC1
C1CCC(CCCCC2CCC3CCCCC23)CC1
C1CCC(CC2CC3CCCCC3C3CCC4CCCCCC4C23)CC1
C1CCC(CCCCC2CC3CCCCC3C2)CC1
C1CCC(CC2CC3CCCCC3C3CCCC23)C1
C1CCC(CC2CC3CCCCC3C2C2CCCCC2)CC1
C1CCC(CCC2(CCCC3CC4CCCCC4C3)CCC3C4CCC5CCCCC5CC4CCC32)C1
C1CCC(CCCC2CCCC3CCC(C4CCCC5CCCC54)CC23)CC1
C1CCC(CCCC2CCC3C(CCC3C3CCCCC3)C2)CC1
C1CCC(C2CCC3CC4C(CCCC45CCCC5)CCC32)CC1
C1CCC2C(C1)CCC1C2CCC2C3CCCC3CC21
C1CCC(CCCC2CCCC3CCC(C4CCCC5CCCC54)CC3C2)CC1
C(CCCC1CCC(C2CCCCC2)C1)CCC1CCCCC1
C1CCC(C2CC3CCCCC3C3CCC4CCCCC4C23)CC1
C(CCCC1CCCCC1)CCCC1CCC(C2CCCCC2)C1
C1CCC(CC2CCC3C(CCC3C3CCCCC3)C2)CC1
C1CCC(CCCCCC2CCCC3C(CC4CCCCC4)CCC23)CC1
C1CCC(CCC2CCC(C3CC3)CC2)CC1
C(CCCC1CCCCC1)CCCC1CCC(C2CCCCC2)C1
C1CCC(CCCCCC2CCC3CCCCC23)CC1
C1CCC(CCCCCC2CC3CCCCC3C2)CC1
C1CCC(C2CC3CCCC3C3CCC4CCCCCC4C23)CC1
C1CCC2CC3CCC(C4CCCCC4)C3CC2CC1
C1CCC2C(C1)CCC1C3CCCC3CCC21
C1CCC(CC2CCC(CC(CC3CCCCC3)CC3CCCCC3)CC2)CC1
C1CCC(C2CCC3CCC4C(CCC45CCCC5)CC32)CC1
C1CCC(CCCCC2CC3CCCCC3C2)CC1
C1CCC2C(C1)CCCC1C2CCC2C3CCCC3CC21
C1CCC(C2CC3CCCC3C3CCC4CCCCCC4C23)CC1
C(CCC1CCC2CCCC2C1)CC1CCC(C2CCCC2)CC1
C1CCC2CCC(C3CCCC4CCCC43)CC2CC1
C1CCC(CCC2CCC(C3CC3)CC2)CC1
C(CCCC1CCC(C2CCCCC2)C1)CCC1CCCCC1
C1CCC(C2CCC(C3CC4CCCC4C4CCC5CCCCC5C34)CC2)C1
C1CCC2C(C1)CCC1CCCCC12
C1CCC(C2CCC3(CCCC4CC5C(CCC5C5CCCCC5)CC43)C2)CC1
C1CCC2CCC(C3CCCC4CCCC43)CC2CC1
C1CCC2CCC3C4CCC(CCCC5CC6CCCCC6C5)C4CCC3C2CC1
C(CCCCC1CCC(C2CCCCC2)C1)CCCC1CCCCC1
C1CCC(CCCC2CCC3C2CCC2C4CCCCC4CCC32)C1
C(CCCCC1CCC(C2CCCCC2)C1)CCCC1CCCCC1
C1CCC(CCC2CCC3C(CCC3C3CCCCC3)C2)CC1
C1CCC(CC2CCC3CC4C(CCC45CCCC5)CC23)CC1
C1CCC(CCC(CC2CCCCC2)C2CCCCC2)CC1
C1CCC(C2CC3C(CCC4CC4)CCC3C3CCC4CCCCCC4C23)CC1
C1CCC(C2CCC3CC4C(CCCC45CCCCC5)CC32)CC1
C1CCC(C2CC3CCCCC3C3CCCCC23)CC1
C1CCC(C2CCC3CCC4C(CCC45CCCC5)CC32)CC1
C1CCC(CCCCCC2CC3CCCCC3C2)CC1
C(CCC1CC2CCCCC2C1)CCC1CCCC2CCCC12
C1CCC(CCCCC2CC3CCCCC3C2)CC1
C1CCC(C2CCCC3C(CCC4CCCCC43)C2)CC1
C(CCCC1CCCC2C(C3CCCCC3)CCC12)CCC1CCCCC1
C(CCCC1CCCC2C(C3CCCCC3)CCC12)CCC1CCCCC1
C1CCC(CCCCC2CC3CCCCC3C2)CC1
C1CCC(CCCC2CCC3C2CCC2C4CC5CCC(C6CCCCC6)C5CCC4CCC32)CC1
C1CCC(C2(CCCCC3CCC4CCCCC4C3)CCCC3CCCCC32)CC1
C1CCC(CCC2CCC3C(CCC3C3CCCCC3)C2)CC1
C1CCC2CC(CC3CCCC4CCCC43)CCC2C1
C1CCC(CCCCCC2CC3CCCCC3C2)CC1
C1CCC(CCCCCC2CCCC3C2CCC3C2CCCC(CC3CC3)C2)CC1
C1CCC(C2CCC3CCC4C(CCC45CCCCC5)CC32)CC1
C1CCC(CCCC2CCC3CCC(C4CCCC5CCCC54)CC3C2)CC1
C(CCCC1CCCC2C(C3CCCCC3)CCC12)CCC1CCCCC1
C1CCC2C(C1)CCC1C3CCCCC3CCC21
C1CCC2C(C1)CCC1C3CCCC3CCC21
C1CCC(CC2CC3CCCCC3C3CCC4CCCCCC4C23)CC1
C1CCC2CCC(C3CCC4CCCCC43)CC2CC1
C1CCC(C2CCC3CC4C(CCCC45CC(C4CCCCC4)C(C4CCCCC4)C5)CC32)CC1
C1CCC2CC(C3CCCC4CCCC43)CCC2C1
C(CCC1CCCC2CCCC12)CC1CC2CCCCC2C1
C(CCCC1CCCC2C(C3CCCCC3)CCC12)CCC1CCC(C2CCCC2)C1
C1CCC(CCCCC2CC3CCCCC3C2)CC1
C1CCC(C2CC3C(CCC34CCCC4)C3CCC4CCCCCC4C23)CC1
C1CCC2CCC3C4CCCCC4CC(CC4CCCC4)C3C2CC1
C1CCC(CCC2CCC3C(CCC3C3CCCC(CC4CCCC4)C3)C2)CC1
C1CCC(C2CC3CCCC3C3CCC4CCCCC4C23)CC1
C1CCC(CCCCC2CC3CCCCC3C2)CC1
C1CCC2C(C1)CCC1C3CCCC3CCC21
C1CCC(CCCCCC2CCCC3C(C4CCCCC4)CCC23)CC1
C1CCC(C2CC3CCCC3C3CCC4CCCCC4CC23)CC1
C(CCCCC1CCC(C2CCCCC2)C1)CCCC1CCCCC1
C1CCC2CCC3C4CCC(CCCC5CC6CCCCC6C5)C4CCC3C2CC1
C1CCC2CCC3C4CCCC4CCC3C2CC1
C1CCC(CCCCC2CC3CCCCC3C2)CC1
C1CCC(CCCCCC2CC3CCCCC3C2)CC1
C1CCC(CCCCCC2CC3CCCCC3C2)CC1
C1CCC(CCC2CCC(CCC3CCCC(CC4CCCC4)C3)CC2)CC1
C(CCC1CCC2CCCCC2C1)CCC1CCCC2CCCC12
C1CCC2CC(CCCC3CCC4C3CCC3C5CCCCC5CCCC43)CC2C1
C(CCCC1CCCC2C(C3CCCCC3)CCC12)CCC1CCCCC1
C1CCC(C2CCC3CC4C(CCCC45CCCC5)CC32)CC1
C1CCC2C(C1)CCC1C3CCCCC3CCC21
C1CCC(C2CCC3CC4C(CCCC45CCCCC5)CC32)CC1
C1CCC(CCCCC2CC3CCCCC3C2)CC1
C(CCC1CCC2C1CCC1C3CCCCC3CCC21)CC1CC2CCCCC2C1
C(CCC1CCC2C1CCC1C3CCCCC3CCC21)CC1CC2CCCCC2C1
C(CCC1CCCC2CCCCC12)CC1CC2CCCCC2C1
C1CCC2C(C1)CCCC1CCCCC12
C1CCC2CCC(C3CCCC4CCCC43)CC2CC1
C1CCC(CCC2CCC3C(CCC3C3CCCCC3)C2)CC1
C1CCC(CCCC2CCC3C2CCC2C4CC5CCC(CC6CCCCC6)C5CC4CCC32)CC1
C1CCC(CCCCC2CC3CCCCC3C2)CC1
C1CCC2CC(C3CCCC4CCCC43)CCC2C1
C1CCC(CCC2CCC3C(CC4CCCCC4)CCC3C2)CC1
C1CCC2CCC(C3CCCC4CCCC43)CC2CC1
C1CCC(C2CC3CCCC3C3CCCC4CCCCC4C23)CC1
C1CCC(CC2CCC3CCCCC3C3CCC4CCCCC4C23)CC1
C(CCCC1CCCC2C(C3CCCCC3)CCC12)CCC1CCCCC1
C1CCC(CCC(CCC2CCC3CCCC3C2)CC2CCCCC2)CC1
C1CCC2C(C1)CCC1C3CCCC3CCC21
C1CCC(CCC(CCC2CCC3CCCC3C2)CC2CCCCC2)CC1
C1CCC(CCC2CCCC3CC4C(CCC4C4CCCCC4)CC23)CC1
C1CCC(C2CC3CCCCC3C3CCCCC23)CC1
C1CCC2CCC3C4CCCCC4CCC3C2CC1
C1CCC(CCCCC2CCC3CCC(C4CCCC5CCCC54)CC3C2)CC1
C1CCC(CCC2CCC(CCC3CCCC(CC4CCCC4)C3)CC2)CC1
C1CCC2C(C1)CCC1C3CCCC3CCC21
C1CCC(C2CC3CCCC3C3CCC4CCCCC4C23)CC1
C1CCC(CC2CCC3CC4C(CCC5C6CCC(CCCC7CCC8CCCCC8C7)C6CCC45)CC23)CC1
C1CCC(CCC2CCC3C(CCC3C3CCCC(CCC4CCCC4)C3)C2)CC1
C1CCC(CC2CCC3CC(C4CCCCC4)CCC23)CC1
C1CCC(C2CCC3CC4C(CC5CCC6CCCCC65)CCCCC4CC32)CC1
C1CCC(CC2CCCC(CCC3CC4CCCCC4C4CCC5CCCCC5C34)C2)CC1
C1CCC(C2CCC3CC4C(CCCC45CCCCC5)CC32)CC1
C1CCC(CC2CC3CCCCC3C3CCC4CCCCC4C23)CC1
C1CCC2CCC3C4CCCC4CC(C4CCC(C5CCC5)CC4)C3C2CC1
C1CCC2CCC3C4CCCC4CCC3C2CC1
C1CCC2CCC(C3CCCC4CCCC43)CC2CC1
C1CCC(CCCCCC2CCC3CCCCC23)CC1
C1CCC2CCC(C3CCCC4CCCC43)CC2CC1
C1CCC(CCCCCC2CCCC3C(C4CCCCC4)CCC23)CC1
C1CCC(CCCC2CCC3CCC(C4CCCC5CCCC54)CC3C2)CC1
C1CCC(C2CCC3CC4C(CCC45CCCC5)CC32)CC1
C(CCCCC1CCC(C2CCCCC2)C1)CCCC1CCCCC1
C1CCC(CCCCCC2CCC3CCCCC23)CC1
C1CCC2C(C1)CCC1C2CCC2C3CCCC3CC21
C1CCC(C2CCC(CCCC3CCC4C3CCC3C5CCCCC5CCCC43)C2)CC1
C1CCC(CCC(CCC2CCCCC2)CCC2CCC3CCCC3C2)CC1
C1CCC(CCC2CCC3C(CCC3C3CCCCC3)C2)CC1
C1CCC(C2CCC3CC4C(CCC32)CCC42CCCCC2)CC1
C1CCC(C2CCC3C(CCC4CCCCC43)C2)CC1
C1CCC2CC(C3CCCC4CCCC43)CCC2C1
C1CCC(CCCCCC2CCCC3C(C4CCCCC4)CCC23)CC1
C1CCC(CC2CC3CCCCC3C3CCC4CCCCCC4C23)CC1
C1CCC2CC3CCCCC3CCC2C1
C1CCC(CCC2CCC3C(CCC4CC5CCCC5CC(CCC5CCCCC5)C43)C2)CC1
C1CCC(CCC2CC3CCCC3C3CCC4CCCCCC4C23)CC1
C1CCC(CCCCCC2CCCC3C(C4CCCCC4)CCC23)CC1
C1CCC(C2CCC3CC4C(CCC5C6CCC(CCCC7CCC8CCCCC8C7)C6CCC45)CC32)CC1
C1CCC(CCC2CCC(CCC3CCCC(CC4CCCC4)C3)CC2)CC1
C1CCC(C2CCCC3CCCC3C3CCC4CCCCC4C23)CC1
C1CCC2CCC3C4CCCC4CCC3C2CC1
C(CCC1CC2CCCCC2C1)CCC1CCCC2CCCC12
C1CCC(C2CCC3CC4C(CCC5C6CCCC6CCC45)CC32)CC1
C1CCC2CCC3CCCCC3C2CC1
C1CCC(C2CC3CCCC3C3CCCC4CCCCC4C23)CC1
C1CCC(C2CCC3CC4C(CCC5C6CCC(CCCC7CC8CCCCC8C7)C6CCC45)CC32)CC1
C1CCC(CC2CC3CCCCC3C3CCC4CCCCCC4C23)CC1
C1CCC(CCC(CCC2CCCCC2)CCC2CCC3CCCC3C2)CC1
C1CCC(CC2CC3CCCCC3C2C2CCCCC2)CC1
C1CCC2CCC(C3CCCC4CCCC43)CC2CC1
C1CCC(CC2CC3CCCCC3C3CCC4CCCCC4C23)CC1
C1CCC(CC2CCCCCC23CCCC2C(CCC2C2CCCCC2)C3)CC1
C1CCC(C2CC3CCCC3C3CCC4CCCCC4C23)CC1
C1CCC2CC(C3CCCC4CCCC43)CCC2C1
C1CCC(C2CC3CCCCC3C3CCCCC23)CC1
C1CC(C2CCC(C3CC4CCCCC4C4CCC5CCCCC5C34)CC2)C1
C1CCC2CCC(C3CCCC4CCCC43)CC2CC1
C1CCC2CC(C3CCCC4CCCC43)CCC2C1
C1CCC(CCC2CCC3C(CCC3C3CCCC(CC4CCCC4)C3)C2)CC1
C1CCC(CCCCCC2CCCC3C2CCC3C2CCCC(CC3CC3)C2)CC1
C(CCCC1CCCCC1)CCCC1CCC(C2CCCCC2)C1
C1CCC2CCC3CCCCC3C2CC1
C1CCC2CC(C3CCCC4CCCC43)CCC2C1
C(CCC1CCCC2CCCCC12)CC1CCC2CCCCC2C1
C1CCC(CCC2CCC3C(CCCC4C5CCCC5CCC34)C2)CC1
C1CCC2CC(CCCC3CCC4C3CCC3C5CCCCC5CCC43)CC2C1
C1CCC(CCC2CCC3C(CCC3C3CCCC3)C2)CC1
C1CCC(C2CC3CCCCC3C3CCC4CCCCC4C23)CC1
C(CCCC1CCCCC1)CCC1CCCCC1
C1CCC(CCC2CCC(C3CCC4C(CCC4C4CCCCC4)C3)CC2)CC1
C1CCC(C2CCC3(CCC4CC5C(CCC5C5CCCCC5)CCC43)C2)CC1
C1CCC(CCCCCC2CCCCC2)CC1
C1CCC2CCC(C3CCCC4CCCC43)CC2CC1
C1CCC(CC2CCC3C(CCC3C3CCCCC3)C2)CC1
C1CCC2C(C1)CCC1C2CCC2C3CCCC3CCC21
C1CCC2CCC(C3CCCC4CCCC43)CC2CC1
C1CCC(CCCCC2CC3CCCCC3C2)CC1
C1CCC(CCC2CCC3C(CCC3C3CCCCC3)C2)CC1
C1CCC(C2CC3CCCC3C3CCC4CCCCC4C23)CC1
C1CCC(CCCCC2CCC3CCCCC23)CC1
C1CCC(C2CC3CCCC3C3CCC4CCCCC4C23)CC1
C1CCC2C(C1)CCCC1C3CCCC3CCC21
C(CCCC1CCCCC1)CCC1CCCCC1
C1CCC(CC2CCC(CC(CC3CCCCC3)C3CCCCC3)CC2)CC1
C1CCC2CC(C3CCCC4CCCC43)CCC2C1
C1CCC2C(C1)CCC1C2CCC2C3CCCC3CC21
C1CCC(CCCC2CCC(C3CC3)CC2)CC1
C1CCC(CCCCCC2CC3CCCCC3C2)CC1
C1CCC2C(C1)CCC1C3CCCC3CCCC21
C(CCCC1CCCC2CCCCC12)CCC1CCC(C2CCCC2)C1
C1CCC2CC(C3CCCC4CCCCC43)C3CCCC3C2CC1
C1CCC(CCC2CCC3C(CCC4CCC(C5CCCCC5)CCC43)C2)CC1
C1CCC(CCCCCC2CC3CCCCC3C2)CC1
C1CCC(C2CCC3CC4C(CCC45CCCCC5)CC32)CC1
C1CCC(CCCCC2CCC3CCCCC23)CC1
C1CCC2CCC3C(CCC4C5CCCC5CC43)C2CC1
C1CCC(CCC2CC3CCCCC3C3CCC4CCCCC4C23)CC1
C1CCC2CCC(C3CCCC4CCCC43)CC2CC1
C1CCC(CCC2CCC(CCC3CCCC(CC4CCCC4)C3)CC2)CC1
C1CCC(CCC2CCC(CCC3CCCCC3)CC2)CC1
C1CCC(C2CC3CCCC3C3CCC4CCCCC4C23)CC1
C1CCC(C2CC3CCCC3C3CCC4CCCCC4C23)CC1
C1CCC(CCCCCC2CC3CCCCC3C2)CC1
C1CCC(CCCC2CCC3CCC(C4CCCC5CCCC54)CC3C2)CC1
C1CCC(CCCCC2CC3CCCCC3C2)CC1
C1CCC(C2CC3C(CCC4CC4)CCC3C3CCC4CCCCCC4C23)CC1
C1CCC(C2CCC3(CCC4CC5C(CCC5C5CCCCC5)CC43)C2)CC1
C(CCC1CCCC2CCCCC12)CC1CCCC2CCCCC12
C1CCC(CCCCC2CCC3CCC(C4CCCC5CCCC54)CC3C2)CC1
C1CCC(CCC2CCC3C(CCC3C3CCCC(CCC4CCCCC4)C3)C2)CC1
C(CCCC1CCCCC1)CCCC1CCC(C2CCCCC2)C1
C1CCC(CCCCCC2CCCCC2)CC1
C1CCC(C2CCC3CCC4C(CCC45CCCC5)CC32)CC1
C1CCC(CC2CCC3CC4C(CC5CCC6CCCCC65)CCCC4CC23)CC1
C1CCC(CCCCC2CCC3CCCCC23)CC1
C1CCC(CCCCC2CC3CCCCC3C2)CC1
C1CCC(CCCCCC2CCCCC2)CC1
C1CCC(CCC2CCC3C2CCC2C4CCCCC4CCC32)C1
C1CCC(C2CC3C(CCC4CCC4)CCC3C3CCC4CCCCC4C23)CC1
C1CCC(CCC2CCC3C(CCC3C3CCCCC3)C2)CC1
C1CCC(CCC(CC2CC3CCCCC3C2)C2CC2)CC1
C1CCC(C2CCC3CCC4(CCCCC4C4CCCCC4)CCC32)CC1
C1CCC(CCCCC2CCC3CCCCC23)CC1
C1CCC(CC2CCC3CCCCC3C3CCC4CCCCC4C23)C1
C1CCC(CCCCC2CCC3CCCCC23)CC1
C1CCC2CC(CC3CCCC4CCCC43)CCC2C1
C1CCC(CC2CCCC(CC3CC4CCCCC4C4CCC5CCCCC5C34)C2)CC1
C1CCC(CC2CC3CCCCC3C3CCC4CCCCC4C23)C1
C(CCC1CCC2C1CCC1C3CCCCC3CCC21)CC1CC2CCCCC2C1
C1CCC(C2CCC3CCCC3C3CCC4CCCCC4C23)CC1
C1CCC2CCC3C4CCC(CCC5CCCC5)C4CCC3C2CC1
C1CCC(C2CC3CCCC3C3CCCC4CCCCC4C23)CC1
C1CCC2CCC3C4CCCC4CCC3C2CC1
C1CCC(C2CCC3CC4C(CCC32)CCC2C3CCC(CCCC5CCC6CCCCC6C5)C3CCC42)CC1
C(CCC1CCCC2CCCCC12)CC1CCC2CCCCC2C1
C1CCC(CC2CC3CCCCC3C3CCC4CCCCC4C23)CC1
C1CCC(C2CCC3CCC4C(CCCC45CCCC5)CC32)CC1
C1CCC2CC(C3CCCC4CCCC43)CCC2C1
C1CCC(CCCC2(CCC3CCCC3)CCC3C4CCCC5CCCCC5C4CCC32)CC1
C1CCC(C2CCC3CC4C(CCCC5C6CCC(CCCC7CCC8CCCCC8C7)C6CCC45)CC32)CC1
C1CCC(CCCC2CCC3CCCC3C2)CC1
C1CCC2CC(CCCC3CCC4C3CCCC3C5CCCCC5CCC34)CC2C1
C1CCC(CCCCC2CC3CCCCC3C2)CC1
C1CCC(CCCC(CC2CC3CCCCC3C2)C2CCCC2)CC1
C1CCC2CCC(C3CCCC4CCCC43)CC2CC1
C1CCC(C2CCC3CC4C(CCC5C6CCC(CCCC7CCC8CCCCC8C7)C6CCC45)CC32)CC1
C1CCC(CCCCCC2CCCC3CCCC23)CC1
C1CCC2C(C1)CC(C1CCCC1)C1CCCC21
C1CCC2CCC3C4CCCC4CCC3C2CC1
C1CCC(CCCCCC2CC3CCCCC3C2)CC1
C1CCC(C2CCC3CC4C(CCC5C6CCC(CCCC7CC8CCCCC8C7)C6CCC45)CC32)CC1
C1CCC(C2CC3CCCC3C3CCC4CCCCC4C23)CC1
C1CCC2C(C1)CC(C1CCCC3CCCC31)C1CCCCC21
C1CCC2CC(C3CCCC4CCCC43)CCC2C1
C1CCC(CCCC2CCC3C2CCC2C4CCCCC4CCCC32)C1
C1CCC2CCC(C3CCCC4CCCC43)CC2CC1
C1CCC(CCC2CCC3C(CCC3C3CCCCC3)C2)CC1
C1CCC(CCC2CCC3C(CCC3C3CCCCC3)C2)CC1
C1CCC(C2CC3CCCC3C3CCC4CCCCC4C23)CC1
C1CCC(C2CC3CCCC3C3CCC4CCCCC4C23)CC1
C1CCC(CCCCCC2CC3CCCCC3C2)CC1
C1CCC2CCC(C3CCCC4CCCC43)CC2CC1
C(CCCC1CCC2CCCC2C1)CCCC1CCC(C2CCCCC2)C1
C(CCC1CCCC2CCCC12)CC1CCCC2CCCCC12
C1CCC(CCC2CCCC3CC4C(CCC4C4CCCCC4)CC23)CC1
C1CCC(CCCC2CCC3C(CCC4C5CCCC5CC(CCC5CCCCC5)C34)C2)CC1
C(CCCCC1CCC(C2CCCCC2)C1)CCCC1CCCCC1
C1CCC(C2CCC3CC4C(CCCC45CCCCC5)CCC32)CC1
C(CCCC1CCCCC1)CCC1CCCCC1
C1CCC2CCC(C3CCCC4CCCC43)CC2CC1
C1CCC(C2CCC3C(CCC4CCCCC43)C2)CC1
C1CCC(C2CCC3CC4C(CCC5C6CCC(CCCC7CC8CCCCC8C7)C6CCC45)CC32)CC1
C(CCCC1CCCC2C(C3CCCCC3)CCC12)CCC1CCCCC1
C1CCC(CC2CCCC2CC2CC3CCCCC3C3CCC4CCCCCC4C23)CC1
C(CCC1CCCC2CCCCC12)CC1CCC2CCCCC2C1
C(CCCC1CCCC2CCCCC12)CCC1CCC(C2CCCC2)C1
C1CCC2CCC(C3CCCC4CCCC43)CC2CC1
C(CCC1CCCC2CCCC12)CC1CC2CCCCC2C1
C1CCC2C(C1)CCCC1C2CCC2C3CCCC3CC21
C1CCC(CCCC2CCCC3CC4C(CCC4C4CCCCC4)CC23)CC1
C1CCC(CCCCCC2CCCC3C(C4CCCCC4)CCC23)CC1
C1CCC(C2CCC3CC4CCCCC4CC32)CC1
C1CCC(C2CC3CCCC3C3CCC4CCCCC4C23)CC1
C(CCCC1CCCC2C(C3CCCCC3)CCC12)CCC1CCCCC1
C1CCC(C2CC3CCCC3C3CCC4CCCCC4C23)CC1
C1CCC(C2CCC3CCCC3C3CCC4CCCCC4C23)CC1
C(CCCC1CCCCC1)CCC1CCCCC1
C1CCC(CCCCC2CC3CCCCC3C2)CC1
C1CCC(CCCCCC2CCCCC2)CC1
C1CCC(CCCC2CCC3C2CCC(C2CCCCC2)C2C4CCCCC4CCC32)CC1
C1CCC(CCC2CCC(CCCC3CCCC(CC4CCCC4)C3)CC2)CC1
C1CCC(CCC2CCC3C(CCC3C3CCCCC3)C2)CC1
C1CCC(CCCCC2CCCC(C3CCC4CC(CCC5CCC6CCCCC6C5)CCC43)C2)CC1
C1CCC2CCC(C3CCCC3)CC2CC1
C1CCC2CC(CC3CCCC4CCCC43)CCC2C1
C1CCC2CCC3CCCCC3C2CC1
C1CCC2C(C1)CCC1CCCCC12
C1CCC(C2CCC3(CCC4CC5C(CCC5C5CCCCC5)CCC43)C2)CC1
C1CCC2CC(C3CCCC4CCCC43)CCC2C1
C1CCC(CCCCCC2CC3CCCCC3C2)CC1
C(CCC1CCCCC2CCCCC12)CC1CCC2CCCCC2C1
C(CCCC1CCCC2C(C3CCCCC3)CCC12)CCC1CCC(C2CCCC2)C1
C(CCCC1CCCC2C(C3CCCCC3)CCC12)CCC1CCCCC1
C1CCC(C2CCC3CC4C(CCC45CCCC5)CC32)CC1
C(CCCC1CCCCC1)CCCC1CCC(C2CCCCC2)C1
C1CCC(CCCCC2CC3CCCCC3C2)CC1
C1CCC2C(C1)CCCC2CCCC1CCCC2CCCCC21
C(CCCC1CCCC2C(C3CCCCC3)CCC12)CCC1CCCCC1
C1CCC(CC2CC3CCCCC3C3CCC4CCCCC4C23)CC1
C1CCC2CC(CCCC3CCC4C3CCC3C5CCCCC5CCC43)CC2C1
C1CCC(CCCCCC2CCCC3C(CC4CCCCC4)CCC23)CC1
C1CCC(CC23CCCCC2CCC2C4CCCC4CCC23)CC1
C1CCC2C(C1)CCC1C3CCCCC3CCC21
C1CCC(C2CCC3CC4(CCCCCC4C4CCCCC4)CCC32)CC1
C1CCC2CCC3C4CCCC4CCC3C2CC1
C1CCC(CCCC(CC2CC3CCCCC3C2)C2CCCC2)CC1
C1CCC2CCC3C4CCCCC4CC(CC4CCCC4)C3C2CC1
C1CCC2CC(CC3CCCC4CCCC43)CCC2C1
C(CCCCC1CCC(C2CCCCC2)C1)CCCC1CCCCC1
C1CCC(CC2CCC3C(CCC3C3CCCCC3)C2)CC1
C1CCC(CCCCC2CCC3CCCCC23)CC1
C(CCC1CCC2CCCCC2C1)CCC1CCCC2CCCCC12
C1CCC(CCC2CCC3C(CCC4CCCCC43)C2)CC1
C1CCC(C2CC3CCCC3C3CCC4CCCCCC4C23)CC1
C1CCC(CCCCC2CC3CCCCC3C2)CC1
C1CCC(CCCCC2CCC3CCC(C4CCCC5CCCC54)CC3C2)CC1
C1CCC2CCC3C4CCCC4CCC3C2CC1
C1CCC2CCC3C4CCCCC4CC(CC4CCCC4)C3C2CC1
C1CCC(CCCC2(CCC3CCCC3)CCC3C4CCC5CCCCC5C4CCC32)CC1
C1CCC(CC2CCC3C(CCC3C3CCCCC3)C2)CC1
C1CCC2CC3CCC4C5CCCC5CC4C3CCC2C1
C(CCCC1CCCC2C(C3CCCCC3)CCC12)CCC1CCCCC1
C1CCC(CC2CC3CCCCC3C3CCC4CCCCC4C23)C1
C1CCC(CCCCCC2CCC3CCCCC23)CC1
C1CCC2C(C1)CCC1C3CCCC3CCC21
C1CCC(CCCCC2CC3CCCCC3C2)CC1
C1CCC(C2CCC3CC4C(CCC45CCCCCC5)CC32)CC1
C(CCC1CCCC2CCCCC12)CC1CCC2CCCCC2C1
C1CCC(C2CCC3C(CCCCCC4CCC(C5CCCC5)C4)CCCC23)CC1
C1CCC(C2CC3CCCC3C3CCC4CCCCC4CC23)CC1
C1CCC2C(C1)CCCC1C3CCCC3CCC21
C1CCC2C(C1)CCC1C3CCCC3CCC21
C1CCC(CCCCCC2CC3CCCCC3C2)CC1
C1CCC(C2CCC3CC4C(CCCC5CCC5)CCCC4CC32)CC1
C1CCC2CC(CC3CCCC4CCCC43)CCC2C1
C1CCC(C2CC3CCCC3C3CCC4CCCCC4C23)CC1
C1CCC2C(C1)CCC1C3CCCCC3CCC21
C1CCC(C2CC3CCCC3C3CCCC4CCCCC4C23)CC1
C1CCC(C2CC3CCCCC3C3CCCCC23)CC1
C1CCC(CCC2CCC(C3CC3)CC2)CC1
C1CCC(CCCCC2CC3CCCCC3C2)CC1
C1CCC(CCC2CCC3C(CCCC4C5CCCC5CCC34)C2)CC1
C1CCC2CCC3C4CCCCC4CCC3C2CC1
C1CCC(CCCCCC2CC3CCCCC3C2)CC1
C1CCC2C(C1)CCC1CCCCC12
C1CCC(CCC2CCC3C(CCC3C3CCCCC3)C2)CC1
C(CCC1CCCC2CCCCC12)CC1CC2CCCCC2C1
C1CCC(CCCC2CCC(CCC3CCCCC3)CC2)CC1
C1CCC(CCCCCC2CCCC3C(CC4CCCCC4)CCC23)CC1
C1CCC(CCCCCC2CCC3CCCCC3C2)CC1
C1CCC2CC3CCC4CCCCC4C3CCC2C1
C1CCC2CC3CCCCC3CCC2C1
C1CCC2CCC(C3CCCC4CCCC43)CC2CC1
C1CCC(C2CC3CCCCC3C3CCCCC23)CC1
C1CCC(C2CCC3CC4C(CCC5C6CCC(CCCCC7CC8CCCCC8C7)C6CCC45)CC32)CC1
C(CCCCC1CCC(C2CCCCC2)C1)CCCC1CCCCC1
C1CCC(CCC(CC2CC3CCCCC3C2)C2CC2)CC1
C(CCCCC1CCC(C2CCCCC2)C1)CCCC1CCCCC1
C1CCC(CCCCC2CC3CCCCC3C2)CC1
C1CCC(CCCCCC2CCC3CCC(C4CCCC5CCCC54)CC3C2)CC1
C1CCC2C(C1)CCC1C3CCCC3CCC21
C1CCC(C2CCC3CC4CCCCC4CC32)CC1
C1CCC(CCCCC2CC3CCCCC3C2)CC1
C1CCC(CCCC(CC2CC3CCCCC3C2)C2CC2)CC1
C1CCC(CC2CCC(C3CC4CCCC4C4CCC5CCCCCC5C34)CC2)CC1
C1CCC2CCC3C4CCCC4CCC3C2CC1
C1CC(C2CCC(C3CC4CCCC4C4CCCC5CCCCC5C34)CC2)C1
C1CCC2CCC3C4CCC(CCCC5CC6CCCCC6C5)C4CCC3C2CC1
C1CCC2CCC(C3CCCC4CCCC43)CC2CC1
C1CCC2C(C1)CCC1C3CCCC3CCC21
C1CCC(CCCCCC2CCCC3C(CC4CCCCC4)CCC23)CC1
C(CCCC1CCCC2C(C3CCCCC3)CCC12)CCC1CC1
C1CCC(CCCCC2CCCC3CCC(C4CCCC5CCCC54)CC3C2)CC1
C1CCC(CCC2CC3CCCC3C3CCC4CCCCC4C23)CC1
C1CCC(CCCCC2CC3CCCCC3C2)CC1
C1CCC(C2CCC3CCCC3C3CCC4CCCCC4C23)CC1
C1CCC2CC(C3CCCC4CCCC43)CCC2C1
C1CCC(CCC2CCC3C(CCC3C3CCCCC3)C2)CC1
C1CCC(CC2CCC(CC(CC3CCCCC3)C3CCCCC3)CC2)CC1
C1CCC2CC(C3CCCC4CCCC43)CCC2C1
C1CCC(CCCC2CCC3C(CCC3C3CCCCC3)C2)CC1
C1CCC(C2CCC3CCC4(CCCCC4)C3C2)CC1
C1CCC(C2CCC3CC4C(CCC5C6CCC(CCCC7CCC8CCCCC8C7)C6CCCC45)CC32)CC1
C1CCC(CCCC2CCCC(C3CCC4CC(CCC5CCC6CCCCC6C5)CCC43)C2)CC1
C1CCC2C(C1)CCC1C3CCCC3CCC21
C1CCC2CC(CC3CCCC4CCCC43)CCC2C1
C1CCC(C2CCC(CC3CC4CCCC4C4CCC5CCCCC5C34)CC2)C1
C1CCC(C2CC3CCCC3C3CCC4CCCCC4C23)CC1
C1CCC(C2CCCC3C(CCC4CCCCC43)C2)C1
C1CCC2C(C1)CCC1C2CCC2C3CCCC3CC21
C1CCC(CC2CCCC(CC3CC4CCCCC4C4CCC5CCCCCC5C34)C2)CC1
C1CCC2C(C1)CCCC2CCCC1CCC2C1CCC1C3CCCCC3CCC21
C1CCC(CC2CCC3C(CCC3C3CCCCC3)C2)CC1
C(CCCC1CCCCC1)CCC1CCCCC1
C1CCC(CCCC2CCC3CCC(C4CCCC5CCCC54)CC3CC2)CC1
C1CCC(C2CCC3CC4C(CCCCC5CC5)CCCC4CC32)CC1
C1CCC(CCC2CCCC3CCC4C(CCC4C4CCCCC4)CC23)CC1
C1CCC(CCCCC2CC3CCCCC3C2)CC1
C(CCCC1CCC(C2CCCCC2)C1)CCC1CCCCC1
C1CCC2CCC(C3CCCC4CCCC43)CC2CC1
C1CCC(C2CC3CCCC3C3CCC4CCCCCC4C23)CC1
C1CCC(C2CCC3C(CCC3C3CCCCC3)C2)CC1
C1CCC2C(C1)CCCC1C2CCC2C3CCCC3CC21
C1CCC(CCCCCC2CC3CCCCC3C2)CC1
C1CCC2CC(C3CCCC4CCCC43)CCC2C1
C1CCC2CC(C3CCCC4CCCC43)CCC2C1
C1CCC(C2CCC3CC4(CCCCC4C4CCCCC4)CCCC32)CC1
C1CCC2CC(C3CCCC3)C3CCCC3C2CC1
C1CCC(CCC2CCCC3CC4C(CCC4C4CCCCC4)CC23)CC1
C1CCC2CC(C3CCCC4CCCC43)CCC2C1
C1CCC(CCCCCC2CCCC3C(C4CCCCC4)CCC23)CC1
C1CCC2CCC(C3CCCC4CCCC43)CC2CC1
C(CCCC1CCCCC1)CCCC1CCC(C2CCCCC2)C1
C1CCC(C2CCCC3C(CCC4CCCCC43)C2)C1
C(CCC1CCCC2CCCC12)CC1CC2CCCCC2C1
C1CCC(CCC2CCC3C(CCC3C3CCCCC3)C2)CC1
C1CCC2CCC3C4CCCC4CCC3C2CC1
C1CCC(CC2CCC3CC4C(CCC45CCCC5)CC23)CC1
C1CCC(CCCC(CCC2CCCCC2)CCC2CCC3CCCC3C2)CC1
C1CCC(CCCCCC2CCC3CCCCC23)CC1
C1CCC2CCC3C4CCCC4CCC3C2CC1
C1CCC(C2CCC3C(CCC4CCCCC43)C2)CC1
C(CCC1CCC2C(CCC3C4CCCC4CCC23)C1)CC1CCC(C2CC3CCCC3C3CCC4CCCCC4CC23)CC1
C1CCC(CCCC2CCCC3CCC(C4CCCC5CCCC54)CC3C2)CC1
C1CCC(CCCC2CCC3CCC(CC4CCCC5CCCC54)CC3C2)CC1
C1CCC2C(C1)CCCC1C3CCCC3CCC21
C1CCC(CCCCCC2CCC3CCCCC23)CC1
C1CCC2C(C1)CCC1C3CCCC3CCC21
C1CCC(C2CC3C(CCC4CC4)CCC3C3CCC4CCCCCC4C23)CC1
C1CCC2CCC3C4CCCC4CCC3C2CC1
C1CCC(CC2CC3CCCCC3C2CC2CCCCC2)CC1
C1CCC(CCCC2CCC3CCC(C4CCCC5CCCC54)CC3C2)CC1
C1CCC(C2CC3CCCC3C3CCC4CCCCCC4C23)CC1
C1CCC(CCCCC2CCC3CCC(C4CCCC5CCCC54)CC3C2)CC1
C1CCC(CCC2CCC3C(CCC3C3CCCCC3)C2)CC1
C1CCC(CCCC2CCC(C3CCC4C(CCC4C4CCCCC4)C3)CC2)CC1
C1CCC(C2CCC3CC4C(CCC45CCCCC5)CC32)CC1
C1CCC(CCC2CCC3C(CCC4CC(C5CCCCC5)CCC43)C2)CC1
C1CCC(CCCCCC2CCC3CCCCC23)CC1
C1CCC(CC2CCCCC2CC2CC3CCCCC3C3CCC4CCCCC4C23)CC1
C1CCC2C(C1)CCC1C3CCCCC3CCCC21
C1CCC(CCCCC2CCC3CCCCC23)CC1
C1CCC2CCC3C4CCC(CCCC5CC6CCCCC6C5)C4CCC3C2CC1
C1CCC(CC2CC3CCCCC3C3CCCC23)C1
C1CCC2C(C1)CCCC2CCCC1CCCC2CCCCC21
C(CCC1CCCC2CCCCC12)CC1CCC2CCCCC2C1
C1CCC(CCCC2CCCC3CCC(C4CCCC5CCCC54)CC3C2)CC1
C1CCC(CCC2CC3CCCC3C3CCC4CCCCC4C23)CC1
C1CCC2C(C1)CCC1C2CCC2C3CCCCC3CC21
C1CCC(CCCCC2CC3CCCCC3C2)CC1
C1CCC(CC2CCC3CCCCC3C3CCC4CCCCC4C23)CC1
C1CCC2C(C1)CCCC2CCCC1CCC2C1CCC1C3CCCCC3CCC21
C1CCC(C2CCC3CC4C(CCCC45CCCC5)CC32)CC1
C1CCC(CCCC2CCC3CCC(C4CCCC5CCCC54)CC3C2)CC1
C1CCC(C2CCC3CC4C(CCC45CCCC5)CC32)CC1
C1CCC(C2CC3CCCC3C3CCC4CCCCC4C23)CC1
C1CCC(CCCCCC2CCCC3C(C4CCCCC4)CCC23)CC1
C1CCC2CC(C3CCCC4CCCC43)CCC2C1
C1CCC(CCCCCC2CCCC3C(C4CCCCC4)CCC23)CC1
C1CCC2CC3CCC(C4CCCCC4)C3CC2CC1
C1CCC(CCC2CCC(C3CC3)CC2)CC1
C1CCC2CCC3C4CCC(CCCC5CCCC6CCCCC65)C4CCC3C2CC1
C1CCC2CC(CC3CCCC4CCCC43)CCC2C1
C1CCC(CCC(CCC2CCC3CCCC3C2)CC2CCCCC2)CC1
C1CCC(CCCCC2CCC3CCCCC23)CC1
C1CCC2CCC3C4CCCCC4CC(CC4CCCC4)C3C2CC1
C1CCC(CCCCCC2CC3CCCCC3C2)CC1
C(CC1CCC2CCCC2C1)CC1CCC2CCC(C3CCCC4CCCC43)CC2C1
C1CCC(CCCCCC2CC3CCCCC3C2)CC1
C1CCC(C2CCC3CCCC3C3CCC4CCCCC4C23)CC1
C1CCC2CCC3C4CCCC4CC(C4CCC(C5CCCC5)CC4)C3C2CC1
C1CCC2CC(CCCC3CCC4C3CCCC3C5CCCCC5CCC34)CC2C1
C1CCC(CCCC2CCCC(C3CCC4CC(CCCC5CCC6CCCCC6C5)CCC43)C2)CC1
C1CCC(CCCCC2CCC3CCCCC23)CC1
C1CCC2CC(C3CCCC4CCCC43)CCC2C1
C1CCC2CCC3CCCCC3C2CC1
C(CCCC1CCCCC1)CCC1CCCCC1
C1CCC2C(C1)CCC1C3CCCCC3CCCC21
C1CCC(CCCCCC2CCCC3C(CC4CCCCC4)CCC23)CC1
C1CCC2CCC3C4CCCCC4CC(CC4CCCC4)C3C2CC1
C1CCC(C2CC3CCCC3C3CCC4CCCCC4CC23)CC1
C(CCC1CCC2C1CCC1C3CCCCC3CCC21)CC1CCC2CCCCC2C1
C(CCC1CCC2C(CCC3C4CCCC4CCC23)C1)CC1CCC(C2CCC(C3CC4CCCCC4C4CCC5CCCCC5C34)CC2)CC1
C1CCC2C(C1)CCC1C3CCCC3CCCC21
C1CCC(C2CCC3(CCCC4CC5C(CCC5C5CCCCC5)CC43)C2)CC1
C1CCC(CCCC2CCC(C3CC3)CC2)CC1
C(CCCC1CCCC2C1CCC2C1CCC(CC2CC2)CC1)CCC1CCCCC1
C1CCC2CC3CCC4CCCC4C3CCC2C1
C1CCC(CCC2CCC3C2CCC2C4CCCCC4CCCC32)C1
C1CCC(CCCC2(CCC3CCCC3)CCC3C4CCCC5CCCCC5C4CCC32)CC1
C1CCC(C2CCCC(CC3CC4CCCCC4C4CCC5CCCCC5C34)C2)C1
C1CCC(CCCCCC2CCCC3CCCC23)CC1
C1CCC2C(C1)CCC1C2CCC2C3CCCC3CC21
C1CCC2CCC(C3CCCC4CCCC43)CC2CC1
C1CCC2C(C1)CCC1C3CCCCC3CCC21
C(CCC1CCCC2CCCC12)CC1CCCC2CCCCC12
C(CCC1(C2CCCC2)CCCCC2CCCCC21)CC1CCC2CCCCC2C1
C1CCC2CC(CCCC3CCCCC4CCCCC43)CC2C1
C(CCCC1CCCCC1)CCCC1CCC(C2CCCCC2)C1
C1CCC2CC3CCC4CCCC4C3CCC2C1
C1CCC(CCC2CCC(CCCC3CCCC(CC4CCCC4)C3)CC2)CC1
C1CCC(CCCC2CCC(C3CCC4C(CCC4C4CCCCC4)C3)CC2)CC1
C1CCC2C(C1)CCC1CCCCC12
C1CCC(C2CCC3CC4C(CCC5C6CCC(CCCCC7CCC8CCCCC8C7)C6CCC45)CC32)CC1
C(CCCC1CCCCC1)CCCC1CCC(C2CCCCC2)C1
C1CCC(C2CCC3CCC4CCCCC4C3CC2)C1
C1CCC(C2CC3CCCCC3C3CCC4CCCCC4C23)CC1
C1CCC2C(C1)CCCC1CCCCC12
C1CCC(CCCCCC2CCCCC2)CC1
C1CCC2CC(CCCC3CCC4C3CCCC3C5CCCCC5CCC34)CCC2C1
C1CCC(CCCCC2CC3CCCCC3C2)CC1
C1CCC(C2CCC3CC4C(CCC45CCCCCC5)CC32)CC1
C1CCC2C(C1)CCC1CCCCC12
C1CCC(CC2CC3CCCCC3C3CCC4CCCCCC4C23)CC1
C(CCC1CCC2CCCCC2C1)CCC1(C2CCCC2)CCCC2CCCCC21
C1CCC(CC2CC3CCCCC3C3CCC4CCCCC4C23)CC1
C1CCC(C2CCC(CCCCCC3CCCC4CCCCC34)C2)CC1
C1CCC(C2CCC3CCCC3C3CCC4CCCCC4CC23)CC1
C(CCC1CCCC2CCCCC12)CC1CCCC2CCCCC12
C1CCC(CCCC2CCCC(C3CCC4CC(CCC5CCC6CCCCCC6C5)CCC43)C2)CC1
C1CCC(CCC2(CCCCC3CC4CCCCC4C3)CCC3C4CCC5CCCCC5C4CCC32)C1
C1CCC(CCCCC2CC3CCCCC3C2)CC1
C1CCC2C(C1)CCC1C3CCCC3CCC21
C(CCCC1CCCCC1)CCCC1CCC(C2CCCCC2)C1
C1CCC(C2CC3CCCCC3C3CCC4CCCCC4C23)CC1
C1CCC(C2CC3CCCCC3C3CCCCC23)CC1
C1CCC(CCC2(CCCC3CCC4CCCCC4C3)CCC3C4CCC5CCCCC5C4CCC32)C1
C1CCC2CC(CC3CCCC4CCCC43)CCC2C1
C1CCC(CCCCCC2CCCC3CCCC23)CC1
C1CCC(CCCCC2CC3CCCCC3C2)CC1
C1CCC(CC2CC3CCCCC3C3CCC4CCCCC4C23)C1
C1CCC(C2CC3CCCCC3C3CCCCC23)CC1
C1CCC(CCC2CCC3C(CCC3C3CCCCC3)C2)CC1
C1CCC2CC(C3CCCC3)C3CCCCC3CC2C1
C(CCCCC1CCC2C(CCC3C4CCCC4CCC23)C1)CCCC1CCCC(CC(CC2CCC(CC3CCCCC3)CC2)C2CCCCC2)C1
C(CCC1CCCC2CCCC12)CC1CC2CCCCC2C1
C1CCC(CC2CCC3C(CCC3C3CCCCC3)C2)CC1
C1CCC(C2CCC3CCCCC3C3CCC4CCCCC4C23)CC1
C1CCC(CCC2CCC3C(CCCC4C5CCCC5CCC34)C2)CC1
C1CCC(C2CCCC3C(CCC4CCCCC43)C2)CC1
C1CCC(CCC2CCC3C(CCC3C3CCCCC3)C2)CC1
C1CCC(C2CC3CCCC3C3CCC4CCCCC4CC23)CC1
C1CCC(C2CCC3C(CCC4CCCCC43)C2)CC1
C1CCC(C2CCC3CC4C5CCC6C(CCCC7CC8CCCCC8C7)CCC6C(CCC4CC32)C5)CC1
C1CCC2CCC3C4CCCC4CCC3C2CC1
C1CCC(CCCCC2CCCC(C3CCC4CC(CCC5CCC6CCCCC6C5)CCC43)C2)CC1
C1CCC2CCC(C3CCCC4CCCC43)CC2CC1
C1CCC(CCCCCC2CCCC3C(C4CCCCC4)CCC23)CC1
C1CCC(C2CC3CCCC3C3CCC4CCCCC4C23)CC1
C1CCC(C2CCC3CC4C(CCCC45CCCCC5)CC32)CC1
C1CCC(CCC2CCC3C(CCC3C3CCCCC3)C2)CC1
C1CCC(CCC2(CCCC3CC4CCCCC4C3)CCC3C4CCC5CCCCC5C4CCC32)C1
C1CCC(CC2CC3CCCCC3C3CCC4CCCCCC4C23)CC1
C1CCC(CC2CC3CCCCC3C3CCC4CCCCC4C23)CC1
C(CCCC1CCCC2CCCCC12)CCC1CCC(C2CCCCC2)C1
C1CCC(CCC(CC2CCC3C(CCC3C3CCCCC3)C2)C2CCCCC2)CC1
C1CCC(C2CCC3CCC4(CCCCC4)C3C2)CC1
C1CCC(CCC2CCC3C(CCC3C3CCCCC3)C2)CC1
C1CCC(CC2CCC3C(CC4CCCCC4)CCC3C2)CC1
C1CCC(CCC2CCC3C(CCC3C3CCCC(CCCC4CCCC4)C3)C2)CC1
C1CC2CCC3C(CCC4CCCCC43)CC2C1
C1CCC2CC(CC3CCCC4CCCC43)CCC2C1
C1CCC(CC2CC3CCCCC3C3CCC4CCCCC4C23)CC1
C1CCC2CCC3C4CCC(CCCC5CCC6CCCCC6C5)C4CCC3C2CC1
C1CCC2CCC(C3CCCC4CCCC43)CC2CC1
C1CCC(CCC2CCC3C(CCC4C5CCCC5CCC(CCC5CCCCC5)C34)C2)CC1
C1CCC2C(C1)CC(C1CCCC3CCCC31)C1CCCC21
C1CCC(C2CC3CCCC3C3CCC4CCCCCC4C23)CC1
C1CCC(CCCCCC2CCCC3C(CC4CCCCC4)CCC23)CC1
C(CCCC1CCCC2C(C3CCCCC3)CCC12)CCC1CCCCC1
C1CCC2CCC3C4CCCCC4CC(CC4CCCC4)C3C2CC1
C1CCC(C2CCC3CC4C(CCCCC45CC(C4CCCCC4)C(C4CCCCC4)C5)CC32)CC1
C1CCC2C(C1)CCC1CCCCC12
C1CCC(C2CC3CCCCC3C3CCC4CCCCC4C23)CC1
C1CCC(C2CC3CCCCC3C3CCC4CCCCC4C23)CC1
C1CCC2CCC3C(CCC4C3CCC4(CCCC3CC4CCCCC4C3)CCC3CCCC3)C2CC1
C(CCC1CCC2CCCCC2C1)CCC1CCCC2CCCCC12
C1CCC(CCC2CCC3C(CCC4CCCCC43)C2)CC1
C1CCC(CCCC23CCCC2CC2C4CCC5CCCCC5C4CCCC23)C1
C1CCC(CCCC(CC2CC3CCCCC3C2)C2CCCC2)CC1
C(CCC1CCCC2CCCCC12)CCC1CCCC2CCCCC12
C1CCC(C2CC3CCCC3C3CCC4CCCCC4C23)CC1
C1CCC2CC(C3CCCC4CCCC43)CCC2C1
C1CCC(C2CCC3CCC4C(CCC5C6CCC(CCCC7CCC8CCCCC8C7)C6CCC45)CC32)CC1
C1CCC(CCCC2CCC3C(CCC4CC(C5CCCCC5)CCC43)C2)CC1
C1CCC2CCC(C3CCCC4CCCC43)CC2CC1
C1CCC(C2CCC(CCCC3CCC4C3CCC3C5CCCCCC5CCC43)C2)CC1
C1CCC(CC2CCC(CC(CC3CCCCC3)C3CCCCC3)CC2)CC1
C(CCCC1CCCCC1)CCCC1CCC(C2CCCCC2)C1
C1CCC(CCC(CCC2CCC3CCCC3C2)CC2CCCCC2)CC1
C1CCC2C(C1)CCCC2CCCC1CCC2C1CCC1C3CCCCC3CCC21
C1CCC(CCC2CCC3C(CCC3C3CCCCC3)C2)CC1
C1CCC(C2CCC(C3CC4CCCC4C4CCC5CCCCC5C34)CC2)CC1
C1CCC(CCCCC2CC3CCCCC3C2)CC1
C(CCCC1CCCC2C(C3CCCCC3)CCC12)CCC1CCCCC1
C1CCC(CCCCC2CCC3C2CCC2C4CCCCCC4CCC32)CC1
C1CCC(CCC2CCC3C(CCC3C3CCCCC3)C2)CC1
C1CCC(CCCCCC2CCC3CCCCC23)CC1
C1CCC(CCC2CCC3C(CC4CCCCC4)CCC3C2)CC1
C(CCC1CCCC1)CCC1CCCC2CCCCC12
C1CCC2CC(C3CCCC4CCCC43)CCC2C1
C1CCC(CCCC2CCCC(C3CCC4CC(CCC5CCC6CCCCC6C5)CCC43)C2)CC1
C1CCC(CCCCCC2CC3CCCCC3C2)CC1
C1CCC(CCC2CCC3C(CCC3C3CCCCC3)C2)CC1
C1CCC(C2CCC3C(CCCCCC4CCC(C5CCCC5)C4)CCCC23)CC1
C(CCC1CCCC2CCCCC12)CC1CCC2CCCCC2C1
C1CCC(CCCC2(CCC3CCCC3)CCCC3C4CCC5CCCCC5C4CCC32)CC1
C1CCC2CC3CCCCC3CCC2C1
C1CCC2C(C1)CCC1C3CCCC3CCC21
C1CCC2C(C1)CCC1C3CCCC3CCC21
C1CCC2C(C1)CCC1C3CCCCC3CCC21
C1CCC(C2CCC3CCCC3C3CCC4CCCCC4C23)CC1
C1CCC2CC(CC3CCCC4CCCC43)CCC2C1
C1CCC2CC(CCCC3CCC4C3CCC3C5CCCCC5CCCC43)CC2C1
C1CCC(CCCCC2CC3CCCCC3C2)CC1
C1CCC(CCC2(CCCC3CC4CCCCC4C3)CCCC3C4CCC5CCCCC5C4CCC32)C1
C1CCC(CCCCC2CC3CCCCC3C2)CC1
C1CCC(C2CC3CCCC3C3CCC4CCCCC4C23)CC1
C1CCC(CCCCCC2CCC3CCCCC23)CC1
C1CCC(C2CCC3CC4CCCCC4CC32)CC1
C1CCC(CCCC2CCC3CCC(C4CCCC5CCCC54)CC3C2)CC1
C1CCC(CCCC2CCC3C(CCC4C5CCCC5CC(CCC5CCCCC5)C34)C2)CC1
C(CCC1CCCC2CCCCC12)CC1CC2CCCCC2C1
C(CCCC1CCCC2C(C3CCCCC3)CCC12)CCC1CC1
C1CCC(C2CCC3CC4C(CCC45CCCC5)CC32)CC1
C1CCC(CC(CC2CCCCC2)C2CCCCC2)CC1
C1CCC2CCC3C(CCC4C5CCCC5CC43)C2CC1
C1CCC(C2CC3CCCCC3C3CCC4CCCCC4C23)CC1
C(CCC1CCCC2CCCC12)CC1CC2CCCCC2C1
C1CCC(CC2CCCCCC23CCCC2C(CCC2C2CCCCC2)C3)CC1
C1CCC(C2CC3CCCC3C3CCC4CCCCC4C23)CC1
C1CCC2C(C1)CCC1C3CCCC3CCC21
C1CCC(C2CCC3CC4C(CCCC45CCCC5)CCC32)CC1
C1CCC(C2CC3CCCC3C3CCC4CCCCCC4C23)CC1
C1CCC(CCCCC2CC3CCCCC3C2)CC1
C1CCC(C2(CCCCC3CCC4CCCCC4C3)CCCC3CCCCC32)CC1
C1CCC(C2CCC3(CCCC4CC5C(CCC5C5CCCCC5)CC43)C2)CC1
C1CCC(CC2CCCCCC23CCCC2C(CCC2C2CCCCC2)C3)CC1
C1CCC(CC2CCC3CC4C(CCC5C6CCC(CCCC7CC8CCCCC8C7)C6CCC45)CC23)CC1
C1CCC(C2CC3CCCC3C3CCC4CCCCC4C23)CC1
C(CCCC1CCCC2C(C3CCCCC3)CCC12)CCC1CCCCC1
C1CCC2C(C1)CCC1CCCCC12
C1CCC(CC2CCC3CCCCC3C3CCC4CCCCC4C23)CC1
C1CCC(CCC(CCC2CCCCC2)CCC2CCC3CCCC3C2)CC1
C1CCC(CCCCCC2CCCC3C(CC4CCCC(CC5CC5)C4)CCC23)CC1
C1CCC(C2CCC3CC4CCCCC4CC32)CC1
C(CCCC1CCCCC1)CCCC1CCC(C2CCCCC2)C1
C1CCC(CCC2CCC3C(CCC3C3CCCCC3)C2)CC1
C1CCC(C2CC3CCCC3C3CCC4CCCCC4C23)CC1
C1CCC(CCC2CCC3C(CCC3C3CCCCC3)C2)CC1
C1CCC2C(C1)CCCC1CCCCC12
C1CCC(CCCCCC2CCC3CCCCC23)CC1
C1CCC(CCCCC2CC3CCCCC3C2)CC1
C(CCCC1CCCC2C(C3CCCCC3)CCC12)CCC1CCC(C2CCCC2)C1
C1CCC(C2CCC3CC4C(CCC5C6CCC(CCCC7CC8CCCCC8C7)C6CCC45)CC32)CC1
C1CCC2CCC(C3CCCC4CCCC43)CC2CC1
C1CCC(C2CCC3CCCC3C3CCC4CCCCC4C23)CC1
C1CCC(C2CCC3CCCC4(CCCCC4)C3C2)CC1
C1CCC(CC2CCC(C3CC4CCCC4C4CCC5CCCCC5C34)CC2)CC1
C1CCC(CCCCC2CC3CCCCC3C2)CC1
C1CCC(C2CC3CCCC3C3CCC4CCCCC4C23)CC1
C1CCC(CCC2(CCCC3CCC4CCCCC4C3)CCC3C4CCC5CCCCC5C4CCC32)C1
C1CCC2CCC(C3CCCC4CCCC43)CC2CC1
C1CCC(CCCCC2CC3CCCCC3C2C2CCCCC2)CC1
C1CCC(CC2CCC3CC4C(CCC45CCCC5)CC23)CC1
C1CCC(C2CCC3CCC4C(CCC5C6CCCC6CCC45)CC32)CC1
C1CCC(CCCC2CCCC3C2CCC2C4CCCCC4CCC32)C1
C1CCC(CCC2CCC3C(CCC3C3CCCCC3)C2)CC1
C1CCC(C2CCC(CCCCCC3CCCCC4CCCCC34)C2)CC1
C1CCC(CCC2CCC(C3CCC4C(CCC4C4CCCCC4)C3)CC2)CC1
C1CCC(CC2CC3CCCCC3C3CCC4CCCCC4C23)CC1
C1CCC2CC(C3CCCC4CCCC43)CCC2C1
C1CCC(CCCC2(CCC3CCCC3)CCC3C4CCC5CCCCC5C4CCCC32)C1
C(CCCC1CCCCC1)CCCC1CCC(C2CCCCC2)C1
C(CCCCC1CCC(C2CCCCC2)C1)CCCC1CCCCC1
C1CCC(CCCC2(CCC3CCCC3)CCC3C4CCC5CCCCC5C4CCCC32)CC1
C1CCC(CCC2CC3CCCC3C3CCCC4CCCCC4C23)CC1
C1CCC(CC(CC2CCCCC2)C2CCCCC2)CC1
C1CCC(CC2CC3CCCCC3C3CCC4CCCCCC4C23)CC1
C1CCC(CCCCC2CC3CCCCC3C2)CC1
C1CCC(CCCCC2CCC3CCCCC23)CC1
C1CCC(CC(CC2CCCCC2)C2CCCCC2)CC1
C(CCCC1CCCCC1)CCCC1CCC(C2CCCCC2)C1
C1CCC2CCC3C4CCCCC4CC(CC4CCCC4)C3C2CC1
C1CCC(CCCCC2CCC3CCCCC23)CC1
C1CCC(CCCCC2CC3CCCCC3C2)CC1
C1CCC2C(C1)CC(C1CCCC1)C1CCCC21
C(CCC1CCCCC2CCCCC12)CC1CCC2CCCCC2C1
C(CCC1CCCC2CCCCC12)CC1CCCC2CCCCC12
C1CCC(CCCCCC2CC3CCCCC3C2)CC1
C1CCC(CCC2CCC(CCC3CCCC(CC4CCCC4)C3)CC2)CC1
C1CCC(CC(CC2CCCCC2)C2CCCCC2)CC1
C1CCC(CCCCC2CC3CCCCC3C2)CC1
C1CCC(CCCCCC2CCCC3C(C4CCCCC4)CCC23)CC1
C1CCC(CCCC2CC3CCCC3C3CCC4CC(CCC5CCCCC5)CCC4C23)CC1
C1CCC(C2CC3CCCC3C3CCC4CCCCC4C3C2)CC1
C1CCC(C2CC3CCCC3C3CCC4CCCCC4C23)CC1
C1CCC(CC2CC3CCCCC3C3CCC4CCCCC4C23)CC1
C1CCC(C2CC3CCCC3C3CCC4CCCCC4C23)CC1
C1CCC(CCCCCC2CCC3CCCCC23)CC1
C1CCC(C2CC3CCCC3C3CCC4CCCCC4C23)CC1
C1CCC(CCCCCC2CCC3CCCCC23)CC1
C1CCC(CC2CC3CCCCC3C3CCC4CCCCC4C3C2)CC1
C1CCC2CCC(C3CCCC4CCCC43)CC2CC1
C1CCC(C2CCC3CCC4CCCCC4C3CC2)CC1
C1CCC(CCC2(CCCC3CC4CCCCC4C3)CCC3C4CCC5CCCCC5C4CCC32)C1
C1CCC(C2CC3CCCC3CC3CCC4CCCCC4C32)CC1
C1CCC(C2CC3CCCCC3C3CCC4CCCCC4C23)CC1
C1CCC2CCC(C3CCCC4CCCC43)CC2CC1
C1CCC(CCC2CCCCC2)CC1
C1CCC(C2CCC3CC4C(CCC45CCCCCC5)CC32)CC1
C1CCC(C2CCC(CCCC3CCC4CC5CCC6CCCCC6C5CCC34)C2)CC1
C1CCC2CC(C3CCCC4CCCC43)CCC2C1
C1CCC(C2CC3CCCCC3C3CCCCC3C2)CC1
C1CCC2C(C1)CCC1C3CCCC3CCC21
C1CCC(C2CCC3CC4C(CCCC45CCCC5)CC32)CC1
C1CCC2C(C1)CCC1C2CCCC2C3CCCC3CC21
C1CCC2CCC(C3CCCC4CCCC43)CC2CC1
C1CCC(CCC(CCC2CCC3CCCC3C2)CC2CCCCC2)CC1
C(CCC1CC2CCCCC2C1)CCC1CCCC2CCCC12
C1CCC2CCC(C3CCCC4CCCC43)CC2CC1
C1CCC(CCC2CCC(CCCC3CCCC(CC4CCCC4)C3)CC2)CC1
C1CCC(C2CCC3(CCC4CC5C(CCC5C5CCCCC5)CC43)C2)CC1
C1CCC(CCC2(CCCC3CC4CCCCC4C3)CCC3C4CCC5CCCCC5C4CCCC32)C1
C1CCC2CCC3C4CCC(CCCC5CC6CCCCC6C5)C4CCC3C2CC1
C1CCC2CCC(C3CCCC4CCCC43)CC2CC1
C1CCC(CCCCCC2CCCC3C(C4CCCCC4)CCC23)CC1
C1CCC(CC2CC3CCCCC3C2C2CCCCC2)CC1
C1CCC2CCC(C3CCCC4CCCC43)CC2CC1
C1CCC(CCCC2CCC3CCC(C4CCCC5CCCC54)CC3C2)CC1
C1CCC2CC(CCCC3CCC4C3CCC3C5CCCCC5CCC43)CC2C1
C1CCC(CC2CC3CCCCC3C3CCC4CCCCC4C23)CC1
C1CCC(CCCCCC2CCCC3C(CC4CCCCC4)CCC23)CC1
C1CCC2CC(C3CCCC4CCCC43)CCC2C1
C1CC2CCC3C(CCC4CCCCC43)CC2C1
C1CCC(CCCCC2CC3CCCCC3C2)CC1
C1CCC(CCCCCC2CCCC3C2CCC3C2CCCC(CC3CCCC3)C2)CC1
C1CCC2CCC3C4CCCCC4CC(CC4CCCC4)C3C2CC1
C1CCC2CCC(C3CCCC4CCCC43)CC2CC1
C(CCC1CCCC2CCCCC12)CC1CCC2CCCCC2C1
C(CCCC1CCCC2C(C3CCCCC3)CCC12)CCC1CCCCC1
C1CCC(CCCC(CCC2CCC3C(CCC3C3CCCCC3)C2)C2CCCCC2)CC1
C1CCC(CCC(CCCC2CCC3CCCC3C2)CC2CCCCC2)CC1
C1CCC(CCCCCC2CCC3CCCCC23)CC1
C1CCC(CCC2CCC3C(CCC3C3CCCC(CCC4CCCC4)C3)C2)CC1
C1CCC2C(C1)CCC1C3CCCC3CCC21
C1CCC(CCC2CCC3C(CCC3C3CCCCC3)C2)CC1
C1CCC(CC2CCCC(CC3CCC4CCCCC4C4CCC5CCCCC5C34)C2)CC1
C1CCC(CCCCCC2CCCC3C(C4CCCCC4)CCC23)CC1
C1CCC(CCC2CCC(CCC3CCCC(CC4CCCC4)C3)CC2)CC1
C1CCC(CC2CCC3C(CCC3C3CCCCC3)C2)CC1
C1CCC(CCCCCC2CCCC3C(C4CCCCC4)CCC23)CC1
C1CCC(C2CCC3CC4C(CCCC5C6CCCC6CCC45)CC32)CC1
C1CCC2C(C1)CCC1C3CCCCC3CCC21
C1CC2CCCC2C(CC2CC3CCCCC3C3CCCC23)C1
C1CCC(C2CCCCC2CCC2CC3CCCCC3C3CCC4CCCCC4C23)CC1
C1CCC(C2CCCC3C(CCC4CCCCC43)C2)CC1
C1CCC2CC(C3CCCC4CCCC43)CCC2C1
C(CCC1CCC2C1CCC1C3CCCCC3CCC21)CC1CC2CCCCC2C1
C1CCC(C2CCC3CC4C(CCCC45CCCCC5)CC32)CC1
C(CCCCC1CCC2C(CCC3C4CCCC4CCCC23)C1)CCCC1CCCC(CC(CC2CCC(CC3CCCCC3)CC2)C2CCCCC2)C1
C1CCC(CCCCC2CC3CCCCC3C2)CC1
C1CCC2CCC3C4CCC(CCCC5CC6CCCCC6C5)C4CCC3C2CC1
C1CCC(C2CC3CCCCC3C3CCCCC23)CC1
C(CCCC1CCCC2CCCCC12)CCC1CCC(C2CCCCC2)C1
C1CCC(CCCCCC2CC3CCCCC3C2)CC1
C1CCC2CCC3C4CCCC4CCC3C2CC1
C(CCCC1CCCC2C(C3CCCCC3)CCC12)CCC1CCCCC1
C1CCC(C2CCC3(CCC4CCC5C(CCC5C5CCCCC5)CC43)C2)CC1
C(CCCCC1CCC2C(CCC3C4CCCCC4CCC23)C1)CCCC1CCCC(CC(CC2CCC(CC3CCCCC3)CC2)C2CCCCC2)C1
C1CCC(CCC2CC3CCCC3C3CCC4CCCCCC4C23)CC1
C1CCC(CCC2CC3CCCCC3C3CCC4CCCCC4C23)CC1
C1CCC(CCCCCC2CCC3CCCCC23)CC1
C1CCC(CC23CCCCC2CCC2C4CCCC4CCC23)CC1
C1CCC2C(C1)CCC1C2CCC2C3CCCC3CC21
C1CCC2CC(C3CCCC4CCCC43)CCC2C1
C1CCC2C(C1)CCC1C3CCCC3CCC21
C1CCC(CC2CC3CCCCC3C3CCC4CCCCC4C3C2)C1
C1CCC(C2CCC(CC3CC4CCCCC4C4CCC5CCCCC5C34)CC2)CC1
C1CCC(CCCC2CCC3CCCC3C2)CC1
C(CCC1CCCC2CCCCC12)CC1CCCC2CCCCC12
C1CCC(CC2CCC3CCCCC3C2)C1
C1CCC(CCCCC2CC3CCCCC3C2)CC1
C1CCC(CCCCC2CC3CCCCC3C2)CC1
C1CCC2CCC3CCCCC3C2CC1
C1CCC2CCC3C4CCC(CCC5CCCC5)C4CCC3C2CC1
C(CCC1CCC2C1CCC1C3CCCCC3CCC21)CC1CCC2CCCCC2C1
C1CCC(C2CC3CCCCC3C3CCCCC23)CC1
C1CCC(CC2CC3CCCCC3C3CCC4CCCCCC4C23)CC1
C1CCC(CCC2CCC3C(CCC4CC(C5CCCCC5)CCC43)C2)CC1
C1CCC2C(C1)CCC1C3CCCC3CCC21
C1CCC2C(C1)CC(C1CCCC1)C1CCCC21
C1CCC(CCCCC2CCC3CCCCC23)CC1
C1CCC2CCC3C4CCCC4CCC3C2CC1
C1CCC(C2CC3CCCC3CC3CCC4CCCCC4C32)CC1
C1CCC(CCC2CCCCC3CC4C(CCC4C4CCCCC4)CC23)CC1
C1CCC2C(C1)CCC1CCCCC12
C1CCC(CCC2CCC3C2CCC(C2CCCCC2)C2C4CCCCC4CCCC32)CC1
C1CCC(CC2CCC3CC4C(CCC45CCCCC5)CC23)CC1
C1CCC(C2CCC3CC4C(CCC45CCCC5)CC32)CC1
C(CCC1CCC2CCCCC2C1)CCC1CCCC2CCCCC12
C1CCC2CCC3C4CCCC4CCC3C2CC1
C1CCC(C2CCC3CCCC3C3CCCC4CCCCC4C23)CC1
C1CCC(CCCC2CCC3C(CCC4C5CCCC5CC(CCC5CCCCC5)C34)C2)CC1
C1CCC(C2CC3CCCC3C3CCC4CCCCCC4C23)CC1
C(CCC1CCCC2CCCCC12)CCC1CCCC2CCCCC12
C1CCC(CC2CC3CCCCC3C3CCC4CCCCCC4C23)CC1
C1CCC(CC2CCC3C(CCC4CCCCC43)C2)CC1
C1CCC(C2CC3CCCC3C3CCC4CCCCC4C23)CC1
C1CCC(CCC2CCCC3CC4C(CC5CCCCC5)CCC4CC23)CC1
C1CCC(C2CCC3C(CCC4CCCCC43)C2)CC1
C1CCC(C2CC3CCCC3C3CCC4CCCCC4C23)CC1
C(CCC1CCCCC2CCCCC12)CC1CCC2CCCCC2C1
C1CCC(CC2CC3CCCCC3C3CCC4CCCCCC4C23)CC1
C1CCC(CCCC2CCC3CCC(C4CCCC5CCCC54)CC3C2)CC1
C(CCCC1CCCC2C(C3CCCCC3)CCC12)CCC1CCCCC1
C1CCC(CC23CCCCC2CCC2C4CCCC4CCC23)CC1
C1CCC(CCCCC2CCC3CCCCC23)CC1
C1CCC(CCC2CCCC3CC4C(CCC4C4CCCCC4)CC23)CC1
C1CCC(CCCC2CCCC(C3CCC4CC(CCC5CCC6CCCCC6C5)CCC43)C2)CC1
C1CCC2C(C1)CC(C1CCCC1)C1CCCCC21
C1CCC(CCCCC2CCC3CCC(C4CCCC5CCCC54)CC3C2)CC1
C1CCC(C2CC3CCCCC3C3CCC4CCCCC4C23)CC1
C1CCC2C(C1)CCCC2CCCC1CCCC2CCCCC21
C1CCC2CC(CCCC3CCC4C3CCCC3C5CCCCC5CCC34)CC2C1
C1CCC2CC(C3CCCC4CCCC43)CCC2C1
C1CCC(CCCC2CCCC3CCC(C4CCCC5CCCC54)CC3C2)CC1
C1CCC(CC2CC3CCCCC3C3CCC4CCCCCC4C23)CC1
C1CCC(CCCCC2CCC3CCCCC23)CC1
C1CCC2CC(CCCC3CCCC4CCCCC43)CC2C1
C1CCC(CCCCC2CC3CCCCC3C2)CC1
C1CCC(CCCC2CCC3CCC(C4CCCC5CCCC54)CC3C2)CC1
C1CCC(C2CCC3CC4C(CCCC5C6CCC(CCCC7CC8CCCCC8C7)C6CCC45)CC32)CC1
C1CCC(CCCC2(CCCC3CC4CCCCC4C3)CCC3C4CCC5CCCCC5C4CCC32)C1
C1CCC(C2CCC3CCCCC3C3CCC4CCCCC4C23)CC1
C1CCC(CCC2CCC3C(CCC3C3CCCCC3)C2)CC1
C1CCC(CCC2CCCCC2)CC1
C(CCCCC1CCC2C(CCC3C4CCCC4CCCC23)C1)CCCC1CCCC(CC(CC2CCC(CC3CCCCC3)CC2)C2CCCCC2)C1
C(CCCC1CCCCC1)CCCC1CCC(C2CCCCC2)C1
C1CCC(CC(CC2CCCCC2)C2CCCCC2)CC1
C1CCC(CCCCC2CC3CCCCC3C2)CC1
C1CCC(C2CCC3C(CCC4CCCCC43)C2)CC1
C1CCC(CC2CC3CCCCC3C3CCC4CCCCC4C23)C1
C1CCC(CCCCCC2CC3CCCCC3C2)CC1
C1CCC(C2CCC(CC3CC4CCCCC4C4CCC5CCCCCC5C34)CC2)CC1
C1CCC(C2CCC3CC4C(CCC45CCCC5)CC32)CC1
C1CCC(CC2CCC3C(CCC3C3CCCCC3)C2)CC1
C(CCCCC1CCC(C2CCCCC2)C1)CCCC1CCCCC1
C1CCC(CCCC2CCC3CCC(CC4CCCC5CCCC54)CC3C2)CC1
C1CCC(CCCC2CCCC3CCCCC32)C2CCCCC2C1
C1CCC2CCC3CCCCC3C2CC1
C1CCC(CCCCCC2CC3CCCCC3C2)CC1
C1CCC(CCC2CCC3C(CC4CCCCC4)CCC3C2)CC1
C(CCCC1CCCC2C(C3CCCCC3)CCC12)CCC1CCCCC1
C1CCC(CCC2(CCCC3CC4CCCCC4C3)CCC3C4CCC5CCCCC5C4CCC32)C1
C1CCC(CCCCCC2CC3CCCCC3C2)CC1
C1CCC(CCCC(CC2CC3CCCCC3C2)C2CC2)CC1
C(CCC1CCCC2CCCC12)CC1CC2CCCCC2C1
C1CCC(CCC2CCC(CC3CCC4C(CCC4C4CCCCC4)C3)CC2)CC1
C1CCC(CCCCC2CC3CCCCC3C2)CC1
C1CCC2CCC3C4CCCCC4CC(CC4CCCC4)C3C2CC1
C1CCC(CCC2CCC3C(CCC3C3CCCCC3)C2)CC1
C1CCC(CC2CC3CCCCC3C3CCC4CCCCC4C23)CC1
C1CCC(C2CCC3C(CCCCCC4CCC(C5CCCC5)C4)CCCC23)CC1
C1CCC(CC2CCCC2CC2CC3CCCCC3C3CCC4CCCCCC4C23)CC1
C1CCC(C2CC3CCCC3C3CCC4CCCCC4C23)CC1
C1CCC(CCCCCC2CCCCC2)CC1
C1CCC2CCC(C3CCCC4CCCC43)CC2CC1
C1CCC2CCC(C3CCCC4CCCC43)CC2CC1
C1CCC(C2CCC3CCCC3C3CCC4CCCCC4CC23)CC1
C(CCCC1CCCCC1)CCC1CCCCC1
C1CCC(CC2CCC(CC(CC3CCCCC3)C3CCCCC3)CC2)CC1
C1CCC(CC2CCC3C(CCC3C3CCCCC3)C2)CC1
C1CCC(C2CC3CCCC3C3CCC4CCCCC4C23)CC1
C(CCC1CCCC2CCCCC12)CC1CCC2CCCCC2C1
C1CCC(C2CCC3CC4C(CCC5C6CCCC(CCCC7CCC8CCCCC8C7)C6CCC45)CC32)CC1
C1CCC(CCCC2CCC3C(CCC4C5CCCC5CC(CCC5CCCCC5)C34)C2)CC1
C1CCC2CC(C3CCCC4CCCC43)CCC2C1
C1CCC(C2CC3CCCC3C3CCC4CCCCC4C23)CC1
C1CCC(CC2CC3CCCCC3C3CCC4CCCCCC4C23)CC1
C1CCC(C2CCC(CCCCCC3CCCC4C(C5CCCCC5)CCC34)C2)CC1
C(CCCC1CCCC2C(C3CCCCC3)CCC12)CCC1CCC(C2CCCC2)C1
C1CCC2CCC(C3CCCC4CCCC43)CC2CC1
C1CCC(CCCCCC2CC3CCCCC3C2)CC1
C(CCC1CCC2CCCCC2C1)CCC1(C2CCCC2)CCCC2CCCCC21
C1CCC2C(C1)CCC1C2CCC2C3CCCC3CC21
C1CCC(CCCCCC2CCCC3C(CC4CCCCC4)CCC23)CC1
C1CCC(C2CC3CCCC3C3CCC4CCCCC4CC23)CC1
C1CCC2CC(CCCC3CCC4C3CCC3C5CCCCC5CCCC43)CC2C1
C1CCC2CC(C3CCCC4CCCC43)C3CCCC3C2CC1
C1CCC2CCC(C3CCCC4CCCC43)CC2CC1
C(CCC1CCCC2CCCCC12)CC1CC2CCCCC2C1
C1CCC2CCC(C3CCCC4CCCC43)CC2CC1
C1CCC2CC(C3CCCC4CCCC43)CCC2C1
C1CCC(CC2CC3CCCCC3C3CCC4CCCCC4C23)CC1
C1CCC(CCCC2CCCCC3CCC(C4CCCC5CCCC54)CC23)CC1
C1CCC(CC2CCC3CCCCC3C3CCC4CCCCC4C23)C1
C1CCC2C(C1)CCCC1C3CCCC3CCC21
C1CCC(CCCCC2CC3CCCCC3C2)CC1
C1CCC(C2CC3CCCC3C3CCC4CCCCC4C23)CC1
C1CCC2CC(CC3CCCC4CCCC43)CCC2C1
C1CCC(CCC2CCC(CCC3CCCC(CCC4CCCC4)C3)CC2)CC1
C1CCC(CC2CC3CCCCC3C3CCC4CCCCC4C23)CC1
C(CCCC1CCCCC1)CCCC1CCC(C2CCCCC2)C1
C1CCC(CCCCCC2CC3CCCCC3C2)CC1
C1CCC(CCC2CCCC3CC4C(CCC4C4CCCCC4)CC23)CC1
C1CCC(C2CCC3CC4C(CCC5C6CCC(CCCCC7CC8CCCCC8C7)C6CCC45)CC32)CC1
C1CCC(CCCCC2CC3CCCCC3C2)CC1
C(CCCC1CCCCC1)CCCC1CCC(C2CCCCC2)C1
C1CCC(CC2CCC3CC4C(CCC5C6CCC(CCCC7CC8CCCCC8C7)C6CCC45)CC23)CC1
C1CCC(C2CCC3CCCC3C3CCC4CCCCCC4C23)CC1
C1CCC(C2CC3CCCC3CC3CCC4CCCCC4C32)CC1
C1CCC2C(C1)CCCC1CCCCC12
C1CCC(CC2CC3CCCCC3C2C2CCCCC2)CC1
C1CCC(CC2CC3CCCCC3C3CCC4CCCCC4C23)CC1
C1CCC(CCC2CCC3C(CCC4C5CCCC5CCC34)C2)CC1
C1CCC(C2CC3CCCC3C3CCC4CCCCC4C23)CC1
C1CCC(CCCCC2CCC3CCCC3C2)CC1
C1CCC(CCC2CCC3C(CCC3C3CCCCC3)C2)CC1
C1CCC(CCCC2CCC(CCC3CCCC(CC4CCCC4)C3)CC2)CC1
C(CCCC1CCCC2CCCC12)CCC1CCCCC1
C(CCC1CCCC2C(CCC3C4CCCC4CCC23)C1)CC1CCC(C2CC3CCCC3C3CCC4CCCCC4C23)CC1
C1CCC(CC2CC3CCCCC3C3CCC4CCCCC4C23)CC1
C1CCC(CCC2CCC3C(CCC4C5CCCCC5CCC34)C2)CC1
C1CCC(CC2CC3CCCC3C3CCC4CCCCC4C23)CC1
C1CCC(C2CCCC3C(CCC4CCCCC43)C2)CC1
C1CCC(C2CCC3CC(C4CCC(CCC5CCCC5)CC4)CCC32)CC1
C1CC(C2CCC(C3CC4CCCCC4C4CCC5CCCCC5C34)CC2)C1
C1CCC(C2CC3CCCC3C3CCC4CCCCCC4C23)CC1
C1CCC(CCC2CCC3C(CC4CCCCC4)CCC3C2)CC1
C1CCC(CCC2CCC3C(CCC3C3CCCCC3)C2)CC1
C1CCC(CCCCC2CC3CCCCC3C2)CC1
C1CCC(CCCC2CCC3CCCC3C2)CC1
C1CCC(CC2CC3CCCCC3C2C2CCCCC2)CC1
C(CCC1CCC2CCCC2C1)CC1CCC(C2CCCC2)CC1
C1CCC2C(C1)CCC1C3CCCC3CCC21
C1CCC(CCC2CCC3C(CCC3C3CCCC(CCC4CCCCC4)C3)C2)CC1
C1CCC2CCC3C4CCCC4CC(C4CCC(CCCCC5CCC6C(CCC7C8CCCC8CCC67)C5)CC4)C3C2CC1
C1CCC(C2CCC3CC4C(CCCC5C6CCC(CCCC7CC8CCCCC8C7)C6CCC45)CC32)CC1
C1CCC(CCCCC2CC3CCCCC3C2)CC1
C1CCC2CCC3C4CCC(CCCC5CC6CCCCC6C5)C4CCC3C2CC1
C1CCC2CCC3C4CCCCC4CC(CC4CCCC4)C3C2CC1
C1CCC(C2CC3CCCCC3C3CCCCC23)CC1
C1CCC(CC(CC2CCCCC2)C2CCCCC2)CC1
C1CCC(CCCCC2CCC3CCCCC23)CC1
C1CCC2C(C1)CCC1C3CCCCC3CCC21
C1CCC2CCC(C3CCCC4CCCC43)CC2CC1
C(CCCC1CCCC2C(C3CCCCC3)CCC12)CCC1CCCCC1
C1CCC2CC(CC3CCCC4CCCC43)CCC2C1
C1CCC(CC2CCC(CCCCCC3CCCC4CCCCC34)C2)CC1
C1CCC2CC(CCCC3CCC4C3CCC3C5CCCCC5CCC43)CC2C1
C1CCC2CC(C3CCCC4CCCC43)CCC2C1
C1CCC2CC(CCCC3CCCC4CCCCC43)CC2C1
C1CCC(CCCC2CCC3C(CCC4C5CCCC5CC(CCC5CCCCC5)C34)C2)CC1
C(CCC1CCC2CCCCC2C1)CC1CCCCC2CCCCC2C1
C1CCC(CCC2CCC3C(CCC4C5CCCC5CC(CCC5CCCCC5)C34)C2)CC1
C1CCC(CCC2CCCCC2)CC1
C1CCC(C2CCC3CC4(CCCCC4C4CCCCC4)CCCC32)CC1
C1CCC2CC(CCCC3CCC4C3CCC3C5CCCCC5CCC43)CC2C1
C(CCCC1CCCC2C(C3CCCCC3)CCC12)CCC1CCCCC1
C1CCC2CC3CCC4CCCC4C3CCC2C1
C1CCC(CC2CC3CCCCC3C3CCCCC23)C1
C1CCC(C2CCC3(CCC4CCC5C(CCC5C5CCCCC5)CC43)C2)CC1
C1CCC2CCC(C3CCCC4CCCC43)CC2CC1
C1CCC(C2CCC3CC4C(CCC45CCCCC5)CC32)CC1
C1CCC(C2CC3CCCCC3C3CCC4CCCCC4C23)CC1
C1CCC(CCC2CCC3C(CCC4C5CCCC5CCC(CCC5CCCCC5)C34)C2)CC1
C1CCC(C2CC3CCCCC3C3CCC4CCCCC4C23)CC1
C1CCC(CCC2CCC3C(CCC3CC3CCCC(CC4CCCC4)C3)C2)CC1
C1CCC(CC2CCC3C(CCC3C3CCCCC3)C2)CC1
C1CCC(CC2CCC3C(CCC3C3CCCCC3)C2)CC1
C1CCC(CCC(CCC2CCC3CCCCC3C2)CC2CCCCC2)CC1
C1CCC2CCC(C3CCCC4CCCC43)CC2CC1
C1CCC(CCC2CCC3C(CCC3C3CCCCC3)C2)CC1
C1CCC(C2CCC3CC4C(CCCC45CCCC5)CC32)CC1
C1CCC(CCCC(CCC2CCC3CCCC3C2)CC2CCCCC2)CC1
C(CCC1CCCC2CCCCC12)CC1CCCC2CCCCC12
C(CCCC1CCCCC1)CCCC1CCC(C2CCCCC2)C1
C1CCC2CC(CCCC3CCCC4CCCCC43)CC2C1
C1CCC(CCC(CCC2CCC3CCCC3C2)CC2CCCCC2)CC1
C1CCC(CCCCCC2CC3CCCCC3C2)CC1
C(CCC1CCCC2C(CCC3C4CCCC4CCC23)C1)CC1CCC(C2CCC(C3CC4CCCC4C4CCC5CCCCC5C34)CC2)CC1
C(CCC1CCCCC2CCCCC12)CC1CCC2CCCCC2C1
C1CCC2CCC3C4CCCC4CCC3C2CC1
C1CCC(CCC2CCC3CC4CCC5CCCC5C4CCC3C2)CC1
C1CCC(CC2CC3CCCCC3C3CCC4CCCCCC4C23)CC1
C1CCC(CC2CC3CCCCC3C3CCC4CCCCCC4C23)CC1
C1CCC2C(C1)CCC1CCCCC12
C(CCC1CC2CCCCC2C1)CCC1CCCC2CCCC12
C1CCC(CC2CCCCC2CC2CC3CCCCC3C3CCC4CCCCCC4C23)CC1
C1CCC2C(C1)CCC1C3CCCC3CCC21
C1CCC(CCCCCC2CC3CCCCC3C2)CC1
C(CCC1CCC2CCCC2C1)CC1CCC(C2CCCC2)CC1
C1CCC(CCCCCC2CCCC3CCCC23)CC1
C1CCC2C(C1)CCC1C3CCCC3CCCC21
C1CCC(CCCC2CCC3CCC(C4CCCC5CCCC54)CC3C2)CC1
C1CCC2CCC3C(CCC4C5CCCC5CC43)C2CC1
C1CCC(CCCC2CCCC(C3CCC4CC(CCC5CCC6CCCCCC6C5)CCC43)C2)CC1
C1CCC2C(C1)CCCC2CCCC1CCC2C1CCCC1C3CCCCC3CCC12
C1CCC(CCC2CCC3C(CCC4CC(CC5CCCCC5)CCC43)C2)CC1
C1CCC(C2CCC3CC4C(CCCC4CC4CCC5CCCCC54)CCC32)CC1
C1CCC(CCCC2CCC3C2CCC2C4CC5CCC(C6CCCCC6)C5CC4CCC32)CC1
C1CCC2CCC3C4CCCCC4CC(CC4CCCC4)C3C2CC1
C(CCC1CCCC2CCCC12)CC1CC2CCCCC2C1
C1CCC2C(C1)CCC1C3CCCC3CCC21
C1CCC(C2CCC3C(CCC4CCCCC43)C2)CC1
C1CCC(CCC2(CCCC3CCC4CCCCC4C3)CCC3C4CCC5CCCCC5C4CCCC32)C1
C1CCC(CCCCCC2CC3CCCCC3C2)CC1
C1CCC(C2CCC3CC4C(CCC5C6CCC(CCCCC7CC8CCCCC8C7)C6CCC45)CC32)CC1
C1CCC(CC2CCC3C(CCC3C3CCCCC3)C2)CC1
C1CCC(CC2CC3CCCCC3C3CCC4CCCCC4C3C2)CC1
C1CCC(CCCCCC2CCC3C(CC4CCCCC4)CCC3C2)CC1
C1CCC(CCCC2CCCC(C3CCC4CC(CCC5CCC6CCCCC6C5)CCC43)C2)CC1
C1CCC(CCCC2CCC3C2CCC2C4CCCCC4CCC32)C1
C1CCC(CCC(CCC2CC3CCCCC3C2)C2CC2)CC1
C1CCC(CC2CCC3CC4(CCCCC4C4CCCCC4)CCC23)CC1
C1CCC(CCCC2CCC3CCC(C4CCCC5CCCC54)CC3C2)CC1
C1CCC(CCCCC2(CCC3CCCC3)CCC3C4CCC5CCCCC5C4CCC32)CC1
C1CCC2C(C1)CCCC1C3CCCC3CCC21
C(CCC1CCCCC2CCCCC12)CC1CCC2CCCCC2C1
C1CCC(CCCC2CCC3C(CCC3C3CCCCC3)C2)CC1
C(CCC1CCC2C(CCC3C4CCCC4CCCC23)C1)CC1CCC(C2CC3CCCC3C3CCC4CCCCC4C23)CC1
C1CCC2C(C1)CCC1C3CCCC3CCC21
C(CCCCCCC1CCC2C1CCC1C3CCCCC3CCC21)CCCCCC1CCC(CCC2CCC(CCCC3CCCC3)C2)C1
C1CCC2CC(C3CCCC4CCCC43)CCC2C1
C1CCC(C2CCC3CC4C(CCC32)CCC2C3CCC(CCCC5CC6CCCCC6C5)C3CCC42)CC1
C1CCC(CC2CCC3C(CCC3C3CCCCC3)C2)CC1
C1CCC2CC(C3CCCC4CCCC43)CCC2C1
C1CCC(CCCCC2CCCC3CCCC23)CC1
C1CCC2CC(CCCC3CCC4C3CCC3C5CCCCC5CCCC43)CC2C1
C1CCC(CCCC2CCCC3C2CCC2C4CC5CCC(C6CCCCC6)C5CC4CCC32)CC1
C1CCC2CC(CCCC3CCC4C3CCC3C5CCCCC5CCC43)CCC2C1
C1CCC(CCCCCC2CC3CCCCC3C2)CC1
C(CCC1CCC2C1CCC1C3CCCCC3CCC21)CC1CC2CCCCC2C1
C1CCC(CCC2CCC3C(CCC3C3CCCC(CCC4CCCC4)C3)C2)CC1
C1CCC(CCC2(CCCC3CC4CCCCC4C3)CCC3C4CCCC5CCCCC5C4CCC32)C1
C(CCC1CCC2C1CCC1C3CCCCC3CCC21)CC1CC2CCCCC2C1
C1CCC(C2CC3CCCCC3C3CCC4CCCCC4C23)CC1
C1CCC(CC2CCCC(CC3CC4CCCCC4C4CCC5CCCCC5C34)C2)C1
C(CCCCC1CCCC2C(CCC3C4CCCC4CCC23)C1)CCCC1CCCC(CC(CC2CCC(CC3CCCCC3)CC2)C2CCCCC2)C1
C1CCC2C(C1)CCC1C3CCCC3CCC21
C1CCC(CCCC2CCC3C(CCC4C5CCCC5CC(CCC5CCCCC5)C34)C2)CC1
C1CCC(C2CCC3CC4CCCCC4CC32)CC1
C1CCC(C2CCC3CCC4C(CCC5C6CCC(CCCC7CC8CCCCC8C7)C6CCC45)CC32)CC1
C1CCC(CCCCC2CC3CCCCC3C2)CC1
C1CCC(CCC2CCC3C(CCC3C3CCCCC3)C2)CC1
C1CCC(C2CC3C(CCCC4CC4)CCC3C3CCC4CCCCC4C23)CC1
C1CCC(C2CCC3CCCC3C3CCC4CCCCC4C23)CC1
C1CCC2CCC(C3CCCC4CCCC43)CC2CC1
C1CCC(CCC2CCC3C(CCC4C5CCCC5CCC34)C2)CC1
C(CCC1CCCC2CCCC12)CC1CC2CCCCC2C1
C1CCC2CCC3C4CCC(CCCC5CCC6CCCCC6C5)C4CCC3C2CC1
C1CCC2CCC(C3CCCC4CCCC43)CC2CC1
C1CCC(CCCCC23CCCC2CC2C4CCC5CCCCC5C4CCC23)C1
C(CCC1CCC2C1CCC1C3CCCCC3CCC21)CC1CCCC2CCCCC12
C1CCC(C2CCC3C(CCC4CCCCC43)C2)CC1
C1CCC2CCC(C3CCC4CCCCC43)CC2CC1
C1CCC2C(C1)CC(C1CCCC1)C1CCCC21
C1CCC(CCCCC2CC3CCCCC3C2)CC1
C1CCC2C(C1)CCC1C3CCCC3CCC21
C1CCC(C2CCC3(CCCC4CC5C(CCC5C5CCCCC5)CC43)C2)CC1
C(CCCC1CCCC2C(C3CCCCC3)CCC12)CCC1CCCCC1
C1CCC(C2CCCC3C(CCC4CCCCC43)C2)CC1
C1CCC(CC2CC3CCCCC3C3CCC4CCCCC4C3C2)CC1
C1CCC(CCCCCC2CCC3CCCCC23)CC1
C1CCC(C2CCC3(CCC4CCC5C(CCC5C5CCCCC5)CC43)C2)CC1
C1CCC(CC2CCC(CC(CC3CCCCC3)C3CCCCC3)CC2)CC1
C1CCC(C2CC3CCCC3C3CCC4CCCCCC4C23)CC1
C1CCC(CCCCCC2CC3CCCCC3C2)CC1
C(CCCCC1CCCC(CC(CC2CCC(CC3CCCCC3)CC2)C2CCCCC2)C1)CCCCC1CCC2C(CCC3C4CCCC4CCC23)C1
C1CCC2C(C1)CCC1C3CCCC3CCC21
C1CCC2CC(C3CCCC4CCCC43)CCC2C1
C1CCC(CC2CCC(CCCC3CCC4CCCC4C3)CC2)C1
C1CCC(CCCCC2CC3CCCCC3C2)CC1
C1CCC(C2CCCCC2CC2CC3CCCCC3C3CCC4CCCCC4C23)CC1
C1CCC(CCC2(CCCC3CC4CCCCC4C3)CCC3C4CCC5CCCCC5C4CCC32)C1
C1CCC(CCC2CCC(CCC3CCCCC3)CC2)CC1
C1CCC(CCC2CCC(CCC3CCCC(CC4CCCC4)C3)CC2)CC1
C1CCC(CCC2CCC3C(CCC3C3CCCCC3)C2)CC1
C1CCC(CCCC2CCC3C2CCC2C4CC5CCC(C6CCCCC6)C5CC4CCC32)CC1
C1CCC(CCC(CCC2CCC3CCCC3C2)CC2CCCCC2)CC1
C1CCC2CC(C3CCCC4CCCC43)C3CCCC3C2CC1
C1CCC(CCC2CCC(CC3CCC4C(CCC4C4CCCCC4)C3)CC2)CC1
C1CCC(CC2CCC3C(CCC3C3CCCCC3)C2)CC1
C1CCC(CCCCC2CCC3CCCCC23)CC1
C1CCC(C2CCC3C(CCC4CCCCC43)C2)CC1
C1CCC(CCC2CCC3C(CCC3C3CCCCC3)C2)CC1
C1CCC(CCCC2CCC3C2CCC2C4CCCCC4CCC32)C1
C(CCC1CCCC2CCCC12)CC1CC2CCCCC2C1
C1CCC(CC2CCCC(C3CCC4CC(CCC5CCC6CCCCC6C5)CCC43)C2)C1
C1CCC(CCCCC2CC3CCCCC3C2)CC1
C1CCC(CCCC2CCC3C2CCC2C4CCCCC4CCC32)C1
C1CCC(CCCC2CCCCC3CCC(C4CCCC5CCCC54)CC23)CC1
C1CCC(C2CCC3CC4C(CCCC45CCCC5)CC32)CC1
C1CCC2C(C1)CCCC1C3CCCC3CCC21
C1CCC(CCCCCC2CC3CCCCC3C2)CC1
C1CCC(C2CCC(CC3CC4CCCCC4C4CCC5CCCCC5C34)CC2)CC1
C1CCC2C(C1)CCCC2CCCC1CCCC2CCCCC21
C1CCC(CCCC2CCC3C(CCC4C5CCCC5CCC34)C2)CC1
C1CCC(CCCC(CC2CC3CCCCC3C2)C2CC2)CC1
C1CCC(CC2CCC3CC4C(CCC5C6CCC(CCCC7CC8CCCCC8C7)C6CCC45)CC23)CC1
C1CCC2CCC(C3CCCC4CCCC43)CC2CC1
C1CCC2C(C1)CCC1C3CCCC3CCC21
C1CCC2CCC3C4CCC(CCCC5CC6CCCCC6C5)C4CCC3C2CC1
C(CCC1CCC2CCC(C3CCCC4CCCC43)CC2C1)CC1CCC2CCCC2C1
C1CCC(CCC(CCC2CCC3CCCC3C2)CC2CCCCC2)CC1
C1CCC(CCCCC2CCC3CCCCC23)CC1
C1CCC2CC(CCCC3CCC4C3CCC3C5CCCCC5CCC43)CC2C1
C1CCC(CCCCC2CCC3CCCCC23)CC1
C1CCC2CC(C3CCCC4CCCC43)CCC2C1
C1CCC(CCC2CCCC(CC3CC4CCCCC4C4CCC5CCCCC5C34)C2)CC1
C1CCC2CC(CC3CCCC4CCCC43)CCC2C1
C1CCC(C2CCC3CCCC4(CCCCC4)C3C2)CC1
C1CCC(C2CC3CCCC3C3CCC4CCCCC4C23)CC1
C1CCC2CCC3C(CCC4C3CCC4(CCCC3CCC4CCCCC4C3)CCC3CCCC3)C2CC1
C1CCC(C2CCC3CCC4C(CCC5C6CCCC6CCC45)CC32)CC1
C1CCC(C2CC3CCCC3C3CCC4CCCCC4C23)CC1
C1CCC2C(C1)CCC1C3CCCCC3CCC21
C1CCC(CCCCCC2CCCC3C(C4CCCCC4)CCC23)CC1
C1CCC(C2CC3CCCC3C3CCC4CCCCC4C23)CC1
C1CCC(CCC2CCC(CC(CC3CCCCC3)C3CCCCC3)CC2)CC1
C1CCC(CCCC(CCC2CCC3C(CCC3C3CCCCC3)C2)C2CCCCC2)CC1
C1CCC2CC(C3CCCC4CCCC43)CCC2C1
C1CCC2CC(CC3CCCC4CCCC43)CCC2C1
C(CCCCC1CCC(C2CCCCC2)C1)CCCC1CCCCC1
C1CCC2C(C1)CC(C1CCCC1)C1CCCC21
C1CCC(CCCCC2CC3CCCCC3C2)CC1
C(CCCC1CCCC2C(C3CCCCC3)CCC12)CCC1CCCCC1
C1CCC(C2CC3CCCC3C3CCC4CCCCC4C23)CC1
C1CCC(C2CCC3CCCCC3C3CCCCC23)CC1
C(CCCC1CCCC2C(C3CCCCC3)CCC12)CCC1CCCCC1
C1CCC(C2CCC3CC(C4CCC(CCC5CCCC5)CC4)CCC32)CC1
C1CCC(CCC2CCC3C(CCC3C3CCCCC3)C2)CC1
C1CCC(CC2CCC(C3CC4CCCC4C4CCC5CCCCCC5C34)CC2)CC1
C1CCC(C2CC3CCCC3C3CCC4CCCCC4CC23)CC1
C1CCC(C2CCC3CC4C(CC5CCC6CCCCC65)CCCCC4CC32)CC1
C1CCC(C2CC3CCCCC3C3CCC4CCCCC4C23)CC1
C(CCCC1CCCC2C(C3CCCCC3)CCC12)CCC1CCCCC1
C1CCC(C2CCC3CC4C(CCC5C6CCC(CCCC7CC8CCCCC8C7)C6CCCC45)CC32)CC1
C(CCC1CCC2CCCCC2C1)CCC1CCCC2CCCCC12
C1CCC(CCC2CCC3C(CCCC4C5CCCC5CCC34)C2)CC1
C1CCC2C(C1)CCC1C3CCCC3CCC21
C1CCC(C2CC3C(CCC34CCCCC4)C3CCC4CCCCC4C23)CC1
C1CCC(CC2CC3CCCCC3C3CCC4CCCCCC4C23)CC1
C1CCC(CCC2CCC3C(CC4CCCCC4)CCC3C2)CC1
C1CCC(CCCCCC2CCCC3C(C4CCCCC4)CCC23)CC1
C1CCC(C2CC3CCCC3C3CCCC4CCCCC4C23)CC1
C1CCC(CCCCCC2CC3CCCCC3C2)CC1
C1CCC2CCC(C3CCCC4CCCC43)CC2CC1
C1CCC(CC2CC3CCCCC3C3CCC4CCCCCC4C23)CC1
C1CCC(CCCCCC2CCC3CCCCC23)CC1
C1CCC(CCCCC2CC3CCCCC3C2)CC1
C1CCC(CCCC2CCC3C(CCC3C3CCCCC3)C2)CC1
C1CCC(C2CCC(CCCCCC3CCCC4CCCCC34)C2)CC1
C1CCC(C2CCC3C(CCC34CCCC4)C3CCC4CCCCC4C23)CC1
C(CCC1CC2CCCCC2C1)CCC1CCCC2CCCC12
C(CCCC1CCCCC1)CCCC1CCC(C2CCCCC2)C1
C1CCC2CCC(C3CCCC4CCCC43)CC2CC1
C1CCC(C2CCCC3(CCC4CC5C(CCC5C5CCCCC5)CC43)C2)CC1
C1CCC(CC2CCCCCC23CCC2CCC(C4CCCCC4)C2CC3)CC1
C1CCC(C2CCC3CC4C(CCC32)CCC42CCCC2)CC1
C1CCC(CCC2CCC3C(CCC3C3CCCCC3)C2)CC1
C1CCC(CCC2CCCCC3CC4C(CCC4C4CCCCC4)CC23)CC1
C1CCC(C2CC3CCCC3C3CCC4CCCCCC4C23)CC1
C1CCC(C2CCC3CC4C(CCC5C6CCC(CCCC7CCCC8CCCCC87)C6CCC45)CC32)CC1
C1CCC(CCCCCC2CC3CCCCC3C2)CC1
C1CCC(CCC2CCC3C(CCC3C3CCCCC3)C2)CC1
C1CCC(C2CC3CCCC3C3CCC4CCCCCC4C23)CC1
C1CCC(CCC(CC2CCC(CC3CCCCC3)CC2)C2CCCCC2)CC1
C(CCC1CCCCC2CCCCC12)CC1CCC2CCCCC2C1
C(CCC1CCCC2CCCCC12)CC1CCCC2CCCCC12
C1CCC2C(C1)CCC1C3CCCC3CCC21
C1CCC(CCC2CCC(CCC3CCCCC(CC4CCCC4)C3)CC2)CC1
C1CCC(CC2CCCC2CC2CC3CCCCC3C3CCC4CCCCCC4C23)CC1
C1CCC(CCC2CCC(CCC3CCCC(CC4CCCC4)C3)CC2)CC1
C1CCC(CCCCC2CC3CCCCC3C2)CC1
C1CCC(C2CCC3C(CCC4CCCCC43)C2)CC1
C1CCC2C(C1)CCC1C3CCCC3CCC21
C1CCC(C2CC3CCCCC3C3CCCCC23)CC1
C(CCCC1CCCC2C(C3CCCCC3)CCC12)CCC1CCCCC1
C1CCC(CCC2CCC3C(CCC3C3CCCCC3)C2)CC1
C1CCC(CCCCCC2CC3CCCCC3C2)CC1
C1CCC(CCC2CCCC3CCC4C(CCC4C4CCCCC4)CC23)CC1
C1CCC(C2CCC3CC4C(CCCCC45CCCC5)CC32)CC1
C1CCC(CCC2CCC3C(CCC4C5CCCCC5CCC34)C2)CC1
C1CCC(C2CCC3CCCCC3C3CCC4CCCCC4C23)CC1
C1CCC(CC2CCCCC2CC2CCC3CCCCC3C3CCC4CCCCC4C23)CC1
C1CCC(C2CCC3CC4C(CCC32)CCC42CCCCC2)CC1
C1CCC2CCC(C3CCCC4CCCC43)CC2CC1
C1CCC(CCC2CCC3C(CCC3C3CCCCC3)C2)CC1
C1CCC(CCC2CCC3C(CCCC4C5CCCC5CCC34)C2)CC1
C1CCC(CCC2CCCC3CC4C(CCC4C4CCCCC4)CC23)CC1
C1CCC(C2CCC(CCCCCC3CCCC4CCCCC34)C2)CC1
C1CCC(CCC2CCC3C(CCC3C3CCCCC3)C2)CC1
C1CCC(C2CCC3CCCC3C3CCC4CCCCC4C23)CC1
C1CCC(CCC2CCC3C(CCC3C3CCCCC3)C2)CC1
C1CCC(CCC2CCC3C(CCC3C3CCCCC3)C2)CC1
C1CCC(C2CC3CCCC3C3CCC4CCCCC4C23)CC1
C1CCC(CCC(CCC2CCC3CCCC3C2)CC2CCCCC2)CC1
C1CCC2CCC(C3CCCC4CCCC43)CC2CC1
C(CCCCC1CCC(C2CCCCC2)C1)CCCC1CCCCC1
C1CCC(CCCCCC2CCC3CCCCC23)CC1
C(CCC1CCCC2CCCC12)CC1CC2CCCCC2C1
C1CCC(CCCCCC2CCCC3C(C4CCCCC4)CCC23)CC1
C1CCC(C2CC3CCCCC3C3CCCCC3C2)CC1
C1CCC(CC2CC3CCCC3C3CCC4CCCCC4C23)CC1
C1CCC(C2CCC3CCCC3C3CCC4CCCCC4C23)CC1
C1CCC2CCC3C4CCCC4CCC3C2CC1
C1CCC(C2CCC3CCCC3C3CCC4CCCCC4C23)CC1
C1CCC(C2CCC3C(CCCC4CCCCC43)C2)CC1
C1CCC(CC2CCCC(CC3CC4CCCCC4CC4CCC5CCCCC5C43)C2)CC1
C1CCC(C2CCC3CC4C(CCC45CCCC5)CC32)CC1
C1CCC(C2CCC3CCC4C(CCC45CCCC5)CC32)CC1
C(CCCC1CCCCC1)CCCC1CCC(C2CCCCC2)C1
C(CC1CCC2CCCC2C1)CC1CCC2CCC(CC3CCCC4CCCC43)CC2C1
C(CCC1CCC2CCCCC2C1)CCC1CCCC2CCCCC12
C1CCC2C(C1)CCC1C3CCCC3CCCC21
C1CCC(CCC2CCC3C(CCC3C3CCCCC3)C2)CC1
C1CCC(CCCC2CCC3CCC(C4CCCC5CCCC54)CC3C2)CC1
C1CCC2CC(CC3CCCC4CCCC43)CCC2C1
C1CCC(CCC2CCC3C(CCC3C3CCCCC3)C2)CC1
C1CCC(CCCCC2CC3CCCCC3C2)CC1
C1CCC2CC(CCCC3CCC4C3CCC3C5CCCCC5CCC43)CCC2C1
C1CCC(CC2CCC3C(CCC3C3CCCCC3)C2)CC1
C1CCC(C2CC3CCCCC3C3CCC4CCCCC4C23)CC1
C1CCC2C(C1)CCC1C3CCCCC3CCC21
C1CCC(CC2CC3CCCCC3C3CCC4CCCCC4C23)C1
C1CCC(CCCCC2CCC3CCC(C4CCCC5CCCC54)CC3C2)CC1
C1CCC(CC2CC3CCCCC3C3CCC4CCCCC4C23)CC1
C1CCC(C2CCC3CC4C(CCC5C6CCC(CCCC7CC8CCCCC8C7)C6CCC45)CC32)CC1
C1CCC(CCCCCC2CC3CCCCC3C2)CC1
C1CCC(CCC2CCC3C(CCC3C3CCCCC3)C2)CC1
C1CCC(CCCCC2CCC3CCCCC23)CC1
C1CCC(CCCCC2CCC3CCC(C4CCCC5CCCC54)CC3C2)CC1
C(CCC1CCCC2CCCCC12)CC1CC2CCCCC2C1
C1CCC(CCC2(CCCC3CC4CCCCC4C3)CCC3C4CCC5CCCCC5C4CCC32)C1
C1CCC(CCC2CCC3C(CCC3C3CCCCC3)C2)CC1
C1CCC(CCCCCC2CCCC3C(C4CCCCC4)CCC23)CC1
C1CCC(CCC2CCC3C(CCC3C3CCCCC3)C2)CC1
C1CCC(CCCC2CCC3C2CCC2C4CC5CCC(C6CCCCCC6)C5CC4CCC32)CC1
C1CCC(CC2CC3CCCCC3C3CCC4CCCCC4C23)C1
C(CCC1CC2CCCCC2C1)CCC1CCCC2CCCC12
C1CCC(CCC2CCC(C3CC3)CC2)CC1
C1CCC2CC(C3CCCC4CCCC43)CCC2C1
C1CCC2CCC3C4CCCC4CCC3C2CC1
C1CCC(C2CC3CCCC3CC3CCC4CCCCC4C32)CC1
C1CCC2C(C1)CCC1C3CCCC3CCC21
C1CCC2CCC(C3CCCC4CCCC43)CC2CC1
C1CCC(C2CC3CCCC3C3CCC4CCCCC4C23)CC1
C(CCCC1CCCC2C(C3CCCCC3)CCC12)CCC1CCCCC1
C1CCC(CCC2CCC3C(CCC3C3CCCC(CCC4CCCC4)C3)C2)CC1
C1CCC(CCCCC2CC3CCCCC3C2)CC1
C1CCC(C2CCC3CC4C(CCC5C6CCCC(CCCC7CCC8CCCCC8C7)C6CCC45)CC32)CC1
C(CCC1CCCCC2CCCCC12)CC1CCC2CCCCC2C1
C1CCC(C2CCC3C(CCC4CCCCC43)C2)CC1
C1CCC2C(C1)CCCC1C3CCCC3CCC21
C1CCC2CC3CCC4C(CCCC5CC6CCCCC6C5)CCC4C3CCC2C1
C1CCC2CC(CC3CCCC4CCCC43)CCC2C1
C1CCC(CCCCC2CCC3C2CCCC2C4CCCCC4CCC23)CC1
C1CCC2CC(CCCC3CCC4C3CCC3C5CCCCC5CCC43)CC2C1
C1CCC2CC(CC3CCCC4CCCC43)CCC2C1
C1CCC(C2CCC3CC4C(CCC32)CCC2C3CCC(CCCC5CC6CCCCC6C5)C3CCC42)CC1
C1CCC(C2CCC3CC4C(CCC32)CCC2C3CCC(CCCC5CC6CCCCC6C5)C3CCC42)CC1
C1CCC(CCCCCC2CCCC3C(C4CCCCC4)CCC23)CC1
C1CCC2CCC(C3CCCC4CCCC43)CC2CC1
C(CCCC1CCCC2C(C3CCCCC3)CCC12)CCC1CCCCC1
C1CCC(CC2CCC(CC(CC3CCCCC3)C3CCCCC3)CC2)CC1
C1CCC(CCCC2CCC3C2CCC2C4CCC5CCC(C6CCCCC6)C5CC4CCC32)CC1
C1CCC(CCC2CCC3C(CCC4CC3CCC3CCCC34)C2)CC1
C1CCC2CCC3C4CCCC4CCC3C2CC1
C1CCC(C2CCC3CC4C(CCC5C6CCC(CCCC7CCC8CCCCC8C7)C6CCC45)CC32)CC1
C1CCC(CC2CCCCC2CC2CC3CCCCC3C3CCC4CCCCCC4C23)CC1
C1CCC(CC2CCCCCCC23CCC2C(CCC2C2CCCCC2)C3)CC1
C(CCCC1CCCC2C(C3CCCCC3)CCC12)CCC1CCCCC1
C1CCC(CCC2CCCC3CC4C(CCC4C4CCCCC4)CC23)CC1
C1CCC(CC(CC2CCCCC2)C2CCCCC2)CC1
C1CCC(C2CCC3CC4C(CCC32)CCC2C3CCC(CCCC5CCC6CCCCC6C5)C3CCC42)CC1
C1CCC(CCCCC2CC3CCCCC3C2)CC1
C1CCC(CCC2CCC3C(CCC4CC(C5CCCCC5)CCC43)C2)CC1
C1CCC(CCC2CC3CCCC3C3CCC4CCCCCC4C23)CC1
C1CCC(CCC2CCC3C(CCC3C3CCCC(CC4CCCC4)C3)C2)CC1
C1CCC(CCC(CCC2CC3CCCCC3C2)C2CC2)CC1
C1CCC(CCCCC2CCCC(C3CCC4CC(CCC5CCC6CCCCC6C5)CCC43)C2)CC1
C1CCC2CCC3C4CCCC4CCC3C2CC1
C1CCC2CCC(CCC3CCC4C(CCC4C4CCCC(CC5CCCC5)C4)C3)CC2CC1
C(CCCC1CCCCC1)CCCC1CCC(C2CCCCC2)C1
C1CCC(CCCCC2CC3CCCCC3C2)CC1
C1CCC(CCCC2CCCC3C2CCC2C4CC5CCC(C6CCCCC6)C5CC4CCC32)CC1
C(CCC1CCC2C(CCC3C4CCCC4CCC23)C1)CC1CCC(C2CC3CCCC3C3CCC4CCCCC4CC23)CC1
C1CCC(CC2CCC3CC4C(CCC45CCCCC5)CC23)CC1
C1CCC(C2CC3CCCCC3C3CCCCC3C2)CC1
C1CCC(CCC2CCC3C(CCC3C3CCCCC3)C2)CC1
C1CCC(CC2CC3CCCCC3C3CCC4CCCCC4C23)CC1
C1CCC(CCC2CCC3C(CCC3C3CCCCC3)C2)CC1
C1CCC(C2CCC3CC4C(CCC32)CCC2C3CCC(CCCC5CC6CCCCC6C5)C3CCC42)CC1
C1CCC(C2CC3CCCCC3C3CCCCC23)CC1
C1CCC2CCC(C3CCCC4CCCC43)CC2CC1
C1CCC2C(C1)CCC1C3CCCC3CCC21
C1CCC2C(C1)CCCC2CCCC1CCCC2CCCCC21
C1CCC(C2CCC3CC4C(CCC5CCCCCC54)CC32)CC1
C1CCC(CCCCCC2CC3CCCCC3C2)CC1
C1CCC(C2CC3CCCC3C3CCC4CCCCC4C23)CC1
C1CCC(C2CCC3CC4C(CCC45CCCCC5)CC32)CC1
C1CCC2C(C1)CCC1C3CCCC3CCCC21
C1CCC2C(C1)CC(C1CCCC1)C1CCCCC21
C(CCCC1CCCCC1)CCCC1CCC(C2CCCCC2)C1
C1CCC(CC2CC3CCCCC3C3CCC4CCCCC4C23)C1
C1CCC(C2CCC3CC4C(CCCC5CCCCCC54)CC32)CC1
C1CCC(CCC2CCC3C(CCC3C3CCCCC3)C2)CC1
C1CCC(CC2CC3CCCCC3C3CCC4CCCCC4C23)C1
C1CCC2CCC(C3CCCC4CCCC43)CC2CC1
C1CCC(C2CCC3C(CCC4CCCCC43)C2)CC1
C1CCC(C2CCC3CCCCC3C3CCCCC23)CC1
C1CCC(CC2CC3CCCCC3C3CCC4CCCCC4C23)C1
C1CCC(C2CCCC3(CCC4CC5C(CCC5C5CCCCC5)CC43)C2)CC1
C1CCC(C2CCC3CCCC3C3CCC4CCCCC4C23)CC1
C1CCC(CC2CCCC(C3CCC4CC(CCC5CCC6CCCCC6C5)CCC43)C2)C1
C1CCC2CCC3C4CCCC4CCC3C2CC1
C1CCC(CC2CC3CCCCC3C3CCC4CCCCC4C23)C1
C1CCC2C(C1)CCC1C3CCCC3CCCC21
C(CCCC1CCCCC1)CCCC1CCC(C2CCCCC2)C1
C1CCC(C2CCC3C(CCC4CCCCC43)C2)CC1
C(CCCC1CCCC2C(C3CCCCC3)CCC12)CCC1CCCCC1
C(CCC1CCC2CCCCC2C1)CCC1CCCC2CCCCC12
C1CCC(C2CCC3CC4C(CCCCC45CCCC5)CC32)CC1
C1CCC(C2CC3CCCC3C3CCC4CCCCCC4C23)CC1
C1CCC2CC(CCCC3CCCC4C3CCC3C5CCCCC5CCC43)CC2C1
C1CCC(CCCCCC2CCCC3C(C4CCCCC4)CCC23)CC1
C1CCC(CCCCCC2CC3CCCCC3C2)CC1
C1CCC(CCC2CCC3C(CCC3C3CCCCC3)C2)CC1
C1CCC2CC(C3CCCC4CCCC43)CCC2C1
C1CCC(C2CCC3CCCC3C3CCC4CCCCC4CC23)CC1
C1CCC(CCCCCC2CCC3CCCC3C2)CC1
C1CCC2CC(C3CCCC4CCCC43)CCC2C1
C(CCCC1CCCC2C(C3CCCCC3)CCC12)CCC1CCCCC1
C1CCC(C2CCC(CC3CCC4CCCCC4C4CCC5CCCCC5C34)CC2)CC1
C1CCC(C2CCC3CC4(CCCCC4C4CCCCC4)CCC32)CC1
C1CCC(C2CCC3C(CCC4CCCCC43)C2)CC1
C1CCC2C(C1)CCCC1C3CCCC3CCC21
C1CCC(CCC2CCC3C2CCC(C2CCCCC2)C2C4CCCCCC4CCC32)CC1
C1CCC(CCC2CCC3C(CCC3C3CCCC(CCC4CCCC4)C3)C2)CC1
C1CCC2CC(C3CCCC4CCCC43)CCC2C1
C1CCC(CCCCC2CC3CCCCC3C2)CC1
C(CCC1CCCC2CCCCC12)CC1CCC2CCCCC2C1
C1CCC2CC(CCCC3CCC4C3CCC3C5CCCCC5CCC43)CCC2C1
C1CCCC(C2CCC3CC4C(CCC5C6CCC(CCCC7CC8CCCCC8C7)C6CCC45)CC32)CC1
C1CCC(CCCC2CCC3C(CCC3C3CCCCC3)C2)CC1
C1CCC(C2CC3CCCC3C3CCC4CCCCC4C23)CC1
C(CCCC1CCCC2C(C3CCCCC3)CCC12)CCC1CCCCC1
C1CCC2CC(CCCC3CCC4C3CCCC3C5CCCCC5CCC34)CC2C1
C1CCC(CCC2CCC3C(CCC4C5CCCC5CCC34)C2)CC1
C1CCC2CC3CCCCC3CCC2C1
C1CCC(CCCCC2CCC3CCCCC23)CC1
C1CCC(CCCC2CCC3CCC(C4CCCC5CCCC54)CC3C2)CC1
C1CCC2CC(C3CCCC4CCCC43)CCC2C1
C1CCC(CC2CCC3C(CC4CCCCC4)CCC3C2)CC1
C1CCC(C2CCC(CCCCCC3CCCC4C(C5CCCCC5)CCC34)C2)CC1
C1CCC(C2CC3C(CCC34CCCC4)C3CCC4CCCCC4C23)CC1
C1CCC2CCC3C4CCC(CCCC5CC6CCCCC6C5)C4CCC3C2CC1
C1CCC2C(C1)CCCC1C3CCCC3CCC21
C1CCC2C(C1)CCCC2CCCC1CCCC2CCCCC21
C1CCC(C2CCCCC2CC2CC3CCCCC3C3CCC4CCCCC4C3C2)CC1
C1CCC(CCC2CCC(CCC3CCCC(CC4CCCC4)C3)CC2)CC1
C1CCC(CC2CC3CCCCC3CC3CCC4CCCCC4C32)C1
C1CCC(C2CCC(CCCCCC3CCCC4CCCCC34)C2)CC1
C1CCC2CC(CCCC3CCC4C3CCC3C5CCCCC5CCC43)CC2C1
C1CCC(CCC2CCC3C(CCC3C3CCCC(CCC4CCCC4)C3)C2)CC1
C1CCC(CCCCC2CC3CCCCC3C2)CC1
C1CCC(CC2CC3CCCCC3C3CCC4CCCCC4C3C2)C1
C1CCC2CC3CCC(C4CCCCC4)C3CC2CC1
C(CCCC1CCCCC1)CCCC1CCC(C2CCCCC2)C1
C1CCC2C(C1)CCCC1C3CCCC3CCC21
C1CCC(C2CCC3CC4C(CCCCC45CCCC5)CC32)CC1
C1CCC(CCCCCC2CCCC3C(C4CCCCC4)CCC23)CC1
C1CCC(CCCCCC2CCC3CCCCC23)CC1
C1CCC(C2CCC(CCCCCC3CCCC4CCCCC34)C2)CC1
C1CCC(CC2CCC3CCCCC3C3CCC4CCCCC4C23)CC1
C1CCC(CCCCC2CC3CCCCC3C2)CC1
C1CCC2C(C1)CCCC1C3CCCC3CCC21
C1CCC2C(C1)CCC1C3CCCC3CCC21
C1CCC(CCCCCC2CC3CCCCC3C2)CC1
C1CCC(CCCCCC2CC3CCCCC3C2)CC1
C(CCCC1CCCC2C(C3CCCCC3)CCC12)CCC1CCCCC1
C1CCC2CCC3C4CCCC4CCC3C2CC1
C1CCC2C(C1)CCC1C3CCCC3CCC21
C1CCC(C2CCC3CC4CCCCC4CCC32)CC1
C1CCC(CCCCCC2CC3CCCCC3C2)CC1
C1CCC(CCCCCC2CCCC3C(C4CCCCC4)CCC23)CC1
C1CCC2CCC(C3CCCC4CCCC43)CC2CC1
C1CCC(C2CCC(CC3CC4CCCC4C4CCC5CCCCC5C34)CC2)C1
C1CCC(CCCCC2CCC3CCCCC23)CC1
C1CCC(C2CCCC3C(CCC4CCCCC43)C2)CC1
C1CCC(CC2CC3CCCCC3C3CCC4CCCCC4C23)C1
C(CCCC1CCCC2C(C3CCCCC3)CCC12)CCC1CCCCC1
C1CCC(CCCCC2CC3CCCCC3C2)CC1
C1CCC(CCC2CCC(CC3CCCC4C(C5CCCCC5)CCC34)C2)CC1
C1CCC2C(C1)CCC1C3CCCC3CCC21
C(CCC1CCCCC2CCCCC12)CC1CCC2CCCCC2C1
C1CCC(C2CCC3CC4C(CCC32)CCC42CCCCC2)CC1
C1CCC(CCC(CCC2CCC3CCCC3C2)CC2CCCCC2)CC1
C1CCC(CCC2CCC3C(CCC3C3CCCC(CC4CCCC4)C3)C2)CC1
C1CCC(CC2CCC3C(CCC34CCCC4)C3CCC4CCCCC4C23)CC1
C1CCC(CCC(CC2CC3CCCCC3C2)C2CC2)CC1
C(CCC1CCC2C1CCC1C3CCCCC3CCC21)CC1CCC2CCCCC2C1
C(CCC1CCCC2CCCCC12)CC1CC2CCCCC2C1
C1CCC(CCC2CCC3C(CCC3C3CCCCC3)C2)CC1
C(CCC1CC2CCCCC2C1)CCC1CCCC2CCCC12
C1CCC(C2CCC3CC4C(CCC5C6CCC(CCCCC7CC8CCCCC8C7)C6CCC45)CC32)CC1
C(CCC1(C2CCCC2)CCCCC2CCCCC21)CC1CCC2CCCCC2C1
C1CCC2CCC3C4CCCCC4CC(CC4CCCC(C5CCCC5)C4)C3C2CC1
C1CCC2CCC(C3CCCC4CCCC43)CC2CC1
C1CCC(C2CCC3C(CCCCCC4CCC(C5CCCC5)C4)CCCC23)CC1
C1CCC2C(C1)CC(C1CCCC3CCCC31)C1CCCC21
C1CCC(C2CCC3CCCC3C3CCC4CCCCC4C23)CC1
C1CCC(CCC2CCC3C(CCC3C3CCCCC3)C2)CC1
C1CCC2CC(C3CCCC4CCCC43)CCC2C1
C1CCC2CCC3C4CCCC4CCC3C2CC1
C1CCC2C(C1)CCC1C3CCCC3CCC21
C1CCC(CCC(CC2CCC3C(CCC3C3CCCCC3)C2)C2CCCCC2)CC1
C1CCC(CCCCCC2CCC3CCCCC23)CC1
C1CCC(C2CCC3CC4C(CCC5C6CCCCC6CCC45)CC32)CC1
C(CCC1CC2CCCCC2C1)CCC1CCCC2CCCC12
C1CC2CCC3C(CCC4CCC5CC5C43)C2C1
C1CCC(CC2CCC3CCCCC3C2)C1
C1CCC(CCCC2CCC3CCC(CC4CCCC5CCCC54)CC3C2)CC1
C1CCC(C2CC3CCCCC3C3CCC4CCCCC4C23)CC1
C1CCC(CCCCCC2CCCC3C(C4CCCCC4)CCC23)CC1
C1CCC(C2CC3CCCC3C3CCC4CCCCC4C23)CC1
C1CCC(CCC2CCC3C(CCC4CCCCC43)C2)CC1
C1CCC(CC2CCCCC2CC2CC3CCCCC3C3CCC4CCCCC4C23)CC1
C1CCC(CCCCCC2CCCC3C(C4CCCCC4)CCC23)CC1
C1CCC(CC2CC3CCCCC3C3CCC4CCCCC4C23)C1
C(CCCC1CCC2C(CCC2C2CCCCC2)C1)CCC1CCCCC1
C1CCC(CCCCCC2CCCC3C(CC4CCCCC4)CCC23)CC1
C1CCC(C2CCC3CC4C(CCC5C6CCC(CCCCC7CC8CCCCC8C7)C6CCC45)CC32)CC1
C1CCC(C2CCC3CCCC3C3CCC4CCCCC4C23)CC1
C(CCC1CCCC2CCCCC12)CC1CC2CCCCC2C1
C1CCC(CC2CCC3CCCCC3C3CCC4CCCCC4C23)CC1
C(CCC1CCC2C1CCC1C3CCCCC3CCC21)CC1CC2CCCCC2C1
C(CCC1CCCC2CCCCC12)CC1CCCC2CCCCC12
C1CCC(C2CC3CCCC3C3CCC4CCCCCC4C23)CC1
C1CCC(C2CCC3CC4C(CCC32)CCC2C3CCC(CCCC5CC6CCCCC6C5)C3CCC42)CC1
C1CCC(CCC2CCC3C(CC4CCCCC4)CCC3C2)CC1
C1CCC(CCCCCC2CC3CCCCC3C2)CC1
C1CCC(CCCC2CCC(CCC3CCCC(CC4CCCC4)C3)CC2)CC1
C(CCC1CCCC2CCCC12)CC1CC2CCCCC2C1
C(CCC1CCCC2CCCC12)CC1CC2CCCCC2C1
C1CCC(CCCCC2CC3CCCCC3C2)CC1
C(CCCCC1CCC(C2CCCCC2)C1)CCCC1CCCCC1
C(CCC1CCCC2CCCCC12)CCC1CCCC2CCCC12
C1CCC(C2CCC3CC4C(CCCCC45CCCC5)CC32)CC1
C1CCC(CCC2CCC3C(CCC3C3CCCCC3)C2)CC1
C1CCC(CCC2CCC(C3CC3)CC2)CC1
C(CCC1CC2CCCCC2C1)CCC1CCCC2CCCC12
C1CCC2C(C1)CCC1C3CCCCC3CCC21
C1CCC(CCC2CCC3C(CCC3C3CCCC(CCCC4CCCC4)C3)C2)CC1
C(CCC1CCCC2CCCCC12)CC1CCC2CCCCC2C1
C1CCC2CCC(C3CCCC4CCCC43)CC2CC1
C1CCC(C2CCC3CC4C(CCC45CCCC5)CC32)CC1
C1CCC2C(C1)CCCC1C2CCC2C3CCCC3CC21
C1CCC2CCC3C(CCC4C3CCC4(CCCC3CC4CCCCC4C3)CCC3CCCC3)C2CC1
C1CCC(CC2CCC3CCCCC3C3CCC4CCCCC4C23)CC1
C1CCC2C(C1)CCC1C3CCCC3CCC21
C1CCC2CC(C3CCCC4CCCC43)CCC2C1
C1CCC(CCC2CCC3C(CCC4C5CCCC5CC(CCC5CCCCC5)C34)C2)CC1
C1CCC2CCC(C3CCCC4CCCC43)CC2CC1
C1CCC(CCC2CCC3C(CCC3C3CCCCC3)C2)CC1
C1CCC2CC(C3CCCC4CCCC43)CCC2C1
C1CCC2CCCCC2C(CCCCC2CCCC3CCCCC23)C1
C1CCC(CCCC2(CCC3CCCC3)CCC3C4CCCC5CCCCC5C4CCC32)CC1
C1CCC2C(C1)CCCC1C3CCCC3CCC21
C1CC2CCC3C(CCC4CCCCC43)CC2C1
C1CCCC(CCCC2CCC3CCC(C4CCCC5CCCC54)CC3C2)CC1
C1CCC2C(C1)CCC1C3CCCC3CCC21
C1CCC(CCCCC2CCCC3C2CCC2C4CCCCC4CCC32)CC1
C1CCC(CCC(CCC2CCC3CCCCC3C2)CC2CCCCC2)CC1
C(CCC1CCCC2CCCC12)CC1CC2CCCCC2C1
C1CCC(CC2CCC3C(CCC3C3CCCCC3)C2)CC1
C1CCC(C2CCC3C(CCCCCC4CCC4)CCCC23)CC1
C1CCC(CCCCC2CC3CCCCC3C2)CC1
C(CCC1CC2CCCCC2C1)CCC1CCCC2CCCC12
C1CCC(CC2CC3CCCCC3C3CCC4CCCCC4C23)C1
C1CCC(CCC2CCC3C(CCC3C3CCCCC3)C2)CC1
C1CCC(CCCCC2CC3CCCCC3C2)CC1
C1CCC(CCC2CCC3C(CC4CCCCC4)CCC3C2)CC1
C1CCC(CCCCC2CC3CCCCC3C2C2CCCCC2)CC1
C1CCC(CCC2CCC(CC(CC3CCCCC3)C3CCCCC3)CC2)CC1
C1CCC2C(C1)CC(C1CCCC1)C1CCCCC21
C1CCC(CC2CC3CCCCC3CC3CCC4CCCCC4C32)C1
C1CCC(CC(CC2CCCCC2)C2CCCCC2)CC1
C1CCC(C2CCC3CCCC3C3CCC4CCCCCC4C23)CC1
C1CCC(C2CC3CCCCC3C3CCCCC3C2)CC1
C1CCC(CC2CC3CCCCC3C3CCC4CCCCCC4C23)CC1
C1CCC2CC(C3CCCC4CCCCC43)C3CCCC3C2CC1
C1CCC2CCC(C3CCCC4CCCC43)CC2CC1
C1CCC(CCCCC2CC3CCCCC3C2)CC1
C1CCC2CC(CCCC3CCC4C3CCC3CC5CCCCC5CCC34)CCC2C1
C1CCC(C2CCC3CC4C(CCCC45CCCCC5)CCC32)CC1
C1CCC(C2CCC3CC4C(CCC32)CCC2C3CCC(CCCC5CCCC6CCCCC65)C3CCC42)CC1
C1CCC(CCCCC2CCC3CCC(C4CCCC5CCCC54)CC3C2)CC1
C1CCC(CC2CC3CCCCC3C3CCC4CCCCC4C23)CC1
C1CCC2C(C1)CCC1C3CCCCC3CCC21
C1CCC(CCC2CCC(C3CCC3)CC2)CC1
C(CCCCC1CCC(C2CCCCC2)C1)CCCC1CCCCC1
C1CCC(C2CC3CCCC3C3CCC4CCCCCC4C23)CC1
C1CCC(CC2CC3CCCCC3C3CCC4CCCCC4C23)CC1
C(CCCC1CCCCC1)CCCC1CCC(C2CCCCC2)C1
C1CCC(CCCC2CCC3CCC(CC4CCCC5CCCC54)CC3C2)CC1
C(CCC1CCC2CCCCC2C1)CCC1CCCC2CCCC12
C1CCC(CCCCCC2CCC3C(CCC3C3CCCCC3)C2)CC1
C1CCC(C2CCC3(CCCC4CC5C(CCC5C5CCCCC5)CC43)C2)CC1
C1CCC2CC(C3CCCC4CCCC43)CCC2C1
C1CCC(C2CC3CCCC3C3CCC4CCCCC4C23)CC1
C1CCC(C2CCC3CC4C(CCC45CCCCC5)CC32)CC1
C1CCC(C2CCCCC2CCC2CC3CCCCC3C3CCC4CCCCC4C23)CC1
C1CCC(CCCCCC2C3CCCCC3CCC2C2CCCC3CCCC32)CC1
C1CCC(C2CCC3CC4C(CCCC45CC(C4CCCCC4)C(C4CCCCC4)C5)CCC32)CC1
C1CC2CCC3C(CCC4CCCCC43)CC2C1
C1CCC(C2CCC3CCC4C(CCC5C6CCC(CCCC7CCC8CCCCC8C7)C6CCC45)CC32)CC1
C1CCC(CCCCCC2CCCC3C(C4CCCCC4)CCC23)CC1
C(CCCC1CCCCC1)CCCC1CCC(C2CCCCC2)C1
C1CCC2CC(CCCC3CCCC4C3CCC3C5CCCCC5CCC43)CC2C1
C1CCC(CCCC(CC2CC3CCCCC3C2)C2CC2)CC1
C1CCC2C(C1)CCC1C3CCCCC3CCC21
C1CCC2C(C1)CCCC2CCCC1CCCC2CCCCC21
C1CCC(CCCCC2CCC3CCCCC23)CC1
C(CCC1CCC2C1CCC1C3CCCCC3CCC21)CC1CCC2CCCCC2C1
C1CCC(CCCCC2CC3CCCCC3C2)CC1
C1CCC(CCCCCC2CCCC3C2CCC3C2CCCC(CC3CCCC3)C2)CC1
C1CCC(CCCCC2CCCC3CCC(C4CCCC5CCCC54)CC23)CC1
C1CCC(C2CCC3CC4C(CCCC5C6CCC(CCCC7CCC8CCCCC8C7)C6CCC45)CC32)CC1
C1CCC(CC2CCC3C(CCC3C3CCCCC3)C2)CC1
C1CCC(CCCCC2CC3CCCCC3C2)CC1
C1CCC(C2CCC3C(CCC4CCCCC43)C2)CC1
C(CCCC1CCCC2CCCCC12)CCC1CCC(C2CCCC2)C1
C1CCC(CC2CC3CCCCC3C3CCC4CCCCC4C23)C1
C1CCC2C(C1)CCC1C2CCC2C3CCCC3CC21
C(CCCC1CCCC2CCCCC12)CCC1CCC(C2CCCCC2)C1
C1CCC(CCCCCC2CC3CCCCC3C2)CC1
C1CCC2C(C1)CCCC1CCCCC12
C1CCC2CC(C3CCCC4CCCC43)CCC2C1
C1CCC(CCCC2CCC3C2CCC2C4CC5CCC(C6CCCCC6)C5CC4CCCC32)CC1
C1CCC2C(C1)CCCC1C3CCCC3CCC21
C1CCC(CCC2CCCC3CC4C(CCC4C4CCCCC4)CC23)CC1
C1CCC(CCCCC2CC3CCCCC3C2)CC1
C(CCC1CC2CCCCC2C1)CCC1CCCC2CCCC12
C1CCC(CC2CC3CCCCC3C3CCC4CCCCCC4C23)CC1
C1CCC2CCCCC2C(CCCCC2CCCC3CCCCC23)C1
C(CCCC1CCCC2C(C3CCCCC3)CCC12)CCC1CCCCC1
C1CCC(C2CC3CCCCC3C3CCCCC3C2)C1
C1CCC(CC(CC2CCCCC2)C2CCCCC2)CC1
C1CCC(C2CCC3CC4CCCCC4CC32)CC1
C1CCC(C2CCC3CCCC3C3CCC4CCCCC4C23)CC1
C1CCC2C(C1)CCC1C3CCCC3CCC21
C1CCC(CCCCC2CCC3CCCCC23)CC1
C1CCC(CCCCCC2CCCC3CCCC23)CC1
C1CCC(CC(CC2CCCCC2)C2CCCCC2)CC1
C1CCC(C2CCC3C(CCC4CCCCC43)C2)CC1
C1CCC(CCCCCC2CCCCC2)CC1
C1CCC(CCCC2CCCC3CCCCC32)C2CCCCC2C1
C1CCC(CCCCCC2CCCC3C(CC4CCCCC4)CCC23)CC1
C1CCC(C2CCC3CC4C(CCC45CCCC5)CC32)CC1
C1CCC2C(C1)CCC1C2CCC2C3CCCC3CC21
C1CCC(CCCCCC2CCC3CCCCC23)CC1
C1CCC(CC2CC3CCCCC3C3CCC4CCCCCC4C23)CC1
C1CCC(CC2CCC(CC(CC3CCCCC3)C3CCCCC3)CC2)CC1
C1CCC(C2CC3CCCCC3C3CCCCC23)CC1
C1CCC(C2CC3CCCC(C3)C3CCC4CCCCC4C32)CC1
C1CCC(C2CCC3CC4C(CCCC45CCCCC5)CC32)CC1
C1CCC(C2CC3CCCC3C3CCC4CCCCC4C23)CC1
C1CCC2CCC3C4CCCCC4CC(CC4CCCC4)C3C2CC1
C1CCC(CCCCC2CCC3CCCCC23)CC1
C1CCC(CCC2CC3CCCCC3C2C2CCCCC2)CC1
C1CCC2CCC(C3CCCC4CCCC43)CC2CC1
C1CCC(CCCC2(CCCC3CC4CCCCC4C3)CCC3C4CCC5CCCCC5C4CCC32)C1
C1CCC(C2CCC(CCCCCC3CCCC4CCCCC34)C2)CC1
C1CCC(CCC2CCCC(C3CCCC4C(C5CCCCC5)CCC34)C2)CC1
C(CCCC1CCCCC1)CCCC1CCC(C2CCCCC2)C1
C1CCC(C2CC3CCCC3C3CCC4CCCCC4C23)CC1
C1CCC2C(C1)CCCC1C3CCCC3CCC21
C1CCC(CC2CCC(C3CC4CCCC4C4CCC5CCCCC5C4C3)CC2)CC1
C1CCC(C2CC3CCCC3C3CCC4CCCCCC4C23)CC1
C1CCC(C2CCC(CCCCCC3CCCC4CCCCC34)C2)CC1
C1CCC(C2CCC(CCCC3CCC4C3CCC3C5CCCCC5CCC43)C2)CC1
C1CCC(C2CCC3CCCC3C3CCC4CCCCCC4C23)CC1
C1CCC(C2CCC3CCCCC3C3CCCCC23)CC1
C(CCCCC1CCC(C2CCCCC2)C1)CCCC1CCCCC1
C1CCC(CCCCCC2CCCC3C(C4CCCCC4)CCC23)CC1
C(CCC1CCC2C1CCC1C3CCCCC3CCC21)CC1CC2CCCCC2C1
C1CCC2CC(CC3CCCC4CCCC43)CCC2C1
C1CCC(C2C3CCCCC3CC3CC4CCCC4CC32)CC1
C1CCC2CC(C3CCCC4CCCC43)CCC2C1
C1CCC(C2CCC3CCCC3C3CCC4CCCCC4C23)CC1
C1CCC(C2CCC3CCCC3C3CCC4CCCCC4C23)CC1
C1CCC2CCC(C3CCCC4CCCC43)CC2CC1
C1CCC(CCC2CCC3C(CCC3C3CCCCC3)C2)CC1
C1CCC2CCC(C3CCCC4CCCC43)CC2CC1
C1CCC2C(C1)CCCC1C3CCCC3CCC21
C1CCC2CCC3C4CCCCC4CC(CC4CCCC4)C3C2CC1
C1CCC(C2CCC3CC4C(CCC45CCCCCC5)CC32)CC1
C1CCC(C2CCC3C(CCCCCC4CCC(CC5CCCC5)C4)CCCC23)CC1
C1CCC(CCCC(CC2CCC3C(CCC3C3CCCCC3)C2)C2CCCCC2)CC1
C1CCC(CCCCC2CCC(C3CCC4C(CCC4C4CCCCC4)C3)CC2)CC1
C(CCCC1CCCC2C(C3CCCCC3)CCC12)CCC1CCCCC1
C1CCC2CC(CCCC3CCC4C3CCC3C5CCCCC5CCC43)CCC2C1
C1CCC(C2CCC3CCCC3C3CCC4CCCCC4C23)CC1
C1CCC(CCCCCC2CC3CCCCC3C2)CC1
C1CCC(C2CCC3CC4C(CCC5C6CCC(CCCC7CCC8CCCCC8C7)C6CCC45)CC32)CC1
C1CCC(CCCC2CCC3C(CCC3C3CCCCC3)C2)CC1
C(CCC1CCCC2CCCCC12)CC1CCC2CCCCC2C1
C1CCC(CCC2CCC(CCC3CCCC(CC4CCCC4)C3)CC2)CC1
C1CCC(CCCC2CCC3CCCC3C2)CC1
C1CCC(C2CCC3CCC4(CCCCCC4)C3C2)CC1
C1CCC(CCC2CCCC3CC4C(CCC4C4CCCCC4)CC23)CC1
C1CCC(CCCC2CCC3C(CCC3C3CCCCC3)C2)CC1
C1CCC(CCCCCC2CC3CCCCC3C2)CC1
C1CCC2C(C1)CCC1C2CCC2C3CCCC3CC21
C(CCC1CCCC2CCCC12)CC1CC2CCCCC2C1
C1CCC(C2CCC(CC3CC4CCCC4C4CCC5CCCCC5C34)CC2)C1
C1CCC(C2CC3CCCC3C3CCC4CCCCC4C23)CC1
C1CCC(CCCC2CCC3C2CCC2C4CC5CCC(C6CCCCC6)C5CCC4CCC32)CC1
C1CCC(CCCCCC2CCCC3C(C4CCCCC4)CCC23)CC1
C1CCC2CCC3C(CCC4C3CCC4(CCCC3CC4CCCCC4C3)CCC3CCCC3)C2CC1
C1CCC2C(C1)CCC1CCCCC12
C1CCC(CCC2CCC3C(CCC4CCCCCC43)C2)CC1
C1CCC(CCCCC2CC3CCCCC3C2C2CCCCC2)CC1
C1CCC(CCCCC2CCC3C2CCC2C4CCCCC4CCCC32)CC1
C1CCC(CCCC2CCC3CCC(CC4CCCC5CCCC54)CC3C2)CC1
C1CCC(CC2CC3CCCCC3C3CCC4CCCCC4C23)C1
C1CCC(CCCCC2CC3CCCCC3C2)CC1
C(CCC1CCCC2CCCC12)CC1CC2CCCCC2C1
C1CCC2CCC3C4CCCC4CCC3C2CC1
C1CCC2C(C1)CCC1C3CCCC3CCC21
C1CCC(C2CC3CCCC3C3CCC4CCCCC4C23)CC1
C1CCC(CCC2CCC3C(CCC4CCC(C5CCCCC5)CCC43)C2)CC1
C1CCC(C2CC3CCCC3C3CCC4CCCCCC4C23)CC1
C1CCC(C2CCC(CCCCCC3CCCC4CCCCC34)C2)CC1
C1CCC(CC2CCC3CC4C(CCCC5CC5)CCCC4CC23)CC1
C1CCC(CCCCC2CC3CCCCC3C2)CC1
C1CCC(CC2CC3CCCCC3C3CCC4CCCCC4C23)C1
C1CCC(CCCCC2CC3CCCCC3C2)CC1
C1CCC(C2CC3CCCC3C3CCCC4CCCCC4C23)CC1
C1CCC(CCCCC2CC3CCCCC3C2)CC1
C1CCC(CCC2(CCCC3CCC4CCCCC4C3)CCC3C4CCC5CCCCC5C4CCC32)C1
C1CCC2C(C1)CCC1C3CCCCC3CCC21
C1CCC(CCCC(CC2CCC3C(CCC3C3CCCCC3)C2)C2CCCCC2)CC1
C1CCC(C2CCC3C(CCC4CCCCC43)C2)CC1
C1CCC(CCCC2(CCC3CCCC3)CCC3C4CCC5CCCCC5C4CCC32)CC1
C1CCC2C(C1)CCC1C3CCCC3CCCC21
C1CCC2CCC(C3CCCC4CCCC43)CC2CC1
C1CCC(CCCCC2CC3CCCCC3C2)CC1
C1CCC2C(C1)CCC1C3CCCC3CCC21
C1CCC(CCCCCC2CC3CCCCC3C2)CC1
C1CCC(CCCCCC2CCCCC2)CC1
C1CCC(CCC2CCC3C(CCC3C3CCCCC3)C2)CC1
C1CCC(CCCCCC2CC3CCCCC3C2)CC1
C1CCC(CCC2CC3CCCCC3C3CCC4CCCCC4C23)C1
C1CCC(CCCCC2CCC3CCC(C4CCCC5CCCC54)CC3C2)CC1
C1CCC2C(C1)CC(C1CCCC3CCCC31)C1CCCC21
C1CCC(CCC2CCC(CCC3CCCC(CC4CCCC4)C3)CC2)CC1
C1CCC(CC2CCCC(CCC3CCC(CCC4CCC(C5CC5)CC4)CC3)C2)C1
C1CCC(CCCCCC2CCC3CCCCC23)CC1
C1CCC(CCCCCC2CCC3CCCCC23)CC1
C1CCC(CCC2CCC3C(CC4CCCCC4)CCC3C2)CC1
C1CCC(CCCCC2CCC3CCCCC23)CC1
C(CCCCC1CCC(C2CCCCC2)C1)CCCC1CCCCC1
C1CCC2CC(CCCC3CCCC4CCCCC43)CC2C1
C1CCC2CC(CCCC3CCC4C3CCCC3C5CCCCC5CCC34)CC2C1
C1CCC(C2CCC3CCCC3C3CCC4CCCCC4C23)CC1
C1CCC2CCC(C3CCCC4CCCC43)CC2CC1
C1CCC(C2CCC3CC4C(CC5CCC6CCCCC65)CCCC4CC32)CC1
C(CCC1CCCC2CCCCC12)CCC1CCCC2CCCCC12
C(CCCC1CCCCC1)CCCC1CCC(C2CCCCC2)C1
C1CCC(C2CC3CCCC3C3CCC4CCCCC4CC23)CC1
C1CCC2CC(C3CCCC4CCCC43)CCC2C1
C1CCC2CCC(C3CCCC4CCCC43)CC2CC1
C1CCC2CC(CCCC3CCC4C5CCC6CCCCC6C(CCC34)C5)CC2C1
C1CCC(CCC2CCC3C(CCC4C5CCCC5CCC(CCC5CCCCC5)C34)C2)CC1
C1CCC(C2CC3CCCC3C3CCC4CCCCC4C23)CC1
C(CCCC1CCCCC1)CCCC1CCC(C2CCCCC2)C1
C1CCC2CC(CCCC3CCC4C3CCCC3C5CCCCC5CCC34)CC2C1
C1CCC(CCCCCC2CC3CCCCC3C2)CC1
C1CCC(C2CC3C(CCC34CCCC4)C3CCC4CCCCC4C23)CC1
C(CCCC1CCCCC1)CCCC1CCC(CC2CCCCC2)C1
C1CCC(C2CCC3CC4C(CCCC45CCCCC5)CCC32)CC1
C1CCC(CCC2CCC(C3CCC4C(CCC4C4CCCCC4)C3)CC2)CC1
C1CCC(CC2CCC3CCCCC3C3CCC4CCCCC4C23)CC1
C1CCC(CCCC2(CCC3CCCC3)CCC3CC4CCC5CCCCC5C4CCC32)CC1
C1CCC2CCC3C(CCC4C3CCC4(CCCC3CC4CCCCC4C3)CCC3CCCC3)C2CC1
C1CCC2C(C1)CCC1C3CCCC3CCC21
C1CCC(CCCC2CCCC3CC4C(CCC4C4CCCCC4)CC23)CC1
C1CCC(CCCCC2CCCC(C3CCC4CC(CCC5CCC6CCCCC6C5)CCC43)C2)CC1
C1CCC(CC2CCC3C(CC4CCCCC4)CCC3C2)CC1
C1CCC(CCCCCC2CCC3CCCC3C2)CC1
C(CCCC1CCCCC1)CCCC1CCC(C2CCCCC2)C1
C1CCC2C(C1)CCC1C3CCCC3CCC21
C1CCC(C2CCC(CCCCCC3CCCC4CCCCC34)C2)CC1
C(CCCC1CCCCC1)CCC1CCCCC1
C1CCC(CCCC2CCCC(C3CCC4CC(CCC5CCC6CCCCCC6C5)CCC43)C2)CC1
C1CCC(C2CCC3CCCCC3C3CCCCC23)CC1
C(CCC1CCCC2CCCCC12)CCC1CCCC2CCCCC12
C1CCC(C2CCC3CCCC3C3CCC4CCCCC4CC23)CC1
C1CCC2C(C1)CCC1C3CCCC3CCC21
C1CCC(CC2CC3CCCCC3C3CCC4CCCCC4C23)CC1
C1CCC(CCCCC2CCC3CCCCC23)CC1
C(CCCC1CCCCC1)CCCC1CCC(C2CCCCC2)C1
C1CCC(CCCCCC2CCCC3C(C4CCCCC4)CCC23)CC1
C1CCC2C(C1)CCCC1C3CCCC3CCC21
C1CCC(CCCCCC2CC3CCCCC3C2)CC1
C1CCC2CCC3C4CCCC4CCC3C2CC1
C1CCC(CC2CC3CCCCC3C3CCC4CCCCCC4C23)CC1
C1CCC(CCC2CCC3C(CCC3C3CCCC3)C2)CC1
C(CCCC1CCCC2C(C3CCCCC3)CCC12)CCC1CCCCC1
C1CCC(CCCCCC2CCCC3C(C4CCCCC4)CCC23)CC1
C1CCC(C2CC3CCCC3C3CCC4CCCCC4C23)CC1
C1CCC2CC(C3CCCC4CCCC43)CCC2C1
C1CCC2C(C1)CCCC1C3CCCC3CCC21
C1CCC(CC2CC3CCCCC3C3CCC4CCCCC4C23)CC1
C1CCC2C(C1)CCC1C3CCCC3CCC21
C1CCC(CCC2CCC3C(CCC3C3CCCCC3)C2)CC1
C1CCC(CCC2CCC(C3CC3)CC2)CC1
C(CCC1CCC2C1CCC1C3CCCCC3CCC21)CC1CC2CCCCC2C1
C(CCCC1CCCCC1)CCCC1CCC(C2CCCCC2)C1
C1CCC(CC2CCC3C(CC4CCCCC4)CCC3C2)CC1
C1CCC(C2CCC3C(CCCCCC4CCC(C5CCCC5)C4)CCCC23)CC1
C1CCC(CCC2CCC3C(CCC3C3CCCCC3)C2)CC1
C1CCC(CC2CC3CCCCC3C3CCC4CCCCC4C23)CC1
C1CCC(CCC2CCC3C(CCCC4C5CCCC5CC(CCC5CCCCC5)C34)C2)CC1
C1CCC2CCC(C3CCCC4CCCC43)CC2CC1
C(CCCC1CCCC2C(C3CCCCC3)CCC12)CCC1CC1
C(CCC1CC2CCCCC2C1)CCC1CCCC2CCCC12
C1CCC(CCCC2CCCC(C3CCC4CC(CCC5CCC6CCCCC6C5)CCC43)C2)CC1
C1CCC2CCC3C4CCC(CCCC5CCC6CCCCC6C5)C4CCC3C2CC1
C1CCC(C2CC3CCCC3C3CCC4CCCCC4C23)CC1
C1CCC2CCC3C4CCC(CCCC5CC6CCCCC6C5)C4CCC3C2CC1
C1CCC2C(C1)CCC1C3CCCC3CCC21
C1CCC2C(C1)CCC1C3CCCC3CCC21
C1CCC(C2CCC(CCCCCC3(C4CCCC4)CCCCC4CCCCC43)C2)CC1
C1CCC(CCCCC2CCC3CCCCC3C2)C2CCCCC2CC1
C1CCC2CC(C3CCCC4CCCC43)CCC2C1
C1CCC2CC(CCCC3CCC4C3CCC3C5CCCCC5CCCC43)CC2C1
C1CCC2C(C1)CC(C1CCCC1)C1CCCC21
C1CCC(CCCCCC2CCCC3C(C4CCCCC4)CCC23)CC1
C1CCC(CCCCCC2CCCC3C(C4CCCCC4)CCC23)CC1
C1CCC(C2CCC3C(CCC4CCCCC43)C2)CC1
C(CCC1CCCC2CCCC12)CC1CC2CCCCC2C1
C1CCC2CC(CCCC3CCC4C3CCCC3C5CCCCC5CCC34)CCC2C1
C1CCC(CCCCCC2CCC3CCCCC23)CC1
C(CCC1CCCC2CCCC12)CC1CC2CCCCC2C1
C1CCC(C2CCC3CC4C(CCC45CCCCC5)CC32)CC1
C1CCC(CCCC2CCC(CCC3CCCCC3)CC2)CC1
C1CCC(CCCCCC2CCC3CCCCC23)CC1
C1CCC(C2CC3CCCC3C3CCCC4CCCCC4C23)CC1
C(CCC1CCCC2CCCCC12)CC1CCCC2CCCCC12
C1CCC(C2CC3CCCC3C3CCCC4CCCCC4C23)CC1
C1CCC(CCCCCC2CCCC3C(C4CCCCC4)CCC23)CC1
C1CCC(C2CCC3CC(C4CCC(CCCC5CCCC5)CC4)CCC32)CC1
C1CCC2CC(C3CCCC4CCCC43)CCC2C1
C1CCC(CCCCCC2CC3CCCCC3C2)CC1
C1CCC2CCC(C3CCCC4CCCC43)CC2CC1
C1CCC2CCC3C4CCCC4CCC3C2CC1
C(CCC1CCC2CCCCC2C1)CCC1CCCC2CCCCC12
C1CCC(CCCCC2C3CCCCCC3CCC2C2CCCC3CCCC32)CC1
C1CCC2C(C1)CCC1C3CCCCC3CCC21
C1CCC(CCCC2(CCCC3CCC4CCCCC4C3)CCC3C4CCC5CCCCC5C4CCC32)C1
C1CCC2CC(CCCC3CCC4C3CCC3C5CCCCC5CCC43)CC2C1
C1CCC2C(C1)CCC1C3CCCC3CCCC21
C1CCC(CC2CCCC(C3CCC4CC(CCC5CCC6CCCCC6C5)CCC43)C2)C1
C1CCC(CCCCCC2CCCC3CCCC23)CC1
C(CCCCC1CCC(C2CCCCC2)C1)CCCC1CCCCC1
C1CCC2CC(C3CCCC4CCCC43)CCC2C1
C(CCCC1CCCCC1)CCCC1CCC(C2CCCCC2)C1
C1CCC(C2CCC(CCCC3CCC4C3CCC3C5CCCCC5CCC43)C2)CC1
C1CCC2CC(C3CCCC4CCCC43)CCC2C1
C1CCC(CC2CC3CCCCC3C2C2CCCCC2)CC1
C1CCC2C(C1)CCC1C3CCCC3CCCC21
C1CCC2CCC3C4CCC(CCCC5CC6CCCCC6C5)C4CCC3C2CC1
C1CCC2C(C1)CCC1C3CCCCC3CCC21
C1CCC(CCC2CCC3C(CC4CCCCC4)CCC3C2)CC1
C1CCC(CCCCC2CCC3CCCCC23)CC1
C1CCC(CC2CCC3C(CCC3C3CCCCC3)C2)CC1
C1CCC2CC(C3CCCC4CCCC43)C3CCCC3C2CC1
C1CCC2CC(CC3CCCC4CCCC43)CCC2C1
C1CCC(C2CCC3CC4C(CCC32)CCC42CCCC2)CC1
C1CCC(CCCCCC2CC3CCCCC3C2)CC1
C1CCC(CCCCC2CC3CCCCC3C2)CC1
C1CCC2CCC3C(CCC4C3CC3CCCC34CCCC3CCCC3)C2CC1
C1CCC(CCC2CCCC3CCC4C(CCC4C4CCCCC4)CC23)CC1
C(CCC1CCC2C1CCC1C3CCCCC3CCC21)CC1CC2CCCCC2C1
C1CCC(CC2CC3CCCCC3CC3CCC4CCCCC4C32)CC1
C1CCC(CCCC2CCC3C2CCC2C4CC5CCC(C6CCCCC6)C5CC4CCC32)CC1
C1CCC(CCC2CCCC(C3CCCC4C(C5CCCCC5)CCC34)C2)CC1
C1CCC2CCC3C(CCC4C5CCCC5CC43)C2CC1
C1CCC(CCC2CCC(CCC3CCCC(CC4CCCC4)C3)CC2)CC1
C1CCC2CCC3C4CCCC4CCC3C2CC1
C1CCC(CCC2(CCCC3CC4CCCCC4C3)CCC3C4CCC5CCCCC5C4CCC32)C1
C1CC2CCCC2C(CC2CC3CCCCC3C3CCCC23)C1
C1CCC(CCC2CCC3C(CCC3C3CCCCC3)C2)CC1
C1CCC(CCC2CCC3C2CCCC(C2CCCCC2)C2C4CCCCC4CCC32)CC1
C1CCC(CCCC2CCC3C(CCC4C5CCCC5CC(CCC5CCCCC5)C34)C2)CC1
C(CCC1CCC2C1CCC1C3CCCCC3CCC21)CC1CC2CCCCC2C1
C1CCC(CCCCCC2CCCC3CCCC23)CC1
C1CCC(CCCCC2CC3CCCCC3C2)CC1
C1CCC(CCCCC2CCC3CCCCC23)CC1
C1CCC(CCC2(CCCC3CC4CCCCC4C3)CCC3C4CCC5CCCCC5C4CCC32)C1
C1CCC(CCCCC2CC3CCCCC3C2)CC1
C1CC2CCC3C(CCC4CCCCC43)CC2C1
C1CCC(CCCCC2CC3CCCCC3C2)CC1
C1CCC2CCC(C3CCCC4CCCC43)CC2CC1
C1CCC2CCC(C3CCCC4CCCC43)CC2CC1
C1CCC(CCCC2CCC3C2CCC2C4CCCCC4CCCC32)C1
C(CCCC1(C2CCCCC2)CCC1)CCC1CCC(C2CCCCC2)C1
C1CCC(CCC2CCC(C3CC3)CC2)CC1
C1CCC2CCC3C4CCCC4CCC3C2CC1
C1CCC(CCCCCC2CCCC3C(CC4CCCCC4)CCC23)CC1
C1CCC(CCC2CCCC(C3CCC4CC(CCC5CCC6CCCCC6C5)CCC43)C2)C1
C(CCC1CCCC2CCCCC12)CC1CCC2CCCCC2C1
C1CCC(C2CC3CCCC3C3CCC4CCCCC4C23)CC1
C1CCC(C2CC3CCCCC3C3CCC(CCCC4CCCC4)CC23)CC1
C1CCC(CCCCC2CC3CCCCC3C2)CC1
C(CCC1CCCC2CCCCC12)CCC1CCCC2CCCCC12
C1CCC(CCC2CCC3C(CCC3C3CCCCC3)C2)CC1
C1CCC(CCC(CCC2CCC3CCCC3C2)CC2CCCCC2)CC1
C1CCC(CCCCC2CC3CCCCC3C2)CC1
C(CCCC1CCCCC1)CCC1CCCCC1
C1CCC(CC(CC2CCCCC2)C2CCCCC2)CC1
C1CCC2C(C1)CCC1C3CCCCC3CCC21
C1CCC(CCC2CCC3C(CCC4CCCCCC43)C2)CC1
C1CCC2C(C1)CCC1CCCCC12
C1CCC(CCCCC2CC3CCCCC3C2)CC1
C1CCC(C2CC3CCCCC3C3CCC4CCCCC4C23)CC1
C1CCC2C(C1)CC(C1CCCC1)C1CCCCC21
C1CCC(C2CC3CCCC3C3CCC4CCCCC4C23)CC1
C1CCC(CCCCCC2CC3CCCCC3C2)CC1
C1CCC(CCCCCC2CCCC3C(C4CCCCC4)CCC23)CC1
C1CCC2CCC(C3CCCC4CCCC43)CC2CC1
C1CCC2CC3CCC(C4CCCCC4)C3CC2CC1
C1CCC(CC2CC3CCCCC3C3CCC4CCCCC4C23)CC1
C1CCC2C(C1)CC(C1CCCC3CCCCC31)C1CCCC21
C1CCC2CCC(C3CCCC4CCCC43)CC2CC1
C1CCC2CC(C3CCCC4CCCC43)CCC2C1
C1CCC(CCC2CCC3C(CCC4CCCCCC43)C2)CC1
C1CCC(C2CCC3CCC4C(CCC45CCCC5)CC32)CC1
C1CCC(CCC2CCC3C(CCC3C3CCCC3)C2)CC1
C1CCC2C(C1)CCCC2CCCC1CCC2C1CCC1C3CCCCC3CCC21
C1CCC(CCCCCC2CC3CCCCC3C2)CC1
C1CCC2CC3CCC(C4CCCCC4)C3CC2CC1
C1CCC(CCCCC2CC3CCCCC3C2)CC1
C1CCC(C2CCC3CC4C(CCCC45CCC(C4CCCCC4)C(C4CCCCC4)C5)CC32)CC1
C1CCC(CCC2CCC3C(CCC3C3CCCC(CCC4CCCC4)C3)C2)CC1
C1CCC(CCC2CCC3C(CCC4CCCCC43)C2)CC1
C1CCC(C2CC3CCCC3C3CCC4CCCCCC4C23)CC1
C1CCC(CC2CC3CCCCC3C3CCC4CCCCC4C23)C1
C1CCC(CCCCCC2CC3CCCCC3C2)CC1
C1CCC(C2CCC3CC4C(CCC32)CCC42CCCCC2)CC1
C(CCC1CCCC2CCCCC12)CC1CCC2CCCCC2C1
C1CCC(CCCCCC2CCC3CCCCC23)CC1
C1CCC(C2CCC3CC(C4CCC(CCC5CCCC5)CC4)CCC32)CC1
C1CCC(CC2CC3CCCCC3C3CCC4CCCCCC4C23)CC1
C1CCC2CCC3C4CCC(CCCC5CC6CCCCC6C5)C4CCC3C2CC1
C1CCC(C2CCC3CC4C(CCC5C6CCC(CCCC7CCC8CCCCC8C7)C6CCC45)CC32)CC1
C1CCC(C2CC3C(CCC34CCCCC4)C3CCC4CCCCC4C23)CC1
C1CCC(CCCC2CCCC3C2CCC2C4CC5CCC(C6CCCCC6)C5CC4CCC32)CC1
C1CCC(C2CC3CCCC3C3CCCC4CCCCC4C23)CC1
C1CCC2CC3CCC(C4CCCCC4)C3CC2CC1
C1CCC(CCC2CCC3C(CCC3C3CCCCC3)C2)CC1
C1CCC(C2CCCC3C(CCC4CCCCC43)C2)CC1
C1CCC(CCC2CC3CCCCC3C3CCC4CCCCC4C23)C1
C1CCC(CC23CCCCC2CCC2C4CCCC4CCCC23)CC1
C1CCC(CC2CC3CCCCC3C3CCC4CCCCCC4C23)CC1
C1CCC(CC2CCC3CC4CCCCC4CC23)CC1
C1CCC2C(C1)CCC1C3CCCC3CCCC21
C1CCC(CCC(CC2CC3CCCCC3C2)C2CCCC2)CC1
C1CCC2C(C1)CCC1C3CCCCC3CCC21
C1CCC(CCCCC2CC3CCCCC3C2)CC1
C1CCC(CCC2CCC(C3CCC4C(CCC4C4CCCCC4)C3)CC2)CC1
C1CCC2CCC3C4CCCCC4CC(CC4CCCC4)C3C2CC1
C1CCC2CCC3C(CCC4C5CCCC5CC43)C2CC1
C1CCC(CCC2CCC3C(CCC3C3CCCCC3)C2)CC1
C1CCC2CC(CC3CCCC4CCCC43)CCC2C1
C1CCC(C2CC3C(CCC34CCCC4)C3CCC4CCCCCC4C23)CC1
C1CCC2C(C1)CCC1CCCCC12
C1CCC2CCC(C3CCCC4CCCC43)CC2CC1
C1CCC(CC2CCC3CC4C(CCC45CCC(C4CCCCC4)C5)CC23)CC1
C1CCC(C2CCC3CC4C(CC5CCC6CCCCC65)CCCCC4CC32)CC1
C1CCC(CC2CC3CCCCC3C3CCC4CCCCC4C23)CC1
C1CCC(C2C3CCCC3CC3CC4CCCC4CC32)CC1
C1CCC2CCC(C3CCCC4CCCC43)CC2CC1
C1CCC(CCCC23CCCC2CC2C4CCC5CCCCC5C4CCC23)C1
C1CCC2C(C1)CCC1C3CCCC3CCC21
C1CCC(CCCCCC2CC3CCCCC3C2)CC1
C(CCC1CCC(C2CCCC2)C1)CCC1CCCC2CCCCC12
C1CCC2C(C1)CCC1C2CCC2C3CCCC3CC21
C1CCC2CCC3C4CCCC4CCC3C2CC1
C1CCC(CC2CC3CCCCC3C3CCC4CCCCC4C23)C1
C1CCC(CCCC2CCC3C(CCC3C3CCCCC3)C2)CC1
C1CCC(CCCC2CCCCC2)CC1
C1CCC(CCCCCC2CCCC3C(CC4CCCCC4)CCC23)CC1
C1CCC2CCC3C4CCCC4CCC3C2CC1
C1CCC(CCCCCC2CCCC3C(C4CCCCC4)CCC23)CC1
C1CCC(C2CCC3CC4C(CCCC45CCCCC5)CC32)CC1
C1CCC(CCCCC2CCCC3CCC(C4CCCC5CCCC54)CC23)CC1
C1CCC(CCCCCC2CCC3C2CCC2C4CCCCC4CCC32)CC1
C1CCC(CCC(CCC2CCC3CCCC3C2)CC2CCCCC2)CC1
C1CCC(CCCCC2CCC3CCCC3C2)CC1
C1CCC(CC2CC3CCCCC3C3CCC4CCCCC4C23)C1
C1CCC2CC3CCC4CCCC4C3CCC2C1
C1CCC(C2CC3CCCC3C3CCC4CCCCC4C23)CC1
C1CCC2C(C1)CCC1C3CCCC3CCC21
C1CCC(CCCCC2CCC3CCC(C4CCCC5CCCC54)CC3C2)CC1
C1CCC(C2CC3CCCC3C3CCC4CCCCC4C23)CC1
C1CCC(CCC2CCC3C(CCC3C3CCCCC3)C2)CC1
C1CCC(C2CCC3CC4(CCCCCCC4C4CCCCC4)CCC32)CC1
C1CCC2CCC(C3CCCC4CCCC43)CC2CC1
C1CCC(CCCCCC2C3CCCCC3CCC2C2CCCC3CCCC32)CC1
C1CCC(CCCCCC2CCC3CCCCC23)CC1
C1CCC(CCCCCC2CC3CCCCC3C2)CC1
C1CCC(CCCCCC2CC3CCCCC3C2)CC1
C1CCC(CCC2CCC3C(CCC3C3CCCCC3)C2)CC1
C1CCC(CC2CC3CCCCC3C2C2CCCCC2)CC1
C1CCC(CCC2CCC3C(CCC3C3CCCCC3)C2)CC1
C1CCC(CCCCC2CCC3CCC(CC4CCCC5CCCC54)CC3C2)CC1
C1CCC(CCC2CCC3C(CCC3C3CCCCC3)C2)CC1
C1CCC2CC(C3CCCC4CCCC43)CCC2C1
C1CCC(CCCC2CCCC3C2CCC2C4CC5CCC(C6CCCCC6)C5CC4CCC32)CC1
C1CCC2CC(C3CCCC4CCCC43)CCC2C1
C1CCC(CC2CCC3C(CCC3C3CCCCC3)C2)CC1
C1CCC(CCC(CCC2CCC3CCCC3C2)CC2CCCCC2)CC1
C1CCC(CCC2CCCC(C3CCC4CC(CCC5CCC6CCCCC6C5)CCC43)C2)C1
C1CCC(CCCCC2CC3CCCCC3C2)CC1
C(CCC1CCC2C1CCC1C3CCCCC3CCC21)CC1CC2CCCCC2C1
C1CCC(C2CC3CCCC3C3CCC4CCCCCC4C23)CC1
C1CCC2CCC(C3CCCC4CCCC43)CC2CC1
C(CC1CCC2CCCC2C1)CC1CCCC2CCC(C3CCCC4CCCC43)CC2C1
C1CCC(C2CCC3CC4CCCCC4CC32)CC1
C1CCC(CCCC2CCC3CCC(C4CCCC5CCCC54)CC3C2)CC1
C1CCC2CCC3C4CCC(CCCC5CCCC6CCCCC65)C4CCC3C2CC1
C1CCC2CCC(C3CCCC4CCCC43)CC2CC1
C(CCCCC1CCC(C2CCCCC2)C1)CCCC1CCCCC1
C1CCC(C2CCC3CC4C(CCCC45CCCCC5)CC32)CC1
C1CCC(CC2CC3CCCCC3C3CCC4CCCCC4C23)CC1
C(CCCC1CCCC2C(C3CCCCC3)CCC12)CCC1CCCCC1
C(CCCC1CCCC2CCCCC12)CCC1CCC(C2CCCCC2)C1
C1CCC(C2CCC(CCCCCC3CCCC4CCCCC34)C2)CC1
C1CCC(CCCC2CCCC3CCC(C4CCCC5CCCC54)CC3C2)CC1
C1CCC2C(C1)CCCC1C3CCCC3CCC21
C1CCC2CC(CCCC3CCC4C3CCC3C5CCCCC5CCC43)CC2C1
C1CCC(CCCCCC2CC3CCCCC3C2)CC1
C1CCC(C2CC3C(CCC4CC4)CCC3C3CCC4CCCCC4CC23)CC1
C1CCC(C2CC3CCCC3C3CCC4CCCCCC4C23)CC1
C(CCC1CCCC2CCCCC12)CC1CCCC2CCCCC12
C1CCC(CCCC2CCC3C(CCC3C3CCCCC3)C2)CC1
C1CCC(C2CC3CCCCC3C3CCCCC3C2)CC1
C1CCC2CC(C3CCCC4CCCC43)CCC2C1
C(CCCC1CCCC2C(C3CCCCC3)CCC12)CCC1CCCCC1
C1CCC(CCCCC2CCC3CCCCC23)CC1
C1CCC2CC(C3CCCC4CCCC43)CCC2C1
C1CCC(CCCCC2CC3CCCCC3C2)CC1
C1CCC(C2CCC3C(CCC4CCCCC43)C2)CC1
C1CCC(C2CC3CCCC3C3CCC4CCCCCC4C23)CC1
C1CCC2CC(CCCC3CCC4C3CCC3C5CCCCC5CCC43)CC2C1
C1CCC(CCC2CCC3C(CCC3C3CCCC(CC4CCCC4)C3)C2)CC1
C1CCC(C2CC3CCCC3C3CCC4CCCCC4C23)CC1
C(CCC1CCC2CCCCC2C1)CCC1CCCC2CCCCC12
C1CCC(CCCC2CCC3C(CCC4C5CCCC5CC(CCC5CCCCC5)C34)C2)CC1
C1CCC(CCC2CCC(CCC3CCCC(CC4CCCC4)CC3)CC2)CC1
C1CCC2C(C1)CCC1C3CCCC3CCCC21
C1CCC(C2CC3CCCC3C3CCCC4CCCCC4C23)CC1
C1CCC(C2CCC3CC4C(CCCC4CC4CCC5CCCCC54)CCC32)CC1
C(CCCC1CCCC2CCCC12)CCC1CCCCC1
C1CCC(CCC2CCC3C(CC4CCCCC4)CCC3C2)CC1
C1CCC(CCCCCC2CC3CCCCC3C2)CC1
C1CCC(CCCCC2CC3CCCCC3C2)CC1
C(CCCC1CCCC2C(C3CCCCC3)CCC12)CCC1CCCCC1
C1CCC(CC2CC3CCCCC3C3CCC4CCCCCC4C23)CC1
C1CCC(C2CC3CCCC3C3CCC4CCCCC4C3C2)CC1
C1CCC2C(C1)CCC1C3CCCC3CCC21
C1CCC2C(C1)CCC1CCCCC12
C1CCC(C2CC3CCCC3C3CCC4CCCCC4C23)CC1
C1CCC2CCC3C4CCCCC4CCC3C2CC1
C1CCC(CCC2CCC3C(CCC4CC(C5CCCCC5)CCCC43)C2)CC1
C1CCC(CCC2CCC3C(CCC4CCCCC43)C2)CC1
C1CCC2CC(C3CCCC4CCCC43)CCC2C1
C1CCC(CCCCCC2CCC3CCCCC23)CC1
C1CCC(C2CCC3CCCC3C3CCC4CCCCC4C23)CC1
C(CCCCC1CCC(C2CCCCC2)C1)CCCC1CCCCC1
C1CCC(C2CC3CCCC3C3CCC4CCCCCC4C23)CC1
C(CCCC1CCCCC1)CCCC1CCC(C2CCCCC2)C1
C1CCC(CCC2CCCC(C3CCCC4C(C5CCCCC5)CCC34)C2)CC1
C1CCC(CCC2CCCC3CCC4C(CCC4C4CCCCC4)CC23)CC1
C1CCC(CCCC(CC2CC3CCCCC3C2)C2CC2)CC1
C1CCC(CCCCC2CCC3CCCCC23)CC1
C1CCC2CCC(C3CCCC4CCCC43)CC2CC1
C1CCC2CCC3CCCCC3C2CC1
C1CCC(C2CCC3CCC4CCCCC4C3CC2)CC1
C1CCC2CC3CCCCC3CCC2C1
C1CCC(CCC2CCC3C(CCC3C3CCCCC3)C2)CC1
C1CCC(CCC2(CCCC3CCC4CCCCC4C3)CCCC3C4CCC5CCCCC5C4CCC32)C1
C1CCC2C(C1)CCC1C3CCCCC3CCC21
C1CCC(C2CCCCC2CC2CC3CCCCC3C3CCC4CCCCCC4C23)CC1
C1CCC(CC2CC3CCCCC3C3CCC4CCCCCC4C23)CC1
C1CCC2CC(C3CCCC4CCCC43)CCC2C1
C1CCC2CC(C3CCCC4CCCC43)CCC2C1
C1CCC2CCC(C3CCCC4CCCC43)CC2CC1
C(CCCC1CCCCC1)CCC1CCCCC1
C(CCCC1CCCC2CCCC12)CCC1CCCCC1
C(CCCC1CCCC2C(C3CCCCC3)CCC12)CCC1CCC(C2CCCC2)C1
C1CCC(C2CCC3CCCC3C3CCC4CCCCC4C23)CC1
C1CCC(C2CCC(CCCC3CCC4C3CCC3C5CCCCC5CCCC43)C2)CC1
C1CCC2CC(CC3CCCC4CCCC43)CCC2C1
C1CCC(CC2CC3CCCCC3C3CCC4CCCCCC4C23)CC1
C1CCC(CCCCCC2CCCC3C(C4CCCCC4)CCC23)CC1
C1CCC(C2CC3CCCC3C3CCC4CCCCCC4C23)CC1
C1CCC2CCC3C4CCCC4CCC3C2CC1
C1CCC2CCC(C3CCCC4CCCC43)CC2CC1
C1CCC(C2CC3CCCC3C3CCC4CCCCC4C23)CC1
C1CCC(C2CC3CCCC3C3CCC4CCCCC4C23)CC1
C1CCC(CC2CC3CCCCC3C3CCC4CCCCC4C23)C1
C1CCC(CCC2CCC(C3CCC4C(CCC4C4CCCCC4)C3)CC2)CC1
C1CCC(CCC2CCC3C(CCC3C3CCCC(CCC4CCCC4)C3)C2)CC1
C1CCC(CCCCCC2CCCC3C2CCC3C2CCCC(CCC3CCCC3)C2)CC1
C1CCC(C2CCC3CC4C(CCCC45CCCCC5)CC32)CC1
C(CCC1CCC2C1CCC1C3CCCCC3CCC21)CC1CC2CCCCC2C1
C1CCC(CCCCC2CC3CCCCC3C2)CC1
C1CCC2C(C1)CCC1C3CCCC3CCCC21
C1CCC(CCC(CCC2CCC3CCCC3C2)CC2CCCCC2)CC1
C(CCC1CCC2CCCC2C1)CC1CCC(C2CCCC2)CC1
C1CCC(CCCCCC2CCCC3C(C4CCCCC4)CCC23)CC1
C1CCC2CC(C3CCCC4CCCC43)CCC2C1
C1CCC2CCC3C4CCC(CCCC5CC6CCCCC6C5)C4CCC3C2CC1
C1CCC(CCCC2(CCCC3CC4CCCCC4C3)CCC3C4CCC5CCCCC5C4CCC32)C1
C1CCC2CCC3C4CCCCC4CCC3C2CC1
C1CCC2C(C1)CCC1CCCCC12
C(CCC1CCCC2CCCC12)CC1CC2CCCCC2C1
C1CCC(C2CCC3C(CCC4CCCCC43)C2)CC1
C1CCC(CC2CCC(CCCCCC3CCCC4CCCCC34)C2)CC1
C1CCC(CCC2CCC3C(CCC4C5CCCC5CCC34)C2)CC1
C1CCC(CCCCC2CC3CCCCC3C2)CC1
C(CCCC1CCCC2CCCCC12)CCC1CCC(C2CCCCC2)C1
C1CCC(C2CC3CCCC3C3CCC4CCCCC4C23)CC1
C1CCC(CCCCC2CC3CCCCC3C2)CC1
C1CCC2CC(C3CCCC4CCCC43)CCC2C1
C1CCC(C2CCC(CCCCCC3CCCC4C(C5CCCCC5)CCC34)C2)CC1
C(CCCCCCC1CCCC2C1CCC1C3CCCCC3CCC21)CCCCCC1CCC(CCC2CCC(CCC3CCCC3)C2)C1
C(CCCC1CCCCC1)CCCC1CCC(C2CCCCC2)C1
C1CCC(CCCCC2CC3CCCCC3C2)CC1
C1CCC2C(C1)CCC1C3CCCC3CCC21
C1CCC(CCC2CCCC3CC4C(CCC23)CCC4C2CCCCC2)CC1
C1CCC(CCCC2(CCCC3CCCC3)CCC3C4CCC5CCCCC5C4CCC32)C1
C1CCC2CC(CCCC3CCC4C3CCCC3C5CCCCC5CCC34)CCC2C1
C1CCC(C2CC3CCCC3CC3CCC4CCCCC4C32)CC1
C1CCC(CCCCC2CCCC(C3CCC4CC(CCC5CCC6CCCCC6C5)CCC43)C2)CC1
C1CCC(CCC2CCC(CCC3CCCC(CC4CCCCC4)C3)CC2)CC1
C1CCC(CCCC2CCC3C(CCC3C3CCCCC3)C2)CC1
C1CCC(CCCCC2CC3CCCCC3C2)CC1
C1CCC(C2CCC3C(CCC4CCCCC43)C2)CC1
C1CCC(CCCCC2CCC3CCCCC23)CC1
C1CCC(CCCCCC2CCCC3C(C4CCCCC4)CCC23)CC1
C1CCC2CCCCC2C(CCCCC2CCCC3CCCCC23)C1
C1CCC2CCC(C3CCCC4CCCC43)CC2CC1
C1CCC(C2CCC3CC4C(CCC5C6CCCC(CCCC7CCC8CCCCC8C7)C6CCC45)CC32)CC1
C1CCC(C2CCC3CCC4C(CCC45CCCCC5)CC32)CC1
C1CCC(CCCCC2CC3CCCCC3C2)CC1
C1CCC(CCCCC2CC3CCCCC3C2)CC1
C1CCC(CCC2CCC(C3CC3)CC2)CC1
C1CCC(CC2CCC3C(CCC3C3CCCCC3)C2)CC1
C1CCC(CCCC(CC2CC3CCCCC3C2)C2CCCC2)CC1
C(CCC1CCC2CCCCC2C1)CCC1CCCC2CCCCC12
C(CCC1CCC2CCCCC2C1)CCC1CCCC2CCCC12
C(CCC1CCCCC2CCCCC12)CC1CCC2CCCCC2C1
C(CCC1CC2CCCCC2C1)CCC1CCCC2CCCC12
C1CCC(CCCCC2CC3CCCCC3C2)CC1
C1CCC2CC(C3CCCC4CCCC43)CCC2C1
C1CC2CCC3C(CCC4CCCCC43)CC2C1
C1CCC(C2CCC3CC4C(CCC32)CCC42CCCC2)CC1
C1CCC(CCCCC2CCC3CCCCC23)CC1
C1CCC(C2CC3CCCC3C3CCC4CCCCC4C23)CC1
C1CCC2C(C1)CCCC1C2CCC2C3CCCC3CC21
C1CCC(CCCCC2CCC3CCCCC23)CC1
C1CCC2CC(C3CCCC4CCCC43)CCC2C1
C1CCC(CC2CC3CCCCC3C3CCC4CCCCCC4C23)CC1
C1CCC(CCCC2CCCC3CCCCC32)C2CCCCC2C1
C1CCC2CCC3C4CCCC4CCC3C2CC1
C1CCC(CC2CC3CCCCC3C3CCC4CCCCCC4C23)CC1
C1CCC(CCCCC2CC3CCCCC3C2)CC1
C1CCC2CCC(C3CCCC4CCCC43)CC2CC1
C1CCC2C(C1)CCC1C3CCCC3CCC21
C1CCC(CCCCCC2CCCC3C(C4CCCCC4)CCC23)CC1
C1CCC(CCCCC2CC3CCCCC3C2)CC1
C(CCCC1CCC(C2CCCCC2)C1)CCC1CCCCC1
C1CCC(CCCCC2CC3CCCCC3C2)CC1
C1CCC(CCC2CCC3C(CCC3C3CCCCC3)C2)CC1
C1CCC2CC(C3CCCC4CCCC43)CCC2C1
C1CCC2CCC(C3CCCC3)CC2CC1
C1CCC(CCCCC2CC3CCCCC3C2)CC1
C1CCC2CCC(C3CCCC4CCCC43)CC2CC1
C1CCC(CCC2CCCC3CC4C(CCC4C4CCCCC4)CC23)CC1
C(CCC1CCC2CCCC2C1)CC1CCC(C2CCCC2)CC1
C1CCC2CC(CCCC3CCC4C3CCC3C5CCCCC5CCC43)CC2C1
C1CCC(C2CC3CCCC3CC3CCC4CCCCC4C32)CC1
C1CCC(CCC2CCC3C(CCC3C3CCCCC3)C2)CC1
C1CCC(C2CCC(CC3CC4CCCCC4C4CCC5CCCCC5C34)CC2)CC1
C1CCC(C2CCC3C(CCC4CCCCC43)C2)CC1
C(CCC1CCC2CCCCC2C1)CCC1CCCC2CCCCC12
C1CCC2CC(C3CCCC4CCCC43)CCC2C1
C1CCC(CCC2(CCCC3CC4CCCCC4C3)CCCC3C4CCC5CCCCC5C4CCC32)C1
C(CCC1CCCC2CCCCC12)CCC1CCCC2CCCC12
C1CCC2C(C1)CCC1C3CCCC3CCC21
C1CCC(CCCCCC2CC3CCCCC3C2)CC1
C1CCC2CCC3C4CCCCC4CCC3C2CC1
C1CCC(C2CC3CCCC3C3CCC4CCCCCC4C23)CC1
C1CCC(C2CCC3CC4C(CC5CC6CCCCC6C5)CCCCC4CC32)CC1
C(CCCC1CCCCC1)CCCC1CCC(C2CCCCC2)C1
C1CCC(CC2CCC3CC4C(CCC45CCCCC5)CC23)CC1
C(CCCC1CCCCC1)CCC1CCCCC1
C1CCC(C2CC3CCCC3C3CCC4CCCCC4C23)CC1
C1CCC(C2CCC3(CCCC4CC5C(CCC5C5CCCCC5)CC43)C2)CC1
C1CCC(CCCCCC2CCCC3C(C4CCCCC4)CCC23)CC1
C1CCC(CCCC2CCC3CCC(C4CCCC5CCCC54)CC3C2)CC1
C(CCCC1CCC(C2CCCCC2)C1)CCC1CCCCC1
C1CCC(CC2CC3CCCCC3CC3CCC4CCCCC4C32)C1
C1CCC(CCC(CC2CCC3C(CCC3C3CCCCC3)C2)C2CCCCC2)CC1
C1CCC(C2CCC3C(CCC4CCCCC43)C2)CC1
C1CCC2C(C1)CC(C1CCCC1)C1CCCCC21
C1CCC(CC2CCC(CC(CC3CCCCC3)C3CCCCC3)CC2)CC1
C1CCC(CCCCCC2CCC3CCCCC23)CC1
C1CCC(C2CCC3CCCC3C3CCC4CCCCC4CC23)CC1
C1CCC(CCCC2CCC3C2CCCC2C4CC5CCC(C6CCCCC6)C5CC4CCC32)CC1
C1CCC2CC(CC3CCCC4CCCC43)CCC2C1
C1CCC2CCC(C3CCCC4CCCC43)CC2CC1
C1CCC(CCCC2CCC3CCC(C4CCCC5CCCC54)CC3C2)CC1
C1CCC(CCCCCC2CCC3CCCCC23)CC1
C1CCC(C2CCC3C(CCCCCC4CCC(CC5CCCC5)C4)CCCC23)CC1
C1CCC(CCC2CCC(CCC3CCCC(CC4CCCC4)C3)CC2)CC1
C1CCC(CC2CC3CCCCC3C3CCC4CCCCC4C23)CC1
C1CCC2CC(C3CCCC4CCCC43)CCC2C1
C1CCC(CC2CC3CCCCC3C3CCC4CCCCC4C23)C1
C1CCC2CCC3C4CCCCC4CCC3C2CC1
C1CCC(CCC2(CCCC3CC4CCCCC4C3)CCC3C4CCCC5CCCCC5C4CCC32)C1
C1CCC(CCCCCC2CC3CCCCC3C2)CC1
C1CCC(CCC2CCCCC3CC4C(CCC4C4CCCCC4)CC23)CC1
C1CCC2C(C1)CCC1C3CCCCC3CCC21
C(CCCC1CCCC2C(C3CCCCC3)CCC12)CCC1CCCCC1
C1CCC(CCC2CCC3C(CCC3C3CCCCC3)C2)CC1
C1CCC(CC23CCCCCC2CCC2C4CCCC4CCC23)CC1
C1CCC(CCCCC2C3CCCCC3CCC2C2CCCC3CCCC32)CC1
C(CCC1CCC2CCCCC2C1)CCC1CCCC2CCCCC12
C1CCC(CCCCC2CCC3CCCCC3C2)CC1
C1CCC(C2CCC(CCCC3CCC4C3CCC3C5CCCCC5CCC43)C2)CC1
C1CCC(C2CCC(CCCCCC3CCCC4C(C5CCCCC5)CCC34)C2)CC1
C1CCC(C2CC3CCCCC3C3CCC4CCCCC4C23)CC1
C1CCC(CCCC2CCCC(CC3CCC4CC(CCC5CCC6CCCCC6C5)CCC43)C2)CC1
C(CCC1CCC2C1CCC1C3CCCCC3CCC21)CC1CC2CCCCC2C1
C(CCC1CC2CCCCC2C1)CCC1CCCC2CCCC12
C(CCCC1CCCCC1)CCC1CCCCC1
C1CCC(CCC2CCC3C(CC4CCCCC4)CCC3C2)CC1
C1CCC(CCC2CCC(C3CCC4C(CCC4C4CCCCC4)C3)CC2)CC1
C1CCC(CCC2CCCCC3CCC(C4CCCC5CCCC54)CC23)CC1
C1CCC(CCCCC2CCC3CCCCC3C2)CC1
C1CCC2C(C1)CCC1CCCCC12
C1CCC(CCCCCC2CC3CCCCC3C2)CC1
C1CCC(C2CCC(C3CC4CCCC4C4CCC5CCCCC5C34)CC2)C1
C1CCC(C2CC3C(CCC4CC4)CCC3C3CCC4CCCCC4C23)CC1
C1CCC2C(C1)CC(C1CCCC1)C1CCCCC21
C1CCC2CCC3C4CCC(CCCC5CC6CCCCC6C5)C4CCC3C2CC1
C1CCC(CCC2CCC(CCC3CCCCC(CC4CCCC4)C3)CC2)CC1
C1CCC(CCCC2CCC3CCC(C4CCCC5CCCC54)CC3C2)CC1
C1CCC(CC2CC3CCCCC3CC3CCC4CCCCC4C32)CC1
C1CCC(CCCCC2CC3CCCCC3C2)CC1
C1CCC(CCC2CCC(CCC3CCCC(CC4CCCC4)C3)CC2)CC1
C1CCC2CC3CCC(C4CCCCC4)C3CC2CC1
C1CCC(CCCCC2CCC3CCCCC23)CC1
C1CCC(CC(CC2CCCCC2)C2CCCCC2)CC1
C1CCC(CCCCC2CCC3CCCC3C2)CC1
C1CCC2CCC(C3CCC4CCCCC43)CC2CC1
C1CCC2C(C1)CC(C1CCCC3CCCC31)C1CCCC21
C1CCC(C2CCC3C(CCC4CCCCC43)C2)CC1
C1CCC(CCC2CCC3C(CCC3C3CCCC(CCC4CCCCC4)C3)C2)CC1
C1CCC(CCC2CCC3C(CCC3C3CCCCC3)C2)CC1
C1CCC(CCCCCC2CC3CCCCC3C2)CC1
C1CCC(C2CCC3CC4C(CCCC45CCCC5)CC32)CC1
C1CCC(C2CC3CCCCC3C3CCCCC23)CC1
C1CCC(CCC(CCC2CCC3CCCC3C2)CC2CCCCC2)CC1
C(CCC1CCCC2CCCCC12)CC1CCC2CCCCC2C1
C1CCC(CCCCCC2CC3CCCCC3C2)CC1
C1CCC2CCC(C3CCCC4CCCC43)CC2CC1
C1CCC(C2CCC3CC4C(CCC5C6CCC(CCCCC7CCC8CCCCC8C7)C6CCC45)CC32)CC1
C1CCC(CCCCC2CCC3CCCCC23)CC1
C1CCC(CCC2CCC3C(CCC3C3CCCCC3)C2)CC1
C(CCC1CCCC2CCCC12)CC1CC2CCCCC2C1
C1CCC(C2CC3CCCC3C3CCC4CCCCC4C23)CC1
C1CCC(CCCCCC2CCCC3C2CCC3C2CCCC(CC3CC3)C2)CC1
C(CCCC1CCCCC1)CCCC1CCC(C2CCCCC2)C1
C1CCC(CCCCCC2CC3CCCCC3C2)CC1
C1CCC(CCCC2CCC3CCC(CC4CCCC5CCCC54)CC3C2)CC1
C1CCC2CC(CCCC3CCCC4C3CCC3C5CCCCC5CCC43)CC2C1
C1CCC(CCCCCC2CCCC3C(C4CCCCC4)CCC23)CC1
C1CCC(CC2CC3CCCCC3C3CCC4CCCCC4C23)CC1
C1CCC2CCC3C4CCCC4CCC3C2CC1
C1CCC(CCCCCC2CCC3CCCCC23)CC1
C1CCC(CCC2CCC(CCC3CCCC(CC4CCCC4)C3)CC2)CC1
C1CCC(C2CCCC3C(CCC4CCCCC43)C2)CC1
C1CCC(CCCCC2CC3CCCCC3C2)CC1
C1CCC(CCC2CCC3C(CCC3C3CCCCC3)C2)CC1
C1CCC(C2CCC3CCCC3C3CCC4CCCCC4C23)CC1
C1CCC(CCCCCC2CCC3CCCCC23)CC1
C1CCC2CCC(C3CCCC4CCCC43)CC2CC1
C1CCC2CC3CCC4CCCC4C3CCC2C1
C1CCC(CCCCCC2CCCC3C(C4CCCCC4)CCC23)CC1
C(CCC1CCCC2CCCC12)CC1CC2CCCCC2C1
C1CCC(CCC2CCC(C3CCC4C(CCC4C4CCCCC4)C3)CC2)CC1
C(CCC1CC2CCCCC2C1)CCC1CCCC2CCCC12
C1CCC(CCCC2CCC3CCC(C4CCCC5CCCC54)CC3C2)CC1
C1CCC2CCC(C3CCCC4CCCC43)CC2CC1
C1CCC(CCCCC2CC3CCCCC3C2)CC1
C1CCC2CC(C3CCCC4CCCC43)CCC2C1
C1CCC(CCCCCC2CCC3CCCCC23)CC1
C1CCC2CC(CC3CCCC4CCCC43)CCC2C1
C(CCC1CC2CCCCC2C1)CCC1CCCC2CCCC12
C(CCCC1CCCCC1)CCC1CCCCC1
C1CCC(C2CCC3C(CCCCCC4CCC(C5CCCC5)C4)CCCC23)CC1
C1CCC(CCCCCC2CCCC3C(C4CCCCC4)CCC23)CC1
C1CCC(CCCCCC2CC3CCCCC3C2)CC1
C1CCC(CCCCCC2CCCC3C(C4CCCCC4)CCC23)CC1
C(CCCC1CCCCC1)CCCC1CCC(C2CCCCC2)C1
C(CCCC1CCC2C(CCC2C2CCCCC2)C1)CCC1CCCCC1
C1CCC(C2CCC(CCCC3CCC4C3CCC3C5CCCCC5CCC43)C2)CC1
C1CCC(CCCCC2CC3CCCCC3C2)CC1
C1CCC(CCCCC2CC3CCCCC3C2)CC1
C1CCC2C(C1)CC(C1CCCC3CCCC31)C1CCCC21
C1CCC(C2CC3CCCC3C3CCC4CCCCCC4C23)CC1
C(CCCC1CCCCC1)CCCC1CCC(C2CCCCC2)C1
C1CCC(C2CCCC3C(CCC4CCCCC43)C2)CC1
C1CCC(CCCCCC2CCC3CCCCC23)CC1
C1CCC2C(C1)CCC1C3CCCC3CCC21
C1CCC(C2CC3CCCC3C3CCC4CCCCCC4C23)CC1
C1CCC(CCCC(CCC2CCC3CCCC3C2)CC2CCCCC2)CC1
C1CCC2CC(CCCC3CCC4CC5CCC6CCCCC6C5CCC34)CC2C1
C1CCC(CCC2CCC3C(CCC3C3CCCCC3)C2)CC1
C1CCC(CCCCCC2CC3CCCCC3C2)CC1
C1CCC(C2CCC3CC4C(CCC45CCCC5)CC32)CC1
C1CCC(CC2CCC(CC(CC3CCCCC3)C3CCCCC3)CC2)CC1
C1CCC2CC(C3CCCC4CCCC43)CCC2C1
C1CCC(CCCCCC2CCCC3C(C4CCCCC4)CCC23)CC1
C1CCC2C(C1)CCC1C3CCCC3CCC21
C1CCC(CCCCCC2CCC3CCCCC23)CC1
C(CCC1CCC2C1CCC1C3CCCCC3CCC21)CC1CC2CCCCC2C1
C1CCC2C(C1)CC(C1CCCC1)C1CCCC21
C1CC(C2CCC(C3CC4CCCC4C4CCCC5CCCCC5C34)CC2)C1
C(CCCC1CCCC2C(C3CCCCC3)CCC12)CCC1CCCCC1
C1CCC(CCC2CCCCC2)CC1
C(CCCCC1CCC(C2CCCCC2)C1)CCCC1CCCCC1
C1CCC(CCCCC2(CCC3CCCC3)CCC3C4CCC5CCCCC5C4CCC32)C1
C1CCC(CCCCC2CC3CCCCC3C2)CC1
C1CCC(CCC2(CCCC3CCC4CCCCC4C3)CCC3C4CCC5CCCCC5C4CCC32)C1
C1CCC(CCC2CCC3C(CCC4CC(C5CCCCC5)CCC43)C2)CC1
C1CCC(C2CCC(CCCCCC3CCCC4CCCCC34)C2)CC1
C1CCC(CC2CC3CCCCC3CC3CCC4CCCCC4C32)C1
C1CCC(CC2CC3CCCCC3C3CCC4CCCCC4C23)C1
C1CCC(CCCCC2CCC3CCC(C4CCCC5CCCC54)CC3C2)CC1
C1CCC(C2CCC3CC4C(CCC5C6CCC(CCCC7CCC8CCCCC8C7)C6CCC45)CC32)CC1
C1CCC2CC(CCCC3CCC4C3CCC3C5CCCCC5CCCC43)CC2C1
C1CCC(CCCCCC2CCCC3C(C4CCCCC4)CCC23)CC1
C1CCC(C2CCC3CC4C(CCCC45CCCCC5)CCC32)CC1
C(CCCC1CCCC2C1CCC2C1CCCC(CC2CC2)C1)CCC1CCCCC1
C1CCC(CCCCCC2CC3CCCCC3C2)CC1
C1CCC2C(C1)CCC1C3CCCC3CCC21
C1CCC2CC(C3CCCC4CCCC43)CCC2C1
C1CCC(C2CCC(C3CC4CCCC4C4CCC5CCCCC5C34)CC2)CC1
C(CCCCC1CCC(C2CCCCC2)C1)CCCC1CCCCC1
C(CCCC1CCCC2C(C3CCCCC3)CCC12)CCC1CCCCC1
C1CCC(C2CCC3C(CCCCCC4CCC(C5CCCC5)C4)CCCC23)CC1
C(CCCC1CCCC2C(C3CCCCC3)CCC12)CCC1CCCCC1
C1CCC2CCC3C4CCCC4CCC3C2CC1
C1CCC(CCC2CCC(C3CCC3)CC2)CC1
C1CCC2CC3CCC4CCCC4C3CCC2C1
C1CCC(C2CCC3CC4C(CCCC45CCCC5)CCC32)CC1
C1CCC(CCCCC2CC3CCCCC3C2)CC1
C(CCCCC1CCC(C2CCCCC2)C1)CCCC1CCCCC1
C(CCC1CCCC2CCCCC12)CC1CCC2CCCCC2C1
C1CCC(CCCCC2CC3CCCCC3C2)CC1
C1CCC(C2CCC3CC4C(CCCC45CC(C4CCCCC4)C(C4CCCCC4)C5)CCC32)CC1
C1CCC(C2CC3CCCC3C3CCC4CCCCCC4C23)CC1
C1CCC2C(C1)CCC1C3CCCCC3CCC21
C(CCCC1CCCC2C(C3CCCCC3)CCC12)CCC1CCCCC1
C1CCC2C(C1)CCC1C3CCCC3CCCC21
C(CCC1CCCC2CCCCC12)CCC1CCCC2CCCCC12
C1CCC(CC2CCC3CCCC3C3CCC4CCCCC4C23)CC1
C1CCC(CCC2CCC3C(CCC3C3CCCCC3)C2)CC1
C1CCC(C2CCC3C(CCC4CCCCC43)C2)CC1
C(CCC1CCCC2CCCC12)CC1CC2CCCCC2C1
C1CCC(CC2CC3CCCCC3C3CCC4CCCCCC4C23)CC1
C1CCC(CCCC2CC3CCCCC3C2C2CCCCC2)CC1
C(CCC1CCCC2CCCCC12)CC1CCC2CCCCC2C1
C1CCC2C(C1)CCC1C2CCC2C3CCCC3CC21
C1CCC(CCC2CCC(C3CCC4C(CC5CCCCC5)CCC4C3)CC2)CC1
C1CCC(CCCCC2CCC3CCCCC23)CC1
C1CCC2C(C1)CCCC1C3CCCC3CCC21
C1CCC(CCCCCC2CCCC3C2CCC3C2CCCC(CC3CCCC3)C2)CC1
C1CCC(CCC2CCC(CCCC3CCCC(CC4CCCC4)C3)CC2)CC1
C1CCC(C2CCC3CC4C(CCC32)CCC42CCCC2)CC1
C1CCC(CCCCCC2CCCC3C(C4CCCCC4)CCC23)CC1
C1CCC(CCC2CCCC3CC4C(CCC23)CCC4C2CCCCC2)CC1
C1CCC2CCC3C4CCCCC4CC(CC4CCCC5CCCCC54)C3C2CC1
C1CCC(CCCCC2CC3CCCCC3C2)CC1
C1CCC2CC(CCCC3CCC4C3CCCC3C5CCCCC5CCC34)CC2C1
C1CCC(C2CCC3CC4CCCCC4CC32)CC1
C1CCC(C2CCC3(CCC4CC5C(CCC5C5CCCCC5)CC43)C2)CC1
C1CCC2C(C1)CCC1C3CCCC3CCC21
C1CCC(C2CCC3CC4(CCCCCC4C4CCCCC4)CCC32)CC1
C1CCC(CCCC(CC2CC3CCCCC3C2)C2CCCC2)CC1
C1CCC(CCCC2CC3CCCCC3C2C2CCCCC2)CC1
C1CCC2CC(C3CCCC4CCCC43)CCC2C1
C1CCC(C2CCC3C(CCC4CCCCC43)C2)CC1
C1CCC(CCC2CCC3C(CCC4C5CCCC5CCCC34)C2)CC1
C1CCC(C2CCC3CC4C(CCC45CCCCCC5)CC32)CC1
C(CCCC1CCCCC1)CCCC1CCC(C2CCCCC2)C1
C1CCC2CC(CCCC3CCC4C3CCC3C5CCCCC5CCC43)CC2C1
C(CCC1CCC2C1CCC1C3CCCCC3CCC21)CC1CCC2CCCCC2C1
C1CCC(C2CCC3CCC4(CCCCC4C4CCCCC4)CCC32)CC1
C(CCCC1CCCC2C(C3CCCCC3)CCC12)CCC1CCCCC1
C1CCC(CC23CCCCCC2CCC2C4CCCC4CCC23)CC1
C(CCCC1CCCCC1)CCCC1CCC(C2CCCCC2)C1
C1CCC2CCC3C4CCCCC4CC(CC4CCCC(C5CCCC5)C4)C3C2CC1
C1CCC(CCCCC2CC3CCCCC3C2)CC1
C1CCC(C2CCCC3CCCC3C3CCC4CCCCC4C23)CC1
C1CCC(C2CC3CCCC3C3CCC4CCCCCC4C23)CC1
C1CCC(CCCCC2CC3CCCCC3C2)CC1
C1CCC2CCC(C3CCCC4CCCC43)CC2CC1
C(CCC1CCC2CCCCC2C1)CCC1CCCC2CCCCC12
C(CCC1CCC2C(CCC3C4CCCC4CCC23)C1)CC1CCC(C2CC3CCCC3C3CCC4CCCCC4C23)CC1
C1CCC(CCCCC2CC3CCCCC3C2)CC1
C1CCC(CCC2CCCCC3CC4C(CCC4C4CCCCC4)CC23)CC1
C1CCC(CCC2CC3CCCCC3C3CCC4CCCCC4C23)CC1
C1CCC2C(C1)CC(C1CCCC1)C1CCCC21
C(CCC1CCCC2CCCC12)CC1CC2CCCCC2C1
C1CCC(CCC2CCC3C(CCC4C5CCCC5CCC34)C2)CC1
C1CCC(C2CCC3CCCC3C3CCC4CCCCC4C23)CC1
C1CCC(CCCCC2CCC3CCCCC23)CC1
C1CCC(C2CC3CCCC3C3CCC4CCCCC4C23)CC1
C(CCC1CCCC2CCCCC12)CCC1CCCC2CCCCC12
C1CCC(CCCCC2CCC3CCCCC23)CC1
C1CCC(CCCCC2CC3CCCCC3C2)CC1
C1CCC(CC2CCC3C(CCC3C3CCCCC3)C2)CC1
C1CCC(C2CCC3CC4C(CCC45CCCCCC5)CC32)CC1
C1CCC(CC2CCC3CC4C(CC5CC6CCCCC6C5)CCCC4CC23)CC1
C(CCCCC1CCC(C2CCCCC2)C1)CCCC1CCCCC1
C1CCC(C2CCC(CCCCCC3CCCC4C(C5CCCCC5)CCC34)C2)CC1
C(CCCCCCC1CCC2C1CCC1C3CCCCC3CCC21)CCCCCC1CCC(CCC2CCC(CCCC3CCCC3)C2)C1
C1CCC(CCCC2CCC3CCC(C4CCCC5CCCC54)CC3C2)CC1
C1CCC(C2CCC(C3CC4CCCC4C4CCC5CCCCC5C34)CC2)CC1
C1CCC2C(C1)CCC1CCCCC12
C1CCC(CCCCCC2CC3CCCCC3C2)CC1
C1CCC(CCCCCC2CCCC3C2CCC3C2CCCC(CC3CC3)C2)CC1
C1CCC(CCC2CCCC3CC4C(CCC4C4CCCCC4)CC23)CC1
C1CCC(C2CCC3C(CCCCCC4CCC(C5CCCC5)C4)CCCC23)CC1
C1CCC(C2CCC3CCC4C(CC5CC6CCCCC6C5)CCCC4CC32)CC1
C1CCC2C(C1)CCC1C3CCCC3CCC21
C1CCC(C2CC3CCCC3C3CCC4CCCCCC4C23)CC1
C1CCC(CCC2CCCC3CCC(C4CCCC5CCCC54)CC23)CC1
C1CCC(CC2CCC3CC4C(CCC5C6CCC(CCCC7CC8CCCCC8C7)C6CCC45)CC23)CC1
C1CCC(CCCCC2CCC3CCCC3C2)CC1
C1CCC2CCC(C3CCCC4CCCC43)CC2CC1
C(CCCCCCC1CCC2C1CCC1C3CCCCC3CCC21)CCCCCC1CCC(CCC2CCC(CCC3CCCC3)C2)C1
C(CCC1CCCC2CCCC12)CC1CC2CCCCC2C1
C1CCC(CC2CC3CCCCC3CC3CCC4CCCCC4C32)CC1
C1CCC(CCCCCC2CC3CCCCC3C2)CC1
C1CCC(C2CCC3CC4C(CCCC5C6CCC(CCCC7CC8CCCCC8C7)C6CCC45)CC32)CC1
C1CCC2CCC3C4CCCC4CC(C4CCC(C5CCCC5)CC4)C3C2CC1
C1CCC(CCCCC2CC3CCCCC3C2)CC1
C1CCC(CCCCC2CC3CCCCC3C2)CC1
C1CCC2C(C1)CCC1CCCCC12
C1CCC2C(C1)CCC1C3CCCCC3CCC21
C(CCC1CCCC2CCCCC12)CCC1CCCC2CCCCC12
C1CCC(CCC2CCC3C(CCC3C3CCCC3)C2)CC1
C(CCC1CCCC2CCCCC12)CC1CCC2CCCCC2C1
C1CCC(CCCC2CCC3C(CCC3C3CCCCC3)C2)CC1
C1CCC2CC(C3CCCC4CCCC43)CCC2C1
C1CCC(CC2CC3CCCCC3C2C2CCCCC2)CC1
C1CCC(CC2CCC3C(CC4CCCCC4)CCC3C2)CC1
C1CCC(CCCCCC2CCCC3C(C4CCCCC4)CCC23)CC1
C1CCC(CCCC2CCC3C2CCC2C4CCCCC4CCCC32)C1
C1CCC2C(C1)CC(C1CCCC3CCCC31)C1CCCCC21
C(CCCCC1CCC2C(CCC3C4CCCC4CCC23)C1)CCCC1CCCC(CC(CC2CCC(CC3CCCCC3)CC2)C2CCCCC2)C1
C1CCC2C(C1)CCC1C3CCCC3CCC21
C1CCC(CCCCCC2CC3CCCCC3C2)CC1
C1CCC(CCCCC2CC3CCCCC3C2)CC1
C1CCC(CCC2CCCCC3CCC(C4CCCC5CCCC54)CC23)CC1
C1CCC(CCCCC2CCC3C2CCC2C4CCCCC4CCCC32)CC1
C1CCC(CCCCCC2CC3CCCCC3C2)CC1
C1CCC(CC2CCCC(C3CCC4CC(CCC5CCC6CCCCC6C5)CCC43)C2)CC1
C1CCC2CC(C3CCCC4CCCC43)CCC2C1
C1CCC(C2CCC3CC4C(CCC5C6CCC(CCCC7CC8CCCCC8C7)C6CCC45)CC32)CC1
C1CCC2C(C1)CCC1C2CCC2C3CCCC3CCC21
C1CCC(CCC2CCC3C(CC4CCCCC4)CCC3C2)CC1
C1CCC(CCCCCC2CC3CCCCC3C2)CC1
C1CCC2CC(C3CCCC4CCCC43)CCC2C1
C1CCC2CCC3C4CCCCC4CC(CC4CCCC4)C3C2CC1
C1CCC(CC2CC3CCCCC3C3CCC4CCCCC4C23)CC1
C1CCC(C2CCC3CCCC3C3CCC4CCCCC4C23)CC1
C1CCC(C2CCC3CC4C(CCC5C6CCC(CCCC7CCC8CCCCC8C7)C6CCC45)CC32)CC1
C1CCC(CCC2CCC3C(CCC4C5CCCC5CCC34)C2)CC1
C1CCC(C2CCC(C3CC4CCCC4C4CCC5CCCCC5C34)CC2)C1
C1CCC(C2CC3CCCC3C3CCC4CCCCCC4C23)CC1
C1CCC(C2CCC3CC4C(CCC5C6CCC(CCCC7CC8CCCCC8C7)C6CCC45)CC32)CC1
C1CCC2CCC(C3CCCC4CCCC43)CC2CC1
C1CCC(CCCC(CC2CCC3C(CCC3C3CCCCC3)C2)C2CCCCC2)CC1
C1CCC(CC2CC3CCCCC3C3CCC4CCCCC4C23)CC1
C1CCC(CC(CC2CCCCC2)C2CCCCC2)CC1
C1CCC2CCC(C3CCCC4CCCC43)CC2CC1
C1CCC(C2CCC3CC4C(CC5CCC6CCCCC65)CCCC4CC32)CC1
C1CCC(CCCCCC2CC3CCCCC3C2)CC1
C1CCC(CCCC2CCCC(C3CCC4CC(CCC5CCC6CCCCCC6C5)CCC43)C2)CC1
C1CCC2CCC(C3CCCC4CCCC43)CC2CC1
C1CCC2CC(CCCC3CCC4C3CCC3C5CCCCC5CCC43)CC2C1
C1CCC2C(C1)CCC1CCCCC12
C(CCCC1CCCCC1)CCCC1CCC(C2CCCCC2)C1
C1CCC(CC2CCC3CC4C(CCC5C6CCC(CCCC7CCCC8CCCCC87)C6CCC45)CC23)CC1
C(CCC1CCCC2CCCC12)CC1CC2CCCCC2C1
C1CCC(CCCCC2CCC3C2CCC2C4CCCCC4CCC32)CC1
C1CCC2CC(C3CCCC4CCCC43)CCC2C1
C1CCC(CC2CC3CCCCC3C3CCC4CCCCCC4C23)CC1
C1CCC2C(C1)CCC1C3CCCC3CCC21
C(CCC1CCCC2CCCCC12)CC1CCCC2CCCCC12
C1CCC(C2CCC3CC4C(CCC32)CCC2C3CCC(CCCC5CC6CCCCC6C5)C3CCC42)CC1
C1CCC(C2CC3CCCC3C3CCC4CCCCCC4C23)CC1
C1CCC(C2CCC3CCCC3C3CCC4CCCCC4C23)CC1
C1CCC(C2CCC3C(CCC4CCCCC43)C2)CC1
C1CCC2C(C1)CCCC1C3CCCC3CCC21
C1CCC(CCCCCC2CCCC3C2CCC3C2CCCC(CC3CCCC3)C2)CC1
C1CCC(CCCCCC2CC3CCCCC3C2)CC1
C(CCC1CCC2C1CCC1C3CCCCC3CCC21)CC1CC2CCCCC2C1
C1CCC(CCCCC2CCC3CCCCC23)CC1
C1CCC(CCC2CCC3C(CCC3C3CCCCC3)C2)CC1
C1CCC2C(C1)CCC1CCCCC12
C1CCC(CCC2CCCCC2)CC1
C(CCC1CCC2C(CCC3C4CCCC4CCC23)C1)CC1CCC(C2CC3CCCC3C3CCC4CCCCC4CC23)CC1
C(CCCC1CCCC2C(C3CCCCC3)CCC12)CCC1CCCCC1
C1CCC2CCC3C4CCCC4CCC3C2CC1
C(CCCC1CCCC2C(C3CCCCC3)CCC12)CCC1CCCCC1
C1CCC(CCCCCC2CC3CCCCC3C2)CC1
C(CCCC1CCCC2C(C3CCCCC3)CCC12)CCC1CC1
C1CCC(C2CCC3CC4C(CCC45CCCC5)CC32)CC1
C1CCC2CCC(C3CCCC4CCCC43)CC2CC1
C1CCC(CCC2CCC3C(CCC4C5CCCC5CCC34)C2)CC1
C1CCC2C(C1)CCC1C3CCCC3CCC21
C1CCC(C2CCC3CC4C(CCC5C6CCC(CCCCC7CCC8CCCCC8C7)C6CCC45)CC32)CC1
C1CCC2C(C1)CCC1C3CCCC3CCC21
C1CC(C2CCC(C3CC4CCCC4C4CCC5CCCCC5C34)CC2)C1
C1CCC(C2CC3CCCC3C3CCC4CCCCC4C23)CC1
C1CCC(CCC2CCC3C(CCC3C3CCCCC3)C2)CC1
C1CCC(CCC2CCC3C(CCCC4CCCCC43)C2)CC1
C(CCCC1CCCC2C(C3CCCCC3)CCC12)CCC1CCCCC1
C(CCC1CCCC2CCCC12)CC1CC2CCCCC2C1
C1CCC2CC(C3CCCC4CCCC43)CCC2C1
C(CCC1CCCC2CCCC12)CC1CC2CCCCC2C1
C1CCC(CCC2CCC3C(CCC3C3CCCCC3)C2)CC1
C1CCC(CC2CCC3CC4C(CCCC5CC5)CCCC4CC23)CC1
C(CCCC1CCCCC1)CCCC1CCC(C2CCCCC2)C1
C1CCC(CC2CCC3CC4C(CCC5C6CCC(CCCC7CCC8CCCCC8C7)C6CCC45)CC23)CC1
C1CCC(CCCCCC2CCC3CCCCC23)CC1
C1CCC(C2CCC3C(CCC4CCCCC43)C2)CC1
C1CCC2C(C1)CCC1C3CCCC3CCC21
C1CCC(CCCCCC2CCC3CCCC3C2)CC1
C1CCC(CCCCC2CC3CCCCC3C2)CC1
C1CCC(CC2CCCCC2CC2CC3CCCCC3C3CCC4CCCCC4C23)CC1
C1CCC(CCCCCC2CCCC3C(C4CCCCC4)CCC23)CC1
C(CCC1CCC2C1CCC1C3CCCCC3CCC21)CC1CCC2CCCCC2C1
C1CCC(C2CCC3CC4C(CCC45CCCC5)CC32)CC1
C1CCC(CCCCC2CC3CCCCC3C2)CC1
C1CCC(C2CCC3CC4C(CCC45CCCC5)CC32)CC1
C1CCC(CCC2CCC(CCC3CCCC(CC4CCCC4)C3)CC2)CC1
C1CCC2C(C1)CCCC1C3CCCC3CCC21
C1CCC(C2CCCC3CCCC3C3CCC4CCCCC4C23)CC1
C1CCC(CCCCC2CCC3CCCCC23)CC1
C1CCC(CCCC2CCC3C2CCC2C4CC5CCC(C6CCCCC6)C5CC4CCC32)CC1
C1CCC2CCC(C3CCCC4CCCC43)CC2CC1
C(CC1CCC2CCCC2C1)CC1CCCC2CCC(C3CCCC4CCCC43)CC2C1
C1CCC2C(C1)CCC1CCCCC12
C(CCC1CCC2C1CCC1C3CCCCC3CCC21)CC1CC2CCCCC2C1
C1CCC(C2CC3CCCC3C3CCCC4CCCCC4C23)CC1
C1CCC(CCC2CCCCC2)CC1
C1CCC(C2CCC3CCCC3C3CCC4CCCCC4C23)CC1
C1CCC(CC2CC3CCCCC3C3CCC4CCCCC4C23)CC1
C1CCC(CC2CCC3C(CC4CCCCC4)CCC3C2)CC1
C1CCC(CCCCCC2CC3CCCCC3C2)CC1
C1CCC2CC(C3CCCC4CCCC43)CCC2C1
C1CCC(C2CCC3C(CCCCCC4CCC(C5CCCC5)C4)CCCC23)CC1
C1CCC2CC(C3CCCC4CCCC43)CCC2C1
C1CCC(CCCCCC2CC3CCCCC3C2)CC1
C(CCC1CC2CCCCC2C1)CCC1CCCC2CCCC12
C1CCC(C2CCC3CC4CCCCC4CC32)CC1
C1CCC(CC2CCC3CCCCC3C3CCC4CCCCC4C23)C1
C(CCC1CCCC2CCCCC12)CC1CCC2CCCCC2C1
C1CCC(C2CCC3CCC(C4CCCC4)C3C2)C1
C(CCCC1CCCCC1)CCC1CCCCC1
C1CCC(C2CC3CCCC3C3CCC4CCCCCC4C23)CC1
C1CCC(CCCCC2(CCC3CCCC3)CCC3C4CCC5CCCCC5C4CCC32)C1
C1CCC(CCC(CCC2CCC3CCCC3C2)CC2CCCCC2)CC1
C1CCC(C2CCC3CC4CCCCC4CC32)CC1
C(CCCC1CCCCC1)CCCC1CCC(C2CCCCC2)C1
C1CCC(CCCCC2CC3CCCCC3C2)CC1
C1CCC(CCCC2(CCCC3CCC4CCCCC4C3)CCC3C4CCC5CCCCC5C4CCC32)C1
C1CCC(CCC2CCC3C(CCC3C3CCCCC3)C2)CC1
C1CCC2C(C1)CCCC1C3CCCC3CCC21
C1CCC2CCC(C3CCCC4CCCC43)CC2CC1
C(CCCC1CCCC2C(C3CCCCC3)CCC12)CCC1CCCCC1
C1CCC(C2CCC3C(CCCCCC4CCC(C5CCCC5)C4)CCCC23)CC1
C1CCC(C2CC3CCCCC3CC3CCCCC32)CC1
C1CCC(CCC2CCCCC2)CC1
C1CCC2CCC3C4CCCCC4CCC3C2CC1
C1CCC(CCCCC2CC3CCCCC3C2)CC1
C1CCC(CCCCCC2CCC3CCCCC23)CC1
C1CCC(C2CC3CCCC3C3CCC4CCCCC4C23)CC1
C1CCC(CCCC23CCCC2CC2C4CCCC5CCCCC5C4CCC23)C1
C1CCC(CCCC2CCC3CCC(C4CCCC5CCCC54)CC3CC2)CC1
C1CCC2CC(CCCC3CCC4C3CCC3C5CCCCC5CCCC43)CC2C1
C1CCC(CCCC2CCC(CCC3CCCC(CC4CCCC4)C3)CC2)CC1
C1CCCC(C2CCC3CC4C(CCC5C6CCCC6CCC45)CC32)CC1
C1CCC(CCCCCC2CC3CCCCC3C2)CC1
C1CCC(CCCCCC2CC3CCCCC3C2)CC1
C1CCC(CCC2CCC3C(CC4CCCCC4)CCC3C2)CC1
C1CCC2CC3CCC(C4CCCCC4)C3CC2CC1
C1CCC(CCC2CCCCC3CC4C(CCC4C4CCCCC4)CC23)CC1
C(CCC1CCC2C1CCC1C3CCCCC3CCC21)CC1CCCC2CCCCC12
C1CCC(CCCCC2CCC3CCCCC23)CC1
C1CCC(CCC2CCCC3CC4C(CCC4C4CCCCC4)CC23)CC1
C1CCC2C(C1)CCC1C3CCCCC3CCC21
C1CCC(CCC2CCC3C(CC4CCCCC4)CCC3C2)CC1
C(CCCCC1CCC(C2CCCCC2)C1)CCCC1CCCCC1
C1CCC(C2CC3CCCCC3C3CCCCC23)CC1
C(CCCC1CCCCC1)CCCC1CCC(C2CCCCC2)C1
C1CCC(C2C3CCCC3CC3CC4CCCC4CC32)CC1
C1CCC(C2CC3CCCC3C3CCC4CCCCC4C23)CC1
C1CCC(C2CC3CCCC3C3CCC4CCCCC4C23)CC1
C1CCC2C(C1)CC(C1CCCC1)C1CCCCC21
C1CCC(C2CCC3CC4(CCCCCC4C4CCCCC4)CCC32)CC1
C1CCC2C(C1)CCC1C3CCCC3CCC21
C(CC1CCC2CCCC2C1)CC1CCCC2CCC(C3CCCC4CCCC43)CC2C1
C1CCC(CCCCCC2CCCC3C2CCC3C2CCCC(CC3CC3)C2)CC1
C1CCC2C(C1)CCCC2CCCC1CCCC2CCCCC21
C1CCC2C(C1)CCC1C3CCCCC3CCC21
C(CCCC1CCCC2C(C3CCCCC3)CCC12)CCC1CCCCC1
C1CCC(C2CCC3CC4C(CCC45CCCC5)CC32)CC1
C1CCC2CCC(C3CCCC4CCCC43)CC2CC1
C(CCC1CCCC2CCCCC12)CC1CCC2CCCCC2C1
C1CCC(C2CCC3CCC4C(CCC5C6CCCC6CCC45)CC32)CC1
C1CCC(CCCCCC2CCC3CCCCC23)CC1
C1CCC(C2CC3CCCCC3C3CCCCC3C2)CC1
C1CCC(CCCC2CCC3CCC(CC4CCCC5CCCC54)CC3C2)CC1
C(CCCC1CCCC2C(C3CCCCC3)CCC12)CCC1CCCCC1
C1CCC(C2CCC3CC4C(CC5CC6CCCCC6C5)CCCCC4CC32)CC1
C1CCC(CC2CCC3CCCCC3C3CCC4CCCCC4C23)CC1
C1CCC(CCCCC2CCCCC3CCC(C4CCCCC4)CC23)CC1
C(CCCC1CCCCC1)CCCC1CCC(C2CCCCC2)C1
C1CCC(CCC2CCC3C(CCC3C3CCCCC3)C2)CC1
C(CCC1CC2CCCCC2C1)CCC1CCCC2CCCC12
C1CCC(CCCCCC2CC3CCCCC3C2)CC1
C(CCC1CCC2C1CCC1C3CCCCC3CCC21)CC1CCC2CCCCC2C1
C1CCC2CC(C3CCCC4CCCC43)CCC2C1
C1CCC(CCCCC2CCC3CCCCC23)CC1
C1CCC2CC(C3CCCC4CCCC43)CCC2C1
C1CCC(C2CCC3CC4C(CCCCC5CC5)CCCC4CC32)CC1
C1CCC(CCCCCC2CCC3CCCCC23)CC1
C1CCC(CCC2CCC3C(CCC3C3CCCCC3)C2)CC1
C1CCC(CCC2CCC3C2CCC(C2CCCCC2)C2C4CCCCCC4CCC32)CC1
C1CCC(CC2CC3CCCCC3C3CCCC23)C1
C(CCCCC1CCC(C2CCCCC2)C1)CCCC1CCCCC1
C(CCC1CCC2C1CCC1C3CCCCC3CCC21)CC1CC2CCCCC2C1
C1CCC(C2CC3CCCC3C3CCC4CCCCCC4C23)CC1
C1CCC(CCC2CCC3C(CCC4CCCCCC43)C2)CC1
C1CCC2CCC3C4CCCC4CCC3C2CC1
C1CCC(CCCCC2CCC3CCCCC23)CC1
C1CCC(C2CC3CCCCC3C3CCCCC23)CC1
C1CCC(C2CCC3CC4C(CCCCC45CCCCC5)CC32)CC1
C1CCC(CCCCCC2CC3CCCCC3C2)CC1
C1CCC2CC(CCCC3CCC4C3CCC3C5CCCCC5CCC43)CC2C1
C1CCC(CCCC(CC2CC3CCCCC3C2)C2CC2)CC1
C1CCC(CCC2CCC3C(CCC3C3CCCCC3)C2)CC1
C1CCC2CCC(C3CCC4CCCCC43)CC2CC1
C1CCC(CCC2CCC3CC4C(CCC5CCCCC5)CC5CCCC5C4CCC3C2)CC1
C1CCC(CC2CCCC(C3CCC4CC(CCCC5CCC6CCCCC6C5)CCC43)C2)C1
C(CCCC1CCCC2C1CCC2C1CCCC(CC2CCCC2)C1)CCC1CCCCC1
C1CCC(CCC2CCC3C(CCC3C3CCCCC3)C2)CC1
C(CCC1CCC2CCC(C3CCCC4CCCC43)CC2C1)CC1CCC2CCCC2C1
C1CCC(CCCC2CCCC3CCC(C4CCCC5CCCC54)CC3C2)CC1
C1CCC(CC2CC3CCCCC3C3CCC4CCCCC4C23)CC1
C1CCC(C2CCC3CC4C(CCCC45CC(C4CCCCC4)C(C4CCCCC4)C5)CC32)CC1
C1CCC2C(C1)CCC1C3CCCC3CCC21
C1CCC2CCC(C3CCCC4CCCC43)CC2CC1
C1CCC(CCCCCC2CC3CCCCC3C2)CC1
C1CCC(CCCCCC2CCC3CCCCC23)CC1
C1CCC(CCCCC23CCCC2CC2C4CCC5CCCCC5C4CCC23)C1
C1CCC2C(C1)CCC1CCCCC12
C1CCC(CCCCC(CC2CCC3C(CCC3C3CCCCC3)C2)C2CCCCC2)CC1
C(CCC1CCCC2CCCC12)CC1CC2CCCCC2C1
C1CCC(CCCCCC2CCCC3C(C4CCCCC4)CCC23)CC1
C1CCC2CC(CCCC3CCCC4CCCCC43)CC2C1
C(CCC1(C2CCCC2)CCCC2CCCCC21)CC1CCC2CCCCC2C1
C1CCC2C(C1)CCC1C3CCCC3CCC21
C1CCC(CCCCCC2CCCC3C(C4CCCCC4)CCC23)CC1
C1CCC(CCC2CCC3C(CCCC4C5CCCC5CCC34)C2)CC1
C1CCC(CCCCCC2CCC3CCCCC23)CC1
C1CCC(CCC2CCC(C3CCC4C(CCC4C4CCCCC4)C3)CC2)CC1
C1CCC(CCC(CC2CCC3C(CCC3C3CCCCC3)C2)C2CCCCC2)CC1
C(CCC1CCC2C1CCC1C3CCCCC3CCC21)CC1CCCC2CCCCC12
C1CCC(CCCC2CCC(CCC3CCCCC3)CC2)CC1
C1CCC(C2CCC3CC4C(CCC45CCCCC5)CC32)CC1
C1CCC(C2CCC3CCC4C(CCC5C6CCCC6CCC45)CC32)CC1
C1CCC(CCCCCC2CCC3CCCCC23)CC1
C1CCC(CCCC2CCCC3CCCCC32)C2CCCCC2C1
C1CCC(CCC2CCCCC2)CC1
C1CCC(CC2CCC3CC4C(CCC45CCCC5)CC23)CC1
C1CCC(CCCCC2CC3CCCCC3C2)CC1
C1CCC2CC(CC3CCCC4CCCC43)CCC2C1
C(CCCC1CCCC2C(C3CCCCC3)CCC12)CCC1CCCCC1
C1CCC(C2CC3CCCC3C3CCC4CCCCC4C23)CC1
C1CCC(CCCC2CCC3C(CCC3C3CCCCC3)C2)CC1
C1CCC(CCC2CCC3C(CCC3C3CCCCC3)C2)CC1
C1CCC2C(C1)CCC1CCCCC12
C(CCC1CC2CCCCC2C1)CCC1CCCC2CCCC12
C1CCC(CCCCC2CC3CCCCC3C2)CC1
C(CC1CCCC2CCCCC2C1)CC1CC2CCCCC2C1
C1CCC(C2CC3CCCCC3C3CCC4CCCCC4C23)CC1
C1CCC(C2CC3CCCC3C3CCC4CCCCC4C23)CC1
C1CCC(CCC2CCC3C(CCC4C5CCCC5CC(CCC5CCCCC5)C34)C2)CC1
C1CCC2CC(C3CCCC4CCCC43)CCC2C1
C1CCC(C2CC3CCCC3C3CCCC4CCCCC4C23)CC1
C1CCC(C2CC3C(CCC4CC4)CCCC3C3CCC4CCCCC4C23)CC1
C1CCC(C2CC3CCCC3C3CCC4CCCCC4C23)CC1
C1CCC(CC2CCC3CC4C(CCC45CCCC5)CC23)CC1
C1CCC2CC(C3CCCC4CCCC43)CCC2C1
C1CCC2CC(CC3CCCC4CCCC43)CCC2C1
C1CCC(CC2CCC3CCCCC3C3CCC4CCCCC4C23)CC1
C(CCC1CCCC2CCCC12)CC1CC2CCCCC2C1
C1CCC(C2CCC3CC4C(CCCC5C6CCCC6CCC45)CC32)CC1
C1CCC(C2CC3CCCCC3C3CCC4CCCCC4C23)CC1
C(CCCC1CCCC2C(C3CCCCC3)CCC12)CCC1CCCCC1
C1CCC2C(C1)CCC1C3CCCC3CCCC21
C1CCC(C2CC3CCCC3C3CCC4CCCCC4C23)CC1
C1CCC(C2CC3CCCC3C3CCC4CCCCC4C23)CC1
C1CCC(CC2CCC3(CCC4CC5C(CCC5C5CCCCC5)CC43)C2)CC1
C1CCC(C2CCC3CCC(C4CCCC4)C3C2)C1
C1CCC(CCC2(CCCC3CC4CCCCC4C3)CCC3C4CCC5CCCCC5C4CCCC32)C1
C1CCC(C2CC3C(CCC34CCCC4)C3CCC4CCCCC4CC23)CC1
C(CCCC1CCC2C(CCC2C2CCCCC2)C1)CCC1CCCCC1
C1CCC(C2CCC3CC4C(CCCC45CCCC5)CC32)CC1
C1CCC(CCC2CCC3C(CCC3C3CCCCC3)C2)CC1
C(CCCC1CCCC2C(C3CCCCC3)CCC12)CCC1CCCCC1
C(CCC1CCCCC2CCCCC12)CC1CCC2CCCCC2C1
C(CCC1(C2CCCC2)CCCC2CCCCC21)CC1CCC2CCCCC2C1
C1CCC2C(C1)CCCC1C3CCCC3CCC21
C1CCC(CC2CCCCC2CC2CC3CCCCC3C3CCC4CCCCCC4C23)CC1
C1CCC(CCCC2CCC3C2CCC2C4CC5CCC(CC6CCCCC6)C5CC4CCC32)CC1
C1CCC(CCCCC2CC3CCCCC3C2)CC1
C1CCC(C2CCC3CCCC4(CCCCC4)C3C2)CC1
C1CCC(C2CC3CCCC3C3CCC4CCCCCC4C23)CC1
C1CCC(CCCCC2CC3CCCCC3C2)CC1
C1CCC(CCCC2CCC3CCC(C4CCCC5CCCC54)CC3C2)CC1
C1CCC2CCC(C3CCCC3)CC2CC1
C1CCC2C(C1)CCC1C3CCCCC3CCC21
C1CCC(C2CCC3CCC(C4CCCC4)CC32)CC1
C1CCC2CCC(C3CCCC4CCCC43)CC2CC1
C1CCC(CC2CCC3C(CCC4CCCCC43)C2)CC1
C1CCC2C(C1)CCC1CCCCC12
C1CCC(CC2CCC3CC4(CCCCC4C4CCCCC4)CCC23)CC1
C1CCC(CC2CCC3CCC(C4CCCC4)CC32)C1
C1CCC2C(C1)CC(C1CCCC3CCCC31)C1CCCCC21
C1CCC2CC(CCCC3CCC4C3CCC3C5CCCCC5CCC43)CCC2C1
C1CCC2C(C1)CCC1C3CCCC3CCC21
C1CCC(CCCCCC2CCCC3C(CC4CCCCC4)CCC23)CC1
C1CCC2CC(CCCC3CCC4C3CCCC3C5CCCCC5CCC34)CC2C1
C1CCC2CC(CC3CCCC4CCCC43)CCC2C1
C1CCC(C2CC3CCCC3C3CCC4CCCCCC4C23)CC1
C1CCC(CCC2CCC3C(CCC4C5CCCC5CC(CCC5CCCCC5)C34)C2)CC1
C1CCC2C(C1)CC(C1CCCC3CCCC31)C1CCCC21
C(CCCC1CCCCC1)CCCC1CCC(C2CCCCC2)C1
C1CCC2C(C1)CCC1CCCCC12
C1CCC(CC2CC3CCCCC3C3CCC4CCCCC4C23)C1
C1CCC2C(C1)CCCC1C3CCCC3CCC21
C1CCC(CCCCC2CC3CCCCC3C2)CC1
C1CCC(CCCCCC2CC3CCCCC3C2)CC1
C1CCC(C2CC3CCCC3C3CCC4CCCCCC4C23)CC1
C1CCC(CC2CC3CCCCC3C3CCC4CCCCC4C23)C1
C(CC1CCC(C2CCCC2)CC1)CC1CCC2CCCC2C1
C1CCC2C(C1)CCC1C3CCCC3CCC21
C1CCC(CCCC2CCCC3CCC(C4CCCC5CCCC54)CC3C2)CC1
C1CCC(C2CC3CCCCC3C3CCCCC23)CC1
C1CCC2C(C1)CCCC1C3CCCC3CCC21
C1CCC(CCC2CCC(C3CCC4C(CCC4C4CCCCC4)C3)CC2)CC1
C1CCC(CCCCCC2CCCC3C(C4CCCCC4)CCC23)CC1
C1CCC(CCCCC2CCC3CCC(C4CCCC5CCCC54)CC3C2)CC1
C1CCC(C2CCC3CCCC3C3CCC4CCCCC4C3C2)CC1
C1CCC(CCCCC2CC3CCCCC3C2)CC1
C1CCC2CC(C3CCCC4CCCC43)CCC2C1
C1CCC2C(C1)CCC1C3CCCCC3CCC21
C1CCC(CCC2CCC3C(CCC4CCCCC43)C2)CC1
C1CCC(C2CC3CCCC3C3CCCC4CCCCC4C23)CC1
C1CCC2CC(C3CCCC4CCCC43)CCC2C1
C1CCC(CCC2CCC3C(CCC3C3CCCCC3)C2)CC1
C1CCC(CCC(CCC2CCCCC2)CCC2CCC3CCCC3C2)CC1
C1CCC(CCC2CCC(CCC3CCCCC3)CC2)CC1
C1CCC(C2CC3CCCC3C3CCC4CCCCC4C23)CC1
C1CCC(CCC2(CCCC3CCC4CCCCC4C3)CCC3C4CCC5CCCCC5C4CCC32)C1
C(CCCC1CCCC2C(C3CCCCC3)CCC12)CCC1CCCCC1
C1CCC(C2CC3CCCC3C3CCCC4CCCCC4C23)CC1
C1CCC(C2CCC3CC4C(CCC5C6CCCC6CCC45)CC32)CC1
C1CCC(C2CCC3CC4C(CCC45CCCCCC5)CC32)CC1
C1CCC(CCC2CCC3C(CCC3C3CCCCC3)C2)CC1
C1CCC(CC2CC3CCCCC3C3CCC4CCCCCC4C23)CC1
C1CCC2C(C1)CCCC1C3CCCC3CCC21
C1CCC(CCCCCC2CCCC3C(C4CCCCC4)CCC23)CC1
C(CCC1CCC2CCCCC2C1)CCC1CCCC2CCCCC12
C1CCC(C2CC3CCCC3C3CCC4CCCCCC4C23)CC1
C1CCC(C2CCC3CC4C(CCC5C6CCC(CCCCC7CCC8CCCCC8C7)C6CCC45)CC32)CC1
C1CCC(CCC2CCCC3CC4C(CCC4C4CCCCC4)CC23)CC1
C1CCC(CCCC2CCCC3C2CCC2C4CC5CCC(C6CCCCC6)C5CC4CCC32)CC1
C1CCC(CCC2CCCCC2)CC1
C1CCC(CCC2CC3CCCCC3C3CCC4CCCCC4C23)CC1
C1CCC2CC(CCCC3CCC4C3CCC3C5CCCCC5CCC43)CC2C1
C1CCC(CCC2CCC3CC4CCC5CCCCC5C4C(C4CCCCC4)CCC23)CC1
C1CCC2CCC3C4CCC(CCCC5CCC6CCCCC6C5)C4CCC3C2CC1
C1CCC(C2CCC3CC4C(CCC5C6CCCC(CCCC7CC8CCCCC8C7)C6CCC45)CC32)CC1
C1CCC2CC(C3CCCC4CCCC43)CCC2C1
C1CCC(C2CCCC(CC3CC4CCCCC4C4CCC5CCCCC5C34)C2)C1
C1CCC(CC2CC3CCCCC3C3CCCCC23)CC1
C1CCC(CCC2CCCCC3CCC(C4CCCC5CCCC54)CC23)CC1
C1CCC2C(C1)CCC1C3CCCCC3CCC21
C1CCC(CCC(CC2CC3CCCCC3C2)C2CCCCC2)CC1
C1CCC(C2CCC3CC4C(CCCC45CCCCC5)CC32)CC1
C1CCC2CC(C3CCCC4CCCC43)CCC2C1
C1CCC2C(C1)CCCC1C2CCC2C3CCCC3CC21
C1CCC(C2CCC3CCCC3C3CCCC4CCCCC4C23)CC1
C1CCC(C2CC3CCCC3C3CCC4CCCCC4C23)CC1
C1CCC(C2CCC3CCCCC3C3CCCCC23)CC1
C1CCC(CCCCC2CC3CCCCC3C2)CC1
C1CCC2CC(C3CCCC4CCCC43)CCC2C1
C1CCC(CCC2CCC3C(CCC4CCCCC43)C2)CC1
C1CCC2CC(CCCC3CCCC4CCCCC43)CC2C1
C(CCCCC1CCC2C(CCC3C4CCCC4CCC23)C1)CCCC1CCCC(CC(CC2CCC(CC3CCCCC3)CC2)C2CCCCC2)C1
C1CCC(C2CCC3CC4C(CCCCC45CCCC5)CC32)CC1
C1CCC(CCCCC2CCC3CCCCC23)CC1
C(CCCC1CCCCC1)CCCC1CCC(C2CCCCC2)C1
C1CCC2CC(C3CCCC4CCCC43)CCC2C1
C1CCC(CCC2CCC(CCC3CCCC(CC4CCCC4)C3)CC2)CC1
C1CCC(CCCCC2CC3CCCCC3C2)CC1
C1CCC(C2CC3CCCC3C3CCC4CCCCC4C23)CC1
C1CCC(C2CC3CCCC3C3CCC4CCCCC4C23)CC1
C1CCC(CCC2CCC(CCC3CCCCC3)CC2)CC1
C1CCC(C2CCC3CCC4(CCCCC4)C3C2)CC1
C1CCC(C2CCC3CC4C(CCC45CCCC5)CC32)CC1
C(CCC1CCCC2CCCCC12)CCC1CCCC2CCCCC12
C1CCC(CCC2CCC3C(CCC3C3CCCCC3)C2)CC1
C(CCCC1CCCC2CCCC12)CCC1CCCCC1
C1CCC(CCC2CCC3C(CCC4C5CCCC5CCC34)C2)CC1
C1CCC2CC(CC3CCCC4CCCC43)CCC2C1
C1CCC(C2CCC3CCC4C(CCC45CCCC5)CC32)CC1
C1CCC(CCC(CCC2CCC3CCCC3C2)CC2CCCCC2)CC1
C1CCC(CCCCCC2CCCC3C(CC4CCCCC4)CCC23)CC1
C1CCC2C(C1)CCCC1CCCCC12
C1CCC2CCC3C4CCCC4CCC3C2CC1
C1CCC(C2CCC3CC4C(CCC5C6CCCC6CCCC45)CC32)CC1
C1CCC(CC2CCC3C(CCC3C3CCCCC3)C2)CC1
C1CCC(CCC2CC3CCCC3C3CCC4CCCCC4C23)CC1
C(CCC1CCCC2CCCCC12)CC1CCCC2CCCCC12
C1CCC2CC(C3CCCC4CCCCC43)C3CCCC3C2CC1
C1CCC(C2CCC3CC4C(CCC5CC6CCCCC6C5)CCCC4CC32)CC1
C1CCC(C2CC3CCCC3C3CCC4CCCCC4C23)CC1
C1CCC(CCC2CCC(CCC3CCCCC(CC4CCCC4)C3)CC2)CC1
C1CCC(CCCC2CCC(C3CCC4C(CC5CCCCC5)CCC4C3)CC2)CC1
C1CCC(CC2CCC(CCCCCC3CCCC4CCCCC34)C2)CC1
C1CCC(CCC2CCCC3CCC(C4CCCC5CCCC54)CC23)CC1
C1CCC(CCCCC2CCC3CCCCC23)CC1
C1CCC2CC(C3CCCC4CCCC43)CCC2C1
C1CCC(CC2CC3CCCCC3C3CCC4CCCCCC4C23)CC1
C(CCCC1CCCC2C(C3CCCCC3)CCC12)CCC1CCCCC1
C1CCC(CCC2CCC3C(CCC3C3CCCCC3)C2)CC1
C(CCC1CCCC2CCCCC12)CC1CC2CCCCC2C1
C1CCC(CCCC2CCC3CCC(CC4CCCC5CCCC54)CC3C2)CC1
C1CCC2CC(CCCC3CCC4C3CCC3C5CCCCC5CCCC43)CCC2C1
C1CCC2CC(CCCC3CCC4C3CCC3C5CCCCC5CCC43)CC2C1
C1CCC2C(C1)CCC1C2CCC2C3CCCC3CC21
C1CCC2C(C1)CCC1C2CCC2C3CCCCC3CC21
C1CCC(C2CCC3(CCC4CC5C(CCC5C5CCCCC5)CC43)C2)CC1
C1CCC(C2CCC3CC4(CCCCCC4C4CCCCC4)CCC32)CC1
C1CCC2CC(C3CCCC4CCCC43)CCC2C1
C1CCC(CCCC2CCC3CCC(C4CCCC5CCCC54)CC3C2)CC1
C1CCC(C2CC3CCCC3C3CCC4CCCCC4C23)CC1
C1CCC(C2CCC3CC4C(CCC32)CCC2C3CCC(CCCC5CCC6CCCCC6C5)C3CCC42)CC1
C(CCC1CCCC2CCCCC12)CC1CCC2CCCCC2C1
C1CCC(C2CC3CCCC3C3CCC4CCCCC4C23)CC1
C1CCC2C(C1)CCC1C3CCCC3CCC21
C1CCC(CCC2CCC(C3CCC4C(CCC4C4CCCCC4)C3)CC2)CC1
C1CCC2C(C1)CCC1C3CCCC3CCC21
C1CCC(CCCC23CCCCC2CC2C4CCC5CCCCC5C4CCC23)C1
C1CCC2CC(CCCC3CCC4C3CCC3C5CCCCC5CCCC43)CC2C1
C1CCC(CCCC2CCC3C(CCC4C5CCCC5CCC34)C2)CC1
C1CCC(CCC2CCC3C(CCCC4C5CCCC5CCC34)C2)CC1
C1CCC2C(C1)CC(C1CCCC3CCCCC31)C1CCCC21
C(CCCC1CCCCC1)CCCC1CCC(C2CCCCC2)C1
C(CCC1CCCC2CCCCC12)CC1CCC2CCCCC2C1
C1CCC2C(C1)CCC1C3CCCC3CCC21
C1CCC(CCCCC2CCC3CCCCC23)CC1
C1CCC(CCCCC2CCC3CCC(C4CCCC5CCCC54)CC3C2)CC1
C1CCC(CC2CCCC(CCC3CCC(CCC4CCC(C5CC5)CC4)CC3)CC2)C1
C1CCC(C2CC3CCCC3C3CCC4CCCCC4C23)CC1
C1CCC(CC2CC3CCCCC3C3CCC4CCCCC4C23)CC1
C1CCC(CCC2CCC3C(CCC4CCCCC43)C2)CC1
C1CCC2CCC(C3CCCC4CCCC43)CC2CC1
C1CCC2C(C1)CCC1CCCCC12
C1CCC(CCCCC2CCC3CCCCC23)CC1
C1CCC(C2CC3CCCCC3C3CCC4CCCCC4C23)CC1
C1CCC(C2CCC3CC4C(CCC5C6CCCC6CCC45)CC32)CC1
C1CCC(C2CCC3(CCC4CC5C(CCC5C5CCCCC5)CC43)C2)CC1
C1CCC(C2CCC3CC4C(CCCC45CCCC5)CC32)CC1
C1CCC2CC(CCCC3CCC4C3CCC3C5CCCCC5CCC43)CC2C1
C1CCC2CCC(C3CCCC4CCCC43)CC2CC1
C1CCC(C2CC3CCCC3C3CCC4CCCCC4C23)CC1
C(CCC1CCCC2CCCC12)CC1CC2CCCCC2C1
C(CCC1CCCC2CCCCC12)CC1CC2CCCCC2C1
C1CCC2C(C1)CCCC1C3CCCC3CCC21
C1CCC(CCCCC2CC3CCCCC3C2)CC1
C1CCC2CC(CCCC3CCC4C3CCCC3C5CCCCC5CCC34)CCC2C1
C1CCC2C(C1)CC(C1CCCC3CCCC31)C1CCCC21
C1CCC(CCCCC2CCC3CCCCC23)CC1
C1CCC(C2CC3CCCC3C3CCC4CCCCCC4C23)CC1
C(CCCC1CCCCC1)CCCC1CCC(C2CCCCC2)C1
C1CCC(CCCCCC2CC3CCCCC3C2)CC1
C1CCC(CC2CC3CCCCC3C3CCC4CCCCC4C23)CC1
C1CCC(C2CC3CCCC3CC3CCC4CCCCC4C32)CC1
C1CCC(C2CC3CCCCC3CC3CCCCC32)CC1
C1CCC2CC(CCCC3CCCC4C3CCC3C5CCCCC5CCC43)CC2C1
C1CCC(CC2CC3CCCCC3C3CCC4CCCCCC4C23)CC1
C1CCC(C2CCC3CC4C(CCC45CCCCC5)CC32)CC1
C1CCC(CCCCC2CC3CCCCC3C2)CC1
C(CCC1CCCC2CCCC12)CC1CC2CCCCC2C1
C1CCC2CCC(C3CCCC4CCCC43)CC2CC1
C1CCC2CCC(C3CCCC4CCCC43)CC2CC1
C1CCC(C2CCC3C(CCC34CCCC4)C3CCC4CCCCC4C23)CC1
C1CCC2C(C1)CCC1CCCCC12
C1CCC2C(C1)CCC1C3CCCCC3CCC21
C1CCC2CC(CCCC3CCC4C3CCC3C5CCCCC5CCCC43)CCC2C1
C1CCC(CCCCC2CC3CCCCC3C2)CC1
C(CCCCCCC1CCC2C1CCC1C3CCCCC3CCC21)CCCCCC1CCC(CCCC2CCC(CCC3CCCC3)C2)C1
C(CCC1CCCC2CCCCC12)CC1CC2CCCCC2C1
C1CCC(CC2CC3CCCCC3CC3CCC4CCCCC4C32)CC1
C(CC1CCCC2CCCCC2C1)CC1CC2CCCCC2C1
C1CCC2C(C1)CCC1C3CCCC3CCC21
C1CCC(CCCCCC2CC3CCCCC3C2)CC1
C1CCC(CCCCC2CCC3CCCCC23)CC1
C1CCC(CCCCC2CCC3CCCCC23)CC1
C1CCC(CCCCCC2CCCC3C(C4CCCCC4)CCC23)CC1
C1CCC(C2CCC(CCCCCC3CCCC4CCCCC34)C2)CC1
C1CCC(CCCC2CCC(CCC3CCCC(CC4CCCC4)C3)CC2)CC1
C1CCC(CCC2CCC(C3CCC4C(CCC4C4CCCCC4)C3)CC2)CC1
C1CCC(C2CCC3CC4C(CCC45CCCCC5)CC32)CC1
C1CCC2CC(C3CCCC4CCCC43)CCC2C1
C1CCC2C(C1)CC(C1CCCC3CCCCC31)C1CCCCC21
C1CCC(C2CCC3CCC4C(CCCC45CCCCC5)CC32)CC1
C1CCC(C2CCC3CC4C(CCCC45CCCC5)CC32)CC1
C1CCC(CC2CC3CCCCC3C3CCC4CCCCC4C23)CC1
C1CCC(CCCC(CCC2CCC3CCCC3C2)CC2CCCCC2)CC1
C1CCC(C2CCC3CC4C(CCC32)CCC42CCCC2)CC1
C1CCC(CCC2CCC3C(CCC3C3CCCCC3)C2)CC1
C1CCC(CCCCC2CC3CCCCC3C2)CC1
C(CCC1CC2CCCCC2C1)CCC1CCCC2CCCC12
C1CCC(CCCC23CCCC2CC2CC4CCC5CCCCC5C4CCC23)C1
C1CCC(CCC(CCC2CCC3CCCC3C2)CC2CCCCC2)CC1
C1CCC(CCCCC2CC3CCCCC3C2)CC1
C1CCC(C2CCC3CC4C(CCC32)CCC42CCCCC2)CC1
C1CCC(CCC(CCC2CCC3CCCCC3C2)CC2CCCCC2)CC1
C1CCC(CCC(CCC2CCCCC2)CCC2CCC3CCCC3C2)CC1
C1CCC(CCCC2CCCC3CCC(C4CCCC5CCCC54)CC3C2)CC1
C1CCC2CC(C3CCC4CCCCC43)CCC2C1
C1CCC(CCC2CCC3C(CCC3C3CCCC(CC4CCCC4)C3)C2)CC1
C1CCC(CCCCC2CC3CCCCC3C2)CC1
C1CCC(CCCC(CC2CC3CCCCC3C2)C2CC2)CC1
C(CCCC1CCCCC1)CCCC1CCC(C2CCCCC2)C1
C1CCC(CCCCC2CC3CCCCC3C2)CC1
C1CCC(CCCCCC2CCCC3C2CCC3C2CCC(CCC3CC3)CC2)CC1
C1CCC(C2CCC3CC4C(CCC45CCCC5)CC32)CC1
C1CCC(C2CCC3CC4C(CCC5C6CCC(CCCCC7CCC8CCCCC8C7)C6CCC45)CC32)CC1
C1CCC(CCC2(CCCC3CC4CCCCC4C3)CCC3C4CCC5CCCCC5C4CCC32)C1
C(CCCCC1CCC(C2CCCCC2)C1)CCCC1CCCCC1
C1CCC(CCCCCC2CCCC3C(C4CCCCC4)CCC23)CC1
C1CCC(C2CCC(CCCCCC3CCCC4CCCCC34)C2)CC1
C1CCC(C2CC3CCCCC3C3CCCCC23)CC1
C1CCC(CC2CCC3CC4(CCCCC4C4CCCCC4)CCC23)CC1
C1CCC(C2CCC3CC4C(CCCC5C6CCC(CCCC7CCC8CCCCC8C7)C6CCC45)CC32)CC1
C1CCC2C(C1)CCC1C3CCCC3CCC21
C1CCC(C2CCC3CC4C(CCC5C6CCC(CCCC7CCC8CCCCC8C7)C6CCC45)CC32)CC1
C1CCC(CCCC2CCCC(C3CCC4CC(CCC5CCC6CCCCC6C5)CCC43)C2)CC1
C1CCC(CCC2CCCC3CC4C(CCC23)CCC4C2CCCCC2)CC1
C1CCC(CCCC(CCC2CCCCC2)CCC2CCC3CCCC3C2)CC1
C1CCC2CCC(C3CCCC4CCCC43)CC2CC1
C1CCC(CCCCC2CC3CCCCC3C2)CC1
C1CCC(C2CCC3CC4C(CCCC5C6CCC(CCCC7CC8CCCCC8C7)C6CCC45)CC32)CC1
C1CCC(CC2CCC3C(CCC3C3CCCCC3)C2)CC1
C(CCC1CC2CCCCC2C1)CCC1CCCC2CCCC12
C1CCC(CCCCC2CC3CCCCC3C2)CC1
C1CCC(CCC2CCC3C(CCC3C3CCCCC3)C2)CC1
C1CCC2CC(C3CCCC3)C3CCCCC3CC2C1
C1CCC(CC2CCC3CC(C4CCC(CCC5CCCC5)CC4)CCC23)CC1
C1CCC2C(C1)CCC1C2CCC2C3CCCCC3CC21
C1CCC(CCCCC2CCC3CCCCC23)CC1
C1CCC(CCC2CCC3C(CCC3C3CCCC(CCC4CCCC4)C3)C2)CC1
C1CCC2CCC3C4CCCC4CC(C4CCC(CCCCC5CCC6C(CCC7C8CCCC8CCC67)C5)CC4)C3C2CC1
C1CCC(CCC(CCC2CCC3CCCC3C2)CC2CCCCCC2)CC1
C1CCC(CCCCC2CCC(C3CCC4C(CCC4C4CCCCC4)C3)CC2)CC1
C1CCC(C2CCC3CCC4C(CCC45CCCC5)CC32)CC1
C(CCC1CCCC2CCCCC12)CC1CCC2CCCCC2C1
C(CCC1CCC2C1CCC1C3CCCCC3CCC21)CC1CC2CCCCC2C1
C1CCC(CCC2CCC3C(CC4CCCCC4)CCC3C2)CC1
C1CCC(C2CC3CCCC3C3CCC4CCCCC4C23)CC1
C(CCCC1CCCCC1)CCCC1CCC(C2CCCCC2)C1
C(CCC1CCCCC2CCCCC12)CC1CCC2CCCCC2C1
C1CCC(C2CCC3CC4C(CCC5C6CCC(CCCC7CC8CCCCC8C7)C6CCCC45)CC32)CC1
C1CCC(CCCC2CCCC3CC4C(CCC4C4CCCCC4)CC23)CC1
C1CCC2C(C1)CCC1CCCCC12
C1CCC(CCCCCC2CCC3C(CC4CCCCC4)CCC3C2)CC1
C1CCC(C2CCC3CC4C(CCC45CCCCC5)CC32)CC1
C1CCC2C(C1)CCC1C2CCC2C3CCCC3CC21
C1CCC(CCCCC2CC3CCCCC3C2)CC1
C1CCC2C(C1)CCC1C2CCC2C3CCCC3CC21
C1CCC(CCC2CCC3C(CC4CCCCC4)CCC3C2)CC1
C(CCCCCCC1CCC2C1CCC1C3CCCCC3CCC21)CCCCCC1CCC(CCC2CCC(CCCC3CCCC3)C2)C1
C1CCC(CCCC2CCCC3CCC(C4CCCC5CCCC54)CC3C2)CC1
C1CCC2C(C1)CCC1C3CCCC3CCC21
C1CCC(CCCC2CCCC3CCC(C4CCCC5CCCC54)CC3C2)CC1
C1CCC(CCC2CCC(C3CC3)CC2)CC1
C1CCC(CCCC2CCC3CCC(C4CCCC5CCCC54)CC3C2)CC1
C(CCCC1CCCC2C(C3CCCCC3)CCC12)CCC1CCCCC1
C1CCC(CCCCC2CC3CCCCC3C2)CC1
C1CCC2CC(C3CCCC4CCCC43)CCC2C1
C1CCC(C2CCC3CC4C(CCC45CCCC5)CC32)CC1
C1CCC(CC2CCC3C(CCC4CCCCC43)C2)CC1
C1CCC2C(C1)CCC1CCCCC12
C1CCC(C2CCC3C(CCC4CCCCC43)C2)C1
C1CCC2C(C1)CCC1CCCCC12
C(CCCC1CCC2CCCC2C1)CCCC1CCC(C2CCCCC2)C1
C1CCCC(CC2CCCCC2CC2CC3CCCCC3C3CCC4CCCCC4C23)CC1
C1CCC(CCCCC2CC3CCCCC3C2)CC1
C1CCC(C2CCC3CC4CCCCC4CCC32)CC1
C1CCC(CCCCC2CC3CCCCC3C2)CC1
C1CCC(C2CCC3CC4C(CCC45CCCCCC5)CC32)CC1
C1CCC(CC2CCC3CCCCC3C3CCC4CCCCC4C23)C1
C1CCC(CCCCCC2CC3CCCCC3C2)CC1
C1CCC2CCC3C4CCC(CCCC5CCC6CCCCC6C5)C4CCC3C2CC1
C1CCC(C2CCC3C(CCCCCC4CCC(C5CCCC5)C4)CCCC23)CC1
C1CCC(CCC(CCC2CCCCC2)CCC2CCC3CCCCC3C2)CC1
C1CCC(CCC2CCC3CC4CCCCC4CCC3C2)CC1
C1CCC(CC2CC3CCCCC3C3CCC4CCCCC4C23)C1
C(CCC1CCCC2CCCCC12)CC1CCC2CCCCC2C1
C1CCC(C2CCC3(CCC4CC5C(CCC5C5CCCCC5)CC43)C2)CC1
C1CCC(CCCCCC2CCC3CCCCC23)CC1
C1CCC(C2CCC3CC4C(CCC5C6CCC(CCCC7CCC8CCCCC8C7)C6CCC45)CC32)CC1
C1CCC2CCC3C4CCCC4CCC3C2CC1
C(CCCC1CCCC2C(C3CCCCC3)CCC12)CCC1CCCCC1
C(CCC1CCCC2CCCCC12)CC1CCC2CCCCC2C1
C1CCC(C2CCC(CCCCCC3CCCC4C(C5CCCCC5)CCC34)C2)CC1
C1CCC(CCCCCC2CCCC3C2CCC3C2CCC(CCC3CC3)CC2)CC1
C(CCC1CCCC2CCCCC12)CC1CCCC2CCCCC12
C1CCC(C2CCC3CC4C(CCC5C6CCC(CCCC7CCC8CCCCC8C7)C6CCC45)CC32)CC1
C1CCC(C2CC3CCCCC3C3CCCCC23)CC1
C1CCC(CCC2CCCCC3CC4C(CCC4C4CCCCC4)CC23)CC1
C(CCC1CCC2CCCCC2C1)CCC1CCCC2CCCCC12
C(CCC1CCCC2CCCCC12)CC1CC2CCCCC2C1
C1CCC2CC(C3CCCC4CCCC43)CCC2C1
C1CCC2CCC3C4CCCCC4CC(CC4CCCC4)C3C2CC1
C1CCC2C(C1)CCC1C3CCCC3CCC21
C1CCC(CCC2CCC3C(CCCC4C5CCCC5CCC34)C2)CC1
C1CCC(C2CCC3CCC4CCCCC4C3CC2)CC1
C1CCC(CCCCCC2CCCC3C(C4CCCCC4)CCC23)CC1
C1CCC(CCCC2CCC3C(CCC3C3CCCC(CC4CCCC4)C3)C2)CC1
C1CCC(CCCC2CCC3C(CCC3C3CCCC(CCC4CCCC4)C3)C2)CC1
C1CCC(C2CCC3CC4C(CCC32)CCC2C3CCCC3CCC42)CC1
C(CCC1CCC(C2CCC(C3CC4CCCC4C4CCC5CCCCC5C34)CC2)CC1)CCC1CCC2C(CCC3C4CCCC4CCC23)C1
C(CCCC1CCCC2C(C3CCCCC3)CCC12)CCC1CCCCC1
C1CCC2C(C1)CCC1C3CCCC3CCC21
C1CCC2CC(C3CCCC3)CCC2C1
C1CCC2CC(C3CCCC4CCCC43)CCC2C1
C1CCC(CCCCC2CC3CCCCC3C2)CC1
C1CCC(CCC2CCC(CCC3CCCC(CC4CCCC4)C3)CC2)CC1
C1CCC2CCC3C(CCC4C3CCC4(CCCC3CCC4CCCCC4C3)CCC3CCCC3)C2CC1
C1CCC(CCCCC2CCC3CCCC3C2)CC1
C1CCC2CCC3CCCCC3C2CC1
C1CCC(CCC2CCCC3CC4C(CCC23)CCC4C2CCCCC2)CC1
C1CCC(C2CC3CCCC3C3CCCC4CCCCC4C23)CC1
C1CCC(C2CC3CCCC3C3CCCC4CCCCC4C23)CC1
C1CCC(C2CC3CCCC3C3CCC4CCCCC4C23)CC1
C1CCC(C2CCC3C(CCCCCC4CC4)CCCC23)CC1
C1CCC2CCC3C4CCCC4CCC3C2CC1
C1CCC(C2CC3CCCC3C3CCC4CCCCCC4C23)CC1
C1CCC2CC(C3CCCC4CCCC43)CCC2C1
C1CCC2C(C1)CCC1C3CCCC3CCC21
C1CCC(CCC2(CCCC3CC4CCCCC4C3)CCCC3C4CCC5CCCCC5C4CCC32)C1
C1CCC2CCC(C3CCCC4CCCC43)CC2CC1
C1CCC2C(C1)CCCC2CC1CC2CCCCC2C2CCC3CCCCC3C2C1
C1CCC2CCC3C4CCCC4CCC3C2CC1
C(CCC1CCCC2CCCC12)CC1CC2CCCCC2C1
C1CCC(CCCCC2CC3CCCCC3C2)CC1
C1CCC(CC2CC3CCCCC3C3CCC4CCCCC4C23)C1
C1CCC2CC(CCCC3CCC4C3CCC3C5CCCCC5CCC43)CC2C1
C1CCC2C(C1)CCC1C3CCCC3CCC21
C1CCC(CCCCC2CCC3CCC(C4CCCC5CCCC54)CC3C2)CC1
C1CCC2CCC(C3CCCC4CCCC43)CC2CC1
C1CCC2C(C1)CCC1C2CCC2C3CCCC3CC21
C1CCC(CC2CC3CCCCC3C3CCC4CCCCCC4C23)CC1
C1CCC(CCC(CC2CCC3C(CCC3C3CCCCC3)C2)C2CCCCC2)CC1
C1CCC(CCCC(CCC2CCC3CCCC3C2)CC2CCCCC2)CC1
C1CCC(C2CCC3CC4CCCCC4CC32)CC1
C1CCC(CC2CC3CCCCC3C3CCC4CCCCC4C23)C1
C1CCC(CCCCCC2CC3CCCCC3C2)CC1
C1CCC2CCC(C3CCCC4CCCC43)CC2CC1
C1CCC(CCCC2CCC3C2CCC2C4CC5CCC(C6CCCCCC6)C5CC4CCC32)CC1
C1CCC(C2CCC3CC4C(CCCCC45CC(C4CCCCC4)C(C4CCCCC4)C5)CC32)CC1
C1CCC(CCC2CCC3C(CCC3C3CCCCC3)C2)CC1
C1CCC(CC2CCC(C3CC4CCCC4C4CCC5CCCCCC5C34)CC2)CC1
C1CCC2CCC(C3CCCC4CCCC43)CC2CC1
C1CCC(CCCC2(CCCC3CC4CCCCC4C3)CCC3C4CCC5CCCCC5C4CCC32)C1
C(CCCC1CCCCC1)CCCC1CCC(CC2CCCCC2)C1
C1CCC2C(C1)CCC1C3CCCC3CCCC21
C1CCC(CCCCC2CC3CCCCC3C2)CC1
C1CCC(CCCCCC2CCCC3C(C4CCCCC4)CCC23)CC1
C1CCC(CCCCCC2CC3CCCCC3C2)CC1
C(CCCC1CCCC2C(C3CCCCC3)CCC12)CCC1CCCCC1
C1CCC(C2CCC3CC4C(CCC5C6CCC(CCCC7CCC8CCCCC8C7)C6CCC45)CC32)CC1
C1CCC(CCCC(CC2CC3CCCCC3C2)C2CCCC2)CC1
C1CCC(CC2CC3CCCCC3C3CCC4CCCCC4C23)C1
C1CCC(CCC2CCC(CCC3CCCC(CC4CCCC4)C3)CC2)CC1
C1CCC(C2CC3CCCC3C3CCC4CCCCC4C23)CC1
C1CCC(C2CC3CCCC3C3CCC4CCCCCC4C23)CC1
C1CCC(CCCCCC2CCCC3C(CC4CCCCC4)CCC23)CC1
C1CCC(CCC2CCC3C(CCC3C3CCCCC3)C2)CC1
C1CCC(CCCCCC2CCC3CCCCC23)CC1
C1CCC(CCCCC2CC3CCCCC3C2)CC1
C1CCC2CCC3C4CCCCC4CC(CC4CCCC4)C3C2CC1
C1CCC(CCCCCC2CC3CCCCC3C2)CC1
C1CCC(C2CC3C(CCC4CCC4)CCC3C3CCC4CCCCC4C23)CC1
C1CCC(C2CC3CCCCC3C3CCC4CCCCC4C23)CC1
C1CCC2CC(CCCC3CCC4C3CCC3C5CCCCC5CCCC43)CCC2C1
C1CCC(CCC2CCC(CCC3CCCC(CC4CCCC4)C3)CC2)CC1
C1CCC2C(C1)CCCC1C2CCC2C3CCCC3CC21
C1CCC2CC(CCCC3CCC4C3CCC3C5CCCCC5CCCC43)CCC2C1
C1CCC(C2CCC3C(CCC4CCCCC43)C2)CC1
C(CC1CCC(C2CCCC2)CC1)CC1CCC2CCCC2C1
C1CCC2CC(C3CCCC3)C3CCCC3C2CC1
C1CCC2CCC(C3CCCC4CCCC43)CC2CC1
C1CCC(CC2CCC3C(CC4CCCCC4)CCC3C2)CC1
C1CCC(C2CCC(CCCCC3CCC4C3CCC3C5CCCCC5CCC43)C2)CC1
C1CCC(CC2CCC3CCCCC3C3CCC4CCCCC4C23)CC1
C1CCC2CC(C3CCCC4CCCC43)CCC2C1
C(CCC1CCC2CCCC2C1)CC1CCC(C2CCCC2)CC1
C1CCC(CCCCC2CC3CCCCC3C2)CC1
C1CCC(C2CC3CCCC3C3CCCC4CCCCC4C23)CC1
C1CCC2CCC3CCCCC3C2CC1
C1CCC(CCC2CCC3C(CCC4C5CCCC5CCCC34)C2)CC1
C1CCC(C2CCC3CC4C(CCCC45CCCC5)CCC32)CC1
C(CCCC1CCC2CCCC2C1)CCCC1CCC(C2CCCCC2)C1
C1CCC2C(C1)CCC1C3CCCC3CCC21
C(CCCC1CCCC2C(C3CCCCC3)CCC12)CCC1CCCCC1
C1CCC2C(C1)CCC1C2CCC2C3CCCCC3CC21
C(CCCC1CCCC2C(C3CCCCC3)CCC12)CCC1CCCCC1
C1CCC(CC2CCC3C(CCC3C3CCCCC3)C2)CC1
C1CCC(CCCCC2CC3CCCCC3C2)CC1
C1CCC(CCCCCC2CCCC3C(C4CCCCC4)CCC23)CC1
C1CCC2CC(C3CCCC4CCCC43)CCC2C1
C1CCC(CC2CC3CCCCC3C3CCC4CCCCCC4C23)CC1
C(CCC1CCCC2CCCC12)CC1CC2CCCCC2C1
C1CCC2CCC3C4CCCC4CCC3C2CC1
C1CCC(C2CC3CCCC3CC3CCC4CCCCC4C32)CC1
C1CCC(CCC2CCC(C3CC3)CC2)CC1
C1CCC(CCC(CCC2CCC3CCCC3C2)CC2CCCCC2)CC1
C1CCC(CCC2CCC3C(CCC3C3CCCCC3)C2)CC1
C1CCC2CC(C3CCCC4CCCC43)CCC2C1
C1CCC(CC2CCCC(CCC3CC4CCCCC4C4CCC5CCCCC5C34)C2)CC1
C1CCC(CCCCCC2CCCC3C(CC4CCCCC4)CCC23)CC1
C1CCC(CCCCC2CC3CCCCC3C2)CC1
C1CCC(CCCCC2CCC3CCCCC23)CC1
C1CCC2CCC(C3CCCC4CCCC43)CC2CC1
C1CCC(C2CC3CCCC3C3CCC4CCCCC4C23)CC1
C(CCCC1CCCCC1)CCCC1CCC(C2CCCCC2)C1
C1CCC(CCCC2CCC(C3CCC4C(CCC4C4CCCCC4)C3)CC2)CC1
C1CCC2CC(C3CCCC4CCCC43)CCC2C1
C1CCC(C2CC3CCCC3C3CCC4CCCCC4C23)CC1
C1CCC(C2CC3CCCCC3C3CCCCC23)CC1
C(CCCC1CCCC2C(C3CCCCC3)CCC12)CCC1CCCCC1
C(CCCC1CCCCC1)CCC1CCCCC1
C1CCC(CCC2CCC3C(CCC3C3CCCC(CC4CCCC4)C3)C2)CC1
C1CCC2CC(C3CCCC4CCCC43)CCC2C1
C(CCCC1CCCC2C(C3CCCCC3)CCC12)CCC1CCCCC1
C(CCC1CCCC2CCCCC12)CC1CC2CCCCC2C1
C1CCC(C2CCC3CCC4CCCCC4CC32)CC1
C1CCC2C(C1)CCCC1CCCCC12
C1CCC(CC2CC3CCCCC3CC3CCC4CCCCC4C32)CC1
C(CCCCC1CCC(C2CCCCC2)C1)CCCC1CCCCC1
C1CCC2CCC(C3CCCC4CCCC43)CC2CC1
C1CCC(CCC2CCC3C(CCC4CCCCCC43)C2)CC1
C(CCC1CC2CCCCC2C1)CCC1CCCC2CCCC12
C1CCC(CCCCC2CCCC3CCC(C4CCCC5CCCC54)CC3C2)CC1
C1CCC(CCCCC2CCC3CCCCC23)CC1
C1CCC2C(C1)CCCC2CCCC1CCC2C(CCC3C4CCCCC4CCC23)C1
C1CCC2CC(CC3CCCC4CCCC43)CCC2C1
C1CCC2CCC3C4CCC(CCCC5CC6CCCCC6C5)C4CCC3C2CC1
C1CCC(CCCCC2CC3CCCCC3C2)CC1
C1CCC(CCC2CCC3C(CCC3C3CCCCC3)C2)CC1
C(CCC1CCCC2CCCC12)CC1CC2CCCCC2C1
C(CCC1CCCC1)CCC1CCCC2CCCCC12
C1CCC(CC2CC3CCCCC3CC3CCC4CCCCC4C32)C1
C1CCC2CC(C3CCCC4CCCC43)CCC2C1
C1CCC(C2CCC3C(CCC4CCCCC43)C2)CC1
C1CCC(C2CCC3CC4C(CCC45CCCCC5)CC32)CC1
C1CCC2CC(C3CCCC4CCCC43)CCC2C1
C1CCC(C2CC3CCCC3C3CCC4CCCCC4C23)CC1
C1CCC2CCC(C3CCCC4CCCC43)CC2CC1
C(CCCCC1CCC(C2CCCCC2)C1)CCCC1CCC2CCCC2C1
C1CCC2CCC3C4CCCCC4CC(CC4CCCC4)C3C2CC1
C1CC2CCC3C(CCC4CCC5CCC5C43)C2C1
C(CCCCC1CCC(C2CCCCC2)C1)CCCC1CCCCC1
C1CCC(CCC2CCC3C(CCC3C3CCCCC3)C2)CC1
C1CCC(CCC(CCC2CC3CCCCC3C2)C2CC2)CC1
C1CCC(CCC2CC3CCCCC3C3CCC4CCCCC4C23)C1
C1CCC(CCCCC2CC3CCCCC3C2)CC1
C1CCC(CCCC2CCCCC2)CC1
C1CCC(C2CCC3CC4C(CCC5C6CCCC(CCCC7CCC8CCCCC8C7)C6CCC45)CC32)CC1
C1CCC(CCCC2CCC3CCC(C4CCCC5CCCC54)CC3C2)CC1
C1CCC(C2CCC3CC4C(CCCC5C6CCC(CCCC7CC8CCCCC8C7)C6CCC45)CC32)CC1
C1CCC(CCCCCC2CCCC3C(C4CCCCC4)CCC23)CC1
C(CCCCC1CCC(C2CCCCC2)C1)CCCC1CCCCC1
C1CCC(CCCCC2CC3CCCCC3C2)CC1
C1CCC2C(C1)CCC1C3CCCC3CCC21
C1CCC2C(C1)CC(C1CCCC3CCCC31)C1CCCC21
C(CCC1(CC2CCCC2)CCCC2CCCCC21)CC1CCC2CCCCC2C1
C1CCC2C(C1)CCC1C3CCCC3CCC21
C(CC1CC2CCCCC2C1)CC1CCC2C(CCC3C4CCCCC4CCC23)C1
C1CCC2C(C1)CCC1C2CCCC2C3CCCC3CC21
C1CCC2CCCCC2C(CCCCC2CCCC3CCCCC23)C1
C1CCC(C2CCC3CC4C(CCCC45CCCC5)CC32)CC1
C1CCC(C2CCC(CCCCCC3CCCC4CCCCC34)C2)CC1
C1CCC(CCC2CCC3C(CCC3C3CCCCC3)C2)CC1
C1CCC2C(C1)CCCC2CCCC1CCCC2CCCCC21
C(CCCC1CCCCC1)CCCC1CCC(C2CCCCC2)C1
C(CCCC1CCCCC1)CCCC1CCC(C2CCCCC2)C1
C1CCC(C2CCC3C(CCC4CCCCC43)C2)CC1
C1CCC(C2CCC3CC4C(CCC5C6CCCC6CCC45)CC32)CC1
C(CCCC1(C2CCCCC2)CCC1)CCC1CCC(C2CCCCC2)C1
C1CCC(C2CC3CCCCC3C3CCCCC23)CC1
C1CCC2CC(C3CCCC4CCCC43)CCC2C1
C1CCC(CC2CCC3CCCCC3C3CCC4CCCCC4C23)CC1
C1CCC(CCCCC2CC3CCCCC3C2)CC1
C1CCC(CCCC2CCC3CCC(C4CCCC5CCCC54)CC3C2)CC1
C(CCC1(C2CCCC2)CCCCC2CCCCC21)CC1CCC2CCCCC2C1
C1CCC(CCCCCC2CCCC3C(C4CCCCC4)CCC23)CC1
C1CCC2C(C1)CCC1CCCCC12
C1CCC(CC2CCCC(C3CCC4CC(CCC5CCC6CCCCC6C5)CCC43)C2)C1
C1CCC(CCC2CCCC3CCC4C(CCC4C4CCCCC4)CC23)CC1
C1CCC(CC23CCCCC2CCC2C4CCCCC4CCC23)CC1
C1CCC2C(C1)CCC1C3CCCCC3CCC21
C1CCC(C2CCC3CC4C(CCCC45CCCC5)CC32)CC1
C1CCC(CCCCCC2CCC3CCCCC23)CC1
C1CCC(CCC2CC3CCCC3C3CCC4CCCCC4C23)CC1
C1CCC(CCCCCC2CCCC3C(C4CCCCC4)CCC23)CC1
C1CCC(CCCCCC2CCCC3C(C4CCCCC4)CCC23)CC1
C1CCC(CC2CCC3CCCCC3C3CCC4CCCCC4C23)CC1
C1CCC(C2CCC3CC4C(CCC5C6CCC(CCCCC7CCC8CCCCC8C7)C6CCC45)CC32)CC1
C1CCC(CC2CCC3CC4C(CCCC45CCCCC5)CC23)CC1
C1CCC(C2CCC(CCCCCC3(C4CCCC4)CCCC4CCCCC43)C2)CC1
C1CCC(C2CCC3CCC4C(CCC45CCCC5)CC32)CC1
C1CCC(CCC2CCCC(C3CCCC4C(C5CCCCC5)CCC34)C2)CC1
C1CCC(C2CCC3CC4C(CCCC5C6CCC(CCCC7CC8CCCCC8C7)C6CCC45)CC32)CC1
C1CCC(C2CCC3(CCC4CCC5C(CCC5C5CCCCC5)CC43)C2)CC1
C1CCC2CC(CC3CCCC4CCCC43)CCC2C1
C1CCC(CCC2CCC3C(CCC3C3CCCCC3)C2)CC1
C1CCC(C2CCC3CCC4C(CCC5C6CCC(CCCC7CCC8CCCCC8C7)C6CCC45)CC32)CC1
C(CCCC1CCCCC1)CCCC1CCC(C2CCCCC2)C1
C1CCC(CC2CC3CCCCC3C3CCCC23)C1
C1CCC(CCCCCC2CC3CCCCC3C2)CC1
C1CCC(CC2CCC3CC4C(CCC45CCCCC5)CC23)CC1
C1CCC2C(C1)CCC1C3CCCC3CCC21
C1CCC(CCCCCC2CCC3CCCCC23)CC1
C1CCC(CC2CCC(CC(CC3CCCCC3)C3CCCCC3)CC2)CC1
C1CCC(CCCCC2CCC3CCCCC23)CC1
C1CCC(C2CC3CCCC3C3CCC4CCCCC4C23)CC1
C1CCC(C2CCC3CC4C(CCCC5C6CCC(CCCC7CCC8CCCCC8C7)C6CCC45)CC32)CC1
C1CCC(C2CCC(C3CC4CCCC4C4CCC5CCCCC5CC34)CC2)C1
C1CCC2CCC(C3CCCC4CCCC43)CC2CC1
C1CCC2C(C1)CCC1C3CCCC3CCC21
C1CCC(CCCCCC2CCCC3C2CCC3C2CCC(CC3CC3)CC2)CC1
C1CCC2C(C1)CCC1C3CCCCC3CCC21
C(CCC1CCCC2CCCC12)CC1CC2CCCCC2C1
C1CCC(CCC(CCC2CCC3CCCCC3C2)CC2CCCCC2)CC1
C(CCCCCCC1CCC2C1CCC1C3CCCCC3CCC21)CCCCCC1CCC(CCC2CCC(CCC3CCCC3)C2)C1
C1CCC2CC(C1)CCC1C3CCCC3CCC21
C1CCC(CCC2CCC3C(CCC3C3CCCCC3)C2)CC1
C1CCC(CCCCCC2CCCC3C(C4CCCCC4)CCC23)CC1
C(CCC1CCCC2CCCCC12)CC1CCCC2CCCCC12
C1CCC2C(C1)CCC1C3CCCC3CCC21
C(CCCCC1CCC(C2CCCCC2)C1)CCCC1CCCCC1
C1CCC(C2CC3CCCC3C3CCCC4CCCCC4C23)CC1
C1CCC(C2CC3CCCCC3C3CCCCC3C2)CC1
C1CCC(C2CCC3CCCC3C3CCC4CCCCC4CC23)CC1
C(CCC1CC2CCCCC2C1)CCC1CCCC2CCCC12
C1CCC(CCCCCC2CC3CCCCC3C2)CC1
C1CCC2C(C1)CCC1C2CCC2C3CCCC3CC21
C(CCC1CCC2CCCCC2C1)CCC1CCCC2CCCCC12
C1CCC2C(C1)CCCC1CCCCC12
C1CCC(CCC2CCC3C(CCC4C5CCCC5CC(CCC5CCCCC5)C34)C2)CC1
C1CCC(CCC2CCC3C(CCC3C3CCCC3)C2)CC1
C1CCC2CC(C3CCCC4CCCCC43)C3CCCC3C2CC1
C1CCC(C2CC3CCCCC3C3CCCCC23)CC1
C1CCC2CCC(C3CCCC4CCCC43)CC2CC1
C1CCC(CCCCCC2CCC3CCCCC23)CC1
C1CCC(CCCCC2CC3CCCCC3C2)CC1
C1CCC2C(C1)CC(C1CCCC3CCCC31)C1CCCCC21
C1CCC(CCCC(CC2CC3CCCCC3C2)C2CC2)CC1
C1CCC2CCC3C(CCC4C5CCCC5CC43)C2CC1
C1CCC(CCCCCC2CCC3CCCCC23)CC1
C1CCC(CCCC2CCC3C(CCC3C3CCCC(CC4CCCC4)C3)C2)CC1
C1CCC(CCCCCC2CCC3CCCC3C2)CC1
C1CCC(CC2CC3CCCCC3C3CCC4CCCCC4C23)C1
C1CCC(C2CCCCC2CC2CC3CCCCC3C3CCC4CCCCC4C3C2)CC1
C1CCC2C(C1)CCC1C2CCC2C3CCCC3CC21
C(CCCC1CCCC2CCCC12)CCC1CCC2CCCCC2C1
C1CCC2CC3CCC4CCCC4C3CCC2C1
C1CCC(CC2CC3CCCCC3C3CCC4CCCCC4C23)CC1
C1CCC2CC(C3CCCC4CCCC43)CCC2C1
C1CCC(CCCC2CCC3C(CCC3C3CCCCC3)C2)CC1
C1CCC(CCCC2CCCC(C3CCC4CC(CCC5CCC6CCCCC6C5)CCC43)C2)CC1
C1CCC2C(C1)CCC1C3CCCC3CCC21
C1CCC(CC(CC2CCCCC2)C2CCCCC2)CC1
C1CCC2CCC(C3CCCC4CCCC43)CC2CC1
C1CCC2CCC3C4CCCCC4CC(CC4CCCC4)C3C2CC1
C1CCC(C2CCC3CC4C(CCC45CCCC5)CC32)CC1
C1CCC2CC(C3CCCC4CCCC43)CCC2C1
C1CCC2CCC(C3CCCC4CCCC43)CC2CC1
C1CCC(C2CCC3C(CCC4CCCCC43)C2)CC1
C1CCC(C2CCC3CC4C(CCCC45CCCCC5)CC32)CC1
C1CCC(CCC2CCCC3CCC4C(CCC4C4CCCCC4)CC23)CC1
C1CCC(CCC(CC2CCCCC2)C2CCCCC2)CC1
C(CCCCC1CCCC(CC(CC2CCC(CC3CCCCC3)CC2)C2CCCCC2)C1)CCCCC1CCC2C(CCC3C4CCCC4CCC23)C1
C1CCC(C2CCC3CCCC3C3CCC4CCCCC4C23)CC1
C1CCC2CC(C3CCCC4CCCC43)CCC2C1
C1CCC2C(C1)CCC1CCCCC12
C1CCC2CCC(C3CCCC4CCCC43)CC2CC1
C1CCC(CCC2CCC3C(CCC3C3CCCC3)C2)CC1
C1CCC(C2CCC3CC4C(CCC5C6CCC(CCCC7CC8CCCCC8C7)C6CCC45)CC32)CC1
C1CCC(C2CCC3CC4CCCCC4CC32)CC1
C1CCC2C(C1)CCC1C3CCCC3CCC21
C1CCC2C(C1)CCCC1C3CCCC3CCC21
C(CCC1CCC2CCCCC2C1)CCC1CCCC2CCCCC12
C1CCC2CCC3C4CCC(CCCC5CCC6CCCCC6C5)C4CCC3C2CC1
C1CCC(CC2CCCCCCC23CCC2C(CCC2C2CCCCC2)C3)CC1
C1CCC2CC(C3CCCC4CCCC43)CCC2C1
C1CCC2C(C1)CCC1C3CCCC3CCC21
C1CCC(C2CCC3CCCC3C3CCC4CCCCC4C23)CC1
C1CCC(CCC2(CCCC3CCC4CCCCC4C3)CCC3C4CCC5CCCCC5C4CCC32)C1
C1CCC(CCCCC2CCC3CCC(C4CCCC5CCCC54)CC3C2)CC1
C1CCC(CCCCCC2CCCC3C2CCC3C2CCC(CC3CCC3)CC2)CC1
C1CCC(CCC2CCC3C(CCC3CC3CCCC(CCC4CCCC4)C3)C2)CC1
C1CCC(C2CCC3CC4C(CCC5CC6CCC(CCCC7CC8CCCCC8C7)C6CCC54)CC32)CC1
C1CCC(CCCCC2CCC3CCC(C4CCCC5CCCC54)CC3C2)CC1
C1CCC(CCCCCC2CC3CCCCC3C2)CC1
C1CCC(CCC2CCC3C(CCC4CCCCC43)C2)CC1
C1CCC(CCC2CCC(CCC3CCCCC(CC4CCCC4)C3)CC2)CC1
C1CCC(CC2CC3CCCCC3C3CCC4CCCCCC4C23)CC1
C1CCC(CCCCCC2CCCC3C(C4CCCCC4)CCC23)CC1
C1CCC(CC2CCCC(CCC3CCC(CCC4CCC(CC5CC5)CC4)CC3)C2)C1
C1CCC(CC2CCCCC23CCC2C(CCC2C2CCCCC2)C3)CC1
C1CCC2CC(CC3CCCC4CCCC43)CCC2C1
C1CCC(C2CCC3CC4C(CCCC4CC4CCC5CCCCC54)CCC32)CC1
C1CCC2C(C1)CCC1C3CCCC3CCC21
C1CCC(C2CC3CCCC3C3CCC4CCCCC4C23)CC1
C1CCC(CCC2CCC3C(CC4CCCCC4)CCC3C2)CC1
C1CCC2C(C1)CCCC1CCCCC12
C1CCC(C2CC3CCCCC3C3CCC4CCCCC4C23)CC1
C(CCCC1CCCC2CCCC12)CCC1CCC2CCCCC2C1
C1CCC(CCC2CCC(CCC3CCCC(CC4CCCC4)C3)CC2)CC1
C1CCC(CCC2CCC(CCC3CCCCC3)CC2)CC1
C1CCC(CCCC2CCC3CCC(C4CCCC5CCCC54)CC3C2)CC1
C1CCC(CCC2CCC3C(CCC3C3CCCCC3)C2)CC1
C1CCC2CC(C3CCCC4CCCC43)CCC2C1
C1CCC(C2CCC3CC4C(CCC32)CCC42CCCCC2)CC1
C(CCC1CCC2C(CCC3C4CCCC4CCC23)C1)CC1CCC(C2CCC(C3CC4CCCC4C4CCC5CCCCC5C34)CC2)CC1
C1CCC(CCC2CCC(CCCC3CCCC(CC4CCCC4)C3)CC2)CC1
C1CCC(CCCCCC2CCCC3C(C4CCCCC4)CCC23)CC1
C1CCC2CC(CC3CCCC4CCCC43)CCC2C1
C1CCC(CCCCCC2CC3CCCCC3C2)CC1
C1CCC(CCCCCC2CC3CCCCC3C2)CC1
C1CCC(CCCCCC2CC3CCCCC3C2)CC1
C(CCC1CCC2CCCCC2C1)CCC1CCCC2CCCCC12
C1CCC(CCCCCC2CC3CCCCC3C2)CC1
C1CCC2CCC(C3CCCC4CCCC43)CC2CC1
C1CCC(CCCC2CCCC(C3CCC4CC(CCC5CCC6CCCCC6C5)CCC43)C2)CC1
C1CCC2C(C1)CCC1CCCCC12
C1CCC(CCCC2CCC3C2CCC2C4CCCCC4CCC32)C1
C1CCC2CC(CCCC3CCC4C3CCC3C5CCCCC5CCC43)CCC2C1
C1CCC(C2CC3CCCCC3C3CCC4CCCCC4C23)CC1
C1CCC(CCC2CCC(C3CCC4C(CCC4C4CCCCC4)C3)CC2)CC1
C1CCC2C(C1)CCC1CCCCC12
C1CCC(CCCC2CCC3C2CCCC2C4CCCCC4CCC23)C1
C1CCC(CCCCCC2CCC3CCCCC23)CC1
C1CCC2CCC(C3CCCC4CCCC43)CC2CC1
C1CCC(CC2CCC3C(CC4CCCCC4)CCC3C2)CC1
C1CCC(CC2CCC3C(CCC3C3CCCCC3)C2)CC1
C1CCC(CC2CC3CCCCC3C3CCCCC23)CC1
C1CCC(CCC2CCC3C(CCC4CCCCCC43)C2)CC1
C1CCC2CCC3C4CCCC4CCC3C2CC1
C1CCC2C(C1)CCC1CCCCC12
C1CCC(CCCCCC2CC3CCCCC3C2)CC1
C1CCC2CCC(C3CCCC4CCCC43)CC2CC1
C1CCC(CCCCCC2CC3CCCCC3C2)CC1
C1CCC2CC(CC3CCCC4CCCC43)CCC2C1
C1CCC(CCCC2CCC(C3CCC4C(CC5CCCCC5)CCC4C3)CC2)CC1
C1CCC(C2CC3CCCC3C3CCC4CCCCC4C23)CC1
C1CCC2C(C1)CCC1C3CCCC3CCC21
C1CCC(CCC(CCC2CCC3CCCCC3C2)CC2CCCCC2)CC1
C1CCC(CCCC2CCC3CCC(C4CCCC5CCCC54)CC3C2)CC1
C(CCCCC1CCC(C2CCCCC2)C1)CCCC1CCCCC1
C(CCC1CCC2CCCCC2C1)CCC1CCCCC2CCCCC12
C1CCC(CCC2CCC3C(CCC3C3CCCCC3)C2)CC1
C1CCC(C2CCC3(CCC4CC5C(CCC5C5CCCCC5)CCC43)C2)CC1
C1CCC(C2CCC(C3CC4CCCC4C4CCC5CCCCC5CC34)CC2)C1
C(CCCC1CCCC2CCCCC12)CCC1CCC(C2CCCCC2)C1
C1CCC2C(C1)CCC1C3CCCC3CCC21
C1CCC2CCC(C3CCCC4CCCC43)CC2CC1
C1CCC(C2CCC3CC4C(CCC5C6CCC(CCCC7CC8CCCCC8C7)C6CCC45)CC32)CC1
C1CCC(CCCCCC2CCCC3C(C4CCCCC4)CCC23)CC1
C1CCC(C2CC3CCCC3C3CCC4CCCCC4C23)CC1
C1CCC(CCC2CCC(CCC3CCCCC3)CC2)CC1
C1CCC(CCCCCC2CCC3CCCCC23)CC1
C1CCC(C2CC3CCCC3C3CCC4CCCCCC4C23)CC1
C1CCC(CCCCCC2CCCC3C(C4CCCCC4)CCC23)CC1
C1CCC(CCC(CC2CCCCC2)C2CCCCC2)CC1
C1CCC(CCCCC2CC3CCCCC3C2)CC1
C(CCC1CCCC2CCCC12)CC1CC2CCCCC2C1
C1CCC2CCC(C3CCCC4CCCC43)CC2CC1
C1CCC(CCCCCC2CCCC3C(C4CCCCC4)CCC23)CC1
C1CCC(CCC2CCC3C(CCC4CC5CCCC5CC(CCC5CCCCC5)C43)C2)CC1
C1CCC(C2CCC3CCC4CCCCC4CC32)CC1
C1CCC(C2CCC3C(CCCCCC4CCC(C5CCCC5)C4)CCCC23)CC1
C1CCC(CCCCC2CC3CCCCC3C2)CC1
C1CCC2C(C1)CCC1C3CCCC3CCC21
C1CCC(CC2CC3CCCCC3C3CCC4CCCCC4C23)C1
C1CCC(CCC2CCC3C(CCC3C3CCCCC3)C2)CC1
C1CCC(C2CCC3CC4(CCCCCC4C4CCCCC4)CCC32)CC1
C1CCC(C2CCC3CC4C(CCCC45CCCCC5)CC32)CC1
C(CCCC1CCCCC1)CCCC1CCC(C2CCCCC2)C1
C1CCC(CCCCC2CC3CCCCC3C2)CC1
C1CCC(C2CCC3C(CCC4CCCCC43)C2)CC1
C1CCC(C2CC3CCCC3CC3CCC4CCCCC4C32)CC1
C1CCC2CCC3C4CCCCC4CC(CC4CCCC(C5CCCC5)C4)C3C2CC1
C(CCCC1CCCC2C(C3CCCCC3)CCC12)CCC1CCCCC1
C(CCC1CCCC2CCCC12)CC1CC2CCCCC2C1
C1CCC(C2C3CCCC3CC3CC4CCCCC4CC32)CC1
C(CCCC1CCCCC1)CCCC1CCC(C2CCCCC2)C1
C1CCC2CCC(C3CCCC4CCCC43)CC2CC1
C1CCC(CC2CCC3C(CCC3C3CCCCC3)C2)CC1
C1CCC(CCCCCC2CCCC3C(C4CCCCC4)CCC23)CC1
C(CCCC1CCCC2C(C3CCCCC3)CCC12)CCC1CCCCC1
C1CCC(CCCC2CCCC3CCC(C4CCCC5CCCC54)CC3C2)CC1
C1CCC(C2CCC3CC4C(CCC5C6CCC(CCCC7CC8CCCCC8C7)C6CCCC45)CC32)CC1
C1CCC(C2CC3CCCCC3C3CCCCC3C2)C1
C1CCC(C2CCC3CCC4C(CCCC45CC(C4CCCCC4)C(C4CCCCC4)C5)CC32)CC1
C1CCC2CC3CCC4C(CCCC5CC6CCCCC6C5)CCC4C3CCC2C1
C1CCC(C2CC3CCCC3C3CCC4CCCCCC4C23)CC1
C1CCC(C2CC3C(CCC4CCC4)CCC3C3CCC4CCCCC4C23)CC1
C1CCC(CC2CC3CCCCC3C3CCC4CCCCC4C23)CC1
C1CCC2CCC3C(CCC4C3CCC4(CCCC3CC4CCCCC4C3)CCC3CCCC3)C2CC1
C1CCC(CCC2CCC3C(CCC4CC5CCCC5CCC43)C2)CC1
C1CCC(CCCCCC2CC3CCCCC3C2)CC1
C1CCC2CCC3C(CCC4C5CCCC5CC43)C2CC1
C1CCC2C(C1)CCC1C3CCCC3CCC21
C1CCC(C2CCC3(CCCC4CC5C(CCC5C5CCCCC5)CC43)C2)CC1
C1CCC(CCCCC2CC3CCCCC3C2)CC1
C(CCCC1CCCCC1)CCCC1CCC(C2CCCCC2)C1
C1CCC2C(C1)CCC1C3CCCCC3CCC21
C1CCC(C2CCC3CC4C(CCC45CCCC5)CC32)CC1
C1CCC(C2CCC3CC4C(CCCC45CCCCC5)CC32)CC1
C1CCC(C2CCC3CC4C(CCC5CC6CCCCC6C5)CCCC4CC32)CC1
C(CCCC1CCCCC1)CCC1CCCCC1
C(CCCC1CCCC2C1CCC2C1CCC(CC2CC2)CC1)CCC1CCCCC1
C1CCC2CC(C3CCCC4CCCC43)CCC2C1
C1CCC2CC(CCCC3CCCC4CCCCC43)CC2C1
C1CCC(CCC2CCC3C2CCC(C2CCCCC2)C2C4CCCCC4CCC32)CC1
C1CCC(CCC2CCC3C(CC4CCCCC4)CCC3C2)CC1
C1CCC(C2CCC3CC4C(CCCC45CCCCC5)CC32)CC1
C1CCC2CCC3C4CCCCC4CCC3C2CC1
C1CCC(CCC2CCCCC3CC4C(CCC4C4CCCCC4)CC23)CC1
C1CCC(CCCCCC2CCCC3C(C4CCCCC4)CCC23)CC1
C(CCC1CCCC2CCCC12)CC1CC2CCCCC2C1
C1CCC(C2CCC3C(CCC34CCCC4)C3CCCC4CCCCC4C23)CC1
C1CCC2CC(C3CCCC4CCCC43)CCC2C1
C1CCC2C(C1)CC(C1CCCC3CCCC31)C1CCCCC21
C1CCC(CCCCCC2CCC3CCCCC23)CC1
C1CCC(CCC2CCC3C(CCC3C3CCCCC3)C2)CC1
C1CCC(CCCCC2CC3CCCCC3C2)CC1
C1CCC2C(C1)CCCC1C3CCCC3CCC21
C1CCC2C(C1)CCC1C3CCCC3CCC21
C1CCC2CCC(C3CCCC4CCCC43)CC2CC1
C1CCC(CCCCC2CC3CCCCC3C2)CC1
C1CCC2CC(CCCC3CCC4C3CCC3C5CCCCC5CCCC43)CCC2C1
C(CCC1CCCC2CCCC12)CC1CC2CCCCC2C1
C1CCC(C2CC3C(CCC34CCCC4)C3CCC4CCCCC4C23)CC1
C1CCC(CCCCCC2CCCC3C(C4CCCCC4)CCC23)CC1
C(CCCC1CCCC2C(C3CCCCC3)CCC12)CCC1CC1
C1CCC(C2CCC3CC4C(CCC32)CCC42CCCC2)CC1
C1CCC(C2CC3CCCC3C3CCC4CCCCCC4C23)CC1
C1CCC(CCCC(CC2CC3CCCCC3C2)C2CC2)CC1
C1CCC(CCCCCC2CCCC3C(C4CCCCC4)CCC23)CC1
C1CCC(CCCC2CCC3C(CCC3C3CCCCC3)C2)CC1
C1CCC2CC(CCCC3CCC4C3CCCC3C5CCCCC5CCC34)CC2C1
C1CCC2CCC3C4CCCCC4CC(CC4CCCC4)C3C2CC1
C1CCC(CCCCCC2CC3CCCCC3C2)CC1
C1CCC(CCCCCC2CCC3CCCCC23)CC1
C1CCC(C2CCC3CC4C(CCC45CCCC5)CC32)CC1
C1CCC2CCC(C3CCCC4CCCC43)CC2CC1
C1CCC2CCC(C3CCCC4CCCC43)CC2CC1
C(CCC1CCCC2CCCC12)CC1CC2CCCCC2C1
C1CCC2CC(CCCC3CCC4C3CCCC3C5CCCCC5CCC34)CC2C1
C(CCCC1CCCCC1)CCCC1CCC(C2CCCCC2)C1
C1CCC(CCCCCC2CCCC3C(C4CCCCC4)CCC23)CC1
C1CCC(CC2CC3CCCCC3C3CCC4CCCCC4C23)CC1
C1CCC2C(C1)CC(C1CCCC1)C1CCCCC21
C1CCC2CC(C3CCCC4CCCC43)CCC2C1
C1CCC2CCC3C4CCCC4CCC3C2CC1
C1CCC(CCCCCC2CCCC3C(CC4CCCCC4)CCC23)CC1
C1CCC(CCCCCC2CC3CCCCC3C2)CC1
C1CCC(C2CC3CCCC3C3CCCC4CCCCC4C23)CC1
C(CCC1CCC(C2CCC(C3CC4CCCC4C4CCC5CCCCC5C34)CC2)CC1)CCC1CCC2C(CCC3C4CCCC4CCC23)C1
C1CCC(CCCC2CCC3CCC(C4CCCC5CCCC54)CC3CC2)CC1
C(CCCC1CCCC2C(C3CCCCC3)CCC12)CCC1CCCCC1
C1CCC(CC(CC2CCCCC2)C2CCCCC2)CC1
C1CCC2CC(C3CCCC4CCCC43)CCC2C1
C1CCC(C2CCC3CC4C(CCC5C6CCCC(CCCC7CCC8CCCCC8C7)C6CCC45)CC32)CC1
C1CCC(CCCCC2CC3CCCCC3C2)CC1
C1CCC2CC3CCC4CCCC4C3CCC2C1
C1CCC(C2CCC3CC4C(CCCC45CCCC5)CC32)CC1
C1CCC(CCCCCC2CC3CCCCC3C2)CC1
C1CCC2CCC(C3CCCC4CCCC43)CC2CC1
C1CCC2CC(CCCC3CCCC4CCCCC43)CC2C1
C1CCC(CCC2CCC(CC3CCC4C(CCC4C4CCCCC4)C3)CC2)CC1
C1CCC(C2CCC3CC4C(CCC45CCCC5)CC32)CC1
C1CCC2CC(CCCC3CCC4C3CCCC3C5CCCCC5CCC34)CC2C1
C1CCC(CCC2CCC3C(CCC3C3CCCCC3)C2)CC1
C1CCC(CCCCCC2CCCC3C(C4CCCCC4)CCC23)CC1
C1CCC(CCCCC2CC3CCCCC3C2)CC1
C(CCC1CCCCC2CCCCC12)CC1CCC2CCCCC2C1
C1CCC(CCC(CC2CC3CCCCC3C2)C2CCC2)CC1
C1CCC2CCC(C3CCCC4CCCC43)CC2CC1
C1CCC(CCC2CCC3C(CCC3C3CCCCC3)C2)CC1
C1CCC2CC(C3CCCC4CCCC43)CCC2C1
C1CCC(CCCCCC2CCCCC2)CC1
C1CCC(C2CCC3CCC4C(CCC5C6CCC(CCCC7CC8CCCCC8C7)C6CCC45)CC32)CC1
C1CCC2CCC3C4CCCCC4CC(CC4CCCC4)C3C2CC1
C1CCC(C2CCC3CCCCC3C3CCCCC23)CC1
C1CCC(CCC2CCC(C3CCC4C(CCC4C4CCCCC4)C3)CC2)CC1
C1CCC(CCCCCC2CC3CCCCC3C2)CC1
C1CCC(C2CCC3C(CCC4CCCCC43)C2)CC1
C1CCC(CCC2CCC3C(CCCC4C5CCCC5CCC34)C2)CC1
C1CCC2CC(C3CCCC4CCCC43)CCC2C1
C1CCC(CCCC2CCC3C(CCC4C5CCCC5CC(CCC5CCCCC5)C34)C2)CC1
C1CCC2C(C1)CCC1C3CCCC3CCC21
C1CCC(CCCCC2CCC3CCC(C4CCCC5CCCC54)CC3C2)CC1
C1CCC(CCC2CCC3C(CCC3C3CCCCC3)C2)CC1
C1CCC(C2CCC3CC4(CCCCCC4C4CCCCC4)CCC32)CC1
C1CCC2C(C1)CCC1CCCCC12
C1CCC2C(C1)CCCC1C3CCCC3CCC21
C1CCC2CC(CCCC3CCC4C3CCC3C5CCCCC5CCC43)CC2C1
C1CCC(CCCCCC2CCC3CCCCC23)CC1
C1CCC(CCC2CCCCCC23CCC2C(CCC2C2CCCCC2)C3)CC1
C1CCC(C2CCC3CC4C(CCC5C6CCCCC6CCC45)CC32)CC1
C1CCC(CCCC2(CCC3CCCC3)CCCC3C4CCC5CCCCC5C4CCC32)CC1
C1CCC(C2CCC3CC4CCCCC4CCC32)CC1
C1CCC(CCC2CCC3C(CCC3C3CCCCC3)C2)CC1
C1CCC(C2CC3CCCC3C3CCC4CCCCCC4C23)CC1
C1CCC(CCCC2(CCC3CCCC3)CCC3C4CCC5CCCCC5C4CCC32)C1
C1CCC(C2CC3CCCC3C3CCC4CCCCC4C23)CC1
C(CCCC1CCCCC1)CCCC1CCC(C2CCCCC2)C1
C1CCC(C2CC3CCCC3C3CCC4CCCCC4C23)CC1
C1CCC(CCC(CCC2CCCCC2)CCC2CCC3CCCCC3C2)CC1
C1CCC(CCCCCC2CC3CCCCC3C2)CC1
C1CCC(CCCCCC2CCC3CCCC3C2)CC1
C(CCC1CC2CCCCC2C1)CCC1CCCC2CCCC12
C1CCC2C(C1)CCC1C3CCCC3CCC21
C1CCC2C(C1)CCC1C3CCCC3CCCC21
C1CCC(C2CCC3CC4C(CCCC5CC5)CCCCC4CC32)CC1
C(CCC1CCC2CCCCC2C1)CCC1CCCC2CCCCC12
C1CCC(CC2CCC3C(CCC3C3CCCCC3)C2)CC1
C1CCC2CCC3C4CCCC4CC(C4CCC(CCCCC5CCC6C(CCC7C8CCCC8CCC67)C5)CC4)C3C2CC1
C1CCC(C2CCC3CCCC3C3CCC4CCCCC4C23)CC1
C(CCCCC1CCC(C2CCCCC2)C1)CCCC1CCCCC1
C1CCC2C(C1)CCCC1C3CCCC3CCC21
C1CCC(CCCCC2CCC3CCCCC23)CC1
C1CCC2C(C1)CCC1C2CCC2C3CCCC3CCC21
C1CCC2CCC3C4CCCC4CCC3C2CC1
C1CCC(CCCCC2CC3CCCCC3C2)CC1
C1CCC(CCCCCC2CCC3CCCCC3C2)CC1
C1CCC(CCCCCC2CC3CCCCC3C2)CC1
C1CCC2C(C1)CC(C1CCCC3CCCC31)C1CCCCC21
C1CCC(C2CC3CCCCC3C3CCC4CCCCC4C23)CC1
C1CCC(C2CC3CCCC3C3CCCC4CCCCC4C23)CC1
C1CCC(C2CC3CCCC3C3CCC4CCCCC4C23)CC1
C1CCC2CC3CCC4CCCCC4C3CCC2C1
C1CCC2C(C1)CC(C1CCCC1)C1CCCCC21
C(CCC1CC2CCCCC2C1)CCC1CCCC2CCCC12
C1CCC2CC(C3CCCC4CCCC43)CCC2C1
C1CCC(CC2CC3CCCCC3C2CC2CCCCC2)CC1
C1CCC(CCCCC2CC3CCCCC3C2)CC1
C1CCC(C2CC3CCCC3C3CCCC4CCCCC4C23)CC1
C(CCCCC1CCC(C2CCCCC2)C1)CCCC1CCCCC1
C1CCC(CCCCC2CCC3C2CCC2C4CCCCCC4CCC32)CC1
C1CCC2CCC3CCCCC3C2CC1
C1CCC(CCCC2CC3CCCCC3C2CC2CCCCC2)CC1
C1CCC2CCC(C3CCCC3)CC2CC1
C1CCCC(CC2CCCC2CC2CC3CCCCC3C3CCC4CCCCC4C23)CC1
C1CCC2CC(C3CCCC4CCCC43)CCC2C1
C1CCC(C2CC3CCCC3C3CCC4CCCCC4C23)CC1
C1CCC2C(C1)CCC1C3CCCCC3CCC21
C(CCC1CCCC2CCCC12)CC1CC2CCCCC2C1
C1CCC2CC(CCCC3CCC4C3CCC3C5CCCCC5CCCC43)CC2C1
C1CCC2CCC(C3CCCC4CCCC43)CC2CC1
C1CCC(CCCC2CCC(CC3CCC4C(CCC4C4CCCCC4)C3)CC2)CC1
C1CCC(CCCCC2CC3CCCCC3C2)CC1
C1CCC(C2CCC3CC4C(CCC5C6CCCC(CCCC7CC8CCCCC8C7)C6CCC45)CC32)CC1
C1CCC(C2CCC3C(CCC4CCCCC43)C2)CC1
C1CCC2C(C1)CC(C1CCCC3CCCC31)C1CCCCC21
C(CCC1CCCC2CCCCC12)CC1CC2CCCCC2C1
C1CCC(CC2CCC(CC(CC3CCCCC3)C3CCCCC3)CC2)CC1
C(CCC1CCCCC2CCCCC12)CC1CCC2CCCCC2C1
C1CCC(CC2CC3CCCCC3C3CCC4CCCCC4C23)CC1
C1CCC2CC(CCCC3CCC4C3CCC3C5CCCCC5CCCC43)CC2C1
C1CCC(CCC2CCC(C3CCCC4C(C5CCCCC5)CCC34)C2)CC1
C1CCC(CCC2CCC3C(CCC3C3CCCCC3)C2)CC1
C1CCC(CC2CCC3C(CCC4CCCCC43)C2)CC1
C1CCC(C2CC3CCCC3C3CCCC4CCCCC4C23)CC1
C(CCCC1CCCCC1)CCCC1CCC(CC2CCCCC2)C1
C1CCC(CC2CC3CCCCC3C3CCC4CCCCCC4C23)CC1
C1CCC(CCC2CCCCC2)CC1
C1CCC(CCC2CCC(C3CCC4C(CCC4C4CCCCC4)C3)CC2)CC1
C1CCC(CCCCCC2CCC3CCCC3C2)CC1
C1CCC(CCC2CCC3C(CCC4CCCCCC43)C2)CC1
C1CCC2CCC(C3CCCC4CCCC43)CC2CC1
C1CCC(CCC2CC3CCCC3C3CCCC4CCCCC4C23)CC1
C1CCC(CCC(CCC2CCC3CCCC3C2)CC2CCCCC2)CC1
C1CCC(C2CC3CCCC3C3CCC4CCCCC4C23)CC1
C1CCC(CCC2CCCC3CCC4C(CCC4C4CCCCC4)CC23)CC1
C1CCC2CC(CCCC3CCC4C3CCC3C5CCCCC5CCC43)CCC2C1
C1CCC2C(C1)CCC1C3CCCCC3CCC21
C1CCC(CC2CCC3CC4(CCCCC4C4CCCCC4)CCC23)CC1
C(CCCC1CCCCC1)CCCC1CCC(C2CCCCC2)C1
C(CCCC1CCCC2C(C3CCCCC3)CCC12)CCC1CCCCC1
C1CCC2C(C1)CCCC1C2CCC2C3CCCC3CC21
C1CCC(CCCCCC2CC3CCCCC3C2)CC1
C1CCC2C(C1)CCCC1CCCCC12
C1CCC(C2CCC3CCC4C(CCC45CCCC5)CC32)CC1
C(CCC1CCCC2CCCC12)CC1CC2CCCCC2C1
C1CCC(C2CCC3CC4C(CCC5C6CCC(CCCC7CC8CCCCC8C7)C6CCCC45)CC32)CC1
C1CCC(C2CCC3CC4C(CCCC45CCCC5)CC32)CC1
C1CCC2CC3CCC4CCCC4C3CCC2C1
C1CCC(CCCCCC2CCCC3C(C4CCCCC4)CCC23)CC1
C1CCC(CCCCC2CC3CCCCC3C2)CC1
C1CCC(C2CCC3C(CCC4CCCCC43)C2)CC1
C1CCC2CC(CCCC3CCC4C3CCCC3C5CCCCC5CCC34)CC2C1
C1CCC(CC2CCC(CC(CC3CCCCC3)C3CCCCC3)CC2)CC1
C1CCC2CC(C3CCCC4CCCC43)CCC2C1
C1CCC(CC2CCCC(CCC3CCC(CCC4CCC(C5CC5)CC4)CC3)C2)C1
C1CCC(CCCCCC2CCCC3C(C4CCCCC4)CCC23)CC1
C(CCC1CCC2CCCCC2C1)CCC1CCCCC2CCCCC12
C1CCC(C2CCC3CC4C(CCCC45CCCCC5)CC32)CC1
C1CCC2C(C1)CCC1C3CCCC3CCC21
C1CCC2CCC(C3CCCC4CCCC43)CC2CC1
C1CCC(CCC(CC2CCCCC2)C2CCCCC2)CC1
C1CCC(C2CCCC3(CCC4CC5C(CCC5C5CCCCC5)CC43)C2)CC1
C1CCC(CCCCCC2CCC3CCCCC23)CC1
C1CCC(C2CC3C(CCC34CCCC4)C3CCC4CCCCC4CC23)CC1
C1CCC(CC2CCC3C(CCC3C3CCCCC3)C2)CC1
C1CCC(C2CC3CCCC3C3CCC4CCCCCC4C23)CC1
C1CCC(CCCCC2CC3CCCCC3C2)CC1
C1CCC(CCCCCC2CC3CCCCC3C2)CC1
C1CCC(CC2CCCC(C3CCC4CC(CCC5CCC6CCCCC6C5)CCC43)C2)CC1
C1CCC(C2CC3CCCC3C3CCC4CCCCC4C23)CC1
C1CCC(CCCCCC2CC3CCCCC3C2)CC1
C1CCC(CC2CC3CCCCC3CC3CCC4CCCCC4C32)C1
C1CCC(CCCCCC2CCCC3C(C4CCCCC4)CCC23)CC1
C1CCC(CCCC2CCCC3C2CCC2C4CCCCC4CCC32)C1
C1CCC(C2CC3CCCC3C3CCC4CCCCC4C23)CC1
C1CCC2CCC3C4CCC(CCCC5CC6CCCCC6C5)C4CCC3C2CC1
C(CCCC1CCCC2C(C3CCCCC3)CCC12)CCC1CCCCC1
C1CCC(CCCCCC2CC3CCCCC3C2)CC1
C1CCC(C2CCC3CC4C(CCC5C6CCC(CCCC7CC8CCCCC8C7)C6CCCC45)CC32)CC1
C(CCC1CCCC2CCCC12)CC1CC2CCCCC2C1
C(CCCC1CCCCC1)CCC1CCCCC1
C1CCC2C(C1)CC(C1CCCC3CCCCC31)C1CCCC21
C1CCC(CCCCC2CC3CCCCC3C2)CC1
C1CCC(C2CC3CCCC3C3CCC4CCCCC4C23)CC1
C1CCC(CCC(CC2CC3CCCCC3C2)C2CCC2)CC1
C1CCC(CC2CCC3C(CCC3C3CCCCC3)C2)CC1
C1CCC(C2CC3CCCC3C3CCC4CCCCC4CC23)CC1
C(CCCC1CCCC2C(C3CCCCC3)CCC12)CCC1CCCCC1
C1CCC(C2CCC3C(CCCC4CCCCC43)C2)CC1
C1CCC(CC2CC3CCCCC3C3CCC4CCCCC4C3C2)CC1
C1CCC(CCCCC2CC3CCCCC3C2)CC1
C1CCC2CCC(C3CCCC4CCCC43)CC2CC1
C1CCC(CCC2CCC3C(CCC3C3CCCCC3)C2)CC1
C1CCC(CCC2CCC3C(CCC3C3CCCCC3)C2)CC1
C1CCC(C2CCC3CC4C(CCC45CCCC5)CC32)CC1
C(CCCCC1CCC(C2CCCCC2)C1)CCCC1CCCCC1
C1CCC(CC2CC3CCCCC3C3CCC4CCCCCC4C23)CC1
C1CCC(CC2CC3CCCCC3C3CCC4CCCCC4C23)CC1
C1CCC2CCC(C3CCCC4CCCC43)CC2CC1
C1CCC2C(C1)CCC1C3CCCC3CCC21
C1CCC(C2CC3CCCC3C3CCC4CCCCCC4C23)CC1
C(CCC1CCCCC2CCCCC12)CC1CCC2CCCCC2C1
C1CCC2CC(C3CCCC4CCCC43)CCC2C1
C1CCC2C(C1)CCC1CCCCC12
C1CCC(C2CC3CCCCC3C3CCCCC23)CC1
C1CCC(CCCCC2CCC3CCCCC23)CC1
C1CCC(C2CCC3C(CCC4CCCCC43)C2)CC1
C1CCC(CCCC2CCC3C2CCC2C4CC5CCC(C6CCCCCC6)C5CC4CCC32)CC1
C1CCC(CCCCCC2CC3CCCCC3C2)CC1
C1CCC(CCCCC2CCC3CCCCC3C2)C2CCCCC2CC1
C1CCC2CC3CCC(C4CCCCC4)C3CC2CC1
C1CCC(CCC2CCC3C(CCC4C5CCCCC5CC(CCC5CCCCC5)C34)C2)CC1
C1CCC(CCC2CCC3C(CCC3C3CCCC(CC4CCCC4)C3)C2)CC1
C1CCC2CCC3C4CCCC4CCC3C2CC1
C1CCC2CCC(C3CCCC4CCCC43)CC2CC1
C1CCC(CCC2CCCC3CC4C(CCC4C4CCCCC4)CC23)CC1
C(CCC1CCCC2CCCCC12)CC1CCCC2CCCCC12
C1CCC(CCCC2CCC3C(CCC3C3CCCCC3)C2)CC1
C1CCC2CC(C3CCCC4CCCC43)CCC2C1
C1CCC(CCC2CC3CCCCC3C3CCC4CCCCC4C23)C1
C1CCC(C2CCC3CC4C(CCCCC45CCCC5)CC32)CC1
C(CCCC1(C2CCCCC2)CCC1)CCC1CCC(C2CCCCC2)C1
C1CCC(CC2CC3CCCCC3CC3CCC4CCCCC4C32)C1
C(CCC1CCCC2CCCCC12)CC1CCC2CCCCC2C1
C(CC1CC2CCCCC2C1)CC1CCC2C(CCC3C4CCCCC4CCC23)C1
C1CCC(CCCCCC2CC3CCCCC3C2)CC1
C1CCC(C2CC3CCCC3C3CCC4CCCCC4C23)CC1
C1CCC2C(C1)CCC1C3CCCC3CCCC21
C(CCCC1CCCCC1)CCCC1CCC(C2CCCCC2)C1
C1CCC2CCC(C3CCCC4CCCC43)CC2CC1
C1CCC(CCC(CC2CC3CCCCC3C2)C2CC2)CC1
C1CCC(C2CCC3CC4C(CCC32)CCC2C3CCC(CCCC5CCC6CCCCC6C5)C3CCC42)CC1
C1CCC(CCCCC2CC3CCCCC3C2)CC1
C(CCC1CCCC2CCCCC12)CCC1CCCC2CCCCC12
C(CCC1CCCC2CCCCC12)CC1CC2CCCCC2C1
C1CCC2C(C1)CC(C1CCCC3CCCC31)C1CCCC21
C1CCC(CCCCCC2CC3CCCCC3C2)CC1
C1CCC(CCC2CCC3C(CCC3C3CCCCC3)C2)CC1
C1CCC2C(C1)CCC1C3CCCC3CCC21
C1CCC(C2CC3CCCC3C3CCC4CCCCC4C23)CC1
C(CCC1CCCC2CCCC12)CC1CC2CCCCC2C1
C(CCC1CCCC2CCCCC12)CC1CCCC2CCCCC12
C1CCC(CCC(CCC2CCC3CCCC3C2)CC2CCCCC2)CC1
C1CCC(CCCCC2CCC3CCCCC23)CC1
C1CCC(C2CC3CCCC3C3CCC4CCCCC4C23)CC1
C1CCC(CCC(CC2CCC3C(CCC3C3CCCCC3)C2)C2CCCCC2)CC1
C1CCC(CCCCC2CCC3CCCCC23)CC1
C1CCC2CC(C3CCCC4CCCC43)CCC2C1
C1CCC2C(C1)CCC1C3CCCC3CCC21
C(CCC1CCC2CCCCC2C1)CCC1CCCC2CCCCC12
C(CCC1CCCC2CCCCC12)CC1CCCC2CCCCC2C1
C1CCC2CC(C3CCCC4CCCC43)CCC2C1
C1CCC(C2CCC3C(CCCCCC4CCC(C5CCCC5)C4)CCCC23)CC1
C1CCC(CCCCC2CC3CCCCC3C2)CC1
C1CCC2CCC(C3CCCC4CCCC43)CC2CC1
C1CCC(CC2CCC3CC4C(CCCC45CCCC5)CC23)CC1
C1CCC2C(C1)CCC1C2CCC2C3CCCC3CC21
C1CCC(CCCCC2CC3CCCCC3C2)CC1
C1CCC2CC(C3CCCC4CCCC43)CCC2C1
C(CCCC1CCC2CCCC2C1)CCC1CCCCC1
C1CCC(CCC2CCC3C(CCC3C3CCCCC3)C2)CC1
C1CCC(CCC2CCC3C(CCC4C5CCCC5CC(CCC5CCCCC5)C34)C2)CC1
C1CCC2CCC3C4CCCCC4CCC3C2CC1
C1CCC(CCCC2(CCC3CCCC3)CCCC3C4CCC5CCCCC5C4CCC32)C1
C1CCC(CCCCC2CC3CCCCC3C2)CC1
C1CCC(C2CC3CCCCC3C3CCCCC3C2)CC1
C1CCC(CCCCCC2CC3CCCCC3C2)CC1
C1CCC(C2CCC3CC4C(CCCC45CCCCC5)CC32)CC1
C1CCC(CCCCC2CC3CCCCC3C2)CC1
C(CCCC1CCCC2C(C3CCCCC3)CCC12)CCC1CCC(C2CCCC2)C1
C1CCC2C(C1)CCC1C3CCCCC3CCC21
C1CC2CCC3C(CCC4CCCCC43)CC2C1
C1CCC(CCC2CCC3C(CCC3C3CCCC3)C2)CC1
C1CCC(CCC(CCC2CCC3CCCCC3C2)CC2CCCCC2)CC1
C1CCC(C2CCC3CC4C(CCCC5C6CCC(CCCC7CC8CCCCC8C7)C6CCC45)CC32)CC1
C1CCC2CC(C3CCCC3)CCC2C1
C1CCC(C2CC3CCCC3C3CCC4CCCCC4CC23)CC1
C1CCC(CCCCCC2CCCC3C(C4CCCCC4)CCC23)CC1
C1CCC(CCC(CC2CC3CCCCC3C2)C2CCCCC2)CC1
C1CCC(C2CCC3CC4C(CCCC45CCCC5)CC32)CC1
C(CCC1CCC2C1CCC1C3CCCCC3CCC21)CC1CC2CCCCC2C1
C1CCC(CCC(CCC2CC3CCCCC3C2)C2CC2)CC1
C1CCC(CCC2CCC3C(CCC4C5CCCC5CC(CCC5CCCCC5)C34)C2)CC1
C1CCC(CCC2CCCCC3CC4C(CCC4C4CCCCC4)CC23)CC1
C1CCC(CCC2CCC3C(CCC3C3CCCCC3)C2)CC1
C(CCC1CCCC2CCCC12)CC1CC2CCCCC2C1
C1CCC2C(C1)CCCC1C3CCCC3CCC21
C1CCC2CC(C3CCC4CCCCC43)CCC2C1
C1CCC2C(C1)CCCC1CCCCC12
C1CCC(C2CC3CCCC3C3CCC4CCCCC4C23)CC1
C1CCC(CCC2CCC3C(CCC4C5CCCC5CC(CCC5CCCCC5)C34)C2)CC1
C1CCC(CC2CC3CCCCC3C3CCC4CCCCC4C23)C1
C1CCC(CCCC2CCC3C(CCC3C3CCCCC3)C2)CC1
C1CCC(C2CC3CCCC3C3CCC4CCCCC4C23)CC1
C1CCC2CCC(C3CCCC4CCCC43)CC2CC1
C1CCC2C(C1)CCCC2CC1CC2CCCCC2C2CCC3CCCCC3C12
C1CCC(CC2CC3CCCCC3C3CCC4CCCCC4C23)C1
C1CCC(CCCCCC2CCCC3C(C4CCCCC4)CCC23)CC1
C1CCC(CC2CCC3C(CCC3C3CCCCC3)C2)CC1
C1CCC(C2C3CCCC3CC3CC4CCCC4CC32)CC1
C1CCC(CCCC2CCCC3CCC(C4CCCC5CCCC54)CC3C2)CC1
C(CCC1CCCC2CCCC12)CC1CC2CCCCC2C1
C1CCC(C2CCC3C(CCC4CCCCC43)C2)C1
C1CCC(CC23CCCCC2CCC2C4CCCC4CCC23)CC1
C1CCC2CC(C3CCCC4CCCC43)CCC2C1
C1CCC2C(C1)CCC1C3CCCC3CCC21
C1CCC2CC(CC3CCCC4CCCC43)CCC2C1
C1CCC2CCC3C4CCCC4CC(C4CCC(C5CCC(CCCCC6CCC7C(CCC8C9CCCC9CCC78)C6)CC5)CC4)C3C2CC1
C1CCC(CCC2CCC3C(CCC3C3CCCCC3)C2)CC1
C1CCC(CCCCC2CC3CCCCC3C2)CC1
C1CCC(CC2CCCCC2CC2CC3CCCCC3C3CCC4CCCCCC4C23)CC1
C(CCC1CCCC2CCCCC12)CC1CC2CCCCC2C1
C(CCCC1CCCCC1)CCCC1CCC(C2CCCCC2)C1
C1CCC2CCC3C4CCCC4CCC3C2CC1
C(CCCC1CCCC2C(C3CCCCC3)CCC12)CCC1CCC(C2CCCC2)C1
C1CCC(C2CC3CCCC3C3CCC4CCCCCC4C23)CC1
C1CCC(CCCC2CCC3C2CCC2C4CC5CCC(C6CCCCC6)C5CC4CCC32)CC1
C1CCC(CCCCCC2CCCC3C(CC4CCCCC4)CCC23)CC1
C1CCC2CC(CCCC3CCCC4C3CCC3C5CCCCC5CCC43)CC2C1
C1CCC(C2CCC3C(CCCCCC4CC4)CCCC23)CC1
C1CCC(CCCC2(CCC3CCCC3)CCC3C4CCCC5CCCCC5C4CCC32)CC1
C1CCC(CCC2CCC(C3CCC4C(CCC4C4CCCCC4)C3)CC2)CC1
C1CCCC(C2CC3CCCC3C3CCC4CCCCC4C23)CC1
C(CCC1CCCC2CCCCC12)CC1CCC2CCCCC2C1
C1CCC(CCC2CCC(CCC3CCCC(CC4CCCC4)C3)CC2)CC1
C1CCC(CCCCCC2CC3CCCCC3C2)CC1
C(CCC1CCCC2CCCCC12)CC1CCC2CCCCC2C1
C1CCC(CCC2CCC(CCC3CCCC(CC4CCCC4)C3)CC2)CC1
C1CCC(CCCCC2CC3CCCCC3C2)CC1
C1CCC(CC2CC3CCCCC3C3CCC4CCCCC4C23)C1
C1CCC(C2CC3CCCC3C3CCC4CCCCC4C3C2)CC1
C1CCC2C(C1)CCC1C3CCCC3CCCC21
C1CCC(C2CC3C(CCC34CCCCC4)C3CCC4CCCCC4C23)CC1
C1CCC(C2CCC3CCC(C4CCCC4)C3C2)C1
C1CCC2CCC3C4CCCC4CCC3C2CC1
C1CCC(CCCCC2CC3CCCCC3C2)CC1
C1CCC(CC2CC3CCCCC3C3CCC4CCCCCC4C23)CC1
C1CCC(C2CCC3CCCC3C3CCC4CCCCC4C23)CC1
C1CCC2C(C1)CCC1C3CCCC3CCC21
C1CCC(C2CCCC3C(CCC4CCCCC43)C2)CC1
C1CCC(CCC2CCC3C(CCCC4C5CCCC5CCC34)C2)CC1
C1CCC(C2CCCC(CC3CCC4CCCCC4C4CCC5CCCCC5C34)C2)C1
C1CCC2CCC3C4CCC(CCCC5CC6CCCCC6C5)C4CCC3C2CC1
C1CCC(CCC(CCC2CCC3CCCC3C2)CC2CCCCC2)CC1
C1CCC(CCC2CCC3C(CCC3C3CCCCC3)C2)CC1
C1CCC(CCCCC2CC3CCCCC3C2)CC1
C(CCC1CCCC2CCCC12)CC1CC2CCCCC2C1
C(CCC1CCCC2CCCCC12)CC1CCC2CCCCC2C1
C1CCC(CCCCC2CCC3CCCCC23)CC1
C1CCC(C2CCC(C3CC4CCCC4C4CCCC5CCCCC5C34)CC2)C1
C1CCC2CC(CCCC3CCCC4C3CCC3C5CCCCC5CCC43)CC2C1
C1CCC(CCC2CCC3C(CCC3C3CCCCC3)C2)CC1
C1CCC(C2CCCC(CC3CCC4CCCCC4C4CCC5CCCCC5C34)C2)C1
C1CCC2CCC3C4CCCCC4CC(CC4CCCC4)C3C2CC1
C1CCC(CCC2CCC3C(CCC3C3CCCCC3)C2)CC1
C1CCC(CC2CC3CCCCC3C3CCCCC23)CC1
C1CCC2CC(CC3CCCC4CCCC43)CCC2C1
C1CCC(CCCCC2CC3CCCCC3C2)CC1
C1CCC(CCCCCC2CC3CCCCC3C2)CC1
C1CCC(C2CCC3CCC4(CCCCCC4)C3C2)CC1
C1CCC(C2(CCCCC3CCC4CCCCC4C3)CCCC3CCCCC32)CC1
C(CCCC1CCCC2C(C3CCCCC3)CCC12)CCC1CCCCC1
C1CCC(CCCCC2CC3CCCCC3C2)CC1
C(CCC1CCCC1)CCC1CCCC2CCCCC12
C(CCC1CCCC2CCCCC12)CC1CC2CCCCC2C1
C1CCC(CCCCCC2CCC3CCCCC23)CC1
C1CCC(C2CCC3CC4C(CCC45CCCCC5)CC32)CC1
C(CCC1CCCC2CCCCC12)CC1CCCC2CCCCC12
C1CCC(C2CCC3CC4C5CCC6C(CCCC7CC8CCCCC8C7)CCC6C(CCC4CC32)C5)CC1
C1CCC(C2CC3CCCC3C3CCC4CCCCC4C23)CC1
C(CCC1CCCCC2CCCCC12)CC1CCC2CCCCC2C1
C1CCC2C(C1)CCC1C3CCCC3CCC21
C1CCC(CCCCCC2CC3CCCCC3C2)CC1
C1CCC(CCCC2CCC3CCCC3C2)CC1
C1CCC(CCC2CCCCC3CC4C(CCC4C4CCCCC4)CC23)CC1
C1CCC(CCCCCC2CCCC3C(CC4CCCCC4)CCC23)CC1
C1CCC2CC(C3CCCC4CCCC43)CCC2C1
C1CCC(CCCC2CCC3CCC(CC4CCCC5CCCC54)CC3C2)CC1
C1CCC2CC(C3CCCC4CCCCC43)C3CCCC3C2CC1
C1CCC(CCCCC2CC3CCCCC3C2)CC1
C1CCC2C(C1)CCC1C3CCCC3CCC21
C1CCC(C2CC3CCCCC3CC3CCCCC32)CC1
C1CCC(CC2CCC(CCCCCC3CCCC4CCCCC34)C2)CC1
C1CCC(CCCC23CCCC2CC2C4CCC5CCCCC5C4CCC23)CC1
C(CCC1CCCC2CCCCC12)CCC1CCCC2CCCCC12
C1CCC(CCCC2(CCC3CCCC3)CCC3C4CCCC5CCCCC5C4CCC32)C1
C1CCC(C2CC3CCCC3C3CCC4CCCCC4C23)CC1
C1CCC(CCC2CCC(CCCC3CCCC(CC4CCCC4)C3)CC2)CC1
C(CCC1CCCC2CCCCC12)CC1CC2CCCCC2C1
C1CCC2CCC3C4CCCCC4CC(CC4CCCC4)C3C2CC1
C1CCC2CC(C3CCCC4CCCC43)CCC2C1
C1CCC(C2CC3CCCC3C3CCC4CCCCCC4C23)CC1
C1CCC(C2CCC3C(CCCC34CCCC4)C3CCC4CCCCC4C23)CC1
C1CCC(CCC(CC2CCC(CC3CCCCC3)CC2)C2CCCCC2)CC1
C1CCC(CCC2CCC(CCC3CCCC(CCC4CCCC4)C3)CC2)CC1
C1CCC(CCCCCC2CCC3CCCC3C2)CC1
C1CCC(CCCCC2CC3CCCCC3C2)CC1
C(CCC1CCCC2CCCCC12)CC1CC2CCCCC2C1
C1CCC2CC(C3CCCC4CCCC43)CCC2C1
C1CCC(CCC2CCC(C3CCC4C(CCC4C4CCCCC4)C3)CC2)CC1
C1CCC(C2CC3CCCC3C3CCC4CCCCC4C23)CC1
C1CCC(C2CCC3CC4C(CCCC45CCCCC5)CC32)CC1
C1CCC2C(C1)CCCC1CCCCC12
C1CCC(CCCC2CCC3CCC(C4CCCC5CCCC54)CC3C2)CC1
C1CCC(CCCCC2CC3CCCCC3C2)CC1
C1CCC(C2CC3CCCCC3C3CCCCC23)CC1
C1CCC(CCCCC2CC3CCCCC3C2)CC1
C1CCC2CCC(C3CCCC4CCCC43)CC2CC1
C1CCC(C2CCCC3C(CCC4CCCCC43)C2)CC1
C1CCC(CCC2CCC3C(CCC4C5CCCC5CCC34)C2)CC1
C1CCC(CCCCC2CC3CCCCC3C2C2CCCCC2)CC1
C1CCC2CCC3C4CCC(CCCC5CC6CCCCC6C5)C4CCC3C2CC1
C1CCC(CCCC2CCC3C(CCC4C5CCCC5CCC34)C2)CC1
C1CCC(CCC2CCC3C(CCC3C3CCCCC3)C2)CC1
C1CCC(CCC2CCCC3CCC4C(CCC4C4CCCCC4)CC23)CC1
C1CCC(CCCCC2CC3CCCCC3C2)CC1
C1CCC(CCCCCC2CC3CCCCC3C2)CC1
C1CCC(C2CC3CCCC3C3CCC4CCCCC4C23)CC1
C1CCC(C2CCC3C(CCCC4CCCCC43)C2)C1
C1CCC(CCC2CCC3C(CCC4C5CCCCC5CCC34)C2)CC1
C(CCCC1CCCCC1)CCCC1CCC(C2CCCCC2)C1
C1CCC(CC2CC3CCCCC3CC3CCC4CCCCC4C32)CC1
C1CCC(CCCCCC2CCC3CCCCC23)CC1
C1CCC(CCCCCC2CCC3CCCCC23)CC1
C1CCC(C2CCCC3CCCC3C3CCC4CCCCC4C23)CC1
C1CCC(CCCCC2CC3CCCCC3C2)CC1
C1CCC2CCC(C3CCCC4CCCC43)CC2CC1
C1CCC(CCCCCC2CC3CCCCC3C2)CC1
C1CCC(C2CCC3CCC4(CCCCC4C4CCCCC4)CCC32)CC1
C1CCC(CCCCC2CC3CCCCC3C2)CC1
C1CCC(CCC2CCC3C(CCC4CCCCC43)C2)CC1
C1CCC2CC(C3CCCC3)C3CCCC3C2CC1
C1CCC(C2CCC3CC4C(CCCC45CCCC5)CCC32)CC1
C1CCC2CCC(C3CCCC4CCCC43)CC2CC1
C1CCC2CC(CCCC3CCC4C3CCC3C5CCCCC5CCC43)CC2C1
C1CCC(CC2CCC3C(CCC3C3CCCCC3)C2)CC1
C1CCC(CCCCCC2CCCC3C2CCC3C2CCCC(CC3CCCC3)C2)CC1
C1CCC(CCCC2CCC3CCCC3C2)CC1
C1CCC(CC2CC3CCCCC3C3CCC4CCCCC4C23)CC1
C1CCC(CC2CCCCCC23CCC2CCC(C4CCCCC4)C2CC3)CC1
C1CCC(C2CC3CCCC3C3CCC4CCCCC4C23)CC1
C1CCC(CCCCC2CCC3CCCCC23)CC1
C1CCC(CCCCC2CCCC3CCC(C4CCCC5CCCC54)CC23)CC1
C1CCC(C2CCC3CC4(CCCCC4C4CCCCC4)CCCC32)CC1
C1CCC(CCCCCC2CCC3CCCCC23)CC1
C1CCC(CCCCC2CC3CCCCC3C2)CC1
C1CCC(CC2CCC3C(CCC3C3CCCCC3)C2)CC1
C1CCC(C2CCC3CC4C(CCC5C6CCC(CCCCC7CCC8CCCCC8C7)C6CCC45)CC32)CC1
C1CCC2CC(C3CCCC4CCCC43)CCC2C1
C1CCC2CCC(C3CCCC4CCCC43)CC2CC1
C1CCC(CCCCCC2CCCC3C2CCC3C2CCCC(CC3CCCCC3)C2)CC1
C1CCC2C(C1)CCC1C3CCCC3CCCC21
C1CCC(C2CC3CCCC3C3CCC4CCCCC4C23)CC1
C1CCC2CC(CC3CCCC4CCCC43)CCC2C1
C1CCC2CC(C3CCCC4CCCC43)CCC2C1
C1CCC(C2CCC3CC4C(CCCC45CCCC5)CC32)CC1
C1CCC(CCC(CCC2CCC3CCCC3C2)CC2CCCCC2)CC1
C1CCC(C2CC3CCCC3C3CCC4CCCCC4C23)CC1
C1CCC(CCC2CCC(CCC3CCCC(CC4CCCC4)C3)CC2)CC1
C1CCC(CCCCCC2CCCCC2)CC1
C1CCC(CCC2CCC3C(CCC3C3CCCCC3)C2)CC1
C1CCC(C2CCC(CCCCCC3(C4CCCC4)CCCC4CCCCC43)C2)CC1
C1CCC(CC2CC3CCCCC3C3CCC4CCCCC4C23)C1
C1CCC(CC2CCC3CCC(C4CCCC4)CC32)C1
C1CCC2CCC3CCCCC3C2CC1
C1CCC(CCCC2CCC(C3CCC4C(CC5CCCCC5)CCC4C3)CC2)CC1
C1CCC(C2CC3CCCC3C3CCCC4CCCCC4C23)CC1
C1CCC2CCC3C4CCC(CCCC5CC6CCCCC6C5)C4CCC3C2CC1
C1CCC(C2CC3CCCCC3C3CCC4CCCCC4C23)CC1
C1CCC2CCC(C3CCCC4CCCC43)CC2CC1
C1CCC(CCCC2CCC(C3CCC4C(CCC4C4CCCCC4)C3)CC2)CC1
C1CCC(CCC2CCCC(C3CCC4CC(CCC5CCC6CCCCC6C5)CCC43)C2)C1
C1CCC2CCC3C4CCCCC4CC(CC4CCCC4)C3C2CC1
C1CCC2C(C1)CCC1CCCCC12
C1CCC(C2CCC3CCC4CCCCC4CC32)CC1
C1CCC(CCCCCC2CCCC3CCCC23)CC1
C1CCC(CCC2CCC3C(CCC3C3CCCCC3)C2)CC1
C1CCC2C(C1)CCC1C3CCCC3CCC21
C1CCC(CC2CCC3C(CCC3C3CCCCC3)C2)CC1
C1CCC(CCC2CCC3C(CCC3C3CCCCC3)C2)CC1
C1CCC2CCC(C3CCCC4CCCC43)CC2CC1
C1CCC(CCCCCC2CCCC3C(CC4CCCCC4)CCC23)CC1
C1CCC(CCCCC2CC3CCCCC3C2)CC1
C1CCC(C2CC3CCCC3C3CCCC4CCCCC4C23)CC1
C1CCC2CC3CCC4C(CCCC5CC6CCCCC6C5)CCC4C3CCC2C1
C(CCC1CC2CCCCC2C1)CCC1CCCC2CCCC12
C1CCC(CC2CC3CCCCC3C3CCC4CCCCC4C23)C1
C(CCC1CCC2C(CCC3C4CCCC4CCC23)C1)CC1CCC(C2CCC(C3CC4CCCC4C4CCC5CCCCC5C34)CC2)CC1
C1CCC(CCCCC2C(CC3CCCC4CCCC43)CCC3CCCCC32)CC1
C(CC1CCC2CCCC2C1)CC1CCC2CCC(C3CCCC4CCCC43)CC2C1
C1CCC(CCC(CCCC2CCC3CCCC3C2)CCC2CCCCC2)CC1
C1CCC(CCCCC2CC3CCCCC3C2)CC1
C1CCC2CCC3C4CCCC4CCC3C2CC1
C1CCC(CCC2CCC(CCC3CCCCC3)CC2)CC1
C1CCC(CCCCCC2CCC3CCCCC23)CC1
C(CCCC1CCC2C(CCC2C2CCCCC2)C1)CCC1CCCCC1
C1CCC(CCCCCC2CCC3C(CCC3C3CCCCC3)C2)CC1
C1CCC2CCC3C4CCC(CCCC5CCC6CCCCC6C5)C4CCC3C2CC1
C1CCC(CCCCCC2CC3CCCCC3C2)CC1
C(CCC1CC2CCCCC2C1)CCC1CCCC2CCCC12
C1CCC(CC2CC3CCCCC3C3CCC4CCCCC4C23)CC1
C(CCC1CCC2CCCCC2C1)CCC1CCCC2CCCCC12
C1CCC(CCC2CCC(C3CC3)CC2)CC1
C1CCC(CCCCC2CCC3CCCCC23)CC1
C(CCC1CCC2C1CCC1C3CCCCC3CCC21)CC1CC2CCCCC2C1
C1CCC2C(C1)CCC1C3CCCC3CCC21
C1CCC(C2CC3CCCC3C3CCC4CCCCCC4C23)CC1
C1CCC(C2CCC3CCCCC3C3CCCCC23)CC1
C1CCC(CCCCC2CCC3CCCCC23)CC1
C1CCC(CCC2CCC3C(CCC3C3CCCCC3)C2)CC1
C1CCC(CCC2CCC3C(CCC4CC(C5CCCCC5)CCC43)C2)CC1
C1CCC2C(C1)CCC1CCCCC12
C1CCC(C2CCC3C(CCCCCC4CCC4)CCCC23)CC1
C1CCC2C(C1)CCC1C3CCCC3CCC21
C1CCC2CC(C3CCCC4CCCC43)CCC2C1
C1CCC(C2CC3CCCCC3C3CCCCC23)CC1
C1CCC(CCCCCC2CCCC3C(C4CCCCC4)CCC23)CC1
C1CC2CCC3C(CCC4CCCCC43)CC2C1
C1CCC(CC2CC3CCCCC3C3CCC4CCCCCC4C23)CC1
C(CCCC1CCCCC1)CCCC1CCC(C2CCCCC2)C1
C1CCC(C2CC3C(CCC34CCCCC4)C3CCC4CCCCC4C23)CC1
C1CCC(CCCCCC2CCC3C2CCC2C4CCCCC4CCC32)CC1
C1CCC(CC23CCCCCC2CCC2C4CCCC4CCC23)CC1
C(CCCC1CCCC2C(C3CCCCC3)CCC12)CCC1CCCCC1
C1CCC2C(C1)CCC1C3CCCC3CCC21
C1CCC(CCCC2CCC3C(CCC3C3CCCCC3)C2)CC1
C1CCC2C(C1)CCC1C3CCCCC3CCCC21
C(CCC1CCCC2CCCCC12)CC1CC2CCCCC2C1
C1CCC(CCCCC2CCC3CCCCC23)CC1
C1CCC(CCC2(CCCC3CC4CCCCC4C3)CCC3C4CCC5CCCCC5C4CCC32)C1
C1CCC(CCCCCC2CCC3CCCC3C2)CC1
C1CCC(C2CC3CCCC3C3CCC4CCCCCC4C23)CC1
C1CCC2CCC3C4CCCCC4CC(CC4CCCC4)C3C2CC1
C1CCC(CCCC2CCC3C(CCC3C3CCCCC3)C2)CC1
C1CCC2CC(C3CCCC3)C3CCCC3C2CC1
C1CCC(CCCCC2CC3CCCCC3C2)CC1
C(CCCC1CCCCC1)CCCC1CCC(C2CCCCC2)C1
C1CCC(CCCCCC2CCC3CCCCC23)CC1
C1CCC(C2CC3CCCC3C3CCC4CCCCCC4C23)CC1
C1CCC2CCC3C4CCCC4CC(C4CCC(C5CCC5)CC4)C3C2CC1
C1CCC(CC2CCC3CC4C(CCCC5CC5)CCCC4CC23)CC1
C1CCC(C2CCC3CC4C(CCC5C6CCC(CCCC7CC8CCCCC8C7)C6CCC45)CC32)CC1
C1CCC(CCC2(CCCCC3CCC4CCCCC4C3)CCC3C4CCC5CCCCC5C4CCC32)C1
C1CCC2C(C1)CCC1C3CCCCC3CCC21
C1CCC(C2CC3CCCC3C3CCC4CCCCC4C23)CC1
C1CCC(CCCCCC2CCC3CCCCC3C2)CC1
C1CCC(CCCC2CCC3C2CCC2C4CCCCC4CCC32)C1
C1CCC(C2CCC3CCC4C(CCC45CCCC5)CC32)CC1
C(CCC1CCCC1)CCC1CCCC2CCCCC12
C1CCC(CCC2CCC3C(CCC3C3CCCCC3)C2)CC1
C1CCC(CCCC2CCC3CCC(C4CCCC5CCCC54)CC3C2)CC1
C1CCC(CCC2CCC(C3CC3)CC2)CC1
C1CCC(CCCCC2CCC3CCC(C4CCCC5CCCC54)CC3C2)CC1
C1CCCC(C2CCC3CC4C(CCC5C6CCC(CCCC7CC8CCCCC8C7)C6CCC45)CC32)CC1
C1CCC(CCC2CCC3C(CC4CCCCC4)CCC3C2)CC1
C1CCC(CCC2CCC(CCC3CCCCC3)CC2)CC1
C1CCC(C2CCCC3C(CCC4CCCCC43)C2)CC1
C1CCC(CCCC2CCC3C2CCC(C2CCCCC2)C2C4CCCCC4CCC32)CC1
C1CCC2C(C1)CCC1C2CCC2C3CCCC3CC21
C1CCC(CCC2CCC(C3CCC4C(CCC4C4CCCCC4)C3)CC2)CC1
C1CCC2C(C1)CCC1C3CCCC3CCC21
C1CCC2CCC(C3CCCC4CCCC43)CC2CC1
C1CCC(CCC2CCC(C3CCC4C(CC5CCCCC5)CCC4C3)CC2)CC1
C1CCC(C2CCC(CCCCCC3CCCCC4CCCCC34)C2)CC1
C1CCC(CC2CCC3CC4C(CCC45CCCCC5)CC23)CC1
C1CCC(CC2CC3CCCCC3C3CCC4CCCCC4C23)C1
C1CCC2CCC(C3CCCC4CCCC43)CC2CC1
C1CCC2C(C1)CCC1C3CCCC3CCC21
C1CCC2CCC(C3CCCC4CCCC43)CC2CC1
C1CCC(C2CC3CCCC3C3CCC4CCCCC4C23)CC1
C1CCC(CCCCCC2CCCC3C(C4CCCCC4)CCC23)CC1
C1CCC2C(C1)CCC1C3CCCC3CCC21
C1CCC(C2CCC3CCCC3C3CCC4CCCCC4C23)CC1
C1CCC(CCCC2CCC3C4CCC5CC6C(CCC6C6CCCCC6)CC5C(CCC23)C4)CC1
C1CCC2CC(C3CCCC4CCCC43)CCC2C1
C1CCC2C(C1)CCCC1CCCCC12
C1CCC(CC2CCC(CC(CC3CCCCC3)C3CCCCC3)CC2)CC1
C1CCC2CCC3C4CCCC4CCC3C2CC1
C(CCCC1CCCC2C(C3CCCCC3)CCC12)CCC1CCCCC1
C1CCC(CCC2CCC3C(CCC4C5CCCC5CCC(CCC5CCCCC5)C34)C2)CC1
C(CCCC1CCCCC1)CCC1CCCCC1
C1CCC(CCCCCC2CCC3CCCCC23)CC1
C1CCC(CCCCC2CCC3CCCCC23)CC1
C1CCC(C2CC3C(CCC4CC4)CCC3C3CCC4CCCCC4C23)CC1
C1CCC(C2CC3CCCC3C3CCC4CCCCC4C23)CC1
C(CCC1(C2CCCC2)CCCCC2CCCCC21)CC1CCC2CCCCC2C1
C1CCC2CC(C3CCCC4CCCC43)CCC2C1
C1CCC(CC2CCC3CCCCC3C3CCC4CCCCC4C23)CC1
C1CCC2CCC(C3CCCC4CCCC43)CC2CC1
C1CCC2C(C1)CCCC2CCCC1CCCC2CCCCC21
C(CCCC1CCC2C(CCC2C2CCCCC2)C1)CCC1CCCCC1
C(CCC1CCCC2CCCCC12)CC1CC2CCCCC2C1
C1CCC(C2CC3CCCCC3CC3CCCCC32)CC1
C1CCC(CC2CC3CCCCC3C3CCC4CCCCCC4C23)CC1
C(CCCC1CCCC2C(C3CCCCC3)CCC12)CCC1CCCCC1
C(CCCC1CCCC2C(C3CCCCC3)CCC12)CCC1CC1
C1CCC(CC2CCCCC2CC2CC3CCCCC3C3CCC4CCCCC4C23)CC1
C1CCC2CCC3C4CCCCC4CC(CC4CCCC4)C3C2CC1
C1CCC(CCCC2CCC3CCC(C4CCCC5CCCC54)CC3CC2)CC1
C(CCCC1CCCC2C(C3CCCCC3)CCC12)CCC1CCCCC1
C1CCC2C(C1)CCC1C3CCCC3CCC21
C1CCC2CCC3CCCCC3C2CC1
C1CCC(CCC2CCC(C3CC3)CC2)CC1
C1CCC(C2CCC3C(CCC3C3CCCCC3)C2)CC1
C(CCC1CCCC2CCCCC12)CC1CCC2CCCCC2C1
C1CCC(C2CCC3CCCC3C3CCC4CCCCC4C23)CC1
C1CCC(CCC2CCC3C(CCC3C3CCCCC3)C2)CC1
C1CCC(CCC2CCC(CCC3CCCC(CC4CCCCC4)C3)CC2)CC1
C1CCC(CCCCC2CCCC3CCC(C4CCCC5CCCC54)CC23)CC1
C1CCC(CCCC2CCC3CCC(C4CCCC5CCCC54)CC3C2)CC1
C1CCC(C2CC3CCCC3C3CCCC4CCCCC4C23)CC1
C1CCC(CCCC2CCC3CCC(C4CCCC5CCCC54)CC3CC2)CC1
C1CCC(CCC2CCC(C3CC3)CC2)CC1
C1CCC(C2CCC3CCCC3C3CCC4CCCCC4C23)CC1
C1CCC(CC2CC3CCCCC3C3CCC4CCCCC4C23)C1
C1CCC(CCCCCC2CC3CCCCC3C2)CC1
C(CCCCC1CCC(C2CCCCC2)C1)CCCC1CCCCC1
C1CCC(CCCCC2CC3CCCCC3C2)CC1
C1CCC(C2CCC3CCCC3C3CCC4CCCCC4C23)CC1
C1CCC(CCC2CCC3C(CCC4C5CCCC5CC(CCC5CCCCC5)C34)C2)CC1
C1CCC2CC(CC3CCCC4CCCC43)CCC2C1
C(CCCC1CCCC2C(C3CCCCC3)CCC12)CCC1CCCCC1
C1CCC(CCC2CCC3C(CCC3C3CCCCC3)C2)CC1
C1CCC(CCCCC2CCC3C2CCC2C4CCCCC4CCC32)CC1
C1CCC(CCC2CCCCC3CC4C(CCC4C4CCCCC4)CC23)CC1
C1CCC2CCC3C4CCCCC4CC(CC4CCCC5CCCCC54)C3C2CC1
C1CCC(CC2CCC3C(CCC3C3CCCCC3)C2)CC1
C1CCC(CCCC2(CCC3CCCC3)CCC3C4CCCC5CCCCC5C4CCC32)CC1
C1CCC(C2CC3CCCCC3C3CCCCC23)CC1
C1CCC(C2CC3CCCC3C3CCC4CCCCC4C23)CC1
C1CCC(CC2CCC3CCCCC3C3CCC4CCCCC4C23)CC1
C1CCC(CCC2CCC3C(CCC4C5CCCC5CCC34)C2)CC1
C1CCC(C2CC3CCCC3C3CCC4CCCCC4C23)CC1
C1CCC(C2CCC3CCC4C(CCC5C6CCCC6CCC45)CC32)CC1
C1CCC(CCCCC2CC3CCCCC3C2)CC1
C1CCC(CCCCCC2CC3CCCCC3C2)CC1
C1CCC(CCC2CCC3C(CCC3C3CCCCC3)C2)CC1
C1CCC(CCCCCC2CC3CCCCC3C2)CC1
C1CCC(CC2CCC3C(CCCCCC4CCC(C5CCCC5)C4)CCCC23)CC1
C1CCC(CCCC2CCC3C2CCC2C4CCCCC4CCC32)C1
C(CC1CCCC2CCCCC2C1)CC1CC2CCCCC2C1
C(CCCC1CCCCC1)CCC1CCCCC1
C1CCC2CCC(C3CCCC4CCCC43)CC2CC1
C1CCC(C2CC3CCCC3C3CCC4CCCCC4C23)CC1
C1CCC(CCCCC2CC3CCCCC3C2)CC1
C1CCC(CCC2CCC3C(CCC4CCCCC43)C2)CC1
C1CCC(C2CCC3C(CCC3C3CCCCC3)C2)CC1
C1CCC(CCCCCC2CCC3CCCCC23)CC1
C1CCC(CCC(CCC2CCCCC2)CCC2CCC3CCCCC3C2)CC1
C1CCC2CCC3C4CCCC4CCC3C2CC1
C(CCC1CCCC2CCCCC12)CC1CC2CCCCC2C1
C1CCC(CCC2CCCC3CC4C(CCC23)CCC4C2CCCCC2)CC1
C1CCC2C(C1)CCCC2CCCC1CCC2C1CCC1C3CCCCC3CCC21
C(CCC1CCCC2CCCC12)CC1CC2CCCCC2C1
C1CCC(C2CC3CCCC3C3CCC4CCCCC4C23)CC1
C(CCCC1CCCCC1)CCCC1CCC(C2CCCCC2)C1
C1CCC2CCC3C4CCCCC4CCC3C2CC1
C1CCC(CCCCCC2CCCC3C(C4CCCCC4)CCC23)CC1
C1CCC(CCCCCC2CC3CCCCC3C2)CC1
C1CCC(CCCCCC2CC3CCCCC3C2)CC1
C1CCC(CCCCC2CCC3CCCCC23)CC1
C1CCC2CCC3C4CCCCC4CC(CC4CCCC4)C3C2CC1
C1CCC(CCC2CCC3C(CCC3C3CCCCC3)C2)CC1
C1CCC2CC(C3CCCC4CCCC43)CCC2C1
C1CCC(CCC2CCC3C(CCC3C3CCCCC3)C2)CC1
C1CCC2C(C1)CCC1C3CCCCC3CCC21
C(CCCC1CCCC2C(C3CCCCC3)CCC12)CCC1CCCCC1
C1CCC2C(C1)CCC1C3CCCCC3CCC21
C1CCC2CC(C3CCCC4CCCC43)CCC2C1
C1CCC2CCC(C3CCCC4CCCC43)CC2CC1
C1CCC2C(C1)CCC1CCCCC12
C1CCC(CCC2CCCC3CC4C(CC5CCCCC5)CCC4CC23)CC1
C1CCC(C2CCCC3C(CCC4CCCCC43)C2)CC1
C1CCC2CC(C3CCCC4CCCC43)CCC2C1
C1CCC(C2CCC3C(CCCCCC4CC4)CCCC23)CC1
C1CCC(CC2CCC3C(CCC3C3CCCCC3)C2)CC1
C1CCC(CCCCC2CC3CCCCC3C2)CC1
C1CCC(C2CCC3CC4C(CCC5C6CCC(CCCCC7CC8CCCCC8C7)C6CCC45)CC32)CC1
C1CCC(CC2CC3CCCCC3C2C2CCCCC2)CC1
C1CCC(C2CC3C(CCC34CCCC4)C3CCC4CCCCCC4C23)CC1
C1CCC(C2CCC(CCCCCC3CCCC4CCCCC34)C2)CC1
C1CCC(CCC2CCC(C3CCCC4C(C5CCCCC5)CCC34)C2)CC1
C1CCC(C2CCC3CCC4C(CCCC45CCCC5)CC32)CC1
C1CCC(CCCC2CCCC(CC3CCC4CC(CCC5CCC6CCCCC6C5)CCC43)C2)CC1
C1CCC(C2CCC3CC4C(CCC32)CCC42CCCCC2)CC1
C(CCCC1CCCC2C(C3CCCCC3)CCC12)CCC1CCCCC1
C1CCC(C2CCC3CCCCC3C3CCCCC23)CC1
C1CCC2CCC3C4CCCC4CCC3C2CC1
C1CCC(C2CCC3CCC4C(CCC45CCCC5)CC32)CC1
C1CCC(CCCC2CCC3CCCC3C2)CC1
C1CCC2CC(CC3CCCC4CCCC43)CCC2C1
C1CCC(CC2CCC3C(CCC3C3CCCCC3)C2)CC1
C1CCC(CCCCCC2CCCC3C(C4CCCCC4)CCC23)CC1
C1CCC(CCCC2CC3CCCCC3C2C2CCCCC2)CC1
C1CCC2C(C1)CCCC1C2CCC2C3CCCC3CC21
C1CCC(CCC2CCC(C3CCC4C(CCC4C4CCCCC4)C3)CC2)CC1
C1CCC(CCC(CCC2CCC3CCCC3C2)CC2CCCCC2)CC1
C(CCCC1(C2CCCC2)CCCC2CCCCC21)CCC1CCC(C2CCCCC2)C1
C1CCC(C2CCC3C(CCC4CCCCC43)C2)CC1
C1CCC(CCCCC2CC3CCCCC3C2)CC1
C(CCCC1CCCC2C(C3CCCCC3)CCC12)CCC1CCCCC1
C1CCC(CCC2CCC3C2CCC2C4CCCCC4CCC32)C1
C(CCCC1CCCCC1)CCC1CCCCC1
C1CCC2CC(C3CCCC4CCCC43)CCC2C1
C1CCC2C(C1)CCC1C3CCCC3CCCC21
C1CCC(CCCCCC2CCC3CCCCC23)CC1
C1CCC(CCC(CCC2CCC3CCCC3C2)CC2CCCCCC2)CC1
C(CCCCC1CCC(C2CCCCC2)C1)CCCC1CCCCC1
C1CCC(C2CC3CCCC3C3CCC4CCCCC4C3C2)CC1
C(CCC1CCC2CCCCC2C1)CC1CCCC2CCCCC2C1
C1CCC(CCC2CCC3C(CCC3C3CCCCC3)C2)CC1
C1CCC(C2CCC3CC4C(CCC45CCCC5)CC32)CC1
C1CCC2CC(C3CCCC4CCCC43)CCC2C1
C1CCC2C(C1)CC(C1CCCC3CCCCC31)C1CCCC21
C1CCC(CCCCCC2CC3CCCCC3C2)CC1
C1CCC(C2CCC3CC4C(CCC5C6CCC(CCCCC7CCC8CCCCC8C7)C6CCC45)CC32)CC1
C1CCC(CCCCC2CCC3CCCCC23)CC1
C1CCC2CCC3C4CCCCC4CCC3C2CC1
C1CCC(C2CCC3CC4C(CCC5C6CCC(CCCCC7CCC8CCCCC8C7)C6CCC45)CC32)CC1
C1CCC2CCC(C3CCCC4CCCC43)CC2CC1
C1CCC2CCC3C4CCCC4CCC3C2CC1
C1CCC(CC2CC3CCCCC3C3CCC4CCCCC4C23)C1
C1CCC(C2CCC3C(CCCC4CCCCC43)C2)CC1
C1CCC(C2CC3CCCCC3C3CCC4CCCCC4C23)CC1
C1CCC(CCC2CCC(CCC3CCCCC(CC4CCCC4)C3)CC2)CC1
C1CCC(CCC2CCC(C3CC3)CC2)CC1
C1CCC2CCC3C4CCCC4CCC3C2CC1
C1CCC(C2CC3CCCC3C3CCC4CCCCC4C23)CC1
C1CCC(CC2CCC3CC4C(CCCC45CCCC5)CC23)CC1
C1CCC2C(C1)CCCC1C3CCCC3CCC21
C1CCC(CCCCC2CC3CCCCC3C2)CC1
C1CCC2CCC3C4CCCCC4CCC3C2CC1
C1CCC2CC(CCCC3CCC4C3CCC3C5CCCCC5CCC43)CC2C1
C1CCC2CC(CCCC3CCC4C3CCC3C5CCCCC5CCC43)CC2C1
C1CCC(C2CC3CCCC3C3CCC4CCCCCC4C23)CC1
C1CCC(C2CCC(CCCC3CCC4C3CCC3C5CCCCC5CCCC43)C2)CC1
C1CCC(CCC(CCC2CCC3CCCC3C2)CC2CCCCC2)CC1
C1CCC2C(C1)CCCC1C3CCCC3CCC21
C1CCC(C2CC3CCCCC3C3CCC4CCCCC4C23)CC1
C(CCC1CCC2CCCCC2C1)CCC1CCCC2CCCC12
C1CCC2CCC(C3CCCC4CCCC43)CC2CC1
C1CCC(CC2CCC3CC4C(CCC5C6CCC(CCCC7CCC8CCCCC8C7)C6CCC45)CC23)CC1
C1CCC(CC2CC3CCCCC3C3CCC4CCCCC4C23)CC1
C1CCC(C2CCC(CCCCCC3CCCC4CCCCC34)C2)CC1
C1CCC(C2CCC3CC4C(CCC32)CCC42CCCC2)CC1
C1CCC(CC2CCC3C(CC4CCCCC4)CCC3C2)CC1
C1CCC(C2CC3CCCC3CC3CCC4CCCCC4C32)CC1
C1CCC(C2CC3CCCC3C3CCC4CCCCC4C23)CC1
C1CCC2CC(C3CCCC4CCCC43)CCC2C1
C1CCC2CC(C3CCCC4CCCC43)CCC2C1
C1CCC(CCC2CCCCC3CC4C(CCC4C4CCCCC4)CC23)CC1
C1CCC2C(C1)CCC1C3CCCC3CCC21
C1CCC(CCCC2CCC3C2CCC2C4CCCCC4CCC32)C1
C1CCC2CC(C3CCCC4CCCC43)CCC2C1
C1CCC(C2CCC3CC4C(CCCC45CCCCC5)CC32)CC1
C(CCCC1CCCCC1)CCCC1CCC(C2CCCCC2)C1
C1CCC(CCC2CCC3C(CCC3C3CCCC(CCC4CCCC4)C3)C2)CC1
C1CCC(C2CC3CCCC3C3CCCC4CCCCC4C23)CC1
C1CCC(CCCCC2CC3CCCCC3C2)CC1
C1CCC(C2CC3CCCC3C3CCC4CCCCCC4C23)CC1
C1CCC(C2CCC3C(CCC4CCCCC43)C2)C1
C1CCC(CCCCCC2CCCCC2)CC1
C(CCCC1CCCC2C(C3CCCCC3)CCC12)CCC1CCCCC1
C1CCC2CCC3C4CCCC4CCC3C2CC1
C1CCC(CCCCCC2CCCC3C(C4CCCCC4)CCC23)CC1
C1CCC(C2CC3CCCC3CC3CCC4CCCCC4C32)CC1
C1CCC(C2CCC3C(CCC4CCCCC43)C2)C1
C1CCC(CCCC2CCC3C(CCC3C3CCCCC3)C2)CC1
C1CCC(CCCCC2CCC3CCCCC23)CC1
C1CCC(C2CC3CCCCC3C3CCCCC23)CC1
C1CCC(CCCCCC2CCCC3C(C4CCCCC4)CCC23)CC1
C1CCC(CC2CC3CCCCC3C3CCC4CCCCC4C23)CC1
C1CCC2CCC3C4CCCC4CCC3C2CC1
C1CCC(C2CCC3CC4C(CC5CCC6CCCCC65)CCCCC4CC32)CC1
C1CCC(C2CC3CCCC3C3CCC4CCCCCC4C23)CC1
C1CCC(C2CCC3CC4C(CCCCC45CCCC5)CC32)CC1
C1CCC(CCC2CCC3C(CCC3C3CCCCC3)C2)CC1
C1CCC(CCCCC2CC3CCCCC3C2)CC1
C1CCC2C(C1)CCC1C2CCCC2C3CCCC3CC21
C(CCCC1CCCCC1)CCCC1CCC(C2CCCCC2)C1
C1CCC2C(C1)CCC1CCCCC12
C1CCC(C2CCC3C(CCCCCC4CC4)CCCC23)CC1
C1CCC(C2CCC3CC4(CCCCCCC4C4CCCCC4)CCC32)CC1
C1CCC(CCC2CCCC3CCC4C(CCC4C4CCCCC4)CC23)CC1
C1CCC(CCCCCC2CCCC3C2CCC3C2CCCC(CC3CCCCC3)C2)CC1
C1CCC(C2CC3C(CCC34CCCC4)C3CCC4CCCCC4C23)CC1
C(CCC1CCCCC2CCCCC12)CC1CCC2CCCCC2C1
C1CCC(C2CCCC3C(CCC4CCCCC43)C2)C1
C1CCC(CCCCCC2CCCC3C(C4CCCCC4)CCC23)CC1
C1CCC(CCC2CCC3C(CC4CCCCC4)CCC3C2)CC1
C1CCC(CC2CC3CCCCC3C3CCC4CCCCC4C23)CC1
C(CCC1CCC2C(CCC3C4CCCC4CCC23)C1)CC1CCC(C2CC3CCCC3C3CCC4CCCCC4C23)CC1
C(CCC1CCC2C(CCC3C4CCCC4CCC23)C1)CC1CCC(C2CCC(C3CC4CCCC4C4CCC5CCCCC5C34)CC2)CC1
C1CCC(CCCCCC2CC3CCCCC3C2)CC1
C1CCC(C2CCC(CCCCCC3CCCC4CCCCC34)C2)CC1
C1CCC(CCC2CCC3C(CC4CCCCC4)CCC3C2)CC1
C1CCC(CCC2CCCC3CC4C(CCC4C4CCCCC4)CC23)CC1
C1CCC(CCC2CCC3C(CCC4C5CCCC5CC(CCC5CCCCC5)C34)C2)CC1
C1CCC(CC23CCCCC2CCC2C4CCCC4CCC23)CC1
C1CCC(C2CC3CCCCC3C3CCCCC23)CC1
C1CCC2CCC(C3CCCC4CCCC43)CC2CC1
C1CCC(CCCCCC2CCC3CCCCC23)CC1
C1CCC(CCC2CCC3C(CCC3C3CCCCC3)C2)CC1
C1CCC(C2CC3CCCC3C3CCC4CCCCCC4C23)CC1
C1CCC(CCC2CCCCC2)CC1
C1CCC2C(C1)CCC1CCCCC12
C(CCC1CCCC2CCCC12)CC1CC2CCCCC2C1
C1CCC(CCC2CCC3C2CCC(C2CCCCC2)C2C4CCCCC4CCCC32)CC1
C1CCC(CCCCCC2CCC3CCCC3C2)CC1
C(CCC1CCC2C1CCC1C3CCCCC3CCC21)CC1CCCC2CCCCC12
C1CCC(C2CCC3CC4C(CCCC5C6CCC(CCCC7CC8CCCCC8C7)C6CCC45)CC32)CC1
C1CCC2CC(CCCC3CCC4C3CCC3C5CCCCC5CCCC43)CC2C1
C1CCC(CCCCCC2CC3CCCCC3C2)CC1
C1CCC(CCCCC2CC3CCCCC3C2)CC1
C1CCC(CCCCC2CC3CCCCC3C2)CC1
C1CCC(CCCCCC2CC3CCCCC3C2)CC1
C(CC1CCC2CCCC2C1)CC1CCCC2CCC(C3CCCC4CCCC43)CC2C1
C1CCC(CC2CC3CCCCC3C3CCC4CCCCC4C23)C1
C1CCC(CCCCCC2CC3CCCCC3C2)CC1
C1CCC2CCC(C3CCCC4CCCC43)CC2CC1
C1CCC(CCCCC2CCC3CCCCC23)CC1
C1CCC(CCCC2CCCC3CC4C(CCC4C4CCCCC4)CC23)CC1
C1CCC(C2CCC3CC4C(CCCC4CC4CCC5CCCCC54)CCC32)CC1
C1CCC(C2CC3CCCCC3CC3CCCCC32)CC1
C1CCC(C2CCC3CC4C(CCCC45CCCC5)CC32)CC1
C(CCCC1CCCC2C(C3CCCCC3)CCC12)CCC1CCCCC1
C1CCC(CC(CC2CCCCC2)C2CCCCC2)CC1
C(CCCC1CCCC2C(C3CCCCC3)CCC12)CCC1CCCCC1
C1CCC(C2CCC(CCCCCC3CCCC4CCCCC34)C2)CC1
C1CCC(CCC2CCC3C(CCC3C3CCCCC3)C2)CC1
C1CC2CCCC2C(CC2CC3CCCCC3C3CCCC23)C1
C1CCC(CC2CCC3CC4C(CCC45CCCCC5)CC23)CC1
C1CCC2CCC3C4CCCC4CCC3C2CC1
C1CCC2CC(CCCC3CCCC4C3CCC3C5CCCCC5CCC43)CCC2C1
C(CCC1CCCCC2CCCCC12)CC1CCC2CCCCC2C1
C1CCC(CCCCC2CCC3CCC(C4CCCC5CCCC54)CC3C2)CC1
C1CCC2CCC3C4CCCC4CCC3C2CC1
C(CCC1CCCC2CCCCC12)CC1CCCC2CCCCC12
C1CCC(C2CC3C(CCC34CCCC4)C3CCC4CCCCC4C23)CC1
C1CCC2C(C1)CCC1C3CCCCC3CCC21
C1CCC(C2CCC3CCCC3C3CCC4CCCCC4C23)CC1
C1CCC(CCC2CCC(CCC3CCCC(CCC4CCCC4)C3)CC2)CC1
C(CCCCC1CCC2C(CCC3C4CCCC4CCC23)C1)CCCC1CCCC(CC(CC2CCC(CC3CCCCC3)CC2)C2CCCCC2)C1
C(CCC1CCC2CCCCC2C1)CCC1CCCC2CCCCC12
C1CCC(CCC2(CCCC3CC4CCCCC4C3)CCC3C4CCC5CCCCC5C4CCC32)C1
C1CCC(CCCCCC2CC3CCCCC3C2)CC1
C1CCC(CCCCCC2CCC3CCCCC23)CC1
C1CCC(C2CC3C(CCC4CC4)CCC3C3CCCC4CCCCC4C23)CC1
C1CCC2CCC(C3CCCC4CCCC43)CC2CC1
C1CCC(CC2CC3CCCCC3C3CCC4CCCCC4C23)C1
C1CCC(CC2CCC3C(CCC3C3CCCCC3)C2)CC1
C1CCC(CC2CCC3CC4CCCCC4CC23)CC1
C1CCC(CCC2CCC3C(CCC3C3CCCCC3)C2)CC1
C1CCC(CCCCCC2CC3CCCCC3C2)CC1
C1CCC2CC(C3CCCC4CCCC43)CCC2C1
C1CCC(CCCCC2C3CCCCCC3CCC2C2CCCC3CCCC32)CC1
C1CCC(CCCCC2CC3CCCCC3C2)CC1
C1CCC2CCC3C(CCC4C5CCCC5CC43)C2CC1
C1CCC(C2CC3CCCCC3C3CCCCC3C2)C1
C1CCC(CC2CC3CCCCC3C3CCC4CCCCC4C23)CC1
C1CCC2CC(C1)CCC1C3CCCC3CCC21
C1CCC(CCC2CCC3C(CCC3C3CCCC3)C2)CC1
C1CCC(CCC2CCC3C(CCC3C3CCCCC3)C2)CC1
C1CCC(CCC2CCC(C3CCC4C(CCC4C4CCCCC4)C3)CC2)CC1
C1CCC(CCCCC2CC3CCCCC3C2)CC1
C(CCC1CCC2C1CCC1C3CCCCC3CCC21)CC1CCCC2CCCCC12
C1CCC(C2CCC3CCCCC3C3CCC4CCCCC4C23)CC1
C1CCC(CCCCC2(CCC3CCCC3)CCC3C4CCC5CCCCC5C4CCC32)C1
C1CCC(CCC2CC3CCCCC3C3CCC4CCCCC4C23)CC1
C1CCC2C(C1)CCC1CCCCC12
C1CCC(C2CC3CCCCC3CC3CCCCC32)CC1
C1CCC2CC(C3CCCC4CCCC43)CCC2C1
C1CCC(CC2CC3CCCCC3C3CCC4CCCCCC4C23)CC1
C1CCC(CCCC2CCC3C(CCC3C3CCCCC3)C2)CC1
C1CCC(C2CCC3CCC4C(CC5CC6CCCCC6C5)CCCC4CC32)CC1
C1CCC2CCC3C4CCCCC4CC(CC4CCCC4)C3C2CC1
C1CCC(C2CCC3CCCC3C3CCC4CCCCC4C23)CC1
C1CCC2C(C1)CCCC1C3CCCC3CCC21
C1CCC(C2CC3CCCC3C3CCC4CCCCC4C3C2)CC1
C1CCC(C2CCC3CC4C(CCC5C6CCC(CCCCC7CCC8CCCCC8C7)C6CCC45)CC32)CC1
C1CCC2CCC3C(CCC4C5CCCC5CC43)C2CC1
C1CCC2CC(C3CCCC4CCCC43)CCC2C1
C1CCC(CCCC2(CCCC3CC4CCCCC4C3)CCC3C4CCC5CCCCC5C4CCC32)C1
C1CCC2CC(CCCC3CCC4C3CCC3C5CCCCC5CCCC43)CC2C1
C1CCC(C2CCC3C(CCCC4CCCCC43)C2)CC1
C1CCC(CCC2CCC3C(CCC3C3CCCCC3)C2)CC1
C1CCC(CCCCCC2CC3CCCCC3C2)CC1
C1CC(C2CCC(C3CC4CCCC4CC4CCC5CCCCC5C43)CC2)C1
C1CCC(C2CC3CCCC3C3CCC4CCCCC4C23)CC1
C1CCC(CCCCCC2CCCC3C(C4CCCCC4)CCC23)CC1
C1CCC(CC2CC3CCCCC3C3CCC4CCCCCC4C23)CC1
C(CCC1CCCC2CCCC12)CC1CC2CCCCC2C1
C1CCC(CC(CC2CCCCC2)C2CCCCC2)CC1
C1CCC(CC2CCC3C(CC4CCCCC4)CCC3C2)CC1
C1CCC(CCC2CCC(C3CCCC4C(C5CCCCC5)CCC34)C2)CC1
C1CCC(CCCCCC2CCCC3CCCC23)CC1
C1CCC(CCCCC2CCC3CCCCC23)CC1
C1CCC(CC2CC3CCCCC3C3CCC4CCCCC4C23)CC1
C1CCC2CCC(C3CCCC4CCCC43)CC2CC1
C1CCC2CCC(C3CCCC4CCCC43)CC2CC1
C1CCC(C2CC3CCCC3C3CCC4CCCCC4C23)CC1
C(CCCC1CCCCC1)CCCC1CCC(C2CCCCC2)C1
C1CCC(CCC2CCC3C(CCC4CC(CC5CCCCC5)CCC43)C2)CC1
C(CCC1CC2CCCCC2C1)CCC1CCCC2CCCC12
C1CCC(C2CCC3CC4C(CCC5C6CCC(CCCC7CCC8CCCCC8C7)C6CCCC45)CC32)CC1
C1CCC2CCC3C4CCCC4CCC3C2CC1
C1CCC(CCC(CCC2CCC3CCCC3C2)CC2CCCCC2)CC1
C1CCC(CCCCCC2CCC3CCCCC23)CC1
C1CCC(CCCCC2CCC3CCCCC3C2)CC1
C1CCC2CC(CCCC3CCC4C3CCC3C5CCCCC5CCCC43)CC2C1
C1CCC(CCC2CCC3C(CCC3C3CCCCC3)C2)CC1
C1CCC(CCC2CCC3C(CCC3C3CCCCC3)C2)CC1
C1CC2CCC3C(CCC4CCCCC43)CC2C1
C1CCC2CC(C3CCCC3)C3CCCC3C2CC1
C1CCC(C2CCC3CC4C(CCCCC45CCCC5)CC32)CC1
C1CCC(CC2CCC3CC4C(CC5CCC6CCCCC65)CCCC4CC23)CC1
C1CCC2CC(CC3CCCC4CCCC43)CCC2C1
C1CCC(C2CCC3CC4C(CCC45CCCCC5)CC32)CC1
C1CCC(CCCCCC2CCCC3C(C4CCCCC4)CCC23)CC1
C(CCC1CCC2C1CCC1C3CCCCC3CCC21)CC1CC2CCCCC2C1
C1CCC(C2CCC3C(CCC4CCCCC43)C2)CC1
C(CCCC1CCCCC1)CCCC1CCC(C2CCCCC2)C1
C(CCCCC1CCC(C2CCCCC2)C1)CCCC1CCCCC1
C(CCCC1CCCC2CCCC12)CCC1CCCCC1
C1CCC(CCC2(CCCC3CC4CCCCC4C3)CCC3C4CCC5CCCCC5C4CCC32)C1
C1CCC(CC(CC2CCCCC2)C2CCCCC2)CC1
C1CCC2CCC3C4CCC(CCCC5CC6CCCCC6C5)C4CCC3C2CC1
C1CCC(CC2CC3CCCCC3C3CCCC23)C1
C1CCC(CC2CC3CCCCC3C3CCC4CCCCC4C23)C1
C1CCC(C2CCCCC2CC2CC3CCCCC3C3CCC4CCCCCC4C23)CC1
C1CCC(CCCCC2CCC3C2CCCC2C4CCCCC4CCC23)CC1
C1CCC(CC2CCC(CCCCCC3CCCC4CCCCC34)C2)CC1
C1CCC(CCC2CCC3C(CCC3C3CCCCC3)C2)CC1
C1CCC2CC(C3CCCC4CCCC43)CCC2C1
C1CCC2C(C1)CCCC1C3CCCC3CCC21
C1CCC(CC2CC3CCCCC3C3CCC4CCCCCC4C23)CC1
C(CCCC1CCCC2C(C3CCCCC3)CCC12)CCC1CCCCC1
C1CCC(CC2CC3CCCCC3C3CCC4CCCCCC4C23)CC1
C1CCC2CC(CCCC3CCC4C3CCC3C5CCCCC5CCC43)CCC2C1
C1CCC(CCC2CCC3C(CCC3C3CCCCC3)C2)CC1
C1CCC(CCCCC23CCCC2CC2C4CCC5CCCCC5C4CCC23)C1
C1CCC2CC(CCCC3CCC4C3CCC3C5CCCCC5CCC43)CC2C1
C1CCC2CCC3C4CCC(CCCC5CCC6CCCCC6C5)C4CCC3C2CC1
C1CCC(CCC2CCC3C2CCC2C4CCCCC4CCC32)C1
C1CCC2CCC(C3CCCC4CCCC43)CC2CC1
C1CCC(CCC2CCC3C(CCC3C3CCCCC3)C2)CC1
C1CCC(CCCCC2CCCC3CCC(C4CCCC5CCCC54)CC3C2)CC1
C1CCC(CC2CC3CCCCC3C3CCC4CCCCC4C3C2)CC1
C1CCC(CCCCCC2CCC3CCCCC23)CC1
C(CCC1CCCC2CCCCC12)CCC1CCCC2CCCCC12
C1CCC2CC(C3CCCC4CCCC43)CCC2C1
C1CCC(C2CC3CCCC3C3CCC4CCCCC4C23)CC1
C1CCC(CCCCC2CC3CCCCC3C2)CC1
C1CCC(C2CCC3CC4C(CCC45CCCC5)CC32)CC1
C1CCC(CC2CC3CCCCC3C3CCCCC23)CC1
C1CCC(C2CC3CCCC3C3CCCC4CCCCC4C23)CC1
C1CCC(CCC2CCC3C(CCC3C3CCCCC3)C2)CC1
C1CCC(CC(CC2CCCCC2)C2CCCCC2)CC1
C1CCC(C2CC3CCCCC3C3CCCCC23)CC1
C1CCC(CCCC2CCC3CCC(C4CCCC5CCCC54)CC3C2)CC1
C1CCC(CCCCC2CCC3CCCCC23)CC1
C1CCC(C2CCCC3C(CCC4CCCCC43)C2)CC1
C1CCC(CCC2CCC3C(CCC4C5CCCC5CCC34)C2)CC1
C1CCC(CCCC2CCC3C2CCC2C4CC5CCC(C6CCCCC6)C5CC4CCC32)CC1
C1CCC(CCC2CCC(CC3CC3)CC2)CC1
C1CCC2CC(C3CCCC4CCCC43)CCC2C1
C1CCC(C2CCC3CC4C(CCC45CCCC5)CC32)CC1
C1CCC(C2CC3CCCC3C3CCC4CCCCC4C23)CC1
C1CCC2CC(CC3CCCC4CCCC43)CCC2C1
C(CCC1CCCC2CCCC12)CC1CC2CCCCC2C1
C1CCC(CCC2CCC3C(CCC3C3CCCCC3)C2)CC1
C1CCC(CCCC(CCC2CCC3C(CCC3C3CCCCC3)C2)C2CCCCC2)CC1
C1CCC(CCCCCC2CCC3CCCCC23)CC1
C1CCC(CCC(CCC2CCC3CCCC3C2)CC2CCCCC2)CC1
C1CCC(C2CC3CCCC3C3CCC4CCCCC4C23)CC1
C1CCC2CC(CCCC3CCC4CC5CCC6CCCCC6C5CCC34)CCC2C1
C1CCC(C2CC3CCCC3C3CCCC4CCCCC4C23)CC1
C1CCC(CCCCC2CCC3CCCCC23)CC1
C1CCC(CC2CCC(C3CC4CCCC4C4CCC5CCCCCC5C34)CC2)CC1
C1CCC2CCC(C3CCCC3)CC2CC1
C1CCC(CCCCC2CCC3CCCCC23)CC1
C1CCC(CC2CCC3C(CCC3C3CCCCC3)C2)CC1
C1CCC(C2CCC3C(CCCCCC4CCC(C5CCCC5)C4)CCCC23)CC1
C(CCCC1CCCC2C(C3CCCCC3)CCC12)CCC1CCCCC1
C1CCC(CCCCC2CC3CCCCC3C2)CC1
C1CCC(CCCC2(CCC3CCCC3)CCC3C4CCC5CCCCCC5C4CCC32)CC1
C1CCC(CCC2CCC(C3CCC4C(CCC4C4CCCCC4)C3)CC2)CC1
C1CCC2C(C1)CCC1C2CCC2C3CCCC3CC21
C1CCC2C(C1)CCC1C3CCCC3CCCC21
C1CCC2CC(C3CCCC4CCCC43)CCC2C1
C1CCC2C(C1)CCC1CCCCC12
C1CC(C2CCC(CC3CC4CCCC4C4CCC5CCCCC5C34)CC2)C1
C1CCC(C2CCC3CC4C(CCCCC45CCCC5)CC32)CC1
C1CCC(CCC2CCC3C(CC4CCCCC4)CCC3C2)CC1
C1CCC(CCCCCC2CCC3CCCCC23)CC1
C(CCC1CCCC2CCCC12)CC1CC2CCCCC2C1
C1CCC(C2CCC3CC4CCCCC4CC32)CC1
C(CCCC1CCCC2C(C3CCCCC3)CCC12)CCC1CCCCC1
C1CCC(CC2CCC3C(CCC3C3CCCCC3)C2)CC1
C1CCC2CC(CCCC3CCC4C3CCC3C5CCCCC5CCC43)CC2C1
C1CCC2C(C1)CCC1C2CCC2C3CCCC3CC21
C1CCC(C2CCCCC2CC2CC3CCCCC3C3CCC4CCCCCC4C23)CC1
C1CCC(CCCCCC2CC3CCCCC3C2)CC1
C(CCC1CCC2C1CCC1C3CCCCC3CCC21)CC1CCC2CCCCC2C1
C1CCC2C(C1)CCC1CCCCC12
C1CCC(C2CCC3C(CCCC4CCCCC43)C2)CC1
C(CCC1CCC2CCCCC2C1)CCC1CCCC2CCCCC12
C1CCC(CCCC2(CCC3CCCC3)CCC3C4CCC5CCCCC5C4CCCC32)C1
C1CCC(CC2CC3CCCC3C3CCC4CCCCC4C23)CC1
C1CCC(C2CCC3CC4C(CCCC45CCCC5)CCC32)CC1
C1CCC2CC(C3CCCC4CCCC43)CCC2C1
C1CCC2CCCCC2C(CCCCC2CCCC3CCCCC23)C1
C1CCC(CCC2CCC3C(CC4CCCCC4)CCC3C2)CC1
C1CCC(CC2CC3CCCCC3C3CCC4CCCCCC4C23)CC1
C1CCC(C2CCC(CCCCCC3CCCCC4CCCCC34)C2)CC1
C(CCC1CCC2CCCCC2C1)CCC1(C2CCCC2)CCCC2CCCCC21
C1CCC2CCC3C4CCCC4CCC3C2CC1
C1CCC(C2CCC(CCCCCC3CCCC4C(C5CCCCC5)CCC34)C2)CC1
C1CCC(CCCCC2CC3CCCCC3C2)CC1
C1CCC(CCC2CCC3C(CCC3C3CCCCC3)C2)CC1
C1CCC(C2CCC3CCCC3C3CCC4CCCCC4C23)CC1
C(CCCC1CCCCC1)CCCC1CCC(C2CCCCC2)C1
C1CCC(CCCCCC2CCCC3C(CC4CCCCC4)CCC23)CC1
C1CCC(CCC2CCC3C(CCC4C5CCCC5CCCC34)C2)CC1
C1CCC(C2CCC3CC4C(CCC5C6CCC(CCCCC7CC8CCCCC8C7)C6CCC45)CC32)CC1
C(CCC1CCC2C(CCC3C4CCCC4CCC23)C1)CC1CCC(C2CC3CCCC3C3CCCC4CCCCC4C23)CC1
C1CCC(CCC2CCC3C(CCC3C3CCCCC3)C2)CC1
C1CCC2CCC(C3CCCC4CCCC43)CC2CC1
C1CCC(CCCC(CCC2CCCCC2)CCC2CCC3CCCC3C2)CC1
C1CCC2CCC3C4CCCCC4CC(CC4CCCC5CCCCC54)C3C2CC1
C1CCC(CCCCC2CC3CCCCC3C2)CC1
C1CCC(C2CCC3CC4C(CCC5C6CCC(CCCC7CCC8CCCCC8C7)C6CCC45)CC32)CC1
C1CCC(C2CC3CCCCC3C3CCC4CCCCC4C23)CC1
C1CCC2CC(C3CCCC4CCCC43)CCC2C1
C1CCC2CCCCC2C(CCCCC2CCCC3CCCCC23)C1
C1CCC(CCC2CCC3C(CCC3C3CCCCC3)C2)CC1
C(CCC1CCCC2CCCC12)CC1CC2CCCCC2C1
C1CCC2CC(C3CCCC4CCCC43)C3CCCC3C2CC1
C1CCC(CCCC2CCC3C2CCC2C4CCCCC4CCC32)C1
C1CCC(CCCCCC2CCCC3C(C4CCCCC4)CCC23)CC1
C1CCC(CC2CC3CCCCC3C3CCC4CCCCCC4C23)CC1
C1CCC(CCC2(CCCC3CC4CCCCC4C3)CCCC3C4CCC5CCCCC5C4CCC32)C1
C1CCC(C2CCC(CCCCCC3CCCC4C(C5CCCCC5)CCC34)C2)CC1
C1CCC(CCC2CCC3C(CCC3C3CCCC(CC4CCCC4)C3)C2)CC1
C1CCC(CC2CC3CCCCC3C3CCC4CCCCCC4C23)CC1
C1CCC2CC(CCCC3CCC4C3CCC3C5CCCCC5CCCC43)CC2C1
C1CCC2CC(CCCC3CCC4C3CCC3C5CCCCC5CCCC43)CCC2C1
C1CCC(CCC2CCC3C(CCC3C3CCCCC3)C2)CC1
C1CCC(C2CCCC3C(CCC34CCCC4)C3CCC4CCCCC4C23)CC1
C1CCC2CCC3C4CCC(CCCC5CC6CCCCC6C5)C4CCC3C2CC1
C(CCCC1CCCC2C(C3CCCCC3)CCC12)CCC1CCCCC1
C1CCC(C2CCC3CC4C(CCC5C6CCC(CCCCC7CC8CCCCC8C7)C6CCC45)CC32)CC1
C(CC1CCCC2CCCCC2C1)CC1CC2CCCCC2C1
C(CCC1CCC2C1CCC1C3CCCCC3CCC21)CC1CCC2CCCCC2C1
C1CCC(CCC2CCC(CCC3CCCCC(CC4CCCC4)C3)CC2)CC1
C1CCC(C2CCC3CC4(CCCCC4C4CCCCC4)CCCC32)CC1
C1CCC2CCC3C4CCCC4CCC3C2CC1
C1CCC(CCCCC2CC3CCCCC3C2)CC1
C1CCC(CCCCC2CCC3C2CCCC2C4CCCCC4CCC23)CC1
C1CCC(CCCCCC2CC3CCCCC3C2)CC1
C1CCC2CC(C3CCCC3)C3CCCC3C2CC1
C1CCC(CCCCCC2CCCC3C(C4CCCCC4)CCC23)CC1
C1CCC(C2CCC3CC4C(CCCC5CC5)CCCCC4CC32)CC1
C1CCC(CC(CC2CCCCC2)C2CCCCC2)CC1
C(CCC1CCCC2CCCCC12)CC1CC2CCCCC2C1
C1CCC2C(C1)CCCC1C3CCCC3CCC21
C1CCC2CC(C3CCCC4CCCC43)CCC2C1
C1CCC(CCC2CCC(CCC3CCCC(CC4CCCC4)C3)CC2)CC1
C1CCC(CC2CCC3CCCCC3C3CCC4CCCCC4C23)CC1
C1CCC2CC(C3CCCC4CCCC43)CCC2C1
C1CCC2CCC3C4CCCC4CCC3C2CC1
C1CCC2CCC3C4CCC(CCCC5CC6CCCCC6C5)C4CCC3C2CC1
C1CCC2CCC3C4CCCCC4CCC3C2CC1
C1CCC(CCC2CCC3C(CCC3C3CCCCC3)C2)CC1
C1CCC(CCC2CCC3C(CCC4C5CCCC5CC(CCC5CCCCC5)C34)C2)CC1
C1CCC(CC2CCC(CC(CC3CCCCC3)C3CCCCC3)CC2)CC1
C(CCCC1CCCCC1)CCC1CCCCC1
C1CCC(CC2CC3CCCCC3C3CCC4CCCCCC4C23)CC1
C1CCC2C(C1)CCC1C3CCCC3CCC21
C1CCC(CCC2CCCCC2)CC1
C1CCC(C2CC3CCCC3C3CCC4CCCCCC4C23)CC1
C1CCC(C2CCC3CC4C(CCC45CCCCC5)CC32)CC1
C1CCC(C2CCCC3C(CCC4CCCCC43)C2)CC1
C1CCC2C(C1)CCC1C3CCCC3CCC21
C1CCC(CC2CC3CCCCC3C3CCC4CCCCCC4C23)CC1
C1CCC2CC(CCCC3CCC4C3CCC3C5CCCCC5CCC43)CC2C1
C1CCC(CC2CC3CCCCC3C3CCC4CCCCCC4C23)CC1
C1CCC2CC(CCCC3CCC4C3CCC3C5CCCCC5CCC43)CC2C1
C1CCC(CCC2CCC3C(CCC3C3CCCCC3)C2)CC1
C1CCC(C2CC3CCCC3C3CCC4CCCCCC4C23)CC1
C1CCC(CC23CCCCCC2CCC2C4CCCC4CCC23)CC1
C1CCC(CCCC2CCC3C(CCC3C3CCCCC3)C2)CC1
C(CCCC1CCCC2C(C3CCCCC3)CCC12)CCC1CCCCC1
C1CCC(CCCCCC2CCCC3C(C4CCCCC4)CCC23)CC1
C(CCC1CCCC2CCCC12)CC1CC2CCCCC2C1
C1CCC2C(C1)CCC1C3CCCC3CCCC21
C1CCC(CCC2CCC3C(CCC3C3CCCC(CC4CCCC4)C3)C2)CC1
C1CCC2CC(C3CCCC4CCCC43)CCC2C1
C1CCC(CCCC2CCC3C2CCC2C4CC5CCC(C6CCCCC6)C5CC4CCC32)CC1
C1CCC(C2CC3CCCC3C3CCC4CCCCC4C23)CC1
C1CCC(CCC2CCC(CCC3CCCCC3)CC2)CC1
C1CCC(CCCCCC2CC3CCCCC3C2)CC1
C1CCC(C2CC3CCCC3C3CCC4CCCCCC4C23)CC1
C1CCC(C2CC3CCCC3C3CCC4CCCCC4C23)CC1
C1CCC(CCCCC2CC3CCCCC3C2)CC1
C1CCC(CCCCCC2CCCC3C(CC4CCCCC4)CCC23)CC1
C(CCCC1CCCC2C(C3CCCCC3)CCC12)CCC1CCCCC1
C1CCC(C2CCC3CC4C(CCCC45CCCC5)CC32)CC1
C1CCC2CCC3C4CCC(CCCC5CCCC5)C4CCC3C2CC1
C1CCC2C(C1)CCCC1C3CCCC3CCC21
C1CCC2C(C1)CCC1C3CCCC3CCC21
C(CCC1CC2CCCCC2C1)CCC1CCCC2CCCC12
C1CCC2CCC(C3CCCC4CCCC43)CC2CC1
C1CCC(C2CCC3CCC(C4CCCC4)CC32)CC1
C1CCC(CC2CC3CCCCC3C3CCC4CCCCC4C23)CC1
C(CCC1CCC2CCCCC2C1)CCC1CCCC2CCCCC12
C1CCC(C2CC3CCCC3C3CCC4CCCCC4C23)CC1
C1CCC(CCCCC2CC3CCCCC3C2)CC1
C1CCC(CCCC(CC2CC3CCCCC3C2)C2CC2)CC1
C1CCC2CCC3C4CCC(CCCC5CC6CCCCC6C5)C4CCC3C2CC1
C1CCC(CCCCC2CCC3CCCCC23)CC1
C1CCC(CCCCC2CCC3CCCCC23)CC1
C1CCC(C2CCC3CC4C(CCCCC45CCCC5)CC32)CC1
C(CCC1CCCC2CCCC12)CC1CCCC2CCCCC12
C1CCC(C2CC3CCCC3C3CCC4CCCCC4C23)CC1
C1CCC(CCCCC2CC3CCCCC3C2)CC1
C1CCC(CCCCC2CC3CCCCC3C2)CC1
C1CCC(C2CC3CCCC3C3CCC4CCCCCC4C23)CC1
C1CCC(CCCCC2CC3CCCCC3C2)CC1
C1CCC(CCC2CCC3C(CC4CCCCC4)CCC3C2)CC1
C1CCC(C2CC3CCCC3C3CCC4CCCCC4C23)CC1
C1CCC2C(C1)CCC1C3CCCC3CCCC21
C1CCC(CCC2CCC(C3CCC3)CC2)CC1
C1CCC(CCCCC2CC3CCCCC3C2)CC1
C1CCC(CCCCCC2CCCC3C(C4CCCCC4)CCC23)CC1
C1CCC2CCC3C4CCCC4CCC3C2CC1
C1CCC(CCCCCC2CC3CCCCC3C2)CC1
C1CCC(CC2CCCCC2CC2CC3CCCCC3C3CCC4CCCCCC4C23)CC1
C1CCC(C2CCC3CCCC3C3CCC4CCCCC4C23)CC1
C1CCC(CCCCC2CCC3C2CCC2C4CCCCC4CCCC32)CC1
C1CCC(CCCCC2CC3CCCCC3C2)CC1
C1CCC(CCCCC2CC3CCCCC3C2)CC1
C1CCC(CC2CCC3C(CCC3C3CCCCC3)C2)CC1
C1CCC(C2CCC3CC4C(CCC45CCCC5)CC32)CC1
C1CCC(CCCC2CCCC3CCC(C4CCCC5CCCC54)CC3C2)CC1
C1CCC2C(C1)CCC1C3CCCC3CCC21
C(CCC1CCCC2CCCC12)CC1CC2CCCCC2C1
C1CCC(CCC2CCCC3CC4C(CCC4C4CCCCC4)CC23)CC1
C1CCC2CC(CC3CCCC4CCCC43)CCC2C1
C(CCC1CCCC2CCCCC12)CC1CCC2CCCCC2C1
C1CCC(CC2CC3CCCCC3C3CCC4CCCCC4C3C2)C1
C1CCC2CC(C3CCCC4CCCC43)C3CCCC3C2CC1
C1CCC2CCC(C3CCCC4CCCC43)CC2CC1
C1CCC(CCCCC2CCC3C2CCC2C4CCCCCC4CCC32)CC1
C1CCC(C2CC3C(CCC34CCCC4)C3CCC4CCCCC4C23)CC1
C1CCC2CCC3C4CCCC4CC(C4CCC(CCCCC5CCC6C(CCC7C8CCCC8CCC67)C5)CC4)C3C2CC1
C1CCC2CCC(C3CCCC4CCCC43)CC2CC1
C1CCC(CCCCC2CCC3CCCCC23)CC1
C(CCCC1CCCC2C(C3CCCCC3)CCC12)CCC1CCCCC1
C1CCC(CCCCCC2CCCC3C(C4CCCCC4)CCC23)CC1
C1CCC2CCC(C3CCCC4CCCC43)CC2CC1
C1CCC(CCCCCC2C3CCCCC3CCC2C2CCCC3CCCC32)CC1
C1CCC(CCCC2CCC3CCC(CC4CCCC5CCCC54)CC3C2)CC1
C1CCC2CCC(C3CCC4CCCCC43)CC2CC1
C(CCCCC1CCC(C2CCCCC2)C1)CCCC1CCCCC1
C(CCCC1CCCCC1)CCCC1CCC(CC2CCCCC2)C1
C1CCC(CCC2CCC3C(CCC4C5CCCC5CCC34)C2)CC1
C1CCC2CCC3C4CCCC4CCC3C2CC1
C1CCC(CC2CCC(CCCC3CCC4C3CCC3C5CCCCC5CCC43)C2)CC1
C1CCC2CCCCC2C(CCCCC2CCCC3CCCCC23)C1
C1CCC2C(C1)CCC1C3CCCC3CCCC21
C1CCC(C2CCC3CC4C(CCC5C6CCCC6CCC45)CC32)CC1
C1CCC2C(C1)CCC1C2CCC2C3CCCC3CC21
C1CCC(CCCCC2CCC3CCCCC23)CC1
C1CCC(C2CCC3CC4(CCCCCC4C4CCCCC4)CCC32)CC1
C1CCC2CC(C3CCCC4CCCC43)CCC2C1
C1CCC(C2CCC3C(CCCC4CCCCC43)C2)CC1
C1CCC(CC2CCC3CCCCC3C3CCC4CCCCC4C23)CC1
C1CCC2C(C1)CCC1CCCCC12
C1CCC(CCC(CC2CCCCC2)C2CCCCC2)CC1
C1CCC(CCC2CCC(CCC3CCCC(CC4CCCC4)C3)CC2)CC1
C1CCC2CCC(C3CCCC4CCCC43)CC2CC1
C1CCC2CCC3C4CCCCC4CC(CC4CCCC4)C3C2CC1
C1CCC2CC(C3CCCC4CCCC43)CCC2C1
C1CCC(CCCCC2CCCC3CCC(CC4CCCCC4)CC23)CC1
C1CCC2CCC3C4CCCC4CCC3C2CC1
C1CCC2CCC(C3CCCC4CCCC43)CC2CC1
C1CCC(CCC2CCC3C(CC4CCCCC4)CCC3C2)CC1
C1CCC(CCC2CCC3C(CCC3C3CCCCC3)C2)CC1
C1CCC(C2CCC3CC4C(CCCC4C4CC(C5CCCCC5)C(C5CCCCC5)C4)CC32)CC1
C1CCC(CCC(CC2CC2)CC2CC3CCCCC3C2)CC1
C1CCC2C(C1)CCC1C2CCC2C3CCCC3CC21
C1CCC(C2CCC3CC4CCCCC4CC32)CC1
C1CCC(CCCCCC2CCCCC2)CC1
C1CCC(CC2CCCC(C3CCC4CC(CCCC5CCC6CCCCC6C5)CCC43)C2)C1
C1CCC(C2CCC3C(CCCCCC4CCC(C5CCCC5)C4)CCCC23)CC1
C1CCC(CCCCCC2CCC3CCCC3C2)CC1
C1CCC(CCC2CCC3C(CCC3C3CCCCC3)C2)CC1
C(CCC1CCCC2CCCCC12)CC1CC2CCCCC2C1
C1CCC(CCCC2CCC3C(CCC3C3CCCCC3)C2)CC1
C1CCC2CCC(C3CCCC4CCCC43)CC2CC1
C1CCC(C2CCC3CC4C(CC5CCC6CCCCC65)CCCCC4CC32)CC1
C1CCC(CCCCC2CCC3CCCCC23)CC1
C1CCC(CCCCC2CC3CCCCC3C2)CC1
C1CCC(CCC2CCC3C(CCC3C3CCCCC3)C2)CC1
C1CCC(C2CC3CCCC3C3CCCC4CCCCC4C23)CC1
C1CCC2C(C1)CCCC1C3CCCC3CCC21
C1CCC2C(C1)CCC1C3CCCC3CCC21
C1CCC(CCC2CCC(CCC3CCCC(CC4CCCCC4)C3)CC2)CC1
C1CCC(C2CCCC3(CCC4CC5C(CCC5C5CCCCC5)CC43)C2)CC1
C1CCC(CCC2CC3CCCC3C3CCC4CCCCCC4C23)CC1
C1CCC(C2CCC(CCCC3CCC4C(CCC5C6CCCCC6CCC45)C3)C2)CC1
C1CCC(CCCCC2CCCC3CCC(C4CCCC5CCCC54)CC23)CC1
C1CCC2CC(C3CCCC4CCCC43)CCC2C1
C(CCCC1CCCC2C(C3CCCCC3)CCC12)CCC1CCCCC1
C1CCC(C2CCC3CCCC3C3CCC4CCCCC4C23)CC1
C1CCC(C2CC3CCCC3C3CCC4CCCCCC4C23)CC1
C1CCC(C2CCC3CC4C(CCC32)CCC2C3CCC(CCCC5CC6CCCCC6C5)C3CCC42)CC1
C1CCC2CC(CCCC3CCC4C3CCC3C5CCCCC5CCC43)CC2C1
C1CCC(CCCCC2CC3CCCCC3C2)CC1
C(CCC1CCC2CCCCC2C1)CCC1CCCC2CCCCC12
C1CCC(CC2CCC(CC3CC4CCCC4C4CCC5CCCCC5C34)CC2)CC1
C1CCC(C2CCC3CC4C(CCC45CCCC5)CC32)CC1
C(CCC1CCCC2CCCCC12)CC1CCCC2CCCCC12
C1CCC2C(C1)CCCC2CCCC1CCCC2CCCCC21
C1CCC(CC2CC3CCCCC3C3CCC4CCCCC4C23)CC1
C(CCCC1CCCC2C(C3CCCCC3)CCC12)CCC1CCCCC1
C1CCC(CCC2CCC(C3CCC4C(CCC4C4CCCCC4)C3)CC2)CC1
C1CCC2CC(CC3CCCC4CCCC43)CCC2C1
C1CCC(CC2CC3CCCCC3C3CCC4CCCCC4C23)C1
C1CCC2CC(C3CCCC4CCCC43)CCC2C1
C1CCC(C2CC3C(CCC34CCCC4)C3CCCC4CCCCC4C23)CC1
C(CCCCC1CCC(C2CCCCC2)C1)CCCC1CCCCC1
C1CCCC(CC2CCCCC2CC2CC3CCCCC3C3CCC4CCCCC4C23)CC1
C1CCC(CCCC2CC3CCCCC3C2C2CCCCC2)CC1
C1CCC(CCC2CCC3C(CCC3C3CCCCC3)C2)CC1
C1CCC(CCCCCC2CC3CCCCC3C2)CC1
C1CCC2CCC(C3CCCC4CCCC43)CC2CC1
C1CCC(C2CC3CCCC3C3CCC4CCCCCC4C23)CC1
C1CCC2CCC(C3CCCC4CCCC43)CC2CC1
C1CCC2CCC3C4CCCC4CCC3C2CC1
C1CCC2CCC3C4CCCC4CCC3C2CC1
C1CCC2CC3CCC4CCCC4C3CCC2C1
C(CCCC1CCCC2CCCCC12)CCC1CCC(C2CCCC2)C1
C1CCC(C2CCC3CC4C(CCC45CCCCC5)CC32)CC1
C1CCC(CCCCC2CC3CCCCC3C2)CC1
C1CCC2C(C1)CCC1C2CCCC2C3CCCC3CC21
C1CCC2CC3CCCCC3CCC2C1
C1CCC(CCCCC2CC3CCCCC3C2)CC1
C1CCC(C2CC3C(CCC4CC4)CCC3C3CCC4CCCCC4C23)CC1
C(CCC1CCC2CCCCC2C1)CCC1CCCC2CCCC12
C1CCC(CCCCCC2CCCC3C(C4CCCCC4)CCC23)CC1
C1CCC(CC2CCC3C(CC4CCCCC4)CCC3C2)CC1
C1CCC(CC2CCCCC2CC2CC3CCCCC3C3CCC4CCCCCC4C23)CC1
C1CCC2CCC3C(CCC4C5CCCC5CC43)C2CC1
C1CCC(C2CC3CCCCC3C3CCC4CCCCC4C23)CC1
C1CCC(CCCCC2CCC3CCCCC3C2)CC1
C1CCC(CCC2CCC3C(CCC3C3CCCCC3)C2)CC1
C1CCC(CCC(CC2CC3CCCCC3C2)C2CCCCC2)CC1
C(CCC1CCCC2CCCC12)CC1CC2CCCCC2C1
C1CCC(C2CCC(CCCCCC3CCCC4CCCCC34)C2)CC1
C(CCC1CCC2CCCCC2C1)CCC1CCCC2CCCCC12
C1CCC(CCC2CCC3C(CCC3C3CCCCC3)C2)CC1
C1CCC(C2CCC3CC4C(CCC5C6CCCC(CCCC7CCC8CCCCC8C7)C6CCC45)CC32)CC1
C(CCC1CCCC2CCCCC12)CC1CC2CCCCC2C1
C1CCC2CC(CC3CCCC4CCCC43)CCC2C1
C1CCC(CCC2CCC3C(CCC4C5CCCC5CC(CCC5CCCCC5)C34)C2)CC1
C(CCC1CCCC2CCCC12)CC1CC2CCCCC2C1
C1CCC(C2CCC(CCCCCC3CCCC4CCCCC34)C2)CC1
C1CCC2CC(C3CCCC4CCCC43)CCC2C1
C(CCC1CCC(C2CC3CCCC3C3CCC4CCCCC4C23)CC1)CCC1CCC2C(CCC3C4CCCC4CCC23)C1
C1CCC(CCCCCC2CC3CCCCC3C2)CC1
C(CCCC1CCCCC1)CCCC1CCC(C2CCCCC2)C1
C1CCC(CCCCCC2CCC3CCCCC3C2)CC1
C1CCC(CCCCCC2CC3CCCCC3C2)CC1
C1CCC(C2CCC3CC4C(CCC45CCCCCC5)CC32)CC1
C1CCC(CCC2CCC3C(CCCC4C5CCCC5CCC34)C2)CC1
C(CCC1CCCC2CCCCC12)CC1CCC2CCCCC2C1
C1CCC(C2CC3CCCC3C3CCC4CCCCCC4C23)CC1
C(CCCC1CCCCC1)CCC1CCCCC1
C1CCC(CCCCC2CCC3CCCCC3C2)CC1
C1CCC(C2CCC3CC4CCCCC4CCC3C2)CC1
C1CCC2CC(CCCC3CCC4C3CCC3C5CCCCC5CCCC43)CC2C1
C(CCCC1CCCC2C(C3CCCCC3)CCC12)CCC1CCCCC1
C1CCC(C2CCC3CC4CCCCC4CC32)CC1
C1CCC(C2CC3CCCCC3C3CCCCC23)CC1
C1CCC(CCC2CCCCC3CC4C(CCC4C4CCCCC4)CC23)CC1
C1CCC(CCCCC2CCC3C2CCC2C4CC5CCC(C6CCCCC6)C5CC4CCC32)CC1
C1CCC(CCCCC2CCC3CCCCC23)CC1
C(CCCC1CCCC2C(C3CCCCC3)CCC12)CCC1CCCCC1
C1CCC(CCCCC2CC3CCCCC3C2)CC1
C1CCC(C2CCC3CC4C(CCC45CCCCCC5)CC32)CC1
C1CCC(CCCCC2CC3CCCCC3C2)CC1
C1CCC(C2CC3CCCC3C3CCC4CCCCC4CC23)CC1
C1CCC(C2CCC(CCCCCC3(C4CCCC4)CCCCC4CCCCC43)C2)CC1
C1CCC(CC2CC3CCCCC3CC3CCC4CCCCC4C32)CC1
C(CCCC1CCCC2C(C3CCCCC3)CCC12)CCC1CC1
C1CCC(CCC2CCCC(C3CCC4CC(CCC5CCC6CCCCC6C5)CCC43)C2)C1
C1CCC(CCC2CCCC3CC4C(CC5CCCCC5)CCC4CC23)CC1
C1CCC2C(C1)CCC1C3CCCCC3CCC21
C1CCC(CCCC(CCC2CCC3CCCC3C2)CC2CCCCC2)CC1
C1CCC(C2CCCC3C(CCC4CCCCC43)C2)CC1
C1CCC(C2CC3CCCC3C3CCC4CCCCC4C23)CC1
C1CCC(CC2CCC3CC4C(CCC5C6CCC(CCCC7CC8CCCCC8C7)C6CCC45)CC23)CC1
C1CCC2CC(C3CCCC4CCCC43)CCC2C1
C1CCC(C2CC3CCCCC3C3CCCCC23)CC1
C1CCC(C2CCC3CC4C(CCC32)CCC2C3CCC(CCCC5CC6CCCCC6C5)C3CCC42)CC1
C1CCC(CCCC2CCC3C(CCC3C3CCCCC3)C2)CC1
C(CCC1CC2CCCCC2C1)CCC1CCCC2CCCC12
C(CCCC1CCCC2C(C3CCCCC3)CCC12)CCC1CCCCC1
C1CCC2C(C1)CCC1C3CCCC3CCC21
C1CCC(C2CCC3CC4C(CCC5C6CCCC6CCC45)CC32)CC1
C1CCC(C2CCC3C(CCCCCC4CCC(C5CCCC5)C4)CCCC23)CC1
C1CCC(CCCCC2CCC3CCCCC23)CC1
C1CCC(C2CCC3CC4CCCCC4CC32)CC1
C1CCC(CC2CCC(CC(CC3CCCCC3)C3CCCCC3)CC2)CC1
C1CCC2CC(C3CCCC4CCCC43)CCC2C1
C1CCC(C2CCC3C(CCC4CCCCC43)C2)CC1
C1CCC2CCC3C4CCC(CCC5CCCC5)C4CCC3C2CC1
C1CC(C2CCC(C3CC4CCCCC4C4CCC5CCCCC5C34)CC2)C1
C1CCC(CCC2CCC3C(CCC3C3CCCCC3)C2)CC1
C1CCC2CC(CCCC3CCC4C3CCC3C5CCCCC5CCC43)CC2C1
C1CCC(CCC2CCC3C(CCC3C3CCCCC3)C2)CC1
C1CCC(CCCC2CCC(C3CCC4C(CCC4C4CCCCC4)C3)CC2)CC1
C1CCC(C2CCC3CCC4C(CCC45CCCC5)CC32)CC1
C1CCC(CCC2CC3CCCCC3C3CCC4CCCCC4C23)C1
C1CCC(CCC(CC2CCCCC2)C2CCCCC2)CC1
C(CCC1CCCC2CCCCC12)CC1CCC2CCCCC2C1
C1CCC(C2CCC3(CCC4CCC5C(CCC5C5CCCCC5)CC43)C2)CC1
C1CCC(CCC2CCC3C(CCC4C5CCCC5CCC34)C2)CC1
C1CCC2CC(CCCC3CCC4C3CCC3C5CCCCC5CCC43)CCC2C1
C1CCC(C2CC3CCCC(C3)C3CCC4CCCCC4C32)CC1
C1CCC(CCCCCC2CCCC3C(C4CCCCC4)CCC23)CC1
C1CCC(CCCCCC2CC3CCCCC3C2)CC1
C1CCC2C(C1)CCC1C3CCCCC3CCC21
C1CCC(CCC2CCC3C(CCC3C3CCCCC3)C2)CC1
C1CCC2CCC3C4CCCC4CCC3C2CC1
C1CCC(CCC2CCCC3CC4C(CC5CCCCC5)CCC4CC23)CC1
C1CCC(C2CCC3CCC(C4CCCC4)CC32)CC1
C1CCC2CCC(C3CCCC3)CC2CC1
C1CCC(C2CCC(CCCCCC3CCCC4C(C5CCCCC5)CCC34)C2)CC1
C1CCC(CCCC2CCC3C(CCC3C3CCCC(CC4CCCC4)C3)C2)CC1
C1CCC2CCC(C3CCCC4CCCC43)CC2CC1
C1CCC(CCCCCC2CC3CCCCC3C2)CC1
C1CCC2CCC(C3CCCC4CCCC43)CC2CC1
C(CCCCC1CCC2C(CCC3C4CCCC4CCC23)C1)CCCC1CCCC(CC(CCC2CCC(CC3CCCCC3)CC2)C2CCCCC2)C1
C1CCC(CCC2CCC(CC3CC3)CC2)CC1
C1CCC(CC2CC3CCCCC3CC3CCC4CCCCC4C32)C1
C1CCC(C2CCC3(CCCC4CC5C(CCC5C5CCCCC5)CC43)C2)CC1
C1CCC(C2CCC3CC4C(CCC45CCCCC5)CC32)CC1
C1CCC(CC2CC3CCCCC3C3CCC4CCCCC4C23)CC1
C1CCC(CCCC(CCC2CCC3CCCC3C2)CC2CCCCC2)CC1
C1CCC2CC(CCCC3CCCC4C3CCC3C5CCCCC5CCC43)CC2C1
C(CCCC1CCCCC1)CCCC1CCC(C2CCCCC2)C1
C1CCC(CC2CC3CCCCC3C3CCC4CCCCC4C23)CC1
C1CCC(CCCCC2CC3CCCCC3C2)CC1
C1CCC(CCCC2CCCC(C3CCC4CC(CCC5CCC6CCCCCC6C5)CCC43)C2)CC1
C1CCC2CC(CC3CCCC4CCCC43)CCC2C1
C1CCC2CC(C3CCCC4CCCC43)CCC2C1
C(CCCC1CCC(CC2CCCCC2)C1)CCCC1CCC2CCCC2C1
C1CCC(C2CCC3CC4C(CCC45CCCCCC5)CC32)CC1
C(CCCC1CCCCC1)CCCC1CCC(C2CCCCC2)C1
C1CCC(CCC(CCC2CCCCC2)CCC2CCC3CCCC3C2)CC1
C1CCC2CCC(C3CCCC4CCCC43)CC2CC1
C1CCC(CC2CCC3C(CCCCCC4CC4)CCCC23)CC1
C1CCC(CCC2CCC3C2CCC2C4CCCCC4CCC32)C1
C1CCC2C(C1)CCC1C2CCC2C3CCCC3CC21
C1CCC(C2CC3CCCC3C3CCC4CCCCCC4C23)CC1
C1CCC(CCC(CC2CC2)CC2CC3CCCCC3C2)CC1
C1CCC2C(C1)CCC1C3CCCC3CCCC21
C(CCC1CCC2C1CCC1C3CCCCC3CCC21)CC1CC2CCCCC2C1
C1CCC(CCCC2CCCCC2)CC1
C1CCC(CC2CC3CCCCC3C3CCC4CCCCCC4C23)CC1
C1CCC2CC(CCCC3CCC4C3CCC3C5CCCCC5CCC43)CCC2C1
C1CCC(CCCCCC2CCCC3C(CC4CCCCC4)CCC23)CC1
C1CCC2CCC(C3CCCC4CCCC43)CC2CC1
C1CCC(C2CC3CCCCC3C3CCCCC23)CC1
C1CCC(C2CC3CCCC3C3CCC4CCCCC4C23)CC1
C1CCC2CC(CCCC3CCC4C3CCC3C5CCCCC5CCC43)CC2C1
C(CCCC1CCCC2C(C3CCCCC3)CCC12)CCC1CCCCC1
C1CCC(C2CCC3CC4C(CCC32)CCC42CCCC2)CC1
C1CCC(CCC2CCCC3CC4C(CCC4C4CCCCC4)CC23)CC1
C1CCC(C2CC3CCCC3C3CCCC4CCCCC4C23)CC1
C1CCC(CCCCC2CC3CCCCC3C2)CC1
C1CCC(CCC2CCC3C(CCC3C3CCCC(CCC4CCCCC4)C3)C2)CC1
C1CCC(C2CCC3CC4C(CCC45CCCCC5)CC32)CC1
C1CCC(CCCCCC2CC3CCCCC3C2)CC1
C(CCCC1CCCCC1)CCCC1CCC(C2CCCCC2)C1
C1CCC(C2CCC3CC4C(CCC5C6CCC(CCCCC7CCC8CCCCC8C7)C6CCC45)CC32)CC1
C(CCC1CCCC2CCCCC12)CC1CC2CCCCC2C1
C1CCC(CCCCC2CC3CCCCC3C2)CC1
C1CCC(CCC2CC3CCCCC3C3CCC4CCCCC4C23)CC1
C1CCC(CCCCC2CC3CCCCC3C2)CC1
C1CCC(CC2CC3CCCCC3CC3CCC4CCCCC4C32)CC1
C1CCC2CCC(C3CCCC4CCCC43)CC2CC1
C1CCC(C2CCC3CCC4C(CC5CC6CCCCC6C5)CCCC4CC32)CC1
C1CCC(C2CCC3CC4C(CCCC4CC4CC5CCCCC5C4)CCC32)CC1
C1CCC(C2C3CCCC3CC3CC4CCCC4CC32)CC1
C1CCC(CC(CC2CCCCC2)C2CCCCC2)CC1
C1CCC2CCC3C4CCCCC4CCC3C2CC1
C1CCC2CC(C3CCCC4CCCC43)CCC2C1
C1CCC(CCCCCC2CC3CCCCC3C2)CC1
C1CCC(CC2CCC3CCCCC3C2)C1
C1CCC2CCC3C4CCCCC4CC(CC4CCCC4)C3C2CC1
C1CCC(C2CC3CCCCC3C3CCCCC23)CC1
C1CCC(CCC2CCC3C(CCC3C3CCCCC3)C2)CC1
C1CCC(C2CCCC3C(CCC4CCCCC43)C2)CC1
C1CCC(C2CCC3CC4C(CCCC45CCCC5)CC32)CC1
C1CCC(C2CC3CCCCC3C3CCC4CCCCC4C23)CC1
C1CCC(C2CCC3C(CCCCCC4CCC(C5CCCC5)C4)CCCC23)CC1
C1CCC(C2CC3CCCC3C3CCC4CCCCC4C23)CC1
C(CCC1CCCC2CCCC12)CC1CC2CCCCC2C1
C1CCC2CCC(C3CCCC4CCCC43)CC2CC1
C1CCC(C2CCC3CC4C(CCC5C6CCC(CCCC7CCC8CCCCC8C7)C6CCC45)CC32)CC1
C1CCC(CCCCC2CC3CCCCC3C2)CC1
C(CCC1CCCC2CCCC12)CC1CC2CCCCC2C1
C1CCC(C2CCC3CCCC3C3CCC4CCCCC4C23)CC1
C1CCC(CCCCCC2CCC3CCCC3C2)CC1
C1CCC(CCCC2CCC(C3CCC4C(CCC4C4CCCCC4)C3)CC2)CC1
C1CCC2CCC3C4CCC(CCCC5CC6CCCCC6C5)C4CCC3C2CC1
C1CCC2CCC(C3CCCC4CCCC43)CC2CC1
C1CCC(CC2CC3CCCCC3C3CCC4CCCCC4C23)CC1
C1CCC2CCC(C3CCCC4CCCC43)CC2CC1
C1CCC(CC2CC3CCCCC3C3CCC4CCCCCC4C23)CC1
C1CCC2CC(C3CCCC4CCCC43)CCC2C1
C1CCC(CCCC2CCC3C(CCC3C3CCCCC3)C2)CC1
C1CCC(CCC2(CCCCC3CC4CCCCC4C3)CCC3C4CCC5CCCCC5C4CCC32)C1
C1CCC2CC(C3CCCC4CCCC43)CCC2C1
C1CCC2C(C1)CCCC2CCCC1CCCC2CCCCC21
C(CCC1CCCC2CCCCC12)CC1CCCC2CCCCC12
C1CCC2C(C1)CCC1C3CCCC3CCCC21
C1CCC(CCCCC2CC3CCCCC3C2)CC1
C1CCC2CCC(C3CCCC4CCCC43)CC2CC1
C1CCC2CC(C3CCCC4CCCC43)CCC2C1
C1CCC(CCCC(CC2CC3CCCCC3C2)C2CCCC2)CC1
C1CCC2C(C1)CCC1C3CCCC3CCC21
C1CCC2CCC(C3CCCC4CCCC43)CC2CC1
C(CCC1CCC2CCCCC2C1)CCC1CCCCC2CCCCC12
C1CCC(CCCCCC2CC3CCCCC3C2)CC1
C1CCC(CCC2CCC3C(CCC4C5CCCCC5CCC34)C2)CC1
C1CCC(CCC2CCC3C(CC4CCCCC4)CCC3C2)CC1
C1CCC2CC(C3CCCC4CCCC43)CCC2C1
C1CCC(CCCC2CCC(C3CC3)CC2)CC1
C1CCC(CCCCC2CC3CCCCC3C2)CC1
C1CCC(CCC2CCCCC2)CC1
C(CCC1CCCC2CCCC12)CC1CC2CCCCC2C1
C1CCC2CC(CCCC3CCC4C3CCC3C5CCCCC5CCCC43)CC2C1
C1CC2CCC3C(CCC4CCC5CC5C43)C2C1
C1CCC2CCC3C4CCCCC4CC(CC4CCCC5CCCCC54)C3C2CC1
C1CCC(CCCC2CCCC3CCCCC32)C2CCCCC2C1
C1CCC2CC(C3CCCC3)C3CCCC3C2CC1
C1CCC(CC2CC3CCCCC3C3CCC4CCCCC4C23)C1
C1CCC(CCCCCC2CC3CCCCC3C2)CC1
C1CCC(CCC2CCC3C(CCC3C3CCCCC3)C2)CC1
C1CCC(CC2CCCC2CC2CC3CCCCC3C3CCC4CCCCC4C3C2)CC1
C1CCC2CCC(C3CCC4CCCCC43)CC2CC1
C1CCC2C(C1)CCC1CCCCC12
C1CCC(CCC2CCCCC3CC4C(CCC4C4CCCCC4)CC23)CC1
C1CCC(C2C3CCCC3CC3CC4CCCC4CC32)CC1
C1CCC2CC(C3CCCC4CCCC43)CCC2C1
C1CCC(C2CC3CCCC3C3CCC4CCCCC4CC23)CC1
C1CCC(CCC2CCC3C(CCC3C3CCCCC3)C2)CC1
C1CCC2CCC(C3CCCC4CCCC43)CC2CC1
C1CCC(CCCCCC2CCCC3C(CC4CCCCC4)CCC23)CC1
C1CCC(C2CCC3CCC4(CCCCC4)C3C2)CC1
C1CCC(C2CCC3C(CCC34CCCC4)C3CCC4CCCCC4C23)CC1
C1CCC(C2CCC3CC4C(CCC5C6CCC(CCCC7CCCC8CCCCC87)C6CCC45)CC32)CC1
C1CCC(CC2CCC3CC4C(CCC45CCCCC5)CC23)CC1
C1CCC(C2CCC3CC4C(CCCC45CC(C4CCCCC4)C(C4CCCCC4)C5)CC32)CC1
C1CCC(C2CCCC3(CCC4CC5C(CCC5C5CCCCC5)CC43)C2)CC1
C1CCC(CC2CC3CCCCC3C3CCC4CCCCC4C23)C1
C1CCC2CCC(C3CCCC4CCCC43)CC2CC1
C1CCC2C(C1)CCC1C3CCCC3CCC21
C1CCC2C(C1)CCCC1C3CCCC3CCC21
C1CCC(CCCCC2CC3CCCCC3C2)CC1
C1CCC2CCC(C3CCCC4CCCC43)CC2CC1
C1CCC(CC2CC3CCCCC3C3CCC4CCCCC4C23)C1
C1CCC(CCC2CCC3C(CCC3C3CCCCC3)C2)CC1
C1CCC(C2CCC3C(CCC4CCCCC43)C2)CC1
C1CCC2CC(C3CCCC4CCCC43)CCC2C1
C1CCC(CC2CCC3CC4C(CC5CCC6CCCCC65)CCCC4CC23)CC1
C(CCCC1CCCCC1)CCCC1CCC(C2CCCCC2)C1
C1CCC(CCCCC2CC3CCCCC3C2)CC1
C1CCC2CCC3C4CCCCC4CC(CC4CCCC4)C3C2CC1
C1CCC(CC2CCC(CC(CC3CCCCC3)C3CCCCC3)CC2)CC1
C1CCC(CCCC2CCC3C(CCC3C3CCCCC3)C2)CC1
C1CCC(CCCCCC2CCC3CCCCC23)CC1
C1CCC2C(C1)CCC1C3CCCC3CCC21
C1CCC2CC(CCCC3CCCC4C3CCC3C5CCCCC5CCC43)CC2C1
C1CCC2CC(C3CCCC4CCCC43)C3CCCC3C2CC1
C1CCC2C(C1)CCC1C2CCC2C3CCCC3CC21
C1CCC(C2CC3CCCC3C3CCCC4CCCCC4C23)CC1
C1CCC(C2CCCC3C(CCC4CCCCC43)C2)CC1
C1CCC(C2CCCC(CC3CCC4CCCCC4C4CCC5CCCCC5C34)C2)C1
C1CCC(C2CC3CCCC3C3CCCC4CCCCC4C23)CC1
C1CCC(CCCCCC2CC3CCCCC3C2)CC1
C(CCC1CCC2CCCCC2C1)CCC1CCCC2CCCCC12
C(CCCC1CCCC2C(C3CCCCC3)CCC12)CCC1CCCCC1
C1CCC2CCC3C4CCC(CCCC5CC6CCCCC6C5)C4CCC3C2CC1
C1CCC(C2CCC3CC4C(CCC5C6CCC(CCCCC7CCC8CCCCC8C7)C6CCC45)CC32)CC1
C1CCC(C2CCC3CC4C(CCCCC45CCCC5)CC32)CC1
C1CCC2CC3CCC(C4CCCCC4)C3CC2CC1
C1CCC2CCC3C4CCC(CCCC5CCC6CCCCC6C5)C4CCC3C2CC1
C1CCC(C2CC3CCCC3C3CCC4CCCCC4CC23)CC1
C(CCC1CCCC2CCCCC12)CC1CCC2CCCCC2C1
C1CCC2C(C1)CCCC2CC1CC2CCCCC2C2CCCC12
C1CCC(CCC2CCCC3CCC(C4CCCC5CCCC54)CC3C2)CC1
C1CCC(CCCC2CCC3CCC(C4CCCC5CCCC54)CC3C2)CC1
C(CCCC1CCCC2C(C3CCCCC3)CCC12)CCC1CCCCC1
C1CCC2CCC3C4CCC(CCCC5CC6CCCCC6C5)C4CCC3C2CC1
C1CCC(CCCCCC2CC3CCCCC3C2)CC1
C(CCCC1CCCC2C(C3CCCCC3)CCC12)CCC1CCCCC1
C1CCC(C2CCC3CC4CCCCC4CC32)CC1
C1CCC2C(C1)CCC1C3CCCC3CCC21
C1CCC(CCCCCC2CCC3CCC(C4CCCC5CCCC54)CC3C2)CC1
C1CCC(CCCCCC2CC3CCCCC3C2)CC1
C1CCC2CCC3C4CCCC4CCC3C2CC1
C1CCC(C2CCC3CC4C(CCC5C6CCC(CCCCC7CC8CCCCC8C7)C6CCC45)CC32)CC1
C1CCC2CCC3C4CCCC4CCC3C2CC1
C1CCC2CCC(C3CCCC4CCCC43)CC2CC1
C1CCC(CCC2CCC(C3CCC4C(CCC4C4CCCCC4)C3)CC2)CC1
C1CCC(CC2CCC3CC4(CCCCC4C4CCCCC4)CCC23)CC1
C1CCC2C(C1)CCC1C3CCCC3CCC21
C1CCC2CC(CCCC3CCCC4CCCCC43)CCCC2C1
C1CCC2CC(C3CCCC4CCCC43)CCC2C1
C(CCCC1CCC2CCCC2C1)CCCC1CCC(C2CCCCC2)C1
C1CCC(CCC2CCC3C(CCC4CC(C5CCCCC5)CCCC43)C2)CC1
C1CCC2CCC(C3CCCC4CCCC43)CC2CC1
C(CCCCC1CCC(C2CCCCC2)C1)CCCC1CCC2CCCC2C1
C1CCC(CCCCC2CC3CCCCC3C2C2CCCCC2)CC1
C1CCC2C(C1)CCC1C3CCCC3CCC21
C(CCCC1CCCC2C(C3CCCCC3)CCC12)CCC1CCCCC1
C(CCCC1CCCC2C(C3CCCCC3)CCC12)CCC1CCCCC1
C1CCC(CCCC2CCC3CCC(C4CCCC5CCCC54)CC3C2)CC1
C1CCC2CCC3C4CCCC4CC(C4CCC(C5CCC5)CC4)C3C2CC1
C1CCC(CC2CC3CCCCC3C3CCC4CCCCC4C23)CC1
C1CCC(CCCC2CCCC3CCC(C4CCCC5CCCC54)CC3C2)CC1
C1CCC2CC(CC3CCCC4CCCC43)CCC2C1
C(CCCC1CCCC2C(C3CCCCC3)CCC12)CCC1CCCCC1
C1CCC(C2CC3CCCC3C3CCCC4CCCCC4C23)CC1
C1CCC2CC(CC3CCCC4CCCC43)CCC2C1
C1CCC2CC(C3CCCC4CCCC43)CCC2C1
C1CCC(CCCCC2CCC3CCCCC23)CC1
C1CCC(C2CCC3CC4C(CCC5C6CCC(CCCC7CC8CCCCC8C7)C6CCC45)CC32)CC1
C1CCC(CCCCC2CC3CCCCC3C2)CC1
C1CCC(CCCC2(CCC3CCCC3)CCC3C4CCC5CCCCCC5C4CCC32)CC1
C1CCC(CCCC2CCC3CCC(CC4CCCC5CCCC54)CC3C2)CC1
C1CCC(CCCC2CCC3C(CCC4C5CCCC5CCC34)C2)CC1
C1CCC2CC(CCCC3CCC4C3CCC3C5CCCCC5CCC43)CC2C1
C1CCC2CC(CCCC3CCCC4CCCCC43)CC2C1
C1CCC(CCCCC2CC3CCCCC3C2)CC1
C1CCC2CCC(C3CCCC4CCCC43)CC2CC1
C1CCC(C2CC3CCCC3C3CCC4CCCCC4C23)CC1
C1CCC(CCCCC2CCC3CCCCC23)CC1
C(CCC1CCC2C(CCC3C4CCCC4CCC23)C1)CC1CCC(C2CCC(C3CC4CCCC4C4CCCC5CCCCC5C34)CC2)CC1
C1CCC2C(C1)CCC1C3CCCC3CCC21
C1CCC(CCCCC2CCCC3CCC(C4CCCC5CCCC54)CC23)CC1
C1CCC(CCCC(CCC2CCC3CCCC3C2)CC2CCCCC2)CC1
C1CCC(CCCCC2CC3CCCCC3C2)CC1
C1CCC(C2CCC3CC4C(CCCC45CCC(C4CCCCC4)C(C4CCCCC4)C5)CC32)CC1
C1CCC(C2CCC3CC4(CCCCCC4C4CCCCC4)CCC32)CC1
C1CCC(CC2CCC(C3CC4CCCCC4C4CCC5CCCCC5C34)CC2)CC1
C1CCC(CCC2CCC3C(CCC3C3CCCCC3)C2)CC1
C1CCC(CCCCCC2CCCC3C(CC4CCCCC4)CCC23)CC1
C1CCC(CC2CCC(CCCCCC3CCCC4CCCCC34)C2)CC1
C1CCC(C2CCC3(CCC4CCC5C(CCC5C5CCCCC5)CC43)C2)CC1
C1CCC(C2CCC(CCCCCC3(C4CCCCC4)CCC3)C2)CC1
C1CCC(C2CCC3CCCC3C3CCC4CCCCC4CC23)CC1
C(CCCC1CCCCC1)CCCC1CCC(C2CCCCC2)C1
C(CCC1CCCCC2CCCCC12)CC1CCC2CCCCC2C1
C1CCC(CCCCCC2CC3CCCCC3C2)CC1
C1CCC(CC2CC3CCCCC3C3CCC4CCCCC4C23)CC1
C1CCC(CC2CCCC(C3CCC4CC(CCC5CCC6CCCCC6C5)CCC43)C2)C1
C1CCC(C2CCC3C(CCCCCC4CCC(C5CCCC5)C4)CCCC23)CC1
C1CCC2CCC(C3CCCC4CCCC43)CC2CC1
C1CCC(C2CCC3CC4C(CCC5C6CCC(CCCC7CCC8CCCCC8C7)C6CCCC45)CC32)CC1
C1CCC(CCCCCC2CC3CCCCC3C2)CC1
C1CCC(CCC2CCC(CCC3CCCC(CC4CCCC4)C3)CC2)CC1
C1CCC(CCCC2(CCCC3CCC4CCCCC4C3)CCC3C4CCC5CCCCC5C4CCC32)C1
C1CCC(CCCC2CCC3C2CCC2C4CC5CCC(C6CCCCC6)C5CCC4CCC32)CC1
C(CCCC1CCCC2C(C3CCCCC3)CCC12)CCC1CCCCC1
C1CCC(CCC2CCC(CCC3CCCC(CC4CCCCC4)C3)CC2)CC1
C1CCC2C(C1)CCC1C3CCCC3CCC21
C(CCCCCCC1CCCC2C1CCC1C3CCCCC3CCC21)CCCCCC1CCC(CCC2CCC(CCC3CCCC3)C2)C1
C1CCC2C(C1)CCC1C3CCCCC3CCC21
C(CCCC1CCCC2C1CCC2C1CCCC(CC2CCCC2)C1)CCC1CCCCC1
C(CCC1CCC2C1CCC1C3CCCCC3CCC21)CC1CC2CCCCC2C1
C1CCC(C2CC3CCCCC3C3CCCCC23)CC1
C1CCC(C2CC3CCCC3C3CCC4CCCCCC4C23)CC1
C1CCC2CCC3C4CCCC4CC(C4CCC(C5CCCC5)CC4)C3C2CC1
C1CCC(CCCCCC2CC3CCCCC3C2)CC1
C1CCC(C2CC3C(CCC4CC4)CCC3C3CCC4CCCCC4C23)CC1
C(CCCC1CCCC2C(C3CCCCC3)CCC12)CCC1CCCCC1
C1CCC(CCCCCC2CCCC3C(C4CCCCC4)CCC23)CC1
C1CCC(C2C3CCCC3CC3CC4CCCC4CC32)CC1
C(CCCC1CCCCC1)CCCC1CCC(C2CCCCC2)C1
C1CCC(C2CCC3CC4C(CCCC45CCCC5)CC32)CC1
C1CCC(CCC2CCC3C(CCC4CCCCC43)C2)CC1
C1CCC2CC(C3CCCC4CCCC43)CCC2C1
C1CCC2C(C1)CC(C1CCCC3CCCCC31)C1CCCC21
C(CCCC1CCC(C2CCCCC2)C1)CCC1CCCCC1
C1CCC(CCCC2(CCCC3CC4CCCCC4C3)CCC3C4CCC5CCCCC5C4CCC32)C1
C1CCC2CCC3C4CCC(CCCC5CC6CCCCC6C5)C4CCC3C2CC1
C1CCC2CC(CC3CCCC4CCCC43)CCC2C1
C1CCC(CCC2CCC3C(CCC4C5CCCC5CCC(CCC5CCCCC5)C34)C2)CC1
C1CCC(CCC(CC2CC3CCCCC3C2)C2CCC2)CC1
C1CCC2CC(CC3CCCC4CCCC43)CCC2C1
C1CCC(C2CCC3CC4C(CCC5C6CCC(CCCC7CC8CCCCC8C7)C6CCC45)CC32)CC1
C1CCC(C2CC3C(CCC4CC4)CCC3C3CCC4CCCCC4C23)CC1
C1CCC(C2CC3CCCCC3C3CCC4CCCCC4C23)CC1
C1CCC(CCCCC2CC3CCCCC3C2)CC1
C1CCC(CCCCC2CC3CCCCC3C2)CC1
C1CCC(CCCCCC2CCCC3C(C4CCCCC4)CCC23)CC1
C1CCC(CCCCCC2CCCC3C(C4CCCCC4)CCC23)CC1
C(CCC1CCCC2CCCC12)CC1CC2CCCCC2C1
C1CCC(CC2CCCCC2CC2CC3CCCCC3C3CCC4CCCCCC4C23)CC1
C1CCC(CCC(CCC2CCC3CCCC3C2)CC2CCCCC2)CC1
C1CCC(C2CCC3CCC4CCCCC4C3CC2)CC1
C1CCC2C(C1)CCCC1C3CCCC3CCC21
C1CCC(C2CCC3CC4CCCCC4CCC32)CC1
C1CCC2CC(C3CCCC4CCCC43)CCC2C1
C(CCC1CCCC2CCCCC12)CC1CC2CCCCC2C1
C1CCC(CC2CCC3C(CCC3C3CCCCC3)C2)CC1
C1CCC(CCC2CCCC3CC4C(CCC4C4CCCCC4)CC23)CC1
C1CCC2CCC(C3CCCC4CCCC43)CC2CC1
C1CCC2CC(C3CCCC4CCCC43)CCC2C1
C1CCC(CC2CCC3CC4C(CCC45CCCC5)CC23)CC1
C1CCC(CCCCC2CCC3CCCCC23)CC1
C1CCC(CCC2CCC3C(CCC3C3CCCCC3)C2)CC1
C1CCC2CCC3C4CCCC4CCC3C2CC1
C1CCC(CC2CCC3CC4C(CCC45CCCCC5)CC23)CC1
C1CCC(C2CCC3CC4C(CCC45CCCCC5)CC32)CC1
C(CCC1CCCC2CCCCC12)CC1CC2CCCCC2C1
C1CCC2CCC(C3CCCC4CCCC43)CC2CC1
C1CCC(CCCCCC2CC3CCCCC3C2)CC1
C1CCC(C2CCC3CC4C(CCC5C6CCC(CCCCC7CCC8CCCCC8C7)C6CCC45)CC32)CC1
C1CCC(CCCCC2CC3CCCCC3C2C2CCCCC2)CC1
C1CCC(C2CC3CCCC3C3CCCC4CCCCC4C23)CC1
C1CCC(CCC2CCC(CCC3CCCC(CC4CCCC4)C3)CC2)CC1
C1CCC(CCC2CCC3C2CCC(C2CCCCC2)C2C4CCCCCC4CCC32)CC1
C1CCC2C(C1)CC(C1CCCC3CCCC31)C1CCCC21
C1CCC(C2CCC3C(CCC4CCCCC43)C2)CC1
C1CCC2CCC(C3CCCC4CCCC43)CC2CC1
C(CCC1CCCC2CCCCC12)CC1CCCC2CCCCC12
C(CCC1CCC2C1CCC1C3CCCCC3CCC21)CC1CC2CCCCC2C1
C1CCC(C2CCC3CCCC3C3CCC4CCCCC4C23)CC1
C(CCCC1CCCC2CCCCC12)CCC1CCC(C2CCCCC2)C1
C(CCCCC1CCC(C2CCCCC2)C1)CCCC1CCCCC1
C1CCC(CCCCC2CC3CCCCC3C2C2CCCCC2)CC1
C1CCC(C2CCC3CC4C(CCC32)CCC42CCCC2)CC1
C1CCC2CC(CCCC3CCC4C3CCCC3C5CCCCC5CCC34)CC2C1
C1CCC(CC2CCC(CC(CC3CCCCC3)C3CCCCC3)CC2)CC1
C1CCC(C2CCC3CC4C(CCC5C6CCC(CCCCC7CC8CCCCC8C7)C6CCC45)CC32)CC1
C1CCC(CCC2CCC3CC4CCCCC4CCC3C2)CC1
C1CCC(C2CCC(CCCCCC3CCCC4CCCCC34)C2)CC1
C(CC1CC2CCCCC2C1)CC1CCC2C(CCC3C4CCCCC4CCC23)C1
C1CCC(CCCCCC2CCCC3C(C4CCCCC4)CCC23)CC1
C1CCC(C2CCC3CCC4(CCCCC4)C3C2)CC1
C1CCC(CCC(CCC2CCC3CCCC3C2)CC2CCCCC2)CC1
C1CCC(CCCCC2CC3CCCCC3C2)CC1
C1CCC(CCCCC2CCC3CCCCC23)CC1
C1CCC2C(C1)CCC1C3CCCCC3CCC21
C1CCC(C2CC3CCCC3C3CCCC4CCCCC4C23)CC1
C(CCC1CCCC2CCCCC12)CC1CCC2CCCCC2C1
C1CCC(C2CCC3C(CCC34CCCC4)C3CCC4CCCCC4C23)CC1
C1CCC(C2CCC3C(CCC3C3CCCCC3)C2)CC1
C1CCC2CC(CCCC3CCC4C3CCC3C5CCCCC5CCC43)CC2C1
C1CCC2CCC3C4CCCCC4CC(CC4CCCC4)C3C2CC1
C(CCCC1CCCCC1)CCCC1CCC(C2CCCCC2)C1
C1CCC2CCC(C3CCCC4CCCC43)CC2CC1
C1CCC(C2CCC3C(CCC4CCCCC43)C2)CC1
C1CCC(C2CC3C(CCC4CC4)CCC3C3CCCC4CCCCC4C23)CC1
C1CCC(C2CCC3CC4C(CCCC4CC4CCC5CCCCC54)CCC32)CC1
C1CCC2CCC(C3CCCC4CCCC43)CC2CC1
C1CCC(C2CC3CCCCC3C3CCC4CCCCC4C23)CC1
C(CCC1CCCC2CCCC12)CC1CC2CCCCC2C1
C1CCC(C2CCC3CCCCC3C3CCCCC23)CC1
C1CCC2CCC(C3CCCC4CCCC43)CC2CC1
C1CCC2C(C1)CCCC1CCCCC12
C1CCC(CCC2CCC3C(CCC3C3CCCCC3)C2)CC1
C1CCC(CCC2CCC3C(CCC3C3CCCCC3)C2)CC1
C1CCC(CCC2(CCCC3CC4CCCCC4C3)CCCC3C4CCC5CCCCC5C4CCC32)C1
C1CCC(CCCC2CCC3CCC(C4CCCC5CCCC54)CC3C2)CC1
C1CCC(CCC2CCC3C(CCC3C3CCCCC3)C2)CC1
C1CCC2C(C1)CCC1CCCCC12
C1CCC(CC2CC3CCCCC3C3CCC4CCCCC4C23)CC1
C1CCC2CC(CCCC3CCC4C3CCC3C5CCCCC5CCC43)CC2C1
C1CCC(CCCC2CCC3CCCC3C2)CC1
C1CCC(CCCCCC2CC3CCCCC3C2)CC1
C1CCC(C2CCC3CC4C(CCC45CCCCC5)CC32)CC1
C1CCC(CCCC2CCCC3CCCCC32)C2CCCCC2C1
C1CCC(CCC(CC2CCCCC2)C2CCCCC2)CC1
C(CCC1CCC2C1CCC1C3CCCCC3CCC21)CC1CC2CCCCC2C1
C1CCC2CCC3C4CCCCC4CC(CC4CCCC4)C3C2CC1
C1CCC2CCC(C3CCCC4CCCC43)CC2CC1
C1CCC(CCCCC2CC3CCCCC3C2)CC1
C1CCC(C2CCC3CC4C(CCCC45CCCC5)CCC32)CC1
C1CCC(CCC2(CCCC3CCC4CCCCC4C3)CCC3C4CCC5CCCCC5C4CCC32)C1
C1CCC(CC2CC3CCCCC3C3CCC4CCCCC4C23)C1
C1CCC(CCCCC2CCCC3CCCC23)CC1
C1CCC2C(C1)CCC1C3CCCC3CCC21
C1CCC2CC(C3CCCC4CCCC43)CCC2C1
C1CCC(CCC2CCC(CCC3CCCC(CC4CCCC4)C3)CC2)CC1
C1CCC2C(C1)CCCC2CCCC1CCCC2CCCCC21
C1CCC(C2CCC3CC4C(CCC32)CCC42CCCCC2)CC1
C1CCC(CCCCC2CC3CCCCC3C2)CC1
C1CCC(CCCCCC2CCCC3C(C4CCCCC4)CCC23)CC1
C1CCC(CC2CCC3C(CCC3C3CCCCC3)C2)CC1
C1CCC(CCCCCC2CCCC3C(C4CCCCC4)CCC23)CC1
C1CCC(C2CCC3CC4C(CCCC45CC(C4CCCCC4)C(C4CCCCC4)C5)CC32)CC1
C1CCC(CC2CC3CCCCC3C3CCC4CCCCC4C23)C1
C1CCC(C2CCC3CC4C(CCCC5CC5)CCCC4CC32)CC1
C1CCC2C(C1)CCC1C3CCCC3CCC21
C(CCCC1CCCCC1)CCCC1CCC(C2CCCCC2)C1
C1CCC(CCC2CCCCC3CC4C(CCC4C4CCCCC4)CC23)CC1
C1CCC(CCCCC2CCC3CCCCC23)CC1
C1CCC2CCC3C4CCCC4CCC3C2CC1
C(CCCC1CCCC2C(C3CCCCC3)CCC12)CCC1CCCCC1
C1CCC(C2CCC3C(CCC4CCCCC43)C2)C1
C1CCC2C(C1)CCC1C3CCCC3CCC21
C1CCC(CCC2CCC3C(CCC3C3CCCC(CC4CCCC4)C3)C2)CC1
C1CCC(C2CCC3CC4C(CCCC45CCCC5)CC32)CC1
C1CCC(CCC2CCC(C3CCC3)CC2)CC1
C1CCC(C2CCC3CCCC3C3CCC4CCCCC4C23)CC1
C1CCC(CCC2CCC3C(CC4CCCCC4)CCC3C2)CC1
C1CCC(C2CCC3C(CCC4CCCCC43)C2)CC1
C1CCC2CCC(C3CCCC4CCCC43)CC2CC1
C1CCC(CCC2CCC3C(CC4CCCCC4)CCC3C2)CC1
C1CCC(CCCCC2CCC3CCCCC23)CC1
C1CCC(CCC2CCC3C(CCC3C3CCCC(CCC4CCCC4)C3)C2)CC1
C1CCC(CC2CCC3CC4C(CCC45CCCC5)CC23)CC1
C1CCC(CCC2CCC3C(CCC4C5CCCC5CC(CCC5CCCCC5)C34)C2)CC1
C1CCC(C2CC3CCCC3C3CCC4CCCCCC4C23)CC1
C1CCC(C2CCC(C3CC4CCCC4C4CCC5CCCCC5C34)CC2)C1
C(CCC1CCCC2CCCCC12)CC1CCC2CCCCC2C1
C1CCC(CCCCC2CC3CCCCC3C2C2CCCCC2)CC1
C1CCC(C2CC3CCCC3C3CCC4CCCCC4C23)CC1
C1CCC(CCC2CCC3C(CCC4CCCCC43)C2)CC1
C1CCC(CCCCC2CCC3CCCCC23)CC1
C1CCC(CCC2CCC(CC3CCC4C(CCC4C4CCCCC4)C3)CC2)CC1
C1CCC2CCC(C3CCCC4CCCC43)CC2CC1
C1CCC2C(C1)CCCC2CCCC1CCC2C1CCC1C3CCCCC3CCC21
C1CCC(C2CCCC(CC3CC4CCCCC4C4CCC5CCCCC5C34)C2)C1
C1CCC(CC2CC3CCCCC3C3CCC4CCCCCC4C23)CC1
C1CCC(CCCCCC2CC3CCCCC3C2)CC1
C(CCCC1CCCCC1)CCC1CCCCC1
C1CCC(CCCC2CC3CCCCC3C2C2CCCCC2)CC1
C1CCC(CCCCCC2CC3CCCCC3C2)CC1
C(CCC1CCC2CCCCC2C1)CCC1CCCC2CCCCC12
C1CCC(CC2CC3CCCCC3C3CCC4CCCCC4C3C2)C1
C1CCC(C2CCC3CC4C(CCC32)CCC2C3CCC(CCCC5CCC6CCCCC6C5)C3CCC42)CC1
C1CCC(CCCCCC2CCC3CCCCC23)CC1
C1CCC(CC(CC2CCCCC2)C2CCCCC2)CC1
C1CCC(CCCCC2CC3CCCCC3C2)CC1
C1CCC2CCC(C3CCCC4CCCC43)CC2CC1
C1CCC(C2CC3CCCC3C3CCC4CCCCC4C23)CC1
C1CCC2CCC3C4CCC(CCCC5CC6CCCCC6C5)C4CCC3C2CC1
C1CCC(C2CCC3CC4(CCCCCC4C4CCCCC4)CCCC32)CC1
C1CCC(CCCCCC2CCCC3C(C4CCCCC4)CCC23)CC1
C1CCC2CCC(C3CCCC4CCCC43)CC2CC1
C1CCC(CCCC2CCCC3CCC(C4CCCC5CCCC54)CC3C2)CC1
C1CCC(CCCCCC2CCC3CCCC3C2)CC1
C1CCC(CCC(CC2CCC(CC3CCCCC3)CC2)C2CCCCC2)CC1
C(CCCCCCC1CCC(CCC2CCC(CCC3CCCC3)C2)C1)CCCCCCC1CCC2C1CCC1C3CCCCC3CCC21
C1CCC(CCCCCC2CCC3CCCCC23)CC1
C1CCC(CCCC2CCC(C3CCC4C(CCC4C4CCCCC4)C3)CC2)CC1
C1CCC(C2CCC3CCCC3C3CCC4CCCCC4C23)CC1
C1CCC(CCCCC2CC3CCCCC3C2)CC1
C1CCC(C2CCC3CC4C(CCCC45CCCCC5)CC32)CC1
C1CCC(CCCCCC2CCCC3C(C4CCCCC4)CCC23)CC1
C1CCC(CCCCCC2CCCC3C(C4CCCCC4)CCC23)CC1
C1CCC(C2CC3CCCC3C3CCC4CCCCC4C23)CC1
C1CCC(CCCCCC2CCCC3C(CC4CCCCC4)CCC23)CC1
C1CCC2CCC3C4CCCC4CC(C4CCC(C5CCCC5)CC4)C3C2CC1
C1CCC(CCC(CCC2CCC3CCCC3C2)CC2CCCCCC2)CC1
C1CCC(C2CC3CCCC3C3CCC4CCCCCC4C23)CC1
C1CCC2C(C1)CCC1C3CCCC3CCC21
C1CCC(CC2CC3CCCCC3C3CCC4CCCCCC4C23)CC1
C1CCC(CCC2CCC3C(CCC4C5CCCCC5CCC34)C2)CC1
C1CCC(CCC2CCC(C3CC3)CC2)CC1
C1CCC2C(C1)CCCC1C3CCCC3CCC21
C1CCC(CCCCC2CC3CCCCC3C2)CC1
C1CCC(C2CC3CCCC3C3CCC4CCCCC4C23)CC1
C1CCC(CC2CC3CCCCC3CC3CCC4CCCCC4C32)C1
C(CCCCC1CCC(C2CCCCC2)C1)CCCC1CCCCC1
C1CCC(CCC2(CCCCC3CCC4CCCCC4C3)CCC3C4CCC5CCCCC5C4CCC32)C1
C1CCC2C(C1)CCC1C2CCC2C3CCCC3CC21
C1CCC(C2CC3CCCC3C3CCC4CCCCCC4C23)CC1
C1CCC(CCCCC2CC3CCCCC3C2)CC1
C1CCC(CCCCC2CC3CCCCC3C2)CC1
C1CC(C2CCC(CC3CC4CCCC4C4CCC5CCCCC5C34)CC2)C1
C1CCC2CC(C3CCCC4CCCC43)CCC2C1
C(CCCC1CCC2CCCC2C1)CCCC1CCC(C2CCCCC2)C1
C1CCC(CCCCCC2CC3CCCCC3C2)CC1
C1CCC2CCC3C4CCCC4CCC3C2CC1
C1CCC(CCCCCC2CCCC3C(C4CCCCC4)CCC23)CC1
C1CCC(C2CCC3CC4C(CCCC45CCCC5)CC32)CC1
C1CCC2CC(CC3CCCC4CCCC43)CCC2C1
C1CCC(CC2CCC3CC4C(CCC5C6CCC(CCCC7CC8CCCCC8C7)C6CCC45)CC23)CC1
C1CCC(C2CCC3CC4C(CCC45CCCCCC5)CC32)CC1
C1CCC(CCCCC2CCC3CCCCC23)CC1
C1CCC(CCC2CCC3C2CCCC(C2CCCCC2)C2C4CCCCC4CCC32)CC1
C1CCC2CC(C3CCCC4CCCC43)CCC2C1
C1CCC(C2CC3CCCC3C3CCC4CCCCC4CC23)CC1
C1CCC(CCC2CCC3C(CCC3C3CCCCC3)C2)CC1
C1CCC(CCC2CCC(C3CCC4C(CCC4C4CCCCC4)C3)CC2)CC1
C1CCC(CCCCCC2CCC3CCCCC23)CC1
C1CCC2CCC3C(CCC4C3CCC4(CCCC3CCCC3)CCC3CCCC3)C2CC1
C1CCC(CCC2CCCC3CC4C(CC5CCCCC5)CCC4CC23)CC1
C1CCC(CCC2CC3CCCC3C3CCC4CCCCC4C23)CC1
C1CCC(CCC2CCC3C(CCC3C3CCCCC3)C2)CC1
C1CCC(CC2CCC3C(CC4CCCCC4)CCC3C2)CC1
C1CCC(CCC2CCC3C(CC4CCCCC4)CCC3C2)CC1
C1CCC2CC(C3CCCC4CCCC43)CCC2C1
C1CCC2CCC(C3CCCC4CCCC43)CC2CC1
C1CCC(CCC2CCC3C(CCC3C3CCCCC3)C2)CC1
C1CCC2C(C1)CCCC2CCCC1CCCC2CCCCC21
C(CCCC1CCCCC1)CCCC1CCC(C2CCCCC2)C1
C1CCC(CCCCCC2CCC3CCCCC23)CC1
C1CCC(CCCCC2CC3CCCCC3C2)CC1
C1CCC(CCCCCC2CCCC3C(C4CCCCC4)CCC23)CC1
C1CCC2C(C1)CCC1CCCCC12
C1CCC(C2CCC3CCCC3C3CCC4CCCCCC4C23)CC1
C1CCC(C2CCC3CC4C(CCCCC45CCCC5)CC32)CC1
C1CCC(CC2CCC(CC(CC3CCCCC3)C3CCCCC3)CC2)CC1
C1CCC(CCCCCC2CCCC3C(C4CCCCC4)CCC23)CC1
C(CCCC1CCCC2C(C3CCCCC3)CCC12)CCC1CCCCC1
C1CCC2C(C1)CCC1C3CCCC3CCC21
C1CCC2C(C1)CCC1C2CCCC2C3CCCC3CC21
C1CCC(C2CCC3CC4C(CCC5C6CCC(CCCC7CC8CCCCC8C7)C6CCC45)CC32)CC1
C1CCC2CCC3C4CCCC4CCC3C2CC1
C1CCC2C(C1)CC(C1CCCC1)C1CCCC21
C1CCC(CCCCCC2CCC3CCCC3C2)CC1
C1CCC(CCCC2CCC(CCC3CCCC(CC4CCCC4)C3)CC2)CC1
C1CCC(CCCCCC2CC3CCCCC3C2)CC1
C1CCC(CCC2(CCCC3CCC4CCCCC4C3)CCC3C4CCCC5CCCCC5C4CCC32)C1
C1CCC(CCCCC2CC3CCCCC3C2)CC1
C1CCC(CCC2CCC3C(CCC3C3CCCCC3)C2)CC1
C1CCC(CCC2CCC3C(CCC3C3CCCCC3)C2)CC1
C1CCC(CCC2(CCCCC3CCC4CCCCC4C3)CCC3C4CCC5CCCCC5C4CCC32)C1
C1CCC2C(C1)CCC1C3CCCCC3CCC21
C1CCC2C(C1)CCC1C3CCCC3CCC21
C(CCC1CCC2CCCCC2C1)CCC1CCCC2CCCCC12
C1CCC(C2CCC3CC4C(CCC32)CCC42CCCCC2)CC1
C1CCC2CCC3C4CCC(CCCC5CCCC6CCCCC65)C4CCC3C2CC1
C1CCC(CCCCC2CC3CCCCC3C2)CC1
C1CCC(CCCC2CCC3C(CCC4C5CCCC5CCC34)C2)CC1
C1CCC(CCC2CCC3C(CCC3C3CCCCC3)C2)CC1
C1CCC2C(C1)CCC1C3CCCC3CCC21
C1CCC(C2CCC3CC4C(CCC32)CCC42CCCCC2)CC1
C1CCC(CCCCC2CC3CCCCC3C2)CC1
C1CCC(CCCCCC2CCCC3C(C4CCCCC4)CCC23)CC1
C(CCC1CCCC1)CCC1CCCC2CCCCC12
C1CCC2CCCCC2C(CCCCC2CCCC3CCCCC23)C1
C1CCC(C2CCC3CC4(CCCCC4C4CCCCC4)CCCC32)CC1
C1CCC(C2CCC3CC4CCCCC4CC32)CC1
C(CCC1CCCC2CCCC12)CC1CC2CCCCC2C1
C1CCC(CCCCCC2CCC3CCCCC23)CC1
C1CCC(C2CCC(CCCCCC3CCCC4CCCCC34)C2)CC1
C1CCC2C(C1)CCC1C3CCCC3CCC21
C(CCCC1CCCCC1)CCCC1CCC(C2CCCCC2)C1
C1CCC2CCC(C3CCCC4CCCC43)CC2CC1
C1CCC(CCC2CCC3C(CCC3C3CCCCC3)C2)CC1
C1CCC(CC2CCC(CC(CC3CCCCC3)C3CCCCC3)CC2)CC1
C1CCC2CCC3C4CCCCC4CCC3C2CC1
C1CCC(CCCCC2CCC3CCCCC3C2)CC1
C1CCC(C2CCC3CCCC3C3CCC4CCCCC4CC23)CC1
C1CCC(C2CCC3CCC4C(CCC45CCCCC5)CC32)CC1
C1CCC(CCCC2CCC3C(CCC4C5CCCC5CCC34)C2)CC1
C(CCCC1CCCCC1)CCCC1CCC(C2CCCCC2)C1
C1CCC(CC(CC2CCCCC2)C2CCCCC2)CC1
C1CCC(CCCCC2CC3CCCCC3C2)CC1
C1CCC(C2CCCC(CC3CC4CCCCC4C4CCC5CCCCC5C4C3)C2)C1
C1CCC(C2CC3CCCC3C3CCC4CCCCCC4C23)CC1
C1CCC(CCCCC2CC3CCCCC3C2)CC1
C1CCC(CC2CC3CCCCC3C3CCC4CCCCCC4C23)CC1
C1CCC(C2CC3CCCCC3C3CCC4CCCCC4C23)CC1
C1CCC(CCCCC2CC3CCCCC3C2)CC1
C(CCCC1CCCCC1)CCCC1CCC(C2CCCCC2)C1
C1CCC(C2CC3CCCC3C3CCCC4CCCCC4C23)CC1
C1CCC(C2CCC(C3CC4CCCCC4C4CCC5CCCCC5C34)CC2)C1
C1CCC(CC2CC3CCCCC3C3CCC4CCCCC4C23)CC1
C1CCC(CC2CC3CCCCC3C3CCC4CCCCCC4C23)CC1
C1CCC2C(C1)CCC1C3CCCCC3CCC21
C1CCC2CCC(C3CCCC4CCCC43)CC2CC1
C1CCC(C2CCC3C(CCCCCC4CCC(C5CCCC5)C4)CCCC23)CC1
C1CCC(CCCCCC2CC3CCCCC3C2)CC1
C1CCC(C2CCC3CC4C(CCCC4CC4CCC5CCCCC54)CCC32)CC1
C1CCC(C2CC3CCCCC3C3CCC(CCCC4CCCC4)CC23)CC1
C1CCC(C2CCC3C(CCCC4CCCCC43)C2)C1
C1CCC(CCCCC2CCC3CCCCC3C2)C2CCCCC2CC1
C1CCC(C2CC3CCCC3C3CCC4CCCCCC4C23)CC1
C1CCC(CCC2(CCCC3CC4CCCCC4C3)CCC3C4CCC5CCCCC5C4CCC32)C1
C1CCC(CC2CC3CCCCC3C3CCC4CCCCCC4C23)CC1
C1CCC(C2CC3CCCC3C3CCC4CCCCCC4C23)CC1
C1CCC(CCC(CCCC2CCC3CCCC3C2)CC2CCCCC2)CC1
C1CCC2CC(CCCC3CCCC4C3CCC3C5CCCCC5CCC43)CC2C1
C1CCC(CCCCC2CC3CCCCC3C2)CC1
C1CCC2CC(CCCC3CCC4C3CCC3C5CCCCC5CCCC43)CC2C1
C(CCC1CCCC2CCCCC12)CC1CCC2CCCCC2C1
C1CCC2C(C1)CCC1C2CCCC2C3CCCC3CC21
C1CCC2C(C1)CCC1C3CCCCC3CCC21
C1CCC(CCCCCC2CCCC3C(CC4CCCCC4)CCC23)CC1
C1CCC(CCCCCC2CCC3CCCCC23)CC1
C1CCC(CCCCCC2CCC3CCCCC23)CC1
C(CCC1CCCC2CCCCC12)CCC1CCCC2CCCCC12
C1CCC(C2CC3CCCC3C3CCC4CCCCC4C23)CC1
C1CCC(CCCCCC2CCCC3C(C4CCCCC4)CCC23)CC1
C1CCC2CC(C3CCCC4CCCC43)CCC2C1
C1CCC(CCC2CCC(CCC3CCCC(CC4CCCC4)C3)CC2)CC1
C1CCC(C2CC3CCCC3C3CCCC4CCCCC4C23)CC1
C(CCC1CCCCC2CCCCC12)CC1CCC2CCCCC2C1
C1CCC(CCCCC2CC3CCCCC3C2)CC1
C1CCC(CCCCC2CC3CCCCC3C2)CC1
C1CCC(C2CC3CCCC3C3CCC4CCCCC4C23)CC1
C1CCC(C2CCC3CC4C(CCC45CCCCC5)CC32)CC1
C1CCC(CC2CCCC(C3CCC4CC(CCC5CCC6CCCCC6C5)CCC43)C2)C1
C1CCC2CC(CC3CCCC4CCCC43)CCC2C1
C1CCC2CC3CCC(C4CCCCC4)C3CC2CC1
C1CCC(CCC2(CCCCC3CC4CCCCC4C3)CCC3C4CCC5CCCCC5C4CCC32)C1
C1CCC2C(C1)CCC1CCCCC12
C1CCC(CCC2CCC3C(CCC3C3CCCCC3)C2)CC1
C1CCC(CC(CC2CCCCC2)C2CCCCC2)CC1
C1CCC(C2CCC3(CCC4CC5C(CCC5C5CCCCC5)CC43)C2)CC1
C1CCC(C2CC3CCCC3C3CCC4CCCCC4C23)CC1
C1CCC(C2CCC3CC4C(CCC5C6CCC(CCCCC7CCC8CCCCC8C7)C6CCC45)CC32)CC1
C1CCC(CCCC2CCC3CCCC3C2)CC1
C1CCC(CCCCC2CCC3CCCCC3C2)CC1
C1CCC(CCC2CCC3C(CCC4CCCCCC43)C2)CC1
C(CC1CCC(C2CCCC2)CC1)CC1CCC2CCCC2C1
C1CCC(CCCCC2CCC3CCCCC23)CC1
C1CCC(CCCCC2CCC3CCCCC23)CC1
C1CCC(CCCCC2CCC3CCCCC23)CC1
C1CCC(C2CCC3CC4C(CCC5C6CCC(CCCC7CCC8CCCCC8C7)C6CCCC45)CC32)CC1
C(CCC1CCCC2CCCC12)CC1CC2CCCCC2C1
C1CCC(CC2CC3(CCCC4CC5C(CCC5C5CCCCC5)CC43)CC2C2CCCCC2)CC1
C1CCC(CCCCC2CC3CCCCC3C2)CC1
C(CCC1(C2CCCC2)CCCC2CCCCC2C1)CC1CCC2CCCCC2C1
C1CCC(C2CC3CCCC3C3CCC4CCCCCC4C23)CC1
C1CCC2CCC3C(CCC4C3CCC4(CCCC3CC4CCCCC4C3)CCC3CCCC3)C2CC1
C1CCC(CCCC2CCC3CCC(C4CCCC5CCCC54)CC3C2)CC1
C1CCC(CC(CC2CCCCC2)C2CCCCC2)CC1
C1CCC(CCCCCC2CC3CCCCC3C2)CC1
C1CCC(CCCCCC2CC3CCCCC3C2)CC1
C1CCC2CC(C3CCCC4CCCC43)CCC2C1
C1CCC(C2CCC3CC4CCCCC4CC32)CC1
C1CCC2CCC(C3CCCC4CCCC43)CC2CC1
C1CCC(CCCC(CCC2CCC3CCCC3C2)CC2CCCCC2)CC1
C(CCC1CC2CCCCC2C1)CCC1CCCC2CCCC12
C1CCC(CC2CCC3CC4C(CCC5C6CCC(CCCC7CC8CCCCC8C7)C6CCC45)CC23)CC1
C1CCC(CCC2CCC3C(CCC3C3CCCCC3)C2)CC1
C1CCC2C(C1)CCC1C3CCCC3CCC21
C1CCC(CCC2CC3CCCCC3C3CCC4CCCCC4C23)C1
C1CCC(CCCCCC2CCCC3C(C4CCCCC4)CCC23)CC1
C1CCC(CCC2CCC(C3CCC4C(CCC4C4CCCCC4)C3)CC2)CC1
C1CCC(C2CC3CCCCC3C3CCCCC3C2)CC1
C(CCC1CCCC2CCCC12)CC1CC2CCCCC2C1
C1CCC2CCC(C3CCCC4CCCC43)CC2CC1
C1CCC(C2CCC3CC4C(CCC5C6CCC(CCCC7CC8CCCCC8C7)C6CCCC45)CC32)CC1
C1CCC2C(C1)CCC1C2CCC2C3CCCC3CCC21
C1CCC2C(C1)CC(C1CCCC3CCCCC31)C1CCCCC21
C1CCC(CCC2CCC3C(CCC3C3CCCCC3)C2)CC1
C1CCC(CC2CCC3C(CC4CCCCC4)CCC3C2)CC1
C1CCC2CCC(C3CCCC4CCCC43)CC2CC1
C1CCC(CCCCC2CC3CCCCC3C2)CC1
C1CCC2CC(C3CCC4CCCCC43)CCC2C1
C(CCC1CCC2CCCCC2C1)CCC1CCCC2CCCCC12
C1CCC2CCC(C3CCCC4CCCC43)CC2CC1
C1CCC(CCC2CCC3C(CCC3C3CCCCC3)C2)CC1
C1CCC(CCCCC2CC3CCCCC3C2)CC1
C1CCC(C2CCC3CCCC3C3CCC4CCCCC4CC23)CC1
C1CCC(CCCC2CCC3C(CCC3C3CCCCC3)C2)CC1
C1CCC(CC2CC3CCCCC3C3CCC4CCCCCC4C23)CC1
C(CCCC1CCCC2C(C3CCCCC3)CCC12)CCC1CCCCC1
C1CCC2CCC(C3CCCC3)CC2CC1
C1CCC(C2CCC3CC4C(CCC32)CCC2C3CCC(CCCC5CCC6CCCCC6C5)C3CCC42)CC1
C1CCC(CCCC2CCCC3C2CCC2C4CC5CCC(C6CCCCC6)C5CC4CCC32)CC1
C1CCC(C2CC3CCCCC3C3CCC4CCCCC4C23)CC1
C1CCC2CCC(C3CCCC4CCCC43)CC2CC1
C1CCC(CC2CCC3C(CCC3C3CCCCC3)C2)CC1
C1CCC2CCC(C3CCCC3)CC2CC1
C1CCC(CC2CCC3CCCCC3C3CCC4CCCCC4C23)CC1
C1CCC(CCC2CCC3C(CCC3C3CCCCC3)C2)CC1
C1CCC(C2CCCC3C(CCC4CCCCC43)C2)CC1
C1CCC(CC2CC3CCCCC3C3CCC4CCCCCC4C23)CC1
C1CCC(CC2CCC3CCCCC3C3CCC4CCCCC4C23)C1
C1CCC(CCC2CCC(CCC3CCCC(CC4CCCC4)C3)CC2)CC1
C1CCC(CCCCCC2CC3CCCCC3C2)CC1
C1CCC(CCCCCC2CCC3CCCCC3C2)CC1
C1CCC(CCCC2CCC(C3CCC4C(CCC4C4CCCCC4)C3)CC2)CC1
C1CCC2C(C1)CCC1CCCCC12
C1CCC(C2CCC3CC4C(CCC45CCCC5)CC32)CC1
C1CCC2CCC(C3CCCC4CCCC43)CC2CC1
C1CCC2C(C1)CCCC1CCCCC12
C1CCC(CCCC(CC2CC3CCCCC3C2)C2CC2)CC1
C1CCC(CCCCCC2CCCC3C(C4CCCCC4)CCC23)CC1
C1CCC(CCCCC2CC3CCCCC3C2)CC1
C1CCC(C2CCC3CC4C(CCCC45CCCCC5)CC32)CC1
C1CCC2C(C1)CCC1C3CCCCC3CCC21
C1CCC(CC(CC2CCCCC2)C2CCCCC2)CC1
C1CCC(CCC2(CCCC3CCC4CCCCC4C3)CCC3C4CCC5CCCCC5C4CCCC32)C1
C1CCC(CCCCCC2CCCC3C(C4CCCCC4)CCC23)CC1
C1CCC2C(C1)CCCC2CCCC1CCC2C1CCC1C3CCCCC3CCC21
C1CCC(C2CCC3CCCC3C3CCC4CCCCCC4C23)CC1
C1CCC(C2CCC3CC4C(CCC45CCCCC5)CC32)CC1
C(CCCC1CCCC2C(C3CCCCC3)CCC12)CCC1CC1
C1CCC2CCC3C4CCCC4CC(C4CCC(CCCCC5CCC6C(CCC7C8CCCC8CCC67)C5)CC4)C3C2CC1
C1CCC(C2CCC3CC4C(CC5CCC6CCCCC65)CCCCC4CC32)CC1
C1CCC2C(C1)CCC1C3CCCC3CCC21
C1CCC(CCCCCC2CC3CCCCC3C2)CC1
C1CCC(CCCCCC2CC3CCCCC3C2)CC1
C1CCC(C2CCC3CC4C(CCC5C6CCC(CCCC7CCCC8CCCCC87)C6CCC45)CC32)CC1
C1CCC(CCC2CCC3C(CCC4CC(C5CCCCC5)CCC43)C2)CC1
C1CCC(CCC2CCC3C(CC4CCCCC4)CCC3C2)CC1
C1CCC(CCCC2CCC3C(CCC4C5CCCC5CC(CCC5CCCCC5)C34)C2)CC1
C1CCC(C2CCC3C(CCC4CCCCC43)C2)CC1
C1CCC2C(C1)CCC1C3CCCC3CCC21
C1CCC(CCCCC2CCC3CCCCC23)CC1
C1CCC(CCCCCC2CCC3CCCCC23)CC1
C1CCC(CCC2CCCCC3CC4C(CCC4C4CCCCC4)CC23)CC1
C1CCC(CCC2CCC3C(CCC3C3CCCCC3)C2)CC1
C1CCC(CC2CCC3C(CCCCCC4CCC(C5CCCC5)C4)CCCC23)CC1
C1CCC(CCC2CCC3C(CCC3C3CCCCC3)C2)CC1
C1CCC(CCCCC2CC3CCCCC3C2)CC1
C1CCC(CCC2CCC(CCC3CCCC(CC4CCCC4)C3)CC2)CC1
C1CCC(CCC2CCC(C3CC3)CC2)CC1
C1CCC(C2CC3CCCC3C3CCC4CCCCC4CC23)CC1
C1CCC(CCC2CCC3C(CCC3C3CCCCC3)C2)CC1
C(CCCC1CCCC2C(C3CCCCC3)CCC12)CCC1CCCCC1
C1CCC(CCCCCC2CCC3C(CC4CCCCC4)CCC3C2)CC1
C1CCC(C2CCC3(CCC4CC5C(CCC5C5CCCCC5)CC43)C2)CC1
C(CCC1CCCC2CCCCC12)CC1CCC2CCCCC2C1
C1CCC(CC2CCC(C3CC4CCCC4C4CCC5CCCCC5C34)CC2)CC1
C1CCC(C2CC3CCCC3C3CCC4CCCCCC4C23)CC1
C1CCC(CCCC2CCC3C(CCC3C3CCCCC3)C2)CC1
C1CCC(C2CCC3CC4(CCCCC4C4CCCCC4)CCCC32)CC1
C1CCC2CCC(C3CCCC4CCCC43)CC2CC1
C1CCC(C2CCC3CC4C(CCCCC45CC(C4CCCCC4)C(C4CCCCC4)C5)CC32)CC1
C1CCC2CCC3C4CCC(CCCC5CCCC6CCCCC65)C4CCC3C2CC1
C(CCC1CCCC2CCCC12)CC1CC2CCCCC2C1
C1CCC2C(C1)CCCC1C3CCCC3CCC21
C1CCC2C(C1)CCC1C3CCCC3CCC21
C(CCC1CCCC2CCCCC12)CC1CCC2CCCCC2C1
C1CCC2CCC(C3CCCC4CCCC43)CC2CC1
C1CCC2CC(C3CCCC4CCCC43)CCC2C1
C1CCC2CC(CCCC3CCC4C3CCC3C5CCCCC5CCC43)CCC2C1
C1CCC(CC2CCC(CC(CC3CCCCC3)C3CCCCC3)CC2)CC1
C1CCC2C(C1)CCC1C2CCC2C3CCCC3CC21
C1CCC(CCCCCC2CCCC3C2CCC3C2CCCC(CC3CCCC3)C2)CC1
C1CCC(C2CCC3CCCC3C3CCC4CCCCC4C3C2)CC1
C1CCC(CCC2CCC3C(CCC3C3CCCCC3)C2)CC1
C(CC1CCC2CCCC2C1)CC1CCCC2CCC(C3CCCC4CCCC43)CC2C1
C1CCC(C2CC3CCCC3C3CCC4CCCCCC4C23)CC1
C1CCC(CCCCC2CCC3CCCCC23)CC1
C1CCC2C(C1)CCC1C2CCC2C3CCCC3CCC21
C1CCC2CCC3C4CCCC4CCC3C2CC1
C1CCC(CCC2CCC(C3CCC4C(CCC4C4CCCCC4)C3)CC2)CC1
C1CCC(C2CC3CCCC3C3CCC4CCCCC4C23)CC1
C1CC(C2CCC(C3CC4CCCC4C4CCCC5CCCCC5C34)CC2)C1
C1CCC(CC2CC3CCCCC3C3CCC4CCCCC4C23)C1
C1CCC(CCC(CCC2CCCCC2)CCC2CCC3CCCC3C2)CC1
C(CCCC1CCCC2C(C3CCCCC3)CCC12)CCC1CCCCC1
C(CCC1CCC2C1CCC1C3CCCCC3CCC21)CC1CCC2CCCCC2C1
C1CCC2CC(CC3CCCC4CCCC43)CCC2C1
C1CCC(C2CCC3C(CCCC4CCCCC43)C2)CC1
C(CCC1CCCC1)CCC1CCCC2CCCCC12
C(CCC1CCC2C(CCC3C4CCCC4CCC23)C1)CC1CCC(C2CC3CCCC3C3CCC4CCCCC4C23)CC1
C1CCC2C(C1)CCC1CCCCC12
C1CCC(CCCCCC2CCCC3C(C4CCCCC4)CCC23)CC1
C1CCC2CC(C3CCCC4CCCC43)CCC2C1
C1CCC(C2CCC3(CCC4CCC5C(CCC5C5CCCCC5)CC43)C2)CC1
C1CCC2C(C1)CCC1C3CCCC3CCC21
C1CCC2C(C1)CCC1C2CCC2C3CCCC3CC21
C1CCC(CC2CCC(CC(CC3CCCCC3)C3CCCCC3)CC2)CC1
C1CCC2C(C1)CCC1C3CCCC3CCC21
C(CCCC1CCCC2C(C3CCCCC3)CCC12)CCC1CCCCC1
C1CCC2CC(CCCC3CCC4C3CCCC3C5CCCCC5CCC34)CC2C1
C1CCC2C(C1)CCC1C3CCCC3CCC21
C1CCC(C2CCC(CC3CC4CCCCC4C4CCC5CCCCCC5C34)CC2)CC1
C1CCC(CCC2CCC3C(CCC3C3CCCC(CCC4CCCCC4)C3)C2)CC1
C1CCC(CCCCC2CCCC3CCC(C4CCCC5CCCC54)CC3C2)CC1
C1CCC2CC(C3CCCC4CCCC43)C3CCCC3C2CC1
C1CCC(CCCCC2CC3CCCCC3C2)CC1
C1CCC2CCC3CCCCC3C2CC1
C1CCC(CCCCCC2CCC3CCCCC23)CC1
C1CCC2CC(C3CCCC4CCCC43)CCC2C1
C1CCC(CCCCCC2CCCC3C(C4CCCCC4)CCC23)CC1
C1CCC(CCCCCC2CC3CCCCC3C2)CC1
C1CCC(C2CCC(CCCCCC3CCCC4CCCCC34)C2)CC1
C1CCC(C2CCC3CC4(CCCCC4C4CCCCC4)CCCC32)CC1
C1CCC(CC2CCC3C(CCC3C3CCCCC3)C2)CC1
C1CCC2C(C1)CCC1C3CCCCC3CCC21
C(CCC1CCCC2CCCCC12)CC1CCCC2CCCCC2C1
C1CCC(CCCCC2CC3CCCCC3C2)CC1
C(CCC1CCC(C2CCCC2)C1)CCC1CCCC2CCCCC12
C1CCC(C2CC3CCCC3C3CCC4CCCCC4C23)CC1
C1CCC(CCCC2CC3CCCCC3C2C2CCCCC2)CC1
C1CCC(CCCC2CCC3C(CCC3C3CCCCC3)C2)CC1
C1CCC(CC2CC3CCCCC3C3CCC4CCCCC4C23)C1
C1CCC(C2CC3CCCC3C3CCC4CCCCC4C23)CC1
C1CCC(CCC2CCC3C(CCC3C3CCCCC3)C2)CC1
C1CCC2CC(C3CCCC4CCCC43)CCC2C1
C1CCC(CCCCC2CC3CCCCC3C2)CC1
C1CCC(CCC2CCC3C(CCC3C3CCCCC3)C2)CC1
C1CCC(C2CCC3CC(C4CCC(CCC5CCCC5)CC4)CCC32)CC1
C1CCC(CCCCC2CCC3C2CCC2C4CCCCC4CCCC32)CC1
C1CCC(CCCCCC2CCCC3C(C4CCCCC4)CCC23)CC1
C1CCC(C2CCC3CCCC3C3CCC4CCCCC4C23)CC1
C(CCCC1CCC2CCCC2C1)CCC1CCCCC1
C1CCC(CCCCC2CCCC(C3CCC4CC(CCC5CCC6CCCCC6C5)CCC43)C2)CC1
C1CCC(C2CC3CCCC3C3CCC4CCCCC4C23)CC1
C1CCC(CCCC2(CCC3CCCC3)CCC3C4CCC5CCCCC5C4CCC32)CC1
C1CCC2CC(CCCC3CCC4C3CCCC3C5CCCCC5CCC34)CC2C1
C1CCC2CCC(C3CCCC4CCCC43)CC2CC1
C1CCC(CCCCCC2CCCC3CCCC23)CC1
C1CCC(CCCC2CCC3CCC(CC4CCCC5CCCC54)CC3C2)CC1
C1CCC(CC2CCC3C(CCC3C3CCCCC3)C2)CC1
C1CCC2CCC3C4CCCC4CCC3C2CC1
C1CCC(CC2CCC3C(CCC3C3CCCCC3)C2)CC1
C1CCC2C(C1)CCCC2CCCC1CCCC2C1CCC1C3CCCCC3CCC21
C(CCCC1CCCCC1)CCCC1CCC(C2CCCCC2)C1
C1CCC2C(C1)CCCC1CCCCC12
C1CCC(CCCCCC2CCCC3C(C4CCCCC4)CCC23)CC1
C1CCC(C2CC3CCCC3C3CCC4CCCCC4C23)CC1
C1CCC(C2CC3CCCCC3C3CCCCC3C2)CC1
C1CCC(CC2CC3CCCCC3C3CCC4CCCCC4C23)CC1
C1CCC2C(C1)CCC1C3CCCC3CCC21
C1CCC(C2CCC(CCCC3CCC4C3CCC3C5CCCCCC5CCC43)C2)CC1
C1CCC(CCC(CCC2CCC3CCCC3C2)CC2CCCCC2)CC1
C1CCC(CCCC2CCCC3CCC(CC4CCCC5CCCC54)CC23)CC1
C1CCC(CCCCC2CCCC3CCCC23)CC1
C1CCC(CCCCC2CC3CCCCC3C2)CC1
C1CCC(C2CC3CCCCC3C3CCCCC23)CC1
C1CCC2C(C1)CCC1C3CCCC3CCCC21
C1CCCC(C2CCC3CC4C(CCC5C6CCC(CCCC7CC8CCCCC8C7)C6CCC45)CC32)CC1
C1CCC(CCCCCC2CCCC3C(C4CCCCC4)CCC23)CC1
C1CCC(CCCCCC2CC3CCCCC3C2)CC1
C1CCC(CCCC2CCC3C(CCC4C5CCCC5CCC34)C2)CC1
C1CCC(CCCCCC2CCCC3C(C4CCCCC4)CCC23)CC1
C1CCC(CCC2CCC3C(CC4CCCCC4)CCC3C2)CC1
C1CCC(C2CC3CCCC3C3CCCC4CCCCC4C23)CC1
C1CCC(CCC2CCC3C(CCC3C3CCCCC3)C2)CC1
C1CCC(C2CCC3CC4C(CCCC45CC(C4CCCCC4)C(C4CCCCC4)C5)CC32)CC1
C1CCC(C2CCC3CC4C(CCCC45CCCC5)CC32)CC1
C1CCC(CCC2CCC3C(CCC3C3CCCC(CCC4CCCC4)C3)C2)CC1
C1CCC(C2CCC3CC4C(CCCC45CCCCC5)CC32)CC1
C1CCC(C2CCC3CC4C(CCC32)CCC42CCCCC2)CC1
C1CCC(CCCCCC2CC3CCCCC3C2)CC1
C(CCCCCCC1CCC(CCC2CCC(CCC3CCCC3)C2)C1)CCCCCCC1CCC2C1CCC1C3CCCCC3CCC21
C(CCC1CCCC2CCCC12)CC1CC2CCCCC2C1
C(CCCC1CCCC2C(C3CCCCC3)CCC12)CCC1CCC(C2CCCC2)C1
C(CCC1CCCC2CCCC12)CC1CC2CCCCC2C1
C1CCC(CCCCC2CC3CCCCC3C2)CC1
C(CCCCC1CCC(C2CCCCC2)C1)CCCC1CCCCC1
C1CCC(CCCCCC2CC3CCCCC3C2)CC1
C(CCCC1CCCCC1)CCCC1CCC(C2CCCCC2)C1
C1CCC(CCCCCC2CC3CCCCC3C2)CC1
C1CCC(C2CCC3C(CCC4CC4)CCC3C3CCC4CCCCC4C23)CC1
C1CCC(C2CCC3CC4C(CCCC4CC4CCC5CCCCC54)CCC32)CC1
C1CCC(C2CCC3CC4C(CCCC45CCCC5)CC32)CC1
C1CCC(CCC2CCCCC2)CC1
C1CCC(CCCC2CCC3CCC(C4CCCC5CCCC54)CC3C2)CC1
C1CCC(CCCCC2CCC3CCCCC23)CC1
C(CCCC1CCCCC1)CCCC1CCC(C2CCCCC2)C1
C1CCC(CCCC2CCCC3CCCCC32)C2CCCCC2C1
C1CCC2C(C1)CCC1C3CCCC3CCC21
C1CCC(CCCCC2CCC3CCCCC23)CC1
C1CCC2C(C1)CCC1C2CCC2C3CCCC3CC21
C1CCC(CCC2CCC3C(CCC3C3CCCC(CCC4CCCC4)C3)C2)CC1
C1CCC(CC2CC3CCCCC3C3CCC4CCCCC4C3C2)CC1
C1CCC(CC2CC3CCCCC3CC3CCC4CCCCC4C32)CC1
C1CCC(CC2CC3CCCCC3C3CCC4CCCCC4C23)CC1
C1CCC(CCC2CC3CCCC3CC3CCC4CCCCC4C23)CC1
C1CCC(C2CCC3CCCC3C3CCC4CCCCC4C23)CC1
C1CCC(CCC2CCC3C(CCC3C3CCCC(CC4CCCC4)C3)C2)CC1
C1CCC(CCC2CCC(C3CCC4C(CCC4C4CCCCC4)C3)CC2)CC1
C1CCC2CCC3C(CCC4C3CCC4(CCCC3CC4CCCCC4C3)CCC3CCCC3)C2CC1
C1CCC(C2CCC3CC4C(CCCC45CCCC5)CC32)CC1
C1CCC(CCCCCC2CC3CCCCC3C2)CC1
C1CCC2CCC(C3CCC4CCCCC43)CC2CC1
C1CCC2CCC3C4CCC(CCCC5CCCC5)C4CCC3C2CC1
C1CCC2CCC(C3CCCC4CCCC43)CC2CC1
C(CCCC1CCCCC1)CCCC1CCC(C2CCCCC2)C1
C1CCC(CCCC2CCC3C(CCC4CC(C5CCCCC5)CCC43)C2)CC1
C1CCC(CCCCCC2CCC3CCCCC23)CC1
C1CCC(C2CC3CCCC3C3CCC4CCCCCC4C23)CC1
C1CCC(CCC2CCC3C(CCC3C3CCCCC3)C2)CC1
C1CCC2CC(C3CCCC4CCCC43)CCC2C1
C1CCC2CCC(C3CCCC4CCCC43)CC2CC1
C(CCC1CCCC2CCCCC12)CC1CCCC2CCCCC12
C(CCC1CC2CCCCC2C1)CCC1CCCC2CCCC12
C(CCC1CC2CCCCC2C1)CCC1CCCC2CCCC12
C1CCC2CC(CC3CCCC4CCCC43)CCC2C1
C1CCC(CC2CCC(CC(CC3CCCCC3)C3CCCCC3)CC2)CC1
C1CCC(C2CCC3CC4C(CCC45CCCCCC5)CC32)CC1
C1CCC(C2CC3CCCC3C3CCC4CCCCCC4C23)CC1
C(CCCC1CCC(C2CCCCC2)C1)CCC1CCCCC1
C1CCC2C(C1)CCC1C3CCCC3CCC21
C1CCC2CCC(C3CCCC4CCCC43)CC2CC1
C1CCC2CCC(C3CCCC4CCCC43)CC2CC1
C1CCC2CCC(C3CCCC4CCCC43)CC2CC1
C1CCC(CCCCCC2CC3CCCCC3C2)CC1
C1CCC(C2CCC3CCC4C(CCC45CCCC5)CC32)CC1
C(CCC1CCC2CCCCC2C1)CCC1CCCC2CCCC12
C1CCC(CCC2CCC3C(CCC3C3CCCCC3)C2)CC1
C1CCC(CCCCCC2CCCC3C(C4CCCCC4)CCC23)CC1
C1CCC2C(C1)CCC1C3CCCC3CCC21
C(CCCC1CCCC2C(C3CCCCC3)CCC12)CCC1CCCCC1
C1CCC2C(C1)CCC1C2CCC2C3CCCC3CC21
C1CCC(CCCCCC2CCC3CCCCC23)CC1
C1CCC2CC(CCCC3CCC4C3CCC3C5CCCCC5CCCC43)CC2C1
C1CCC2CC(CCCC3CCC4C3CCC3C5CCCCC5CCC43)CC2C1
C1CCC2C(C1)CCC1C3CCCC3CCC21
C1CCC(CCC2CCC3C(CCC3C3CCCCC3)C2)CC1
C1CCC(CCCC2CCCC3CCC(C4CCCC5CCCC54)CC3C2)CC1
C1CCC(C2CCC3CCC4C(CCC5C6CCC(CCCC7CCC8CCCCC8C7)C6CCC45)CC32)CC1
C1CCC2CCC(C3CCCC4CCCC43)CC2CC1
C1CCC(CC2CCC3C(CC4CCCCC4)CCC3C2)CC1
C1CCC2CC(CCCC3CCCC4CCCCC43)CC2C1
C(CCC1CCCC2CCCCC12)CC1CCC2CCCCC2C1
C1CCC2CC(CCCC3CCC4C3CCC3C5CCCCC5CCC43)CCC2C1
C1CCC(C2CC3CCCCC3C3CCC4CCCCC4C23)CC1
C1CCC(C2CC3CCCCC3C3CCCCC23)CC1
C1CCC(CCC2CCC(CC3CC3)CC2)CC1
C1CCC(CCCCCC2CCC3CCCCC23)CC1
C1CCC2CCC(C3CCCC4CCCC43)CC2CC1
C1CCC2CCC(C3CCCC3)CC2CC1
C1CCC2C(C1)CCC1C3CCCC3CCC21
C1CCC(CC2CCC(CC(CC3CCCCC3)C3CCCCC3)CC2)CC1
C1CCC(C2CC3CCCC3C3CCC4CCCCCC4C23)CC1
C1CCC2C(C1)CCC1C3CCCCC3CCC21
C1CCC(CCCCCC2CC3CCCCC3C2)CC1
C1CCC2CC(C3CCCC4CCCC43)CCC2C1
C1CCC2C(C1)CCC1C3CCCCC3CCC21
C1CCC(C2CCC3C(CCCCCC4CC4)CCCC23)CC1
C1CCC(C2CCC3CC4C(CCC45CCCCC5)CC32)CC1
C1CCC(C2CCC(CCCCCC3(CC4CCCC4)CCCC4CCCCC43)C2)CC1
C1CCC2CC(C3CCCC4CCCC43)CCC2C1
C1CCC(CCCCCC2CCCC3C(CC4CCCCC4)CCC23)CC1
C1CCC(CCCC(CCC2CCC3CCCC3C2)CC2CCCCC2)CC1
C1CCC(CCCC2CCC(C3CCC4C(CCC4C4CCCCC4)C3)CC2)CC1
C1CCC2CC(CCCC3CCC4C3CCCC3C5CCCCC5CCC34)CC2C1
C1CCC(C2CC3CCCC3C3CCC4CCCCC4CC23)CC1
C1CCC(CCCCCC2CC3CCCCC3C2)CC1
C1CCC(CCCCC2CC3CCCCC3C2)CC1
C(CCC1CCCC2CCCC12)CC1CC2CCCCC2C1
C(CCC1CCC2CCCCC2C1)CCC1CCCC2CCCCC12
C1CCC(CC2CC3CCCCC3CC3CCC4CCCCC4C32)CC1
C1CCC(C2CCC(CCCCCC3CCCC4CCCCC34)C2)CC1
C1CCC2C(C1)CC(C1CCCC3CCCCC31)C1CCCCC21
C(CCCC1CCCC2C(C3CCCCC3)CCC12)CCC1CCCCC1
C1CCC(CC2CC3CCCCC3C3CCC4CCCCC4C23)CC1
C1CCC(CC2CCC3C(CCC3C3CCCCC3)C2)CC1
C1CCC(C2CCC(CC3CC4CCCCC4C4CCC5CCCCCC5C34)CC2)CC1
C(CCC1CCCC2CCCC12)CC1CC2CCCCC2C1
C1CCC2CC(CCCC3CCC4C3CCC3C5CCCCC5CCC43)CC2C1
C1CCC(CCCCC2CC3CCCCC3C2)CC1
C1CCC2CC(C3CCCC4CCCC43)CCC2C1
C(CCC1CCC2CCCCC2C1)CCC1CCCC2CCCCC12
C1CCC(CCCCC2CCC3CCCCC23)CC1
C1CCC(C2CCC3CC4C(CCC5C6CCC(CCCCC7CCC8CCCCC8C7)C6CCC45)CC32)CC1
C1CCC(CCC2CCC3C(CCC3C3CCCCC3)C2)CC1
C1CCC(CC2CC3CCCCC3C3CCC4CCCCCC4C23)CC1
C(CCCC1CCCC2C(C3CCCCC3)CCC12)CCC1CCCCC1
C1CCC(CCCCCC2CC3CCCCC3C2)CC1
C1CCC2CC(C3CCCC4CCCC43)CCC2C1
C1CCC(CCCC2CCC3CCC(C4CCCC5CCCC54)CC3CC2)CC1
C1CCC(CCCCC2CC3CCCCC3C2)CC1
C1CCC(CCCCC2CCC3CCCCC23)CC1
C(CCCC1CCCC2C(C3CCCCC3)CCC12)CCC1CCCCC1
C1CCC(CCCCC2CC3CCCCC3C2)CC1
C1CCC(CCCC2CCC(CCC3CCCCC3)CC2)CC1
C1CCC(C2CC3CCCCC3C3CCC4CCCCC4C23)CC1
C1CCC(CCCC2(CCCC3CC4CCCCC4C3)CCC3C4CCC5CCCCC5C4CCC32)C1
C(CCCC1CCCC2C(C3CCCCC3)CCC12)CCC1CCCCC1
C(CCCC1CCC2CCCC2C1)CCC1CCCCC1
C1CCC(C2CC3CCCC3C3CCC4CCCCCC4C23)CC1
C1CCC(CC2CC3CCCCC3C3CCC4CCCCCC4C23)CC1
C1CCC(CCC(CC2CC2)CC2CC3CCCCC3C2)CC1
C1CCC(CCC2CCCC3CCC4C(CCC4C4CCCCC4)CC23)CC1
C1CCC2CCC(C3CCCC4CCCC43)CC2CC1
C1CCC(C2CC3CCCC3C3CCC4CCCCC4C23)CC1
C1CCC(CCCCCC2CCCC3C(CC4CCCCC4)CCC23)CC1
C1CCC2CCC(C3CCCC4CCCC43)CC2CC1
C1CCC(CCCC2CCC3C2CCC2C4CC5CCC(C6CCCCC6)C5CC4CCC32)CC1
C1CCC2CC(CCCC3CCC4C3CCC3C5CCCCC5CCC43)CC2C1
C1CCC(CCCCC2CCC3CCCCC23)CC1
C1CCC(C2CCC3CC4CCCCC4CC32)CC1
C1CCC(C2CCC3CC4C(CCCC45CCCC5)CC32)CC1
C1CCC(CCC2CCC3C(CCC3C3CCCC(CCCC4CCCC4)C3)C2)CC1
C1CCC(C2CCC3CCC4CCCCC4C3CC2)CC1
C1CCC2CC(C3CCCC4CCCC43)CCC2C1
C1CCC(C2CC3CCCC3C3CCCC4CCCCC4C23)CC1
C1CCC(C2CC3CCCCC3C3CCC4CCCCC4C23)CC1
C(CCCC1CCCCC1)CCCC1CCC(C2CCCCC2)C1
C1CCC(CC2CC3CCCCC3C3CCC4CCCCCC4C23)CC1
C1CCC(CCCCCC2CC3CCCCC3C2)CC1
C(CCCCC1CCC(C2CCCCC2)C1)CCCC1CCCCC1
C1CCC2CCC3C4CCCC4CCC3C2CC1
C1CCC(C2CCC3CCCC3C3CCC4CCCCC4C23)CC1
C1CCC(CC2CCC3C(CCC3C3CCCCC3)C2)CC1
C(CCCC1CCCC2C(C3CCCCC3)CCC12)CCC1CCCCC1
C1CCC(CCC2CCC3C(CCC4C5CCCC5CCC34)C2)CC1
C1CCC2C(C1)CCC1C3CCCC3CCC21
C1CCC(CCCCCC2CC3CCCCC3C2)CC1
C(CCC1CCC2CCCCC2C1)CCC1CCCC2CCCCC12
C1CCC(CCCCC2CCC3CCCCC23)CC1
C1CCC2CCC3C(CCC4C5CCCC5CC43)C2CC1
C1CCC(CCC2CCC3C(CCC3C3CCCCC3)C2)CC1
C1CCC(C2CCC3CC4C(CCC5C6CCC(CCCCC7CCC8CCCCC8C7)C6CCC45)CC32)CC1
C1CC2CCCC2C(CC2CC3CCCCC3C3CCCC23)C1
C1CCC(C2CC3CCCCC3C3CCCCC23)CC1
C1CCC2C(C1)CCC1CCCCC12
C(CCCC1CCCCC1)CCCC1CCC(C2CCCCC2)C1
C(CCCC1CCCC2C(C3CCCCC3)CCC12)CCC1CCCCC1
C1CCC(CC2CCC3C(CCCCCC4CC4)CCCC23)CC1
C1CCC2CCC3C4CCC(CCCC5CC6CCCCC6C5)C4CCC3C2CC1
C(CCCC1CCCC2C(C3CCCCC3)CCC12)CCC1CCCCC1
C1CCC2CC(C3CCCC4CCCC43)CCC2C1
C1CCC(C2CCC3CC4C(CCC5C6CCC(CCCCC7CCC8CCCCC8C7)C6CCC45)CC32)CC1
C1CCC(CCCCC2CC3CCCCC3C2)CC1
C1CCC2C(C1)CCC1C3CCCC3CCC21
C1CCC(C2CCC3(CCC4CC5C(CCC5C5CCCCC5)CCC43)C2)CC1
C1CCC2C(C1)CCC1C3CCCC3CCC21
C1CCC(C2CC3CCCC3C3CCC4CCCCC4C23)CC1
C1CCC2CCC(C3CCCC4CCCC43)CC2CC1
C1CCC(CCCCCC2CCC3CCCCC23)CC1
C1CCC(CC2CC3CCCCC3C3CCC4CCCCCC4C23)CC1
C(CCC1CCC2CCCCC2C1)CCC1CCCC2CCCCC12
C1CCC2CC(CCCC3CCC4C3CCC3C5CCCCC5CCC43)CC2C1
C1CCC(C2CCC3CC4C(CCCC45CCCCC5)CC32)CC1
C1CCC(CCC2CCC3C(CCC4C5CCCC5CC(CCC5CCCCC5)C34)C2)CC1
C1CCC(C2CCC3CC4C(CCCC45CCCC5)CC32)CC1
C1CCC(CCCCCC2CCC3CCC(C4CCCC5CCCC54)CC3C2)CC1
C1CCC(C2CCC3CC4C(CCCC45CCCC5)CC32)CC1
C1CCC(C2CC3CCCC3C3CCC4CCCCCC4C23)CC1
C(CCC1CCC2CCCCC2C1)CCC1CCCC2CCCCC12
C1CCC(CCCC2CCCC(C3CCC4CC(CCC5CCC6CCCCC6C5)CCC43)C2)CC1
C(CCC1CCCC2CCCCC2C1)CCC1CCC(C2CCCCC2)C1
C1CCC(CCC2CCC3C(CCC3C3CCCCC3)C2)CC1
C1CCC(C2CC3CCCC3CC3CCC4CCCCC4C32)CC1
C1CCC(CCCC(CC2CC3CCCCC3C2)C2CC2)CC1
C1CCC2C(C1)CCC1C3CCCC3CCC21
C1CCC2CCC3C4CCCC4CCC3C2CC1
C(CCCC1CCCC2C(C3CCCCC3)CCC12)CCC1CCCCC1
C1CCC2C(C1)CCC1C3CCCC3CCC21
C1CCC2CCC3C4CCC(CCCC5CC6CCCCC6C5)C4CCC3C2CC1
C1CCC(C2CCC3CCCC3C3CCC4CCCCC4C23)CC1
C1CCC(CC2CCC(CCCCCC3(C4CCCCC4)CCC3)C2)CC1
C1CCC(CCCCC2CCC3CCCCC23)CC1
C1CCC(CC2CCC3C(CCCCCC4CCC(C5CCCC5)C4)CCCC23)CC1
C1CCC(CCCCCC2CC3CCCCC3C2)CC1
C1CCC(CCCCC2CC3CCCCC3C2)CC1
C1CCC(C2CCC(CCCCCC3(C4CCCCC4)CCCC3)C2)CC1
C1CCC2CC(C3CCCC4CCCCC43)C3CCCC3C2CC1
C1CCC(CCCC2CCCC(C3CCC4CC(CCC5CCC6CCCCC6C5)CCC43)C2)CC1
C1CCC(CCC2CCC3C(CCC3C3CCCCC3)C2)CC1
C1CCC(CCC2CCC3C(CCC4CCCCC43)C2)CC1
C1CCC(CC2CCC3C(CC4CCCCC4)CCC3C2)CC1
C(CCCC1CCCCC1)CCCC1CCC(C2CCCCC2)C1
C1CCC(C2CC3CCCCC3C3CCCCC23)CC1
C(CCC1CCC2C(CCC3C4CCCC4CCC23)C1)CC1CCC(C2CCC3CCCC3C3CCC4CCCCC4C23)CC1
C1CCC(CC2CC3CCCC3C3CCC4CCCCC4C23)CC1
C1CCC(CCCCC2CCC3CCCCC23)CC1
C1CCC2C(C1)CC(C1CCCC1)C1CCCCC21
C1CCC2CC(C3CCCC4CCCC43)CCC2C1
C1CCC2C(C1)CCC1C3CCCCC3CCCC21
C1CCC(CCC2CCC3C(CCC4C5CCCC5CC(CCC5CCCCC5)C34)C2)CC1
C(CCC1CCC2C1CCC1C3CCCCC3CCC21)CC1CC2CCCCC2C1
C1CCC(C2CC3CCCCC3C3CCCCC23)CC1
C(CCCCC1CCC(C2CCCCC2)C1)CCCC1CCCCC1
C1CCC(CCC2CCC(C3CCC3)CC2)CC1
C1CCC(CCC(CC2CCCCC2)C2CCCCC2)CC1
C1CCC(CC2CC3CCCCC3C3CCC4CCCCC4C23)CC1
C1CCC(C2CCC3CCCC3C3CCC4CCCCC4C23)CC1
C1CCC(C2CC3CCCCC3C3CCC4CCCCC4C23)CC1
C1CCC(C2CC3CCCC3C3CCC4CCCCC4C23)CC1
C1CCC(CCC2CCC3C(CCC4C5CCCC5CCC34)C2)CC1
C1CCC2CC(CCCC3CCC4C3CCC3C5CCCCC5CCC43)CC2C1
C1CCC(C2CC3CCCC3C3CCC4CCCCC4C23)CC1
C1CCC(CCCC(CCC2CCC3C(CCC3C3CCCCC3)C2)C2CCCCC2)CC1
C1CCC(CCCC(CC2CCC3C(CCC3C3CCCCC3)C2)C2CCCCC2)CC1
C1CCC(CCCCC2CC3CCCCC3C2)CC1
C1CCC(C2CCC3CCC4(CCCCCC4C4CCCCC4)CCC32)CC1
C1CCC(C2CCC3CC4C(CCCC45CCCC5)CC32)CC1
C1CCC2C(C1)CCCC1C3CCCC3CCC21
C1CCC(CCC2CCC3C(CCC3C3CCCCC3)C2)CC1
C1CCC(CCC2CCC(CCC3CCCC(CC4CCCC4)C3)CC2)CC1
C1CCC(CCCCCC2CCC3CCCCC23)CC1
C1CCC(CCCC(CC2CC3CCCCC3C2)C2CC2)CC1
C1CCC2CC(C3CCCC4CCCC43)CCC2C1
C1CCC2C(C1)CCC1CCCCC12
C1CCC(CCCCC2CC3CCCCC3C2)CC1
C1CCC(C2CC3CCCC3C3CCCC4CCCCC4C23)CC1
C1CCC(CCCCCC2CC3CCCCC3C2)CC1
C1CCC(CCCCC2CC3CCCCC3C2)CC1
C1CCC(CCCCCC2CCCC3C(C4CCCCC4)CCC23)CC1
C1CCC(CCCCC2CC3CCCCC3C2)CC1
C1CCC(CCCCC2CCC3C2CCC2C4CCCCCC4CCC32)CC1
C1CCC(C2CC3CCCCC3C3CCCCC23)CC1
C1CCC2C(C1)CCCC2CCCC1CCCC2CCCCC21
C1CCC(CCC2CCC(C3CC3)CC2)CC1
C1CCC(C2CCC(CCCCCC3CCCC4CCCCC34)C2)CC1
C1CCC2CC(C3CCCC4CCCC43)CCC2C1
C1CCC(CCCC2CCC3CCC(C4CCCC5CCCC54)CC3C2)CC1
C1CCC(CC2CCC(C3CC4CCCC4C4CCC5CCCCC5C34)CC2)CC1
C(CCCC1CCCC2C(C3CCCCC3)CCC12)CCC1CCCCC1
C1CCC(C2CCC3CCCC3C3CCC4CCCCC4C23)CC1
C1CCC(CCCCC2CCC3CCC(C4CCCC5CCCC54)CC3C2)CC1
C1CCC2CC(CCCC3CCC4CC5CCC6CCCCC6C5CCC34)CC2C1
C1CCC(CCCCCC2CC3CCCCC3C2)CC1
C1CCC(CCC2CCC(CCCC3CCCC(CC4CCCC4)C3)CC2)CC1
C1CCC2CCC3C4CCCC4CCC3C2CC1
C1CCC(CCC2CCC3C(CCC3C3CCCCC3)C2)CC1
C1CCC(CCCCCC2CCCC3C2CCC3C2CCC(CC3CC3)CC2)CC1
C1CCC(CCC2CCC3C(CCC3C3CCCCC3)C2)CC1
C(CCC1CCCC2CCCC12)CC1CC2CCCCC2C1
C1CCC2C(C1)CCC1C2CCCC2C3CCCC3CC21
C(CCC1CCC2CCCCC2C1)CCC1CCCC2CCCCC12
C1CCC(CCCC2CCC3C2CCC2C4CCC5CCC(C6CCCCC6)C5CC4CCC32)CC1
C1CCC2C(C1)CCC1C3CCCCC3CCC21
C1CCC(CC2CC3CCCCC3C3CCC4CCCCCC4C23)CC1
C(CC1CCC2CCCCC2C1)CC1CCC2CCC(C3CCCC4CCCC43)CC2C1
C1CCC2C(C1)CCC1C3CCCC3CCC21
C1CCC2CCC(C3CCCC4CCCC43)CC2CC1
C(CCCC1CCCCC1)CCCC1CCC(C2CCCCC2)C1
C1CCC2C(C1)CCC1C3CCCC3CCC21
C1CCC(CCC2CCC(C3CC3)CC2)CC1
C(CCC1CC2CCCCC2C1)CCC1CCCC2CCCC12
C1CCC(CCCCC2CCC3CCC(C4CCCC5CCCC54)CC3C2)CC1
C1CCC2CC(CCCC3CCC4C3CCC3C5CCCCC5CCCC43)CCC2C1
C(CCC1CCCC2CCCCC12)CC1CCC2CCCCC2C1
C1CCC(C2CCC3CC4C(CCC45CCCCC5)CC32)CC1
C1CCC(CCCC2CCC3C(CCC3C3CCCCC3)C2)CC1
C1CCC2CCC3C4CCC(CCCC5CC6CCCCC6C5)C4CCC3C2CC1
C1CCC(C2CCC(CCCC3CCC4C3CCC3C5CCCCC5CCC43)C2)CC1
C1CCC2CC(C3CCCC3)C3CCCC3C2CC1
C1CCC(CCC2CCC(CCC3CCCC(CC4CCCC4)C3)CC2)CC1
C1CCC(C2CC3CCCCC3C3CCCCC3C2)CC1
C1CCC(C2CCC3CC4C(CCCC45CCCCC5)CC32)CC1
C1CCC(CCCCCC2CCCC3C(CC4CCCCC4)CCC23)CC1
C1CCC(CC2CC3CCCCC3C3CCC4CCCCC4C23)C1
C1CCC(C2CC3CCCC3C3CCC4CCCCC4C23)CC1
C1CCC(CCC2CCC3C(CCC3C3CCCCC3)C2)CC1
C1CCC2CC(CCCC3CCC4C3CCC3C5CCCCC5CCC43)CC2C1
C1CCC(CC2CCC(CCC(CC3CCCCC3)C3CCCCC3)CC2)CC1
C1CCC(CC2CC3CCCCC3C3CCC4CCCCCC4C23)CC1
C(CCC1CCC2C1CCC1C3CCCCC3CCC21)CC1CC2CCCCC2C1
C1CCC(CCCC2CCCC(C3CCC4CC(CCC5CCC6CCCCCC6C5)CCC43)C2)CC1
C1CCC(C2CCC3CC4(CCCCC4C4CCCCC4)CCC32)CC1
C1CCC(CCCCC2CC3CCCCC3C2)CC1
C1CCC(CC(CC2CCCCC2)C2CCCCC2)CC1
C1CCCC(CCCC2CCC3CCC(C4CCCC5CCCC54)CC3C2)CC1
C1CCC(CCCCC2CC3CCCCC3C2)CC1
C1CCC(CCCCC2CC3CCCCC3C2)CC1
C1CCC2C(C1)CCC1C3CCCC3CCCC21
C1CCC(C2CC3CCCC3C3CCC4CCCCC4C23)CC1
C1CCC(C2CCC3(CCCC4CC5C(CCC5C5CCCCC5)CC43)C2)CC1
C1CCC(CCCCC2CCC3CCCCC23)CC1
C1CCC(CCCCC2C(CC3CCCC4CCCC43)CCC3CCCCC32)CC1
C(CCCC1CCC(C2CCCCC2)C1)CCC1CCCCC1
C1CCC(C2CC3CCCCC3C3CCCCC3C2)CC1
C(CCCC1CCCC2CCCCC12)CCC1CCCC1
C1CCC(CCCCCC2CCC3CCCCC23)CC1
C1CCC(C2CCC3CC4CCCCC4CC32)CC1
C1CCC2C(C1)CCCC2CC1CC2CCCCC2C2CCC3CCCCC3C12
C1CCC(C2CCCC(CC3CC4CCCCC4C4CCC5CCCCC5C34)C2)C1
C1CCC(C2CCC3CCCC3C3CCC4CCCCC4C23)CC1
C1CCC(CCC(CCC2CCCCC2)CCC2CCC3CCCC3C2)CC1
C1CCC2CC(C3CCCC4CCCC43)CCC2C1
C1CCC(CC2CC3CCCCC3C3CCC4CCCCC4C23)CC1
C1CCC(C2CCC3C(CCC4CCCCC43)C2)CC1
C1CCC2C(C1)CCC1C3CCCC3CCC21
C1CCC(CCC2CCC3C(CCC3C3CCCCC3)C2)CC1
C1CCC2C(C1)CCC1C3CCCCC3CCC21
C(CCC1CCCC2CCCCC12)CC1CCCC2CCCCC12
C1CCC(CCC2CCC3C(CCC3C3CCCCC3)C2)CC1
C1CCC(CC2CC3CCCCC3C2C2CCCCC2)CC1
C1CCC(C2CC3CCCC3C3CCCC4CCCCC4C23)CC1
C(CCC1CCCC2CCCC12)CC1CC2CCCCC2C1
C1CCC2CCC(C3CCCC4CCCC43)CC2CC1
C1CCC2CCC(C3CCCC4CCCC43)CC2CC1
C1CCC2C(C1)CCC1C3CCCCC3CCC21
C1CCC(CCC2CCC3C(CCC3C3CCCC3)C2)CC1
C1CCC2C(C1)CCC1CCCCC12
C1CCC(C2CCC3CC4C(CCCC5C6CCC(CCCC7CCC8CCCCC8C7)C6CCC45)CC32)CC1
C1CCC(CC2CCC3CC4C(CCC45CCCC5)CC23)CC1
C1CCC(CC2CCC3CCCCC3C3CCC4CCCCC4C23)CC1
C(CCC1CCC2CCCCC2C1)CCC1CCCC2CCCCC12
C1CCC2CC(CCCC3CCC4C3CCC3C5CCCCC5CCC43)CC2C1
C(CCC1CCCCC2CCCCC12)CC1CCC2CCCCC2C1
C1CCC2CCC3C(CCC4C3CCC4(CCCC3CC4CCCCC4C3)CCC3CCCC3)C2CC1
C1CCC2CCC(C3CCCC4CCCC43)CC2CC1
C(CCCC1CCCC2C(C3CCCCC3)CCC12)CCC1CCCCC1
C(CC1CCCC2CCCCC2C1)CC1CC2CCCCC2C1
C1CCC(C2CCC3CC4C(CCC5C6CCCC(CCCC7CC8CCCCC8C7)C6CCC45)CC32)CC1
C1CCC(CC2CC3CCCCC3C3CCC4CCCCCC4C23)CC1
C1CCC(CCCC2CCC3CCC(C4CCCC5CCCC54)CC3C2)CC1
C1CCC(C2CC3CCCC3C3CCC4CCCCC4CC23)CC1
C(CCCCC1CCC(C2CCCCC2)C1)CCCC1CCCCC1
C1CCC2C(C1)CCC1CCCCC12
C1CCC(CC2CC3CCCCC3C2C2CCCCC2)CC1
C1CCC(CCC2(CCCC3CCC4CCCCC4C3)CCC3C4CCC5CCCCC5C4CCC32)C1
C1CCC(CCC2CCCC3CC4C(CC5CCCCC5)CCC4CC23)CC1
C1CCC(CCCCCC2CCC3CCCCC23)CC1
C1CCC(CCCCCC2CC3CCCCC3C2)CC1
C1CCC(C2CCC3CCCC3C3CCC4CCCCC4C23)CC1
C1CCC(CCCC2CCC3C2CCC2C4CC5CCC(C6CCCCC6)C5CC4CCC32)CC1
C1CCC2C(C1)CCC1CCCCC12
C1CCC2CC(CCCC3CCC4C3CCC3C5CCCCC5CCC43)CCC2C1
C1CCC(C2CCC3(CCCC4CC5C(CCC5C5CCCCC5)CC43)C2)CC1
C(CCC1CCCC2CCCCC12)CC1CC2CCCCC2C1
C1CCC(CCCCCC2CCC3CCCCC23)CC1
C1CCC(CCC2CCC3C(CCC4C5CCCC5CCC34)C2)CC1
C1CCC2C(C1)CCC1CCCCC12
C1CCC(CCCCCC2CC3CCCCC3C2)CC1
C1CCC2C(C1)CCCC2CCCC1CCCC2CCCCC21
C1CCC(CC2CC3CCCCC3C3CCC4CCCCCC4C23)CC1
C1CCC(CCCC2CCC3C2CCC2C4CCCCC4CCCC32)C1
C1CCC(CCCCCC2CCCC3C(C4CCCCC4)CCC23)CC1
C1CCC(CCCCC2CC3CCCCC3C2)CC1
C1CCC(CCC(CCC2CCC3CCCC3C2)CC2CCCCC2)CC1
C1CCC(CCCC2CCC3C(CCC3C3CCCCC3)C2)CC1
C(CCC1CCCC2CCCC12)CC1CC2CCCCC2C1
C1CCC(C2CC3CCCCC3C3CCCCC23)CC1
C1CCC(C2CCC3CCCC3C3CCC4CCCCC4C23)CC1
C1CCC(CCCCCC2CC3CCCCC3C2)CC1
C1CCC2CCC(C3CCCC4CCCC43)CC2CC1
C1CCC(CCCC2CCC3CCC(C4CCCC5CCCC54)CC3C2)CC1
C1CCC(CCCC(CC2CC3CCCCC3C2)C2CCCC2)CC1
C1CCC(CCCC2CCC3C(CCC3C3CCCCC3)C2)CC1
C1CCC(CC2CCCC(CCC3CC4CCCCC4C4CCC5CCCCC5C34)C2)CC1
C1CCC2C(C1)CCC1CCCCC12
C1CCC(CC2CCC3C(CCC3C3CCCCC3)C2)CC1
C1CCC(C2CC3CCCC3C3CCC4CCCCC4C23)CC1
C1CCC(CCC2CCC3C(CCC4C5CCCC5CC(CCC5CCCCC5)C34)C2)CC1
C(CCC1CCCC2CCCCC12)CC1CCC2CCCCC2C1
C1CCC(C2CC3CCCC3C3CCC4CCCCC4C23)CC1
C1CCC2CC(C3CCCC4CCCC43)CCC2C1
C1CCC(CCCCC2CCCC3CCC(C4CCCC5CCCC54)CC23)CC1
C1CCC(C2CCC3C(CCC4CCCCC43)C2)CC1
C1CCC(CCCCC2CCCC(C3CCC4CC(CCC5CCC6CCCCC6C5)CCC43)C2)CC1
C1CCC(CC2CCC3CCCCC3C3CCC4CCCCC4C23)C1
C1CCC(CCC2CCC(CCC3CCCC(CC4CCCC4)C3)CC2)CC1
C1CCC2CCC3C4CCC(CCCC5CCC6CCCCC6C5)C4CCC3C2CC1
C1CCC(CCCCC2CC3CCCCC3C2)CC1
C1CCC2CCC(C3CCCC3)CC2CC1
C1CCC(CCCCC2CCC3CCC(C4CCCC5CCCC54)CC3C2)CC1
C1CCC(C2CC3CCCC3C3CCC4CCCCC4C23)CC1
C1CCC2C(C1)CC(C1CCCC3CCCC31)C1CCCCC21
C1CCC(CCCCC2CC3CCCCC3C2)CC1
C1CCC(C2CC3CCCC3C3CCC4CCCCC4CC23)CC1
C1CCC(C2CCC3CCC4CCCCC4CC32)CC1
C(CCC1CCCC2CCCCC12)CC1CC2CCCCC2C1
C1CCC(CCCCCC2CCC3CCCCC23)CC1
C1CCC2CCC3C4CCCCC4CC(CC4CCCC4)C3C2CC1
C1CCC2C(C1)CCC1C2CCCC2C3CCCC3CC21
C1CCC(CCC2CCC3C(CCC3C3CCCCC3)C2)CC1
C1CCC(C2CC3CCCC3C3CCC4CCCCC4C23)CC1
C1CCC(CCCCCC2CCCC3C2CCC3C2CCCC(CC3CC3)C2)CC1
C(CCCC1CCCCC1)CCCC1CCC(C2CCCCC2)C1
C1CCC2CCC3C4CCCC4CCC3C2CC1
C1CCC(C2CCC(CCCC3CCC4C3CCC3C5CCCCCC5CCC43)C2)CC1
C1CCC(C2CCC3CC4C(CCCC5C6CCC(CCCC7CCC8CCCCC8C7)C6CCC45)CC32)CC1
C1CCC2CC(CC3CCCC4CCCC43)CCC2C1
C1CCC(CCC2CCC(CCC3CCCCC(CC4CCCC4)C3)CC2)CC1
C1CCC(C2CCC3CC4C(CCC32)CCC42CCCCC2)CC1
C1CCC(CCC2CCCCC2)CC1
C1CCC2CC(C3CCCC4CCCC43)CCC2C1
C1CCC(CCCC2CCC3C(CCC3C3CCCCC3)C2)CC1
C1CCC(CCC2CCC3C(CCC3C3CCCC(CC4CCCC4)C3)C2)CC1
C1CCC(CCC2CCC3C(CCCC4C5CCCC5CCC34)C2)CC1
C1CCC(CC2CC3CCCCC3C3CCC4CCCCC4C23)C1
C1CCC(CCCC2(CCC3CCCC3)CCC3C4CCC5CCCCC5C4CCC32)CC1
C1CCC(CC2CCCC(CC3CC4CCCCC4C4CCC5CCCCC5C34)C2)CC1
C1CCC(CCCCC2CC3CCCCC3C2)CC1
C(CCC1CCC(C2CCCC2)C1)CCC1CCCC2CCCCC12
C1CCC(CCCCC2(CCC3CCCC3)CCC3C4CCC5CCCCC5C4CCC32)CC1
C1CCC(CCCCC2CC3CCCCC3C2)CC1
C1CCC2C(C1)CCC1C3CCCCC3CCC21
C1CCC(C2CCC(CCCCCC3(C4CCCC4)CCCC4CCCCC43)C2)CC1
C1CCC(C2CCC3CC4CCCCC4CCC32)CC1
C1CCC(C2CC3CCCC3C3CCC4CCCCC4C3C2)CC1
C1CCC2CCC(C3CCCC4CCCC43)CC2CC1
C1CCC(CC2CC3CCCCC3C3CCC4CCCCCC4C23)CC1
C1CCC(CCCCC2CC3CCCCC3C2)CC1
C1CCC(CCC2CCC3C(CCC3C3CCCCC3)C2)CC1
C1CCC(C2CC3CCCC3C3CCC4CCCCCC4C23)CC1
C1CCC(C2CCC3CC4CC5CCC6C(CCCC7CC8CCCCC8C7)CCC6C5CCC4CC32)CC1
C(CCCC1CCCC2CCCCC12)CCC1CCC(C2CCCCC2)C1
C(CCC1(C2CCCC2)CCCC2CCCCC21)CC1CCC2CCCCC2C1
C1CCC(CCCCC2CC3CCCCC3C2)CC1
C1CCC(CCCCCC2CCCC3C(C4CCCCC4)CCC23)CC1
C1CCC(CC2CCC3CCCCC3C3CCC4CCCCC4C23)CC1
C1CCC(CCCCCC2CCC3CCCCC23)CC1
C1CCC(CCCCC2CC3CCCCC3C2)CC1
C1CCC2CCC(C3CCCC4CCCC43)CC2CC1
C1CCC(CCCC2CCC(C3CC3)CC2)CC1
C(CCC1CCCC2CCCC12)CC1CC2CCCCC2C1
C1CCC(CC2CCCCCC23CCCC2C(CCC2C2CCCCC2)C3)CC1
C1CCC(CCCCCC2CCCC3C(C4CCCCC4)CCC23)CC1
C1CCC(CCCC2CCCC3C2CCC2C4CC5CCC(C6CCCCC6)C5CC4CCC32)CC1
C(CCCC1CCCC2C(C3CCCCC3)CCC12)CCC1CCCCC1
C(CCC1CCCC2CCCC12)CC1CC2CCCCC2C1
C1CCC(CCC2CCC3C(CC4CCCCC4)CCC3C2)CC1
C(CCCC1CCCC2C(C3CCCCC3)CCC12)CCC1CCCCC1
C1CCC2CCC3C(CCC4C3CC3CCCC34CCCC3CCCC3)C2CC1
C1CCC(C2CC3CCCC3C3CCCC4CCCCC4C23)CC1
C(CCCC1CCCCC1)CCCC1CCC(C2CCCCC2)C1
C1CCC2CC(CCCC3CCC4C3CCC3C5CCCCC5CCC43)CC2C1
C1CCC2CCC(C3CCCC4CCCC43)CC2CC1
C1CCC(CCCCC2CCCC3CCC(CC4CCCCC4)CC23)CC1
C1CCC(CCC2CCC3C(CCC3C3CCCC(CC4CCCCC4)C3)C2)CC1
C1CCC(C2CCC3CC4C(CCC5C6CCC(CCCCC7CC8CCCCC8C7)C6CCC45)CC32)CC1
C1CCC(CCCC(CC2CC3CCCCC3C2)C2CC2)CC1
C1CCC(C2CCC3C(CCCC4CCCCC43)C2)CC1
C1CCC(CCC2CCC3C(CCC3C3CCCCC3)C2)CC1
C1CCC(CCC(CCC2CCC3CCCC3C2)CC2CCCCC2)CC1
C1CCC2C(C1)CC(C1CCCC3CCCCC31)C1CCCC21
C(CCCC1CCCC2C(C3CCCCC3)CCC12)CCC1CCCCC1
C1CCC(CCCCCC2CC3CCCCC3C2)CC1
C1CCC(C2CC3CCCC3C3CCC4CCCCC4C23)CC1
C1CCC(C2CCC3CC4C(CCC45CCCCC5)CC32)CC1
C1CCC(CC2CC3CCCCC3C3CCC4CCCCC4C23)C1
C1CCC2CCC3C4CCCC4CCC3C2CC1
C1CCC(CCC2CCC3C(CCC3C3CCCCC3)C2)CC1
C1CCC(CCCCC2CC3CCCCC3C2)CC1
C(CCC1CCCC2CCCC12)CC1CC2CCCCC2C1
C1CCC(CC2CCC(CC(CC3CCCCC3)C3CCCCC3)CC2)CC1
C(CCC1CCCC2CCCCC12)CC1CCC2CCCCC2C1
C(CCC1CCC2C1CCC1C3CCCCC3CCC21)CC1CC2CCCCC2C1
C1CCC(CC(CC2CCCCC2)C2CCCCC2)CC1
C1CCC2CC(CC3CCCC4CCCC43)CCC2C1
C1CCC(CCC2CCC3C2CCCC(C2CCCCC2)C2C4CCCCC4CCC32)CC1
C1CCC(CC(CC2CCCCC2)C2CCCCC2)CC1
C1CCC(C2CCC3C(CCC4CCCCC43)C2)CC1
C1CCC2C(C1)CCC1C3CCCC3CCC21
C1CCC2CC(C3CCCC4CCCC43)CCC2C1
C(CCCC1CCCC2C(C3CCCCC3)CCC12)CCC1CCCCC1
C(CCC1CCCC2CCCCC12)CC1CCCC2CCCCC12
C1CCC(C2CCC3CC4C(CCCC45CCCC5)CC32)CC1
C1CCC(C2CC3CCCC3C3CCC4CCCCC4C23)CC1
C1CCC(C2CC3CCCCC3C3CCCCC23)CC1
C1CCC(CC2CCC3C(CCC3C3CCCCC3)C2)CC1
C(CCCC1CCCCC1)CCCC1CCC(C2CCCCC2)C1
C1CCC2C(C1)CCC1C3CCCC3CCC21
C1CCC(CCCCCC2CCC3CCCCC3C2)CC1
C1CCC2C(C1)CCC1C3CCCC3CCC21
C1CCC(C2CCC3CC4C(CCC32)CCC2C3CCC(CCCC5CCC6CCCCC6C5)C3CCC42)CC1
C1CCC(CCCCC2CCC3CCCCC23)CC1
C1CCC(C2CC3CCCC3C3CCCC4CCCCC4C23)CC1
C1CCC2CCC3C4CCCC4CCC3C2CC1
C1CCC(CCC2CCC3C(CCC4C5CCCCC5CC(CCC5CCCCC5)C34)C2)CC1
C1CCC(C2CCC3(CCC4CC5C(CCC5C5CCCCC5)CCC43)C2)CC1
C1CCC2CC(CCCC3CCC4C3CCCC3C5CCCCC5CCC34)CC2C1
C1CCC(CCCCCC2CCC3CCCCC23)CC1
C1CCC(CCCCC2CCCC(C3CCC4CC(CCC5CCC6CCCCC6C5)CCC43)C2)CC1
C(CCC1CCCC2CCCCC12)CC1CCC2CCCCC2C1
C1CCC(C2CCC(CCCCCC3CCCC4C(C5CCCCC5)CCC34)C2)CC1
C1CCC(C2CC3CCCC3C3CCC4CCCCCC4C23)CC1
C1CCC2CCC3C4CCCC4CCC3C2CC1
C1CCC2CC(CCCC3CCC4C3CCC3C5CCCCC5CCC43)CC2C1
C1CCC(C2CC3CCCC3C3CCC4CCCCC4CC23)CC1
C1CCC2C(C1)CCC1C3CCCC3CCC21
C1CCC(C2CCC3CC4C(CCCC45CC(C4CCCCC4)C(C4CCCCC4)C5)CCC32)CC1
C1CCC(CC2CCC3(CCC4CC5C(CCC5C5CCCCC5)CC43)C2)CC1
C1CCC(CCC2CCC3C(CC4CCCCC4)CCC3C2)CC1
C1CCC(C2CCC3CC4C(CCC45CCCCCC5)CC32)CC1
C1CCC2CC(CC3CCCC4CCCC43)CCC2C1
C1CCC2CCC3C4CCC(CCCC5CC6CCCCC6C5)C4CCC3C2CC1
C1CCC2CC(CC3CCCC4CCCC43)CCC2C1
C1CCC(CCCCCC2CCC3CCCCC23)CC1
C1CCC2C(C1)CCC1C3CCCCC3CCC21
C1CCC(C2CCC3CCC4(CCCCC4C4CCCCC4)CCC32)CC1
C1CCC(CCCCCC2CC3CCCCC3C2)CC1
C1CCC2C(C1)CCC1C3CCCC3CCC21
C1CCC(CCCC2(CCC3CCCC3)CCC3C4CCC5CCCCCC5C4CCC32)CC1
C1CCC(C2CC3CCCCC3C3CCCCC3C2)CC1
C1CCC2CCC3C4CCCC4CCC3C2CC1
C1CCC(CCCCC2CCC3CCCCC3C2)C2CCCCC2CC1
C1CCC2CCC3C4CCCC4CCC3C2CC1
C1CCC(C2CCC3CC4C(CCC45CCCCC5)CC32)CC1
C1CCC(CCC(CCC2CCC3CCCC3C2)CC2CCCCC2)CC1
C1CCC(CC2CCC3CC4C(CCC5C6CCC(CCCC7CCC8CCCCC8C7)C6CCC45)CC23)CC1
C1CCC2CCC3C4CCC(CCCC5CC6CCCCC6C5)C4CCC3C2CC1
C1CCC(CCCC2CCC3CCC(C4CCCC5CCCC54)CC3C2)CC1
C1CCC(CCCC2CCC3CCC(CC4CCCC5CCCC54)CC3C2)CC1
C1CCC2CC(CCCC3CCC4C3CCC3C5CCCCC5CCCC43)CC2C1
C1CCC(CCCCC2CCC3CCCCC23)CC1
C1CCC(CCC2CCC3C(CCC3C3CCCC(CCC4CCCC4)C3)C2)CC1
C1CCC(CCC(CCCC2CCC3CCCC3C2)CC2CCCCC2)CC1
C1CCC(CCCCC2CCC3CCC(C4CCCC5CCCC54)CC3C2)CC1
C1CCC2CCC(C3CCCC4CCCC43)CC2CC1
C1CCC(CCCCC2CC3CCCCC3C2)CC1
C1CCC(CCCCCC2CCC3CCCCC23)CC1
C1CCC2CC3CCC4C5CCCC5CC4C3CCC2C1
C1CCC(C2CCC3CC4C(CCCCC45CCCC5)CC32)CC1
C1CCC(CCCCCC2CCC3CCCCC3C2)CC1
C1CCC(CCCC2CCCCC2)CC1
C1CCC(CCCCCC2CC3CCCCC3C2)CC1
C1CCC(CCCC2CCCC(C3CCC4CC(CCC5CCC6CCCCC6C5)CCC43)C2)CC1
C1CCC2CCC3C4CCCC4CCC3C2CC1
C1CCC(CCC2CCC(C3CC3)CC2)CC1
C1CCC(CCCCCC2CCCC3C(C4CCCCC4)CCC23)CC1
C1CCC(CCC2CCC(CCC3CCCC(CC4CCCC4)C3)CC2)CC1
C1CCC(CCCCC2CCCC3CCC(C4CCCCC4)CC23)CC1
C1CCC(C2CC3CCCC3C3CCC4CCCCC4C23)CC1
C1CCC(CCC2CCC3C(CCC3C3CCCCC3)C2)CC1
C1CCC(C2CCC3CC4C(CCC32)CCC42CCCC2)CC1
C1CCC(CCC(CC2CC3CCCCC3C2)C2CC2)CC1
C1CCC(CCC2CCC3C(CCC3C3CCCCC3)C2)CC1
C1CCC(C2CCC3CC4C(CCC5C6CCC(CCCCC7CCC8CCCCC8C7)C6CCC45)CC32)CC1
C(CCCC1CCCCC1)CCCC1CCC(C2CCCCC2)C1
C1CCC(CC2CCC3CCC(C4CCCC4)CC32)C1
C1CCC(CCCCC2CC3CCCCC3C2)CC1
C1CCC2CC(CCCC3CCC4C3CCC3C5CCCCC5CCC43)CC2C1
C1CCC(CCC2(CCCC3CC4CCCCC4C3)CCCC3C4CCC5CCCCC5C4CCC32)C1
C1CCC2CC(C3CCCC4CCCC43)CCC2C1
C1CCC2CC(CCCC3CCCC4C3CCC3C5CCCCC5CCC43)CC2C1
C1CCC(CC2CCCC(CCC3CCC(CCC4CCC(C5CCC5)CC4)CC3)C2)C1
C1CCC(CCCCCC2CCCC3C(C4CCCCC4)CCC23)CC1
C1CCC(CC2CC3CCCCC3C3CCC4CCCCC4C23)CC1
C1CCC2CCC(C3CCCC4CCCC43)CC2CC1
C1CCC(C2CC3CCCC3C3CCC4CCCCCC4C23)CC1
C1CCC(C2CC3CCCC3C3CCC4CCCCC4C23)CC1
C1CCC(CCC2CCCCC2)CC1
C1CCC2CC(C3CCCC4CCCC43)CCC2C1
C1CCC(CCC2CCC3C(CC4CCCCC4)CCC3C2)CC1
C1CCC(CCCCC2CC3CCCCC3C2)CC1
C(CCC1CCC2C(CCC3C4CCCC4CCC23)C1)CC1CCC(CC2CCC(C3CC4CCCC4C4CCC5CCCCC5C34)CC2)CC1
C1CCC(CC2CCC3CC4C(CCC5C6CCCC6CCC45)CC23)CC1
C1CCCC(C2CCC3CC4C(CCC5C6CCC(CCCC7CC8CCCCC8C7)C6CCC45)CC32)CC1
C(CCC1CCC2C1CCC1C3CCCCC3CCC21)CC1CCC2CCCCC2C1
C1CCC(CC2CCC(CCCC3CCC4CCCC4C3)CC2)C1
C1CCC(C2CC3CCCC3C3CCC4CCCCCC4C23)CC1
C1CCC(C2CC3CCCCC3C3CCCCC23)CC1
C1CCC2CCC3C4CCC(CCCC5CC6CCCCC6C5)C4CCC3C2CC1
C1CCC(CCC2CCC3C(CCC3C3CCCCC3)C2)CC1
C1CCC(CCCC2CCC(C3CC3)CC2)CC1
C1CCC(CCC2CCC3C(CCC3C3CCCCC3)C2)CC1
C1CCC(C2CCC3CC4C(CCC5C6CCC(CCCCC7CC8CCCCC8C7)C6CCC45)CC32)CC1
C1CCC(C2CC3CCCC3C3CCC4CCCCC4C23)CC1
C(CCCC1CCCC2CCCCC12)CCC1CCC(C2CCCCC2)C1
C1CCC(CC2CC3CCCCC3C3CCC4CCCCC4C23)CC1
C1CCC(CCC2CCC(C3CCCC4C(CC5CCCCC5)CCC34)C2)CC1
C1CCC(C2CCC3CC4C(CCC45CCCCC5)CC32)CC1
C1CCC2CC(CCCC3CCC4C3CCC3C5CCCCC5CCC43)CC2C1
C1CCC(CCCCC2CCC3CCCCC23)CC1
C1CCC(CC2CC3CCCCC3C3CCC4CCCCC4C23)CC1
C1CCC(CCC2CCC3C(CCCC4CCCCC43)C2)CC1
C(CCC1CCCC2CCCC12)CC1CC2CCCCC2C1
C1CCC2C(C1)CCC1CCCCC12
C1CCC(CC2CC3CCCCC3C3CCC4CCCCCC4C23)CC1
C1CCC(CCCC2CCC3CCC(C4CCCC5CCCC54)CC3C2)CC1
C1CCC(C2CC3CCCCC3C3CCCCC23)CC1
C(CCC1CC2CCCCC2C1)CCC1CCCC2CCCC12
C1CCC(CCCCC2CC3CCCCC3C2)CC1
C1CCC(C2CCC(CCCCC3CCC4C3CCC3C5CCCCC5CCC43)C2)CC1
C1CCC(C2CCC3CC4C(CCC5C6CCC(CCCC7CCC8CCCCC8C7)C6CCCC45)CC32)CC1
C(CCC1CCC2CCCC2C1)CC1CCC(C2CCCC2)CC1
C1CCC2CC(C3CCCC4CCCC43)CCC2C1
C1CCC(C2CC3CCCC3C3CCC4CCCCC4C23)CC1
C1CCC(CCCCC2CC3CCCCC3C2)CC1
C1CCC2C(C1)CC(C1CCCC3CCCC31)C1CCCCC21
C1CCC(CCCCCC2CCCC3C(CC4CCCCC4)CCC23)CC1
C1CCC(CC2CC3CCCCC3C3CCC4CCCCC4C23)CC1
C1CCC(CCCCCC2CCCC3C2CCC3C2CCCC(CC3CC3)C2)CC1
C1CCC(CCCCC2CCC3CCCCC23)CC1
C1CCC(CC2CCC3C(CCC3C3CCCCC3)C2)CC1
C1CCC(C2CCC3C(CCC4CCCCC43)C2)CC1
C1CCC2C(C1)CCC1C3CCCCC3CCC21
C1CCC(C2CCCC3C(CCC4CCCCC43)C2)CC1
C1CCC2CCC(C3CCCC4CCCC43)CC2CC1
C1CCC(C2CCC3CCC4CCCCC4C3CC2)CC1
C1CCC2CC(CC3CCCC4CCCC43)CCC2C1
C(CCC1CCC2C1CCC1C3CCCCC3CCC21)CC1CCC2CCCCC2C1
C1CCC(C2CC3CCCC3C3CCC4CCCCCC4C23)CC1
C1CCC2CCC(C3CCCC4CCCC43)CC2CC1
C1CCC(CCCC2CCC3CCC(C4CCCC5CCCC54)CC3C2)CC1
C1CCC(CCC2CCC3C(CCC3C3CCCCC3)C2)CC1
C(CCCC1CCCCC1)CCCC1CCC(C2CCCCC2)C1
C1CCC(CCCCC2CCCC3CCC(C4CCCC5CCCC54)CC3C2)CC1
C1CCC(CCC2CCC3C(CCC3C3CCCC(CC4CCCC4)C3)C2)CC1
C1CCC2CCC3C(CCC4C3CCC4(CCCC3CC4CCCCC4C3)CCC3CCCC3)C2CC1
C(CCC1CCCC2C(CCC3C4CCCC4CCC23)C1)CC1CCC(C2CCC(C3CC4CCCC4C4CCC5CCCCC5C34)CC2)CC1
C1CCC(CC2CC3CCCCC3C3CCC4CCCCC4C23)CC1
C1CCC2C(C1)CC(C1CCCC3CCCC31)C1CCCCC21
C1CCC2C(C1)CCC1C3CCCC3CCC21
C1CCC(CCC2CCC(CCC3CCCC(CCC4CCCC4)C3)CC2)CC1
C1CCC(C2CCC3CC4C(CCC32)CCC2C3CCC(CCCC5CC6CCCCC6C5)C3CCC42)CC1
C1CCC2CCC3C(CCC4C3CCC4(CCCC3CC4CCCCC4C3)CCC3CCCC3)C2CC1
C1CCC(CC2CCC3C(CC4CCCCC4)CCC3C2)CC1
C1CCC(CC2CCC3CC4C(CCC45CCCCC5)CC23)CC1
C1CCC(C2CCC3CC4C(CCCC45CCCC5)CC32)CC1
C1CCC2CC(C3CCCC4CCCC43)C3CCCC3C2CC1
C1CCC(CCCC2CCC3CCC(C4CCCC5CCCC54)CC3C2)CC1
C1CCC(C2CC3CCCC3C3CCC4CCCCCC4C23)CC1
C1CCC(CCC(CCC2CCC3CCCC3C2)CC2CCCCC2)CC1
C1CCC(CCCCCC2CC3CCCCC3C2)CC1
C1CCC2CCC(C3CCCC4CCCC43)CC2CC1
C1CCC(CCC(CCC2CCCCC2)CCC2CCC3CCCC3C2)CC1
C1CCC(CCC2CCC3C(CCC3C3CCCCC3)C2)CC1
C1CCC(C2CC3CCCC3C3CCC4CCCCC4C23)CC1
C1CCC(CCC2CCC3C(CCC3C3CCCC(CCC4CCCC4)C3)C2)CC1
C1CCC2CC(CC3CCCC4CCCC43)CCC2C1
C1CCC2CC(CCCC3CCC4C3CCC3C5CCCCC5CCCC43)CC2C1
C1CCC2C(C1)CCC1C3CCCC3CCC21
C1CCC(CCC2CCC3C(CCC3C3CCCCC3)C2)CC1
C1CCC(CCC2CCCC3C2CCC(C2CCCCC2)C2C4CCCCC4CCC32)CC1
C(CCC1CCCC2CCCCC12)CC1CCC2CCCCC2C1
C1CCC(CCCCCC2CCCC3C2CCC3C2CCC(CC3CCC3)CC2)CC1
C(CCC1CCC(C2CCCC2)C1)CCC1CCCC2CCCCC12
C1CCC(C2CC3CCCCC3C3CCCCC23)CC1
C1CCC2CC(C3CCCC4CCCC43)CCC2C1
C1CCC(CCCCCC2CCCC3C(CC4CCCCC4)CCC23)CC1
C1CCC(CCCCC2CCCC(C3CCC4CC(CCC5CCC6CCCCC6C5)CCC43)C2)CC1
C1CCC(C2CC3CCCC3C3CCC4CCCCCC4C23)CC1
C1CCC(C2CCC3CC4C(CCC45CCCC5)CC32)CC1
C1CCC(CCCCC2CC3CCCCC3C2)CC1
C1CCC2CCC3C4CCCCC4CC(CC4CCCC4)C3C2CC1
C1CCC(CCC(CC2CC3CCCCC3C2)C2CCCC2)CC1
C1CCC2C(C1)CCC1C3CCCC3CCC21
C1CCC(CCC2(CCCCC3CCC4CCCCC4C3)CCC3C4CCC5CCCCC5C4CCC32)C1
C(CCCC1CCCC2C(C3CCCCC3)CCC12)CCC1CCCCC1
C1CCC(CCC2CCC3C(CCC3C3CCCCC3)C2)CC1
C1CCC2CCC3C4CCC(CCCC5CCCC6CCCCC65)C4CCC3C2CC1
C1CCC(CCCC2CCC3CCCC3C2)CC1
C1CCC(C2CCC3CCCC3C3CCC4CCCCCC4C23)CC1
C(CCC1CCCC2CCCCC12)CC1CCCC2CCCCC12
C(CCC1CCCC2CCCCC12)CCC1CCCC2CCCCC12
C1CCC2CC(C3CCC4CCCCC43)CCC2C1
C1CCC(CCCCCC2CCCC3C(C4CCCCC4)CCC23)CC1
C(CCCC1CCCC2C(C3CCCCC3)CCC12)CCC1CCCCC1
C1CCC2CCC(C3CCCC4CCCC43)CC2CC1
C1CCC(CCCCCC2CCCC3C(C4CCCCC4)CCC23)CC1
C1CCC(C2CCC(CCCCCC3CCCC4C(C5CCCCC5)CCC34)C2)CC1
C1CCC2CCC(C3CCCC4CCCC43)CC2CC1
C1CCC(CCCC2CCC(C3CCC4C(CCC4C4CCCCC4)C3)CC2)CC1
C(CCC1CCCC2CCCCC12)CC1CCC2CCCCC2C1
C(CCC1CCCCC2CCCCC12)CC1CCC2CCCCC2C1
C1CCC(CCC2CCC3C(CCC4C5CCCC5CC(CCC5CCCCC5)C34)C2)CC1
C1CCC(C2CC3CCCC3C3CCC4CCCCC4C23)CC1
C1CCC2CC(CCCC3CCC4C3CCC3C5CCCCC5CCCC43)CC2C1
C1CCC2CCC3C4CCCC4CCC3C2CC1
C(CCCCC1CCC(C2CCCCC2)C1)CCCC1CCCCC1
C(CCC1CCC2CCCCC2C1)CCC1CCCC2CCCCC12
C1CCC2C(C1)CC(C1CCCC3CCCC31)C1CCCCC21
C1CC2CCC3C(CCCC4CCC5CC5C43)C2C1
C(CCCC1CCCCC1)CCCC1CCC(C2CCCCC2)C1
C1CCC(CCCCCC2CCC3CCCCC23)CC1
C(CC1CCC2CCCC2C1)CC1CCC2CCC(CC3CCCC4CCCC43)CC2C1
C1CCC(C2CC3CCCC3C3CCCC4CCCCC4C23)CC1
C1CCC2CCC3C4CCCC4CCC3C2CC1
C1CCC2CCC(C3CCCC4CCCC43)CC2CC1
C1CCC2CCC3C4CCCCC4CC(CC4CCCC(C5CCCC5)C4)C3C2CC1
C1CCC(CCC2CCC3C(CCC3C3CCCC(CCCC4CCCC4)C3)C2)CC1
C1CCC2CC(C3CCCC4CCCC43)CCC2C1
C1CCC(CCC2CCCC3CC4C(CC5CCCCC5)CCC4CC23)CC1
C1CCC2C(C1)CC(C1CCCC1)C1CCCCC21
C1CCC(C2CC3CCCC3C3CCC4CCCCC4C23)CC1
C1CCC(CC2CC3CCCCC3C3CCC4CCCCC4C23)CC1
C1CCC(CCC2CCC3C(CCC4C5CCCCC5CCC34)C2)CC1
C1CCC(C2CC3CCCC3C3CCC4CCCCCC4C23)CC1
C1CCC(CC2CCCC(CCCC3CCC(CCC4CCC(C5CC5)CC4)CC3)C2)C1
C1CCC(CCC2CCC3C(CCC3C3CCCCC3)C2)CC1
C1CCC(CCC2CCC(C3CCC4C(CCC4C4CCCCC4)C3)CC2)CC1
C1CCC(CCC2CCC3C(CCCC4C5CCCC5CC(CCC5CCCCC5)C34)C2)CC1
C1CCC(CCC2CCC3C(CC4CCCCC4)CCC3C2)CC1
C(CCCC1CCCCC1)CCCC1CCC(C2CCCCC2)C1
C1CCC2C(C1)CCC1CCCCC12
C1CCC2CC(C3CCCC4CCCC43)CCC2C1
C1CCC(C2CC3CCCC3C3CCCC4CCCCC4C23)CC1
C1CCC(C2CCC3CCCC3C3CCC4CCCCC4C23)CC1
C1CCC(CCC2CCC3C(CCC4CCCCC43)C2)CC1
C1CCC2CC(C3CCCC4CCCC43)CCC2C1
C1CCC(C2CCC3C(CCC4CCCCC43)C2)CC1
C1CCC(CCC(CCC2CCC3CCCC3C2)CC2CCCCC2)CC1
C1CCC(C2CCC(C3CC4CCCC4C4CCC5CCCCC5C34)CC2)C1
C1CCC(C2CCC(CC3CC4CCCCC4C4CCC5CCCCCC5C34)CC2)CC1
C1CCC(C2CC3CCCCC3C3CCC(CCC4CCCC4)CC23)CC1
C1CCC(CCC2CCC3C(CCC3C3CCCCC3)C2)CC1
C1CCC(C2CC3CCCC3C3CCC4CCCCC4CC23)CC1
C1CCC2CCC3CCCCC3C2CC1
C1CCC2CCC3C(CCC4C3CCC4(CCCC3CC4CCCCC4C3)CCC3CCCC3)C2CC1
C1CCC2C(C1)CCC1C3CCCCC3CCC21
C1CCC(CCC2CCC3C(CCC3C3CCCCC3)C2)CC1
C1CCC2CC(CC3CCCC4CCCC43)CCC2C1
C1CCC2CCC3C4CCCC4CC(C4CCC(C5CCCC5)CC4)C3C2CC1
C1CCC2CC3CCCCC3CCC2C1
C(CCC1CCCC2CCCC12)CC1CC2CCCCC2C1
C1CCC(C2CCC3CC4CCCCC4CC32)CC1
C1CC2CCC3C(CCC4CCC5CC5C43)C2C1
C1CCC(CCC(CC2CCC3C(CCC3C3CCCCC3)C2)C2CCCCC2)CC1
C1CCC2C(C1)CCC1C3CCCC3CCC21
C1CCC2C(C1)CCC1C3CCCC3CCC21
C1CCC(CCC2CCCC3CCC(C4CCCC5CCCC54)CC23)CC1
C1CCC(CCCCCC2CCCC3C(C4CCCCC4)CCC23)CC1
C(CCCCC1CCC(C2CCCCC2)C1)CCCC1CCCCC1
C1CCC(CC2CCC3CC4C(CCCC45CCCCC5)CC23)CC1
C1CCC(CCCCC2CC3CCCCC3C2)CC1
C1CCC(CCCCC2CCC3CCC(C4CCCC5CCCC54)CC3C2)CC1
C1CCC2CCC3C4CCC(CCCC5CCC6CCCCC6C5)C4CCC3C2CC1
C1CCC(C2CCCC3C(CCC4CCCCC43)C2)CC1
C(CCCCCCC1CCC2C1CCC1C3CCCCC3CCCC21)CCCCCC1CCC(CCC2CCC(CCC3CCCC3)C2)C1
C1CCC(CCCC2CCC3CCC(C4CCCC5CCCC54)CC3C2)CC1
C1CCC2CC(CCCC3CCCCC4CCCCC43)CC2C1
C1CCC(CCCC2CCCC3CC4C(CCC4C4CCCCC4)CC23)CC1
C1CCC(CCCCCC2CCC3CCCCC23)CC1
C1CCC(CCC2CCC(CCC3CCCC(CC4CCCC4)C3)CC2)CC1
C1CCC(C2CC3CCCCC3C3CCCCC3C2)CC1
C1CCC(CCC(CCC2CCCCC2)CCC2CCC3CCCC3C2)CC1
C1CCC2C(C1)CCC1C3CCCC3CCCC21
C1CCC(C2CC3CCCC3C3CCC4CCCCC4C23)CC1
C1CCC(CCCCCC2CCCC3CCCC23)CC1
C(CCCC1CCC(C2CCCCC2)C1)CCC1CCCCC1
C1CCC2CC3CCCCC3CCC2C1
C1CCC2C(C1)CCC1C3CCCC3CCC21
C1CCC(CCC2CC3CCCCC3C3CCC4CCCCC4C23)CC1
C1CCC2C(C1)CCC1C3CCCC3CCC21
C1CCC(CC2CC3CCCCC3C3CCC4CCCCC4C23)CC1
C1CCC(C2CCC(CCCCCC3CCCC4C(C5CCCCC5)CCC34)C2)CC1
C1CCC(C2CC3CCCC3C3CCCC4CCCCC4C23)CC1
C1CCC(CCCCC2CC3CCCCC3C2)CC1
C1CCC(CCC(CCC2CCC3CCCCC3C2)CC2CCCCC2)CC1
C(CCCCC1CCC2C(CCC3C4CCCC4CCC23)C1)CCCC1CCCC(CC(CC2CCC(CCC3CCCCC3)CC2)C2CCCCC2)C1
C1CCC(CCCC2CCC3CCC(C4CCCC5CCCC54)CC3C2)CC1
C1CCC2C(C1)CC(C1CCCC1)C1CCCCC21
C1CCC(C2CC3CCCC3C3CCCC4CCCCC4C23)CC1
C1CCC(CCCCCC2CCC3CCCC3C2)CC1
C1CCC(CC2CC3CCCCC3C3CCC4CCCCC4C23)C1
C1CCC(CC2CCC3C(CCC3C3CCCCC3)C2)CC1
C1CCC(C2CC3CCCC3C3CCC4CCCCC4CC23)CC1
C1CCC2CC(CCCC3CCCC4C3CCC3C5CCCCC5CCC43)CC2C1
C1CCC(C2CCC3C(CCCCCC4CCC(C5CCCC5)C4)CCCC23)CC1
C(CCC1CCCC2CCCCC12)CC1CCC2CCCCC2C1
C1CCC2C(C1)CCCC2CCCC1CCC2C(CCC3C4CCCCC4CCC23)C1
C1CCC2CCC3C4CCC(CCCC5CC6CCCCC6C5)C4CCC3C2CC1
C1CCC(CCC2CCCCC3CC4C(CCC4C4CCCCC4)CC23)CC1
C1CCC2CC(C3CCCC4CCCC43)CCC2C1
C1CCC2CC(CCCC3CCC4C3CCC3C5CCCCC5CCCC43)CC2C1
C1CCC(CCC2CCC3C(CCC3C3CCCCC3)C2)CC1
C1CCC(C2CCC(CCCCCC3(C4CCCCC4)CCCC3)C2)CC1
C1CCC(CCC2CCCC3CC4C(CCC4C4CCCCC4)CC23)CC1
C1CCC(C2CCC3(CCC4CC5C(CCC5C5CCCCC5)CC43)C2)CC1
C1CCC(C2CCC3CC4C(CCC45CCCC5)CC32)CC1
C1CCC(C2CCC3CC4C(CCCC45CCCC5)CC32)CC1
C1CCC(C2CC3CCCC3C3CCC4CCCCCC4C23)CC1
C1CCC(C2CC3CCCC3C3CCC4CCCCC4C23)CC1
C1CCC2C(C1)CCC1CCCCC12
C1CCC(CC2CCC3CC4CCCCC4CC23)CC1
C1CCC(CCCC2CCC3C(CCC3C3CCCCC3)C2)CC1
C1CCC(C2CCC3C(CCC4CCCCC43)C2)C1
C1CCC(C2CCC3CC4(CCCCC4C4CCCCC4)CCC32)CC1
C1CCC2C(C1)CCC1CCCCC12
C(CCC1CCCC2CCCC12)CC1CCCC2CCCCC12
C1CCC2CCC(C3CCCC4CCCC43)CC2CC1
C1CCC2CCC3C4CCCC4CCC3C2CC1
C(CCCC1CCCCC1)CCCC1CCC(C2CCCCC2)C1
C1CCC2CCC3C4CCCCC4CCC3C2CC1
C1CCC2CC(CC3CCC4CCCCC43)CCC2C1
C1CCC(CCC2CCC(C3CCC4C(CC5CCCCC5)CCC4C3)CC2)CC1
C1CCC(C2CC3CCCC3C3CCC4CCCCC4C23)CC1
C1CCC2C(C1)CCC1C3CCCCC3CCC21
C1CCC2C(C1)CCC1C3CCCC3CCC21
C1CCC(CCC2CC3CCCCC3C3CCC4CCCCC4C23)CC1
C1CCC(CCC2CCCC3C2CCC2C4CCCCC4CCC32)C1
C1CCC(CCCC2CC3CCCC3C3CCC4CC(CCC5CCCCC5)CCC4C23)CC1
C1CCC(CC2CCCCC23CCC2C(CCC2C2CCCCC2)C3)CC1
C1CCC(C2CC3CCCC3C3CCC4CCCCC4C23)CC1
C(CCC1CC2CCCCC2C1)CCC1CCCC2CCCC12
C1CCC(CCCCCC2CC3CCCCC3C2)CC1
C1CCC(C2CCC3C(CCC4CCCCC43)C2)CC1
C1CCC(CCC2CCC3C(CCC3C3CCCCC3)C2)CC1
C1CCC(CCC2CCC3C(CCC3C3CCCCC3)C2)CC1
C(CCC1CCC2CCCCC2C1)CCC1CCCC2CCCCC12
C1CCC(C2CCC3CCCC3C3CCC4CCCCC4C23)CC1
C1CCC(C2CC3CCCC3C3CCCC4CCCCC4C23)CC1
C1CCC(C2CCC3CC4C(CCC5C6CCC(CCCCC7CC8CCCCC8C7)C6CCC45)CC32)CC1
C1CCC2C(C1)CCC1C2CCC2C3CCCC3CC21
C1CCC2C(C1)CCC1CCCCC12
C1CCC(CCCCC2CCC3CCCCC23)CC1
C(CCC1CC2CCCCC2C1)CCC1CCCC2CCCC12
C1CCC(C2CC3CCCC3C3CCC4CCCCC4C23)CC1
C1CCC(CCC2CCC(CCC3CCCC(CC4CCCC4)CC3)CC2)CC1
C(CCC1CCCC1)CCC1CCCC2CCCCC12
C1CCC(CCCCCC2CCC3C(CCC3C3CCCCC3)C2)CC1
C1CCC(C2CCC3C(CCC4CCCCC43)C2)CC1
C1CCC2CC3CCC4CCCC4C3CCC2C1
C1CCC(CCC2CCC(C3CCC4C(CCC4C4CCCCC4)C3)CC2)CC1
C1CCC(CCCCC2CC3CCCCC3C2)CC1
C1CCC2C(C1)CCC1CCCCC12
C1CCC(C2CCC3CC4C(CCC45CCCCC5)CC32)CC1
C1CCC(C2CCC(CC3CC4CCCCC4C4CCC5CCCCCC5C34)CC2)CC1
C1CCC(CCCCCC2CCCC3C(C4CCCCC4)CCC23)CC1
C1CCC(C2CC3CCCC3C3CCCC4CCCCC4C23)CC1
C1CCC(C2CCC(CCCCCC3CCCC4CCCCC34)C2)CC1
C(CCC1CCCC2CCCC12)CC1CC2CCCCC2C1
C1CCC2CC(C3CCCC4CCCC43)CCC2C1
C1CCC(C2CC3CCCCC3C3CCC4CCCCC4C23)CC1
C1CCC(C2CC3CCCC3C3CCC4CCCCCC4C23)CC1
C1CCC(C2CCC3CC4CCCCC4CC32)CC1
C1CCC(C2CCC3CC4C(CCCC45CCCC5)CC32)CC1
C(CCC1CCCC2CCCCC12)CC1CCCC2CCCCC12
C1CCC(CCC2CCC3C(CCC3C3CCCCC3)C2)CC1
C(CCCC1CCCC2C(C3CCCCC3)CCC12)CCC1CCCCC1
C(CCCC1CCCC2CCCCC12)CCC1CCCC1
C1CCC2C(C1)CCC1C3CCCC3CCC21
C1CCC2CCCCC2C(CCCCC2CCCC3CCCCC23)C1
C1CCC(CCC2CCC3C(CC4CCCCC4)CCC3C2)CC1
C1CCC(CCC2CCC(C3CCC4C(CCC4C4CCCCC4)C3)CC2)CC1
C1CCC(CC2CCC3C(CCC3C3CCCCC3)C2)CC1
C1CCC2C(C1)CCCC2CCCC1CCCC2CCCCC21
C1CCC(C2CC3CCCC3C3CCC4CCCCC4C23)CC1
C(CCCC1CCCCC1)CCCC1CCC(C2CCCCC2)C1
C1CCC2CC(C3CCCC3)C3CCCC3C2CC1
C1CCC2CC(C3CCCC4CCCC43)CCC2C1
C1CCC(CC2CCCC(C3CCC4CC(CCC5CCC6CCCCC6C5)CCC43)C2)C1
C1CCC(CCCC2CCC3CCC(C4CCCC5CCCC54)CC3CC2)CC1
C1CCC(CCCCCC2CCC3C(CCC3C3CCCCC3)C2)CC1
C(CCCC1CCC2CCCC2C1)CCC1CCCCC1
C1CCC(C2CC3CCCC3CC3CCC4CCCCC4C32)CC1
C1CCC(C2CC3CCCC3C3CCCC4CCCCC4C23)CC1
C1CCC2CC3CCC4C5CCCC5CC4C3CCC2C1
C1CCC(CCCCC2CC3CCCCC3C2)CC1
C1CCC2C(C1)CCC1C3CCCC3CCC21
C1CCC(C2CCC3CC4C(CCCC45CCCCC5)CC32)CC1
C1CCC(CCCCC2CCCC3CCC(C4CCCCC4)CC23)CC1
C1CCC(CCC2CCC3C(CCC3C3CCCCC3)C2)CC1
C1CCC(C2CCC3CC4C(CCCC5CC5)CCCC4CC32)CC1
C1CCC(CCCCCC2CCCC3C(CC4CCCCC4)CCC23)CC1
C1CCC(CCCCC2CC3CCCCC3C2)CC1
C1CCC(CCCCCC2CC3CCCCC3C2)CC1
C1CCC(CC2CCC3CCCCC3C3CCC4CCCCC4C23)C1
C1CCC(C2CCC3CC4(CCCCC4C4CCCCC4)CCC32)CC1
C1CCC(C2CC3CCCC3C3CCCC4CCCCC4C23)CC1
C1CCC(CCCCC2CC3CCCCC3C2)CC1
C1CCC(CCC2CCC3C(CCC4C5CCCCC5CC(CCC5CCCCC5)C34)C2)CC1
C1CCC2CCC(C3CCCC4CCCC43)CC2CC1
C1CCC2C(C1)CCC1C3CCCC3CCC21
C1CCC(C2CCCC3(CCC4CC5C(CCC5C5CCCCC5)CC43)C2)CC1
C(CCC1CCCC2CCCC12)CC1CCCC2CCCCC12
C1CCC(CC2CCC3CC4C(CCC45CCCC5)CC23)CC1
C1CCC(C2CCC3CC4C(CCC45CCCCCC5)CC32)CC1
C1CCC(C2CCC3CC4C(CCC45CCCCCC5)CC32)CC1
C1CCC(CCCCCC2CCCC3C(C4CCCCC4)CCC23)CC1
C1CCC(C2CC3CCCC3C3CCC4CCCCC4C23)CC1
C1CCC(CC2CC3CCCCC3C3CCC4CCCCC4C3C2)CC1
C1CCC2CCC(C3CCCC4CCCC43)CC2CC1
C1CCC(C2CC3CCCC3C3CCC4CCCCC4C23)CC1
C1CCC(CCCCC2CCC3CCCCC23)CC1
C(CCC1CCCC2CCCCC12)CCC1CCCC2CCCCC12
C1CCC(C2CCC(CC3CC4CCCCC4C4CCC5CCCCC5C4C3)CC2)CC1
C(CCCC1CCCCC1)CCCC1CCC(C2CCCCC2)C1
C(CCC1CCC2C(CCC3C4CCCC4CCCC23)C1)CC1CCC(C2CCC(C3CC4CCCC4C4CCC5CCCCC5C34)CC2)CC1
C1CCC(C2CCC3CC4(CCCCC4C4CCCCC4)CCCC32)CC1
C1CCC(C2CC3CCCC3C3CCC4CCCCC4C23)CC1
C(CCC1(C2CCCC2)CCCCC2CCCCC21)CC1CCC2CCCCC2C1
C1CCC2C(C1)CCC1C3CCCC3CCCC21
C1CCC(CC2CCC3C(CC4CCCCC4)CCC3C2)CC1
C1CCC2CC(CCCC3CCC4C3CCC3C5CCCCC5CCC43)CC2C1
C1CCC(CCCCC2CC3CCCCC3C2)CC1
C1CCC(CCCC2CCC3C(CCC3C3CCCCC3)C2)CC1
C1CCC2C(C1)CCCC1C2CCC2C3CCCC3CC21
C1CCC(C2CC3CCCCC3C3CCC4CCCCC4C23)CC1
C1CCC(CC2CC3CCCCC3C3CCC4CCCCCC4C23)CC1
C1CCC2CCC(C3CCCC4CCCC43)CC2CC1
C(CCCC1CCCCC1)CCCC1CCC(C2CCCCC2)C1
C1CCC(CCC2CCC3C(CCC3C3CCCCC3)C2)CC1
C1CCC(C2CC3CCCC3C3CCC4CCCCC4C23)CC1
C1CCC2CC3CCC(C4CCCCC4)C3CC2CC1
C1CCC(CC2CC3CCCCC3C3CCC4CCCCC4C23)C1
C1CCC(CC2CCCC(CCC3CCC(CCC4CCC(C5CC5)CC4)CC3)C2)CC1
C1CCC(CCCC2CCC3CCC(C4CCCC5CCCC54)CC3C2)CC1
C1CCC(CCCCCC2CCC3CCCCC23)CC1
C1CCC2C(C1)CCC1C3CCCC3CCCC21
C1CCC(CC2CCC3CC4C(CCC5C6CCCC6CCC45)CC23)CC1
C1CCC(CCC2CCC3C(CCC4C5CCCC5CCC34)C2)CC1
C1CCC(C2CC3CCCC3C3CCC4CCCCCC4C23)CC1
C1CCC2CC(C3CCCC4CCCC43)CCC2C1
C1CCC(CCCCCC2CCCC3CCC(C4CCCCC4)CC23)CC1
C1CCC(C2CC3CCCCC3C3CCC4CCCCC4C23)CC1
C1CCC(CCCCCC2CC3CCCCC3C2)CC1
C(CCC1CCCC2CCCC12)CC1CC2CCCCC2C1
C(CCCC1CCCC2C(C3CCCCC3)CCC12)CCC1CCCCC1
C1CCC(C2CCC3CCCC3C3CCC4CCCCCC4C23)CC1
C(CCCC1CCCC2C(C3CCCCC3)CCC12)CCC1CCCCC1
C1CCC(CCC2(CCCC3CCC4CCCCC4C3)CCC3C4CCC5CCCCC5C4CCCC32)C1
C1CCC(CCCCC2CC3CCCCC3C2)CC1
C1CCC(C2CCC3CC4C(CCC5CCCCCC54)CC32)CC1
C1CCC2CC(CC3CCCC4CCCC43)CCC2C1
C1CCC(CCCCCC2CCC3C2CCC2C4CCCCC4CCC32)CC1
C1CCC(CC2CCCC2CC2CC3CCCCC3C3CCC4CCCCCC4C23)CC1
C1CCC2C(C1)CCC1CCCCC12
C1CCC(CCCC2CCC(CCC3CCCCC3)CC2)CC1
C(CCC1CCCC2CCCC12)CC1CC2CCCCC2C1
C1CCC(CCCCCC2CCCC3C(C4CCCCC4)CCC23)CC1
C(CCCC1CCCC2C(C3CCCCC3)CCC12)CCC1CCCCC1
C1CCC(C2CCC3CC4C(CC5CC6CCCCC6C5)CCCC4CC32)CC1
C1CCC(CCCCC2CCC3CCCCC23)CC1
C1CCC2CCC3C4CCCCC4CC(CC4CCCC4)C3C2CC1
C1CCC(CC2CC3CCCCC3C3CCC4CCCCC4C23)CC1
C1CCC(CCCCCC2CCC3CCCC3C2)CC1
C1CCC(C2CCC3C(CCC4CCCCC43)C2)CC1
C1CCC2CC(C3CCCC4CCCC43)CCC2C1
C1CCC(C2CCC3CC4C(CCC45CCCCCC5)CC32)CC1
C1CCC(C2CC3CCCCC3C3CCC4CCCCC4C23)CC1
C1CCC(C2CCC3C(CCC3C3CCCCC3)C2)CC1
C1CCC(CCCCCC2CCC3CCCCC23)CC1
C1CCC2CC(C3CCCC4CCCC43)CCC2C1
C1CCC2CC(CCCC3CCC4C3CCC3C5CCCCC5CCC43)CC2C1
C1CCC2CC(CCCC3CCC4C3CCC3C5CCCCC5CCCC43)CC2C1
C1CCC2C(C1)CCC1C3CCCC3CCC21
C1CCC(CCC2CCC(C3CCC4C(CCC4C4CCCCC4)C3)CC2)CC1
C1CC(C2CCC(C3CC4CCCC4C4CCC5CCCCC5C34)CC2)C1
C1CCC(CCCCC2CCC3CCC(C4CCCC5CCCC54)CC3C2)CC1
C(CCCC1CCCC2C(C3CCCCC3)CCC12)CCC1CCCCC1
C(CCC1CCCCC2CCCCC12)CC1CCC2CCCCC2C1
C1CCC2C(C1)CCC1C3CCCC3CCC21
C1CCC(CCCCCC2CCC3CCC(C4CCCC5CCCC54)CC3C2)CC1
C1CCC2CCC3C4CCCC4CCC3C2CC1
C1CCC(C2CC3CCCCC3C3CCC4CCCCC4C23)CC1
C1CCC(C2CCC3CCCC3C3CCC4CCCCC4C23)CC1
C1CCC(CCC2(CCCC3CC4CCCCC4C3)CCC3C4CCC5CCCCC5C(CCC32)C4)C1
C1CCC2CC(C3CCCC4CCCC43)CCC2C1
C1CCC2C(C1)CCCC1CCCCC12
C1CCC2CC(C3CCCC4CCCC43)CCC2C1
C1CCC(CCCCCC2CCC3CCCCC23)CC1
C(CCC1CCCC2CCCC12)CC1CC2CCCCC2C1
C1CCC2CCC3C(CCC4C3CCC4(CCCC3CCC4CCCCC4C3)CCC3CCCC3)C2CC1
C1CCC2C(C1)CCC1C3CCCC3CCC21
C1CCC(CCCC2(CCCC3CCC4CCCCC4C3)CCC3C4CCC5CCCCC5C4CCC32)C1
C(CCCCC1CCC(C2CCCCC2)C1)CCCC1CCC2CCCC2C1
C1CCC(CC2CCC3CCCCC3C3CCC4CCCCC4C23)C1
C1CCC(C2CCCC3C(CCC4CCCCC43)C2)CC1
C1CCC2CC(C3CCCC4CCCC43)C3CCCC3C2CC1
C1CCC(C2CCC3C(CCC4CCCCC43)C2)CC1
C1CCC(CC2CC3CCCCC3C3CCC4CCCCC4C23)C1
C1CCC(C2CCCC3C(CCC34CCCC4)C3CCC4CCCCC4C23)CC1
C1CCC(CCCC2CCC3CCC(C4CCCC5CCCC54)CC3C2)CC1
C1CCC(C2CCC3CC4(CCCCC4C4CCCCC4)CCC32)CC1
C1CCC2CC(CCCC3CCC4C3CCC3C5CCCCC5CCC43)CC2C1
C1CCC2CC(CCCC3CCC4C3CCC3C5CCCCC5CCCC43)CCC2C1
C1CCC2C(C1)CCC1C2CCCC2C3CCCC3CC21
C1CCC(CCC2CCC(C3CCC4C(CCC4C4CCCCC4)C3)CC2)CC1
C1CCC2C(C1)CCCC2CCCC1CCCC2CCCCC21
C1CCC2C(C1)CCC1C3CCCC3CCC21
C1CCC(CCCCC2CC3CCCCC3C2)CC1
C1CCC2C(C1)CCC1C2CCC2C3CCCCC3CC21
C1CCC(CCC2CCC3C(CCC3C3CCCCC3)C2)CC1
C1CCC(CCCCC2CC3CCCCC3C2)CC1
C1CCC(CCCCCC2CC3CCCCC3C2)CC1
C1CCC(CCC2CCC3C(CC4CCCCC4)CCC3C2)CC1
C1CCC(CCC2CCC(C3CC3)CC2)CC1
C1CCC2CCC3C4CCCC4CCC3C2CC1
C1CCC(CCCCC2CCC3CCCCC23)CC1
C1CCC(CC2CC3CCCCC3C3CCC4CCCCCC4C23)CC1
C1CCC2CCC3C4CCCCC4CC(CC4CCCC4)C3C2CC1
C1CCC(CCC(CCC2CCCCC2)CCC2CCC3CCCC3C2)CC1
C1CCC2CCC3C(CCC4C5CCCC5CC43)C2CC1
C1CCC(CCCCCC2CC3CCCCC3C2)CC1
C1CCC2C(C1)CCC1C3CCCC3CCC21
C1CCC(CCCC2CCCC3CCCCC32)C2CCCCC2C1
C1CCC(C2CCC3CCCC3C3CCC4CCCCCC4C23)CC1
C1CCC(C2CCC3CCCC3C3CCC4CCCCC4C23)CC1
C1CCC(CCCCC2CC3CCCCC3C2)CC1
C1CCC(C2CCC3CCC4C(CCC45CCCC5)CC32)CC1
C1CCC(CCC(CCC2CCC3CCCC3C2)CC2CCCCC2)CC1
C1CCC2CC(C3CCCC4CCCC43)CCC2C1
C1CCC(CCCCC2CCC3C2CCC2C4CCCCC4CCC32)CC1
C1CCC(CC2CCC(CC(CC3CCCCC3)C3CCCCC3)CC2)CC1
C1CCC(C2CCC3CC4C(CCCC45CCCC5)CCC32)CC1
C1CCC(CCCCC2CC3CCCCC3C2)CC1
C1CCC(CCCC2CCCC3CCC(C4CCCC5CCCC54)CC23)CC1
C1CCC(C2CC3CCCC3C3CCC4CCCCCC4C23)CC1
C1CCC(C2CC3CCCC3C3CCC4CCCCC4C23)CC1
C(CCC1CCCC2CCCCC12)CC1CCC2CCCCC2C1
C1CCC(CCCC2CCC3CCC(C4CCCC5CCCC54)CC3CC2)CC1
C(CCCC1CCCC2C(C3CCCCC3)CCC12)CCC1CCCCC1
C1CCC(CC2CC3CCCCC3C3CCC4CCCCC4C23)CC1
C1CCC(CCC2CCC3C2CCC2C4CCCCC4CCCC32)C1
C1CCC2C(C1)CCC1CCCCC12
C1CCC(CCCCCC2CC3CCCCC3C2)CC1
C1CCC2CCC3C4CCCCC4CC(CC4CCCC4)C3C2CC1
C1CCC(CCC2CC3CCCCC3C3CCC4CCCCC4C23)C1
C1CCC(CCC2CCC(CCC3CCCCC(CC4CCCC4)C3)CC2)CC1
C1CCC(CCC2CCC3C(CCC4CCCCC43)C2)CC1
C1CCC(C2CCC3CC4(CCCCCC4C4CCCCC4)CCC32)CC1
C1CCC(CCCCC2CCC3CCCCC23)CC1
C1CCC2CCC3C(CCC4C3CCC4(CCCC3CCC4CCCCC4C3)CCC3CCCC3)C2CC1
C1CCC(CCCCCC2CC3CCCCC3C2)CC1
C1CCC(CCCC2CCC(CCC3CCCCC3)CC2)CC1
C1CCC2CC(CC3CCCC4CCCC43)CCC2C1
C1CCC(CCCCCC2CCCC3C(CC4CCCCC4)CCC23)CC1
C(CCC1CCCCC2CCCCC12)CC1CCC2CCCCC2C1
C1CCC(CCC2CCC3C(CCC3C3CCCCC3)C2)CC1
C1CCC(CCC(CC2CC3CCCCC3C2)C2CCCC2)CC1
C(CCC1CCCC2CCCCC12)CCC1CCCC2CCCC12
C1CCC(CCCCCC2CCCC3C(C4CCCCC4)CCC23)CC1
C(CCCC1CCCC2C(C3CCCCC3)CCC12)CCC1CCC(C2CCCC2)C1
C1CCC(CCCCC2CC3CCCCC3C2)CC1
C1CCC2CC(CC3CCCC4CCCC43)CCC2C1
C1CCC(CCC(CCC2CCC3CCCC3C2)CC2CCCCC2)CC1
C1CCC(CCC2CCCC3CCC4C(CCC4C4CCCCC4)CC23)CC1
C1CCC2C(C1)CCC1CCCCC12
C1CCC(C2CC3CCCCC3CC3CCCCC32)CC1
C1CCC2CCC3CCCCC3C2CC1
C1CCC(CC2CC3CCCCC3C3CCC4CCCCCC4C23)CC1
C1CCC(CCCCC2CCC3CCCCC23)CC1
C1CCC(C2C3CCCC3CC3CC4CCCCC4CC32)CC1
C1CCC2C(C1)CCC1C3CCCC3CCC21
C1CCC2CCC3C4CCC(CCCC5CC6CCCCC6C5)C4CCC3C2CC1
C1CCC2C(C1)CCC1C3CCCC3CCC21
C1CCC(CC2CCCC(CC3CC4CCCCC4CC4CCC5CCCCC5C43)C2)CC1
C(CCC1CCC2C1CCC1C3CCCCC3CCC21)CC1CCCC2CCCCC12
C1CCC(CCCC(CC2CC3CCCCC3C2)C2CC2)CC1
C1CCC(CCC2CCC(CCC3CCCC(CC4CCCC4)C3)CC2)CC1
C1CCC(CCC2CCC3C2CCC2C4CCCCC4CCC32)C1
C1CCC(CCC2CCC3C(CC4CCCCC4)CCC3C2)CC1
C1CCC(C2CCC3CCCC3C3CCC4CCCCC4C23)CC1
C1CCC2CC(CC3CCCC4CCCC43)CCC2C1
C1CCC2C(C1)CCC1CCCCC12
C1CCC(C2CCC(CCCCCC3CCCCC4CCCCC34)C2)CC1
C(CCCCC1CCC(C2CCCCC2)C1)CCCC1CCCCC1
C(CCCC1CCC2C(CCC2C2CCCCC2)C1)CCC1CCCCC1
C1CCC(CCC2CCC3C(CC4CCCCC4)CCC3C2)CC1
C1CCC(CCCCCC2CCCC3C(C4CCCCC4)CCC23)CC1
C1CCC(CCC2CCCC(C3CCC4CC(CCC5CCC6CCCCC6C5)CCC43)C2)C1
C(CCCC1CCCC2C(C3CCCCC3)CCC12)CCC1CCCCC1
C1CCC(CC2CCC3CC4C(CCC45CCC(C4CCCCC4)C5)CC23)CC1
C1CCC(CCCCCC2CC3CCCCC3C2)CC1
C1CCC2C(C1)CCC1C3CCCC3CCC21
C(CCCC1CCCCC1)CCCC1CCC(CC2CCCCC2)C1
C1CCC2CCC(C3CCCC4CCCC43)CC2CC1
C1CCC2C(C1)CCCC2CC1CC2CCCCC2C2CCC3CCCCC3C2C1
C1CCC(CCC2CCCCC2CC2CC3CCCCC3C3CCC4CCCCC4C23)CC1
C1CCC2CCC(C3CCCC4CCCC43)CC2CC1
C(CCC1(C2CCCC2)CCCC2CCCCC21)CC1CCC2CCCCC2C1
C(CCC1CCCC2CCCC12)CC1CC2CCCCC2C1
C1CCC(C2CCC(CCCCCC3CCCC4CCCCC34)C2)CC1
C1CCC(C2CCC3CC4C(CCCC45CCCC5)CC32)CC1
C(CCCC1CCCC2C(C3CCCCC3)CCC12)CCC1CCCCC1
C1CCC(CCCCC2CC3CCCCC3C2)CC1
C1CCC(C2CC3CCCCC3C3CCC4CCCCC4C23)CC1
C1CCC2CC(C3CCCC4CCCC43)CCC2C1
C1CCC(CCC2CCC3C(CCC3C3CCCC(CC4CCCCC4)C3)C2)CC1
C(CCC1CCCC2CCCC12)CC1CC2CCCCC2C1
C1CCC2CCC3C4CCCCC4CC(CC4CCCC4)C3C2CC1
C1CCC(C2CC3CCCCC3C3CCC4CCCCC4C23)CC1
C1CCC(CCC2CCC3C(CCC3C3CCCCC3)C2)CC1
C(CCC1CCCC2CCCC12)CC1CC2CCCCC2C1
C1CCC2C(C1)CCC1C3CCCC3CCCC21
C1CCC2CCC(C3CCCC4CCCC43)CC2CC1
C1CCC(CCC2CCC3C(CCC3C3CCCCC3)C2)CC1
C1CCC(CCCCCC2CC3CCCCC3C2)CC1
C1CCC2CC(C3CCCC4CCCC43)CCC2C1
C1CCC(C2CCC3C(CCC4CCCCC43)C2)CC1
C1CCC(CCCC(CCC2CCC3CCCC3C2)CC2CCCCC2)CC1
C1CCC(C2CC3CCCC3C3CCC4CCCCC4C23)CC1
C1CCC(C2CCC3CC4(CCCCC4C4CCCCC4)CCCC32)CC1
C1CCC(CCC2CCCC3CC4C(CC5CCCCC5)CCC4CC23)CC1
C1CCC(CCCCC2CC3CCCCC3C2)CC1
C1CCC2CCC(C3CCCC4CCCC43)CC2CC1
C1CCC(C2CC3CCCC3C3CCC4CCCCC4C23)CC1
C1CCC2CCC(C3CCCC4CCCC43)CC2CC1
C1CCC(CCCC2CCC3C(CCC3C3CCCCC3)C2)CC1
C1CCC2CC(CC3CCCC4CCCC43)CCC2C1
C1CCC(C2CCC(CCCC3CCC4C3CCC3C5CCCCCC5CCC43)C2)CC1
C1CCC(CCCCC2CC3CCCCC3C2)CC1
C1CCC(CCC2(CCCC3CC4CCCCC4C3)CCC3C4CCC5CCCCC5C4CCC32)C1
C1CCC2C(C1)CCCC1C3CCCC3CCC21
C1CCC(C2CCC(CCCCCC3CCCC4C(C5CCCCC5)CCC34)C2)CC1
C1CCC(CCCCCC2CCCC3C(CC4CCCCC4)CCC23)CC1
C1CCC(C2CC3CCCC3C3CCCC4CCCCC4C23)CC1
C1CCC2C(C1)CCC1C3CCCC3CCC21
C1CCC(CC2CC3CCCCC3C3CCC4CCCCCC4C23)CC1
C(CCC1CCCCC2CCCCC12)CC1CCC2CCCCC2C1
C1CCC2C(C1)CCC1C3CCCC3CCC21
C1CCC(CCC(CC2CCC3C(CCC3C3CCCCC3)C2)C2CCCCC2)CC1
C1CCC(C2CCC3CC4C(CCC45CCCC5)CC32)CC1
C1CCC2C(C1)CC(C1CCCC1)C1CCCCC21
C1CCC(C2CCC3CC4C(CCC45CCCCCC5)CC32)CC1
C1CCC(CCC2CCC(C3CCC4C(CCC4C4CCCCC4)C3)CC2)CC1
C1CCC(CC2CC3CCCCC3C3CCC4CCCCCC4C23)CC1
C1CCC(CCCCC2CC3CCCCC3C2)CC1
C(CCC1CCCC2CCCCC12)CC1CCC2CCCCC2C1
C1CCC(CC2CCC3C(CCC3C3CCCCC3)C2)CC1
C1CCC2CC(CCCC3CCC4C3CCC3C5CCCCC5CCCC43)CC2C1
C1CCC(CCC2CCC(CCC3CCCC(CC4CCCC4)CC3)CC2)CC1
C1CCC(CCC2CCCCC3CC4C(CCC4C4CCCCC4)CC23)CC1
C1CCC(CCC2CCC3C(CCC4CCCCC43)C2)CC1
C(CCCCC1CCC(C2CCCCC2)C1)CCCC1CCCCC1
C1CCC(CCC2CCC3C(CCC3C3CCCCC3)C2)CC1
C1CCC(C2CCC3C(CCC3C3CCCCC3)C2)CC1
C1CCC(CCCCC2CCC3CCCCC23)CC1
C1CCC(CCCCC2CC3CCCCC3C2)CC1
C1CCC(CCC2CCC3C(CCC3C3CCCCC3)C2)CC1
C1CCC(CCC2CC3CCCCC3C3CCC4CCCCC4C23)C1
C1CCC(C2CC3CCCC3C3CCCC4CCCCC4C23)CC1
C1CCC(C2CCC3CC4C(CCC45CCCCC5)CC32)CC1
C1CCC(CCC2CCCCC3CC4C(CCC4C4CCCCC4)CC23)CC1
C1CCC2C(C1)CCC1C3CCCC3CCC21
C1CCC(C2CCC3(CCC4CC5C(CCC5C5CCCCC5)CC43)C2)CC1
C1CCC(CC2CCC(CC(CC3CCCCC3)C3CCCCC3)CC2)CC1
C1CCC(CC2CC3CCCCC3C3CCC4CCCCC4C23)CC1
C1CCC2C(C1)CCC1CCCCC12
C1CCC(CCC2CCC3C(CCC3C3CCCCC3)C2)CC1
C1CCC(C2CCC3CC4C(CCCC45CCCCC5)CC32)CC1
C1CCC(CCCCC2CCC3CCCCC23)CC1
C1CCC(CCCCC2CC3CCCCC3C2)CC1
C1CCC2CCC3C4CCC(CCCC5CC6CCCCC6C5)C4CCC3C2CC1
C1CCC2CC(CCCC3CCCC4C3CCC3C5CCCCC5CCC43)CC2C1
C1CCC2C(C1)CCC1CCCCC12
C1CCC(C2CCC3CC4CCCCC4CC32)CC1
C1CCC(CCCC2CC3CCCCC3C2CC2CCCCC2)CC1
C1CCC(CC2CCC3C(CC4CCCCC4)CCC3C2)CC1
C1CCC(CC2CCC3(CCC4CC5C(CCC5C5CCCCC5)CC43)C2)CC1
C1CCC(CCCCC2CC3CCCCC3C2)CC1
C(CCC1CCCCC2CCCCC12)CC1CCC2CCCCC2C1
C1CCC(CCCC2CCC(C3CCC4C(CCC4C4CCCCC4)C3)CC2)CC1
C1CCC(CCC2CCC3C(CCC3C3CCCCC3)C2)CC1
C1CCC2CC(CCCC3CCC4C3CCC3C5CCCCC5CCCC43)CC2C1
C1CCC(CC2CC3CCCCC3C3CCC4CCCCC4C23)C1
C1CCC(CCCCCC2CCC3CCCCC3C2)CC1
C(CCCCC1CCC(C2CCCCC2)C1)CCCC1CCCCC1
C1CCC2CCC3C4CCC(CCCC5CC6CCCCC6C5)C4CCC3C2CC1
C1CCC(CCC2CCC(CCC3CCCC(CC4CCCC4)C3)CC2)CC1
C1CCC(CCCCCC2CC3CCCCC3C2)CC1
C1CCC2C(C1)CCC1CCCCC12
C1CCC(CC2CCC3CC4C(CCCC45CCCC5)CC23)CC1
C1CCC(CC2CCCC(CC3CC4CCCCC4C4CCC5CCCCCC5C34)C2)CC1
C1CCC(CCC2CCC(C3CCC4C(CCC4C4CCCCC4)C3)CC2)CC1
C1CCC2C(C1)CCC1C2CCCC2C3CCCC3CC21
C1CCC2CCC(C3CCCC4CCCC43)CC2CC1
C1CCC(CCCCCC2CC3CCCCC3C2)CC1
C1CCC(CC2CCCC(CC3CC4CCCCC4C4CCC5CCCCC5C34)C2)C1
C1CCC2CC(CCCC3CCC4C3CCC3C5CCCCC5CCC43)CC2C1
C1CCC(C2CC3CCCC3C3CCC4CCCCC4C23)CC1
C(CCC1CCCC2CCCC12)CC1CCCC2CCCCC12
C1CCC(CCCCCC2CCCC3C(C4CCCCC4)CCC23)CC1
C1CCC(CCC2CCC3C(CCC3C3CCCCC3)C2)CC1
C1CCC(CC(CC2CCCCC2)C2CCCCC2)CC1
C1CCC(C2CCC3CC4C(CCC5C6CCC(CCCCC7CCC8CCCCC8C7)C6CCC45)CC32)CC1
C1CCC(CCC2CCCC(C3CCC4CC(CCC5CCC6CCCCC6C5)CCC43)C2)C1
C1CCC(CCCCC2CC3CCCCC3C2)CC1
C1CCC(C2CC3CCCC3C3CCC4CCCCCC4C23)CC1
C1CCC(CCCC2CCCC3CCC(C4CCCC5CCCC54)CC23)CC1
C1CCC(C2CCC3C(CCC4CCCCC43)C2)CC1
C1CCC2CCC3C4CCC(CCCC5CC6CCCCC6C5)C4CCC3C2CC1
C1CCC(C2CC3CCCC3C3CCC4CCCCC4C23)CC1
C1CCC2CCC3CCCCC3C2CC1
C1CCC(C2CCC3CCC4C(CC5CCC6CCCCC65)CCCC4CC32)CC1
C1CCC(CCCCCC2CC3CCCCC3C2)CC1
C1CCC(CCC2CCC3C(CCC4CC(C5CCCCC5)CCC43)C2)CC1
C1CCC(CCCCCC2CC3CCCCC3C2)CC1
C1CCC(CCCCC2CCC3CCCCC23)CC1
C1CCC(C2CC3CCCC3C3CCC4CCCCC4C23)CC1
C1CCC(C2CCC3(CCC4CC5C(CCC5C5CCCCC5)CC43)C2)CC1
C1CCC(CCCC2CCC3CCC(C4CCCC5CCCC54)CC3C2)CC1
C1CCC(CCC2CCC(CCC3CCCC(CCC4CCCC4)C3)CC2)CC1
C1CCC(CCCCC2CC3CCCCC3C2)CC1
C(CCC1CCCC2CCCC12)CC1CC2CCCCC2C1
C(CCCC1CCCCC1)CCCC1CCC(C2CCCCC2)C1
C1CCC(CCC(CCC2CCC3CCCC3C2)CC2CCCCC2)CC1
C1CCC(CCCC2CCC3CCC(CC4CCCC5CCCC54)CC3C2)CC1
C(CCCC1CCCC2C(C3CCCCC3)CCC12)CCC1CCCCC1
C1CCC(CC2CC3CCCCC3C3CCC4CCCCCC4C23)CC1
C1CCC(CCC2CCC3C(CCC3C3CCCCC3)C2)CC1
C1CCC(CCC2CCC3C(CCC3C3CCCCC3)C2)CC1
C(CCC1CCCC2CCCCC12)CC1CCC2CCCCC2C1
C1CCC(CCCC(CC2CC3CCCCC3C2)C2CC2)CC1
C1CCC(C2CCC3CC4C(CCCCC45CCCC5)CC32)CC1
C1CCC(CC2CCC3CC(C4CCC(CCC5CCCC5)CC4)CCC23)CC1
C1CCC(C2CCC3CCCC3C3CCC4CCCCC4C23)CC1
C1CCC(C2CCC(CCCCCC3CCCC4C(C5CCCCC5)CCC34)C2)CC1
C1CCC(CC2CC3CCCCC3C3CCC4CCCCCC4C23)CC1
C1CCC2CC3CCCCC3CCC2C1
C1CCC(CC2CC3CCCCC3C3CCC4CCCCC4C23)CC1
C1CCC2CCC(C3CCCC4CCCC43)CC2CC1
C1CCC(CC2CC3CCCCC3C3CCC4CCCCC4C23)C1
C(CCC1CCCC2CCCCC12)CC1CCCC2CCCCC12
C1CCC(CCCCC2CC3CCCCC3C2)CC1
C1CCC2C(C1)CCC1C2CCC2C3CCCC3CC21
C1CCC(CCC2CCC3C(CCC3C3CCCCC3)C2)CC1
C1CCC2C(C1)CCC1C3CCCCC3CCC21
C1CCC(CCCCC2CCC3CCCCC23)CC1
C1CCC2CCC(C3CCCC4CCCC43)CC2CC1
C1CCC(C2CC3CCCC3C3CCCC4CCCCC4C23)CC1
C1CCC2C(C1)CCCC1C3CCCC3CCC21
C1CCC(CCC(CC2CCC3C(CCC3C3CCCCC3)C2)C2CCCCC2)CC1
C1CCC(C2CCC(CCCC3CCC4C3CCC3C5CCCCC5CCC43)C2)CC1
C1CCC(CCC2CCC(CCC3CCCC(CC4CCCC4)C3)CC2)CC1
C1CCC(CCCCC2CC3CCCCC3C2)CC1
C(CCC1CCCC2CCCC12)CC1CC2CCCCC2C1
C1CCC2CCC(C3CCCC4CCCC43)CC2CC1
C1CCC(CCCCCC2CC3CCCCC3C2)CC1
C1CCC2CCC3C4CCC(CCCC5CCCC6CCCCC65)C4CCC3C2CC1
C1CCC(C2CC3CCCC3C3CCCC4CCCCC4C23)CC1
C1CCC(CC2CC3CCCCC3C3CCC4CCCCCC4C23)CC1
C1CCC(C2CCC3C(CCC4CCCCC43)C2)CC1
C(CCC1CCCC2CCCCC12)CCC1CCCC2CCCCC12
C1CCC(C2CCC3CC4C(CC5CC6CCCCC6C5)CCCC4CC32)CC1
C1CCC2CCC(C3CCCC4CCCC43)CC2CC1
C(CCCC1CCC2CCCC2C1)CCCC1CCC(C2CCCCC2)C1
C1CCC(CCC2CCC3C(CCC4C5CCCC5CC(CCC5CCCCC5)C34)C2)CC1
C1CCC(C2CCC3CC4C(CCCC5C6CCC(CCCC7CCCC8CCCCC87)C6CCC45)CC32)CC1
C1CCC(CCCCC2CC3CCCCC3C2)CC1
C1CCC(C2CCC3CCC4CCCCC4C3CC2)C1
C(CCCC1CCC(C2CCCCC2)C1)CCC1CCCCC1
C1CCC(CCCCC2CCCC3CCCC23)CC1
C1CCC2CC(C3CCCC4CCCC43)CCC2C1
C1CCC(CCC2CCCCC3CC4C(CCC4C4CCCCC4)CC23)CC1
C1CCC(C2CCC3CC4C(CCC5C6CCC(CCCCC7CCC8CCCCC8C7)C6CCC45)CC32)CC1
C1CCC(CCCCCC2CC3CCCCC3C2)CC1
C1CCC(C2CCC3CCCC3C3CCC4CCCCC4C23)CC1
C1CCC(CCCCCC2CC3CCCCC3C2)CC1
C1CCC(CCCCCC2CC3CCCCC3C2)CC1
C1CCC(C2CCCCC2CC2CC3CCCCC3C3CCC4CCCCCC4C23)CC1
C1CCC(C2CCC3CC4C(CCC32)CCC42CCCC2)CC1
C1CCC2CC(CC3CCCC4CCCC43)CCC2C1
C(CCCC1CCCC2C(C3CCCCC3)CCC12)CCC1CCCCC1
C(CCCC1CCCCC1)CCCC1CCC(C2CCCCC2)C1
C1CCC(CCCCCC2CCC3CCCC3C2)CC1
C1CCC(C2CC3CCCC3C3CCCC4CCCCC4C23)CC1
C1CCC2CC3CCC4CCCC4C3CCC2C1
C1CCC(CCCCCC2CCC3CCCCC23)CC1
C1CCC(C2CCC3CCCC3C3CCCC4CCCCC4C23)CC1
C1CCC(CC2CC3CCCCC3C3CCC4CCCCCC4C23)CC1
C1CCC(CC2CC3CCCCC3C3CCC4CCCCC4C23)C1
C1CCC(CCC(CC2CC3CCCCC3C2)C2CCC2)CC1
C1CCC2CCC(C3CCCC4CCCC43)CC2CC1
C1CCC(CCC2CCCCC2)CC1
C(CCCC1CCCCC1)CCCC1CCC(C2CCCCC2)C1
C1CCC(C2C3CCCC3CC3CC4CCCCC4CC32)CC1
C(CCC1CC2CCCCC2C1)CCC1CCCC2CCCC12
C1CC2CCCC2C(CC2CC3CCCCC3C3CCCC23)C1
C1CCCC(CC2CCCCC2CC2CC3CCCCC3C3CCC4CCCCC4C23)CC1
C1CCC(C2CCC3CC4C(CCC45CCCC5)CC32)CC1
C1CCC(CCCCC2CC3CCCCC3C2)CC1
C(CCC1CCC2CCCC2C1)CC1CCC(C2CCCC2)CC1
C1CCC2CC(C3CCCC4CCCC43)CCC2C1
C1CCC(CCC2CCCCC2)CC1
C1CCC2CC(C3CCCC4CCCC43)CCC2C1
C1CCC(CCCCCC2CC3CCCCC3C2)CC1
C1CCC(C2CCC(CC3CC4CCCC4C4CCC5CCCCC5C34)CC2)C1
C1CCC(C2CCC3CCC4C(CCCC45CCCC5)CC32)CC1
C(CCCC1CCCC2C(C3CCCCC3)CCC12)CCC1CCCCC1
C1CCC2C(C1)CCCC1C3CCCC3CCC21
C1CCC(CCCCCC2CC3CCCCC3C2)CC1
C1CCC(CCC2CCC(CCC3CCCC(CC4CCCCC4)C3)CC2)CC1
C1CCC2CCC(C3CCCC4CCCC43)CC2CC1
C1CCC(C2CCC3CCCC3C3CCC4CCCCC4C23)CC1
C(CCC1CCCC2CCCCC12)CC1CC2CCCCC2C1
C1CCC2CCC(C3CCCC4CCCC43)CC2CC1
C1CCC(CCC2CCC3C(CC4CCCCC4)CCC3C2)CC1
C1CCC(CCC2CCCC(C3CCCC4C(C5CCCCC5)CCC34)C2)CC1
C1CCC(C2CCC3CCCC3C3CCC4CCCCC4C23)CC1
C1CCC2C(C1)CCC1C3CCCC3CCC21
C1CCC(CCCCCC2CCC3CCCCC23)CC1
C1CCC(CC2CC3CCCCC3C3CCC4CCCCC4C23)C1
C1CCC2CCC3C4CCCCC4CC(CC4CCCC4)C3C2CC1
C1CCC2CCC3C4CCC(CCCC5CCCC5)C4CCC3C2CC1
C1CCC2CCC3C4CCCCC4CC(CC4CCCC4)C3C2CC1
C1CCC(CCC2CCCCC2)CC1
C(CCC1CC2CCCCC2C1)CCC1CCCC2CCCC12
C1CCC(C2CCC3(CCCC4CC5C(CCC5C5CCCCC5)CC43)C2)CC1
C1CCC2C(C1)CCC1C2CCC2C3CCCC3CC21
C1CCC(CCCC2CCC3C(CCC3C3CCCCC3)C2)CC1
C1CCC2CC(C3CCCC4CCCC43)CCC2C1
C1CCC2C(C1)CCC1C3CCCC3CCC21
C1CCC(C2CCC3CC4C(CCC45CCCC5)CC32)CC1
C1CCC2CCC3C4CCCCC4CC(CC4CCCC4)C3C2CC1
C1CCC2CC(C3CCCC4CCCC43)CCC2C1
C1CCC2CC(CCCC3CCC4C3CCCC3C5CCCCC5CCC34)CC2C1
C1CCC(C2CCC3CC4C(CCC45CCCCC5)CC32)CC1
C1CCC(CCCCCC2CCC3C(CCC3C3CCCCC3)C2)CC1
C1CCC(CCCCC2CC3CCCCC3C2)CC1
C(CCCC1CCCC2C(C3CCCCC3)CCC12)CCC1CCC(C2CCCC2)C1
C1CCC2C(C1)CCC1C2CCC2C3CCCC3CC21
C1CCC2C(C1)CCC1C3CCCC3CCC21
C(CCCC1CCCC2C1CCC2C1CCCC(CC2CC2)C1)CCC1CCCCC1
C1CCC(C2CCC3CC4C(CCC45CCCCC5)CC32)CC1
C1CCC2CCC3C(CCC4C3CCC4(CCCC3CC4CCCCC4C3)CCC3CCCC3)C2CC1
C1CCC2CCC3C4CCCC4CCC3C2CC1
C1CCC(C2CCC3C(CCC4CCCCC43)C2)CC1
C1CCC2CC(CCCC3CCC4C3CCC3C5CCCCC5CCC43)CC2C1
C1CCC2CC(C3CCCC4CCCC43)CCC2C1
C1CCC2CCC(C3CCCC4CCCC43)CC2CC1
C1CCC(CCC2CCC(CCC3CCCC(CC4CCCC4)C3)CC2)CC1
C(CCCC1CCCCC1)CCCC1CCC(C2CCCCC2)C1
C1CCC(C2CCC3(CCC4CCC5C(CCC5C5CCCCC5)CC43)C2)CC1
C1CCC(CCC2CCC3C(CCC3C3CCCC(CC4CCCC4)C3)C2)CC1
C1CCC2C(C1)CCC1C3CCCC3CCC21
C1CCC(CCCCC2CCC3C2CCC2C4CCCCC4CCC32)CC1
C1CCC(CC2CCC(C3CC4CCCC4CC4CCC5CCCCC5C43)CC2)CC1
C1CCC(C2CCC3CC4C(CCCC45CCCCC5)CC32)CC1
C1CCC(C2C3CCCC3CC3CC4CCCC4CC32)CC1
C1CCC2C(C1)CCCC2CCCC1CCCC2CCCCC21
C1CCC(C2CCC3CC4CCCCC4CCC32)CC1
C1CCC(CCCCCC2CC3CCCCC3C2)CC1
C1CCC(C2CCC3CC4C(CCC45CCCC5)CC32)CC1
C1CCC(CCCCCC2CC3CCCCC3C2)CC1
C(CCCC1CCCC2CCCCC12)CCC1CCC(C2CCCC2)C1
C1CCC(CC2CCC3CC4C(CCC5C6CCCC6CCC45)CC23)CC1
C1CCC(CC2CCCC(CCC3CCC(CCC4CCC(C5CC5)CC4)CC3)C2)C1
C1CCC2CCC3C4CCCCC4CCC3C2CC1
C1CCC(CCC2CCC(C3CCC4C(CCC4C4CCCCC4)C3)CC2)CC1
C(CCC1CCC(C2CC3CCCC3C3CCC4CCCCC4C23)CC1)CCC1CCC2C(CCC3C4CCCC4CCC23)C1
C1CCC(CCCCC(CC2CCC3C(CCC3C3CCCCC3)C2)C2CCCCC2)CC1
C1CCC2C(C1)CC(C1CCCC3CCCC31)C1CCCC21
C1CCC(CC(CC2CCCCC2)C2CCCCC2)CC1
C1CCC2C(C1)CCC1C3CCCC3CCC21
C1CCC(CCCCC2CCC3CCCCC23)CC1
C1CCC(C2CCC3C(CCCCCC4CC4)CCCC23)CC1
C1CCC(CCCCCC2CCCC3C(C4CCCCC4)CCC23)CC1
C1CCC(CCCCC2CCCC(C3CCC4CC(CCC5CCC6CCCCC6C5)CCC43)C2)CC1
C(CCC1(C2CCCC2)CCCC2CCCCC21)CC1CCC2CCCCC2C1
C1CCC2CC3CCC4CCCCC4C3CCC2C1
C1CCC2C(C1)CCC1C3CCCC3CCC21
C(CCC1CCCC2CCCC12)CC1CC2CCCCC2C1
C1CCC(CCCCCC2CCCC3C(C4CCCCC4)CCC23)CC1
C1CCC2CCC(C3CCCC4CCCC43)CC2CC1
C1CCC(CCCCC2CCC3C2CCC2C4CCCCCC4CCC32)CC1
C1CCC(CCC2CCC3C(CCC3C3CCCCC3)C2)CC1
C1CCC2C(C1)CCC1C3CCCCC3CCC21
C1CCC(C2CCC3CCC4C(CCC45CCCC5)CC32)CC1
C1CCC(CCCC2CCC3C(CCC3C3CCCCC3)C2)CC1
C1CCC2CCC3C4CCCC4CCC3C2CC1
C1CCC2CCC(C3CCCC4CCCC43)CC2CC1
C(CCCC1CCCC2C(C3CCCCC3)CCC12)CCC1CCCCC1
C1CCC2C(C1)CCCC1C2CCC2C3CCCC3CC21
C(CCC1CCC2C(CCC3C4CCCC4CCC23)C1)CC1CCC(C2CC3CCCC3C3CCC4CCCCC4C23)CC1
C1CCC2CC(CCCC3CCC4C3CCC3C5CCCCC5CCC43)CCC2C1
C(CCC1CCC2C(CCC3C4CCCC4CCC23)C1)CC1CCC(C2CCC3CCCC3C3CCC4CCCCC4C23)CC1
C1CCC2C(C1)CC(C1CCCC3CCCC31)C1CCCCC21
C1CCC(C2CCC3CC4(CCCCC4C4CCCCC4)CCCC32)CC1
C1CCC(C2CCC3C(CCC3C3CCCCC3)C2)CC1
C1CCC(CC2CCC3C(CCC3C3CCCCC3)C2)CC1
C1CCC(C2CC3CCCC3C3CCC4CCCCC4C23)CC1
C1CCC2CC(C3CCCC4CCCC43)CCC2C1
C1CCC(CCCC2CCC3C(CCC4C5CCCC5CCC34)C2)CC1
C1CCC(CCCCC2CCC3CCCCC23)CC1
C1CCC2CCC3C(CCC4C3CCC4(CCCC3CC4CCCCC4C3)CCC3CCCC3)C2CC1
C1CCC(CC2CC3CCCCC3C3CCC4CCCCC4C23)CC1
C1CCC2CCC3C(CCC4C5CCCC5CC43)C2CC1
C1CCC(CCCC2CCCC3CCC(C4CCCC5CCCC54)CC3C2)CC1
C1CCC2CC(C3CCCC3)CCC2C1
C1CCC(CCC2CCCC3CC4C(CCC4C4CCCCC4)CC23)CC1
C1CCC2CCC(C3CCCC4CCCC43)CC2CC1
C1CCC(CCC2CCC(C3CCCC4C(C5CCCCC5)CCC34)C2)CC1
C1CCC(CC2CCCCC2CC2CC3CCCCC3C3CCC4CCCCCC4C23)CC1
C1CCC(CCC2CCC3C(CCC3C3CCCC(CCC4CCCC4)C3)C2)CC1
C1CCC(CCC2CCC(CCC3CCCCC(CC4CCCC4)C3)CC2)CC1
C1CCC2CC(C3CCCC4CCCC43)CCC2C1
C(CC1CCC2CCCC2C1)CC1CCC2CCC(C3CCCC4CCCC43)CC2C1
C1CCC(CC2CC3CCCCC3C3CCC4CCCCC4C23)CC1
C1CCC(CCC2CCC3C(CCC4C5CCCC5CCCC34)C2)CC1
C(CC1CCC2CCCC2C1)CC1CCCC2CCC(C3CCCC4CCCC43)CC2C1
C(CCCC1CCCC2CCCCC12)CCC1CCCC1
C1CCC2C(C1)CCC1C3CCCC3CCC21
C1CCC(C2CCC3CC4C(CCC45CCCCCC5)CC32)CC1
C1CCC(CCCCCC2CC3CCCCC3C2)CC1
C1CCC(CCC2CCC3C(CCC3C3CCCCC3)C2)CC1
C1CCC(CCC2CCC3C(CCC3C3CCCCC3)C2)CC1
C1CCC(CCC2CCC3C(CCCC4C5CCCC5CC(CCC5CCCCC5)C34)C2)CC1
C1CCC(C2CCC3CCCCC3C3CCCCC23)CC1
C1CCC(CC2CCCCC2CC2CC3CCCCC3CC3CCC4CCCCC4C32)CC1
C1CCC(CCC2CCCC3CC4C(CCC23)CCC4C2CCCCC2)CC1
C1CCC(C2CCC3C(CCC4CCCCC43)C2)CC1
C(CCC1CCCC2CCCCC12)CC1CC2CCCCC2C1
C(CCCCC1CCC(C2CCCCC2)C1)CCCC1CCCCC1
C1CCC2CCC(C3CCCC4CCCC43)CC2CC1
C1CCC2C(C1)CCC1C2CCC2C3CCCC3CC21
C1CCC(CCCC2CCCCC2)CC1
C(CCC1CCC2CCCCC2C1)CCC1CCCC2CCCCC12
C1CCC(CCCCC2CC3CCCCC3C2)CC1
C1CCC(CCCCCC2CCCC3C(C4CCCCC4)CCC23)CC1
C1CCC(CC2CC3CCCCC3C3CCC4CCCCCC4C23)CC1
C(CCC1CCCC2CCCCC12)CC1CCC2CCCCC2C1
C1CCC2CCC(C3CCCC4CCCC43)CC2CC1
C1CCC(CCC2CCC(C3CC3)CC2)CC1
C1CCC(C2CCC3CC4C(CCC5C6CCC(CCCC7CCC8CCCCC8C7)C6CCCC45)CC32)CC1
C1CCC(C2CC3CCCCC3C3CCCCC3C2)CC1
C1CCC(CCCCC2CCC3CCCCC23)CC1
C(CCCC1CCCC2C(C3CCCCC3)CCC12)CCC1CCCCC1
C1CCC(CCC2CCC3C(CCC4CC(C5CCCCC5)CCC43)C2)CC1
C1CCC(C2CC3CCCC3C3CCCC4CCCCC4C23)CC1
C1CCC(C2CC3CCCC3C3CCC4CCCCCC4C23)CC1
C1CCC(CC2CCC3CC4(CCCCC4C4CCCCC4)CCC23)CC1
C(CCC1CCC2C(CCC3C4CCCC4CCC23)C1)CC1CCC(C2CC3CCCC3C3CCC4CCCCC4C23)CC1
C1CCC2CCC(C3CCCC4CCCC43)CC2CC1
C1CCC(CCCCC2CC3CCCCC3C2)CC1
C(CCC1CCCC2CCCCC12)CC1CCCC2CCCCC12
C1CCC(CCC2CCC(CCCC3CCCC(CC4CCCC4)C3)CC2)CC1
C1CCC(CCC2CCC3C(CCC3C3CCCCC3)C2)CC1
C1CCC(C2CC3CCCC3C3CCC4CCCCCC4C23)CC1
C(CCCC1CCCC2C(C3CCCCC3)CCC12)CCC1CCCCC1
C1CCC2CC(C3CCCC3)C3CCCC3C2CC1
C1CCC(CCC2CCC(CCC3CCCC(CC4CCCC4)C3)CC2)CC1
C1CCC(CC2CC3CCCCC3C3CCC4CCCCC4C23)CC1
C1CCC(C2CCC(C3CC4CCCC4C4CCC5CCCCC5CC34)CC2)C1
C1CCC2C(C1)CCC1C2CCC2C3CCCC3CC21
C1CCC2CC(CCCC3CCCC4CCCCC43)CC2C1
C1CCC2CC(CCCC3CCCC4C3CCC3C5CCCCC5CCC43)CC2C1
C1CCC(CC2CC3CCCCC3C3CCC4CCCCC4C23)C1
C1CCC(CC2CC3CCCCC3C3CCC4CCCCC4C23)C1
C1CCC(C2CCC3CC4C(CCC5C6CCC(CCCCC7CC8CCCCC8C7)C6CCC45)CC32)CC1
C1CCC(CC2CCC3CC4C(CCC45CCCC5)CC23)CC1
C1CCC2CC(C3CCCC4CCCC43)CCC2C1
C1CCC(C2CCC3C(CCC34CCCC4)C3CCC4CCCCC4C23)CC1
C(CCCC1CCCC2C(C3CCCCC3)CCC12)CCC1CCCCC1
C1CCC2C(C1)CCC1C3CCCC3CCC21
C1CC2CCC3C(CCC4CCCCC43)CC2C1
C1CCC(CCC2CCC3C(CCC3C3CCCC(CCC4CCCC4)C3)C2)CC1
C1CCC(C2CCC3(CCC4CC5C(CCC5C5CCCCC5)CC43)C2)CC1
C1CCC2C(C1)CCC1C3CCCC3CCC21
C(CCC1CCC2C1CCC1C3CCCCC3CCC21)CC1CCCC2CCCCC12
C1CCC(CCCCCC2CCCC3C(C4CCCCC4)CCC23)CC1
C1CCC(CCCCC2CC3CCCCC3C2)CC1
C1CCC(CCCC2CCC3CCC(CC4CCCC5CCCC54)CC3C2)CC1
C1CCC2CCC3C4CCC(CCCC5CC6CCCCC6C5)C4CCC3C2CC1
C1CCC(CCC2CCCC3CC4C(CC5CCCCC5)CCC4CC23)CC1
C1CCC(C2CCC3CC4C(CCCC45CCCCC5)CC32)CC1
C1CCC(CCC2CCC(CCC3CCCC(CC4CCCC4)C3)CC2)CC1
C(CCC1CCC2CCCCC2C1)CCC1CCCC2CCCCC12
C(CCCCCCC1CCC2C1CCC1C3CCCCC3CCC21)CCCCCC1CCC(CCC2CCC(CCC3CCCC3)C2)C1
C1CCC(CCCCCC2CCCC3C(C4CCCCC4)CCC23)CC1
C1CCC(CCC2CCC(CCC3CCCCC3)CC2)CC1
C1CCC(CCCCCC2CC3CCCCC3C2)CC1
C(CCCC1CCCC2CCCC12)CCC1CCCCC1
C1CCC(CCCCC2CCC3CCCCC23)CC1
C1CCC(C2CCC3C(CCCCCC4CCC(CC5CCCC5)C4)CCCC23)CC1
C1CCC(CCCCCC2CCCC3C(CC4CCCCC4)CCC23)CC1
C(CCCC1CCCC2C(C3CCCCC3)CCC12)CCC1CCCCC1
C1CCC(CCC2CCC3C(CCC4C5CCCC5CCCC34)C2)CC1
C1CC2CCCC2C(CC2CC3CCCCC3C3CCCC23)C1
C1CCC2CC(C3CCCC4CCCC43)CCC2C1
C1CCC(CCC2CCC3C(CCC3C3CCCCC3)C2)CC1
C1CCC(C2CC3CCCC3C3CCC4CCCCC4C23)CC1
C1CCC(C2CCC(C3CC4CCCC4C4CCC5CCCCC5C34)CC2)C1
C1CCC(CCCC(CCC2CCC3CCCC3C2)CC2CCCCC2)CC1
C1CCC(CC(CC2CCCCC2)C2CCCCC2)CC1
C1CCC(C2CCC3C(CCC4CCCCC43)C2)CC1
C(CCCC1CCCCC1)CCC1CCCCC1
C1CCC(C2CC3CCCC3C3CCC4CCCCC4C23)CC1
C1CCC(CCCC2CCCC(C3CCC4CC(CCC5CCC6CCCCCC6C5)CCC43)C2)CC1
C(CCC1CCCC2CCCC12)CC1CC2CCCCC2C1
C1CCC(CCCCC2CC3CCCCC3C2)CC1
C1CCC2C(C1)CCC1C3CCCC3CCCC21
C1CCC(CC2CC3CCCCC3C3CCC4CCCCC4C23)C1
C1CCC(CCCCC2CC3CCCCC3C2)CC1
C1CCC2CCC3C4CCCC4CC(C4CCC(CCCCC5CCC6C(CCC7C8CCCC8CCC67)C5)CC4)C3C2CC1
C1CCC2CCCC(CC3CC4CCCCC4C4CCC5CCCCC5C34)C2CC1
C(CCC1CCC2CCCCC2C1)CCC1CCCC2CCCCC12
C1CCC(C2CC3CCCC3C3CCC4CCCCC4C23)CC1
C1CCC2CCC(C3CCCC4CCCC43)CC2CC1
C1CCC(CCCC2CCCC3CC4C(CCC4C4CCCCC4)CC23)CC1
C1CCC2CCC3C4CCCC4CCC3C2CC1
C1CCC(CCC2CCC3C(CCC4CC3CCC3CCCC34)C2)CC1
C1CCC(C2CC3CCCC3C3CCC4CCCCCC4C23)CC1
C1CCC2CC(C3CCCC4CCCC43)C3CCCC3C2CC1
C(CCCC1(C2CCCCC2)CCC1)CCC1CCC(C2CCCCC2)C1
C1CCC(CCC2CCC3C2CCC(CC2CCCCC2)C2C4CCCCC4CCC32)CC1
C1CCC(CCCCC2CC3CCCCC3C2)CC1
C(CCC1CCCC2CCCCC12)CC1CCCC2CCCCC12
C1CCC2CC(C3CCCC4CCCC43)CCC2C1
C1CCC(C2CCC3CC4C(CCC5C6CCC(CCCC7CC8CCCCC8C7)C6CCCC45)CC32)CC1
C1CCC(CCC2CCC3C(CCC4CC(C5CCCCC5)CCCC43)C2)CC1
C(CCCCC1CCC(C2CCCCC2)C1)CCCC1CCCCC1
C1CCC2CCC3C4CCC(CCCC5CC6CCCCC6C5)C4CCC3C2CC1
C1CCC2CC(CCCC3CCC4C3CCC3C5CCCCC5CCCC43)CC2C1
C1CCC2C(C1)CCC1C3CCCC3CCC21
C(CCC1CC2CCCCC2C1)CCC1CCCC2CCCC12
C1CCC2CCC3C4CCCCC4CC(CC4CCCC4)C3C2CC1
C1CCC(CCCCC2CCCC3CCC(C4CCCCC4)CC23)CC1
C1CCC(CCCCCC2CC3CCCCC3C2)CC1
C1CCC(CCC(CCC2CCC3CCCC3C2)CC2CCCCC2)CC1
C1CCC(C2CC3CCCC3C3CCCC4CCCCC4C23)CC1
C1CCC(CCC2CCC3C(CCC3C3CCCCC3)C2)CC1
C1CCC2CC3CCC4CCCC4C3CCC2C1
C1CCC(CCCC2CCC3C2CCC2C4CCCCC4CCCC32)C1
C1CCC(CCC2CCCC3CC4C(CCC4C4CCCCC4)CC23)CC1
C(CCCC1CCCC2CCCC12)CCC1CCCCC1
C1CCC(CCCCCC2CC3CCCCC3C2)CC1
C1CCC2CC(C3CCCC4CCCC43)CCC2C1
C1CCC(CCC2CCC3C(CCC4CC(C5CCCCC5)CCC43)C2)CC1
C1CCC(CCCCCC2CCCC3C(CC4CCCCC4)CCC23)CC1
C1CCC(CCCCCC2CC3CCCCC3C2)CC1
C1CCC(C2CC3CCCC3C3CCC4CCCCC4C3C2)CC1
C1CCC(CC2CCC3CC4C(CCC45CCCCC5)CC23)CC1
C1CCC2C(C1)CCCC1CCCCC12
C1CCC(CCC2CCC3C(CCC3C3CCCCC3)C2)CC1
C1CCC2CC(CCCC3CCC4C3CCC3C5CCCCC5CCC43)CC2C1
C1CCC(CCC2CCC3CC4CCC5CCCCC5C4CCC23)C1
C1CCC(CCCCC2CCC3CCCCC23)CC1
C1CCC2CC(CCCC3CCCC4C3CCC3C5CCCCC5CCC43)CC2C1
C1CCC(CCCC2CCC3C(CCC3C3CCCCC3)C2)CC1
C1CCC(CCC2CCC(CCC3CCCC(CC4CCCC4)C3)CC2)CC1
C1CCC(CCCCCC2CCCC3C(C4CCCCC4)CCC23)CC1
C1CCC(C2CC3CCCC3C3CCC4CCCCC4CC23)CC1
C1CCC2CC3CCC4CCCC4C3CCC2C1
C1CCC(CC2CC3CCCCC3C3CCC4CCCCC4C23)C1
C1CCC(CCCCCC2CCCC3C(C4CCCCC4)CCC23)CC1
C1CCC2C(C1)CCC1CCCCC12
C1CCC2CCC3C4CCCC4CCC3C2CC1
C1CCC(CC2CC3CCCCC3C3CCC4CCCCC4C23)C1
C(CCC1CCC2C1CCC1C3CCCCC3CCC21)CC1CC2CCCCC2C1
C1CCC2CC(C3CCCC4CCCC43)CCC2C1
C1CCC2CCCCC2C(CCCCC2CCCC3CCCCC23)C1
C1CCC(CC2CC3CCCCC3C3CCC4CCCCCC4C23)CC1
C(CCCC1CCCC2C(C3CCCCC3)CCC12)CCC1CCCCC1
C1CCC(CCCCCC2CCC3CCCCC23)CC1
C1CCC(CCCC(CCC2CCC3CCCC3C2)CC2CCCCC2)CC1
C1CCC2C(C1)CC(C1CCCC3CCCCC31)C1CCCC21
C1CCC2CCC3CCCCC3C2CC1
C1CCC(CCC2CCC3C(CCC3C3CCCCC3)C2)CC1
C(CCC1CCCC2CCCCC12)CC1CC2CCCCC2C1
C1CCC(C2CCC3CCCC3C3CCC4CCCCC4C23)CC1
C1CCC2C(C1)CCC1C3CCCC3CCC21
C1CCC(CCCCCC2CCCC3C(C4CCCCC4)CCC23)CC1
C1CCC(CC(CC2CCCCC2)C2CCCCC2)CC1
C1CCC(CCC2CCC(CCC3CCCC(CC4CCCC4)C3)CC2)CC1
C1CCC(C2CC3CCCC3C3CCC4CCCCC4C23)CC1
C1CCC(C2CCCC(CC3CCC4CCCCC4C4CCC5CCCCC5C34)C2)C1
C1CCC2CCC(C3CCCC4CCCC43)CC2CC1
C(CCC1CCCC2CCCCC12)CC1CC2CCCCC2C1
C1CCC(CCC2CCC3C(CCC3C3CCCCC3)C2)CC1
C1CCC(C2CC3CCCC3C3CCCC4CCCCC4C23)CC1
C1CCC2CC(C3CCCC4CCCC43)CCC2C1
C1CCC(CCC2CCC3C(CCC3C3CCCC3)C2)CC1
C1CCC(CCC2CCC(CCC3CCCC(CC4CCCC4)C3)CC2)CC1
C1CCC(C2CCCC3(CCC4CC5C(CCC5C5CCCCC5)CC43)C2)CC1
C(CCCC1CCCCC1)CCC1CCCCC1
C1CCC2C(C1)CCC1C3CCCC3CCC21
C1CCC(CCCC2CCC(CCC3CCCCC3)CC2)CC1
C1CCC2CC(C3CCCC4CCCC43)CCC2C1
C1CCCC(CCCC2CCC3CCC(C4CCCC5CCCC54)CC3C2)CC1
C(CCCC1CCC(C2CCCCC2)C1)CCC1CCCCC1
C1CCC(CCCCCC2CCCC3C2CCC3C2CCCC(CC3CCCCC3)C2)CC1
C1CCC(CCCC2CCC(C3CCC4C(CC5CCCCC5)CCC4C3)CC2)CC1
C1CCC(CCC2CCC(CCC3CCCC(CC4CCCC4)C3)CC2)CC1
C1CCC(CCCCCC2CC3CCCCC3C2)CC1
C1CCC2C(C1)CCC1CCCCC12
C1CCC(CCC2CCC(CCC3CCCCC(CC4CCCC4)C3)CC2)CC1
C1CCC(C2CC3CCCC3C3CCC4CCCCC4C23)CC1
C(CCCC1CCC(C2CCCCC2)C1)CCC1CCCCC1
C1CCC(CCCCCC2CCC3CCCCC23)CC1
C1CCC(CC2CCC3CC4CCCCC4CC23)CC1
C1CCC2C(C1)CC(C1CCCC1)C1CCCCC21
C1CCC2C(C1)CCC1C3CCCCC3CCC21
C1CCC(CC2CCC3C(CCC3C3CCCCC3)C2)CC1
C(CCC1CCCC2CCCCC12)CC1CCC2CCCCC2C1
C1CCC2CC(CCCC3CCC4C3CCC3C5CCCCC5CCC43)CC2C1
C1CCC2CC(C3CCCC4CCCC43)CCC2C1
C1CCC(CCCC2CCC3CCC(C4CCCC5CCCC54)CC3C2)CC1
C1CCC(CCC2CCC3C(CCC3C3CCCCC3)C2)CC1
C1CCC2CCC(C3CCCC4CCCC43)CC2CC1
C1CCC(C2CCC3CC4C(CCC45CCCCC5)CC32)CC1
C1CCC(CCC2CCC3C(CCC3C3CCCCC3)C2)CC1
C1CCC2C(C1)CCC1C3CCCC3CCC21
C1CCC2C(C1)CCC1CCCCC12
C1CCC2C(C1)CCC1CCCCC12
C1CCC(CCCC2CC3CCCCC3C2C2CCCCC2)CC1
C1CCC(CCCC2CCC3CCCC3C2)CC1
C1CCC2CC(C3CCCC4CCCC43)CCC2C1
C1CCC(CCCC2CCC3CCC(C4CCCC5CCCC54)CC3C2)CC1
C1CCC(CCCC2CCC3CCC(C4CCCC5CCCC54)CC3C2)CC1
C1CCC(C2CC3CCCC3C3CCC4CCCCC4C23)CC1
C1CCC2CCC3C4CCCCC4CC(CC4CCCC4)C3C2CC1
C1CCC2C(C1)CCC1C3CCCCC3CCC21
C1CCC(CCCCC2CC3CCCCC3C2)CC1
C1CCC2CC(C3CCCC4CCCC43)CCC2C1
C1CCC2C(C1)CC(C1CCCC3CCCC31)C1CCCCC21
C1CCC(CCCCC2CC3CCCCC3C2)CC1
C(CCCC1CCCCC1)CCCC1CCC(C2CCCCC2)C1
C1CCC2CCC(C3CCCC4CCCC43)CC2CC1
C1CCC(C2CC3CCCC3C3CCC4CCCCCC4C23)CC1
C1CCC(CC2CC3CCCCC3C3CCC4CCCCC4C23)C1
C(CCC1CCCC2CCCC12)CC1CC2CCCCC2C1
C1CCC(CCC2CCC3C(CCC3C3CCCCC3)C2)CC1
C1CCC2CC(C3CCCC4CCCC43)CCC2C1
C1CCC(C2CC3C(CCC4CC4)CCC3C3CCC4CCCCC4C23)CC1
C1CCC(CCC2CCC(C3CC3)CC2)CC1
C1CCC(C2CC3CCCC3C3CCC4CCCCC4C23)CC1
C1CCC(CCC2CCC3C(CC4CCCCC4)CCC3C2)CC1
C1CCC2CCC3C4CCC(CCCC5CC6CCCCC6C5)C4CCC3C2CC1
C1CCC(CCCC2(CCC3CCCC3)CCC3C4CCC5CCCCC5C4CCC32)CC1
C1CCC(CCCCCC2CCC3CCCCC23)CC1
C1CCC(CCCC2CCC3CCC(C4CCCC5CCCC54)CC3C2)CC1
C1CCC(C2CCC3CC4C(CCC45CCCCCC5)CC32)CC1
C1CCC(CCC2CC3CCCCC3C3CCC4CCCCC4C23)CC1
C1CC2CCC3CC4C(CCC5CC54)CCC3C2C1
C1CCC(CCCCC2CC3CCCCC3C2)CC1
C1CCC(CCC2CCCC3CCC4C(CCC4C4CCCCC4)CC23)CC1
C1CCC2C(C1)CC(C1CCCC3CCCC31)C1CCCCC21
C1CCC(C2CCCCC2CC2CC3CCCCC3C3CCC4CCCCC4C23)CC1
C1CCC(CCCCCC2CC3CCCCC3C2)CC1
C1CCC(CCCCC2CCCC(C3CCC4CC(CCC5CCC6CCCCC6C5)CCC43)C2)CC1
C1CCC(C2CCC3CCCC3C3CCC4CCCCC4C23)CC1
C1CCC2CC(CC3CCCC4CCCC43)CCC2C1
C1CCC(CC2CCC3CC4C(CCC45CCC(C4CCCCC4)C5)CC23)CC1
C1CCC(CCC(CC2CC3CCCCC3C2)C2CC2)CC1
C1CCC(C2CC3CCCC3C3CCC4CCCCC4C23)CC1
C1CCC(C2CCC3CCCC3C3CCC4CCCCC4C23)CC1
C1CCC(CCCC2CCC3C(CCC4CCCCC43)C2)CC1
C1CCC(C2CCC3CC4CCCCC4CC32)CC1
C1CCC(CCCCCC2CCCC3C(C4CCCCC4)CCC23)CC1
C(CCC1CCCC2CCCC12)CC1CC2CCCCC2C1
C1CCC(CCC2CCC3C(CCC4C5CCCCC5CCC34)C2)CC1
C(CCCC1CCCC2C(C3CCCCC3)CCC12)CCC1CCCCC1
C1CCC(CCCCCC2CC3CCCCC3C2)CC1
C1CCC(C2CCC3CC4C(CCCC4CC4CC5CCCCC5C4)CCC32)CC1
C(CCCC1CCCCC1)CCCC1CCC(CC2CCCCC2)C1
C1CCC(C2CCC3CC4C(CCC45CCCCCC5)CC32)CC1
C1CCC(CCC2CCC3C(CC4CCCCC4)CCC3C2)CC1
C1CCC(C2CCC3CC4C(CCC32)CCC2C3CCC(CCCC5CCC6CCCCC6C5)C3CCC42)CC1
C(CCCCCCC1CCC(CCC2CCC(CCC3CCCC3)C2)C1)CCCCCCC1CCC2C1CCC1C3CCCCC3CCC21
C1CCC(CCCCC2CC3CCCCC3C2)CC1
C1CCC(CCCCCC2CC3CCCCC3C2)CC1
C1CCC(CC2CC3CCCCC3C3CCC4CCCCC4C23)C1
C1CCC2C(C1)CCC1C3CCCC3CCC21
C1CCC2CC(C3CCCC4CCCC43)CCC2C1
C1CCC(C2CC3CCCC3C3CCC4CCCCC4C23)CC1
C1CCC(C2CCC3CC4C(CCC5CCCCCC54)CC32)CC1
C1CCC2CC(CCCC3CCC4C3CCC3C5CCCCC5CCC43)CC2C1
C1CCC(C2CCC3CC4C(CCCC45CCCC5)CCC32)CC1
C1CCC2C(C1)CCC1C3CCCC3CCC21
C1CCC(CCCCC2CC3CCCCC3C2)CC1
C1CCC(C2CC3C(CCCC34CCCC4)C3CCC4CCCCC4C23)CC1
C1CCC(C2CCC3CCCC3C3CCCC4CCCCC4C23)CC1
C1CCC2C(C1)CC(C1CCCC3CCCCC31)C1CCCCC21
C1CCC(C2CCC3CC4C(CCCC45CCCC5)CCC32)CC1
C1CCC2C(C1)CCC1C3CCCC3CCC21
C1CCC(C2CCC3CCC4CCCCC4CC32)CC1
C1CCC(CCCCC2CC3CCCCC3C2)CC1
C(CCC1CCCC2CCCCC12)CC1CCC2CCCCC2C1
C1CCC2C(C1)CCC1C3CCCC3CCC21
C(CCC1CCC2C(CCC3C4CCCC4CCC23)C1)CC1CCC(C2CC3CCCC3C3CCC4CCCCC4C23)CC1
C1CCC2CC(C3CCCC4CCCC43)CCC2C1
C(CCC1CC2CCCCC2C1)CCC1CCCC2CCCC12
C1CCC2CC3CCC4CCCC4C3CCC2C1
C1CCC(CCCCCC2CCC3CCCCC23)CC1
C1CCC2C(C1)CCCC1C3CCCC3CCC21
C1CCC2CC(CC3CCCC4CCCC43)CCC2C1
C1CCC(CCCCCC2CC3CCCCC3C2)CC1
C1CCC2CCC3C4CCC(CCCC5CCC6CCCCC6C5)C4CCC3C2CC1
C1CCC(CC2CCC3C(CCC3C3CCCCC3)C2)CC1
C(CCC1CCCC2CCCC12)CC1CC2CCCCC2C1
C1CCC(CCCCC2CCC3CCCCC23)CC1
C1CCC(C2CC3CCCC3C3CCC4CCCCC4C23)CC1
C1CCC2CC(CCCC3CCC4C3CCC3C5CCCCC5CCC43)CC2C1
C1CCC(C2CCC3CC4C(CCC5C6CCC(CCCC7CC8CCCCC8C7)C6CCCC45)CC32)CC1
C(CCC1CCCC2CCCCC12)CCC1CCCC2CCCCC12
C1CCC(C2CCC3CC4C(CCC45CCCCCC5)CC32)CC1
C1CCC(CCC2CC3CCCCC3C3CCC4CCCCC4C23)CC1
C1CCC2C(C1)CC(C1CCCC1)C1CCCCC21
C1CCC(CC2CC3CCCCC3C3CCC4CCCCC4C23)CC1
C1CCC(C2CC3CCCC3C3CCC4CCCCCC4C23)CC1
C1CCC(C2CCC3CC4C(CCCC45CCCCC5)CC32)CC1
C1CCC2CC(CCCC3CCCC4CCCCC43)CC2C1
C(CCCC1CCCCC1)CCCC1CCC(C2CCCCC2)C1
C1CCC(CC2CC3CCCCC3C3CCC4CCCCC4C23)CC1
C(CCCCC1CCC(C2CCCCC2)C1)CCCC1CCCCC1
C1CCC(CCC2(CCCC3CCC4CCCCC4C3)CCC3C4CCC5CCCCC5C4CCCC32)C1
C1CCC(C2CCC3CCCC3C3CCC4CCCCC4C23)CC1
C1CCC(C2CC3CCCC3C3CCC4CCCCCC4C23)CC1
C1CCC(C2CCC(CCCCCC3CCCC4CCCCC34)C2)CC1
C(CCCCC1CCC(C2CCCCC2)C1)CCCC1CCCCC1
C(CCC1CCCC2CCCC12)CC1CC2CCCCC2C1
C1CCC2CC(C3CCCC4CCCC43)CCC2C1
C1CCC(C2CCC3CC4C(CCC5CCC6CCCCC65)CCCC4CC32)CC1
C1CCC(CCCC2CCC(C3CC3)CC2)CC1
C1CCC(C2CCC3C(CCC4CCCCC43)C2)CC1
C1CCC(CCCC23CCCC2CC2C4CCC5CCCCC5C4CCC23)C1
C(CCC1CCC2C1CCC1C3CCCCC3CCC21)CC1CC2CCCCC2C1
C1CCC2CCC3C4CCCCC4CC(CC4CCCC4)C3C2CC1
C1CCC(CCCCCC2CCCC3C(CC4CCCCC4)CCC23)CC1
C1CCC2C(C1)CCC1C3CCCCC3CCCC21
C1CCC(C2CC3CCCCC3CC3CCCCC32)CC1
C1CCC(C2CCC3CC4C(CCC32)CCC2C3CCC(CCCC5CC6CCCCC6C5)C3CCC42)CC1
C1CCC2C(C1)CCCC2CCCC1CCC2C1CCC1C3CCCCC3CCC21
C1CCC(CCCC2CCCC3CCC(C4CCCC5CCCC54)CC3C2)CC1
C1CCC2C(C1)CCC1C3CCCC3CCC21
C1CCC(CCCC2CCCC3CC4C(CCC4C4CCCCC4)CC23)CC1
C(CCC1CCCC2CCCC12)CC1CC2CCCCC2C1
C1CCC2CCC(C3CCCC4CCCC43)CC2CC1
C1CCC(CCCC2CC3CCCCC3C2C2CCCCC2)CC1
C1CCC(CCCCC2CCC3CCC(C4CCCC5CCCC54)CC3C2)CC1
C1CCC(CCC2CCC(CC3CCC4C(CCC4C4CCCCC4)C3)CC2)CC1
C1CCC(C2CC3CCCC3C3CCC4CCCCCC4C23)CC1
C1CCC2CCCCC2C(CCCCC2CCCC3CCCCC23)C1
C1CCC2CC(CCCC3CCC4C3CCC3C5CCCCC5CCCC43)CC2C1
C(CCC1CCCC2CCCCC12)CC1CC2CCCCC2C1
C1CCC(CCC2CCC3C(CCC3C3CCCC(CCC4CCCC4)C3)C2)CC1
C1CCC(CCCCCC2CCCC3C(C4CCCCC4)CCC23)CC1
C1CCC(CCC2CCC(C3CC3)CC2)CC1
C1CCC2CCCC(CC3CC4CCCCC4C4CCC5CCCCC5C34)C2CC1
C1CCC(CC2CCC3CCCCC3C3CCC4CCCCC4C23)CC1
C(CCCC1CCCC2C(C3CCCCC3)CCC12)CCC1CCCCC1
C1CCC(CCCC2CCC3CCC(CC4CCCC5CCCC54)CC3C2)CC1
C1CCC(C2CC3CCCC3C3CCC4CCCCCC4C23)CC1
C1CCC(CCCCCC2CC3CCCCC3C2)CC1
C1CCC(CCCC2CCC3CCC(C4CCCC5CCCC54)CC3CC2)CC1
C1CCC(CCCCCC2CC3CCCCC3C2)CC1
C1CCC2CCC(C3CCCC4CCCC43)CC2CC1
C1CCC(CCCCC2CCC3CCCCC23)CC1
C1CCC(CCCCC2CCC3CCC(C4CCCC5CCCC54)CC3C2)CC1
C1CCC(CCC2CCC3C(CCC3C3CCCC(CCC4CCCC4)C3)C2)CC1
C1CCC(CCCCC2CCC3CCCCC23)CC1
C(CCC1CCCC2CCCC12)CC1CC2CCCCC2C1
C1CCC(CCC(CCC2CCC3CCCC3C2)CC2CCCCC2)CC1
C1CCC(CC(CC2CCCCC2)C2CCCCC2)CC1
C1CCC(CCCCC2CC3CCCCC3C2)CC1
C1CCC(CCC2CCC3C(CCC3C3CCCCC3)C2)CC1
C1CCC2CC3CCC(C4CCCCC4)C3CC2CC1
C1CCC(CCC2CCC3C(CCC4CC3CCC3CCCC34)C2)CC1
C1CCC(CCC2CCC3C(CC4CCCC4)CCC3C2)CC1
C1CCC(C2CC3CCCC3C3CCC4CCCCC4C23)CC1
C1CCC(CCCCCC2CC3CCCCC3C2)CC1
C1CCC(CCC2CC3CCCCC3C3CCC4CCCCC4C23)CC1
C(CCCC1CCCC2CCCC12)CCC1CCCCC1
C1CCC(C2CCC3CC4C(CCC45CCCC5)CC32)CC1
C1CCC(CCC2CCC3C(CCC3C3CCCCC3)C2)CC1
C(CCC1CCC2C(CCC3C4CCCC4CCC23)C1)CC1CCC(C2CC3CCCC3C3CCC4CCCCC4C23)CC1
C1CCC(C2CC3CCCC3C3CCC4CCCCC4C23)CC1
C(CCC1CCCC2CCCC12)CC1CC2CCCCC2C1
C1CCC2C(C1)CCC1CCCCC12
C1CCC(CCC2CCC(CCC3CCCCC(CC4CCCC4)C3)CC2)CC1
C1CCC2CCC3C4CCC(CCCC5CC6CCCCC6C5)C4CCC3C2CC1
C1CCC2C(C1)CCCC1C3CCCC3CCC21
C1CCC(CCCCCC2CC3CCCCC3C2)CC1
C1CCC2C(C1)CCCC1C3CCCC3CCC21
C1CCC(CC2CC3CCCCC3C3CCC4CCCCC4C23)CC1
C1CCC(CC2CC3CCCCC3C3CCC4CCCCCC4C23)CC1
C1CCC(CC2CCC3CC4C(CCC45CCCC5)CC23)CC1
C1CCC(CC2CCCCC23CCC2C(CCC2C2CCCCC2)C3)CC1
C1CCC(C2CC3CCCC3C3CCC4CCCCC4C23)CC1
C1CCC(CCCCC2CC3CCCCC3C2)CC1
C1CCC(CCCCC2CC3CCCCC3C2)CC1
C1CCC(CCCCC2C(CC3CCCC4CCCC43)CCC3CCCCC32)CC1
C1CCC(CCCCCC2CC3CCCCC3C2)CC1
C1CCC(C2CCC(CCCCCC3CCCC4C(C5CCCCC5)CCC34)C2)CC1
C1CCC(C2CCC3CCCC3C3CCCC4CCCCC4C23)CC1
C1CCC(C2CCC3CC4C(CCC5C6CCCC(CCCC7CC8CCCCC8C7)C6CCC45)CC32)CC1
C1CCC(CCCCCC2CCC3CCCC3C2)CC1
C1CCC(CCC2CCC3C(CCC3C3CCCCC3)C2)CC1
C(CCC1CCC2C1CCC1C3CCCCC3CCC21)CC1CC2CCCCC2C1
C1CCC(CCCCC2CC3CCCCC3C2)CC1
C1CCC(CCCC2CCC3CCC(C4CCCC5CCCC54)CC3C2)CC1
C1CCC2CC(C3CCCC4CCCC43)CCC2C1
C1CCC(CCCCCC2CCCC3C(C4CCCCC4)CCC23)CC1
C1CCC(CCCCC2CC3CCCCC3C2)CC1
C1CCC(CC2CCC3C(CCC3C3CCCCC3)C2)CC1
C1CCC2CC(C3CCCC4CCCC43)CCC2C1
C(CCCC1CCCCC1)CCCC1CCC(C2CCCCC2)C1
C1CCC(C2CCC(CCCCCC3CCCC4CCCCC34)C2)CC1
C1CCC(CC2CC3CCCCC3C3CCC4CCCCCC4C23)CC1
C1CCC(CCC2CCC3C(CC4CCCCC4)CCC3C2)CC1
C1CCC(CCC2CCC(C3CCCC4C(C5CCCCC5)CCC34)C2)CC1
C1CCC(CCC2CCCC3CC4C(CCC4C4CCCCC4)CC23)CC1
C1CCC(C2CCC3CC4C(CCCC5C6CCC(CCCC7CC8CCCCC8C7)C6CCC45)CC32)CC1
C1CCC(CCC2CCC3C(CCC3C3CCCCC3)C2)CC1
C1CCC2C(C1)CCC(C1CCCC1)C1CCCCC21
C1CCC(CCCCC2CC3CCCCC3C2)CC1
C1CCC(CCCC2CCC3CCCC3C2)CC1
C1CCC(C2CCC(CC3CC4CCCCC4C4CCC5CCCCC5C34)CC2)CC1
C1CCC(CCC(CCC2CCC3CCCC3C2)CC2CCCCC2)CC1
C1CCC(C2CCC3(CCCC4CC5C(CCC5C5CCCCC5)CC43)C2)CC1
C1CCC2CCC(C3CCCC4CCCC43)CC2CC1
C(CCCCC1CCC(C2CCCCC2)C1)CCCC1CCC2CCCC2C1
C1CCC(CCCC2CCCC3CCC(C4CCCC5CCCC54)CC3C2)CC1
C1CCC(CCCCCC2CC3CCCCC3C2)CC1
C1CCC(C2CC3CCCCC3CC3CCC(CCC4CCCC4)CC32)CC1
C(CCCC1CCCC2C(C3CCCCC3)CCC12)CCC1CCCCC1
C1CCC(C2CC3CCCC3C3CCC4CCCCC4C23)CC1
C1CCC(CC2CCC3C(CCC3C3CCCCC3)C2)CC1
C1CCC(CCC2CCC3C(CCC3C3CCCC(CC4CCCC4)C3)C2)CC1
C1CCC(CCCCC2CCC3CCCCC23)CC1
C1CCC(CC2CCC3CC4CCCCC4CC23)CC1
C1CCC(CCCCC2CC3CCCCC3C2)CC1
C1CCC2C(C1)CCC1C3CCCCC3CCC21
C1CCC(CCC2CCC(CCC3CCCC(CCC4CCCC4)C3)CC2)CC1
C1CCC2C(C1)CCC1C3CCCC3CCC21
C1CCC(CCC2(CCCC3CC4CCCCC4C3)CCC3C4CCC5CCCCC5C4CCC32)C1
C1CCC2CCC(C3CCCC4CCCC43)CC2CC1
C1CCC2CCC3C4CCCCC4CC(CC4CCCC4)C3C2CC1
C1CCC(CCCCCC2CCCC3C(CC4CCCCC4)CCC23)CC1
C1CCC(C2CCC3CC4C(CCC5C6CCC(CCCCC7CCC8CCCCC8C7)C6CCC45)CC32)CC1
C(CCCCC1CCC(C2CCCCC2)C1)CCCC1CCCCC1
C1CCC(C2CCC3CC4C(CCC45CCCC5)CC32)CC1
C1CCC(CCC2CCCCC2)CC1
C1CCC(C2CCC3CCC4CCCCC4C3CC2)CC1
C1CCC(C2CCC(CCCCCC3CCCC4CCCCC34)C2)CC1
C1CCC2C(C1)CCC1C3CCCC3CCC21
C1CCC(C2CC3C(CCC4CC4)CCC3C3CCC4CCCCC4CC23)CC1
C1CCC(CCCCCC2CC3CCCCC3C2)CC1
C1CCC2C(C1)CCCC2CCCC1CCCC2CCCCC21
C1CCC(C2CC3CCCC3C3CCC4CCCCCC4C23)CC1
C1CCC(CCC2CCC3C(CCC3C3CCCCC3)C2)CC1
C1CCC(C2CCC3CCC4CCCCC4C3CC2)CC1
C1CCC(CCC2CCCC3CC4C(CCC4C4CCCCC4)CC23)CC1
C1CCC2CCC3CCCCC3C2CC1
C(CCCC1CCCC2CCCCC12)CCC1CCC(C2CCCCC2)C1
C1CCC(C2CC3CCCCC3C3CCC4CCCCC4C23)CC1
C1CCC(CCCCCC2CC3CCCCC3C2)CC1
C1CCC(C2CC3CCCC3C3CCC4CCCCCC4C23)CC1
C(CCCC1CCCCC1)CCCC1CCC(C2CCCCC2)C1
C1CCC(C2CCC3CCC4CCCCC4CC32)CC1
C1CCC(CCCCC2CC3CCCCC3C2)CC1
C1CCC(C2CC3CCCCC3C3CCC4CCCCC4C23)CC1
C1CCC(CC2CC3CCCCC3C3CCC4CCCCC4C3C2)CC1
C1CCC(CCCCC2CC3CCCCC3C2)CC1
C1CCC(CC2CCC3C(CCC3C3CCCCC3)C2)CC1
C(CCC1CC2CCCCC2C1)CCC1CCCC2CCCC12
C1CCC(C2CC3CCCCC3C3CCCCC23)CC1
C1CCC2C(C1)CCCC2CCCC1CCC2C1CCC1C3CCCCC3CCCC21
C1CCC(CC(CC2CCCCC2)C2CCCCC2)CC1
C(CCC1CCC2CCCCC2C1)CCC1CCCC2CCCCC12
C1CC2CCC3C(CCC4CCCCC43)CC2C1
C1CCC2CCC3C4CCCCC4CC(CC4CCCC4)C3C2CC1
C1CCC(CCC(CC2CC2)CC2CC3CCCCC3C2)CC1
C1CCC(CCC2CCC3C(CCC3C3CCCCC3)C2)CC1
C1CCC(CCCC2CCCC3CC4C(CCC4C4CCCCC4)CC23)CC1
C1CCC2CC(C3CCCC4CCCC43)CCC2C1
C1CCC(CCC2CCC3C(CCC3C3CCCC(CCC4CCCC4)C3)C2)CC1
C1CCC2CC3CCC4CCCC4C3CCC2C1
C1CCC2C(C1)CCC1CCCCC12
C1CCC(CC2CC3CCCCC3CC3CCC4CCCCC4C32)C1
C1CCC(CCC2CCC(CCCC3CCCC(CC4CCCC4)C3)CC2)CC1
C1CCC(CCCCCC2CC3CCCCC3C2)CC1
C1CCC2CCC(C3CCCC4CCCC43)CC2CC1
C(CCCC1CCCCC1)CCC1CCCCC1
C1CCC2CC(CC3CCCC4CCCC43)CCC2C1
C1CCC(C2CCC3CC4C(CCC5C6CCC(CCCCC7CC8CCCCC8C7)C6CCC45)CC32)CC1
C1CCC(C2CC3CCCCC3C3CCCCC23)CC1
C1CCC2CC(C3CCCC4CCCC43)CCC2C1
C(CCCC1CCCCC1)CCCC1CCC(C2CCCCC2)C1
C1CCC(C2CCC3CCCC3C3CCC4CCCCCC4C23)CC1
C1CCC(CCCCCC2CC3CCCCC3C2)CC1
C1CCC2C(C1)CCC1C3CCCC3CCC21
C(CCCC1CCCC2C(C3CCCCC3)CCC12)CCC1CCCCC1
C(CCC1CCC2CCCCC2C1)CCC1CCCC2CCCCC12
C1CCC(CCC2CCC(CC3CCCC4C(C5CCCCC5)CCC34)C2)CC1
C1CCC(CC2CCC3CC4C(CCC45CCCC5)CC23)CC1
C(CCC1CCCC2CCCC12)CC1CC2CCCCC2C1
C1CCC2C(C1)CCC1C3CCCCC3CCC21
C1CCC2CC(CCCC3CCC4C3CCC3C5CCCCC5CCC43)CC2C1
C1CCC(CCCCCC2CC3CCCCC3C2)CC1
C1CCC(C2CCC(CCCCCC3(C4CCCCC4)CCCC4CCCCC43)C2)CC1
C1CCC(CC2CCCCC2CC2CC3CCCCC3C3CCC4CCCCCC4C23)CC1
C1CCC2C(C1)CCC1C3CCCCC3CCC21
C1CCC(CCCCC2CC3CCCCC3C2)CC1
C1CCC(C2CCC3CC4C(CCC5C6CCC(CCCCC7CC8CCCCC8C7)C6CCC45)CC32)CC1
C1CCC(CCC2CCC3C(CCC4CCC(C5CCCCC5)CCC43)C2)CC1
C1CCC(C2CCC3CC4C(CCCC45CCCC5)CC32)CC1
C1CCC(CCCC2CCC3CCC(C4CCCC5CCCC54)CC3C2)CC1
C1CCC(CCC2CCC3C(CCC3C3CCCC(CCC4CCCC4)C3)C2)CC1
C1CCC(CCCC2CCC3CCC(C4CCCC5CCCC54)CC3C2)CC1
C1CCC(C2CC3CCCC3C3CCC4CCCCC4C23)CC1
C1CCC(C2CC3CCCC3C3CCC4CCCCC4C23)CC1
C1CCC2C(C1)CCC1C3CCCC3CCC21
C1CCC2CC(C3CCCC4CCCC43)CCC2C1
C1CCC(CCC2CCC(C3CCC4C(CCC4C4CCCCC4)C3)CC2)CC1
C1CCC2C(C1)CCC1C3CCCC3CCCC21
C1CCC(CC2CCC3CCCCC3C2)C1
C1CCC(CCCCC2(CCC3CCCC3)CCC3C4CCC5CCCCC5C4CCC32)CC1
C1CCC2C(C1)CCC1C3CCCC3CCC21
C1CCC(CCC2CCC3C(CCC3C3CCCC(CCC4CCCC4)C3)C2)CC1
C1CCC2CC(CCCC3CCCCC4CCCCC43)CC2C1
C1CCC2CC(CCCC3CCC4C3CCC3C5CCCCC5CCC43)CC2C1
C1CCC2CCCC(CC3CC4CCCCC4C4CCC5CCCCC5C34)C2CC1
C1CCC(CC2CCC3CCCCC3C3CCC4CCCCC4C23)CC1
C1CCC(CCCCCC2CCCC3C(C4CCCCC4)CCC23)CC1
C1CCC(C2CC3CCCC(C3)C3CCC4CCCCC4C32)CC1
C1CCC(CCCCCC2CCCC3C2CCC3C2CCC(CC3CC3)CC2)CC1
C1CCC2C(C1)CCC1CCCCC12
C1CCC2CCC(C3CCCC4CCCC43)CC2CC1
C1CCC2C(C1)CCC1CCCCC12
C1CCC(C2CC3C(CCC4CC4)CCC3C3CCCC4CCCCC4C23)CC1
C1CCC(CC2CC3CCCCC3C3CCC4CCCCCC4C23)CC1
C1CCC(CCCC(CC2CC3CCCCC3C2)C2CCCC2)CC1
C1CCC(CC2CC3CCCCC3C3CCC4CCCCC4C3C2)CC1
C1CCC(CC2CCC3CCCCC3C3CCC4CCCCC4C23)CC1
C1CCC(CCC(CC2CCC3C(CCC3C3CCCCC3)C2)C2CCCCC2)CC1
C1CCC(CCC2CCC3C(CC4CCCCC4)CCC3C2)CC1
C1CCC(CCCCCC2CCC3CCCC3C2)CC1
C1CCC(CC2CCC3CC4C(CCC5C6CCCC6CCC45)CC23)CC1
C1CCC2C(C1)CCCC1CCCCC12
C1CCC(CC2CC3CCCCC3C3CCC4CCCCC4C3C2)CC1
C1CCC(CCC2CCC(C3CCC4C(CC5CCCCC5)CCC4C3)CC2)CC1
C(CCCC1CCCC2C(C3CCCCC3)CCC12)CCC1CCCCC1
C1CCC(CCC2CCC3C(CCC3C3CCCCC3)C2)CC1
C1CCC(CCC2CC3CCCCC3C2C2CCCCC2)CC1
C1CCC(CCC(CCC2CCC3CCCCC3C2)CC2CCCCC2)CC1
C1CCC(CCC2CCC3C(CCC3C3CCCCC3)C2)CC1
C1CCC(CCCC2(CCC3CCCC3)CCC3C4CCC5CCCCC5C4CCC32)CC1
C1CCC2CC(C3CCCC4CCCC43)CCC2C1
C1CCC2CC(CC3CCCC4CCCC43)CCC2C1
C1CCC(CCCCCC2CC3CCCCC3C2)CC1
C1CCC(C2CCC3CC4C(CCC5C6CCC(CCCCC7CCC8CCCCC8C7)C6CCC45)CC32)CC1
C1CCC(C2CC3CCCC3C3CCC4CCCCC4C23)CC1
C1CCC(C2CCC3CC4CCCCC4CCC32)CC1
C1CCC2C(C1)CCC1C3CCCC3CCC21
C1CCC(C2CCC3CC4C(CCC5C6CCC(CCCCC7CC8CCCCC8C7)C6CCC45)CC32)CC1
C1CCC(CCCCC2CCC3CCC(C4CCCC5CCCC54)CC3C2)CC1
C1CCC(CCC2CCC3C(CCC4C5CCCC5CC(CCC5CCCCC5)C34)C2)CC1
C1CCC(CCCC2CCC3CCC(C4CCCC5CCCC54)CC3C2)CC1
C1CCC2CCC3CCCCC3C2CC1
C1CCC2CC(C3CCCC4CCCC43)CCC2C1
C1CCC(CCCCC2CCC3CCCCC23)CC1
C1CCC(CCCCC2CC3CCCCC3C2)CC1
C1CCC(CC2CC3CCCCC3CC3CCC4CCCCC4C32)CC1
C1CCC(CCC2CCC3C(CCC3C3CCCCC3)C2)CC1
C1CCC2CC(CCCC3CCC4C3CCC3C5CCCCC5CCCC43)CCC2C1
C1CCC2C(C1)CCC1C3CCCC3CCC21
C(CCC1CCCC2CCCC12)CC1CC2CCCCC2C1
C1CCC(CCCCCC2CCC3CCCCC23)CC1
C1CCC(C2CCC3CC4C(CCC5C6CCC(CCCCC7CC8CCCCC8C7)C6CCC45)CC32)CC1
C1CCC2CCC3C4CCC(CCCC5CC6CCCCC6C5)C4CCC3C2CC1
C1CCC2CC(CCCC3CCC4C3CCC3C5CCCCC5CCC43)CCC2C1
C1CCC(CCC2CCC3C(CCC3C3CCCCC3)C2)CC1
C1CCC(CC2CC3CCCCC3C3CCC4CCCCC4C23)C1
C1CCC2C(C1)CCC1C3CCCC3CCC21
C1CC2CCC3C(CCC4CCC5CC5C43)C2C1
C1CCC(CCC2CCC(CCC3CCCC(CC4CCCCC4)C3)CC2)CC1
C1CCC(CC2CCC(CC(CC3CCCCC3)C3CCCCC3)CC2)CC1
C(CCC1CCCC2CCCCC12)CC1CCCC2CCCCC12
C(CCC1CCC2CCCCC2C1)CCC1CCCC2CCCCC12
C(CCC1CCCC2CCCC12)CC1CCCC2CCCCC12
C1CCC(C2CC3CCCCC3C3CCCCC3C2)C1
C1CCC(CCC2CC3CCCC3C3CCC4CCCCC4CC23)CC1
C(CCCC1CCCC2C(C3CCCCC3)CCC12)CCC1CCCCC1
C1CCC(C2CCC3C(CCCC4CCCCC43)C2)CC1
C1CCC(CCCCCC2CCCC3CCCC23)CC1
C1CCC(CCCCC2CCC3CCC(C4CCCC5CCCC54)CC3C2)CC1
C1CCC(CCCCCC2CC3CCCCC3C2)CC1
C1CCC(CCCC2CC3CCCCC3C2C2CCCCC2)CC1
C1CCC2C(C1)CCC1CCCCC12
C(CCC1CCC2CCCCC2C1)CCC1CCCC2CCCCC12
C1CCC2CCC(C3CCCC4CCCC43)CC2CC1
C1CCC2CCCCC2C(CCCCC2CCCC3CCCCC23)C1
C1CCC(CCC2CCC3C(CCC3C3CCCCC3)C2)CC1
C1CCC2CC(CCCC3CCC4C3CCC3C5CCCCC5CCC43)CC2C1
C1CCC(C2CC3CCCC3C3CCC4CCCCC4C23)CC1
C(CCCC1CCCC2C(C3CCCCC3)CCC12)CCC1CCCCC1
C1CCC(C2CCC3CCC4C(CCC5C6CCC(CCCC7CCC8CCCCC8C7)C6CCC45)CC32)CC1
C1CCC2CC(C3CCCC4CCCC43)CCC2C1
C1CCC2CC(CCCC3CCC4C3CCCC3C5CCCCC5CCC34)CC2C1
C(CCCC1CCCCC1)CCCC1CCC(C2CCCCC2)C1
C(CCC1CCCC2CCCCC12)CC1CCCC2CCCCC12
C(CCC1CCCC2CCCCC12)CC1CCC2CCCCC2C1
C(CCC1CCCC2CCCCC12)CCC1CCCC2CCCCC12
C1CCC(C2CCC3CCCC3C3CCC4CCCCC4C3C2)CC1
C(CCCC1CCCC2C(C3CCCCC3)CCC12)CCC1CCCCC1
C1CCC2C(C1)CCC1C3CCCC3CCC21
C1CCC(C2CC3C(CCCC4CC4)CCC3C3CCC4CCCCC4C23)CC1
C1CCC(CCCCC2CC3CCCCC3C2)CC1
C1CCC(CCC2CCC3C(CCCC4CCCCC43)C2)CC1
C1CCC2CC(CCCC3CCC4C3CCC3C5CCCCC5CCC43)CC2C1
C1CCC(CCC2CCC(CCC3CCCC(CC4CCCC4)C3)CC2)CC1
C1CCC(CCC2CCC3C(CCC4C5CCCC5CC(CCC5CCCCC5)C34)C2)CC1
C1CCC(CCCCCC2CCCC3C(CC4CCCCC4)CCC23)CC1
C1CCC(CC2CC3CCCCC3C3CCC4CCCCC4C23)C1
C1CCC(CCCCC2CC3CCCCC3C2)CC1
C1CCC(C2CC3CCCC3C3CCC4CCCCCC4C23)CC1
C1CCC2CCC(C3CCCC4CCCC43)CC2CC1
C1CCC(C2CCC3CC4C(CCCC45CCCCC5)CC32)CC1
C(CCCC1CCCCC1)CCCC1CCC(C2CCCCC2)C1
C1CCC(CCCCC2CCC3CCCCC23)CC1
C1CCC(CCCC2CCCC3CCC(C4CCCC5CCCC54)CC3C2)CC1
C1CCC(CCC2CCC(CC3CC3)CC2)CC1
C1CCC(C2CCC3CC4CCCCC4CC32)CC1
C1CCC(CC2CCCCC2CC2CCC3CCCCC3C3CCC4CCCCC4C23)CC1
C1CCC(CCC(CCC2CCCCC2)CCC2CCC3CCCC3C2)CC1
C1CCC2C(C1)CCC1CCCCC12
C1CCC(CCC(CCC2CCC3CCCC3C2)CC2CCCCC2)CC1
C1CCC2CC(CCCC3CCC4C3CCC3C5CCCCC5CCCC43)CC2C1
C1CCC2C(C1)CC(C1CCCC3CCCC31)C1CCCC21
C1CCC2CC(C3CCCC4CCCC43)CCC2C1
C(CCCC1CCC(C2CCCCC2)C1)CCC1CCCCC1
C1CCC(CCCCC2CC3CCCCC3C2)CC1
C(CCC1CCC(C2CC3CCCC3C3CCC4CCCCC4C23)CC1)CCC1CCC2C(CCC3C4CCCC4CCC23)C1
C(CCC1CCCC2CCCC12)CC1CC2CCCCC2C1
C1CCC2C(C1)CCCC2CCCC1CCCC2CCCCC21
C1CCC(CCC2CCC(CC3CCC4C(CCC4C4CCCCC4)C3)CC2)CC1
C1CCC(CC2CC3CCCCC3C3CCC4CCCCC4C23)CC1
C1CCC(CCC2CCC3C(CCC3C3CCCCC3)C2)CC1
C1CCC2CC(C3CCCC4CCCC43)C3CCCC3C2CC1
C1CCC(CC2CCCC2CC2CC3CCCCC3C3CCC4CCCCC4C23)CC1
C1CCC(CCC2CCC(C3CCC4C(CCC4C4CCCCC4)C3)CC2)CC1
C1CCC(C2CC3CCCC3C3CCC4CCCCC4C23)CC1
C1CCC2CC(CCCC3CCC4C3CCC3C5CCCCC5CCC43)CC2C1
C1CCC(C2CCC3C(CCC4CCCCC43)C2)CC1
C1CCC(CCCCC2CCC3C2CCC2C4CCCCC4CCC32)CC1
C1CCC(CC2CC3CCCCC3C3CCC4CCCCC4C23)C1
C1CCC2C(C1)CC(C1CCCC3CCCC31)C1CCCC21
C1CCC(CCCCC2CC3CCCCC3C2)CC1
C1CCC(CCC2CCC3C(CCC3C3CCCCC3)C2)CC1
C1CCC2CCC3C4CCCCC4CCC3C2CC1
C1CCC(CCC2CCC(C3CCCC4C(C5CCCCC5)CCC34)C2)CC1
C1CCC2CCC(C3CCCC4CCCC43)CC2CC1
C(CCCC1CCCCC1)CCCC1CCC(C2CCCCC2)C1
C1CCC2CCC3C4CCCC4CCC3C2CC1
C1CCC(C2CCC3CC4C(CCCC5CC5)CCCC4CCC32)CC1
C1CCC2CCC3C4CCC(CCCC5CCCC6CCCCC65)C4CCC3C2CC1
C1CCC(CCC2CC3CCCCC3C3CCC4CCCCC4C23)C1
C1CCC(C2CCC3C(CCC4CCCCC43)C2)C1
C1CCC(CCCC2CCCC(C3CCC4CC(CCC5CCC6CCCCCC6C5)CCC43)C2)CC1
C1CCC(CC2CC3CCCCC3C3CCC4CCCCC4C23)CC1
C1CCC(CCCCC2(CCC3CCCC3)CCC3C4CCC5CCCCC5C4CCC32)CC1
C1CCC2CCC3C4CCC(CCCC5CC6CCCCC6C5)C4CCC3C2CC1
C1CCC(CCC2CCC3C(CCC3C3CCCCC3)C2)CC1
C1CCC(CC2CC3CCCCC3C3CCC4CCCCC4C23)C1
C1CCC2CC(C3CCCC4CCCC43)CCC2C1
C1CCC(C2CC3CCCCC3C3CCC4CCCCC4C23)CC1
C1CCC(C2CC3CCCCC3C3CCC4CCCCC4C23)CC1
C1CCC(CCC2CCCCC3CC4C(CCC4C4CCCCC4)CC23)CC1
C1CCC(C2CC3CCCC3C3CCC4CCCCC4C23)CC1
C(CCC1CCCC2CCCCC12)CCC1CCCC2CCCCC12
C1CCC(CCC2CCC(CCC3CCCC(CC4CCCC4)C3)CC2)CC1
C1CCC(C2CC3CCCC3C3CCC4CCCCC4C23)CC1
C1CCC(C2CC3CCCCC3C3CCC4CCCCC4C23)CC1
C1CCC(C2CC3CCCC3C3CCC4CCCCC4C23)CC1
C1CCC2C(C1)CCC1C3CCCCC3CCC21
C(CCCC1CCCCC1)CCCC1CCC(C2CCCCC2)C1
C1CCC(CCCCCC2CCC3CCCCC23)CC1
C1CCC(C2CCC(CCCCCC3(C4CCCC4)CCCC4CCCCC43)C2)CC1
C1CCC(C2CC3CCCC3C3CCC4CCCCCC4C23)CC1
C1CCC(CC2CC3CCCCC3CC3CCC4CCCCC4C32)C1
C1CCC(CC2CCC3CCCCC3C3CCC4CCCCC4C23)CC1
C(CCC1CCCC2CCCCC12)CCC1CCCC2CCCCC12
C1CCC(CCC2CCC3C(CCC4C5CCCC5CCC34)C2)CC1
C1CCC(CC2CCC3C(CCCCCC4CCC(C5CCCC5)C4)CCCC23)CC1
C1CCC2CCC3CCCCC3C2CC1
C1CCC2CC(CC3CCCC4CCCC43)CCC2C1
C1CCC(CCCCCC2CCCC3C(C4CCCCC4)CCC23)CC1
C1CCC(CCC2CCC3C(CCC3C3CCCCC3)C2)CC1
C1CCC(C2C3CCCC3CC3CC4CCCCC4CC32)CC1
C(CCCC1CCCC2C(C3CCCCC3)CCC12)CCC1CCCCC1
C1CCC(C2CC3CCCC3C3CCC4CCCCC4C3C2)CC1
C1CCC2C(C1)CCC1C2CCCC2C3CCCC3CC21
C1CCC2CCC3C4CCCCC4CCC3C2CC1
C1CCC2CC(C3CCCC4CCCC43)CCC2C1
C1CCC(C2CCC3(CCC4CC5C(CCC5C5CCCCC5)CC43)C2)CC1
C1CCC(CCCCCC2CC3CCCCC3C2)CC1
C1CCC(CC2CCC3C(CC4CCCCC4)CCC3C2)CC1
C1CCC(CC2CC3CCCCC3C3CCC4CCCCC4C23)CC1
C1CCC2C(C1)CCC1C3CCCC3CCCC21
C1CCC(CCC2CC3CCCCC3C3CCC4CCCCC4C23)CC1
C1CCC(CCCCCC2CCCC3C2CCC3C2CCC(CC3CCC3)CC2)CC1
C1CCC(CCCC2CCC3CCC(C4CCCC5CCCC54)CC3C2)CC1
C1CCC(CCCC2CCC3C(CCC3C3CCCCC3)C2)CC1
C1CCC(CCC2CCC(C3CCCC4C(CC5CCCCC5)CCC34)C2)CC1
C1CCC(CCC2CCC(CCC3CCCCC3)CC2)CC1
C1CCC(C2CC3CCCCC3CC3CCCCC32)CC1
C1CCC(CCC2CCC3C2CCC(C2CCCCC2)C2C4CCCCC4CCC32)CC1
C1CCC(CC2CCC3C(CCC3C3CCCCC3)C2)CC1
C1CCC(CC2CC3CCCC3C3CCC4CCCCC4C23)CC1
C1CCC(C2CCC3CCCC3C3CCC4CCCCC4C23)CC1
C1CCC2CC(C3CCCC4CCCC43)CCC2C1
C1CCC(C2CC3CCCC3C3CCC4CCCCCC4C23)CC1
C1CCC(CCC2CCC(C3CCC4C(CCC4C4CCCCC4)C3)CC2)CC1
C1CCC(CCC2CCC(CCC3CCCC(CC4CCCC4)C3)CC2)CC1
C1CCC(CC2CCC3CC4C(CCC45CCC(C4CCCCC4)C5)CC23)CC1
C1CCC(C2CC3CCCCC3C3CCC4CCCCC4C23)CC1
C1CCC(CC2CCC3(CCC4CC5C(CCC5C5CCCCC5)CC43)C2)CC1
C1CCC(C2CCC3CCCC3C3CCC4CCCCC4C23)CC1
C1CCC(CCC2CCCC3CCC4C(CCC4C4CCCCC4)CC23)CC1
C1CCC(CCCCC2CC3CCCCC3C2)CC1
C1CCC(C2CCC3C(CCCC4CCCCC43)C2)CC1
C(CCC1CCC2CCCC2C1)CC1CCC(C2CCCC2)CC1
C1CCC(CCCC2(CCCC3CCCC3)CCC3C4CCC5CCCCC5C4CCC32)CC1
C1CCC(C2CCC3CC4C(CCC45CCCCC5)CC32)CC1
C1CCC2CCC3C4CCCCC4CC(CC4CCCC5CCCCC54)C3C2CC1
C1CCC2CC(CC3CCCC4CCCC43)CCC2C1
C1CCC(CCCCC2CCC3CCCCC23)CC1
C1CCC(C2CCC3C(CCC34CCCC4)C3CCC4CCCCC4C23)CC1
C1CCC(CCCCCC2CC3CCCCC3C2)CC1
C(CCC1CCCC2CCCCC12)CC1CC2CCCCC2C1
C1CCC(CCCCC2CC3CCCCC3C2)CC1
C1CCC(CCCC2CCC3CCCC3C2)CC1
C1CCC(CCC2CCC3C(CCC3C3CCCCC3)C2)CC1
C1CCC(CCC2CCC3C(CCC3C3CCCCC3)C2)CC1
C1CCC(CCCCC2CC3CCCCC3C2)CC1
C1CCC2CCC(C3CCCC4CCCC43)CC2CC1
C1CCC2CC(CCCC3CCC4C3CCCC3C5CCCCC5CCC34)CC2C1
C1CCC(CCC2(CCCC3CC4CCCCC4C3)CCC3C4CCC5CCCCC5C4CCC32)C1
C1CCC(C2CC3CCCC3C3CCCC4CCCCC4C23)CC1
C1CCC(CCCCC2CCC3CCCCC23)CC1
C(CCC1CCCC2CCCC12)CC1CC2CCCCC2C1
C(CCCC1CCCCC1)CCCC1CCC(C2CCCCC2)C1
C1CCC2CCC3C4CCCC4CCC3C2CC1
C1CCC(C2CCC3CC4C(CCC45CCCCC5)CC32)CC1
C1CCC(CCCCC2CCC3CCCCC3C2)CC1
C(CCCC1CCCC2C(C3CCCCC3)CCC12)CCC1CCCCC1
C(CCCC1CCC(C2CCCCC2)C1)CCC1CCCCC1
C1CCC(CCC2CCC3C(CCCC4CC(C5CCCCC5)CCC43)C2)CC1
C1CCC(CCCC2CCC3C(CCC3C3CCCCC3)C2)CC1
C(CCC1CCCC2CCCCC12)CC1CCC2CCCCC2C1
C1CCC2CC(C3CCCC4CCCC43)CCC2C1
C1CCC(C2CCC3C(CCC4CCCCC43)C2)CC1
C1CCC(CCC2CCC3C(CCC3C3CCCCC3)C2)CC1
C(CCC1CCC2C1CCC1C3CCCCC3CCC21)CC1CC2CCCCC2C1
C1CCC(CCCCCC2CCC3CCCCC23)CC1
C1CCC(CCCCC2CC3CCCCC3C2)CC1
C1CCC(C2CCC3CC4C(CCCC45CCCC5)CC32)CC1
C(CCCC1CCC(C2CCCCC2)C1)CCC1CCCCC1
C1CCC(CC2CCC3CCCCC3C3CCC4CCCCC4C23)CC1
C1CCC2CCC(C3CCCC4CCCC43)CC2CC1
C1CCC(C2CC3CCCC3CC3CCC4CCCCC4C32)CC1
C1CCC(CCCCCC2CC3CCCCC3C2)CC1
C1CCC2CCC(C3CCCC4CCCC43)CC2CC1
C1CCC(CC2CCC3CC(C4CCCCC4)CCC23)CC1
C1CCC(CCCC2CCCC3CCC(C4CCCC5CCCC54)CC3C2)CC1
C1CCC(CC2CCC3CC4C(CCC45CCC(C4CCCCC4)C5)CC23)CC1
C1CCC(CCCCCC2CC3CCCCC3C2)CC1
C(CCC1CCCC2CCCC12)CC1CC2CCCCC2C1
C(CCC1CCCC2CCCC12)CC1CC2CCCCC2C1
C(CCC1CCCC2CCCC12)CC1CC2CCCCC2C1
C1CCC2CC(C3CCCC4CCCC43)C3CCCC3C2CC1
C1CCC2CC(C3CCCC4CCCC43)CCC2C1
C1CCC2CCC3C4CCC(CCCC5CC6CCCCC6C5)C4CCC3C2CC1
C1CCC(C2CCC3CC4C(CC5CCC6CCCCC65)CCCCC4CC32)CC1
C1CCC2CCC3C4CCCC4CCC3C2CC1
C1CCC(CCCCC2CC3CCCCC3C2)CC1
C1CCC(CC2CC3CCCCC3C3CCC4CCCCC4C23)C1
C1CCC(CCC2CCC3C2CCC2C4CCCCC4CCC32)C1
C(CCCC1CCCC2C(C3CCCCC3)CCC12)CCC1CCCCC1
C1CCC(CC2CCC3CCCCC3C3CCC4CCCCC4C23)CC1
C1CCC(CCC2(CCCC3CC4CCCCC4C3)CCCC3C4CCC5CCCCC5C4CCC32)C1
C1CCC(CCCCC2CC3CCCCC3C2)CC1
C(CCCC1CCCC2CCCC12)CCC1CCCCC1
C1CCC2C(C1)CCC1C3CCCCC3CCC21
C(CCCC1CCCC2C(C3CCCCC3)CCC12)CCC1CCCCC1
C1CCC(C2CCC3CC4C(CCC5C6CCC(CCCC7CCC8CCCCC8C7)C6CCCC45)CC32)CC1
C(CCCC1CCCC2C(C3CCCCC3)CCC12)CCC1CCCCC1
C1CCC(CCC2CCC3C(CCC3C3CCCC(CCC4CCCC4)C3)C2)CC1
C1CCC(CCCCC2CC3CCCCC3C2)CC1
C1CCC(C2CC3CCCC3C3CCC4CCCCC4C23)CC1
C1CCC2CCC3C(CCC4C5CCCC5CC43)C2CC1
C(CCC1CCC2CCCCC2C1)CCC1CCCC2CCCCC12
C1CCC(C2CCC3CC4(CCCCCC4C4CCCCC4)CCC32)CC1
C1CCC(CCCCCC2CCC3CCCCC23)CC1
C1CCC(C2CCC3CCCC3C3CCC4CCCCCC4C23)CC1
C1CCC(C2CCC3CC4C(CCCC45CCCCC5)CC32)CC1
C1CCC2CCC3C4CCCCC4CC(CC4CCCC4)C3C2CC1
C(CCC1CCCC2CCCCC12)CCC1CCCC2CCCCC12
C1CCC(CC2CCCCC23CCC2C(CCC2C2CCCCC2)C3)CC1
C1CCC(C2CCC3CC4C(CCC32)CCC2C3CCC(CCCC5CCC6CCCCC6C5)C3CCC42)CC1
C1CCC2CC(CCCC3CCCC4C3CCC3C5CCCCC5CCC43)CC2C1
C1CCC2C(C1)CCC1C3CCCC3CCC21
C(CCC1CCC2CCCCC2C1)CCC1(C2CCCC2)CCCC2CCCCC21
C1CCC(CCCCCC2CCCC3C(C4CCCCC4)CCC23)CC1
C1CCC(CC2CCC(CC(CC3CCCCC3)C3CCCCC3)CC2)CC1
C1CCC(C2CC3C(CCC34CCCCC4)C3CCC4CCCCC4C23)CC1
C1CCC(CCC2CCC3C(CCC3C3CCCC(CC4CCCC4)C3)C2)CC1
C1CCC(CCC2CCC3C(CCC3C3CCCCC3)C2)CC1
C1CCC(CCC2CCC3C(CCC4CCCCCC43)C2)CC1
C1CCC(C2CCC3CC4C(CCC45CCCC5)CC32)CC1
C1CCC(CC2CCC(CCCCCC3(C4CCCCC4)CCC3)C2)CC1
C1CCC(CC2CCC3C(CCC3C3CCCCC3)C2)CC1
C1CCC(C2CC3CCCC3C3CCC4CCCCC4C23)CC1
C1CCC(C2CC3CCCC3C3CCC4CCCCCC4C23)CC1
C1CCC(C2CC3CCCC3C3CCC4CCCCCC4C23)CC1
C1CCC(CCC2CCC3C(CCC3C3CCCCC3)C2)CC1
C1CCC2C(C1)CC(C1CCCC1)C1CCCCC21
C1CCC(CCCC2CCC3CCC(C4CCCC5CCCC54)CC3C2)CC1
C1CCC(CCCCC2CCC3CCCCC23)CC1
C1CCC(C2CCC3CC4C(CCC45CCCC5)CC32)CC1
C1CCC2C(C1)CCC1C3CCCCC3CCCC21
C1CCC(C2CC3CCCC3C3CCC4CCCCC4C23)CC1
C(CCCCC1CCC(C2CCCCC2)C1)CCCC1CCCCC1
C1CCC(CCCCCC2CCCCC2)CC1
C1CCC(CC2CC3CCCCC3C3CCC4CCCCC4C23)CC1
C1CCC(CC2CC3CCCCC3C3CCC4CCCCC4C23)C1
C1CCC(C2CC3CCCCC3C3CCC(CCC4CCCC4)CC23)CC1
C1CCC(CCC2CCC3C(CCC3C3CCCC(CCC4CCCC4)C3)C2)CC1
C1CCC2CC(CC3CCCC4CCCC43)CCC2C1
C1CCC2CCC3C4CCC(CCCC5CC6CCCCC6C5)C4CCC3C2CC1
C1CCC(CCCC2CCC(C3CC3)CC2)CC1
C(CCCC1CCCC2C(C3CCCCC3)CCC12)CCC1CCCCC1
C1CCC(CCC2CCC(C3CCC4C(CCC4C4CCCCC4)C3)CC2)CC1
C1CCC(CCCCCC2CCCC3C(C4CCCCC4)CCC23)CC1
C1CCC(CCCCC2CCCC(C3CCC4CC(CCC5CCC6CCCCC6C5)CCC43)C2)CC1
C1CCC(CCCCCC2CC3CCCCC3C2)CC1
C(CCC1CCC2CCCCC2C1)CCC1CCCC2CCCCC12
C1CCC2C(C1)CCCC1C3CCCC3CCC21
C1CCC(C2CCC(C3CC4CCCC4C4CCC5CCCCC5C34)CC2)C1
C1CCC(CC2CC3CCCCC3C3CCC4CCCCCC4C23)CC1
C1CCC(CCCC2CCC3C(CCC3C3CCCCC3)C2)CC1
C1CCC(CCCC2CC3CCCCC3C2C2CCCCC2)CC1
C1CCC(CCCCC2CC3CCCCC3C2)CC1
C(CCC1CCCC2CCCC12)CC1CC2CCCCC2C1
C1CCC2C(C1)CC(C1CCCC1)C1CCCCC21
C1CCC(C2CC3CCCC3C3CCC4CCCCC4C23)CC1
C(CCCC1CCCCC1)CCCC1CCC(C2CCCCC2)C1
C1CCC(CC2CC3CCCCC3CC3CCC4CCCCC4C32)CC1
C1CCC2C(C1)CC(C1CCCC3CCCC31)C1CCCC21
C1CCC(CCC2CCC3C(CC4CCCCC4)CCC3C2)CC1
C1CCC(C2CC3CCCCC3C3CCCCC23)CC1
C1CCC2C(C1)CCC1C3CCCC3CCC21
C(CCC1CCC2C(CCC3C4CCCC4CCC23)C1)CC1CCC(C2CCC(C3CC4CCCC4C4CCC5CCCCC5C34)CC2)CC1
C1CCC(C2CCC3C(CCC4CC4)CCC3C3CCC4CCCCC4C23)CC1
C1CCC2CCC3C4CCCC4CCC3C2CC1
C1CCC(CC2CCC3CC4(CCCCC4C4CCCCC4)CCC23)CC1
C1CCC(CCC2CCC3C(CCC3C3CCCCC3)C2)CC1
C1CCC(C2CC3CCCC3C3CCC4CCCCC4C23)CC1
C1CCC2CC(C3CCCC4CCCCC43)C3CCCC3C2CC1
C1CCC2CC(C3CCCC4CCCC43)CCC2C1
C1CCC(CCCCC2CC3CCCCC3C2)CC1
C1CCC2CC3CCC4CCCCC4C3CCC2C1
C1CCC(C2CC3CCCC3C3CCC4CCCCCC4C23)CC1
C1CCC(CCC2CCC(CCCC3CCCC(CC4CCCC4)C3)CC2)CC1
C1CCC(CCCC2CCC3C(CCC3C3CCCCC3)C2)CC1
C1CCC(CCC2CCC3C(CCC4C5CCCC5CCC34)C2)CC1
C1CCC(C2CCC3CCCC3C3CCC4CCCCC4C23)CC1
C1CCC(CCCCCC2CC3CCCCC3C2)CC1
C1CCC(C2CCC3C(CCC4CCCCC43)C2)CC1
C1CCC2C(C1)CCC1C3CCCC3CCC21
C1CCC(CCC2CCC3C(CCC3C3CCCCC3)C2)CC1
C1CCC(CCCCC2CCC3CCC(C4CCCC5CCCC54)CC3C2)CC1
C1CCC(CCCCCC2CCCC3C(C4CCCCC4)CCC23)CC1
C1CCC(CCCC2CCC3CCCC3C2)CC1
C1CCC(CCC2CCC3C(CCC3C3CCCCC3)C2)CC1
C1CCC(C2CCC3C(CCC4CCCCC43)C2)CC1
C1CCC(C2CCC(CCCC3CCCC4C3CCC3C5CCCCC5CCC43)C2)CC1
C(CCC1CCC2CCCCC2C1)CCC1CCCC2CCCCC12
C1CCC(CCCCC2CC3CCCCC3C2C2CCCCC2)CC1
C1CCC(C2CC3CCCC3C3CCCC4CCCCC4C23)CC1
C(CC1CCC(C2CCCC2)CC1)CC1CCC2CCCC2C1
C(CC1CCC2CCCC2C1)CC1CCCC2CCC(C3CCCC4CCCC43)CC2C1
C1CCC(CC2CCCCC23CCC2C(CCC2C2CCCCC2)C3)CC1
C1CCC2CC(CCCC3CCC4C3CCCC3C5CCCCC5CCC34)CC2C1
C1CCC(C2CC3C(CCCC4CC4)CCC3C3CCC4CCCCC4C23)CC1
C1CCC(CC2CCCC(CC3CCC4CC(CCC5CCC6CCCCC6C5)CCC43)C2)C1
C1CCC(CCCCC2CC3CCCCC3C2)CC1
C1CCC2CC(CCCC3CCC4C3CCC3C5CCCCC5CCCC43)CC2C1
C1CCC2CC(CC3CCCC4CCCC43)CCC2C1
C(CCC1CCCC2CCCC12)CC1CC2CCCCC2C1
C1CCC2C(C1)CC(C1CCCC1)C1CCCCC21
C1CCC2CCC3C4CCCCC4CC(CC4CCCC5CCCCC54)C3C2CC1
C1CCC(CC2CCC3CC4C(CCC45CCCC5)CC23)CC1
C1CCC(CCCCC2CC3CCCCC3C2)CC1
C1CCC(CCCC2CCC3CCC(C4CCCC5CCCC54)CC3C2)CC1
C1CCC(CCC2CCCCC3CC4C(CCC4C4CCCCC4)CC23)CC1
C1CCC2CC(CC3CCCC4CCCC43)CCC2C1
C1CCC(C2CC3CCCC3C3CCC4CCCCC4C23)CC1
C1CCC2C(C1)CC(C1CCCC3CCCCC31)C1CCCCC21
C1CCC(C2CCC3CCCC3C3CCC4CCCCC4C23)CC1
C1CCC2CC(C3CCCC3)CCC2C1
C1CCC(CCC2CCC3C(CCC4CC(C5CCCCC5)CCC43)C2)CC1
C1CCC2CC(CC3CCCC4CCCC43)CCC2C1
C1CCC(C2CC3CCCC3C3CCCC4CCCCC4C23)CC1
C1CCC(CCCCC2CC3CCCCC3C2)CC1
C1CCC(C2CCC3(CCCC4CC5C(CCC5C5CCCCC5)CC43)C2)CC1
C1CCC(C2CC3CCCC3C3CCC4CCCCCC4C23)CC1
C1CCC(C2CC3CCCC3C3CCC4CCCCCC4C23)CC1
C1CCC(C2CC3CCCC3C3CCC4CCCCC4C23)CC1
C1CCC2C(C1)CCC1C3CCCC3CCC21
C1CCC2CCC3C4CCC(CCCC5CC6CCCCC6C5)C4CCC3C2CC1
C1CCC(C2CCC3CC4C(CCCC5C6CCC(CCCC7CC8CCCCC8C7)C6CCC45)CC32)CC1
C(CCCCCCC1CCC(CCC2CCC(CCC3CCCC3)C2)C1)CCCCCCC1CCC2C1CCC1C3CCCCC3CCC21
C1CCC(CCCCC2CCC3C2CCC2C4CCCCC4CCC32)CC1
C1CCC2CC(CCCC3CCC4C3CCC3C5CCCCC5CCC43)CC2C1
C1CCC(CCCC2CCC3CCC(C4CCCC5CCCC54)CC3C2)CC1
C(CCC1CCCCC2CCCCC12)CC1CCC2CCCCC2C1
C1CCC(C2CCC3CCC4(CCCCC4C4CCCCC4)CCC32)CC1
C1CCC(CC2CC3CCCCC3C3CCC4CCCCCC4C23)CC1
C1CCC2C(C1)CCC1C2CCC2C3CCCCC3CC21
C1CCC2CC(CCCC3CCCC4C3CCC3C5CCCCC5CCC43)CC2C1
C1CCC(C2CCCC3C(CCC4CCCCC43)C2)CC1
C1CCC(CCCCC2CC3CCCCC3C2)CC1
C1CCC2C(C1)CC(C1CCCC1)C1CCCCC21
C(CCCC1CCCCC1)CCCC1CCC(C2CCCCC2)C1
C(CCC1CCC2CCCC2C1)CC1CCC(C2CCCC2)CC1
C1CCC(C2CCC(C3CC4CCCC4C4CCC5CCCCC5C34)CC2)C1
C1CCC(C2CC3CCCC3C3CCC4CCCCCC4C23)CC1
C1CCC2CCC3C4CCC(CCCC5CCCC6CCCCC65)C4CCC3C2CC1
C1CCC(CCCCC2CC3CCCCC3C2)CC1
C1CCC(C2CCC(CCCC3CCC4C3CCC3C5CCCCC5CCCC43)C2)CC1
C1CCC2CCC(C3CCCC4CCCC43)CC2CC1
C1CCC(CC2CC3CCCCC3C3CCC4CCCCCC4C23)CC1
C(CCC1CCCC2CCCC12)CC1CC2CCCCC2C1
C1CCC2C(C1)CCCC1C3CCCC3CCC21
C(CCCC1CCC2C(CCC2C2CCCCC2)C1)CCC1CCCCC1
C1CCC(CCCC2CCC3C2CCC2C4CCCCC4CCC32)C1
C1CCC(CC2CC3CCCCC3C3CCC4CCCCCC4C23)CC1
C(CCC1CCC2CCCCC2C1)CCC1CCCC2CCCCC12
C1CCC(C2CCC(CCCCCC3CCCCC4CCCCC34)C2)CC1
C1CCC2CCC3C4CCC(CCCC5CC6CCCCC6C5)C4CCC3C2CC1
C1CCC(CC2CCC(CC(CC3CCCCC3)C3CCCCC3)CC2)CC1
C1CCC(C2CC3CCCC3C3CCC4CCCCC4C23)CC1
C1CCC(CCC2CCC(C3CC3)CC2)CC1
C1CCC(CCCCCC2CC3CCCCC3C2)CC1
C1CCC(CCCCCC2CC3CCCCC3C2)CC1
C1CCC(C2CCC3CC4C(CCC45CCCCC5)CC32)CC1
C(CCCC1CCCC2C(C3CCCCC3)CCC12)CCC1CCCCC1
C1CCC2CCC3C4CCCC4CC(C4CCC(C5CCCC5)CC4)C3C2CC1
C1CCC2C(C1)CCC1C3CCCC3CCC21
C(CCC1CCCC2CCCC12)CC1CC2CCCCC2C1
C1CCC2CC(C3CCCC4CCCC43)CCC2C1
C1CCC(CCC2CCC3C(CCC4C5CCCC5CCCC34)C2)CC1
C1CCC(CCCCCC2CC3CCCCC3C2)CC1
C1CCC(CCC2CCC3C2CCC(C2CCCCC2)C2C4CCCCC4CCCC32)CC1
C1CCC(CCCCCC2CCC3CCCCC23)CC1
C1CCC(CCCCCC2CCCC3C(C4CCCCC4)CCC23)CC1
C1CCC2CCC(C3CCCC4CCCC43)CC2CC1
C1CCC(CCC2CCC3C(CCC3C3CCCCC3)C2)CC1
C1CCC(C2CC3CCCC3C3CCCC4CCCCC4C23)CC1
C1CCC(C2CCC3CC4C(CCC45CCCC5)CC32)CC1
C1CCC(CCCCC2CC3CCCCC3C2)CC1
C1CCC(C2CCC3CCCC3C3CCC4CCCCC4C23)CC1
C1CCC(CC2CCC(CCCCCC3CCCC4CCCCC34)C2)CC1
C1CCC(CCCCC2CC3CCCCC3C2)CC1
C1CCC(C2CC3CCCC3C3CCC4CCCCCC4C23)CC1
C(CCC1CCCC2CCCC12)CC1CC2CCCCC2C1
C1CCC(C2CC3CCCC3C3CCC4CCCCCC4C23)CC1
C1CCC(CCCC2CCC3C(CCC3C3CCCC(CC4CCCC4)C3)C2)CC1
C1CCC(C2CC3CCCC3C3CCC4CCCCC4C23)CC1
C1CCC2CCC3C4CCCC4CCC3C2CC1
C1CCC2CC(C3CCCC4CCCC43)CCC2C1
C1CCC(C2CCC3(CCC4CC5C(CCC5C5CCCCC5)CC43)C2)CC1
C1CCC(C2CCC3CC4C(CCC45CCCCC5)CC32)CC1
C1CCC2C(C1)CCC1C3CCCC3CCC21
C1CCC(CCCC2CCC(C3CCC4C(CCC4C4CCCCC4)C3)CC2)CC1
C1CCC(C2CCC3CC4C(CCC5C6CCCC6CCC45)CC32)CC1
C1CCC(CC2CCCC(CCC3CCC(CCC4CCC(C5CC5)CC4)CC3)C2)C1
C1CCC(CCCC2CCCC3CCC(C4CCCC5CCCC54)CC3C2)CC1
C1CCC2C(C1)CCC1C3CCCC3CCC21
C1CCC(C2CCC3CC4C(CCC45CCCC5)CC32)CC1
C1CCC(CCCCCC2CC3CCCCC3C2)CC1
C1CCC(CC2CC3CCCCC3CC3CCC4CCCCC4C32)C1
C1CCC(CCCC2(CCC3CCCC3)CCC3C4CCCC5CCCCC5C4CCC32)CC1
C1CCC(CCCCC2CCC3C2CCC2C4CCCCC4CCC32)C1
C1CCC(CCCCCC2CC3CCCCC3C2)CC1
C1CCC(CCC2CCC(CCC3CCCCC3)CC2)CC1
C1CCC2CCC3C4CCC(CCCC5CC6CCCCC6C5)C4CCC3C2CC1
C1CCC2C(C1)CCC1C3CCCCC3CCC21
C1CCC(C2CCC3CC4C(CCCCC45CCCC5)CC32)CC1
C1CCC(CCCCCC2CCCC3C(C4CCCCC4)CCC23)CC1
C1CCC(C2CC3CCCCC3C3CCCCC23)CC1
C1CCC2CC(C3CCCC4CCCC43)CCC2C1
C1CCC(CCCCCC2CCCC3C(C4CCCCC4)CCC23)CC1
C1CCC(CCC2(CCCC3CC4CCCCC4C3)CCCC3C4CCC5CCCCC5C4CCC32)C1
C1CCC(CCCCCC2CC3CCCCC3C2)CC1
C1CCC(CCCCC2CC3CCCCC3C2)CC1
C1CC2CCC3C(CCC4CCCCC43)CC2C1
C1CCC2C(C1)CCC1C3CCCCC3CCC21
C1CCC(CCCC2(CCCC3CCC4CCCCC4C3)CCC3C4CCC5CCCCC5C4CCC32)C1
C(CCCCC1CCC(C2CCCCC2)C1)CCCC1CCCCC1
C1CCC(CCCCCC2CCC3CCCCC23)CC1
C1CCC(CCC2CCC(C3CC3)CC2)CC1
C1CCC(CCCCCC2CC3CCCCC3C2)CC1
C1CCC(CC2CC3CCCCC3C3CCC4CCCCC4C23)CC1
C1CCC2CCC(C3CCCC4CCCC43)CC2CC1
C1CCC(CC2CC3CCCCC3C3CCC4CCCCC4C23)CC1
C1CCC2C(C1)CCC1C3CCCC3CCC21
C1CCC2CC(C3CCCC4CCCC43)CCC2C1
C1CCC(CC2CCCCC2CC2CC3CCCCC3C3CCC4CCCCC4C23)CC1
C1CCC2CCC3C(CCC4C3CC3CCCC34CCCC3CCCC3)C2CC1
C1CCC(CC2CC3CCCCC3C3CCC4CCCCC4C3C2)CC1
C1CCC(CC2CCCCCCC23CCC2C(CCC2C2CCCCC2)C3)CC1
C1CCC2CCC3C4CCCC4CCC3C2CC1
C1CCC(CCC(CCC2CCC3CCCC3C2)CC2CCCCC2)CC1
C1CCC(CCCC2CCC3C2CCC2C4CC5CCC(C6CCCCC6)C5CC4CCCC32)CC1
C1CCC2C(C1)CCC1C3CCCC3CCC21
C1CCC2C(C1)CCCC2CCCC1CCC2C1CCC1C3CCCCC3CCC21
C1CCC2CCC(C3CCCC4CCCC43)CC2CC1
C1CCC(CCC2CCC3C(CCC3C3CCCCC3)C2)CC1
C1CCC(CCC2CCC3C(CCC3C3CCCCC3)C2)CC1
C1CCC(CCCC2CCCCC3CCC(C4CCCC5CCCC54)CC23)CC1
C(CCCC1CCC2C(CCC2C2CCCCC2)C1)CCC1CCCCC1
C1CCC(CCC2CCC3C(CCC3C3CCCCC3)C2)CC1
C1CCC(CCC2CCC3C(CCC4CCCCC43)C2)CC1
C1CCC(C2CC3CCCC3C3CCC4CCCCCC4C23)CC1
C1CCC(CCCC2CCC(CCC3CCCC(CC4CCCC4)C3)CC2)CC1
C1CCC(C2CC3CCCCC3C3CCC4CCCCC4C23)CC1
C(CCC1CCC2C(CCC3C4CCCC4CCC23)C1)CC1CCC(C2CCC(C3CC4CCCC4C4CCC5CCCCC5C34)CC2)CC1
C1CCC2C(C1)CCCC1C3CCCC3CCC21
C1CCC(CC2CCC3C(CCC3C3CCCCC3)C2)CC1
C1CCC(C2CCC3CC4(CCCCC4C4CCCCC4)CCCC32)CC1
C1CCC(C2CCC3CCCCC3C3CCCCC23)CC1
C1CCC2C(C1)CCC1C3CCCCC3CCC21
C1CCC(CCCCC2CCC3CCCCC23)CC1
C1CCC(CCCCCC2CCC3CCCCC23)CC1
C1CCC2C(C1)CCC1C3CCCC3CCC21
C1CCC(CC2CCCCCCC23CCC2C(CCC2C2CCCCC2)C3)CC1
C1CCC(CCCCCC2CCCC3CCCC23)CC1
C1CCC(C2CC3CCCC3C3CCC4CCCCC4C23)CC1
C(CCC1CCCC2CCCCC12)CC1CCC2CCCCC2C1
C1CCC(CC2CCC3C(CCC4CCCCC43)C2)CC1
C1CCC2CCC(C3CCCC4CCCC43)CC2CC1
C1CCC(CC(CC2CCCCC2)C2CCCCC2)CC1
C1CCC(CCCCC2CCC3CCC(C4CCCC5CCCC54)CC3C2)CC1
C1CCC(CCC2CCC3C(CCC3C3CCCCC3)C2)CC1
C(CCC1CCCC2CCCCC12)CC1CCC2CCCCC2C1
C1CCC(CCC(CCC2CCC3CCCC3C2)CC2CCCCC2)CC1
C1CCC(C2CCC3CCC4CCCCC4C3CC2)CC1
C1CCC(CCCCC2CC3CCCCC3C2)CC1
C1CCC2C(C1)CCC1C3CCCC3CCC21
C1CCC(C2CCC3CC4C(CCC5C6CCCC(CCCC7CC8CCCCC8C7)C6CCC45)CC32)CC1
C(CCCC1CCCCC1)CCCC1CCC(C2CCCCC2)C1
C1CCC(CCCCC2CC3CCCCC3C2)CC1
C1CCC(C2CCCC3(CCC4CC5C(CCC5C5CCCCC5)CC43)C2)CC1
C1CCC2C(C1)CCC1C2CCCC2C3CCCC3CC21
C(CCC1CCC2CCCCC2C1)CCC1CCCC2CCCCC12
C(CCC1CCC2C(CCC3C4CCCC4CCC23)C1)CC1CCC(C2CC3CCCC3C3CCC4CCCCC4C23)CC1
C1CCC(CCC2CCC3C(CCC4C5CCCC5CCC34)C2)CC1
C(CCCC1CCCC2C(C3CCCCC3)CCC12)CCC1CCCCC1
C1CCC(CCCCC2CCC3CCCCC23)CC1
C1CCC2CCC(C3CCCC4CCCC43)CC2CC1
C1CCC(CCCCC2CCC3CCCCC23)CC1
C1CCC2CC(CCCC3CCC4C3CCC3C5CCCCC5CCC43)CC2C1
C1CCC(CC2CCC3CCCCC3C3CCC4CCCCC4C23)CC1
C(CCCC1CCCC2CCCCC12)CCC1CCC(C2CCCCC2)C1
C1CCC(CCC2CCC3C(CCC4C5CCCC5CC(CCC5CCCCC5)C34)C2)CC1
C1CCC2CC(C3CCCC4CCCC43)CCC2C1
C(CCCC1CCCCC1)CCCC1CCC(C2CCCCC2)C1
C1CCC(C2CCC3CCCC3C3CCC4CCCCC4C23)CC1
C1CCC(CC2CCC3CC4CCCCC4CC23)CC1
C1CCC2C(C1)CCC1C3CCCCC3CCC21
C1CCC(CCC2CC3CCCC3C3CCC4CCCCC4C23)CC1
C1CCC(C2CCC3CC4C(CC5CCC6CCCCC65)CCCC4CC32)CC1
C1CCC(C2CCC3CC4C(CCC5C6CCC(CCCCC7CCC8CCCCC8C7)C6CCC45)CC32)CC1
C1CCC2C(C1)CCC1C3CCCCC3CCC21
C1CCC2C(C1)CCCC1C3CCCC3CCC21
C1CCC(CCC2CCC3C(CCC3C3CCCCC3)C2)CC1
C1CCC(CCCCCC2CCCC3C(C4CCCCC4)CCC23)CC1
C1CCC(CC2CCCC(C3CCC4CC(CCCC5CCC6CCCCC6C5)CCC43)C2)C1
C1CCC2C(C1)CCC1CCCCC12
C1CCC(C2CCC3CC(C4CCC(CCC5CCCC5)CC4)CCC32)CC1
C(CCC1(CC2CCCC2)CCCC2CCCCC21)CC1CCC2CCCCC2C1
C(CCC1CCC2CCCCC2C1)CCC1CCCC2CCCCC12
C1CCC(CCCCCC2CCCC3C(C4CCCCC4)CCC23)CC1
C1CCC(CCCC(CC2CC3CCCCC3C2)C2CCCC2)CC1
C1CCC2C(C1)CCC1C3CCCC3CCC21
C1CCC(CCCC2CCCCC3CCC(C4CCCC5CCCC54)CC23)CC1
C1CCC(CCCCC2CC3CCCCC3C2)CC1
C1CCC(C2CCC3C(CCCC4CCCCC43)C2)CC1
C1CCC(C2CC3CCCCC3C3CCCCC23)CC1
C1CCC(CC2CCCC2CC2CC3CCCCC3C3CCC4CCCCCC4C23)CC1
C1CCC(CCCCCC2CCCC3C(C4CCCCC4)CCC23)CC1
C1CCC2C(C1)CCC1C3CCCCC3CCC21
C1CCC(C2CCC(CCCCCC3CCCC4CCCCC34)C2)CC1
C1CCC2C(C1)CCC1C2CCC2C3CCCC3CC21
C1CCC(CCC2CCC3C(CCC4CC(C5CCCCC5)CCC43)C2)CC1
C(CCC1CCCC2CCCCC12)CC1CCCC2CCCCC12
C1CCC2CC(C3CCCC4CCCC43)CCC2C1
C1CCC(CC2CCC3C(CCC3C3CCCCC3)C2)CC1
C1CCC2CCC3C4CCCC4CCC3C2CC1
C1CCC2CCC(C3CCCC4CCCC43)CC2CC1
C1CCC(CCC2CCC3C(CCC3C3CCCCC3)C2)CC1
C1CCC(CCC2CCC3C(CCC3C3CCCCC3)C2)CC1
C1CCC2C(C1)CCC1C3CCCCC3CCCC21
C(CCCC1CCCC2C(C3CCCCC3)CCC12)CCC1CCC(C2CCCC2)C1
C1CCC2C(C1)CCC1C3CCCC3CCCC21
C1CCC(C2CCC(CCCC3CCCC4C3CCC3C5CCCCC5CCC43)C2)CC1
C1CCC(CCC2CCC(C3CCC4C(CCC4C4CCCCC4)C3)CC2)CC1
C1CCC(CCC(CCC2CCC3CCCC3C2)CC2CCCCC2)CC1
C1CCC(CC2CC3CCCCC3CC3CCC4CCCCC4C32)CC1
C1CCC(CCCCC2CC3CCCCC3C2)CC1
C1CCC(CC2CCC3C(CCC3C3CCCCC3)C2)CC1
C1CCC2CC(CCCC3CCC4C3CCC3C5CCCCC5CCC43)CC2C1
C(CCCCCCC1CCC(CCC2CCC(CCC3CCCC3)C2)C1)CCCCCCC1CCC2C1CCC1C3CCCCC3CCC21
C1CCC(CC2CC3CCCCC3C3CCC4CCCCC4C23)CC1
C1CCC(CCCC2CCC3C(CCC3C3CCCCC3)C2)CC1
C1CCC(C2CCC(CCCCCC3CCCC4CCCCC34)C2)CC1
C1CCC2C(C1)CCC1C3CCCC3CCC21
C1CCC(CCC2CCC3C(CCC4C5CCCCC5CCC34)C2)CC1
C1CCC2CCC(C3CCCC4CCCC43)CC2CC1
C1CCC(C2CCC3CC4C(CCC32)CCC42CCCC2)CC1
C1CCC(C2CC3CCCC3C3CCC4CCCCC4C23)CC1
C1CCC(CC2CC3CCCCC3C3CCC4CCCCCC4C23)CC1
C1CCC(CCCC2CCC3CCC(C4CCCC5CCCC54)CC3C2)CC1
C(CCCC1CCCCC1)CCC1CCCCC1
C1CCC(C2CCC3C(CCC4CCCCC43)C2)CC1
C1CCC(C2CC3CCCC(C3)C3CCC4CCCCC4C32)CC1
C1CCC(CC2CCC3CC4C(CCCC5CC5)CCCC4CC23)CC1
C1CCC(CC2CCCC(C3CCC4CC(CCC5CCC6CCCCC6C5)CCC43)C2)C1
C1CCC(CCCCC2CC3CCCCC3C2)CC1
C1CCC(CC2CC3CCCCC3C3CCC4CCCCC4C23)CC1
C1CCC2CCC3C4CCCC4CCC3C2CC1
C1CCC(C2CCC3CC4C(CCC45CCCCC5)CC32)CC1
C(CCCC1CCCCC1)CCCC1CCC(C2CCCCC2)C1
C1CCC(CC2CCC3CC4C(CCCC5CC5)CCCC4CC23)CC1
C1CCC(CCCCC2CC3CCCCC3C2)CC1
C1CCC2C(C1)CCC1C3CCCC3CCC21
C(CCC1CCCC2CCCCC12)CC1CC2CCCCC2C1
C1CCC2CCC(C3CCCC4CCCC43)CC2CC1
C1CCC2C(C1)CCC1C3CCCC3CCC21
C1CCC(C2CC3CCCCC3C3CCCCC23)CC1
C1CCC2CC(C3CCCC4CCCC43)CCC2C1
C1CCC(C2CC3CCCC3C3CCC4CCCCC4C23)CC1
C1CCC(CC2CCC3CC4C(CCC45CCCC5)CC23)CC1
C1CCC(CCC2CCCC3CCC4C(CCC4C4CCCCC4)CC23)CC1
C1CCC(C2CCC3CC4C(CCC32)CCC2C3CCC(CCCC5CCC6CCCCC6C5)C3CCC42)CC1
C1CCC2C(C1)CCC1C3CCCC3CCC21
C(CC1CC2CCCCC2C1)CC1CCC2C(CCC3C4CCCCC4CCC23)C1
C1CCC(C2CCCCC2CC2CC3CCCCC3CC3CCC4CCCCC4C32)CC1
C1CCC(CCCCC2CCC3C2CCC2C4CCCCC4CCC32)CC1
C1CCC(CCC2CCC(C3CCC4C(CCC4C4CCCCC4)C3)CC2)CC1
C1CCC(CCCCC2CCC3CCCCC23)CC1
C1CCC(CCC(CCC2CCC3CCCC3C2)CC2CCCCC2)CC1
C1CCC2CC(C1)CCC1C3CCCC3CCC21
C(CCC1CC2CCCCC2C1)CCC1CCCC2CCCC12
C1CCC(CCCCC2CC3CCCCC3C2)CC1
C1CCC(CC2CC3CCCCC3C3CCC4CCCCC4C23)CC1
C1CCC2CCC(C3CCCC4CCCC43)CC2CC1
C1CCC(CCCCCC2CCCC3C(C4CCCCC4)CCC23)CC1
C1CCC(CCCCCC2CCCC3C(C4CCCCC4)CCC23)CC1
C1CCC(CCCCC2CC3CCCCC3C2)CC1
C1CCC(CCCC2CCCC(C3CCC4CC(CCC5CCC6CCCCCC6C5)CCC43)C2)CC1
C1CCC(CCC2CCC3C(CCC3C3CCCC(CC4CCCC4)C3)C2)CC1
C1CCC(CCC2CCC3C(CC4CCCCC4)CCC3C2)CC1
C(CCC1CCC2CCCC2C1)CC1CCC(C2CCCC2)CC1
C1CCC2C(C1)CCC1C2CCC2C3CCCCC3CC21
C1CCC(CC2CC3CCCCC3C3CCC4CCCCC4C23)CC1
C1CCC(CCCCC2CC3CCCCC3C2)CC1
C1CCC2CC(C3CCCC4CCCC43)CCC2C1
C1CCC(CCCC2CCC3CCC(C4CCCC5CCCC54)CC3C2)CC1
C1CCC2CCC3CCCCC3C2CC1
C1CCC(CCC2CCC3C(CCC3C3CCCC(CC4CCCC4)C3)C2)CC1
C1CCC(C2CC3CCCC3C3CCC4CCCCC4C23)CC1
C1CCC(CCCCC2CC3CCCCC3C2)CC1
C1CCC(CCC2CCC(C3CC3)CC2)CC1
C1CCC2C(C1)CCC1C2CCC2C3CCCC3CCC21
C(CCCCCCC1CCC2C1CCC1C3CCCCCC3CCC21)CCCCCC1CCC(CCC2CCC(CCC3CCCC3)C2)C1
C1CCC(CCC2CCC(CCC3CCCC(CCC4CCCC4)C3)CC2)CC1
C1CCC(CC2CCC(CC(CC3CCCCC3)C3CCCCC3)CC2)CC1
C(CCC1CCC2CCCCC2C1)CCC1(C2CCCC2)CCCC2CCCCC21
C1CCC(C2CCC3CCC4C(CCC45CCCCC5)CC32)CC1
C1CCC(CC2CC3CCCCC3C3CCC4CCCCCC4C23)CC1
C(CCC1CCCC2CCCCC12)CCC1CCCC2CCCC12
C1CCC(CCC2CCC3C2CCC(C2CCCCC2)C2C4CCCCCC4CCC32)CC1
C1CCC(CCC2CCC3C(CCC3C3CCCCC3)C2)CC1
C1CCC2C(C1)CCCC1C3CCCC3CCC21
C1CCC(CCC2CCC3C(CCC4CCCCCC43)C2)CC1
C1CCC(C2CC3CCCC3C3CCC4CCCCC4C23)CC1
C1CCC(CCCCCC2CCCCC2)CC1
C1CCC(CCCC2CCCC3CCCCC32)C2CCCCC2C1
C1CCC(CCCCC2CC3CCCCC3C2)CC1
C1CCC(CCCC2(CCCC3CC4CCCCC4C3)CCC3C4CCC5CCCCC5C4CCC32)C1
C1CCC(CCCCC2CCC3C2CCC2C4CCCCCC4CCC32)CC1
C1CCC(C2CCC3CCCCC3C3CCCCC23)CC1
C(CCC1CCCC2CCCC12)CC1CC2CCCCC2C1
C1CCC(CCCCC2CCC3C2CCC2C4CCCCC4CCCC32)CC1
C1CCC(CCC2CCC3C(CCC3C3CCCCC3)C2)CC1
C1CCC(C2CCC(CCCCCC3CCCC4CCCCC34)C2)CC1
C1CCC(CCCCC2CC3CCCCC3C2)CC1
C1CCC(CCC2CCC(CCC3CCCC(CC4CCCC4)C3)CC2)CC1
C1CCC2CC(CCCC3CCCC4CCCCC43)CC2C1
C1CCC(CCCCC2C3CCCCCC3CCC2C2CCCC3CCCC32)CC1
C1CCC(CC2CCC3C(CC4CCCCC4)CCC3C2)CC1
C1CCC(CCCCC2CC3CCCCC3C2)CC1
C1CCC(CC2CC3CCCCC3CC3CCC4CCCCC4C32)CC1
C1CCC(CCCCC2CC3CCCCC3C2)CC1
C1CCC(CCCCC2CC3CCCCC3C2)CC1
C1CCC(C2CCC3CC4CCCCC4CC32)CC1
C1CCC(C2CCC(CC3CC4CCCCC4C4CCC5CCCCCC5C34)CC2)CC1
C(CCCC1CCCC2C(C3CCCCC3)CCC12)CCC1CCCCC1
C1CCC(CC2CC3CCCCC3C3CCC4CCCCC4C23)CC1
C1CCC2CCC3C4CCCC4CCC3C2CC1
C1CCC(CCCCCC2CC3CCCCC3C2)CC1
C1CCC(CCC2(CCCCC3CC4CCCCC4C3)CCC3C4CCC5CCCCC5C4CCC32)C1
C1CCC2CC(CCCC3CCC4C3CCC3C5CCCCC5CCCC43)CC2C1
C1CCC(C2CCC(CCCCCC3(C4CCCCC4)CCC3)C2)CC1
C1CCC(CCCCC2CCC3C2CCC2C4CCCCCC4CCC32)CC1
C(CCCC1CCC(C2CCCCC2)C1)CCC1CCCCC1
C(CCC1CCCC2CCCCC12)CC1CCC2CCCCC2C1
C1CCC(C2CC3CCCC3C3CCC4CCCCC4C23)CC1
C1CCC(C2CCC3CC(C4CCC(CCC5CCCC5)CC4)CCC32)CC1
C1CCC2CCC(C3CCCC4CCCC43)CC2CC1
C1CCC(CC2CC3CCCCC3C3CCC4CCCCC4C23)CC1
C1CCC2CC(CCCC3CCC4C3CCC3C5CCCCC5CCC43)CCC2C1
C(CCC1CCCC2CCCCC12)CC1CCC2CCCCC2C1
C1CCC(CC2CC3CCCCC3C3CCC4CCCCCC4C23)CC1
C1CCC(CCCC2CC3CCCC3C3CCC4CC(CCC5CCCCC5)CCC4C23)CC1
C1CCC(CCC2CCC(C3CCC4C(CCC4C4CCCCC4)C3)CC2)CC1
C1CCC2C(C1)CCC1CC2CCC2CCCC21
C1CCC2C(C1)CCCC2CCCC1CCCC2C1CCC1C3CCCCC3CCC21
C1CCC(C2CCC3CC4C(CCC5CCC6CCCCC65)CCCC4CC32)CC1
C1CCC2CCC3C4CCCCC4CC(CC4CCCC5CCCCC54)C3C2CC1
C1CCC(CCCC2CCC3CCC(C4CCCC5CCCC54)CC3CC2)CC1
C1CC2CCCC2C(CC2CC3CCCCC3C3CCCC23)C1
C1CCC(CCCC2CCC3CCC(CC4CCCC5CCCC54)CC3C2)CC1
C1CCC(C2CCC3C(CCCC4CCCCC43)C2)C1
C1CC2CCC3C(CCC4CCCCC43)CC2C1
C1CCC(CCCCC2CCC3CCC(C4CCCC5CCCC54)CC3C2)CC1
C1CCC2C(C1)CCCC1C3CCCC3CCC21
C1CCC(CCCCCC2CCC3CCCCC3C2)CC1
C1CCC(CCC2CCC(C3CC4CCCC4C4CCC5CCCCC5C34)CC2)CC1
C(CCCC1CCCC2C(C3CCCCC3)CCC12)CCC1CCC(C2CCCC2)C1
C1CCC(CCCCCC2CCCCC2)CC1
C1CCC2CC(CCCC3CCC4C3CCC3C5CCCCC5CCC43)CC2C1
C(CCCC1CCCCC1)CCCC1CCC(CC2CCCCC2)C1
C1CCC(C2CC3CCCC3C3CCCC4CCCCC4C23)CC1
C1CCC(CCCCCC2CCCC3C(C4CCCCC4)CCC23)CC1
C1CCC(C2CCC3C(CCC34CCCC4)C3CCCC4CCCCC4C23)CC1
C1CCC(C2CCC3CC4C(CCC5C6CCC(CCCC7CCC8CCCCC8C7)C6CCC45)CC32)CC1
C1CCC(CCCCCC2CCC3CCCCC23)CC1
C1CCC2C(C1)CCC1C3CCCC3CCC21
C1CCC(CC2CC3CCCCC3C3CCC4CCCCC4C23)CC1
C1CCC(CCC2CCC3C(CCC3C3CCCCC3)C2)CC1
C1CCC(CCC2CCC3C(CCC3C3CCCCC3)C2)CC1
C1CCC(CC2CCC3CC4C(CCC45CCC(C4CCCCC4)C5)CC23)CC1
C1CCC(CCCCCC2CCCC3C(C4CCCCC4)CCC23)CC1
C1CCC(CCC2CCC3C(CC4CCCCC4)CCC3C2)CC1
C(CCCC1CCCCC1)CCCC1CCC(C2CCCCC2)C1
C(CCC1CCCC2CCCC12)CC1CC2CCCCC2C1
C1CCC(C2CCC3CC4C(CCC5C6CCCC6CCC45)CC32)CC1
C1CCC(CCC2CCC3C(CCC4C5CCCCC5CCC34)C2)CC1
C1CCC(C2CCC3CCCC3C3CCC4CCCCCC4C23)CC1
C1CCC(CCC2CCC3C(CC4CCCCC4)CCC3C2)CC1
C(CCCC1CCCCC1)CCCC1CCC(C2CCCCC2)C1
C1CCC2CCC3CCCCC3C2CC1
C1CCC2CC(C3CCCC4CCCC43)CCC2C1
C(CCC1CCCC2CCCCC12)CC1CC2CCCCC2C1
C1CCC2CC(C3CCCC4CCCC43)CCC2C1
C1CCC(CCCCCC2CCCC3C(CC4CCC(CC5CC5)CC4)CCC23)CC1
C1CCC2CC3CCC(C4CCCCC4)C3CC2CC1
C1CCC(CCCCC2CC3CCCCC3C2)CC1
C1CCC2C(C1)CCC1C3CCCCC3CCC21
C1CCC(CCCCCC2CCCC3C(C4CCCCC4)CCC23)CC1
C1CCC2CC(C3CCCC4CCCC43)CCC2C1
C1CCC(CCCCCC2CC3CCCCC3C2)CC1
C1CCC(CC2CCC3C(CCC4CCCCC43)C2)CC1
C1CCC(CCC2CCC3C(CCC3C3CCCCC3)C2)CC1
C1CCC(CCCCC2CC3CCCCC3C2)CC1
C1CCC(CC2CCC3C(CCC3C3CCCCC3)C2)CC1
C1CCC(C2CCC3CCCC3C3CCC4CCCCC4C23)CC1
C1CCC2CC(CCCC3CCC4C5CCC6CCCCC6C(CCC34)C5)CC2C1
C1CCC2C(C1)CCC1C3CCCC3CCC21
C(CCCC1CCCC2C(C3CCCCC3)CCC12)CCC1CCCCC1
C1CCC(CC2CC3CCCCC3C3CCC4CCCCCC4C23)CC1
C1CCC(CCCCC2CC3CCCCC3C2)CC1
C1CCC(CCCC(CC2CC3CCCCC3C2)C2CCCC2)CC1
C(CCC1CCCC2CCCCC12)CC1CCC2CCCCC2C1
C1CCC(CC2CC3CCCCC3C3CCC4CCCCC4C23)C1
C1CCC(C2CCC3CC4C(CCC5C6CCCC6CCC45)CC32)CC1
C(CCCC1CCCC2CCCCC12)CCC1CCC(C2CCCCC2)C1
C1CCC(C2CC3CCCC3C3CCC4CCCCC4CC23)CC1
C1CCC(CCCCCC2CC3CCCCC3C2)CC1
C1CCC2CCC3C(CCC4C5CCCC5CC43)C2CC1
C1CCC(C2CCC3C(CCCCCC4CCC(C5CCCC5)C4)CCCC23)CC1
C1CCC2CC(C3CCCC4CCCC43)C3CCCC3C2CC1
C1CCC(CCCCCC2CCCC3C2CCC3C2CCC(CC3CC3)CC2)CC1
C1CCC(CCCCCC2CCCC3C(C4CCCCC4)CCC23)CC1
C1CCC(CCC(CCC2CCC3CCCCC3C2)CC2CCCCC2)CC1
C1CCC(C2CCC3CC4C(CCCC4CC4CC5CCCCC5C4)CCC32)CC1
C1CCC(C2CCC3CC4C(CCC45CCCC5)CC32)CC1
C1CCC(CCCCCC2CCCC3C(C4CCCCC4)CCC23)CC1
C1CCC(CCCCCC2CCCC3C(C4CCCCC4)CCC23)CC1
C1CCC2C(C1)CC(C1CCCC3CCCC31)C1CCCCC21
C(CCC1CCCC2CCCCC12)CC1CCC2CCCCC2C1
C1CCC2C(C1)CC(C1CCCC3CCCC31)C1CCCC21
C1CCC2CC(CC3CCCC4CCCC43)CCC2C1
C1CCC2CC(C3CCCC4CCCC43)CCC2C1
C(CCCC1CCCC2C(C3CCCCC3)CCC12)CCC1CCCCC1
C1CCC(CCC2CCC3C(CCC3C3CCCCC3)C2)CC1
C1CCC2CC(CC3CCCC4CCCC43)CCC2C1
C1CCC(CCCCC2CCC3CCC(C4CCCC5CCCC54)CC3C2)CC1
C1CCC(CCC2CCC(C3CCC4C(CCC4C4CCCCC4)C3)CC2)CC1
C1CCC(CC(CC2CCCCC2)C2CCCCC2)CC1
C1CC2CCCC2C(CC2CC3CCCCC3C3CCCC23)C1
C1CCC(CCCCCC2CCCC3C(C4CCCCC4)CCC23)CC1
C1CCC2CC3CCC(C4CCCCC4)C3CC2CC1
C1CCC(C2CC3CCCCC3C3CCCCC23)CC1
C1CCC(CCCC2(CCC3CCCC3)CCC3C4CCC5CCCCC5CC4CCC32)CC1
C1CCC2C(C1)CCC1C3CCCC3CCCC21
C1CCC(C2CCC3CC4C(CCC5C6CCC(CCCC7CCC8CCCCC8C7)C6CCCC45)CC32)CC1
C1CCC(CCCC2CCC3CCCC3C2)CC1
C1CCC2CCC3C4CCCC4CCC3C2CC1
C1CCC(CC2CCC3C(CCC3C3CCCCC3)C2)CC1
C1CCC(CC2CC3CCCCC3C3CCC4CCCCC4C23)CC1
C1CCC(CCC2(CCCC3CC4CCCCC4C3)CCC3C4CCC5CCCCC5C4CCCC32)C1
C1CCC(CCCCCC2CC3CCCCC3C2)CC1
C1CCC2CCC3C4CCCCC4CC(CC4CCCC(C5CCCC5)C4)C3C2CC1
C1CCC(CC2CCC(CC(CC3CCCCC3)C3CCCCC3)CC2)CC1
C1CCC(CCC(CCC2CCC3CCCC3C2)CC2CCCCC2)CC1
C1CCC(CCC2CCC3C(CCC3C3CCCCC3)C2)CC1
C1CCC2C(C1)CC(C1CCCC1)C1CCCCC21
C1CCC(C2CCC3CC4C(CCC5C6CCCC(CCCC7CCC8CCCCC8C7)C6CCC45)CC32)CC1
C1CCC2C(C1)CCCC1CCCCC12
C1CCC2C(C1)CC(C1CCCC1)C1CCCCC21
C1CCC(C2CC3CCCC3C3CCC4CCCCC4C23)CC1
C(CCCC1CCCC2C(C3CCCCC3)CCC12)CCC1CCCCC1
C1CCC(C2CC3CCCC3C3CCC4CCCCC4C23)CC1
C1CCC2CC(C3CCCC4CCCC43)CCC2C1
C1CCC(C2CCC3CCC4(CCCCC4C4CCCCC4)CCC32)CC1
C1CCC2CCC3C4CCC(CCCC5CC6CCCCC6C5)C4CCC3C2CC1
C1CCC(CCCC2CCC(C3CCCC4C(C5CCCCC5)CCC34)C2)CC1
C(CCCC1CCCCC1)CCC1CCCCC1
C1CCC2C(C1)CCC1CCCCC12
C1CCC2CCC3C4CCCC4CCC3C2CC1
C1CCC2C(C1)CCC1CCCCC12
C1CCC(C2CCC3CC4C(CCCC4CC4CCC5CCCCC54)CCC32)CC1
C1CCC(CCC(CC2CC3CCCCC3C2)C2CC2)CC1
C1CCC(CCCCCC2CCC3CCCCC23)CC1
C(CCC1CCCC2CCCCC12)CCC1CCCC2CCCCC12
C1CCC(CC2CC3CCCCC3CC3CCC4CCCCC4C32)C1
C1CCC(C2CC3CCCC3C3CCCC4CCCCC4C23)CC1
C(CCCC1CCCCC1)CCCC1CCC(C2CCCCC2)C1
C1CCC2C(C1)CCC(C1CCCC1)C1CCCCC21
C1CCC(CCCCC2CC3CCCCC3C2)CC1
C1CCC(CCCC(CCC2CCC3CCCC3C2)CC2CCCCC2)CC1
C1CCC2CCC3C4CCC(CCCC5CCCC6CCCCC65)C4CCC3C2CC1
C1CCC(C2CCC3CCCCC3C3CCCCC23)CC1
C1CCC(C2CC3CCCC3C3CCC4CCCCC4C23)CC1
C1CCC(CCC2CCC3C2CCC2C4CCCCC4CCC32)C1
C1CCC(C2CCC3CCC4CCCCC4C3CC2)CC1
C1CCC2CC(C3CCCC4CCCC43)CCC2C1
C1CCC(CCCC2(CCCC3CCC4CCCCC4C3)CCC3C4CCC5CCCCC5C4CCC32)C1
C1CCC(CCC2CCC(C3CC3)CC2)CC1
C(CCCC1CCCCC1)CCCC1CCC(C2CCCCC2)C1
C(CCCC1CCCC2CCCCC12)CCC1CCCC1
C1CCC(CCC2CCCCC2)CC1
C1CCC(CCC2CCC3C(CCC3C3CCCCC3)C2)CC1
C1CCC2CCC3C4CCCCC4CC(CC4CCCC4)C3C2CC1
C1CCC(CCC2CCC3C(CCC3C3CCCCC3)C2)CC1
C1CCC2CC(C3CCCC4CCCC43)CCC2C1
C(CCC1CCCC2CCCCC12)CC1CCCC2CCCCC12
C1CCC(CCCCCC2CCC3CCCCC23)CC1
C(CCC1CCCC2CCCCC12)CCC1CCCC2CCCCC12
C(CCCC1CCCCC1)CCCC1CCC(C2CCCCC2)C1
C1CCC2CCC(C3CCCC4CCCC43)CC2CC1
C1CCC(CCCC(CC2CC3CCCCC3C2)C2CC2)CC1
C1CCC(CCCCCC2CCCC3C(C4CCCCC4)CCC23)CC1
C1CCC(C2CC3CCCC3C3CCC4CCCCCC4C23)CC1
C1CCC(CCC2CCC3C(CCC4C5CCCC5CCC34)C2)CC1
C1CCC(CCC2CCC3C(CCC4C5CCCC5CCCC34)C2)CC1
C1CCC2CC(C3CCCC4CCCC43)CCC2C1
C1CCC2CCCCC2C(CCCCC2CCCC3CCCCC23)C1
C1CCC(CCCCCC2CCCC3C2CCC3C2CCCC(CC3CCCC3)C2)CC1
C1CCC(CCCCCC2CCCC3C(C4CCCCC4)CCC23)CC1
C1CCC(CCC(CCC2CCC3CCCCC3C2)CC2CCCCC2)CC1
C1CCC2C(C1)CCC1C3CCCC3CCC21
C1CCC2CCC(C3CCCC4CCCC43)CC2CC1
C1CCC(CCC2CCC3C2CCC2C4CCCCC4CCC32)C1
C1CCC2CC(C3CCCC4CCCCC43)C3CCCC3C2CC1
C1CCC2CCC(C3CCCC4CCCC43)CC2CC1
C1CCC(CCCCCC2CCCC3C(C4CCCCC4)CCC23)CC1
C1CCC(CCC2CCC(CCC3CCCCC3)CC2)CC1
C1CCC(CC2CC3CCCC3C3CCC4CCCCC4C23)CC1
C1CCC(CCC2CCCCC3CC4C(CCC4C4CCCCC4)CC23)CC1
C1CCC2CCC(C3CCCC4CCCC43)CC2CC1
C1CCC(CCC2(CCCC3CC4CCCCC4C3)CCC3C4CCC5CCCCC5C4CCC32)C1
C1CCC2CCC(C3CCCC4CCCC43)CC2CC1
C1CCC(CCC2CCC3C(CCC3C3CCCCC3)C2)CC1
C1CCC(C2CCC3C(CCCCCC4CCC(CC5CCCC5)C4)CCCC23)CC1
C1CCC(CCC2CCC3C(CCC3C3CCCCC3)C2)CC1
C1CCC(C2CCC(CCCCCC3CCCC4C(C5CCCCC5)CCC34)C2)CC1
C1CCC2CCC(C3CCCC4CCCC43)CC2CC1
C1CCC(C2CCC3CC4C(CCC32)CCC42CCCC2)CC1
C1CCC(C2CCC3C(CCC4CCCCC43)C2)CC1
C(CCC1CCCC2CCCC12)CC1CC2CCCCC2C1
C1CCC(C2CCCCC2CC2CC3CCCCC3C3CCC4CCCCCC4C23)CC1
C1CCC(CCCC2CCC3C2CCC2C4CC5CCC(C6CCCCC6)C5CCC4CCC32)CC1
C1CCC(CC2CC3CCCCC3C3CCC4CCCCC4C23)CC1
C(CCC1CCCC1)CCC1CCCCC2CCCCC12
C(CCCC1CCCC2C(C3CCCCC3)CCC12)CCC1CCCCC1
C1CCC2CCC3C4CCC(CCCC5CC6CCCCC6C5)C4CCC3C2CC1
C1CCC2C(C1)CCC1C3CCCC3CCC21
C1CCC(CCC(CCC2CCC3CCCCC3C2)CC2CCCCC2)CC1
C1CCC(CCCCCC2CCCC3C(C4CCCCC4)CCC23)CC1
C1CCC(CCCCCC2CC3CCCCC3C2)CC1
C1CCC(CCCCCC2CCCC3C(C4CCCCC4)CCC23)CC1
C1CCC2C(C1)CC(C1CCCC3CCCC31)C1CCCCC21
C1CCC(CCCCC2CCC3CCCCC3C2)CC1
C1CCC(CCCCC2CCC3CCCCC23)CC1
C1CCC(CCCC2CCCC(C3CCC4CC(CCC5CCC6CCCCCC6C5)CCC43)C2)CC1
C1CCC(CC2CCCC2CC2CC3CCCCC3C3CCC4CCCCC4C23)CC1
C1CCC(CCC2CCCCC2)CC1
C1CCC(C2CCC3CC4C(CCC5CC6CCCCC6C5)CCCC4CC32)CC1
C1CCC(C2CCC3C(CCC4CCCCC43)C2)CC1
C1CCC(C2CC3CCCC3C3CCC4CCCCC4C23)CC1
C(CCCC1CCCC2C(C3CCCCC3)CCC12)CCC1CCCCC1
C1CCC(CCCC2CCCC(C3CCC4CC(CCC5CCC6CCCCC6C5)CCC43)C2)CC1
C1CCC(CCC(CCC2CCC3CCCC3C2)CC2CCCCC2)CC1
C1CCC(CC2CCC(C3CC4CCCC4C4CCC5CCCCC5C34)CC2)C1
C1CCC(CCCCC2CC3CCCCC3C2)CC1
C(CCCC1CCCCC1)CCC1CCCCC1
C1CCC(CCC(CCC2CC3CCCCC3C2)C2CCCC2)CC1
C1CCC(C2CC3CCCC3C3CCC4CCCCC4C23)CC1
C1CCC2CCC3C4CCC(CCCC5CC6CCCCC6C5)C4CCC3C2CC1
C(CCC1CCCC2CCCCC12)CC1CC2CCCCC2C1
C1CCC(CCCCCC2CC3CCCCC3C2)CC1
C1CCC2C(C1)CCC1C3CCCCC3CCCC21
C1CCC(C2CC3CCCC3C3CCC4CCCCC4C23)CC1
C1CCC(C2CCC3C(CCCCCC4CC4)CCCC23)CC1
C(CCCCC1CCC(C2CCCCC2)C1)CCCC1CCCCC1
C1CCC2CC(CCCC3CCCC4CCCCC43)CC2C1
C1CCC(C2CC3CCCC3C3CCC4CCCCC4C23)CC1
C(CCC1CCCCC2CCCCC12)CC1CCC2CCCCC2C1
C1CCC(CC2CC3CCCCC3C3CCC4CCCCC4C23)CC1
C1CCC(C2CCC3CC4C(CCCCC45CCCC5)CC32)CC1
C1CCC2CC(CC3CCCC4CCCC43)CCC2C1
C1CCC(CCC2CCC3C(CCC4CCC(C5CCCCC5)CCC43)C2)CC1
C1CCC(CCCC2CCC3C(CCC3C3CCCCC3)C2)CC1
C1CCC(CCCC(CCC2CCC3CCCC3C2)CC2CCCCC2)CC1
C1CCC(C2CCC(C3CC4CCCC4C4CCC5CCCCC5C34)CC2)C1
C(CCCCC1CCC(C2CCCCC2)C1)CCCC1CCCCC1
C1CCC(CCCCCC2CCCC3C(C4CCCCC4)CCC23)CC1
C1CCC(CCC(CCC2CCC3CCCC3C2)CC2CCCCC2)CC1
C1CCC2C(C1)CCCC2CCCC1CCCC2CCCCC21
C1CCC(CCC2CCC3C(CCC3C3CCCCC3)C2)CC1
C1CCC(CCCCC2CCC3CCCCC23)CC1
C1CCC(C2CCC3CCCC3C3CCC4CCCCC4C23)CC1
C(CCCC1CCCC2CCCCC12)CCC1CCC(C2CCCCC2)C1
C1CCC(C2CCC(CCCCC3CCC4C3CCC3C5CCCCC5CCC43)C2)CC1
C(CCCC1CCC2C(CCC2C2CCCCC2)C1)CCC1CCCCC1
C1CCC(CCCCCC2CC3CCCCC3C2)CC1
C1CCC(CCCCC2CC3CCCCC3C2)CC1
C(CCCC1CCCC2C(C3CCCCC3)CCC12)CCC1CCCCC1
C1CCC(CCCCC2CC3CCCCC3C2)CC1
C1CCC(C2CCC3CCC4(CCCCC4C4CCCCC4)CCC32)CC1
C1CCC(C2CCC3CCCC3C3CCC4CCCCC4C23)CC1
C1CCC(C2CC3CCCC3C3CCC4CCCCC4C23)CC1
C1CCC(C2CC3CCCC3C3CCC4CCCCC4C23)CC1
C1CCC2C(C1)CCC1C3CCCC3CCC21
C1CCC(CCCC2CC3CCCCC3C2C2CCCCC2)CC1
C1CCC(CCCCCC2CC3CCCCC3C2)CC1
C1CCC2CCC3C4CCCCC4CC(CC4CCCC4)C3C2CC1
C1CCC2C(C1)CCC1C2CCCC2C3CCCC3CC21
C1CCC(C2CCC3CC4C(CCC5C6CCCC6CCC45)CC32)CC1
C1CCC2CC3CCC4CCCC4C3CCC2C1
C1CCC(C2CC3CCCC3C3CCC4CCCCC4CC23)CC1
C1CCC(C2CCC3CC4C(CCCC5C6CCC(CCCC7CCC8CCCCC8C7)C6CCC45)CC32)CC1
C1CCC(C2CC3CCCC3CC3CCC4CCCCC4C32)CC1
C(CCCC1CCCCC1)CCCC1CCC(C2CCCCC2)C1
C1CCC(CCCCCC2CC3CCCCC3C2)CC1
C1CCC(C2CCC3CC4C(CCC45CCCC5)CC32)CC1
C1CCC(CCC2CCCCC2)CC1
C(CCC1CCCC2CCCC12)CC1CC2CCCCC2C1
C1CCC(CCCC2CCCC(C3CCC4CC(CCC5CCC6CCCCCC6C5)CCC43)C2)CC1
C1CCC(C2CC3CCCC3C3CCC4CCCCC4C23)CC1
C1CCC(CCC2(CCCC3CCC4CCCCC4C3)CCC3C4CCC5CCCCC5C4CCC32)C1
C1CCC2C(C1)CCC1C3CCCCC3CCC21
C1CCC2CCC3C4CCCCC4CC(CC4CCCC4)C3C2CC1
C1CCC(CC2CC3CCCCC3C3CCC4CCCCCC4C23)CC1
C1CCC(CCC2CCC(CCC3CCCC(CC4CCCC4)CC3)CC2)CC1
C1CCCC(CC2CCCC2CC2CC3CCCCC3C3CCC4CCCCC4C23)CC1
C1CCC(C2CC3CCCCC3C3CCCCC23)CC1
C(CCC1CCC2C1CCC1C3CCCCC3CCC21)CC1CCC2CCCCC2C1
C1CCC2CCC(C3CCCC4CCCC43)CC2CC1
C1CCC2CC(CCCC3CCC4C3CCC3C5CCCCC5CCCC43)CC2C1
C1CCC(C2CCC3CC4C(CCCC45CCCC5)CC32)CC1
C1CCC(CC2CCC3CCC(C4CCCC4)CC32)C1
C1CCC2C(C1)CCC1C3CCCC3CCC21
C1CCC(CCCCCC2CC3CCCCC3C2)CC1
C1CCC(CCC2CCC3C(CCC4C5CCCC5CCC(CCC5CCCCC5)C34)C2)CC1
C1CCC(CCC2CCC(CCC3CCCC(CC4CCCC4)C3)CC2)CC1
C1CCC(C2CCC3CC4C(CCCC45CCCC5)CC32)CC1
C1CCC2C(C1)CCC1C3CCCC3CCCC21
C1CCC2CC(CCCC3CCC4C3CCC3C5CCCCC5CCC43)CC2C1
C1CCC(CCCCC2CCC3CCCCC23)CC1
C1CCC2CCC3C4CCCC4CCC3C2CC1
C1CCC(CCC2CCC3C(CCC3C3CCCC(CC4CCCCC4)C3)C2)CC1
C1CCC(CCC2(CCCCC3CC4CCCCC4C3)CCC3C4CCC5CCCCC5C4CCC32)C1
C1CCC(CCCCCC2CCCC3C(C4CCCCC4)CCC23)CC1
C(CCC1CCCC2CCCC12)CC1CC2CCCCC2C1
C1CCC2CC(C3CCCC4CCCC43)CCC2C1
C1CCC(CCC2CCC3C(CCC3C3CCCCC3)C2)CC1
C1CCC(C2CCC3CCCC3C3CCC4CCCCC4C23)CC1
C1CCC(CCCCCC2CCC3CCCCC3C2)CC1
C1CCC(C2CCCC3C(CCC4CCCCC43)C2)CC1
C1CCC(CCC2CCC(C3CCC4C(CCC4C4CCCCC4)C3)CC2)CC1
C1CCC(CC2CC3CCCCC3C3CCC4CCCCC4C23)CC1
C1CCC(CC2CC3CCCCC3C2C2CCCCC2)CC1
C1CCC(C2CCC3CC4C(CCC5C6CCC(CCCCC7CCC8CCCCC8C7)C6CCC45)CC32)CC1
C(CCCC1CCCC2C(C3CCCCC3)CCC12)CCC1CCCCC1
C1CCC(CCCCCC2CC3CCCCC3C2)CC1
C1CCC(CCCCC2CC3CCCCC3C2)CC1
C1CCC(CC2CC3CCCCC3C3CCC4CCCCC4C23)C1
C(CCCCC1CCC(C2CCCCC2)C1)CCCC1CCCCC1
C1CCC(CCCCC2CCC3CCC(C4CCCC5CCCC54)CC3C2)CC1
C1CCC(C2CCCC3C(CCC4CCCCC43)C2)CC1
C1CCC(CCC2CCC3C(CCC3C3CCCCC3)C2)CC1
C1CCC2CC(CCCC3CCCC4C3CCC3C5CCCCC5CCC43)CC2C1
C(CCC1CCC(C2CCCC2)C1)CCC1CCCC2CCCCC12
C1CCC(CCCCC2CC3CCCCC3C2)CC1
C1CCC(CCCCCC2CC3CCCCC3C2)CC1
C(CCCCC1CCC(C2CCCCC2)C1)CCCC1CCCCC1
C1CCC(CCCCC2CC3CCCCC3C2)CC1
C1CCC2CCC(C3CCCC4CCCC43)CC2CC1
C1CCC(CCCCCC2CC3CCCCC3C2)CC1
C1CCC2CC(CCCC3CCCC4CCCCC43)CC2C1
C1CCC2CCC3C4CCCC4CCC3C2CC1
C1CCC(CC2CCC(CC(CC3CCCCC3)C3CCCCC3)CC2)CC1
C1CCC(CCCCCC2CCC3CCCC3C2)CC1
C1CCC2CCC3C4CCCC4CC(C4CCC(C5CCCC5)CC4)C3C2CC1
C1CCC(C2CCC3CC4C(CCC45CCCCC5)CC32)CC1
C1CCC(CC2CCC3CC4C(CCC45CCCC5)CC23)CC1
C1CCC(CC2CCC3CC4C(CCC45CCCC5)CC23)CC1
C1CCC(CC2CCC3C(CCC3C3CCCCC3)C2)CC1
C(CCC1CCCC2CCCC12)CC1CC2CCCCC2C1
C1CCC(CC(CC2CCCCC2)C2CCCCC2)CC1
C1CCC(CC2CCC(CCCCCC3CCCC4CCCCC34)C2)CC1
C1CCC(C2CCC3C(CCCC4CCCCC43)C2)CC1
C(CCCC1CCCCC1)CCC1CCCCC1
C1CCC(CC2CCC3CCC(C4CCCC4)CC32)C1
C1CCC2C(C1)CCC1C3CCCCC3CCC21
C1CCC(CCCC2CCC3C(CCC4CCCCC43)C2)CC1
C(CCCC1CCCC2C(C3CCCCC3)CCC12)CCC1CCCCC1
C1CCC(CCCC2CCC(CCC3CCCC(CC4CCCC4)C3)CC2)CC1
C1CCC(C2CCC3C(CCC34CCCC4)C3CCC4CCCCC4C23)CC1
C1CCC(CC2CCC3CCCCC3C3CCC4CCCCC4C23)CC1
C1CCC(CCC2CCC(CCC3CCCC(CC4CCCCC4)C3)CC2)CC1
C1CCC2CC(C3CCCC3)C3CCCC3C2CC1
C1CCC(C2CCC3CC4C(CCC45CCCCCC5)CC32)CC1
C1CCC(CC2CCC3C(CC4CCCCC4)CCC3C2)CC1
C1CCC(CCC2CC3CCCCC3C2C2CCCCC2)CC1
C1CCC(C2CCC3CC(C4CCC(CCC5CCCC5)CC4)CCC32)CC1
C1CCC(CCCCCC2CC3CCCCC3C2)CC1
C(CCCC1CCCC2CCCC12)CCC1CCC2CCCCC2C1
C1CCC(CC2CC3CCCCC3C3CCC4CCCCC4C3C2)CC1
C1CCC(CCCCCC2CCC3CCCC3C2)CC1
C1CCC(CC2CC3CCCCC3CC3CCC4CCCCC4C32)CC1
C1CCC(CCC2CCC(C3CC3)CC2)CC1
C1CCCC(CCC2CCC(CCC3CCCCC3)CC2)CC1
C1CCC(CCCCCC2CCCC3C(C4CCCCC4)CCC23)CC1
C1CCC(CCC2CCC3C(CCC3C3CCCCC3)C2)CC1
C(CCC1CCCC2CCCCC12)CC1CC2CCCCC2C1
C1CCC(C2CCC3CC4C(CCC32)CCC42CCCCC2)CC1
C1CCC(CCC2CCC(CCC3CCCCC3)CC2)CC1
C1CCC(CCCCC2CCC3CCCCC23)CC1
C1CCC(C2CCC3C(CCC4CCCCC43)C2)CC1
C1CCC(CC2CCC3C(CCCCCC4CCC(C5CCCC5)C4)CCCC23)CC1
C1CCC(C2CCC3C(CCC4CCCCC43)C2)CC1
C(CCC1CCCC2CCCCC2C1)CCC1CCC(C2CCCCC2)C1
C1CCC(CCC2CCCCC3CC4C(CCC4C4CCCCC4)CC23)CC1
C(CCC1CCC2C1CCC1C3CCCCC3CCC21)CC1CCCC2CCCCC12
C1CCC(CCCCCC2CCC3CCCCC23)CC1
C1CCC(C2CCC3CC4(CCCCCC4C4CCCCC4)CCC32)CC1
C1CCC2CC(CCCC3CCC4CC5CCC6CCCCC6C5CCC34)CC2C1
C(CCCC1CCCC2C(C3CCCCC3)CCC12)CCC1CCCCC1
C1CCC2CCC3C4CCCCC4CC(CC4CCCC(C5CCCC5)C4)C3C2CC1
C1CCC(CCC(CCC2CCC3CCCC3C2)CC2CCCCC2)CC1
C1CCC(C2CCC3CC4(CCCCC4C4CCCCC4)CCC32)CC1
C1CCC(CC2CCC(CC(CC3CCCCC3)C3CCCCC3)CC2)CC1
C(CCCC1CCCC2C(C3CCCCC3)CCC12)CCC1CCC(C2CCCC2)C1
C1CCC(CCCC2CCC3C2CCC(C2CCCCC2)C2C4CCCCC4CCC32)CC1
C1CCC(C2CCC(CCCCCC3(C4CCCC4)CCCCC4CCCCC43)C2)CC1
C(CCCCC1CCC(C2CCCCC2)C1)CCCC1CCCCC1
C1CCC2C(C1)CCC1C3CCCC3CCC21
C1CCC(CCC(CC2CC3CCCCC3C2)C2CCC2)CC1
C1CCC2C(C1)CCC1C3CCCC3CCC21
C(CCCC1CCCCC1)CCCC1CCC(C2CCCCC2)C1
C1CCC(CCCCC2CC3CCCCC3C2)CC1
C(CCC1CCCC2CCCCC12)CC1CC2CCCCC2C1
C(CCC1CCCC2CCCCC12)CC1CCC2CCCCC2C1
C1CCC(CCCCCC2CC3CCCCC3C2)CC1
C1CCC(CCCCCC2CC3CCCCC3C2)CC1
C1CCC(CCC2CC3CCCCC3C3CCC4CCCCC4C23)CC1
C1CCC(CCCCCC2CCCC3C(C4CCCCC4)CCC23)CC1
C1CCC2CCC(C3CCCC4CCCC43)CC2CC1
C1CCC(CCCCCC2CC3CCCCC3C2)CC1
C1CCC(CCC2CCCC2CC2CC3CCCCC3C3CCC4CCCCC4C23)CC1
C1CCC(C2CCC3CC4C(CCCC5C6CCC(CCCC7CCC8CCCCC8C7)C6CCC45)CC32)CC1
C(CCC1CCCC2CCCCC12)CC1CCC2CCCCC2C1
C(CCCCC1CCC2C(CCC3C4CCCC4CCCC23)C1)CCCC1CCCC(CC(CC2CCC(CC3CCCCC3)CC2)C2CCCCC2)C1
C(CCCC1CCCC2C(C3CCCCC3)CCC12)CCC1CCC(C2CCCC2)C1
C1CCC(CCCC2CCCC(C3CCC4CC(CCC5CCC6CCCCCC6C5)CCC43)C2)CC1
C1CCC(CC2CCC3CC4C(CCC5C6CCC(CCCC7CC8CCCCC8C7)C6CCC45)CC23)CC1
C1CCC(CCCCC2CCC3C2CCC2C4CCCCC4CCC32)C1
C1CCC(C2CCC(CCCCC3CCC4C3CCC3C5CCCCC5CCC43)C2)CC1
C1CCC(CC2CC3CCCCC3CC3CCC4CCCCC4C32)C1
C1CCC2CCC3C4CCC(CCCC5CC6CCCCC6C5)C4CCC3C2CC1
C1CCC2C(C1)CCC1C3CCCC3CCCC21
C(CCC1CCCC2CCCCC12)CCC1CCCC2CCCCC12
C1CCC2CCC(C3CCCC4CCCC43)CC2CC1
C(CCC1CCCC2CCCC12)CC1CCCC2CCCCC12
C1CCC(CCC2CCC3C(CCC4C5CCCCC5CCC34)C2)CC1
C1CCC(CC2CC3CCCCC3C3CCC4CCCCC4C3C2)CC1
C1CCC2CCC3C4CCC(CCCC5CC6CCCCC6C5)C4CCC3C2CC1
C1CCC2C(C1)CCC1C2CCC2C3CCCC3CC21
C1CCC(CCCCC2CC3CCCCC3C2)CC1
C1CCC2CCC3C4CCC(CCCC5CC6CCCCC6C5)C4CCC3C2CC1
C1CCC(CCCCCC2CC3CCCCC3C2)CC1
C1CCC(CC2CC3CCCCC3C3CCC4CCCCC4C23)CC1
C1CCC2CC(CCCC3CCC4C3CCC3C5CCCCC5CCC43)CCC2C1
C(CCC1CCC2CCCCC2C1)CCC1(C2CCCC2)CCCC2CCCCC21
C(CCC1CCCC2CCCC12)CC1CC2CCCCC2C1
C1CCC(CCC2CCCCC2CC2CC3CCCCC3C3CCC4CCCCC4C23)CC1
C1CCC(C2CCC3CC4C(CCC5C6CCC(CCCCC7CCC8CCCCC8C7)C6CCC45)CC32)CC1
C1CCC(CCCCC2CCCC3CCCC23)CC1
C1CCC2C(C1)CCCC1C3CCCC3CCC21
C1CCC2CC(C3CCCC4CCCC43)C3CCCC3C2CC1
C1CCC(CC2CC3CCCCC3C3CCC4CCCCC4C23)C1
C(CCC1CC2CCCCC2C1)CCC1CCCC2CCCC12
C1CCC(CCC2CCC3C(CCC3C3CCCC3)C2)CC1
C1CCC(CCCCC2CCC3CCCCC23)CC1
C1CCC(C2CC3C(CCC34CCCC4)C3CCC4CCCCC4CC23)CC1
C1CCC(C2CCC(CCCCCC3CCCCC4CCCCC34)C2)CC1
C1CCC(CCC2CCC(CCC3CCCCC3)CC2)CC1
C1CCC(C2CCC3CC4C(CCC45CCCCC5)CC32)CC1
C1CCC(CC2CCC(CC(CC3CCCCC3)C3CCCCC3)CC2)CC1
C(CCCC1CCCC2CCCC12)CCC1CCC2CCCCC2C1
C1CCC(C2CCC3CC4C(CCCC45CCCCC5)CC32)CC1
C1CCC2C(C1)CCC1C3CCCC3CCC21
C1CCC2CCC3C4CCC(CCCC5CC6CCCCC6C5)C4CCC3C2CC1
C1CCC2CCC(C3CCC4CCCCC43)CC2CC1
C(CCCC1CCCC2C(C3CCCCC3)CCC12)CCC1CCCCC1
C1CCC(CCC2CCC3C(CCC3C3CCCCC3)C2)CC1
C(CCCC1CCCCC1)CCCC1CCC(CC2CCCCC2)C1
C1CCC(CC2CCC3CC4C(CCC5C6CCC(CCCC7CCC8CCCCC8C7)C6CCC45)CC23)CC1
C1CCC(CCC2CCC3C(CC4CCCCC4)CCC3C2)CC1
C(CCCC1CCCC2C(C3CCCCC3)CCC12)CCC1CCCCC1
C1CCC(CCCCC2CCC3C2CCC2C4CCCCC4CCC32)CC1
C1CCC2CC(C3CCCC4CCCC43)CCC2C1
C1CCC(CCCCCC2CCC3CCCCC23)CC1
C1CCC2CC(C3CCCC4CCCC43)CCC2C1
C1CCC(CCC2CCC(C3CC3)CC2)CC1
C1CCC(CCCCC2CC3CCCCC3C2)CC1
C1CCC2C(C1)CCC1C3CCCCC3CCC21
C1CCC(C2CC3CCCC3C3CCC4CCCCC4CC23)CC1
C(CCC1CCCC2CCCCC12)CC1CCC2CCCCC2C1
C1CCC(CCC2(CCCC3CCC4CCCCC4C3)CCC3C4CCC5CCCCC5C4CCCC32)C1
C(CCCC1CCCC2C(C3CCCCC3)CCC12)CCC1CCCCC1
C1CCC2C(C1)CCC1CCCCC12
C1CCC(C2CC3CCCC(C3)C3CCC4CCCCC4C32)CC1
C(CCCC1CCC2CCCC2C1)CCCC1CCC(C2CCCCC2)C1
C1CCC2C(C1)CC(C1CCCC3CCCCC31)C1CCCC21
C1CCC(CCCCCC2CC3CCCCC3C2)CC1
C1CCC(CC2CC3CCCCC3C3CCC4CCCCC4C3C2)C1
C1CCC2CCC3C(CCC4C3CCC4(CCCC3CC4CCCCC4C3)CCC3CCCC3)C2CC1
C1CCC(CCCC2CC3CCCCC3C2CC2CCCCC2)CC1
C1CCC(CCCCC2CCC3CCCCC23)CC1
C1CCC(CC2CC3CCCCC3C3CCC4CCCCCC4C23)CC1
C1CCC(CC2CC3CCCCC3C3CCC4CCCCCC4C23)CC1
C1CCC(CCCCC2CCC3CCCCC3C2)C2CCCCC2CC1
C1CCC(C2CCC3CCCC4(CCCCC4)C3C2)CC1
C1CCC(CCCC2CCC3CCC(C4CCCC5CCCC54)CC3C2)CC1
C(CCCC1CCCC2C(C3CCCCC3)CCC12)CCC1CCCCC1
C1CCC(CCC2CCC3C(CCC3C3CCCCC3)C2)CC1
C1CCC(CC2CC3CCCCC3CC3CCC4CCCCC4C32)C1
C(CCC1(C2CCCC2)CCCC2CCCCC21)CC1CCC2CCCCC2C1
C1CCC(CC2CCC(C3CC4CCCC4C4CCC5CCCCC5C34)CC2)C1
C(CCCC1CCCC2C(C3CCCCC3)CCC12)CCC1CCCCC1
C1CCC(CCC2CCC3C(CCC3C3CCCCC3)C2)CC1
C1CCC(CCCCC2CC3CCCCC3C2)CC1
C1CCC2C(C1)CCC1CCCCC12
C1CCC2CC(C3CCCC4CCCC43)CCC2C1
C1CCC2CCC(C3CCCC4CCCC43)CC2CC1
C1CCC(C2CCC3CC4C(CCC45CCCCCC5)CC32)CC1
C1CCC(CCC2CCC(C3CCCC4C(C5CCCCC5)CCC34)C2)CC1
C1CCC(C2CC3CCCC3C3CCC4CCCCC4C23)CC1
C(CCC1CC2CCCCC2C1)CCC1CCCC2CCCC12
C1CCC(C2CCC3CC4CCCCC4CC32)CC1
C1CCC(CCCCC2CCC3CCCCC23)CC1
C(CCC1CC2CCCCC2C1)CCC1CCCC2CCCC12
C1CCC2C(C1)CC(C1CCCC1)C1CCCC21
C(CCCC1CCCC2C(C3CCCCC3)CCC12)CCC1CCCCC1
C1CCC(CCCCCC2CCCC3C2CCC3C2CCC(CC3CC3)CC2)CC1
C1CCC(CC(CC2CCCCC2)C2CCCCC2)CC1
C1CCC2C(C1)CCCC1CCCCC12
C1CCC(C2CCC3CC4CCCCC4CCC3C2)CC1
C(CCCC1CCCC2C(C3CCCCC3)CCC12)CCC1CCC(C2CCCC2)C1
C1CCC2CC(CCCC3CCC4C3CCC3C5CCCCC5CCC43)CCC2C1
C(CCCC1CCCC2C(C3CCCCC3)CCC12)CCC1CCCCC1
C1CCC(CCCCC2C3CCCCCC3CCC2C2CCCC3CCCC32)CC1
C1CCC(C2CC3CCCCC3C3CCCCC3C2)CC1
C1CCC(CCCC2CCC3C(CCC3C3CCCC3)C2)CC1
C1CCC(CCC2CCC3C(CC4CCCCC4)CCC3C2)CC1
C1CCC2CCC3C4CCC(CCCC5CCC6CCCCC6C5)C4CCC3C2CC1
C1CCC(CCCCCC2CC3CCCCC3C2)CC1
C1CCC(CCCCC2CC3CCCCC3C2)CC1
C1CCC2CC(C3CCCC4CCCC43)CCC2C1
C1CC2CCCC2C(CC2CC3CCCCC3C3CCCC23)C1
C1CCC2CCC3C4CCC(CCCC5CCC6CCCCC6C5)C4CCC3C2CC1
C(CCCC1CCC2C(CCC2C2CCCCC2)C1)CCC1CCCCC1
C1CCC(CCCCC2CCC3CCCCC23)CC1
C1CCC2CCC3C4CCC(CCCC5CC6CCCCC6C5)C4CCC3C2CC1
C1CCC(CCC2CCC(CCC3CCCC(CC4CCCC4)C3)CC2)CC1
C1CCC2C(C1)CCC1C3CCCCC3CCC21
C1CCC(CCCC(CC2CCC3C(CCC3C3CCCCC3)C2)C2CCCCC2)CC1
C1CCC(CCCC(CCC2CCC3CCCC3C2)CC2CCCCC2)CC1
C1CCC(CC2CCC(C3CC4CCCC4C4CCC5CCCCC5C34)CC2)C1
C1CCC(CCCCC2CC3CCCCC3C2)CC1
C1CCC(C2CCC3CC4C(CCCC45CCCC5)CC32)CC1
C1CCC(CC2CC3CCCCC3C3CCC4CCCCCC4C23)CC1
C(CCC1CCC2C1CCC1C3CCCCC3CCC21)CC1CCCC2CCCCC12
C1CCC2C(C1)CCC1CC3CC4CCCC4C3CCC12
C1CCC2C(C1)CCC1C3CCCCC3CCC21
C1CCC(CC(CC2CCCCC2)C2CCCCC2)CC1
C1CCC2CCC(C3CCCC4CCCC43)CC2CC1
C1CCC(CCCCC2CC3CCCCC3C2)CC1
C1CCC(CCCC(CCC2CCC3CCCC3C2)CC2CCCCC2)CC1
C1CCC(CCC2CCC3C(CCC3C3CCCCC3)C2)CC1
C1CCC(CCC2(CCCC3CC4CCCCC4C3)CCC3C4CCC5CCCCC5C4CCC32)C1
C1CCC2CC(CCCC3CCC4CC5CCC6CCCCC6C5CCC34)CC2C1
C1CCC2C(C1)CCCC1C2CCC2C3CCCC3CC21
C1CCC(C2CCC3C(CCCC4CCCCC43)C2)CC1
C1CCC2CC(C3CCCC4CCCC43)CCC2C1
C1CCC(CCCC2CCCCC3CCC(C4CCCC5CCCC54)CC23)CC1
C1CCC(CCCCC2CCC3CCCCC23)CC1
C1CCC(CC2CC3CCCCC3C3CCC4CCCCCC4C23)CC1
C1CCC(CCCC2CCC3CCC(C4CCCC5CCCC54)CC3CC2)CC1
C1CCC(CCCC2CCC3CCC(CC4CCCC5CCCC54)CC3C2)CC1
C1CCC2CC(CC3CCCC4CCCC43)CCC2C1
C1CCC2C(C1)CCC1C2CCC2C3CCCC3CC21
C1CCC(CC2CCCCC23CCC2C(CCC2C2CCCCC2)C3)CC1
C1CCC(C2CCC3CC4C(CCCC45CCCC5)CC32)CC1
C1CCC(CC2CC3CCCCC3CC3CCC4CCCCC4C32)C1
C1CCC(CCCCCC2CCCCC2)CC1
C1CCC(CCC2CCC3C(CCC3C3CCCC3)C2)CC1
C1CCC(CCCCCC2CC3CCCCC3C2)CC1
C1CCC(CCC2CCC3C(CCC3C3CCCCC3)C2)CC1
C1CCC(CC2CCCC(CC3CC4CCCCC4C4CCC5CCCCC5C34)C2)CC1
C(CCCC1CCCC2CCCCC12)CCC1CCC(C2CCCCC2)C1
C1CCC(C2CC3CCCC3C3CCC4CCCCC4C23)CC1
C(CCC1CCCC2CCCCC12)CC1CCC2CCCCC2C1
C1CCC(C2CCC3C(CCCCCC4CCC(CC5CCCC5)C4)CCCC23)CC1
C1CCC2CC(CCCC3CCCC4CCCCC43)CC2C1
C1CC2CCCC3C(CCC4CCC5CC5C43)C2C1
C(CCC1CCC2C1CCC1C3CCCCC3CCC21)CC1CCCC2CCCCC12
C(CCC1CCC2CCCCC2C1)CCC1(C2CCCC2)CCCC2CCCCC21
C1CCC(CC2CC3CCCCC3C3CCC4CCCCC4C23)CC1
C1CCC(CCC2CCC3C(CCC3C3CCCCC3)C2)CC1
C1CCC2C(C1)CCC1C3CCCC3CCC21
C(CCCCC1CCC(C2CCCCC2)C1)CCCC1CCC2CCCC2C1
C1CCC(CCC2CCC3C(CCC3C3CCCCC3)C2)CC1
C1CCC(CC2CCC(CC(CC3CCCCC3)C3CCCCC3)CC2)CC1
C1CCC(CCCCC2CC3CCCCC3C2)CC1
C1CCCC(CC2CCCC2CC2CC3CCCCC3C3CCC4CCCCC4C23)CC1
C1CCC(CC2CCC3CC4C(CCC5C6CCC(CCCC7CCC8CCCCC8C7)C6CCC45)CC23)CC1
C1CCC2CCC3C4CCC(CCCC5CCC6CCCCC6C5)C4CCC3C2CC1
C1CCC(CCC2(CCCC3CC4CCCCC4C3)CCC3C4CCC5CCCCC5C4CCC32)C1
C1CCC(CC2CC3CCCC3C3CCC4CCCCC4C23)CC1
C1CCC(CCCCCC2CCCC3C(C4CCCCC4)CCC23)CC1
C1CCC(CCC2CCC3C(CCC3C3CCCCC3)C2)CC1
C1CCC2C(C1)CCC1C3CCCC3CCC21
C1CCC(CCC2CCC3C(CCC3C3CCCCC3)C2)CC1
C1CCC2C(C1)CC(C1CCCC1)C1CCCCC21
C1CCC2CC(CC3CCCC4CCCC43)CCC2C1
C(CCCC1CCCC2C1CCC2C1CCCC(CC2CCCC2)C1)CCC1CCCCC1
C1CCC2C(C1)CCCC2CCCC1CCCC2CCCCC21
C1CCC(CCCCCC2CCC3CCCCC23)CC1
C(CCC1CCCC2CCCCC12)CC1CCC2CCCCC2C1
C1CCC2CC(C3CCCC4CCCC43)CCC2C1
C1CCC(CC2CC3CCCCC3C3CCC4CCCCCC4C23)CC1
C1CCC2CC(CCCC3CCC4C3CCC3C5CCCCC5CCCC43)CC2C1
C1CCC2C(C1)CCCC1C3CCCC3CCC21
C1CCC(CCCC2CCC3CCCC3C2)CC1
C1CCC(CCC2CCC3C(CCC3C3CCCCC3)C2)CC1
C1CCC(CCCC(CCC2CCC3CCCC3C2)CC2CCCCC2)CC1
C1CCC(CCC2CCC(C3CC3)CC2)CC1
C1CCC(CC2CCC3C(CCC3C3CCCCC3)C2)CC1
C1CCC(CC2CCC3C(CCC3C3CCCCC3)C2)CC1
C1CCC(CC(CC2CCCCC2)C2CCCCC2)CC1
C1CCC(CCCCC2CCC3CCCCC23)CC1
C1CCC(CCCCC2CCC3CCC(C4CCCC5CCCC54)CC3C2)CC1
C1CCC(C2CC3CCCC3C3CCC4CCCCC4C23)CC1
C1CCC(CC2CCC(CC(CC3CCCCC3)C3CCCCC3)CC2)CC1
C1CCC(CC2CC3CCCCC3C3CCC4CCCCC4C23)CC1
C1CCC(CCC2CCC3C2CCC2C4CCCCC4CCC32)C1
C1CCC(C2CC3CCCC3C3CCC4CCCCC4C23)CC1
C1CCC(C2CCC3CC4C(CCC5C6CCC(CCCCC7CC8CCCCC8C7)C6CCC45)CC32)CC1
C(CCC1CCC2CCCCC2C1)CCC1CCCC2CCCCC12
C1CCC(CCCCCC2CCC3CCCCC23)CC1
C1CCC(C2CCC3CC4C(CCCC5CCC5)CCCC4CC32)CC1
C1CCC(C2CCC3CC4C(CCC45CCCCCC5)CC32)CC1
C1CCC(C2CC3CCCC3C3CCCC4CCCCC4C23)CC1
C1CCC(C2CCC3CC4CCCCC4CCC32)CC1
C1CCC2C(C1)CCC1C3CCCC3CCC21
C1CCC(CCCCCC2CCCC3C(CC4CCCCC4)CCC23)CC1
C(CCCCC1CCC2C(CCC3C4CCCCC4CCC23)C1)CCCC1CCCC(CC(CC2CCC(CC3CCCCC3)CC2)C2CCCCC2)C1
C(CCCC1CCCC2C(C3CCCCC3)CCC12)CCC1CCCCC1
C1CCC(C2CC3CCCC3C3CCC4CCCCCC4C23)CC1
C1CCC(CCC(CCC2CCC3CCCC3C2)CC2CCCCC2)CC1
C1CCC2CC(C3CCCC4CCCC43)C3CCCC3C2CC1
C(CCCC1CCCC2C(C3CCCCC3)CCC12)CCC1CCCCC1
C1CCC(C2CCC3CC4C(CCC45CCCCCC5)CC32)CC1
C1CCC(CCC2CCC(C3CCC4C(CCC4C4CCCCC4)C3)CC2)CC1
C1CCC(C2CCC(CCCC3CCC4C3CCC3C5CCCCCC5CCC43)C2)CC1
C1CCC(C2CCCC3(CCC4CC5C(CCC5C5CCCCC5)CC43)C2)CC1
C1CCC2CCC(C3CCCC4CCCC43)CC2CC1
C1CCC2C(C1)CCC1C3CCCC3CCC21
C1CCC2C(C1)CCC1C3CCCCC3CCC21
C1CCC2C(C1)CCC1C3CCCC3CCCC21
C1CCC(CC2CCC3CC4C(CCC45CCCC5)CC23)CC1
C1CCC2C(C1)CCC1C3CCCC3CCC21
C1CCC2C(C1)CCC1CCCCC12
C1CCC2CCC3CCCCC3C2CC1
C1CCC(CCCCC2CC3CCCCC3C2)CC1
C1CCC(CCC2(CCCC3CC4CCCCC4C3)CCC3C4CCC5CCCCC5C4CCCC32)C1
C1CCC(CCC(CC2CC3CCCCC3C2)C2CCCCC2)CC1
C1CCC(CCC2CCC(C3CCC4C(CCC4C4CCCCC4)C3)CC2)CC1
C1CCC(C2CCC3CC4C(CCC5CCC6CCCCC65)CCCC4CC32)CC1
C1CCC(CCC2(CCCC3CC4CCCCC4C3)CCC3C4CCCC5CCCCC5C4CCC32)C1
C1CCC(CC2CCC(CC(CC3CCCCC3)C3CCCCC3)CC2)CC1
C1CCC(C2CC3CCCC3C3CCCC4CCCCC4C23)CC1
C1CCC(CCCCC2CCCC3CCCC23)CC1
C(CCC1CCCC2CCCC12)CC1CC2CCCCC2C1
C1CCC(CCC2CCC3C(CCC4C5CCCC5CC(CCC5CCCCC5)C34)C2)CC1
C1CCC(CCC2CCC3C(CCCC4CC(C5CCCCC5)CCC43)C2)CC1
C1CCC2CCC(C3CCCC3)CC2CC1
C1CCC(CCCCCC2CCCC3C(C4CCCCC4)CCC23)CC1
C1CCC(CCC2CCCC3CC4C(CCC23)CCC4C2CCCCC2)CC1
C1CCC(C2CCC3CC4C(CC5CC6CCCCC6C5)CCCCC4CC32)CC1
C1CCC2C(C1)CCC1CCCCC12
C1CCC(C2CCC3CC4C(CCCC45CCCC5)CCC32)CC1
C1CCC(CCC2CCC(CC3CC3)CC2)CC1
C1CCC(CCC2CCCC3CC4C(CCC4C4CCCCC4)CC23)CC1
C1CCC(CCCCC2CC3CCCCC3C2)CC1
C1CCC(C2CCC(C3CC4CCCC4C4CCC5CCCCC5C34)CC2)C1
C1CCC(C2CCCC3C(CCC4CCCCC43)C2)CC1
C1CCC(C2CCC3CC4C(CCCC45CCCCC5)CC32)CC1
C1CCC(C2CCC3CC4C(CCC45CCCCCC5)CC32)CC1
C(CCC1CCC2C1CCC1C3CCCCC3CCC21)CC1CCC2CCCCC2C1
C1CCC(CC(CC2CCCCC2)C2CCCCC2)CC1
C1CCC2CCC3C4CCC(CCCC5CCCC6CCCCC65)C4CCC3C2CC1
C1CCC(CCCC2CCCC3CCC(C4CCCC5CCCC54)CC23)CC1
C1CCC2CCC(C3CCCC4CCCC43)CC2CC1
C(CCC1(C2CCCC2)CCCCC2CCCCC21)CC1CCC2CCCCC2C1
C1CCC(CCCCCC2CCCC3C(C4CCCCC4)CCC23)CC1
C1CCC(C2CC3CCCC3C3CCC4CCCCC4C23)CC1
C1CCC2CC3CCC(C4CCCCC4)C3CC2CC1
C1CCC(C2CC3CCCC3C3CCC4CCCCCC4C23)CC1
C1CCC(C2CC3CCCC3C3CCC4CCCCCC4C23)CC1
C1CCC(CCCCC2CCC3CCCCC23)CC1
C1CCC(CC2CC3CCCCC3C3CCC4CCCCCC4C23)CC1
C1CCC(C2CC3CCCCC3C3CCCCC23)CC1
C(CCC1CCCC2CCCC12)CC1CC2CCCCC2C1
C(CC1CC2CCCCC2C1)CC1CCC2C(CCC3C4CCCCC4CCC23)C1
C1CCC2CCC3C(CCC4C3CCC4(CCCC3CC4CCCCC4C3)CCC3CCCC3)C2CC1
C(CCC1CC2CCCCC2C1)CCC1CCCC2CCCC12
C1CCC(C2CCC3CC4C(CCCC45CCCC5)CC32)CC1
C1CCC(C2CC3CCCC3C3CCC4CCCCC4C23)CC1
C1CCC2CC(C3CCCC4CCCC43)CCC2C1
C1CCC2CC3CCC4CCCC4C3CCC2C1
C1CCC(CCCC2CCC3C4CCC5CC6C(CCC6C6CCCCC6)CC5C(CCC23)C4)CC1
C1CCC(C2CCC3CC4C(CCC32)CCC42CCCCC2)CC1
C1CCC(C2CC3CCCCC3C3CCC4CCCCC4C23)CC1
C1CCC(C2CC3CCCC3C3CCC4CCCCCC4C23)CC1
C1CCC(CCC2CCCC3CC4C(CCC4C4CCCCC4)CC23)CC1
C1CCC2C(C1)CCCC1C3CCCC3CCC21
C1CCC(CCCCC2CCC3CCCCC23)CC1
C1CCC(CCCCC2(CCC3CCCC3)CCC3C4CCC5CCCCC5C4CCC32)C1
C1CCC2C(C1)CCC1C3CCCC3CCCC21
C1CCC2CC(CCCC3CCC4C3CCC3C5CCCCC5CCC43)CC2C1
C(CCC1CCC2C1CCC1C3CCCCC3CCC21)CC1CC2CCCCC2C1
C1CCC(CC2CC3CCCCC3C3CCC4CCCCC4C3C2)CC1
C1CCC(CCCCC2CCC3CCCCC23)CC1
C1CCC(C2CCC3CCC4(CCCCC4C4CCCCC4)CCC32)CC1
C1CCC(C2CC3CCCC3C3CCC4CCCCCC4C23)CC1
C1CCC(CCCCCC2CCC3CCCCC23)CC1
C(CCCC1CCCC2CCCC12)CCC1CCC2CCCCC2C1
C1CCC(CCCCC2CC3CCCCC3C2)CC1
C(CCCC1CCCC2C(C3CCCCC3)CCC12)CCC1CCCCC1
C1CCC2CCC(C3CCCC4CCCC43)CC2CC1
C1CCC(C2CCC3CC4C(CCCC45CCCC5)CC32)CC1
C1CCC2C(C1)CCC1CCCCC12
C1CCC2CCC3C4CCCCC4CC(CC4CCCC4)C3C2CC1
C1CCC2CC(CCCC3CCC4C3CCC3C5CCCCC5CCCC43)CC2C1
C1CCC(CC2CC3CCCCC3C3CCC4CCCCCC4C23)CC1
C1CCC(CCCCCC2CCCC3C(CC4CCCCC4)CCC23)CC1
C(CCC1CCC2C1CCC1C3CCCCC3CCC21)CC1CC2CCCCC2C1
C1CCC(CCCC2CCC3CCC(C4CCCC5CCCC54)CC3C2)CC1
C(CCC1CCCC2CCCC12)CC1CC2CCCCC2C1
C1CCC(C2CCC3CC4C(CCC45CCCC5)CC32)CC1
C1CCC2CCC(C3CCCC4CCCC43)CC2CC1
C1CC(C2CCC(C3CC4CCCC4C4CCC5CCCCC5C4C3)CC2)C1
C1CCC2CCC3C4CCCC4CCC3C2CC1
C(CCCCC1CCC(C2CCCCC2)C1)CCCC1CCCCC1
C1CCC2C(C1)CCC1C3CCCCC3CCCC21
C1CCC(CCCCC2CCC3CCCCC23)CC1
C1CCC(CCCCC2CCC3C2CCC2C4CCCCC4CCC32)CC1
C1CCC(CC2CC3CCCCC3C3CCC4CCCCC4C23)CC1
C1CCC2CCC(C3CCCC4CCCC43)CC2CC1
C1CCC(CCCCC2CC3CCCCC3C2)CC1
C1CCC2C(C1)CCC1C3CCCC3CCC21
C1CCC2CCC(C3CCCC4CCCC43)CC2CC1
C1CCC2CC(CCCC3CCC4C3CCC3C5CCCCC5CCC43)CC2C1
C1CCC(C2CC3CCCC3C3CCC4CCCCC4C23)CC1
C1CCC(CCCCCC2CCCC3C(C4CCCCC4)CCC23)CC1
C1CCC(CCCCCC2CCC3CCCCC23)CC1
C1CCC(C2CCC3CC4C(CCC45CCCC5)CC32)CC1
C1CCC(CCCC2CCC(CCC3CCCCC3)CC2)CC1
C1CCC(C2CC3CCCC3C3CCC4CCCCC4C23)CC1
C1CCC2CCC(C3CCCC4CCCC43)CC2CC1
C(CCCC1CCCC2C(C3CCCCC3)CCC12)CCC1CCCCC1
C1CCC(CCCCCC2CCCC3C(C4CCCCC4)CCC23)CC1
C1CCC(C2CC3CCCC3C3CCC4CCCCC4C23)CC1
C1CCC2CCC(C3CCCC4CCCC43)CC2CC1
C1CCC(CCC(CCC2CCC3CCCCC3C2)CC2CCCCC2)CC1
C1CCC2CC(C3CCCC4CCCC43)CCC2C1
C1CCC2CCC3C4CCCCC4CC(CC4CCCC(C5CCCC5)C4)C3C2CC1
C1CCC(CCC2CCC(CCC3CCCC(CC4CCCC4)C3)CC2)CC1
C1CCC(C2CC3CCCC3C3CCC4CCCCC4C23)CC1
C(CCCC1CCC2CCCC2C1)CCCC1CCC(C2CCCCC2)C1
C1CCC(C2CCC3CC4C(CCC5C6CCC(CCCC7CC8CCCCC8C7)C6CCC45)CC32)CC1
C1CCC(CCCC2CCC3C(CCC3C3CCCCC3)C2)CC1
C1CCC(CCC2CCC3C(CCC3C3CCCCC3)C2)CC1
C1CCC(CCC2CCC3C(CCC3C3CCCCC3)C2)CC1
C(CCC1CCCC2CCCC12)CC1CC2CCCCC2C1
C1CCC2CCC3C(CCC4C5CCCC5CC43)C2CC1
C1CCC(CCCCC2CC3CCCCC3C2)CC1
C1CCC(C2CCC3CC4C(CCCC45CCCC5)CC32)CC1
C1CCC(C2CCC3CC4(CCCCCC4C4CCCCC4)CCC32)CC1
C1CCC(CCCCC2CC3CCCCC3C2)CC1
C1CCC(CCC2CCCC3CCC4C(CCC4C4CCCCC4)CC23)CC1
C1CCC(CCC2CCC(CC3CC3)CC2)CC1
C1CCC(CCC2CCC3C(CCC4C5CCCC5CC(CCC5CCCCC5)C34)C2)CC1
C(CCC1CCCC2CCCC12)CC1CC2CCCCC2C1
C(CCCC1CCCC2C(C3CCCCC3)CCC12)CCC1CCCCC1
C1CCC(CCCCC2CC3CCCCC3C2)CC1
C(CCC1CCC2C1CCC1C3CCCCC3CCC21)CC1CC2CCCCC2C1
C1CCC(CCCCC2CC3CCCCC3C2)CC1
C(CCCC1CCCC2C(C3CCCCC3)CCC12)CCC1CC1
C1CCC2CC3CCCCC3CCC2C1
C(CCC1CCCC2CCCCC12)CC1CC2CCCCC2C1
C1CCC(CCCC2CCC3CCC(C4CCCC5CCCC54)CC3C2)CC1
C1CCC2CCC3C4CCC(CCCC5CC6CCCCC6C5)C4CCC3C2CC1
C1CCC(CCCCCC2CC3CCCCC3C2)CC1
C(CCCC1CCCCC1)CCCC1CCC(C2CCCCC2)C1
C1CCC(CCCCC2CC3CCCCC3C2)CC1
C1CCC(C2CCC3CC4C(CCCC5CC5)CCCC4CC32)CC1
C1CCC(CC2CCCC2CC2CCC3CCCCC3C3CCC4CCCCC4C23)CC1
C1CCC(CCCC2CCC3CCC(CC4CCCC5CCCC54)CC3C2)CC1
C1CCC2CC3CCC4CCCC4C3CCC2C1
C1CCC(CCCCC2CC3CCCCC3C2)CC1
C1CCC2CC(C3CCCC4CCCC43)CCC2C1
C1CCC(CCC(CC2CCCCC2)C2CCCCC2)CC1
C1CCC(C2CCC(CCCCCC3CCCCC4CCCCC34)C2)CC1
C1CCC2C(C1)CC(C1CCCC1)C1CCCCC21
C1CCC(CCCCCC2CCC3CCCCC23)CC1
C1CCC(CCC2CC3CCCCC3C3CCC4CCCCC4C23)C1
C1CCC(CC2CC3CCCCC3C3CCC4CCCCCC4C23)CC1
C1CCC2CC(CCCC3CCC4C3CCCC3C5CCCCC5CCC34)CC2C1
C1CCC(C2CC3CCCC3C3CCC4CCCCC4C23)CC1
C1CCC2CC3CCC4C(CCCC5CC6CCCCC6C5)CCC4C3CCC2C1
C1CCC2C(C1)CC(C1CCCC1)C1CCCCC21
C1CCC(CCCCC2CC3CCCCC3C2)CC1
C1CCC(CC2CCC(C3CC4CCCC4C4CCC5CCCCC5C34)CC2)C1
C1CCCC(C2CC3CCCC3C3CCC4CCCCC4C23)CC1
C1CCC(CCCC2CCCCC2)CC1
C1CCC(CCC(CC2CCCCC2)CC2CCC3C(CCC3C3CCCCC3)C2)CC1
C1CCC(C2CCC3CCC4C(CCC45CCCCC5)CC32)CC1
C(CCCCC1CCC(C2CCCCC2)C1)CCCC1CCCCC1
C1CCC(CC(CC2CCCCC2)C2CCCCC2)CC1
C1CCC(CCC2CCC3C(CCC3C3CCCCC3)C2)CC1
C1CCC(C2CC3CCCCC3C3CCC4CCCCC4C23)CC1
C1CCC2CC(C3CCCC4CCCC43)CCC2C1
C1CCC(CCCC2CCCC3CCCCC32)C2CCCCC2C1
C1CCC(CCC2CCC3C(CCCC4CC(C5CCCCC5)CCC43)C2)CC1
C1CCC(CCC2CCC(C3CCC4C(CCC4C4CCCCC4)C3)CC2)CC1
C1CCC(C2CC3CCCC3C3CCC4CCCCC4C23)CC1
C1CCC2C(C1)CCC1C3CCCC3CCC21
C1CCC2CC(CCCC3CCC4C3CCC3C5CCCCC5CCCC43)CC2C1
C1CCC(CC2CCC3CC4C(CCC45CCCCC5)CC23)CC1
C1CCC(CCCCC2CC3CCCCC3C2)CC1
C1CCC(CCCCC2CCC3CCCCC23)CC1
C1CCC(CCCCCC2CCC3CCCCC23)CC1
C1CCC(CCCCCC2CCCC3C(C4CCCCC4)CCC23)CC1
C1CCC(CC2CCC3C(CCC3C3CCCCC3)C2)CC1
C1CCC(CCC2CC3CCCCC3C3CCC4CCCCC4C23)CC1
C1CCC2C(C1)CCC1C3CCCC3CCC21
C1CCC(CCCCCC2CCCC3C(C4CCCCC4)CCC23)CC1
C1CCC(C2CC3CCCC3C3CCCC4CCCCC4C23)CC1
C1CCC(CC2CC3CCCCC3C3CCC4CCCCCC4C23)CC1
C(CCCC1CCCC2CCCCC12)CCC1CCC(C2CCCCC2)C1
C1CCC(CCC(CCC2CCC3CCCC3C2)CC2CCCCC2)CC1
C1CCC(CC2CCC3C(CCC3C3CCCCC3)C2)CC1
C1CCC(CCCCCC2CCCC3C(C4CCCCC4)CCC23)CC1
C1CCC(CCC(CC2CC3CCCCC3C2)C2CC2)CC1
C1CCC(CCC2CCC(CCC3CCCC(CC4CCCCC4)C3)CC2)CC1
C1CCC(CCCCCC2CC3CCCCC3C2)CC1
C(CCC1CCCC2CCCC12)CC1CC2CCCCC2C1
C1CCC(C2CC3CCCC3C3CCC4CCCCC4C23)CC1
C(CCCC1CCCCC1)CCCC1CCC(C2CCCCC2)C1
C1CCC2CCC3C4CCCCC4CCC3C2CC1
C1CCC(CCC2CCC3C(CCC3C3CCCCC3)C2)CC1
C1CCC2CCC(C3CCCC4CCCC43)CC2CC1
C1CCC(C2CC3CCCC3C3CCC4CCCCC4C23)CC1
C1CCC(CCCCC2CC3CCCCC3C2)CC1
C1CCC(CCC2(CCCC3CCC4CCCCC4C3)CCC3C4CCC5CCCCC5C4CCCC32)C1
C1CCC(CCCCCC2CCCC3C(C4CCCCC4)CCC23)CC1
C1CCC(CCC2CCC(C3CC3)CC2)CC1
C1CCC(CCCC2CCC3CCC(C4CCCC5CCCC54)CC3C2)CC1
C1CCC2C(C1)CC(C1CCCC3CCCC31)C1CCCCC21
C1CCC2C(C1)CCCC2CC1CC2CCCCC2C2CCC3CCCCC3C12
C(CCC1CCCC2CCCCC12)CC1CC2CCCCC2C1
C1CCC(C2C3CCCC3CC3CC4CCCC4CC32)CC1
C1CCC(CCCC(CCC2CCC3CCCC3C2)CC2CCCCC2)CC1
C1CCC2C(C1)CCC1C3CCCC3CCCC21
C1CCC(CCCCCC2CC3CCCCC3C2)CC1
C1CCC(CCCCCC2CC3CCCCC3C2)CC1
C(CCC1CCC2CCCCC2C1)CCC1CCCC2CCCC12
C1CCC(CCC2CCC(C3CCC4C(CCC4C4CCCCC4)C3)CC2)CC1
C1CCC(CCCCCC2CCCC3C2CCC3C2CCC(CC3CC3)CC2)CC1
C1CCC2C(C1)CCC1C3CCCC3CCC21
C1CCC(CCC2CCC3C(CC4CCCCC4)CCC3C2)CC1
C1CCC2CCC3C(CCC4C3CCC4(CCCC3CCC4CCCCC4C3)CCC3CCCC3)C2CC1
C(CCC1CCC2C1CCC1C3CCCCC3CCC21)CC1CC2CCCCC2C1
C1CCC(C2CC3CCCC3C3CCC4CCCCC4C23)CC1
C1CCC(CCCCCC2CCC3CCCCC23)CC1
C1CCC(CCC2(CCCC3CC4CCCCC4C3)CCC3CC4CCC5CCCCC5C4CCC32)C1
C1CCC(CCC(CCC2CCC3CCCC3C2)CC2CCCCC2)CC1
C1CCC2CC(C3CCCC4CCCC43)CCC2C1
C1CCC(CC2CC3CCCCC3CC3CCC4CCCCC4C32)C1
C1CCC(C2CC3CCCCC3C3CCC4CCCCC4C23)CC1
C1CCC(CC2CC3CCCCC3C3CCC4CCCCC4C23)CC1
C1CCC2CC(CC3CCCC4CCCC43)CCC2C1
C1CCC(C2CC3C(CCC4CC4)CCC3C3CCC4CCCCCC4C23)CC1
C1CCC(C2CCC3CC4C(CCC45CCCC5)CC32)CC1
C1CCC2CCC(C3CCCC4CCCC43)CC2CC1
C1CCC(CCC2CCC3C(CCC3C3CCCCC3)C2)CC1
C1CCC2CCC(C3CCCC4CCCC43)CC2CC1
C1CCC(CCC2CCC3C(CCC3C3CCCCC3)C2)CC1
C1CCC2C(C1)CCCC2CCCC1CCCC2CCCCC21
C1CCC(C2CCC3CC4C(CCCC45CCCC5)CC32)CC1
C1CCC(CCCCCC2CCCC3C(C4CCCCC4)CCC23)CC1
C1CCC(CCCCCC2CC3CCCCC3C2)CC1
C1CCC2CC(C3CCCC4CCCC43)CCC2C1
C1CCC(C2CCC3CC4C(CCCCC5CC5)CCCC4CC32)CC1
C(CCCC1CCCC2CCCCC12)CCC1CCC(C2CCCCC2)C1
C1CCC(CCCCC2CC3CCCCC3C2)CC1
C(CCC1CCC2CCCCC2C1)CCC1CCCC2CCCCC12
C1CCC(CCC2CCC3C(CCC3C3CCCCC3)C2)CC1
C1CCC2CC(CCCC3CCC4C3CCCC3C5CCCCC5CCC34)CC2C1
C(CCCC1CCCC2C(C3CCCCC3)CCC12)CCC1CCCCC1
C1CCC(C2CCC3CCC4(CCCCCC4)C3C2)CC1
C(CCCC1CCCC2C(C3CCCCC3)CCC12)CCC1CCC(C2CCCC2)C1
C(CCCC1CCCC2CCCCC12)CCC1CCC(C2CCCCC2)C1
C1CCC(CC2CC3CCCCC3C3CCC4CCCCC4C23)C1
C1CCC(C2CC3CCCC3C3CCC4CCCCC4C23)CC1
C1CCC2CCC3C4CCCCC4CC(CC4CCCC4)C3C2CC1
C1CCC(CCCC2CCCC(C3CCC4CC(CCCC5CCC6CCCCC6C5)CCC43)C2)CC1
C1CCC(CCC2CCC3C(CCC3C3CCCC(CCC4CCCCC4)C3)C2)CC1
C1CCC(CCC2CCC3C(CCC3C3CCCC(CCCC4CCCC4)C3)C2)CC1
C1CCC(CCCCCC2CCCC3C(C4CCCCC4)CCC23)CC1
C1CCC(C2CC3CCCCC3C3CCCCC23)CC1
C1CCC2CCC3C4CCCCC4CCC3C2CC1
C1CCC(CCC(CCC2CCC3CCCCC3C2)CC2CCCCC2)CC1
C1CCC(CCCCCC2CCCC3C(CC4CCCCC4)CCC23)CC1
C1CCC(CC2CC3CCCCC3C3CCC4CCCCC4C23)CC1
C1CCC2CC(C3CCCC4CCCC43)CCC2C1
C(CCCCC1CCC(C2CCCCC2)C1)CCCC1CCCCC1
C1CCC2C(C1)CCCC1C2CCC2C3CCCC3CC21
C(CCC1CCCC2CCCC12)CC1CC2CCCCC2C1
C1CCC(CC2CCCC(CC3CC4CCCCC4C4CCC5CCCCCC5C34)C2)CC1
C(CC1CCC2CCCC2C1)CC1CCC2CCC(C3CCCC4CCCC43)CC2C1
C1CCC(CCCC2CCC(C3CCC4C(CCC4C4CCCCC4)C3)CC2)CC1
C1CCC2CC3CCC4CCCC4C3CCC2C1
C1CCC2CCC3C4CCCC4CCC3C2CC1
C1CCC(CCC2CCCCC2)CC1
C1CCC(C2CC3C(CCC34CCCC4)C3CCC4CCCCCC4C23)CC1
C1CCC(CCC2CCC3C(CCC4C5CCCC5CC(CCC5CCCCC5)C34)C2)CC1
C(CCC1CCCC2CCCC12)CC1CC2CCCCC2C1
C1CCC(CCCCCC2CCCC3C(C4CCCCC4)CCC23)CC1
C1CCC(CCCCC2CC3CCCCC3C2)CC1
C(CCCC1CCCCC1)CCCC1CCC(C2CCCCC2)C1
C1CCC(CCCC2CCC3C(CCC4CC(C5CCCCC5)CCC43)C2)CC1
C1CCC(CC2CCC3C(CCC3C3CCCCC3)C2)CC1
C1CCC2CCC3C4CCCCC4CCC3C2CC1
C1CCC2CCC3C(CCC4C3CC3CCCC34CCCC3CCCC3)C2CC1
C1CCC(CCC(CCC2CCC3CCCC3C2)CC2CCCCC2)CC1
C1CCC2CC(C3CCCC4CCCC43)CCC2C1
C1CCC2CCC3C4CCCC4CCC3C2CC1
C1CCC(C2CCC3CC4C(CCC45CCCC5)CC32)CC1
C1CCC(C2CC3CCCC3C3CCC4CCCCC4C23)CC1
C1CCC2C(C1)CC(C1CCCC1)C1CCCC21
C1CCC(C2CCC3C(CCC34CCCC4)C3CCC4CCCCCC4C23)CC1
C1CCC2C(C1)CC(C1CCCC3CCCC31)C1CCCCC21
C1CCC2CCC3C4CCC(CCCC5CC6CCCCC6C5)C4CCC3C2CC1
C(CCCC1CCCC2CCCCC12)CCC1CCC(C2CCCCC2)C1
C1CCC2CC(CCCC3CCCC4C3CCC3C5CCCCC5CCC43)CC2C1
C1CCC(CCCCC2CCC3CCC(C4CCCC5CCCC54)CC3C2)CC1
C1CCC(CCCCCC2CC3CCCCC3C2)CC1
C1CCC(CCC2CCC3C(CCC3C3CCCCC3)C2)CC1
C1CCC(CCCCC2CC3CCCCC3C2)CC1
C1CCC(C2CCC3CC4CCCCC4CC32)CC1
C(CCCC1CCCC2C(C3CCCCC3)CCC12)CCC1CCCCC1
C1CCC(CC2CCCCCC23CCC2C(CCC2C2CCCCC2)C3)CC1
C1CCC(C2CC3CCCC3C3CCC4CCCCC4C23)CC1
C1CCC2CC(C3CCCC4CCCC43)CCC2C1
C1CCC(C2CCC3(CCC4CCC5C(CCC5C5CCCCC5)CC43)C2)CC1
C1CCC2C(C1)CCC1C3CCCC3CCC21
C1CCC(CCCCCC2CC3CCCCC3C2)CC1
C1CCC(CCC2CCC3C(CCC3C3CCCCC3)C2)CC1
C1CCC(CCCCCC2CCC3CCC(C4CCCC5CCCC54)CC3C2)CC1
C1CCC2CC(CCCC3CCC4C3CCC3C5CCCCC5CCC43)CC2C1
C1CCC2CC(C3CCCC4CCCC43)CCC2C1
C1CCC(CCCCCC2CC3CCCCC3C2)CC1
C1CCC(C2CCC3C(CCC4CCCCC43)C2)CC1
C1CCC2CC(C3CCCC4CCCC43)CCC2C1
C1CCC(CCCCC2CC3CCCCC3C2)CC1
C(CCCC1CCCC2CCCC12)CCC1CCC2CCCCC2C1
C(CCC1(C2CCCC2)CCCC2CCCCC21)CC1CCC2CCCCC2C1
C1CCC(CC2CC3CCCCC3C3CCC4CCCCCC4C23)CC1
C1CCC(CCCC2CCCC3CC4C(CCC4C4CCCCC4)CC23)CC1
C1CCC2C(C1)CCC1C3CCCC3CCC21
C1CCC2C(C1)CCCC2CC1CC2CCCCC2C2CCC3CCCCC3C2C1
C1CCC2C(C1)CC(C1CCCC3CCCCC31)C1CCCC21
C1CCC(CCCC2CCC3CCCC3C2)CC1
C1CCC2CC(CCCC3CCC4C3CCCC3C5CCCCC5CCC34)CC2C1
C1CCC(CCCC2CCC3C2CCC2C4CC5CCC(C6CCCCCC6)C5CC4CCC32)CC1
C1CCC(C2CC3CCCC3C3CCC4CCCCC4C23)CC1
C1CCC(C2CCC3CC4C(CCC45CCCCC5)CC32)CC1
C1CCC(CCC(CC2CCC3C(CCC3C3CCCCC3)C2)C2CCCCC2)CC1
C1CCC2CC(CC3CCCC4CCCC43)CCC2C1
C1CCC2C(C1)CCC1C2CCCC2C3CCCC3CC21
C(CCC1CCC2C(CCC3C4CCCC4CCC23)C1)CC1CCC(C2CCC(C3CC4CCCC4C4CCC5CCCCC5C34)CC2)CC1
C1CCC2CCC3C4CCC(CCCC5CC6CCCCC6C5)C4CCC3C2CC1
C1CCC(CC2CC3CCCCC3C3CCC4CCCCCC4C23)CC1
C1CCC(CCCC2CCC3C(CCC3C3CCCCC3)C2)CC1
C1CCC2C(C1)CCC1C3CCCC3CCC21
C1CCC(CCC(CC2CCCCC2)C2CCCCC2)CC1
C1CCC2CC(C3CCCC3)CCC2C1
C1CCC(CCCCCC2CC3CCCCC3C2)CC1
C1CCC(CCCC2CCC3CCC(C4CCCC5CCCC54)CC3C2)CC1
C1CCC(C2CCC3(CCC4CC5C(CCC5C5CCCCC5)CC43)C2)CC1
C1CCC(CCC(CC2CCCCC2)C2CCCCC2)CC1
C1CCC(C2CC3CCCC3C3CCC4CCCCC4C23)CC1
C1CCC(CCC2CCC3C(CCC4C5CCCC5CC(CCC5CCCCC5)C34)C2)CC1
C1CCC(C2CC3CCCC3C3CCC4CCCCC4CC23)CC1
C1CCC(CCCCC2CC3CCCCC3C2)CC1
C1CCC(C2CC3CCCC3C3CCC4CCCCC4C23)CC1
C1CCC2CC(CCCC3CCC4C3CCC3C5CCCCC5CCCC43)CC2C1
C1CCC2CCC3C(CCC4C5CCCC5CC43)C2CC1
C1CCC2C(C1)CCCC1C3CCCC3CCC21
C1CCC(CCCC2CCC3CCC(C4CCCC5CCCC54)CC3C2)CC1
C1CCC(CCCCCC2CCC3CCCCC23)CC1
C1CCC(C2CC3C(CCC34CCCC4)C3CCCC4CCCCC4C23)CC1
C1CCC(C2CCC3CC4C(CCC45CCCCCC5)CC32)CC1
C(CCCC1CCCC2C(C3CCCCC3)CCC12)CCC1CCCCC1
C(CCCC1CCCCC1)CCCC1CCC(C2CCCCC2)C1
C1CCC2CCCCC2C(CCCCC2CCCC3CCCCC23)C1
C1CCC2CC3CCC(C4CCCCC4)C3CC2CC1
C1CCC(CCC2CCCCC3CC4C(CCC4C4CCCCC4)CC23)CC1
C1CCC2C(C1)CCC1C3CCCCC3CCC21
C1CCC2CCC(C3CCCC4CCCC43)CC2CC1
C1CCC(CCCCC2CC3CCCCC3C2)CC1
C1CCC(CCC2(CCCC3CC4CCCCC4C3)CCC3C4CCC5CCCCC5C4CCCC32)C1
C1CCC2CC(CC3CCCC4CCCC43)CCC2C1
C1CCC(CC2CCC3CC4C(CCC45CCCCC5)CC23)CC1
C1CCC(C2CC3CCCC3C3CCC4CCCCC4C23)CC1
C1CCC(CCCCCC2CCCC3C(C4CCCCC4)CCC23)CC1
C1CCC2CCC(C3CCCC4CCCC43)CC2CC1
C(CCCC1CCCC2CCCCC12)CCC1CCCC1
C1CCC(C2CC3CCCC3C3CCC4CCCCC4C23)CC1
C(CCC1CCCC2CCCCC12)CC1CCC2CCCCC2C1
C1CCC(C2CCC(CCCCCC3CCCC4CCCCC34)C2)CC1
C1CCC2C(C1)CCC1CCCCC12
C(CCC1CCCCC2CCCCC12)CC1CCC2CCCCC2C1
C1CCC(CCC2CCC3C(CCC3C3CCCCC3)C2)CC1
C1CCC2CC(C3CCCC4CCCC43)CCC2C1
C1CCC(CCCCCC2CC3CCCCC3C2)CC1
C1CCC(CC2CC3CCCCC3C3CCC4CCCCCC4C23)CC1
C1CCC(C2CC3CCCC3C3CCC4CCCCC4C23)CC1
C(CCC1CCCC2CCCC12)CC1CC2CCCCC2C1
C1CCC(CCC2CCCC3CC4C(CC5CCCCC5)CCC4CC23)CC1
C1CCC(C2CCC(C3CC4CCCC4C4CCC5CCCCC5C34)CC2)C1
C1CCC2CCC(C3CCCC4CCCC43)CC2CC1
C1CCC(CC2CCC3CC4C(CCC45CCC(C4CCCCC4)C5)CC23)CC1
C1CCC(CCC2CCC3C(CCC3C3CCCCC3)C2)CC1
C1CCC(CCCCCC2CCCC3C(C4CCCCC4)CCC23)CC1
C1CCC2CC(CC3CCCC4CCCC43)CCC2C1
C(CCCCCCC1CCC2C1CCC1C3CCCCC3CCC21)CCCCCC1CCC(CCCC2CCC(CCC3CCCC3)C2)C1
C1CCC2CCC3C4CCCC4CCC3C2CC1
C(CCC1CCCC2CCCC12)CC1CC2CCCCC2C1
C1CCC(C2CCC3CC4C(CCC5C6CCC(CCCC7CCCC8CCCCC87)C6CCCC45)CC32)CC1
C1CCC(C2CC3CCCC3C3CCC4CCCCCC4C23)CC1
C1CCC2CC(C3CCCC4CCCC43)CCC2C1
C1CCC(CCCCCC2CCCC3C(C4CCCCC4)CCC23)CC1
C1CCC2C(C1)CCC1C3CCCC3CCC21
C1CCC(C2CCC3CC4C(CCC32)CCC2C3CCC(CCCC5CCCC6CCCCC65)C3CCC42)CC1
C(CCCC1CCCCC1)CCC1CCCCC1
C1CCC2C(C1)CCCC1C3CCCC3CCC21
C1CCC(CCC(CC2CC3CCCCC3C2)C2CC2)CC1
C1CCC2CC(CCCC3CCC4C3CCC3C5CCCCC5CCC43)CC2C1
C(CCC1CC2CCCCC2C1)CCC1CCCC2CCCC12
C1CCC(CC(CC2CCCCC2)C2CCCCC2)CC1
C1CCC(CCCCCC2CCC3CCCCC23)CC1
C1CCC(C2CC3CCCC3C3CCC4CCCCC4C23)CC1
C1CCC(C2CC3CCCC3C3CCC4CCCCCC4C23)CC1
C1CCC(C2CC3CCCC3C3CCC4CCCCCC4C23)CC1
C1CCC(CCCCC2CCC3CCC(C4CCCC5CCCC54)CC3C2)CC1
C1CCC(CCC2CCC(CCC3CCCCC(CC4CCCC4)C3)CC2)CC1
C1CCC(CCCC2CCC(C3CCC4C(CCC4C4CCCCC4)C3)CC2)CC1
C1CCC2C(C1)CCC1C3CCCC3CCC21
C1CCC2CC3CCC4C5CCCC5CC4C3CCC2C1
C1CCC(CCCCC2CC3CCCCC3C2)CC1
C1CCC2CC(C3CCC4CCCCC43)CCC2C1
C1CCC(C2CCC(CCCCCC3CCCC4C(C5CCCCC5)CCC34)C2)CC1
C1CCC2CCC3C4CCCC4CCC3C2CC1
C(CCCC1CCCCC1)CCCC1CCC(C2CCCCC2)C1
C1CCC2CCC3C4CCCCC4CC(CC4CCCC5CCCCC54)C3C2CC1
C1CCC2CCC(C3CCCC4CCCC43)CC2CC1
C1CCC2CC(C3CCCC4CCCC43)CCC2C1
C1CCC2CCC(C3CCCC4CCCC43)CC2CC1
C1CCC(CCC2CCC3C(CCC3C3CCCCC3)C2)CC1
C1CCC(C2CC3CCCC3C3CCC4CCCCC4C23)CC1
C(CCCC1CCCCC1)CCC1CCCCC1
C(CCCC1CCCCC1)CCCC1CCC(C2CCCCC2)C1
C1CCC(C2CCC3CC4C(CCCC45CCCC5)CC32)CC1
C1CCC(CCC2CCC3C(CCC3CC3CCCC(CCC4CCCC4)C3)C2)CC1
C1CCC(CCC2CCC3C(CCC3C3CCCC(CCC4CCCC4)C3)C2)CC1
C1CCC(CCCCC2CCC3CCCCC23)CC1
C1CCC2CCC3C4CCCCC4CC(CC4CCCC4)C3C2CC1
C1CCC2CCC3C4CCCCC4CC(CC4CCCC4)C3C2CC1
C1CCC(CCCC2CCC3C(CCC3C3CCCCC3)C2)CC1
C1CCC(C2CCC3CC4C(CCCC5C6CCC(CCCC7CC8CCCCC8C7)C6CCC45)CC32)CC1
C1CCC2C(C1)CCC1C3CCCC3CCC21
C1CCC(CCC2CCC3C(CCC3C3CCCCC3)C2)CC1
C1CCC(CCC2CCC(CCC3CCCCC(CC4CCCC4)C3)CC2)CC1
C1CCC(CCCCC2CCC3CCCCC23)CC1
C1CCC(C2CCC3CC4C(CCCC45CCCCC5)CC32)CC1
C1CCC(CCCCC2CC3CCCCC3C2)CC1
C1CCC(CC2CC3CCCCC3C3CCC4CCCCCC4C23)CC1
C1CCC(CCCCC2CC3CCCCC3C2)CC1
C1CCC(CCCCCC2CCCC3C2CCC3C2CCC(CC3CCC3)CC2)CC1
C1CCC(C2CCC3C(CCCCCC4CC4)CCCC23)CC1
C1CCC2CCC(C3CCCC4CCCC43)CC2CC1
C1CCC(CCCCCC2CC3CCCCC3C2)CC1
C(CCC1CCC2CCCCC2C1)CCC1CCCC2CCCCC12
C1CCC(CCC2CCC3C(CCC3C3CCCCC3)C2)CC1
C1CCC(CCC2CCC3C(CCC3C3CCCCC3)C2)CC1
C(CCCCC1CCC2C(CCC3C4CCCC4CCC23)C1)CCCC1CCCC(CC(CCC2CCC(CC3CCCCC3)CC2)C2CCCCC2)C1
C1CCC(CC2CCC3C(CCC3C3CCCCC3)C2)CC1
C1CCC(C2CCC(CC3CC4CCCCC4C4CCC5CCCCCC5C34)CC2)CC1
C1CCC2CCC3C4CCCCC4CC(CC4CCCC4)C3C2CC1
C(CCCC1CCCC2C(C3CCCCC3)CCC12)CCC1CCCCC1
C1CCC(CCCCCC2CCCC3C(C4CCCCC4)CCC23)CC1
C1CCC(CCC2CCC3C(CCC3C3CCCC(CCC4CCCC4)C3)C2)CC1
C1CCC2CCC3C4CCCCC4CC(CC4CCCC4)C3C2CC1
C1CCC(CCCC2CCC3C2CCC2C4CCCCC4CCC32)C1
C1CCC2C(C1)CCC1C3CCCC3CCC21
C1CCC(C2CCC3C(CCC4CCCCC43)C2)C1
C1CCC(C2C3CCCC3CC3CC4CCCCC4CC32)CC1
C1CCC(C2CCC(CCCC3CCC4C3CCC3C5CCCCC5CCC43)C2)CC1
C1CCC(CCCCC2CCC3CC4CCC5CCCCC5C4CCC23)CC1
C1CCC2CC(C3CCCC4CCCC43)CCC2C1
C1CCC2C(C1)CCCC2CCCC1CCCC2CCCCC21
C1CCC(CC2CC3CCCCC3C3CCC4CCCCC4C3C2)CC1
C1CCC(CCCC2CCC3CCC(C4CCCC5CCCC54)CC3C2)CC1
C1CCC(C2CCC3C(CCC4CCCCC43)C2)CC1
C1CCC(CCCC2CCC3CCC(C4CCCC5CCCC54)CC3C2)CC1
C1CCC(C2CCC3CCC(C4CCCC4)CC32)CC1
C1CCC(C2CC3C(CCC34CCCC4)C3CCCC4CCCCC4C23)CC1
C1CCC2C(C1)CCC1C3CCCC3CCCC21
C1CCC(C2CC3CCCC3C3CCC4CCCCCC4C23)CC1
C1CCC(CCCC2CCCC3CCC(C4CCCC5CCCC54)CC3C2)CC1
C1CCC(CCCCC2CC3CCCCC3C2)CC1
C1CCC(CCC2CCC3C(CCC3C3CCCC(CC4CCCCC4)C3)C2)CC1
C1CCC2CC(C3CCCC4CCCC43)CCC2C1
C1CCC(C2CCC3CCCCC3C3CCCCC23)CC1
C(CCC1CCC(C2CC3CCCC3C3CCC4CCCCC4C23)CC1)CCC1CCC2C(CCC3C4CCCC4CCC23)C1
C1CCC(C2CC3CCCCC3C3CCCCC23)CC1
C1CCC(CCC2CCC(CCC3CCCC(CCC4CCCC4)C3)CC2)CC1
C1CCC(C2CCC(CCCCCC3CCCC4CCCCC34)C2)CC1
C(CCCC1CCCC2C(C3CCCCC3)CCC12)CCC1CCCCC1
C1CCC2CC(C3CCCC4CCCC43)CCC2C1
C1CCC(CC2CC3CCCCC3C3CCC4CCCCC4C23)C1
C1CCC2CC(C3CCCC4CCCC43)CCC2C1
C(CCC1CCCC2CCCC12)CC1CC2CCCCC2C1
C1CCC(CCC2CCC3C(CCC4C5CCCC5CC(CCC5CCCCC5)C34)C2)CC1
C1CCC(C2CC3CCCC3C3CCC4CCCCCC4C23)CC1
C1CCC(CCCC2CCC3C(CCC3C3CCCCC3)C2)CC1
C1CCC2C(C1)CC(C1CCCC3CCCC31)C1CCCC21
C1CCC(C2CCC3CC4C(CCC32)CCC42CCCC2)CC1
C1CCC(CCCCC2CCCC3CCC(C4CCCCC4)CC23)CC1
C(CCCC1CCCCC1)CCCC1CCC(C2CCCCC2)C1
C(CCC1CCC2CCCCC2C1)CCC1CCCC2CCCCC12
C(CCC1CCCC2CCCCC12)CC1CCC2CCCCC2C1
C1CCC2C(C1)CCCC2CC1CC2CCCCC2C2CCC3CCCCC3C12
C1CCC(CCC2CCC(CCC3CCCC(CC4CCCC4)C3)CC2)CC1
C1CCC2C(C1)CCCC1C3CCCC3CCC21
C1CCC(CCCCCC2CCC3CCCCC3C2)CC1
C(CCCC1CCCC2C(C3CCCCC3)CCC12)CCC1CCCCC1
C1CCC(CCC2CCC3C(CCC4C5CCCC5CCC34)C2)CC1
C1CCC(C2CCC3CCC4C(CCC45CCCCC5)CC32)CC1
C(CCC1CCCC2CCCC12)CC1CC2CCCCC2C1
C1CCC(CCC2CCC3C(CCC3C3CCCCC3)C2)CC1
C1CCC2CCC(C3CCCC4CCCC43)CC2CC1
C1CCC2CC(C3CCCC4CCCC43)CCC2C1
C1CCC(CCC2CCC3C(CCC3C3CCCCC3)C2)CC1
C1CCC(CCCCCC2CC3CCCCC3C2)CC1
C(CCCC1CCCC2C(C3CCCCC3)CCC12)CCC1CCCCC1
C1CCC2C(C1)CCC1C3CCCC3CCC21
C1CCC(C2CC3CCCC3C3CCC4CCCCC4C3C2)CC1
C1CCC2CC(CC3CCCC4CCCC43)CCC2C1
C1CCC(CCC2CCC3C(CCC3C3CCCCC3)C2)CC1
C1CCC(CCCCC2CCCCC3CCC(C4CCCCC4)CC23)CC1
C(CCCC1CCCC2CCCC12)CCC1CCCCC1
C1CCC(C2CCC3CC4C(CCC45CCCCCC5)CC32)CC1
C1CCC(CCCCC2CCC3C2CCC2C4CC5CCC(C6CCCCC6)C5CC4CCC32)CC1
C1CCC2CC(C3CCCC3)C3CCCCC3CC2C1
C(CCCCC1CCC(C2CCCCC2)C1)CCCC1CCCCC1
C(CCCC1CCCCC1)CCCC1CCC(C2CCCCC2)C1
C1CCC(CC2CC3CCCCC3C3CCC4CCCCC4C23)CC1
C1CCC2CCC(C3CCCC3)CC2CC1
C1CCC(CCCCC2CCC3CCCCC23)CC1
C1CCC(CCCCC2CC3CCCCC3C2)CC1
C1CCC(CCC(CCC2CCC3CCCCC3C2)CC2CCCCC2)CC1
C1CCC(CC2CCC(CC(CC3CCCCC3)C3CCCCC3)CC2)CC1
C1CCC(CCC2CCCC3CC4C(CCC4C4CCCCC4)CC23)CC1
C1CCC(C2CCC3C(CCC4CCCCC43)C2)C1
C(CCCC1CCCC2C(C3CCCCC3)CCC12)CCC1CCC(C2CCCC2)C1
C1CCC(C2CCC3CCCC3C3CCC4CCCCC4C23)CC1
C(CCC1CCCC2CCCC12)CC1CC2CCCCC2C1
C(CCC1CCCC2CCCCC12)CC1CCCC2CCCCC12
C1CCC(CCCC2CCCC(C3CCC4CC(CCC5CCC6CCCCC6C5)CCC43)C2)CC1
C(CCCC1CCCC2C(C3CCCCC3)CCC12)CCC1CCC(C2CCCC2)C1
C1CCC(CC2CCC3CCCCC3C3CCC4CCCCC4C23)CC1
C(CCC1CCCC2CCCC12)CC1CC2CCCCC2C1
C1CCC(CCCCCC2CCC3CCCCC23)CC1
C1CCC(CCCCCC2CC3CCCCC3C2)CC1
C1CCC(C2CC3CCCC3C3CCC4CCCCCC4C23)CC1
C(CCCC1CCCC2C(C3CCCCC3)CCC12)CCC1CCCCC1
C1CCC(C2CC3CCCC3C3CCC4CCCCCC4C23)CC1
C(CCC1CCC2C1CCC1C3CCCCC3CCC21)CC1CC2CCCCC2C1
C(CCC1CCCC2CCCCC12)CC1CCC2CCCCC2C1
C1CCC(C2CCC3CC4C(CCC45CCCC5)CC32)CC1
C1CCC2CCC3C4CCCC4CC(C4CCC(C5CCC5)CC4)C3C2CC1
C1CCC(CCCCC2CC3CCCCC3C2)CC1
C1CCC(CC2CC3CCCCC3C3CCCC23)C1
C1CCC(C2CCC3CC4C(CCC45CCCC5)CC32)CC1
C1CCC(CCC2CCC(CCC3CCCC(CC4CCCC4)C3)CC2)CC1
C1CCC2CC(CCCC3CCC4C3CCC3C5CCCCC5CCCC43)CC2C1
C1CCC(CCCCC2CCC3CCC(C4CCCC5CCCC54)CC3C2)CC1
C1CCC(CCC2CCCC(CCC3CCC(CCC4CCC(C5CC5)CC4)CC3)C2)C1
C(CCCC1CCCCC1)CCCC1CCC(C2CCCCC2)C1
C1CCC(CCC2CCC3C(CCC3C3CCCCC3)C2)CC1
C1CCC(C2CC3CCCC3C3CCC4CCCCCC4C23)CC1
C1CCC2CCC3CCCCC3C2CC1
C(CCCC1CCCC2C(C3CCCCC3)CCC12)CCC1CCCCC1
C(CCCC1CCCCC1)CCCC1CCC(C2CCCCC2)C1
C1CCC(C2CCC3CC4C(CCC5C6CCC(CCCC7CCC8CCCCC8C7)C6CCCC45)CC32)CC1
C1CCC(C2CC3CCCCC3CC3CCCCC32)CC1
C1CCC(CCC(CC2CC3CCCCC3C2)C2CC2)CC1
C1CCC(C2CCC3CC4C(CCC5C6CCC(CCCCC7CC8CCCCC8C7)C6CCC45)CC32)CC1
C1CCC(CCCC(CC2CC3CCCCC3C2)C2CC2)CC1
C(CCC1CCC2C(CCC3C4CCCC4CCC23)C1)CC1CCC(C2CC3CCCC3C3CCC4CCCCC4C23)CC1
C(CCCC1CCCC2C(C3CCCCC3)CCC12)CCC1CCCCC1
C(CCCCC1CCC(C2CCCCC2)C1)CCCC1CCCCC1
C1CCC2C(C1)CCC1C3CCCCC3CCC21
C1CCC(CCCCC2CCC3CCCCC23)CC1
C1CCC(C2CCC3CC4C5CCC6C(CCCC7CCC8CCCCC8C7)CCC6C(CCC4CC32)C5)CC1
C(CCCC1CCCCC1)CCCC1CCC(C2CCCCC2)C1
C1CCC(CCCC2CCC(CCC3CCCCC3)CC2)CC1
C1CCC2C(C1)CCCC1C3CCCC3CCC21
C(CCCC1CCCC2C(C3CCCCC3)CCC12)CCC1CCCCC1
C1CCC(CCCCCC2CCCCC2)CC1
C1CCC2CCC3C4CCCCC4CCC3C2CC1
C1CCC2C(C1)CCC1C2CCC2C3CCCC3CC21
C1CCC(CCCCCC2CCC3CCCCC23)CC1
C1CCC2C(C1)CCC1CCCCC12
C1CCC(C2CC3CCCC3C3CCC4CCCCC4C23)CC1
C1CCC(CCC(CCC2CCCCC2)CCC2CCC3CCCC3C2)CC1
C1CCC2CC(CCCC3CCC4C3CCC3C5CCCCC5CCCC43)CCC2C1
C1CCC(CCC2CCC(CCC3CCCCC(CC4CCCC4)C3)CC2)CC1
C1CCC2CC(CCCC3CCC4C3CCC3C5CCCCC5CCC43)CC2C1
C1CCC2CC(C3CCCC4CCCC43)CCC2C1
C1CCC(CCCCC2CCC3CCCCC23)CC1
C1CCC(C2CCC3CC4C(CCC5C6CCC(CCCC7CC8CCCCC8C7)C6CCCC45)CC32)CC1
C(CCCC1CCCC2CCCC12)CCC1CCCCC1
C1CCC(CCCC2CCCC3CCC(C4CCCC5CCCC54)CC3C2)CC1
C1CCC(CC2CCC(C3CC4CCCC4C4CCC5CCCCC5C34)CC2)CC1
C1CCC2C(C1)CCC1C3CCCCC3CCC21
C1CCC(C2CCC3CC4C(CCCC45CCCC5)CC32)CC1
C1CCC(CCCC2CCC3CCC(CC4CCCC5CCCC54)CC3C2)CC1
C1CCC(CCCCC2CC3CCCCC3C2)CC1
C1CCC(CCCCCC2CC3CCCCC3C2)CC1
C1CCC2CCC(C3CCCC4CCCC43)CC2CC1
C1CCC2C(C1)CCC1C3CCCC3CCC21
C1CCC(CCC2CCC(C3CCC4C(CCC4C4CCCCC4)C3)CC2)CC1
C1CCC(C2CC3CCCCC3C3CCC4CCCCC4C23)CC1
C1CCC(C2CCC3CC4C(CCCC45CCCCC5)CC32)CC1
C1CCC2CC(C3CCCC4CCCC43)CCC2C1
C1CCC(C2CC3C(CCC4CC4)CCC3C3CCC4CCCCCC4C23)CC1
C1CCC(C2CCC3CC4C(CCC45CCCC5)CC32)CC1
C(CCCC1CCCC2CCCC12)CCC1CCCCC1
C1CCC(CCCCCC2CC3CCCCC3C2)CC1
C1CCC2CC(CCCC3CCC4C3CCC3C5CCCCC5CCCC43)CC2C1
C1CCC(C2CCC3CC4(CCCCCC4C4CCCCC4)CCCC32)CC1
C(CCC1CCCC2CCCCC12)CC1CC2CCCCC2C1
C1CCC(C2CCC3CCCC(C3)C3CCC4CCCCC4C23)CC1
C1CCC(CC2CCC3C(CCC3C3CCCCC3)C2)CC1
C(CCC1CCCCC2CCCCC12)CC1CCC2CCCCC2C1
C1CCC(C2CC3CCCC3C3CCC4CCCCC4C23)CC1
C1CCC(CCCC2CCC3C(CCC3C3CCCCC3)C2)CC1
C1CCC(CC2CC3CCCCC3C3CCC4CCCCC4C23)C1
C1CCC(CCC(CCC2CCC3CCCC3C2)CC2CCCCC2)CC1
C1CCC(CCC2CC3CCCCC3C3CCC4CCCCC4C23)C1
C1CCC(C2CC3CCCC3C3CCC4CCCCC4C23)CC1
C1CCC(CCCCCC2CC3CCCCC3C2)CC1
C1CCC(CCC2CCC3C(CCC3C3CCCCC3)C2)CC1
C1CCC(CCC2CCC3C(CCCC4CCCCC43)C2)CC1
C1CCC2CCC3C(CCC4C3CCC4(CCCC3CC4CCCCC4C3)CCC3CCCC3)C2CC1
C1CCC2CCC3CCCCC3C2CC1
C1CCC(CCCCCC2CC3CCCCC3C2)CC1
C(CCC1CCCC2CCCC12)CC1CC2CCCCC2C1
C1CCC(CCC2CCC3C(CCC4CC(C5CCCCC5)CCC43)C2)CC1
C1CCC(CC2CCC3C(CCC3C3CCCCC3)C2)CC1
C1CCC(C2CC3CCCC3C3CCC4CCCCC4C23)CC1
C1CCC(CCCCC2C3CCCCC3CCC2C2CCCC3CCCC32)CC1
C(CCCC1CCCC2C(C3CCCCC3)CCC12)CCC1CCCCC1
C1CCC(CCCCC2CC3CCCCC3C2)CC1
C1CCC2CC3CCC4CCCC4C3CCC2C1
C1CCC(CCC2CCC(CCC3CCCCC3)CC2)CC1
C(CCCC1CCCCC1)CCC1CCCCC1
C1CCC(CCCC2CCCC3C2CCC2C4CCCCC4CCC32)C1
C1CCC(CCCCC2CC3CCCCC3C2)CC1
C1CCC(CCCCC2CC3CCCCC3C2)CC1
C1CCC(CC2CCCCC2CC2CC3CCCCC3C3CCC4CCCCCC4C23)CC1
C1CCC(CCC2CC3CCCCC3C3CCC4CCCCC4C23)CC1
C1CCC2CC(C3CCCC4CCCC43)CCC2C1
C1CCC2CC(C3CCCC4CCCC43)CCC2C1
C1CCC(CCCC2(CCC3CCCC3)CCC3C4CCC5CCCCC5C4CCC32)C1
C1CCC(CCCCC2CC3CCCCC3C2)CC1
C1CCC(CCC2CCC(CC3CCC4C(CCC4C4CCCCC4)C3)CC2)CC1
C1CCC(CC2CCCC(CC3CC4CCCCC4C4CCC5CCCCCC5C34)C2)CC1
C1CCC(CCC2CCC3C(CCC3C3CCCCC3)C2)CC1
C(CCCC1CCCC2C(C3CCCCC3)CCC12)CCC1CCC(C2CCCC2)C1
C1CCC2CC(CCCC3CCC4C3CCC3C5CCCCC5CCC43)CC2C1
C1CCC(CCCCC2CC3CCCCC3C2)CC1
C1CCC(CCC2CCC3C(CCC3C3CCCCC3)C2)CC1
C(CCCC1CCCCC1)CCCC1CCC(C2CCCCC2)C1
C1CCC2CC(C3CCCC4CCCC43)CCC2C1
C1CCC(CCCCCC2CC3CCCCC3C2)CC1
C1CCC2CC(C3CCCC3)C3CCCC3C2CC1
C1CCC(CCCCCC2CCCC3C(CC4CCCCC4)CCC23)CC1
C1CCC2CC(C3CCCC4CCCC43)CCC2C1
C1CCC(C2CCC3CC4C(CCC5C6CCC(CCCC7CCC8CCCCC8C7)C6CCC45)CC32)CC1
C1CCC(CCCCCC2CC3CCCCC3C2)CC1
C1CCC(CCCC2(CCC3CCCC3)CCC3C4CCCC5CCCCC5C4CCC32)CC1
C1CCC(C2CC3CCCC3C3CCC4CCCCCC4C23)CC1
C(CCCCC1CCC(C2CCCCC2)C1)CCCC1CCCCC1
C1CCC(CCCCCC2CCCC3C(CC4CCCCC4)CCC23)CC1
C1CCC(CC2CC3CCCCC3C3CCC4CCCCC4C3C2)CC1
C1CCC(CC2CCC3CC4C(CCCC45CC(C4CCCCC4)C(C4CCCCC4)C5)CC23)CC1
C1CCC(CCCCCC2CCCCC2)CC1
C1CCC(CCCC2CCC(C3CCC4C(CCC4C4CCCCC4)C3)CC2)CC1
C1CCC2CCC(C3CCCC4CCCC43)CC2CC1
C1CCC(C2CCC3C(CCC4CCCCC43)C2)CC1
C1CCC(CCC2(CCCC3CC4CCCCC4C3)CCC3C4CCC5CCCCC5C4CCC32)C1
C1CCC2CCC3C(CCC4C5CCCC5CC43)C2CC1
C1CCC2CC(C3CCCC4CCCC43)CCC2C1
C1CCC(C2CC3CCCC3CC3CCC4CCCCC4C32)CC1
C(CCC1CCC2C1CCC1C3CCCCC3CCC21)CC1CC2CCCCC2C1
C1CCC(C2CCC3CC4C(CCC45CCCCC5)CC32)CC1
C1CCC2CC(CCCC3CCC4C3CCC3C5CCCCC5CCC43)CC2C1
C1CCC(C2CCC3CC4C(CCCC45CCCCC5)CC32)CC1
C1CCC(CCCCC2CC3CCCCC3C2)CC1
C1CCC(CCC2CCC3C(CCC3C3CCCC(CC4CCCCC4)C3)C2)CC1
C1CCC(CCC(CC2CCC(CC3CCCCC3)CC2)C2CCCCC2)CC1
C1CCC(CCC2CCC(CCC3CCCC(CC4CCCC4)C3)CC2)CC1
C1CCC(CCC2CC3CCCC3C3CCC4CCCCC4C23)CC1
C1CCC2CC(CCCC3CCC4C3CCC3C5CCCCC5CCC43)CC2C1
C1CCC(CC2CCC3C(CC4CCCCC4)CCC3C2)CC1
C1CCC2CC(CC3CCCC4CCCC43)CCC2C1
C1CCC2CC(CCCC3CCCC4C3CCC3C5CCCCC5CCC43)CC2C1
C1CCC(CC(CC2CCCCC2)C2CCCCC2)CC1
C1CCC(CCC2CCC(CC(CC3CCCCC3)C3CCCCC3)CC2)CC1
C1CCC(CCC2CCC(CCC3CCCC(CC4CCCC4)C3)CC2)CC1
C1CCC2CCC(C3CCCC4CCCC43)CC2CC1
C1CCC2C(C1)CCC1C3CCCC3CCC21
C1CCC(C2CCC3CC4C(CCC45CCCCC5)CC32)CC1
C1CCC(CCC2CCC3C(CCC4CC(C5CCCCC5)CCC43)C2)CC1
C1CCC(C2CC3CCCC3C3CCC4CCCCCC4C23)CC1
C1CCC(C2CC3CCCC3C3CCC4CCCCC4C23)CC1
C1CCC2C(C1)CCC1C3CCCC3CCC21
C1CCC(C2CCC3C(CCC4CCCCC43)C2)C1
C(CCCC1CCCCC1)CCCC1CCC(C2CCCCC2)C1
C1CCC(CC2CC3CCCCC3C3CCC4CCCCCC4C23)CC1
C(CCC1CCCC2CCCC12)CC1CC2CCCCC2C1
C1CCC(CCCCC2CC3CCCCC3C2)CC1
C1CCC2CC(C3CCCC4CCCC43)CCC2C1
C1CCC2CCC(C3CCCC4CCCC43)CC2CC1
C1CCC(CC2CCC3CCCCC3C3CCC4CCCCC4C23)CC1
C1CCC(CCC(CCCC2CCC3CCCC3C2)CCC2CCCCC2)CC1
C(CCC1CCCC1)CCC1CCCCC2CCCCC12
C1CCC(CCCC2CCC3C(CCC3C3CCCCC3)C2)CC1
C1CCC(CCC2CCC(C3CCC4C(CC5CCCCC5)CCC4C3)CC2)CC1
C1CCC(CCCCC2CCC3CCCCC23)CC1
C1CCC(CCCC2CCC3C(CCC4CCCCC43)C2)CC1
C1CCC2CCCCC2C(CCCCC2CCCC3CCCCC23)C1
C1CCC(CCC2CCC(C3CCC4C(CCC4C4CCCCC4)C3)CC2)CC1
C1CCC2CCC3C4CCC(CCCC5CC6CCCCC6C5)C4CCC3C2CC1
C1CCC(C2CCC3CC4C(CCCC45CCCCC5)CC32)CC1
C1CCC2CCC3CCCCC3C2CC1
C1CCC2CCC3C4CCCC4CCC3C2CC1
C1CCC(CCC2CCC(CCC3CCCC(CC4CCCC4)C3)CC2)CC1
C1CCC(CCC2(CCCC3CC4CCCCC4C3)CCC3C4CCC5CCCCC5C4CCC32)C1
C1CCC2C(C1)CCC1C3CCCC3CCC21
C1CCC(C2CCC3CC4C(CCC5C6CCC(CCCCC7CC8CCCCC8C7)C6CCC45)CC32)CC1
C1CCC(C2CCC3CC4C(CCC45CCCCCC5)CC32)CC1
C1CCC(CCC2CCCC3CC4C(CCC23)CCC4C2CCCCC2)CC1
C(CCCC1CCCC2C(C3CCCCC3)CCC12)CCC1CCC(C2CCCC2)C1
C1CCC(CCC2CCCCCC23CCC2C(CCC2C2CCCCC2)C3)CC1
C1CCC(CCCCCC2CC3CCCCC3C2)CC1
C1CCC(CCC2CCC3C(CCC3C3CCCCC3)C2)CC1
C1CCC(C2CCC3C(CCCCCC4CC4)CCCC23)CC1
C1CCC(C2CC3CCCC3C3CCC4CCCCC4C23)CC1
C1CCC(CCC2CCC3C(CCC3C3CCCCC3)C2)CC1
C1CCC(CCCCCC2CC3CCCCC3C2)CC1
C1CCC2CC(CC3CCCC4CCCC43)CCC2C1
C1CCC(C2CCC3CC4CCCCC4CCC3C2)CC1
C1CCC(CCCC2CCC3CCC(C4CCCC5CCCC54)CC3C2)CC1
C1CCC(C2CCC(CCCCCC3CCCC4C(C5CCCCC5)CCC34)C2)CC1
C1CCC(C2CCC3(CCC4CC5C(CCC5C5CCCCC5)CC43)C2)CC1
C1CCC2CCC3C(CCC4C3CC3CCCC34CCCC3CCCC3)C2CC1
C1CCC2C(C1)CCC1C3CCCC3CCCC21
C1CCC(CCCC2CCC3C(CCC4C5CCCC5CCC34)C2)CC1
C1CCC(CCC2CCC(CCC3CCCC(CC4CCCCC4)C3)CC2)CC1
C1CCC(C2CC3C(CCC4CC4)CCC3C3CCC4CCCCC4C23)CC1
C(CCCC1CCCC2CCCC12)CCC1CCC2CCCCC2C1
C1CCC(CCCCC2CC3CCCCC3C2)CC1
C1CCC2CCC(C3CCCC4CCCC43)CC2CC1
C1CCC(CCC(CCC2CCC3CCCC3C2)CC2CCCCC2)CC1
C1CCC2CCC3C(CCC4C3CCC4(CCCC3CCCC3)CCC3CCCC3)C2CC1
C1CC2CCC3C(CCC4CCCCC43)CC2C1
C1CCC2CCC3C(CCC4C3CCC4(CCCC3CC4CCCCC4C3)CCC3CCCC3)C2CC1
C1CCC(C2CC3CCCC3C3CCC4CCCCC4C23)CC1
C(CCC1CCC2CCCCC2C1)CCC1CCCC2CCCCC12
C1CCC(CCC2CC3CCCCC3C3CCC4CCCCC4C23)CC1
C1CCC2C(C1)CCCC1C3CCCC3CCC21
C(CCC1CCC2C(CCC3C4CCCC4CCC23)C1)CC1CCC(C2CCC(C3CC4CCCC4CC4CCC5CCCCC5C43)CC2)CC1
C1CCC2CCC(C3CCCC4CCCC43)CC2CC1
C1CCC(CC2CC3CCCCC3C3CCC4CCCCCC4C23)CC1
C1CCC(CCC2CCC3C(CCC3C3CCCCC3)C2)CC1
C1CCC(CCC(CCCC2CCC3CCCC3C2)CC2CCCCC2)CC1
C1CCC2CCC(C3CCCC4CCCC43)CC2CC1
C1CCC(CC2CC3CCCCC3C3CCC4CCCCCC4C23)CC1
C1CCC(CCCCCC2CCCC3C(C4CCCCC4)CCC23)CC1
C1CCC2CCC(C3CCCC4CCCC43)CC2CC1
C1CCC2CCC(C3CCCC4CCCC43)CC2CC1
C1CCC2C(C1)CCC1C3CCCC3CCC21
C(CCC1CCCC1)CCC1CCCCC2CCCCC12
C1CCC2CCC(C3CCCC4CCCC43)CC2CC1
C1CCC(CCCCC2CCC3CCCCC23)CC1
C1CCC(C2CCC3CC4C(CCCC5C6CCC(CCCC7CCC8CCCCC8C7)C6CCC45)CC32)CC1
C1CCC(C2CC3CCCC3C3CCC4CCCCC4C23)CC1
C1CCC(CCCCCC2CCCC3C(CC4CCCCC4)CCC23)CC1
C1CCC2CC(CC3CCCC4CCCC43)CCC2C1
C1CCC(CCCC2CCCC(C3CCC4CC(CCC5CCC6CCCCCC6C5)CCC43)C2)CC1
C1CCC2C(C1)CCC1C3CCCC3CCC21
C1CCC2CC(C3CCCC4CCCC43)CCC2C1
C1CCC2CCC3C4CCCC4CCC3C2CC1
C1CCC(CCCCC2CC3CCCCC3C2)CC1
C1CCC(C2CCC(CCCCCC3CCCC4CCCCC34)C2)CC1
C1CCC(CCCC2CCC(C3CCC4C(CCC4C4CCCCC4)C3)CC2)CC1
C1CCC2C(C1)CCC1C3CCCC3CCC21
C(CCC1CCCC2CCCCC12)CC1CC2CCCCC2C1
C(CCC1CCCC2CCCCC12)CCC1CCCC2CCCCC12
C1CCC(CCC2CCC3C(CCC3C3CCCCC3)C2)CC1
C1CCC(C2CC3CCCC3C3CCCC4CCCCC4C23)CC1
C1CCC(CCCC2CCC3C(CCC3C3CCCCC3)C2)CC1
C1CCC2CCC3C4CCC(CCCC5CC6CCCCC6C5)C4CCC3C2CC1
C1CCC(C2CC3CCCCC3C3CCC4CCCCC4C23)CC1
C1CCC(CC2CCCC(C3CCC4CC(CCC5CCC6CCCCC6C5)CCC43)C2)C1
C1CCC2CCC3C4CCC(CCCC5CC6CCCCC6C5)C4CCC3C2CC1
C1CCC(CCCC2CCCC(C3CCC4CC(CCC5CCC6CCCCC6C5)CCC43)C2)CC1
C1CCC(CCC(CCC2CCC3CCCC3C2)CC2CCCCC2)CC1
C1CCC2CC(CCCC3CCCC4CCCCC43)CC2C1
C1CCC(CCC2CC3CCCC3C3CCC4CCCCC4C23)CC1
C1CCC(C2CCC3C(CCC34CCCC4)C3CCC4CCCCCC4C23)CC1
C1CCC(CCC2CCC(C3CC3)CC2)CC1
C1CCC(CCCC2(CCC3CCCC3)CCC3C4CCC5CCCCC5C4CCCC32)C1
C1CCC(CCCCCC2CCCC3C(C4CCCCC4)CCC23)CC1
C1CCC(CCC2CCC3C(CCC3C3CCCCC3)C2)CC1
C1CCC2CC3CCC4CCCC4C3CCC2C1
C1CCC(CCC2CCC3C(CCC4CCCCC43)C2)CC1
C1CCC(C2CCC3(CCC4CC5C(CCC5C5CCCCC5)CC43)C2)CC1
C(CCCC1CCCCC1)CCCC1CCC(C2CCCCC2)C1
C(CCCC1CCCC2C(C3CCCCC3)CCC12)CCC1CCC(C2CCCC2)C1
C1CCC(CC2CC3CCCCC3C3CCC4CCCCCC4C23)CC1
C1CCC2CCC3C4CCCC4CCC3C2CC1
C1CCC(CCCCC2CC3CCCCC3C2)CC1
C(CCC1CCCC2CCCCC12)CC1CC2CCCCC2C1
C1CCC(CCCC23CCCC2CC2C4CCC5CCCCC5C4CCC23)CC1
C1CCC(CCC2CCC3C2CCC2C4CCCCC4CCC32)C1
C1CCC2CC(CCCC3CCCC4C3CCC3C5CCCCC5CCC43)CC2C1
C1CCC(C2CC3CCCC3C3CCC4CCCCC4C23)CC1
C1CCC(C2CC3C(CCC4CC4)CCC3C3CCC4CCCCC4C23)CC1
C1CCC(C2CC3CCCC3C3CCC4CCCCCC4C23)CC1
C1CCC(CCCCCC2CCCC3C(C4CCCCC4)CCC23)CC1
C1CCC(C2CCC3CC4C(CC5CCC6CCCCC65)CCCCC4CC32)CC1
C1CCC(CCC2CCCC3CC4C(CCC23)CCC4C2CCCCC2)CC1
C(CCCC1CCCC2C(C3CCCCC3)CCC12)CCC1CC1
C1CCC2C(C1)CC(C1CCCC1)C1CCCCC21
C1CCC(CCCC2(CCC3CCCC3)CCC3C4CCC5CCCCC5C4CCC32)C1
C1CCC(CCCCC2CCC3CCCCC23)CC1
C1CCC2C(C1)CCC1C3CCCC3CCC21
C1CCC(CC2CCCC(CC3CC4CCCCC4C4CCC5CCCCC5C34)C2)CC1
C1CCC2C(C1)CCC1CCCCC12
C1CCC(CCC2CCC(CC3CCCC4C(C5CCCCC5)CCC34)C2)CC1
C(CCC1CCCC2CCCCC12)CC1CCC2CCCCC2C1
C1CCC2CC(CC3CCCC4CCCC43)CCC2C1
C(CCCC1CCCC2C(C3CCCCC3)CCC12)CCC1CCCCC1
C1CCC2CCC(C3CCCC4CCCC43)CC2CC1
C(CCC1(C2CCCC2)CCCCC2CCCCC21)CC1CCC2CCCCC2C1
C1CCC(CCC2CCCC3CC4C(CC5CCCCC5)CCC4CC23)CC1
C1CCC(CCCCCC2CCCC3C(C4CCCCC4)CCC23)CC1
C1CCC(CC2CCC3CC4C(CCC5C6CCC(CCCC7CC8CCCCC8C7)C6CCC45)CC23)CC1
C(CCC1CCCCC2CCCCC12)CC1CCC2CCCCC2C1
C1CCC(CC2CCC3C(CCC3C3CCCCC3)C2)CC1
C1CCC2CC(CCCC3CCC4C3CCC3C5CCCCC5CCC43)CC2C1
C1CCC(CCCCCC2CC3CCCCC3C2)CC1
C1CCC(CCCCC2CCC3C2CCC2C4CCCCC4CCC32)CC1
C1CCC(CC2CC3CCCCC3C3CCCCC23)CC1
C1CCC(CC2CC3CCCCC3C3CCC4CCCCC4C23)CC1
C1CCC(CCCCC2CC3CCCCC3C2)CC1
C1CCC2CC(CCCC3CCC4C3CCC3C5CCCCC5CCC43)CC2C1
C1CCC(C2CCC3C(CCC4CCCCC43)C2)CC1
C1CC2CCCC2C(CC2CC3CCCCC3C3CCCC23)C1
C1CCC(C2CCC3C(CCC4CCCCC43)C2)CC1
C1CCC(C2CC3CCCCC3C3CCC4CCCCC4C23)CC1
C1CCC(CC2CCC3CC4C(CCCC45CCCC5)CC23)CC1
C1CCCC(CCC2CCC(CCC3CCCCC3)CC2)CC1
C1CCC2CCC3CCCCC3C2CC1
C1CCC2CCC(C3CCCC4CCCC43)CC2CC1
C1CCC(CCC2CCC3C(CCC3C3CCCC(CC4CCCC4)C3)C2)CC1
C1CCC2CC(C3CCCC3)C3CCCC3C2CC1
C1CCC(CCCCCC2CCC3CCCCC23)CC1
C1CCC(CCCCC2CC3CCCCC3C2)CC1
C1CCC(CCCC2CCCC3CCC(CC4CCCC5CCCC54)CC23)CC1
C1CCC(CCC2CCCCC3CC4C(CCC4C4CCCCC4)CC23)CC1
C1CCC(CCCC2CCC3C(CCC4CC(C5CCCCC5)CCC43)C2)CC1
C1CCC(CCC2CCCCC2)CC1
C1CCC(CCCC2CCC3C(CCC4C5CCCC5CCC34)C2)CC1
C1CCC(CCC2CCC(CCCC3CCCC(CC4CCCC4)C3)CC2)CC1
C1CCC(C2CCC3C(CCC3C3CCCCC3)C2)CC1
C1CCC(CCC2CCC3C(CCC4CC(C5CCCCC5)CCC43)C2)CC1
C1CCC2CCC3C4CCCC4CCC3C2CC1
C1CCC2CCCCC2C(CCCCC2CCCC3CCCCC23)C1
C1CCC(C2CCC3CCC4C(CCCC45CCCC5)CC32)CC1
C1CCC(CC2CCC(CC(CC3CCCCC3)C3CCCCC3)CC2)CC1
C1CCC(CCCCC2CCC3CCCCC23)CC1
C1CCC(C2CCC3CC4C(CCC45CCCCC5)CC32)CC1
C1CCC(CCCC2(CCCC3CCC4CCCCC4C3)CCC3C4CCC5CCCCC5C4CCC32)C1
C1CCC2C(C1)CCC1C3CCCCC3CCC21
C1CCC(CCC2CCC(CCC3CCCC(CC4CCCC4)C3)CC2)CC1
C1CCC(C2CCC3C(CCCCCC4CCC(C5CCCC5)C4)CCCC23)CC1
C1CCC(CCC2CCC3C(CCC3C3CCCCC3)C2)CC1
C1CCC(C2CC3CCCC3C3CCC4CCCCC4C23)CC1
C1CCC(CC2CCC3CC4C(CCC45CCC(C4CCCCC4)C5)CC23)CC1
C1CCC(CCC(CC2CC2)CC2CC3CCCCC3C2)CC1
C1CCC(C2CC3CCCCC3C3CCC4CCCCC4C23)CC1
C1CCC(CC2CCC3C(CCC3C3CCCCC3)C2)CC1
C1CCC(CCCC2CCC3C(CCC3C3CCCCC3)C2)CC1
C(CCCCC1CCC(C2CCCCC2)C1)CCCC1CCCCC1
C1CCC(C2CCC3CC4C(CCCC45CCCC5)CC32)CC1
C1CCC2C(C1)CCC1CCCCC12
C1CCC(C2CC3CCCCC3C3CCC(CCCC4CCCC4)CC23)CC1
C1CCC(CCC2CCC3C(CCC3C3CCCCC3)C2)CC1
C1CCC2C(C1)CCCC1C2CCC2C3CCCC3CC21
C(CCCC1CCCC2C(C3CCCCC3)CCC12)CCC1CCCCC1
C1CCC(CCCCCC2CCCC3C2CCC3C2CCCC(CCC3CCCC3)C2)CC1
C1CCC(CCCCCC2CC3CCCCC3C2)CC1
C1CCC(CCCCCC2CC3CCCCC3C2)CC1
C1CCC(CCC(CCC2CCC3CCCC3C2)CC2CCCCC2)CC1
C1CCC(CCCC2CCC3CCC(C4CCCC5CCCC54)CC3C2)CC1
C1CCC(C2CCC(CCCCCC3CCCC4C(C5CCCCC5)CCC34)C2)CC1
C1CCC(C2CCC3CC4C(CCC45CCCCCC5)CC32)CC1
C1CCC2C(C1)CCC1C3CCCCC3CCC21
C1CCC(CCCCC2CC3CCCCC3C2)CC1
C1CCC(C2CCC(CCCCCC3CCCC4C(C5CCCCC5)CCC34)C2)CC1
C1CCC(CC2CCC3C(CCC3C3CCCCC3)C2)CC1
C1CCC2CC(C3CCCC4CCCC43)CCC2C1
C1CCC2CC(CCCC3CCC4C3CCC3C5CCCCC5CCCC43)CC2C1
C1CCC(CCCC2CCC(CCC3CCCC(CC4CCCC4)C3)CC2)CC1
C1CCC(C2CC3C(CCCC4CC4)CCC3C3CCC4CCCCC4C23)CC1
C(CCCC1CCCC2C(C3CCCCC3)CCC12)CCC1CCCCC1
C1CCC2C(C1)CC(C1CCCC1)C1CCCC21
C1CCC(CCCC2(CCCC3CCC4CCCCC4C3)CCC3C4CCC5CCCCC5C4CCC32)C1
C1CCC2C(C1)CCC1CCCCC12
C1CCC2CCC(C3CCCC4CCCC43)CC2CC1
C(CCCC1CCCC2CCCCC12)CCC1CCC(C2CCCC2)C1
C1CCC(C2CCC3CC4CCCCC4CC32)CC1
C1CCC2C(C1)CCC1C2CCC2C3CCCC3CC21
C1CCC(CCCCCC2CC3CCCCC3C2)CC1
C1CCC(CCCCC2CC3CCCCC3C2)CC1
C1CCC(C2CCC3CCCC3C3CCC4CCCCC4C23)CC1
C1CCC(CCCCCC2CCCC3C2CCC3C2CCCC(CC3CC3)C2)CC1
C(CCC1CCCC2CCCCC12)CC1CCC2CCCCC2C1
C(CCCC1CCCC2C(C3CCCCC3)CCC12)CCC1CCCCC1
C1CCC(C2CC3CCCC3C3CCC4CCCCC4C23)CC1
C1CCC(CCC2CCC3C(CCC4CCCCC43)C2)CC1
C1CCC(CC2CCC3CCCCC3C3CCC4CCCCC4C23)C1
C1CCC(CCCC2CCC3CCC(C4CCCC5CCCC54)CC3C2)CC1
C1CCC(C2CCC3CC4C(CCCC5C6CCC(CCCC7CCC8CCCCC8C7)C6CCC45)CC32)CC1
C(CCC1CCCCC2CCCCC12)CC1CCC2CCCCC2C1
C1CCC(CCCC2CCC3C(CCC4C5CCCC5CC(CCC5CCCCC5)C34)C2)CC1
C1CCC(CCCCC2CCC3CCC(C4CCCC5CCCC54)CC3C2)CC1
C(CCCC1CCCC2C(C3CCCCC3)CCC12)CCC1CCCCC1
C1CCC(CC2CC3CCCCC3C3CCC4CCCCCC4C23)CC1
C1CCC2CC(CCCC3CCC4C3CCC3C5CCCCC5CCC43)CCC2C1
C1CCC2CCC(C3CCCC4CCCC43)CC2CC1
C1CCC2CCC3C(CCC4C5CCCC5CC43)C2CC1
C1CCC(CCCC2(CCCC3CCCC3)CCC3C4CCC5CCCCC5C4CCC32)C1
C1CCC(C2CCC3CC4C(CCC5C6CCC(CCCCC7CCC8CCCCC8C7)C6CCC45)CC32)CC1
C1CCC(CCC2CCC3C(CCC3C3CCCCC3)C2)CC1
C1CCC(CC2CC3CCCCC3C3CCC4CCCCCC4C23)CC1
C1CCC2C(C1)CCC1C3CCCC3CCC21
C(CCC1CCC2CCC(C3CCCC4CCCC43)CC2C1)CC1CCC2CCCC2C1
C1CCC(CCCCC2CC3CCCCC3C2)CC1
C(CCC1CCCC2CCCCC12)CC1CCCC2CCCCC12
C1CCC2CCC3C4CCCCC4CCC3C2CC1
C(CCC1CCCC2CCCCC12)CC1CCCC2CCCCC12
C1CCC2CC(C3CCCC4CCCC43)CCC2C1
C1CCC(CCCCCC2CCC3CCCCC23)CC1
C1CCC2CCC3C(CCC4C3CCC4(CCCC3CC4CCCCC4C3)CCC3CCCC3)C2CC1
C1CCC(CCCC2CCCC(C3CCC4CC(CCC5CCC6CCCCC6C5)CCC43)C2)CC1
C1CCC2CCC(C3CCCC4CCCC43)CC2CC1
C1CCC2CC(CCCC3CCC4C3CCC3C5CCCCC5CCCC43)CC2C1
C1CCC2CC(C3CCCC4CCCC43)CCC2C1
C1CCC(CCCC2CCC3C4CCC5CC6C(CCC6C6CCCCC6)CC5C(CCC23)C4)CC1
C1CCC(C2CCC3CC4C(CCC45CCCCC5)CC32)CC1
C(CC1CCC2CCCC2C1)CC1CCCC2CCC(C3CCCC4CCCC43)CC2C1
C1CCC2CCC3C4CCCCC4CC(CC4CCCC4)C3C2CC1
C1CCC(C2CCC3CC4C(CCCCC5CC5)CCCC4CC32)CC1
C1CCC(CC2CCC3C(CC4CCCCC4)CCC3C2)CC1
C(CCC1CCCC2CCCCC12)CC1CCC2CCCCC2C1
C1CCC(C2CCC(C3CCC4CCCC4C4CCC5CCCCC5C34)CC2)C1
C1CCC(CCC2CCC3C(CCC4CC(C5CCCCC5)CCC43)C2)CC1
C(CCC1CCC2CCCCC2C1)CCC1CCCC2CCCCC12
C1CCC(CCCCC2CC3CCCCC3C2C2CCCCC2)CC1
C(CCC1(CC2CCCC2)CCCC2CCCCC21)CC1CCC2CCCCC2C1
C1CCC(CCCCCC2CCCC3CCCC23)CC1
C1CCC2C(C1)CCCC2CC1CCC2CCCCC2C2CCC3CCCCC3C12
C1CCC(C2CCC3CC4C(CCC45CCCC5)CC32)CC1
C1CCC(C2CCC3CC4(CCCCCC4C4CCCCC4)CCC32)CC1
C1CCC2CCC3C4CCC(CCCC5CC6CCCCC6C5)C4CCC3C2CC1
C(CCCCC1CCC(C2CCCCC2)C1)CCCC1CCCCC1
C(CCCC1CCCCC1)CCC1CCCCC1
C(CCCCC1CCC(C2CCCCC2)C1)CCCC1CCC2CCCC2C1
C1CCC2CC(CC3CCCC4CCCC43)CCC2C1
C1CCC2C(C1)CCC1CCCCC12
C1CCC2CC(C3CCCC4CCCC43)CCC2C1
C1CCC2CC(CCCC3CCC4C3CCC3C5CCCCC5CCC43)CC2C1
C1CCC(CCCCCC2CCC3CCCCC23)CC1
C1CCC(CCCC2CCC(C3CCC4C(CCC4C4CCCCC4)C3)CC2)CC1
C1CCC2CCC3C4CCCC4CCC3C2CC1
C1CCC(C2CCC3C(CCC4CCCCC43)C2)CC1
C1CCC(CC2CC3CCCCC3C3CCC4CCCCCC4C23)CC1
C1CCC(C2CC3CCCC3C3CCC4CCCCC4C23)CC1
C(CCC1CCC2CCCCC2C1)CCC1CCCC2CCCC12
C1CCC(CCC(CCC2CCC3CCCC3C2)CC2CCCCC2)CC1
C1CCC(C2CCC3CC4C(CCC45CCCCC5)CC32)CC1
C1CCC(CCC2CCCCC2)CC1
C1CCC(CCC2CCC(CCC3CCCC(CC4CCCC4)C3)CC2)CC1
C1CCC(C2CC3CCCCC3C3CCCCC23)CC1
C1CCC(C2CCC3CC4C(CCCC45CCCC5)CC32)CC1
C(CCCC1CCCCC1)CCCC1CCC(C2CCCCC2)C1
C1CCC(CCCCCC2CCCC3C(C4CCCCC4)CCC23)CC1
C1CCC(CCCC2(CCCC3CCC4CCCCC4C3)CCC3C4CCC5CCCCC5C4CCC32)C1
C1CCC(CCCCC2CCC3CCCCC23)CC1
C1CCC(C2CCC3C(CCC4CCCCC43)C2)CC1
C1CCC(CC2CC3CCCCC3C3CCC4CCCCCC4C23)CC1
C1CCC(C2CC3C(CCC4CC4)CCC3C3CCC4CCCCCC4C23)CC1
C1CCC2CCC3C4CCCCC4CC(CC4CCCC4)C3C2CC1
C1CCC(C2CC3CCCC3C3CCC4CCCCC4C23)CC1
C1CCC(CCC2CCCC3CC4C(CC5CCCCC5)CCC4CC23)CC1
C1CCC(C2CC3CCCC3C3CCC4CCCCC4C23)CC1
C(CCCCC1CCC(C2CCCCC2)C1)CCCC1CCCCC1
C(CCC1CCCC2CCCC12)CC1CC2CCCCC2C1
C1CCC(CCCCCC2CCCCC2)CC1
C1CCC(CCCCC2CCC3CCCCC23)CC1
C1CCC(CCC(CCC2CCCCC2)CCC2CCC3CCCC3C2)CC1
C1CCC(CCCCCC2CC3CCCCC3C2)CC1
C(CCCCC1CCC(C2CCCCC2)C1)CCCC1CCCCC1
C1CCC(CCC2CCC3C(CCC3C3CCCCC3)C2)CC1
C1CCC(CC2CC3CCCCC3CC3CCC4CCCCC4C32)CC1
C1CCC(C2CCC3CC4C(CCCC45CCCC5)CC32)CC1
C1CCC(C2CCC3CC4C(CCC5C6CCCC(CCCC7CC8CCCCC8C7)C6CCC45)CC32)CC1
C(CCCCC1CCC(C2CCCCC2)C1)CCCC1CCCCC1
C1CCC(CCCCC2CC3CCCCC3C2)CC1
C1CCC2CC(C3CCCC4CCCC43)CCC2C1
C1CCC(CC2CC3CCCCC3C3CCC4CCCCC4C23)CC1
C(CCC1CCCC2CCCC12)CC1CC2CCCCC2C1
C1CCC2C(C1)CCC1C3CCCCC3CCC21
C1CCC(CCC2CCCC3CC4C(CCC4C4CCCCC4)CC23)CC1
C1CCC(C2CCC3CCC4C(CCC45CCCC5)CC32)CC1
C(CCCC1CCCCC1)CCCC1CCC(C2CCCCC2)C1
C1CCC(CCC2CCC3C(CCC3C3CCCCC3)C2)CC1
C1CCC2C(C1)CCC1C3CCCC3CCC21
C1CCC(CCC2CCCCC2)CC1
C1CCC(CCC2CCC3C(CCC3C3CCCC(CCC4CCCC4)C3)C2)CC1
C1CCC(CCCCC2CC3CCCCC3C2)CC1
C1CCC(CCC2CCC(CCC3CCCCC(CC4CCCC4)C3)CC2)CC1
C1CCC(C2CCC3CC4C(CCCC45CCCCC5)CC32)CC1
C1CCC(CCC2CCC3C(CCC3C3CCCCC3)C2)CC1
C1CCC2C(C1)CCCC2CCCC1CCCC2CCCCC21
C1CCC(C2CCC(CC3CC4CCCCC4C4CCC5CCCCC5C34)CC2)CC1
C1CCC(CCC2CCC3C(CCC3C3CCCCC3)C2)CC1
C1CCC(C2CCC3CC4CCCCC4CCC32)CC1
C1CCC(CCCCCC2CCCC3C(CC4CCCCC4)CCC23)CC1
C1CCC(CCCC2CCC3CCC(CC4CCCC5CCCC54)CC3C2)CC1
C(CCCC1CCCCC1)CCCC1CCC(C2CCCCC2)C1
C1CCC(CCC2CCC(C3CCC4C(CCC4C4CCCCC4)C3)CC2)CC1
C1CCC(CCCCCC2CCCC3C(C4CCCCC4)CCC23)CC1
C1CCC(CCCCCC2CCCC3C(CC4CCCCC4)CCC23)CC1
C1CCC(CCCC2CCC(CCC3CCCCC3)CC2)CC1
C1CCC2CCC3C(CCC4C3CCC4(CCCC3CC4CCCCC4C3)CCC3CCCC3)C2CC1
C1CCC(C2CC3CCCC3C3CCC4CCCCC4C23)CC1
C1CCC2C(C1)CCC1C3CCCCC3CCC21
C1CCC(C2CC3CCCC3C3CCC4CCCCC4C23)CC1
C1CCC(C2CC3CCCCC3C3CCC4CCCCC4C23)CC1
C1CCC(C2CC3CCCCC3C3CCC4CCCCC4C23)CC1
C1CCC(C2CCC(CCCCCC3(C4CCCCC4)CCC3)C2)CC1
C1CCC(CCCCCC2CCC3CCCCC23)CC1
C1CCC(C2CC3CCCC3CC3CCC4CCCCC4C32)CC1
C1CCC(CCC2CCC3C(CCC4C5CCCC5CCC34)C2)CC1
C1CCC(CCCCC2CC3CCCCC3C2)CC1
C1CCC(CCC2CCC3C(CCC3C3CCCCC3)C2)CC1
C1CCC(CCCCCC2CCCC3C(C4CCCCC4)CCC23)CC1
C1CCC(C2CCC3CC4CCCCC4CCC32)CC1
C1CCC(CCCCC2CC3CCCCC3C2)CC1
C1CCC(CCCCC2CCC3CCCCC23)CC1
C1CCC(CCCCCC2CCCC3C2CCC3C2CCCC(CCC3CC3)C2)CC1
C1CCC(C2CCC3CC4C(CCCC45CCCC5)CC32)CC1
C1CCC2CC(CCCC3CCC4C3CCC3C5CCCCC5CCC43)CC2C1
C1CCC2CC(CCCC3CCCC4CCCCC43)CC2C1
C1CCC(CCC2CCC3C(CCC3C3CCCCC3)C2)CC1
C1CCC(CCC2CCC3C(CCC3C3CCCCC3)C2)CC1
C1CCC(CCC2CCC3C(CCC4C5CCCC5CCC34)C2)CC1
C1CCC(CCCCCC2CCC3CCCCC23)CC1
C(CCCC1CCCC2CCCCC12)CCC1CCC(C2CCCCC2)C1
C(CCCC1CCCC2C(C3CCCCC3)CCC12)CCC1CCCCC1
C(CCC1CCC2C1CCC1C3CCCCC3CCC21)CC1CC2CCCCC2C1
C1CCC2CC3CCCCC3CCC2C1
C(CCCC1CCCC2C(C3CCCCC3)CCC12)CCC1CCCCC1
C1CCC(CC2CCC3C(CCC3C3CCCCC3)C2)CC1
C1CCC(CCCC(CC2CC3CCCCC3C2)C2CC2)CC1
C1CCC2CCC3C4CCC(CCC5CCCC5)C4CCC3C2CC1
C1CCC(C2CC3CCCC3C3CCCC4CCCCC4C23)CC1
C1CCC(CCCCC2CC3CCCCC3C2)CC1
C1CCC(CCC2CCC(CCC3CCCC(CC4CCCC4)C3)CC2)CC1
C(CCC1CCCC2CCCCC12)CC1CCCC2CCCCC12
C(CCCC1CCC2CCCC2C1)CCC1CCCCC1
C1CCC(CC2CC3CCCCC3C3CCC4CCCCC4C23)C1
C1CCC2CCC3C4CCCCC4CC(CC4CCCC4)C3C2CC1
C1CCC(C2CCC3CC4C(CCCC5C6CCC(CCCC7CC8CCCCC8C7)C6CCC45)CC32)CC1
C1CCC(CC2CC3CCCCC3C3CCC4CCCCC4C23)C1
C1CCC(C2CC3CCCC3C3CCC4CCCCC4CC23)CC1
C(CCC1CCCC2CCCC12)CC1CC2CCCCC2C1
C1CCC2C(C1)CCC1C3CCCC3CCC21
C(CCCC1CCCCC1)CCCC1CCC(CC2CCCCC2)C1
C(CCC1CCCC2CCCC12)CC1CC2CCCCC2C1
C(CCC1CCCC2CCCCC12)CC1CCCC2CCCCC12
C1CCC(CCCC2CCCC3C2CCC2C4CCCCC4CCC32)C1
C1CCC(CC2CCCC(CC3CC4CCCCC4C4CCC5CCCCC5C34)C2)CC1
C1CCC(CC23CCCCC2CCCC2C4CCCC4CCC23)CC1
C1CCC(CCCCCC2CC3CCCCC3C2)CC1
C1CCC2C(C1)CCC1C3CCCC3CCC21
C1CCC(CCCCC2CCCCC3CCC(C4CCCCC4)CC23)CC1
C1CCC(CCCCC2CC3CCCCC3C2)CC1
C1CCC(CC2CC3CCCCC3C3CCC4CCCCCC4C23)CC1
C1CCC(CCC2CCC3C(CCC3C3CCCCC3)C2)CC1
C1CCC(C2CC3C(CCC4CC4)CCC3CC3CCC4CCCCC4C32)CC1
C(CCCCC1CCC(C2CCCCC2)C1)CCCC1CCC2CCCC2C1
C1CCC2CC(CCCC3CCC4C3CCC3C5CCCCC5CCC43)CC2C1
C1CCC(CCC2CCC(C3CCC4C(CCC4C4CCCCC4)C3)CC2)CC1
C1CCC(CCCC2CCC(CC3CCC4C(CCC4C4CCCCC4)C3)CC2)CC1
C1CCC(CCCCCC2CC3CCCCC3C2)CC1
C1CCC(CCCCC2CC3CCCCC3C2)CC1
C1CCC(C2CCC3CCCCC3C3CCCCC23)CC1
C1CCC(CCCC2CCCC3CC4C(CCC4C4CCCCC4)CC23)CC1
C1CCC(CCCC2CCC(C3CCC4C(CCC4C4CCCCC4)C3)CC2)CC1
C1CCC(CCC2CCC(C3CCC4C(CCC4C4CCCCC4)C3)CC2)CC1
C1CCCC(CCCC2CCC3CCC(C4CCCC5CCCC54)CC3C2)CC1
C1CCC(C2CCC3CCC4CCCCC4C3CC2)CC1
C1CCC(CC2CC3CCCCC3C3CCC4CCCCCC4C23)CC1
C(CCCC1CCCCC1)CCCC1CCC(C2CCCCC2)C1
C1CCC2C(C1)CCC1C3CCCC3CCC21
C1CCC(C2CC3CCCC3C3CCC4CCCCC4C23)CC1
C(CCCC1CCCCC1)CCCC1CCC(C2CCCCC2)C1
C1CCC2C(C1)CCC1C3CCCC3CCC21
C1CCC(CCC2CCC3C(CCC3C3CCCC(CC4CCCCC4)C3)C2)CC1
C1CCC(CCCCC2CC3CCCCC3C2)CC1
C1CCC2C(C1)CCC1C3CCCC3CCC21
C1CCC(C2CC3CCCC3C3CCC4CCCCC4C23)CC1
C1CCC2CC(CCCC3CCC4C3CCCC3C5CCCCC5CCC34)CCC2C1
C1CCC(CCC2CCC3C(CCC3CC3CCCC(CC4CCCC4)C3)C2)CC1
C1CCC(CCCCCC2CCCC3C(CC4CCCCC4)CCC23)CC1
C1CCC(C2CCC3C(CCC4CCCCC43)C2)CC1
C(CCCC1(C2CCCCC2)CCC1)CCC1CCC(C2CCCCC2)C1
C1CCC(CCC(CCC2CC3CCCCC3C2)C2CC2)CC1
C1CCC(CCC2CCC3C(CCC3C3CCCCC3)C2)CC1
C1CCC(CCCC2CCC3CCC(C4CCCC5CCCC54)CC3CC2)CC1
C1CCC(CCC(CCCC2CCC3CCCC3C2)CC2CCCCC2)CC1
C1CCC2C(C1)CCCC1CCCCC12
C(CCCC1CCCCC1)CCCC1CCC(C2CCCCC2)C1
C1CC2CCCC2C(CC2CC3CCCCC3C3CCCC23)C1
C1CCC(C2CCC3CC4C(CCC5C6CCC(CCCC7CCC8CCCCC8C7)C6CCC45)CC32)CC1
C1CCC(C2CCC3C(CCC4CCCCC43)C2)CC1
C1CCC(CCC2CCC3C(CCC3C3CCCCC3)C2)CC1
C1CCC(CCCC2CC3CCCCC3C2C2CCCCC2)CC1
C1CCC(CC2CCC3C(CC4CCCCC4)CCC3C2)CC1
C1CCC(C2CC3CCCC3C3CCC4CCCCC4C23)CC1
C1CCC(CCCCC2CC3CCCCC3C2)CC1
C1CCC2C(C1)CCC1CCCCC12
C1CCC2CC(C3CCCC4CCCC43)CCC2C1
C1CCC(CCCCC2CC3CCCCC3C2)CC1
C1CCC2C(C1)CCC1C2CCC2C3CCCC3CCC21
C1CCC(CCCCC2CC3CCCCC3C2)CC1
C1CCC(CCCC(CCC2CCC3CCCC3C2)CC2CCCCC2)CC1
C1CCC(CC2CCC3CC4C(CCC5C6CCC(CCCC7CC8CCCCC8C7)C6CCC45)CC23)CC1
C(CCC1CCCC2CCCCC12)CC1CCC2CCCCC2C1
C1CCC(CCC2CCC(CCC3CCCC(CC4CCCC4)CC3)CC2)CC1
C1CCC2CCC(C3CCCC4CCCC43)CC2CC1
C1CCC(C2CCC3C(CCCCCC4CCC(C5CCCC5)C4)CCCC23)CC1
C1CCC(C2CCC3CC4C(CCCC45CCCCC5)CC32)CC1
C1CCC2C(C1)CCC1C3CCCC3CCC21
C1CCC2CC(CCCC3CCC4C3CCCC3C5CCCCC5CCC34)CCC2C1
C1CCC(CCCCC2CCC3C2CCC2C4CCCCC4CCC32)CC1
C1CCC(CCCC2CCC(CCC3CCCC(CC4CCCC4)C3)CC2)CC1
C1CCC2C(C1)CCC1C3CCCC3CCC21
C1CCC2CC(CCCC3CCC4C3CCC3C5CCCCC5CCC43)CC2C1
C1CCC(CCCCC2CCC3CCC(C4CCCC5CCCC54)CC3C2)CC1
C1CCC(CCC2CCC3C(CCC4C5CCCC5CCC34)C2)CC1
C1CCC(C2CCC3CC4C(CCC32)CCC2C3CCC(CCCC5CCC6CCCCC6C5)C3CCC42)CC1
C1CCC(C2CCC3CC4C(CCC45CCCC5)CC32)CC1
C1CCC(CCCCC2CC3CCCCC3C2)CC1
C1CCC(CC2CC3CCCCC3C3CCC4CCCCCC4C23)CC1
C1CCC(CC2CC3CCCCC3C3CCC4CCCCCC4C23)CC1
C1CCC(CCCCCC2CC3CCCCC3C2)CC1
C1CCC(CCCC(CC2CC3CCCCC3C2)C2CC2)CC1
C(CCC1CCCC2CCCC12)CC1CC2CCCCC2C1
C1CCC(CCC2CCC3C(CCC3C3CCCC(CC4CCCCC4)C3)C2)CC1
C1CCC(CCCCC2CCC(C3CCC4C(CCC4C4CCCCC4)C3)CC2)CC1
C1CC2CCC3C(CCC4CCCCC43)CC2C1
C(CCC1CCCC2CCCCC12)CC1CCC2CCCCC2C1
C1CCC(CCCCC2CC3CCCCC3C2)CC1
C1CCC2C(C1)CCC1C3CCCC3CCC21
C1CCC2CCC3C4CCCC4CCC3C2CC1
C1CCC(C2CCC3C(CCCCCC4CC4)CCCC23)CC1
C1CCC2CC(CCCC3CCC4C3CCCC3C5CCCCC5CCC34)CC2C1
C1CCC2CCC3C4CCC(CCCC5CCC6CCCCC6C5)C4CCC3C2CC1
C1CCC(C2CC3CCCC3C3CCC4CCCCC4C3C2)CC1
C1CCC(CC2CCC3CCCCC3C3CCC4CCCCC4C23)CC1
C1CCC2CCC(C3CCCC4CCCC43)CC2CC1
C(CCCC1CCCC2C(C3CCCCC3)CCC12)CCC1CCCCC1
C1CCC(CCC2CCC(CC3CC3)CC2)CC1
C1CCC(C2CC3CCCC3C3CCC4CCCCC4C23)CC1
C1CCC2CCC3C4CCCCC4CC(CC4CCCC(C5CCCC5)C4)C3C2CC1
C1CCC(C2CCC3CC4C(CCC5C6CCCC6CCC45)CC32)CC1
C1CCC2C(C1)CC(C1CCCC1)C1CCCC21
C1CCC2C(C1)CCC1CCCCC12
C1CCC(C2CCC3CC4C(CCC5C6CCC(CCCCC7CCCC8CCCCC78)C6CCC45)CC32)CC1
C1CCC(CC2CCC(C3CCC4CCCC4C4CCC5CCCCC5C34)CC2)CC1
C1CCC(CCC2CCC(CC(CC3CCCCC3)C3CCCCC3)CC2)CC1
C1CCC(CCCCCC2CC3CCCCC3C2)CC1
C1CCC2CCC(C3CCCC4CCCC43)CC2CC1
C1CCC(C2CC3CCCC3C3CCC4CCCCC4C23)CC1
C1CCC(CCC(CCC2CCC3CCCC3C2)CC2CCCCC2)CC1
C1CCC(C2CCC(CCCCCC3CCCC4CCCCC34)C2)CC1
C1CCC(C2CCC3CC4C(CCC32)CCC2C3CCC(CCCC5CCCC6CCCCC65)C3CCC42)CC1
C1CCC(CC2CC3CCCC3C3CCC4CCCCC4C23)CC1
C1CCC(CCC2CCCC3CCC4C(CCC4C4CCCCC4)CC23)CC1
C1CCC(C2CC3CCCC3C3CCC4CCCCC4C23)CC1
C1CCC2CC(C3CCCC4CCCC43)CCC2C1
C1CCC(C2CCC3CCCCC3C3CCC(CCC4CCCC4)CC23)CC1
C1CCC(C2CC3CCCC3C3CCC4CCCCC4C23)CC1
C1CCC(CCCCC2CC3CCCCC3C2)CC1
C1CCC(C2CCC3CC4C(CCC32)CCC42CCCCC2)CC1
C1CCC(CCC2CC3CCCCC3C3CCC4CCCCC4C23)CC1
C1CCC(CC2CCC(CCCCCC3CCCC4CCCCC34)C2)CC1
C1CCC(C2CCC3C(CCCCCC4CCC(C5CCCC5)C4)CCCC23)CC1
C1CCC(C2CCC3C(CCC4CCCCC43)C2)C1
C1CCC(CCC2CCC3C(CCC3C3CCCCC3)C2)CC1
C(CCCCC1CCC(C2CCCCC2)C1)CCCC1CCCCC1
C1CCC2CC(C3CCCC4CCCC43)C3CCCC3C2CC1
C1CCC2CCC3C4CCCC4CCC3C2CC1
C1CCC(CCC2CCC3C(CCC3C3CCCCC3)C2)CC1
C1CCC(C2CCC3C(CCC3C3CCCCC3)C2)CC1
C1CCC2CC(CCCC3CCC4C3CCC3C5CCCCC5CCC43)CC2C1
C1CCC2C(C1)CCC1C3CCCCC3CCCC21
C1CCC(CCCCC2CC3CCCCC3C2)CC1
C1CCC(CCCC2CCC3CCC(C4CCCC5CCCC54)CC3C2)CC1
C1CCC(CCCCCC2CC3CCCCC3C2)CC1
C(CCC1CCCC2CCCCC12)CC1CC2CCCCC2C1
C1CCC(CCC(CCCC2CCC3CCCC3C2)CC2CCCCC2)CC1
C1CCC2C(C1)CCCC1CCCCC12
C1CCC(CCC2CCCC3CC4C(CCC4C4CCCCC4)CC23)CC1
C1CCC(C2CCC(C3CC4CCCC4C4CCCC5CCCCC5C34)CC2)C1
C1CCC(CC2CCC3CCCCC3C3CCC4CCCCC4C23)CC1
C1CCC(C2CCC3(CCC4CCC5C(CCC5C5CCCCC5)CC43)C2)CC1
C1CCC2C(C1)CCCC2CCCC1CCCC2CCCCC21
C1CCC(C2CCC(C3CC4CCCC4C4CCC5CCCCC5C34)CC2)C1
C1CCC(CCC2CCC(CCC3CCCC(CC4CCCC4)C3)CC2)CC1
C1CCC(C2CCCC3(CCC4CC5C(CCC5C5CCCCC5)CC43)C2)CC1
C1CCC(CCCCC2CC3CCCCC3C2)CC1
C1CCC2CC(CCCC3CCC4C3CCC3C5CCCCC5CCC43)CC2C1
C1CCC(CC2CCCC(CC3CC4CCCCC4C4CCC5CCCCC5C34)C2)CC1
C1CCC(C2CCC(CCCC3CCC4C3CCC3C5CCCCC5CCC43)C2)CC1
C1CCC2CC(CCCC3CCCC4C3CCC3C5CCCCC5CCC43)CCC2C1
C1CCC(CCCCC2CC3CCCCC3C2)CC1
C(CCC1CCC2CCCCC2C1)CCC1CCCCC2CCCCC12
C1CCC(CCCCCC2CC3CCCCC3C2)CC1
C1CCC(CC2CC3CCCCC3CC3CCC4CCCCC4C32)CC1
C1CCC(CC2CC3CCCCC3C3CCC4CCCCC4C23)C1
C1CCC(CCCCCC2CCCCC2)CC1
C1CCC(C2CCC(C3CC4CCCC4C4CCC5CCCCC5C34)CC2)C1
C1CCC2C(C1)CCC1CCCCC12
C1CCC(C2CCC(C3CC4CCCC4C4CCC5CCCCC5C34)CC2)C1
C1CCC(C2CC3CCCC3C3CCC4CCCCC4C23)CC1
C1CCC2CC(C3CCCC4CCCC43)CCC2C1
C1CCC(C2CCC3CC4C(CCC45CCCC5)CC32)CC1
C1CCC(CCC2CCC(C3CC3)CC2)CC1
C(CCC1CCC2CCCCC2C1)CCC1CCCC2CCCCC12
C(CCCC1CCCC2C(C3CCCCC3)CCC12)CCC1CCCCC1
C1CCC2CCC(C3CCCC4CCCC43)CC2CC1
C1CCC2C(C1)CCC1C3CCCC3CCC21
C1CCC(CCCCCC2CCC3CCCCC23)CC1
C1CCC(CCCCCC2CCCC3C2CCC3C2CCCC(CC3CCCC3)C2)CC1
C1CCC2CCC(C3CCCC4CCCC43)CC2CC1
C1CCC(CCCCCC2CCCC3CCC(C4CCCCC4)CC23)CC1
C1CCC(CC2CCC(CC(CC3CCCCC3)C3CCCCC3)CC2)CC1
C(CCCC1CCCC2C(C3CCCCC3)CCC12)CCC1CCCCC1
C1CCC(CCCCCC2CC3CCCCC3C2)CC1
C1CCC2CCC(C3CCCC4CCCC43)CC2CC1
C1CCC2CCC3C4CCCCC4CC(CC4CCCC4)C3C2CC1
C1CCC(CCCCC2CCCC3CCC(CC4CCCCC4)CC23)CC1
C1CCC(C2CCCCC2CC2CC3CCCCC3C3CCC4CCCCC4C23)CC1
C1CCC(CCC2CCC3C(CCC3C3CCCCC3)C2)CC1
C1CCC(C2CCC3CC4C(CC5CCC6CCCCC65)CCCCC4CC32)CC1
C1CCC2CCC3C4CCCC4CC(C4CCC(C5CCCC5)CC4)C3C2CC1
C1CCC(CCCCC2CC3CCCCC3C2)CC1
C1CCC(CCCC23CCCC2CC2C4CCC5CCCCC5C4CCC23)C1
C(CCCC1CCCC2C(C3CCCCC3)CCC12)CCC1CCCCC1
C1CCC(CCCCCC2CCC3CCCCC23)CC1
C1CCC(C2CCC3C(CCCC4CCCCC43)C2)CC1
C1CCC(CCCCCC2CCCC3C(C4CCCCC4)CCC23)CC1
C1CCC(C2CCC3CC4C(CCCC45CCCCC5)CC32)CC1
C1CCC(CCC2CCC(CCC3CCCC(CC4CCCCC4)C3)CC2)CC1
C1CCC(CC2CCC3CCCCC3C3CCC4CCCCC4C23)CC1
C1CCC(CCCC2CC3CCCCC3C2C2CCCCC2)CC1
C1CCC(CCCC2CCC3CCCC3C2)CC1
C1CCC(CC2CCC(CC(CC3CCCCC3)C3CCCCC3)CC2)CC1
C1CCC2CC(C3CCCC4CCCC43)CCC2C1
C1CCC2C(C1)CCC1CCCCC12
C1CCC(C2CCC3CC4C(CCCC4CC4CC5CCCCC5C4)CCC32)CC1
C1CCC2CC(C3CCCC4CCCC43)CCC2C1
C1CCC(CCCCCC2CC3CCCCC3C2)CC1
C1CCC(C2CC3CCCCC3C3CCCCC23)CC1
C1CCC2CC3CCCCC3CCC2C1
C1CCC(CCCCC2CCC(C3CCC4C(CCC4C4CCCCC4)C3)CC2)CC1
C(CCC1CCC2C1CCC1C3CCCCC3CCC21)CC1CCC2CCCCC2C1
C1CCC(CCCCCC2CCCC3C(CC4CCCCC4)CCC23)CC1
C1CCC2CCC(C3CCCC4CCCC43)CC2CC1
C1CCC(C2CCC3CC(C4CCC(CCC5CCCC5)CC4)CCC32)CC1
C1CCC2C(C1)CCC1C3CCCC3CCCC21
C1CCC(CCC2CCC3C(CCC3C3CCCCC3)C2)CC1
C1CCC(C2CCC3CC4C(CCCC5C6CCC(CCCC7CC8CCCCC8C7)C6CCC45)CC32)CC1
C1CCC(CCCCC2CC3CCCCC3C2)CC1
C1CCC2CC(C3CCCC4CCCC43)CCC2C1
C1CCC2CC3CCC(C4CCCCC4)C3CC2CC1
C1CCC2C(C1)CC(C1CCCC3CCCC31)C1CCCC21
C1CCC(C2CC3CCCC3C3CCC4CCCCC4CC23)CC1
C1CCC(CCC2CCC3C(CCC3C3CCCCC3)C2)CC1
C1CCC(C2CC3CCCC3C3CCC4CCCCC4C23)CC1
C1CCC(CCC2CCC3C(CCC4C5CCCC5CC(CCC5CCCCC5)C34)C2)CC1
C(CCCC1CCC(C2CCCCC2)C1)CCC1CCCCC1
C(CCCC1CCCC2C(C3CCCCC3)CCC12)CCC1CCCCC1
C1CCC(C2CC3CCCC3C3CCC4CCCCCC4C23)CC1
C1CCC(CCC(CCC2CCC3CCCC3C2)CC2CCCCC2)CC1
C1CCC(CCCCC2CCC3CCCCC23)CC1
C1CCC2C(C1)CC(C1CCCC3CCCC31)C1CCCC21
C1CCC(CCCC2CCC3CCC(C4CCCC5CCCC54)CC3C2)CC1
C(CCC1CCCC2CCCC12)CC1CC2CCCCC2C1
C(CCCC1CCCC2CCCC12)CCC1CCC2CCCCC2C1
C1CCC2CC(CCCC3CCC4C3CCCC3C5CCCCC5CCC34)CC2C1
C1CCC2C(C1)CCC1C3CCCC3CCC21
C(CCCC1CCCC2C(C3CCCCC3)CCC12)CCC1CCCCC1
C1CCC(CCCC2CC3CCCCC3C2C2CCCCC2)CC1
C1CCC(CCCCC2CC3CCCCC3C2)CC1
C1CCC(CC2CC3CCCCC3C3CCCCC23)CC1
C1CCC2CC(CCCC3CCC4C3CCC3C5CCCCC5CCCC43)CC2C1
C(CCCC1CCCCC1)CCCC1CCC(C2CCCCC2)C1
C1CCC2CCC3CCCCC3C2CC1
C1CCC(CCC2CCC3C(CCC3C3CCCCC3)C2)CC1
C1CCC(CCC2CCC(CCC3CCCC(CC4CCCC4)C3)CC2)CC1
C(CCCCC1CCC(C2CCCCC2)C1)CCCC1CCCCC1
C1CCC2CCC(C3CCCC4CCCC43)CC2CC1
C1CCC(CCCCCC2CC3CCCCC3C2)CC1
C1CCC(CCCC2CCCC(CC3CCC4CC(CCC5CCC6CCCCC6C5)CCC43)C2)CC1
C1CCC2CC(C3CCCC4CCCC43)CCC2C1
C1CCC(CCCCCC2CCCC3C(C4CCCCC4)CCC23)CC1
C1CCC(C2CC3C(CCC34CCCC4)C3CCC4CCCCC4C23)CC1
C1CCC(C2CCC(CCCCCC3CCCCC4CCCCC34)C2)CC1
C1CCC2CCC(C3CCCC4CCCC43)CC2CC1
C1CCC(CCCCCC2CC3CCCCC3C2)CC1
C1CCC2CCC3C(CCC4C3CCC4(CCCC3CC4CCCCC4C3)CCC3CCCC3)C2CC1
C1CCC(CCCCCC2CC3CCCCC3C2)CC1
C1CCC(CCCCC2CC3CCCCC3C2)CC1
C1CCC2CCCCC2C(CCCCC2CCCC3CCCCC23)C1
C1CCC(CCC2CCC3C(CCC4CCCCCC43)C2)CC1
C1CCC(CCC2CCC3C(CCC3C3CCCCC3)C2)CC1
C1CCC(C2CCC3CC4C(CCC45CCCC5)CC32)CC1
C1CCC2CCC(C3CCCC4CCCC43)CC2CC1
C1CCC2CC3CCC4CCCCC4C3CCC2C1
C1CCC(CCCCC2CCC3CCC(C4CCCC5CCCC54)CC3C2)CC1
C1CCC(C2CC3CCCC3C3CCC4CCCCC4C23)CC1
C1CCC2CCC(CCC3CCC4C(CCC4C4CCCC(CC5CCCC5)C4)C3)CC2CC1
C1CCC(CCCCC2CCC3CCCCC23)CC1
C(CCCCC1CCC(C2CCCCC2)C1)CCCC1CCCCC1
C1CCC2CCCC(CC3CC4CCCCC4C4CCC5CCCCC5C34)C2CC1
C1CCC(C2CCC3CC4CCCCC4CC32)CC1
C(CCCC1CCCCC1)CCCC1CCC(C2CCCCC2)C1
C1CCC(CC2CCCC2CC2CC3CCCCC3C3CCC4CCCCCC4C23)CC1
C1CCC(CCC2CCC(CCC3CCCC(CC4CCCC4)C3)CC2)CC1
C1CCC(CCCCCC2CC3CCCCC3C2)CC1
C1CCC(C2CC3CCCC3C3CCC4CCCCCC4C23)CC1
C(CCC1CCCC2CCCC12)CC1CC2CCCCC2C1
C1CCC(CCC2CCC3C(CCC3C3CCCCC3)C2)CC1
C1CCC(CCCCC2CCC3CCCCC23)CC1
C1CCC(CCCCC2CC3CCCCC3C2)CC1
C(CCCC1CCC2CCCC2C1)CCCC1CCC(C2CCCCC2)C1
C1CCC(CCCCCC2CCCC3C(C4CCCCC4)CCC23)CC1
C1CCC(CCC2CCC(CCCC3CCCC(CC4CCCC4)C3)CC2)CC1
C1CCC(CCC2CCC3C(CCC3C3CCCCC3)C2)CC1
C1CCC2CCC3C4CCC(CCCC5CC6CCCCC6C5)C4CCC3C2CC1
C1CCC(C2CCCCC2CC2CCC3CCCCC3C3CCC4CCCCC4C23)CC1
C(CCCCC1CCC(C2CCCCC2)C1)CCCC1CCCCC1
C1CCC(CCCCCC2CC3CCCCC3C2)CC1
C1CCC(C2CCC3CC4(CCCCCC4C4CCCCC4)CCC32)CC1
C1CCC(CCC2CCC3C(CCC3C3CCCCC3)C2)CC1
C(CCCC1CCCC2C(C3CCCCC3)CCC12)CCC1CCC(C2CCCC2)C1
C1CCC(CCC2(CCCC3CCC4CCCCC4C3)CCC3C4CCCC5CCCCC5C4CCC32)C1
C1CCC(CCCC2CCC(C3CCC4C(CCC4C4CCCCC4)C3)CC2)CC1
C1CCC(C2CCC3CC4C(CCCC45CCCCC5)CC32)CC1
C1CCC(CC2CCC(CC(CC3CCCCC3)C3CCCCC3)CC2)CC1
C1CCC(CCCC2CCC3C(CCC3C3CCCC(CC4CCCC4)C3)C2)CC1
C1CCC(CC2CCC3C(CCC3C3CCCCC3)C2)CC1
C(CCC1CCC(C2CCCC2)C1)CCC1CCCC2CCCCC12
C1CCC(C2CCC3(CCC4CC5C(CCC5C5CCCCC5)CC43)C2)CC1
C1CCC2C(C1)CCC1C3CCCCC3CCC21
C1CCC(CCCCCC2CC3CCCCC3C2)CC1
C1CCC(C2CC3CCCC3C3CCCC4CCCCC4C23)CC1
C1CCC(CCCC2CCC3CCC(C4CCCC5CCCC54)CC3C2)CC1
C1CCC(CCC2CCC(CCCC3CCCC(CC4CCCC4)C3)CC2)CC1
C1CCC(CCCCC2CC3CCCCC3C2)CC1
C1CCC2CCC3C4CCCC4CCC3C2CC1
C1CCC(CCC2CCC(C3CC3)CC2)CC1
C(CCC1CCC2CCCCC2C1)CCC1CCCC2CCCCC12
C1CCC(C2CCC(CCCC3CCC4C3CCC3C5CCCCC5CCC43)C2)CC1
C1CCC(C2CCC3CC4C(CCC5C6CCC(CCCC7CC8CCCCC8C7)C6CCC45)CC32)CC1
C(CCC1CCC2CCCCC2C1)CCC1CCCC2CCCCC12
C1CCC(CCC2CCC3C(CCC4CCCCCC43)C2)CC1
C1CCC(C2CC3CCCC3C3CCC4CCCCC4C23)CC1
C1CCC(CCC2CCC3C(CCC3C3CCCCC3)C2)CC1
C1CCC2CCC3C4CCC(CCCC5CC6CCCCC6C5)C4CCC3C2CC1
C1CCC(CCC2CCC3C(CCC3C3CCCC(CCC4CCCC4)C3)C2)CC1
C1CCC(C2CCC3CC4C(CCC45CCCCC5)CC32)CC1
C1CCC(CCCCCC2CCCC3C(C4CCCCC4)CCC23)CC1
C1CCC(CC2CC3CCCCC3C3CCC4CCCCC4C23)C1
C1CCC(CCCCCC2CC3CCCCC3C2)CC1
C1CCC(CCC2CCC3C(CC4CCCCC4)CCC3C2)CC1
C1CCC2CCC(C3CCCC4CCCC43)CC2CC1
C1CCC(CCCC2CCCC3CC4C(CCC4C4CCCCC4)CC23)CC1
C1CCC2CC(C3CCCC4CCCC43)CCC2C1
C1CCC2C(C1)CCC1CCCCC12
C1CCC(CCCCC2CCC3CCCCC23)CC1
C1CCC(CCC(CCC2CC3CCCCC3C2)C2CC2)CC1
C1CCC(CCCC2CCCC3C2CCC2C4CC5CCC(C6CCCCC6)C5CC4CCC32)CC1
C1CCC(C2CCC3CCC4CCCCC4CC32)CC1
C1CCC(CCC2CCC3C(CCC3C3CCCC(CC4CCCC4)C3)C2)CC1
C1CCC2CCC3C4CCC(CCCC5CC6CCCCC6C5)C4CCC3C2CC1
C1CCC(C2CC3CCCCC3C3CCCCC23)CC1
C1CCC(CCCC2CCCC3CC4C(CCC4C4CCCCC4)CC23)CC1
C1CCC(C2CCC3C(CCC4CCCCC43)C2)CC1
C(CCC1CCCC2CCCCC12)CC1CCC2CCCCC2C1
C1CCC(CCCCCC2CCC3CCCCC3C2)CC1
C1CCC2C(C1)CCC1C3CCCC3CCC21
C1CCC(C2CCC3CCCC3C3CCC4CCCCC4C23)CC1
C1CCC2CCC3C(CCC4C3CCC4(CCCC3CCCC3)CCC3CCCC3)C2CC1
C1CCC2CCC3C4CCC(CCCC5CC6CCCCC6C5)C4CCC3C2CC1
C1CCC(C2CCC3CC4C(CCCC45CCCCC5)CC32)CC1
C1CCC(C2CC3CCCC3C3CCC4CCCCC4C23)CC1
C(CCC1CCC2C(CCC3C4CCCC4CCC23)C1)CC1CCC(C2CC3CCCC3C3CCC4CCCCC4C23)CC1
C1CCC(CCCCC2CC3CCCCC3C2)CC1
C1CCC(CCC2CCC3C(CCC3C3CCCCC3)C2)CC1
C1CCC(C2CCC3CC4C(CCC5C6CCCC(CCCC7CC8CCCCC8C7)C6CCC45)CC32)CC1
C1CCC(C2CCC3CC4C(CCC32)CCC2C3CCC(CCCC5CCC6CCCCC6C5)C3CCC42)CC1
C1CCC(CCC2CCC3C(CC4CCCCC4)CCC3C2)CC1
C1CCC2CC(CCCC3CCC4C3CCC3C5CCCCC5CCC43)CCC2C1
C1CCC(CCCCCC2CCCC3C(C4CCCCC4)CCC23)CC1
C1CCC(CCCCCC2CC3CCCCC3C2)CC1
C1CCC(C2CCC3CC4C(CCC5C6CCC(CCCC7CCC8CCCCC8C7)C6CCCC45)CC32)CC1
C(CCC1CCCC2CCCCC12)CCC1CCCC2CCCC12
C1CCC(CCCC2(CCC3CCCC3)CCC3C4CCC5CCCCC5C4CCCC32)CC1
C1CCC2C(C1)CCC1C3CCCCC3CCC21
C1CCC(CCC2CCC3C(CCC3C3CCCCC3)C2)CC1
C1CCC(CCCCCC2CC3CCCCC3C2)CC1
C1CCC2C(C1)CCC1C3CCCC3CCC21
C1CCC(C2CCC3CC4CCCCC4CC32)CC1
C1CCC(CC2CCCC(CC3CC4CCCCC4CC4CCC5CCCCC5C43)C2)CC1
C1CCC(C2CCC3CC4C(CCC5C6CCC(CCCCC7CCC8CCCCC8C7)C6CCC45)CC32)CC1
C1CCC(CCCCC2CC3CCCCC3C2)CC1
C(CCC1CCCC2CCCCC12)CC1CCCC2CCCCC12
C1CCC2CC(CCCC3CCC4C3CCC3C5CCCCC5CCCC43)CCC2C1
C1CCC(C2CCC(CCCCCC3CCCC4C(C5CCCCC5)CCC34)C2)CC1
C(CCC1CCC2C1CCC1C3CCCCC3CCC21)CC1CC2CCCCC2C1
C1CCC(CCCCC2CC3CCCCC3C2)CC1
C1CCC2CCC(C3CCCC4CCCC43)CC2CC1
C1CCC2CC(C3CCCC4CCCC43)CCC2C1
C1CCC(CCCCC2CCC3CCC(C4CCCC5CCCC54)CC3C2)CC1
C(CCC1CCCC2CCCC12)CC1CC2CCCCC2C1
C1CCC(CCC2CC3CCCCC3C3CCC4CCCCC4C23)CC1
C1CCC(C2CCC3CC4(CCCCCC4C4CCCCC4)CCC32)CC1
C1CCC(CCC(CC2CCC(CC3CCCCC3)CC2)C2CCCCC2)CC1
C1CCC(CCC2CCC3C(CCC3C3CCCC3)C2)CC1
C(CCC1CCCCC2CCCCC12)CC1CCC2CCCCC2C1
C1CCC2CC(CC3CCCC4CCCCC43)C3C(CCC4CCCCC43)CC2C1
C1CCC(C2CC3CCCC3C3CCC4CCCCC4C23)CC1
C1CCC(CCC2(CCCC3CC4CCCCC4C3)CCC3C4CCC5CCCCC5C4CCC32)C1
C1CCC(CC2CCC(CC(CC3CCCCC3)C3CCCCC3)CC2)CC1
C1CCC2C(C1)CCC1CCCCC12
C1CCC(CCC2CCC(C3CCC4C(CCC4C4CCCCC4)C3)CC2)CC1
C1CCC2CC(CCCC3CCC4C5CCC6CCCCC6C(CCC34)C5)CC2C1
C(CCC1CC2CCCCC2C1)CCC1CCCC2CCCC12
C1CCC(CCCCC2CC3CCCCC3C2)CC1
C1CCC(CCCC(CC2CCC3C(CCC3C3CCCCC3)C2)C2CCCCC2)CC1
C(CCC1CCC2C(CCC3C4CCCC4CCC23)C1)CC1CCC(C2CC3CCCC3C3CCC4CCCCC4C23)CC1
C1CCC(CC2(CCCCCC3CCC(C4CCCCC4)C3)CCC2)CC1
C1CCC(C2CCC3CC4C(CCCCC45CCCC5)CC32)CC1
C1CCC(CCCCC2CC3CCCCC3C2)CC1
C1CCC(CCCCC2CC3CCCCC3C2)CC1
C1CCC2C(C1)CCC1C3CCCCC3CCCC21
C1CCC2CCC(C3CCCC4CCCC43)CC2CC1
C1CCC(C2CCC3CC4C(CCC32)CCC42CCCC2)CC1
C1CCC2CCC3C4CCCCC4CC(CC4CCCC4)C3C2CC1
C1CCC2CC(C3CCCC4CCCC43)CCC2C1
C1CCC2C(C1)CCC1CCCCC12
C1CCC2C(C1)CCC1CCCCC12
C1CCC(CCC2CCC3C(CCC4CCCCC43)C2)CC1
C1CCC(C2CCC3CC4C(CCC45CCCCC5)CC32)CC1
C1CCC2C(C1)CCC1C2CCC2C3CCCC3CC21
C1CCC2CCC(C3CCCC4CCCC43)CC2CC1
C1CCC2CC(CCCC3CCC4C3CCC3C5CCCCC5CCC43)CC2C1
C1CCC(CCCCC2CC3CCCCC3C2)CC1
C1CCC(CCC2CCC3C(CCC3C3CCCCC3)C2)CC1
C1CCC2CCC3C4CCCC4CCC3C2CC1
C(CCC1CCCC2CCCCC12)CC1CC2CCCCC2C1
C1CCC(CCCCC2CCC3CCCCC23)CC1
C1CCC(C2CCC3CCCC3C3CCC4CCCCC4C23)CC1
C1CCC(C2CC3CCCC3C3CCC4CCCCC4C23)CC1
C1CCC(CCC2CCC3C(CCC4C5CCCCC5CC(CCC5CCCCC5)C34)C2)CC1
C1CCC(CCC2CCC3C(CCC3C3CCCCC3)C2)CC1
C1CCC2CCC(C3CCCC4CCCC43)CC2CC1
C1CCC(C2CCC3C(CCC4CCCCC43)C2)CC1
C1CCC2CCC3C4CCCCC4CC(CC4CCCC4)C3C2CC1
C1CCC(CC2CC3CCCCC3C3CCC4CCCCCC4C23)CC1
C1CCC2C(C1)CCC1C3CCCC3CCCC21
C1CCC2C(C1)CCC1C3CCCC3CCC21
C1CCC(C2CCC3C(CCCCCC4CCC(CC5CCCC5)C4)CCCC23)CC1
C(CCCC1CCCCC1)CCC1CCCCC1
C1CCC2CC3CCC4CCCCC4C3CCC2C1
C1CCC(CCCC(CCC2CCC3CCCC3C2)CC2CCCCC2)CC1
C1CCC(CC2CCC3C(CCC3C3CCCCC3)C2)CC1
C(CCC1CCCC2CCCCC12)CC1CCC2CCCCC2C1
C(CCC1CCCC2CCCC12)CC1CC2CCCCC2C1
C1CCC2CC(CC3CCCC4CCCC43)CCC2C1
C1CCC2CCC3CCCCC3C2CC1
C1CCC(CC2CCC3C(CCC3C3CCCCC3)C2)CC1
C1CCC(CC2CCCC(C3CCC4CC(CCC5CCC6CCCCC6C5)CCC43)C2)C1
C1CCC(C2CCC3CC4(CCCCC4C4CCCCC4)CCC32)CC1
C1CCC2CCC3C4CCC(CCCC5CCCC6CCCCC65)C4CCC3C2CC1
C1CCC(CCC(CCCC2CCC3CCCC3C2)CC2CCCCC2)CC1
C(CCC1CCC2CCCCC2C1)CCC1CCCC2CCCCC12
C(CCC1CCCC2CCCCC12)CCC1CCCC2CCCC12
C1CCCC(CC2CCCC2CC2CC3CCCCC3C3CCC4CCCCC4C23)CC1
C1CCC(C2CCC(CCCCCC3CCCCC4CCCCC34)C2)CC1
C1CCC(CC2CC3CCCCC3C3CCC4CCCCC4C3C2)CC1
C1CCC(CCCCC2CCCC3CCCC23)CC1
C1CCC2CCC3C4CCCC4CCC3C2CC1
C1CCCC(C2CCC3CC4C(CCC5C6CCCC6CCC45)CC32)CC1
C1CCC(CCCCCC2CC3CCCCC3C2)CC1
C1CCC2CC(C3CCCC4CCCC43)CCC2C1
C(CCCC1CCCCC1)CCCC1CCC(C2CCCCC2)C1
C1CCC2CCC3C4CCC(CCCC5CC6CCCCC6C5)C4CCC3C2CC1
C1CCC2CC(CCCC3CCC4C3CCC3C5CCCCC5CCCC43)CC2C1
C1CCC(CC2CCC3CCCCC3C3CCC4CCCCC4C23)CC1
C1CCC(CCC2CCC3C(CCC3C3CCCCC3)C2)CC1
C1CCC(CCCCCC2CCC3CCCCC23)CC1
C1CCC(C2CCC3CCC4C(CCC45CCCCC5)CC32)CC1
C1CCC(C2CCC3CC4C(CCC5C6CCCC(CCCC7CCC8CCCCC8C7)C6CCC45)CC32)CC1
C1CCC(CCCCC2CC3CCCCC3C2)CC1
C1CCC(CCCCC2CC3CCCCC3C2)CC1
C1CCC(C2CC3CCCC3C3CCC4CCCCC4C23)CC1
C1CCC2CC(C3CCCC3)CCC2C1
C1CCC(CC2CC3CCCCC3C3CCC4CCCCC4C23)C1
C1CCC(CCC(CCC2CCC3CCCC3C2)CC2CCCCC2)CC1
C1CCC(C2CCC3CC4C(CCC32)CCC2C3CCC(CCCC5CC6CCCCC6C5)C3CCC42)CC1
C1CCC(C2CCC3CC4C(CCC45CCCC5)CC32)CC1
C1CCC(C2CCC3CC4C(CCC5C6CCC(CCCCC7CCC8CCCCC8C7)C6CCC45)CC32)CC1
C1CCC(CCCC2(CCCC3CCCC3)CCC3C4CCC5CCCCC5C4CCC32)CC1
C1CCC2CC(CCCC3CCC4C3CCC3C5CCCCC5CCC43)CCC2C1
C1CCC2C(C1)CCC1C3CCCCC3CCC21
C1CCC(C2CCC3C(CCCC4CCCCC43)C2)CC1
C1CCC(CCCCCC2CC3CCCCC3C2)CC1
C1CCC2CCC3C4CCC(CCCC5CC6CCCCC6C5)C4CCC3C2CC1
C1CCC2C(C1)CCC1CC3CC4CCCC4C3CCC12
C(CCC1CCCC2CCCCC12)CC1CCCC2CCCCC12
C(CCCC1CCCC2C(C3CCCCC3)CCC12)CCC1CCCCC1
C(CCC1CC2CCCCC2C1)CCC1CCCC2CCCC12
C1CCC(CCC2CCC(C3CCC4C(CC5CCCCC5)CCC4C3)CC2)CC1
C(CCCC1CCCCC1)CCCC1CCC(C2CCCCC2)C1
C1CCC(CC2CC3CCCCC3C3CCC4CCCCCC4C23)CC1
C1CCC(CCC2CCC3C(CCC4C5CCCC5CCC34)C2)CC1
C(CCCC1CCCC2C(C3CCCCC3)CCC12)CCC1CCCCC1
C1CCC2CCC3C(CCC4C5CCCC5CC43)C2CC1
C1CCC(CCCCC2CC3CCCCC3C2)CC1
C1CCC(CCC2CCC(C3CCC4C(CCC4C4CCCCC4)C3)CC2)CC1
C1CCC(CCCCC2CCC3CCCCC23)CC1
C1CCC(C2CCC(C3CC4CCCC4CC4CCC5CCCCC5C43)CC2)C1
C1CCC2C(C1)CCCC1C3CCCC3CCC21
C1CCC(C2CC3CCCC3C3CCC4CCCCC4C23)CC1
C1CCC(CCCCC2CCC3CCCCC23)CC1
C1CCC(CCC2CCC3C(CCC3C3CCCCC3)C2)CC1
C1CCC(CCC2CCC3C(CCC3C3CCCCC3)C2)CC1
C1CCC(C2CCC3CCC4(CCCCC4)CC3C2)CC1
C1CCC(CC2CC3CCCCC3C3CCC4CCCCC4C23)C1
C1CCC(CC2CCC3C(CCC3C3CCCCC3)C2)CC1
C1CCC(CCC(CCC2CCCCC2)CCC2CCC3CCCC3C2)CC1
C1CCC(CCCCC2CC3CCCCC3C2)CC1
C1CCC(CCC(CC2CC3CCCCC3C2)C2CC2)CC1
C1CCC(C2CCC3C(CCC4CCCCC43)C2)CC1
C(CCCC1CCCC2C(C3CCCCC3)CCC12)CCC1CCCCC1
C1CCC(CCC2CCC(C3CC3)CC2)CC1
C(CCC1CCCC2CCCCC12)CC1CCC2CCCCC2C1
C1CCC(CCC2CCC3C(CCC3C3CCCCC3)C2)CC1
C(CCC1CCCC2CCCCC12)CC1CCC2CCCCC2C1
C1CCC(CCCC2CCC3CCC(C4CCCC5CCCC54)CC3CC2)CC1
C1CCC2CCC3C4CCC(CCCC5CCCC6CCCCC65)C4CCC3C2CC1
C1CCC(CCC(CC2CCC(CC3CCCCC3)CC2)C2CCCCC2)CC1
C(CCCC1CCCCC1)CCCC1CCC(C2CCCCC2)C1
C1CCC(CC2CC3CCCCC3C3CCC4CCCCCC4C23)CC1
C1CCC(C2CCC3CC4C(CCC5C6CCC(CCCCC7CC8CCCCC8C7)C6CCC45)CC32)CC1
C1CCC(CCCC2CC3CCCCC3C2CC2CCCCC2)CC1
C1CCC(C2CCC3CC4C(CCC5C6CCCC(CCCC7CCC8CCCCC8C7)C6CCC45)CC32)CC1
C(CCCC1CCCCC1)CCCC1CCC(C2CCCCC2)C1
C(CCCC1CCCCC1)CCCC1CCC(C2CCCCC2)C1
C1CCC2C(C1)CCC1C3CCCC3CCCC21
C1CCC(CCCCCC2CCC3CCCCC23)CC1
C1CCC(CCCC2(CCC3CCCC3)CCCC3C4CCC5CCCCC5C4CCC32)CC1
C1CCC2CCC3C4CCCCC4CC(CC4CCCC4)C3C2CC1
C1CCC(CC(CC2CCCCC2)C2CCCCC2)CC1
C1CCC(CCC2CCC(CCC3CCCCC3)CC2)CC1
C1CCC(CCC2(CCCC3CC4CCCCC4C3)CCC3C4CCC5CCCCC5C4CCC32)C1
C1CCC(CCC2CCC3C(CCC4CCCCC43)C2)CC1
C1CCC(CCCCCC2CCC3CCCCC23)CC1
C1CCC(CCCCCC2CC3CCCCC3C2)CC1
C1CCC2CC(C3CCCC4CCCC43)CCC2C1
C(CCCC1CCCCC1)CCCC1CCC(C2CCCCC2)C1
C1CCC(C2CCC(CCCCCC3CCCCC4CCCCC34)C2)CC1
C1CCC(C2CC3CCCC3C3CCC4CCCCC4CC23)CC1
C1CCC(CCCCC2CC3CCCCC3C2)CC1
C1CCC(CCC2CCC3C(CC4CCCCC4)CCC3C2)CC1
C1CCC(CCCCCC2CC3CCCCC3C2)CC1
C1CCC2CC(C3CCCC4CCCC43)CCC2C1
C(CCCCC1CCC(C2CCCCC2)C1)CCCC1CCCCC1
C1CCC(CCCC2CCC(C3CCCC4C(C5CCCCC5)CCC34)C2)CC1
C1CCC(CCCCCC2CC3CCCCC3C2)CC1
C1CCC(C2CC3CCCC3C3CCC4CCCCC4C23)CC1
C(CCCC1CCCCC1)CCCC1CCC(C2CCCCC2)C1
C1CCC2C(C1)CCC1C3CCCC3CCC21
C1CCC2C(C1)CCC1C3CCCC3CCC21
C1CCC2CCC(C3CCC4CCCCC43)CC2CC1
C1CCC(CCC2CCC3C(CCC4C5CCCC5CCC34)C2)CC1
C1CCC(CCCCCC2CC3CCCCC3C2)CC1
C1CCC(C2CC3CCCC3C3CCCC4CCCCC4C23)CC1
C1CCC2CC(CC3CCCC4CCCC43)CCC2C1
C1CCC(CCCCCC2CCCC3C(C4CCCCC4)CCC23)CC1
C1CCC(CCCCC2CCC3C2CCC2C4CCCCC4CCC32)CC1
C1CCC2CCC(C3CCCC4CCCC43)CC2CC1
C1CCC(CCCCCC2CCC3CCCCC23)CC1
C1CCC(CCC2CCC(CCC3CCCC(CC4CCCC4)C3)CC2)CC1
C(CCC1CCC2C1CCC1C3CCCCC3CCC21)CC1CC2CCCCC2C1
C1CCC(CCC2CCC3C(CCC3C3CCCCC3)C2)CC1
C1CCC(CCCCCC2CC3CCCCC3C2)CC1
C1CCC(C2CCCC(CC3CC4CCCCC4C4CCC5CCCCC5C34)C2)C1
C1CCC(C2CCC3CC4C(CCC45CCCC5)CC32)CC1
C1CCC(CCC2CCC3C(CCC3C3CCCCC3)C2)CC1
C1CCC(CCCCC2CC3CCCCC3C2)CC1
C1CCC(CCCC2CC3CCCC3C3CCC4CCCCC4C23)CC1
C1CCC(CCCC2CCC3CCC(C4CCCC5CCCC54)CC3C2)CC1
C1CCC(CCC2CCC3C(CCC4CCCCCC43)C2)CC1
C1CCC(C2CC3CCCC3C3CCC4CCCCC4CC23)CC1
C1CCC(C2CC3CCCCC3C3CCC4CCCCC4C23)CC1
C(CCCC1CCCC2C(C3CCCCC3)CCC12)CCC1CCCCC1
C1CCC(CC2CCC(CC(CC3CCCCC3)C3CCCCC3)CC2)CC1
C1CCC(CCCCC2CC3CCCCC3C2)CC1
C1CCC(CCC2CCC3C(CCC3C3CCCCC3)C2)CC1
C1CCC(CCCCC2CCC3C2CCC2C4CCCCC4CCC32)CC1
C1CCC(CCC2(CCCC3CC4CCCCC4C3)CCC3C4CCC5CCCCC5C4CCCC32)C1
C1CCC(CC2CCCC2CC2CC3CCCCC3C3CCC4CCCCC4C23)CC1
C1CCC2C(C1)CCC1C3CCCC3CCC21
C1CCC(CCCC2CCCC3CCC(C4CCCC5CCCC54)CC3C2)CC1
C1CCC(C2CCC3CC(CC4CCC(CCC5CCCC5)CC4)CCC32)CC1
C1CCC(C2CC3CCCC3C3CCC4CCCCC4C23)CC1
C1CCC2CCCCC2C(CCCCC2CCCC3CCCCC23)C1
C1CCC(CCC2CCC(CC3CC3)CC2)CC1
C1CCC2C(C1)CCC1C3CCCCC3CCC21
C(CCCC1CCCCC1)CCCC1CCC(C2CCCCC2)C1
C(CCC1CC2CCCCC2C1)CCC1CCCC2CCCC12
C(CCCC1CCCC2C(C3CCCCC3)CCC12)CCC1CCCCC1
C(CCC1CCC2CCC(C3CCCC4CCCC43)CC2C1)CC1CCC2CCCC2C1
C1CCC2C(C1)CCC1CCCCC12
C1CCC(C2CC3CCCC3C3CCC4CCCCC4C23)CC1
C1CCC(CCC(CC2CCC3C(CCC3C3CCCCC3)C2)C2CCCCC2)CC1
C1CCC(CC2CCCCCC23CCCC2C(CCC2C2CCCCC2)C3)CC1
C1CCC2CCC3C4CCCC4CCC3C2CC1
C(CCCC1CCCC2C(C3CCCCC3)CCC12)CCC1CCCCC1
C(CCCC1CCCC2C(C3CCCCC3)CCC12)CCC1CCCCC1
C1CCC(CC2CC3CCCCC3C2C2CCCCC2)CC1
C1CCC2CC(C3CCCC4CCCC43)CCC2C1
C1CCC(CCC2CCC(C3CCC3)CC2)CC1
C1CCC(CCC2CCC3C(CCC3C3CCCCC3)C2)CC1
C(CC1CCC(CCC2CCCC(CC3CCCC3)C2)CC1)CC1CCC(C2CC2)CC1
C1CCC(CC2CCC3CC4C(CCC45CCCC5)CC23)CC1
C1CCC(CCCCCC2CC3CCCCC3C2)CC1
C1CCC(C2CC3CCCC3C3CCC4CCCCCC4C23)CC1
C1CCC(CCC2CCC(CCC3CCCCC3)CC2)CC1
C1CCC(CCCC(CC2CCC3C(CCC3C3CCCCC3)C2)C2CCCCC2)CC1
C1CCC(CCCCCC2CCC3CCCCC23)CC1
C(CCCC1CCCC2CCCCC12)CCC1CCC(C2CCCCC2)C1
C1CCC2C(C1)CCC1C2CCCC2C3CCCC3CC21
C1CCC(CCCCCC2CC3CCCCC3C2)CC1
C1CCC(C2CC3CCCCC3C3CCC(CCC4CCCC4)CC3C2)CC1
C1CCC(CCCCCC2CC3CCCCC3C2)CC1
C(CCCCC1CCC(C2CCCCC2)C1)CCCC1CCCCC1
C1CCC(CCC2CCC3C(CCC3C3CCCCC3)C2)CC1
C1CCC(CC(CC2CCCCC2)C2CCCCC2)CC1
C(CCC1CCCC2CCCCC12)CC1CC2CCCCC2C1
C1CCC(C2CC3CCCC3C3CCC4CCCCCC4C23)CC1
C1CCC2CCC(C3CCCC4CCCC43)CC2CC1
C1CCC2CC(CCCC3CCC4C3CCC3C5CCCCC5CCCC43)CC2C1
C(CCC1CCC2CCCCC2C1)CC1CCCC2CCCCC2C1
C(CCC1(C2CCCC2)CCCCC2CCCCC21)CC1CCC2CCCCC2C1
C1CCC2C(C1)CCC1CCCCC12
C1CCC(CCC2CCCC3CC4C(CCC23)CCC4C2CCCCC2)CC1
C(CCC1CC2CCCCC2C1)CCC1CCCC2CCCC12
C1CCC(C2CCC3C(CCC4CCCCC43)C2)CC1
C1CCC(C2CC3CCCC3C3CCC4CCCCC4C23)CC1
C1CCC(C2CC3CCCC3C3CCC4CCCCCC4C23)CC1
C1CCC(C2CCC3CCCC3C3CCCC4CCCCC4C23)CC1
C1CCC2C(C1)CCC1C3CCCC3CCC21
C(CCC1CCCC2CCCC12)CC1CC2CCCCC2C1
C1CCC(CCCCC2CC3CCCCC3C2)CC1
C1CCC(C2CC3CCCC3C3CCCC4CCCCC4C23)CC1
C1CCC(CCC2CCC(C3CCC4C(CCC4C4CCCCC4)C3)CC2)CC1
C1CCC(CCCCCC2CCCC3C2CCC3C2CCC(CCC3CC3)CC2)CC1
C1CCC2CCC3C4CCCC4CCC3C2CC1
C1CCC2C(C1)CCCC1CCCCC12
C1CCC(CCCCC2CCC3C2CCC2CC4CCCCC4CCC23)CC1
C1CCC(C2CCC3CCC4CCCCC4C3CC2)CC1
C1CCCC(C2CCC3CC4C(CCC5C6CCC(CCCC7CC8CCCCC8C7)C6CCC45)CC32)CC1
C1CCC(CCCCC2CC3CCCCC3C2)CC1
C(CCC1CCCC2CCCCC12)CC1CCC2CCCCC2C1
C1CCC(CCCCC2CC3CCCCC3C2)CC1
C1CCC(C2CCC3CCC4C(CCCC45CCCCC5)CC32)CC1
C1CCC2CCC(C3CCCC4CCCC43)CC2CC1
C1CCC2CC(C3CCCC4CCCC43)CCC2C1
C(CCCC1CCCC2C(C3CCCCC3)CCC12)CCC1CCCCC1
C1CCC(C2CCC3CC4C(CCC45CCCCC5)CC32)CC1
C1CCC(CCC2CCCC3CC4C(CCC4C4CCCCC4)CC23)CC1
C(CCC1CCC2C1CCC1C3CCCCC3CCC21)CC1CC2CCCCC2C1
C1CCC(CCCCC2CC3CCCCC3C2)CC1
C1CCC(C2CC3CCCC3C3CCCC4CCCCC4C23)CC1
C1CCC(CCC2CCC3C(CCC4C5CCCC5CCC34)C2)CC1
C(CCCC1CCCCC1)CCC1CCCCC1
C1CCC(C2CC3CCCC3C3CCC4CCCCC4C23)CC1
C1CCC(C2CC3CCCC3C3CCC4CCCCC4CC23)CC1
C(CCCC1CCCC2C(C3CCCCC3)CCC12)CCC1CCCCC1
C1CCC2CC(CCCC3CCCCC4CCCCC43)CC2C1
C(CCC1CCC2C(CCC3C4CCCC4CCC23)C1)CC1CCC(C2CCC(C3CC4CCCC4C4CCC5CCCCC5C34)CC2)CC1
C1CCC2CC(C3CCCC4CCCC43)CCC2C1
C1CCC(CC2CCC3C(CCC3C3CCCCC3)C2)CC1
C1CCC(C2CCC3CC4C(CCC45CCCCCC5)CC32)CC1
C1CCC(C2CCC3CC4C(CCC45CCCCC5)CC32)CC1
C(CCCCC1CCC(C2CCCCC2)C1)CCCC1CCCCC1
C1CCC2CC(C3CCCC4CCCC43)CCC2C1
C(CCC1CCCC2CCCCC12)CC1CCC2CCCCC2C1
C1CCC(CC2CCC3C(CCC3C3CCCCC3)C2)CC1
C1CCC(CCCC2CCC3C(CCC3C3CCCCC3)C2)CC1
C1CCC(C2CCC3CC4C(CCCC45CCCCC5)CC32)CC1
C1CCC(CCCCCC2CC3CCCCC3C2)CC1
C1CCC2CCC(C3CCCC4CCCC43)CC2CC1
C(CCCC1CCCCC1)CCCC1CCC(C2CCCCC2)C1
C1CCC(C2CCC3CC4CCCCC4CC32)CC1
C1CCC(C2CCC3CCCC3C3CCC4CCCCC4C23)CC1
C(CCCCC1CCC(C2CCCCC2)C1)CCCC1CCCCC1
C1CCC(C2CCC3CCCC3C3CCC4CCCCC4CC23)CC1
C1CCC(C2CC3CCCC3C3CCC4CCCCC4C23)CC1
C1CCC(CCC(CCC2CCCCC2)CCC2CCC3CCCC3C2)CC1
C1CCC(CCCCC2CC3CCCCC3C2)CC1
C1CCC(CC2CCC3C(CCC3C3CCCCC3)C2)CC1
C1CCC(C2CC3CCCC3C3CCC4CCCCC4C23)CC1
C1CCC(CCCC2CCCCC3CCC(C4CCCC5CCCC54)CC23)CC1
C1CCC(CCCCCC2CCC3CCCCC23)CC1
C(CCC1CCCC2CCCC12)CC1CC2CCCCC2C1
C(CCCC1CCCCC1)CCCC1CCC(C2CCCCC2)C1
C1CCC2CCC(C3CCCC4CCCC43)CC2CC1
C(CCCC1CCCC2C(C3CCCCC3)CCC12)CCC1CCCCC1
C1CCC(CCCCC2CC3CCCCC3C2)CC1
C1CCC(C2CCC3(CCC4CCC5C(CCC5C5CCCCC5)CC43)C2)CC1
C1CCC(C2CC3CCCC(C3)C3CCC4CCCCC4C32)CC1
C1CCC(CCCC2CCCC3CCC(C4CCCC5CCCC54)CC3C2)CC1
C1CCC(CCCCC2CC3CCCCC3C2)CC1
C1CCC(CCC2CCC3C(CCC4CCCCC43)C2)CC1
C(CCC1CC2CCCCC2C1)CCC1CCCC2CCCC12
C1CCC(CCC2CCC(CCC3CCCC(CC4CCCC4)C3)CC2)CC1
C1CCC(CCC2CCC3C(CC4CCCCC4)CCC3C2)CC1
C1CCC2C(C1)CCC1C3CCCC3CCC21
C1CCC2CCC(C3CCCC4CCCC43)CC2CC1
C1CCC(C2CCC(CCCC3CCC4C3CCCC3C5CCCCC5CCC34)C2)CC1
C1CCC(CCCCCC2CCCC3C(C4CCCCC4)CCC23)CC1
C1CCC(CC2CCC3C(CCC3C3CCCCC3)C2)CC1
C1CCC(C2CCC3(CCC4CC5C(CCC5C5CCCCC5)CCC43)C2)CC1
C1CCC(CCCCCC2CC3CCCCC3C2)CC1
C1CCC(C2CCC3C(CCCCCC4CC4)CCCC23)CC1
C1CCC(CCCCCC2CCCC3C2CCC3C2CCCC(CC3CCCC3)C2)CC1
C1CCC(CCC(CC2CCC(CC3CCCCC3)CC2)C2CCCCC2)CC1
C1CCC(CCC2(CCCC3CC4CCCCC4C3)CCC3C4CCCC5CCCCC5C4CCC32)C1
C1CCC2CC3CCCCC3CCC2C1
C1CCC(CCCCCC2CCCCC2)CC1
C1CCC(CC2CCC3CC4(CCCCCC4C4CCCCC4)CCC23)CC1
C1CCC(C2CCC3CC4(CCCCCC4C4CCCCC4)CCC32)CC1
C1CCC(CCC2CCC3C(CC4CCCC4)CCC3C2)CC1
C1CCC(CCCC2CCCC(C3CCC4CC(CCC5CCC6CCCCC6C5)CCC43)C2)CC1
C(CCC1CCC2C1CCC1C3CCCCC3CCC21)CC1CCC2CCCCC2C1
C1CCC(C2CCC3CCCC3C3CCC4CCCCC4C23)CC1
C1CCC(CCCCCC2CC3CCCCC3C2)CC1
C1CCC(C2CC3CCCC3C3CCC4CCCCC4C23)CC1
C1CCC(C2CC3CCCC3C3CCC4CCCCCC4C23)CC1
C(CC1CC2CCCCC2C1)CC1CCC2C(CCC3C4CCCCC4CCC23)C1
C1CCC2CCC3C(CCC4C3CCC4(CCCC3CCCC3)CCC3CCCC3)C2CC1
C1CCC(C2CCC3CC4C(CCC32)CCC42CCCCC2)CC1
C(CCCC1CCCC2C(C3CCCCC3)CCC12)CCC1CCCCC1
C1CCC(CCCCC2CC3CCCCC3C2)CC1
C1CCC2CC(C3CCCC4CCCC43)CCC2C1
C1CCC(CC2CCC3CC4C(CCCC45CCCC5)CC23)CC1
C1CCC(C2CCC3CCCC3C3CCC4CCCCC4C23)CC1
C1CCC(C2CC3CCCC3C3CCCC4CCCCC4C23)CC1
C(CCC1CCC2C1CCC1C3CCCCC3CCC21)CC1CC2CCCCC2C1
C1CCC(CCCC(CCC2CCC3CCCC3C2)CC2CCCCC2)CC1
C1CCC2CC(C3CCCC4CCCC43)CCC2C1
C1CCC(CCC2CCC3C(CCC3C3CCCCC3)C2)CC1
C1CCC(CC2CCC3C(CC4CCCCC4)CCC3C2)CC1
C1CCC(C2CCC3CC4C(CCC32)CCC42CCCC2)CC1
C1CCC(CCCCCC2CCCC3C2CCC3C2CCC(CC3CC3)CC2)CC1
C1CCC2CCC(C3CCCC4CCCC43)CC2CC1
C1CCC2CC(CCCC3CCC4C3CCC3C5CCCCC5CCC43)CC2C1
C1CCC(CCCC2CCC3CCC(C4CCCC5CCCC54)CC3C2)CC1
C1CCC(CCC2CCC3C(CCC3C3CCCCC3)C2)CC1
C1CCC(C2CC3CCCC3C3CCC4CCCCC4C23)CC1
C(CCCC1CCCC2CCCCC12)CCC1CCC(C2CCCCC2)C1
C1CCC2CC(C3CCCC4CCCC43)CCC2C1
C(CCC1CCC2C(CCC3C4CCCC4CCCC23)C1)CC1CCC(C2CC3CCCC3C3CCC4CCCCC4C23)CC1
C1CCC(CC2CCC3C(CC4CCCCC4)CCC3C2)CC1
C1CCC(C2CCC3CC4C(CCC32)CCC42CCCCC2)CC1
C1CCC(CC2CC3CCCCC3C3CCC4CCCCCC4C23)CC1
C(CCCC1CCCCC1)CCCC1CCC(C2CCCCC2)C1
C1CCC(C2CCC3CC4C(CCC5C6CCCC6CCC45)CC32)CC1
C1CCC2C(C1)CCCC1C3CCCC3CCC21
C(CCCC1CCCC2C(C3CCCCC3)CCC12)CCC1CCC(C2CCCC2)C1
C1CCC(CCCCC2CC3CCCCC3C2)CC1
C1CCC2CC(CCCC3CCC4C3CCC3C5CCCCC5CCC43)CC2C1
C1CCC(C2CCC3CC4C(CC5CC6CCCCC6C5)CCCCC4CC32)CC1
C1CCC(CCCC2CCC3CCC(C4CCCC5CCCC54)CC3C2)CC1
C1CCC(CCCCCC2CC3CCCCC3C2)CC1
C1CCC(C2CC3CCCC3C3CCC4CCCCCC4C23)CC1
C1CCC(CC2CCC3C(CC4CCCCC4)CCC3C2)CC1
C1CCC2C(C1)CCC1C3CCCCC3CCC21
C1CCC(CCCCC2CCCC3CCC(C4CCCCC4)CC23)CC1
C1CCC(CCCCC2CCC3CCCCC23)CC1
C1CCC(C2CCC3CC4C(CCC5C6CCC(CCCC7CCC8CCCCC8C7)C6CCC45)CC32)CC1
C1CCC(CCC2CCC(CCC3CCCC(CC4CCCC4)C3)CC2)CC1
C1CCC(CCC2CCC(CCC3CCCC(CC4CCCCC4)C3)CC2)CC1
C1CCC(CC2CCC(C3CC4CCCC4C4CCC5CCCCC5C34)CC2)C1
C1CCC(C2CCC3CC4C(CCC45CCCCCC5)CC32)CC1
C1CCC2C(C1)CCCC1C3CCCC3CCC21
C1CCC(C2CCC3CC4C(CCC45CCCC5)CC32)CC1
C1CCC2CC(CC3CCCC4CCCC43)CCC2C1
C(CCC1CCCC2CCCC12)CC1CC2CCCCC2C1
C1CCC(CC2CCC3CCC(C4CCCC4)CC32)C1
C1CCC(C2CC3CCCCC3C3CCC4CCCCC4C23)CC1
C1CCC(C2CCC3CC4C(CCC5C6CCC(CCCC7CCC8CCCCC8C7)C6CCC45)CC32)CC1
C1CCC2CC(CCCC3CCCC4C3CCC3C5CCCCC5CCC43)CC2C1
C1CCC2C(C1)CCC1C3CCCC3CCC21
C1CCC(CCC2CCC(C3CCC4C(CCC4C4CCCCC4)C3)CC2)CC1
C1CCC(C2CCC3CC4C(CCC45CCCCC5)CC32)CC1
C1CCC(CCCCC2CCC3CCCCC3C2)CC1
C1CCC(CCCCC2CCC3CCC(C4CCCC5CCCC54)CC3C2)CC1
C1CCC(CCCCCC2CCC3CCCCC3C2)CC1
C1CCC(C2CCC3CC4C(CCC32)CCC42CCCCC2)CC1
C1CCC(C2CC3CCCC3C3CCC4CCCCCC4C23)CC1
C1CCC(CCCCC2CCC3CCCCC23)CC1
C1CCC(CCC2CCC3C(CCC3C3CCCCC3)C2)CC1
C1CC2CCC3C(CCC4CCC5CC5C43)C2C1
C1CCC(CCC2CCC(C3CCC4C(CCC4C4CCCCC4)C3)CC2)CC1
C(CCC1CCCC2CCCCC12)CC1CCC2CCCCC2C1
C1CCC(CC2CC3CCCCC3C3CCC4CCCCC4C23)C1
C1CCC(CCCCCC2CCC3CCCCC23)CC1
C1CCC2C(C1)CCCC2CCCC1CCC2C1CCC1C3CCCCC3CCCC21
C1CCC(C2CC3CCCCC3CC3CCCCC32)CC1
C1CCC(C2CCC3CCC(C4CCCC4)CC32)CC1
C1CCC(CC2CCC(C3CC4CCCC4C4CCC5CCCCC5C34)CC2)CC1
C1CCC(CCCCC2CC3CCCCC3C2)CC1
C1CCC(CCC2CCC3C(CCC3C3CCCCC3)C2)CC1
C1CCC(C2CCC3CCC4C(CCCC45CCCC5)CC32)CC1
C1CCC(CCCCC2CCC3CCCCC23)CC1
C1CCC(C2CCC3CCCC3C3CCC4CCCCC4CC23)CC1
C(CCC1CCCC2CCCC12)CC1CC2CCCCC2C1
C1CCC(CCCCC2CC3CCCCC3C2)CC1
C1CCC(CCCC2CCC(C3CCC4C(CCC4C4CCCCC4)C3)CC2)CC1
C1CCC(CCCCCC2CC3CCCCC3C2)CC1
C1CCC(CCCCCC2CCC3CCCCC23)CC1
C1CCC2CCC(C3CCCC3)CC2CC1
C1CCC(CCC2CCC3C(CCC3C3CCCCC3)C2)CC1
C1CCC(CCC2CCC3C(CCC3C3CCCCC3)C2)CC1
C1CCC(C2CC3CCCC3C3CCC4CCCCC4C23)CC1
C(CCC1CCCC2CCCCC12)CC1CCC2CCCCC2C1
C1CCC(CCCCCC2CC3CCCCC3C2)CC1
C1CCC(C2CCC3C(CCCC4CCCCC43)C2)CC1
C1CCC(CCCCC2CCC3CCCCC23)CC1
C1CCC2C(C1)CCC1C3CCCC3CCC21
C1CCC(C2CC3CCCCC3C3CCCCC23)CC1
C1CCC(CCC2CCC3C2CCC(C2CCCCC2)C2C4CCCCC4CCCC32)CC1
C1CCC(CC2CC3CCCCC3CC3CCC4CCCCC4C32)C1
C1CCC2C(C1)CCC1CCCCC12
C1CCC(C2CC3CCCC3C3CCC4CCCCCC4C23)CC1
C1CCC(CCCCCC2CCCC3C(C4CCCCC4)CCC23)CC1
C1CCC2CCC3C4CCCCC4CC(CC4CCCC4)C3C2CC1
C(CCCC1CCCC2C(C3CCCCC3)CCC12)CCC1CCCCC1
C1CCC(CCCCCC2CC3CCCCC3C2)CC1
C1CCC(CCCC2CCC3C2CCCC2C4CCCCC4CCC23)C1
C1CCC(CCCCCC2CC3CCCCC3C2)CC1
C1CCC(CCC2CCC(CCC3CCCCC(CC4CCCC4)C3)CC2)CC1
C1CCC(C2CCC(CCCCCC3CCCC4CCCCC34)C2)CC1
C1CCC(CCCCC2CCC3CCCCC23)CC1
C1CCC2CCC(CCC3CCC4C(CCC4C4CCCC(CC5CCCC5)C4)C3)CC2CC1
C1CCC2CCC3C(CCC4C5CCCC5CC43)C2CC1
C1CCC(C2CCC3CC4C(CCC45CCCCC5)CC32)CC1
C1CCC(CCCCC2CCC3CCCCC23)CC1
C1CCC(C2CCC3CCCC3C3CCC4CCCCC4C23)CC1
C1CCC(CCCCCC2CCCC3C2CCC3C2CCCC(CC3CCCC3)C2)CC1
C(CCCC1CCC2CCCC2C1)CCC1CCCCC1
C1CCC(CCCCCC2CCCC3C(CC4CCCCC4)CCC23)CC1
C1CCC(CCCCC2CC3CCCCC3C2)CC1
C1CCC(CCCCC2CC3CCCCC3C2)CC1
C1CCC(CCCCC2CC3CCCCC3C2)CC1
C1CCC2C(C1)CCC1C3CCCC3CCC21
C1CCC(CCCCCC2CC3CCCCC3C2)CC1
C1CCC(CCC2(CCCC3CCC4CCCCC4C3)CCC3C4CCCC5CCCCC5C4CCC32)C1
C1CCC(CCC2CCC(CCC3CCCC(CC4CCCC4)C3)CC2)CC1
C1CCC(C2CC3CCCCC3C3CCC4CCCCC4C23)CC1
C1CCC(CCCCC2CC3CCCCC3C2)CC1
C(CCCC1CCCCC1)CCCC1CCC(C2CCCCC2)C1
C1CCC(C2CC3CCCC3C3CCC4CCCCCC4C23)CC1
C(CCCCC1CCC(C2CCCCC2)C1)CCCC1CCCCC1
C1CCC(CCCCCC2CCC3CCCCC23)CC1
C1CCC(CCCCCC2CC3CCCCC3C2)CC1
C(CCC1CCC2C1CCC1C3CCCCC3CCC21)CC1CCC2CCCCC2C1
C1CCC(CCCCC2CC3CCCCC3C2)CC1
C(CCCC1CCCCC1)CCCC1CCC(C2CCCCC2)C1
C1CCC(C2CC3CCCC3C3CCC4CCCCC4C23)CC1
C1CCC(CCC2CCC3C(CCC3C3CCCCC3)C2)CC1
C1CCC2CC(CCCC3CCCC4CCCCC43)CC2C1
C1CCC2CC(C3CCCC4CCCC43)CCC2C1
C1CCC(C2CC3CCCC3C3CCC4CCCCC4CC23)CC1
C(CCCCC1CCC(C2CCCCC2)C1)CCCC1CCCCC1
C1CCC(CCCCCC2CC3CCCCC3C2)CC1
C1CCC2CCC3C4CCCC4CCC3C2CC1
C1CCC(CCC2CCCC3CC4C(CCC4C4CCCCC4)CC23)CC1
C1CCC(CC2CCC3CC4C(CCC45CCCCC5)CC23)CC1
C1CCC(CCCCC2CCC3CCC(C4CCCC5CCCC54)CC3CC2)CC1
C1CCC2C(C1)CCC1C3CCCC3CCC21
C1CCC2CCC3C4CCCCC4CC(CC4CCCC4)C3C2CC1
C1CCC(C2CCC(C3CC4CCCC4C4CCCC5CCCCC5C34)CC2)C1
C1CCC(CCCC2CCCCC3CCC(C4CCCC5CCCC54)CC23)CC1
C(CCCC1CCCC2CCCCC12)CCC1CCC(C2CCCCC2)C1
C(CCC1CCC2C(CCC3C4CCCCC4CCC23)C1)CC1CCC(C2CCC(C3CC4CCCC4C4CCC5CCCCC5C34)CC2)CC1
C(CCCC1CCCC2CCCCC12)CCC1CCC(C2CCCCC2)C1
C1CCC(CCCC(CCC2CCCCC2)CCC2CCC3CCCC3C2)CC1
C1CCC(CC2CCC3CC4C(CCC5C6CCC(CCCC7CC8CCCCC8C7)C6CCC45)CC23)CC1
C(CCC1CCCC2CCCCC12)CC1CCCC2CCCCC12
C(CCCC1CCCCC1)CCCC1CCC(C2CCCCC2)C1
C1CCC2CCC(C3CCCC4CCCC43)CC2CC1
C1CCC(CCCCC2CCC3CCCCC23)CC1
C1CCC(CCCCC2CC3CCCCC3C2)CC1
C1CCC(C2CCC3CCC4C(CCC5C6CCC(CCCC7CC8CCCCC8C7)C6CCC45)CC32)CC1
C(CCC1CCC2C(CCC3C4CCCC4CCC23)C1)CC1CCC(C2CC3CCCC3C3CCC4CCCCC4C23)CC1
C1CCC(C2CC3CCCC3C3CCC4CCCCC4C23)CC1
C1CCC(CCCCCC2CC3CCCCC3C2)CC1
C1CCC(CCC2CCC3C(CC4CCCCC4)CCC3C2)CC1
C1CCC(C2CCC3C(CCCCCC4CCC(C5CCCC5)C4)CCCC23)CC1
C1CCC(CC2CCC3CC4C(CCC45CCCC5)CC23)CC1
C1CCC(C2CC3CCCC(C3)C3CCC4CCCCC4C32)CC1
C1CCC2CCC(C3CCCC4CCCC43)CC2CC1
C1CCC2C(C1)CCCC1C3CCCC3CCC21
C1CCC2CC(C3CCCC4CCCC43)CCC2C1
C1CCC(C2CCC3CC4C(CCCC5CCC5)CCCC4CC32)CC1
C1CCC(C2CCC3CC4C(CC5CC6CCCCC6C5)CCCCC4CC32)CC1
C1CCC2CC(C3CCCC4CCCC43)CCC2C1
C(CCC1CCCC2CCCC12)CC1CC2CCCCC2C1
C1CCC2C(C1)CCC1CCCCC12
C1CCC2CCC3C4CCCC4CCC3C2CC1
C1CCC2CC(C3CCCC4CCCC43)CCC2C1
C1CCC(CCCC(CCC2CCCCC2)CCC2CCC3CCCC3C2)CC1
C1CCC2CCC3C4CCCC4CCC3C2CC1
C1CCC2CCC(C3CCCC4CCCC43)CC2CC1
C1CCC(C2CCC3CC4C(CCCC45CCCCC5)CC32)CC1
C1CCC(CCCCCC2CC3CCCCC3C2)CC1
C1CCC(CCCC2CCC3CCC(C4CCCC5CCCC54)CC3C2)CC1
C1CCC2CCCCC2C(CCCCC2CCCC3CCCCC23)C1
C1CCC2C(C1)CCC1C3CCCCC3CCC21
C1CCC(C2CCC3CC4C(CCC45CCCCCC5)CC32)CC1
C1CCC(C2CCC3CCCC3C3CCC4CCCCC4C23)CC1
C1CCC(C2CCC3CC4C(CCC5C6CCC(CCCCC7CCC8CCCCC8C7)C6CCC45)CC32)CC1
C1CCC(CCCCCC2CCCC3C(C4CCCCC4)CCC23)CC1
C1CCC(CCCCCC2CCCC3C(CC4CCCCC4)CCC23)CC1
C1CCC(CCCCCC2CCCC3C(CC4CCCCC4)CCC23)CC1
C1CCC(C2CC3CCCC3C3CCC4CCCCC4CC23)CC1
C(CCC1CCCC2CCCC12)CC1CC2CCCCC2C1
C1CCC(C2CCC3CC4C(CCC32)CCC2C3CCC(CCCC5CC6CCCCC6C5)C3CCC42)CC1
C1CCC(CCC2CCCCC3CCC(C4CCCC5CCCC54)CC23)CC1
C1CCC2CC3CCC(C4CCCCC4)C3CC2CC1
C1CCC(CCC2CCC3C(CCC3C3CCCC(CCC4CCCC4)C3)C2)CC1
C1CCC(CCCCC2CC3CCCCC3C2)CC1
C(CCCCC1CCC(C2CCCCC2)C1)CCCC1CCCCC1
C1CCC(CCC(CCCC2CCC3CCCC3C2)CC2CCCCC2)CC1
C1CCC(C2CCC3(CC2)CCC2CC4C(CCC4C4CCCCC4)CC23)CC1
C1CCC(CCCCC2CCCC3CCC(C4CCCCC4)CC23)CC1
C(CCCCC1CCC(C2CCCCC2)C1)CCCC1CCCCC1
C1CCC(CCC2(CCCC3CC4CCCCC4C3)CCC3C4CCCC5CCCCC5C4CCC32)C1
C1CCC(C2CCC3C(CCC3C3CCCCC3)C2)CC1
C1CCC2CC(CCCC3CCCC4CCCCC43)CC2C1
C(CCCC1CCCCC1)CCC1CCCCC1
C1CCC(C2CC3C(CCC4CC4)CCCC3C3CCC4CCCCC4C23)CC1
C1CCC(CCCCC2CCC3CCCCC23)CC1
C(CCC1CCCC2CCCCC12)CC1CCC2CCCCC2C1
C(CCCC1CCCC2C(C3CCCCC3)CCC12)CCC1CCCCC1
C1CCC(CC2CCC3CC4C(CCC45CCC(C4CCCCC4)C5)CC23)CC1
C1CCC(CCC2CCC3C(CCC3C3CCCCC3)C2)CC1
C1CCC(CC2CCCCC2CC2CC3CCCCC3C3CCC4CCCCC4C23)CC1
C1CCC(C2CCC3CC4C(CCCC45CCCC5)CC32)CC1
C1CCC(CCC(CCC2CCC3CCCC3C2)CC2CCCCC2)CC1
C1CCC(CCCCC2CCC3C2CCC2C4CCCCCC4CCC32)CC1
C1CCC(C2CCC(C3CC4CCCC4C4CCC5CCCCC5C34)CC2)CC1
C1CCC(C2CCC3CC4C(CCCC5C6CCC(CCCC7CC8CCCCC8C7)C6CCC45)CC32)CC1
C1CCC(CCC2CCCCC2)CC1
C1CCC2CCC3C4CCCC4CCC3C2CC1
C1CCC2C(C1)CCC1C3CCCC3CCC21
C1CCC2C(C1)CCC1C3CCCC3CCC21
C1CCC(CC2CCC3C(CC4CCCCC4)CCC3C2)CC1
C1CCC(CCC2CCC3C(CCC3C3CCCCC3)C2)CC1
C1CCC(CC2CCCC(C3CCC4CC(CCC5CCC6CCCCC6C5)CCC43)C2)C1
C1CCC(CCCCCC2CC3CCCCC3C2)CC1
C1CCC2C(C1)CCC1C3CCCC3CCC21
C1CCC(C2CC3CCCC3C3CCC4CCCCC4C23)CC1
C1CCC2C(C1)CCC1C3CCCC3CCC21
C1CCC2CCC3C4CCCC4CCC3C2CC1
C1CCC(CCCC2CCC3C(CCC3C3CCCCC3)C2)CC1
C1CCC(C2CCC3CCC4(CCCCC4C4CCCCC4)CCC32)CC1
C1CCC(C2CCC3CCC4C(CC5CC6CCCCC6C5)CCCC4CC32)CC1
C1CCC2C(C1)CCC1CCCCC12
C1CCC2C(C1)CCC1C3CCCCC3CCCC21
C1CCC2CCC3C4CCC(CCCC5CCCC6CCCCC65)C4CCC3C2CC1
C1CCC(CC2CCC3C(CCC3C3CCCCC3)C2)CC1
C1CCC(C2CCC3CCCC3C3CCC4CCCCC4C23)CC1
C1CCC(CCC2CCCCC2)CC1
C1CCC2C(C1)CC(C1CCCC3CCCC31)C1CCCCC21
C1CCC(CCCCCC2CCC3CCCC3C2)CC1
C1CCC(CCCC2(CCC3CCCC3)CCC3C4CCC5CCCCCC5C4CCC32)CC1
C1CCC2CC(C3CCCC4CCCC43)CCC2C1
C(CCC1CCC2CCCCC2C1)CCC1CCCC2CCCCC12
C1CCC(CC2CCC3CC4C(CCC45CCC(C4CCCCC4)C5)CC23)CC1
C1CCC(CCC2CCC(CCC3CCCC(CC4CCCC4)C3)CC2)CC1
C(CCC1CCC2C1CCC1C3CCCCC3CCC21)CC1CC2CCCCC2C1
C1CCC(C2CC3CCCCC3C3CCC4CCCCC4C23)CC1
C1CCC(CCCCCC2CCCC3C2CCC3C2CCCC(CC3CC3)C2)CC1
C1CCC2C(C1)CCC1C3CCCC3CCC21
C1CCC(CCC2CCC3C(CCC4C5CCCCC5CC(CCC5CCCCC5)C34)C2)CC1
C(CCC1(C2CCCC2)CCCCC2CCCCC21)CC1CCC2CCCCC2C1
C1CCC2C(C1)CCC1C3CCCC3CCC21
C1CCC(C2CC3CCCC3C3CCC4CCCCC4C23)CC1
C1CCC2CC(CC3CCCC4CCCC43)CCC2C1
C(CCC1CCCC2CCCC12)CC1CC2CCCCC2C1
C1CCC2CCC(C3CCCC4CCCC43)CC2CC1
C1CCC(CCCCC2CCC3CCCCC23)CC1
C(CCCC1CCCCC1)CCCC1CCC(C2CCCCC2)C1
C1CCC2C(C1)CCC1C3CCCC3CCC21
C1CCC(CCCCCC2CCC3CCCCC23)CC1
C1CCC(CCCCC2(CCC3CCCC3)CCC3C4CCC5CCCCC5C4CCC32)C1
C1CCC2C(C1)CCC1C3CCCC3CCC21
C1CCC(CC2CCC3C(CCC3C3CCCCC3)C2)CC1
C1CCC(CCCCCC2CCC3CCCCC23)CC1
C1CCC(CCCCCC2CC3CCCCC3C2)CC1
C1CCC(CCCCCC2CC3CCCCC3C2)CC1
C(CCCC1CCCCC1)CCCC1CCC(C2CCCCC2)C1
C1CCC(CC2CC3CCCCC3C3CCCC23)C1
C1CCC2CCC3C4CCC(CCCC5CCC6CCCCC6C5)C4CCC3C2CC1
C1CCC(C2CC3CCCC3C3CCC4CCCCCC4C23)CC1
C1CCC2C(C1)CCCC1C3CCCC3CCC21
C1CCC(CC2CC3CCCCC3C3CCC4CCCCCC4C23)CC1
C1CCC2CC(CC3CCCC4CCCC43)CCC2C1
C1CCC(CCCC2CCCC3CCC(C4CCCC5CCCC54)CC3C2)CC1
C1CCC(CCC2(CCCC3CCC4CCCCC4C3)CCC3C4CCC5CCCCC5C4CCC32)C1
C1CCC(C2CCCC3(CCC4CC5C(CCC5C5CCCCC5)CC43)C2)CC1
C1CCC(CCCC2CCC3CCC(C4CCCC5CCCC54)CC3C2)CC1
C1CCC(CCCCC2CCC3CCCCC23)CC1
C1CCC2C(C1)CCC1C2CCC2C3CCCC3CC21
C(CCCC1CCCCC1)CCCC1CCC(C2CCCCC2)C1
C1CCC2CC(CCCC3CCCC4CCCCC43)CC2C1
C1CCC(C2CCC3CC4C(CCC5C6CCCC(CCCC7CC8CCCCC8C7)C6CCC45)CC32)CC1
C1CCC(CC2CC3CCCCC3C3CCC4CCCCCC4C23)CC1
C1CCC(C2CC3CCCC3C3CCC4CCCCC4C23)CC1
C1CCC2CCC3C4CCCC4CCC3C2CC1
C1CCC2C(C1)CCC1C2CCC2C3CCCC3CC21
C1CCC(C2CCC3CCCC3C3CCC4CCCCCC4C23)CC1
C1CCC(C2CCC3CC4C(CCCC45CCCC5)CC32)CC1
C1CCC(CCC2CCCCCC23CCC2C(CCC2C2CCCCC2)C3)CC1
C1CCC(CCC2CCC3C(CCC3C3CCCCC3)C2)CC1
C1CCC(C2CC3CCCC3C3CCC4CCCCCC4C23)CC1
C1CCC(CCCCCC2CCCC3C(CC4CCCCC4)CCC23)CC1
C1CCC(CCCCC2CCC3CCCCC23)CC1
C1CCC(C2CC3CCCC3C3CCC4CCCCCC4C23)CC1
C1CCC2C(C1)CCC1C3CCCC3CCC21
C(CCCC1CCCC2C(C3CCCCC3)CCC12)CCC1CCCCC1
C1CCC(CCCCCC2CCCC3C(C4CCCCC4)CCC23)CC1
C1CCC2C(C1)CCC1CCCCC12
C1CCC(C2CCC3CCC(C4CCCC4)C3C2)C1
C1CCC(CCC(CCC2CCC3CCCC3C2)CC2CCCCC2)CC1
C1CCC2CC(C3CCCC4CCCC43)CCC2C1
C1CCC(C2CCC(CCCCCC3CCCC4CCCCC34)C2)CC1
C1CCC(C2CC3CCCC3C3CCC4CCCCCC4C23)CC1
C1CCC2CCC(C3CCCC4CCCC43)CC2CC1
C1CCC2CCC3C4CCCCC4CCC3C2CC1
C1CCC(C2CCC3CC4C(CCCC45CCCC5)CC32)CC1
C1CCC2C(C1)CCCC1CCCCC12
C1CCC(C2CC3CCCC3C3CCC4CCCCCC4C23)CC1
C1CCC(CCCCC2CCC3C2CCC2CC4CCCCC4CCC23)CC1
C1CCC(C2CCC3CC4(CCCCCCC4C4CCCCC4)CCC32)CC1
C1CCC2CCC3C4CCCC4CC(C4CCC(C5CCCC5)CC4)C3C2CC1
C1CCC(C2CCC3CCCCC3C3CCCCC23)CC1
C1CCC(C2CCC3CC4C(CCCCC45CCCC5)CC32)CC1
C1CCC(CC2CCCC(C3CCC4CC(CCC5CCC6CCCCC6C5)CCC43)C2)C1
C1CCC2CC(CCCC3CCCCC4CCCCC43)CC2C1
C1CCC(CCCCC2CC3CCCCC3C2)CC1
C(CCCCC1CCC(C2CCCCC2)C1)CCCC1CCCCC1
C1CCC(C2CCC3C(CCC4CCCCC43)C2)CC1
C1CCC(C2CC3CCCC3C3CCC4CCCCC4C23)CC1
C1CCC(CCCCC2CC3CCCCC3C2)CC1
C1CCC(CCC2CCC3C(CCC4CC3CCC3CCCC34)C2)CC1
C1CCC(CCC2CCC3C(CCCC4CCCCC43)C2)CC1
C1CCC(C2CCC3CC4CCCCC4CC32)CC1
C1CCC(CC2CC3CCCCC3CC3CCC4CCCCC4C32)CC1
C1CCC(CCCCC2CC3CCCCC3C2)CC1
C1CCC(CCC2CCC3C(CCC3C3CCCCC3)C2)CC1
C1CCC(CC2CCC3CC4C(CCC45CCCC5)CC23)CC1
C1CCC(C2CC3CCCCC3C3CCC4CCCCC4C23)CC1
C1CCC(C2CCC3CCCC3C3CCC4CCCCCC4C23)CC1
C1CCC(C2CCC3CC4C(CCC5C6CCC(CCCC7CCC8CCCCC8C7)C6CCCC45)CC32)CC1
C1CCC2CC(C3CCCC3)C3CCCCC3CC2C1
C1CCC2CCC(C3CCCC3)CC2CC1
C1CCC(C2CCC3C(CCCCCC4CCC4)CCCC23)CC1
C(CC1CCC2CCC(C3CCCC4CCCC43)CC2CC1)CC1CCC2CCCC2C1
C1CCC(CCC2CCC3C(CCC3C3CCCCC3)C2)CC1
C1CCC(CC2CCC3C(CCC3C3CCCCC3)C2)CC1
C1CCC(C2CCC3CCC(C4CCCC4)C3C2)C1
C1CCC(CCCCC2CCC3CCCCC23)CC1
C1CCC2C(C1)CCC1CCCCC12
C1CCC(CC2CCC3C(CCC3C3CCCCC3)C2)CC1
C1CCC(CC2CC3CCCCC3C3CCC4CCCCC4C23)CC1
C(CCCC1CCCC2C(C3CCCCC3)CCC12)CCC1CCCCC1
C1CCC(C2CCC3CCC4C(CCC45CCCC5)CC32)CC1
C1CCC(C2CCC3CC4C(CCCC45CCCCCC5)CC32)CC1
C1CCC(C2CCC(CCCC3CCC4C3CCC3C5CCCCC5CCC43)C2)CC1
C1CCC(C2CCC3CCCC3C3CCC4CCCCC4C3C2)CC1
C1CCC(CCCCC2CCC3CCCCC23)CC1
C1CCC2C(C1)CC(C1CCCC3CCCCC31)C1CCCCC21
C(CCCC1CCCCC1)CCCC1CCC(C2CCCCC2)C1
C1CCC(CCC2CCC3C(CCC3C3CCCC(CCC4CCCCC4)C3)C2)CC1
C1CCC(CC2CCC3CC4C(CCC5C6CCC(CCCC7CCC8CCCCC8C7)C6CCC45)CC23)CC1
C1CCC(CCCC2CCC3C(CCC3C3CCCCC3)C2)CC1
C1CCC(CCC2CCC3C(CCC3C3CCCCC3)C2)CC1
C1CCC(CCCCCC2CC3CCCCC3C2)CC1
C1CCC(C2CC3CCCC3C3CCC4CCCCC4C23)CC1
C(CCC1CCCC2CCCC12)CC1CC2CCCCC2C1
C1CCC2CC(CC3CCCC4CCCC43)CCC2C1
C(CCC1CCCC2CCCC12)CC1CC2CCCCC2C1
C1CCC(C2CC3CCCCC3C3CCCCC23)CC1
C1CCC(CCC2CCC3C(CCC3C3CCCC(CCC4CCCCC4)C3)C2)CC1
C1CCC(CC2CC3CCCCC3C3CCC4CCCCCC4C23)CC1
C1CCC(CCCCCC2CCC3CCCCC23)CC1
C(CCC1CCCC2CCCC12)CC1CC2CCCCC2C1
C1CCC(C2CCC3CC4C(CCCC45CCCC5)CC32)CC1
C1CCC(CC2CCC(CC(CC3CCCCC3)C3CCCCC3)CC2)CC1
C1CCC2CCC(C3CCCC4CCCC43)CC2CC1
C1CCC(CCC2CCCC3CC4C(CC5CCCCC5)CCC4CC23)CC1
C1CCC(C2CCC(CCCCCC3CCCC4CCCCC34)C2)CC1
C1CCC(CCCCCC2CCC3CCCCC23)CC1
C(CCCC1CCCC2C(C3CCCCC3)CCC12)CCC1CCCCC1
C1CC2CCC3C(CCC4CCC5CC5C43)C2C1
C1CCC2C(C1)CCC1C2CCC2C3CCCC3CC21
C1CCC(CC2CC3CCCCC3C3CCC4CCCCCC4C23)CC1
C1CCC(CC2CCCCC2CC2CCC3CCCCC3C3CCC4CCCCC4C23)CC1
C1CCC(CCCC2CCC3C(CCC3C3CCCCC3)C2)CC1
C1CCC(CC2CC3CCCCC3CC3CCC4CCCCC4C32)CC1
C1CCC(C2CCC3C(CCC4CCCCC43)C2)CC1
C(CCC1CCC2C1CCC1C3CCCCC3CCC21)CC1CC2CCCCC2C1
C1CCC(C2CCC3C(CCC4CCCCC43)C2)C1
C(CCC1CCCC2CCCCC12)CC1CCC2CCCCC2C1
C1CCC2C(C1)CCC1C2CCC2C3CCCC3CC21
C1CCC2CCC(C3CCCC4CCCC43)CC2CC1
C1CCC(C2CCC3CC4C(CCC32)CCC2C3CCC(CCCC5CC6CCCCC6C5)C3CCC42)CC1
C1CCC2CC(CCCC3CCC4C3CCC3C5CCCCC5CCCC43)CC2C1
C(CCCC1CCCC2C(C3CCCCC3)CCC12)CCC1CCCCC1
C(CCC1CCCC2CCCCC12)CC1CCCC2CCCCC2C1
C1CCC(C2CCC3CCCC3C3CCC4CCCCC4C23)CC1
C1CCC(C2CC3CCCC3C3CCC4CCCCC4C23)CC1
C1CCC(CC2CCC3CC4C(CCC45CCCCC5)CC23)CC1
C1CCC(C2CC3CCCC3C3CCC4CCCCC4C23)CC1
C1CCC(CCCC2CCC3C4CCC5CC6C(CCC6C6CCCCC6)CC5C(CCC23)C4)CC1
C1CCC(CCCCCC2CCC3CCCCC23)CC1
C(CCC1CCC2CCCCC2C1)CCC1CCCC2CCCCC12
C1CCC(CC2CC3CCCCC3C3CCC4CCCCCC4C23)CC1
C1CCC(CCCC(CC2CC3CCCCC3C2)C2CC2)CC1
C1CCC2CC3CCC(C4CCCCC4)C3CC2CC1
C1CCC(C2CC3CCCC3C3CCC4CCCCC4C23)CC1
C1CCC(CCCCC2CCCC3CCCC23)CC1
C1CCC(CCCCCC2CCCC3C(C4CCCCC4)CCC23)CC1
C1CCC(CCCCCC2CC3CCCCC3C2)CC1
C1CCC(CC2CCC(CC(CC3CCCCC3)C3CCCCC3)CC2)CC1
C1CCC(CCCCC2CC3CCCCC3C2)CC1
C1CCC(CCC2CCC(CCC3CCCCC(CC4CCCC4)C3)CC2)CC1
C(CCCCC1CCC2C(CCC3C4CCCC4CCC23)C1)CCCC1CCCC(CC(CC2CCC(CC3CCCCC3)CC2)C2CCCCC2)C1
C1CCC2CC(C3CCCC4CCCC43)CCC2C1
C1CCC2CCC(C3CCCC4CCCC43)CC2CC1
C1CCC(C2CCC3CCC4C(CCC45CCCC5)CC32)CC1
C1CCC(CCCC2CCC3C2CCC2C4CC5CCC(C6CCCCCC6)C5CC4CCC32)CC1
C1CCC(CCCCCC2CCC3CCCCC23)CC1
C1CCC(CCC2CCC(CCC3CCCC(CC4CCCC4)C3)CC2)CC1
C1CCC(CCC2CCC3C(CCC3C3CCCCC3)C2)CC1
C1CCC(C2CCC3CC(C4CCC(CCC5CCCC5)CC4)CCC32)CC1
C1CCC(C2CCC3CCC4CCCCC4CC32)CC1
C1CCC2CC(CCCC3CCC4C3CCC3C5CCCCC5CCC43)CC2C1
C1CCC2CCC3C(CCC4C5CCCC5CC43)C2CC1
C1CCC(CCC2CCC3C(CCC3C3CCCC(CC4CCCC4)C3)C2)CC1
C1CCC2CC(CC3CCCC4CCCC43)CCC2C1
C1CCC(CCCCCC2CCCC3C(C4CCCCC4)CCC23)CC1
C(CCCC1CCCC2C(C3CCCCC3)CCC12)CCC1CCC(C2CCCC2)C1
C1CCC(C2CC3CCCC3C3CCC4CCCCC4C3C2)CC1
C1CCC(C2CC3CCCC3C3CCC4CCCCC4C23)CC1
C(CC1CCC2CCCCC2C1)CC1CCC2C(CCC3C4CCCCC4CCC23)C1
C(CCCC1CCCCC1)CCCC1CCC(CC2CCCCC2)C1
C1CCC2C(C1)CC(C1CCCC3CCCCC31)C1CCCC21
C1CCC2CC(C3CCCC4CCCC43)CCC2C1
C1CCC(CCCC2CCC3C(CCC4C5CCCC5CCC34)C2)CC1
C1CCC2C(C1)CCC1C3CCCC3CCC21
C1CCC(CCCCCC2CCCC3C(C4CCCCC4)CCC23)CC1
C(CCC1CC2CCCCC2C1)CCC1CCCC2CCCC12
C1CCC(CCC2CCC(C3CC3)CC2)CC1
C1CCC(CC2CC3CCCCC3C3CCCCC23)CC1
C1CCC2CCC(C3CCCC4CCCC43)CC2CC1
C1CCC(C2CCC(CCCCCC3CCCC4C(C5CCCCC5)CCC34)C2)CC1
C1CCC(C2CCC3CC4C(CCC5C6CCCC6CCC45)CC32)CC1
C1CCC(CCCC2CCC3CCC(C4CCCC5CCCC54)CC3C2)CC1
C1CCC2CC(C3CCCC4CCCC43)CCC2C1
C1CCC2CCC3C4CCC(CCCC5CCCC5)C4CCC3C2CC1
C1CCC(C2CCC3CC4C(CC5CCC6CCCCC65)CCCC4CC32)CC1
C1CCC(CCCC2CCC3C(CCC3C3CCCC(CCC4CCCC4)C3)C2)CC1
C1CCC(CCCCC2CC3CCCCC3C2)CC1
C1CCC2CCC3C(CCC4C5CCCC5CC43)C2CC1
C1CCC(C2CCC3CC4C(CCC45CCCC5)CC32)CC1
C1CCC(C2CC3C(CCCC34CCCC4)C3CCC4CCCCC4C23)CC1
C(CCC1CCCC2CCCCC12)CC1CC2CCCCC2C1
C1CCC2CCC3C4CCCC4CCC3C2CC1
C1CCC(C2CC3CCCC3C3CCCC4CCCCC4C23)CC1
C1CCC(C2CCC3CC4C(CCC45CCCCCC5)CC32)CC1
C1CCC(CC2CCC3C(CCC3C3CCCCC3)C2)CC1
C1CCC(CCC(CC2CC3CCCCC3C2)C2CCC2)CC1
C1CCC(CCC2CCC3C(CCC3C3CCCCC3)C2)CC1
C1CCC(C2CCC(C3CC4CCCC4C4CCC5CCCCC5C34)CC2)CC1
C1CCC2C(C1)CCC1C3CCCC3CCC21
C(CCCC1CCCC2C(C3CCCCC3)CCC12)CCC1CCCCC1
C1CCC(CC2CC3CCCCC3C3CCCC23)C1
C1CCC(C2CC3C(CCC4CC4)CCC3C3CCCC4CCCCC4C23)CC1
C1CCC2C(C1)CCC1CCCCC12
C(CCCC1CCC(C2CCCCC2)C1)CCC1CCCCC1
C1CCC(CC23CCCCC2CCC2C4CCCC4CCC23)CC1
C1CCC(CCCCC(CC2CCC3C(CCC3C3CCCCC3)C2)C2CCCCC2)CC1
C1CCC2CCC(C3CCCC4CCCC43)CC2CC1
C1CCC(CCC2CCC3C(CCC3C3CCCCC3)C2)CC1
C1CCC(CCCCC2CC3CCCCC3C2)CC1
C1CCC(C2CCC3CC4C(CCCC5CC5)CCCCC4CC32)CC1
C1CCC(C2CCC3CC4C(CCCC45CCCCC5)CCC32)CC1
C1CCC(C2CC3CCCC3C3CCC4CCCCC4C23)CC1
C1CCC(CCC2CCCC3CC4C(CCC23)CCC4C2CCCCC2)CC1
C1CCC(C2CCC3CCCCC3C3CCC4CCCCC4C23)CC1
C1CCC(CCCC2CCC3CCC(C4CCCC5CCCC54)CC3C2)CC1
C(CCC1CCCC2CCCCC12)CC1CCC2CCCCC2C1
C1CCC2CCC(C3CCCC4CCCC43)CC2CC1
C1CCC(C2CCC(CCCCCC3CCCC4C(C5CCCCC5)CCC34)C2)CC1
C1CCC(CCCCCC2CCC3CCCCC23)CC1
C1CCC(CC2CC3CCCCC3C3CCC4CCCCC4C23)CC1
C1CCC(CCCC2CC3CCCC3C3CCC4CC(CCC5CCCCC5)CCC4C23)CC1
C1CCC(C2CC3CCCC3C3CCC4CCCCC4C23)CC1
C(CCCC1CCCCC1)CCCC1CCC(C2CCCCC2)C1
C1CCC(CCCCC2CCC3CCCCC23)CC1
C1CCC2CCC(C3CCCC4CCCC43)CC2CC1
C(CCC1CCCC2CCCC12)CC1CC2CCCCC2C1
C1CCC(CC2CC3CCCCC3C3CCC4CCCCCC4C23)CC1
C1CCC(CCC2CCCC3CC4C(CC5CCCCC5)CCC4CC23)CC1
C1CCC(CCCCCC2CC3CCCCC3C2)CC1
C1CCC(CCCCC2CCC3CCCCC23)CC1
C1CCC(CCCC2CCCC3CCC(C4CCCC5CCCC54)CC3C2)CC1
C(CCC1CCC2CCCCC2C1)CCC1CCCC2CCCCC12
C1CCC(C2CC3CCCC3C3CCC4CCCCC4CC23)CC1
C1CCC(CCC2CCC3C(CCC4CCCCCC43)C2)CC1
C1CCC(CC2CC3CCCCC3C3CCC4CCCCCC4C23)CC1
C1CCC(C2CC3CCCC3C3CCC4CCCCC4C23)CC1
C1CCC(C2CCC(CCCCCC3CCCC4CCCCC34)C2)CC1
C1CCC(C2CC3CCCC3C3CCC4CCCCC4C23)CC1
C1CCC(CCC2CCC(CCC3CCCC(CC4CCCC4)C3)CC2)CC1
C1CCC2CCC3C4CCCCC4CC(CC4CCCC4)C3C2CC1
C1CCC(CCCCC2CCC3CCCCC23)CC1
C1CCC(C2CC3CCCC3C3CCC4CCCCC4C23)CC1
C1CCC2CCC3C(CCC4C5CCCC5CC43)C2CC1
C1CCC2CC(CCCC3CCC4C5CCC6CCCCC6C(CCC34)C5)CC2C1
C1CCC(CCCCC2CC3CCCCC3C2)CC1
C1CCC(C2CCC(CCCC3CCC4C3CCC3C5CCCCC5CCC43)C2)CC1
C1CCC2CCC(C3CCCC4CCCC43)CC2CC1
C1CCC(CC2CC3CCCCC3C3CCC4CCCCC4C23)C1
C1CCC(C2CCC3CC4C(CCC5C6CCC(CCCC7CC8CCCCC8C7)C6CCC45)CC32)CC1
C1CCC(CCCCC2CC3CCCCC3C2)CC1
C1CCC2CCC3C4CCC(CCCC5CCC6CCCCC6C5)C4CCC3C2CC1
C1CCC2C(C1)CCC1C3CCCC3CCC21
C1CCC(CC2CCC3CCCCC3C3CCC4CCCCC4C23)CC1
C1CCC(CCC2CCC3C(CCC3C3CCCCC3)C2)CC1
C(CCC1CCC2C(CCC3C4CCCC4CCC23)C1)CC1CCC(C2CCC(C3CC4CCCC4C4CCC5CCCCC5C34)CC2)CC1
C1CCC2C(C1)CCC1C3CCCCC3CCC21
C1CCC(CCC(CCC2CCC3CCCC3C2)CC2CCCCC2)CC1
C1CCC(C2CCC3CCC4C(CCC45CCCCC5)CC32)CC1
C1CCC(CCCCC2CC3CCCCC3C2)CC1
C1CCC2CCC3C4CCCC4CCC3C2CC1
C1CCC(CCCC2CCC3C2CCC2C4CC5CCC(C6CCCCCC6)C5CC4CCC32)CC1
C(CCCC1CCCC2CCCCC12)CCC1CCC(C2CCCCC2)C1
C1CCC(CCCCC2CC3CCCCC3C2)CC1
C1CCC(CC2CC3CCCCC3C3CCC4CCCCC4C23)CC1
C1CCC2CCC3C4CCCC4CCC3C2CC1
C(CCCC1CCCCC1)CCCC1CCC(C2CCCCC2)C1
C1CCC2CC(CC3CCCC4CCCC43)CCC2C1
C1CCC(CCCCCC2CCCC3C(CC4CCCCC4)CCC23)CC1
C1CCC(CCC2CCCCC2)CC1
C1CCC(CCCC2CCC3CCC(C4CCCC5CCCC54)CC3C2)CC1
C1CCC(C2CCC3C(CCC4CCCCC43)C2)C1
C1CCC(C2CC3CCCC3C3CCC4CCCCC4C23)CC1
C1CCC(CC2CC3CCCCC3CC3CCC4CCCCC4C32)C1
C1CCC2CCC(C3CCCC4CCCC43)CC2CC1
C1CCC2CC(C3CCCC4CCCC43)CCC2C1
C1CCC(CCCCCC2CCCC3C(C4CCCCC4)CCC23)CC1
C(CCCC1CCCC2C(C3CCCCC3)CCC12)CCC1CCC(C2CCCC2)C1
C1CCC(CCCC2CCC3C2CCC2C4CC5CCC(C6CCCCC6)C5CCC4CCC32)CC1
C1CCC(CCCCC2CCC3CCCCC23)CC1
C1CCC(C2CCC3CC4(CCCCCCC4C4CCCCC4)CCC32)CC1
C1CCC(CCC(CC2CCC3C(CCC3C3CCCCC3)C2)C2CCCCC2)CC1
C1CCC(C2CCC3CC4C(CCC5C6CCCC6CCCC45)CC32)CC1
C1CCC(CCCC2CCC3CCC(CC4CCCC5CCCC54)CC3C2)CC1
C1CCC(CCCCC2CCC3CCCCC23)CC1
C(CCC1CCCCC2CCCCC12)CC1CCC2CCCCC2C1
C(CCC1CCCC2CCCCC12)CC1CC2CCCCC2C1
C1CCC2C(C1)CCC1C3CCCC3CCC21
C1CCC2C(C1)CCCC1CCCCC12
C1CCC(C2CC3CCCC3C3CCC4CCCCCC4C23)CC1
C1CCC(C2CCC3CC4(CCCCC4C4CCCCC4)CCCC32)CC1
C1CCC(C2CCC3(CCCC4CC5C(CCC5C5CCCCC5)CC43)C2)CC1
C1CCC2C(C1)CCCC2CCCC1CCCC2CCCCC21
C(CCCC1CCCC2C(C3CCCCC3)CCC12)CCC1CCC(C2CCCC2)C1
C1CCC2CC(CCCC3CCC4C3CCC3C5CCCCC5CCC43)CC2C1
C1CCC2CC(C3CCCC4CCCC43)C3CCCC3C2CC1
C1CCC(CCCCC2CCC3CCC(C4CCCC5CCCC54)CC3C2)CC1
C1CCC2C(C1)CCCC2CCCC1CCCC2CCCCC21
C1CCC(C2CC3CCCC3C3CCCC4CCCCC4C23)CC1
C1CCC2CCC(C3CCCC4CCCC43)CC2CC1
C1CCC(C2CCC3CC4C(CCC32)CCC2C3CCCC3CCC42)CC1
C1CCC(C2CCC3CC4C(CCC5C6CCC(CCCC7CCCC8CCCCC87)C6CCC45)CC32)CC1
C1CCC(CC23CCCCC2CCC2C4CCCCC4CCC23)CC1
C1CCC(CCC2CCC(CCC3CCCCC3)CC2)CC1
C1CCC(CCCC2CCCCC3CCC(C4CCCC5CCCC54)CC23)CC1
C1CCC2CCC(C3CCCC4CCCC43)CC2CC1
C1CCC(CCCCCC2CCC3CCCCC23)CC1
C1CCC2C(C1)CCC1C3CCCC3CCC21
C(CCCC1CCCCC1)CCCC1CCC(C2CCCCC2)C1
C1CCC(C2CC3CCCC3C3CCC4CCCCC4CC23)CC1
C1CCC(CCCCC2CC3CCCCC3C2)CC1
C1CCC(CCC2CCC3C(CCC4C5CCCC5CC(CCC5CCCCC5)C34)C2)CC1
C1CCC(C2CCC3(CCC4CC5C(CCC5C5CCCCC5)CCC43)C2)CC1
C1CCC2C(C1)CC(C1CCCC1)C1CCCCC21
C1CCC2CCC3C4CCCC4CCC3C2CC1
C1CCC(CCC2CCCC3CC4C(CCC4C4CCCCC4)CC23)CC1
C(CCC1CCC(C2CCCC2)C1)CCC1CCCC2CCCCC12
C1CCC(C2CCC3CC4(CCCCCCC4C4CCCCC4)CCC32)CC1
C1CCC2CCC3C4CCCCC4CCC3C2CC1
C1CCC(CCC2CCC3C(CCC3C3CCCCC3)C2)CC1
C1CCC2CC(C3CCCC4CCCC43)CCC2C1
C1CCC2C(C1)CC(C1CCCC1)C1CCCCC21
C1CCC(C2CC3CCCC3C3CCC4CCCCC4C23)CC1
C1CCC2C(C1)CCC1C3CCCC3CCC21
C1CCC2CC(CCCC3CCC4C3CCC3C5CCCCC5CCC43)CC2C1
C1CCC(C2CCC3CCCC3C3CCC4CCCCC4C23)CC1
C1CCC(CCC2CCC3C(CCC3C3CCCCC3)C2)CC1
C1CCC(C2CCCCC2CC2CCC3CCCCC3C3CCC4CCCCC4C23)CC1
C1CCC(CCCC2CCCCC3CCC(C4CCCC5CCCC54)CC23)CC1
C1CCC2CC3CCC4CCCCC4C3CCC2C1
C1CCC(CCCC2CCCC(C3CCC4CC(CCC5CCC6CCCCCC6C5)CCC43)C2)CC1
C1CCC(CCC(CCCC2CCC3CCCC3C2)CC2CCCCC2)CC1
C(CCCC1CCCC2C(C3CCCCC3)CCC12)CCC1CC1
C1CCC(CCCCC2CCC(C3CCC4C(CCC4C4CCCCC4)C3)CC2)CC1
C1CCC(CCCC(CC2CC3CCCCC3C2)C2CC2)CC1
C1CCC(CCC(CCC2CCCCC2)CCC2CCC3CCCCC3C2)CC1
C(CCCC1CCCCC1)CCCC1CCC(C2CCCCC2)C1
C1CCC(CC2CCC3C(CCC3C3CCCCC3)C2)CC1
C1CCC(CCCCC2CC3CCCCC3C2)CC1
C1CCC(CC2CC3CCCCC3C3CCC4CCCCCC4C23)CC1
C(CCCC1CCCC2C(C3CCCCC3)CCC12)CCC1CCCCC1
C1CCC2C(C1)CCC1CCCCC12
C1CCC(CCCC2CCC3CCC(C4CCCC5CCCC54)CC3C2)CC1
C1CCC2CCC(C3CCCC4CCCC43)CC2CC1
C1CCC(C2CC3CCCC3C3CCC4CCCCCC4C23)CC1
C1CCC2C(C1)CCC1C3CCCCC3CCC21
C(CCCC1CCCCC1)CCCC1CCC(C2CCCCC2)C1
C1CCC2CC(CC3CCCC4CCCC43)CCC2C1
C1CCC(CCCC2CCC(C3CCC4C(CC5CCCCC5)CCC4C3)CC2)CC1
C(CCC1(C2CCCC2)CCCC2CCCCC21)CC1CCC2CCCCC2C1
C1CCC2CCC(C3CCCC4CCCC43)CC2CC1
C1CCC(CCC2CCCC3CC4C(CCC4C4CCCCC4)CC23)CC1
C1CCC(C2CC3C(CCC4CC4)CCC3C3CCCC4CCCCC4C23)CC1
C(CCCC1CCCC2CCCCC12)CCC1CCCC1
C1CCC(CCCC2CCCC(C3CCC4CC(CCCC5CCC6CCCCC6C5)CCC43)C2)CC1
C1CCC(C2CC3CCCC3C3CCC4CCCCC4C23)CC1
C1CCC2C(C1)CCC1C3CCCC3CCC21
C1CCC(CCCC2CCC3C(CCC3C3CCCCC3)C2)CC1
C1CCC(CCC2CCC3C(CCC3C3CCCCC3)C2)CC1
C1CCC2CCC3C4CCC(CCCC5CCC6CCCCC6C5)C4CCC3C2CC1
C1CCC(CCCCCC2CCCC3C(CC4CCCCC4)CCC23)CC1
C1CCC(CCCCCC2CC3CCCCC3C2)CC1
C1CCC(CCCCCC2CC3CCCCC3C2)CC1
C1CCC(CC(CC2CCCCC2)C2CCCCC2)CC1
C1CCC(C2CC3CCCC3C3CCC4CCCCC4C23)CC1
C1CCC(CCCCCC2CC3CCCCC3C2)CC1
C1CCC2CCC(C3CCCC4CCCC43)CC2CC1
C1CCC2CC(CCCC3CCC4CC5CCC6CCCCC6C5CCC34)CCC2C1
C1CCC2C(C1)CCC1C3CCCC3CCC21
C1CCC(CCCCC2CC3CCCCC3C2)CC1
C1CCC(CCCCC2CC3CCCCC3C2)CC1
C(CCCC1CCCCC1)CCCC1CCC(C2CCCCC2)C1
C1CCC2CCC3C4CCCC4CC(C4CCC(C5CCCC5)CC4)C3C2CC1
C1CCC2C(C1)CCCC2CCCC1CCCC2CCCCC21
C1CCC(CC2CC3CCCCC3C3CCC4CCCCC4C23)CC1
C1CCC2CCCCC2C(CCCCC2CCCC3CCCCC23)C1
C(CCC1CCCC2CCCC12)CC1CC2CCCCC2C1
C1CCC(C2CCC3CC4C(CCC5C6CCCC(CCCC7CC8CCCCC8C7)C6CCC45)CC32)CC1
C1CCC2C(C1)CCCC2CCCC1CCC2C1CCC1C3CCCCC3CCC21
C1CCC(CC2CC3CCCCC3C3CCC(CCC4CCCC4)CC23)CC1
C1CCC2CCC3C(CCC4C3CCC4(CCCC3CC4CCCCC4C3)CCC3CCCC3)C2CC1
C1CCC(CC2CCC(CC(CC3CCCCC3)C3CCCCC3)CC2)CC1
C1CCC(CCCCCC2CCC3CCCCC23)CC1
C1CCC(CCCCC2CC3CCCCC3C2)CC1
C1CCC(CC2CCC(CC(CC3CCCCC3)C3CCCCC3)CC2)CC1
C1CCC(CCCCCC2CCCC3C(C4CCCCC4)CCC23)CC1
C1CCC(CCC2CCC(CC(CC3CCCCC3)C3CCCCC3)CC2)CC1
C1CCC2C(C1)CCC1C3CCCC3CCCC21
C1CCC2C(C1)CCC1C3CCCC3CCC21
C1CCC(C2CCC3CCCC3C3CCC4CCCCC4C23)CC1
C1CCC2CC3CCC4CCCC4C3CCC2C1
C1CCC(CCCCCC2CC3CCCCC3C2)CC1
C1CCC(CCC2CCC3C(CC4CCCCC4)CCC3C2)CC1
C1CCC(CC2CC3CCCCC3C3CCC4CCCCC4C23)CC1
C1CCC(CCCC2CCC3C(CCC4C5CCCC5CCC34)C2)CC1
C1CCC(CCCC2CCCC3C2CCC2C4CCCCC4CCC32)C1
C(CCCCC1CCC(C2CCCCC2)C1)CCCC1CCCCC1
C1CCC(C2CC3CCCC3C3CCC4CCCCC4C23)CC1
C1CCC(C2CCC(CCCCCC3CCCC4C(C5CCCCC5)CCC34)C2)CC1
C1CCC2CC(C3CCCC4CCCC43)CCC2C1
C1CCC(CCCC(CCC2CCC3CCCC3C2)CC2CCCCC2)CC1
C1CCC(CCCC2CCC3C2CCC2C4CCCCC4CCC32)C1
C1CCC(CCCCC2CC3CCCCC3C2)CC1
C(CCCC1CCCCC1)CCCC1CCC(C2CCCCC2)C1
C1CCC2CCC(C3CCCC4CCCC43)CC2CC1
C1CCC2CC(C3CCCC4CCCC43)CCC2C1
C1CCC(CCCCCC2CCCC3C(C4CCCCC4)CCC23)CC1
C1CCC2CCC3C4CCCC4CCC3C2CC1
C1CCC(CCCCCC2CC3CCCCC3C2)CC1
C1CCC(C2CC3CCCC3C3CCC4CCCCC4C23)CC1
C1CCC2C(C1)CCC1C3CCCC3CCC21
C1CCC(C2CCC3CC4C(CCCC45CCCC5)CCC32)CC1
C1CCC2CC(CCCC3CCC4C3CCC3C5CCCCC5CCC43)CCC2C1
C1CCC(CCC2CCC(CCC3CCCCC3)CC2)CC1
C(CCCC1CCCC2C(C3CCCCC3)CCC12)CCC1CCCCC1
C1CCC(CCC2CCCC3CCC(C4CCCC5CCCC54)CC23)CC1
C1CCC2CCCC(CC3CC4CCCCC4C4CCC5CCCCC5C34)C2CC1
C1CCC(C2CC3CCCC3C3CCC4CCCCC4C23)CC1
C1CCC(CCC(CCC2CC3CCCCC3C2)C2CC2)CC1
C1CCC(CC2CCC3C(CCC4CCCCC43)C2)CC1
C1CCC2C(C1)CCCC1CCCCC12
C1CCC2CCC3C4CCC(CCCC5CCC6CCCCC6C5)C4CCC3C2CC1
C1CCC(C2CCC3CC4C(CCCC5CC5)CCCC4CC32)CC1
C1CCC(CCC2CCC3C(CCC3C3CCCCC3)C2)CC1
C1CCC2CCC(C3CCCC4CCCC43)CC2CC1
C(CCC1CCCC2CCCCC12)CC1CCCC2CCCCC12
C1CCC(C2CC3CCCC3C3CCC4CCCCC4C23)CC1
C(CCC1CCC2CCCCC2C1)CCC1CCCC2CCCC12
C1CCC(CCCCCC2CC3CCCCC3C2)CC1
C1CCC2C(C1)CCC1C3CCCC3CCC21
C1CCC2C(C1)CCCC1C3CCCC3CCC21
C1CCC(CCCC2(CCC3CCCC3)CCC3C4CCCC5CCCCC5C4CCC32)C1
C1CCC2CC(C3CCCC4CCCC43)CCC2C1
C(CCC1CCC2C(CCC3C4CCCCC4CCC23)C1)CC1CCC(C2CC3CCCC3C3CCC4CCCCC4C23)CC1
C1CCC2CC3CCC4C5CCCC5CC4C3CCC2C1
C1CCC(CCCCCC2CCC3CCCCC23)CC1
C1CCC(C2CC3CCCC3C3CCCC4CCCCC4C23)CC1
C1CCC2CC(C3CCCC4CCCC43)CCC2C1
C1CCC2CC(C3CCCC4CCCC43)CCC2C1
C1CCC2CC(C3CCCC4CCCC43)CCC2C1
C1CCC2C(C1)CCC1C3CCCC3CCC21
C1CCC(CCCCCC2CC3CCCCC3C2)CC1
C1CCC(CCCCCC2CCC3CCCCC23)CC1
C1CCC2CC(CCCC3CCC4C3CCC3C5CCCCC5CCCC43)CC2C1
C1CCC2CCC3C4CCC(CCCC5CC6CCCCC6C5)C4CCC3C2CC1
C1CCC2C(C1)CCCC1C3CCCC3CCC21
C1CCC(CC2CCC(CC(CC3CCCCC3)C3CCCCC3)CC2)CC1
C1CCC(CC2CC3CCCCC3C3CCC4CCCCC4C3C2)CC1
C1CCC(C2CCC3CCC4C(CCCC45CCCC5)CC32)CC1
C1CCC(CCCC2CCC3CCC(CC4CCCC5CCCC54)CC3C2)CC1
C(CCC1CCC2CCCCC2C1)CCC1CCCC2CCCCC12
C1CCC(CC2CC3CCCCC3CC3CCC4CCCCC4C32)C1
C1CCC(C2CCC3CC4C(CCC32)CCC42CCCC2)CC1
C(CCC1CCC2C1CCC1C3CCCCC3CCC21)CC1CC2CCCCC2C1
C1CCC(C2CCC3CCCC3C3CCC4CCCCC4C23)CC1
C1CCC2CCC3C(CCC4C3CCC4(CCCC3CC4CCCCC4C3)CCC3CCCC3)C2CC1
C1CCC(CCCC2CCC3CCC(CC4CCCC5CCCC54)CC3C2)CC1
C1CCC2CCCCC2C(CCCCC2CCCC3CCCCC23)C1
C1CCC(C2CCC3CC4C(CCC45CCCC5)CC32)CC1
C1CCC(CCC2CCC(CCCC3CCCC(CC4CCCC4)C3)CC2)CC1
C1CCCC(C2CCC3CC4C(CCC5C6CCCC6CCC45)CC32)CC1
C1CCC(C2CCC(CCCC3CCC4C3CCCC3C5CCCCC5CCC34)C2)CC1
C(CCCC1CCCCC1)CCCC1CCC(CC2CCCCC2)C1
C1CCC2CC(C3CCCC4CCCC43)CCC2C1
C1CCC2C(C1)CCC1C3CCCCC3CCC21
C1CCC(CCC2CCCCC2)CC1
C1CCC2CC(CC3CCCC4CCCC43)CCC2C1
C1CCC(CCCC2CCC3C2CCC2C4CCCCC4CCCC32)C1
C1CCC2C(C1)CCCC2CCCC1CCC2C1CCC1C3CCCCC3CCC21
C1CCC2CCC(C3CCCC4CCCC43)CC2CC1
C1CCC(C2CCC3C(CCCC4CCCCC43)C2)CC1
C1CCC(CC2CC3CCCCC3C3CCC4CCCCCC4C23)CC1
C1CCC(CCCC2CCC3C2CCC2C4CC5CCC(CC6CCCCC6)C5CC4CCC32)CC1
C1CCC2CC3CCC(C4CCCCC4)C3CC2CC1
C1CCC(CCC2CCC3C(CCC3CC3CCCC(CCC4CCCC4)C3)C2)CC1
C1CCC(CCCCC2CC3CCCCC3C2)CC1
C1CCC2CCC(C3CCCC4CCCC43)CC2CC1
C1CCC(CCCC2CCC3C(CCC3C3CCCCC3)C2)CC1
C1CCC(CCCCC2CC3CCCCC3C2)CC1
C1CCC(CC23CCCCC2CCC2CC4CCCC4CCC23)CC1
C1CCC2CC(C3CCCC4CCCC43)CCC2C1
C(CCC1CCC2C1CCC1C3CCCCC3CCC21)CC1CC2CCCCC2C1
C1CCC(CC2CC3CCCCC3C3CCC4CCCCC4C23)CC1
C1CCC(CCC2CCC3C(CCC3C3CCCCC3)C2)CC1
C1CCC(CCCCCC2CC3CCCCC3C2)CC1
C(CCC1CCCC2CCCCC12)CC1CCC2CCCCC2C1
C1CCC(C2CCC3CC4C(CCC45CCCCC5)CC32)CC1
C1CCC2C(C1)CCCC1C2CCC2C3CCCC3CC21
C1CCC(CCCCC2CCC3CCC(C4CCCC5CCCC54)CC3C2)CC1
C1CCC(CCC2CCCC3CC4C(CCC4C4CCCCC4)CC23)CC1
C1CCC(CCCCCC2CCCC3C(C4CCCCC4)CCC23)CC1
C1CCC(C2CCC3CC4C(CCCCC45CCCC5)CC32)CC1
C1CCC(CCCC2CC3CCCC3C3CCC4CC(CCC5CCCCC5)CCC4C23)CC1
C1CCC2CCC(C3CCCC3)CC2CC1
C1CCC2C(C1)CCC1CCCCC12
C(CCCC1CCCC2C(C3CCCCC3)CCC12)CCC1CC1
C(CCCCC1CCC(C2CCCCC2)C1)CCCC1CCCCC1
C1CCC(CC2CCC3C(CCC3C3CCCCC3)C2)CC1
C1CCC(C2CC3CCCC3C3CCC4CCCCCC4C23)CC1
C1CCC(CCC2CCC3C(CCC3C3CCCCC3)C2)CC1
C1CCC(CCC2CCC3C(CCC3C3CCCCC3)C2)CC1
C1CCC(CCCCCC2CCC3CCCCC23)CC1
C1CCC2C(C1)CCC1C3CCCC3CCC21
C1CCC(C2CC3CCCC3C3CCC4CCCCC4C23)CC1
C(CCC1CCC2CCCCC2C1)CCC1CCCC2CCCCC12
C1CCC(CCCC2CCC3CCC(C4CCCC5CCCC54)CC3CC2)CC1
C1CCC(C2CCC3CC(C4CCC(CCC5CCCC5)CC4)CCC32)CC1
C(CCC1CCCC2CCCCC12)CC1CCC2CCCCC2C1
C(CCCC1CCCC2C(C3CCCCC3)CCC12)CCC1CCCCC1
C1CCC(CCC2CCC(C3CCC4C(CCC4C4CCCCC4)C3)CC2)CC1
C1CCC(C2CC3CCCC3C3CCC4CCCCC4C23)CC1
C1CCC2CCC(C3CCCC4CCCC43)CC2CC1
C(CCCCC1CCC(C2CCCCC2)C1)CCCC1CCCCC1
C1CCC2CC3CCC(C4CCCCC4)C3CC2CC1
C1CCC(CCC2(CCCCC3CC4CCCCC4C3)CCC3C4CCC5CCCCC5C4CCC32)C1
C1CCC(C2CCC3CC4C(CCCC45CCCC5)CC32)CC1
C1CCC(CCCCC2CCC3CCCCC23)CC1
C1CCC(C2CC3CCCC3C3CCC4CCCCCC4C23)CC1
C1CCC(CC2CC3CCCCC3C3CCC4CCCCC4C23)CC1
C1CCC(C2CC3CCCC3C3CCCC4CCCCC4C23)CC1
C1CCC(CCCCC2CCC3CCCCC23)CC1
C1CCC2C(C1)CCC1C3CCCC3CCC21
C1CCC2CCC3CCCCC3C2CC1
C1CCC2CCC3C(CCC4C5CCCC5CC43)C2CC1
C1CCC(C2CCC3CCC4C(CCC45CCCCC5)CC32)CC1
C1CCC2CC(CC3CCCC4CCCC43)CCC2C1
C1CCC(CC2CCC3C(CCC3C3CCCCC3)C2)CC1
C1CCC(CCCC2(CCCC3CCCC3)CCC3C4CCC5CCCCC5C4CCC32)C1
C1CCC2C(C1)CC(C1CCCC1)C1CCCCC21
C1CCC2CC(CCCC3CCC4C3CCC3C5CCCCC5CCC43)CC2C1
C1CCC2C(C1)CCC1C2CCC2C3CCCC3CC21
C1CCC(C2CCC(CCCCCC3CCCCC4CCCCC34)C2)CC1
C1CCC(C2CCC3CC4C(CCCC45CCCC5)CCC32)CC1
C1CCC2CCC3C4CCC(CCCC5CCC6CCCCC6C5)C4CCC3C2CC1
C1CCC2CC(C3CCCC4CCCC43)CCC2C1
C1CCC(C2CC3CCCC3C3CCC4CCCCC4C23)CC1
C1CCC2C(C1)CCCC1C3CCCC3CCC21
C1CCC(CCC2CCC3C(CCC3C3CCCCC3)C2)CC1
C1CCC2C(C1)CC(C1CCCC3CCCC31)C1CCCC21
C1CCC(C2CCC3CC4(CCCCC4C4CCCCC4)CCCC32)CC1
C1CCC(C2CCC3CCCCC3C3CCCCC23)CC1
C1CCC(C2CCC3C(CCC4CCCCC43)C2)CC1
C1CCC(CCCC2CCC3CCC(C4CCCC5CCCC54)CC3CC2)CC1
C1CCC(C2CCC3CC4CCCCC4CCC32)CC1
C1CCC(CC2CCC3C(CCC3C3CCCCC3)C2)CC1
C1CCC(CCC2CCC3C(CCC4C5CCCC5CCC34)C2)CC1
C1CCC(CCCCCC2CCCC3C(C4CCCCC4)CCC23)CC1
C1CCC(CCC2CC3CCCCC3C3CCC4CCCCC4C23)C1
C1CCC(CC2CCC(C3CCC4CCCC4C4CCC5CCCCC5C34)CC2)CC1
C1CCC(CCC(CCCC2CCC3CCCC3C2)CC2CCCCC2)CC1
C1CCC(CCCCCC2CC3CCCCC3C2)CC1
C1CCC(C2CC3CCCC3C3CCC4CCCCC4C23)CC1
C1CCC(CCC2(CCCC3CC4CCCCC4C3)CCC3C4CCC5CCCCC5C4CCC32)C1
C1CCC(C2CCC3CC4C(CCC45CCCC5)CC32)CC1
C1CCC(C2CCC3CC4C(CCCC45CCCC5)CC32)CC1
C1CCC(C2CCC3CCCC3C3CCC4CCCCC4C23)CC1
C1CCC2CCC3C4CCCC4CCC3C2CC1
C(CCC1CC2CCCCC2C1)CCC1CCCC2CCCC12
C1CCC(CC2CC3CCCCC3C3CCC4CCCCC4C23)CC1
C1CCC(CCCCCC2CCC3C2CCC2C4CCCCC4CCC32)CC1
C1CCC2C(C1)CCC1CCCCC12
C1CCC2CCC(C3CCCC4CCCC43)CC2CC1
C1CCC(C2CCCC3CCCC3C3CCC4CCCCC4C23)CC1
C1CCC2CCC(C3CCCC4CCCC43)CC2CC1
C1CCC(CCCC2CCC3C(CCC4C5CCCC5CCC34)C2)CC1
C1CCC2CCC3C4CCC(CCCC5CC6CCCCC6C5)C4CCC3C2CC1
C1CCC(CCCCCC2CC3CCCCC3C2)CC1
C1CCC(CC2CCC3C(CCC3C3CCCCC3)C2)CC1
C1CCC2C(C1)CCC1CCCCC12
C1CCC(CCCCC2CCC3CCCCC23)CC1
C1CCC(CCCCCC2CC3CCCCC3C2)CC1
C1CCC(C2CCC(CCCCCC3(C4CCCCC4)CCCC4CCCCC43)C2)CC1
C(CCCC1CCCCC1)CCC1CCCCC1
C1CCC2C(C1)CCC1CCCCC12
C1CCC2C(C1)CCC1CCCCC12
C1CCC2C(C1)CCC1CCCCC12
C(CCCC1CCCC2C(C3CCCCC3)CCC12)CCC1CCCCC1
C(CCC1CCC2C(CCC3C4CCCC4CCC23)C1)CC1CCC(C2CCC(C3CC4CCCC4C4CCCC5CCCCC5C34)CC2)CC1
C1CCC2CCC(C3CCCC4CCCC43)CC2CC1
C1CCC2CC3CCC4C(CCCC5CC6CCCCC6C5)CCC4C3CCC2C1
C1CCC(CCC2CCC(CCC3CCCC(CC4CCCC4)C3)CC2)CC1
C1CCC(C2CC3CCCC3C3CCC4CCCCC4CC23)CC1
C1CCC(CCCCCC2CCCC3C(CC4CCCCC4)CCC23)CC1
C1CCC2CCC(C3CCCC4CCCC43)CC2CC1
C(CCCC1CCCC2C(C3CCCCC3)CCC12)CCC1CCCCC1
C1CCC(CCCCCC2CCCC3C(C4CCCCC4)CCC23)CC1
C1CCC(C2C3CCCC3CC3CC4CCCC4CC32)CC1
C1CCC2CCC3C4CCCCC4CC(CC4CCCC4)C3C2CC1
C(CCCC1CCCCC1)CCCC1CCC(C2CCCCC2)C1
C1CCC(CCCCCC2CC3CCCCC3C2)CC1
C1CCC(CCCC2CCC(C3CCC4C(CCC4C4CCCCC4)C3)CC2)CC1
C1CCC(C2CC3CCCC3C3CCC4CCCCCC4C23)CC1
C1CCC(C2CC3CCCCC3C3CCCCC23)CC1
C1CCC2C(C1)CCC1C3CCCC3CCC21
C1CCC2CCCCC2C(CCCCC2CCCC3CCCCC23)C1
C1CCC(CCC2CCC(C3CC3)CC2)CC1
C1CCC(CC2CCC3C(CCC3C3CCCCC3)C2)CC1
C1CCC(C2CC3CCCC3C3CCC4CCCCCC4C23)CC1
C1CCC(C2CC3CCCC3C3CCC4CCCCC4C3C2)CC1
C1CCC(CC2CCC3CC4C(CCC5C6CCC(CCCC7CC8CCCCC8C7)C6CCC45)CC23)CC1
C(CCC1CCCC2CCCC12)CC1CC2CCCCC2C1
C1CCC(C2CC3CCCC3C3CCCC4CCCCC4C23)CC1
C1CCC(CCCCC2CC3CCCCC3C2)CC1
C1CCC(CCCCCC2CC3CCCCC3C2)CC1
C1CCC2C(C1)CCCC2CCCC1CCCC2CCCCC21
C1CCC(C2CCC3CC4C(CCC45CCCC5)CC32)CC1
C1CCC(C2CCC3C(CCC3C3CCCCC3)C2)CC1
C1CCC(CCC2CCC3C2CCCC(C2CCCCC2)C2C4CCCCC4CCC32)CC1
C(CCCC1CCCC2C(C3CCCCC3)CCC12)CCC1CCCCC1
C1CCC2CC(CCCC3CCC4C3CCCC3C5CCCCC5CCC34)CC2C1
C1CCC(CCCC2CC3CCCCC3C2C2CCCCC2)CC1
C1CCC(C2CCC3CCC4C(CCC45CCCC5)CC32)CC1
C(CCCC1CCCC2C(C3CCCCC3)CCC12)CCC1CCCCC1
C(CCCC1CCCCC1)CCCC1CCC(C2CCCCC2)C1
C1CCC(CCC2CCC3C2CCC2C4CCCCC4CCC32)C1
C(CCC1CCCC2CCCCC12)CC1CCC2CCCCC2C1
C1CCC(CCCCCC2CC3CCCCC3C2)CC1
C1CCC(CCCC2CCC3C(CCC3C3CCCCC3)C2)CC1
C1CCC(CCCCC2CCCCC3CCC(C4CCCCC4)CC23)CC1
C1CCC2CCC(C3CCCC4CCCC43)CC2CC1
C1CCC(CC2CCC3C(CCC3C3CCCCC3)C2)CC1
C1CCC2C(C1)CCCC1CCCCC12
C1CCC(C2CC3CCCC3C3CCC4CCCCCC4C23)CC1
C(CCC1CCCC2CCCC12)CC1CC2CCCCC2C1
C1CCC2CCC3C(CCC4C3CCC4(CCCC3CCCC3)CCC3CCCC3)C2CC1
C1CCC(CCCCC2CC3CCCCC3C2)CC1
C1CCC(C2CC3CCCC3C3CCC4CCCCCC4C23)CC1
C1CCC(CCC2CCC3C(CCC4C5CCCC5CCC34)C2)CC1
C(CCC1CCCC2CCCCC12)CCC1CCCC2CCCCC12
C1CCC(CCCCC2CC3CCCCC3C2)CC1
C1CCC(C2CC3CCCC3C3CCC4CCCCCC4C23)CC1
C1CCC(CC2CC3CCCCC3C3CCC4CCCCC4C23)CC1
C1CCC(C2CC3CCCC3C3CCCC4CCCCC4C23)CC1
C1CCC(CCCCC2CC3CCCCC3C2)CC1
C(CCC1CCCCC2CCCCC12)CC1CCC2CCCCC2C1
C1CCC(CC2CC3CCCCC3C3CCC4CCCCCC4C23)CC1
C1CCC(CCC2CCCCC2)CC1
C1CCC(CCC(CCC2CCC3CCCC3C2)CC2CCCCC2)CC1
C1CCC2C(C1)CCC1CCCCC12
C1CCC(CCCCC2CC3CCCCC3C2)CC1
C1CCC(CCCCCC2CCC3CCCCC3C2)CC1
C1CCC(CCC2CCC3C2CCC(C2CCCCC2)C2C4CCCCCC4CCC32)CC1
C1CCC(CCC2CCC3C(CCC3C3CCCCC3)C2)CC1
C1CCC2CC(CCCC3CCCC4CCCCC43)CC2C1
C1CCC(CCCCCC2CC3CCCCC3C2)CC1
C(CCC1CCCC2CCCCC12)CCC1CCCC2CCCCC12
C1CCC(CCCCC2CC3CCCCC3C2)CC1
C1CCC(CCCC2CCC(C3CCC4C(CCC4C4CCCCC4)C3)CC2)CC1
C1CCC(C2CC3CCCC3C3CCCC4CCCCC4C23)CC1
C1CCC(CCC2CCC3C2CCC(C2CCCCC2)C2C4CCCCC4CCC32)CC1
C1CCC(C2CCC3(CCC4CC5C(CCC5C5CCCCC5)CCC43)C2)CC1
C1CCC(CCCCC2CC3CCCCC3C2)CC1
C1CCC(CCC2CCC3C(CCC3C3CCCCC3)C2)CC1
C1CCC2CCC3C4CCCC4CCC3C2CC1
C1CCC2CC(CC3CCCC4CCCC43)CCC2C1
C(CCCC1CCCC2CCCCC12)CCC1CCC(C2CCCCC2)C1
C1CCC(CC2CC3CCCCC3C3CCC4CCCCC4C23)CC1
C1CCC(CCCCC2CCC3CCCCC23)CC1
C1CCC(CCCCCC2CCCC3C(C4CCCCC4)CCC23)CC1
C1CCC(CC2CCC3C(CCC3C3CCCCC3)C2)CC1
C(CCCC1CCCCC1)CCC1CCCCC1
C1CCC(CCCCCC2CC3CCCCC3C2)CC1
C1CCC2CCC(C3CCCC4CCCC43)CC2CC1
C1CCC(CCCCCC2CCC3CCCCC23)CC1
C1CCC2C(C1)CC(C1CCCC1)C1CCCCC21
C1CCC(CCCC2CCC3CCC(C4CCCC5CCCC54)CC3C2)CC1
C1CCC(C2CC3CCCC3C3CCC4CCCCC4C23)CC1
C1CCC(C2CC3CCCC3C3CCC4CCCCCC4C23)CC1
C1CCC(CCCC2CCC3CCC(C4CCCC5CCCC54)CC3CC2)CC1
C1CCC2CC(CCCC3CCC4C3CCCC3C5CCCCC5CCC34)CC2C1
C(CCC1CCCC2CCCCC12)CC1CCC2CCCCC2C1
C(CCC1CCCCC2CCCCC12)CC1CCC2CCCCC2C1
C1CCC2CCC(C3CCCC4CCCC43)CC2CC1
C(CCC1CCC2CCCCC2C1)CCC1(C2CCCC2)CCCC2CCCCC21
C1CCC(C2CC3CCCC3C3CCCC4CCCCC4C23)CC1
C(CCC1CCC2CCCCC2C1)CCC1CCCC2CCCCC12
C1CCC(C2CCC3CC4C(CCC32)CCC2C3CCC(CCCC5CC6CCCCC6C5)C3CCC42)CC1
C1CCC2C(C1)CC(C1CCCC1)C1CCCCC21
C1CCC2CC(CCCC3CCC4CC5CCC6CCCCC6C5CCC34)CC2C1
C1CCC(CCCCC2CC3CCCCC3C2)CC1
C1CCC(CCC2CCC3C(CCC3C3CCCCC3)C2)CC1
C1CCC(CCC2CCC3C(CCC3C3CCCC(CCC4CCCC4)C3)C2)CC1
C(CCC1CCC2CCCCC2C1)CCC1CCCC2CCCCC12
C1CCC(C2CC3CCCC3C3CCC4CCCCC4C23)CC1
C1CCC(C2CCC3CC4C(CCC5C6CCCCC6CCC45)CC32)CC1
C1CCC2CC3CCC(C4CCCCC4)C3CC2CC1
C1CCC(CCCCC2CCC3CCCCC23)CC1
C1CCC(C2CC3CCCC3C3CCC4CCCCC4C23)CC1
C(CCC1CCC2C1CCC1C3CCCCC3CCC21)CC1CC2CCCCC2C1
C1CCC(CC2CC3CCCCC3C3CCC4CCCCCC4C23)CC1
C1CCC2C(C1)CCC1CCCCC12
C1CCC(C2CCC(CCCCCC3CCCC4C(C5CCCCC5)CCC34)C2)CC1
C1CCC2CC(CC3CCCC4CCCC43)CCC2C1
C1CCC(C2CCC(CCCC3CCC4C3CCC3C5CCCCC5CCCC43)C2)CC1
C1CCC(C2CC3CCCC3C3CCC4CCCCCC4C23)CC1
C1CCC(C2CCC3C(CCCCCC4CCC(C5CCCC5)C4)CCCC23)CC1
C1CCC(CCCCC2CC3CCCCC3C2)CC1
C(CCC1CCC2CCCCC2C1)CCC1CCCC2CCCCC12
C1CCC(CCCCCC2CCCC3C(C4CCCCC4)CCC23)CC1
C(CCCC1CCCC2C(C3CCCCC3)CCC12)CCC1CCCCC1
C1CCC2CCC(C3CCCC4CCCC43)CC2CC1
C1CCC(CCC2CCC(C3CCC4C(CCC4C4CCCCC4)C3)CC2)CC1
C1CCC(CCCCC2CC3CCCCC3C2)CC1
C1CCC(CCCCCC2CCCC3C(C4CCCCC4)CCC23)CC1
C1CCC(CCC2(CCCC3CC4CCCCC4C3)CCC3C4CCC5CCCCC5C4CCC32)C1
C1CCC(CCCCC2CC3CCCCC3C2)CC1
C1CCC(CCCCC2CC3CCCCC3C2)CC1
C1CCC(CC2CC3CCCCC3C3CCC4CCCCCC4C23)CC1
C1CCC(CCCCC2CCC3CCCCC23)CC1
C1CCC(CCCCC2CCC3CCCCC23)CC1
C1CCC(CCCCCC2CCCC3C(CC4CCCCC4)CCC23)CC1
C1CCC(CCCC2CCC3C2CCC(C2CCCCC2)C2C4CCCCC4CCC32)CC1
C1CCC2CCC3C4CCCCC4CC(CC4CCCC4)C3C2CC1
C1CCC(CCC2CCC(CCC3CCCC(CC4CCCC4)C3)CC2)CC1
C1CCC(CCCC2CCC(CCC3CCCCC3)CC2)CC1
C(CCCC1CCCCC1)CCCC1CCC(C2CCCCC2)C1
C1CCC(CCCCCC2CCCC3C(C4CCCCC4)CCC23)CC1
C1CCC2CC(CCCC3CCC4C3CCCC3C5CCCCC5CCC34)CC2C1
C1CCC2CCC(C3CCCC4CCCC43)CC2CC1
C1CCC(C2CCC(CCCCCC3CCCC4CCCCC34)C2)CC1
C(CCCC1CCCCC1)CCCC1CCC(C2CCCCC2)C1
C1CCC2CC(CCCC3CCC4C3CCCC3C5CCCCC5CCC34)CC2C1
C1CCC2CC(C3CCC4CCCCC43)CCC2C1
C1CCC(CC2CC3CCCCC3C3CCC4CCCCC4C23)C1
C(CCC1CC2CCCCC2C1)CCC1CCCC2CCCC12
C1CCC(C2CC3CCCC3C3CCC4CCCCC4C23)CC1
C1CCC2CC(C3CCCC3)C3CCCCC3CC2C1
C1CCC(CCCCCC2CC3CCCCC3C2)CC1
C1CCC(C2CCC3CC4C(CCCC45CCCC5)CC32)CC1
C1CCC(CCC2CCC3C(CCC3C3CCCCC3)C2)CC1
C1CCC(CCCCC2CCC3CCCCC23)CC1
C1CCC2C(C1)CC(C1CCCC3CCCC31)C1CCCC21
C1CCC(C2CCC3CCCC3C3CCC4CCCCC4C23)CC1
C1CCC(CC2CC3CCCCC3C3CCC4CCCCCC4C23)CC1
C1CCC(CC2CC3CCCCC3CC3CCC4CCCCC4C32)CC1
C1CCC(CCC2(CCCC3CC4CCCCC4C3)CCC3C4CCC5CCCCC5C4CCC32)C1
C1CCC(CCCCC2CC3CCCCC3C2)CC1
C1CCC2CC(C3CCCC4CCCC43)CCC2C1
C1CCC2CCC(C3CCCC3)CC2CC1
C1CCC(CCCCC2CC3CCCCC3C2)CC1
C1CCC2CC(CC3CCCC4CCCC43)CCC2C1
C1CCC2C(C1)CCCC1C3CCCC3CCC21
C1CCC(CCCCCC2CC3CCCCC3C2)CC1
C1CCC(CCCCCC2CCCC3C(CC4CCCCC4)CCC23)CC1
C1CCC2CCC3C4CCC(CCCC5CCC6CCCCC6C5)C4CCC3C2CC1
C1CCC2CC(C3CCCC4CCCC43)CCC2C1
C1CCC2C(C1)CCC1C3CCCC3CCC21
C1CCC(C2CCC3CC4(CCCCCC4C4CCCCC4)CCC32)CC1
C1CCC(C2CC3CCCCC3C3CCC4CCCCC4C23)CC1
C1CCC2C(C1)CCC1CCCCC12
C1CCC2CC(CC3CCCC4CCCC43)CCC2C1
C1CCC2C(C1)CC(C1CCCC3CCCC31)C1CCCC21
C1CCC(C2CCC3CC4C(CCCC5CC5)CCCC4CCC32)CC1
C1CCC(C2CCC3CC4C(CCCC45CCCC5)CC32)CC1
C1CCC2CC(C3CCCC4CCCC43)C3CCCC3C2CC1
C(CCCC1CCCCC1)CCCC1CCC(C2CCCCC2)C1
C1CCC2CCC3C4CCCC4CCC3C2CC1
C1CCC(CCC2(CCCCC3CC4CCCCC4C3)CCC3C4CCC5CCCCC5C4CCC32)C1
C(CCCC1CCCC2CCCCC12)CCC1CCCC1
C1CCC(CC2CCCC(CC3CC4CCCCC4C4CCC5CCCCCC5C34)C2)CC1
C1CCC(C2CCC(C3CC4CCCC4C4CCC5CCCCC5C34)CC2)C1
C(CCC1CCC2C(CCC3C4CCCC4CCC23)C1)CC1CCC(C2CCC(C3CC4CCCC4C4CCC5CCCCC5C34)CC2)CC1
C1CCC(CCCC2CCC3C2CCC2C4CCCCC4CCCC32)C1
C1CCC(CCCC2CC3CCCC3C3CCC4CC(CCC5CCCCC5)CCC4C23)CC1
C(CCCC1CCCC2C(C3CCCCC3)CCC12)CCC1CCC(C2CCCC2)C1
C1CCC(CCC(CCC2CCCCC2)CCC2CCC3CCCC3C2)CC1
C1CCC(CCCCC2CCC3CCCCC23)CC1
C1CCC(CCCCCC2CC3CCCCC3C2)CC1
C1CCC(CC2CC3CCCCC3C3CCC4CCCCCC4C23)CC1
C1CCC2C(C1)CCC1C3CCCC3CCC21
C1CCC2C(C1)CCC1C3CCCC3CCC21
C1CCC(C2CC3CCCC3C3CCC4CCCCC4C23)CC1
C1CCC(CCC2CCC(CCC3CCCC(CC4CCCC4)C3)CC2)CC1
C1CCC2C(C1)CCCC2CCCC1CCC2CC3CCC4CCCCC4C3CCC12
C1CCC(C2CCC3CC4C5CCC6C(CCCC7CCC8CCCCC8C7)CCC6C(CCC4CC32)C5)CC1
C1CCC(C2CC3CCCC3C3CCC4CCCCC4C23)CC1
C(CCCCC1CCC(C2CCCCC2)C1)CCCC1CCCCC1
C1CCC(CC2CCC3CCC4(CCCCC4)C3C2)CC1
C1CCC(C2CCC3CC4C(CCC5C6CCC(CCCCC7CCCC8CCCCC78)C6CCC45)CC32)CC1
C1CCC(CCCCCC2CC3CCCCC3C2)CC1
C1CCC(CCCCCC2CCC3CCCCC23)CC1
C1CCC(C2CCC(C3CC4CCCC4C4CCC5CCCCC5C34)CC2)C1
C1CCC(CCCCC2CC3CCCCC3C2)CC1
C1CCC(C2CCC3CCC4(CCCCC4)CC3C2)CC1
C1CCC(CCCCCC2CC3CCCCC3C2)CC1
C1CCC2CCC(C3CCCC4CCCC43)CC2CC1
C1CCC(CCC(CCC2CCCCC2)CCC2CCC3CCCC3C2)CC1
C1CCC(CCCCCC2CCCC3C2CCC3C2CCCC(CC3CC3)C2)CC1
C1CCC2CC(C3CCCC4CCCC43)CCC2C1
C1CCC(CCCCCC2CCC3CCCCC23)CC1
C1CCC(C2CC3CCCC3C3CCC4CCCCC4C23)CC1
C1CCC2CCC(C3CCCC4CCCC43)CC2CC1
C1CCC(C2CC3CCCC3C3CCC4CCCCC4C23)CC1
C(CCC1CCCC2CCCC12)CC1CC2CCCCC2C1
C1CCC(CCCCCC2CCCC3C(CC4CCCCC4)CCC23)CC1
C1CCC(CCCCC2CCCC3CCCCC23)CC1
C1CCC2C(C1)CCC1CCCCC12
C1CCC(CC2CC3CCCCC3C3CCC4CCCCC4C23)CC1
C1CCC(C2CCC3CC4C(CCC45CCCC5)CC32)CC1
C1CCC(C2CC3CCCC3C3CCC4CCCCC4C23)CC1
C1CCC(C2CCC3CC4C(CCC32)CCC42CCCCC2)CC1
C1CCC2CCC3C4CCCCC4CC(CC4CCCC4)C3C2CC1
C1CCC(CCCCCC2CC3CCCCC3C2)CC1
C1CCC(CCCCCC2CC3CCCCC3C2)CC1
C1CCC2CCC3C4CCC(CCCC5CC6CCCCC6C5)C4CCC3C2CC1
C1CCC(CCCCCC2CCC3CCCCC23)CC1
C1CCC(CCCC2CCC3C(CCC3C3CCCCC3)C2)CC1
C1CCC2CC(C3CCCC4CCCC43)CCC2C1
C1CCC(CC2CC3CCCCC3C3CCC4CCCCCC4C23)CC1
C1CCC2CCC3C4CCCCC4CC(CC4CCCC4)C3C2CC1
C1CCC(CCC2(CCCC3CCC4CCCCC4C3)CCCC3C4CCC5CCCCC5C4CCC32)C1
C1CCC(C2CCC3CCCCC3C3CCCCC23)CC1
C1CCC(C2CCC3CC4C(CCC32)CCC2C3CCC(CCCC5CC6CCCCC6C5)C3CCC42)CC1
C(CCCC1CCCCC1)CCCC1CCC(C2CCCCC2)C1
C1CCC(C2CCC3CC4C(CCC5C6CCC(CCCC7CCC8CCCCC8C7)C6CCC45)CC32)CC1
C1CCC(CCCCCC2CCCC3C2CCC3C2CCCC(CC3CCC3)C2)CC1
C1CCC(CCCCCC2CCC3CCCCC23)CC1
C1CCC(CCC2CCC3C(CCC3C3CCCCC3)C2)CC1
C1CCC(CCCC2CCC3CCC(C4CCCC5CCCC54)CC3CC2)CC1
C1CCC(C2CC3CCCCC3C3CCCCC23)CC1
C1CCC2CC(C3CCCC4CCCC43)CCC2C1
C1CCC(C2CC3CCCC3C3CCCC4CCCCC4C23)CC1
C1CCC(C2CCC3CC4C(CCC45CCCCC5)CC32)CC1
C1CCC(CC2CC3CCCCC3C3CCC4CCCCC4C23)C1
C1CCC2C(C1)CCC1C3CCCCC3CCC21
C1CCC(C2CCC3CC4C(CCC5C6CCCC6CCCC45)CC32)CC1
C(CCCC1CCCC2CCCCC12)CCC1CCC(C2CCCC2)C1
C1CCC(C2CCC3CCC(C4CCCC4)C3C2)C1
C1CCC(C2CCC3CC4C(CCCC45CCCC5)CC32)CC1
C1CCC(C2CCC3C(CCC4CCCCC43)C2)CC1
C1CCC(C2CCC3CC4C(CCCC5C6CCC(CCCC7CCC8CCCCC8C7)C6CCC45)CC32)CC1
C1CCC(CCC2CCC3C(CCCC4C5CCCC5CC(CCC5CCCCC5)C34)C2)CC1
C(CCC1CCC2CCCCC2C1)CCC1CCCC2CCCCC12
C(CCC1CCCC2CCCC12)CC1CC2CCCCC2C1
C1CC2CC3CCC4C5CCCCC5CCC4C3CC2C1
C1CCC(CCCCC2CCC3CCCCC23)CC1
C1CCC(CC2CCC(CC(CC3CCCCC3)C3CCCCC3)CC2)CC1
C(CCC1CCCC2CCCCC12)CC1CC2CCCCC2C1
C1CCC(CCC2CCC3C(CCC3C3CCCCC3)C2)CC1
C1CCC(CCCCCC2CC3CCCCC3C2)CC1
C(CCCC1CCCC2C(C3CCCCC3)CCC12)CCC1CCCCC1
C1CCC(CCCCCC2CC3CCCCC3C2)CC1
C(CCC1CCC2C1CCC1C3CCCCC3CCC21)CC1CC2CCCCC2C1
C(CCC1CCCC2CCCCC12)CCC1CCCC2CCCCC12
C1CCC(CC2CC3CCCCC3C3CCC4CCCCC4C23)C1
C1CCC2CC(CCCC3CCC4C3CCC3C5CCCCC5CCCC43)CC2C1
C1CCC(CCCC2CCC3CCC(C4CCCC5CCCC54)CC3C2)CC1
C1CCC2CC(C3CCCC4CCCC43)CCC2C1
C1CCC(CCC2(CCCCC3CC4CCCCC4C3)CCC3C4CCC5CCCCC5C4CCC32)C1
C1CCC(CCCCC2CCC3CCCCC23)CC1
C1CCC2CC(CC3CCCC4CCCC43)CCC2C1
C1CCC2C(C1)CCC1C3CCCC3CCCC21
C1CCC(C2CCCC3C(CCC4CCCCC43)C2)CC1
C(CCCC1CCCCC1)CCCC1CCC(CC2CCCCC2)C1
C1CCC(C2CCC3CC4C(CCC5C6CCC(CCCC7CC8CCCCC8C7)C6CCC45)CC32)CC1
C(CCC1CCCC2CCCC12)CC1CC2CCCCC2C1
C1CCC(CC2CCC3CCCCC3C3CCC4CCCCC4C23)CC1
C1CCC2CC(CCCC3CCC4C3CCCC3C5CCCCC5CCC34)CC2C1
C1CCC(C2CCCCC2CC2CC3CCCCC3C3CCC4CCCCCC4C23)CC1
C1CCC(CC2CC3CCCCC3C3CCC4CCCCC4C23)CC1
C1CCC(CCCCC2CC3CCCCC3C2)CC1
C(CCCC1CCCC2CCCCC12)CCC1CCCC1
C1CCC2CC(C3CCCC4CCCC43)CCC2C1
C1CCC(CCCCCC2CC3CCCCC3C2)CC1
C1CCC(CC2CC3CCCCC3C3CCC4CCCCCC4C23)CC1
C1CCC2CCC3C4CCCC4CCC3C2CC1
C1CCC(CCCCCC2CC3CCCCC3C2)CC1
C1CCC2C(C1)CCC1C3CCCC3CCCC21
C1CCC(C2CC3CCCC3C3CCC4CCCCC4CC23)CC1
C1CCC(CCC2CCC3C(CCC3C3CCCCC3)C2)CC1
C1CCC2CC(C3CCCC4CCCC43)CCC2C1
C1CCC2C(C1)CCC1C3CCCCC3CCC21
C1CCC2CCC3C4CCC(CCCC5CC6CCCCC6C5)C4CCC3C2CC1
C1CCC(CCCCCC2CC3CCCCC3C2)CC1
C1CCC(C2CC3CCCCC3C3CCC4CCCCC4C23)CC1
C1CCC2C(C1)CCC1C3CCCC3CCC21
C1CCC(CCC2CCCCC2)CC1
C1CCC(CCCCCC2CC3CCCCC3C2)CC1
C1CCC(CCCCCC2CCCC3C(C4CCCCC4)CCC23)CC1
C1CCC(CCCCC2CC3CCCCC3C2)CC1
C1CCC2CC(C3CCCC4CCCC43)CCC2C1
C1CCC(CCC2CCC3C(CCC3C3CCCCC3)C2)CC1
C1CCC(CC2CC3CCCCC3C3CCC4CCCCC4C3C2)CC1
C1CCC(C2CCC3CCC4C(CCC45CCCCC5)CC32)CC1
C1CCC(CCCC2CCC(C3CCCC4C(C5CCCCC5)CCC34)C2)CC1
C1CCC(CCCCC2CCC3CCC(C4CCCC5CCCC54)CC3C2)CC1
C1CCC(C2CCC3C(CCC4CCCCC43)C2)C1
C1CCC(CCC(CCCC2CCC3CCCC3C2)CCC2CCCCC2)CC1
C1CCC(CCCCC2CC3CCCCC3C2)CC1
C1CCC(CCC2CCCC3CC4C(CCC23)CCC4C2CCCCC2)CC1
C1CCC(CC2CC3CCCCC3C3CCC4CCCCCC4C23)CC1
C1CCC2CC(C3CCCC4CCCC43)CCC2C1
C1CCC2CC(CC3CCCC4CCCC43)CCC2C1
C1CCC(C2CCC3CC4C(CCC45CCCCCC5)CC32)CC1
C1CCC(CCCCCC2CCCC3C(C4CCCCC4)CCC23)CC1
C1CCC2C(C1)CCC1CCCCC12
C1CCC2CCC(C3CCCC4CCCC43)CC2CC1
C1CCC(CCCCCC2CCCC3C(C4CCCCC4)CCC23)CC1
C1CCC2CCC3C4CCCC4CCC3C2CC1
C1CCC(CCCCC2CCC3CCCCC23)CC1
C1CCC(CC2CCC(CC(CC3CCCCC3)C3CCCCC3)CC2)CC1
C1CCC2CCC3C4CCCC4CC(C4CCC(C5CCC5)CC4)C3C2CC1
C1CCC2CC(C3CCCC4CCCC43)CCC2C1
C1CCC(CCCCC2CCC3CCC(C4CCCC5CCCC54)CC3C2)CC1
C1CCC(CCCCC2CC3CCCCC3C2)CC1
C1CCC(CCCCC2CCC3CCCC3C2)CC1
C1CCC(C2CC3CCCC3C3CCC4CCCCCC4C23)CC1
C1CCC(C2CC3CCCC3C3CCC4CCCCC4C23)CC1
C1CCC(CC2CC3CCCC3C3CCC4CCCCC4C23)CC1
C1CCC(CCCC2CC3CCCCC3C2C2CCCCC2)CC1
C1CCC(CC2CC3CCCCC3C3CCC4CCCCCC4C23)CC1
C(CCCC1CCCCC1)CCCC1CCC(C2CCCCC2)C1
C1CCC(CC2CCC3CC4(CCCCCC4C4CCCCC4)CCC23)CC1
C1CCC(C2CCC3C(CCCCCC4CCC(C5CCCC5)C4)CCCC23)CC1
C1CCC(CCCCCC2CC3CCCCC3C2)CC1
C(CCC1CCCCC2CCCCC12)CC1CCC2CCCCC2C1
C1CCC(CCCCCC2CCCCC2)CC1
C1CCC(C2CCC3CC4C(CCCCC45CCCC5)CC32)CC1
C1CCC(C2CC3CCCC3C3CCC4CCCCC4C23)CC1
C1CCC(CCCCC2CC3CCCCC3C2)CC1
C1CCC(C2CC3CCCC3C3CCCC4CCCCC4C23)CC1
C1CCC(CCCCC2CCC3CCCCC23)CC1
C1CCC(CCCCC2CC3CCCCC3C2)CC1
C(CCCCCCC1CCC2C1CCC1C3CCCCC3CCC21)CCCCCC1CCC(CCC2CCC(CCC3CCCC3)C2)C1
C1CCC(CCCCCC2CC3CCCCC3C2)CC1
C(CCCC1CCCC2C(C3CCCCC3)CCC12)CCC1CCCCC1
C(CCC1CC2CCCCC2C1)CCC1CCCC2CCCC12
C1CCC(CCC2CCC(CC3CCC4C(CCC4C4CCCCC4)C3)CC2)CC1
C1CCC(CCCCC2CC3CCCCC3C2)CC1
C1CCC(CCC2CCC3C(CCC3C3CCCCC3)C2)CC1
C1CCC(C2CCC3C(CCC4CCCCC43)C2)CC1
C1CCC(CCCCCC2CCC3C(CCC3C3CCCCC3)C2)CC1
C1CCC(C2CCC3CC(C4CCC(CCCC5CCCC5)CC4)CCC32)CC1
C1CCC(C2CCC3CC4(CCCCCCC4C4CCCCC4)CCC32)CC1
C1CCC(CCCCCC2CC3CCCCC3C2)CC1
C1CCC(C2CCC3C(CCCCCC4CCC4)CCCC23)CC1
C1CCC(CCC2(CCCC3CCC4CCCCC4C3)CCC3C4CCCC5CCCCC5C4CCC32)C1
C1CCC(CCC2CCC(CCC3CCCC(CC4CCCC4)CC3)CC2)CC1
C1CCC(C2CCC3CC4C(CCC32)CCC42CCCCC2)CC1
C1CCC(CCC2CCC3C(CCC4C5CCCC5CCC34)C2)CC1
C1CCC2CC(C3CCCC4CCCC43)C3CCCC3C2CC1
C1CCC(C2CCC3CC4C(CCC5C6CCC(CCCC7CCC8CCCCC8C7)C6CCC45)CC32)CC1
C1CCC2CC(CCCC3CCC4C3CCC3C5CCCCC5CCC43)CC2C1
C1CCC(CCCCCC2CC3CCCCC3C2)CC1
C1CCC2CC(CCCC3CCC4C3CCC3C5CCCCC5CCC43)CCC2C1
C(CCCC1CCCC2C(C3CCCCC3)CCC12)CCC1CCCCC1
C1CCC(CCCCCC2CCCC3C(C4CCCCC4)CCC23)CC1
C1CCC(CCCCC2CCC3CCCCC23)CC1
C1CCC(CCCC2CCC3C(CCC3C3CCCCC3)C2)CC1
C1CCC(CC2CCCCC2CC2CC3CCCCC3CC3CCC4CCCCC4C32)CC1
C1CCC2CCC3C4CCCCC4CC(CC4CCCC4)C3C2CC1
C1CCC(CC2CCCC(CCC3CCC(CCC4CCC(C5CC5)CC4)CC3)C2)C1
C1CCC2CCC3C4CCCCC4CC(CC4CCCC4)C3C2CC1
C1CCC(CCCCC2CCC3CCC(C4CCCC5CCCC54)CC3C2)CC1
C1CCC(CCC2(CCCC3CC4CCCCC4C3)CCC3C4CCC5CCCCC5C(CCC32)C4)C1
C(CCC1CCCC2CCCCC12)CC1CCCC2CCCCC12
C1CC2CC2C2C(C1)CCC1C3CCCC3CCC12
C1CCC2CC(C3CCCC4CCCC43)CCC2C1
C1CCC(CCCCCC2CC3CCCCC3C2)CC1
C1CCC(CCCCC2CC3CCCCC3C2)CC1
C(CCC1CCCC2CCCCC12)CC1CCC2CCCCC2C1
C1CCC(CCCCCC2CC3CCCCC3C2)CC1
C1CCC(CC2CC3CCCCC3C3CCC4CCCCC4C23)C1
C(CCCC1CCCC2C(C3CCCCC3)CCC12)CCC1CCCCC1
C1CCC(CCCCC2CC3CCCCC3C2)CC1
C1CCC(CC2CCC3C(CCC3C3CCCCC3)C2)CC1
C1CCC2CCC(C3CCCC4CCCC43)CC2CC1
C(CCCC1CCCC2C(C3CCCCC3)CCC12)CCC1CCCCC1
C1CCC(C2CCC3CC4(CCCCCCC4C4CCCCC4)CCC32)CC1
C1CCC(CC2CCC3C(CCC3C3CCCCC3)C2)CC1
C1CCC(C2CCC3CC4C(CCC5C6CCC(CCCC7CCC8CCCCC8C7)C6CCCC45)CC32)CC1
C1CCC(C2CCC3CCC4C(CCC45CCCC5)CC32)CC1
C1CCC(C2CCC3CCCC3C3CCC4CCCCC4C23)CC1
C1CCC(CCC2CCC(CCC3CCCC(CC4CCCC4)C3)CC2)CC1
C1CCC2C(C1)CCC1C3CCCCC3CCCC21
C1CCC2CCC(C3CCCC4CCCC43)CC2CC1
C1CCC(CCCCC2CC3CCCCC3C2)CC1
C1CCC(CC2CC3CCCCC3C3CCC4CCCCCC4C23)CC1
C1CCC2CC(C3CCCC4CCCC43)CCC2C1
C1CCC2C(C1)CCC1C2CCC2C3CCCCC3CC21
C1CCC(CCCCCC2CC3CCCCC3C2)CC1
C1CCC(C2CCC3C(CCCCCC4CCC4)CCCC23)CC1
C1CCC(C2CC3CCCC3C3CCC4CCCCC4C23)CC1
C1CCC(CCC2CCC(CCC3CCCC(CCC4CCCC4)C3)CC2)CC1
C1CCC(CC2CC3CCCCC3C3CCC4CCCCCC4C23)CC1
C1CCC(CCC2CCC(CCC3CCCCC(CC4CCCC4)C3)CC2)CC1
C1CCC(CC2CCC3CCCCC3C3CCC4CCCCC4C23)CC1
C1CCC(C2CCC3CC4C(CCCC45CCCC5)CC32)CC1
C1CCC(CCC2CCC3C(CC4CCCCC4)CCC3C2)CC1
C(CCC1CCC2CCC(C3CCCC4CCCC43)CC2C1)CC1CCC2CCCC2C1
C(CCCCCCC1CCC(CCC2CCC(CCC3CCCC3)C2)C1)CCCCCCC1CCC2C1CCC1C3CCCCC3CCC21
C1CCC2CCCCC2C(CCCCC2CCCC3CCCCC23)C1
C1CCC(C2CCC3CC4C(CCC5C6CCCCC6CCC45)CC32)CC1
C1CCC(CCCCC2CC3CCCCC3C2)CC1
C1CCC(CC2CC3CCCCC3C3CCC4CCCCCC4C23)CC1
C1CCC(CCCCCC2CCCCC2)CC1
C(CCCCC1CCC(C2CCCCC2)C1)CCCC1CCCCC1
C1CCC(CC2CC3CCCCC3C3CCC4CCCCC4C23)C1
C1CCC(CC2CC3CCCCC3C3CCC4CCCCC4C23)C1
C1CCC2C(C1)CCC1CCCCC12
C(CCCC1CCCCC1)CCCC1CCC(C2CCCCC2)C1
C(CCC1CCCC2CCCC12)CC1CC2CCCCC2C1
C1CCC(C2CCC3CCC4CCCCC4CC32)CC1
C1CCC(CCCC2CCCC3CCCCC32)C2CCCCC2C1
C1CCC(CCC2CC3CCCC3C3CCC4CCCCCC4C23)CC1
C1CCC2C(C1)CCC1C3CCCCC3CCC21
C1CCC(CCCCCC2CC3CCCCC3C2)CC1
C1CCC(CCCC2CCC3CCCC3C2)CC1
C(CCCC1CCCCC1)CCCC1CCC(C2CCCCC2)C1
C1CCC(C2CCC3C(CCCCCC4CC4)CCCC23)CC1
C1CCC(CC2CC3CCCCC3C3CCC4CCCCCC4C23)CC1
C1CCC(CCCC2CCC(CCC3CCCC(CC4CCCC4)C3)CC2)CC1
C1CCC(CCCCCC2CC3CCCCC3C2)CC1
C1CCC(CCC(CC2CC2)CC2CC3CCCCC3C2)CC1
C1CCC(C2CC3CCCC3C3CCC4CCCCCC4C23)CC1
C1CCC(CCC2CCCC3CC4C(CCC4C4CCCCC4)CC23)CC1
C1CCC2C(C1)CC(C1CCCC3CCCC31)C1CCCCC21
C1CCC(CC2CC3CCCCC3C3CCC4CCCCC4C23)CC1
C1CCC(CCCC2CCC3CCC(C4CCCC5CCCC54)CC3C2)CC1
C(CCCC1CCCCC1)CCC1CCCCC1
C(CCCC1CCCCC1)CCCC1CCC(C2CCCCC2)C1
C1CCC(CCCCCC2CC3CCCCC3C2)CC1
C1CCC2CCC3C4CCCC4CCC3C2CC1
C1CCC2CC(CCCC3CCC4C3CCC3C5CCCCC5CCC43)CCC2C1
C1CCC(CC2CCC3CC4C(CCC5C6CCC(CCCC7CC8CCCCC8C7)C6CCC45)CC23)CC1
C1CCC(CCC2CCC3C(CCC4C5CCCC5CC(CCC5CCCCC5)C34)C2)CC1
C1CCC(CCCCC2CCCC(C3CCC4CC(CCC5CCC6CCCCC6C5)CCC43)C2)CC1
C1CCC2C(C1)CCCC1C3CCCC3CCC21
C(CCC1CCCC2CCCC12)CC1CC2CCCCC2C1
C1CCC(CCCCC2CCC3CCCCC23)CC1
C1CCC(CCCC2CCC3CCC(C4CCCC5CCCC54)CC3C2)CC1
C1CCC(C2CC3CCCC3C3CCC4CCCCC4C23)CC1
C1CCC2CCC(C3CCCC4CCCC43)CC2CC1
C1CCC(C2CCC3CC4C(CCC45CCCC5)CC32)CC1
C(CCC1CCCC2CCCCC12)CC1CCCC2CCCCC12
C1CCC2CC(C3CCCC4CCCC43)CCC2C1
C1CCC(CCCCC2CCCC3CCC(C4CCCCC4)CC3C2)CC1
C1CCC2CC(CC3CCCC4CCCC43)CCC2C1
C1CCC(C2CCC(C3CC4CCCC4C4CCC5CCCCC5C34)CC2)C1
C1CCC(CCCCCC2CC3CCCCC3C2)CC1
C1CCC2CC(CC3CCCC4CCCC43)CCC2C1
C(CCCC1CCCC2C(C3CCCCC3)CCC12)CCC1CCCCC1
C1CCC(C2CC3CCCCC3C3CCC4CCCCC4C23)CC1
C1CCC2C(C1)CCCC1C3CCCC3CCC21
C1CCC(CC2CCC3CC4CCCCC4CC23)CC1
C(CCC1CC2CCCCC2C1)CCC1CCCC2CCCC12
C1CCC(C2CCC3CC4C(CCC32)CCC2C3CCC(CCCC5CCC6CCCCC6C5)C3CCC42)CC1
C1CCC2C(C1)CCC1C3CCCC3CCCC21
C1CCC(CCCCC2CC3CCCCC3C2)CC1
C1CCC(CCCCC2CC3CCCCC3C2)CC1
C1CCC2C(C1)CCC1CCCCC12
C1CCC(C2CCC3CC4C(CCCC5CC5)CCCC4CC32)CC1
C1CCC(CC2CCCCC23CCC2C(CCC2C2CCCCC2)C3)CC1
C1CCC(CCCC2CCC3C(CCC3C3CCCCC3)C2)CC1
C1CCC(CCC2CCC3C2CCC2C4CCCCC4CCCC32)C1
C1CCC2CCC(C3CCCC4CCCC43)CC2CC1
C1CCC(CCCCCC2CC3CCCCC3C2)CC1
C1CCC(C2CCC3CC4C(CCC5C6CCC(CCCC7CCC8CCCCC8C7)C6CCC45)CC32)CC1
C1CCC(C2CCCCC2CC2CC3CCCCC3C3CCC4CCCCC4C23)CC1
C1CCC(CCCCC2CCC3CCCCC23)CC1
C1CC2CCCC2C(CC2CC3CCCCC3C3CCCC23)C1
C1CCC2CCC(C3CCCC4CCCC43)CC2CC1
C1CCC2CCC3CCCCC3C2CC1
C1CCC(CCC2CCC3C(CCC3C3CCCCC3)C2)CC1
C1CCC(C2CCC3CC4C(CCC45CCCCCC5)CC32)CC1
C1CCC(CCC2CCC3C(CC4CCCCC4)CCC3C2)CC1
C1CCC(CC2CCC3C(CCC3C3CCCCC3)C2)CC1
C1CCC(CC2CCCCC2CC2CC3CCCCC3C3CCC4CCCCC4C23)CC1
C1CCC2C(C1)CCC1C3CCCC3CCCC21
C(CCCC1CCCC2C(C3CCCCC3)CCC12)CCC1CCC(C2CCCC2)C1
C1CCC2CCC3C(CCC4C3CC3CCCC34CCCC3CCCC3)C2CC1
C1CCC(C2CCC3CC4(CCCCCCC4C4CCCCC4)CCC32)CC1
C1CCC2CC(C3CCCC4CCCC43)CCC2C1
C1CCC(CC2CCC(C3CC4CCCC4C4CCC5CCCCCC5C34)CC2)CC1
C1CCC(CCCCCC2CC3CCCCC3C2)CC1
C1CCC(CCCCC2CC3CCCCC3C2)CC1
C1CCC(CCCCCC2CCC3CCCCC23)CC1
C1CCC(CCCCC2CC3CCCCC3C2)CC1
C1CCC(CCCCC2CCCC3CCC(C4CCCCC4)CC23)CC1
C1CCC2CCC3C(CCC4C3CCC4(CCCC3CCC4CCCCC4C3)CCC3CCCC3)C2CC1
C(CCC1CCC2CCCCC2C1)CCC1CCCC2CCCCC12
C1CCC2CCC(C3CCC4CCCCC43)CC2CC1
C1CCC(CCCC23CCCC2CC2CC4CCC5CCCCC5C4CCC23)C1
C1CCC(CCCCCC2CCC3CCCCC23)CC1
C1CCC(C2CCC(CCCCCC3CCCC4CCCCC34)C2)CC1
C1CCC(CCCCCC2CCCC3C(C4CCCCC4)CCC23)CC1
C1CCC(CCC2CCC3C(CCC3C3CCCCC3)C2)CC1
C1CCC(CCCC2CCC3CCC(C4CCCC5CCCC54)CC3CC2)CC1
C1CCC(C2CCC3CCCC3C3CCC4CCCCC4C23)CC1
C1CCC(C2CC3CCCCC3C3CCCCC23)CC1
C1CCC2CC(C3CCCC4CCCC43)CCC2C1
C1CCC2CCC3C4CCC(CCCC5CC6CCCCC6C5)C4CCC3C2CC1
C1CCC(C2CCC3CC4C(CCCC4CC4CCC5CCCCC54)CCC32)CC1
C1CCC(CCCCCC2CC3CCCCC3C2)CC1
C(CCCC1CCCC2CCCC12)CCC1CCCCC1
C1CCC(CCC2CCC(C3CCC4C(CCC4C4CCCCC4)C3)CC2)CC1
C1CCC(CCC2CCC3C(CCC4CC(C5CCCCC5)CCC43)C2)CC1
C1CCC(CC(CC2CCCCC2)C2CCCCC2)CC1
C(CCCCC1CCC(C2CCCCC2)C1)CCCC1CCCCC1
C1CCC2C(C1)CCC1C3CCCCC3CCC21
C1CCC(C2CCC3CC4C(CCC45CCCCC5)CC32)CC1
C1CCC(CCCCCC2CCC3CCCCC23)CC1
C1CCC(CC2CCC3C(CCCCCC4CCC(C5CCCC5)C4)CCCC23)CC1
C(CCCC1CCCC2CCCCC12)CCC1CCC(C2CCCCC2)C1
C1CCC(CC(CC2CCCCC2)C2CCCCC2)CC1
C1CCC(CC2CC3CCCCC3C3CCC4CCCCC4C23)CC1
C1CCC(CCCCC2CC3CCCCC3C2)CC1
C1CCC2CC(CCCC3CCCC4CCCCC43)CC2C1
C1CCC(CCC2CCCCC2)CC1
C1CCC(CCCCC2CC3CCCCC3C2)CC1
C1CCC(C2CCC3CC4C(CCC45CCCCCC5)CC32)CC1
C1CCC(C2CCC3CC4C(CCCC45CCCCC5)CC32)CC1
C1CCC(C2CC3CCCC3C3CCC4CCCCC4C23)CC1
C1CCC(C2CCC3CC4C(CCC45CCCCCC5)CC32)CC1
C1CCC(CCCC2CCC3C2CCC2C4CC5CCC(C6CCCCC6)C5CC4CCCC32)CC1
C(CCCCC1CCC2C(CCC3C4CCCCC4CCC23)C1)CCCC1CCCC(CC(CC2CCC(CC3CCCCC3)CC2)C2CCCCC2)C1
C1CCC2C(C1)CCC1C3CCCC3CCCC21
C1CCC(C2CC3CCCC3C3CCC4CCCCC4C23)CC1
C1CCC(CCC2CCC3C(CCC4CC(C5CCCCC5)CCCC43)C2)CC1
C1CCC(CCCCCC2CC3CCCCC3C2)CC1
C1CCC(C2CC3CCCC3C3CCC4CCCCC4C23)CC1
C1CCC(C2CCCC(CC3CC4CCCCC4C4CCC5CCCCC5C34)C2)C1
C1CCC(C2CCC3CCC4(CCCCC4)CC3C2)CC1
C1CCC2CC(CCCC3CCC4CC5CCC6CCCCC6C5CCC34)CC2C1
C1CCC(C2CCC3CC4C(CCCC45CCCC5)CC32)CC1
C1CCC(C2CC3CCCC3C3CCC4CCCCC4C23)CC1
C1CCC(CCC2CCC3C(CCC4CC(C5CCCCC5)CCC43)C2)CC1
C1CCC2CCC3CCCCC3C2CC1
C1CCC(CC23CCCCC2CCC2C(CCC4CCCC42)C3)CC1
C1CCC(C2CCC3C(CCCCCC4CCC(C5CCCC5)C4)CCCC23)CC1
C1CCC(CCCCC2CC3CCCCC3C2)CC1
C1CCC(CCCCC2CCC3CCCCC23)CC1
C1CCC(CC2CC3CCCC3C3CCC4CCCCC4C23)CC1
C1CCC2C(C1)CC(C1CCCC3CCCC31)C1CCCCC21
C1CCC(CC2CCCCC2CC2CC3CCCCC3C3CCC4CCCCC4C23)CC1
C1CCC(C2CCC3CC4C(CCC45CCCC5)CC32)CC1
C1CCC(CCCC2CCC3C2CCC2C4CC5CCC(CC6CCCCC6)C5CC4CCC32)CC1
C1CCC2CC(CCCC3CCCC4C3CCC3C5CCCCC5CCC43)CC2C1
C1CCC(CCCCCC2CCC3CCCCC23)CC1
C1CCC2C(C1)CCC1C2CCC2C3CCCCC3CC21
C1CCC2C(C1)CCC1C3CCCCC3CCC21
C1CCC2C(C1)CCC1C3CCCC3CCC21
C1CCC2CCC(C3CCCC4CCCC43)CC2CC1
C1CCC(CCCCC2CCC3CCC(C4CCCC5CCCC54)CC3C2)CC1
C1CCC2CC(C3CCCC4CCCC43)CCC2C1
C1CCC(C2CC3CCCC3C3CCC4CCCCC4C23)CC1
C1CCC(CCC2CCC3C(CC4CCCCC4)CCC3C2)CC1
C1CCC2CC(CCCC3CCC4C3CCC3C5CCCCC5CCC43)CC2C1
C1CCC2C(C1)CC(C1CCCC1)C1CCCCC21
C1CCC2C(C1)CCC1C3CCCC3CCC21
C1CCC(CCC2CCC(C3CC3)CC2)CC1
C1CCC2CCC(C3CCCC4CCCC43)CC2CC1
C(CCC1CCC2C(CCC3C4CCCCC4CCC23)C1)CC1CCC(C2CC3CCCC3C3CCC4CCCCC4C23)CC1
C1CCC(CCCCC2CCC3CCCCC23)CC1
C(CCCC1CCCCC1)CCCC1CCC(C2CCCCC2)C1
C(CCC1CCCC2CCCC12)CC1CC2CCCCC2C1
C1CCC(CCC2CCC(CCC3CCCC(CC4CCCC4)CC3)CC2)CC1
C1CCC2C(C1)CCC1C3CCCCC3CCC21
C1CCC2CCC(C3CCCC4CCCC43)CC2CC1
C1CCC2CCC3C4CCCCC4CC(CC4CCCC4)C3C2CC1
C1CCC(C2CCC3CC4C(CCC45CCCC5)CC32)CC1
C(CCCC1CCCCC1)CCCC1CCC(C2CCCCC2)C1
C1CCC2C(C1)CCC1C3CCCC3CCC21
C1CCC(CCC2CCC3C(CCC4CC(C5CCCCC5)CCC43)C2)CC1
C1CCC2CCC(C3CCCC4CCCC43)CC2CC1
C1CCC(CCCCCC2CCCC3C(C4CCCCC4)CCC23)CC1
C1CCC(CCC2CCC3C(CC4CCCCC4)CCC3C2)CC1
C1CCC(CC2CC3CCCCC3C3CCC4CCCCCC4C23)CC1
C1CCC(C2CC3CCCC3C3CCC4CCCCC4C3C2)CC1
C1CCC(CCCCCC2CCCC3C(C4CCCCC4)CCC23)CC1
C1CCC(CCC2CCC3C(CCC4CCCCC43)C2)CC1
C1CCC(CCC2CCC3C(CCC3C3CCCCC3)C2)CC1
C1CCC(CCCCCC2CC3CCCCC3C2)CC1
C1CCC(CC2CC3CCCCC3C3CCC4CCCCCC4C23)CC1
C1CCC(CCCCCC2CC3CCCCC3C2)CC1
C1CCC(CCCCCC2CCCC3C(C4CCCCC4)CCC23)CC1
C1CCC(CCC2CCC3C(CCC4C5CCCC5CC(CCC5CCCCC5)C34)C2)CC1
C1CCC(CCC2CCCCC2)CC1
C1CCC(C2CCC3CC4C(CCC45CCCC5)CC32)CC1
C1CCC(CCCC2(CCC3CCCC3)CCC3C4CCC5CCCCC5C4CCC32)C1
C(CCCC1CCCC2C(C3CCCCC3)CCC12)CCC1CCCCC1
C1CCC(CC2CCCCC2CCC2CC3CCCCC3C3CCC4CCCCC4C23)CC1
C(CCCC1CCCC2C(C3CCCCC3)CCC12)CCC1CCCCC1
C1CCC(CCC2CCC3C(CCC4CCCCC43)C2)CC1
C(CCCC1CCCCC1)CCCC1CCC(C2CCCCC2)C1
C1CCC2CC(CCCC3CCCCC4CCCCC43)CC2C1
C1CCC2CCC(C3CCCC4CCCC43)CC2CC1
C(CCC1CCCCC2CCCCC12)CC1CCC2CCCCC2C1
C1CCC2CCC3C4CCCCC4CC(CC4CCCC4)C3C2CC1
C(CCC1CCCC2CCCCC12)CC1CCC2CCCCC2C1
C(CCCC1CCC(C2CCCCC2)C1)CCC1CCCCC1
C1CC2CCC3C(CCC4CCCCC43)CC2C1
C1CCC(CCC2CCC3C(CC4CCCCC4)CCC3C2)CC1
C1CCC(CCCCC2CC3CCCCC3C2)CC1
C1CCC(C2CCC(CCCCCC3CCCC4C(C5CCCCC5)CCC34)C2)CC1
C1CCC2CC(C3CCCC4CCCC43)CCC2C1
C(CCC1CCCCC2CCCCC12)CC1CCC2CCCCC2C1
C(CCC1CCCC2CCCCC2C1)CCC1CCC(C2CCCCC2)C1
C1CCC(CC2CCC3CCCCC3C3CCC4CCCCC4C23)C1
C1CCC(C2CCC(CCCC3CCC4C3CCCC3C5CCCCC5CCC34)C2)CC1
C1CCC2CCC3C4CCC(CCCC5CCC6CCCCC6C5)C4CCC3C2CC1
C1CCC2C(C1)CC(C1CCCC1)C1CCCCC21
C1CCC(CCCCC2CC3CCCCC3C2)CC1
C1CCC(CCC2CCC(C3CCC4C(CCC4C4CCCCC4)C3)CC2)CC1
C1CCC(C2CCC3CC4C(CCC5C6CCC(CCCC7CC8CCCCC8C7)C6CCCC45)CC32)CC1
C1CCC2C(C1)CC(C1CCCC3CCCC31)C1CCCCC21
C1CCC(CCCCC2CC3CCCCC3C2)CC1
C1CCC(CCCC2CCC(C3CCCC4C(C5CCCCC5)CCC34)C2)CC1
C1CCC2CCC(C3CCCC4CCCC43)CC2CC1
C1CCC(CC2CCC3CC4(CCCCC4C4CCCCC4)CCC23)CC1
C1CCC2C(C1)CCC1CCCCC12
C(CCCC1CCCC2C(C3CCCCC3)CCC12)CCC1CCCCC1
C1CCC(CCCC2CCC3CCC(C4CCCC5CCCC54)CC3C2)CC1
C1CCC(CCC2CCC(C3CCC4C(CCC4C4CCCCC4)C3)CC2)CC1
C1CCC(C2CCCC(CC3CCC4CCCCC4C4CCC5CCCCC5C34)C2)C1
C1CCC2CCC(C3CCCC4CCCC43)CC2CC1
C1CCC(C2CCC3CC4C(CCCCC45CCCC5)CC32)CC1
C1CCC(CCC2CCC3C(CCC3C3CCCCC3)C2)CC1
C1CCC(CCCCCC2CC3CCCCC3C2)CC1
C1CCC(C2CC3CCCC3C3CCC4CCCCCC4C23)CC1
C1CCC2C(C1)CC(C1CCCC1)C1CCCCC21
C1CCC(CCC(CC2CC3CCCCC3C2)C2CCCC2)CC1
C1CCC(CCC2CCC(CCC3CCCC(CCC4CCCC4)C3)CC2)CC1
C1CCC(CC2CCC3C(CCCCCC4CC4)CCCC23)CC1
C1CCC(CCCCC2CC3CCCCC3C2)CC1
C1CCC(CCCCC2CC3CCCCC3C2)CC1
C1CCC(CC2CC3CCCCC3C3CCC4CCCCC4C23)CC1
C1CCC(C2CC3CCCC3C3CCC4CCCCC4C23)CC1
C1CCC2CCC3C4CCC(CCCC5CCC6CCCCC6C5)C4CCC3C2CC1
C1CCC(CC2CC3CCCCC3C3CCC4CCCCCC4C23)CC1
C1CCC(CCCCCC2CCCC3C(C4CCCCC4)CCC23)CC1
C1CCC2CCCC(CC3CC4CCCCC4C4CCC5CCCCC5C34)C2CC1
C1CCC(C2CCC3CC4C(CCC5C6CCCC(CCCC7CC8CCCCC8C7)C6CCC45)CC32)CC1
C1CCC2CCC3C4CCCCC4CC(CC4CCCC5CCCCC54)C3C2CC1
C1CCC(C2CC3CCCC3C3CCC4CCCCC4C23)CC1
C1CCC(C2CC3C(CCC34CCCCC4)C3CCC4CCCCC4C23)CC1
C1CCC2CCC3C4CCCC4CCC3C2CC1
C1CCC2C(C1)CCC1C3CCCC3CCC21
C1CCC(C2CC3CCCC3C3CCC4CCCCCC4C23)CC1
C(CCCCC1CCCC(CC(CC2CCC(CC3CCCCC3)CC2)C2CCCCC2)C1)CCCCC1CCC2C(CCC3C4CCCC4CCC23)C1
C1CCC(CC2CCC(CC(CC3CCCCC3)C3CCCCC3)CC2)CC1
C1CCC(C2CC3CCCCC3C3CCCCC3C2)CC1
C1CCC(CC2CC3(CCCC4CC5C(CCC5C5CCCCC5)CC43)CC2C2CCCCC2)CC1
C1CCC(C2CCC3CC4C(CCC32)CCC2C3CCC(CCCC5CCC6CCCCC6C5)C3CCC42)CC1
C1CCC(CC2CCC3CC4C(CCC5C6CCC(CCCC7CCC8CCCCC8C7)C6CCC45)CC23)CC1
C1CCC(C2CCC3C(CCC34CCCC4)C3CCC4CCCCCC4C23)CC1
C1CCC(CCC2CCC3C(CCC3C3CCCCC3)C2)CC1
C1CCC(CCCCCC2CCCC3C(CC4CCCCC4)CCC23)CC1
C1CCC(CCC(CCC2CCC3CCCC3C2)CC2CCCCC2)CC1
C1CCC(CCCCCC2CC3CCCCC3C2)CC1
C1CCC(CCC2CCC3C(CCC3C3CCCCC3)C2)CC1
C1CCC2CC(C3CCCC4CCCC43)CCC2C1
C1CCC2CC(CC3CCCC4CCCC43)CCC2C1
C1CCC(CCCC(CC2CCC3C(CCC3C3CCCCC3)C2)C2CCCCC2)CC1
C1CCC(CC2CCCCCC23CCCC2C(CCC2C2CCCCC2)C3)CC1
C1CCC(CCCC(CC2CCC3C(CC4CCCCC4)CCC3C2)C2CCCCC2)CC1
C1CCC(C2CC3CCCCC3C3CCC4CCCCC4C23)CC1
C1CCC(C2CC3CCCC3C3CCC4CCCCCC4C23)CC1
C1CCC(CCCCCC2CCCC3C(C4CCCCC4)CCC23)CC1
C1CCC(CCCCC2CCC3CCCCC23)CC1
C1CCC2CCC(C3CCCC3)CC2CC1
C1CCC2C(C1)CCC1CCCCC12
C1CCC2C(C1)CCC1CCCCC12
C1CCC(CCC2CCC3C(CCC3C3CCCCC3)C2)CC1
C1CCC(CC2CCC3C(CC4CCCCC4)CCC3C2)CC1
C1CCC(CCCCCC2CC3CCCCC3C2)CC1
C1CCC(C2C3CCCC(CC4CC5CCCC5CC42)C3)CC1
C1CCC(CC2CC3CCCCC3C3CCC4CCCCCC4C23)CC1
C1CCC(CCCCC2CC3CCCCC3C2)CC1
C1CCC2CC(C3CCCC4CCCC43)CCC2C1
C(CCCC1CCCC2C(C3CCCCC3)CCC12)CCC1CCCCC1
C1CCC2CC(C3CCCC4CCCC43)CCC2C1
C1CCC(CC2CC3CCCCC3CC3CCC4CCCCC4C32)CC1
C(CCCC1CCCC2C(C3CCCCC3)CCC12)CCC1CCCCC1
C1CCC(CC2CC3CCCCC3C3CCC4CCCCCC4C23)CC1
C1CCC(C2CCC3C(CCCCCC4CCC(CC5CCCC5)C4)CCCC23)CC1
C1CCC(CCCCCC2CCC3CCCCC23)CC1
C(CC1CCCC2CCCCC2C1)CC1CC2CCCCC2C1
C1CCC(CC2CCCCCC23CCCC2C(CCC2C2CCCCC2)C3)CC1
C1CCC2C(C1)CCC1CCCCC12
C1CCC2CCC3C4CCCCC4CC(CC4CCCC4)C3C2CC1
C(CCC1CCC2C1CCC1C3CCCCC3CCC21)CC1CC2CCCCC2C1
C1CCC(CCCCCC2CC3CCCCC3C2)CC1
C1CCC(C2CCC(CC3CC4CCCCC4C4CCC5CCCCCC5C34)CC2)CC1
C(CCCC1CCCCC1)CCCC1CCC(C2CCCCC2)C1
C1CCC2CCC(C3CCCC4CCCC43)CC2CC1
C1CCC2CCC3C4CCCCC4CC(CC4CCCC4)C3C2CC1
C1CCC2C(C1)CCC1C3CCCCC3CCC21
C(CCC1CCCC2CCCCC12)CC1CCCC2CCCCC12
C1CCC(CC2CC3CCCCC3CC3CCC4CCCCC4C32)CC1
C1CCC(C2CC3CCCC3C3CCC4CCCCC4C23)CC1
C(CCCC1CCCCC1)CCCC1CCC(C2CCCCC2)C1
C1CCC(CCCCCC2CC3CCCCC3C2)CC1
C(CCCCC1CCC(C2CCCCC2)C1)CCCC1CCCCC1
C1CCC(CC(CC2CCCCC2)C2CCCCC2)CC1
C1CCC2C(C1)CCC1C3CCCC3CCCC21
C1CCC(C2CCC3CC4C(CCC45CCCC5)CC32)CC1
C1CCC(CCCCC2CC3CCCCC3C2)CC1
C1CCC(CC2CC3CCCCC3C3CCC4CCCCC4C23)C1
C1CCC(CC2CCC(CC(CC3CCCCC3)C3CCCCC3)CC2)CC1
C1CCC(CCCC2CCC3CCC(CC4CCCC5CCCC54)CC3C2)CC1
C(CCC1CCCC2CCCCC12)CC1CC2CCCCC2C1
C1CCC2C(C1)CCC1C3CCCC3CCC21
C1CCC(CCCCC2CC3CCCCC3C2)CC1
C1CCC(C2CCC3CCCC3C3CCC4CCCCCC4C23)CC1
C(CCC1CCC2CCCCC2C1)CCC1CCCCC2CCCCC12
C1CCC(CCCCCC2CCCC3C(C4CCCCC4)CCC23)CC1
C1CCC(CCC(CCC2CCC3CCCC3C2)CC2CCCCC2)CC1
C1CCC2C(C1)CCC1C3CCCC3CCC21
C1CCC(CCC2CCC3C(CC4CCCCC4)CCC3C2)CC1
C1CCC(CCCCCC2CC3CCCCC3C2)CC1
C1CCC(CC2CCCCC23CCC2C(CCC2C2CCCCC2)C3)CC1
C1CCC(CCCC2CCC3CCC(C4CCCC5CCCC54)CC3C2)CC1
C1CCC(CC2CC3CCCCC3CC3CCC4CCCCC4C32)CC1
C1CCC(CCCCC2CCCC3C2CCC2C4CCCCC4CCC32)CC1
C1CCC(CCCC2CCC(C3CCC4C(CCC4C4CCCCC4)C3)CC2)CC1
C(CCCC1CCCC2C(C3CCCCC3)CCC12)CCC1CCC(C2CCCC2)C1
C1CCC(CC2CCC3C(CCCCCC4CCC(C5CCCC5)C4)CCCC23)CC1
C1CCC(CCCCC2CC3CCCCC3C2)CC1
C1CCC(CCC2CCC3C(CCC3C3CCCCC3)C2)CC1
C1CCC(CCCCCC2CCC3CCCC3C2)CC1
C1CCC(CCCCC2CCC3CCCCC23)CC1
C1CCC(CCC2CCC3C(CCC3C3CCCCC3)C2)CC1
C1CCC2C(C1)CCCC1C3CCCC3CCC21
C1CCC2C(C1)CCC1CCCCC12
C(CCC1CCCC2CCCCC12)CCC1CCCC2CCCCC12
C1CCC(C2CCC3CC4C(CCC5C6CCC(CCCC7CCC8CCCCC8C7)C6CCC45)CC32)CC1
C1CCC(CCC2CCC3C(CCC3C3CCCCC3)C2)CC1
C1CCC(CC2CC3CCCCC3C3CCC4CCCCC4C23)CC1
C1CCC2CCC(C3CCCC4CCCC43)CC2CC1
C1CCC(CCC2CCC3C2CCC(C2CCCCC2)C2C4CCCCC4CCC32)CC1
C1CCC(C2CCC3CC4C(CCC5C6CCC(CCCC7CCC8CCCCC8C7)C6CCC45)CC32)CC1
C1CCC(CCCC2CCC3C(CCC4C5CCCC5CCC34)C2)CC1
C1CCC(CCCCCC2CC3CCCCC3C2)CC1
C1CCC(CCCCC2CC3CCCCC3C2)CC1
C1CCC2CC(CCCC3CCCC4C3CCC3C5CCCCC5CCC43)CC2C1
C1CCC(C2CCC(CCCCCC3CCCC4C(C5CCCCC5)CCC34)C2)CC1
C1CCC(CC2CCC(CC(CC3CCCCC3)C3CCCCC3)CC2)CC1
C1CCC(C2CCC3CC4C(CCC5C6CCC(CCCC7CCC8CCCCC8C7)C6CCC45)CC32)CC1
C1CCC(CC(CC2CCCCC2)C2CCCCC2)CC1
C1CCC(CC2CCC3CCCCC3C2)C1
C1CCC(CCCCC2CC3CCCCC3C2)CC1
C1CCC(CC2CC3CCCCC3C3CCCCC23)C1
C1CCC2CC(C3CCCC4CCCC43)CCC2C1
C1CCC(CCCCC2CCC3CCCCC23)CC1
C1CCC2CCC(C3CCCC4CCCC43)CC2CC1
C1CCC(C2CC3CCCCC3C3CCCCC23)CC1
C1CCC(CCC2CCC(C3CC3)CC2)CC1
C1CCC(CCC2CCC3C(CCC3C3CCCCC3)C2)CC1
C1CCC(CCC2CCC3C(CCC3C3CCCCC3)C2)CC1
C1CCC(C2CC3CCCC3C3CCC4CCCCCC4C23)CC1
C1CCC(CCC2CCC3C(CCC3C3CCCC(CC4CCCC4)C3)C2)CC1
C1CCC(CCCC2CCC3CCC(C4CCCC5CCCC54)CC3CC2)CC1
C1CCC2C(C1)CCCC2CCCC1CCCC2CCCCC21
C1CCC(CC2CCC3CC4C(CCC45CCCCC5)CC23)CC1
C(CCCCC1CCC(C2CCCCC2)C1)CCCC1CCCCC1
C1CCC(C2CC3CCCC3C3CCC4CCCCCC4C23)CC1
C1CCC(CCC2CCC3C(CCC4C5CCCC5CC(CCC5CCCCC5)C34)C2)CC1
C1CCC2CC(CCCC3CCC4C3CCCC3C5CCCCC5CCC34)CC2C1
C(CCCC1CCCC2C(C3CCCCC3)CCC12)CCC1CCCCC1
C1CCC2CCC(C3CCCC4CCCC43)CC2CC1
C1CCC2CCC3C4CCCC4CCC3C2CC1
C1CCC2C(C1)CCCC1C3CCCC3CCC21
C1CCC(CCCCCC2CCC3CCCCC23)CC1
C1CCC(CCCCCC2CC3CCCCC3C2)CC1
C1CCC(C2CCC(CC3CC4CCCCC4C4CCC5CCCCC5C34)CC2)CC1
C1CCC(CCC2CCC3C(CCC3C3CCCCC3)C2)CC1
C1CCC(CCCCCC2CC3CCCCC3C2)CC1
C1CCC(CCC2(CCCC3CCC4CCCCC4C3)CCC3C4CCC5CCCCC5C4CCC32)C1
C(CCC1CCCCC2CCCCC12)CC1CCC2CCCCC2C1
C1CCC(CCC2CC3CCCCC3C3CCC4CCCCC4C23)CC1
C1CCC(CC2CC3CCCCC3CC3CCC4CCCCC4C32)CC1
C1CCC(C2CCC3CCC4CCCCC4CC32)CC1
C1CCC(CCC2CCC3C(CCC3C3CCCCC3)C2)CC1
C1CCC(CC2CCC3C(CCC3C3CCCCC3)C2)CC1
C1CCC(C2CCC3CC4C(CCC32)CCC42CCCCC2)CC1
C1CCC(CCCC(CC2CCC3C(CCC3C3CCCCC3)C2)C2CCCCC2)CC1
C1CCC(CCCCCC2CC3CCCCC3C2)CC1
C(CCCC1CCCC2C(C3CCCCC3)CCC12)CCC1CCC(C2CCCC2)C1
C1CCC2CCC3C(CCC4C3CCC4(CCCC3CC4CCCCC4C3)CCC3CCCC3)C2CC1
C1CCC(C2CC3CCCCC3C3CCC4CCCCC4C23)CC1
C1CCC(C2CCC3C(CCC4CCCCC43)C2)CC1
C1CCC2CC(C3CCCC4CCCC43)CCC2C1
C(CCC1CCCC2CCCCC12)CC1CC2CCCCC2C1
C1CCC2CC(C3CCCC4CCCC43)CCC2C1
C(CCCC1CCCCC1)CCCC1CCC(C2CCCCC2)C1
C1CCC2CCC3C(CCC4C3CCC4(CCCC3CC4CCCCC4C3)CCC3CCCC3)C2CC1
C1CCC(C2CC3CCCC3C3CCC4CCCCC4C23)CC1
C1CCC(CCC2CCC(CCC3CCCC(CC4CCCCC4)C3)CC2)CC1
C1CCC(CCC2CCC3C(CCC3C3CCCCC3)C2)CC1
C(CCCC1CCCC2C(C3CCCCC3)CCC12)CCC1CCCCC1
C1CCC(CCC2CCC3C(CCC3C3CCCCC3)C2)CC1
C1CCC2C(C1)CCCC2CCCC1CCCC2CCCCC21
C1CC2CCC3C(CCC4CCCCC43)CC2C1
C1CCC(CCC2CCC(CCC3CCCCC(CC4CCCC4)C3)CC2)CC1
C(CCC1CC2CCCCC2C1)CCC1CCCC2CCCC12
C1CCC(CC2CCC3CCCCC3C3CCC4CCCCC4C23)CC1
C1CCC(CCCC2CCC3C(CCC3C3CCCCC3)C2)CC1
C1CCC2CC(CC3CCC4CCCCC43)CCC2C1
C1CCC(C2CCC3CC4C(CCC45CCCCC5)CC32)CC1
C1CCC2CCC(C3CCCC3)CC2CC1
C1CCC(CCCC2CCC3C(CCC4C5CCCC5CCC34)C2)CC1
C1CCC(CCCCC2CCC3CCC(C4CCCC5CCCC54)CC3C2)CC1
C1CCC2CCC(C3CCCC4CCCC43)CC2CC1
C1CCC2C(C1)CCC1C3CCCC3CCC21
C1CCC(CCCCC2CCC3CCCCC23)CC1
C(CCCC1CCCC2C(C3CCCCC3)CCC12)CCC1CCCCC1
C1CCC2CC(CC3CCCC4CCCC43)CCC2C1
C1CCC(C2CC3CCCC3C3CCC4CCCCC4C23)CC1
C(CCCC1CCCC2C(C3CCCCC3)CCC12)CCC1CCC(C2CCCC2)C1
C1CCC(CC2CCC3C(CCC3C3CCCCC3)C2)CC1
C(CCCC1CCCC2C(C3CCCCC3)CCC12)CCC1CCCCC1
C1CCC(CC2CC3CCCCC3C3CCC4CCCCC4C23)C1
C1CCC(CCC2CCCCCC23CCC2C(CCC2C2CCCCC2)C3)CC1
C(CCCC1CCCC2C(C3CCCCC3)CCC12)CCC1CCC(C2CCCC2)C1
C1CCC(CC2CCC3CC4C(CCCC45CCCC5)CC23)CC1
C1CCC(CCC2CCC3C(CCC3C3CCCCC3)C2)CC1
C1CCC(CCCCC2CCC3CCC(C4CCCC5CCCC54)CC3C2)CC1
C1CCC(C2CC3CCCC3C3CCC4CCCCC4C23)CC1
C1CCC2CCC(C3CCCC4CCCC43)CC2CC1
C1CCC(CCC2(CCCCC3CCC4CCCCC4C3)CCC3C4CCC5CCCCC5C4CCC32)C1
C1CCC(CC2CC3CCCCC3C3CCC4CCCCC4C23)CC1
C1CCC(CCC(CCCC2CCC3CCCC3C2)CC2CCCCC2)CC1
C1CCC(CC2CCCC2CC2CC3CCCCC3C3CCC4CCCCCC4C23)CC1
C1CCC(CCCC2CCC3C(CCC3C3CCCCC3)C2)CC1
C1CCC(CCCCCC2CC3CCCCC3C2)CC1
C1CCC2CC(CCCC3CCC4C5CCC6CCCCC6C(CCC34)C5)CC2C1
C1CCC(C2CC3CCCCC3C3CCCCC3C2)C1
C1CCC(CCC2CCC3C(CCC4C5CCCC5CCC34)C2)CC1
C1CCC(CC2CC3CCCCC3C3CCC4CCCCCC4C23)CC1
C1CCC(C2CCC(CCCCCC3CCCCC4CCCCC34)C2)CC1
C1CCC(C2CC3CCCCC3C3CCCCC23)CC1
C(CCC1CCCC2CCCCC12)CC1CCC2CCCCC2C1
C1CCC(CCCCC2CC3CCCCC3C2)CC1
C1CCC2CC(C3CCCC4CCCC43)C3CCCC3C2CC1
C1CCC(CC2CCC(CCC(CC3CCCCC3)C3CCCCC3)CC2)CC1
C1CCC(C2CCC3CC4C(CCCC45CCCCC5)CC32)CC1
C(CCC1CCCC2CCCCC12)CC1CCCC2CCCCC12
C1CCC(CCC2CCC(CC3CCC4C(CCC4C4CCCCC4)C3)CC2)CC1
C1CCC(C2CCC3C(CCC4CCCCC43)C2)CC1
C(CCCC1CCCC2C1CCC2C1CCC(CC2CC2)CC1)CCC1CCCCC1
C(CCCC1CCCCC1)CCC1CCCCC1
C1CCC(CCC(CCC2CCC3CCCC3C2)CC2CCCCC2)CC1
C1CCC(CCCC2CCC(CC3CCC4C(CCC4C4CCCCC4)C3)CC2)CC1
C1CCC(CCCC2CCC3CCC(C4CCCC5CCCC54)CC3C2)CC1
C(CCCCC1CCC(C2CCCCC2)C1)CCCC1CCCCC1
C1CCC2CC(CCCC3CCC4C3CCC3C5CCCCC5CCCC43)CC2C1
C1CCC2CCC3C4CCCC4CCC3C2CC1
C1CCC2CC(C3CCCC4CCCC43)CCC2C1
C1CCC(CCC2(CCCC3CCC4CCCCC4C3)CCC3C4CCC5CCCCC5C4CCC32)C1
C1CCC(C2CC3CCCCC3C3CCCCC23)CC1
C1CCC(C2CCC3CC4C(CCC5C6CCC(CCCC7CCCC8CCCCC87)C6CCC45)CC32)CC1
C1CCC(CCCCCC2CCC3CCC(C4CCCC5CCCC54)CC3C2)CC1
C1CCC(CCC2CCC(CCC3CCCC(CCC4CCCC4)C3)CC2)CC1
C(CCCC1CCCCC1)CCCC1CCC(CC2CCCCC2)C1
C1CCC(CCCCC2CC3CCCCC3C2)CC1
C1CCC(CC2CC3CCCCC3C3CCC4CCCCCC4C23)CC1
C1CCC2CC(C3CCCC4CCCC43)CCC2C1
C1CCC(CCCCC2CC3CCCCC3C2)CC1
C1CCC(C2CC3C(CCC34CCCCC4)C3CCC4CCCCC4C23)CC1
C1CCC(CC2CCC3CCC(C4CCCC4)C3C2)C1
C1CCC(CCC2CCC3C(CCC3C3CCCCC3)C2)CC1
C1CCC(C2CCC3CC4(CCCCCC4C4CCCCC4)CCC32)CC1
C1CC2CCCC2C(CC2CC3CCCCC3C3CCCC23)C1
C1CCC(CCCC2CCC(CCC3CCCCC3)CC2)CC1
C1CCC(C2CC3CCCC3C3CCC4CCCCCC4C23)CC1
C1CCC(C2CCC3CCCC3C3CCC4CCCCC4CC23)CC1
C1CCC(CCC2CCC3C(CCC3C3CCCCC3)C2)CC1
C1CCC2CC(CC3CCCC4CCCC43)CCC2C1
C1CCC(CCCCC2CC3CCCCC3C2)CC1
C1CCC(C2CCC3CC4C(CCC32)CCC42CCCC2)CC1
C1CCC2CC(C3CCCC4CCCC43)CCC2C1
C1CCC(CCCCC2(CCC3CCCC3)CCC3C4CCC5CCCCC5C4CCC32)C1
C1CCC(CC2CCC3C(CCC3C3CCCCC3)C2)CC1
C1CCC(CCCCC2CCC3CCC(C4CCCC5CCCC54)CC3C2)CC1
C1CCC2C(C1)CCCC1C3CCCC3CCC21
C1CCC(CCC2CCC3C(CCC3C3CCCC(CCC4CCCC4)C3)C2)CC1
C1CCC(CCCCC2CCC3CCCCC23)CC1
C1CCC(C2CC3CCCC3C3CCC4CCCCCC4C23)CC1
C1CCC(CCCCCC2CC3CCCCC3C2)CC1
C1CCC(CCCCCC2CCC3CCCCC23)CC1
C(CCC1CCC2CCCCC2C1)CCC1CCCC2CCCCC12
C1CCC2C(C1)CCC1C3CCCC3CCC21
C1CCC(CCCC2CCC3C(CCC3C3CCCCC3)C2)CC1
C(CCCCC1CCC2C(CCC3C4CCCC4CCC23)C1)CCCC1CCCC(CC(CC2CCC(CC3CCCCC3)CC2)C2CCCCC2)C1
C1CCC(CCC2CCC(CCC3CCCC(CC4CCCC4)C3)CC2)CC1
C1CCC(CCCCCC2CCC3CCCCC3C2)CC1
C1CCC(CCC2CCC3C(CCC3C3CCCCC3)C2)CC1
C1CCC(C2CCC3C(CCC4CCCCC43)C2)CC1
C1CCC(CCC2CCC3C(CCC3C3CCCCC3)C2)CC1
C1CCC2CCC3C4CCCCC4CCC3C2CC1
C1CCC(CCCCC2CC3CCCCC3C2)CC1
C1CCC2CC3CCC4CCCC4C3CCC2C1
C1CCC(C2CCC3CC4C(CCCC45CCCCC5)CC32)CC1
C1CCC(CCCCC2CCC3CCCCC23)CC1
C1CCC(CCCCC2CC3CCCCC3C2)CC1
C1CCC(CCCCCC2CCC3CCCCC23)CC1
C1CCC(CCC2CCC3C(CCC4CC(C5CCCCC5)CCC43)C2)CC1
C1CCC2CC(C3CCCC4CCCC43)CCC2C1
C1CCC(C2CC3C(CCC4CC4)CCC3C3CCCC4CCCCC4C23)CC1
C1CCC(C2CC3CCCCC3CC3CCCCC32)CC1
C1CCC(CCCC2CCC3C2CCC2C4CC5CCC(C6CCCCC6)C5CC4CCC32)CC1
C1CCC(CCC2CCC(C3CCC4C(CCC4C4CCCCC4)C3)CC2)CC1
C1CCC(CCC2CCCCC2)CC1
C1CCC2CCC3C4CCCC4CCC3C2CC1
C1CCC(CC2CC3CCCCC3C2C2CCCCC2)CC1
C1CCC2CCC3C4CCCCC4CC(CC4CCCC4)C3C2CC1
C1CCC2CC(CCCC3CCC4C3CCCC3C5CCCCC5CCC34)CCC2C1
C(CCC1CCCC2CCCC12)CC1CC2CCCCC2C1
C1CCC2CCC3C4CCCC4CCC3C2CC1
C1CCC(CCC2CCC3C(CCC4CCCCC43)C2)CC1
C1CCC(CC2CCC3CC4C(CCC5C6CCCC6CCC45)CC23)CC1
C1CCC(CCC2CCC3C(CCC4C5CCCC5CCC(CCC5CCCCC5)C34)C2)CC1
C1CCC(C2CCC3CC4C(CCC32)CCC2C3CCC(CCCC5CC6CCCCC6C5)C3CCC42)CC1
C1CCC(CCC2CCC(C3CC3)CC2)CC1
C1CCC2C(C1)CCCC1CCCCC12
C1CCC(CCCCC2CC3CCCCC3C2)CC1
C1CCC2C(C1)CCCC1CCCCC12
C1CCC(CCCCC2CC3CCCCC3C2)CC1
C1CCC(CCCCC2CC3CCCCC3C2)CC1
C1CCC(C2CC3CCCC3C3CCC4CCCCC4C23)CC1
C1CCC(C2CCCC3C(CCC4CCCCC43)C2)CC1
C1CCC(C2CCC3CC4C(CCC45CCCCC5)CC32)CC1
C1CCC2C(C1)CCC1C3CCCCC3CCC21
C1CCC(CCCCC2CC3CCCCC3C2)CC1
C1CCC2C(C1)CCC1C3CCCC3CCC21
C1CCC(CCC(CCC2CCC3CCCC3C2)CC2CCCCC2)CC1
C1CCC2CC(CC3CCCC4CCCC43)CCC2C1
C1CCC(CCCCCC2CCCC3C(CC4CCCCC4)CCC23)CC1
C1CCC(C2CC3CCCC3C3CCC4CCCCC4C23)CC1
C(CCC1CCCC2CCCCC12)CC1CC2CCCCC2C1
C1CCC(CC2CC3CCCCC3C3CCC4CCCCCC4C23)CC1
C1CCC(CCCCCC2CCCC3C(C4CCCCC4)CCC23)CC1
C1CCC2CC(C3CCCC4CCCC43)CCC2C1
C(CCCC1CCC2CCCC2C1)CCC1CCCCC1
C1CCC(CCC2CCC3C(CCC3C3CCCC3)C2)CC1
C1CCC(CCCCCC2CCCC3C(C4CCCCC4)CCC23)CC1
C1CCC(CCC2CCC(CCC3CCCC(CCC4CCCC4)C3)CC2)CC1
C1CCC(CCCCCC2CCCC3C(C4CCCCC4)CCC23)CC1
C1CCC(CC2CCCCC2CC2CC3CCCCC3C3CCC4CCCCCC4C23)CC1
C1CCC2CC(CC3CCCC4CCCC43)CCC2C1
C1CCC(CCCCCC2CC3CCCCC3C2)CC1
C1CCC2CCC3C4CCC(CCCC5CC6CCCCC6C5)C4CCC3C2CC1
C1CCC(C2CCC3CC4C(CCC45CCCCC5)CC32)CC1
C(CCCC1CCCC2C(C3CCCCC3)CCC12)CCC1CCCCC1
C1CCC2CCC(C3CCCC4CCCC43)CC2CC1
C1CCC(CCC2CCC(CCC3CCCC(CC4CCCC4)C3)CC2)CC1
C1CCC(CCC2CCC3C2CCC(C2CCCCC2)C2C4CCCCCC4CCC32)CC1
C1CCC(CCCCCC2CCC3CCCCC23)CC1
C1CCC(CCCC2CCCC(C3CCC4CC(CCC5CCC6CCCCC6C5)CCC43)C2)CC1
C1CCC(CCC2CCC3C(CCC3C3CCCC(CCC4CCCC4)C3)C2)CC1
C1CCC(CCCCC2C3CCCCC3CCC2C2CCCC3CCCC32)CC1
C1CCC2C(C1)CCC1C3CCCC3CCC21
C1CCC(CC2CCC(CC(CC3CCCCC3)C3CCCCC3)CC2)CC1
C1CC2CCCC3C(CCC4CCC5CC5C43)C2C1
C1CCC(C2CCCC3C(CCC4CCCCC43)C2)CC1
C1CCC(CC2CCC3CC4C(CC5CC6CCCCC6C5)CCCC4CC23)CC1
C1CCC(CCC2CCC3C(CC4CCCCC4)CCC3C2)CC1
C1CCC(C2CCCC3C(CCC4CCCCC43)C2)CC1
C1CCC(CCC2CCC3C(CCC3C3CCCC3)C2)CC1
C1CCC2CC(CCCC3CCC4C3CCC3C5CCCCC5CCC43)CC2C1
C1CCC(C2CCC3CC4(CCCCC4C4CCCCC4)CCCC32)CC1
C1CCC(CCC2CCC3C(CC4CCCCC4)CCC3C2)CC1
C1CCC(C2CCC(CCCC3CCC4C3CCC3C5CCCCCC5CCC43)C2)CC1
C1CCC(C2CCC3CC4C(CCC5C6CCC(CCCC7CCC8CCCCC8C7)C6CCC45)CC32)CC1
C1CCC(C2CCC3CC4C(CCC32)CCC2C3CCC(CCCC5CCC6CCCCC6C5)C3CCC42)CC1
C1CCC(CCCC2CCC3CCC(C4CCCC5CCCC54)CC3C2)CC1
C1CCC2C(C1)CCC1C3CCCCC3CCC21
C1CCC(CCCC(CCC2CCC3CCCC3C2)CC2CCCCC2)CC1
C1CCC(CC2CCC(CC(CC3CCCCC3)C3CCCCC3)CC2)CC1
C1CCC(CCC(CCC2CCC3CCCC3C2)CC2CCCCC2)CC1
C1CCC2CCC(C3CCCC4CCCC43)CC2CC1
C1CCC(CC2CCC3C(CCC3C3CCCCC3)C2)CC1
C1CCC(CCCCCC2CCCC3C(C4CCCCC4)CCC23)CC1
C1CCC(CC2CC3CCCCC3C3CCC4CCCCCC4C23)CC1
C(CCCC1CCCC2C(C3CCCCC3)CCC12)CCC1CCCCC1
C1CCC(CCC2CCC3C(CCC3C3CCCCC3)C2)CC1
C1CCC(CC2CC3CCCCC3C3CCC4CCCCC4C23)CC1
C1CCC(C2CCC3CC4C(CCCC45CCC(C4CCCCC4)C(C4CCCCC4)C5)CC32)CC1
C1CCC(CC2CCCC(CC3CCC4CC(CCC5CCC6CCCCC6C5)CCC43)C2)C1
C1CCC(CCC2CCC3C(CCC3C3CCCCC3)C2)CC1
C1CCC(C2CCC3CC4C5CCC6C(CCCC7CC8CCCCC8C7)CCC6C(CCC4CC32)C5)CC1
C1CCC2C(C1)CCC1C3CCCC3CCC21
C1CCC(C2CC3CCCC3C3CCC4CCCCCC4C23)CC1
C1CCC(CC2CC3CCCCC3C3CCC4CCCCCC4C23)CC1
C1CCC(CCCC2CC3CCCCC3C2C2CCCCC2)CC1
C(CCCCC1CCC2C(CCC3C4CCCC4CCC23)C1)CCCC1CCCC(CC(CC2CCC(CC3CCCCC3)CC2)C2CCCCC2)C1
C1CCC2CC(CCCC3CCCC4C3CCC3C5CCCCC5CCC43)CC2C1
C1CCC(CCC2CCC(C3CC3)CC2)CC1
C1CCC(CCCC2CCCC3CCC(C4CCCC5CCCC54)CC3C2)CC1
C1CCC(CCCC2CCC3CCC(CC4CCCC5CCCC54)CC3C2)CC1
C(CCCC1CCCC2C(C3CCCCC3)CCC12)CCC1CCCCC1
C1CCC(CC2CC3CCCCC3C3CCC4CCCCC4C23)C1
C1CCC(C2CC3C(CCC4CC4)CCC3C3CCC4CCCCC4C23)CC1
C1CCC(CCCCCC2CCCC3C(C4CCCCC4)CCC23)CC1
C1CCC2CCC(C3CCCC4CCCC43)CC2CC1
C1CCC(C2CC3CCCCC3C3CCCCC23)CC1
C1CCC(CCC2CC3CCCC3C3CCC4CCCCC4C23)CC1
C1CCC(CCC2CCC3C2CCC(C2CCCCC2)C2C4CCCCC4CCCC32)CC1
C1CCC2C(C1)CC(C1CCCC3CCCC31)C1CCCCC21
C1CCC(C2CCC(CCCCCC3CCCCC4CCCCC34)C2)CC1
C1CCC(CCC2CCC(CCC3CCCC(CC4CCCC4)C3)CC2)CC1
C1CCC(CCC2CCC3C(CCC3C3CCCCC3)C2)CC1
C1CCC(CCCC2CCCC3CCC(C4CCCC5CCCC54)CC3C2)CC1
C1CCC(CCC2CCC(C3CC3)CC2)CC1
C(CCCC1CCCC2C(C3CCCCC3)CCC12)CCC1CCCCC1
C1CCC2CC(CCCC3CCC4C3CCC3C5CCCCC5CCC43)CC2C1
C1CCC(CCCC(CC2CC3CCCCC3C2)C2CC2)CC1
C1CCC2CCC(C3CCCC4CCCC43)CC2CC1
C1CCC(C2CC3CCCC3C3CCC4CCCCCC4C23)CC1
C1CCC(CCCC2(CCC3CCCC3)CCC3C4CCC5CCCCC5C4CCC32)CC1
C1CCC2CC(C3CCCC4CCCC43)CCC2C1
C1CCC(C2CCC3C(CCCCCC4CCC(C5CCCC5)C4)CCCC23)CC1
C1CCCC(CCC2CCC(CCC3CCCCC3)CC2)CC1
C1CCC(C2CCC3C(CCCCCC4CCC(C5CCCC5)C4)CCCC23)CC1
C1CCC2C(C1)CCC1CCCCC12
C1CCC(C2CCC3C(CCC4CCCCC43)C2)CC1
C1CCC(C2CCC3CC4CCCCC4CC32)CC1
C1CCC(C2CCC3CCCC3C3CCC4CCCCC4CC23)CC1
C1CCC(CC23CCCCC2CCC2C(CCC4CCCC42)C3)CC1
C1CCC(CCC2CCC3C(CCC3C3CCCC(CC4CCCC4)C3)C2)CC1
C1CCC(CCC2CCC(CCC3CCCC(CC4CCCC4)C3)CC2)CC1
C1CCC(CCC2CCC3C(CCC3C3CCCCC3)C2)CC1
C1CCC(CCCCCC2CC3CCCCC3C2)CC1
C(CC1CCC(C2CCCC2)CC1)CC1CCC2CCCC2C1
C1CCC(CCCCC2CC3CCCCC3C2)CC1
C1CCC(CC2CCCC(C3CCC4CC(CCC5CCC6CCCCC6C5)CCC43)C2)C1
C1CCC(CCCC2CCC3C(CCC3C3CCCCC3)C2)CC1
C1CCC2CC(C3CCCC4CCCC43)CCC2C1
C1CCC(C2CC3CCCC3C3CCC4CCCCC4C23)CC1
C1CCC2C(C1)CCCC2CCCC1CCCC2CCCCC21
C1CCC(CCCC2(CCC3CCCC3)CCC3C4CCC5CCCCC5C4CCC32)CC1
C1CCC(C2CCCCC2CC2CC3CCCCC3C3CCC4CCCCCC4C23)CC1
C1CCC2CCC(C3CCCC4CCCC43)CC2CC1
C(CCC1CCCC2CCCCC12)CC1CCC2CCCCC2C1
C1CCC(C2CC3CCCC3C3CCC4CCCCC4C23)CC1
C1CCC(CCC2CCC3C(CCC3C3CCCCC3)C2)CC1
C1CCC(CC2CC3CCCCC3C3CCC4CCCCCC4C23)CC1
C1CCC(CCC(CCC2CCC3CCCCC3C2)CC2CCCCC2)CC1
C1CCC(CC2CC3CCCCC3C3CCC4CCCCC4C23)C1
C1CCC(CCCC2CCCC(C3CCC4CC(CCC5CCC6CCCCC6C5)CCC43)C2)CC1
C1CCC(CCCC2CCC3C(CCC4C5CCCC5CCC34)C2)CC1
C(CCCC1CCCC2CCCCC12)CCC1CCC(C2CCCC2)C1
C1CCC(CCC2CCC(CCC3CCCCC3)CC2)CC1
C1CCC(CCC2CCCCC2)CC1
C1CCC(CCC(CCC2CCCCC2)CCC2CCC3CCCC3C2)CC1
C1CCC(C2CCC3CC4(CCCCCC4C4CCCCC4)CCCC32)CC1
C1CCC(CC2CC3CCCCC3CC3CCC4CCCCC4C32)CC1
C1CCC(C2CCC3CCC4C(CCC45CCCCC5)CC32)CC1
C1CCC(C2CCC3CCC4(CCCCCC4C4CCCCC4)CCC32)CC1
C1CCC2C(C1)CCCC1C3CCCC3CCC21
C1CCC2C(C1)CCC1C3CCCC3CCC21
C(CCC1CCCC2CCCC12)CC1CC2CCCCC2C1
C(CCCC1CCCCC1)CCCC1CCC(C2CCCCC2)C1
C(CCCC1CCCC2CCCCC12)CCC1CCC(C2CCCCC2)C1
C1CCC(C2CCC3CCCC3C3CCCC4CCCCC4C23)CC1
C1CCC(C2CCC3C(CCC34CCCC4)C3CCC4CCCCC4C23)CC1
C1CCC(CC2CC3CCCCC3C3CCC4CCCCC4C23)CC1
C1CCC(C2CCC3CC4(CCCCCCC4C4CCCCC4)CCC32)CC1
C1CCC(CCC2CCC(C3CCC4C(CCC4C4CCCCC4)C3)CC2)CC1
C1CCC(C2CC3CCCC3C3CCC4CCCCC4C23)CC1
C1CCC(C2CCC3C(CCCCCC4CCC(C5CCCC5)C4)CCCC23)CC1
C1CCC2CCC3C4CCCCC4CC(CC4CCCC4)C3C2CC1
C(CCC1CCCC2CCCCC12)CC1CCCC2CCCCC12
C1CCC(CCCCCC2CCCC3C(C4CCCCC4)CCC23)CC1
C1CCC(CCC2CCC3C(CCC3C3CCCCC3)C2)CC1
C1CCC(C2(CCCCC3CCC4CCCCC4C3)CCCC3CCCCC32)CC1
C1CCC(CC2CC3CCCCC3C3CCC4CCCCC4C23)CC1
C1CCC(CC2CC3CCCCC3C3CCC4CCCCC4C23)C1
C(CCCCC1CCC(C2CCCCC2)C1)CCCC1CCCCC1
C1CCC(CCC(CC2CC3CCCCC3C2)C2CCCCC2)CC1
C(CCC1CCCC2CCCCC12)CC1CCCC2CCCCC12
C1CCC2CC(CCCC3CCCC4CCCCC43)CC2C1
C1CCC2C(C1)CCCC1C3CCCC3CCC21
C1CCC(CCCCCC2CC3CCCCC3C2)CC1
C1CCC(C2CC3CCCCC3C3CCCCC23)CC1
C1CCC(C2CC3CCCC3C3CCC4CCCCCC4C23)CC1
C1CCC(CCCCCC2CC3CCCCC3C2)CC1
C1CCC(CCCCC2CC3CCCCC3C2)CC1
C(CCCCC1CCC(C2CCCCC2)C1)CCCC1CCCCC1
C1CCC(CCCCC2CC3CCCCC3C2)CC1
C1CCC(CCC2CCC3C(CCC3C3CCCCC3)C2)CC1
C(CCC1CCC2C1CCC1C3CCCCC3CCC21)CC1CC2CCCCC2C1
C1CCC(CCCC2CCC3CCC(C4CCCC5CCCC54)CC3C2)CC1
C1CCC2CCC3C4CCCC4CCC3C2CC1
C1CCC2CCC3C4CCC(CCCC5CC6CCCCC6C5)C4CCC3C2CC1
C1CCC(CCCCCC2CCCC3C(C4CCCCC4)CCC23)CC1
C1CCC(CCC2CCC(CCC3CCCCC3)CC2)CC1
C1CCC(CCCCC2CCC3CCCCC23)CC1
C1CCC(CCCCC2CCC3CCC(C4CCCC5CCCC54)CC3C2)CC1
C1CCC(CCCC2CCC3C2CCCC2C4CCCCC4CCC23)C1
C1CCC2CC(CCCC3CCCC4CCCCC43)CC2C1
C1CCC2CC(C3CCCC4CCCC43)CCC2C1
C1CCC(CCC2CCC3C(CCCC4CCCCC43)C2)CC1
C1CCC(CCCCC2CC3CCCCC3C2)CC1
C1CCC2CCC3C4CCCCC4CCC3C2CC1
C1CCC(CC2CCC3CC4C(CCC45CCC(C4CCCCC4)C5)CC23)CC1
C1CCC2CCC3C4CCCCC4CC(CC4CCCC4)C3C2CC1
C1CCC2CCC3C4CCCCC4CC(CC4CCCC4)C3C2CC1
C1CCC(CCCC2CCC3C(CCC4CCCCC43)C2)CC1
C1CCC(C2CC3CCCC3C3CCC4CCCCCC4C23)CC1
C1CCC2CC(C3CCCC4CCCC43)CCC2C1
C1CCC2C(C1)CCC1C3CCCC3CCC21
C1CCC(C2CCC3CC4C(CCC45CCCCCC5)CC32)CC1
C1CCC(C2CC3CCCCC3C3CCC4CCCCC4C23)CC1
C1CCC2CC(CC3CCCC4CCCC43)CCC2C1
C1CCC(CCC2CCC3C(CCC3C3CCCCC3)C2)CC1
C1CCC(CCCCC2CC3CCCCC3C2)CC1
C1CCC2CCC3C4CCCCC4CC(CC4CCCC4)C3C2CC1
C1CCC(CCCC2CCC3CCCC3C2)CC1
C1CCC(C2CC3CCCC3C3CCC4CCCCCC4C23)CC1
C1CCC(C2CCC3CCCC3C3CCC4CCCCC4C23)CC1
C1CCC(CC2CCC3C(CCC4CCCCC43)C2)CC1
C1CCC(C2CCC(C3CCC4CCCC4C4CCC5CCCCC5C34)CC2)C1
C1CCC(CCC(CCC2CCC3CCCC3C2)CC2CCCCC2)CC1
C(CCC1CCC2CCCCC2C1)CCC1CCCC2CCCCC12
C1CCC(CC2CCCC(CCC3CCC(CCC4CCC(C5CC5)CC4)CC3)C2)C1
C1CCC2CC(CCCC3CCC4C3CCC3C5CCCCC5CCC43)CCC2C1
C1CCC(CCCCC2CC3CCCCC3C2)CC1
C1CCC2CCCC(CC3CC4CCCCC4C4CCC5CCCCC5C34)C2CC1
C(CCC1CC2CCCCC2C1)CCC1CCCC2CCCC12
C1CCC(C2CCC3CC4C(CCCC5C6CCC(CCCC7CC8CCCCC8C7)C6CCC45)CC32)CC1
C1CCC2CCC3C4CCCCC4CC(CC4CCCC5CCCCC54)C3C2CC1
C1CCC(CCC2CCC3C(CC4CCCCC4)CCC3C2)CC1
C1CCC(C2CCC3CC4CCCCC4CCC3C2)CC1
C1CCC(CCCCC2CC3CCCCC3C2)CC1
C1CCC(C2CCC3CCCC3C3CCC4CCCCC4CC23)CC1
C(CCCC1CCCCC1)CCCC1CCC(C2CCCCC2)C1
C1CCC(C2CCC3CC4C(CCC5C6CCC(CCCC7CCC8CCCCC8C7)C6CCC45)CC32)CC1
C1CCC(CCCCC2CC3CCCCC3C2)CC1
C1CCC(CCC2CCC(C3CCC4C(CCC4C4CCCCC4)C3)CC2)CC1
C1CCC(CCCCC2CC3CCCCC3C2)CC1
C1CCC2CC(CCCC3CCC4C3CCC3C5CCCCC5CCCC43)CC2C1
C(CCC1CCCC2CCCC12)CC1CC2CCCCC2C1
C1CCC2C(C1)CCC1C3CCCC3CCC21
C1CCC2C(C1)CCC1C3CCCCC3CCC21
C1CCC(CCC2CCC3C(CC4CCCCC4)CCC3C2)CC1
C1CCC(C2CC3CCCC3C3CCCC4CCCCC4C23)CC1
C1CCC(CCCC(CC2CCC3C(CCC3C3CCCCC3)C2)C2CCCCC2)CC1
C1CCC(C2CC3CCCC3C3CCC4CCCCCC4C23)CC1
C1CCC2CCC3C4CCC(CCCC5CC6CCCCC6C5)C4CCC3C2CC1
C1CCC2CCC3C4CCC(CCCC5CCC6CCCCC6C5)C4CCC3C2CC1
C1CCC(C2CCC3CCCC3C3CCC4CCCCCC4C23)CC1
C1CCC(C2CC3CCCC3C3CCC4CCCCCC4C23)CC1
C1CCC2CC(C3CCCC4CCCC43)CCC2C1
C1CCC(CCCCCC2CCC3CCCCC23)CC1
C1CCC(CC2CC3CCCC3C3CCC4CCCCC4C23)CC1
C1CCC(C2CCC3CCC4C(CCC45CCCC5)CC32)CC1
C1CCC2C(C1)CCCC1C3CCCC3CCC21
C1CCC(CCC2CCC(C3CCC4C(CCC4C4CCCCC4)C3)CC2)CC1
C1CCC(CCCCCC2CC3CCCCC3C2)CC1
C1CCC(CCC2CCC(CC3CC3)CC2)CC1
C1CCC(C2CC3CCCC3C3CCC4CCCCCC4C23)CC1
C1CCC(CC2CCC3CC4C(CCC45CCC(C4CCCCC4)C5)CC23)CC1
C1CCC(C2CCC3CC4C(CCC32)CCC2C3CCC(CCCC5CC6CCCCC6C5)C3CCC42)CC1
C1CCC(CCC2CCC3C(CCC3C3CCCC(CC4CCCC4)C3)C2)CC1
C1CCC(CCCCCC2CC3CCCCC3C2)CC1
C1CCC(C2CC3CCCC3C3CCC4CCCCC4C23)CC1
C1CCC(CC2CCCC(C3CCC4CC(CCC5CCC6CCCCC6C5)CCC43)C2)CC1
C1CCC(C2CC3CCCC3C3CCC4CCCCC4C23)CC1
C1CCC2CCC3C(CCC4C3CCC4(CCCC3CC4CCCCC4C3)CCC3CCCC3)C2CC1
C1CCC(C2CCC3CC4C(CCCCC45CCCC5)CC32)CC1
C1CCC(CC2CC3CCCCC3C3CCC4CCCCCC4C23)CC1
C1CCC(CCC2CCC(C3CC3)CC2)CC1
C1CCC2CCC(C3CCCC4CCCC43)CC2CC1
C1CCC(CC(CC2CCCCC2)C2CCCCC2)CC1
C1CCC(C2CCC3CC4C(CCC5C6CCCC(CCCC7CCC8CCCCC8C7)C6CCC45)CC32)CC1
C(CCC1CCC2CCCCC2C1)CCC1CCCC2CCCCC12
C1CCC(CCC(CCCC2CCC3CCCC3C2)CC2CCCCC2)CC1
C1CCC(CCCCCC2CC3CCCCC3C2)CC1
C1CCC(CCC2CCC3C(CCC3C3CCCCC3)C2)CC1
C1CCC2CCC(C3CCCC4CCCC43)CC2CC1
C1CCC(C2CCC(CCCC3CCC4C5CCC6CCCCC6C(CCC34)C5)C2)CC1
C1CCC(CC2CCC3C(CCC3C3CCCCC3)C2)CC1
C(CCCC1CCCC2C(C3CCCCC3)CCC12)CCC1CCCCC1
C1CCC(CCCCC2CCC3CCCCC23)CC1
C1CCC2C(C1)CCC1C3CCCCC3CCCC21
C1CCC(CC2CC3CCCCC3C3CCCCC23)C1
C1CCC(C2CCC3C(CCCCCC4CCC(C5CCCC5)C4)CCCC23)CC1
C1CCC2CC(CCCC3CCC4C3CCC3C5CCCCC5CCCC43)CC2C1
C(CCCC1CCCC2C(C3CCCCC3)CCC12)CCC1CCCCC1
C1CCC(CCCCC2CC3CCCCC3C2)CC1
C1CCC(CCCCC2CCC3CCCCC23)CC1
C1CCC(CCC2CCC3C(CCC3C3CCCCC3)C2)CC1
C1CCC2CCC(C3CCCC4CCCC43)CC2CC1
C1CCC(C2CC3CCCCC3C3CCCCC23)CC1
C1CCC(CC2CCC(CC3CC4CCCCC4C4CCC5CCCCC5C34)CC2)CC1
C1CCC(C2CCC3CC4(CCCCC4C4CCCCC4)CCCC32)CC1
C1CCC2C(C1)CC(C1CCCC3CCCC31)C1CCCC21
C1CCC(CCC2CCC3C2CCC(C2CCCCC2)C2C4CCCCC4CCC32)CC1
C1CCC(C2CCC3CC4C(CCC5C6CCC(CCCC7CC8CCCCC8C7)C6CCC45)CC32)CC1
C1CCC(CCCCC2CCC3CCCCC23)CC1
C1CCC2CCC(C3CCCC4CCCC43)CC2CC1
C(CCCC1(C2CCCCC2)CCC1)CCC1CCC(C2CCCCC2)C1
C1CCC(CCCCCC2CCCC3C(C4CCCCC4)CCC23)CC1
C1CCC2C(C1)CCC1C3CCCC3CCC21
C1CCC2C(C1)CC(C1CCCC3CCCCC31)C1CCCC21
C1CCC2C(C1)CCC1C3CCCC3CCCC21
C1CCC2CC(C3CCCC4CCCC43)CCC2C1
C1CCC2C(C1)CCC1C2CCC2C3CCCC3CCC21
C1CCC(CCC2CCC3C(CCC3C3CCCCC3)C2)CC1
C(CCCC1CCCC2C1CCC2C1CCCC(CC2CC2)C1)CCC1CCCCC1
C1CCC2CC(CCCC3CCCC4C3CCC3C5CCCCC5CCC43)CC2C1
C1CCC(CCCCC2CCCC3CCCC23)CC1
C1CCC(CCC2(CCCC3CC4CCCCC4C3)CCC3C4CCC5CCCCC5C4CCC32)C1
C1CCC(CC2CCCC(C3CCC4CC(CCC5CCC6CCCCC6C5)CCC43)C2)C1
C1CCC(C2CC3CCCC3C3CCC4CCCCC4C23)CC1
C1CCC2C(C1)CCC1C3CCCC3CCC21
C1CCC2CCC3C(CCC4C5CCCC5CC43)C2CC1
C1CCC(C2CCC3C(CCC4CCCCC43)C2)CC1
C1CCC(CCCCCC2CCCC3C(C4CCCCC4)CCC23)CC1
C1CCC(CCC2CCC3C(CCC3C3CCCCC3)C2)CC1
C1CCC(C2CCC3C(CCC3C3CCCCC3)C2)CC1
C1CCC(CC2CCC(CCCCCC3CCCC4CCCCC34)C2)CC1
C1CCC(CC2CC3CCCCC3C3CCC4CCCCCC4C23)CC1
C1CCC2CCC(C3CCCC4CCCC43)CC2CC1
C1CCC(CCC2CCC(CCC3CCCC(CC4CCCCC4)C3)CC2)CC1
C1CCC2CCC3C4CCCCC4CC(CC4CCCC4)C3C2CC1
C1CCC(CCCCCC2CC3CCCCC3C2)CC1
C1CCC(C2CCC3CC4C(CCC45CCCCC5)CC32)CC1
C(CCC1CCCC2CCCCC12)CC1CCC2CCCCC2C1
C1CCC(C2CC3CCCC3C3CCC4CCCCCC4C23)CC1
C1CCC2CCC3CCCCC3C2CC1
C1CCC(C2CCC3CC4C(CCCC45CCCC5)CC32)CC1
C1CCC(CCC2CCC3C(CCC3C3CCCC(CCC4CCCC4)C3)C2)CC1
C1CCC(C2CC3CCCC3C3CCC4CCCCCC4C23)CC1
C1CCC2C(C1)CCC1C3CCCC3CCC21
C1CCC(CCC2CCC3C(CCC4C5CCCC5CCC34)C2)CC1
C1CCC(CCC2CCCCC3CC4C(CCC4C4CCCCC4)CC23)CC1
C1CCC2CC(CCCC3CCC4C3CCCC3C5CCCCC5CCC34)CC2C1
C(CCCC1CCCC2CCCC12)CCC1CCCCC1
C1CCC2CCC(C3CCCC4CCCC43)CC2CC1
C1CCC(CCC2CCC3C(CCC4CC(C5CCCCC5)CCC43)C2)CC1
C1CCC(C2CC3CCCC3C3CCC4CCCCC4C23)CC1
C(CCC1CCCC2CCCC12)CC1CC2CCCCC2C1
C1CCC2CCC3C4CCCCC4CC(CC4CCCC4)C3C2CC1
C1CCC(CC2CC3CCCCC3C3CCC4CCCCCC4C23)CC1
C1CCC2CC(CC3CCCC4CCCC43)CCC2C1
C1CCC(CCC2CC3CCCC3C3CCC4CCCCC4C23)CC1
C1CCC2CC(C3CCCC4CCCC43)CCC2C1
C1CCC(C2CC3CCCC3C3CCC4CCCCC4CC23)CC1
C(CCCC1CCCC2C(C3CCCCC3)CCC12)CCC1CC1
C1CCC2CC(C3CCCC4CCCC43)CCC2C1
C1CCC(CC2CCC3CCCCC3C3CCC4CCCCC4C23)C1
C1CCC(CCCCCC2CCCC3C(C4CCCCC4)CCC23)CC1
C1CCC2CCC3C4CCCCC4CC(CC4CCCC4)C3C2CC1
C1CCC(C2CC3CCCC3CC3CCC4CCCCC4C32)CC1
C1CCC2CCC3C4CCCC4CCC3C2CC1
C1CCC2C(C1)CC(C1CCCC3CCCC31)C1CCCCC21
C1CCC(CCCC2CCC(C3CC3)CC2)CC1
C1CCC(CC2CC3CCCCC3C3CCC4CCCCCC4C23)CC1
C1CCC(CCC2(CCCCC3CC4CCCCC4C3)CCC3C4CCC5CCCCC5C4CCC32)C1
C1CCC(CCCCC2CC3CCCCC3C2)CC1
C1CCC2CCC3CCCCC3C2CC1
C1CCC(CCCCCC2CC3CCCCC3C2)CC1
C1CCC2CC(C3CCCC4CCCC43)CCC2C1
C1CCC(CC2CC3CCCCC3C3CCC4CCCCC4C23)C1
C(CCCC1CCC2CCCC2C1)CCCC1CCC(C2CCCCC2)C1
C1CCC2C(C1)CCCC1C3CCCC3CCC21
C1CCC(CCCCCC2CCC3CCCCC3C2)CC1
C1CCC(CC(CC2CCCCC2)C2CCCCC2)CC1
C(CCC1CC2CCCCC2C1)CCC1CCCC2CCCC12
C1CCC2CCC3C4CCC(CCCC5CC6CCCCC6C5)C4CCC3C2CC1
C1CCC(C2CCC3CC4C(CCC45CCCCC5)CC32)CC1
C1CCC(CCCCCC2CCCC3C(C4CCCCC4)CCC23)CC1
C1CCC2CC(C3CCCC4CCCC43)CCC2C1
C1CCC(CCCCCC2CC3CCCCC3C2)CC1
C1CCC2CCC(C3CCCC4CCCC43)CC2CC1
C1CCC(C2CCC3CC4C(CCC5C6CCC(CCCC7CC8CCCCC8C7)C6CCCC45)CC32)CC1
C1CCC(CCC2CCC3C(CCC3C3CCCCC3)C2)CC1
C1CCC2CC(C3CCCC4CCCC43)CCC2C1
C1CCC(CCC2CCC(CCC3CCCC(CC4CCCC4)C3)CC2)CC1
C1CCC(C2CC3CCCC3C3CCC4CCCCCC4C23)CC1
C(CCCCC1CCC(C2CCCCC2)C1)CCCC1CCCCC1
C1CCC(CCCCC2CCC3CCCCC23)CC1
C(CCCC1CCCC2C(C3CCCCC3)CCC12)CCC1CCCCC1
C1CCC(C2CC3CCCCC3C3CCCCC3C2)CC1
C1CCC(CCC2CCC3C(CCC3C3CCCC3)C2)CC1
C1CCC2CCC3C(CCC4C5CCCC5CC43)C2CC1
C1CCC2C(C1)CCC1C3CCCC3CCC21
C1CCC(C2CCC3CC4C(CCCCC45CCCC5)CC32)CC1
C1CCC(C2CC3CCCC3C3CCC4CCCCCC4C23)CC1
C1CCC2C(C1)CCC1C3CCCCC3CCC21
C1CCC(CC2CCC3C(CCC3C3CCCCC3)C2)CC1
C1CCC(C2CCC3(CCC4CC5C(CCC5C5CCCCC5)CC43)C2)CC1
C1CCC(C2CCC3CC4CCCCC4CC32)CC1
C1CCC(CC2CCC3CC4C(CCC5C6CCC(CCCC7CC8CCCCC8C7)C6CCC45)CC23)CC1
C(CCC1CCCC2CCCC12)CC1CC2CCCCC2C1
C1CCC(CCCCC2CC3CCCCC3C2)CC1
C1CCC(CCCC2CCC3C2CCCC2C4CC5CCC(C6CCCCC6)C5CC4CCC32)CC1
C1CCC(C2CCC3CC4C(CCC45CCCC5)CC32)CC1
C1CC2CCC3C(CCC4CCC5CC5C43)C2C1
C1CCC(CCCCC2CCC3CCCCC23)CC1
C1CCC(CCCC(CC2CCC3C(CCC3C3CCCCC3)C2)C2CCCCC2)CC1
C(CCCC1(C2CCCCC2)CCC1)CCC1CCC(C2CCCCC2)C1
C(CCC1CCCC2CCCCC12)CC1CCC2CCCCC2C1
C1CCC(CCC2CCC3C(CCCC4CCCCC43)C2)CC1
C1CCC2CC(CC3CCCC4CCCC43)CCC2C1
C1CCC(CCC2CCC3C(CCC3C3CCCCC3)C2)CC1
C1CCC2C(C1)CCC1C3CCCCC3CCCC21
C(CCCC1CCCCC1)CCCC1CCC(C2CCCCC2)C1
C1CCC2C(C1)CCC1C3CCCC3CCC21
C1CCC(CC2CC3CCCCC3C3CCC4CCCCCC4C23)CC1
C1CCC(CCCCC2CC3CCCCC3C2)CC1
C1CCC(C2CCC(CCCCCC3CCCC4CCCCC34)C2)CC1
C1CCC(CCC2CCC3C(CCC3C3CCCCC3)C2)CC1
C1CCC(CCCCC2CC3CCCCC3C2)CC1
C(CCC1CCCCC2CCCCC12)CC1CCC2CCCCC2C1
C1CCC(CCCC2CCCC(CC3CCC4CC(CCC5CCC6CCCCC6C5)CCC43)C2)CC1
C1CCC(CC2CCC3CC4C(CCCC45CCCC5)CC23)CC1
C1CCC(CCCCCC2CCCC3C2CCC3C2CCCC(CC3CCCC3)C2)CC1
C1CCC2C(C1)CCC1C3CCCC3CCC21
C1CCC2CC(C3CCCC4CCCC43)CCC2C1
C1CCC2CC(C3CCCC4CCCC43)CCC2C1
C1CCC(CCCCCC2CCCC3C2CCC3C2CCCC(CC3CC3)C2)CC1
C1CCC(CCCC2CCC3C2CCC2C4CC5CCC(C6CCCCC6)C5CC4CCC32)CC1
C1CCC2CCC(C3CCCC4CCCC43)CC2CC1
C1CCC(CC2CCC3C(CCC3C3CCCCC3)C2)CC1
C1CCC(C2CC3CCCCC3C3CCCCC23)CC1
C(CCCC1CCCC2CCCCC12)CCC1CCC(C2CCCCC2)C1
C1CCC(CCCCC2CC3CCCCC3C2)CC1
C1CCC(CC2CCC3CC4C(CCCC45CCCC5)CC23)CC1
C1CCC(CCCCC2CCC3CCCCC23)CC1
C1CCC(C2CC3CCCCC3C3CCC4CCCCC4C23)CC1
C1CCC(CCCCC2CC3CCCCC3C2)CC1
C1CCC(C2CCC3CC4C(CCC5C6CCCC(CCCC7CC8CCCCC8C7)C6CCC45)CC32)CC1
C1CCC(CCCC2CCC3CCC(C4CCCC5CCCC54)CC3C2)CC1
C1CCC(C2CC3CCCC3C3CCC4CCCCC4C23)CC1
C1CCC(CC2CCC(CCCCCC3CCCC4CCCCC34)C2)CC1
C1CCC(C2CCC3CCCC3C3CCC4CCCCC4C23)CC1
C(CCCC1CCCC2C(C3CCCCC3)CCC12)CCC1CCC(C2CCCC2)C1
C1CCC2CCC3C4CCCCC4CC(CC4CCCC(C5CCCC5)C4)C3C2CC1
C1CCC(C2CCC3CC4C(CCC32)CCC2C3CCCC3CCC42)CC1
C1CCC(CCCC2CCC3CCCC3C2)CC1
C1CCC(C2CC3CCCC3C3CCC4CCCCC4CC23)CC1
C1CCC(C2CCC3CC4C(CCC32)CCC42CCCC2)CC1
C1CCC(CCCC2CCC(C3CCCC4C(C5CCCCC5)CCC34)C2)CC1
C1CCC(CCCCC2CC3CCCCC3C2)CC1
C(CCC1CCCC2CCCCC12)CC1CCCC2CCCCC12
C1CCC2CCC3CCCCC3C2CC1
C1CCC(CCCC2CCC3CCC(C4CCCC5CCCC54)CC3C2)CC1
C(CCCC1CCCCC1)CCC1CCCCC1
C1CCC(CCCCC2CC3CCCCC3C2)CC1
C1CCC(CCC(CCC2CCC3CCCCC3C2)CC2CCCCC2)CC1
C1CCC(CCCCCC2CCCC3C(C4CCCCC4)CCC23)CC1
C1CCC(C2CCC3CC4C(CCC5C6CCC(CCCC7CCC8CCCCC8C7)C6CCCC45)CC32)CC1
C1CCC2CCC3C4CCCC4CCC3C2CC1
C(CCC1CCCC2CCCCC12)CC1CC2CCCCC2C1
C(CCC1CCCC2CCCCC12)CC1CC2CCCCC2C1
C1CCC(CCCCCC2CC3CCCCC3C2)CC1
C1CCC(CCC2CC3CCCC3C3CCC4CCCCCC4C23)CC1
C1CCC(C2CC3CCCC3C3CCC4CCCCC4C23)CC1
C1CCC(C2CCC3CC4C(CCC5C6CCC(CCCC7CCC8CCCCC8C7)C6CCC45)CC32)CC1
C1CCC(CC2CCC3CCCCC3C3CCC4CCCCC4C23)CC1
C1CCC(CCCC2CCC3CCC(C4CCCC5CCCC54)CC3C2)CC1
C1CCC(C2CCC3CC4C(CCCC45CCCC5)CCC32)CC1
C1CCC2C(C1)CCC1C3CCCC3CCC21
C1CCC(CC2CCC3C(CCC3C3CCCCC3)C2)CC1
C1CCC(C2CC3CCCC3C3CCC4CCCCC4C23)CC1
C1CCC(CCCCC2CCC3CCC(C4CCCC5CCCC54)CC3C2)CC1
C1CCC2CC(CC3CCCC4CCCC43)CCC2C1
C1CCC(CCCCC2CCC3CCCCC23)CC1
C1CCC2CCCCC2C(CCCCC2CCCC3CCCCC23)C1
C1CCC2CCC(C3CCCC4CCCC43)CC2CC1
C1CCC(C2CCC3CC4C(CCCCC45CCCC5)CC32)CC1
C1CCC(C2CC3CCCCC3C3CCC(CCCC4CCCC4)CC23)CC1
C1CCC(CCC2CCCC3CC4C(CCC23)CCC4C2CCCCC2)CC1
C1CCC(C2CCC3CC4C(CCC5C6CCCC(CCCC7CCCC8CCCCC87)C6CCC45)CC32)CC1
C1CCC(CCCC2CCC3C2CCC2C4CC5CCC(C6CCCCC6)C5CC4CCC32)CC1
C(CCC1CCCC2CCCCC12)CC1CCC2CCCCC2C1
C(CCC1CCCC2CCCCC12)CC1CC2CCCCC2C1
C1CCC2C(C1)CCC1CCCCC12
C1CCC(CCCCC2CC3CCCCC3C2)CC1
C1CCC(CCCCC2CCCC3CCCC23)CC1
C(CCCC1(C2CCCCC2)CCC1)CCC1CCC(C2CCCCC2)C1
C1CCC(CCC2CCC3C(CCC4C5CCCC5CCC(CCC5CCCCC5)C34)C2)CC1
C1CCC2CC(C3CCCC4CCCC43)CCC2C1
C1CCC(CC2CC3CCCCC3C3CCC4CCCCC4C23)CC1
C1CCC(C2CCC3C(CCC4CCCCC43)C2)CC1
C(CCCC1CCCC2C(C3CCCCC3)CCC12)CCC1CCCCC1
C1CCC(CCCCC2CC3CCCCC3C2)CC1
C1CCC(CCCCC2CC3CCCCC3C2)CC1
C(CCCC1CCCC2C(C3CCCCC3)CCC12)CCC1CCCCC1
C(CCCC1CCCCC1)CCCC1CCC(C2CCCCC2)C1
C(CCCC1CCCC2C(C3CCCCC3)CCC12)CCC1CCCCC1
C1CCC(C2CCC3CCCC3C3CCC4CCCCC4C23)CC1
C1CCC(C2CC3CCCCC3C3CCC4CCCCC4C23)CC1
C1CCC(C2CCC3CCCC4(CCCCC4)C3C2)CC1
C1CCC(CCCCC2CC3CCCCC3C2)CC1
C1CCC(CCCCC2CCC3CCCCC23)CC1
C1CCC(CCC(CCC2CCC3CCCC3C2)CC2CCCCC2)CC1
C1CCC(CCC2CCC3C(CCC3C3CCCCC3)C2)CC1
C1CCC2C(C1)CC(C1CCCC3CCCC31)C1CCCC21
C1CCC(CCC2CCC3C(CCC3C3CCCCC3)C2)CC1
C1CCC(C2CC3CCCC3C3CCC4CCCCC4C3C2)CC1
C1CCC2CC(C3CCCC4CCCC43)CCC2C1
C1CCC(CCCCCC2CCCCC2)CC1
C(CCCCCCC1CCC2C1CCCC1C3CCCCC3CCC12)CCCCCC1CCC(CCC2CCC(CCC3CCCC3)C2)C1
C1CCC(C2CCC3CCCC3C3CCC4CCCCC4C23)CC1
C1CCC(CCCC2CCCC3CCC(C4CCCC5CCCC54)CC3C2)CC1
C1CCC(CCC2CCC3C(CCC3C3CCCCC3)C2)CC1
C1CCC2CCC(C3CCCC4CCCC43)CC2CC1
C1CCC(C2CC3CCCCC3C3CCCCC23)CC1
C1CCC(C2CCC3CC(CC4CCC(CCC5CCCC5)CC4)CCC32)CC1
C1CCC(CCC2CCC(CC3CCC4C(CCC4C4CCCCC4)C3)CC2)CC1
C(CCC1CC2CCCCC2C1)CCC1CCCC2CCCC12
C(CCCC1CCCC2C(C3CCCCC3)CCC12)CCC1CCC(C2CCCC2)C1
C1CCC(C2CCC3CCCC3C3CCC4CCCCC4C23)CC1
C1CCC2C(C1)CCCC1C3CCCC3CCC21
C1CCC(CCCCC2CC3CCCCC3C2)CC1
C1CCC(C2CCC3CC4CCCCC4CC32)CC1
C1CCC(C2CCC3CC4(CCCCCCC4C4CCCCC4)CCC32)CC1
C1CCC(CCCCC2CCC3CCCCC23)CC1
C1CCC(CCC2CCC3C(CCC3C3CCCCC3)C2)CC1
C(CCCC1CCCC2C(C3CCCCC3)CCC12)CCC1CCCCC1
C(CCC1CCC2C(CCC3C4CCCC4CCC23)C1)CC1CCC(C2CC3CCCC3C3CCCC4CCCCC4C23)CC1
C1CCC(CCC2CCC3C(CCC3C3CCCCC3)C2)CC1
C1CCC2C(C1)CCC1CCCCC12
C(CCCC1CCCCC1)CCCC1CCC(C2CCCCC2)C1
C1CCC2C(C1)CCC1C3CCCCC3CCC21
C1CCC(C2CCC3C(CCC4CCCCC43)C2)CC1
C1CCC(C2CC3CCCC3C3CCC4CCCCC4C23)CC1
C1CCC2CCC3C4CCC(CCCC5CC6CCCCC6C5)C4CCC3C2CC1
C1CCC(C2CCC3C(CCC4CCCCC43)C2)CC1
C1CCC2C(C1)CCCC1CCCCC12
C1CCC(CC2CC3CCCCC3C3CCC4CCCCC4C23)C1
C1CCC(CCC2CCC3C(CCC3C3CCCCC3)C2)CC1
C1CCC(CCC2CCC3C(CCC3C3CCCC(CC4CCCC4)C3)C2)CC1
C(CCC1CCC2C1CCC1C3CCCCC3CCC21)CC1CC2CCCCC2C1
C1CCC(C2CCC3CC4C(CCCC45CCCCC5)CC32)CC1
C1CCC(CCC(CCC2CCC3CCCC3C2)CC2CCCCC2)CC1
C(CCC1CCC2CCCCC2C1)CCC1CCCC2CCCCC12
C1CCC2CC(CCCC3CCC4C3CCC3C5CCCCC5CCC43)CC2C1
C1CCC(CCC2CCC3C(CCC3C3CCCCC3)C2)CC1
C1CCC2CCC3CCCCC3C2CC1
C1CCC(C2CCC(CCCCCC3CCCC4CCCCC34)C2)CC1
C1CCC(CCC(CC2CC2)CC2CC3CCCCC3C2)CC1
C1CCC(CCCCC2CCC3CCCCC23)CC1
C1CCC2C(C1)CCCC1C3CCCC3CCC21
C1CCC(C2CCC3CCCC3C3CCC4CCCCC4C23)CC1
C1CCC(CC2CC3CCCCC3C3CCC4CCCCC4C23)CC1
C1CCC(CCCCC2CCC3CCC(C4CCCC5CCCC54)CC3C2)CC1
C1CCC(C2CCC(C3CC4CCCC4C4CCC5CCCCC5C34)CC2)C1
C1CCC(CCCCCC2CCC3CCCCC23)CC1
C1CCC(C2CCC3CC4C(CC5CCC6CCCCC65)CCCC4CC32)CC1
C1CCC(CCCC2CCC3CCCC3C2)CC1
C1CCC(CCC2CCC(C3CC3)CC2)CC1
C1CCC2C(C1)CCC1C3CCCC3CCC21
C1CCC2CCC3CCCCC3C2CC1
C1CCC2CCC3C4CCC(CCCC5CCCC5)C4CCC3C2CC1
C1CCC(CCCC2CCCC3CCC(C4CCCC5CCCC54)CC3C2)CC1
C1CCC(CCCCCC2CCC3CCCC3C2)CC1
C1CCC(CC2CC3CCCCC3C3CCC4CCCCC4C23)C1
C1CCC(C2CCC(CCCCCC3CCCC4CCCCC34)C2)CC1
C(CCC1CCC(C2CCCC2)C1)CCC1CCCC2CCCCC12
C1CCC(CCCCCC2CCC3CCCCC23)CC1
C1CCC2CCC3C4CCCC4CCC3C2CC1
C1CCC2CC(C3CCCC4CCCC43)CCC2C1
C1CCC(CCCCC2CCC3C2CCC2C4CCCCC4CCCC32)CC1
C1CCC(CCCCC2CC3CCCCC3C2)CC1
C1CCC2C(C1)CCC1C2CCC2C3CCCC3CC21
C1CCC(CCCCC2CC3CCCCC3C2)CC1
C1CCC(CCCCCC2CCCC3C(CC4CCCCC4)CCC23)CC1
C1CCC2CCC(C3CCCC4CCCC43)CC2CC1
C1CCC(C2CCC3CCCC3C3CCC4CCCCC4C23)CC1
C1CCC(C2CC3CCCC3C3CCC4CCCCCC4C23)CC1
C1CCC(CCCC2CCCC(C3CCC4CC(CCC5CCC6CCCCC6C5)CCC43)C2)CC1
C1CCC2CC(C3CCCC4CCCC43)CCC2C1
C(CCCC1CCCC2C(C3CCCCC3)CCC12)CCC1CCCCC1
C1CCC(C2CC3CCCC3C3CCCC4CCCCC4C23)CC1
C1CCC2CC(CCCC3CCCC4C3CCC3C5CCCCC5CCC43)CC2C1
C1CCC2CC(CC3CCCC4CCCC43)CCC2C1
C1CCC(CCCCCC2CC3CCCCC3C2)CC1
C1CCC2CCC3C4CCC(CCCC5CC6CCCCC6C5)C4CCC3C2CC1
C1CCC(CCCCCC2CCC3CCCCC3C2)CC1
C(CCC1CCCCC2CCCCC12)CC1CCC2CCCCC2C1
C1CCC2CCC(C3CCCC4CCCC43)CC2CC1
C1CCC2C(C1)CC(C1CCCC3CCCC31)C1CCCC21
C1CCC2C(C1)CCC1C3CCCC3CCCC21
C1CCC(CC2CC3CCCCC3C3CCC4CCCCCC4C23)CC1
C1CCC(CCC2CCC(C3CCC4C(CCC4C4CCCCC4)C3)CC2)CC1
C1CCC(CC2CCC3C(CCC3C3CCCCC3)C2)CC1
C(CCC1CCCC2CCCCC12)CC1CCC2CCCCC2C1
C1CCC2CCC3C(CCC4C3CCC4(CCCC3CCC4CCCCC4C3)CCC3CCCC3)C2CC1
C1CCC(CC2CC3CCCCC3C3CCC4CCCCC4C23)CC1
C1CCC(CCC2CCC3C(CCCC4CC(C5CCCCC5)CCC43)C2)CC1
C1CCC(CC2CCC3CC4CCCCC4CC23)CC1
C1CCC(CCCCCC2CC3CCCCC3C2)CC1
C(CCCCC1CCC(C2CCCCC2)C1)CCCC1CCCCC1
C1CCC(CCCCCC2CCCC3C(C4CCCCC4)CCC23)CC1
C1CCC(C2CC3CCCC3C3CCC4CCCCC4C23)CC1
C1CCC(CCCCC2CC3CCCCC3C2)CC1
C1CCC(C2CCC3CC(C4CCC(CCC5CCCC5)CC4)CCC32)CC1
C(CCC1CCC2C1CCC1C3CCCCC3CCC21)CC1CC2CCCCC2C1
C1CCC(CCC(CCC2CCC3CCCCC3C2)CC2CCCCC2)CC1
C1CCC(CCCCCC2CCCC3C(C4CCCCC4)CCC23)CC1
C1CCC2CCC3C4CCCC4CCC3C2CC1
C(CCCCCCC1CCC2C(CCC3C4CCCCC4CCC23)C1)CCCCCC1CCC(CCC2CCC(CCC3CCCC3)C2)C1
C1CCC(CCCCCC2CCC3CCCC3C2)CC1
C1CCC2CCC3C4CCCCC4CCC3C2CC1
C1CCC(CCCCC2CCC3CCCCC23)CC1
C1CCC(CCCC2(CCC3CCCC3)CCC3C4CCC5CCCCC5C4CCC32)CC1
C1CCC(CCCC2CCC3CCCC3C2)CC1
C1CCC(CCC2CCCC(C3CCC4CC(CCC5CCC6CCCCC6C5)CCC43)C2)C1
C1CCC2CCC3C4CCC(CCCC5CC6CCCCC6C5)C4CCC3C2CC1
C1CCC2C(C1)CC(C1CCCC3CCCC31)C1CCCCC21
C1CCC(C2CCC(CCCC3CCC4C3CCC3C5CCCCC5CCCC43)C2)CC1
C1CCC(C2CCC3CC4C(CCC5C6CCCC6CCC45)CC32)CC1
C1CCC(C2CCC3CC4C(CCC45CCCCC5)CC32)CC1
C1CCC(CCCC2CC3CCCC3C3CCC4CC(CCC5CCCCC5)CCC4C23)CC1
C1CCC2C(C1)CCC1C3CCCC3CCCC21
C1CCC(CCCC2CCCC3CCC(C4CCCC5CCCC54)CC3C2)CC1
C1CCC(CC2CCC3CCCCC3C3CCC4CCCCC4C23)C1
C1CCC(C2CC3CCCC3C3CCC4CCCCCC4C23)CC1
C(CCC1CCCC2CCCCC12)CC1CCCC2CCCCC12
C1CCC(CCC2CCC3C(CCC3C3CCCC(CC4CCCC4)C3)C2)CC1
C1CCC2C(C1)CC(C1CCCC1)C1CCCCC21
C1CCC(CC2CCC3C(CCC3C3CCCCC3)C2)CC1
C1CCC(CCC2CCC(C3CCC4C(CCC4C4CCCCC4)C3)CC2)CC1
C1CCC(C2CC3CCCC3C3CCC4CCCCC4C23)CC1
C(CCC1CCCC2CCCCC12)CC1CCC2CCCCC2C1
C1CCC(CCC2CCC(CC(CC3CCCCC3)C3CCCCC3)CC2)CC1
C1CCC(CCC2CCC3C(CCC3C3CCCCC3)C2)CC1
C1CCC(C2CCC3CC4C(CCC32)CCC2C3CCC(CCCC5CCC6CCCCC6C5)C3CCC42)CC1
C1CCC(CCC2CCCCC2)CC1
C(CCCC1CCCCC1)CCC1CCCCC1
C1CCC(CCCCC2CC3CCCCC3C2)CC1
C1CCC2CCC3C(CCC4C5CCCC5CC43)C2CC1
C1CCC(CCCCCC2CC3CCCCC3C2)CC1
C1CCC2CCC3C4CCCC4CCC3C2CC1
C1CCC(CCCCCC2CC3CCCCC3C2)CC1
C1CCC2CC(C3CCCC4CCCC43)CCC2C1
C1CCC(CCCCCC2CCCC3C(C4CCCCC4)CCC23)CC1
C1CCC(C2CC3CCCC3C3CCCC4CCCCC4C23)CC1
C1CCC2CC(CC3CCCC4CCCC43)CCC2C1
C1CCC(CCCCCC2CCCC3C(C4CCCCC4)CCC23)CC1
C1CCC(C2CC3CCCC3C3CCCC4CCCCC4C23)CC1
C1CCC(CC2CCC3CC4C(CCC45CCCCC5)CC23)CC1
C1CCC(CCC2CCC(C3CCC4C(CCC4C4CCCCC4)C3)CC2)CC1
C1CCC(CCCCC2CC3CCCCC3C2)CC1
C1CCC(CCC(CC2CCCCC2)C2CCCCC2)CC1
C(CCCC1CCCC2C(C3CCCCC3)CCC12)CCC1CCCCC1
C1CCC(C2CCC3C(CCC4CCCCC43)C2)CC1
C1CCC2CCC3C4CCC(CCCC5CC6CCCCC6C5)C4CCC3C2CC1
C(CCCCC1CCC(C2CCCCC2)C1)CCCC1CCCCC1
C1CCC2CCC(C3CCCC4CCCC43)CC2CC1
C1CCC(C2CC3CCCC3C3CCC4CCCCC4C23)CC1
C1CCC(CC2CCC3C(CCC3C3CCCCC3)C2)CC1
C1CCC(CC2CC3CCCCC3C3CCC4CCCCCC4C23)CC1
C1CCC(CCC2CCC3C(CCC4CCCCC43)C2)CC1
C1CCC(CCC2CCC3C(CCC3C3CCCCC3)C2)CC1
C1CCC(CCCCCC2CC3CCCCC3C2)CC1
C1CCC2CC(C3CCCC4CCCC43)CCC2C1
C1CCC(CCCCC2CCC3CCCCC23)CC1
C1CCC(C2CC3CCCC3C3CCC4CCCCC4CC23)CC1
C1CCC(CC2CC3CCCCC3C3CCC4CCCCCC4C23)CC1
C1CCC2CC(C3CCCC3)C3CCCC3C2CC1
C1CCC(CCCCCC2CCCC3C2CCC3C2CCCC(CCC3CCCC3)C2)CC1
C(CCCCC1CCC(C2CCCCC2)C1)CCCC1CCCCC1
C1CCC2CC(C3CCCC4CCCC43)CCC2C1
C1CCC(CCCC2CC3CCCCC3C2CC2CCCCC2)CC1
C1CCC(CC2CC3CCCCC3C3CCC4CCCCCC4C23)CC1
C1CCC(CCCCCC2CCCC3C(C4CCCCC4)CCC23)CC1
C1CCC2CCC3C4CCCC4CCC3C2CC1
C1CCC(C2CCC3CC4C(CCC5C6CCC(CCCC7CCC8CCCCC8C7)C6CCC45)CC32)CC1
C1CCC(CCCCCC2CCCC3C2CCC3C2CCCC(CC3CCCCC3)C2)CC1
C1CCC(C2CCC(CC3CC4CCCCC4C4CCC5CCCCC5C34)CC2)CC1
C1CCC(C2CC3CCCC3C3CCC4CCCCC4C23)CC1
C1CCC(C2CCC(CCCCCC3CCCCC4CCCCC34)C2)CC1
C1CCC(CCCC2CCC(C3CCC4C(CCC4C4CCCCC4)C3)CC2)CC1
C1CCC(CCCCC2CC3CCCCC3C2)CC1
C1CCC(C2CCC3CC4C(CCCCC45CCCC5)CC32)CC1
C1CCC2CC(C3CCCC4CCCC43)CCC2C1
C1CCC2CCC3C4CCCC4CCC3C2CC1
C(CCCC1CCCCC1)CCC1CCCCC1
C1CCC(CCC2CCC3C(CCC3C3CCCC3)C2)CC1
C1CCC(C2CC3CCCCC3C3CCCCC23)CC1
C(CCC1CCCC2CCCCC12)CCC1CCCC2CCCCC12
C1CCC(C2CC3CCCCC3C3CCC4CCCCC4C23)CC1
C1CCC2C(C1)CCCC1C3CCCC3CCC21
C1CCC(CCCCCC2CC3CCCCC3C2)CC1
C1CCC(C2CCC3CCC4C(CCC5C6CCCC6CCC45)CC32)CC1
C(CCCC1CCCC2C(C3CCCCC3)CCC12)CCC1CCC(C2CCCC2)C1
C1CCC(C2CC3CCCCC3C3CCCCC23)CC1
C1CCC2C(C1)CCC1C3CCCCC3CCC21
C1CCC(CCC2CCC(CCC3CCCC(CC4CCCC4)C3)CC2)CC1
C1CCC(C2CC3CCCC3C3CCC4CCCCCC4C23)CC1
C1CCC(CCC2CCC3C(CCC4CCCCC43)C2)CC1
C1CCC2CCC(C3CCCC4CCCC43)CC2CC1
C1CCC2C(C1)CCC1C2CCC2C3CCCC3CC21
C1CCC2CC(C3CCCC4CCCC43)CCC2C1
C1CCC(C2CCC3CC4C(CCCC5CC5)CCCC4CC32)CC1
C1CCC(C2CCC3CC4C(CCCC45CCCCC5)CC32)CC1
C1CCC(CCCCCC2CC3CCCCC3C2)CC1
C1CCC(CCC(CCC2CCC3CCCC3C2)CC2CCCCC2)CC1
C1CCC(CCCCC2CCC3CC4CCC5CCCCC5C4CCC23)CC1
C1CCC(CC2CCC3CCCCC3C3CCC4CCCCC4C23)CC1
C1CCC(CCCC2CCCC3CCC(C4CCCC5CCCC54)CC3C2)CC1
C1CCC(CCCCC2CC3CCCCC3C2)CC1
C1CCC(CCCC2CCC3C(CCC4CC(C5CCCCC5)CCC43)C2)CC1
C1CCC2C(C1)CCC1C3CCCC3CCCC21
C1CCC(CCCCC2CC3CCCCC3C2)CC1
C1CCC(CC2CCC3C(CCC3C3CCCCC3)C2)CC1
C1CCC(CCCCC2CC3CCCCC3C2)CC1
C1CCC(CCC2CCC3C(CCC3C3CCCCC3)C2)CC1
C1CC2CCC3C(CCCC4CCC5CC5C43)C2C1
C1CCC(CCCCCC2CCCC3C(C4CCCCC4)CCC23)CC1
C1CCC2CCC3C4CCCC4CCC3C2CC1
C1CCC(CCCCCC2CC3CCCCC3C2)CC1
C1CCC(CCC2CCC3C(CCC3C3CCCC(CCC4CCCC4)C3)C2)CC1
C1CCC(CC2CC3CCCCC3C3CCC4CCCCCC4C23)CC1
C1CCC(CCC2CCC3C(CCC3C3CCCC(CCC4CCCC4)C3)C2)CC1
C1CCC(C2CC3CCCC3C3CCCC4CCCCC4C23)CC1
C1CCC(CC2CC3CCCCC3C3CCC4CCCCC4C3C2)C1
C(CCC1CCCC2CCCCC12)CC1CCCC2CCCCC12
C1CCC(C2CC3CCCC3C3CCC4CCCCCC4C23)CC1
C1CCC(CCC2CCC3C(CCC3C3CCCCC3)C2)CC1
C1CC2CCC3C(CCC4CCCCC43)CC2C1
C1CCC(CC2CCC3C(CCC3C3CCCCC3)C2)CC1
C1CCC(CCC2CCC3C(CCC3C3CCCCC3)C2)CC1
C1CCC(CC2CCC3C(CCC3C3CCCCC3)C2)CC1
C1CCC(CCCCCC2CCC3CCCCC23)CC1
C1CCC2C(C1)CCC1C3CCCCC3CCC21
C(CCC1CCCC2CCCCC12)CC1CCC2CCCCC2C1
C1CCC(C2CCCCC2CC2CC3CCCCC3C3CCC4CCCCCC4C23)CC1
C1CCC(CC(CC2CCCCC2)C2CCCCC2)CC1
C1CCC(CCCCC2CC3CCCCC3C2)CC1
C(CCCC1CCCCC1)CCCC1CCC(CC2CCCCC2)C1
C1CCC(CC2CC3CCCCC3C3CCC4CCCCC4C23)CC1
C1CCC(CCC2CCC3C(CCC3C3CCCC(CCCC4CCCC4)C3)C2)CC1
C1CCC2CCC3CCCCC3C2CC1
C1CCC(C2CCC3CC4C(CCCC5C6CCCC6CCC45)CC32)CC1
C(CCCC1CCCC2CCCCC12)CCC1CCC(C2CCCCC2)C1
C1CCC2CC(C3CCCC4CCCC43)CCC2C1
C1CCC(CCCCC2CC3CCCCC3C2)CC1
C1CCC(CCCCCC2CC3CCCCC3C2)CC1
C1CCC(CCCC(CCC2CCC3CCCC3C2)CC2CCCCC2)CC1
C1CCC(CCCCC2CCC3CCCCC3C2)CC1
C1CCC2C(C1)CCC1C3CCCC3CCC21
C1CCC2CCC3C4CCCCC4CCC3C2CC1
C(CCCC1CCCC2CCCCC12)CCC1CCC(C2CCCCC2)C1
C1CCC(CCC2(CCCC3CC4CCCCC4C3)CCC3C4CCC5CCCCC5C4CCC32)C1
C1CCC2CCC3C4CCC(CCCC5CC6CCCCC6C5)C4CCC3C2CC1
C1CCC2CC(CC3CCCC4CCCC43)CCC2C1
C1CCC(C2CCC3CCC4CCCCC4C3CC2)C1
C(CCCC1CCCC2C(C3CCCCC3)CCC12)CCC1CCCCC1
C1CCC(C2CC3CCCC3C3CCC4CCCCC4C23)CC1
C1CCC(C2CC3CCCC3CC3CCC4CCCCC4C32)CC1
C1CCC(CCCCC2CCC3CCCCC23)CC1
C1CCC(CCCC2(CCCC3CCC4CCCCC4C3)CCC3C4CCC5CCCCC5C4CCC32)C1
C1CCC(CC2CC3CCCCC3C3CCC4CCCCC4C23)C1
C(CCC1CCCC2CCCC12)CC1CC2CCCCC2C1
C1CCC(C2CC3CCCCC3CC3CCCCC32)CC1
C1CCC(C2CCC3CC4C(CCC5C6CCC(CCCC7CCC8CCCCC8C7)C6CCCC45)CC32)CC1
C1CCC(CCCCC2CCC3CCCCC23)CC1
C1CCC(CCC2CCCC3CC4C(CCC4C4CCCCC4)CC23)CC1
C1CC2CCC3C(CCC4CCCCC43)CC2C1
C(CCC1CCCC2CCCC12)CC1CC2CCCCC2C1
C1CCC(C2CC3CCCC3C3CCC4CCCCC4C23)CC1
C1CCC(C2CCC(CCCCCC3(C4CCCCC4)CCCC3)C2)CC1
C1CCC2CC(CCCC3CCC4C3CCCC3C5CCCCC5CCC34)CC2C1
C1CCC(C2CCC3C(CCCCCC4CC4)CCCC23)CC1
C(CCCCC1CCC(C2CCCCC2)C1)CCCC1CCCCC1
C1CCC(C2CCC3CCCCC3C3CCC4CCCCC4C23)CC1
C1CCC(CCCC2CCCC3CCCCC32)C2CCCCC2C1
C(CCCC1CCCCC1)CCCC1CCC(C2CCCCC2)C1
C1CCC2CC(C3CCCC4CCCC43)CCC2C1
C1CCC(CCC2(CCCC3CCC4CCCCC4C3)CCC3C4CCCC5CCCCC5C4CCC32)C1
C(CCC1CCCC2CCCCC12)CC1CCC2CCCCC2C1
C(CCCC1CCCC2C(C3CCCCC3)CCC12)CCC1CCCCC1
C1CCC2C(C1)CCC1CCCCC12
C1CCC2CCC3C4CCCC4CCC3C2CC1
C1CCC(CCCCC2CC3CCCCC3C2)CC1
C1CCC(CCC2CCC(C3CCC4C(CCC4C4CCCCC4)C3)CC2)CC1
C1CCC(C2CCC3(CCC4CC5C(CCC5C5CCCCC5)CC43)C2)CC1
C(CCCC1CCCCC1)CCCC1CCC(C2CCCCC2)C1
C1CCC(CCCCCC2CCCC3C(C4CCCCC4)CCC23)CC1
C1CCC(CCCCC2CC3CCCCC3C2)CC1
C1CCC2C(C1)CCC1CCCCC12
C1CCC(C2CCC3CC4C(CCCC45CCCCC5)CC32)CC1
C(CCCC1CCCC2C(C3CCCCC3)CCC12)CCC1CCCCC1
C1CCC(C2CCC3CC4C(CCC5C6CCC(CCCC7CC8CCCCC8C7)C6CCC45)CC32)CC1
C1CCC(CCC2CCC3C(CCC3C3CCCCC3)C2)CC1
C1CCC(CCC2CCC(C3CC3)CC2)CC1
C1CCC(C2CC3CCCC3C3CCC4CCCCCC4C23)CC1
C(CCC1CCC2C1CCC1C3CCCCC3CCC21)CC1CC2CCCCC2C1
C1CCC2CCC(C3CCCC4CCCC43)CC2CC1
C1CCC(C2CCC3CCC4CCCCC4C3CC2)CC1
C1CCC(CCC2CCC3C(CCC3C3CCCCC3)C2)CC1
C1CCC(CCCCCC2CCC3C2CCC2C4CCCCC4CCC32)CC1
C1CCC2CC3CCC(C4CCCCC4)C3CC2CC1
C1CCC2C(C1)CCC1CCCCC12
C1CCC(CC(CC2CCCCC2)C2CCCCC2)CC1
C1CCC(CCCCC2CCC3CCCCC23)CC1
C1CCC2CCC3C4CCCCC4CC(CC4CCCC4)C3C2CC1
C1CCC(C2CC3CCCC3C3CCC4CCCCC4C23)CC1
C1CCC(CCCC2CCC(CC3CCC4C(CCC4C4CCCCC4)C3)CC2)CC1
C(CCC1CCCC2CCCCC12)CC1CCC2CCCCC2C1
C1CCC(C2CC3CCCCC3C3CCC4CCCCC4C23)CC1
C1CCC2CCC3C4CCC(CCCC5CC6CCCCC6C5)C4CCC3C2CC1
C1CCC(CCCCCC2CCCC3C(C4CCCCC4)CCC23)CC1
C1CCC2CCC3C4CCCC4CC(C4CCC(CCCCC5CCC6C(CCC7C8CCCC8CCC67)C5)CC4)C3C2CC1
C1CCC2CCC3C4CCC(CCCC5CC6CCCCC6C5)C4CCC3C2CC1
C1CCC2CC(CCCC3CCC4C3CCC3C5CCCCC5CCC43)CC2C1
C1CCC(CCCCCC2CC3CCCCC3C2)CC1
C1CCC(CCCCCC2CC3CCCCC3C2)CC1
C1CCC(CC2CCC(CC(CC3CCCCC3)C3CCCCC3)CC2)CC1
C(CCC1CCCC2CCCCC12)CCC1CCCC2CCCCC12
C1CCC2CCC(C3CCCC4CCCC43)CC2CC1
C1CCC2CCC(C3CCCC4CCCC43)CC2CC1
C1CCC(CCCC23CCCC2CC2C4CCC5CCCCC5C4CCC23)C1
C1CCC(CCC2CCC3C(CCC4C5CCCC5CC(CCC5CCCCC5)C34)C2)CC1
C1CCC(C2CCC3CC4C(CCC5C6CCC(CCCC7CCC8CCCCC8C7)C6CCC45)CC32)CC1
C1CCC2CCC(C3CCCC4CCCC43)CC2CC1
C(CCC1CCCC2CCCCC12)CC1CCCC2CCCCC12
C1CCC2CCC(C3CCCC4CCCC43)CC2CC1
C1CCC(C2CC3CCCC3C3CCC4CCCCC4C23)CC1
C1CCC2CC(CC3CCCC4CCCC43)CCC2C1
C1CCC(C2CCCC3(CCC4CC5C(CCC5C5CCCCC5)CC43)C2)CC1
C1CCC2C(C1)CCC1CCCCC12
C(CCCC1CCCCC1)CCCC1CCC(C2CCCCC2)C1
C1CCC(CCCCC2CC3CCCCC3C2)CC1
C1CCC2CCC3C4CCCC4CCC3C2CC1
C1CCC2CC(CCCC3CCC4C3CCC3C5CCCCC5CCCC43)CCC2C1
C1CCC(CCC2CCC3C(CCC3C3CCCCC3)C2)CC1
C1CCC(C2CC3CCCCC3C3CCC4CCCCC4C23)CC1
C1CCC(CC(CC2CCCCC2)C2CCCCC2)CC1
C1CCC(CCC2(CCCC3CC4CCCCC4C3)CCC3C4CCC5CCCCC5C4CCC32)C1
C1CCC2CC(C3CCCC4CCCC43)CCC2C1
C1CCC(CCC2CCC(CCCC3CCCC(CC4CCCC4)C3)CC2)CC1
C1CCC2CCC(C3CCC4CCCCC43)CC2CC1
C(CCC1CCCC2CCCCC12)CC1CCCC2CCCCC12
C1CCC(C2CCC3(CCCC4CC5C(CCC5C5CCCCC5)CC43)C2)CC1
C1CCC(C2CCC3CC4CCCCC4CC32)CC1
C(CCCC1CCCCC1)CCCC1CCC(CC2CCCCC2)C1
C1CCC(CC(CC2CCCCC2)C2CCCCC2)CC1
C1CCC(CCC2CCC3C(CCC3C3CCCCC3)C2)CC1
C1CCC(CCCC2CCCC3CCC(C4CCCC5CCCC54)CC3C2)CC1
C1CCC(CCC2CCC3C(CCC3C3CCCCC3)C2)CC1
C1CCC(C2CCC(CC3CC4CCCCC4C4CCC5CCCCCC5C34)CC2)CC1
C1CCC2CCC3C4CCCC4CCC3C2CC1
C1CCC(CCCCC2CC3CCCCC3C2C2CCCCC2)CC1
C1CCC2CC(CCCC3CCC4C3CCCC3C5CCCCC5CCC34)CC2C1
C1CCC(CC2CC3CCCCC3C3CCC4CCCCC4C3C2)CC1
C1CCC2CC(C3CCCC4CCCC43)CCC2C1
C1CCC2CC(CCCC3CCCC4C3CCC3C5CCCCC5CCC43)CC2C1
C1CCC(CC2CC3CCCC3C3CCC4CCCCC4C23)CC1
C1CCC(CCCCCC2CCCC3C(C4CCCCC4)CCC23)CC1
C1CCC2CC3CCC4C(CCCC5CC6CCCCC6C5)CCC4C3CCC2C1
C1CCC(CCC(CCC2CCC3CCCC3C2)CC2CCCCC2)CC1
C1CCC(CCC2CCCCC3CC4C(CCC4C4CCCCC4)CC23)CC1
C1CCC(C2CC3CCCC3C3CCC4CCCCC4C23)CC1
C1CCC(C2CC3CCCCC3C3CCCCC23)CC1
C1CCC(CCCC2CCCCC2)CC1
C1CCC(CCCCCC2CCC3CCCCC23)CC1
C1CCC(CCCC2CCC3CCC(C4CCCC5CCCC54)CC3C2)CC1
C1CCC(CCCCC2CCC3CCCCC23)CC1
C1CCC(C2CCC3C(CCC4CCCCC43)C2)CC1
C1CCC2CCC(C3CCCC4CCCC43)CC2CC1
C1CCC2C(C1)CCC1CCCCC12
C1CCC(CCCCC2CC3CCCCC3C2)CC1
C1CCC2C(C1)CCC1C3CCCC3CCC21
C1CCC2C(C1)CCC1CCCCC12
C1CCC2C(C1)CCC1C3CCCC3CCCC21
C1CCC(CCCCC2CCC3CCCCC23)CC1
C1CCC2CC(CC3CCCC4CCCC43)CCC2C1
C1CCC(CCCCCC2CC3CCCCC3C2)CC1
C1CCC(CC2CC3CCCCC3C2C2CCCCC2)CC1
C1CCC(CCCC2CCC3C2CCC2C4CC5CCC(C6CCCCC6)C5CC4CCCC32)CC1
C1CCC2C(C1)CCC1CCCCC12
C(CCCC1CCCC2CCCCC12)CCC1CCC(C2CCCCC2)C1
C1CCC2CC(C3CCCC4CCCC43)CCC2C1
C1CCC(C2CC3CCCC3C3CCC4CCCCC4C23)CC1
C1CCC(CC2CCC3C(CCC4CCCCC43)C2)CC1
C(CCCC1CCCCC1)CCC1CCCCC1
C1CCC2C(C1)CCC1CCCCC12
C1CCC2CCC3C(CCC4C3CCC4(CCCC3CCC4CCCCC4C3)CCC3CCCC3)C2CC1
C1CCC(C2CCC3CC4C(CC5CC6CCCCC6C5)CCCC4CC32)CC1
C(CCC1CCCC2CCCC12)CC1CC2CCCCC2C1
C1CCC2CCC(C3CCCC4CCCC43)CC2CC1
C1CCC(CCC2CCC3C(CCC3C3CCCCC3)C2)CC1
C1CCC(C2CC3CCCC3C3CCCC4CCCCC4C23)CC1
C1CCC2CCC3C(CCC4C3CCC4(CCCC3CC4CCCCC4C3)CCC3CCCC3)C2CC1
C1CCC2CC(C3CCCC4CCCC43)CCC2C1
C1CCC(CCC2CCC3C(CCC4C5CCCC5CCC34)C2)CC1
C1CCC(CC2CCC(CCC(CC3CCCCC3)C3CCCCC3)CC2)CC1
C1CCC(C2CCC3CC4(CCCCCC4C4CCCCC4)CCC32)CC1
C(CCCC1CCCCC1)CCCC1CCC(C2CCCCC2)C1
C1CCC2CC(C3CCCC3)C3CCCC3C2CC1
C1CCC2CCC(C3CCCC4CCCC43)CC2CC1
C1CCC(C2CCC3CCC(C4CCCC4)CC32)CC1
C1CCC(C2CCC3CCC4C(CCC5C6CCC(CCCC7CC8CCCCC8C7)C6CCC45)CC32)CC1
C1CCC(CCCCC2CC3CCCCC3C2)CC1
C1CCC(C2CCC3CC4C(CCC45CCCC5)CC32)CC1
C1CCC(C2CC3CCCC3C3CCCC4CCCCC4C23)CC1
C1CCC2C(C1)CC(C1CCCC3CCCC31)C1CCCCC21
C1CCC(CCCCC2CC3CCCCC3C2)CC1
C1CCC(CCCCCC2CCCC3C2CCC3C2CCC(CCC3CC3)CC2)CC1
C1CCC(CC2CCC3C(CCC4CCCCC43)C2)CC1
C1CCC(C2CC3CCCC3CC3CCC4CCCCC4C32)CC1
C1CCC(CCC2CCC3C(CCC3C3CCCC3)C2)CC1
C1CCC2CCC(C3CCCC3)CC2CC1
C(CCC1CCC2C1CCC1C3CCCCC3CCC21)CC1CC2CCCCC2C1
C(CCCC1CCCC2CCCC12)CCC1CCCCC1
C1CCC(C2CCC3CC4C(CCC32)CCC2C3CCC(CCCC5CCC6CCCCC6C5)C3CCC42)CC1
C1CCC2C(C1)CCCC1CCCCC12
C1CCC(C2CC3CCCC3C3CCC4CCCCC4CC23)CC1
C1CCC(C2CC3CCCC3C3CCC4CCCCCC4C23)CC1
C1CCC2CCC3CCCCC3C2CC1
C1CCC(C2CCC3CC4C(CC5CC6CCCCC6C5)CCCCC4CC32)CC1
C(CCC1CCC2CCCCC2C1)CCC1CCCC2CCCCC12
C1CCC(CCCCCC2CCCC3C(C4CCCCC4)CCC23)CC1
C1CCC(CCC2CCC(CCC3CCCCC3)CC2)CC1
C1CCC(CCC2CCC3C(CCC3C3CCCCC3)C2)CC1
C(CCCCC1CCC(C2CCCCC2)C1)CCCC1CCCCC1
C1CCC2C(C1)CCC1C3CCCC3CCC21
C1CCC2C(C1)CCC1C3CCCC3CCC21
C1CCC2C(C1)CCC1C3CCCCC3CCCC21
C1CCC(CC2CC3CCCC3C3CCC4CCCCC4C23)CC1
C1CCC(CC2CCC(CC(CC3CCCCC3)C3CCCCC3)CC2)CC1
C1CCC(C2CCC3CC4C(CCCC45CCCC5)CC32)CC1
C1CCC(CCCCCC2CC3CCCCC3C2)CC1
C1CCC2CC(CCCC3CCCCC4CCCCC43)CC2C1
C1CCC(CC2CCCC(C3CCC4CC(CCC5CCC6CCCCC6C5)CCC43)C2)C1
C1CCC(CC2CCC3C(CC4CCCCC4)CCC3C2)CC1
C1CCC2C(C1)CCC1CCCCC12
C1CCC2CC(C3CCCC4CCCC43)CCC2C1
C1CCC2CCC3C(CCC4C3CCC4(CCCC3CC4CCCCC4C3)CCC3CCCC3)C2CC1
C1CCC(CC2CCC3CCCCC3C3CCC4CCCCC4C23)CC1
C1CCC2C(C1)CCCC1CCCCC12
C1CCC(CC2CCC3CC4C(CCC5C6CCC(CCCC7CC8CCCCC8C7)C6CCC45)CC23)CC1
C1CCC(CCCCC2CC3CCCCC3C2)CC1
C1CCC(CC2CC3CCCCC3C3CCC4CCCCC4C3C2)CC1
C1CCC(C2CCC(CCCCCC3(CC4CCCC4)CCCC4CCCCC43)C2)CC1
C1CCC2C(C1)CCCC2CCCC1CCCC2C1CCC1C3CCCCC3CCC21
C1CCC(C2CC3CCCC3C3CCC4CCCCC4C23)CC1
C1CCC2CCC(C3CCCC4CCCC43)CC2CC1
C1CCC2CCC(C3CCCC4CCCC43)CC2CC1
C1CCC(CCC(CC2CCC(CC3CCCCC3)CC2)C2CCCCC2)CC1
C1CCC2CCC3C4CCCC4CCC3C2CC1
C1CCC(C2CCC(CCCC3CCC4C3CCC3C5CCCCC5CCCC43)C2)CC1
C1CCC(C2CC3CCCC3C3CCCC4CCCCC4C23)CC1
C1CCC(CCCC2CCCC3CC4C(CCC4C4CCCCC4)CC23)CC1
C1CCC(CCCCCC2CCCC3C(C4CCCCC4)CCC23)CC1
C(CCCC1CCCCC1)CCCC1CCC(C2CCCCC2)C1
C1CCC(C2CC3CCCC3C3CCC4CCCCC4C23)CC1
C1CCC(C2CCC3CCCCC3C3CCC4CCCCC4C23)CC1
C1CCC(CCC(CCC2CCCCC2)CCC2CCC3CCCC3C2)CC1
C1CCC2CCC3C4CCCCC4CC(CC4CCCC4)C3C2CC1
C1CCC(CCCCC2CC3CCCCC3C2)CC1
C1CCC2CCC3C(CCC4C3CCC4(CCCC3CC4CCCCC4C3)CCC3CCCC3)C2CC1
C1CCC(CCCCCC2CCC3CCCCC23)CC1
C1CCC2CC3CCC(C4CCCCC4)C3CC2CC1
C1CCC(CCCCC2CCC3C2CCC2C4CCCCC4CCC32)CC1
C1CCC(CCCCCC2CCCC3C(C4CCCCC4)CCC23)CC1
C1CCC(C2CCC(CCCC3CCC4C3CCC3C5CCCCC5CCCC43)C2)CC1
C1CCC(C2CC3CCCCC3C3CCCCC23)CC1
C1CCC(CC2CC3CCCCC3C3CCC4CCCCC4C23)CC1
C1CCC(CCCC2CC3CCCC3C3CCC4CCCCC4C23)CC1
C(CCC1CCCC2CCCCC12)CC1CCCC2CCCCC12
C1CCC(CC2CCC3CCCCC3C3CCC4CCCCC4C23)CC1
C1CCC(C2CCC3C(CCC4CCCCC43)C2)CC1
C1CCC(CCCCC2CCC3CCCCC23)CC1
C1CCC(C2CCC3CC4C(CCC5C6CCC(CCCC7CC8CCCCC8C7)C6CCCC45)CC32)CC1
C1CCC(CCC2CCC3C(CCC3C3CCCCC3)C2)CC1
C1CCC(CCC2CCC3C(CCC3C3CCCCC3)C2)CC1
C1CCC(CC2CC3CCCCC3C3CCC4CCCCC4C23)C1
C1CCC(CCCCCC2CCCC3C2CCC3C2CCCC(CC3CCCC3)C2)CC1
C(CCCCC1CCC2C(CCC3C4CCCC4CCC23)C1)CCCC1CCCC(CC(CCC2CCC(CC3CCCCC3)CC2)C2CCCCC2)C1
C1CCC(C2CCC3CC4C(CCCC45CC(C4CCCCC4)C(C4CCCCC4)C5)CCC32)CC1
C(CCCC1CCCCC1)CCCC1CCC(C2CCCCC2)C1
C1CCC(CCC2CCC(CCC3CCCCC(CC4CCCC4)C3)CC2)CC1
C1CCC(C2CC3CCCC3C3CCC4CCCCC4C23)CC1
C1CCC(CCC2CCC3C(CCC3C3CCCCC3)C2)CC1
C1CCC(C2CC3CCCCC3C3CCC4CCCCC4C23)CC1
C(CCC1CCCC2CCCC12)CC1CCCC2CCCCC12
C1CCC(CCC2CCC3C(CCC3C3CCCCC3)C2)CC1
C1CCC(CCCCC2CCC3CCCCC23)CC1
C1CCC(CCC(CCC2CCC3CCCC3C2)CC2CCCCC2)CC1
C1CCC2C(C1)CCC1CCCCC12
C1CCC2CCC(C3CCCC4CCCC43)CC2CC1
C1CCC(C2CC3CCCC3C3CCC4CCCCC4CC23)CC1
C1CCC(C2CC3CCCC3C3CCC4CCCCCC4C23)CC1
C1CCC(C2CC3CCCC3C3CCC4CCCCC4C23)CC1
C1CCC(CCCCCC2CC3CCCCC3C2)CC1
C1CCC(CC2CCCC(CCCC3CCC(CCC4CCC(C5CC5)CC4)CC3)C2)C1
C1CCC(CC2CC3CCCCC3C3CCC4CCCCC4C23)CC1
C1CCC(CCC2(CCCCC3CC4CCCCC4C3)CCC3C4CCC5CCCCC5C4CCC32)C1
C1CCC(C2CCC(CCCCCC3CCCC4C(C5CCCCC5)CCC34)C2)CC1
C1CCC(CCCCCC2CCCC3C2CCC3C2CCCC(CC3CCC3)C2)CC1
C1CCC2CC(C3CCCC4CCCC43)CCC2C1
C1CCC(CCC2(CCCC3CC4CCCCC4C3)CCC3C4CCC5CCCCC5C4CCC32)C1
C1CCC(CC2CCC3CC4C(CCC5C6CCCC6CCC45)CC23)CC1
C1CCC(CC2CCCCC(CCC3CCC(CCC4CCC(C5CC5)CC4)CC3)C2)C1
C1CCC(CCCC2CCC3CCCC3C2)CC1
C1CCC(CCCCC2CCC3CCCCC23)CC1
C1CCC2CC(C3CCCC4CCCC43)CCC2C1
C1CCC2CC(C3CCCC4CCCC43)CCC2C1
C1CCC(C2CC3CCCCC3C3CCC4CCCCC4C23)CC1
C(CCCC1CCCCC1)CCCC1CCC(CC2CCCCC2)C1
C1CCC(C2CC3CCCC3C3CCC4CCCCC4C23)CC1
C(CCCC1CCCCC1)CCCC1CCC(C2CCCCC2)C1
C1CCC(CCCCC2CCC3CCCCC23)CC1
C1CCC(CCCCCC2CCC3CCCCC23)CC1
C1CCC(CC2CCC3CCCCC3C3CCC4CCCCC4C23)CC1
C1CCC(CC2CCCC(C3CCC4CC(CCC5CCC6CCCCC6C5)CCC43)C2)C1
C1CCC(C2CC3CCCCC3C3CCCCC3C2)CC1
C1CCC2C(C1)CCC1CCCCC12
C1CCC(CCCCCC2CCCC3C2CCC3C2CCCC(CCC3CCCC3)C2)CC1
C1CCC(CC2CC3CCCCC3C3CCC4CCCCC4C23)CC1
C1CCC(CCC2CCC3C(CCC3C3CCCCC3)C2)CC1
C1CCC(CCCCC2CCCCC3CCC(C4CCCCC4)CC23)CC1
C(CCC1CCCC2CCCCC12)CC1CCCC2CCCCC12
C1CCC2CC3CCC4C(CCCC5CC6CCCCC6C5)CCC4C3CCC2C1
C(CCC1CCCC2CCCCC12)CC1CCC2CCCCC2C1
C1CCC(C2CCC3(CCC4CC5C(CCC5C5CCCCC5)CCC43)C2)CC1
C1CCC(CCC(CCC2CCCCC2)CCC2CCC3CCCC3C2)CC1
C1CCC(C2CCC3CC4C(CCCC45CCCC5)CC32)CC1
C(CCCC1CCCCC1)CCCC1CCC(C2CCCCC2)C1
C(CCC1CCCCC2CCCCC12)CC1CCC2CCCCC2C1
C1CCC(CCCCCC2CC3CCCCC3C2)CC1
C1CCC(C2CCC3CC4C(CCC32)CCC42CCCC2)CC1
C1CCC2C(C1)CC(C1CCCC3CCCC31)C1CCCC21
C1CCC2CC(C3CCCC4CCCC43)CCC2C1
C1CCC(CCC2CCC(CCC3CCCCC3)CC2)CC1
C1CCC2CCC(C3CCCC4CCCC43)CC2CC1
C(CCCC1CCCCC1)CCC1CCCCC1
C1CCC(CCCC2CCC3CCC(C4CCCC5CCCC54)CC3C2)CC1
C1CCC(CC2CCCCC2CC2CC3CCCCC3CC3CCC4CCCCC4C32)CC1
C1CCC(C2CCC3C(CCC3C3CCCCC3)C2)CC1
C1CCC2C(C1)CCC1C3CCCC3CCC21
C1CCC2C(C1)CCCC1C3CCCC3CCC21
C1CCC(CC2CCC3CCCCC3C3CCC4CCCCC4C23)CC1
C1CCC(CCC2CCC3C(CCC3C3CCCCC3)C2)CC1
C1CCC2C(C1)CCC1C3CCCC3CCC21
C1CCC(C2CC3CCCC3C3CCC4CCCCCC4C23)CC1
C1CCC2CCC3C(CCC4C3CCC4(CCCC3CC4CCCCC4C3)CCC3CCCC3)C2CC1
C1CCC(CCCC2CCCC(C3CCC4CC(CCC5CCC6CCCCCC6C5)CCC43)C2)CC1
C1CCC(CCCCCC2CC3CCCCC3C2)CC1
C1CCC(CCCC2CCCC3CCC(C4CCCC5CCCC54)CC3C2)CC1
C1CCC(CCC2CCCCC3CC4C(CCC4C4CCCCC4)CC23)CC1
C1CCC(C2CCC3C(CCC34CCCC4)C3CCC4CCCCC4C23)CC1
C1CCC2C(C1)CCC1C3CCCC3CCC21
C1CCC(CCCCCC2CC3CCCCC3C2)CC1
C1CCC(CCCC(CCC2CCC3CCCC3C2)CC2CCCCC2)CC1
C1CCC2C(C1)CC(C1CCCC3CCCC31)C1CCCC21
C1CCC(CCC2CCC3C(CCC3C3CCCC(CCC4CCCC4)C3)C2)CC1
C1CCC(CCCCCC2CCCC3C(C4CCCCC4)CCC23)CC1
C(CCCC1CCCC2CCCC12)CCC1CCC2CCCCC2C1
C1CCC(C2CCC3CCC4C(CCC45CCCC5)CC32)CC1
C1CCC2CC3CCC4CCCC4C3CCC2C1
C1CCC(CCCC2CCC3C(CCC3C3CCCCC3)C2)CC1
C1CCC(CCC2CCC3C(CCC3C3CCCCC3)C2)CC1
C1CCC(CCCC2CCCC(C3CCC4CC(CCC5CCC6CCCCCC6C5)CCC43)C2)CC1
C1CCC(CC2CCCC(CC3CC4CCCCC4C4CCC5CCCCCC5C34)C2)CC1
C1CCC2CCC3C(CCC4C3CCC4(CCCC3CC4CCCCC4C3)CCC3CCCC3)C2CC1
C1CCC(CCC(CC2CC3CCCCC3C2)C2CCCCC2)CC1
C1CCC(C2CCC3CC4C(CCC5C6CCC(CCCC7CC8CCCCC8C7)C6CCC45)CC32)CC1
C1CCC(C2CCC3CC4C(CCCCC5CC5)CCCC4CC32)CC1
C1CCC(CC2CC3CCCCC3C3CCC4CCCCCC4C23)CC1
C(CCCC1CCCCC1)CCCC1CCC(C2CCCCC2)C1
C1CCC(CCCCC2CC3CCCCC3C2)CC1
C1CCC(C2CCC3CCCC3C3CCCC4CCCCC4C23)CC1
C(CCC1CC2CCCCC2C1)CCC1CCCC2CCCC12
C1CCC(C2CC3CCCC3C3CCC4CCCCC4C23)CC1
C1CCC(CCC2CCC(C3CCC3)CC2)CC1
C1CCC(C2CC3CCCCC3C3CCCCC23)CC1
C1CCC2CCC(C3CCCC4CCCC43)CC2CC1
C1CCC(CCC2CCC3C(CCC3C3CCCCC3)C2)CC1
C1CCC(C2CCC3CC4C(CCC45CCCC5)CC32)CC1
C1CCC(C2CCC3CCCC3C3CCC4CCCCC4C23)CC1
C1CCC(C2CCC3CC4C(CCCC45CCCCC5)CC32)CC1
C(CCC1CCC2C(CCC3C4CCCC4CCC23)C1)CC1CCC(C2CC3CCCC3C3CCC4CCCCC4C23)CC1
C1CCC(CCCCC2CCC3CCCCC23)CC1
C1CCC(CCCCC2CCC3CCCCC23)CC1
C1CCC(CCCCC2CC3CCCCC3C2)CC1
C1CCC(C2CCC3CCCC3C3CCC4CCCCC4C23)CC1
C1CCC2CCC(C3CCCC4CCCC43)CC2CC1
C1CCC(C2CCC3CCCC3C3CCC4CCCCC4C23)CC1
C(CCCC1CCCC2C(C3CCCCC3)CCC12)CCC1CCCCC1
C1CCC(CCCCCC2CCCC3C(C4CCCCC4)CCC23)CC1
C1CCC(CCCC2CCC3CCC(C4CCCC5CCCC54)CC3C2)CC1
C1CCC(C2CC3CCCC3CC3CCC4CCCCC4C32)CC1
C1CCC(CCC2CCC(CCC3CCCC(CC4CCCC4)CC3)CC2)CC1
C1CCC(CCC2CCC3C(CCC3C3CCCCC3)C2)CC1
C1CCC2CCC(C3CCCC4CCCC43)CC2CC1
C1CCC(CC2CCC3C(CCC3C3CCCCC3)C2)CC1
C1CCC(CCCC2CCC3C(CCC4C5CCCC5CCC34)C2)CC1
C1CCC(CC2CCC3CC4(CCCCCC4C4CCCCC4)CCC23)CC1
C1CCC(C2CC3C(CCC4CC4)CCC3CC3CCC4CCCCC4C32)CC1
C(CCCC1CCCC2C(C3CCCCC3)CCC12)CCC1CCCCC1
C1CCC(CCCCCC2CC3CCCCC3C2)CC1
C1CCC2CC(CC3CCCC4CCCC43)CCC2C1
C1CCC(CCCCCC2CCCCC2)CC1
C1CCC(CCC2(CCCC3CCC4CCCCC4C3)CCC3C4CCC5CCCCC5C4CCC32)C1
C1CCC(CC2CCC(CC(CC3CCCCC3)C3CCCCC3)CC2)CC1
C1CCC2CCC3C4CCCC4CCC3C2CC1
C1CCC2C(C1)CCCC1C3CCCC3CCC21
C(CCC1CCCC2CCCCC12)CC1CC2CCCCC2C1
C1CCC(C2CC3CCCCC3C3CCC4CCCCC4C23)CC1
C1CCC(C2CCC3C(CCCCCC4CCC(C5CCCC5)C4)CCCC23)CC1
C1CCC(C2CCC3CC4C(CCC5C6CCC(CCCC7CC8CCCCC8C7)C6CCC45)CC32)CC1
C1CCC(CCCCCC2CCC3CCCCC23)CC1
C(CCC1CCCC2CCCCC12)CC1CCC2CCCCC2C1
C(CCC1CCCC2CCCC12)CC1CC2CCCCC2C1
C1CCC(C2CCC3(CC2)CCC2CC4C(CCC4C4CCCCC4)CC23)CC1
C1CCC(C2CCC3CCCCC3C3CCCCC23)CC1
C1CCC2CC(CC3CCCC4CCCC43)CCC2C1
C1CCC(CCC2CCCCC2)CC1
C1CCC(C2CCC3CC4C(CCCC5C6CCC(CCCC7CCC8CCCCC8C7)C6CCC45)CC32)CC1
C1CCC2C(C1)CCC1CCCCC12
C1CCC(CCC2CCC3C(CCC3C3CCCCC3)C2)CC1
C1CCC(C2CC3CCCC3C3CCCC4CCCCC4C23)CC1
C1CCC(C2CCC(CCCCCC3CCCC4CCCCC34)C2)CC1
C1CCC(CCCCC2CC3CCCCC3C2)CC1
C1CCC2CCC(C3CCCC4CCCC43)CC2CC1
C(CCCC1CCCCC1)CCCC1CCC(C2CCCCC2)C1
C1CCC2CC(CC3CCCC4CCCC43)CCC2C1
C1CCC(CCCC(CCC2CCCCC2)CCC2CCC3CCCC3C2)CC1
C1CCC2CCC3C4CCC(CCCC5CC6CCCCC6C5)C4CCC3C2CC1
C1CCC2CC(C3CCCC4CCCC43)CCC2C1
C1CCC(CCCCC2CC3CCCCC3C2)CC1
C1CCC2C(C1)CCC1C3CCCC3CCC21
C1CCC2CCC3C4CCCC4CCC3C2CC1
C1CCC2CC(C3CCCC4CCCC43)CCC2C1
C1CCC(CCCC2CCCC3C2CCC2C4CC5CCC(C6CCCCC6)C5CC4CCC32)CC1
C(CCC1CCCCC2CCCCC12)CC1CCC2CCCCC2C1
C1CCC(CCC(CC2CC3CCCCC3C2)C2CC2)CC1
C(CCC1CCC2CCCCC2C1)CCC1CCCC2CCCCC12
C1CCC(CCC2CCC(C3CCC4C(CC5CCCCC5)CCC4C3)CC2)CC1
C1CCC2CC(CCCC3CCC4C3CCC3C5CCCCC5CCCC43)CC2C1
C1CCC(C2CC3CCCC3C3CCC4CCCCCC4C23)CC1
C1CCC2C(C1)CCC1C3CCCCC3CCC21
C1CCC(C2CC3CCCC3C3CCC4CCCCCC4C23)CC1
C1CCC2CC(C3CCCC4CCCC43)CCC2C1
C1CCC(C2CC3CCCC3C3CCC4CCCCC4C23)CC1
C1CCC2C(C1)CCC1C3CCCC3CCC21
C1CCC(C2CCC3CC4C(CCC5C6CCC(CCCCC7CC8CCCCC8C7)C6CCC45)CC32)CC1
C1CCC2C(C1)CCCC1CCCCC12
C1CC2CCC3C(CCCC4CCC5CC5C43)C2C1
C(CCCC1CCCC2C(C3CCCCC3)CCC12)CCC1CCCCC1
C1CCC(CC2CC3CCCCC3C3CCC4CCCCC4C23)C1
C1CCC(CCC2CCC3C(CCC4CCCCCC43)C2)CC1
C1CCC(C2CCC3CC4C(CCC45CCCCC5)CC32)CC1
C1CCC2C(C1)CCC1C3CCCC3CCCC21
C1CCC2C(C1)CCC1C3CCCC3CCC21
C1CCC(CCCCC2CC3CCCCC3C2)CC1
C1CCC(CCCCCC2CC3CCCCC3C2)CC1
C1CCC(C2CCC3CCCC3C3CCC4CCCCC4C23)CC1
C1CCC(CCCC2CCC3CCC(C4CCCC5CCCC54)CC3C2)CC1
C1CCC(CC2CCC3C(CCC3C3CCCCC3)C2)CC1
C1CCC(CCC2CCCC3C2CCC(C2CCCCC2)C2C4CCCCC4CCC32)CC1
C1CCC(CCC2(CCCC3CC4CCCCC4C3)CCC3C4CCC5CCCCC5C4CCC32)C1
C1CCC(CCC(CCC2CCC3CCCCC3C2)CC2CCCCC2)CC1
C1CCC(CCC2CCC3C(CCC3C3CCCCC3)C2)CC1
C1CCC(CC2CCC(CCCC3CCC4C3CCC3C5CCCCC5CCC43)C2)CC1
C(CCC1CCCC2CCCC12)CC1CC2CCCCC2C1
C1CCC(CCCCCC2CCCC3C(C4CCCCC4)CCC23)CC1
C1CCC2C(C1)CCC1CC3CC4CCCC4C3CCC12
C1CCC(C2CC3CCCC3C3CCC4CCCCC4C23)CC1
C1CCC(C2CCC3C(CCC4CCCCC43)C2)CC1
C1CCC(CC2CCC3CCCC3C3CCC4CCCCC4C23)CC1
C1CCC(CCC2CCC3C(CCC3C3CCCC3)C2)CC1
C1CCC(CCCCCC2CCC3CCCCC23)CC1
C1CCC2CCC3C4CCC(CCCC5CC6CCCCC6C5)C4CCC3C2CC1
C(CCC1CCCC2CCCCC12)CC1CCC2CCCCC2C1
C1CCC(CCCC2(CCC3CCCC3)CCC3C4CCC5CCCCCC5C4CCC32)CC1
C(CCCC1CCCCC1)CCCC1CCC(CC2CCCCC2)C1
C1CCC(CCCCC2CCC3CCC(C4CCCC5CCCC54)CC3C2)CC1
C1CCC(C2CCC3CC4C(CCCC45CCCCC5)CC32)CC1
C1CCC(CC2CCC3CC4C(CCC5C6CCC(CCCC7CC8CCCCC8C7)C6CCC45)CC23)CC1
C1CCC(CCCCC2CC3CCCCC3C2)CC1
C1CCC2CCC(C3CCCC4CCCC43)CC2CC1
C1CCC(CC2CCC3C(CCC3C3CCCCC3)C2)CC1
C1CCC(C2CC3CCCC3C3CCC4CCCCC4CC23)CC1
C1CCC2CCC3C4CCCC4CCC3C2CC1
C1CCC2CCC(C3CCCC4CCCC43)CC2CC1
C1CCC2CCC3C4CCCC4CCC3C2CC1
C1CCC2C(C1)CCC1C3CCCC3CCC21
C1CCC(CCC2(CCCCC3CC4CCCCC4C3)CCC3C4CCC5CCCCC5C4CCC32)C1
C1CCC2CCC3C4CCCC4CCC3C2CC1
C1CCC2C(C1)CCC1C3CCCC3CCCC21
C1CCC(C2CC3CCCC3C3CCC4CCCCC4C23)CC1
C(CCC1(C2CCCC2)CCCC2CCCCC21)CC1CCC2CCCCC2C1
C1CCC2CCC3C(CCC4C5CCCC5CC43)C2CC1
C1CCC(CCC2CCCCC2CC2CC3CCCCC3C3CCC4CCCCC4C23)CC1
C1CCC(CCCCC2CC3CCCCC3C2)CC1
C(CCCC1CCCCC1)CCCC1CCC(CC2CCCCC2)C1
C(CCCC1CCCC2C(C3CCCCC3)CCC12)CCC1CCCCC1
C(CCCC1CCCC2C(C3CCCCC3)CCC12)CCC1CCCCC1
C1CCC2CC(C3CCCC4CCCC43)CCC2C1
C1CCC(CCCCC2CCC3CCC(C4CCCC5CCCC54)CC3C2)CC1
C1CCC(CCCCC2CCC3C2CCC2C4CCCCC4CCC32)CC1
C1CCC2C(C1)CCC1CCCCC12
C1CCC(C2CC3CCCC3C3CCC4CCCCCC4C23)CC1
C1CCC(CC2CCC3CC4C(CC5CC6CCCCC6C5)CCCC4CC23)CC1
C1CCC(CCC2CCC3C2CCC2C4CCCCC4CCC32)C1
C1CCC(CCCC2CCC3C2CCC2C4CCCCC4CCC32)C1
C(CCCC1CCCCC1)CCCC1CCC(C2CCCCC2)C1
C1CCC(CCC(CC2CC3CCCCC3C2)C2CCCCC2)CC1
C1CCC(CC(CC2CCCCC2)C2CCCCC2)CC1
C1CCC2CCC(C3CCCC4CCCC43)CC2CC1
C1CCC(CCC2CCC3C(CCC3C3CCCCC3)C2)CC1
C1CCC(C2CCC3CC4C(CCCC5C6CCC(CCCC7CC8CCCCC8C7)C6CCC45)CC32)CC1
C1CCC(CCC2CCC(C3CC3)CC2)CC1
C(CCC1CCCC2CCCC12)CC1CC2CCCCC2C1
C1CCC(CCC2CCC3C(CCC3C3CCCCC3)C2)CC1
C(CCCC1CCCCC1)CCCC1CCC(C2CCCCC2)C1
C1CCC(C2CCC3CC4CCCCC4CCC32)CC1
C1CCC(CCC2CCC(C3CCC4C(CCC4C4CCCCC4)C3)CC2)CC1
C(CCC1CCC2C1CCC1C3CCCCC3CCC21)CC1CC2CCCCC2C1
C(CCCC1CCCC2C1CCC2C1CCCC(CC2CC2)C1)CCC1CCCCC1
C1CCC2C(C1)CCC1C3CCCC3CCC21
C1CCC2C(C1)CCC1C3CCCC3CCC21
C1CCC(C2CCC3CC(CC4CCC(CCC5CCCC5)CC4)CCC32)CC1
C1CCC(C2CCC3C(CCC34CCCC4)C3CCC4CCCCCC4C23)CC1
C1CCC2CC(CC3CCCC4CCCC43)CCC2C1
C1CCC(CC2CCC3CCCCC3C3CCC4CCCCC4C23)CC1
C1CCC(C2CC3CCCC3C3CCC4CCCCC4C23)CC1
C(CCCC1CCCC2C(C3CCCCC3)CCC12)CCC1CCCCC1
C(CCC1CCCC2CCCC12)CC1CC2CCCCC2C1
C1CCC2CCC3C4CCCC4CCC3C2CC1
C1CCC(CCC2CCC3C(CCC4C5CCCC5CC(CCC5CCCCC5)C34)C2)CC1
C1CCC(CCCCCC2CCCCC2)CC1
C1CCC2CC(CCCC3CCC4C3CCCC3C5CCCCC5CCC34)CCC2C1
C1CCC(CCCCCC2CCC3CCCCC23)CC1
C1CCC(CCCC23CCCC2CC2C4CCCC5CCCCC5C4CCC23)C1
C1CCC(C2CCC(CCCCCC3CCCC4C(C5CCCCC5)CCC34)C2)CC1
C1CCC(CCC2CCC(C3CC3)CC2)CC1
C1CCC(CC2CCC3CC4(CCCCCC4C4CCCCC4)CCC23)CC1
C1CCC(CCCC(CC2CCC3C(CC4CCCCC4)CCC3C2)C2CCCCC2)CC1
C1CCC(CCC2CCC3C(CCC3C3CCCC(CCC4CCCC4)C3)C2)CC1
C(CCCC1CCCCC1)CCCC1CCC(C2CCCCC2)C1
C1CCC(CCCCCC2CC3CCCCC3C2)CC1
C1CCC(CCCCCC2CCCC3C(CC4CCCCC4)CCC23)CC1
C1CCC(C2CCC3C(CCC4CCCCC43)C2)CC1
C1CCC(CCCCC2CCC3CCC(C4CCCC5CCCC54)CC3C2)CC1
C1CCC2C(C1)CCC1C3CCCC3CCC21
C1CCC(CCC2CCC(C3CC3)CC2)CC1
C1CCC2CCC3C4CCC(CCCC5CC6CCCCC6C5)C4CCC3C2CC1
C1CCC(C2CCC3CC4C(CCC45CCCC5)CC32)CC1
C1CCC(C2CCC3C(CCC4CCCCC43)C2)CC1
C(CCC1CCCC2CCCCC12)CCC1CCCC2CCCCC12
C(CCCC1CCCC2C(C3CCCCC3)CCC12)CCC1CCCCC1
C1CCC(CCCCC2CC3CCCCC3C2)CC1
C1CCC(CCCCC2CC3CCCCC3C2)CC1
C1CCC(C2CC3CCCC3C3CCC4CCCCC4C23)CC1
C1CCC(CC2CC3CCCCC3C3CCC4CCCCCC4C23)CC1
C1CCC(CCCCCC2CC3CCCCC3C2)CC1
C1CCC(CCCCC2CC3CCCCC3C2)CC1
C1CCC(C2CC3CCCC3C3CCC4CCCCC4C23)CC1
C1CCC(C2CCC3CC4C(CCC32)CCC42CCCC2)CC1
C1CCC(CCC(CCC2CCC3CCCC3C2)CC2CCCCC2)CC1
C1CCC(C2CC3C(CCC34CCCC4)C3CCC4CCCCC4C23)CC1
C1CCC(CC2CCC3CC4C(CCC5C6CCCC6CCC45)CC23)CC1
C1CCC(C2CCC3CCC4C(CCC5C6CCC(CCCC7CCC8CCCCC8C7)C6CCC45)CC32)CC1
C1CCC(CCC2CCC3C(CC4CCCCC4)CCC3C2)CC1
C1CCC(CCCCC2CCC3C2CCC2C4CCCCC4CCC32)CC1
C1CCC(C2CCC3CCC4CCCCC4CC32)CC1
C1CCC(CCCCCC2CC3CCCCC3C2)CC1
C1CCC(CCCCCC2CCC3C(CC4CCCCC4)CCC3C2)CC1
C1CCC(C2CCC3CC4C(CCC5C6CCC(CCCCC7CCCC8CCCCC78)C6CCC45)CC32)CC1
C1CCC2CC(CCCC3CCC4C3CCC3C5CCCCC5CCC43)CC2C1
C1CCC(CCCCCC2CC3CCCCC3C2)CC1
C1CCC(C2CCC3CC4C(CCC45CCCC5)CC32)CC1
C1CCC(C2CCC3CC4C(CCCC45CCCC5)CC32)CC1
C1CCC(CCC2CCC3C(CCC4CCCCC43)C2)CC1
C1CCC(CCCCC2CC3CCCCC3C2)CC1
C1CCC2CC(C3CCCC4CCCC43)CCC2C1
C1CCC(CCCCC2CC3CCCCC3C2)CC1
C1CCC(CCCCC2CCC3CCC(C4CCCC5CCCC54)CC3C2)CC1
C1CCC(CCC2CCC3C(CCC3C3CCCCC3)C2)CC1
C(CCC1CCCC2CCCCC12)CC1CCCC2CCCCC12
C1CCC(CCCCCC2CC3CCCCC3C2)CC1
C1CCC(C2CC3CCCC3C3CCC4CCCCCC4C23)CC1
C1CCC(CCCCCC2CCCC3C(C4CCCCC4)CCC23)CC1
C(CCC1CCC2C1CCC1C3CCCCC3CCC21)CC1CC2CCCCC2C1
C1CCC(CCCCC2CC3CCCCC3C2)CC1
C1CCC(C2CCC3C(CCCC4CCCCC43)C2)CC1
C1CCC(C2CC3CCCC3C3CCC4CCCCC4C23)CC1
C1CCC(CCCCC2CC3CCCCC3C2)CC1
C1CCC(C2CCC3CC4(CCCCCC4C4CCCCC4)CCC32)CC1
C1CCC(CCCC2CCC3C(CCC3C3CCCCC3)C2)CC1
C1CCC2CCC(C3CCCC4CCCC43)CC2CC1
C1CCC(CCCCC2CC3CCCCC3C2)CC1
C(CCCCC1CCC(C2CCCCC2)C1)CCCC1CCCCC1
C1CCC2C(C1)CCC1C3CCCC3CCC21
C1CCC2C(C1)CCC1C3CCCCC3CCCC21
C1CCC(CCCCCC2CCCC3C(C4CCCCC4)CCC23)CC1
C(CCCCC1CCC(C2CCCCC2)C1)CCCC1CCCCC1
C1CCC(CCC2CCC3C(CCC4CCCCC43)C2)CC1
C1CCC(CCCCC2CC3CCCCC3C2)CC1
C1CCC(C2CCC3CC4C(CCC5C6CCC(CCCCC7CCC8CCCCC8C7)C6CCC45)CC32)CC1
C1CCC(CCC2CCC3C(CCC3C3CCCC(CC4CCCC4)C3)C2)CC1
C1CCC(C2CCC3CC4C(CCCC45CCCCC5)CC32)CC1
C1CCC(C2CCC3CC4C(CCCC5C6CCC(CCCC7CC8CCCCC8C7)C6CCC45)CC32)CC1
C1CCC2CCC3C4CCCC4CC(C4CCC(CCCCC5CCC6C(CCC7C8CCCC8CCC67)C5)CC4)C3C2CC1
C1CCC(CCC2CCC3C(CCC3C3CCCCC3)C2)CC1
C1CCC(CC2CC3CCCCC3C3CCC4CCCCC4C23)C1
C1CCC(CCCC2CCC3C(CCC3C3CCCCC3)C2)CC1
C1CCC2C(C1)CCC1C3CCCC3CCC21
C1CCC2CC(C3CCCC3)C3CCCC3C2CC1
C(CCCCCCC1CCC(CCC2CCC(CCC3CCCC3)C2)C1)CCCCCCC1CCC2C1CCC1C3CCCCC3CCC21
C1CCC2C(C1)CCC1C3CCCC3CCC21
C1CCC2CC(C3CCCC4CCCC43)CCC2C1
C1CCC(CCCCCC2CCCC3C(CC4CCCCC4)CCC23)CC1
C1CCC(C2CC3CCCC3C3CCC4CCCCCC4C23)CC1
C1CCC(CCCCC2CC3CCCCC3C2)CC1
C1CCC(CCCCCC2CCC3CCCCC23)CC1
C1CCC(CCCC2CCC3CCC(C4CCCC5CCCC54)CC3C2)CC1
C1CCC(CCC(CCC2CCCCC2)CCC2CCC3CCCC3C2)CC1
C1CCC(CCCCCC2CCCC3C(C4CCCCC4)CCC23)CC1
C1CCC(CCCCCC2CC3CCCCC3C2)CC1
C1CCC(CCCCC2CC3CCCCC3C2)CC1
C1CCC(CCC(CC2CC3CCCCC3C2)C2CC2)CC1
C(CCC1CC2CCCCC2C1)CCC1CCCC2CCCC12
C(CCCC1CCCCC1)CCCC1CCC(C2CCCCC2)C1
C1CCC(C2CCC3CC4C(CCC32)CCC42CCCC2)CC1
C(CCC1CC2CCCCC2C1)CCC1CCCC2CCCC12
C1CCC2CCC3C4CCCC4CCC3C2CC1
C1CCC(C2CCC3C(CCCCCC4CC4)CCCC23)CC1
C1CCC(CCC2CCC3C(CCC3C3CCCCC3)C2)CC1
C1CCC(CCC2CCC(CCCC3CCCC(CC4CCCC4)C3)CC2)CC1
C1CCC(C2CCCC3CCCC3C3CCC4CCCCC4C23)CC1
C1CCC(C2CCC3C(CCCC4CCCCC43)C2)CC1
C1CCC(CCCCCC2CC3CCCCC3C2)CC1
C1CCC(CCCC2CCC(C3CC3)CC2)CC1
C1CCC(C2CCC3CCC(C4CCCC4)CC32)CC1
C1CCC(CC2CC3CCCCC3C3CCC4CCCCC4C23)CC1
C1CCC(CCCCCC2CCC3CCCCC23)CC1
C1CCC(C2CCC3CC4(CCCCCC4C4CCCCC4)CCCC32)CC1
C1CCC2CC(C3CCCC4CCCC43)CCC2C1
C1CCC(CCC2CCC3C(CCC3C3CCCCC3)C2)CC1
C1CCC2CCC(C3CCCC4CCCC43)CC2CC1
C(CCCC1CCCCC1)CCCC1CCC(C2CCCCC2)C1
C1CCC2C(C1)CCC1C2CCC2C3CCCC3CC21
C1CCC2CCC3C4CCCCC4CC(CC4CCCC4)C3C2CC1
C1CCC(CCCCCC2CCC3CCCCC23)CC1
C1CCC(CCC2CCC3C(CC4CCCCC4)CCC3C2)CC1
C1CCC(CCCCCC2CC3CCCCC3C2)CC1
C1CCC2CCC(C3CCCC4CCCC43)CC2CC1
C1CCC(CCCCC2CCC3CCCCC23)CC1
C1CCC(CCCC2CCC3C2CCCC2C4CC5CCC(C6CCCCC6)C5CC4CCC32)CC1
C(CCC1CCCC2CCCCC12)CC1CCC2CCCCC2C1
C1CCC(C2CCC3CC4C(CCCCC45CC(C4CCCCC4)C(C4CCCCC4)C5)CC32)CC1
C1CCC2CC(CC3CCCC4CCCC43)CCC2C1
C1CCC(CC2CC3CCCCC3C3CCC4CCCCCC4C23)CC1
C1CCC2CCC3C(CCC4C3CCC4(CCCC3CCC4CCCCC4C3)CCC3CCCC3)C2CC1
C1CCC2CC(C3CCCC4CCCC43)CCC2C1
C1CCC(CCC2CCC3C(CCC4C5CCCC5CCC34)C2)CC1
C1CCC(C2CC3C(CCC4CC4)CCC3C3CCC4CCCCCC4C23)CC1
C1CCC2C(C1)CC(C1CCCC1)C1CCCCC21
C1CCC2CC(C3CCCC4CCCC43)CCC2C1
C1CCC(CC2CC3CCCCC3C3CCC4CCCCC4C23)CC1
C1CCC2CC(CCCC3CCCC4C3CCC3C5CCCCC5CCC43)CC2C1
C1CCC(CC2CC3CCCCC3C3CCC4CCCCCC4C23)CC1
C1CCC(C2CCC3CC4C(CCC32)CCC2C3CCCC3CCC42)CC1
C1CCC2C(C1)CCCC1C3CCCC3CCC21
C1CCC(C2CC3CCCC3C3CCC4CCCCC4C23)CC1
C1CCC2CC(CCCC3CCC4C3CCC3C5CCCCC5CCC43)CC2C1
C1CCC(CC2CCCCC2CC2CC3CCCCC3C3CCC4CCCCC4C23)CC1
C1CCC2CCC(C3CCCC4CCCC43)CC2CC1
C1CCC(CCCC2CCCC3CCC(C4CCCC5CCCC54)CC3C2)CC1
C1CCC2CCC3C4CCCCC4CC(CC4CCCC4)C3C2CC1
C1CCC(C2CC3CCCCC3C3CCCCC23)CC1
C1CCC(C2CCC3CC4C(CCC5C6CCC(CCCCC7CCC8CCCCC8C7)C6CCC45)CC32)CC1
C1CCC(CCCCCC2CCC3CCCCC23)CC1
C1CCC2CCC(C3CCCC4CCCC43)CC2CC1
C1CCC(CCCCC2CC3CCCCC3C2)CC1
C(CCCC1CCC(C2CCCCC2)C1)CCC1CCCCC1
C1CCC(CCC2CCC3C(CCC3C3CCCCC3)C2)CC1
C1CCC(CCCCCC2CCCC3C(C4CCCCC4)CCC23)CC1
C1CCC(CCC2(CCCC3CC4CCCCC4C3)CCC3C4CCCC5CCCCC5C4CCC32)C1
C1CCC(CCCC2CCC3CCC(C4CCCC5CCCC54)CC3C2)CC1
C1CCC(CCCCCC2CCCC3CCCC23)CC1
C1CCC(CCC2CCC(C3CCC4C(CCC4C4CCCCC4)C3)CC2)CC1
C1CCC(CCCC2CC3CCCCC3C2C2CCCCC2)CC1
C1CCC(CC2CC3CCCCC3C3CCC4CCCCCC4C23)CC1
C1CCC(CCCCCC2CC3CCCCC3C2)CC1
C1CCC(C2CCC3C(CCCCCC4CCC(C5CCCC5)C4)CCCC23)CC1
C1CCC2CCC3C4CCC(CCCC5CCC6CCCCC6C5)C4CCC3C2CC1
C1CCC2CCC3C4CCCCC4CC(CC4CCCC4)C3C2CC1
C1CCC(CCCC2CC3CCCCC3C2C2CCCCC2)CC1
C1CCC2CC(C3CCCC4CCCC43)CCC2C1
C1CCC(CCCCCC2CCCC3C(C4CCCCC4)CCC23)CC1
C1CCC2CCC3C(CCC4C5CCCC5CC43)C2CC1
C(CCCC1CCCCC1)CCCC1CCC(C2CCCCC2)C1
C1CCC(CCCCC2CCC3CCCCC23)CC1
C1CCC(CC2CCCCC23CCC2C(CCC2C2CCCCC2)C3)CC1
C1CCC(CCCCCC2CC3CCCCC3C2)CC1
C1CCC2CC(C3CCCC4CCCC43)CCC2C1
C(CCC1CCCC2CCCC12)CC1CC2CCCCC2C1
C1CCC(CCC2CCC3C(CCC4CC5CCCC5CC(CCC5CCCCC5)C43)C2)CC1
C1CCC(CCC2CCC(CCC3CCCC(CC4CCCC4)C3)CC2)CC1
C(CCC1CCCC2CCCCC12)CCC1CCCC2CCCCC12
C1CCC2CCC3C4CCC(CCCC5CCC6CCCCC6C5)C4CCC3C2CC1
C1CCC(CCCC2CCC3C2CCC2C4CC5CCC(C6CCCCC6)C5CCC4CCC32)CC1
C1CCC(CCCCCC2CC3CCCCC3C2)CC1
C1CCC(C2CC3CCCC3C3CCC4CCCCC4CC23)CC1
C1CCC(CCC2CCC3C(CC4CCCCC4)CCC3C2)CC1
C1CCC(CCC2CCC(C3CCC4C(CC5CCCCC5)CCC4C3)CC2)CC1
C1CCC(C2CCC3CC4C(CCCC45CCCC5)CC32)CC1
C1CCC2C(C1)CCCC2CCCC1CCCC2CCCCC21
C1CCC2CCC(C3CCCC4CCCC43)CC2CC1
C(CCCCC1CCC(C2CCCCC2)C1)CCCC1CCCCC1
C1CCC2CCC3C4CCCCC4CC(CC4CCCC4)C3C2CC1
C1CCC(C2CC3CCCC3C3CCC4CCCCC4C23)CC1
C1CCC(CCCC(CCC2CCC3CCCC3C2)CC2CCCCC2)CC1
C1CCC(C2CCC3C(CCC4CCCCC43)C2)CC1
C(CCC1CC2CCCCC2C1)CCC1CCCC2CCCC12
C1CCC(C2CC3CCCC3C3CCC4CCCCC4C23)CC1
C1CCC(CCCCCC2CCCC3C2CCC3C2CCCC(CC3CC3)C2)CC1
C1CCC(CCCCC2CC3CCCCC3C2)CC1
C1CCC(C2CC3CCCC3C3CCC4CCCCCC4C23)CC1
C1CC(C2CCC(C3CC4CCCC4C4CCC5CCCCC5C34)CC2)C1
C1CCC(C2CCC(CCCC3CCC4C3CCC3C5CCCCC5CCC43)C2)CC1
C(CCCC1CCCC2CCCCC12)CCC1CCC(C2CCCCC2)C1
C1CCC(C2CCC3C(CCCCCC4CCC(C5CCCC5)C4)CCCC23)CC1
C1CCC(C2CCC3CC4CCCCC4CC32)CC1
C1CCC2CCC3C4CCCCC4CC(CC4CCCC4)C3C2CC1
C1CCC(C2CC3CCCC3C3CCCC4CCCCC4C23)CC1
C1CCC2C(C1)CCC1C2CCC2C3CCCC3CC21
C1CCC(CC2CC3CCCCC3C3CCC4CCCCC4C23)CC1
C1CCC(CCCCC2CC3CCCCC3C2)CC1
C1CCC(CC2CCCC2CC2CCC3CCCCC3C3CCC4CCCCC4C23)CC1
C1CCC2CCCC(CC3CC4CCCCC4C4CCC5CCCCC5C34)C2CC1
C1CCC(CC2CC3CCCCC3C3CCC4CCCCC4C23)C1
C1CCC2C(C1)CCC1C3CCCC3CCC21
C1CCC(CCCC2CCC3C(CCC4C5CCCC5CC(CCC5CCCCC5)C34)C2)CC1
C1CCC2CCC(C3CCCC3)CC2CC1
C(CCC1CCCC2CCCCC12)CC1CCC2CCCCC2C1
C1CCC(CC2CC3CCCCC3C3CCC4CCCCC4C23)C1
C1CCC2C(C1)CCC1CCCCC12
C1CCC(CC2CC3CCCCC3C3CCC4CCCCC4C23)CC1
C1CCC(C2CCC3CC4CCCCC4CC32)CC1
C1CCC(CCCCCC2CC3CCCCC3C2)CC1
C1CCC(CCCC2CCCC(C3CCC4CC(CCC5CCC6CCCCCC6C5)CCC43)C2)CC1
C1CCC(CCCCC2CCCC3CCC(C4CCCC5CCCC54)CC23)CC1
C1CCC2C(C1)CCC1C3CCCCC3CCC21
C1CCC(CCCCCC2CCCC3C(C4CCCCC4)CCC23)CC1
C1CCC(CC2CCCC(CCC3CCC(CCC4CCC(C5CCC5)CC4)CC3)C2)C1
C1CCC(C2CC3CCCCC3C3CCC4CCCCC4C23)CC1
C1CCC(C2CCC3CC4C(CCC5C6CCC(CCCC7CCC8CCCCC8C7)C6CCC45)CC32)CC1
C1CCC(C2CCC3CC4C(CCC5CCC6CCCCC65)CCCC4CC32)CC1
C1CCC(CC2CCC3CC4C(CCC45CCCCC5)CC23)CC1
C1CCC(CC2CCC(CC(CC3CCCCC3)C3CCCCC3)CC2)CC1
C1CCC(CCCCC2CC3CCCCC3C2)CC1
C1CCC(CC2CCC3CC4C(CCC45CCC(C4CCCCC4)C5)CC23)CC1
C1CCC2C(C1)CCCC1C3CCCC3CCC21
C1CCC2CCC3C(CCC4C5CCCC5CC43)C2CC1
C1CCC2CC(C3CCCC4CCCC43)CCC2C1
C1CCC2CCC3C4CCCC4CCC3C2CC1
C1CCC(CCCCC2CC3CCCCC3C2)CC1
C1CCC2CCC(C3CCCC4CCCC43)CC2CC1
C1CCC2CC(CCCC3CCC4C3CCC3C5CCCCC5CCCC43)CC2C1
C1CCC(C2CCC3CC4C(CCCC45CCCC5)CC32)CC1
C1CCC2CCC(C3CCC4CCCCC43)CC2CC1
C1CCC2CCC3C4CCCC4CCC3C2CC1
C1CCC(C2CC3CCCCC3C3CCC4CCCCC4C23)CC1
C1CCC(CCC2CCC3C(CCC3C3CCCCC3)C2)CC1
C1CCC(CC2CC3CCCCC3C3CCC4CCCCCC4C23)CC1
C1CCC(C2CCC3CCCC3C3CCCC4CCCCC4C23)CC1
C1CCC2CCC(C3CCCC4CCCC43)CC2CC1
C1CCC2CCC3C4CCCC4CCC3C2CC1
C1CCC2CCC(C3CCCC4CCCC43)CC2CC1
C1CCC(CCCC2CCC3CCC(C4CCCC5CCCC54)CC3C2)CC1
C1CCC(CCCC2CCCC3CCC(C4CCCC5CCCC54)CC3C2)CC1
C1CCC(CCCC2CCCC(CC3CCC4CC(CCC5CCC6CCCCC6C5)CCC43)C2)CC1
C(CCC1CC2CCCCC2C1)CCC1CCCC2CCCC12
C1CCC(CCCC2CCC(C3CC3)CC2)CC1
C1CCC(C2CCC3CC4C(CCC5C6CCCC(CCCC7CCCC8CCCCC87)C6CCC45)CC32)CC1
C1CCC(C2CCCC3CCCC3C3CCC4CCCCC4C23)CC1
C1CCC(C2CCC3CC4C(CCC32)CCC2C3CCC(CCCC5CCCC6CCCCC65)C3CCC42)CC1
C1CCC(CCCC2CCCC3CCC(CC4CCCC5CCCC54)CC23)CC1
C1CCC(CCCCC2CCC3CCC(C4CCCC5CCCC54)CC3C2)CC1
C1CCC(CCC2CCC(C3CC3)CC2)CC1
C1CCC(CCCC2CCC3CCC(C4CCCC5CCCC54)CC3C2)CC1
C1CCC(CC2CC3CCCCC3CC3CCC4CCCCC4C32)CC1
C1CCC(CCC2CCC3C(CCC3C3CCCCC3)C2)CC1
C(CCCC1(C2CCCCC2)CCC1)CCC1CCC(C2CCCCC2)C1
C1CCC(CCC2CCC3C(CCC4CC5CCCC5CC(CCC5CCCCC5)C43)C2)CC1
C1CCC(C2CCC3CC4C(CCC5CC6CCC(CCCC7CC8CCCCC8C7)C6CCC54)CC32)CC1
C1CCC2CC(C3CCCC4CCCC43)CCC2C1
C1CCC(C2CCC3CC4C(CCC32)CCC42CCCCC2)CC1
C1CCC(CC2CCC(CC(CC3CCCCC3)C3CCCCC3)CC2)CC1
C1CCC(C2CCC(CCCC3CCC4C3CCCC3C5CCCCC5CCC34)C2)CC1
C(CCCC1CCCC2C(C3CCCCC3)CCC12)CCC1CCCCC1
C1CCC(CCC2CCC3C(CCC3C3CCCCC3)C2)CC1
C1CCC(CCCCC2CCC3CCCCC23)CC1
C1CCC(CCC2CCC3C(CCC4CC(C5CCCCC5)CCC43)C2)CC1
C1CCC2C(C1)CCC1C2CCC2C3CCCC3CC21
C1CCC2C(C1)CCC1C3CCCC3CCC21
C1CCC2CCC(C3CCCC4CCCC43)CC2CC1
C1CCC2C(C1)CC(C1CCCC3CCCC31)C1CCCC21
C1CCC(C2CC3CCCC3C3CCC4CCCCC4C23)CC1
C1CCC(C2CCC3CC4C(CCCC5CC5)CCCC4CCC32)CC1
C1CCC(CCCCC2CC3CCCCC3C2)CC1
C1CCC(CCCCCC2CCC3CCCCC23)CC1
C1CCC2CC(CCCC3CCC4C3CCC3C5CCCCC5CCC43)CC2C1
C1CCC(C2CC3CCCC3C3CCC4CCCCCC4C23)CC1
C1CCC2CCC3CCCCC3C2CC1
C1CCC(CC2CCC(CC(CC3CCCCC3)C3CCCCC3)CC2)CC1
C1CCC(C2CCC3C(CCCCCC4CC4)CCCC23)CC1
C1CCC(C2CCC3(CCC4CC5C(CCC5C5CCCCC5)CCC43)C2)CC1
C1CCC(CCCCC2CCC3CCC(C4CCCC5CCCC54)CC3C2)CC1
C1CCC2C(C1)CCC1C2CCC2C3CCCC3CC21
C1CCC(CCCCCC2CCC3CCCCC23)CC1
C1CCC(CC(CC2CCCCC2)C2CCCCC2)CC1
C1CCC(CC2CC3CCCCC3C3CCC4CCCCCC4C23)CC1
C1CCC2C(C1)CCC1C2CCC2C3CCCC3CCC21
C(CCC1CCCC2CCCCC12)CC1CCC2CCCCC2C1
C(CCCCC1CCC(C2CCCCC2)C1)CCCC1CCCCC1
C1CCC(CCC(CCC2CCCCC2)CCC2CCC3CCCC3C2)CC1
C1CCC(CCCCC2CCCC3CCC(C4CCCC5CCCC54)CC23)CC1
C1CCC(CC2CCC(CC(CC3CCCCC3)C3CCCCC3)CC2)CC1
C1CCC2C(C1)CCC1C2CCCC2C3CCCC3CC21
C1CCC2CCC3C4CCCC4CCC3C2CC1
C1CCC(C2CCC3CCC4CCCCC4C3CC2)CC1
C(CCC1CC2CCCCC2C1)CCC1CCCC2CCCC12
C1CCC(C2CCC3CCCC3C3CCC4CCCCC4C23)CC1
C1CCC2CC3CCCCC3CCC2C1
C1CCC(C2CCC(CCCC3CCC4C3CCC3C5CCCCCC5CCC43)C2)CC1
C1CCC2CC(C3CCCC4CCCC43)CCC2C1
C1CCC(CCCCC2CC3CCCCC3C2)CC1
C1CCC2CC(C3CCCC4CCCC43)CCC2C1
C1CCC(CCC2CCC(CCC3CCCC(CCC4CCCC4)C3)CC2)CC1
C1CCC2CCC(C3CCCC4CCCC43)CC2CC1
C1CCC(C2CC3CCCCC3C3CCC4CCCCC4C23)CC1
C1CCC(CCCC(CCC2CCC3CCCC3C2)CC2CCCCC2)CC1
C1CCC(CCCCC2CCC3CCCCC23)CC1
C1CCC(C2CCC3CCC4C(CCCC45CCCCC5)CC32)CC1
C1CCC(CC2CC3CCCCC3C3CCC4CCCCC4C23)CC1
C1CCC(CCCCC2CCCC3C2CCC2C4CCCCC4CCC32)CC1
C1CCC2CC3CCC(C4CCCCC4)C3CC2CC1
C(CCC1CC2CCCCC2C1)CCC1CCCC2CCCC12
C1CCC(C2CC3CCCC3C3CCC4CCCCCC4C23)CC1
C(CCC1CCCCC2CCCCC12)CC1CCC2CCCCC2C1
C1CCC(CC2CCC3CCCCC3C3CCC4CCCCC4C23)CC1
C1CCC(CCCCCC2CCCC3C(C4CCCCC4)CCC23)CC1
C1CCC(CCCCC2CC3CCCCC3C2)CC1
C1CCC2CCC(C3CCCC4CCCC43)CC2CC1
C(CCC1CCCC2CCCC12)CC1CC2CCCCC2C1
C1CCC2CC(C3CCCC4CCCC43)CCC2C1
C1CCC(CCC2CCC3C(CCC4CC(C5CCCCC5)CCCC43)C2)CC1
C1CCC(C2CCC3C(CCC4CCCCC43)C2)CC1
C1CCC(C2CC3CCCC3C3CCC4CCCCCC4C23)CC1
C(CCC1CCCC2CCCCC12)CCC1CCCC2CCCCC12
C1CCC2CC(CCCC3CCCC4C3CCC3C5CCCCC5CCC43)CCC2C1
C1CCC(CCCCC2CC3CCCCC3C2)CC1
C1CCC(CCC(CCC2CCC3CCCCC3C2)CC2CCCCC2)CC1
C1CCC(CC2CC3CCCCC3C3CCC4CCCCCC4C23)CC1
C1CCC(C2CCC3CC4C(CCCC45CCCCC5)CC32)CC1
C1CCC(CCCCCC2CC3CCCCC3C2)CC1
C1CCC(CCC2CCC(C3CCC4C(CCC4C4CCCCC4)C3)CC2)CC1
C(CCC1CCC2C1CCC1C3CCCCC3CCC21)CC1CCC2CCCCC2C1
C1CCC(CCC2CCC(CC(CC3CCCCC3)C3CCCCC3)CC2)CC1
C1CCC(CC2CC3CCCCC3C3CCC4CCCCC4C3C2)C1
C1CCC(C2CCC(C3CC4CCCC4C4CCC5CCCCC5C34)CC2)C1
C1CCC2C(C1)CC(C1CCCC1)C1CCCCC21
C1CCC(CCCCC2CCCC(C3CCC4CC(CCC5CCC6CCCCC6C5)CCC43)C2)CC1
C1CCC(CCCCC2CCC3CCCCC3C2)CC1
C(CCCC1CCCC2C(C3CCCCC3)CCC12)CCC1CCCCC1
C1CCC(CCCCC2CCC3CCCCC23)CC1
C1CCC(CCCCC2CCC3CCCCC23)CC1
C1CCC2C(C1)CCC1C3CCCC3CCCC21
C(CCC1CCCC2CCCCC12)CC1CC2CCCCC2C1
C1CCC(CCC(CC2CCC3C(CCC3C3CCCCC3)C2)C2CCCCC2)CC1
C1CCC(CCCCC2CCC3CCCCC23)CC1
C1CCC2CC(C3CCCC4CCCC43)CCC2C1
C1CCC2C(C1)CCC1C3CCCC3CCC21
C1CCC(C2CC3CCCC3C3CCC4CCCCCC4C23)CC1
C1CCC2C(C1)CCC1C3CCCC3CCC21
C1CCC(CCCCCC2CC3CCCCC3C2)CC1
C1CCC(C2CC3CCCC3C3CCC4CCCCC4C23)CC1
C1CCC(C2CCCC3(CCC4CC5C(CCC5C5CCCCC5)CC43)C2)CC1
C1CCC(CCCC2CCCC(C3CCC4CC(CCC5CCC6CCCCC6C5)CCC43)C2)CC1
C1CCC2CCC3C4CCCC4CCC3C2CC1
C1CCC2CC(C3CCCC4CCCC43)CCC2C1
C1CCC(CC2CCC3C(CC4CCCCC4)CCC3C2)CC1
C1CCC(CCCCC2CC3CCCCC3C2)CC1
C1CCC2C(C1)CCC1C3CCCC3CCC21
C1CCC2CC(C3CCCC4CCCC43)CCC2C1
C1CCC(CC2CCC3C(CCC3C3CCCCC3)C2)CC1
C1CCC(CC2CC3CCCCC3C3CCC4CCCCC4C23)CC1
C1CCC(C2CC3CCCC3C3CCC4CCCCC4C23)CC1
C1CCC(C2CC3CCCC3C3CCC4CCCCCC4C23)CC1
C1CCC(C2CCC3CC4C(CCC5C6CCC(CCCCC7CCC8CCCCC8C7)C6CCC45)CC32)CC1
C1CCC(CCC2CCCCC2)CC1
C1CCC2C(C1)CCC1C2CCC2C3CCCC3CC21
C1CC2CCC3C(CCC4CCCCC43)CC2C1
C1CCC(CCCCC2CC3CCCCC3C2)CC1
C1CCC(CCCCCC2CCCC3C(C4CCCCC4)CCC23)CC1
C1CCC(CC2CCC3CC4C(CCC5C6CCC(CCCC7CCC8CCCCC8C7)C6CCC45)CC23)CC1
C1CCC(CCCCC2CC3CCCCC3C2)CC1
C1CCC(CCC2CCC3C(CCC4C5CCCC5CCC34)C2)CC1
C(CCC1CCC2C(CCC3C4CCCC4CCC23)C1)CC1CCC(C2CC3CCCC3C3CCC4CCCCC4C23)CC1
C1CCC2CCCCC2C(CCCCC2CCCC3CCCCC23)C1
C1CCC(CC2CCC3CC4C(CCCC45CCCC5)CC23)CC1
C1CCC(CCCCCC2CC3CCCCC3C2)CC1
C1CCC2CCC(C3CCCC4CCCC43)CC2CC1
C1CCC(CCCCC2CCC3CCCCC23)CC1
C1CCC(CCCCC2CC3CCCCC3C2)CC1
C1CCC(CCCCC23CCCC2CC2C4CCC5CCCCC5C4CCC23)C1
C1CCC2CCC3C4CCC(CCCC5CC6CCCCC6C5)C4CCC3C2CC1
C1CCC(CCC2CCC3C(CCC3C3CCCC(CC4CCCC4)C3)C2)CC1
C1CCC(C2CCC3CC4C(CCC45CCCCC5)CC32)CC1
C1CCC(CCC2CCC(C3CC3)CC2)CC1
C1CCC(CCC2CCC(CCC3CCCCC3)CC2)CC1
C1CCC(CCCCCC2CC3CCCCC3C2)CC1
C1CCC2C(C1)CCC1C3CCCCC3CCC21
C1CCC(CCC2(CCCC3CCC4CCCCC4C3)CCC3C4CCCC5CCCCC5C4CCC32)C1
C1CCC(C2CCC3CC(C4CCC(CCCC5CCCC5)CC4)CCC32)CC1
C1CCC(CCCC2CCCC(C3CCC4CC(CCC5CCC6CCCCCC6C5)CCC43)C2)CC1
C1CCC2C(C1)CCC1C3CCCC3CCC21
C1CCC2CC(CC3CCCC4CCCC43)CCC2C1
C1CCC(CCC2CCC3C(CC4CCCCC4)CCC3C2)CC1
C1CCC2CCC(C3CCCC4CCCC43)CC2CC1
C1CCC(CC2CCC3C(CCC3C3CCCCC3)C2)CC1
C1CCC(CCCCCC2CCCC3C(C4CCCCC4)CCC23)CC1
C1CCC(CCCCC2CC3CCCCC3C2)CC1
C1CCC2CC(CC3CCCC4CCCC43)CCC2C1
C1CCC(CC2CC3CCCCC3C3CCC4CCCCCC4C23)CC1
C1CCC(CCCCC2CC3CCCCC3C2)CC1
C1CCC2CCC3C4CCCC4CCC3C2CC1
C1CCC(C2CCC3CC4C(CCC45CCCCC5)CC32)CC1
C1CCC(CCC2CCCC3CC4C(CC5CCCCC5)CCC4CC23)CC1
C1CCC(CCC2CCC(C3CCC4C(CCC4C4CCCCC4)C3)CC2)CC1
C(CCC1CCCC2CCCCC12)CC1CCC2CCCCC2C1
C1CCC(CCCCC2CCC3CCCCC23)CC1
C1CCC(C2CCC3CC4C(CCCC45CCC(C4CCCCC4)C(C4CCCCC4)C5)CC32)CC1
C1CCC2CCC3C4CCCC4CC(C4CCC(C5CCCC5)CC4)C3C2CC1
C1CCC(C2CCC3CC4(CCCCCCC4C4CCCCC4)CCC32)CC1
C1CCC(C2C3CCCC3CC3CC4CCCC4CC32)CC1
C1CCC(CC2CC3CCCCC3CC3CCC4CCCCC4C32)C1
C1CCC2CCC3C4CCC(CCCC5CC6CCCCC6C5)C4CCC3C2CC1
C1CCC2C(C1)CC(C1CCCC1)C1CCCCC21
C1CCC2CC(C3CCCC4CCCC43)CCC2C1
C(CCC1CCCCC2CCCCC12)CC1CCC2CCCCC2C1
C1CCC(CCC2(CCCC3CC4CCCCC4C3)CCC3C4CCC5CCCCC5C4CCC32)C1
C1CCC(C2CCC3(CCC4CC5C(CCC5C5CCCCC5)CC43)C2)CC1
C1CCC(C2CCC3CC4C(CCC32)CCC42CCCC2)CC1
C1CCC(CCCCCC2CCC3CCCCC23)CC1
C(CCC1CCCC2CCCCC12)CC1CCC2CCCCC2C1
C1CCC(CCC(CCC2CCC3CCCC3C2)CC2CCCCC2)CC1
C1CCC(C2CCCC3C(CCC4CCCCC43)C2)C1
C1CCC(CCC2CCC3C(CCC3C3CCCCC3)C2)CC1
C1CCC2CCC(C3CCC4CCCCC43)CC2CC1
C(CCC1CCCCC2CCCCC12)CC1CCC2CCCCC2C1
C1CCC2C(C1)CCC1C3CCCCC3CCC21
C1CCC(CC2CCC3(CCC4CC5C(CCC5C5CCCCC5)CC43)C2)CC1
C1CCC(C2CC3CCCC3C3CCC4CCCCC4C23)CC1
C(CCC1CCC2CCCCC2C1)CCC1CCCC2CCCCC12
C(CCCC1CCCC2C(C3CCCCC3)CCC12)CCC1CCC(C2CCCC2)C1
C1CCC2C(C1)CCCC1C3CCCC3CCC21
C1CCC2C(C1)CCCC1CCCCC12
C(CCC1CCC2CCCCC2C1)CCC1CCCC2CCCCC12
C1CCC(CCCCC2CCC3CCCCC23)CC1
C1CCC(C2CC3CCCC3C3CCC4CCCCC4C23)CC1
C1CCC(CCCCC2CCC3CCCCC23)CC1
C1CCC2CCC3C4CCCCC4CC(CC4CCCC(C5CCCC5)C4)C3C2CC1
C(CCCC1CCCCC1)CCCC1CCC(C2CCCCC2)C1
C1CCC(CCCCCC2CC3CCCCC3C2)CC1
C1CCC2CCC(C3CCCC4CCCC43)CC2CC1
C1CCC(CCCCCC2CC3CCCCC3C2)CC1
C1CCC(C2CCC(CCCCCC3CCCC4C(C5CCCCC5)CCC34)C2)CC1
C1CCC(C2CC3CCCC3C3CCC4CCCCC4C23)CC1
C1CCC(CCCCCC2CC3CCCCC3C2)CC1
C1CCC(C2CCC3CCCC3C3CCC4CCCCC4CC23)CC1
C1CCC2C(C1)CCC1C3CCCCC3CCC21
C1CCC(CCCCCC2CCCC3CCCC23)CC1
C1CCC2CC(C3CCCC4CCCC43)CCC2C1
C1CCC(CCC2CCC3C(CCC4CC(C5CCCCC5)CCC43)C2)CC1
C1CCC(CCCCC2CC3CCCCC3C2)CC1
C1CCC(CCC2CCC3C(CCC3C3CCCCC3)C2)CC1
C1CCC(C2CCC3CC4C(CCCC45CCCCC5)CC32)CC1
C1CCC(CCCCC2CC3CCCCC3C2)CC1
C1CCC(CCCCC2CCC3C2CCC2C4CCCCC4CCC32)C1
C1CCC(CCCC2CCC3CCCC3C2)CC1
C(CCC1CCC2CCCCC2C1)CCC1CCCC2CCCC12
C1CCC(CCCCCC2CCCC3C(C4CCCCC4)CCC23)CC1
C1CCC(CC2CCC(CC(CC3CCCCC3)C3CCCCC3)CC2)CC1
C1CCC(CCC2CCC3C(CCC3C3CCCCC3)C2)CC1
C1CCC(CCCCC2CC3CCCCC3C2)CC1
C1CCC(C2CCC3CC4C(CCC45CCCC5)CC32)CC1
C1CCC(CC2CC3CCCCC3C3CCC4CCCCC4C23)C1
C1CCC(C2CCC3CC4C(CCC5C6CCCC6CCC45)CC32)CC1
C1CCC(CCCC2CCC3CCC(C4CCCC5CCCC54)CC3C2)CC1
C1CCC(CCC(CCC2CC3CCCCC3C2)C2CC2)CC1
C1CCC(C2CCC3CCCC3C3CCCC4CCCCC4C23)CC1
C1CCC(C2CCC3CC4C(CCC5C6CCC(CCCCC7CC8CCCCC8C7)C6CCC45)CC32)CC1
C1CCC(CCC(CCCC2CCC3CCCC3C2)CC2CCCCC2)CC1
C1CCC(CCC2CCC(CCC3CCCC(CC4CCCC4)C3)CC2)CC1
C1CCC(C2CCC3CC4C(CCCC45CCCC5)CCC32)CC1
C1CCC(CCC2CC3CCCCC3C3CCC4CCCCC4C23)CC1
C1CCC(C2CC3CCCC3C3CCC4CCCCC4CC23)CC1
C1CCC(C2CC3C(CCC4CC4)CCC3C3CCC4CCCCCC4C23)CC1
C1CCC(C2CC3CCCC3C3CCC4CCCCC4C23)CC1
C1CCC(C2CCC3CC4C(CCC5C6CCC(CCCC7CC8CCCCC8C7)C6CCC45)CC32)CC1
C1CCC(C2CCC3CC4(CCCCC4C4CCCCC4)CCC32)CC1
C(CCC1CCCC2CCCCC12)CC1CC2CCCCC2C1
C(CCC1CCCC2CCCC12)CC1CC2CCCCC2C1
C1CCC2C(C1)CCC1C3CCCC3CCC21
C1CCC2CC(CCCC3CCC4C3CCC3C5CCCCC5CCC43)CC2C1
C1CCC(C2CCC3CC4C(CCC5C6CCCCC6CCC45)CC32)CC1
C1CCC(CCC2(CCCC3CC4CCCCC4C3)CCC3C4CCC5CCCCC5C4CCC32)C1
C(CCC1CCCC2CCCC12)CC1CC2CCCCC2C1
C1CCC(CC2CC3CCCCC3C3CCC4CCCCCC4C23)CC1
C(CCCC1CCCC2C(C3CCCCC3)CCC12)CCC1CCCCC1
C1CCC2C(C1)CCC1C3CCCC3CCC21
C1CCC(CCCC(CC2CCC3C(CCC3C3CCCCC3)C2)C2CCCCC2)CC1
C1CCC2CCC(C3CCCC4CCCC43)CC2CC1
C1CCC(CCCCC2CC3CCCCC3C2)CC1
C1CCC2CC(CCCC3CCC4C3CCC3C5CCCCC5CCC43)CC2C1
C1CCC(CCC2CCC(CCC3CCCC(CC4CCCCC4)C3)CC2)CC1
C1CCC2CC(C3CCCC4CCCC43)CCC2C1
C1CCC(C2CC3CCCC3C3CCC4CCCCCC4C23)CC1
C1CCC(C2CCC(CCCCCC3(C4CCCCC4)CCC3)C2)CC1
C(CCC1(C2CCCC2)CCCC2CCCCC21)CC1CCC2CCCCC2C1
C1CCC(C2CC3CCCC3C3CCC4CCCCC4C23)CC1
C1CCC(CCC2CCCC3CCC(C4CCCC5CCCC54)CC3C2)CC1
C1CCC(CCCCC2CCCC3CCC(C4CCCCC4)CC23)CC1
C1CCC2CC(CC3CCCC4CCCC43)CCC2C1
C1CCC(C2C3CCCC3CC3CC4CCCCC4CC32)CC1
C1CCC(CCC2CCC3C(CCC3C3CCCCC3)C2)CC1
C(CCC1CCC(C2CC3CCCC3C3CCC4CCCCC4C23)CC1)CCC1CCC2C(CCC3C4CCCC4CCC23)C1
C1CCC(C2CCC3CC4C(CCC5C6CCC(CCCC7CC8CCCCC8C7)C6CCC45)CC32)CC1
C(CCCC1CCCC2C(C3CCCCC3)CCC12)CCC1CCCCC1
C1CCC2C(C1)CCC1C3CCCCC3CCC21
C1CCC(C2CC3CCCC3C3CCC4CCCCCC4C23)CC1
C1CCC(CCCCC2CC3CCCCC3C2)CC1
C1CCC(CCC2CCCC3CC4C(CC5CCCCC5)CCC4CC23)CC1
C1CCC(C2CC3CCCC3C3CCC4CCCCCC4C23)CC1
C1CCC(C2CCC(CCCCCC3(C4CCCCC4)CCCC4CCCCC43)C2)CC1
C1CCC(C2CC3CCCCC3C3CCC(CCC4CCCC4)CC23)CC1
C1CCC(CCCCC2CC3CCCCC3C2)CC1
C(CCC1CCC2C1CCC1C3CCCCC3CCC21)CC1CC2CCCCC2C1
C1CCC(CCCCC2CCC3CCC(C4CCCC5CCCC54)CC3C2)CC1
C1CCC(CCC2CCC(C3CCC4C(CCC4C4CCCCC4)C3)CC2)CC1
C1CCC(CCCCCC2CCCC3C(C4CCCCC4)CCC23)CC1
C1CCC(CC2CCCC2CC2CC3CCCCC3C3CCC4CCCCC4C23)CC1
C(CCCC1CCCC2C(C3CCCCC3)CCC12)CCC1CCCCC1
C1CCC(C2CC3CCCC3C3CCC4CCCCC4C23)CC1
C1CCC(CC2CC3CCCCC3C3CCC4CCCCC4C23)C1
C1CCC(CC2CCC3C(CCC3C3CCCCC3)C2)CC1
C1CCC(CCC2CCC3C(CCC3C3CCCCC3)C2)CC1
C1CCC(CCC2CCC3C(CCCC4C5CCCC5CCC34)C2)CC1
C1CCC2CCC3CCCCC3C2CC1
C1CCC2C(C1)CCC1C3CCCC3CCC21
C1CCC(CCC2CCC3C(CCC3C3CCCCC3)C2)CC1
C1CCC(CCCC2CCCC(C3CCC4CC(CCCC5CCC6CCCCC6C5)CCC43)C2)CC1
C1CCC(CCCC2CCC3CCC(CC4CCCC5CCCC54)CC3C2)CC1
C1CCC(CCCCC2CCC3CCCCC23)CC1
C1CCC(CCCC2CCC(C3CCCC4C(C5CCCCC5)CCC34)C2)CC1
C1CCC(C2CCC3CC4C(CCC5C6CCC(CCCCC7CCC8CCCCC8C7)C6CCC45)CC32)CC1
C(CCCC1CCCC2C(C3CCCCC3)CCC12)CCC1CCCCC1
C1CCC2CC(C3CCCC4CCCC43)CCC2C1
C1CCC(C2CCC3CC4C(CCCC4C4CC(C5CCCCC5)C(C5CCCCC5)C4)CC32)CC1
C1CCC(C2CCC3CCC(C4CCCC4)C3C2)C1
C1CCC(CCCC2CCC(C3CCC4C(CCC4C4CCCCC4)C3)CC2)CC1
C1CCC2CCC(C3CCCC4CCCC43)CC2CC1
C1CCC(C2CC3CCCC3C3CCC4CCCCCC4C23)CC1
C1CCC(C2CCC3(CCC4CCC5C(CCC5C5CCCCC5)CC43)C2)CC1
C1CCC(CCCCC2CC3CCCCC3C2)CC1
C1CCC2CC(C3CCCC4CCCC43)CCC2C1
C1CCC2CC(CCCC3CCCC4CCCCC43)CC2C1
C1CCC(CC2CCC(CC(CC3CCCCC3)C3CCCCC3)CC2)CC1
C1CCC2CC(C3CCCC4CCCC43)CCC2C1
C1CCC(CCCCCC2CC3CCCCC3C2)CC1
C1CCC(CC2CC3CCCCC3C3CCC4CCCCC4C23)C1
C1CCC(CCC2CCC3C(CCC4CCCCC43)C2)CC1
C1CCC(CCC2CCC3C(CCC3C3CCCCC3)C2)CC1
C1CCC2CC(CCCC3CCCC4C3CCC3C5CCCCC5CCC43)CC2C1
C1CCC(C2CCC(CCCC3CCC4C3CCC3C5CCCCC5CCC43)C2)CC1
C(CCCC1CCCC2CCCCC12)CCC1CCC(C2CCCCC2)C1
C1CCC2CC(C3CCCC4CCCC43)CCC2C1
C1CCC2CCC(C3CCCC4CCCC43)CC2CC1
C1CCC2CCC(C3CCCC4CCCC43)CC2CC1
C1CCC(CC2CC3CCCCC3CC3CCC4CCCCC4C32)CC1
C1CCC(C2CCC(C3CC4CCCC4CC4CCC5CCCCC5C43)CC2)C1
C(CCCC1CCCCC1)CCCC1CCC(C2CCCCC2)C1
C1CCC(CCCCC2CC3CCCCC3C2)CC1
C1CCC(CCCC2(CCC3CCCC3)CCC3C4CCC5CCCCC5C4CCC32)CC1
C1CCC2CCC3C(CCC4C5CCCC5CC43)C2CC1
C1CCC(C2CCC3CC4C(CC5CCC6CCCCC65)CCCC4CC32)CC1
C1CCC2CC(CCCC3CCC4C3CCC3C5CCCCC5CCCC43)CC2C1
C1CCC(CC2CCC3CC4(CCCCCC4C4CCCCC4)CCC23)CC1
C1CCC2C(C1)CCCC1C3CCCC3CCC21
C1CCC2CCC3C4CCCCC4CC(CC4CCCC4)C3C2CC1
C1CCC2CC(C3CCCC4CCCC43)CCC2C1
C1CCC(CCCCCC2CCCC3C(C4CCCCC4)CCC23)CC1
C1CCC(C2CC3CCCC3C3CCC4CCCCCC4C23)CC1
C1CCC2CCC(C3CCCC4CCCC43)CC2CC1
C1CCC(C2CC3CCCC3C3CCC4CCCCC4CC23)CC1
C1CCC2CC(CCCC3CCC4C3CCC3C5CCCCC5CCCC43)CC2C1
C1CCC2CCC3C4CCC(CCCC5CC6CCCCC6C5)C4CCC3C2CC1
C1CCC(C2CCC3C(CCC4CCCCC43)C2)CC1
C(CCCCC1CCC(C2CCCCC2)C1)CCCC1CCCCC1
C1CCC(CCC(CCC2CCC3CCCC3C2)CC2CCCCC2)CC1
C1CCC(CCCC2(CCC3CCCC3)CCC3C4CCC5CCCCCC5C4CCC32)CC1
C1CCC2CCC(C3CCCC4CCCC43)CC2CC1
C1CCC(CCCCC2CCC3CCC(C4CCCC5CCCC54)CC3C2)CC1
C1CCC2CC(C3CCCC4CCCC43)CCC2C1
C1CCC(C2CCC3CC4C(CCC5C6CCCC(CCCC7CC8CCCCC8C7)C6CCC45)CC32)CC1
C1CCC(C2CCC3CCCCC3C3CCC4CCCCC4C23)CC1
C1CCC(CC2CC3CCCCC3C3CCC4CCCCCC4C23)CC1
C1CCC(C2CCC3CC4C(CCC45CCCCCC5)CC32)CC1
C1CCC(CCCCCC2CCCCC2)CC1
C1CCC(CCCCC2CC3CCCCC3C2)CC1
C1CCC(CC2CC3CCCCC3C3CCC4CCCCCC4C23)CC1
C1CCC2C(C1)CCCC1CCCCC12
C1CCC(CCCCC2CC3CCCCC3C2)CC1
C1CCC2C(C1)CC(C1CCCC3CCCC31)C1CCCCC21
C1CCC(CCCCC2CC3CCCCC3C2)CC1
C1CCC2C(C1)CCC1CCCCC12
C1CCC(CCCCCC2CC3CCCCC3C2)CC1
C1CCC(CCCC(CCC2CCC3C(CCC3C3CCCCC3)C2)C2CCCCC2)CC1
C1CCC2C(C1)CCC1C3CCCCC3CCC21
C1CCC2CC(C3CCCC4CCCC43)CCC2C1
C1CCC(C2CCC3CCCCC3C3CCCCC23)CC1
C(CCCC1CCCCC1)CCC1CCCCC1
C1CCC(CCC2(CCCC3CC4CCCCC4C3)CCC3C4CCC5CCCCC5C4CCC32)C1
C1CCC(CCCCCC2CCCC3C(C4CCCCC4)CCC23)CC1
C1CCC2C(C1)CCC1CCCCC12
C1CCC(C2CCC3C(CCCC4CCCCC43)C2)CC1
C(CCC1CCCC1)CCC1CCCCC2CCCCC12
C1CCC(CCCC2CCC3C(CCC3C3CCCCC3)C2)CC1
C1CCC(CCCCCC2CC3CCCCC3C2)CC1
C1CCC2CCC(C3CCCC4CCCC43)CC2CC1
C(CCC1CCC2CCC(C3CCCC4CCCC43)CC2C1)CC1CCC2CCCC2C1
C1CCC2CCC(C3CCCC4CCCC43)CC2CC1
C(CCC1CCCCC2CCCCC12)CC1CCC2CCCCC2C1
C(CCC1CCCC2CCCC12)CC1CCCC2CCCCC12
C1CCC(C2CCC3CC4C(CCC45CCCCCC5)CC32)CC1
C1CCC2CC(C3CCCC4CCCC43)CCC2C1
C1CCC(C2CC3CCCC3C3CCC4CCCCC4C23)CC1
C(CCCC1CCCC2C(C3CCCCC3)CCC12)CCC1CCCCC1
C1CCC(C2CCC3(CCC4CC5C(CCC5C5CCCCC5)CC43)C2)CC1
C1CCC2CCC(C3CCCC4CCCC43)CC2CC1
C1CCC2CCC3C4CCCC4CCC3C2CC1
C1CCC2CC(C3CCCC4CCCC43)CCC2C1
C1CCC(C2C3CCCC3CC3CC4CCCC4CC32)CC1
C(CCCCC1CCC(C2CCCCC2)C1)CCCC1CCCCC1
C1CCC(CCCCC2CCC3CCC(C4CCCC5CCCC54)CC3C2)CC1
C1CCC(CCCC23CCCC2CC2C4CCC5CCCCC5C4CCC23)C1
C1CCC(C2CCC3CC4(CCCCC4C4CCCCC4)CCCC32)CC1
C1CCC2C(C1)CCC1C3CCCCC3CCC21
C1CCC(CCCCC2CCC3CCCCC23)CC1
C(CCCC1CCCCC1)CCC1CCCCC1
C1CCC(C2CCC3CC4C(CCCCC45CCCC5)CC32)CC1
C1CCC2CC(C3CCCC4CCCC43)CCC2C1
C1CCC2CCC(C3CCCC4CCCC43)CC2CC1
C1CCC(C2CC3CCCC3C3CCC4CCCCCC4C23)CC1
C1CCC(CCCCCC2CCCC3C(C4CCCCC4)CCC23)CC1
C1CCC(CCC2CCC3C(CCC3C3CCCCC3)C2)CC1
C1CCC(CCCC2CC3CCCC3C3CCC4CC(CCC5CCCCC5)CCC4C23)CC1
C1CCC(CCCCC2CC3CCCCC3C2)CC1
C1CCC(C2CC3CCCC3C3CCC4CCCCCC4C23)CC1
C(CCC1CC2CCCCC2C1)CCC1CCCC2CCCC12
C1CCC(CCC2CCC3C(CCC3C3CCCCC3)C2)CC1
C1CCC2CC(C3CCCC4CCCC43)CCC2C1
C1CCC(CC2CC3CCCCC3C3CCC4CCCCC4C23)C1
C1CCC(C2CCC3CC4C(CCC5C6CCCC6CCC45)CC32)CC1
C(CCCC1CCCC2C(C3CCCCC3)CCC12)CCC1CCCCC1
C1CCC(C2CC3CCCC(C3)C3CCC4CCCCC4C32)CC1
C1CCC(CCCCCC2CCCC3C2CCC3C2CCCC(CC3CC3)C2)CC1
C1CCC2CC(CC3CCCC4CCCC43)CCC2C1
C1CCC(C2CCC3CCCC4(CCCCC4)C3C2)CC1
C1CCC(CC2CCC3CCC(C4CCCC4)C3C2)C1
C1CCC(C2CC3CCCC3C3CCC4CCCCCC4C23)CC1
C1CCC(C2CC3CCCC3C3CCC4CCCCCC4C23)CC1
C1CCC(C2CC3CCCC3C3CCCC4CCCCC4C23)CC1
C1CCC(C2CCC3C(CCCC4CCCCC43)C2)C1
C1CCC(C2CCC3CC4C(CCCC45CCCCC5)CC32)CC1
C1CCC(C2CCC3CC4C(CCCC4CC4CC5CCCCC5C4)CCC32)CC1
C1CCC(CCC2CCC3C(CCC3C3CCCCC3)C2)CC1
C1CCC(CCC2CCCCC3CC4C(CCC4C4CCCCC4)CC23)CC1
C1CCC(CCCCCC2CC3CCCCC3C2)CC1
C1CCC2C(C1)CCC1C3CCCC3CCC21
C1CCC(C2CCC3CC4C(CCC32)CCC42CCCCC2)CC1
C1CCC2C(C1)CCC1C3CCCC3CCC21
C1CCC(CCCCCC2CC3CCCCC3C2)CC1
C1CCC(CCCCCC2CC3CCCCC3C2)CC1
C1CCC(C2CC3CCCC3C3CCC4CCCCC4C23)CC1
C1CCC(C2CC3CCCC3C3CCC4CCCCC4C23)CC1
C1CCC(CCCCC2CCC3CCCCC23)CC1
C1CCC(CCC2CCC(CCC3CCCC(CC4CCCC4)C3)CC2)CC1
C1CCC2CC(C3CCCC3)C3CCCC3C2CC1
C(CCC1CCCCC2CCCCC12)CC1CCC2CCCCC2C1
C1CCC(CCC2CCC(C3CCC4C(CCC4C4CCCCC4)C3)CC2)CC1
C1CCC2C(C1)CCC1C3CCCC3CCC21
C1CCC2C(C1)CC(C1CCCC3CCCC31)C1CCCC21
C(CCCC1CCCCC1)CCCC1CCC(C2CCCCC2)C1
C1CCC2CCC(C3CCCC4CCCC43)CC2CC1
C1CCC2CC(C3CCCC4CCCC43)CCC2C1
C1CCC2CCC(C3CCCC4CCCC43)CC2CC1
C1CCC2CCC(C3CCCC4CCCC43)CC2CC1
C1CCC(C2CC3CCCC3C3CCC4CCCCC4CC23)CC1
C1CCC(CCCC2CCC3C(CCC4C5CCCC5CC(CCC5CCCCC5)C34)C2)CC1
C1CCC2CC(C3CCCC4CCCC43)CCC2C1
C1CCC(CCC2CCC3C(CCC3C3CCCCC3)C2)CC1
C1CCC(CC2CC3CCCCC3C3CCC4CCCCC4C3C2)CC1
C1CCC2CC(C3CCCC4CCCC43)CCC2C1
C1CCC(CCCCCC2C3CCCCC3CCC2C2CCCC3CCCC32)CC1
C1CCC(C2CCC3CC4C(CCCCC45CCCCC5)CC32)CC1
C1CCC(C2CCC3CC4C(CCCC45CCCCC5)CC32)CC1
C1CCC(C2CC3CCCCC3C3CCC4CCCCC4C23)CC1
C1CCC(C2CC3CCCC3C3CCC4CCCCC4C23)CC1
C1CCC(C2CCC3CC4C(CCC32)CCC42CCCC2)CC1
C1CCC(C2CCC3CCC4(CCCCC4)C3C2)CC1
C1CCC(CCCCC2CCC3C2CCC2C4CCCCC4CCC32)CC1
C1CCC(CC2CC3CCCCC3C3CCC4CCCCCC4C23)CC1
C1CCC2CCC(C3CCCC4CCCC43)CC2CC1
C1CCC(CCCCC2CC3CCCCC3C2C2CCCCC2)CC1
C1CCC2C(C1)CCC1CCCCC12
C1CCC(C2CCC3CC(CC4CCC(CCC5CCCC5)CC4)CCC32)CC1
C1CCC(C2(CCCCC3CCC4CCCCC4C3)CCCC3CCCCC32)CC1
C1CCC(CCCCCC2CCC3CCCCC23)CC1
C1CCC2CCC(C3CCCC4CCCC43)CC2CC1
C1CCC(C2CCC3CC4C(CCC45CCCCC5)CC32)CC1
C1CC(CC2CCC(C3CC4CCCC4C4CCC5CCCCC5C34)CC2)C1
C1CCC(CCC2CCC3C(CCC4C5CCCCC5CCC34)C2)CC1
C(CCCCC1CCC(C2CCCCC2)C1)CCCC1CCCCC1
C1CCC2CCCCC2C(CCCCC2CCCC3CCCCC23)C1
C(CCC1CCCC2CCCCC12)CCC1CCCC2CCCCC12
C1CCC(CCCC2CCCC(C3CCC4CC(CCC5CCC6CCCCC6C5)CCC43)C2)CC1
C1CCC2CCC3CCCCC3C2CC1
C(CCC1CCC2C1CCC1C3CCCCC3CCC21)CC1CC2CCCCC2C1
C1CCC2CC(C3CCCC4CCCC43)CCC2C1
C1CCC(CCCCC2CCC3CCCCC23)CC1
C(CCCC1CCCC2C(C3CCCCC3)CCC12)CCC1CCCCC1
C1CCC(CCCCCC2CC3CCCCC3C2)CC1
C1CCC(CCC2CCC3C(CC4CCCCC4)CCC3C2)CC1
C1CCC(CC2CCC3C(CC4CCCCC4)CCC3C2)CC1
C1CCC(CCCCC2CCC3C2CCC2C4CCCCC4CCC32)CC1
C1CCC(CCCC2CCC(CCC3CCCCC3)CC2)CC1
C1CCC(CC2CCCC(CCC3CCC(CCC4CCC(C5CCC5)CC4)CC3)C2)C1
C1CCC(CCCCCC2CC3CCCCC3C2)CC1
C1CCC2C(C1)CCCC1C3CCCC3CCC21
C1CCC2C(C1)CCC1C3CCCC3CCCC21
C1CCC2CC(CCCC3CCC4C3CCC3C5CCCCC5CCC43)CCC2C1
C1CCC2CC(C3CCCC4CCCC43)C3CCCC3C2CC1
C1CCC(CC2CC3CCCCC3CC3CCC4CCCCC4C32)CC1
C1CCC(CCCCCC2CC3CCCCC3C2)CC1
C1CCC(C2CC3CCCC3C3CCC4CCCCCC4C23)CC1
C1CCC(CCCCC(CC2CCC3C(CCC3C3CCCCC3)C2)C2CCCCC2)CC1
C1CCC2CC(CCCC3CCCC4C3CCC3C5CCCCC5CCC43)CC2C1
C1CCC(CCCCCC2CC3CCCCC3C2)CC1
C1CCC(CCC2CCC3C2CCC(C2CCCCC2)C2C4CCCCC4CCCC32)CC1
C1CCC2C(C1)CCC1C3CCCC3CCC21
C1CCC(C2CCCCC2CC2CC3CCCCC3C3CCC4CCCCC4C23)CC1
C1CCC(CCCC2CCC3CCC(C4CCCC5CCCC54)CC3C2)CC1
C1CCC2CC(C3CCCC4CCCC43)CCC2C1
C(CCCC1CCCC2C(C3CCCCC3)CCC12)CCC1CCC(C2CCCC2)C1
C1CCC(C2CCC3CC4(CCCCCC4C4CCCCC4)CCC32)CC1
C(CCC1CCCC2CCCC12)CC1CC2CCCCC2C1
C1CCC(C2CCC3CC(C4CCC(CCCC5CCCC5)CC4)CCC32)CC1
C1CCC2CCC(C3CCCC4CCCC43)CC2CC1
C1CCC(CCCCCC2CCCC3C(C4CCCCC4)CCC23)CC1
C1CCC(C2CCC(CCCCCC3CCCC4C(C5CCCCC5)CCC34)C2)CC1
C1CCC(CC2CC3CCCCC3C3CCC4CCCCCC4C23)CC1
C1CCC(CC2CCC(CC(CC3CCCCC3)C3CCCCC3)CC2)CC1
C1CCC2CCC3C4CCCCC4CC(CC4CCCC(C5CCCC5)C4)C3C2CC1
C(CCCC1CCCCC1)CCC1CCCCC1
C1CCC(CCCCCC2CC3CCCCC3C2)CC1
C1CCC(CCC2CCC(C3CCC4C(CCC4C4CCCCC4)C3)CC2)CC1
C1CCC(CCC(CC2CCCCC2)C2CCCCC2)CC1
C1CCC(CCCC2CCC3C(CCC3C3CCCCC3)C2)CC1
C1CCC2CC3CCC(C4CCCCC4)C3CC2CC1
C1CCC(CCCCCC2CCC3CCCCC23)CC1
C1CCC(CCCCC2CC3CCCCC3C2)CC1
C(CCC1CCCC2CCCCC12)CC1CCC2CCCCC2C1
C1CCC2CC(CCCC3CCC4C3CCC3C5CCCCC5CCC43)CC2C1
C1CCC(C2CC3CCCC3C3CCC4CCCCC4C23)CC1
C1CCC(C2CCC3CC4C(CCCC5C6CCC(CCCC7CCC8CCCCC8C7)C6CCC45)CC32)CC1
C1CCC2CC(C3CCCC3)CCC2C1
C1CCC(C2CC3CCCC3C3CCC4CCCCCC4C23)CC1
C1CCC(C2CCC3CC4(CCCCCC4C4CCCCC4)CCCC32)CC1
C1CCC2CCC(C3CCCC4CCCC43)CC2CC1
C(CCC1CCCC2CCCC12)CC1CC2CCCCC2C1
C1CCC(C2CC3CCCCC3C3CCCCC23)CC1
C1CCC2C(C1)CCCC2CCCC1CCCC2CCCCC21
C1CCC2CC3CCC4C(CCCC5CC6CCCCC6C5)CCC4C3CCC2C1
C1CCC2CCC3C4CCCC4CCC3C2CC1
C1CCC2CC(C3CCCC4CCCC43)CCC2C1
C1CCC(CCC2(CCCC3CCC4CCCCC4C3)CCC3C4CCC5CCCCC5C4CCC32)C1
C1CCC2CC(C3CCCC4CCCC43)CCC2C1
C1CCC2CC(C3CCCC4CCCC43)CCC2C1
C1CCC2CC(C3CCC4CCCCC43)CCC2C1
C1CCC(C2CCC3CCCC3C3CCCC4CCCCC4C23)CC1
C1CCC(CCC2CCC3C(CCC3C3CCCCC3)C2)CC1
C1CCC(C2CCC3CC4C(CCC5C6CCC(CCCC7CCC8CCCCC8C7)C6CCCC45)CC32)CC1
C(CCCC1CCCC2C(C3CCCCC3)CCC12)CCC1CCC(C2CCCC2)C1
C1CCC(CC2CC3CCCCC3C3CCC4CCCCC4C23)CC1
C1CCC(CC2CC3CCCCC3CC3CCC4CCCCC4C32)C1
C1CCC(CCCC2CCC3C(CCC4CCCCC43)C2)CC1
C1CCC(CCCCC2CCC3CCCCC23)CC1
C1CCC(CCC2CCC3C(CCC3C3CCCCC3)C2)CC1
C1CCC(CCCC2CCC3CCC(C4CCCC5CCCC54)CC3C2)CC1
C1CCC(CCCCC2CC3CCCCC3C2)CC1
C1CCC(CC2CCC3C(CCC3C3CCCCC3)C2)CC1
C(CCC1CC2CCCCC2C1)CCC1CCCC2CCCC12
C1CCC(CCC2CCC(CCC3CCCCC(CC4CCCC4)C3)CC2)CC1
C1CCC2CCC3C4CCCCC4CC(CC4CCCC4)C3C2CC1
C1CCC(CCCCC2CC3CCCCC3C2)CC1
C1CCC(CCCCC2CC3CCCCC3C2)CC1
C1CCC(CCCCC2CC3CCCCC3C2)CC1
C1CCC(CCC2CCC3C(CCC3C3CCCCC3)C2)CC1
C(CCCC1CCCC2C(C3CCCCC3)CCC12)CCC1CCCCC1
C1CCC2CCC(C3CCCC4CCCC43)CC2CC1
C(CCC1CCC2CCCCC2C1)CCC1CCCC2CCCCC12
C(CCCCC1CCC(C2CCCCC2)C1)CCCC1CCCCC1
C1CCC(CCCCCC2CC3CCCCC3C2)CC1
C1CCC(CC2CCC3CC4C(CCC45CCCCC5)CC23)CC1
C1CCC(CCC2CCC3C(CCC3C3CCCCC3)C2)CC1
C1CCC(CCC2CCC(CCCC3CCCC(CC4CCCC4)C3)CC2)CC1
C1CCC(C2CCC3CC4C(CCC32)CCC42CCCC2)CC1
C(CCCC1CCCC2C(C3CCCCC3)CCC12)CCC1CCCCC1
C1CCC(CC2CC3CCCCC3C3CCC4CCCCC4C23)CC1
C1CCC2C(C1)CCCC1C3CCCC3CCC21
C1CCC(C2CCC3CC4C(CCC45CCCC5)CC32)CC1
C(CCCCC1CCC(C2CCCCC2)C1)CCCC1CCCCC1
C1CCC(CCC(CC2CCCCC2)C2CCCCC2)CC1
C1CCC(C2CC3CCCCC3C3CCC4CCCCC4C23)CC1
C1CCC(CCCC2CC3CCCCC3C2C2CCCCC2)CC1
C(CCC1CCCC2CCCCC12)CC1CCC2CCCCC2C1
C(CCCC1CCCCC1)CCCC1CCC(C2CCCCC2)C1
C(CCCC1CCCC2C(C3CCCCC3)CCC12)CCC1CCCCC1
C1CCC2CC(CC3CCCC4CCCC43)CCC2C1
C1CCC(CC2CCC3CC4C(CCC45CCC(C4CCCCC4)C5)CC23)CC1
C1CCC(CCCC2CCC3C(CCC3C3CCCCC3)C2)CC1
C1CCC(C2CCC3CCCC3C3CCC4CCCCC4C23)CC1
C1CCC2C(C1)CCC1C3CCCC3CCC21
C1CCC(CCCCCC2CCCC3C(CC4CCCCC4)CCC23)CC1
C1CCC(CCC2CCC3C(CC4CCCCC4)CCC3C2)CC1
C1CCC2CC(C3CCCC3)C3CCCC3C2CC1
C1CCC(CC2CC3CCCCC3C3CCC4CCCCC4C23)C1
C1CCC2C(C1)CC(C1CCCC3CCCCC31)C1CCCCC21
C1CCC(C2CCC3CC4(CCCCC4C4CCCCC4)CCC32)CC1
C1CCC(C2CC3CCCCC3C3CCC4CCCCC4C23)CC1
C1CCC(CCC(CCC2CCC3CCCC3C2)CC2CCCCC2)CC1
C1CCC2CCC(C3CCCC4CCCC43)CC2CC1
C1CCC(CC2CCC3CCCCC3C3CCC4CCCCC4C23)CC1
C1CCC(C2CCC3C(CCCCCC4CCC(C5CCCC5)C4)CCCC23)CC1
C1CCC(C2CCC(C3CC4CCCC4C4CCC5CCCCC5C34)CC2)C1
C1CCC(C2CCC3CC4C(CCCC45CCCCC5)CC32)CC1
C1CCC(CCC2CCC3C(CCC3C3CCCC(CCC4CCCC4)C3)C2)CC1
C1CCC(C2CC3CCCC3C3CCC4CCCCC4C23)CC1
C1CCC(CC2CCC3(CCC4CC5C(CCC5C5CCCCC5)CC43)C2)CC1
C1CCC(C2CCC3C(CCCC4CCCCC43)C2)CC1
C(CCCC1CCCC2CCCCC12)CCC1CCCC1
C1CCC(CCCCC2CC3CCCCC3C2)CC1
C1CCC(CCC(CCC2CCC3CCCC3C2)CC2CCCCC2)CC1
C1CCC(C2CCC(CCCCCC3CCCC4C(C5CCCCC5)CCC34)C2)CC1
C(CCC1CCC2CCCCC2C1)CCC1CCCCC2CCCCC12
C1CCC2CC(C3CCCC4CCCC43)CCC2C1
C1CCC(CCC2CCC3C(CCC3C3CCCCC3)C2)CC1
C1CCC2CCC3C4CCC(CCCC5CC6CCCCC6C5)C4CCC3C2CC1
C1CCC(CCC2CCC(CCC3CCCC(CCC4CCCC4)C3)CC2)CC1
C1CCC2CC(CCCC3CCC4C3CCC3C5CCCCC5CCCC43)CC2C1
C1CCC2CCC3C4CCCCC4CC(CC4CCCC(C5CCCC5)C4)C3C2CC1
C1CCC(C2CC3CCCC3C3CCC4CCCCCC4C23)CC1
C1CCC(C2CCC3CC4C(CCC45CCCCC5)CC32)CC1
C1CCC(CCCCC2CCCC3CCC(C4CCCC5CCCC54)CC23)CC1
C1CCC2C(C1)CCC1C3CCCC3CCC21
C1CCC(CCC2CCC3C(CCC3C3CCCCC3)C2)CC1
C(CCCC1CCCC2C(C3CCCCC3)CCC12)CCC1CCCCC1
C1CCC(CCC2CCC3C(CCC4CC(C5CCCCC5)CCC43)C2)CC1
C1CCC(C2CCC3CC4C(CCC45CCCCC5)CC32)CC1
C1CCC(CCC2CCC3C(CCC3C3CCCCC3)C2)CC1
C(CCC1CC2CCCCC2C1)CCC1CCCC2CCCC12
C1CCC(C2CCC3CCCCC3C3CCC4CCCCC4C23)CC1
C1CCC2C(C1)CCC1CCCCC12
C1CCC(CC2CC3CCCCC3C3CCC4CCCCC4C3C2)C1
C1CCC(C2CCC3CC4C(CCC32)CCC42CCCCC2)CC1
C1CCC(CCCCCC2CC3CCCCC3C2)CC1
C1CCC2CC(CC3CCCC4CCCC43)CCC2C1
C1CCC(CCC(CC2CCC3C(CCC3C3CCCCC3)C2)C2CCCCC2)CC1
C1CCC(CCCC2CC3CCCCC3C2C2CCCCC2)CC1
C1CCC(CCCCC2CCC3C2CCC2C4CC5CCC(C6CCCCC6)C5CC4CCC32)CC1
C1CCC(C2CCC3CC4C(CCC45CCCC5)CC32)CC1
C1CCC(CCC2CCC3C(CCC3C3CCCCC3)C2)CC1
C1CCC2CC3CCC(C4CCCCC4)C3CC2CC1
C1CCC(CC2CC3CCCCC3C3CCC4CCCCC4C23)CC1
C1CCC(CCC2CCC3C(CCC3C3CCCC(CC4CCCC4)C3)C2)CC1
C1CCC(CCCCCC2CCCC3C(C4CCCCC4)CCC23)CC1
C(CCC1CCCC2CCCCC12)CC1CC2CCCCC2C1
C1CCC(C2CCC3CCCC3C3CCC4CCCCCC4C23)CC1
C1CCC2CCC(C3CCCC4CCCC43)CC2CC1
C1CCC(CCCCCC2CCC3CCCCC23)CC1
C1CCC(CC2CCC3C(CCC3C3CCCCC3)C2)CC1
C1CCC2C(C1)CCC1C3CCCC3CCC21
C1CCC2CCC3C4CCCC4CCC3C2CC1
C1CCC(C2CCC3CC4C(CCC45CCCC5)CC32)CC1
C1CCC(CCCCCC2CCCC3C(C4CCCCC4)CCC23)CC1
C(CCC1CCCCC2CCCCC12)CC1CCC2CCCCC2C1
C1CCC2C(C1)CCC1C2CCC2C3CCCC3CCC21
C1CCC(CCC2CCC(CCC3CCCC(CC4CCCCC4)C3)CC2)CC1
C1CCC(C2CC3CCCCC3C3CCC4CCCCC4C23)CC1
C1CCC(C2CC3CCCC3C3CCC4CCCCC4C23)CC1
C1CCC(C2CC3CCCC3C3CCC4CCCCC4C23)CC1
C1CCC(CCCCCC2CC3CCCCC3C2)CC1
C1CCC(C2CCC3CC4C(CCCC45CCCCC5)CC32)CC1
C(CCCC1CCCC2CCCCC12)CCC1CCC(C2CCCCC2)C1
C1CCC(C2CC3CCCCC3C3CCCCC23)CC1
C1CCC(CCCCC2CC3CCCCC3C2)CC1
C1CCC(C2CCC(C3CC4CCCC4C4CCC5CCCCC5C34)CC2)C1
C(CCCCC1CCC(C2CCCCC2)C1)CCCC1CCC2CCCC2C1
C(CCCC1CCCC2C(C3CCCCC3)CCC12)CCC1CCCCC1
C(CCCC1CCCCC1)CCCC1CCC(C2CCCCC2)C1
C1CCC(CCC(CCC2CC3CCCCC3C2)C2CC2)CC1
C1CCC(C2CCC3C(CCCCCC4CCC(CC5CCCC5)C4)CCCC23)CC1
C1CCC(CCCC2CC3CCCCC3C2C2CCCCC2)CC1
C1CCC(C2CCC3CCCC3C3CCC4CCCCC4C23)CC1
C1CCC(C2CCC3CC4C(CCC45CCCC5)CC32)CC1
C1CCC(CCC2CCC3C(CCC3C3CCCCC3)C2)CC1
C1CCC(CCCCCC2CCCC3C(C4CCCCC4)CCC23)CC1
C1CCC2C(C1)CCC1C3CCCC3CCC21
C1CCC2CCC(C3CCCC4CCCC43)CC2CC1
C1CCC(C2CCC3CCC4C(CCC45CCCC5)CC32)CC1
C1CCC(CC2CC3CCCCC3C3CCC4CCCCC4C23)CC1
C1CCC(CCC2CCC3C(CCC3C3CCCCC3)C2)CC1
C1CCC(C2CCC(CCCCCC3CCCCC4CCCCC34)C2)CC1
C(CCC1CCCC2CCCC12)CC1CCCC2CCCCC12
C1CCC(CCCCC2CC3CCCCC3C2)CC1
C1CCC(C2CCC3(CCC4CC5C(CCC5C5CCCCC5)CCC43)C2)CC1
C1CCC2C(C1)CCC1C3CCCC3CCC21
C1CCC(CCC2CCCC3CC4C(CCC4C4CCCCC4)CC23)CC1
C1CCC(C2C3CCCCC3CC3CC4CCCC4CC32)CC1
C1CCC(C2CCC3C(CCC3C3CCCCC3)C2)CC1
C1CC2CCCC3C(CCC4CCC5CC5C43)C2C1
C1CCC(CCCCC2CC3CCCCC3C2)CC1
C(CCCC1CCCC2C(C3CCCCC3)CCC12)CCC1CCCCC1
C1CCC(CCCCCC2CCC3CCCCC23)CC1
C1CCC2CC(C3CCCC4CCCC43)CCC2C1
C1CCC2CCCCC2C(CCCCC2CCCC3CCCCC23)C1
C1CCC2CCC3C4CCCC4CCC3C2CC1
C1CCC(CCCC2CCC3C2CCC2C4CC5CCC(C6CCCCC6)C5CC4CCC32)CC1
C1CCC(CCCC2CCCC3CCC(C4CCCC5CCCC54)CC23)CC1
C1CCC(CCCC2CCC3CCC(CC4CCCC5CCCC54)CC3C2)CC1
C1CCC(CCCC(CC2CC3CCCCC3C2)C2CC2)CC1
C1CCC2CCC3C4CCCCC4CC(CC4CCCC5CCCCC54)C3C2CC1
C1CCC(CCCC2CCC3C(CCC3C3CCCCC3)C2)CC1
C(CCCC1CCCC2C(C3CCCCC3)CCC12)CCC1CCCCC1
C(CCCC1CCCCC1)CCC1CCCCC1
C1CCC(CC2CC3CCCCC3C3CCC4CCCCC4C23)CC1
C1CCC(CCCCCC2CCCC3C(C4CCCCC4)CCC23)CC1
C1CCC2C(C1)CCC1C3CCCCC3CCC21
C1CCC(CCCCC2CCCC(C3CCC4CC(CCC5CCC6CCCCC6C5)CCC43)C2)CC1
C1CCC(CCCCC2CCC3CCC(C4CCCC5CCCC54)CC3C2)CC1
C1CCC(CCCCC2CCC3CCCCC23)CC1
C(CCC1CCCC2CCCCC12)CCC1CCCC2CCCCC12
C1CCC(CCC(CCC2CCC3CCCC3C2)CC2CCCCC2)CC1
C1CCC(CCCCC2CCC3CCCCC23)CC1
C1CCC2C(C1)CCC1CCCCC12
C1CCC2CC(C3CCCC4CCCC43)CCC2C1
C1CCC(C2CCC3CC4C(CCC5C6CCC(CCCC7CCC8CCCCC8C7)C6CCC45)CC32)CC1
C1CCC2CC(C3CCCC4CCCC43)CCC2C1
C1CCC2CCC3C4CCCC4CCC3C2CC1
C1CCC(CCC2CCC3C(CCC4C5CCCC5CC(CCC5CCCCC5)C34)C2)CC1
C1CCC(C2CCC3C(CCC34CCCC4)CC3CCC4CCCCC4C32)CC1
C(CCCC1CCCC2C(C3CCCCC3)CCC12)CCC1CC1
C1CCC(C2CCC3CC4(CCCCCC4C4CCCCC4)CCCC32)CC1
C1CCC2CC(C3CCCC4CCCC43)CCC2C1
C1CCC2C(C1)CCC1C3CCCC3CCCC21
C1CCC(C2CCC3CCC(C4CCCC4)CC32)CC1
C1CCC(CCCCCC2CC3CCCCC3C2)CC1
C1CCC(CCCC2(CCC3CCCC3)CCC3C4CCC5CCCCC5C4CCCC32)CC1
C1CCC2CC(C3CCCC4CCCC43)CCC2C1
C1CCC(CCCCC2CC3CCCCC3C2)CC1
C(CCCC1CCCC2C(C3CCCCC3)CCC12)CCC1CCCCC1
C1CCC(CCC2CCC3C2CCC(C2CCCCC2)C2C4CCCCCC4CCC32)CC1
C1CCC(C2CCC3C(CCC4CCCCC43)C2)CC1
C1CCC(CCCCCC2CCC3C(CCC3C3CCCCC3)C2)CC1
C1CCC(CCCCC2CCC3CCCCC3C2)CC1
C1CCC(CCCC2CCC3C(CCC4C5CCCC5CC(CCC5CCCCC5)C34)C2)CC1
C1CCC(CCCCC2CCC3CCC(C4CCCC5CCCC54)CC3C2)CC1
C1CCC(CCCCC2CCC3C2CCC2C4CCCCC4CCC32)CC1
C1CCC(CCC2CCC(CCC3CCCC(CCC4CCCC4)C3)CC2)CC1
C1CCC2CCC(CCC3CCC4C(CCC4C4CCCC(CC5CCCC5)C4)C3)CC2CC1
C1CCC(CCC2CCC3C(CC4CCCCC4)CCC3C2)CC1
C1CCC2CC(CCCC3CCC4C3CCC3C5CCCCC5CCC43)CC2C1
C1CCC(C2CCC3CC4C(CCC45CCCC5)CC32)CC1
C1CCC(CCCCCC2CC3CCCCC3C2)CC1
C1CCC(CCCC2CCCCC3CCC(C4CCCC5CCCC54)CC23)CC1
C1CCC(C2CCC3CC4C(CCCC5C6CCC(CCCC7CCC8CCCCC8C7)C6CCC45)CC32)CC1
C1CCC(CCCCCC2CCCC3C(C4CCCCC4)CCC23)CC1
C1CCC2C(C1)CC(C1CCCC1)C1CCCCC21
C1CCC2C(C1)CCC1C3CCCCC3CCC21
C1CCC2CC(C3CCCC4CCCC43)CCC2C1
C1CCC2CC(C3CCCC4CCCC43)CCC2C1
C1CCC2C(C1)CCC1C3CCCC3CCC21
C1CCC(CCCCC2CCC3CCCCC23)CC1
C1CCC(CC2CC3CCCCC3C3CCC4CCCCC4C23)CC1
C1CCC(C2CC3CCCCC3C3CCCCC23)CC1
C1CCC(CCCCCC2C3CCCCC3CCC2C2CCCC3CCCC32)CC1
C1CCC(C2CCC3CC4C(CCC32)CCC2C3CCC(CCCC5CCC6CCCCC6C5)C3CCC42)CC1
C1CCC2C(C1)CCCC1C2CCC2C3CCCC3CC21
C1CCC2C(C1)CCCC1CCCCC12
C1CCC(C2CC3CCCC3C3CCC4CCCCC4C23)CC1
C(CCCC1CCCCC1)CCCC1CCC(C2CCCCC2)C1
C1CCC(CCCCC2CCC3CCC(C4CCCC5CCCC54)CC3C2)CC1
C1CCC(CCC2CCC3C(CCC3C3CCCC(CCC4CCCCC4)C3)C2)CC1
C1CCC(CCCCCC2CCCC3C(C4CCCCC4)CCC23)CC1
C1CCC(C2CC3CCCC3C3CCC4CCCCCC4C23)CC1
C1CCC(C2CC3CCCC3C3CCC4CCCCC4C23)CC1
C1CCC(C2CC3CCCC3C3CCCC4CCCCC4C23)CC1
C1CCC(CCCC2CCC3CCCC3C2)CC1
C1CCC(CCCCC2CCC3CCCCC23)CC1
C1CCC(CCCCCC2CCCC3C(C4CCCCC4)CCC23)CC1
C(CCCC1CCCCC1)CCCC1CCC(C2CCCCC2)C1
C(CCC1CCC2C1CCC1C3CCCCC3CCC21)CC1CCC2CCCCC2C1
C1CCC2CCC(C3CCCC4CCCC43)CC2CC1
C1CCC(C2CCC3CC4C(CCC5C6CCCC(CCCC7CC8CCCCC8C7)C6CCC45)CC32)CC1
C1CCC(CCCCC2CC3CCCCC3C2)CC1
C1CCC2C(C1)CCC1C3CCCC3CCC21
C1CCC(C2CCC3C(CCC4CCCCC43)C2)CC1
C1CCC(CCCCCC2CCCC3C(C4CCCCC4)CCC23)CC1
C1CCC(CC2CC3CCCCC3CC3CCC4CCCCC4C32)CC1
C1CCC(CCC(CC2CC2)CC2CC3CCCCC3C2)CC1
C1CCC2CCC3C4CCCC4CCC3C2CC1
C1CCC(C2CCC3CC4C(CCC5CCC6CCCCC65)CCCC4CC32)CC1
C1CCC(C2CCC3CC(C4CCC(CCC5CCCC5)CC4)CCC32)CC1
C1CCC(CCC2CCC(C3CCC4C(CCC4C4CCCCC4)C3)CC2)CC1
C(CCCC1CCCC2C1CCC2C1CCCC(CC2CCCC2)C1)CCC1CCCCC1
C1CCC(CCCC2CCCC3C2CCC2C4CC5CCC(C6CCCCC6)C5CC4CCC32)CC1
C1CCC(C2CCC3CCC4C(CCC5C6CCC(CCCC7CC8CCCCC8C7)C6CCC45)CC32)CC1
C1CCC(CCCCC2CC3CCCCC3C2)CC1
C1CCC(C2CCC3C(CCCCCC4CC4)CCCC23)CC1
C1CCC(CCC2CCC3C(CCC3C3CCCCC3)C2)CC1
C1CCC(CCC2(CCCC3CCC4CCCCC4C3)CCC3C4CCC5CCCCC5C4CCC32)C1
C1CCC(CCCCCC2CC3CCCCC3C2)CC1
C1CCC(CCCC2CC3CCCCC3C2C2CCCCC2)CC1
C1CCC(CCCCCC2CC3CCCCC3C2)CC1
C1CCC(CCC2CCC(C3CCC4C(CCC4C4CCCCC4)C3)CC2)CC1
C1CCC(C2CCC3CCCC3C3CCC4CCCCC4C23)CC1
C1CCC(CCC2CCC3C(CCC3C3CCCCC3)C2)CC1
C1CCC(CCCCCC2CCC3CCC(C4CCCC5CCCC54)CC3C2)CC1
C1CCC2CCC(C3CCCC4CCCC43)CC2CC1
C1CCC(CCCCCC2CCCC3C(CC4CCCCC4)CCC23)CC1
C1CCC(CCC2CCC3C(CCC4CCCCC43)C2)CC1
C1CCC2C(C1)CCC1C2CCC2C3CCCC3CC21
C(CCCC1CCCC2C(C3CCCCC3)CCC12)CCC1CCC(C2CCCC2)C1
C(CCC1CCCC2CCCCC12)CCC1CCCC2CCCC12
C1CCC(CC2CCC3CC4C(CCC45CCCC5)CC23)CC1
C1CCC(CCC(CCC2CCCCC2)CCC2CCC3CCCC3C2)CC1
C1CCC(C2CC3CCCC(C3)C3CCC4CCCCC4C32)CC1
C1CCC(CCCC2CCCCC2)CC1
C1CC2CCCC2C(CC2CC3CCCCC3C3CCCC23)C1
C(CCC1CCCC2CCCC12)CC1CC2CCCCC2C1
C1CCC(CCCCC2CC3CCCCC3C2)CC1
C1CCC(C2CCC3C(CCC34CCCC4)C3CCC4CCCCCC4C23)CC1
C1CCC2C(C1)CCCC1C3CCCC3CCC21
C1CCC(C2CCC3(CCC4CC5C(CCC5C5CCCCC5)CCC43)C2)CC1
C1CCC(CCCCCC2CC3CCCCC3C2)CC1
C(CCC1CCCC2CCCCC12)CC1CCCC2CCCCC12
C1CCC(CCC2CCC3C(CCC3C3CCCCC3)C2)CC1
C1CCC(CCC2CCC3C(CCC3C3CCCCC3)C2)CC1
C1CCC(C2CCC3CC4C(CCC5C6CCC(CCCCC7CC8CCCCC8C7)C6CCC45)CC32)CC1
C(CCCC1CCCC2C(C3CCCCC3)CCC12)CCC1CCCCC1
C1CCC(C2CCC3C(CCC4CCCCC43)C2)CC1
C1CCC2CCC(C3CCCC4CCCC43)CC2CC1
C1CCC(C2CCCC3C(CCC4CCCCC43)C2)CC1
C1CCC2CCC(C3CCCC4CCCC43)CC2CC1
C1CCC(CCCCC2CC3CCCCC3C2)CC1
C1CCC(CC2CC3CCCCC3C3CCC4CCCCCC4C23)CC1
C1CCC2C(C1)CCC1CCCCC12
C(CCC1CCC2C1CCC1C3CCCCC3CCC21)CC1CCC2CCCCC2C1
C1CCC2CC(CCCC3CCC4C3CCC3C5CCCCC5CCC43)CC2C1
C1CCC2CC(CCCC3CCC4C3CCC3C5CCCCC5CCC43)CC2C1
C1CCC(CCC2CCC(C3CCC4C(CCC4C4CCCCC4)C3)CC2)CC1
C1CCC2CCC(C3CCCC4CCCC43)CC2CC1
C1CCC(C2CC3CCCC3C3CCC4CCCCCC4C23)CC1
C1CCC(CCCCC2CC3CCCCC3C2)CC1
C(CCCC1CCCCC1)CCCC1CCC(C2CCCCC2)C1
C1CCC(CCCCC2CCC3CCC(C4CCCC5CCCC54)CC3C2)CC1
C1CCC(C2CC3CCCC3CC3CCC4CCCCC4C32)CC1
C(CCC1CCCC1)CCC1CCCCC2CCCCC12
C1CCC(C2CC3CCCC3C3CCC4CCCCC4C23)CC1
C1CCC2CCC3CCCCC3C2CC1
C1CCC(C2CC3CCCC3C3CCC4CCCCC4C23)CC1
C1CCC2C(C1)CCC1C3CCCC3CCC21
C1CCC2C(C1)CCC1C3CCCC3CCC21
C1CCC2CC(CCCC3CCC4C3CCC3C5CCCCC5CCCC43)CC2C1
C1CCC(CCC2CCC3C(CCCC4C5CCCC5CCC34)C2)CC1
C1CCC(C2CCC3CC4C(CCC5C6CCCC(CCCC7CC8CCCCC8C7)C6CCC45)CC32)CC1
C1CCC(CC2CCC(CC3CC4CCCCC4C4CCC5CCCCC5C34)CC2)CC1
C1CCC(CCCCC2CC3CCCCC3C2)CC1
C(CCCC1CCCC2C(C3CCCCC3)CCC12)CCC1CCCCC1
C(CCC1CCCC2CCCC12)CC1CC2CCCCC2C1
C1CCC(CC2CCC3C(CCC3C3CCCCC3)C2)CC1
C1CCC2CC(CCCC3CCC4C3CCC3C5CCCCC5CCC43)CCC2C1
C1CCC(CCC2CCC3C(CCC3C3CCCCC3)C2)CC1
C1CCC(C2CCC3CCCCC3C3CCCCC23)CC1
C1CCC(CCCCC2C3CCCCCC3CCC2C2CCCC3CCCC32)CC1
C1CCC2C(C1)CCC1CCCCC12
C1CCC2CC(C3CCCC4CCCC43)CCC2C1
C1CCC2CC(C3CCCC4CCCC43)CCC2C1
C1CCC(CCC2CCC3C(CCC3C3CCCCC3)C2)CC1
C1CCC2CC(C3CCCC4CCCC43)CCC2C1
C1CCC(C2CC3CCCC3C3CCC4CCCCCC4C23)CC1
C1CCC2C(C1)CCCC1CCCCC12
C1CCC(CC2CCC3CC4C(CCC5C6CCC(CCCC7CC8CCCCC8C7)C6CCC45)CC23)CC1
C1CCC(CCCCC2CC3CCCCC3C2)CC1
C1CCC(CCCCCC2CCC3CCCC3C2)CC1
C(CC1CCC(C2CCCC2)CC1)CC1CCC2CCCC2C1
C1CCC(CCCCC2CC3CCCCC3C2)CC1
C1CCC(C2CCC3CC4(CCCCCCC4C4CCCCC4)CCC32)CC1
C1CCC2C(C1)CCCC1C3CCCC3CCC21
C1CCC2CCC3C4CCC(CCCC5CC6CCCCC6C5)C4CCC3C2CC1
C1CCC(C2CC3CCCC3C3CCC4CCCCCC4C23)CC1
C1CCC(CC2CCCCC2CC2CC3CCCCC3C3CCC4CCCCC4C23)CC1
C1CCC(C2CCC3C(CCC4CCCCC43)C2)CC1
C1CCC2CCC(C3CCCC4CCCC43)CC2CC1
C(CCCC1CCCC2CCCCC12)CCC1CCCC1
C1CCC2CCC3C(CCC4C5CCCC5CC43)C2CC1
C1CCC2CC(CCCC3CCCCC4CCCCC43)CC2C1
C1CCC2C(C1)CCC1C3CCCC3CCC21
C(CCCC1CCCC2C(C3CCCCC3)CCC12)CCC1CCCCC1
C(CCC1CCCC2CCCC12)CC1CC2CCCCC2C1
C1CCC(CCCCC2CC3CCCCC3C2)CC1
C1CCC(CCCC2CCC3C(CCC4CCCCC43)C2)CC1
C1CCC(CCCC2CCCC3CCC(CC4CCCC5CCCC54)CC23)CC1
C1CCC2C(C1)CCC1CCCCC12
C1CCC(CCCCCC2CCC3C(CCC3C3CCCCC3)C2)CC1
C1CCC2CC(CCCC3CCCCC4CCCCC43)CC2C1
C1CCC(CCCCCC2CC3CCCCC3C2)CC1
C1CCC(CCC2CCC(CCC3CCCC(CC4CCCC4)C3)CC2)CC1
C(CCC1CCCC2CCCCC12)CC1CCC2CCCCC2C1
C(CCC1CC2CCCCC2C1)CCC1CCCC2CCCC12
C1CCC(CCCC23CCCC2CC2C4CCC5CCCCC5C4CCC23)CC1
C1CCC(CCCCCC2CC3CCCCC3C2)CC1
C1CCC(C2CCC(C3CC4CCCC4C4CCCC5CCCCC5C34)CC2)C1
C1CCC(C2CCC3CC4(CCCCC4C4CCCCC4)CCCC32)CC1
C1CCC(C2CC3CCCC3C3CCC4CCCCC4C23)CC1
C(CCC1CCCC2CCCCC12)CC1CCCC2CCCCC12
C1CCC2CC(CCCC3CCCC4CCCCC43)CC2C1
C1CCC(C2CC3CCCC3C3CCC4CCCCC4C23)CC1
C1CC(C2CCC(C3CC4CCCC4C4CCC5CCCCC5C34)CC2)C1
C1CCC(CCCCCC2CCC3CCCC3C2)CC1
C(CCCC1CCCC2C(C3CCCCC3)CCC12)CCC1CCCCC1
C1CCC(CCC2CCC3C(CCC3C3CCCC(CCC4CCCC4)C3)C2)CC1
C1CCC2CCC3C4CCCC4CCC3C2CC1
C(CCCC1CCC2CCCC2C1)CCC1CCCCC1
C1CCC(CCC2(CCCC3CC4CCCCC4C3)CCC3C4CCC5CCCCC5C4CCC32)C1
C(CCC1CCC2CCC(C3CCCC4CCCC43)CC2C1)CC1CCC2CCCC2C1
C1CCC(C2CC3CCCCC3C3CCCCC23)CC1
C(CCCC1CCCC2C(C3CCCCC3)CCC12)CCC1CCCCC1
C1CCC(CCC2CC3CCCC3C3CCCC4CCCCC4C23)CC1
C1CCC(CCCC2CCCC3CCC(C4CCCC5CCCC54)CC3C2)CC1
C1CCC(CCC2CCC3C2CCC2C4CCCCC4CCC32)C1
C1CCC(CC2CCCCCC23CCC2C(CCC2C2CCCCC2)C3)CC1
C1CCC2C(C1)CCC1C2CCC2C3CCCC3CC21
C1CCC(CC2CCC3CC4C(CCCC45CCCC5)CC23)CC1
C1CCC(CCCCCC2CC3CCCCC3C2)CC1
C1CCC(CCC2CCCCC2)CC1
C1CCC(CCC2CCC3C(CCC4C5CCCC5CCC34)C2)CC1
C1CCC(CC2CC3CCCCC3C3CCC4CCCCC4C23)CC1
C1CCC(C2CCC3CC4(CCCCC4C4CCCCC4)CCCC32)CC1
C1CCC(CCCCCC2CCCC3C(C4CCCCC4)CCC23)CC1
C1CCC(CCC2CCC3C(CCC4C5CCCC5CC(CCC5CCCCC5)C34)C2)CC1
C1CCC(C2CCC3CC4C(CCC45CCCCCC5)CC32)CC1
C(CCCC1CCCC2CCCCC12)CCC1CCCC1
C1CCC(CCCCC2CC3CCCCC3C2)CC1
C1CCC2C(C1)CC(C1CCCC3CCCC31)C1CCCC21
C1CCC(CCC2CCCC3CCC4C(CCC4C4CCCCC4)CC23)CC1
C1CCC(CCCCCC2CCCC3C(C4CCCCC4)CCC23)CC1
C1CCC2CC(C3CCCC4CCCC43)CCC2C1
C1CCC(CCCCC2CC3CCCCC3C2)CC1
C1CCC(CCC2CCC(CCC3CCCC(CC4CCCC4)C3)CC2)CC1
C1CCC(C2CCC3CC4CCCCC4CC32)CC1
C1CCC2CC(C3CCCC4CCCC43)CCC2C1
C1CCC(CCCCC2CCC3C2CCC2C4CCCCC4CCC32)C1
C1CCC(CCC2CCC3C(CCC3C3CCCCC3)C2)CC1
C1CCC2CC(CC3CCCC4CCCC43)CCC2C1
C1CCC(CCCC2CCC3CCC(C4CCCC5CCCC54)CC3C2)CC1
C1CCC(C2CCC3C(CCC4CCCCC43)C2)CC1
C1CCC(CCCC2CCC3C(CCC3C3CCCCC3)C2)CC1
C1CCC2C(C1)CCC1C3CCCC3CCC21
C(CCCC1CCC2CCCC2C1)CCCC1CCC(C2CCCCC2)C1
C(CCC1CCC2CCCCC2C1)CCC1CCCC2CCCCC12
C1CCC(CC2CCC(CCCC3CCC4CCCC4C3)CC2)C1
C1CCC2C(C1)CCC1CCCCC12
C1CCC2CCC(C3CCCC4CCCC43)CC2CC1
C1CCC(CCCC2CCCC3CCC(C4CCCC5CCCC54)CC3C2)CC1
C1CCC(C2CCC3C(CCC34CCCC4)C3CCC4CCCCCC4C23)CC1
C(CCCC1CCCC2C(C3CCCCC3)CCC12)CCC1CCC(C2CCCC2)C1
C1CCC(CCCCC2CC3CCCCC3C2)CC1
C(CCCC1CCCCC1)CCCC1CCC(C2CCCCC2)C1
C1CCC2CC(C3CCCC4CCCC43)CCC2C1
C1CCC(CCC2CCC3C(CC4CCCCC4)CCC3C2)CC1
C1CCC(CCCCCC2CC3CCCCC3C2)CC1
C1CCC(C2CCC3CCC4(CCCCC4C4CCCCC4)CCC32)CC1
C1CCC(C2CCC3(CCCC4CC5C(CCC5C5CCCCC5)CC43)C2)CC1
C(CCC1CCC2C1CCC1C3CCCCC3CCC21)CC1CC2CCCCC2C1
C(CCC1CCCC2CCCC12)CC1CC2CCCCC2C1
C1CCC(CCCCCC2CC3CCCCC3C2)CC1
C1CCC2CC(CCCC3CCCC4C3CCC3C5CCCCC5CCC43)CC2C1
C1CCC(CCCCC2CCC3CCCCC23)CC1
C1CCC(CCC2CCC3C(CCC3C3CCCCC3)C2)CC1
C1CCC2C(C1)CCC1C3CCCC3CCCC21
C1CCC(CCCCCC2CCC3C(CCC3C3CCCCC3)C2)CC1
C1CCC(C2CC3CCCCC3C3CCC4CCCCC4C23)CC1
C1CCC2CCC3C4CCCC4CCC3C2CC1
C1CCC(CC2CCC3C(CCC3C3CCCCC3)C2)CC1
C1CCC(C2CC3CCCC3C3CCCC4CCCCC4C23)CC1
C1CCC(CCCCCC2CCCCC2)CC1
C1CCC(CCCCCC2CC3CCCCC3C2)CC1
C(CCCC1CCCC2C(C3CCCCC3)CCC12)CCC1CCCCC1
C1CCC2C(C1)CCC1C3CCCC3CCC21
C1CCC(CCCCC2CC3CCCCC3C2)CC1
C1CCC(C2CC3CCCC3C3CCC4CCCCC4C23)CC1
C1CCC(CCC(CCC2CCCCC2)CCC2CCC3CCCC3C2)CC1
C1CCC(C2CCC3CC4C(CCC32)CCC42CCCC2)CC1
C1CCC2CC3CCCCC3CCC2C1
C1CCC2C(C1)CCC1CCCCC12
C1CCC2C(C1)CCCC2CCCC1CCCC2CCCCC21
C1CCC2CCC3C4CCCCC4CCC3C2CC1
C1CCC(CCCCCC2CCC3C(CCC3C3CCCCC3)C2)CC1
C1CCC(CCC(CC2CC2)CC2CC3CCCCC3C2)CC1
C1CCC(C2CC3CCCC3C3CCC4CCCCCC4C23)CC1
C1CCC(CC2CCC(CC(CC3CCCCC3)C3CCCCC3)CC2)CC1
C1CCC(CCCC2CCC3CCC(C4CCCC5CCCC54)CC3C2)CC1
C1CCC2CC(CCCC3CCC4C3CCC3C5CCCCC5CCC43)CC2C1
C1CCC(C2CCC3C(CCCCCC4CCC(C5CCCC5)C4)CCCC23)CC1
C1CCC(C2CC3CCCC3C3CCC4CCCCCC4C23)CC1
C1CCC(CC2CC3CCCCC3C3CCC4CCCCC4C23)CC1
C1CCC(CCC2CCC3C2CCC(C2CCCCC2)C2C4CCCCC4CCC32)CC1
C1CCC(C2CC3CCCC3C3CCCC4CCCCC4C23)CC1
C1CCC2CC(CC3CCCC4CCCC43)CCC2C1
C(CCCC1CCCC2C(C3CCCCC3)CCC12)CCC1CCCCC1
C(CCCC1CCCC2C(C3CCCCC3)CCC12)CCC1CCCCC1
C(CCCCC1CCC(C2CCCCC2)C1)CCCC1CCCCC1
C1CCC(C2CC3CCCC3CC3CCC4CCCCC4C32)CC1
C1CCC(CCCCC2CCC3CCC(C4CCCC5CCCC54)CC3C2)CC1
C1CCC2CCC3CCCCC3C2CC1
C1CCC2CCC(C3CCCC4CCCC43)CC2CC1
C1CCC(CCC2CCC3C(CCC3C3CCCCC3)C2)CC1
C1CCC(CC(CC2CCCCC2)C2CCCCC2)CC1
C(CCCC1CCCC2C(C3CCCCC3)CCC12)CCC1CCCCC1
C1CCC(CCCCC2CC3CCCCC3C2)CC1
C1CCC2C(C1)CCCC2CCCC1CCCC2CCCCC21
C1CC2CC3CCC4C5CCCCC5CCC4C3CC2C1
C1CCC(CC2CC3CCCCC3C3CCC4CCCCC4C23)CC1
C(CCC1CCC2C1CCC1C3CCCCC3CCC21)CC1CC2CCCCC2C1
C1CCC(C2CCC3C(CCC34CCCC4)C3CCC4CCCCC4C23)CC1
C1CCC2C(C1)CCC1CCCCC12
C1CCC(C2CCC3CC4C(CCC5C6CCC(CCCCC7CCC8CCCCC8C7)C6CCC45)CC32)CC1
C1CCC(CC(CC2CCCCC2)C2CCCCC2)CC1
C1CCC(CCCCC2CC3CCCCC3C2)CC1
C1CCC2CCC3C4CCC(CCCC5CCCC6CCCCC65)C4CCC3C2CC1
C1CCC(CCC2CCC3C(CCCC4CCCCC43)C2)CC1
C1CCC(C2CCC3C(CCC4CCCCC43)C2)CC1
C1CCC(CCC2CCC3C(CCC3C3CCCCC3)C2)CC1
C1CCC(CCC2CCC3C(CCC3C3CCCCC3)C2)CC1
C1CCC(CC2CC3CCCCC3C3CCC4CCCCCC4C23)CC1
C1CCC(CCCCCC2CC3CCCCC3C2)CC1
C1CCC(CC2CC3CCCCC3C3CCC4CCCCC4C23)C1
C1CCC(CCCCC2CC3CCCCC3C2C2CCCCC2)CC1
C1CCC(C2CCC3CC4C(CCC5C6CCC(CCCC7CC8CCCCC8C7)C6CCCC45)CC32)CC1
C(CCC1CCC2C1CCC1C3CCCCC3CCC21)CC1CC2CCCCC2C1
C1CCC(CC2CC3CCCCC3C3CCC4CCCCCC4C23)CC1
C1CCC(CC2CC3CCCCC3C2C2CCCCC2)CC1
C1CCC(CCCCC2CC3CCCCC3C2)CC1
C1CCC(CCC2CCC3C(CCC3C3CCCC(CCCC4CCCC4)C3)C2)CC1
C1CCC(CCC2CCC3C2CCC(CC2CCCCC2)C2C4CCCCC4CCC32)CC1
C1CCC2CC(CCCC3CCC4C3CCC3C5CCCCC5CCCC43)CCC2C1
C1CCC(C2CCC(CCCCCC3CCCC4CCCCC34)C2)CC1
C1CCC(CCCCC2CCC3CCCCC23)CC1
C1CCC2CC(CCCC3CCC4CC5CCC6CCCCC6C5CCC34)CC2C1
C1CCC(CCCC2CCCC3CC4C(CCC4C4CCCCC4)CC23)CC1
C(CCCC1CCCC2C(C3CCCCC3)CCC12)CCC1CCCCC1
C1CCC(CCC2CCC3C(CCC3C3CCCCC3)C2)CC1
C(CCC1CCC2CCCCC2C1)CCC1CCCC2CCCCC12
C1CCC(CCC2CCC(CC3CC3)CC2)CC1
C1CCC(CCCC2CCC3CCC(C4CCCC5CCCC54)CC3C2)CC1
C1CCC(C2CCC3C(CCC34CCCC4)C3CCC4CCCCC4C23)CC1
C1CCC2C(C1)CCCC1CCCCC12
C1CCC2C(C1)CCC1C3CCCC3CCC21
C1CCC(CCCCC2CCC3C2CCC2C4CC5CCC(C6CCCCC6)C5CC4CCC32)CC1
C(CCC1CCCC2CCCCC12)CC1CCCC2CCCCC12
C1CCC(C2CCC3CCCC3C3CCC4CCCCC4C23)CC1
C(CCCC1CCCC2C(C3CCCCC3)CCC12)CCC1CCCCC1
C1CCC(C2CC3CCCC3C3CCC4CCCCC4C23)CC1
C1CCC(CC2CC3CCCC3C3CCC4CCCCC4C23)CC1
C1CCC(CCC2CCC(C3CC3)CC2)CC1
C1CCC(C2(CCCCC3CCC4CCCCC4C3)CCCC3CCCCC32)CC1
C1CCC2CC(CCCC3CCCC4CCCCC43)CC2C1
C(CCCC1CCCC2C(C3CCCCC3)CCC12)CCC1CCCCC1
C1CCC2C(C1)CCC1C3CCCCC3CCC21
C(CCC1CCC2C1CCC1C3CCCCC3CCC21)CC1CC2CCCCC2C1
C(CCCCC1CCC(C2CCCCC2)C1)CCCC1CCCCC1
C1CCC2C(C1)CCCC2CCCC1CCCC2CCCCC21
C1CCC(C2CC3CCCC3C3CCCC4CCCCC4C23)CC1
C1CCC(CCCCC2CCC3CCCCC23)CC1
C1CCC(C2CC3CCCC3C3CCC4CCCCC4C23)CC1
C(CCC1CCCCC2CCCCC12)CC1CCC2CCCCC2C1
C1CCC(CC2CCC3C(CCC3C3CCCCC3)C2)CC1
C1CCC(CC2CC3CCCC3C3CCC4CCCCC4C23)CC1
C1CCC(C2CCC3CCC(C4CCCC4)CC32)CC1
C1CCC(C2CCC(CCCC3CCC4C3CCC3C5CCCCC5CCCC43)C2)CC1
C1CCC2CCC3C4CCCC4CCC3C2CC1
C1CCC2CC(CCCC3CCC4C3CCCC3C5CCCCC5CCC34)CCC2C1
C1CCC(CC2CCC3C(CCC3C3CCCCC3)C2)CC1
C1CCC(CCC2CCC3C(CCC3C3CCCCC3)C2)CC1
C1CCC(CC2CCC(CC(CC3CCCCC3)C3CCCCC3)CC2)CC1
C1CCC2CCC3C4CCCC4CCC3C2CC1
C1CCC2CC(CCCC3CCC4C3CCC3C5CCCCC5CCC43)CC2C1
C1CCC(C2CCC3CC4C(CCC5C6CCC(CCCC7CC8CCCCC8C7)C6CCCC45)CC32)CC1
C1CCC(C2CC3CCCC3C3CCC4CCCCC4C23)CC1
C1CCC2C(C1)CCC1C3CCCCC3CCCC21
C1CCC2CCC(C3CCCC4CCCC43)CC2CC1
C(CCC1CCCC2CCCCC12)CC1CCC2CCCCC2C1
C1CCC2C(C1)CCC1C3CCCC3CCC21
C1CCC(CCCCC2CCC3CCCC3C2)CC1
C1CCC(CCC2(CCCC3CC4CCCCC4C3)CCC3C4CCCC5CCCCC5C4CCC32)C1
C(CCC1CCCC2CCCC12)CC1CC2CCCCC2C1
C1CCC(C2CC3CCCC3C3CCC4CCCCC4C23)CC1
C1CCC2CC(C3CCCC4CCCC43)CCC2C1
C1CCC(C2CCC(CCCCCC3CCCC4CCCCC34)C2)CC1
C(CCCCC1CCC(C2CCCCC2)C1)CCCC1CCC2CCCC2C1
C1CCC(CCCCCC2CCCC3C2CCC3C2CCCC(CC3CCCCC3)C2)CC1
C1CCC(C2CCC3CC4C(CCCC4CC4CCC5CCCCC54)CCC32)CC1
C1CCC(CCCC(CC2CC3CCCCC3C2)C2CC2)CC1
C1CCC(CC2CC3CCCCC3C3CCC4CCCCCC4C23)CC1
C1CCC(C2CCC3CCC4(CCCCC4)C3C2)CC1
C1CCC2CCC(C3CCCC4CCCC43)CC2CC1
C1CCC2C(C1)CCC1C3CCCCC3CCC21
C1CCC2CCC(C3CCCC4CCCC43)CC2CC1
C1CCC2CCC(C3CCCC4CCCC43)CC2CC1
C1CCC(CCCCCC2CCCC3C(C4CCCCC4)CCC23)CC1
C1CCC(CCCCC2CCC3CCCCC23)CC1
C1CCC2C(C1)CCCC1C3CCCC3CCC21
C1CCC2CCC3C(CCC4C3CCC4(CCCC3CCC4CCCCC4C3)CCC3CCCC3)C2CC1
C1CCC2C(C1)CCC1C3CCCC3CCC21
C1CCC(CCCCC2CC3CCCCC3C2)CC1
C(CCC1CCCC2CCCC12)CC1CC2CCCCC2C1
C1CCC(CC(CC2CCCCC2)C2CCCCC2)CC1
C1CCC(C2CCC3CC4C(CCC5C6CCC(CCCC7CCC8CCCCC8C7)C6CCC45)CC32)CC1
C1CCC(C2CCC3CC4C(CCCC45CCCC5)CC32)CC1
C1CCC2C(C1)CCC1C3CCCC3CCC21
C1CCC(CCCC2CCC3CCC(C4CCCC5CCCC54)CC3C2)CC1
C1CCC(CCCCCC2CC3CCCCC3C2)CC1
C1CCC(CCC2CCC3C(CCC4CC5CCCC5CC(CCC5CCCCC5)C43)C2)CC1
C1CCC2CC(CC3CCCC4CCCC43)CCC2C1
C1CCC(CC2CC3CCCCC3C3CCC4CCCCCC4C23)CC1
C1CCC2CC(C3CCCC4CCCC43)CCC2C1
C1CCC(CCC2CCC3C(CCC4C5CCCC5CCC34)C2)CC1
C1CCC2CC(C3CCCC4CCCC43)CCC2C1
C1CCC(CCCC2CCC(C3CCC4C(CC5CCCCC5)CCC4C3)CC2)CC1
C1CCC(CCCCCC2CCC3CCCCC23)CC1
C1CCC(C2CCC3CC4(CCCCCCC4C4CCCCC4)CCC32)CC1
C1CCC2C(C1)CCCC1C3CCCC3CCC21
C1CCC2CCC3C4CCCCC4CC(CC4CCCC(C5CCCC5)C4)C3C2CC1
C1CCC2CCC3C4CCCC4CC(C4CCC(C5CCC(CCCCC6CCC7C(CCC8C9CCCC9CCC78)C6)CC5)CC4)C3C2CC1
C1CCC(C2CCC3CCCC3C3CCC4CCCCC4C23)CC1
C1CCC(CCCC2CCCCC3CCC(C4CCCC5CCCC54)CC23)CC1
C1CCC(CCC2CCC3C2CCC2C4CCCCC4CCC32)C1
C(CCC1CCC2CCCCC2C1)CCC1CCCC2CCCCC12
C1CCC(CCC2CCC3C(CCC3C3CCCCC3)C2)CC1
C1CCC(CCCCC2CCC3CCCCC23)CC1
C1CCC(CCCCCC2CCC3CCCCC23)CC1
C1CCC2CCC3C4CCC(CCCC5CCC6CCCCC6C5)C4CCC3C2CC1
C(CCC1CCC2CCCC2C1)CC1CCC(C2CCCC2)CC1
C1CCC(C2CC3CCCC3C3CCC4CCCCC4CC23)CC1
C1CCC(C2CCC3CC4C(CCC5C6CCC(CCCCC7CCC8CCCCC8C7)C6CCC45)CC32)CC1
C1CCC2CCC3C4CCCCC4CC(CC4CCCC4)C3C2CC1
C1CCC(CCCCC2CCC3CCC(C4CCCC5CCCC54)CC3C2)CC1
C1CCC(CCCCC2CCCC3CCCCC23)CC1
C1CCC(CCCCCC2CC3CCCCC3C2)CC1
C1CCC(CCC2CC3CCCCC3C3CCC4CCCCC4C23)CC1
C(CCCC1CCC2C(CCC2C2CCCCC2)C1)CCC1CCCCC1
C1CCC(C2CC3CCCC3C3CCC4CCCCC4C23)CC1
C1CCC(CCCCCC2CC3CCCCC3C2)CC1
C1CCC(CCC2CCC3C(CCC3C3CCCC3)C2)CC1
C1CCC(CCCCCC2CC3CCCCC3C2)CC1
C1CCC(CCCCC2CC3CCCCC3C2)CC1
C1CCC(C2CC3CCCC3C3CCC4CCCCC4C23)CC1
C1CCC(C2CCC3CCC4(CCCCCC4)C3C2)CC1
C1CCC(C2CCC3C(CCC4CCCCC43)C2)CC1
C(CCC1CCCC2CCCCC12)CC1CC2CCCCC2C1
C(CCCC1CCCC2C(C3CCCCC3)CCC12)CCC1CCCCC1
C1CCC2CC(CC3CCCC4CCCC43)CCC2C1
C1CCC(CCC2CCC3C(CCC4C5CCCC5CCC34)C2)CC1
C(CCC1CCCCC2CCCCC12)CC1CCC2CCCCC2C1
C1CCC(CCC2CCC(CCC3CCCCC3)CC2)CC1
C1CCC(C2CCC3CC(C4CCC(CCC5CCCC5)CC4)CCC32)CC1
C1CCC(C2CCC3CC4(CCCCC4C4CCCCC4)CCC32)CC1
C1CCC2C(C1)CCCC1CCCCC12
C1CCC(CC2CC3CCCCC3C3CCC4CCCCCC4C23)CC1
C1CCC(CCC(CCC2CCC3CCCCC3C2)CC2CCCCC2)CC1
C1CCC2CCC3C4CCCC4CCC3C2CC1
C1CC2CCC3C(CCC4CCCCC43)CC2C1
C1CCC2CC(CCCC3CCC4C3CCC3C5CCCCC5CCC43)CC2C1
C1CCC(C2CCC(CCCCCC3CCCC4CCCCC34)C2)CC1
C(CCC1CCC2CCCCC2C1)CCC1CCCC2CCCCC12
C1CCC(C2CCC3CCC4(CCCCC4)C3C2)CC1
C1CCC2C(C1)CCC1CCCCC12
C1CCC(CC2CC3CCCCC3C3CCC4CCCCC4C23)CC1
C1CCC(C2CCC3CC4(CCCCCC4C4CCCCC4)CCC32)CC1
C1CC2CCC3C(CCC4CCCCC43)CC2C1
C1CCC(C2CCC(CCCCCC3(C4CCCCC4)CCCC3)C2)CC1
C1CCC(C2CCC3C(CCC4CCCCC43)C2)CC1
C1CCC(C2CCC3CCCC3C3CCC4CCCCCC4C23)CC1
C1CCC(CCCCCC2CCC3CCCCC23)CC1
C(CCC1CCCC2CCCCC12)CCC1CCCC2CCCCC12
C1CCC(CCC2CCC3C(CCC3C3CCCCC3)C2)CC1
C1CCC(CC2CCC(CC(CC3CCCCC3)C3CCCCC3)CC2)CC1
C1CCC2CCC3C4CCCCC4CC(CC4CCCC4)C3C2CC1
C1CCC(CCC2CCC3C(CCC4CC(C5CCCCC5)CCC43)C2)CC1
C1CCC(CCC2CCC3C(CCC3C3CCCC(CC4CCCCC4)C3)C2)CC1
C1CCC(C2CCC3CC4C(CC5CC6CCCCC6C5)CCCC4CC32)CC1
C(CCCC1CCCC2C(C3CCCCC3)CCC12)CCC1CCCCC1
C1CCC(CCCC2(CCC3CCCC3)CCC3C4CCC5CCCCC5C4CCCC32)CC1
C1CCC(CCCCC2CC3CCCCC3C2)CC1
C1CCC(CCCC2CCC(CCC3CCCCC3)CC2)CC1
C1CCC(CCC2(CCCC3CC4CCCCC4C3)CCC3C4CCC5CCCCC5C4CCC32)C1
C1CCC2CCC3C4CCCCC4CC(CC4CCCC4)C3C2CC1
C1CCC(C2CCC3C(CCC4CCCCC43)C2)CC1
C1CCC(C2CCC3CCC4CCCCC4CC32)CC1
C(CCC1CCCC2CCCCC12)CC1CCC2CCCCC2C1
C1CCC(C2CCC3CCCC3C3CCC4CCCCC4C23)CC1
C(CCCC1CCCCC1)CCCC1CCC(CC2CCCCC2)C1
C1CCC(CCCC2CCC3CCC(C4CCCC5CCCC54)CC3C2)CC1
C1CCC2CCC(C3CCCC4CCCC43)CC2CC1
C1CCC(CCC2CCC3C(CC4CCCCC4)CCC3C2)CC1
C1CCC(CCCCCC2CCCC3C(C4CCCCC4)CCC23)CC1
C1CCC(C2CC3CCCC3C3CCC4CCCCCC4C23)CC1
C1CCC(C2CCCC(CC3CC4CCCCC4C4CCC5CCCCC5C34)C2)C1
C1CCC(CCC2CCC3C2CCC(C2CCCCC2)C2C4CCCCCC4CCC32)CC1
C1CCC2CC(CCCC3CCCC4CCCCC43)CCCC2C1
C1CCC2C(C1)CCCC1C3CCCC3CCC21
C1CCC(CCCCCC2CC3CCCCC3C2)CC1
C1CCC(C2CC3CCCC3C3CCC4CCCCCC4C23)CC1
C(CCCCC1CCC(C2CCCCC2)C1)CCCC1CCC2CCCC2C1
C1CCC(CC2CCC(CC(CC3CCCCC3)C3CCCCC3)CC2)CC1
C1CCC(C2CC3CCCCC3CC3CCCCC32)CC1
C1CCC(CCCCCC2CC3CCCCC3C2)CC1
C1CCC(CCCCC2CC3CCCCC3C2)CC1
C1CCC(CCCC2CCCC3CCC(CC4CCCC5CCCC54)CC23)CC1
C1CCC(C2CC3CCCC3C3CCC4CCCCC4C23)CC1
C1CCC(C2CCC(C3CC4CCCC4C4CCC5CCCCC5C34)CC2)CC1
C1CCC(CCCC2CCCC3CC4C(CCC4C4CCCCC4)CC23)CC1
C1CCC2CCC(C3CCCC4CCCC43)CC2CC1
C1CCC(CCCCC2CC3CCCCC3C2)CC1
C1CCC2C(C1)CCC1C3CCCC3CCCC21
C(CCCC1CCCCC1)CCCC1CCC(C2CCCCC2)C1
C1CCC(C2CC3CCCC3C3CCC4CCCCC4C23)CC1
C1CCC(C2CC3CCCC3C3CCCC4CCCCC4C23)CC1
C1CCC(C2CC3CCCC3C3CCC4CCCCCC4C23)CC1
C(CCC1CCCC2CCCCC12)CCC1CCCC2CCCCC12
C1CCC2C(C1)CCC1C2CCC2C3CCCC3CC21
C1CCC2CCC3C(CCC4C3CCC4(CCCC3CC4CCCCC4C3)CCC3CCCC3)C2CC1
C1CCC(CC2CCC(CC(CC3CCCCC3)C3CCCCC3)CC2)CC1
C(CCCCC1CCC(C2CCCCC2)C1)CCCC1CCCCC1
C1CCC(CC2CCC3CC4C(CCC45CCC(C4CCCCC4)C5)CC23)CC1
C(CCCC1CCCC2CCCCC12)CCC1CCC(C2CCCC2)C1
C1CCC(C2CCC3CC4C(CCCC45CCCCC5)CCC32)CC1
C(CC1CCC2CCCC2C1)CC1CCC2CCC(C3CCCC4CCCC43)CC2C1
C1CCC(C2CC3CCCCC3C3CCC4CCCCC4C23)CC1
C1CCC(CC2CC3CCCCC3C3CCC4CCCCCC4C23)CC1
C1CCC(CCCC2CCCC(C3CCC4CC(CCCC5CCC6CCCCC6C5)CCC43)C2)CC1
C1CCC(CCCC2CCC3CCC(C4CCCC5CCCC54)CC3C2)CC1
C1CCC(C2CCC3CCCC3C3CCC4CCCCC4C23)CC1
C1CCC2CC(CCCC3CCC4CC5CCC6CCCCC6C5CCC34)CC2C1
C1CCC(CC2CC3CCCCC3C3CCC4CCCCCC4C23)CC1
C1CCC(CCC(CCCC2CCC3CCCC3C2)CC2CCCCC2)CC1
C1CCC(CCC2(CCCC3CC4CCCCC4C3)CCCC3C4CCC5CCCCC5C4CCC32)C1
C1CCC(C2CCC3CCC4(CCCCC4)C3C2)CC1
C1CCC(CCC2(CCCCC3CC4CCCCC4C3)CCC3C4CCC5CCCCC5C4CCC32)C1
C1CCC(CC2CCC3CC4(CCCCCC4CC4CCCCC4)CCC23)CC1
C1CCC(CC2CC3CCCCC3C3CCC4CCCCC4C23)C1
C1CCC2C(C1)CCCC1CCCCC12
C(CCC1CCCC2CCCC12)CC1CC2CCCCC2C1
C1CCC(CCC(CCC2CCCCC2)CCC2CCC3CCCC3C2)CC1
C1CCC(CCCCCC2CCCC3C(C4CCCCC4)CCC23)CC1
C1CCC(C2CCC(CCCCCC3CCCC4CCCCC34)C2)CC1
C1CCC(C2CC3CCCC3C3CCC4CCCCC4C23)CC1
C1CCC2CC(C3CCCC4CCCC43)CCC2C1
C1CCC2C(C1)CCC1C3CCCC3CCC21
C1CCC(CCCC2CCC3CCC(C4CCCC5CCCC54)CC3C2)CC1
C1CCC2CCC3CCCCC3C2CC1
C(CCC1CC2CCCCC2C1)CCC1CCCC2CCCC12
C1CCC2C(C1)CCC1C3CCCC3CCC21
C1CCC2C(C1)CC(C1CCCC1)C1CCCC21
C1CCC(CCCCCC2CCCC3C(C4CCCCC4)CCC23)CC1
C1CC2CCC3C(CCC4CCCCC43)CC2C1
C1CCC(C2CCC(C3CC4CCCC4C4CCC5CCCCC5C34)CC2)C1
C(CCC1CCC2CCCCC2C1)CCC1(C2CCCC2)CCCC2CCCCC21
C(CCC1CCCC1)CCC1CCCC2CCCCC12
C1CCC2C(C1)CC(C1CCCC3CCCC31)C1CCCC21
C1CCC(CCCCC2CCC3CCC(C4CCCC5CCCC54)CC3C2)CC1
C1CCC(CCCCC2CC3CCCCC3C2)CC1
C1CCC(C2CCC3CCC(C4CCCC4)CC32)CC1
C1CCC2CC(CC3CCCC4CCCC43)CCC2C1
C1CCC(CCCCC(CC2CCC3C(CCC3C3CCCCC3)C2)C2CCCCC2)CC1
C1CCC(CCCCC2CCC3CCCCC23)CC1
C1CC2CCCC3C(CCC4CCC5CC5C43)C2C1
C1CCC(C2CC3CCCC3C3CCC4CCCCCC4C23)CC1
C1CCC(C2CCC3CC4C(CCCC45CCCCC5)CCC32)CC1
C1CCC(CCCCC2C(CC3CCCC4CCCC43)CCC3CCCCC32)CC1
C1CCC(C2CCC3CC4C(CCC5CC6CCCCC6C5)CCCC4CC32)CC1
C1CCC2C(C1)CCC1C3CCCCC3CCC21
C1CCC(C2CC3CCCC3C3CCC4CCCCC4C23)CC1
C1CCC2CC3CCC4CCCC4C3CCC2C1
C1CCC(C2CC3CCCC3C3CCC4CCCCC4C23)CC1
C1CCC(CCCCC2CC3CCCCC3C2)CC1
C1CCC(CCC2CCC3C2CCC2C4CCCCC4CCC32)C1
C1CCC(CC(CC2CCCCC2)C2CCCCC2)CC1
C1CCC2CC(C3CCCC4CCCC43)CCC2C1
C1CCC(CCC2CCC3C(CCC4C5CCCC5CCC34)C2)CC1
C1CCC(C2CC3CCCC3C3CCC4CCCCC4C23)CC1
C1CCC(C2CC3CCCC3C3CCCC4CCCCC4C23)CC1
C1CCC(CC2CCC3CC4C(CCC45CCCCC5)CC23)CC1
C1CCC(C2CC3CCCC3C3CCC4CCCCCC4C23)CC1
C(CCCC1CCCC2C(C3CCCCC3)CCC12)CCC1CCCCC1
C1CCC2CCC(C3CCCC4CCCC43)CC2CC1
C1CCC(CCCCCC2CCCC3C(C4CCCCC4)CCC23)CC1
C1CCC2CCC3C4CCCC4CCC3C2CC1
C1CCC(C2CC3CCCC3C3CCC4CCCCCC4C23)CC1
C1CCC(CCCC2CCCC(C3CCC4CC(CCC5CCC6CCCCCC6C5)CCC43)C2)CC1
C1CCC(C2CCC3CCCC3C3CCC4CCCCC4C23)CC1
C(CCC1CCCC2CCCC12)CC1CC2CCCCC2C1
C1CCC(CCCCC2CCC3CCCCC23)CC1
C1CCC(C2CCC3C(CCC3C3CCCCC3)C2)CC1
C1CCC(C2CC3CCCCC3C3CCC(CCC4CCCC4)CC3C2)CC1
C1CCC(CCCCC2CCC3C2CCCC2C4CCCCC4CCC23)CC1
C1CCC(CC2CCC3C(CCCCCC4CCC(C5CCCC5)C4)CCCC23)CC1
C1CCC(C2CCC3CCCC3C3CCC4CCCCCC4C23)CC1
C1CCC2CC(C3CCCC4CCCC43)CCC2C1
C1CCC(C2CC3CCCCC3CC3CCCCC32)CC1
C(CCCC1CCCC2C1CCC2C1CCCC(CC2CC2)C1)CCC1CCCCC1
C1CCC2CCC3C4CCCCC4CC(CC4CCCC4)C3C2CC1
C1CCC(CCCCCC2CCCCC2)CC1
C(CCC1CCCC2CCCC12)CC1CC2CCCCC2C1
C1CCC2C(C1)CCC1C3CCCC3CCC21
C1CCC(C2CC3CCCC3C3CCC4CCCCC4CC23)CC1
C1CCC(CCC2CCCC3CC4C(CCC23)CCC4C2CCCCC2)CC1
C1CCC(CCCCC2CC3CCCCC3C2)CC1
C(CCC1CCC2CCCCC2C1)CCC1CCCC2CCCCC12
C1CCC(CC2CCC3CCCCC3C3CCC4CCCCC4C23)C1
C1CCC(C2CCC3CC4C(CCC32)CCC2C3CCC(CCCC5CC6CCCCC6C5)C3CCC42)CC1
C1CCC(CCCC2CCC3CCC(C4CCCC5CCCC54)CC3C2)CC1
C1CCC(CCC2CCC3C(CCC3C3CCCC(CCC4CCCC4)C3)C2)CC1
C1CCC(CCCCCC2CC3CCCCC3C2)CC1
C1CCC(CCCCCC2CCCC3C(C4CCCCC4)CCC23)CC1
C1CCC(C2CC3CCCC3C3CCC4CCCCC4C3C2)CC1
C1CCC(C2CCC3CC4C(CCC5C6CCC(CCCC7CCC8CCCCC8C7)C6CCCC45)CC32)CC1
C(CCCC1CCCC2C(C3CCCCC3)CCC12)CCC1CCCCC1
C1CCC(CCC2CCC3C(CCC4C5CCCCC5CC(CCC5CCCCC5)C34)C2)CC1
C(CCCC1CCCCC1)CCCC1CCC(C2CCCCC2)C1
C1CCC(CCCCCC2CCC3CCCCC23)CC1
C1CCC(CCCC2CCC(C3CCC4C(CCC4C4CCCCC4)C3)CC2)CC1
C1CCC(CCC2CCC3C2CCC(C2CCCCC2)C2C4CCCCC4CCC32)CC1
C1CCC(CC2CC3CCCCC3C3CCC4CCCCC4C23)CC1
C1CCC(CCCCC2CC3CCCCC3C2)CC1
C1CCC2CCC(C3CCCC4CCCC43)CC2CC1
C1CCC(CCCC2CCC3CCC(C4CCCC5CCCC54)CC3C2)CC1
C1CCC(CCCC2CCC(C3CCC4C(CCC4C4CCCCC4)C3)CC2)CC1
C1CCC(CCC2CCC3C(CCC3C3CCCCC3)C2)CC1
C1CCC(CCC2CCCCC3CC4C(CCC4C4CCCCC4)CC23)CC1
C(CCC1CC2CCCCC2C1)CCC1CCCC2CCCC12
C1CCC2CC(C3CCCC4CCCC43)C3CCCC3C2CC1
C1CCC2CC(C3CCCC4CCCC43)CCC2C1
C1CCC(C2C3CCCCC3CC3CC4CCCC4CC32)CC1
C(CCCC1CCCCC1)CCCC1CCC(C2CCCCC2)C1
C1CCC(C2CCC3CCCC3C3CCC4CCCCCC4C23)CC1
C1CCC(C2CCC3CCCC3C3CCC4CCCCC4C23)CC1
C1CCC(CCC2CC3CCCC3C3CCC4CCCCC4C23)CC1
C1CCC2C(C1)CCC1C3CCCC3CCC21
C1CCC(C2CCC(C3CC4CCCC4C4CCC5CCCCC5C34)CC2)C1
C1CCC(C2CCC3CC4C(CCC5C6CCC(CCCC7CCC8CCCCC8C7)C6CCC45)CC32)CC1
C1CCC(CC2CC3CCCCC3C3CCC4CCCCC4C23)CC1
C1CCC(CCCCCC2CC3CCCCC3C2)CC1
C1CCC2C(C1)CCC1C3CCCC3CCC21
C1CCC2CCC(C3CCCC3)CC2CC1
C1CCC(CCCCCC2CC3CCCCC3C2)CC1
C1CCC(C2CCC3CC4C(CC5CCC6CCCCC65)CCCCC4CC32)CC1
C1CCC(CCC2CCC3C(CCC3C3CCCC(CCC4CCCC4)C3)C2)CC1
C1CCC2C(C1)CCC1C3CCCC3CCC21
C1CCC(CCC2CCC(C3CC3)CC2)CC1
C1CCC2C(C1)CCC1CC3CC4CCCC4C3CCC12
C1CCC(CCC2CCC3C(CCC3C3CCCCC3)C2)CC1
C1CCC(CCCC(CC2CC3CCCCC3C2)C2CC2)CC1
C1CCC(CCCCCC2CCCC3C(C4CCCCC4)CCC23)CC1
C1CCC(C2CCC3CC4C(CCC32)CCC42CCCC2)CC1
C1CCC(CCCCC2CCC3CCCCC23)CC1
C(CCC1CC2CCCCC2C1)CCC1CCCC2CCCC12
C1CCC(CCCCCC2CCCC3C2CCC3C2CCC(CCC3CC3)CC2)CC1
C1CCC2CCC3C4CCCC4CCC3C2CC1
C(CCCCCCC1CCC(CCC2CCC(CCC3CCCC3)C2)C1)CCCCCCC1CCC2C1CCC1C3CCCCC3CCC21
C1CCC(CC2CCC3C(CCC3C3CCCCC3)C2)CC1
C(CCCC1CCCC2C(C3CCCCC3)CCC12)CCC1CCCCC1
C1CCC(CCCC2CCC3C2CCC2C4CCCCC4CCC32)CC1
C1CCC2C(C1)CCC1CCCCC12
C1CCC2C(C1)CCC1CCCCC12
C1CCC(C2CCC3C(CCC4CCCCC43)C2)CC1
C1CCC(CCCCC2CC3CCCCC3C2)CC1
C1CCC2CC(CCCC3CCC4C3CCCC3C5CCCCC5CCC34)CC2C1
C(CCCC1CCCC2C(C3CCCCC3)CCC12)CCC1CCCCC1
C1CCC(CCCC2CCC(CCC3CCCC(CC4CCCC4)C3)CC2)CC1
C1CCC(C2CC3CCCC3C3CCC4CCCCC4C23)CC1
C1CCC(C2CC3CCCC3C3CCC4CCCCC4C23)CC1
C1CCC(CCCCCC2CC3CCCCC3C2)CC1
C1CCC(CCCCCC2CC3CCCCC3C2)CC1
C1CCC(CCCC(CCC2CCC3CCCC3C2)CC2CCCCC2)CC1
C1CCC(C2CCC3(CCC4CC5C(CCC5C5CCCCC5)CCC43)C2)CC1
C1CC2CCC3C(CCC4CCC5CCC5C43)C2C1
C1CCC(C2CC3CCCC3C3CCC4CCCCC4C23)CC1
C1CCC(CC2CCC3C(CCC4CCCCC43)C2)CC1
C(CCCC1CCCCC1)CCCC1CCC(C2CCCCC2)C1
C1CCC(CCCCC2CC3CCCCC3C2)CC1
C1CCC(C2CC3CCCC3C3CCC4CCCCCC4C23)CC1
C1CCC(C2CCCCC2CC2CC3CCCCC3C3CCC4CCCCC4C23)CC1
C1CCC(CCCCC2CCC3C2CCC2C4CC5CCC(C6CCCCC6)C5CC4CCC32)CC1
C1CCC2CC(CCCC3CCCC4CCCCC43)CCCC2C1
C1CCC(CC2CC3CCCCC3C3CCC4CCCCCC4C23)CC1
C1CCC(CCC2CCC3C(CCC3C3CCCCC3)C2)CC1
C1CCC(CCCC2CCC3CCC(C4CCCC5CCCC54)CC3C2)CC1
C1CCC(C2CCC3CCC4CCCCC4C3CC2)C1
C1CCC(CCCCCC2CCC3CCCCC23)CC1
C1CCC2CC(C3CCCC4CCCC43)CCC2C1
C1CCC(CCCCCC2CCC3CCCCC23)CC1
C1CCC(CCCC2CCC3CCC(CC4CCCC5CCCC54)CC3C2)CC1
C(CCCCC1CCCC(CC(CC2CCC(CC3CCCCC3)CC2)C2CCCCC2)C1)CCCCC1CCC2C(CCC3C4CCCC4CCC23)C1
C1CCC2C(C1)CCC1C3CCCC3CCC21
C1CCC2CCC3C4CCC(CCCC5CC6CCCCC6C5)C4CCC3C2CC1
C1CCC(C2CCC3C(CCCCCC4CCC(C5CCCC5)C4)CCCC23)CC1
C1CCC(C2CCC3CC4C(CCC45CCCCCC5)CC32)CC1
C1CCC(CCC2CCC3C(CCC4CCCCCC43)C2)CC1
C1CCC(CCCCC2CCC3CCCCC23)CC1
C1CCC(CC2CCCC(CC3CC4CCCCC4C4CCC5CCCCC5C34)C2)C1
C1CCC(C2CCC3CC4C(CCC45CCCC5)CC32)CC1
C(CCCC1CCCCC1)CCCC1CCC(CC2CCCCC2)C1
C(CCC1CCCCC2CCCCC12)CC1CCC2CCCCC2C1
C(CCC1CCC2C1CCC1C3CCCCC3CCC21)CC1CC2CCCCC2C1
C1CCC2CCC3C4CCCC4CCC3C2CC1
C1CCC2CC(CCCC3CCCC4C3CCC3C5CCCCC5CCC43)CC2C1
C1CCC(C2CCC3CC4C(CCC45CCCC5)CC32)CC1
C1CCC2CCC(C3CCCC4CCCC43)CC2CC1
C1CCC(CCCCCC2CCC3CCCCC23)CC1
C1CCC(CCCCCC2CCCC3C(CC4CCCCC4)CCC23)CC1
C1CCC2C(C1)CCC1C3CCCCC3CCC21
C1CCC(C2CCC3CC4C(CCC45CCCC5)CC32)CC1
C(CCC1CCCC2CCCC12)CC1CC2CCCCC2C1
C1CCC2CC(C3CCCC3)CCC2C1
C1CCC2CCC3C4CCC(CCCC5CCC6CCCCC6C5)C4CCC3C2CC1
C1CCC(C2CCC3CC4C(CCC5C6CCC(CCCC7CCCC8CCCCC87)C6CCC45)CC32)CC1
C1CCC(C2CC3CCCCC3C3CCCCC23)CC1
C1CCC2C(C1)CCC1C3CCCC3CCC21
C(CCC1CCCC2CCCC12)CC1CC2CCCCC2C1
C1CCC(C2CC3CCCC3C3CCC4CCCCCC4C23)CC1
C1CCC(CCCCCC2CCC3CCCCC23)CC1
C1CCC2C(C1)CCC1C3CCCC3CCC21
C1CCC(C2CCC3CC4C(CCC5C6CCCC(CCCC7CC8CCCCC8C7)C6CCC45)CC32)CC1
C1CCC(CCCC(CCC2CCC3CCCC3C2)CC2CCCCC2)CC1
C1CCC2C(C1)CCC1C2CCC2C3CCCC3CCC21
C1CCC2C(C1)CCC1C2CCC2C3CCCC3CC21
C1CCC(CCCC2CCC3CCC(C4CCCC5CCCC54)CC3C2)CC1
C1CCC(C2CCC3CC4(CCCCCC4C4CCCCC4)CCC32)CC1
C1CCC(CCC2CCCCC3CC4C(CCC4C4CCCCC4)CC23)CC1
C1CCC(CC2CC3CCCCC3C3CCC4CCCCCC4C23)CC1
C1CCC2C(C1)CCC1C3CCCCC3CCCC21
C1CCC(CC2CCC3C(CCC3C3CCCCC3)C2)CC1
C1CCC(CCCCC2CCCC3CCC(C4CCCC5CCCC54)CC3C2)CC1
C1CCC2CCC(C3CCCC4CCCC43)CC2CC1
C1CCC2CCC3CCCCC3C2CC1
C1CCC(C2CCC3C(CCCCCC4CCC(C5CCCC5)C4)CCCC23)CC1
C1CCC(C2CC3CCCCC3C3CCC4CCCCC4C23)CC1
C1CCC(C2CCC3(CC2)CCC2CC4C(CCC4C4CCCCC4)CC23)CC1
C1CCC(CCCCCC2CC3CCCCC3C2)CC1
C1CCC(CCC(CCC2CCCCC2)CCC2CCC3CCCC3C2)CC1
C1CCC(CC2CC3CCCCC3C3CCCCC23)C1
C1CCC(CCCCC2CC3CCCCC3C2)CC1
C1CCC(CCCCC2CC3CCCCC3C2)CC1
C1CCC(CCCC2CCC3C(CCC3C3CCCCC3)C2)CC1
C1CCC(CC2CC3CCCCC3C3CCC4CCCCCC4C23)CC1
C1CCC(C2CCCC3C(CCC4CCCCC43)C2)CC1
C1CCC2C(C1)CCC1C3CCCCC3CCC21
C1CCC(CCCCC2CC3CCCCC3C2)CC1
C1CCC(C2CCC3CC4C(CCC45CCCC5)CC32)CC1
C1CCC2CC(CCCC3CCCC4CCCCC43)CC2C1
C1CCC2CC(CC3CCCC4CCCC43)CCC2C1
C1CCC(CCC2CCC3C(CCC3C3CCCCC3)C2)CC1
C(CCCC1CCCCC1)CCCC1CCC(C2CCCCC2)C1
C1CCC(C2CCC3C(CCCCCC4CCC(C5CCCC5)C4)CCCC23)CC1
C1CCC(C2CCC3CC4C(CCC5C6CCC(CCCCC7CCC8CCCCC8C7)C6CCC45)CC32)CC1
C(CCCC1CCCC2C(C3CCCCC3)CCC12)CCC1CCCCC1
C1CCC(CCC(CC2CC3CCCCC3C2)C2CC2)CC1
C1CCC(C2CC3CCCC3C3CCCC4CCCCC4C23)CC1
C1CCC2CC(CC3CCCC4CCCC43)CCC2C1
C1CCC(CCCCCC2CCC3CCCCC23)CC1
C1CCC(CCCCCC2CCCC3C(C4CCCCC4)CCC23)CC1
C1CCC(CCC2CCC(CC(CC3CCCCC3)C3CCCCC3)CC2)CC1
C1CCC(C2CCC3C(CCCCCC4CC4)CCCC23)CC1
C1CCC2C(C1)CCC1CCCCC12
C1CCC(CCC2CCC(CCC3CCCC(CC4CCCC4)C3)CC2)CC1
C1CCC(C2CCC3CCC4(CCCCC4)C3C2)CC1
C(CCC1CCCC2CCCCC12)CC1CC2CCCCC2C1
C1CCC(CC2CCCC2CC2CC3CCCCC3CC3CCC4CCCCC4C32)CC1
C1CCC2CCC3C4CCC(CCC5CCCC5)C4CCC3C2CC1
C1CCC(C2CCC3CC4C(CCC5C6CCC(CCCCC7CCC8CCCCC8C7)C6CCC45)CC32)CC1
C1CCC(CCCCCC2CCC3CCCCC23)CC1
C1CCC(CCCCC2CCC3CCCCC23)CC1
C1CCC(C2CCC3C(CCC4CCCCC43)C2)CC1
C1CCC(CCCC2CCC3CCC(CC4CCCC5CCCC54)CC3C2)CC1
C1CCC(CCC(CCC2CCC3CCCCC3C2)CC2CCCCC2)CC1
C1CCC(CC2CC3CCCCC3C3CCC4CCCCC4C23)CC1
C1CCC(C2CCC(CCCCCC3CCCC4CCCCC34)C2)CC1
C1CCC(C2CCC3CC4C(CCC45CCCCCC5)CC32)CC1
C1CCC2CCC3C(CCC4C3CCC4(CCCC3CC4CCCCC4C3)CCC3CCCC3)C2CC1
C1CCC(CCCCC2CCC3CCCCC23)CC1
C(CCCCC1CCC2C(CCC3C4CCCC4CCC23)C1)CCCC1CCCC(CC(CC2CCC(CC3CCCCC3)CC2)C2CCCCC2)C1
C(CCCC1CCCC2C(C3CCCCC3)CCC12)CCC1CCCCC1
C1CCC2CC(C3CCCC4CCCC43)CCC2C1
C1CCC2C(C1)CCC1C3CCCC3CCCC21
C1CCC(CCCCC2CC3CCCCC3C2)CC1
C(CCCC1CCCC2C(C3CCCCC3)CCC12)CCC1CCCCC1
C1CCC(CCC(CC2CC3CCCCC3C2)C2CCC2)CC1
C(CCC1CCC2CCCCC2C1)CCC1CCCC2CCCCC12
C1CCC(CCC2CCC(CCC3CCCCC3)CC2)CC1
C1CCC(CCC2(CCCC3CC4CCCCC4C3)CCC3C4CCC5CCCCC5C4CCC32)C1
C1CCC(CCC2CC3CCCC3C3CCCC4CCCCC4C23)CC1
C1CCC(CCCCC2CCC3CCCCC23)CC1
C1CCC2CCCCC2C(CCCCC2CCCC3CCCCC23)C1
C1CCC(C2CC3CCCCC3C3CCCCC23)CC1
C1CCC2CCCCC2C(CCCCC2CCCC3CCCCC23)C1
C1CCC(CCCCCC2CCC3CCCCC23)CC1
C(CCCC1CCCC2C(C3CCCCC3)CCC12)CCC1CCCCC1
C1CCC(C2CCC3CC4C(CCC32)CCC42CCCC2)CC1
C1CCC2CC(CCCC3CCC4C3CCC3C5CCCCC5CCC43)CCC2C1
C1CCC(CCCCC2CC3CCCCC3C2)CC1
C1CCC(C2CCC3CC4C(CCC5C6CCC(CCCC7CCC8CCCCC8C7)C6CCC45)CC32)CC1
C(CCCC1CCCC2CCCCC12)CCC1CCCC1
C1CCC(CCCCC2CCC3CCCCC23)CC1
C1CCC(C2CC3CCCC3CC3CCC4CCCCC4C32)CC1
C1CCC(CCC(CC2CCC3C(CCC3C3CCCCC3)C2)C2CCCCC2)CC1
C1CCCC(CC2CCCC2CC2CC3CCCCC3C3CCC4CCCCC4C23)CC1
C1CCC2CC(C3CCCC4CCCC43)CCC2C1
C1CCC(C2CC3CCCC3C3CCC4CCCCCC4C23)CC1
C1CCC(CCCC2CCC3C(CCC4C5CCCC5CC(CCC5CCCCC5)C34)C2)CC1
C1CCC(CCCCC2CCC3CCC(C4CCCC5CCCC54)CC3C2)CC1
C1CCC(CC2CCC3CC4C(CCC45CCC(C4CCCCC4)C5)CC23)CC1
C1CCC(CCC2CCCC3CC4C(CCC4C4CCCCC4)CC23)CC1
C1CCC(C2CC3CCCC3C3CCC4CCCCC4C23)CC1
C1CCC(CCC2CCC3C(CCC3C3CCCCC3)C2)CC1
C1CCC(C2CC3CCCC3C3CCC4CCCCC4C23)CC1
C1CCC2CCC3C4CCC(CCCC5CCCC5)C4CCC3C2CC1
C1CCC(CCC2CCC3C(CCC3C3CCCCC3)C2)CC1
C1CCC(C2CC3CCCC3C3CCC4CCCCCC4C23)CC1
C1CCC(CCC2CCC3C(CCC3C3CCCCC3)C2)CC1
C1CCC(CCCCC2CC3CCCCC3C2)CC1
C1CCC(CCC2CC3CCCCC3C3CCC4CCCCC4C23)C1
C1CCC(CCCCCC2CC3CCCCC3C2)CC1
C1CCC(C2CCC3CC4C(CCC32)CCC42CCCC2)CC1
C1CCC(CC2CC3CCCCC3C3CCC4CCCCC4C3C2)CC1
C(CCCC1CCCCC1)CCCC1CCC(CC2CCCCC2)C1
C1CCC(C2CCC3CCC4CCCCC4CC32)CC1
C1CCC(CCC2CCC3C(CCCC4C5CCCC5CCC34)C2)CC1
C(CCC1CCCC1)CCC1CCCCC2CCCCC12
C(CCCC1CCCCC1)CCCC1CCC(C2CCCCC2)C1
C1CCC(CCCCCC2CCC3CCCCC23)CC1
C1CCC2C(C1)CCC1C3CCCC3CCC21
C1CCC(C2CC3CCCC3C3CCC4CCCCC4CC23)CC1
C1CCC(CC2CCCC(CC3CC4CCCCC4C4CCC5CCCCCC5C34)C2)CC1
C1CCC2CCC(C3CCCC4CCCC43)CC2CC1
C(CCC1CCCC2CCCCC12)CCC1CCCC2CCCCC12
C1CCC(CC2CCC(CC(CC3CCCCC3)C3CCCCC3)CC2)CC1
C1CCC(C2CC3CCCCC3C3CCC4CCCCC4C23)CC1
C1CCC2CC(C3CCCC3)C3CCCC3C2CC1
C(CCC1CCC2CCCCC2C1)CCC1CCCC2CCCCC12
C1CCC(CCC2CCC(CCC3CCCC(CC4CCCC4)C3)CC2)CC1
C1CCC2CCC3C4CCC(CCCC5CC6CCCCC6C5)C4CCC3C2CC1
C1CCC2C(C1)CCCC1C3CCCC3CCC21
C1CCC2CC(C3CCCC4CCCC43)CCC2C1
C1CCC2CCC(C3CCCC4CCCC43)CC2CC1
C1CCC(CCC2CCC3C(CCC3C3CCCCC3)C2)CC1
C1CCC(CCC2CCC3C(CCCC4C5CCCC5CC(CCC5CCCCC5)C34)C2)CC1
C1CCC(C2CCC3CCCC3C3CCC4CCCCC4C23)CC1
C(CCCCC1CCC(C2CCCCC2)C1)CCCC1CCCCC1
C1CCC2C(C1)CCC1C2CCC2C3CCCC3CC21
C1CCC(CC23CCCCC2CCC2C4CCCC4CCCC23)CC1
C1CCC(CCCCC2CCC3CCCCC23)CC1
C(CCCC1CCCCC1)CCCC1CCC(CC2CCCCC2)C1
C(CCC1CCC2C1CCC1C3CCCCC3CCC21)CC1CCCC2CCCCC12
C1CCC(C2CCC3CC4C(CCCC45CCCCC5)CC32)CC1
C1CCC(CCCCCC2CCC3CCCCC3C2)CC1
C1CCC2CCC3C4CCC(CCCC5CC6CCCCC6C5)C4CCC3C2CC1
C1CCC2CC(C3CCCC4CCCC43)CCC2C1
C(CCCC1CCCC2C(C3CCCCC3)CCC12)CCC1CCCCC1
C1CCC2CC(C3CCCC4CCCC43)CCC2C1
C1CCC2CCC3C4CCC(CCCC5CC6CCCCC6C5)C4CCC3C2CC1
C1CCC(C2CCCC3C(CCC4CCCCC43)C2)CC1
C1CCC(C2CCC3CC4C(CCCCC45CCCC5)CC32)CC1
C1CCC2C(C1)CCC1C3CCCCC3CCC21
C1CCC2CC(CCCC3CCC4C3CCC3C5CCCCC5CCC43)CCC2C1
C1CCC(CCC2CCC3C(CCC4C5CCCC5CC(CCC5CCCCC5)C34)C2)CC1
C1CCC(CCCCCC2CC3CCCCC3C2)CC1
C1CCC(CC2CC3CCCCC3C3CCC4CCCCCC4C23)CC1
C1CCC(C2CCC3C(CCC34CCCC4)C3CCC4CCCCCC4C23)CC1
C1CCC(C2CCC3(CCC4CC5C(CCC5C5CCCCC5)CCC43)C2)CC1
C1CCC2C(C1)CCC1C3CCCC3CCC21
C1CCC2CCC3C4CCCC4CCC3C2CC1
C1CCC(CCC2CCC(CCC3CCCCC(CC4CCCC4)C3)CC2)CC1
C1CCC(C2CCC3CC4C(CCC45CCCC5)CC32)CC1
C1CCC(CCC2CCC3C(CCC3C3CCCCC3)C2)CC1
C1CCC(C2CCC3CCCC3C3CCC4CCCCC4C23)CC1
C1CCC(CCC2CCC(C3CC3)CC2)CC1
C1CCC2C(C1)CCC1C2CCC2C3CCCCC3CC21
C1CCC2C(C1)CCC1C2CCC2C3CCCC3CC21
C1CCC(CCC2CCC(C3CC3)CC2)CC1
C1CCC(C2CCC3CCC4C(CCC45CCCC5)CC32)CC1
C1CCC(CC2CCCC2CC2CC3CCCCC3C3CCC4CCCCC4C3C2)CC1
C1CCC(CCCCC2CC3CCCCC3C2)CC1
C1CCC(CC2CC3CCCCC3C3CCC4CCCCC4C23)CC1
C1CCC2C(C1)CCC1C2CCC2C3CCCC3CC21
C1CCC(CCCCCC2CCCC3C2CCC3C2CCCC(CC3CCCC3)C2)CC1
C1CCC2CCC3C4CCCCC4CC(CC4CCCC4)C3C2CC1
C1CCC2CC3CCC(C4CCCCC4)C3CC2CC1
C(CCCC1CCCCC1)CCCC1CCC(C2CCCCC2)C1
C1CCC(CCC2CCC3C(CCC3C3CCCCC3)C2)CC1
C1CCC2CCC(C3CCCC4CCCC43)CC2CC1
C1CCC(CCCC2CCC3CCC(C4CCCC5CCCC54)CC3C2)CC1
C1CCC(CCCCCC2CCC3CCCC3C2)CC1
C1CCC2C(C1)CCCC2CC1CC2CCCCC2C2CCC3CCCCC3C12
C1CCC(CCC2(CCCC3CCC4CCCCC4C3)CCCC3C4CCC5CCCCC5C4CCC32)C1
C1CCC(CCC2CCC3C(CCC3C3CCCC(CCC4CCCC4)C3)C2)CC1
C1CCC(C2CC3CCCC3C3CCC4CCCCC4CC23)CC1
C1CCC(CCCCC2CC3CCCCC3C2)CC1
C1CCC(CC2CCC3C(CCC3C3CCCCC3)C2)CC1
C1CCC2CC(CCCC3CCCC4CCCCC43)CC2C1
C1CCC(CCCCCC2CCC3CCCCC23)CC1
C(CCC1CCCC2CCCCC12)CC1CCCC2CCCCC12
C1CCC(CCCC2CCCC3CCCCC32)C2CCCCC2C1
C1CCC(CCCCCC2CCC3CCCCC3C2)CC1
C1CCC2C(C1)CC(C1CCCC3CCCC31)C1CCCCC21
C1CCC(CCCC2CCC3C2CCC2C4CCCCC4CCC32)CC1
C1CCC2CCC(C3CCCC4CCCC43)CC2CC1
C1CCC(CCC2CCC3C(CCC3C3CCCCC3)C2)CC1
C1CCC2CCC(C3CCCC3)CC2CC1
C1CCC(CC(CC2CCCCC2)C2CCCCC2)CC1
C1CCC(CCCC2CCC3CCC(C4CCCC5CCCC54)CC3C2)CC1
C1CCC(CCC2CCC3C2CCC2C4CCCCC4CCC32)C1
C1CCC(CCCCC2CCC3CCCCC23)CC1
C1CCC2CC(C3CCCC3)C3CCCC3C2CC1
C1CCC(CC2CC3CCCCC3C3CCC4CCCCC4C23)C1
C1CCC2CCC3C4CCC(CCCC5CC6CCCCC6C5)C4CCC3C2CC1
C(CCCC1CCCC2C(C3CCCCC3)CCC12)CCC1CCCCC1
C1CCC(CC2CC3CCCCC3CC3CCC4CCCCC4C32)C1
C(CC1CCC(C2CCCC2)CC1)CC1CCC2CCCC2C1
C1CCC(CCCC2CCCC(CC3CCC4CC(CCC5CCC6CCCCC6C5)CCC43)C2)CC1
C1CCC(CCC2CCC3C(CCC4C5CCCC5CC(CCC5CCCCC5)C34)C2)CC1
C1CCC(CCC2CCC3C(CCC4CC(C5CCCCC5)CCC43)C2)CC1
C1CCC(CC2CCCC(CCCC3CCC(CCC4CCC(C5CC5)CC4)CC3)C2)C1
C1CCC2C(C1)CCCC1C3CCCC3CCC21
C1CCC(CCCCC2CC3CCCCC3C2)CC1
C1CCC2CC(C3CCCC4CCCC43)CCC2C1
C1CCC2CCC3C4CCC(CCCC5CCCC6CCCCC65)C4CCC3C2CC1
C1CCC(C2CCC(CCCCCC3(CC4CCCC4)CCCC4CCCCC43)C2)CC1
C1CCC(C2CCC3CC4C(CCC5CC6CCCCC6C5)CCCC4CC32)CC1
C1CCC(C2CC3CCCCC3C3CCCCC23)CC1
C1CCC2CCC3C4CCC(CCCC5CC6CCCCC6C5)C4CCC3C2CC1
C1CCC(C2CCC(CCCCCC3CCCC4CCCCC34)C2)CC1
C(CCC1CCCC2CCCCC12)CC1CC2CCCCC2C1
C1CCC(CCC2CCC(C3CC3)CC2)CC1
C1CCC2C(C1)CCC1CCCCC12
C1CCC(CCC(CCC2CCC3CCCC3C2)CC2CCCCC2)CC1
C1CCC2CCC(C3CCCC4CCCC43)CC2CC1
C(CCCC1CCCCC1)CCC1CCCCC1
C1CCC(CC2CC3CCCCC3C3CCC4CCCCCC4C23)CC1
C(CCC1CCCCC2CCCCC12)CC1CCC2CCCCC2C1
C1CCC(C2CCC3CC4C(CCC5CCC6CCCCC65)CCCC4CC32)CC1
C1CCC(C2CCC3C(CCC34CCCCC4)C3CCC4CCCCC4C23)CC1
C1CCC(CC2CCC(CC(CC3CCCCC3)C3CCCCC3)CC2)CC1
C1CCC2CC3CCC4CCCC4C3CCC2C1
C1CCC(CCCCCC2CC3CCCCC3C2)CC1
C1CCC2CC(C3CCCC4CCCC43)CCC2C1
C1CCC2CC(C3CCCC4CCCC43)CCC2C1
C1CCC(CCCCC2(CCC3CCCC3)CCC3C4CCC5CCCCC5C4CCC32)CC1
C1CCC(C2CCC(C3CC4CCCC4C4CCCC5CCCCC5C34)CC2)C1
C1CCC2CC(CCCC3CCC4C3CCCC3C5CCCCC5CCC34)CC2C1
C1CCC(C2CCCC3C(CCC4CCCCC43)C2)CC1
C1CCC(C2CC3CCCCC3C3CCCCC23)CC1
C(CCCC1CCCCC1)CCCC1CCC(C2CCCCC2)C1
C1CCC(C2CC3CCCC3CC3CCC4CCCCC4C32)CC1
C1CCC(CC2CCC3C(CC4CCCCC4)CCC3C2)CC1
C1CCC(CCC2CCC(C3CCC4C(CCC4C4CCCCC4)C3)CC2)CC1
C1CCC(CC2CCC(CC(CC3CCCCC3)C3CCCCC3)CC2)CC1
C1CCC2CCC3C4CCCC4CCC3C2CC1
C1CCC(CCCCCC2CCCC3C(C4CCCCC4)CCC23)CC1
C1CCC2C(C1)CCC1C2CCC2C3CCCC3CC21
C1CCC(CC2CC3CCCCC3CC3CCC4CCCCC4C32)CC1
C1CCC(C2CCC3CCC4C(CCC45CCCCC5)CC32)CC1
C(CCCC1CCCC2C(C3CCCCC3)CCC12)CCC1CCC(C2CCCC2)C1
C1CCC(C2CCC3CC4C(CCC45CCCCC5)CC32)CC1
C1CCC(C2CCC3CC4C(CCCC5C6CCC(CCCC7CCC8CCCCC8C7)C6CCC45)CC32)CC1
C1CCC(CCCCC2CCC3C2CCC2C4CCCCC4CCC32)CC1
C1CCC2C(C1)CCC1C3CCCC3CCC21
C1CCC2CC(CCCC3CCC4C3CCC3C5CCCCC5CCC43)CC2C1
C1CCC(CC2CC3CCCCC3CC3CCC4CCCCC4C32)CC1
C1CCC(CCC(CC2CCC3C(CCC3C3CCCCC3)C2)C2CCCCC2)CC1
C1CCC2C(C1)CCC1C2CCC2C3CCCC3CC21
C1CCC2CCC3C(CCC4C3CCC4(CCCC3CC4CCCCC4C3)CCC3CCCC3)C2CC1
C(CCCC1CCCC2C(C3CCCCC3)CCC12)CCC1CCCCC1
C1CCC(CCCCC2CCC3CCCCC23)CC1
C1CCC2CCC3C4CCCCC4CC(CC4CCCC4)C3C2CC1
C1CCC(CCCC2CCCC3CCC(C4CCCC5CCCC54)CC3C2)CC1
C1CCC(C2CCC3CC4C(CCC5C6CCC(CCCC7CCC8CCCCC8C7)C6CCC45)CC32)CC1
C1CCC(CCCCC2CCC3CCCCC23)CC1
C(CC1CC2CCCCC2C1)CC1CCC2C(CCC3C4CCCCC4CCC23)C1
C1CCC(CCC2CCC3C(CCC3C3CCCCC3)C2)CC1
C(CCCC1CCC2CCCC2C1)CCCC1CCC(C2CCCCC2)C1
C1CCC(CCCCCC2CCCC3C(C4CCCCC4)CCC23)CC1
C1CCC(CCCCC2CC3CCCCC3C2)CC1
C(CCCC1CCCC2C(C3CCCCC3)CCC12)CCC1CC1
C1CCC2C(C1)CCCC1C3CCCC3CCC21
C1CCC(CCCC2(CCC3CCCC3)CCC3C4CCC5CCCCC5C4CCC32)CC1
C1CCC(C2CCC3CC4C(CCC32)CCC42CCCCC2)CC1
C1CCC(C2CC3CCCC3C3CCC4CCCCC4C3C2)CC1
C(CCC1CCCC2CCCCC12)CC1CC2CCCCC2C1
C1CCC(CCC2CCCCC2)CC1
C1CCC(CCCCCC2CCC3CCCC3C2)CC1
C1CCC(C2CCC3CC4C(CCC45CCCCC5)CC32)CC1
C1CCC(CCC(CCCC2CCC3CCCC3C2)CC2CCCCC2)CC1
C1CCC(C2CCC3CCCC3C3CCC4CCCCC4C23)CC1
C1CCC(CCC2CCCCC3CCC(C4CCCC5CCCC54)CC23)CC1
C1CCC2CCC3C4CCCCC4CC(CC4CCCC4)C3C2CC1
C1CCC(CC2CC3CCCCC3C3CCC4CCCCCC4C23)CC1
C1CCC(C2CC3C(CCC4CCC4)CCC3C3CCC4CCCCC4C23)CC1
C1CCC2CC(CCCC3CCCC4C3CCC3C5CCCCC5CCC43)CC2C1
C1CCC2C(C1)CCC1C3CCCC3CCC21
C1CCC(CCCC2CCC3C2CCC2C4CCC5CCC(C6CCCCC6)C5CC4CCC32)CC1
C1CCC(C2CCC3CC4C(CCCC45CCCC5)CC32)CC1
C1CCC(CCC(CCC2CCC3CCCC3C2)CC2CCCCC2)CC1
C1CCC(C2CCC3CC4C(CCC45CCCC5)CC32)CC1
C1CCC(C2CCC3CC4C(CCC5C6CCCC6CCC45)CC32)CC1
C1CCC(CCCCC2CCC3CCCCC23)CC1
C1CCC(CC2CC3CCCCC3C3CCC4CCCCC4C23)C1
C1CCC(C2CC3CCCC3C3CCC4CCCCCC4C23)CC1
C1CCC(CC2CC3CCCCC3C3CCC4CCCCC4C23)CC1
C1CCC2C(C1)CCC1C3CCCC3CCC21
C1CCC2CC(C3CCCC3)CCC2C1
C1CCC(CCCCCC2CCCC3C(C4CCCCC4)CCC23)CC1
C1CCC2CCC(C3CCCC4CCCC43)CC2CC1
C1CCC2CCC3C4CCCCC4CCC3C2CC1
C1CCC(CCC2CCC3C(CCC3C3CCCCC3)C2)CC1
C(CCC1CCCC2CCCCC12)CC1CC2CCCCC2C1
C1CCC(C2CC3CCCC3C3CCC4CCCCC4C23)CC1
C(CCC1CCCC2CCCC12)CC1CC2CCCCC2C1
C(CCCC1CCCC2C(C3CCCCC3)CCC12)CCC1CCC(C2CCCC2)C1
C1CCC2CCC(C3CCCC4CCCC43)CC2CC1
C1CCC(C2CC3CCCCC3C3CCCCC23)CC1
C1CCC(C2CC3CCCC3C3CCCC4CCCCC4C23)CC1
C1CCC(CCCCCC2CCCC3C(C4CCCCC4)CCC23)CC1
C1CCC(CCCCCC2CC3CCCCC3C2)CC1
C(CCC1CCCC2CCCCC12)CCC1CCCC2CCCCC12
C1CCC2C(C1)CCC1C3CCCC3CCC21
C1CCC(C2CCC3CC4C(CCC32)CCC2C3CCC(CCCC5CCC6CCCCC6C5)C3CCC42)CC1
C1CCC(C2CCC(CCCCCC3CCCC4C(C5CCCCC5)CCC34)C2)CC1
C1CCC(C2CCC3CC4C(CCC5C6CCC(CCCCC7CC8CCCCC8C7)C6CCC45)CC32)CC1
C1CCC(CCCCCC2CCCC3C(C4CCCCC4)CCC23)CC1
C1CCC(CC2CCC(CCCC3CCC4CCCC4C3)CC2)C1
C1CCC2C(C1)CC(C1CCCC3CCCC31)C1CCCC21
C1CCC(CCC2CCC(C3CCC4C(CC5CCCCC5)CCC4C3)CC2)CC1
C1CCC(CCCCC2CC3CCCCC3C2)CC1
C1CCC2C(C1)CCC1C3CCCC3CCC21
C1CCC2CCC3C4CCCC4CCC3C2CC1
C1CCC(CCC2CCC3C(CCC3C3CCCCC3)C2)CC1
C1CCC2CCC(C3CCCC4CCCC43)CC2CC1
C1CCC(CCC2CCC3C2CCC(C2CCCCC2)C2C4CCCCC4CCC32)CC1
C1CCC(CCCCCC2CCCC3C(C4CCCCC4)CCC23)CC1
C1CCC(CCCC2CCC(CCC3CCCC(CC4CCCC4)C3)CC2)CC1
C(CCCCC1CCC(C2CCCCC2)C1)CCCC1CCCCC1
C1CCC(C2CCC3CC4C(CCCC45CCCCC5)CC32)CC1
C1CCC2C(C1)CCC1C3CCCCC3CCC21
C1CCC2CC(C3CCCC4CCCC43)CCC2C1
C1CCC(CC23CCCCCC2CCC2C4CCCC4CCC23)CC1
C1CCC(C2CCC3CCC4CCCCC4C3CC2)C1
C1CCC2CCC(C3CCCC4CCCC43)CC2CC1
C1CCC(C2CC3CCCC3C3CCC4CCCCCC4C23)CC1
C(CCC1CCCC2CCCC12)CC1CC2CCCCC2C1
C1CCC(C2CCC3CCC4C(CCC45CCCC5)CC32)CC1
C1CCC2CC(CCCC3CCC4C3CCC3C5CCCCC5CCC43)CC2C1
C1CCC2CCC(C3CCCC4CCCC43)CC2CC1
C1CCC(CCCCC2CC3CCCCC3C2)CC1
C1CCC(CC2CCC3CC4C(CCC45CCCC5)CC23)CC1
C1CCC2CCC3C4CCCC4CCC3C2CC1
C1CCC2C(C1)CCC1CCCCC12
C1CCC(CCCCCC2CCCC3C(C4CCCCC4)CCC23)CC1
C1CCC(CC2CC3CCCCC3C3CCC4CCCCC4C23)C1
C1CCC(C2CCC3CCC4C(CCC5C6CCC(CCCC7CC8CCCCC8C7)C6CCC45)CC32)CC1
C1CCC(C2CCC3CC4(CCCCC4C4CCCCC4)CCCC32)CC1
C1CCC(CCC2CCC3C(CCC4CCCCC43)C2)CC1
C(CC1CCC(C2CCCC2)CC1)CC1CCC2CCCC2C1
C1CCC(CCC2(CCCC3CC4CCCCC4C3)CCC3C4CCCC5CCCCC5C4CCC32)C1
C(CCCC1CCCCC1)CCCC1CCC(C2CCCCC2)C1
C1CCC(C2CCC3(CCC4CC5C(CCC5C5CCCCC5)CC43)C2)CC1
C(CCCC1CCCC2CCCC12)CCC1CCCCC1
C1CCC(C2CCC3CCC4C(CCCC45CC(C4CCCCC4)C(C4CCCCC4)C5)CC32)CC1
C1CCC2C(C1)CCC1C3CCCCC3CCC21
C1CCC(CCCCCC2CC3CCCCC3C2)CC1
C1CCC(CC2CC3CCCCC3C3CCC4CCCCC4C23)CC1
C1CCC(C2CCC3CC4C(CCC5C6CCC(CCCC7CCC8CCCCC8C7)C6CCC45)CC32)CC1
C1CCC(C2CC3CCCC3C3CCC4CCCCC4C23)CC1
C1CCC(C2CCC3C(CCC4CCCCC43)C2)CC1
C1CCC2CC(CC3CCCC4CCCC43)CCC2C1
C1CCC2CCC3CCCCC3C2CC1
C1CCC(C2CC3CCCC3C3CCC4CCCCC4C23)CC1
C1CCC2CCCCC2C(CCCCC2CCCC3CCCCC23)C1
C1CCC2CCC3C4CCCC4CCC3C2CC1
C(CCCC1CCCC2C(C3CCCCC3)CCC12)CCC1CCCCC1
C1CCC(CC2CCC3C(CCC3C3CCCCC3)C2)CC1
C1CCC(CCCC2CCC3C(CCC3C3CCCCC3)C2)CC1
C1CCC(CCCCCC2CCCC3C(C4CCCCC4)CCC23)CC1
C1CCC(C2CC3CCCCC3C3CCCCC23)CC1
C1CCC(CCCCCC2CCCCC2)CC1
C1CCC(C2CCC3CC4C(CCC45CCCCC5)CC32)CC1
C1CCC(C2CCC3CC4C(CCC32)CCC2C3CCC(CCCC5CC6CCCCC6C5)C3CCC42)CC1
C1CCC(CCCC(CCC2CCC3CCCC3C2)CC2CCCCC2)CC1
C(CCCC1CCC2C(CCC2C2CCCCC2)C1)CCC1CCCCC1
C1CCC(CCCCC2CCC3CCCCC23)CC1
C1CCC(C2CCC3CC4C(CCCC5C6CCC(CCCC7CCCC8CCCCC87)C6CCC45)CC32)CC1
C1CC2CCCC2C(CC2CC3CCCCC3C3CCCC23)C1
C1CCC(CCCCCC2CC3CCCCC3C2)CC1
C1CCC2CCC3C(CCC4C5CCCC5CC43)C2CC1
C1CCC2CCC(C3CCCC4CCCC43)CC2CC1
C1CCC(CCCCC2CC3CCCCC3C2)CC1
C1CCC(C2CCCCC2CC2CC3CCCCC3C3CCC4CCCCC4C23)CC1
C1CCC(C2CCC(CCCCCC3CCCC4CCCCC34)C2)CC1
C1CCC(C2CC3CCCC3C3CCC4CCCCCC4C23)CC1
C1CCC(CCC2CCC3C(CCC3C3CCCC(CCC4CCCC4)C3)C2)CC1
C1CCC(C2CCC3CCC4CCCCC4C3CC2)CC1
C1CCC(CCCCCC2CCCC3C(CC4CCCC(CC5CC5)C4)CCC23)CC1
C1CCC(CCC2CCC3C(CCC4C5CCCC5CC(CCC5CCCCC5)C34)C2)CC1
C1CCC(CCC(CCC2CCCCC2)CCC2CCC3CCCC3C2)CC1
C1CCC2CCC3C4CCC(CCCC5CC6CCCCC6C5)C4CCC3C2CC1
C1CCC(CCC2CCC(CCC3CCCCC(CC4CCCC4)C3)CC2)CC1
C1CCC(C2CCC3CC4C(CCCC5C6CCC(CCCC7CC8CCCCC8C7)C6CCC45)CC32)CC1
C1CCC(CC2CCC3CC4C(CCC45CCCCC5)CC23)CC1
C1CCC2CC(C3CCCC4CCCC43)CCC2C1
C1CCC(CCC2CCC(C3CCC4C(CC5CCCCC5)CCC4C3)CC2)CC1
C1CCC(CCCC2CCC3C(CCC3C3CCCCC3)C2)CC1
C1CCC(CCCCC2CCC3CCCCC23)CC1
C1CCC2CCC3C4CCCC4CC(C4CCC(C5CCCC5)CC4)C3C2CC1
C1CCC(CCCC2CCCC3CCC(C4CCCC5CCCC54)CC3C2)CC1
C1CCC(C2CC3CCCC3C3CCC4CCCCC4C23)CC1
C1CCC(CC2CCC3C(CCC3C3CCCCC3)C2)CC1
C(CCC1CCCC2CCCCC12)CCC1CCCC2CCCCC12
C1CCC2C(C1)CCC1CCCCC12
C1CCC2C(C1)CCC1C3CCCC3CCC21
C1CCC(C2CCC3CC4C(CCCC45CCCC5)CC32)CC1
C1CCC(CCC2CCC3C(CCC3C3CCCCC3)C2)CC1
C1CCC(C2CCC3CC4C(CCC5C6CCC(CCCCC7CCC8CCCCC8C7)C6CCC45)CC32)CC1
C1CCC2CCC(C3CCCC4CCCC43)CC2CC1
C1CCC2CCCCC2C(CCCCC2CCCC3CCCCC23)C1
C1CCC2C(C1)CCC1C2CCC2C3CCCC3CC21
C1CCC(CC2CCC(C3CC4CCCC4C4CCC5CCCCCC5C34)CC2)CC1
C1CCC(C2CCC3C(CCC4CCCCC43)C2)CC1
C(CCC1CCC2C1CCC1C3CCCCC3CCC21)CC1CC2CCCCC2C1
C1CCC(C2CCC3C(CCCC4CCCCC43)C2)CC1
C1CCC(C2CCC3CC4C(CCC45CCCC5)CC32)CC1
C1CCC2CCC3C4CCCC4CCC3C2CC1
C1CCC(C2CCC3C(CCC4CCCCC43)C2)CC1
C1CCC(CCCCC2CCC3CCCCC23)CC1
C1CCC(CCCCC2CC3CCCCC3C2)CC1
C1CCC(CCCCC2CCC3CCCCC23)CC1
C1CCC(C2CCC3CCCC3C3CCC4CCCCC4CC23)CC1
C1CCC(CC2CCC(CC(CC3CCCCC3)C3CCCCC3)CC2)CC1
C1CCC(CCCC2CCC3C(CCC4CCCCC43)C2)CC1
C1CCC(CCCCCC2CCC3CCCCC23)CC1
C1CCC(CC2CC3CCCCC3CC3CCC4CCCCC4C32)C1
C1CCC(CCC2CCC3C(CCC4C5CCCC5CCC34)C2)CC1
C1CCC2CC(CC3CCCC4CCCC43)CCC2C1
C1CCC(CCC(CCC2CCC3CCCC3C2)CC2CCCCCC2)CC1
C(CCCC1CCCC2C(C3CCCCC3)CCC12)CCC1CCCCC1
C(CCC1CCCC2CCCCC12)CCC1CCCC2CCCC12
C1CCC(C2CCC3CC4C(CCC45CCCC5)CC32)CC1
C1CCC2C(C1)CCC1C3CCCC3CCC21
C1CCC(C2CC3CCCC3C3CCC4CCCCC4C23)CC1
C1CCC(CCCCCC2CCC3CCCCC23)CC1
C1CCC(CCCCC2CCC3CCC(C4CCCC5CCCC54)CC3C2)CC1
C1CCC(CCC2CCC3C(CCC3C3CCCCC3)C2)CC1
C1CCC(CCCCCC2CCC3CCCCC23)CC1
C1CCC(CCCCC2CC3CCCCC3C2)CC1
C1CCC2C(C1)CCC1C2CCC2C3CCCCC3CC21
C(CCC1CCC2CCCCC2C1)CCC1CCCC2CCCCC12
C1CCC(CCCC2CCC(CCC3CCCCC3)CC2)CC1
C1CCC(CCC2CCC3C(CCC3C3CCCCC3)C2)CC1
C1CCC(C2CCC3CC4C(CCC45CCCCCC5)CC32)CC1
C1CCC2C(C1)CCC1C3CCCC3CCC21
C1CCC2CCC3C4CCCC4CCC3C2CC1
C1CCC(C2CCC3CC4C(CCCC45CCCC5)CC32)CC1
C1CCC(CCC2CCC3CCCC3C3CCC4CCCCC4C23)CC1
C1CCC2CCC3C4CCCCC4CC(CC4CCCC5CCCCC54)C3C2CC1
C(CCC1CCC2CCCCC2C1)CCC1CCCC2CCCCC12
C1CC2CCC3C(CCC4CCCCC43)CC2C1
C(CCCC1CCCC2C(C3CCCCC3)CCC12)CCC1CCCCC1
C1CCC(CC2CCC(CCC(CC3CCCCC3)C3CCCCC3)CC2)CC1
C(CCC1CCCC2CCCCC12)CCC1CCCC2CCCCC12
C1CCC(C2CCC3CCC4C(CCC5C6CCC(CCCC7CC8CCCCC8C7)C6CCC45)CC32)CC1
C1CCC(CCCCC2CCC3CCCCC23)CC1
C1CCC(C2CCCC3(CCC4CC5C(CCC5C5CCCCC5)CC43)C2)CC1
C1CCC(C2CC3CCCC3C3CCCC4CCCCC4C23)CC1
C1CCC(CC2CC3CCCCC3C3CCC4CCCCC4C23)C1
C1CCC(C2CC3CCCCC3C3CCC4CCCCC4C23)CC1
C1CCC(C2CCC3CCCC4(CCCCC4)C3C2)CC1
C1CCC(C2CC3C(CCC34CCCC4)C3CCC4CCCCC4CC23)CC1
C1CCC2C(C1)CCC1C2CCC2C3CCCC3CCC21
C1CC2CCC3C(CCC4CCCCC43)CC2C1
C(CCC1CCCC2CCCCC12)CCC1CCCC2CCCCC12
C(CCCC1CCCC2C(C3CCCCC3)CCC12)CCC1CCCCC1
C1CCC2C(C1)CCC1C3CCCC3CCCC21
C1CCC(C2CC3CCCC3C3CCC4CCCCC4CC23)CC1
C1CCC(CCCCC2CCC3CCCCC23)CC1
C(CCC1CCCC2CCCC12)CC1CC2CCCCC2C1
C1CCC(C2CC3CCCC3C3CCC4CCCCC4C23)CC1
C1CCC(CCCCCC2CCC3CCCCC23)CC1
C1CCC(CCCCC2CC3CCCCC3C2)CC1
C1CCC(C2CCC3CC4C(CCC5C6CCC(CCCC7CC8CCCCC8C7)C6CCC45)CC32)CC1
C1CCC(C2CCC3CCC4CCCCC4C3CC2)CC1
C1CCC2CC(C3CCCC4CCCC43)CCC2C1
C(CCCC1CCCC2C(C3CCCCC3)CCC12)CCC1CCCCC1
C1CCC(CCC2CCC3C(CCC3C3CCCCC3)C2)CC1
C1CCC(CCC2CCCC3CC4C(CCC4C4CCCCC4)CC23)CC1
C1CCC2C(C1)CCC1CCCCC12
C1CCC(CC2CCC3CC4C(CC5CCC6CCCCC65)CCCC4CC23)CC1
C(CCC1CCCC2CCCCC12)CCC1CCCC2CCCCC12
C1CCC(CCCCCC2CCC3CCCCC23)CC1
C1CCC(CC2CCC3C(CC4CCCCC4)CCC3C2)CC1
C1CCC(CCCCCC2CC3CCCCC3C2)CC1
C1CCC(C2CC3CCCC3C3CCC4CCCCC4C23)CC1
C1CCC(C2CCC3CC4C(CCCC45CCCC5)CCC32)CC1
C1CCC(CCCCCC2CCC3CCCC3C2)CC1
C1CCC(CCC(CCC2CCCCC2)CCC2CCC3CCCC3C2)CC1
C1CCC(C2CCC3CC4C(CCC45CCCC5)CC32)CC1
C1CCC(CC2CCC3CC4C(CCCC5CC5)CCCC4CC23)CC1
C(CCCC1CCCC2C(C3CCCCC3)CCC12)CCC1CCCCC1
C1CCC2CCC3C4CCCC4CCC3C2CC1
C1CCC(CCCC2CCCC3CCC(C4CCCC5CCCC54)CC3C2)CC1
C1CCC2C(C1)CCC1C3CCCC3CCC21
C1CCC(CC2CCC(CC(CC3CCCCC3)C3CCCCC3)CC2)CC1
C1CCC2CCC(C3CCCC4CCCC43)CC2CC1
C(CCC1(C2CCCC2)CCCC2CCCCC21)CC1CCC2CCCCC2C1
C1CCC(CCC2CCC3C(CCC3C3CCCCC3)C2)CC1
C1CCC(CCCC2CCC3CCC(C4CCCC5CCCC54)CC3C2)CC1
C(CCCC1CCCC2C(C3CCCCC3)CCC12)CCC1CC1
C1CCC(C2CCC(C3CC4CCCC4C4CCC5CCCCC5C34)CC2)C1
C1CCC(C2CCC3CCC(C4CCCC4)CC32)CC1
C1CCC2CCC3C4CCCC4CCC3C2CC1
C1CCC2CC(C3CCCC4CCCC43)C3CCCC3C2CC1
C1CCC(CCC2CCC3C(CCC4CCCCC43)C2)CC1
C1CCC2CC(C3CCCC4CCCC43)CCC2C1
C1CCC(C2CCC(CCCCCC3CCCC4CCCCC34)C2)CC1
C1CCC2CCC3C4CCCCC4CC(CC4CCCC4)C3C2CC1
C1CCC2CCC3C4CCC(CCCC5CC6CCCCC6C5)C4CCC3C2CC1
C1CCC(CC2CC3CCCCC3C3CCC4CCCCC4C23)C1
C1CCC(C2CC3CCCC3C3CCC4CCCCC4C23)CC1
C1CCC(CCCCC2CCC3CCCCC23)CC1
C1CCC(C2CC3CCCC3C3CCC4CCCCCC4C23)CC1
C1CCC(CCCCCC2CCCC3C(C4CCCCC4)CCC23)CC1
C1CCC(CCCCCC2CCCC3C(C4CCCCC4)CCC23)CC1
C(CCC1CCCC2CCCCC12)CC1CCCC2CCCCC12
C(CCCC1CCCCC1)CCCC1CCC(C2CCCCC2)C1
C1CCC2C(C1)CCC1C2CCC2C3CCCC3CC21
C(CCCCC1CCC(C2CCCCC2)C1)CCCC1CCCCC1
C1CCC(C2CCC3CCCC3C3CCC4CCCCC4C23)CC1
C1CCC2CCC3C4CCC(CCCC5CC6CCCCC6C5)C4CCC3C2CC1
C1CCC(CCCCC2CC3CCCCC3C2)CC1
C1CCC(CCCC2CCCCC3CCC(C4CCCC5CCCC54)CC23)CC1
C1CCC(CCCCCC2CCCC3C(CC4CCCCC4)CCC23)CC1
C1CC2CCC3C(CCC4CCCCC43)CC2C1
C1CCC2CCC(C3CCCC4CCCC43)CC2CC1
C1CCC(CCCC2(CCCC3CCCC3)CCC3C4CCC5CCCCC5C4CCC32)CC1
C(CCCC1CCCC2C(C3CCCCC3)CCC12)CCC1CCCCC1
C1CCC(C2CCC3CC4C(CCC5C6CCC(CCCCC7CCC8CCCCC8C7)C6CCC45)CC32)CC1
C1CCC2CCC3C4CCC(CCCC5CC6CCCCC6C5)C4CCC3C2CC1
C1CCC(CCCCC2CCC3C2CCC2C4CC5CCC(C6CCCCC6)C5CC4CCC32)CC1
C1CCC2CC(CC3CCCC4CCCC43)CCC2C1
C1CCC(CCC2CCC3C(CCC3C3CCCC3)C2)CC1
C1CCC2CC(C3CCCC4CCCC43)CCC2C1
C1CCC(CC2CCC3CC4CCCCC4CC23)CC1
C1CCC(CCC2CCC3C(CC4CCCCC4)CCC3C2)CC1
C1CCC(C2CC3CCCC3C3CCCC4CCCCC4C23)CC1
C1CCC(CCCC2CC3CCCCC3C2C2CCCCC2)CC1
C1CCC(CC2CCC3C(CCC3C3CCCCC3)C2)CC1
C(CCCC1CCCCC1)CCCC1CCC(C2CCCCC2)C1
C1CCC(C2CC3CCCC3C3CCC4CCCCC4C23)CC1
C(CCCCC1CCC2C(CCC3C4CCCC4CCC23)C1)CCCC1CCCC(CC(CCC2CCC(CC3CCCCC3)CC2)C2CCCCC2)C1
C(CCCC1(C2CCCC2)CCCC2CCCCC21)CCC1CCC(C2CCCCC2)C1
C1CCC(C2CC3CCCCC3C3CCC4CCCCC4C23)CC1
C1CCC2CC(CC3CCCC4CCCC43)CCC2C1
C1CCC(CCC2CCC(CCC3CCCC(CC4CCCC4)C3)CC2)CC1
C1CCC2CCC(C3CCCC4CCCC43)CC2CC1
C1CCC(C2CC3CCCC3C3CCC4CCCCC4C23)CC1
C1CCC(CCCCCC2CC3CCCCC3C2)CC1
C1CCC(C2CC3CCCC3C3CCC4CCCCC4C3C2)CC1
C1CCC2CC(C3CCCC4CCCC43)CCC2C1
C(CCCC1CCCC2C(C3CCCCC3)CCC12)CCC1CC1
C1CCC2C(C1)CCC1C3CCCC3CCC21
C1CCC(CCCCC2CC3CCCCC3C2)CC1
C1CCC(CCC2CCC3C(CC4CCCCC4)CCC3C2)CC1
C1CCC2CC(C3CCCC4CCCC43)CCC2C1
C1CCC(C2CCC3CC4C(CCC45CCCCCC5)CC32)CC1
C1CCC(C2CCC3CC4C(CCCC45CCCC5)CC32)CC1
C1CCC(C2CC3CCCC3C3CCC4CCCCC4C23)CC1
C1CCC(CCCCC2CC3CCCCC3C2)CC1
C1CCC(C2CC3CCCC3C3CCC4CCCCC4C23)CC1
C1CCC(CCCC(CCC2CCC3CCCC3C2)CC2CCCCC2)CC1
C1CCC2C(C1)CCC1CCCCC12
C(CCCCC1CCC(C2CCCCC2)C1)CCCC1CCCCC1
C1CCC(C2CCC3CC4C(CCC5C6CCC(CCCC7CC8CCCCC8C7)C6CCCC45)CC32)CC1
C1CCC(C2CCC3CC4C(CCC45CCCCC5)CC32)CC1
C1CCC(CCCCC2CC3CCCCC3C2)CC1
C1CCC(CCCCCC2CCCC3C(C4CCCCC4)CCC23)CC1
C(CCCC1CCCC2C(C3CCCCC3)CCC12)CCC1CCCCC1
C1CCC(CCC2CCC3C(CCC4C5CCCC5CCC(CCC5CCCCC5)C34)C2)CC1
C1CCC(CCCC2CCC3C2CCC(C2CCCCC2)C2C4CCCCC4CCC32)CC1
C1CCC2C(C1)CCC1C2CCC2C3CCCC3CC21
C1CCC2C(C1)CCC1C3CCCC3CCC21
C1CCC2C(C1)CC(C1CCCC1)C1CCCCC21
C1CCC(CCC2CCC3C(CCC3C3CCCCC3)C2)CC1
C1CCC(C2CCC3CC4C(CCCCC45CCCCC5)CC32)CC1
C1CCC(CCC2CCC3C(CCC3C3CCCCC3)C2)CC1
C1CCC(C2CC3CCCC3C3CCC4CCCCC4C3C2)CC1
C1CCC2C(C1)CCCC2CCCC1CCCC2CCCCC21
C1CCC2C(C1)CCC1C2CCC2C3CCCC3CC21
C(CCCC1CCCCC1)CCCC1CCC(C2CCCCC2)C1
C1CCC(C2CCCC3(CCC4CC5C(CCC5C5CCCCC5)CC43)C2)CC1
C1CCC2CCC3C4CCCC4CCC3C2CC1
C1CCC(CCC2CCC3C(CCCC4CCCCC43)C2)CC1
C1CCC2CCC(C3CCCC4CCCC43)CC2CC1
C(CCC1CCCC2CCCCC12)CC1CCCC2CCCCC12
C1CCC2CC(CCCC3CCCC4C3CCC3C5CCCCC5CCC43)CCC2C1
C1CCC(CCCCCC2CCCC3C(C4CCCCC4)CCC23)CC1
C1CCC(CC23CCCCC2CCC2C4CCCC4CCC23)CC1
C(CCCC1CCCCC1)CCCC1CCC(C2CCCCC2)C1
C1CCC(CC2CCCC(CC3CC4CCCCC4C4CCC5CCCCCC5C34)C2)CC1
C1CCC(CCC(CC2CC3CCCCC3C2)C2CCC2)CC1
C1CCC2CCC3C4CCCCC4CCC3C2CC1
C1CCC(CC2CCC3CC4(CCCCC4C4CCCCC4)CCC23)CC1
C1CCC(CCC2CCCC3CCC4C(CCC4C4CCCCC4)CC23)CC1
C1CCC(CCCCCC2CC3CCCCC3C2)CC1
C1CCC(C2CCC3CC4C(CCC5C6CCC(CCCC7CCC8CCCCC8C7)C6CCCC45)CC32)CC1
C(CCCC1CCCCC1)CCCC1CCC(C2CCCCC2)C1
C1CCC2CC(CC3CCCC4CCCC43)CCC2C1
C1CCC(C2CCC3C(CCC4CCCCC43)C2)CC1
C1CCC(CCC(CC2CC2)CC2CC3CCCCC3C2)CC1
C1CCC(CCC2CCC(C3CCC3)CC2)CC1
C1CCC(CCCCCC2CC3CCCCC3C2)CC1
C1CCC(CC2CC3CCCCC3C3CCC4CCCCC4C3C2)C1
C1CCC(C2CCC3CCC4C(CCC45CCCC5)CC32)CC1
C1CCC(CC2CC3CCCCC3CC3CCC4CCCCC4C32)CC1
C1CCC(CCC2CCC3C(CCC3C3CCCCC3)C2)CC1
C(CCC1CCC2C(CCC3C4CCCC4CCC23)C1)CC1CCC(C2CC3CCCC3C3CCC4CCCCC4C23)CC1
C1CCC(CCCCC2CCC3CCCCC23)CC1
C1CCC(CC2CCC(CC(CC3CCCCC3)C3CCCCC3)CC2)CC1
C1CCC(CCCCC2CC3CCCCC3C2)CC1
C1CCC2CCC3C4CCC(CCCC5CC6CCCCC6C5)C4CCC3C2CC1
C1CCC(C2CCC(CCCCCC3CCCC4CCCCC34)C2)CC1
C1CCC(C2CCC3CC4C5CCC6C(CCCC7CCC8CCCCC8C7)CCC6C(CCC4CC32)C5)CC1
C1CCC2CCC3C4CCCCC4CC(CC4CCCC4)C3C2CC1
C1CCC2C(C1)CCC1C2CCC2C3CCCC3CC21
C1CCC2C(C1)CC(C1CCCC1)C1CCCCC21
C1CCC(CC2CCC(CC(CC3CCCCC3)C3CCCCC3)CC2)CC1
C1CCC(C2CCC3CCC4CCCCC4C3CC2)CC1
C1CCC(C2CCC3CC4C(CCCC5C6CCC(CCCC7CCC8CCCCC8C7)C6CCC45)CC32)CC1
C1CCC2CCC(C3CCCC4CCCC43)CC2CC1
C1CCC(CC2CCC3C(CCC3C3CCCCC3)C2)CC1
C1CCC(C2CCC3C(CCC4CCCCC43)C2)CC1
C1CCC(CCCCC2CC3CCCCC3C2)CC1
C1CCC2CCC3C4CCCC4CCC3C2CC1
C1CCC(C2CC3CCCC3CC3CCC4CCCCC4C32)CC1
C1CCC(C2CCC3CCC4C(CCCC45CCCC5)CC32)CC1
C1CC2CCC3C4CC5CC5CCC4CCC3C2C1
C1CCC2CCC3C4CCCC4CCC3C2CC1
C1CCC(C2CC3C(CCC34CCCC4)C3CCCC4CCCCC4C23)CC1
C1CCC2CCC(C3CCCC4CCCC43)CC2CC1
C1CCC2CCC3C4CCC(CCCC5CCC6CCCCC6C5)C4CCC3C2CC1
C1CCC2C(C1)CCC1CCCCC12
C1CCC2CCC3C(CCC4C3CCC4(CCCC3CC4CCCCC4C3)CCC3CCCC3)C2CC1
C1CCC(CC2CC3CCCCC3C3CCC4CCCCC4C23)C1
C1CCC2CC3CCC4CCCCC4C3CCC2C1
C(CCCC1CCCC2C(C3CCCCC3)CCC12)CCC1CCC(C2CCCC2)C1
C1CCC(CCCCCC2CCC3CCCC3C2)CC1
C1CCC(C2CCC3CC4C(CCC5CCC6CCCCC65)CCCC4CC32)CC1
C1CCC(CC2CCC3C(CC4CCCCC4)CCC3C2)CC1
C1CCC(CC2CC3CCCCC3C3CCC4CCCCCC4C23)CC1
C1CCC(C2CCC3CC4C(CCC5C6CCC(CCCC7CCC8CCCCC8C7)C6CCC45)CC32)CC1
C1CCC(C2CCC3CC4C(CCC32)CCC42CCCC2)CC1
C1CCC(C2CCC3C(CCC4CCCCC43)C2)C1
C1CCC(C2CC3CCCC3C3CCC4CCCCCC4C23)CC1
C(CCC1CCC2CCCCC2C1)CCC1CCCC2CCCCC12
C1CC2CCC3C(CCC4CCC5CC5C43)C2C1
C1CCC2CC(CC3CCCC4CCCC43)CCC2C1
C1CCC2CC(CCCC3CCC4C3CCC3C5CCCCC5CCC43)CC2C1
C1CCC(C2CC3C(CCC34CCCC4)C3CCC4CCCCC4CC23)CC1
C1CCC2CC(C3CCCC4CCCC43)CCC2C1
C1CCC(CC2CC3CCCCC3C3CCC4CCCCC4C23)CC1
C(CCCC1CCCC2CCCCC12)CCC1CCC(C2CCCC2)C1
C1CCC(CCC2CCCC3CC4C(CCC4C4CCCCC4)CC23)CC1
C1CCC(CCCCC2CC3CCCCC3C2)CC1
C1CCC(CCCCCC2CC3CCCCC3C2)CC1
C(CCC1CCCC2CCCCC12)CC1CCC2CCCCC2C1
C1CCC(CCC2CCC3C(CCC4C5CCCC5CC(CCC5CCCCC5)C34)C2)CC1
C1CCC2CCC3C4CCCCC4CC(CC4CCCC4)C3C2CC1
C1CCC(C2CCC3CCCC3C3CCC4CCCCC4C23)CC1
C1CCC(CCC2CCC3C(CCC3C3CCCC(CC4CCCCC4)C3)C2)CC1
C1CCC(CCCCC2CC3CCCCC3C2)CC1
C(CCC1CCC2CCCC2C1)CC1CCC(C2CCCC2)CC1
C1CCC2C(C1)CCC1C3CCCC3CCC21
C1CCC(C2CC3CCCC3C3CCC4CCCCC4CC23)CC1
C1CCC2CCC(C3CCCC4CCCC43)CC2CC1
C1CCC2C(C1)CCC1CCCCC12
C1CCC(CCC2CCC3C(CCC3C3CCCCC3)C2)CC1
C1CCC2CC(CCCC3CCCC4CCCCC43)CC2C1
C1CCC(C2CCC3CC4C(CCC5C6CCC(CCCCC7CCC8CCCCC8C7)C6CCC45)CC32)CC1
C1CCC(CC2CCC(CCC(CC3CCCCC3)C3CCCCC3)CC2)CC1
C1CCC(C2CCC3CC4C(CC5CC6CCCCC6C5)CCCCC4CC32)CC1
C1CCC(CC2CC3CCCCC3C3CCC4CCCCCC4C23)CC1
C1CCC(CCCCC2CC3CCCCC3C2)CC1
C1CCC(CC2CCC3CC4CCCCC4CC23)CC1
C1CCC2CC3CCC4CCCCC4C3CCC2C1
C1CCC(CCCCC2CCCC(C3CCC4CC(CCC5CCC6CCCCC6C5)CCC43)C2)CC1
C1CCC(CC2CCC3CC4C(CCC45CCC(C4CCCCC4)C5)CC23)CC1
C1CCC(CC(CC2CCCCC2)C2CCCCC2)CC1
C1CCC2CCC(C3CCCC4CCCC43)CC2CC1
C1CCC(CC2CCCCC2CC2CC3CCCCC3C3CCC4CCCCCC4C23)CC1
C1CCC(C2CCC3CC(C4CCC(CCC5CCCC5)CC4)CCC32)CC1
C1CCC(C2CCC3CC4C(CCCC5C6CCC(CCCC7CCC8CCCCC8C7)C6CCC45)CC32)CC1
C1CCC2CCC3C4CCCC4CC(C4CCC(C5CCCC5)CC4)C3C2CC1
C1CCC(CCCCCC2CC3CCCCC3C2)CC1
C1CCC(CC2CCC3CCCCC3C3CCC4CCCCC4C23)CC1
C1CCC(C2CCC3CC4C(CCCC45CCCCC5)CC32)CC1
C(CCCCC1CCC(C2CCCCC2)C1)CCCC1CCCCC1
C1CCC2CCC3C4CCC(CCCC5CCCC5)C4CCC3C2CC1
C1CCC(CCC2CCC(C3CC3)CC2)CC1
C1CCC(C2CCC(CCCCCC3(C4CCCC4)CCCC4CCCCC43)C2)CC1
C1CCC2CCC(C3CCC4CCCCC43)CC2CC1
C1CCC(CC2CC3CCCCC3C3CCC4CCCCCC4C23)CC1
C1CCC(C2CCC3C(CCCCCC4CCC(C5CCCC5)C4)CCCC23)CC1
C(CCCC1CCCCC1)CCCC1CCC(C2CCCCC2)C1
C(CCCC1CCCCC1)CCC1CCCCC1
C1CCC(CCC2CCC3C(CCC3C3CCCC3)C2)CC1
C1CCC(CCC2CCC3C(CCC3C3CCCCC3)C2)CC1
C1CCC(C2CCC3CC4C(CCCCC45CCCC5)CC32)CC1
C1CCC2C(C1)CCC1CCCCC12
C1CCC2CCC3C4CCCC4CCC3C2CC1
C1CCC(C2CCC3CCC4C(CCC45CCCCC5)CC32)CC1
C1CCC(C2CC3CCCC3C3CCC4CCCCC4C23)CC1
C1CCC(C2CC3CCCC(C3)C3CCC4CCCCC4C32)CC1
C1CCC2C(C1)CCC1C3CCCCC3CCC21
C1CCC(CCCCC2CCC3CCCCC23)CC1
C1CCC2CCC3C4CCCC4CCC3C2CC1
C1CCC(CCCCC2CC3CCCCC3C2)CC1
C1CCC(CCCC2CCC3C2CCC2C4CCCCC4CCC32)C1
C1CCC2CC(C3CCCC4CCCC43)CCC2C1
C1CCC2C(C1)CCC1C3CCCCC3CCC21
C1CCC(CCCC2CCC3C(CCC3C3CCCCC3)C2)CC1
C1CCC(CCCCCC2CCC3CCCCC23)CC1
C1CCC(CCCCCC2CC3CCCCC3C2)CC1
C1CCC(C2CCC(C3CC4CCCC4C4CCC5CCCCC5C34)CC2)C1
C1CCC(CCC2CCC3C(CCC3C3CCCCC3)C2)CC1
C1CCC2CCC3C(CCC4C5CCCC5CC43)C2CC1
C1CCC2C(C1)CCC1C3CCCCC3CCC21
C1CCC(CCCC2CCC(C3CCC4C(CCC4C4CCCCC4)C3)CC2)CC1
C1CCC2CCC3CCCCC3C2CC1
C1CCC2CC(C3CCCC3)CCC2C1
C1CCC(CCCCC2CCC3CCCCC23)CC1
C1CCC(CC2CC3CCCCC3C3CCC4CCCCCC4C23)CC1
C1CCC2CCC(C3CCCC4CCCC43)CC2CC1
C(CCC1CCCC2CCCC12)CC1CC2CCCCC2C1
C1CCC(CCCCC2CC3CCCCC3C2)CC1
C1CCC2CC(CC3CCCC4CCCC43)CCC2C1
C1CCC(C2CC3C(CCC4CC4)CCC3C3CCC4CCCCC4C23)CC1
C1CCC2C(C1)CCCC2CC1CCC2CCCCC2C2CCC3CCCCC3C12
C1CCC(CC2CC3CCCCC3C3CCC4CCCCC4C23)CC1
C1CCC(CCC2CCC3C(CCC3C3CCCCC3)C2)CC1
C(CCCCC1CCC(C2CCCCC2)C1)CCCC1CCCCC1
C1CCC(CCCC2(CCC3CCCC3)CCC3C4CCC5CCCCC5C4CCCC32)C1
C1CCC2CC(CCCC3CCCCC4CCCCC43)CC2C1
C1CCC(C2CCC3CCCC3C3CCC4CCCCC4C23)CC1
C1CCC(C2CC3CCCC3C3CCC4CCCCC4C23)CC1
C1CCC(C2CCC3C(CCC4CCCCC43)C2)CC1
C1CCC(C2CC3CCCC3C3CCC4CCCCCC4C23)CC1
C(CCCC1CCC2CCCC2C1)CCCC1CCC(C2CCCCC2)C1
C1CCC2CC(C3CCCC4CCCC43)C3CCCC3C2CC1
C1CCC(CCCC2CCC3CCC(C4CCCC5CCCC54)CC3C2)CC1
C1CCC(CCC2CCC3C(CC4CCCCC4)CCC3C2)CC1
C1CCC2CC(CCCC3CCC4C3CCC3C5CCCCC5CCC43)CCC2C1
C1CCC2CCC(C3CCCC4CCCC43)CC2CC1
C1CCC(CCC2CCC(CCC3CCCC(CC4CCCC4)C3)CC2)CC1
C1CCC2CCC3C(CCC4C5CCCC5CC43)C2CC1
C1CCC(CCC2CCC3C(CCC3C3CCCCC3)C2)CC1
C1CCC(CCCCCC2CCC3CCCCC23)CC1
C(CCC1CCC2CCC(C3CCCC4CCCC43)CC2C1)CC1CCC2CCCC2C1
C1CCC(CC2CCC3CC4C(CCC5C6CCC(CCCC7CCC8CCCCC8C7)C6CCC45)CC23)CC1
C1CCC(C2CCC3C(CCC4CCCCC43)C2)CC1
C1CCC(C2CCC3CC4C(CCC32)CCC42CCCC2)CC1
C1CCC(CCC2CCC(CCC3CCCC(CC4CCCC4)C3)CC2)CC1
C1CCC2CCC3C4CCCCC4CC(CC4CCCC4)C3C2CC1
C(CCCC1CCCC2C1CCC2C1CCC(CC2CC2)CC1)CCC1CCCCC1
C1CCC2CCC(C3CCCC4CCCC43)CC2CC1
C1CCC(CC2CCCCC23CCC2C(CCC2C2CCCCC2)C3)CC1
C1CCC(CCCC2CCC3C(CCC4C5CCCC5CC(CCC5CCCCC5)C34)C2)CC1
C1CCC(CCC2CCCCC2)CC1
C1CCC2CCC(C3CCCC4CCCC43)CC2CC1
C1CCC2CCC(C3CCCC4CCCC43)CC2CC1
C1CCC(C2CC3CCCC3C3CCC4CCCCC4C23)CC1
C1CCC(CCCCC2CC3CCCCC3C2)CC1
C1CCC2C(C1)CCCC2CCCC1CCC2C1CCC1C3CCCCC3CCCC21
C1CCC(C2CC3CCCC3C3CCCC4CCCCC4C23)CC1
C1CCC(CCCCCC2CCCC3C(C4CCCCC4)CCC23)CC1
C1CCC(CCCC2CCC3CCC(C4CCCC5CCCC54)CC3C2)CC1
C1CCC(CCCCC2CC3CCCCC3C2)CC1
C(CCC1CCCC2CCCCC12)CC1CC2CCCCC2C1
C1CCC2C(C1)CC(C1CCCC1)C1CCCCC21
C1CCC(CCC2CCC3C(CCC3C3CCCCC3)C2)CC1
C1CCC2CCC(C3CCCC4CCCC43)CC2CC1
C1CCC(CCCC2CCC3CCC(CC4CCCC5CCCC54)CC3C2)CC1
C1CCC(CCCCCC2CCC3CCCCC23)CC1
C1CCC(CCC2CCC3C(CCC3C3CCCC3)C2)CC1
C1CCC(CCCCC2CCCC(C3CCC4CC(CCC5CCC6CCCCC6C5)CCC43)C2)CC1
C1CCC(CCC(CCC2CCC3CCCC3C2)CC2CCCCC2)CC1
C1CCC2CCC3C4CCC(CCCC5CCC6CCCCC6C5)C4CCC3C2CC1
C1CCC2C(C1)CCC1C3CCCCC3CCC21
C1CCC(C2CCC3CC4C(CCC45CCCCCC5)CC32)CC1
C1CCC(CCC2(CCCC3CC4CCCCC4C3)CCC3C4CCC5CCCCC5C4CCCC32)C1
C1CCC(C2CC3CCCCC3C3CCCCC23)CC1
C1CCC(C2CCC3CC4C(CCCC45CCCCCC5)CC32)CC1
C1CCC2CC(CC3CCCC4CCCC43)CCC2C1
C1CCC2CC3CCCCC3CCC2C1
C1CCC(CCCC2CCC3C2CCC2C4CC5CCC(C6CCCCC6)C5CC4CCCC32)CC1
C1CCC(CCC2CCCC3CCC4C(CCC4C4CCCCC4)CC23)CC1
C1CCC2CC(CCCC3CCC4C3CCC3C5CCCCC5CCC43)CC2C1
C1CCC2C(C1)CCC1C3CCCC3CCC21
C1CCC(CCC2CCC3C(CCC3C3CCCCC3)C2)CC1
C1CCC(CC2CC3CCCCC3C3CCC4CCCCCC4C23)CC1
C1CCC(CC2CCC3C(CCC3C3CCCCC3)C2)CC1
C1CCC(C2CCC(CCCCCC3CCCC4C(C5CCCCC5)CCC34)C2)CC1
C1CCC(CCCCC2CC3CCCCC3C2)CC1
C1CCC(CCCCCC2CCC3CCCCC23)CC1
C1CCC2CC(CCCC3CCC4C3CCC3C5CCCCC5CCCC43)CC2C1
C(CCC1CCCC2CCCCC12)CC1CCC2CCCCC2C1
C(CCCC1CCCCC1)CCCC1CCC(C2CCCCC2)C1
C1CCC(C2CC3CCCC3C3CCCC4CCCCC4C23)CC1
C1CCC2C(C1)CCCC1C3CCCC3CCC21
C(CCC1CCCCC2CCCCC12)CC1CCC2CCCCC2C1
C1CCC(CCC2CCC3C(CCC3C3CCCCC3)C2)CC1
C(CCCC1CCCC2C(C3CCCCC3)CCC12)CCC1CCCCC1
C1CCC2C(C1)CCC1C3CCCC3CCC21
C1CCC(CCCC2CCC3CCC(C4CCCC5CCCC54)CC3C2)CC1
C1CCC(C2CCC3CCCC3C3CCC4CCCCC4C23)CC1
C1CCC2C(C1)CCC1C3CCCC3CCC21
C1CCC2C(C1)CCC1C3CCCC3CCC21
C1CCC(C2CCC(CCCC3CCC4C3CCC3C5CCCCC5CCC43)C2)CC1
C1CCC(C2CCC3CC4(CCCCCC4C4CCCCC4)CCC32)CC1
C1CCC(CCCCCC2CC3CCCCC3C2)CC1
C1CCC2CCC(C3CCCC4CCCC43)CC2CC1
C1CCC(CCCC2CCCC3CCC(C4CCCC5CCCC54)CC3C2)CC1
C1CCC(CCCCCC2CC3CCCCC3C2)CC1
C1CCC2CC(CCCC3CCCC4CCCCC43)CC2C1
C1CCC(CCC2CCC3C(CC4CCCCC4)CCC3C2)CC1
C1CCC(C2CCC3CC4C(CCC32)CCC42CCCC2)CC1
C1CCC(C2CCC3CCCC3C3CCC4CCCCC4C23)CC1
C1CCC(CCCCC2CC3CCCCC3C2)CC1
C1CCC(CCCC2CCCC3CCCCC32)C2CCCCC2C1
C1CCC(CC2CCC(CC(CC3CCCCC3)C3CCCCC3)CC2)CC1
C1CCC(C2CCC3CCCC3C3CCC4CCCCC4C23)CC1
C1CCC2CCC(C3CCCC4CCCC43)CC2CC1
C1CC(C2CCC(C3CC4CCCCC4C4CCC5CCCCC5C34)CC2)C1
C1CCC(CCCC2CCC3CCC(C4CCCC5CCCC54)CC3C2)CC1
C1CCC(C2CCC3(CCC4CC5C(CCC5C5CCCCC5)CCC43)C2)CC1
C(CCC1CCCC2CCCC12)CC1CC2CCCCC2C1
C1CCC(CC2CC3CCCCC3C3CCC4CCCCC4C23)C1
C1CCC2CCC(C3CCCC4CCCC43)CC2CC1
C1CCC(C2CCC3CC4C(CCC5C6CCC(CCCC7CCC8CCCCC8C7)C6CCC45)CC32)CC1
C1CCC(CCCC2CCC(C3CC3)CC2)CC1
C1CCC2C(C1)CCC1C3CCCC3CCCC21
C1CCC(CCC2CC3CCCCC3C3CCC4CCCCC4C23)C1
C1CCC2CCC(C3CCCC4CCCC43)CC2CC1
C1CCC(CCCCC2CC3CCCCC3C2)CC1
C1CCC(CCC2CCC3C(CCC3C3CCCC(CC4CCCC4)C3)C2)CC1
C1CCC(CCCCC2CC3CCCCC3C2)CC1
C1CCC2CCC3C4CCC(CCCC5CC6CCCCC6C5)C4CCC3C2CC1
C1CCC(C2CCC3CCCC3C3CCC4CCCCC4C23)CC1
C1CCC2C(C1)CCC1C3CCCC3CCC21
C1CCC(C2CCC3CC4CCCCC4CCC32)CC1
C1CCC(C2CC3C(CCC34CCCC4)C3CCCC4CCCCC4C23)CC1
C1CCC(CCCCC2CCC3CCCCC23)CC1
C1CCC(C2CC3CCCC3C3CCC4CCCCC4C23)CC1
C1CCC2CC(CCCC3CCC4C3CCC3C5CCCCC5CCC43)CC2C1
C1CCC(CC2CC3CCCCC3C3CCC4CCCCCC4C23)CC1
C1CCC(C2CCC3CC4C(CCC5C6CCC(CCCC7CC8CCCCC8C7)C6CCCC45)CC32)CC1
C1CCC2C(C1)CCCC1C3CCCC3CCC21
C1CCC(C2CCC3CC4C(CCC45CCCCC5)CC32)CC1
C1CCC(C2CCC3CC4C(CCCC5C6CCC(CCCC7CC8CCCCC8C7)C6CCC45)CC32)CC1
C1CCC(CCCC2CCC3CCC(C4CCCC5CCCC54)CC3C2)CC1
C1CCC(CCCCCC2CCC3CCCCC23)CC1
C1CCC(CCCCC2CC3CCCCC3C2)CC1
C1CCC(CCCCC2CC3CCCCC3C2)CC1
C1CCC(CCCCCC2CCCC3C(C4CCCCC4)CCC23)CC1
C1CCC(CCCCCC2CCCC3C2CCC3C2CCCC(CC3CCCC3)C2)CC1
C1CCC2CCC3CCCCC3C2CC1
C1CCC(C2CCC3CC4C(CCC5C6CCC(CCCC7CC8CCCCC8C7)C6CCC45)CC32)CC1
C1CCC(C2CCC(CCCCCC3CCCC4C(C5CCCCC5)CCC34)C2)CC1
C1CCC2CCC3C(CCC4C3CCC4(CCCC3CC4CCCCC4C3)CCC3CCCC3)C2CC1
C1CCC(C2CC3CCCC3C3CCC4CCCCC4C23)CC1
C1CCC(CCC2CCC3C(CCC3C3CCCCC3)C2)CC1
C1CCC(CCC2CCC(CCC3CCCCC(CC4CCCC4)C3)CC2)CC1
C1CCC(CCCCC2CC3CCCCC3C2)CC1
C1CCC(CC2CCCC2CC2CC3CCCCC3C3CCC4CCCCCC4C23)CC1
C1CCC(CCC2CCC(CCC3CCCC(CC4CCCCC4)C3)CC2)CC1
C1CCC(C2CCC3CCCC3C3CCC4CCCCC4C23)CC1
C(CCC1CC2CCCCC2C1)CCC1CCCC2CCCC12
C1CCC2CC(C3CCCC4CCCC43)CCC2C1
C1CCC(CCCCC2CC3CCCCC3C2)CC1
C1CCC(CCCCC2CC3CCCCC3C2)CC1
C1CCC(CCC2CCC(CCC3CCCC(CCC4CCCC4)C3)CC2)CC1
C1CCC(C2CC3CCCC3C3CCC4CCCCCC4C23)CC1
C1CCC(CC2CC3CCCCC3C3CCC4CCCCC4C23)CC1
C1CCC(CCCCCC2CCCC3C(C4CCCCC4)CCC23)CC1
C1CCC(C2CC3CCCCC3C3CCCCC23)CC1
C1CCC2C(C1)CCC1C3CCCC3CCC21
C1CCC2C(C1)CC(C1CCCC3CCCC31)C1CCCCC21
C1CCC2CC(CC3CCCC4CCCC43)CCC2C1
C1CCC(CCCC2CC3CCCC3C3CCC4CC(CCC5CCCCC5)CCC4C23)CC1
C1CCC(CCCCCC2CCC3C2CCC2C4CCCCC4CCC32)CC1
C1CCC(CCC2CCC3C2CCC2C4CCCCC4CCC32)C1
C1CCC(CCC2CCC(CCCC3CCCC(CC4CCCC4)C3)CC2)CC1
C1CCC(C2CCC(CCCC3CCC4C3CCC3C5CCCCC5CCC43)C2)CC1
C1CCC2CC(C3CCCC4CCCC43)CCC2C1
C1CCC(CC2CCC(CC(CC3CCCCC3)C3CCCCC3)CC2)CC1
C1CCC(C2CCC3CC4CCCCC4CC32)CC1
C1CCC(CCCCC2CCCC3CCC(CC4CCCCC4)CC23)CC1
C1CCC(C2CCC3CCCC3C3CCC4CCCCC4C23)CC1
C1CCC(CCCCCC2CC3CCCCC3C2)CC1
C1CCC2C(C1)CCC1C3CCCCC3CCCC21
C1CCC(CCC2(CCCCC3CC4CCCCC4C3)CCC3C4CCC5CCCCC5C4CCC32)C1
C1CCC(CCCC(CCC2CCC3CCCC3C2)CC2CCCCC2)CC1
C(CCCCC1CCC(C2CCCCC2)C1)CCCC1CCCCC1
C1CCC(CC2CC3CCCCC3CC3CCC4CCCCC4C32)CC1
C1CCC(CC2CC3CCCCC3CC3CCC4CCCCC4C32)CC1
C1CCC(CCCCC2CC3CCCCC3C2)CC1
C1CCC(CCCCC2CCCC(C3CCC4CC(CCC5CCC6CCCCC6C5)CCC43)C2)CC1
C1CCC(C2CC3C(CCC4CC4)CCC3C3CCC4CCCCC4C23)CC1
C1CCC(C2CCC3CC4C(CCCC45CCCC5)CC32)CC1
C1CCC2C(C1)CCC1C3CCCC3CCC21
C(CCCC1CCCC2C(C3CCCCC3)CCC12)CCC1CCCCC1
C(CCCCC1CCC(C2CCCCC2)C1)CCCC1CCCCC1
C1CCC(CCCC2CC3CCCC3C3CCC4CC(CCC5CCCCC5)CCC4C23)CC1
C1CCC(CC2CC3CCCCC3C3CCC4CCCCC4C23)CC1
C1CCC(CCC2CCCCC2)CC1
C1CCC(C2CC3CCCCC3C3CCCCC23)CC1
C1CCC(C2CC3CCCC3C3CCC4CCCCC4CC23)CC1
C1CCC(C2CCC(CCCCCC3CCCC4C(C5CCCCC5)CCC34)C2)CC1
C(CCCCCCC1CCC(CCC2CCC(CCC3CCCC3)C2)C1)CCCCCCC1CCC2C1CCC1C3CCCCC3CCC21
C1CCC(C2CCC3CC4C(CCC5C6CCC(CCCC7CCC8CCCCC8C7)C6CCC45)CC32)CC1
C1CCC(CC2CCC3CCCCC3C3CCC4CCCCC4C23)CC1
C1CCC(C2CCC3CC4C(CCC32)CCC2C3CCC(CCCC5CCC6CCCCC6C5)C3CCC42)CC1
C1CCC(CC2CC3CCCCC3C3CCC4CCCCCC4C23)CC1
C1CCC2C(C1)CCC1C3CCCC3CCC21
C(CCCC1CCCC2C(C3CCCCC3)CCC12)CCC1CCCCC1
C1CCC(CCCCC2CC3CCCCC3C2)CC1
C1CCC(C2CC3CCCC3C3CCC4CCCCC4C23)CC1
C(CCC1CCC2CCCCC2C1)CCC1CCCC2CCCCC12
C1CCC(CCC2CCC3C(CCC3C3CCCCC3)C2)CC1
C1CCC(CCCCC2CC3CCCCC3C2)CC1
C(CCCC1CCCCC1)CCCC1CCC(C2CCCCC2)C1
C1CCC(CCCCC2CC3CCCCC3C2)CC1
C1CCC(C2CCC3CC4C(CCC32)CCC2C3CCC(CCCC5CC6CCCCC6C5)C3CCC42)CC1
C1CCC(CCCCCC2CC3CCCCC3C2)CC1
C1CCC(CCC2CCC3C(CCC3C3CCCCC3)C2)CC1
C(CCC1CCCC2CCCC12)CC1CC2CCCCC2C1
C1CCC2C(C1)CCC1C3CCCC3CCC21
C1CCC2CCC3C(CCC4C3CCC4(CCCC3CC4CCCCC4C3)CCC3CCCC3)C2CC1
C1CCC(CC2CC3CCCCC3C3CCC4CCCCC4C23)CC1
C1CCC(C2CC3CCCC3C3CCC4CCCCCC4C23)CC1
C1CCC(C2CCC3CC4C5CCC6C(CCCC7CCC8CCCCC8C7)CCC6C(CCC4CC32)C5)CC1
C1CCC(C2CC3CCCCC3C3CCCCC23)CC1
C1CCC2CCC(C3CCCC4CCCC43)CC2CC1
C1CCC(CCC2CCC(C3CCC4C(CCC4C4CCCCC4)C3)CC2)CC1
C1CCC(CC2CC3CCCCC3C2C2CCCCC2)CC1
C1CCC(CCCCC2CC3CCCCC3C2)CC1
C1CCC2C(C1)CC(C1CCCC3CCCCC31)C1CCCC21
C1CCC2CCC3C4CCCCC4CCC3C2CC1
C1CCC(CCC2CCC3C(CCC3C3CCCCC3)C2)CC1
C1CCC2CC(C3CCCC4CCCC43)CCC2C1
C1CCC(CCCCC2CC3CCCCC3C2)CC1
C1CCC(CC2CCC3CCCCC3C3CCC4CCCCC4C23)CC1
C1CCC(CCCC2CCC3CCC(C4CCCC5CCCC54)CC3C2)CC1
C1CCC(CCCCCC2CCCC3C(C4CCCCC4)CCC23)CC1
C1CCC(CCC2CCC3C(CCC4C5CCCCC5CCC34)C2)CC1
C1CCC(C2CC3CCCC3C3CCC4CCCCC4C23)CC1
C1CCC(C2CCC(CCCCCC3(C4CCCCC4)CCCC3)C2)CC1
C1CCC(CCCCCC2CCC3CCCCC23)CC1
C1CCC(CC2CCC3CC4C(CCC5C6CCC(CCCC7CCC8CCCCC8C7)C6CCC45)CC23)CC1
C1CCC(CCCC2CCC3C(CCC3C3CCCCC3)C2)CC1
C1CCC2CCC3C4CCC(CCCC5CC6CCCCC6C5)C4CCC3C2CC1
C1CCC(CCC2(CCCC3CCC4CCCCC4C3)CCCC3C4CCC5CCCCC5C4CCC32)C1
C1CCC(CCC2CCC3C(CC4CCCCC4)CCC3C2)CC1
C1CCC(CCC2CCC(C3CCC4C(CCC4C4CCCCC4)C3)CC2)CC1
C1CCC(CCC2CCC(C3CC3)CC2)CC1
C(CCC1CCCC2CCCC12)CC1CC2CCCCC2C1
C(CCCC1CCCCC1)CCC1CCCCC1
C1CCC2CC(C3CCCC4CCCC43)CCC2C1
C1CCC(C2CC3CCCC3C3CCC4CCCCC4C23)CC1
C1CCC(CCC(CCCC2CCC3CCCC3C2)CC2CCCCC2)CC1
C(CCCC1CCCCC1)CCCC1CCC(C2CCCCC2)C1
C1CCC2CC(C3CCCC4CCCC43)CCC2C1
C1CCC(CCCCC2CC3CCCCC3C2)CC1
C1CCC(C2CCC3CC4C(CCC5CCC6CCCCC65)CCCC4CC32)CC1
C1CCC(C2CCC3C(CCC4CCCCC43)C2)CC1
C(CCC1CCCC2CCCC12)CC1CC2CCCCC2C1
C1CCC2CC(C3CCCC4CCCC43)CCC2C1
C1CCC(CCCCC2CC3CCCCC3C2)CC1
C1CCC(C2CCC3CCC4C(CCC5C6CCC(CCCC7CC8CCCCC8C7)C6CCC45)CC32)CC1
C1CCC(C2CCC3CC4CCCCC4CC32)CC1
C1CC2CCC3C(CCC4CCCCC43)CC2C1
C(CCC1CCCCC2CCCCC12)CC1CCC2CCCCC2C1
C(CCCC1CCCCC1)CCC1CCCCC1
C1CCC(CC2CC3CCCCC3C3CCC4CCCCC4C23)C1
C1CCC(CCCCC2CCC3C2CCC2C4CC5CCC(C6CCCCC6)C5CC4CCC32)CC1
C1CCC2CC(CCCC3CCC4C3CCC3C5CCCCC5CCC43)CC2C1
C1CCC2CCC(C3CCCC4CCCC43)CC2CC1
C1CCC2CC(CCCC3CCCC4CCCCC43)CC2C1
C1CCC(CCC2CCC3C(CCC3C3CCCCC3)C2)CC1
C1CCC(CCC2CCC3C(CCC3C3CCCC(CCC4CCCC4)C3)C2)CC1
C(CCC1CCC2CCCCC2C1)CCC1CCCC2CCCCC12
C1CCC(C2CC3CCCCC3C3CCCCC23)CC1
C1CCC(CCC2CCC(C3CCC4C(CCC4C4CCCCC4)C3)CC2)CC1
C1CCC(CCC2CCC3C(CCC3C3CCCCC3)C2)CC1
C1CCC(C2CC3CCCC3C3CCC4CCCCCC4C23)CC1
C1CCC2C(C1)CCC1C3CCCC3CCC21
C1CCC(CCCCC2CCCC(C3CCC4CC(CCC5CCC6CCCCC6C5)CCC43)C2)CC1
C(CCCC1CCCCC1)CCCC1CCC(C2CCCCC2)C1
C1CCC(C2CCC3CC4C(CCC5C6CCC(CCCC7CC8CCCCC8C7)C6CCCC45)CC32)CC1
C1CCC(CC2CC3CCCCC3C3CCC4CCCCC4C23)CC1
C1CCC(C2CCC3CC4CCCCC4CC32)CC1
C1CCC(CC2CC3CCCCC3C3CCC4CCCCCC4C23)CC1
C1CCC(CCC2CCCC3CC4C(CCC4C4CCCCC4)CC23)CC1
C(CCCCC1CCC(C2CCCCC2)C1)CCCC1CCCCC1
C1CCC(C2CCC3CC4C(CCC32)CCC2C3CCC(CCCC5CCC6CCCCC6C5)C3CCC42)CC1
C1CCC2CCC(C3CCCC4CCCC43)CC2CC1
C1CCC(C2CCC(CCCCCC3CCCCC4CCCCC34)C2)CC1
C1CCC(CCCC2CCC3CCCC3C2)CC1
C1CCC(C2CC3CCCCC3C3CCC4CCCCC4C23)CC1
C1CCC(C2CCC3CC4C(CCCC45CCCC5)CC32)CC1
C1CCC(C2CCC3C(CCCCCC4CCC(C5CCCC5)C4)CCCC23)CC1
C1CCC(CC2CCC3C(CCC3C3CCCCC3)C2)CC1
C1CCC(CC2CC3CCCCC3C3CCC4CCCCC4C23)CC1
C1CCC2CC3CCC(C4CCCCC4)C3CC2CC1
C1CCC(C2CC3CCCC3C3CCC4CCCCC4C23)CC1
C1CCC(CC2CCC3C(CCC3C3CCCCC3)C2)CC1
C(CCC1(C2CCCC2)CCCC2CCCCC21)CC1CCC2CCCCC2C1
C1CCC(CCCCC2CCC3CCCC3C2)CC1
C1CCC(CCCCC2CCC3CCCCC23)CC1
C1CCC(CCC2CCC3C(CCC4CC(C5CCCCC5)CCC43)C2)CC1
C1CCC(C2CCC3C(CCC4CCCCC43)C2)CC1
C1CCC2CCC3C4CCC(CCCC5CC6CCCCC6C5)C4CCC3C2CC1
C1CCC(CCC(CC2CCC(CC3CCCCC3)CC2)C2CCCCC2)CC1
C1CCC(CC2CCC3C(CCC3C3CCCCC3)C2)CC1
C1CCC(CCCCCC2CC3CCCCC3C2)CC1
C1CCC(CC2CCC3CC4C(CCC45CCCC5)CC23)CC1
C1CCC(CCCCCC2CC3CCCCC3C2)CC1
C(CCC1(C2CCCC2)CCCCC2CCCCC21)CC1CCC2CCCCC2C1
C1CCC(C2CCCC3(CCC4CC5C(CCC5C5CCCCC5)CC43)C2)CC1
C1CCC(C2CCCC3C(CCC4CCCCC43)C2)CC1
C(CCC1CCCC2CCCCC12)CC1CCC2CCCCC2C1
C1CCC(CCCC(CC2CC3CCCCC3C2)C2CC2)CC1
C1CCC(CCCCCC2CC3CCCCC3C2)CC1
C1CCC(CCCCC2CC3CCCCC3C2)CC1
C1CCC2CCC(C3CCCC4CCCC43)CC2CC1
C1CCC(C2CCC3CC4(CCCCC4C4CCCCC4)CCCC32)CC1
C1CCC(CCC2CCCCC2)CC1
C1CCC(CCC2CCC3C(CCC4CC(C5CCCCC5)CCCC43)C2)CC1
C1CCC(CC2CC3CCCCC3C3CCC4CCCCC4C23)C1
C1CCC2CCC3C4CCCC4CC(C4CCC(C5CCCC5)CC4)C3C2CC1
C(CCCC1CCCCC1)CCCC1CCC(C2CCCCC2)C1
C1CCC(C2CC3CCCC3CC3CCC4CCCCC4C32)CC1
C1CCC(C2CCC3CCC4C(CCC5C6CCC(CCCC7CCC8CCCCC8C7)C6CCC45)CC32)CC1
C1CCC(CCCCC2CC3CCCCC3C2)CC1
C1CCC2CC(CCCC3CCC4C3CCC3C5CCCCC5CCC43)CC2C1
C1CCC(CCCC2CCC3CCC(C4CCCC5CCCC54)CC3C2)CC1
C1CCC2CC(CCCC3CCCC4C3CCC3C5CCCCC5CCC43)CC2C1
C1CCC2C(C1)CC(C1CCCC3CCCC31)C1CCCCC21
C1CCC(CCCCC2CC3CCCCC3C2)CC1
C1CCC(C2CCC3CCCC4(CCCCC4)C3C2)CC1
C1CCC(CCCC2CCC3C2CCC(C2CCCCC2)C2C4CCCCC4CCC32)CC1
C1CCC(C2CC3CCCC3C3CCCC4CCCCC4C23)CC1
C1CCC2C(C1)CCC1C3CCCC3CCC21
C1CCC2C(C1)CCCC1CCCCC12
C1CCC(C2CCC(CC3CCC4CCCCC4C4CCC5CCCCC5C34)CC2)CC1
C1CCC(CC2CCC(CC(CC3CCCCC3)C3CCCCC3)CC2)CC1
C(CCC1CC2CCCCC2C1)CCC1CCCC2CCCC12
C1CCC(C2CCC3C(CCC4CCCCC43)C2)CC1
C1CCC(C2CCC3CC4C(CCCC4CC4CC5CCCCC5C4)CCC32)CC1
C1CCC(C2CCC3CC4C(CCCC5C6CCC(CCCC7CC8CCCCC8C7)C6CCC45)CC32)CC1
C1CCC(CC(CC2CCCCC2)C2CCCCC2)CC1
C1CCC(CCCCC2CCC3CCCCC23)CC1
C1CCC(CCC2CCC3C(CCC3C3CCCCC3)C2)CC1
C1CCC(CCCCCC2CCCC3C(C4CCCCC4)CCC23)CC1
C1CCC2CCC3C4CCC(CCCC5CCC6CCCCC6C5)C4CCC3C2CC1
C1CCC(CCCC2CCC3CCC(C4CCCC5CCCC54)CC3CC2)CC1
C(CCC1CCC2C(CCC3C4CCCCC4CCC23)C1)CC1CCC(C2CC3CCCC3C3CCC4CCCCC4C23)CC1
C1CCC(CCC2CCC3C(CCC3C3CCCCC3)C2)CC1
C1CCC(CC2CC3CCCCC3C3CCC4CCCCC4C23)CC1
C1CCC(C2CCC3C(CCC34CCCC4)C3CCC4CCCCC4C23)CC1
C1CCC(CCC2CCC3C(CCC3C3CCCCC3)C2)CC1
C1CCC2CC(C3CCCC4CCCC43)CCC2C1
C1CCC2CC(C3CCCC4CCCC43)CCC2C1
C1CCC2CCC(C3CCCC4CCCC43)CC2CC1
C1CCC(C2CCC3CCCC3C3CCC4CCCCC4C23)CC1
C1CCC(CCCCC2CCC3CCCCC23)CC1
C1CCC(C2CC3CCCCC3C3CCCCC3C2)CC1
C1CCC(C2CCC3CCC4C(CC5CCC6CCCCC65)CCCC4CC32)CC1
C1CCC(CCC2CCC(CCC3CCCC(CC4CCCC4)C3)CC2)CC1
C1CCC(CCC2CCCCC2)CC1
C1CCC(CCCCC2CCC3CCCCC23)CC1
C1CCC(C2CCC3CC4C(CCCCC45CCCCC5)CC32)CC1
C1CCC2CC(CCCC3CCC4CC5CCC6CCCCC6C5CCC34)CC2C1
C1CCC(CCC2CCC3C(CCC3C3CCCCC3)C2)CC1
C1CCC2CCC3C4CCCCC4CC(CC4CCCC4)C3C2CC1
C1CCC(CCCCCC2CC3CCCCC3C2)CC1
C1CCC(CCCCCC2CCCC3C(C4CCCCC4)CCC23)CC1
C1CCC(C2CCC3CC4C(CCC5C6CCCC(CCCC7CCC8CCCCC8C7)C6CCC45)CC32)CC1
C1CCC(CCCCCC2CC3CCCCC3C2)CC1
C1CCC(CC2(CCCCCC3CCC(C4CCCCC4)C3)CCC2)CC1
C1CCC2C(C1)CCC1C3CCCC3CCCC21
C(CCC1CCCC2CCCC12)CC1CC2CCCCC2C1
C1CCC(CC(CC2CCCCC2)C2CCCCC2)CC1
C1CCC(CCC2CCC3C(CCC3C3CCCCC3)C2)CC1
C1CCC(CCCCC2CCCC3CCC(C4CCCC5CCCC54)CC3C2)CC1
C1CCC(CC2CC3CCCCC3CC3CCC4CCCCC4C32)CC1
C1CCC(C2CCC(CCCCCC3CCCC4CCCCC34)C2)CC1
C1CCC(CCC2CCC3C(CCC3C3CCCCC3)C2)CC1
C1CCC(CCCCCC2CCC3C(CCC3C3CCCCC3)C2)CC1
C1CCC(CCC2(CCCC3CC4CCCCC4C3)CCCC3C4CCC5CCCCC5C4CCC32)C1
C1CCC(CCC2CCC(CCC3CCCCC3)CC2)CC1
C1CCC2C(C1)CCC1C2CCCC2C3CCCC3CC21
C1CCC(CCCCC2CC3CCCCC3C2)CC1
C1CCC(C2CCC3CC4C(CC5CCC6CCCCC65)CCCCC4CC32)CC1
C1CCC(C2C3CCCC3CC3CC4CCCC4CC32)CC1
C1CCC2CC(CCCC3CCC4CC5CCC6CCCCC6C5CCC34)CC2C1
C1CCC(CC2CC3CCCCC3CC3CCC4CCCCC4C32)CC1
C1CCC2CC(CCCC3CCC4C3CCCC3C5CCCCC5CCC34)CC2C1
C(CCC1CC2CCCCC2C1)CCC1CCCC2CCCC12
C1CCC2C(C1)CCCC1CCCCC12
C1CCC(CCCCC2CC3CCCCC3C2)CC1
C1CCC2CCC3C4CCCCC4CC(CC4CCCC4)C3C2CC1
C1CCC(CCCC23CCCC2CC2C4CCC5CCCCC5C4CCC23)CC1
C1CCC(CC2CCC3C(CCC3C3CCCCC3)C2)CC1
C1CCC2CC(CC3CCCC4CCCC43)CCC2C1
C1CCC2CC(CCCC3CCC4C3CCC3C5CCCCC5CCCC43)CC2C1
C1CCC(CCCC2CCCC3CCC(C4CCCC5CCCC54)CC3C2)CC1
C1CCC2CC(C3CCCC4CCCC43)C3CCCC3C2CC1
C1CCC2CC(CCCC3CCC4C3CCC3C5CCCCC5CCC43)CC2C1
C1CCC(C2CC3CCCC3C3CCC4CCCCCC4C23)CC1
C1CCC(C2CC3CCCC3C3CCC4CCCCC4C23)CC1
C1CCC(CC2CCC3C(CC4CCCCC4)CCC3C2)CC1
C1CCC2CC(C3CCCC4CCCC43)CCC2C1
C(CCC1CCC2C1CCC1C3CCCCC3CCC21)CC1CC2CCCCC2C1
C(CCCC1CCCCC1)CCCC1CCC(C2CCCCC2)C1
C1CCC2C(C1)CCC1C3CCCC3CCC21
C1CCC(CCCCCC2CC3CCCCC3C2)CC1
C1CCC(CCC2CCC3C2CCC(C2CCCCC2)C2C4CCCCC4CCCC32)CC1
C(CCCC1CCCCC1)CCC1CCCCC1
C1CCC2CC(C3CCCC4CCCC43)CCC2C1
C1CCC(CCC2CCC3C(CCC3C3CCCCC3)C2)CC1
C1CCC(CCCCCC2CC3CCCCC3C2)CC1
C1CCC(CCCCC2CCCC3C2CCC2C4CCCCC4CCC32)CC1
C1CCC(CCCC2CCC3CCC(C4CCCC5CCCC54)CC3C2)CC1
C1CCC(CCCCC2CC3CCCCC3C2)CC1
C1CCC2CCC(C3CCCC4CCCC43)CC2CC1
C1CCC(C2CCC3C(CCC34CCCCC4)C3CCC4CCCCC4C23)CC1
C1CCC(C2CCC3CC4C(CCC45CCCCCC5)CC32)CC1
C1CCC(CCC2CCC(C3CCC4C(CCC4C4CCCCC4)C3)CC2)CC1
C1CCC2C(C1)CCC1C3CCCC3CCC21
C1CCC(CCCCC2CCC3CCCCC23)CC1
C1CCC(CCCC2CCC(C3CCC4C(CCC4C4CCCCC4)C3)CC2)CC1
C1CCC(C2CC3CCCC3C3CCC4CCCCC4C23)CC1
C1CCC2CC(CCCC3CCC4C3CCC3C5CCCCC5CCC43)CC2C1
C1CCC(CCCCC2CCC3CCCCC23)CC1
C1CCC(CCC2CCC(CCC3CCCC(CC4CCCC4)C3)CC2)CC1
C1CCC2C(C1)CCC1C3CCCC3CCC21
C1CCC(C2CC3CCCC3C3CCC4CCCCC4C23)CC1
C1CCC(C2CCC3C(CCC3C3CCCCC3)C2)CC1
C1CCC(CCC2CCC3C(CCC3C3CCCCC3)C2)CC1
C(CCC1CCC2C1CCC1C3CCCCC3CCC21)CC1CCC2CCCCC2C1
C1CCC(CCC2CCC3C(CCC3C3CCCCC3)C2)CC1
C1CCC(CC2CC3CCCCC3CC3CCC4CCCCC4C32)C1
C1CC(C2CCC(C3CC4CCCC4C4CCC5CCCCC5C34)CC2)C1
C1CCC(CCC2CCC3C(CCC4C5CCCC5CC(CCC5CCCCC5)C34)C2)CC1
C1CCC(CC2CC3CCCCC3CC3CCC4CCCCC4C32)C1
C1CCC2CC(C3CCCC4CCCC43)CCC2C1
C(CCCC1CCCCC1)CCCC1CCC(C2CCCCC2)C1
C1CCC(CCCC2CCC3CCCC3C2)CC1
C1CCC2CC(C3CCCC3)C3CCCC3C2CC1
C1CCC(CC2CCC3CC4C(CCC5C6CCC(CCCC7CCC8CCCCC8C7)C6CCC45)CC23)CC1
C1CCC(C2CCC3CCCC3C3CCC4CCCCC4C23)CC1
C1CCC(CCCCCC2CCCC3C(C4CCCCC4)CCC23)CC1
C(CCC1CCC2CCCCC2C1)CCC1CCCC2CCCCC12
C1CCC2CCC3C4CCCC4CCC3C2CC1
C1CCC(C2CCC3C(CCC34CCCC4)C3CCC4CCCCCC4C23)CC1
C1CCC2CC(CCCC3CCC4C3CCCC3C5CCCCC5CCC34)CCC2C1
C1CCC2CCC3CCCCC3C2CC1
C1CCC(CC2CCC3C(CCCCCC4CCC(C5CCCC5)C4)CCCC23)CC1
C1CCC(C2CCC3CC4C5CCC6C(CCCC7CC8CCCCC8C7)CCC6C(CCC4CC32)C5)CC1
C1CCC2C(C1)CCC1C3CCCC3CCC21
C1CCC2CCC(C3CCCC4CCCC43)CC2CC1
C1CCC(CCC2CCC3C(CCC3C3CCCCC3)C2)CC1
C1CCC2C(C1)CC(C1CCCC3CCCC31)C1CCCC21
C(CCCC1CCC2C(CCC2C2CCCCC2)C1)CCC1CCCCC1
C1CCC(CCCC2CCC3CCC(CC4CCCC5CCCC54)CC3C2)CC1
C1CCC(CCC2CCC(CCC3CCCC(CC4CCCC4)CC3)CC2)CC1
C1CCC(C2CCC3CC4C(CCC5C6CCC(CCCC7CCC8CCCCC8C7)C6CCCC45)CC32)CC1
C1CCC(CCCCC2CC3CCCCC3C2)CC1
C(CCC1CCCC2CCCCC12)CC1CCC2CCCCC2C1
C(CCCC1CCCC2CCCCC12)CCC1CCC(C2CCCC2)C1
C1CCC(CCCC(CCC2CCC3CCCC3C2)CC2CCCCC2)CC1
C1CCC(C2CCC3C(CCCCCC4CCC(C5CCCC5)C4)CCCC23)CC1
C1CCC2C(C1)CCCC1C3CCCC3CCC21
C(CCCC1CCCCC1)CCCC1CCC(CC2CCCCC2)C1
C1CCC(CC2CCCCC2CC2CC3CCCCC3C3CCC4CCCCCC4C23)CC1
C1CCC(CC2CCC3C(CCC3C3CCCCC3)C2)CC1
C1CCC(C2CC3CCCC3C3CCC4CCCCCC4C23)CC1
C1CCC(CCCC2CCCC(C3CCC4CC(CCC5CCC6CCCCCC6C5)CCC43)C2)CC1
C1CCC(C2CC3CCCC3C3CCC4CCCCC4C23)CC1
C1CCC2C(C1)CCC1C3CCCC3CCC21
C1CCC(C2CCC3CC4C(CCC45CCCCC5)CC32)CC1
C(CCCCC1CCC(C2CCCCC2)C1)CCCC1CCCCC1
C1CCC(CC2CC3CCCCC3C3CCC4CCCCC4C23)C1
C1CCC(CCC2CCC(C3CCC4C(CCC4C4CCCCC4)C3)CC2)CC1
C1CCC2C(C1)CCC(C1CCCC1)C1CCCCC21
C(CCCC1CCCCC1)CCCC1CCC(C2CCCCC2)C1
C1CCC(CCCC2CCCC3CCC(C4CCCC5CCCC54)CC3C2)CC1
C(CCCC1CCCCC1)CCCC1CCC(C2CCCCC2)C1
C1CCC(CC2CCC3C(CCC3C3CCCCC3)C2)CC1
C1CCC(CCCCCC2CC3CCCCC3C2)CC1
C1CCC(CC2CC3CCCCC3C3CCC4CCCCC4C23)CC1
C1CCC2CC(CCCC3CCC4C3CCCC3C5CCCCC5CCC34)CC2C1
C1CCC2CCC3C4CCCCC4CC(CC4CCCC5CCCCC54)C3C2CC1
C1CCC2C(C1)CCC1CCCCC12
C1CCC2CC(C3CCCC3)C3CCCC3C2CC1
C1CCC(C2CCC3CC4C(CCCC45CCCCC5)CC32)CC1
C1CCC2C(C1)CCC1C3CCCC3CCC21
C1CCC(C2CCC3CCC4(CCCCC4C4CCCCC4)CCC32)CC1
C1CCC2CCC(C3CCCC4CCCC43)CC2CC1
C1CCC(CCC2CCC(C3CCC4C(CCC4C4CCCCC4)C3)CC2)CC1
C1CCC(CCCCCC2CC3CCCCC3C2)CC1
C1CC2CCC3C(CCC4CCC5CC5C43)C2C1
C1CCC2C(C1)CCC1C3CCCC3CCC21
C1CCC(CC2CC3CCCCC3C3CCC4CCCCC4C23)C1
C1CCC(CC2CC3CCCCC3C3CCC4CCCCC4C3C2)CC1
C1CCC(CCCC2CC3CCCCC3C2C2CCCCC2)CC1
C1CCC(C2CC3CCCC3C3CCC4CCCCC4CC23)CC1
C1CCC2C(C1)CCC1CCCCC12
C1CCC(CCC2(CCCC3CC4CCCCC4C3)CCC3C4CCC5CCCCC5C4CCC32)C1
C1CCC2CCC3C4CCC(CCCC5CC6CCCCC6C5)C4CCC3C2CC1
C1CCC(CC2CCC(C3CC4CCCC4C4CCC5CCCCC5C34)CC2)C1
C1CCC2CCC(C3CCCC4CCCC43)CC2CC1
C1CCC(CCC2(CCCC3CC4CCCCC4C3)CCC3C4CCC5CCCCC5C4CCC32)C1
C(CCCC1CCCC2CCCCC12)CCC1CCC(C2CCCCC2)C1
C1CCC(CCCC2CCC3C(CCC4C5CCCC5CCC34)C2)CC1
C(CCC1CCCC2CCCCC12)CC1CCC2CCCCC2C1
C1CCC(CCCCC2CCC3CCC(CC4CCCC5CCCC54)CC3C2)CC1
C(CCC1CCC2C1CCC1C3CCCCC3CCC21)CC1CC2CCCCC2C1
C1CCC(C2CCC3CCCCC3C3CCCCC23)CC1
C1CCC(CCCCCC2CCC3CCCCC23)CC1
C1CCC(C2CCC(CCCCCC3CCCC4C(C5CCCCC5)CCC34)C2)CC1
C1CCC(CCCCCC2CCC3CCCCC23)CC1
C1CCC(CC2CC3CCCCC3C3CCC(CCC4CCCC4)CC23)CC1
C1CCC(CCCC2CCC3C(CCC3C3CCCCC3)C2)CC1
C1CCC(CCC2CCC3C(CCC4C5CCCCC5CCC34)C2)CC1
C1CCC2CC(C3CCCC4CCCC43)CCC2C1
C1CCC2C(C1)CCC1C3CCCC3CCCC21
C1CCC(CCCCC2CC3CCCCC3C2)CC1
C1CCC(CCCCC2CC3CCCCC3C2)CC1
C1CCC2CCC3C4CCC(CCCC5CC6CCCCC6C5)C4CCC3C2CC1
C1CCC(CC2CC3CCCCC3C3CCC4CCCCC4C23)CC1
C1CCC(CC2CCC3CCCCC3C3CCC4CCCCC4C23)C1
C(CCC1CCC2CC(CCC3C4CCCC4CCC23)C1)CC1CCC(C2CCC(C3CC4CCCC4C4CCC5CCCCC5C34)CC2)CC1
C1CCC(C2CCC(C3CC4CCCC4C4CCC5CCCCC5C34)CC2)CC1
C1CCC2C(C1)CCC1C2CCC2C3CCCC3CCC21
C1CCC(CC2CCC(CC(CC3CCCCC3)C3CCCCC3)CC2)CC1
C1CCC(CC2CCC3CC4(CCCCCC4C4CCCCC4)CCC23)CC1
C(CCCC1CCCC2C(C3CCCCC3)CCC12)CCC1CCCCC1
C1CCC(CC2CCC(C3CC4CCCC4C4CCC5CCCCCC5C34)CC2)CC1
C1CCC2CCC(C3CCCC4CCCC43)CC2CC1
C1CCC(C2CCC(CCCCCC3(C4CCCC4)CCCCC4CCCCC43)C2)CC1
C1CCC(CCCCC2CC3CCCCC3C2)CC1
C1CCC(CCCCC2CCC3CCCC3C2)CC1
C(CCCC1CCCCC1)CCCC1CCC(C2CCCCC2)C1
C1CCC(C2CCC3CCC4C(CCC5C6CCCC6CCC45)CC32)CC1
C1CCC2C(C1)CCC1CCCCC12
C1CCC(CC2CC3CCCCC3C3CCC4CCCCC4C23)C1
C1CCC2C(C1)CCC1C3CCCCC3CCC21
C1CCC(C2CC3CCCCC3C3CCCCC3C2)C1
C1CCC2C(C1)CCCC2CC1CC2CCCCC2C2CCC3CCCCC3C12
C1CCC(C2CCC3CC4C(CCC5C6CCC(CCCC7CCC8CCCCC8C7)C6CCCC45)CC32)CC1
C1CCC(CCCCC2CC3CCCCC3C2)CC1
C1CCC(C2CCC3CCC4C(CC5CCC6CCCCC65)CCCC4CC32)CC1
C1CCC2CCC(C3CCCC4CCCC43)CC2CC1
C1CCC(CC2CC3CCCCC3C3CCC4CCCCC4C23)CC1
C1CCC(CC2CC3(CCCC4CC5C(CCC5C5CCCCC5)CC43)CC2C2CCCCC2)CC1
C1CCC(C2CC3CCCC3C3CCC4CCCCC4C23)CC1
C1CCC(CC2CCC3CCCCC3C3CCC4CCCCC4C23)CC1
C(CCCC1CCCC2C(C3CCCCC3)CCC12)CCC1CCCCC1
C1CCC2CC(CCCC3CCC4C3CCC3C5CCCCC5CCC43)CC2C1
C1CCC(C2CC3CCCC3C3CCC4CCCCC4C23)CC1
C1CCC2CCC(C3CCCC4CCCC43)CC2CC1
C1CCC(CCC2(CCCCC3CC4CCCCC4C3)CCC3C4CCC5CCCCC5C4CCC32)C1
C1CCC(CC2CCC(CC(CC3CCCCC3)C3CCCCC3)CC2)CC1
C(CCC1CCC2CCCCC2C1)CCC1CCCC2CCCCC12
C1CCC(CCC2CCC3C(CCC3C3CCCC(CC4CCCC4)C3)C2)CC1
C1CCC(CCCCC2CCCC3CCC(C4CCCCC4)CC23)CC1
C1CCC(CCC(CC2CCC3C(CCC3C3CCCCC3)C2)C2CCCCC2)CC1
C1CCC2CCC3C4CCCC4CCC3C2CC1
C1CCC(C2CC3CCCC3C3CCC4CCCCC4C23)CC1
C1CCC(C2CC3CCCC3C3CCC4CCCCC4CC23)CC1
C(CCC1CCCCC2CCCCC12)CC1CCC2CCCCC2C1
C1CCC(C2CCC3(CCC4CC5C(CCC5C5CCCCC5)CC43)C2)CC1
C1CCC(CCC2CCCCC2)CC1
C1CCC(C2CC3CCCC3C3CCC4CCCCCC4C23)CC1
C(CCC1CCC2C1CCC1C3CCCCC3CCC21)CC1CC2CCCCC2C1
C(CCCC1CCCCC1)CCC1CCCCC1
C1CCC(CCC2(CCCC3CC4CCCCC4C3)CCC3C4CCC5CCCCC5C4CCCC32)C1
C1CCC2CCC3CCCCC3C2CC1
C1CCC2C(C1)CCC1C3CCCC3CCCC21
C1CCC2CC(CC3CCCC4CCCC43)CCC2C1
C1CCC(C2CCC3(CCCC4CC5C(CCC5C5CCCCC5)CC43)C2)CC1
C1CCC(CC2CC3CCCCC3C3CCC4CCCCCC4C23)CC1
C1CCC(CCC(CCC2CCC3CCCCC3C2)CC2CCCCC2)CC1
C1CCC(CCCCCC2CCC3CCCCC23)CC1
C1CCC(C2CCC3CC4C(CCCC45CCCC5)CC32)CC1
C1CCC(CC2CC3CCCC3C3CCC4CCCCC4C23)CC1
C1CCC(CCCC(CC2CCC3C(CCC3C3CCCCC3)C2)C2CCCCC2)CC1
C1CCC(CCCCC2CC3CCCCC3C2)CC1
C1CCC(CC2CC3CCCCC3C3CCC4CCCCC4C23)C1
C1CCC(C2CCC3CC4C(CCC32)CCC42CCCC2)CC1
C1CCC2C(C1)CCC1C2CCCC2C3CCCC3CC21
C1CCC(CCCC2(CCC3CCCC3)CCCC3C4CCC5CCCCC5C4CCC32)CC1
C1CCC(CCCCCC2C3CCCCC3CCC2C2CCCC3CCCC32)CC1
C(CCC1CCC2C(CCC3C4CCCC4CCC23)C1)CC1CCC(C2CC3CCCCC3C3CCC4CCCCC4C23)CC1
C1CCC(CC2CC3CCCCC3C3CCC4CCCCC4C23)C1
C(CCC1CCC2CCCCC2C1)CC1CCCCC2CCCCC2C1
C1CCC(CCC2CCCC(C3CCCC4C(C5CCCCC5)CCC34)C2)CC1
C1CCC(CC2CC3CCCCC3C3CCC4CCCCCC4C23)CC1
C1CCC(CCC2CCCC3C2CCC(C2CCCCC2)C2C4CCCCC4CCC32)CC1
C(CCCC1CCCCC1)CCCC1CCC(C2CCCCC2)C1
C1CCC(CCCCC2CC3CCCCC3C2)CC1
C1CCC(CCCCC2CC3CCCCC3C2)CC1
C1CCC(C2CCC3CC4C(CCC45CCCCC5)CC32)CC1
C1CCC2CCC3C4CCCC4CCC3C2CC1
C1CCC2C(C1)CCCC1C2CCC2C3CCCC3CC21
C1CC2CCCC2C(CC2CC3CCCCC3C3CCCC23)C1
C1CCC(CCCCC2CCC3CCCCC23)CC1
C1CCC2CCC3C4CCCC4CCC3C2CC1
C1CCC(C2CCCC3CCCC3C3CCC4CCCCC4C23)CC1
C1CCC(CCC2CCC3C(CC4CCCCC4)CCC3C2)CC1
C1CCC(CCCC2CCC3C(CCC3C3CCCC(CC4CCCC4)C3)C2)CC1
C1CCC(CCCCCC2CCCC3C(C4CCCCC4)CCC23)CC1
C1CCC(CC2CC3CCCCC3C3CCC4CCCCCC4C23)CC1
C1CCC(C2CCC3CC4C(CCCC45CCCCC5)CC32)CC1
C1CCC(C2CCC3CCCCC3C3CCCCC23)CC1
C1CCC(CCCCC2CC3CCCCC3C2)CC1
C1CCC2C(C1)CC(C1CCCC1)C1CCCCC21
C1CCC2C(C1)CC(C1CCCC1)C1CCCC21
C1CCC2CCC(C3CCCC4CCCC43)CC2CC1
C1CCC(CCCCCC2CCC3CCCCC23)CC1
C1CCC(C2CCC3CCCC3C3CCC4CCCCC4C23)CC1
C1CCC(C2CCC3CC4C(CCCC45CCCCC5)CC32)CC1
C1CCC(C2CCC3CC4(CCCCCC4C4CCCCC4)CCC32)CC1
C1CCC(CCCCCC2CC3CCCCC3C2)CC1
C1CCC2CCC(C3CCCC4CCCC43)CC2CC1
C1CCC2C(C1)CCC1C3CCCC3CCC21
C1CCC2C(C1)CCC1C2CCCC2C3CCCC3CC21
C1CCC(CCCCC2CC3CCCCC3C2)CC1
C(CCC1CCC2C1CCC1C3CCCCC3CCC21)CC1CC2CCCCC2C1
C1CCC2CC3CCC4C(CCCC5CC6CCCCC6C5)CCC4C3CCC2C1
C1CCC2C(C1)CCC1C3CCCC3CCC21
C1CCC(CCC2CCC3C(CCC3C3CCCCC3)C2)CC1
C1CCC(C2CC3CCCCC3C3CCC4CCCCC4C23)CC1
C1CCC(C2CCC(CCCCCC3CCCC4CCCCC34)C2)CC1
C1CCC(C2CCC(CCCC3CCC4C3CCCC3C5CCCCC5CCC34)C2)CC1
C(CCC1CCCC2CCCCC12)CCC1CCCC2CCCCC12
C1CCC(C2CC3CCCCC3C3CCCCC23)CC1
C1CCC(C2CCC3C(CCCCCC4CCC(C5CCCC5)C4)CCCC23)CC1
C1CCC(C2CC3CCCCC3C3CCC4CCCCC4C23)CC1
C1CCC2C(C1)CCC1C3CCCCC3CCC21
C1CCC(C2CCC3C(CCC4CCCCC43)C2)CC1
C1CCC(C2CC3C(CCC4CCC4)CCC3C3CCC4CCCCC4C23)CC1
C1CCC(CCCC2CCC3CCC(C4CCCC5CCCC54)CC3C2)CC1
C(CC1CCC2CCCC2C1)CC1CCC2CCC(C3CCCC4CCCC43)CC2C1
C1CCC2CC(C3CCCC4CCCC43)CCC2C1
C1CCC(CCCCCC2CCCC3C(C4CCCCC4)CCC23)CC1
C(CCC1CCC(C2CCCC2)C1)CCC1CCCC2CCCCC12
C1CCC(CCC2CCC3C(CCC3C3CCCCC3)C2)CC1
C1CCC(CCCCCC2CCC3CCCC3C2)CC1
C1CCC2CC(C3CCCC4CCCC43)CCC2C1
C1CCC(C2CC3C(CCC34CCCC4)C3CCC4CCCCC4C23)CC1
C(CCC1CCC2CCCCC2C1)CC1CCCC2CCCCC2C1
C1CCC(CCC2CCC3C(CCC3C3CCCCC3)C2)CC1
C1CCC(CCC2CCC3C(CCC3C3CCCC(CC4CCCC4)C3)C2)CC1
C1CCC2C(C1)CCC1CCCCC12
C1CCC2CCC3C4CCCC4CCC3C2CC1
C1CCC(CCCCC2CC3CCCCC3C2)CC1
C1CCC(C2CCC3CC4C(CCC45CCCC5)CC32)CC1
C1CCC(CCCCC2CC3CCCCC3C2)CC1
C1CCC(CCC2CCC3C(CCC3C3CCCC(CCC4CCCC4)C3)C2)CC1
C1CCC(CC2CC3CCCCC3C3CCC4CCCCC4C23)CC1
C1CCC(CC2CCC3CC4C(CCC45CCCC5)CC23)CC1
C1CCC(CCC(CCC2CCC3CCCC3C2)CC2CCCCC2)CC1
C1CCC(CCCCCC2CCCC3C(C4CCCCC4)CCC23)CC1
C1CCC(CC2CCC3C(CCC3C3CCCCC3)C2)CC1
C1CCC(C2CCC3CCC(C4CCCC4)CC32)CC1
C1CCC2C(C1)CCC1C3CCCC3CCC21
C1CCC(CC2CC3CCCCC3CC3CCC4CCCCC4C32)CC1
C1CCC(CCC2CCC3C(CCC3C3CCCCC3)C2)CC1
C1CCC(CCC2CCC(CCCC3CCCC(CC4CCCC4)C3)CC2)CC1
C1CCC2CCC3C4CCCCC4CC(CC4CCCC4)C3C2CC1
C1CCC2CCC3C4CCCCC4CC(CC4CCCC4)C3C2CC1
C1CCC(CCCCCC2CCC3CCCCC23)CC1
C1CCC(CC(CC2CCCCC2)C2CCCCC2)CC1
C1CCC2CCC3C4CCCCC4CC(CC4CCCC4)C3C2CC1
C1CCC(C2CC3CCCC3C3CCC4CCCCCC4C23)CC1
C(CCC1CCC2C1CCC1C3CCCCC3CCC21)CC1CC2CCCCC2C1
C(CCCC1CCCC2C(C3CCCCC3)CCC12)CCC1CC1
C1CCC(C2CC3CCCCC3C3CCCCC23)CC1
C1CCC(C2CC3CCCC3C3CCC4CCCCC4C23)CC1
C1CCC(CCCCC2CC3CCCCC3C2)CC1
C1CCC(CCC2CCCCC2)CC1
C1CCC(C2CC3CCCC3C3CCC4CCCCC4C23)CC1
C1CCC(C2CCC3CCC4C(CCCC45CCCC5)CC32)CC1
C1CCC(C2CCC3CCCC3C3CCC4CCCCC4C23)CC1
C1CCC(CC2CCC3C(CC4CCCCC4)CCC3C2)CC1
C1CCC2CCC3C4CCC(CCCC5CC6CCCCC6C5)C4CCC3C2CC1
C1CCC(CCC(CC2CC3CCCCC3C2)C2CCC2)CC1
C1CCC(CC2CCC(CC(CC3CCCCC3)C3CCCCC3)CC2)CC1
C1CCC(C2CC3CCCC3C3CCC4CCCCC4C23)CC1
C(CCCC1CCCC2CCCC12)CCC1CCCCC1
C1CCC2C(C1)CCC1CCCCC12
C(CCC1CCCC2CCCC12)CC1CC2CCCCC2C1
C(CCCC1CCCC2C(C3CCCCC3)CCC12)CCC1CCCCC1
C1CCC(CC2CC3CCCCC3CC3CCC4CCCCC4C32)CC1
C1CCC(C2CC3CCCC3C3CCCC4CCCCC4C23)CC1
C1CCC(CCC2CCC3C2CCCC(C2CCCCC2)C2C4CCCCC4CCC32)CC1
C1CCC2CC3CCCCC3CCC2C1
C1CCC(CCCCC2CC3CCCCC3C2)CC1
C1CCC(CCCC2(CCC3CCCC3)CCC3C4CCC5CCCCC5C4CCC32)C1
C1CCC(CCCCC2CC3CCCCC3C2)CC1
C(CCC1CCCC2CCCCC12)CC1CCC2CCCCC2C1
C1CCC(CCC2CCC3C(CCC3C3CCCCC3)C2)CC1
C1CCC(C2CCC(C3CC4CCCC4C4CCC5CCCCC5C4C3)CC2)C1
C1CCC2C(C1)CCC1C3CCCCC3CCC21
C1CCC(CCCC(CC2CC3CCCCC3C2)C2CC2)CC1
C(CCC1CCCC1)CCC1CCCC2CCCCC12
C1CCC(CCCC2CCC3C(CCC3C3CCCCC3)C2)CC1
C1CCC2CC3CCC(C4CCCCC4)C3CC2CC1
C1CCC(CCCCC2CCCC3CCCCC23)CC1
C1CCC2C(C1)CCC1C3CCCC3CCC21
C1CCC(CCCCCC2CC3CCCCC3C2)CC1
C1CCC(C2CCC3CC4C(CCCC5C6CCCC6CCC45)CC32)CC1
C1CCC(C2CC3CCCC3C3CCC4CCCCCC4C23)CC1
C(CC1CC2CCCCC2C1)CC1CCC2C(CCC3C4CCCCC4CCC23)C1
C1CCC(C2CCC3CC4C(CCCCC45CCCC5)CC32)CC1
C1CCC2CCC(C3CCCC4CCCC43)CC2CC1
C1CCC(CC2CC3CCCCC3C3CCC4CCCCC4C23)CC1
C1CCC(C2CC3CCCC3C3CCC4CCCCCC4C23)CC1
C1CCC(C2CCC3CC4C(CCC5C6CCC(CCCC7CCC8CCCCC8C7)C6CCCC45)CC32)CC1
C(CCC1CCCC2CCCC12)CC1CC2CCCCC2C1
C1CCC(C2CCC3CC4C(CCCC5C6CCC(CCCC7CC8CCCCC8C7)C6CCC45)CC32)CC1
C1CCC(CCC2CCC3C(CCC3C3CCCCC3)C2)CC1
C1CCC(CCCCC2CC3CCCCC3C2)CC1
C1CCC(CCCC2CCCC3CCC(C4CCCC5CCCC54)CC23)CC1
C1CCC2CCC3C4CCC(CCCC5CC6CCCCC6C5)C4CCC3C2CC1
C(CCC1CCCC2CCCCC12)CC1CC2CCCCC2C1
C1CCC(C2CC3CCCC3C3CCC4CCCCCC4C23)CC1
C1CCC(CCC2CCC(C3CCC4C(CCC4C4CCCCC4)C3)CC2)CC1
C1CCC2CCC3C4CCCCC4CC(CC4CCCC4)C3C2CC1
C1CCC2CCCCC2C(CCCCC2CCCC3CCCCC23)C1
C1CCC2C(C1)CCC1C3CCCC3CCC21
C1CCC(C2CCC3CC4C(CCCC45CCCCC5)CC32)CC1
C1CCC(C2CC3CCCCC3C3CCC4CCCCC4C23)CC1
C(CCC1CCCC2CCCC12)CC1CC2CCCCC2C1
C1CCC(CCCC2CCC3CCC(C4CCCC5CCCC54)CC3C2)CC1
C1CCC(CCCCCC2CC3CCCCC3C2)CC1
C1CCC(CCC2CCC3C(CCCC4CC(C5CCCCC5)CCC43)C2)CC1
C1CCC2CC3CCC(C4CCCCC4)C3CC2CC1
C1CCC(C2CC3CCCC3C3CCC4CCCCC4C23)CC1
C1CCC(C2CC3CCCC3C3CCC4CCCCCC4C23)CC1
C1CCC(CCCCCC2CCC3CCCCC23)CC1
C(CCCC1CCCC2C(C3CCCCC3)CCC12)CCC1CCC(C2CCCC2)C1
C1CCC(CCCCCC2CCCC3C(C4CCCCC4)CCC23)CC1
C(CCC1CCCC2CCCC12)CC1CC2CCCCC2C1
C1CCC(CCCCCC2CC3CCCCC3C2)CC1
C1CCC(C2CCC3C(CCC4CCCCC43)C2)CC1
C1CCC2CC(CC3CCCC4CCCC43)CCC2C1
C1CCC2CC(CCCC3CCC4C3CCC3C5CCCCC5CCC43)CC2C1
C1CCC2CC(CCCC3CCCC4C3CCC3C5CCCCC5CCC43)CC2C1
C1CCC(C2CCC3CC(C4CCC(CCC5CCCC5)CC4)CCC32)CC1
C1CCC(CCCCCC2CC3CCCCC3C2)CC1
C1CCC(CCC2(CCCCC3CC4CCCCC4C3)CCC3C4CCC5CCCCC5C4CCC32)C1
C1CCC2C(C1)CCC1C3CCCCC3CCC21
C(CCC1CCCC2CCCCC12)CCC1CCCC2CCCCC12
C1CCC(CCCCCC2CCCC3C(C4CCCCC4)CCC23)CC1
C1CCC2C(C1)CCC1C3CCCCC3CCC21
C1CCC2C(C1)CCC1C3CCCC3CCC21
C1CCC(C2CCC3CC4C(CCCCC45CCCC5)CC32)CC1
C1CCC(CCC2CCC3C(CCC3C3CCCCC3)C2)CC1
C1CCC(CC2CC3CCCCC3C3CCC4CCCCCC4C23)CC1
C1CCC(CCCC2(CCC3CCCC3)CCC3C4CCCC5CCCCC5C4CCC32)CC1
C1CCC(CCCCCC2CC3CCCCC3C2)CC1
C1CCC(CCCCC2CC3CCCCC3C2)CC1
C(CCCCC1CCC(C2CCCCC2)C1)CCCC1CCCCC1
C(CC1CCC2CCCC2C1)CC1CCCC2CCC(C3CCCC4CCCC43)CC2C1
C1CCC(C2CCC3CC4C(CCC5C6CCC(CCCCC7CCC8CCCCC8C7)C6CCC45)CC32)CC1
C1CCC(C2CCC3CC4C(CCC5C6CCC(CCCCC7CCC8CCCCC8C7)C6CCC45)CC32)CC1
C1CCC(CCCCCC2CCC3CCCCC23)CC1
C1CCC(CCCCC2CCC3CCCCC23)CC1
C1CCC(C2CCC3CC4C(CCCC45CCCCC5)CC32)CC1
C1CCC(C2CCC3CC4C(CCCC45CCCC5)CCC32)CC1
C1CCC(C2CCC3CCC4(CCCCC4)C3C2)CC1
C1CCC(C2CC3C(CCC34CCCC4)C3CCC4CCCCCC4C23)CC1
C1CCC2CC(C3CCCC4CCCC43)CCC2C1
C1CCC(C2CC3CCCC3C3CCC4CCCCC4C23)CC1
C1CCC2CCC3C4CCCC4CCC3C2CC1
C1CCC(C2CC3CCCC3C3CCC4CCCCCC4C23)CC1
C1CCC(CC2CCC3C(CCC3C3CCCCC3)C2)CC1
C(CCCC1CCCC2C(C3CCCCC3)CCC12)CCC1CCCCC1
C1CCC(CC2CCC3CCCCC3C3CCC4CCCCC4C23)C1
C1CCC(C2CCC3CC4CCCCC4CC32)CC1
C1CCC(CCCCCC2CCC3CCCCC23)CC1
C1CCC2CC(CCCC3CCC4C3CCC3C5CCCCC5CCC43)CC2C1
C1CCC(C2CCC3CC4C(CCC5C6CCC(CCCC7CCC8CCCCC8C7)C6CCCC45)CC32)CC1
C(CCC1CCC(C2CC3CCCC3C3CCC4CCCCC4C23)CC1)CCC1CCC2C(CCC3C4CCCC4CCC23)C1
C1CCC(C2CC3CCCC3C3CCC4CCCCCC4C23)CC1
C1CCCC(CCCC2CCC3CCC(C4CCCC5CCCC54)CC3C2)CC1
C1CCC2CCC3C4CCC(CCCC5CC6CCCCC6C5)C4CCC3C2CC1
C1CCC(CCC2CCC(C3CCC4C(CCC4C4CCCCC4)C3)CC2)CC1
C1CCC2C(C1)CCC1C3CCCC3CCC21
C1CCC(C2CCC3CC4C(CCC5C6CCCC(CCCC7CCC8CCCCC8C7)C6CCC45)CC32)CC1
C1CCC(CCC2CCC3C(CCC3C3CCCCC3)C2)CC1
C1CCC(CCCCC2CC3CCCCC3C2)CC1
C1CCC2C(C1)CCC1C2CCC2C3CCCC3CC21
C1CCC(C2CC3CCCCC3C3CCC4CCCCC4C23)CC1
C1CCC2CC(C3CCCC4CCCC43)CCC2C1
C1CCC(C2CCC3CC4C(CCCCC5CC5)CCCC4CC32)CC1
C1CCC(CCC2CCC(CCC3CCCCC(CC4CCCC4)C3)CC2)CC1
C1CCC2CC(CCCC3CCC4C3CCC3C5CCCCC5CCCC43)CC2C1
C1CCC(CCCCC2CC3CCCCC3C2)CC1
C1CCC2CC(CC3CCCC4CCCC43)CCC2C1
C1CCC2CCC(C3CCCC4CCCC43)CC2CC1
C1CCC(C2CCC3CC4C(CCC45CCCC5)CC32)CC1
C1CCC2C(C1)CCC1CCCCC12
C(CCCC1CCCCC1)CCC1CCCCC1
C1CCC(C2CCC3CC4C(CCC5C6CCC(CCCC7CCC8CCCCC8C7)C6CCCC45)CC32)CC1
C1CCC(CCCCC2CC3CCCCC3C2)CC1
C1CCC2C(C1)CCCC1C3CCCC3CCC21
C1CCC(C2CC3CCCC3C3CCC4CCCCC4C23)CC1
C1CCC(C2CC3CCCC3C3CCC4CCCCC4C23)CC1
C1CCC(C2CC3CCCC3C3CCCC4CCCCC4C23)CC1
C1CCC(C2CC3CCCC3C3CCC4CCCCC4C23)CC1
C1CCC(C2CCC3(CCC4CC5C(CCC5C5CCCCC5)CCC43)C2)CC1
C1CCC(C2CCC3CC4C(CCC45CCCC5)CC32)CC1
C1CCC(C2CCC3CC4(CCCCC4C4CCCCC4)CCCC32)CC1
C1CCC(CCCCCC2CCC3CCCCC23)CC1
C(CC1CCC2CCCCC2C1)CC1CCC2CCC(C3CCCC4CCCC43)CC2C1
C1CCC(CCC2CCC(C3CCC4C(CCC4C4CCCCC4)C3)CC2)CC1
C1CCC2CC(CCCC3CCC4C3CCC3C5CCCCC5CCC43)CC2C1
C1CCC(CCCCCC2CCCC3C(CC4CCCCC4)CCC23)CC1
C1CCC(C2CCC3C(CCCCCC4CCC(CC5CCCC5)C4)CCCC23)CC1
C1CCC2CC(CCCC3CCC4C3CCC3C5CCCCC5CCC43)CC2C1
C1CCC2CCC3C(CCC4C3CCC4(CCCC3CCC4CCCCC4C3)CCC3CCCC3)C2CC1
C1CCC(CCCCCC2CCC3CCCCC23)CC1
C1CCC(CCCCCC2CCCC3C(CC4CCCCC4)CCC23)CC1
C(CCC1CCCC2CCCC12)CC1CC2CCCCC2C1
C1CCC(C2CCC3(CCC4CCC5C(CCC5C5CCCCC5)CC43)C2)CC1
C1CCC2CC(CC3CCCC4CCCC43)CCC2C1
C1CCC(CCC2CCCCC2)CC1
C1CCC(CCCCCC2CC3CCCCC3C2)CC1
C1CCC(CC2CC3CCCCC3CC3CCC4CCCCC4C32)CC1
C1CCC(CCCC2(CCC3CCCC3)CCC3CC4CCC5CCCCC5C4CCC32)CC1
C1CCC2CCC(C3CCCC4CCCC43)CC2CC1
C1CCC2C(C1)CCC1C2CCC2C3CCCCC3CC21
C1CCC2CC(C3CCCC4CCCC43)CCC2C1
C1CCC2C(C1)CCC1C3CCCC3CCC21
C1CCC2CCC3C4CCCC4CCC3C2CC1
C1CCC(CCC2CCC3C(CCC3C3CCCCC3)C2)CC1
C(CCC1CCCC2CCCC12)CC1CC2CCCCC2C1
C1CCC(C2CCC(CCCCCC3CCCC4C(C5CCCCC5)CCC34)C2)CC1
C1CCC(CCCCC2CC3CCCCC3C2)CC1
C1CCC(CC2CCC3CC4C(CCC45CCCCC5)CC23)CC1
C1CCC(CCCCC2CC3CCCCC3C2)CC1
C(CCCC1CCCC2CCCCC12)CCC1CCCC1
C1CCC(C2CC3CCCC3C3CCC4CCCCC4C23)CC1
C1CCC2C(C1)CCC1C3CCCC3CCC21
C1CCC(C2CC3C(CCCC4CC4)CCC3C3CCC4CCCCC4C23)CC1
C1CCC2CCC3C4CCCCC4CC(CC4CCCC4)C3C2CC1
C1CCC(CCC2CCC3C(CCC4C5CCCC5CC(CCC5CCCCC5)C34)C2)CC1
C1CCC(CCCC2CCC3CCC(CC4CCCC5CCCC54)CC3C2)CC1
C1CCC2CC(C3CCCC4CCCC43)CCC2C1
C1CCC(C2CC3CCCC3C3CCCC4CCCCC4C23)CC1
C(CCCC1CCCCC1)CCCC1CCC(C2CCCCC2)C1
C1CCC(CC2CCC(CC(CC3CCCCC3)C3CCCCC3)CC2)CC1
C1CCC(C2CCC3CC4C(CCC5CCC6CCCCC65)CCCC4CC32)CC1
C1CCC(CCCCCC2CCC3CCCCC23)CC1
C1CCC(CC2CCC3CC4(CCCCC4C4CCCCC4)CCC23)CC1
C1CCC(CCCCCC2CCCC3C(C4CCCCC4)CCC23)CC1
C1CCC(C2CC3C(CCC34CCCCC4)C3CCC4CCCCC4C23)CC1
C1CCC(C2CCC3CC4C(CCC45CCCCCC5)CC32)CC1
C1CCC(C2CC3CCCCC3C3CCC4CCCCC4C23)CC1
C(CCCC1CCCCC1)CCC1CCCCC1
C1CCC(CCCCC2CCC3CCCCC23)CC1
C1CCC2C(C1)CCC1C3CCCC3CCC21
C1CCC(CCCCC2CC3CCCCC3C2)CC1
C1CCC(C2CCC3CC4C(CCC5C6CCCC(CCCC7CC8CCCCC8C7)C6CCC45)CC32)CC1
C1CCC2CCC3C4CCCC4CC(C4CCC(C5CCC5)CC4)C3C2CC1
C1CCC(CCCCCC2CCC3CCCCC3C2)CC1
C1CCC(CCCC2CCC3CCC(C4CCCC5CCCC54)CC3C2)CC1
C1CCC(C2CC3CCCCC3C3CCCCC23)CC1
C1CCC2C(C1)CCC1C3CCCC3CCC21
C1CCC2CC(CCCC3CCC4CC5CCC6CCCCC6C5CCC34)CC2C1
C1CCC(CCCCCC2CCCC3C(C4CCCCC4)CCC23)CC1
C1CCC(CCCCC2CCC3CCCCC23)CC1
C(CCCC1CCCC2C(C3CCCCC3)CCC12)CCC1CCCCC1
C(CCC1CCCC2CCCC12)CC1CC2CCCCC2C1
C1CCC(CCC2CCC3C(CCC3C3CCCCC3)C2)CC1
C1CCC(CCCC2CCC3C2CCC2C4CC5CCC(C6CCCCCC6)C5CC4CCC32)CC1
C1CCC(C2(CCCCC3CCC4CCCCC4C3)CCCC3CCCCC32)CC1
C1CCC(CCCCC2CCC3CCCCC23)CC1
C1CCC(C2CCC3CC4C(CCC45CCCCC5)CC32)CC1
C1CCC(C2CCC3CC4C(CCC5C6CCC(CCCC7CC8CCCCC8C7)C6CCC45)CC32)CC1
C(CCCC1CCCCC1)CCCC1CCC(C2CCCCC2)C1
C1CCC(C2CCC3CC4C(CCC32)CCC2C3CCC(CCCC5CC6CCCCC6C5)C3CCC42)CC1
C1CCC(CCCCC2CC3CCCCC3C2)CC1
C1CCC(CC2CCC3CC4C(CCCC45CCCC5)CC23)CC1
C1CCC(CC2CCCC2CC2CC3CCCCC3C3CCC4CCCCCC4C23)CC1
C1CCC(CCCCC2CCC3CCC(C4CCCC5CCCC54)CC3C2)CC1
C1CCC2CC(CCCC3CCCC4C3CCC3C5CCCCC5CCC43)CC2C1
C1CCC(C2CCC3CC4C(CCC45CCCC5)CC32)CC1
C1CCC(C2CCC3CC4C(CCCC45CCCC5)CC32)CC1
C1CCC(C2CCC3CC4C(CCCC45CCCC5)CC32)CC1
C1CCC(C2CC3CCCC3C3CCC4CCCCC4CC23)CC1
C1CCC(CCCCCC2CC3CCCCC3C2)CC1
C1CCC(C2CCC3CCCC3C3CCC4CCCCC4C23)CC1
C(CCC1CCCC2CCCCC12)CC1CCC2CCCCC2C1
C(CCC1CCCC2CCCC12)CC1CC2CCCCC2C1
C1CCC2C(C1)CC(C1CCCC1)C1CCCCC21
C1CCC(CCCCCC2CCCCC2)CC1
C(CCCC1CCCC2C(C3CCCCC3)CCC12)CCC1CCCCC1
C1CCC2CCC(C3CCCC4CCCC43)CC2CC1
C1CCC(CCCCCC2CCCC3C(C4CCCCC4)CCC23)CC1
C1CCC(C2CC3CCCC3C3CCC4CCCCC4C23)CC1
C1CCC(CC2CC3CCCCC3C3CCC4CCCCCC4C23)CC1
C1CCC(C2CC3CCCCC3C3CCCCC23)CC1
C1CCC(C2CCC3CCCCC3C3CCCCC23)CC1
C1CCC(CCCCCC2CCCC3CCCC23)CC1
C1CCC(CCC(CCC2CCC3CCCC3C2)CC2CCCCC2)CC1
C1CCC(CC2CCC(CC(CC3CCCCC3)C3CCCCC3)CC2)CC1
C1CCC2CCC(C3CCCC4CCCC43)CC2CC1
C1CCC2C(C1)CCC1C3CCCC3CCCC21
C1CCC2CC(CCCC3CCCC4C3CCC3C5CCCCC5CCC43)CC2C1
C1CCC2CC(CCCC3CCCC4C3CCC3C5CCCCC5CCC43)CC2C1
C(CCC1CCCC1)CCC1CCCC2CCCCC12
C1CCC(CCCCC2CC3CCCCC3C2)CC1
C1CCC(CC2CC3CCCCC3C3CCC4CCCCC4C23)C1
C(CCCC1CCCC2C(C3CCCCC3)CCC12)CCC1CCCCC1
C1CCC2CC(CC3CCCC4CCCC43)CCC2C1
C1CCC(C2CCC3C(CCC4CCCCC43)C2)CC1
C1CCC(C2CCC3CC4CCCCC4CC32)CC1
C(CCCC1CCCC2C(C3CCCCC3)CCC12)CCC1CCCCC1
C1CCC2CC(C3CCCC4CCCC43)CCC2C1
C1CCC(C2CCC3CC4CCCCC4CC32)CC1
C1CCC(CCCCCC2CCCC3C(CC4CCCCC4)CCC23)CC1
C1CCC(CCCC2CCC3C2CCC2C4CCCCC4CCC32)CC1
C1CCC(CCCC2CCC3CCC(C4CCCC5CCCC54)CC3C2)CC1
C1CCC(C2CCC3CC4C(CCC5C6CCC(CCCC7CCC8CCCCC8C7)C6CCC45)CC32)CC1
C1CCC(CCCCCC2CC3CCCCC3C2)CC1
C1CCC(C2CC3CCCC3C3CCC4CCCCC4C23)CC1
C1CCC(CCC(CC2CC3CCCCC3C2)C2CCC2)CC1
C1CCC(C2CCC3C(CCC4CCCCC43)C2)CC1
C1CCC(CCCC2CCC3CCC(C4CCCC5CCCC54)CC3C2)CC1
C1CCC2C(C1)CCC1C3CCCC3CCC21
C1CCC(CCC2CCCCC2CC2CC3CCCCC3C3CCC4CCCCC4C23)CC1
C1CCC(C2CCC3CCC4C(CCC5C6CCC(CCCC7CCC8CCCCC8C7)C6CCC45)CC32)CC1
C1CCC(CCCC2(CCC3CCCC3)CCC3CC4CCC5CCCCC5C4CCC32)CC1
C1CCC(CCCC2CCC3CCC(C4CCCC5CCCC54)CC3C2)CC1
C(CCC1CCCC2CCCCC12)CCC1CCCC2CCCCC12
C1CCC(CCCC2CCC3CCC(C4CCCC5CCCC54)CC3CC2)CC1
C1CCC(CCC2CCC3C(CCC3C3CCCC(CC4CCCC4)C3)C2)CC1
C1CCC(CCC2CCC3C(CCC3C3CCCCC3)C2)CC1
C1CCC2C(C1)CCCC1C3CCCC3CCC21
C1CCC(CCC2CCC3C(CC4CCCCC4)CCC3C2)CC1
C1CCC(CCCCCC2CCC3CCCCC23)CC1
C1CCC(CCC2CCC3C(CCC3C3CCCCC3)C2)CC1
C1CCC2CCC(C3CCCC4CCCC43)CC2CC1
C1CCC(C2CCC3(CCCC4CC5C(CCC5C5CCCCC5)CC43)C2)CC1
C1CCC(CC2CCC3C(CCC3C3CCCCC3)C2)CC1
C1CCC(C2CC3CCCC3C3CCC4CCCCCC4C23)CC1
C1CCC(C2CCC(CCCCCC3CCCC4CCCCC34)C2)CC1
C1CCC2C(C1)CCC1CCCCC12
C1CCC(C2CCC3C(CCC4CCCCC43)C2)CC1
C(CCCC1CCCCC1)CCCC1CCC(CC2CCCCC2)C1
C1CCC(C2CC3CCCC3C3CCC4CCCCC4C23)CC1
C(CCCCC1CCC(C2CCCCC2)C1)CCCC1CCCCC1
C1CCC(CCCC2CCC3CCC(C4CCCC5CCCC54)CC3C2)CC1
C1CCC(CCCCC2CC3CCCCC3C2)CC1
C1CCC(CCC2CCC3C(CCC3C3CCCC(CCC4CCCC4)C3)C2)CC1
C1CCC(CC2CCC3CC4C(CCC45CCCCC5)CC23)CC1
C1CCC(CC2CCC(CCC(CC3CCCCC3)C3CCCCC3)CC2)CC1
C1CCC(CC2CC3CCCCC3C3CCC4CCCCC4C23)C1
C1CCC(C2CCC3CC4C(CCC5C6CCC(CCCC7CCC8CCCCC8C7)C6CCC45)CC32)CC1
C1CCC(CCCCCC2CCC3CCCCC23)CC1
C1CCC(CCC2CCC(C3CCC4C(CCC4C4CCCCC4)C3)CC2)CC1
C(CCC1CCC2CCCCC2C1)CCC1CCCC2CCCCC12
C1CCC(CCC2CCC3C(CCC3C3CCCCC3)C2)CC1
C1CCC2CC(CCCC3CCC4C3CCC3C5CCCCC5CCC43)CCC2C1
C1CCC(CC2CCC3CC4C(CCC45CCCC5)CC23)CC1
C1CCC2CCC3CCCCC3C2CC1
C1CCC(CCCCCC2CCC3CCCCC23)CC1
C1CCC(CCCCCC2CCCC3C(C4CCCCC4)CCC23)CC1
C1CCC(CCCCC2CC3CCCCC3C2)CC1
C(CCCC1CCCC2CCCCC12)CCC1CCC(C2CCCCC2)C1
C1CCC2C(C1)CCC1C3CCCC3CCC21
C1CCC2CCC3C4CCCC4CCC3C2CC1
C1CCC(C2CCC3CC4C(CCC32)CCC42CCCC2)CC1
C1CCC(CCCC2CCC3C(CCC3C3CCCCC3)C2)CC1
C1CCC2C(C1)CCC1C2CCC2C3CCCC3CCC21
C1CCC(CCC2CCC3C(CCC4C5CCCC5CCCC34)C2)CC1
C1CCC(CCC2CCC3C(CCC3C3CCCCC3)C2)CC1
C(CCCCC1CCC(C2CCCCC2)C1)CCCC1CCCCC1
C1CCC(CC2CCCCC2CC2CC3CCCCC3C3CCC4CCCCC4C3C2)CC1
C1CCC(CCCCC2CCC3CCCCC3C2)C2CCCCC2CC1
C1CCC2CCC3C4CCC(CCCC5CC6CCCCC6C5)C4CCC3C2CC1
C1CCC2CC(CC3CCCC4CCCC43)CCC2C1
C1CCC(C2CCC3C(CCC4CCCCC43)C2)CC1
C1CCC(C2CC3CCCC3C3CCC4CCCCCC4C23)CC1
C(CCC1CCCC2CCCCC12)CC1CC2CCCCC2C1
C1CCCC(C2CCC3CC4C(CCC5C6CCCC6CCC45)CC32)CC1
C1CCC(C2CCC3C(CCC34CCCC4)C3CCC4CCCCC4C23)CC1
C1CCC(CC2CCC(CC(CC3CCCCC3)C3CCCCC3)CC2)CC1
C1CCC2C(C1)CCC1C3CCCC3CCC21
C1CCC(C2CCC3CCCCC3C3CCCCC23)CC1
C1CCC2CC(C3CCCC4CCCC43)CCC2C1
C1CCC(C2CCC3CC4C(CCC5C6CCC(CCCCC7CC8CCCCC8C7)C6CCC45)CC32)CC1
C1CCC(C2CCC3CC4C(CCC5C6CCC(CCCC7CCC8CCCCC8C7)C6CCC45)CC32)CC1
C(CCC1CCCC2CCCC12)CC1CC2CCCCC2C1
C1CCC2CC3CCCCC3CCC2C1
C1CCC(CCC2(CCCC3CC4CCCCC4C3)CCC3C4CCC5CCCCC5C4CCCC32)C1
C1CCC(C2CCC3CCCC3C3CCC4CCCCCC4C23)CC1
C1CCC2CC(CC3CCCC4CCCC43)CCC2C1
C1CCC2C(C1)CCC1CCCCC12
C1CCC(C2CC3CCCC3C3CCC4CCCCCC4C23)CC1
C1CCC2CC(C3CCCC4CCCC43)CCC2C1
C1CCC(C2CCC3(CCCC4CC5C(CCC5C5CCCCC5)CC43)C2)CC1
C1CCC2CCC(C3CCCC4CCCC43)CC2CC1
C1CCC(CCC2CCC3C(CCC3C3CCCCC3)C2)CC1
C1CCC(CCC(CC2CC2)CC2CC3CCCCC3C2)CC1
C(CC1CCCC2CCCCC2C1)CC1CC2CCCCC2C1
C1CCC(C2CCC3(CCC4CCC5C(CCC5C5CCCCC5)CC43)C2)CC1
C(CCCC1CCC2CCCC2C1)CCC1CCCCC1
C1CCC(CCCC2(CCC3CCCC3)CCC3C4CCC5CCCCCC5C4CCC32)CC1
C1CCC(C2CCC3C(CCC4CCCCC43)C2)CC1
C(CCCC1CCCC2C(C3CCCCC3)CCC12)CCC1CCCCC1
C1CCC(CC2CCC3CCCCC3C3CCC4CCCCC4C23)CC1
C1CCC(CCC2CCC3C(CCC3C3CCCCC3)C2)CC1
C(CCCC1CCCCC1)CCCC1CCC(C2CCCCC2)C1
C1CCC(CCC2CCC3C(CCC4CC(C5CCCCC5)CCC43)C2)CC1
C1CCC(CCC2CCC3C(CCC3C3CCCCC3)C2)CC1
C1CCC(CCCCC2CCC3CCCCC23)CC1
C1CCC(CCC2CCCCC2)CC1
C(CCCC1CCCCC1)CCCC1CCC(C2CCCCC2)C1
C1CCC(CC2CCC3CC4CCCCC4CC23)CC1
C1CCC(CCCCCC2CCCC3C(C4CCCCC4)CCC23)CC1
C(CCCC1CCCC2C(C3CCCCC3)CCC12)CCC1CCCCC1
C1CCC(CCCCCC2CC3CCCCC3C2)CC1
C1CCC2CC(C3CCCC4CCCC43)CCC2C1
C1CCC(C2CC3CCCCC3C3CCC4CCCCC4C23)CC1
C1CCC(CC2CCC3CCCCC3C3CCC4CCCCC4C23)CC1
C1CCC(CCCCC2CC3CCCCC3C2)CC1
C1CCC(CCC2CCC(C3CCC4C(CC5CCCCC5)CCC4C3)CC2)CC1
C(CCC1CCCC2CCCC12)CC1CC2CCCCC2C1
C1CCC(C2CC3CCCC3C3CCC4CCCCC4C23)CC1
C1CCC(C2CC3CCCC3C3CCC4CCCCC4C23)CC1
C1CCC(C2CCC3CC4C(CCC5C6CCC(CCCCC7CC8CCCCC8C7)C6CCC45)CC32)CC1
C(CCC1CCC2C1CCC1C3CCCCC3CCC21)CC1CCC2CCCCC2C1
C1CCC2CC(C3CCCC4CCCC43)CCC2C1
C1CCC(C2CCC3CC4C(CCC45CCCC5)CC32)CC1
C1CCC(CCCCC2CC3CCCCC3C2)CC1
C(CCC1CCCC2CCCC12)CC1CC2CCCCC2C1
C1CCC(CCCCC2CC3CCCCC3C2)CC1
C1CCC2C(C1)CCC1C3CCCC3CCC21
C1CCC(C2CCC3CC4C(CCC5C6CCCC6CCC45)CC32)CC1
C1CCC(CCCC(CC2CC3CCCCC3C2)C2CCCC2)CC1
C1CCC(CCCCC2CCC3CCCCC23)CC1
C(CCCC1CCCCC1)CCCC1CCC(C2CCCCC2)C1
C(CCC1CCC2C1CCC1C3CCCCC3CCC21)CC1CC2CCCCC2C1
C1CCC(C2CCC3CC4C(CCCC45CCCC5)CCC32)CC1
C1CCC(C2CC3CCCC3C3CCCC4CCCCC4C23)CC1
C1CCC(CC2CCC(CCCC3CCC4CCCC4C3)CC2)C1
C1CCC(C2CCC3CC4CCCCC4CC32)CC1
C1CCC(CCC2CCC(C3CCC4C(CCC4C4CCCCC4)C3)CC2)CC1
C1CCC(C2CCC(CCCCCC3(C4CCCC4)CCCC4CCCCC43)C2)CC1
C1CCC(C2CCC3CC4C(CCCC5CCC5)CCCC4CC32)CC1
C1CCC2CCC(C3CCCC4CCCC43)CC2CC1
C1CCC(CCCCC2CC3CCCCC3C2)CC1
C1CCC(C2CCC3CCCC3C3CCC4CCCCC4C23)CC1
C1CCC(CCCC2CCCC(CC3CCC4CC(CCC5CCC6CCCCC6C5)CCC43)C2)CC1
C1CCC2CCC3C4CCCC4CC(C4CCC(CCCCC5CCC6C(CCC7C8CCCC8CCC67)C5)CC4)C3C2CC1
C1CCC2C(C1)CCCC2CCCC1CCCC2CCCCC21
C1CCC(CCCCC2CCC3CCCCC23)CC1
C1CCC(CCCCCC2CCCC3C(C4CCCCC4)CCC23)CC1
C1CCC(CCC(CCC2CCC3CCCC3C2)CC2CCCCCC2)CC1
C1CCC(CCC2CCC3C2CCC(C2CCCCC2)C2C4CCCCC4CCC32)CC1
C1CCC(C2CCC3CC4C(CCC45CCCCC5)CC32)CC1
C1CCC2C(C1)CC(C1CCCC3CCCCC31)C1CCCCC21
C1CCC2C(C1)CCC1CCCCC12
C1CCC(C2CCC3CC4C(CCCC4CC4CC5CCCCC5C4)CCC32)CC1
C1CCC(C2CCC3C(CCCCCC4CCC(C5CCCC5)C4)CCCC23)CC1
C1CCC2CC(C3CCCC4CCCC43)CCC2C1
C1CCC(CC2CCC3C(CCC3C3CCCCC3)C2)CC1
C1CCC(C2CCC(CCCC3CCC4C3CCC3C5CCCCC5CCCC43)C2)CC1
C1CCC(CC2CC3CCCCC3C3CCC4CCCCCC4C23)CC1
C1CCC(C2CC3CCCC(C3)C3CCC4CCCCC4C32)CC1
C(CCCC1CCCCC1)CCCC1CCC(C2CCCCC2)C1
C1CCC2CCC(C3CCCC3)CC2CC1
C1CCC(CC2CCC3CCCCC3C3CCC4CCCCC4C23)CC1
C1CCC2CCC3C4CCC(CCCC5CC6CCCCC6C5)C4CCC3C2CC1
C1CCC(CCCCCC2CCC3CCCCC23)CC1
C1CCC(CCC(CC2CC2)CC2CC3CCCCC3C2)CC1
C(CCC1CCCCC2CCCCC12)CC1CCC2CCCCC2C1
C1CCC(CCCCC2CC3CCCCC3C2)CC1
C1CCC(CCCCC2CCC3C2CCC2C4CC5CCC(C6CCCCC6)C5CC4CCC32)CC1
C1CCC(C2CCC3CCCC3C3CCC4CCCCC4C23)CC1
C(CCCCCCC1CCC2C1CCC1C3CCCCC3CCC21)CCCCCC1CCC(CCC2CCC(CCC3CCCC3)C2)C1
C1CCC(CC2CC3CCCCC3C3CCC4CCCCC4C23)CC1
C1CCC(C2CCC3CC4C(CCC5C6CCCC(CCCC7CCC8CCCCC8C7)C6CCC45)CC32)CC1
C1CCC(C2CCC3CC4C(CCC5C6CCCC(CCCC7CCC8CCCCC8C7)C6CCC45)CC32)CC1
C1CCC(CCCC2CCC3C(CCC3C3CCCCC3)C2)CC1
C1CCC(CCC2CCC3C(CCC4C5CCCC5CC(CCC5CCCCC5)C34)C2)CC1
C1CCC(C2CCC3CCCC3C3CCC4CCCCC4C23)CC1
C(CCCCC1CCC(C2CCCCC2)C1)CCCC1CCCCC1
C1CCC(CCCC2CCC3C(CCC4C5CCCCC5CCC34)C2)C1
C1CCC(CCCCCC2CCC3CCCCC23)CC1
C1CCC(CC2CCCC(CC3CC4CCCCC4C4CCC5CCCCCC5C34)C2)CC1
C1CCC(C2CCCC3CCCC3C3CCC4CCCCC4C23)CC1
C1CCC(CC2CC3CCCCC3CC3CCC4CCCCC4C32)CC1
C1CCC(CCCC2CCCCC3CCC(C4CCCC5CCCC54)CC23)CC1
C1CCC(C2CCC3CC4C(CCC32)CCC42CCCC2)CC1
C1CCC(CCCC(CCC2CCC3CCCC3C2)CC2CCCCC2)CC1
C1CCC(CCC(CC2CCC3C(CCC3C3CCCCC3)C2)C2CCCCC2)CC1
C1CCC2CCC3C4CCCC4CCC3C2CC1
C1CCC(CCCCCC2CCC3CCCCC23)CC1
C(CCCCC1CCC2C(CCC3C4CCCC4CCC23)C1)CCCC1CCCC(CC(CCC2CCC(CC3CCCCC3)CC2)C2CCCCC2)C1
C1CCC(CCCCC2(CCC3CCCC3)CCC3C4CCC5CCCCC5C4CCC32)CC1
C(CCC1CCCC2CCCCC12)CC1CC2CCCCC2C1
C1CCC(CCCC2CC3CCCCC3C2C2CCCCC2)CC1
C1CCC(CCCCCC2CCC3CCCC3C2)CC1
C1CCC(CCCCC2CCC3C2CCC2C4CCCCC4CCC32)CC1
C1CCC(C2CCC3CC4C(CCC5C6CCCC6CCC45)CC32)CC1
C1CCC(C2CC3CCCC3C3CCCC4CCCCC4C23)CC1
C1CCC(CCC2CCC(CCC3CCCCC3)CC2)CC1
C1CCC(C2CCC3C(CCC34CCCC4)C3CCC4CCCCC4CC23)CC1
C1CCC(C2CCC3C(CCCCCC4CC4)CCCC23)CC1
C1CCC(CCCCCC2CCCC3C(C4CCCCC4)CCC23)CC1
C1CCC(CC2CCC3C(CCCCCC4CCC(C5CCCC5)C4)CCCC23)CC1
C1CCC2C(C1)CCCC1CCCCC12
C1CCC(C2CC3CCCC3C3CCCC4CCCCC4C23)CC1
C1CCC(CCC2CCC(C3CCC3)CC2)CC1
C1CCC(C2CC3CCCC3C3CCCC4CCCCC4C23)CC1
C1CCC(C2CCC3CCCC3C3CCC4CCCCC4C23)CC1
C1CCC2C(C1)CCC1C3CCCC3CCC21
C(CCC1CCCC2CCCC12)CC1CC2CCCCC2C1
C1CCC(C2CC3CCCCC3C3CCCCC23)CC1
C(CC1CCC2CCCC2C1)CC1CCC2CCC(C3CCCC4CCCC43)CC2C1
C1CCC2CC(CCCC3CCC4C3CCC3C5CCCCC5CCC43)CC2C1
C1CCC2CCC(C3CCCC4CCCC43)CC2CC1
C1CCC(CC2CC3CCCCC3CC3CCC4CCCCC4C32)CC1
C1CCC(CCC2CCCC3CCC4C(CCC4C4CCCCC4)CC23)CC1
C1CCC(C2CCC(CCCCCC3CCCC4C(C5CCCCC5)CCC34)C2)CC1
C1CCC2CCC3C4CCCC4CCC3C2CC1
C1CCC(CCCCC2CC3CCCCC3C2)CC1
C1CCC(CCCCC2CC3CCCCC3C2)CC1
C1CCC2CCC(C3CCCC4CCCC43)CC2CC1
C1CCC(CCCCCC2CCC3CCCCC23)CC1
C1CCC2CCC3C4CCCCC4CC(CC4CCCC4)C3C2CC1
C1CCC(C2CC3CCCC3C3CCC4CCCCC4C23)CC1
C1CCC2C(C1)CCC1CCCCC12
C1CCC(C2CCC3CC4C(CCC45CCCCC5)CC32)CC1
C1CCC2C(C1)CCC1C3CCCC3CCC21
C1CCC(C2CCCCC2CC2CC3CCCCC3C3CCC4CCCCCC4C23)CC1
C(CCC1CCCC2CCCCC12)CC1CCC2CCCCC2C1
C1CCC2CCC3C4CCCC4CCC3C2CC1
C1CCC2C(C1)CC(C1CCCC1)C1CCCCC21
C1CCC2CC(CCCC3CCC4CC5CCC6CCCCC6C5CCC34)CC2C1
C1CCC(C2CC3CCCCC3C3CCC4CCCCC4C23)CC1
C1CCC(CCC2CCC3C(CCC4CCCCC43)C2)CC1
C1CCC(CC(CC2CCCCC2)C2CCCCC2)CC1
C1CC2CCCC2C(CC2CC3CCCCC3C3CCCC23)C1
C1CCC(CCC2CCC(C3CC3)CC2)CC1
C1CCC2CCC3C4CCC(CCCC5CC6CCCCC6C5)C4CCC3C2CC1
C1CCC(CCCCCC2CC3CCCCC3C2)CC1
C1CCC(CCC2CCC3C(CCC3C3CCCCC3)C2)CC1
C(CCCCCCC1CCC(CCC2CCC(CCC3CCCC3)C2)C1)CCCCCCC1CCC2C1CCC1C3CCCCC3CCC21
C1CCC2CC(C3CCCC4CCCC43)CCC2C1
C1CCC(C2CCC(CCCCCC3CCCC4CCCCC34)C2)CC1
C(CCC1CCCC2CCCCC12)CC1CCCC2CCCCC12
C(CCCC1CCC(CC2CCCCC2)C1)CCCC1CCC2CCCC2C1
C1CCC(CCCCCC2CCCC3C(C4CCCCC4)CCC23)CC1
C1CCC(CC2CCC3CC4C(CCC45CCCCC5)CC23)CC1
C1CCC2C(C1)CCC1C3CCCC3CCC21
C1CCC(C2CCC3CC4C(CCC5C6CCC(CCCC7CCC8CCCCC8C7)C6CCCC45)CC32)CC1
C1CCC(CCCCCC2CC3CCCCC3C2)CC1
C1CCC(CCC(CC2CCC3C(CC4CCCCC4)CCC3C2)C2CCCCC2)CC1
C1CCC2CC(CC3CCCC4CCCC43)CCC2C1
C(CCC1CCCC2CCCC12)CC1CC2CCCCC2C1
C1CCC(CCCCC2CC3CCCCC3C2)CC1
C1CCC(CCCCC2CCC3CCC(C4CCCC5CCCC54)CC3C2)CC1
C1CCC2CC(C3CCCC4CCCC43)CCC2C1
C1CCC(C2CC3CCCC3C3CCC4CCCCC4C23)CC1
C1CCC2C(C1)CCC1C3CCCCC3CCC21
C1CCC2CCC3C4CCC(CCCC5CCC6CCCCC6C5)C4CCC3C2CC1
C1CCC(CC(CC2CCCCC2)C2CCCCC2)CC1
C1CCC(CCCCC2CCC3C2CCCC2C4CCCCC4CCC23)CC1
C1CCC2CCC3C(CCC4C5CCCC5CC43)C2CC1
C1CCC(CCCCC2CC3CCCCC3C2)CC1
C1CCC2C(C1)CCC1CCCCC12
C1CCC(C2CCC3CC4C5CCC6C(CCCC7CCC8CCCCC8C7)CCC6C(CCC4CC32)C5)CC1
C1CCC(CCCCC2CCC3CCCCC23)CC1
C1CCC(CC2CCC(CC(CC3CCCCC3)C3CCCCC3)CC2)CC1
C1CCC(C2CC3CCCC3C3CCC4CCCCCC4C23)CC1
C1CCC(CC2CCC3CC4C(CCCC5CC5)CCCC4CC23)CC1
C1CCC2CC(C3CCCC4CCCC43)CCC2C1
C1CCC(C2CCC3CC4C(CCCC5CCC5)CCCC4CC32)CC1
C1CCC(CC2CCC3C(CCC3C3CCCCC3)C2)CC1
C1CCC(CC2CCC3C(CCC3C3CCCCC3)C2)CC1
C1CCC2CCC(C3CCCC4CCCC43)CC2CC1
C1CCC(CCC2CCC3C(CCC3C3CCCCC3)C2)CC1
C1CCC(CCCC(CCC2CCC3CCCC3C2)CC2CCCCC2)CC1
C1CCC(CC2CC3CCCCC3C3CCC4CCCCC4C23)CC1
C1CCC(C2CC3CCCCC3CC3CCCCC32)CC1
C1CCC(C2CCC3(CCC4CCC5C(CCC5C5CCCCC5)CC43)C2)CC1
C1CCC(CCCCC2CC3CCCCC3C2)CC1
C1CCC2CCC3C4CCCCC4CC(CC4CCCC4)C3C2CC1
C1CCC(C2CCC3CCCC3C3CCC4CCCCC4C3C2)CC1
C1CCC2CCC3C4CCCCC4CC(CC4CCCC4)C3C2CC1
C1CCC(CCCC2CCC3C(CCC4C5CCCC5CC(CCC5CCCCC5)C34)C2)CC1
C(CCC1(C2CCCC2)CCCC2CCCCC21)CC1CCC2CCCCC2C1
C1CCC(CCC2CCC3C(CCC4C5CCCC5CC(CCC5CCCCC5)C34)C2)CC1
C1CCC(CCCCCC2CC3CCCCC3C2)CC1
C1CCC(CCCCC2CCC3CCC(C4CCCC5CCCC54)CC3C2)CC1
C1CCC(C2CCCC3(CCC4CC5C(CCC5C5CCCCC5)CC43)C2)CC1
C1CCC2CC(CCCC3CCCC4CCCCC43)CC2C1
C1CCC(C2CCCCC2CC2CC3CCCCC3C3CCC4CCCCC4C23)CC1
C1CCC(CC2CCCCCC23CCC2C(CCC2C2CCCCC2)C3)CC1
C(CCCC1CCCCC1)CCCC1CCC(C2CCCCC2)C1
C1CCC2CC(C3CCC4CCCCC43)CCC2C1
C1CCC2CCC3CCCCC3C2CC1
C1CCC2C(C1)CCC1C3CCCC3CCC21
C(CCCCC1CCC(C2CCCCC2)C1)CCCC1CCCCC1
C(CCCCC1CCC(C2CCCCC2)C1)CCCC1CCCCC1
C1CCC(C2CC3CCCCC3C3CCC4CCCCC4C23)CC1
C1CCC(CC2CC3CCCCC3CC3CCC4CCCCC4C32)CC1
C1CCC(CCCCC2CC3CCCCC3C2)CC1
C1CCC(CCCCC2CC3CCCCC3C2)CC1
C1CCC(CCCC23CCCC2CC2C4CCC5CCCCC5C4CCC23)CC1
C1CCC(CCCCC2CCC3CCCCC23)CC1
C1CCC(CCC2CCC(C3CC3)CC2)CC1
C1CCC(CCCC2CCC3C2CCC2C4CC5CCC(C6CCCCC6)C5CC4CCC32)CC1
C1CCC2CC(CCCC3CCC4CC5CCC6CCCCC6C5CCC34)CC2C1
C(CCCCC1CCC2C(CCC3C4CCCC4CCC23)C1)CCCC1CCCC(CC(CC2CCC(CCC3CCCCC3)CC2)C2CCCCC2)C1
C1CCC(CCCCC2CC3CCCCC3C2)CC1
C1CCC(CCCCC23CCCC2CC2C4CCC5CCCCC5C4CCC23)C1
C1CCC(CCCCC2CC3CCCCC3C2)CC1
C1CCC(CCCCCC2CC3CCCCC3C2)CC1
C1CCC2CCC(C3CCCC4CCCC43)CC2CC1
C1CCC(CC2CC3CCCCC3C2C2CCCCC2)CC1
C1CCC2CC(C3CCCC4CCCC43)CCC2C1
C(CCCC1CCCCC1)CCCC1CCC(C2CCCCC2)C1
C1CCC2CCC(C3CCCC4CCCC43)CC2CC1
C1CCC2CCC3C4CCC(CCCC5CC6CCCCC6C5)C4CCC3C2CC1
C1CCC2CCC3CCCCC3C2CC1
C(CCCCCCC1CCC2C1CCC1C3CCCCC3CCC21)CCCCCC1CCC(CCCC2CCC(CCC3CCCC3)C2)C1
C1CCC(CC2CCC3CCCCC3C3CCC4CCCCC4C23)CC1
C1CCC(CCCCC2CCC3CCCCC23)CC1
C1CCC2CCC(C3CCCC4CCCC43)CC2CC1
C1CCC(CCC(CC2CCC(CC3CCCCC3)CC2)C2CCCCC2)CC1
C(CCC1CCC2C1CCC1C3CCCCC3CCC21)CC1CC2CCCCC2C1
C1CCC2C(C1)CCC1CCCCC12
C1CCC2CCC3C4CCCCC4CCC3C2CC1
C1CCC(CCC2CCC(CCC3CCCC(CCC4CCCC4)C3)CC2)CC1
C1CCC(CCCCC2CCC3C2CCC2C4CC5CCC(C6CCCCC6)C5CC4CCC32)CC1
C1CCC(CC2CCC3C(CCC3C3CCCCC3)C2)CC1
C1CCC(C2CC3CCCC3C3CCCC4CCCCC4C23)CC1
C1CCC(CCCCC2CC3CCCCC3C2)CC1
C1CCC(CCCCC2CCC3CCCCC23)CC1
C1CCC2CC(CCCC3CCC4C3CCC3C5CCCCC5CCCC43)CC2C1
C1CCC2CC(C3CCCC4CCCC43)CCC2C1
C1CCC(C2CC3CCCCC3C3CCC4CCCCC4C23)CC1
C1CCC(CCCCC2CC3CCCCC3C2)CC1
C1CCC2CC(CC3CCCC4CCCC43)CCC2C1
C1CCC(CCC2CCC3C(CC4CCCCC4)CCC3C2)CC1
C1CCC2C(C1)CCC1C3CCCC3CCC21
C1CCC(CCCCCC2CCCC3C(CC4CCCCC4)CCC23)CC1
C1CCC2CC(C3CCCC4CCCC43)CCC2C1
C1CCC2CCC3C4CCCC4CCC3C2CC1
C1CCC2CC(C3CCCC4CCCC43)CCC2C1
C1CCC(CCCCC2CC3CCCCC3C2)CC1
C1CCC(CC2CC3CCCCC3C3CCC4CCCCCC4C23)CC1
C1CCC(CC2CCCCCCC23CCC2C(CCC2C2CCCCC2)C3)CC1
C(CCCCC1CCC2C(CCC3C4CCCC4CCC23)C1)CCCC1CCCC(CC(CC2CCC(CC3CCCCC3)CC2)C2CCCCC2)C1
C1CCC(C2CC3CCCC3C3CCCC4CCCCC4C23)CC1
C1CCC(C2CCC3CCCC3CC3CCC4CCCCC4C32)CC1
C1CCC(CCCC2CCCC(C3CCC4CC(CCC5CCC6CCCCC6C5)CCC43)C2)CC1
C1CCC(C2CCC3CC4C(CCCC45CCCCC5)CC32)CC1
C1CCC2CC(CCCC3CCC4C3CCC3C5CCCCC5CCC43)CCC2C1
C(CCC1CCC2C1CCC1C3CCCCC3CCC21)CC1CC2CCCCC2C1
C(CCC1CCC2C1CCC1C3CCCCC3CCC21)CC1CC2CCCCC2C1
C1CCC(C2CCC3CCCC3C3CCC4CCCCC4C23)CC1
C(CCCC1CCCCC1)CCCC1CCC(C2CCCCC2)C1
C1CCC2CCC3C4CCC(CCCC5CC6CCCCC6C5)C4CCC3C2CC1
C1CCC(CCC2CCC3C2CCC(C2CCCCC2)C2C4CCCCC4CCC32)CC1
C1CCC(CCCCC2CC3CCCCC3C2)CC1
C1CCC(CCCC(CC2CC3CCCCC3C2)C2CC2)CC1
C1CCC2CCC3C4CCCC4CCC3C2CC1
C1CCC(C2CCC3CC4C(CCCC5C6CCC(CCCC7CCC8CCCCC8C7)C6CCC45)CC32)CC1
C1CCC2CC(C3CCCC4CCCC43)CCC2C1
C(CCCCC1CCC(C2CCCCC2)C1)CCCC1CCC2CCCC2C1
C1CCC(C2CC3CCCC3C3CCCC4CCCCC4C23)CC1
C1CCC(C2CCC3CC(CC4CCC(CCC5CCCC5)CC4)CCC32)CC1
C1CCC2CCC(C3CCCC4CCCC43)CC2CC1
C1CCC(CCCCCC2CC3CCCCC3C2)CC1
C1CCC(C2CC3CCCC3C3CCC4CCCCC4C23)CC1
C1CCC2CCC(C3CCCC4CCCC43)CC2CC1
C1CCC2CCC3C(CCC4C3CCC4(CCCC3CC4CCCCC4C3)CCC3CCCC3)C2CC1
C1CCC2C(C1)CCC1CCCCC12
C1CCC(C2CCC(CCCCCC3CCCC4C(C5CCCCC5)CCC34)C2)CC1
C1CC2CCC3C(CCC4CCCCC43)CC2C1
C1CCC(C2CC3CCCCC3C3CCC4CCCCC4C23)CC1
C1CCC2CC(C3CCCC4CCCC43)CCC2C1
C(CCCC1CCCCC1)CCC1CCCCC1
C1CCC2C(C1)CCC1C2CCC2C3CCCC3CC21
C1CCC(C2CCC3CC4C(CC5CC6CCCCC6C5)CCCCC4CC32)CC1
C1CCC(C2CC3CCCC3C3CCC4CCCCC4C23)CC1
C1CCC2CC(C3CCCC4CCCC43)CCC2C1
C1CCC(CCC2(CCCC3CC4CCCCC4C3)CCC3C4CCC5CCCCC5C4CCCC32)C1
C1CCC(CCCCCC2CC3CCCCC3C2)CC1
C1CCC(C2CC3CCCC3C3CCC4CCCCC4CC23)CC1
C1CCC(C2CC3C(CCC34CCCC4)C3CCC4CCCCCC4C23)CC1
C1CCC2C(C1)CCCC1C3CCCC3CCC21
C1CCC(C2CCC3CCCC3C3CCC4CCCCCC4C23)CC1
C1CCC(C2CC3CCCC3C3CCC4CCCCC4C23)CC1
C1CCC(CC2CC3CCCCC3C3CCC4CCCCCC4C23)CC1
C1CCC2C(C1)CCCC2CCCC1CCC2C1CCCC1C3CCCCC3CCC12
C1CCC(CC2CC3CCCC3C3CCC4CCCCC4C23)CC1
C1CCC2C(C1)CCCC1C3CCCC3CCC21
C1CCC(C2CC3CCCC3C3CCC4CCCCCC4C23)CC1
C1CCC2CCC(C3CCCC4CCCC43)CC2CC1
C1CCC(CCCCCC2CC3CCCCC3C2)CC1
C1CCC(CCC(CC2CC3CCCCC3C2)C2CCCC2)CC1
C1CCC(CC2CCC3C(CCCCCC4CCC(C5CCCC5)C4)CCCC23)CC1
C(CCC1CCCC2CCCCC12)CCC1CCCC2CCCCC12
C1CCC(CC2CCC3CC4C(CCC45CCCCC5)CC23)CC1
C1CCC2CC(C3CCCC4CCCC43)CCC2C1
C1CCC2CCC3C4CCCC4CCC3C2CC1
C1CCC(C2CCC3CCC4C(CCC5C6CCC(CCCC7CCC8CCCCC8C7)C6CCC45)CC32)CC1
C1CCC(CCCC2CCC(C3CCC4C(CCC4C4CCCCC4)C3)CC2)CC1
C1CCC(C2CC3CCCC3C3CCC4CCCCC4C23)CC1
C1CCC(CCCCCC2CC3CCCCC3C2)CC1
C1CCC2CCC3C(CCC4C3CCC4(CCCC3CC4CCCCC4C3)CCC3CCCC3)C2CC1
C(CCC1CCCC2CCCC12)CC1CC2CCCCC2C1
C1CCC(CCC2CCC3C(CCC3C3CCCCC3)C2)CC1
C1CCC(C2CC3CCCC3C3CCC4CCCCC4C23)CC1
C1CCC(CCCC2CCC3CCC(C4CCCC5CCCC54)CC3C2)CC1
C(CCC1CCC(C2CCCC2)C1)CCC1CCCC2CCCCC12
C1CCC2CCC3C4CCCCC4CC(CC4CCCC4)C3C2CC1
C1CCC2CCC(C3CCCC4CCCC43)CC2CC1
C1CCC(CCCC2CC3CCCCC3C2C2CCCCC2)CC1
C1CCC2C(C1)CCC1C3CCCC3CCCC21
C1CCC(CCC2CCC3C(CCC3C3CCCCC3)C2)CC1
C1CCC(C2CCC(CCCCCC3CCCC4CCCCC34)C2)CC1
C1CCC(C2CCC3CC4CCCCC4CC32)CC1
C1CCC(C2CC3CCCC3C3CCCC4CCCCC4C23)CC1
C1CCC2CC(CCCC3CCCCC4CCCCC43)CC2C1
C1CCC2CCC3C4CCC(CCCC5CCCC6CCCCC65)C4CCC3C2CC1
C1CCC2CCC3C4CCC(CCCC5CC6CCCCC6C5)C4CCC3C2CC1
C1CCC2C(C1)CC(C1CCCC3CCCC31)C1CCCC21
C(CCCC1CCCC2C(C3CCCCC3)CCC12)CCC1CCCCC1
C1CCC(C2CCC3C(CCC3C3CCCCC3)C2)CC1
C(CCCC1CCCCC1)CCCC1CCC(C2CCCCC2)C1
C1CCC(CCC2CCC3C(CCC4C5CCCC5CCC34)C2)CC1
C1CCC2C(C1)CCCC1CCCCC12
C1CCC(CCCCCC2CC3CCCCC3C2)CC1
C(CCCC1CCCC2C(C3CCCCC3)CCC12)CCC1CCC(C2CCCC2)C1
C1CCC(CCCCC2CCCC3CCCC23)CC1
C1CCC(CC2CCC3CC4C(CC5CCC6CCCCC65)CCCC4CC23)CC1
C1CCC(CCC2CCC3C(CCC3C3CCCCC3)C2)CC1
C1CCC(C2CCC(CCCCCC3CCCC4C(C5CCCCC5)CCC34)C2)CC1
C1CCC(CC2CCC3C(CCC4CCCCC43)C2)CC1
C1CCC2CC(CC3CCCC4CCCC43)CCC2C1
C1CCCC(C2CC3CCCC3C3CCC4CCCCC4C23)CC1
C1CCC(C2CC3CCCC3C3CCC4CCCCC4C23)CC1
C1CCC(C2CCC3CC4C(CCCC5C6CCCC6CCC45)CC32)CC1
C1CCC2C(C1)CCC1C3CCCCC3CCCC21
C(CCC1CCCC2CCCCC12)CCC1CCCC2CCCCC12
C1CCC2CCC3C4CCC(CCCC5CC6CCCCC6C5)C4CCC3C2CC1
C(CCC1CCC2CCCCC2C1)CCC1CCCC2CCCCC12
C1CCC(CCCCCC2CC3CCCCC3C2)CC1
C1CCC(C2CCC3(CCCC4CC5C(CCC5C5CCCCC5)CC43)C2)CC1
C1CCC2C(C1)CCC1CCCCC12
C1CCC(C2CC3CCCC3C3CCC4CCCCCC4C23)CC1
C1CCC(C2CCC3CC4C(CCCC45CCCCC5)CC32)CC1
C1CCC(CCCC2(CCCC3CC4CCCCC4C3)CCC3C4CCC5CCCCC5C4CCC32)C1
C1CCC(CC2CC3CCCCC3C3CCC4CCCCCC4C23)CC1
C1CCC(C2CCC3C(CCCC4CCCCC43)C2)CC1
C1CCC(C2CCC3CCCCC3C3CCCCC23)CC1
C1CCC(CCCCCC2CCCC3C(C4CCCCC4)CCC23)CC1
C1CCC(C2CC3CCCC3C3CCC4CCCCC4C23)CC1
C1CCC2CCC3C(CCC4C3CCC4(CCCC3CC4CCCCC4C3)CCC3CCCC3)C2CC1
C1CCC(CCCCC2CC3CCCCC3C2)CC1
C1CCC(CCCCCC2CCCC3C(C4CCCCC4)CCC23)CC1
C1CCC(CC23CCCCC2CCC2C4CCCC4CCCC23)CC1
C1CCCC(CC2CCCC2CC2CC3CCCCC3C3CCC4CCCCC4C23)CC1
C1CCC(CCCCC2CCC3CCC(C4CCCC5CCCC54)CC3C2)CC1
C1CCC(C2CC3CCCC3C3CCC4CCCCC4C23)CC1
C1CCC2C(C1)CCC1CCCCC12
C(CCC1CCCC2CCCCC12)CC1CCC2CCCCC2C1
C1CCC(CCCC2CCCCC2)CC1
C1CCC(CCCCCC2CC3CCCCC3C2)CC1
C1CCC(CCCC2CCC3C(CCC3C3CCCC(CCC4CCCC4)C3)C2)CC1
C(CCCC1CCCCC1)CCCC1CCC(C2CCCCC2)C1
C1CCC(C2CCC3CC4C(CCCCC45CC(C4CCCCC4)C(C4CCCCC4)C5)CC32)CC1
C(CCC1CCC2CCC(C3CCCC4CCCC43)CC2C1)CC1CCC2CCCC2C1
C(CCCC1CCCCC1)CCCC1CCC(C2CCCCC2)C1
C1CCC(C2CC3CCCCC3C3CCC4CCCCC4C23)CC1
C1CCC(CCC2CCC3C(CCC3C3CCCCC3)C2)CC1
C1CCC(CCCCCC2CC3CCCCC3C2)CC1
C1CCC2CCCC(CC3CC4CCCCC4C4CCC5CCCCC5C34)C2CC1
C1CCC(C2C3CCCC3CC3CC4CCCCC4CC32)CC1
C1CCC(CCCCCC2CCCC3C2CCC3C2CCCC(CC3CCCC3)C2)CC1
C1CCC(C2CCC3(CCC4CC5C(CCC5C5CCCCC5)CCC43)C2)CC1
C1CCC(CCCC2(CCCC3CC4CCCCC4C3)CCC3C4CCC5CCCCC5C4CCC32)C1
C1CCC2CCC3C4CCC(CCCC5CC6CCCCC6C5)C4CCC3C2CC1
C1CCC(C2CCC3CC4C(CCC5C6CCC(CCCCC7CCC8CCCCC8C7)C6CCC45)CC32)CC1
C(CCCC1CCCC2C1CCC2C1CCCC(CC2CCCC2)C1)CCC1CCCCC1
C(CCC1CCCC2CCCCC12)CC1CCCC2CCCCC12
C1CCC(C2CC3CCCC3C3CCC4CCCCCC4C23)CC1
C1CCC2CCC(C3CCCC4CCCC43)CC2CC1
C1CCC(CC2CCC3CC4C(CCC45CCCCC5)CC23)CC1
C1CCC2C(C1)CCC1C3CCCC3CCCC21
C1CCC(C2CC3CCCC3C3CCC4CCCCC4C23)CC1
C1CCC(CC2CC3CCCCC3C3CCC4CCCCC4C23)CC1
C1CCC2CC(CC3CCCC4CCCC43)CCC2C1
C1CCC(C2CCC3CC4C(CCCC45CCCCC5)CC32)CC1
C1CCC2C(C1)CCC1C3CCCC3CCCC21
C1CCC(C2CC3CCCC3C3CCC4CCCCC4C3C2)CC1
C1CCC(CCC2CCCCC3CC4C(CCC4C4CCCCC4)CC23)CC1
C1CCC2C(C1)CCCC1C2CCC2C3CCCC3CC21
C1CCC(C2C3CCCC3CC3CC4CCCCC4CC32)CC1
C1CCC(CCCCCC2CCCC3C(C4CCCCC4)CCC23)CC1
C1CCC(CCC2CCC3C(CCC3CC3CCCC(CCC4CCCC4)C3)C2)CC1
C1CCC2C(C1)CC(C1CCCC1)C1CCCCC21
C1CCC(CCCCCC2CCC3CCCCC23)CC1
C1CCC(CCC2CCC3C(CCC3C3CCCCC3)C2)CC1
C1CCC(CCCC2(CCC3CCCC3)CCC3C4CCC5CCCCCC5C4CCC32)CC1
C1CCC(C2CCC3C(CCC3C3CCCCC3)C2)CC1
C1CCC(CCC2CC3CCCCC3C3CCC4CCCCC4C23)CC1
C(CCC1CC2CCCCC2C1)CCC1CCCC2CCCC12
C1CCC2CC(CC3CCCC4CCCC43)CCC2C1
C1CCC2CCC3C4CCCCC4CCC3C2CC1
C1CCC(C2CCC3CC4C(CCCCC45CCCC5)CC32)CC1
C1CCC(CCC2CCC(C3CCC4C(CCC4C4CCCCC4)C3)CC2)CC1
C1CCC2CC3CCC4C(CCCC5CC6CCCCC6C5)CCC4C3CCC2C1
C1CCC(C2CCC3CC4C(CCC5C6CCC(CCCC7CC8CCCCC8C7)C6CCCC45)CC32)CC1
C1CCC(C2CCC3CC4CCCCC4CC32)CC1
C1CCC(C2CCC3CC4C(CCC5C6CCC(CCCC7CCC8CCCCC8C7)C6CCCC45)CC32)CC1
C1CCC2C(C1)CCC1C3CCCC3CCC21
C1CCC2CCC3CCCCC3C2CC1
C1CCC2C(C1)CCCC1C3CCCC3CCC21
C1CCC(CCC2CCC(CCC3CCCC(CC4CCCC4)C3)CC2)CC1
C1CCC(C2CC3CCCC3C3CCC4CCCCC4C23)CC1
C1CCC(C2CCC3C(CCC3C3CCCCC3)C2)CC1
C1CCC2CCC3C4CCCCC4CC(CC4CCCC4)C3C2CC1
C1CCC(CCCCCC2CCC3C(CC4CCCCC4)CCC3C2)CC1
C1CCC(C2CCC3C(CCC34CCCC4)C3CCC4CCCCC4C23)CC1
C(CCCC1CCC2C(CCC2C2CCCCC2)C1)CCC1CCCCC1
C1CCC(CC2CC3CCCCC3C3CCC4CCCCCC4C23)CC1
C1CCC2CC(CCCC3CCC4C3CCCC3C5CCCCC5CCC34)CC2C1
C1CCC(C2CCC3CC4C(CCC5C6CCCC(CCCC7CCC8CCCCC8C7)C6CCC45)CC32)CC1
C(CCCC1CCCC2CCCCC12)CCC1CCC(C2CCCC2)C1
C1CCC2CCC(C3CCCC4CCCC43)CC2CC1
C1CCC(CCCCC2CC3CCCCC3C2)CC1
C1CCC(CCCCC2CC3CCCCC3C2)CC1
C1CCC(CCC2CCC3C(CCC3C3CCCCC3)C2)CC1
C1CCC(CCC2CCC3C(CCC3C3CCCCC3)C2)CC1
C1CCC(C2CCC3CC4C(CCC32)CCC42CCCCC2)CC1
C1CCC(CCC2CCC3C(CCC3C3CCCCC3)C2)CC1
C1CCC(C2CCCC3C(CCC4CCCCC43)C2)CC1
C1CCC(C2CC3CCCC3C3CCC4CCCCC4C23)CC1
C1CCC(CCCCCC2CC3CCCCC3C2)CC1
C1CCC(CCCCC2CCC3CCCCC23)CC1
C1CCC(CC2CC3CCCCC3C3CCC4CCCCC4C23)C1
C1CCC(CCC2CCC3C(CCC3C3CCCCC3)C2)CC1
C1CCC2C(C1)CC(C1CCCC1)C1CCCCC21
C1CCC(CCC2CCC3C(CCC3C3CCCCC3)C2)CC1
C1CCC2CCC(C3CCCC4CCCC43)CC2CC1
C1CCC2C(C1)CCCC1C2CCC2C3CCCC3CC21
C1CCC(C2CCC3CCCC3C3CCC4CCCCC4C23)CC1
C1CCC(CC2CCC3CC4C(CCCC45CCCC5)CC23)CC1
C1CCC(C2CC3CCCC3C3CCC4CCCCC4C23)CC1
C(CCCC1CCC(CC2CCCCC2)C1)CCC1CCCCC1
C1CCC(CCC2CCC3C(CCC3C3CCCCC3)C2)CC1
C1CCC2C(C1)CCC1C3CCCC3CCCC21
C1CCC2C(C1)CCC1C3CCCC3CCC21
C1CCC(C2CC3CCCC3C3CCC4CCCCC4CC23)CC1
C1CCC(C2CC3CCCC3C3CCC4CCCCCC4C23)CC1
C1CCC(CCCCC2CCC3CCCCC23)CC1
C1CCC(C2CCC3CCCC3C3CCC4CCCCC4C23)CC1
C1CCC2CCC3C4CCC(CCC5CCCC5)C4CCC3C2CC1
C1CCC2CCC(C3CCCC4CCCC43)CC2CC1
C1CCC(C2CCC3C(CCCCCC4CCC(C5CCCC5)C4)CCCC23)CC1
C1CCC(CCC2CCC3C(CCC3C3CCCCC3)C2)CC1
C1CCC(CCC2CCC(C3CCC4C(CCC4C4CCCCC4)C3)CC2)CC1
C(CCC1CCCC2CCCCC12)CC1CCCC2CCCCC12
C1CCC(CC2CC3CCCCC3C3CCC4CCCCC4C23)CC1
C1CCC2C(C1)CCC1C3CCCC3CCCC21
C1CCC2CC(C3CCCC4CCCC43)CCC2C1
C1CCC(C2C3CCCC3CC3CC4CCCC4CC32)CC1
C1CCC(CCCCCC2CCC3CCCCC23)CC1
C1CCC(CCCCC2CCC3CCCCC23)CC1
C1CCC2C(C1)CCC1CCCCC12
C1CCC2CCC(C3CCCC4CCCC43)CC2CC1
C1CCC(CC2CCC(CC(CC3CCCCC3)C3CCCCC3)CC2)CC1
C1CCC(CCC2CCC(CCC3CCCC(CC4CCCC4)C3)CC2)CC1
C1CCC(C2CC3CCCCC3CC3CCCCC32)CC1
C(CCCC1CCCC2C(C3CCCCC3)CCC12)CCC1CCCCC1
C1CCC(C2CCC(CCCCCC3CCCC4CCCCC34)C2)CC1
C1CCC(CCCCCC2CC3CCCCC3C2)CC1
C1CCC(CCCC2CCC3CCC(CC4CCCC5CCCC54)CC3C2)CC1
C1CCC(CCC2CCC(C3CCC3)CC2)CC1
C(CCCC1CCCC2C(C3CCCCC3)CCC12)CCC1CCCCC1
C1CCC2CCC3C4CCCC4CC(C4CCC(CCCCC5CCC6C(CCC7C8CCCC8CCC67)C5)CC4)C3C2CC1
C1CCC(CCC2CCC3C(CCC4C5CCCC5CC(CCC5CCCCC5)C34)C2)CC1
C1CCC2CCC(C3CCCC4CCCC43)CC2CC1
C1CCC(C2CCC3CC4C(CCCC5C6CCC(CCCC7CC8CCCCC8C7)C6CCC45)CC32)CC1
C(CCC1CC2CCCCC2C1)CCC1CCCC2CCCC12
C1CCC(CCCCCC2CC3CCCCC3C2)CC1
C1CCC(C2CCC3CCC4CCCCC4C3CC2)CC1
C1CCC(CC2CC3CCCCC3C2C2CCCCC2)CC1
C1CCC(C2CC3CCCCC3C3CCC4CCCCC4C23)CC1
C1CCC(C2CC3CCCC3C3CCC4CCCCCC4C23)CC1
C(CCCC1CCCC2CCCC12)CCC1CCCCC1
C1CCC2C(C1)CCCC1C3CCCC3CCC21
C1CCC(CCCCC2CC3CCCCC3C2)CC1
C(CCCC1CCCCC1)CCCC1CCC(C2CCCCC2)C1
C1CCC(CCCC2CCC3CCC(C4CCCC5CCCC54)CC3C2)CC1
C(CCC1CCCC2CCCC12)CC1CC2CCCCC2C1
C1CCC(CCC2CCC3C(CCCC4C5CCCC5CCC34)C2)CC1
C1CCC(C2(CCCCC3CCC4CCCCC4C3)CCCC3CCCCC32)CC1
C1CCC(C2CCC(C3CC4CCCC4C4CCC5CCCCC5C34)CC2)C1
C(CCC1CCCC2CCCC12)CC1CC2CCCCC2C1
C1CCC(CCCCCC2CC3CCCCC3C2)CC1
C1CCC2CCC(C3CCCC3)CC2CC1
C1CCC(C2CCC3C(CCCCCC4CC4)CCCC23)CC1
C1CCC(CCCCC2CCCC3CCC(C4CCCC5CCCC54)CC23)CC1
C1CCC2C(C1)CCC1C3CCCCC3CCC21
C1CCC(C2CCC3CC4C5CCC6C(CCCC7CCC8CCCCC8C7)CCC6C(CCC4CC32)C5)CC1
C(CCC1CCCC2CCCCC12)CC1CCC2CCCCC2C1
C(CCC1CCCC2CCCC12)CC1CC2CCCCC2C1
C1CCC2CCC3C4CCCCC4CC(CC4CCCC5CCCCC54)C3C2CC1
C(CCC1CC2CCCCC2C1)CCC1CCCC2CCCC12
C1CCC2C(C1)CCC1C3CCCC3CCC21
C1CCC(CCCCC2CC3CCCCC3C2)CC1
C(CCC1CCCC2CCCC12)CC1CC2CCCCC2C1
C1CCC(CCC2CCC3C(CC4CCCCC4)CCC3C2)CC1
C1CCC(CCCCC2CCCC3CCCC23)CC1
C1CCC(C2CCC3CC4(CCCCCC4C4CCCCC4)CCC32)CC1
C1CCC(C2CCC3CC4C(CCC5C6CCC(CCCCC7CCC8CCCCC8C7)C6CCC45)CC32)CC1
C(CCC1CCCC2CCCC12)CC1CCCC2CCCCC12
C1CCC(C2CCC(CCCCCC3(C4CCCCC4)CCC3)C2)CC1
C1CCC2CCC3C4CCCC4CCC3C2CC1
C1CCC2CCC3C4CCCCC4CCC3C2CC1
C1CCC(CC2CC3CCCCC3C3CCC4CCCCC4C23)CC1
C1CCC(C2CC3CCCCC3CC3CCCCC32)CC1
C1CCC(CC2CC3CCCC3C3CCC4CCCCC4C23)CC1
C(CCC1CCCC2CCCC12)CC1CC2CCCCC2C1
C1CCC2C(C1)CCC1CCCCC12
C1CCC(C2CCC3CC(CC4CCC(CCC5CCCC5)CC4)CCC32)CC1
C1CCC2CC(CCCC3CCC4C3CCC3C5CCCCC5CCC43)CC2C1
C1CCC(CCCCCC2CCC3C2CCC2C4CCCCC4CCC32)CC1
C1CCC(C2CC3CCCC3C3CCC4CCCCC4CC23)CC1
C1CCC(C2CCC3CC4C(CCC45CCCCC5)CC32)CC1
C1CCC(CCCCC2CCC3CCC(C4CCCC5CCCC54)CC3C2)CC1
C1CCC2C(C1)CCC1CCCCC12
C1CCC(CCCCCC2CCCC3C(CC4CCCCC4)CCC23)CC1
C1CCC(CC2CC3CCCCC3C3CCC4CCCCCC4C23)CC1
C1CCC2CCC3C4CCCC4CCC3C2CC1
C1CCC2CCC(C3CCCC4CCCC43)CC2CC1
C1CCC(CCCCC2CC3CCCCC3C2)CC1
C1CCC(CCC2CCC3C(CC4CCCCC4)CCC3C2)CC1
C1CCC2CCC3C4CCCCC4CCC3C2CC1
C1CCC(CCCCC2CC3CCCCC3C2)CC1
C1CCC(CCC2CCC3C(CCC4C5CCCC5CC(CCC5CCCCC5)C34)C2)CC1
C1CCC(C2CCC3CC4C(CCCC45CCCC5)CC32)CC1
C1CCC(CC2CCC3C(CC4CCCCC4)CCC3C2)CC1
C(CCC1CCCC2CCCCC12)CC1CCC2CCCCC2C1
C1CCC(CCCCCC2CCC3CCCCC23)CC1
C1CCC(C2CCC3CC4CCCCC4CC32)CC1
C1CCC2CCC(C3CCCC4CCCC43)CC2CC1
C1CCC(CCCCC2CC3CCCCC3C2)CC1
C1CCC(C2CCC3CCCCC3C3CCC4CCCCC4C23)CC1
C1CCC(C2CCC3CC4C(CCC5C6CCC(CCCC7CC8CCCCC8C7)C6CCCC45)CC32)CC1
C(CCCCCCC1CCC2C1CCC1C3CCCCC3CCC21)CCCCCC1CCC(CCC2CCC(CCC3CCCC3)C2)C1
C1CCC2CC(CCCC3CCC4C3CCC3C5CCCCC5CCC43)CC2C1
C1CCC(CC2CC3CCCCC3C3CCC4CCCCC4C23)CC1
C1CCC2C(C1)CCCC2CC1CC2CCCCC2C2CCCC12
C1CCC(CC2CCC3C(CC4CCCCC4)CCC3C2)CC1
C1CCC2CCC(C3CCCC4CCCC43)CC2CC1
C1CCC(CCCCC2CC3CCCCC3C2)CC1
C1CCC2C(C1)CCC1C3CCCC3CCC21
C1CCC2C(C1)CCC1C3CCCC3CCC21
C1CCC(CCC2CCC3C(CCC3C3CCCC(CCC4CCCC4)C3)C2)CC1
C1CCC2C(C1)CCC1C3CCCC3CCC21
C1CCC2C(C1)CCC1C2CCC2C3CCCCC3CC21
C1CCC2CCC3C4CCCCC4CC(CC4CCCC5CCCCC54)C3C2CC1
C1CCC(CC2CC3CCCCC3C3CCC4CCCCCC4C23)CC1
C1CCC2CCC(C3CCCC4CCCC43)CC2CC1
C1CCC(CCCCC2CCC3CCCCC23)CC1
C1CCC2CCC3CCCCC3C2CC1
C1CCC2CC(CCCC3CCC4C3CCC3C5CCCCC5CCCC43)CC2C1
C1CCC(C2CCC3CCC4C(CCC5C6CCC(CCCC7CC8CCCCC8C7)C6CCC45)CC32)CC1
C1CCC2C(C1)CCC1C3CCCC3CCC21
C1CCC(CCCCCC2CCCC3C(C4CCCCC4)CCC23)CC1
C1CCC(C2CC3CCCCC3C3CCCCC23)CC1
C1CCC(CCCC(CC2CC3CCCCC3C2)C2CC2)CC1
C1CCC(CCCCC2CC3CCCCC3C2)CC1
C1CCC(CCC2CCCC(C3CCCC4C(C5CCCCC5)CCC34)C2)CC1
C1CCC(CCCCCC2CC3CCCCC3C2)CC1
C1CCC(CCCCCC2CC3CCCCC3C2)CC1
C1CCC(C2CCC3CC4C(CCC45CCCCC5)CC32)CC1
C1CCC(CCCCC2CCC3C2CCC2C4CCCCC4CCCC32)CC1
C1CCC(CCCCC2CCC3CCCCC3C2)CC1
C1CCC2CC(CCCC3CCC4C3CCC3C5CCCCC5CCC43)CC2C1
C1CCC2CCC3C4CCCC4CCC3C2CC1
C1CCC(CC2CC3CCCCC3CC3CCC4CCCCC4C32)CC1
C1CCC(CCCC2(CCC3CCCC3)CCC3C4CCC5CCCCCC5C4CCC32)CC1
C1CCC(C2CCC3CCC(C4CCCC4)C3C2)C1
C1CCC(C2CCC3CC4C(CCC45CCCCC5)CC32)CC1
C1CCC2C(C1)CCC1C2CCCC2C3CCCC3CC21
C1CCC2C(C1)CCC1C2CCC2C3CCCCC3CC21
C1CCC2CC(CC3CCCC4CCCC43)CCC2C1
C1CCC(CC2CC3CCCCC3C3CCC4CCCCC4C23)CC1
C1CCC(CCC2CCC(CCC3CCCC(CC4CCCC4)C3)CC2)CC1
C1CCC(CC2CC3CCCCC3C3CCC4CCCCCC4C23)CC1
C1CCC(C2CCC3C(CCC4CCCCC43)C2)CC1
C(CCC1CCC2C(CCC3C4CCCC4CCC23)C1)CC1CCC(C2CC3CCCC3C3CCC4CCCCC4C23)CC1
C1CCC(C2CCC3CCCC3C3CCC4CCCCC4C23)CC1
C1CCC2CCC3C4CCC(CCCC5CC6CCCCC6C5)C4CCC3C2CC1
C(CCC1CCC2CCCCC2C1)CCC1CCCC2CCCCC12
C1CCC2CC(C3CCCC4CCCC43)CCC2C1
C1CCC(C2CCC3CC4C(CCC32)CCC42CCCCC2)CC1
C1CCC(CC2CC3CCCCC3C3CCC4CCCCCC4C23)CC1
C1CCC(C2CC3CCCCC3C3CCC4CCCCC4C23)CC1
C1CCC(C2CCC3C(CCCC34CCCC4)C3CCC4CCCCC4C23)CC1
C1CCC(CCCC2CCCC3CCC(C4CCCC5CCCC54)CC3C2)CC1
C1CCC(C2CCC3CC4C(CCC5C6CCC(CCCC7CC8CCCCC8C7)C6CCCC45)CC32)CC1
C1CCC(CC2CCC3C(CC4CCCCC4)CCC3C2)CC1
C1CCC(C2CCCCC2CC2CC3CCCCC3C3CCC4CCCCCC4C23)CC1
C1CCC2CC(CCCC3CCC4C3CCC3C5CCCCC5CCC43)CC2C1
C1CCC2C(C1)CCC1C3CCCCC3CCC21
C1CCC(C2CC3CCCCC3C3CCC4CCCCC4C23)CC1
C1CCC(CCCCCC2CCC3CCCCC23)CC1
C1CCC(CC2CC3CCCCC3C3CCC4CCCCC4C23)CC1
C1CCC2CC(CC3CCCC4CCCC43)CCC2C1
C1CCC(CCCCCC2CCC3CCCCC23)CC1
C1CCC2C(C1)CCCC2CC1CC2CCCCC2C2CCC3CCCCC3C12
C1CCC2CCC(C3CCCC4CCCC43)CC2CC1
C1CCC(CCCCCC2CCCC3C(C4CCCCC4)CCC23)CC1
C1CCC(CCCC2(CCC3CCCC3)CCC3C4CCC5CCCCCC5C4CCC32)CC1
C1CCC(C2CCC3CCCC3C3CCC4CCCCCC4C23)CC1
C1CCC(CCCCCC2CCCC3C(CC4CCCCC4)CCC23)CC1
C1CCC(C2CC3CCCC3C3CCC4CCCCCC4C23)CC1
C1CCC(CCCCC(CC2CCC3C(CCC3C3CCCCC3)C2)C2CCCCC2)CC1
C1CCC(CCCCCC2CCCC3C(C4CCCCC4)CCC23)CC1
C1CCC2CCC3C4CCCC4CCC3C2CC1
C1CCC(CC2CCC3C(CC4CCCCC4)CCC3C2)CC1
C1CCC(CCC2CCCC3CC4C(CCC4C4CCCCC4)CC23)CC1
C1CCC2CC(C3CCCC3)C3CCCCC3CC2C1
C1CCC(CC2CC3CCCCC3C3CCC4CCCCCC4C23)CC1
C1CCC(CCCCC2CC3CCCCC3C2)CC1
C1CCC2CC(C3CCCC4CCCC43)CCC2C1
C1CCC(CC2CC3CCCCC3C3CCC4CCCCC4C23)CC1
C1CCC2CCC3C4CCC(CCCC5CCC6CCCCC6C5)C4CCC3C2CC1
C(CCC1CCC2C(CCC3C4CCCC4CCC23)C1)CC1CCC(C2CCC(C3CC4CCCC4C4CCC5CCCCC5C34)CC2)CC1
C1CCC(CCCCCC2CCCCC2)CC1
C1CCC(CCCCCC2CCC3CCCCC23)CC1
C1CCC(CCCC2CCC(CCC3CCCC(CC4CCCC4)C3)CC2)CC1
C(CCCC1CCCC2C(C3CCCCC3)CCC12)CCC1CC1
C1CCC(C2CCC3CC4(CCCCC4C4CCCCC4)CCC32)CC1
C1CCC(CC2CC3CCCCC3C3CCC4CCCCCC4C23)CC1
C1CC2CCC3C(CCC4CCC5CCC5C43)C2C1
C1CCC(CCCC2CCC3CCC(C4CCCC5CCCC54)CC3C2)CC1
C1CCC(C2CC3CCCC3C3CCCC4CCCCC4C23)CC1
C(CCCCC1CCC(C2CCCCC2)C1)CCCC1CCCCC1
C1CCC(CCC2CCCC3CCC4C(CCC4C4CCCCC4)CC23)CC1
C1CCC2CCC(C3CCCC4CCCC43)CC2CC1
C1CCC(C2CC3CCCC3C3CCC4CCCCC4C23)CC1
C1CCC(CC2CC3CCCCC3C3CCC4CCCCC4C23)CC1
C1CCC(CCCCCC2CCCC3C(C4CCCCC4)CCC23)CC1
C1CCC(C2CCC3CC4C(CCC45CCCCCC5)CC32)CC1
C1CCC2CCC(C3CCCC4CCCC43)CC2CC1
C1CCC2CCC3C4CCCCC4CCC3C2CC1
C1CCC2CCC3C4CCCC4CCC3C2CC1
C1CCC(C2CC3CCCC3C3CCC4CCCCC4C23)CC1
C1CCC(CC2CC3CCCCC3C3CCC4CCCCCC4C23)CC1
C1CCC(CCCCC(CC2CCC3C(CCC3C3CCCCC3)C2)C2CCCCC2)CC1
C1CCC(CC2CC3CCCCC3C3CCC4CCCCC4C23)C1
C1CCC(C2CCC3CCC(C4CCCC4)C3C2)C1
C1CCC(C2CCC3CC4C(CCCC45CCCC5)CC32)CC1
C1CCC(CCCCCC2CCC3CCCC3C2)CC1
C1CCC(C2CCC3C(CCC4CCCCC43)C2)CC1
C1CCC(CCCCCC2CC3CCCCC3C2)CC1
C1CCC2C(C1)CCC1C3CCCC3CCC21
C1CCC(CC2CC3CCCCC3C3CCC4CCCCCC4C23)CC1
C1CCC2CCC(C3CCCC4CCCC43)CC2CC1
C1CCC(CCC2CCC3C(CCC3C3CCCCC3)C2)CC1
C1CCC(CC2CC3CCCCC3CC3CCC4CCCCC4C32)C1
C1CCC(CCC2CCC(CCC3CCCC(CC4CCCC4)C3)CC2)CC1
C1CCC(CCCCCC2CCCC3C(C4CCCCC4)CCC23)CC1
C1CCC2CCC3C4CCC(CCCC5CCC6CCCCC6C5)C4CCC3C2CC1
C1CCC2CC(CCCC3CCC4C3CCCC3C5CCCCC5CCC34)CC2C1
C1CCC2CC(CCCC3CCC4C3CCC3C5CCCCC5CCC43)CC2C1
C1CCC(CCCCC2CC3CCCCC3C2)CC1
C1CCC(CCCC2CCC3CCC(C4CCCC5CCCC54)CC3C2)CC1
C1CCC(C2CC3CCCC3C3CCC4CCCCC4C23)CC1
C(CCCC1CCCC2C(C3CCCCC3)CCC12)CCC1CCCCC1
C1CCC(CC2CCC(CC3CC4CCCCC4C4CCC5CCCCC5C34)CC2)CC1
C1CCC(C2CC3CCCCC3C3CCCCC23)CC1
C1CCC(C2CC3CCCCC3C3CCCCC23)CC1
C1CCC2C(C1)CCC1CCCCC12
C1CCC2CCC3C4CCCCC4CCC3C2CC1
C1CCC(C2CCC3CCC4CCCCC4C3CC2)CC1
C1CCC(C2CC3CCCC3C3CCC4CCCCC4C23)CC1
C1CCC(CCC2CCCC3CC4C(CC5CCCCC5)CCC4CC23)CC1
C1CCC2C(C1)CCC1CCCCC12
C1CCC2C(C1)CCC1C3CCCC3CCC21
C1CCC(CCCCC2CC3CCCCC3C2)CC1
C1CCC(C2CCC3CC4C(CCC45CCCCC5)CC32)CC1
C(CCCC1CCCC2C(C3CCCCC3)CCC12)CCC1CCCCC1
C(CCCC1CCCCC1)CCCC1CCC(C2CCCCC2)C1
C1CCC(C2CC3CCCC3C3CCC4CCCCC4C23)CC1
C1CCC(C2CCC3CC4C(CCC5C6CCCC(CCCC7CC8CCCCC8C7)C6CCC45)CC32)CC1
C1CCC(CCCCC2CC3CCCCC3C2)CC1
C1CCC(CC2CC3CCCCC3C3CCC4CCCCCC4C23)CC1
C1CCC(C2CCC3CC4C(CCC5C6CCCC(CCCC7CCC8CCCCC8C7)C6CCC45)CC32)CC1
C1CCC2CC(CCCC3CCC4C3CCC3C5CCCCC5CCC43)CC2C1
C1CCC(CC2CC3CCCCC3C3CCC4CCCCC4C23)C1
C1CCC(CCCCC2CC3CCCCC3C2)CC1
C(CCCC1CCC2CCCC2C1)CCCC1CCC(C2CCCCC2)C1
C1CCC(CCCC2CCC3CCC(CC4CCCC5CCCC54)CC3C2)CC1
C1CC2CCC3C(CCC4CCCCC43)CC2C1
C1CCC(CC2CC3CCCCC3CC3CCC4CCCCC4C32)C1
C1CCC(CCCC2CCC3C(CCC4C5CCCC5CCC34)C2)CC1
C1CCC(CCCC2CCC3C2CCC2C4CC5CCC(C6CCCCC6)C5CC4CCC32)CC1
C(CCC1CCCC2CCCCC12)CC1CCC2CCCCC2C1
C1CCC(CCCCCC2CCCCC2)CC1
C1CCC2CC(C3CCCC4CCCC43)CCC2C1
C1CCC(CC2CC3CCCCC3C3CCC4CCCCC4C23)CC1
C1CCC(CCC2CCC3C(CCC3C3CCCCC3)C2)CC1
C1CCC(CCCCC2CC3CCCCC3C2)CC1
C1CCC2CCC3C4CCC(CCCC5CCC6CCCCC6C5)C4CCC3C2CC1
C1CCC(CC2CCC3CC4C(CCC45CCCCC5)CC23)CC1
C1CCC(CCCCCC2CCCC3C(CC4CCCCC4)CCC23)CC1
C1CCC(CCCCC2CCC3CCCCC23)CC1
C1CCC(C2CC3CCCC3C3CCC4CCCCC4C23)CC1
C1CCC(CCC2CCC(CCC3CCCCC3)CC2)CC1
C1CCC(C2CC3CCCC3C3CCC4CCCCC4C23)CC1
C1CCC(CCCC2(CCCC3CC4CCCCC4C3)CCC3C4CCC5CCCCC5C4CCC32)C1
C1CCC2CCC(C3CCCC4CCCC43)CC2CC1
C1CCC2CC3CCC4CCCC4C3CCC2C1
C1CCC(CCCC2CCC3C2CCC2C4CCCCC4CCC32)C1
C1CCC(CCCCC2CCC3CCCCC23)CC1
C1CCC(C2CCC3CC4(CCCCCC4C4CCCCC4)CCC32)CC1
C1CCC(C2CC3CCCCC3C3CCCCC23)CC1
C1CCC(CCCCCC2CCCC3CCC(C4CCCCC4)CC23)CC1
C(CCCC1CCCC2C(C3CCCCC3)CCC12)CCC1CCCCC1
C1CCC(CCC2CCC(C3CCC3)CC2)CC1
C1CCC2CC(C3CCCC4CCCC43)CCC2C1
C1CCC2CCC(C3CCCC4CCCC43)CC2CC1
C1CCC(CC2CCC3CC4C(CCCC45CCCC5)CC23)CC1
C1CCC2C(C1)CCC1C3CCCC3CCC21
C1CCC2CC(C3CCCC4CCCC43)CCC2C1
C1CCC(CCC2CCC3C(CCC3C3CCCCC3)C2)CC1
C1CCC(C2CCC3CC4C(CCC5C6CCCC(CCCC7CCC8CCCCC8C7)C6CCC45)CC32)CC1
C1CCC2CCC3CCCCC3C2CC1
C(CCC1CC2CCCCC2C1)CCC1CCCC2CCCC12
C1CCC(CCC2CCCC3CC4C(CCC23)CCC4C2CCCCC2)CC1
C1CCC2C(C1)CCC1CCCCC12
C1CCC(CCCCC2CC3CCCCC3C2)CC1
C1CCC2C(C1)CCC1C3CCCC3CCC21
C1CCC2CCC3C4CCCC4CCC3C2CC1
C1CCC(CCCCC2CC3CCCCC3C2)CC1
C1CCC2C(C1)CCCC2CC1CC2CCCCC2C2CCCC12
C(CCCC1CCCC2C(C3CCCCC3)CCC12)CCC1CCCCC1
C1CCC(CCCCCC2CC3CCCCC3C2)CC1
C1CCC(C2CCC3CC4C(CCCC45CCCC5)CC32)CC1
C1CCC(C2CC3CCCCC3C3CCCCC23)CC1
C1CCC2CC(C3CCCC4CCCC43)CCC2C1
C1CCC(CCCCCC2CCCC3C(C4CCCCC4)CCC23)CC1
C1CCC(CCCC2CC3CCCC3C3CCC4CC(CCC5CCCCC5)CCC4C23)CC1
C1CCC(CCC2CCC(CCC3CCCC(CC4CCCC4)C3)CC2)CC1
C(CCCC1CCCC2C(C3CCCCC3)CCC12)CCC1CCCCC1
C1CCC(CCCCCC2CC3CCCCC3C2)CC1
C1CCC(C2CC3C(CCCC4CC4)CCC3C3CCC4CCCCC4C23)CC1
C(CCC1CCCC2CCCC12)CC1CC2CCCCC2C1
C1CCC(C2CCC3CC4C(CCC45CCCC5)CC32)CC1
C1CCC2C(C1)CCC1C3CCCC3CCC21
C1CCC(CC2CC3CCCCC3C3CCC4CCCCC4C23)C1
C1CC2CCC3C(CCC4CCCCC43)CC2C1
C1CCC(CC2CC3CCCCC3C3CCC4CCCCCC4C23)CC1
C1CCC2C(C1)CCC1C3CCCCC3CCCC21
C1CCC(C2CC3CCCCC3C3CCC4CCCCC4C23)CC1
C1CCC(C2CC3CCCC3C3CCC4CCCCC4C23)CC1
C1CCC(CCC(CC2CC3CCCCC3C2)C2CCC2)CC1
C(CCCC1CCCC2CCCC12)CCC1CCCCC1
C1CCC2C(C1)CCCC1C3CCCC3CCC21
C(CCC1CCC2CCCCC2C1)CCC1CCCCC2CCCCC12
C1CCC2CCC3CCCCC3C2CC1
C1CCC(CCC(CC2CCCC2)CC2CC3CCCCC3C2)CC1
C1CCC2CC(CC3CCCC4CCCC43)CCC2C1
C1CCC2CC3CCC4CCCCC4C3CCC2C1
C1CCC(C2CCC(CCCC3CCC4C3CCC3C5CCCCC5CCCC43)C2)CC1
C1CCC(CCC2CCC3C(CCC4C5CCCC5CCCC34)C2)CC1
C1CCC(C2CC3CCCC3CC3CCC4CCCCC4C32)CC1
C(CCC1CCCC2CCCCC12)CC1CCC2CCCCC2C1
C1CCC(C2CCC3CCC4C(CCC5C6CCC(CCCC7CC8CCCCC8C7)C6CCC45)CC32)CC1
C1CCC(CCCCC2CC3CCCCC3C2)CC1
C1CCC(CCCCCC2CC3CCCCC3C2)CC1
C(CCC1CCCC2CCCCC12)CCC1CCCC2CCCCC12
C1CCC(CCCCC2CC3CCCCC3C2)CC1
C(CCCC1CCCC2C(C3CCCCC3)CCC12)CCC1CCCCC1
C1CCC2CC(C3CCCC4CCCC43)C3CCCC3C2CC1
C1CCC(C2CCC3CC4C(CCC32)CCC2C3CCC(CCCC5CCC6CCCCC6C5)C3CCC42)CC1
C1CCC2C(C1)CCC1C3CCCC3CCC21
C(CCCC1CCCCC1)CCC1CCCCC1
C1CCC(C2CCC3CC4C(CCC45CCCCCC5)CC32)CC1
C1CCC(CCCC2CC3CCCCC3C2C2CCCCC2)CC1
C1CCC(CCCC(CC2CC3CCCCC3C2)C2CC2)CC1
C1CCC2CC(C3CCCC4CCCC43)CCC2C1
C1CCC2CCC3C4CCCC4CCC3C2CC1
C1CCC2C(C1)CCCC1C3CCCC3CCC21
C1CCC(CC2CCC(C3CC4CCCC4C4CCC5CCCCC5C34)CC2)CC1
C1CCC(C2CCC3CC4C(CCCC45CCCCC5)CC32)CC1
C1CCC(C2CC3CCCCC3C3CCCCC23)CC1
C1CCC2CC(C3CCCC4CCCC43)CCC2C1
C1CCC(CC2CC3CCCCC3C3CCC4CCCCCC4C23)CC1
C1CCC(CCC2CCC3C(CCC3C3CCCCC3)C2)CC1
C1CCC(CCC2CC3CCCCC3C3CCC4CCCCC4C23)C1
C1CCC(CCC2CCC3C(CCC3C3CCCCC3)C2)CC1
C1CCC(CCCCCC2CCCC3C(C4CCCCC4)CCC23)CC1
C1CCC2C(C1)CCC1C3CCCC3CCC21
C(CCCC1CCCC2C(C3CCCCC3)CCC12)CCC1CCCCC1
C1CCC(C2CCC3C(CCC4CCCCC43)C2)CC1
C1CCC(CCC2CCC3C(CC4CCCCC4)CCC3C2)CC1
C1CCC(CCCCC2CC3CCCCC3C2)CC1
C1CCC(CC2CC3CCCCC3C3CCC4CCCCCC4C23)CC1
C1CCC(CCC2CCC3C(CCC3C3CCCCC3)C2)CC1
C1CCC(CCC2CCCC3CC4C(CCC4C4CCCCC4)CC23)CC1
C1CCC(C2CCC3CCCC3C3CCC4CCCCC4C23)CC1
C(CCCC1CCCC2C(C3CCCCC3)CCC12)CCC1CC1
C1CCC2CCC3C4CCCC4CC(C4CCC(C5CCCC5)CC4)C3C2CC1
C1CCC(CCCCCC2CC3CCCCC3C2)CC1
C1CCC2CC(C3CCCC3)C3CCCC3C2CC1
C1CCC(CC2CCC3CCCCC3C3CCC4CCCCC4C23)C1
C1CCC2CC(C3CCCC4CCCC43)CCC2C1
C1CCC(CCCCC2CC3CCCCC3C2)CC1
C1CCC2CCC(C3CCCC4CCCC43)CC2CC1
C1CCC2CC(CCCC3CCC4C3CCCC3C5CCCCC5CCC34)CC2C1
C(CCCC1CCCC2C(C3CCCCC3)CCC12)CCC1CCCCC1
C1CCC2CCC(C3CCCC4CCCC43)CC2CC1
C1CCC(CCCC2CCCC3C2CCC2C4CCCCC4CCC32)C1
C1CCC(C2CCC3C(CCC4CCCCC43)C2)CC1
C1CCC2CCC(C3CCCC4CCCC43)CC2CC1
C1CCC2CC(C3CCCC4CCCC43)CCC2C1
C1CCC(C2CCC3CC4C(CCC5CCCCCC54)CC32)CC1
C1CCC2CC(CC3CCCC4CCCC43)CCC2C1
C1CCC(CCCCCC2CCCC3C(C4CCCCC4)CCC23)CC1
C1CCC(CCC2CCC3C(CCC3C3CCCCC3)C2)CC1
C1CCC2C(C1)CCC1C3CCCC3CCCC21
C1CCC2CC(CCCC3CCC4C3CCCC3C5CCCCC5CCC34)CC2C1
C1CCC2CC(CC3CCCC4CCCC43)CCC2C1
C1CCC(CCCCC2CCC3CCCCC23)CC1
C(CCC1CCCC2CCCC12)CC1CC2CCCCC2C1
C1CCC2CCC3C4CCC(CCCC5CCC6CCCCC6C5)C4CCC3C2CC1
C1CCC(CCCC2CCC3C(CCC3C3CCCCC3)C2)CC1
C1CCC(CCCCCC2CCCC3C(C4CCCCC4)CCC23)CC1
C1CCC2C(C1)CCCC1C3CCCC3CCC21
C1CCC(CCC2CCC(CC3CC3)CC2)CC1
C1CCC(CCCCCC2CCCC3C2CCC3C2CCCC(CC3CC3)C2)CC1
C1CCC(C2CC3CCCCC3C3CCCCC23)CC1
C1CCC(CCCCC2CC3CCCCC3C2)CC1
C1CCC2C(C1)CCC1CCCCC12
C1CCC(CCCCC2CC3CCCCC3C2)CC1
C1CCC2CCC3C4CCCC4CCC3C2CC1
C1CCC(CCCC2CCC3CCC(C4CCCC5CCCC54)CC3C2)CC1
C1CCC(CC2CCC3CCC(C4CCCC4)CC32)C1
C1CCC(C2CCC3C(CCC4CCCCC43)C2)CC1
C1CCC(CCCCCC2CCC3CCCCC23)CC1
C1CCC2C(C1)CCC1C3CCCC3CCC21
C(CCCC1CCCC2C(C3CCCCC3)CCC12)CCC1CCCCC1
C1CCC2CCC3C4CCCC4CCC3C2CC1
C1CCC(C2CCC3CC4C(CCC5C6CCC(CCCC7CC8CCCCC8C7)C6CCC45)CC32)CC1
C1CCC2CCC3C4CCC(CCCC5CC6CCCCC6C5)C4CCC3C2CC1
C1CCC(CC2CC3CCCCC3C3CCC4CCCCCC4C23)CC1
C1CCC(CCC(CCC2CC3CCCCC3C2)C2CC2)CC1
C1CCC(C2CCC3CC4C(CCC5C6CCC(CCCC7CC8CCCCC8C7)C6CCC45)CC32)CC1
C1CCC(CC2CC3CCCCC3C3CCC4CCCCC4C23)CC1
C1CCC(CCC2CCC3C2CCC(C2CCCCC2)C2C4CCCCCC4CCC32)CC1
C1CCC(C2CC3CCCC3C3CCC4CCCCC4C23)CC1
C1CCC2C(C1)CCC1C3CCCC3CCCC21
C(CCC1CCC2CCCCC2C1)CCC1CCCC2CCCCC12
C1CCC(CCCCCC2CCCC3CCCC23)CC1
C1CCC(C2CC3CCCC3C3CCC4CCCCC4C23)CC1
C(CCCC1CCCCC1)CCCC1CCC(C2CCCCC2)C1
C1CCC(CC2CCC3CC4C(CC5CCC6CCCCC65)CCCC4CC23)CC1
C(CCC1CCC2C(CCC3C4CCCC4CCC23)C1)CC1CCC(C2CCC(C3CC4CCCC4C4CCC5CCCCC5C34)CC2)CC1
C1CCC(CCCCC2CC3CCCCC3C2)CC1
C1CCC2CCC3CCCCC3C2CC1
C1CCC(CCC2CCC3C(CCC3C3CCCCC3)C2)CC1
C1CCC(C2CC3CCCC3C3CCCC4CCCCC4C23)CC1
C1CCC(CCCCCC2CCCC3C(C4CCCCC4)CCC23)CC1
C1CCC(C2CC3CCCCC3C3CCC4CCCCC4C23)CC1
C1CCC(C2CCC3CCCC3C3CCC4CCCCCC4C23)CC1
C1CCC(CCC2(CCCC3CC4CCCCC4C3)CCC3C4CCC5CCCCC5CC4CCC32)C1
C(CCC1CCCC2CCCCC12)CC1CCC2CCCCC2C1
C1CCC2CC(C3CCCC4CCCC43)CCC2C1
C1CCC(CCCC2CCC3C(CCC3C3CCCCC3)C2)CC1
C1CCC(CCC2CCC(C3CC3)CC2)CC1
C1CCC(C2CCC3CC4C(CCCC45CCCCC5)CC32)CC1
C1CCC(CCCCC2CC3CCCCC3C2)CC1
C1CCC2CC(CCCC3CCCC4C3CCC3C5CCCCC5CCC43)CC2C1
C1CCC2C(C1)CCC1C3CCCCC3CCCC21
C1CCC(CCC2CCC3C(CCC3C3CCCCC3)C2)CC1
C1CCC(CCC2CCC3C(CCC3C3CCCCC3)C2)CC1
C(CCCC1CCCCC1)CCCC1CCC(CC2CCCCC2)C1
C1CCC(C2CC3CCCC3C3CCC4CCCCC4C23)CC1
C1CCC(CCC2CCC(C3CC3)CC2)CC1
C1CCC(CC2CCC3C(CCCCCC4CCC(C5CCCC5)C4)CCCC23)CC1
C1CCC(CCCCCC2CCCC3C(C4CCCCC4)CCC23)CC1
C1CCC(CC2CC3CCCCC3C3CCC4CCCCC4C23)CC1
C1CCC(CCCCC2CCC3CCCCC23)CC1
C1CCC2CCC(C3CCCC4CCCC43)CC2CC1
C1CCC2CCC3C4CCCCC4CC(CC4CCCC4)C3C2CC1
C1CCC(CCCC2CCC3CCCC3C2)CC1
C1CCC(CCC2CCC3C(CCC3CC3CCCC(CCC4CCCC4)C3)C2)CC1
C1CCC(CCC2CCC3C(CCC4C5CCCC5CCC34)C2)CC1
C1CCC(CCC2(CCCC3CC4CCCCC4C3)CCC3C4CCC5CCCCC5C4CCC32)C1
C1CCC(CCCCCC2CC3CCCCC3C2)CC1
C1CCC(C2CCC3CC4CCCCC4CCC3C2)CC1
C1CCC(CCC2CCC(CC3CCC4C(CCC4C4CCCCC4)C3)CC2)CC1
C(CCC1CC2CCCCC2C1)CCC1CCCC2CCCC12
C1CCC(CC(CC2CCCCC2)C2CCCCC2)CC1
C1CCC(CCCCCC2CCCC3CCCC23)CC1
C1CCC(CC2CC3CCCCC3C3CCC4CCCCC4C23)CC1
C1CCC2CCC3C4CCCC4CCC3C2CC1
C1CCC(CCCC2CCC3C(CCC3C3CCCCC3)C2)CC1
C1CCC2CC(CCCC3CCC4C3CCC3C5CCCCC5CCCC43)CC2C1
C1CCC2CCC(C3CCCC4CCCC43)CC2CC1
C1CCC(CCCCCC2CC3CCCCC3C2)CC1
C1CCC(CCCC(CC2CC3CCCCC3C2)C2CC2)CC1
C1CCC(CCCCC2CCC3CCC(C4CCCC5CCCC54)CC3C2)CC1
C1CCC(CCC2CCC(C3CCC4C(CC5CCCCC5)CCC4C3)CC2)CC1
C1CCC(CCC2CCC3C(CCC3C3CCCCC3)C2)CC1
C1CCC(CCCC2CC3CCCCC3C2C2CCCCC2)CC1
C1CCC(CCC2CCC3C(CCC4CCC(C5CCCCC5)CCC43)C2)CC1
C(CCCC1CCCCC1)CCCC1CCC(C2CCCCC2)C1
C(CCC1CCCC2CCCCC12)CC1CCC2CCCCC2C1
C1CCC(CCCCC2CC3CCCCC3C2)CC1
C1CCC(CCC2CC3CCCCC3C3CCC4CCCCC4C23)CC1
C1CCC(C2CC3CCCC3C3CCCC4CCCCC4C23)CC1
C1CCC(CC2CC3CCCCC3C3CCC4CCCCC4C23)CC1
C(CCC1CCCC2CCCC12)CC1CC2CCCCC2C1
C1CCC(C2CCC3C(CCCCCC4CCC(C5CCCC5)C4)CCCC23)CC1
C1CCC2C(C1)CCC1C3CCCC3CCC21
C1CCC(CC2CCC3C(CCC3C3CCCCC3)C2)CC1
C1CCC(C2CC3CCCC3C3CCC4CCCCC4C23)CC1
C1CCC(CCCCCC2CCC3CCCCC23)CC1
C1CCC(CC2CC3CCCCC3C3CCC4CCCCC4C23)C1
C1CCC2CC(C3CCCC4CCCC43)CCC2C1
C(CCCCCCC1CCC(CCC2CCC(CCC3CCCC3)C2)C1)CCCCCCC1CCC2C1CCC1C3CCCCC3CCC21
C1CCC(CCCCC2CCC3CCC(C4CCCC5CCCC54)CC3C2)CC1
C1CCC(CC2CCCCC2CC2CC3CCCCC3CC3CCC4CCCCC4C32)CC1
C1CCC2C(C1)CC(C1CCCC3CCCC31)C1CCCC21
C(CCCC1CCCC2C(C3CCCCC3)CCC12)CCC1CCCCC1
C1CCC(CCC2CCC(C3CCC4C(CCC4C4CCCCC4)C3)CC2)CC1
C1CCC(C2CC3CCCC3C3CCCC4CCCCC4C23)CC1
C1CCC(CCCCCC2CCCCC2)CC1
C1CCC(CC2CC3CCCCC3C3CCC4CCCCCC4C23)CC1
C1CCC(C2CC3CCCC3C3CCC4CCCCC4C23)CC1
C1CCC(CCCC2CCC3CCCC3C2)CC1
C1CCC2CCC3C4CCCCC4CC(CC4CCCC5CCCCC54)C3C2CC1
C1CCC(C2CC3CCCCC3C3CCCCC3C2)CC1
C1CCC(CCC2CCC(CCC3CCCCC3)CC2)CC1
C(CCC1CCCC2CCCCC12)CC1CCC2CCCCC2C1
C1CCC(CCCCC2CCC3C2CCC2C4CCCCC4CCC32)CC1
C1CCC(CCCCCC2CC3CCCCC3C2)CC1
C1CCC(CCCCC2CCCC(C3CCC4CC(CCC5CCC6CCCCC6C5)CCC43)C2)CC1
C1CCC2CCC(C3CCCC4CCCC43)CC2CC1
C1CCC(CCCCCC2CCC3CCCCC23)CC1
C1CCC(CCCCCC2CC3CCCCC3C2)CC1
C1CCC2CC(CCCC3CCCC4CCCCC43)CC2C1
C(CCC1CCCC2CCCC12)CC1CC2CCCCC2C1
C1CCC2CC(C3CCCC4CCCC43)CCC2C1
C1CCC2CC(CC3CCCC4CCCC43)CCC2C1
C1CCC(CCCC2CCC3C(CCC4C5CCCC5CC(CCC5CCCCC5)C34)C2)CC1
C(CCC1CCCCC2CCCCC12)CC1CCC2CCCCC2C1
C1CCC(CCCCC2CCC3CCCCC23)CC1
C(CCC1CC2CCCCC2C1)CCC1CCCC2CCCC12
C1CCC2CCC3C4CCCC4CCC3C2CC1
C1CCC2C(C1)CCC1CCCCC12
C1CCC(CCCC2CCC3C(CCC4C5CCCC5CC(CCC5CCCCC5)C34)C2)CC1
C(CCCC1CCC2CCCC2C1)CCCC1CCC(C2CCCCC2)C1
C1CCC(CC2CCCC2CC2CCC3CCCCC3C3CCC4CCCCC4C23)CC1
C1CCC(C2CC3CCCC3C3CCC4CCCCCC4C23)CC1
C(CCCC1CCCC2C(C3CCCCC3)CCC12)CCC1CCCCC1
C1CCC(CCC(CCC2CCCCC2)CCC2CCC3CCCC3C2)CC1
C1CCC(C2CCC3CC4C(CCC45CCCCCC5)CC32)CC1
C1CCC(C2CC3CCCCC3C3CCC4CCCCC4C23)CC1
C1CCC(CCCCC2CC3CCCCC3C2)CC1
C1CCC2C(C1)CCC1CCCCC12
C(CCCCC1CCC(C2CCCCC2)C1)CCCC1CCC2CCCC2C1
C1CCCC(CC2CCCCC2CC2CC3CCCCC3C3CCC4CCCCC4C23)CC1
C1CCC(CCC2CCC3C(CCC3C3CCCCC3)C2)CC1
C1CCC(C2CCC(C3CC4CCCC4C4CCCC5CCCCC5C34)CC2)C1
C1CCC(CCCC2CCCC3CCC(C4CCCC5CCCC54)CC3C2)CC1
C1CCC(CC2CC3CCCCC3C3CCC4CCCCC4C23)CC1
C1CCC(CC2CCC3CC4C(CCC45CCCCC5)CC23)CC1
C1CCC2C(C1)CCC1CCCCC12
C1CCC(CCCCC2CCC3CCCCC23)CC1
C(CCC1CCCC2CCCCC12)CC1CC2CCCCC2C1
C1CCC(CCC2CCC3C(CCCC4CCCCC43)C2)CC1
C1CCC2C(C1)CCC1C2CCC2C3CCCC3CC21
C1CCC(CCCCC2CCC3CCCCC23)CC1
C1CCC2CC(C3CCCC4CCCC43)CCC2C1
C1CCC2CCC3C4CCC(CCCC5CCCC6CCCCC65)C4CCC3C2CC1
C(CCCC1CCCC2CCCC12)CCC1CCC2CCCCC2C1
C(CCCC1CCCC2C(C3CCCCC3)CCC12)CCC1CCCCC1
C1CCC(C2(CCCCC3CCC4CCCCC4C3)CCCC3CCCCC32)CC1
C1CCC(C2CCC3CC4(CCCCCCC4C4CCCCC4)CCC32)CC1
C1CCC(CCCCC2CCC3CCCCC23)CC1
C(CCC1CCC(C2CC3CCCC3C3CCC4CCCCC4C23)CC1)CCC1CCC2C(CCC3C4CCCC4CCC23)C1
C1CCC(CCCCCC2CCCC3C(C4CCCCC4)CCC23)CC1
C1CCC(CCC2CCC3C(CCC4C5CCCC5CCC34)C2)CC1
C(CCCC1CCC2CCCC2C1)CCC1CCCCC1
C1CCC2CCC(C3CCCC4CCCC43)CC2CC1
C1CCC(CCCCC2CCC3CCCCC23)CC1
C1CCC(C2CC3CCCC3C3CCC4CCCCC4C23)CC1
C1CCC(CCC2CCC(C3CC3)CC2)CC1
C1CCC(CCCC2CCC(CCC3CCCCC3)CC2)CC1
C1CCC(CCC2CCC3C(CCC3C3CCCCC3)C2)CC1
C(CCCC1CCCC2CCCCC12)CCC1CCC(C2CCCCC2)C1
C1CCC2C(C1)CCC1C3CCCC3CCC21
C1CCC(C2CC3CCCC3C3CCC4CCCCC4C23)CC1
C1CCC2C(C1)CCC1C3CCCCC3CCC21
C(CCCC1CCCCC1)CCCC1CCC(C2CCCCC2)C1
C1CCC2CCC3C4CCC(CCCC5CC6CCCCC6C5)C4CCC3C2CC1
C1CCC(CC2CCC3CCCCC3C3CCC4CCCCC4C23)C1
C1CCC(CCC2CC3CCCCC3C3CCC4CCCCC4C23)CC1
C1CCC(C2CCC3C(CCC4CCCCC43)C2)CC1
C1CCC2CC(CCCC3CCC4C3CCC3C5CCCCC5CCC43)CC2C1
C1CCC2C(C1)CCC1C3CCCCC3CCC21
C1CCC(CC2CC3CCCCC3C3CCC4CCCCCC4C23)CC1
C1CCC(CCC2CC3CCCCC3C3CCC4CCCCC4C23)CC1
C1CCC(CC2CCCC2CC2CC3CCCCC3C3CCC4CCCCC4C23)CC1
C(CCCC1CCCC2C(C3CCCCC3)CCC12)CCC1CCCCC1
C1CCC(CCCC2CCC3CCCC3C2)CC1
C1CCC(CCCCC2CC3CCCCC3C2)CC1
C1CCC2CCC(C3CCCC4CCCC43)CC2CC1
C1CCC(CCCC2(CCC3CCCC3)CCC3C4CCC5CCCCC5C4CCCC32)C1
C1CCC(CCCCC2CC3CCCCC3C2)CC1
C1CCC(C2CCC3C(CCCC4CCCCC43)C2)CC1
C1CCC(CCC2(CCCC3CCC4CCCCC4C3)CCC3C4CCC5CCCCC5C4CCC32)C1
C1CCC(CCCCC2CCCCC3CCC(C4CCCCC4)CC23)CC1
C(CCC1CCCCC2CCCCC12)CC1CCC2CCCCC2C1
C1CCC(CC2CCC3C(CCC3C3CCCCC3)C2)CC1
C1CCC(CC2CC3CCCCC3C3CCC4CCCCCC4C23)CC1
C1CCC(C2CCC3CCCC3C3CCC4CCCCC4CC23)CC1
C1CCC(C2CCC3CC4C(CCCC45CCCC5)CC32)CC1
C1CCC(C2CC3CCCCC3C3CCC4CCCCC4C23)CC1
C1CCC(CCCCCC2CCCC3C(C4CCCCC4)CCC23)CC1
C(CCCC1CCCC2C(C3CCCCC3)CCC12)CCC1CCCCC1
C1CCC(C2CCC3CC4C(CCC45CCCC5)CC32)CC1
C1CCC(C2CCC3CC4C(CCCC4C4CC(C5CCCCC5)C(C5CCCCC5)C4)CC32)CC1
C1CCC(C2CC3CCCC3C3CCC4CCCCC4C23)CC1
C1CCC(C2CCC3C(CCCC4CCCCC43)C2)CC1
C1CCC(CCCCCC2CCC3CCCCC23)CC1
C(CCCC1CCC2CCCC2C1)CCCC1CCC(C2CCCCC2)C1
C1CCC(C2CCC3CC4C(CCC5C6CCC(CCCC7CC8CCCCC8C7)C6CCC45)CC32)CC1
C1CCC(CCC(CCC2CCC3CCCC3C2)CC2CCCCC2)CC1
C1CCC(C2CCC3CCC4CCCCC4C3CC2)CC1
C1CCC(CCCCC2CCC3CCCCC23)CC1
C1CCC(C2CCC(CCCCCC3CCCC4CCCCC34)C2)CC1
C1CCC(CCCCC2CC3CCCCC3C2)CC1
C1CCC(CCC2CCC3C(CCC3C3CCCCC3)C2)CC1
C1CCC2C(C1)CCC1C3CCCC3CCC21
C1CCC(CCCCC2CC3CCCCC3C2)CC1
C1CCC(C2CCC3C(CCC4CCCCC43)C2)CC1
C1CCC2CC(CC3CCCC4CCCC43)CCC2C1
C1CCC(C2CCC3CC4C(CCC45CCCCCC5)CC32)CC1
C1CCC2C(C1)CCC1CCCCC12
C1CCC2CCC3C4CCCCC4CC(CC4CCCC(C5CCCC5)C4)C3C2CC1
C1CCC2C(C1)CCCC2CCCC1CCCC2CCCCC21
C1CCC(C2CC3CCCC3C3CCC4CCCCC4C23)CC1
C1CCC2CCC3C4CCCC4CCC3C2CC1
C(CCCC1CCCCC1)CCC1CCCCC1
C1CCC2CC(C3CCCC4CCCC43)CCC2C1
C1CCC(CC2CC3CCCCC3C3CCC4CCCCCC4C23)CC1
C1CCC(C2CCC3C(CCCCCC4CCC(C5CCCC5)C4)CCCC23)CC1
C1CCC2CCC(C3CCCC4CCCC43)CC2CC1
C1CCC2C(C1)CCC1C3CCCC3CCC21
C(CCCC1CCCC2CCCCC12)CCC1CCC(C2CCCCC2)C1
C1CCC2C(C1)CCC1C3CCCC3CCC21
C1CCC(C2CC3CCCCC3CC3CCC(CCC4CCCC4)CC32)CC1
C1CCC(CCCCC2CC3CCCCC3C2)CC1
C1CCC2C(C1)CCC1C3CCCCC3CCC21
C1CCC(CC2CCC(CC(CC3CCCCC3)C3CCCCC3)CC2)CC1
C(CCCC1CCCCC1)CCCC1CCC(C2CCCCC2)C1
C1CCC(C2CC3CCCC3C3CCC4CCCCCC4C23)CC1
C1CCC(C2CC3C(CCC34CCCC4)C3CCC4CCCCC4C23)CC1
C(CCC1CCC2C(CCC3C4CCCC4CCC23)C1)CC1CCC(CC2CC3CCCC3C3CCC4CCCCC4C23)CC1
C1CCC(C2(CCCCC3CCC4CCCCC4C3)CCCC3CCCCC32)CC1
C1CCC2CC(C3CCCC4CCCC43)CCC2C1
C1CCC2C(C1)CCC1C3CCCC3CCC21
C1CCC(CCC2CCC3C(CCC3C3CCCCC3)C2)CC1
C1CCC(CCCCC2CC3CCCCC3C2)CC1
C(CCC1CCCC2CCCCC12)CC1CCC2CCCCC2C1
C(CCC1CCCCC2CCCCC12)CC1CCC2CCCCC2C1
C1CCC(CC2CCC3C(CCC3C3CCCCC3)C2)CC1
C1CCC(C2CCC3C(CCCC4CCCCC43)C2)CC1
C1CCC(C2CCC3C(CCC4CCCCC43)C2)CC1
C1CCC(CCCC2CCC3CCC(C4CCCC5CCCC54)CC3C2)CC1
C(CCC1CCCC2CCCC12)CC1CC2CCCCC2C1
C1CCC(CCC2CCC3C(CCC3C3CCCCC3)C2)CC1
C1CCC2C(C1)CCCC1CCCCC12
C1CCC(C2CC3CCCC3C3CCC4CCCCC4C23)CC1
C1CCC(C2CC3C(CCC4CC4)CCCC3C3CCC4CCCCC4C23)CC1
C1CCC(C2CC3CCCC3C3CCC4CCCCCC4C23)CC1
C1CCC(CC2CC3CCCCC3C3CCC4CCCCC4C23)C1
C(CCC1CCCC2CCCC12)CC1CC2CCCCC2C1
C1CCC(C2CCCC3C(CCC4CCCCC43)C2)CC1
C1CCC(C2CCC(CCCCCC3CCCC4CCCCC34)C2)CC1
C1CCC(CCCC2CCCC3CCCCC32)C2CCCCC2C1
C1CCC(CC2CCC3C(CCC3C3CCCCC3)C2)CC1
C1CCC(CCCC2CCC3CCC(C4CCCC5CCCC54)CC3C2)CC1
C1CCC(C2CCC3CC4C(CCCCC45CCCC5)CC32)CC1
C1CCC(C2CC3CCCCC3C3CCCCC23)CC1
C1CCC2CC(C3CCCC4CCCC43)CCC2C1
C1CCC(CCCCC2CCC3CCCCC23)CC1
C1CCC(CCC2CCCCC3CC4C(CCC4C4CCCCC4)CC23)CC1
C1CCC(C2CC3CCCC3C3CCC4CCCCC4C23)CC1
C1CCC(C2CCC3CC4C(CCCC45CCCCC5)CC32)CC1
C1CCC(CCCCC2CC3CCCCC3C2)CC1
C1CCC(CC2CC3CCCCC3C3CCC4CCCCC4C23)CC1
C1CCC2CCC(C3CCCC4CCCC43)CC2CC1
C1CCC(C2CC3CCCC3C3CCC4CCCCC4CC23)CC1
C1CCC(C2CC3CCCCC3C3CCCCC3C2)C1
C1CCC(C2CCCC(CC3CC4CCCCC4C4CCC5CCCCC5C34)C2)C1
C1CCC(C2CCC3(CCCC4CC5C(CCC5C5CCCCC5)CC43)C2)CC1
C1CCC(CCCC2CCCC3CCCCC32)C2CCCCC2C1
C1CCC(CCCCC2CC3CCCCC3C2)CC1
C1CCC2C(C1)CCC1C3CCCC3CCC21
C1CCC(CCCC2CCC3CCC(C4CCCC5CCCC54)CC3CC2)CC1
C1CCC(CCCCC2CCC3CCCCC23)CC1
C1CCC2CCC3C4CCC(CCCC5CC6CCCCC6C5)C4CCC3C2CC1
C1CCC2C(C1)CCC1C3CCCC3CCCC21
C1CCC(C2CCC3CC4C(CCC45CCCC5)CC32)CC1
C1CCC2CCC(C3CCCC4CCCC43)CC2CC1
C1CCC2C(C1)CCC1C3CCCCC3CCC21
C1CCC(CCC2CCC3C(CCC3C3CCCCC3)C2)CC1
C(CCC1CCC2CCCCC2C1)CC1CCCC2CCCCC2C1
C1CCC(CCCC2CCCCC2)CC1
C1CCC2CC(CC3CCCC4CCCC43)CCC2C1
C(CCCC1CCCC2C(C3CCCCC3)CCC12)CCC1CCCCC1
C1CCC(C2CCCC3C(CCC4CCCCC43)C2)CC1
C1CCC2CCC3C4CCCC4CCC3C2CC1
C1CCC(CCC(CCC2CCC3CCCCC3C2)CC2CCCCC2)CC1
C1CCC(C2CC3CCCC3C3CCC4CCCCCC4C23)CC1
C1CCC2C(C1)CCC1C3CCCCC3CCCC21
C1CCC2C(C1)CCC1C3CCCC3CCC21
C1CCC(C2CC3CCCC3C3CCCC4CCCCC4C23)CC1
C1CCC2CC(C3CCCC4CCCC43)CCC2C1
C1CCC(C2CCC3CCCC3C3CCC4CCCCC4C23)CC1
C1CCC2C(C1)CCC1C3CCCC3CCC21
C1CCC2CCC3C4CCCCC4CC(CC4CCCC4)C3C2CC1
C1CCC(C2CCC3CC4C(CCCC5CC5)CCCCC4CC32)CC1
C1CCC(C2CCC3(CCC4CC5C(CCC5C5CCCCC5)CC43)C2)CC1
C1CCC(C2CC3CCCC3C3CCC4CCCCC4C23)CC1
C1CCC(CCCCC2CCC3CCCCC23)CC1
C1CCC(CCCC2CCCC3CC4C(CCC4C4CCCCC4)CC23)CC1
C1CCC2C(C1)CCC1C3CCCC3CCCC21
C1CCC2CCCCC2C(CCCCC2CCCC3CCCCC23)C1
C1CCC(CCC2CCC3C(CCC4CC(C5CCCCC5)CCC43)C2)CC1
C1CCC(CCCCCC2CC3CCCCC3C2)CC1
C1CCC(CC2CC3CCCCC3C3CCC4CCCCC4C23)C1
C(CCC1CCCC2CCCC12)CC1CC2CCCCC2C1
C1CCC(CCCC2CCC3CCCC3C2)CC1
C1CCC(C2CC3CCCC3C3CCC4CCCCCC4C23)CC1
C1CCC2CCC3C4CCCC4CCC3C2CC1
C1CCC(CCCCCC2CC3CCCCC3C2)CC1
C1CCC(C2CCC3CC4C(CCC5C6CCCC(CCCC7CCC8CCCCC8C7)C6CCC45)CC32)CC1
C(CCC1CCCC2CCCC12)CC1CCCC2CCCCC12
C1CCC(CCCCC2CC3CCCCC3C2)CC1
C1CCC(CC2CC3CCCCC3C3CCC4CCCCC4C23)CC1
C1CCC(CCCCC2CCC3CCCCC23)CC1
C1CCC(CCC2CCC(C3CCC4C(CCC4C4CCCCC4)C3)CC2)CC1
C1CCC2CCC3C4CCCC4CCC3C2CC1
C1CCC(CCCC(CC2CC3CCCCC3C2)C2CC2)CC1
C1CCC(CC2CCC3CC4C(CC5CCC6CCCCC65)CCCC4CC23)CC1
C1CCC2C(C1)CCC1CCCCC12
C1CCC2CCC3C4CCCCC4CC(CC4CCCC4)C3C2CC1
C1CCC(CCC2CCC3C(CCC3C3CCCCC3)C2)CC1
C1CC2CCCC2C(CC2CC3CCCCC3C3CCCC23)C1
C1CCC(CCCCCC2CCCCC2)CC1
C1CCC(C2CCC3CCC4C(CCC5C6CCC(CCCC7CC8CCCCC8C7)C6CCC45)CC32)CC1
C1CCC(C2CC3CCCC3C3CCC4CCCCC4C23)CC1
C1CCC(C2CCC3(CCC4CCC5C(CCC5C5CCCCC5)CC43)C2)CC1
C1CCC(CCCCC2CCC3CCC(C4CCCC5CCCC54)CC3C2)CC1
C1CCC(CCCCC2CC3CCCCC3C2)CC1
C1CCC(C2CC3CCCCC3C3CCC4CCCCC4C23)CC1
C1CCC2C(C1)CCC1CCCCC12
C1CCC(C2CCC3CC4C(CCC5C6CCC(CCCCC7CC8CCCCC8C7)C6CCC45)CC32)CC1
C1CCC2CC(CCCC3CCC4C5CCC6CCCCC6C(CCC34)C5)CC2C1
C1CCC(C2CCC3CC4C(CCC32)CCC42CCCC2)CC1
C1CCC2C(C1)CCC1C3CCCC3CCC21
C1CCC2CC(C3CCCC4CCCC43)CCC2C1
C1CCC2CCC3C4CCCC4CC(C4CCC(C5CCCC5)CC4)C3C2CC1
C1CCC(C2CC3CCCC3C3CCC4CCCCC4C23)CC1
C1CCC(C2CCC3CC4C(CCC5C6CCC(CCCC7CC8CCCCC8C7)C6CCC45)CC32)CC1
C(CCC1CCC2CCCCC2C1)CCC1CCCC2CCCCC12
C1CCC(CCCCCC2CC3CCCCC3C2)CC1
C1CCC(C2CCC3CCC4C(CCC45CCCCC5)CC32)CC1
C(CCCC1CCCC2C(C3CCCCC3)CCC12)CCC1CC1
C(CCCC1CCCC2CCCCC12)CCC1CCC(C2CCCCC2)C1
C1CCC(CC2CCC3C(CC4CCCCC4)CCC3C2)CC1
C1CCC(CCCCC2CC3CCCCC3C2)CC1
C1CCC(CCCC2CCC3C2CCC2C4CC5CCC(C6CCCCC6)C5CCC4CCC32)CC1
C1CCC(CCC2CC3CCCC3C3CCCC4CCCCC4C23)CC1
C1CCC(CCC2CCC3C(CCC3C3CCCCC3)C2)CC1
C1CCC(CCC(CCC2CCC3CCCC3C2)CC2CCCCC2)CC1
C1CCC(CCC2CCC3C(CCC4CCCCC43)C2)CC1
C(CCC1CCCC2CCCCC12)CC1CCC2CCCCC2C1
C1CCC(CCC(CCC2CCC3CCCC3C2)CC2CCCCC2)CC1
C1CCC(CCCCCC2CC3CCCCC3C2)CC1
C1CCC(C2CCCC3C(CCC4CCCCC43)C2)CC1
C1CCC2C(C1)CCCC1C3CCCC3CCC21
C1CCC(CCCCC2CC3CCCCC3C2)CC1
C1CCC(CC2CC3CCCCC3C3CCC4CCCCCC4C23)CC1
C1CCC(CCC2CCC3C(CCC4CCCCCC43)C2)CC1
C1CCC(C2CCC3CCCC3C3CCCC4CCCCC4C23)CC1
C1CCC2CCC3CCCCC3C2CC1
C(CCC1CCCC2CCCCC12)CCC1CCCC2CCCCC12
C1CCC(CCCCCC2CCCC3C(C4CCCCC4)CCC23)CC1
C1CCC(CC2CCC(CCCCCC3CCCC4CCCCC34)C2)CC1
C1CCC2CCC(C3CCCC4CCCC43)CC2CC1
C1CCC2CC(C3CCCC4CCCC43)CCC2C1
C1CCC(CCC2(CCCC3CCC4CCCCC4C3)CCC3C4CCC5CCCCC5C4CCCC32)C1
C1CCC(CCCC2CCC3C(CCC3C3CCCC(CCC4CCCC4)C3)C2)CC1
C1CCC2C(C1)CC(C1CCCC3CCCC31)C1CCCCC21
C1CCC2C(C1)CCC1C3CCCCC3CCC21
C1CCC(CCC(CCC2CCCCC2)CCC2CCC3CCCC3C2)CC1
C1CCC(CCC2CCC3C(CCC3C3CCCCC3)C2)CC1
C(CCC1CCCC2CCCCC12)CC1CCC2CCCCC2C1
C1CCC(C2CCCC3C(CCC4CCCCC43)C2)C1
C1CCC(CCCCC2CC3CCCCC3C2)CC1
C1CCC(C2CCC3CC4C(CCCC5C6CCCC6CCC45)CC32)CC1
C(CCC1(C2CCCC2)CCCCC2CCCCC21)CC1CCC2CCCCC2C1
C1CCC(CC2CC3CCCCC3C3CCC4CCCCC4C23)CC1
C1CCC(CCCC2CCC3C(CCC4CC(C5CCCCC5)CCC43)C2)CC1
C1CCC2CC(C3CCCC4CCCC43)CCC2C1
C1CCC(C2CCC3CC4C(CCC5C6CCC(CCCC7CC8CCCCC8C7)C6CCC45)CC32)CC1
C1CCC(C2CC3CCCC3C3CCC4CCCCC4CC23)CC1
C1CCC(CC2CCC(C3CC4CCCC4C4CCC5CCCCCC5C34)CC2)CC1
C1CCC(CC2CCC3CCCCC3C3CCC4CCCCC4C23)CC1
C1CCC(CCC(CCCC2CCC3CCCC3C2)CC2CCCCC2)CC1
C1CCC(CCC(CC2CCC(CC3CCCCC3)CC2)C2CCCCC2)CC1
C1CCC2CC(C3CCCC4CCCC43)CCC2C1
C1CCC(C2CC3CCCC3C3CCC4CCCCC4C23)CC1
C1CCC(C2CCC3CC4C(CCC5C6CCC(CCCC7CC8CCCCC8C7)C6CCCC45)CC32)CC1
C1CCC2CC(CCCC3CCC4C3CCCC3C5CCCCC5CCC34)CC2C1
C1CCC(CCCCCC2CC3CCCCC3C2)CC1
C1CCC(CCCCC2CCC3CCCCC23)CC1
C1CCC(C2CC3CCCC3C3CCC4CCCCC4C23)CC1
C1CCC(C2CCC3CC4C5CCC6C(CCCC7CCC8CCCCC8C7)CCC6C(CCC4CC32)C5)CC1
C1CCC2C(C1)CCC1C3CCCC3CCC21
C1CCCC(C2CC3CCCC3C3CCC4CCCCC4C23)CC1
C1CCC(CCC2CCC(CCC3CCCC(CC4CCCC4)C3)CC2)CC1
C(CCCC1CCCC2C(C3CCCCC3)CCC12)CCC1CCCCC1
C(CCCCC1CCC(C2CCCCC2)C1)CCCC1CCCCC1
C1CCC(CCC2CCC3C(CCC4CCC(C5CCCCC5)CCC43)C2)CC1
C1CCC(C2CC3CCCC3C3CCC4CCCCC4C23)CC1
C1CCC(C2CC3CCCC3C3CCC4CCCCCC4C23)CC1
C1CCC(C2CCC3CCCC3C3CCC4CCCCC4CC23)CC1
C1CCC2C(C1)CCC1CCCCC12
C1CCC(CCCCC2CC3CCCCC3C2)CC1
C1CCC(CC2CCC3CC4C(CCC5C6CCCC6CCC45)CC23)CC1
C1CCC2C(C1)CCC1C3CCCC3CCC21
C1CCC(CCCCCC2CCCC3C(C4CCCCC4)CCC23)CC1
C1CCC(C2CCC3CCCC3C3CCC4CCCCC4C23)CC1
C1CCC(C2CC3CCCC3C3CCC4CCCCC4C23)CC1
C(CCCC1CCCC2C(C3CCCCC3)CCC12)CCC1CCCCC1
C1CCC(CCC2CCC(CCC3CCCC(CC4CCCC4)C3)CC2)CC1
C1CCC(CCCCC2CCC3CCCCC23)CC1
C1CCC(CC2CC3CCCCC3C3CCC4CCCCCC4C23)CC1
C1CCC(CCCCCC2CC3CCCCC3C2)CC1
C(CCCC1CCCCC1)CCCC1CCC(C2CCCCC2)C1
C1CCC(C2CCC3CC4C(CCC5C6CCCC6CCC45)CC32)CC1
C1CCC(CCC2CCC3C(CCC3C3CCCCC3)C2)CC1
C1CCC2C(C1)CCC1C3CCCC3CCC21
C1CCC(CCC2CCC3C(CCC3C3CCCCC3)C2)CC1
C1CCC(CCCCCC2CC3CCCCC3C2)CC1
C1CCC(C2CC3CCCC3C3CCC4CCCCCC4C23)CC1
C1CCC(C2CC3CCCC3C3CCC4CCCCC4C23)CC1
C1CCC(C2CC3CCCC3C3CCCC4CCCCC4C23)CC1
C1CCC(C2CC3CCCC3C3CCC4CCCCCC4C23)CC1
C1CCC2C(C1)CC(C1CCCC3CCCC31)C1CCCC21
C1CCC(C2CCCC3C(CCC4CCCCC43)C2)CC1
C1CCC(CCC2CCC(CCC3CCCC(CC4CCCC4)C3)CC2)CC1
C1CCC2C(C1)CCC1C3CCCC3CCC21
C1CCC(CCC2CCC3C(CCC3C3CCCCC3)C2)CC1
C1CCC(CCCCC2CC3CCCCC3C2)CC1
C1CCC(C2CCC3C(CCCCCC4CCC(CC5CCCC5)C4)CCCC23)CC1
C(CCCCC1CCC(C2CCCCC2)C1)CCCC1CCCCC1
C1CCC(CC(CC2CCCCC2)C2CCCCC2)CC1
C1CCC2CC(CC3CCCC4CCCC43)CCC2C1
C1CCC2CCC3C4CCCC4CCC3C2CC1
C1CCC(CCC(CC2CCC3C(CC4CCCCC4)CCC3C2)C2CCCCC2)CC1
C1CCC(C2CCCC3C(CCC4CCCCC43)C2)CC1
C(CCC1CCC2CCCCC2C1)CCC1CCCC2CCCCC12
C1CCC(CC2CC3CCCCC3C3CCC4CCCCCC4C23)CC1
C(CCC1CCC2CCCCC2C1)CC1CCCC2CCCCC2C1
C1CCC(C2CCC3C(CCC4CCCCC43)C2)CC1
C1CCC(CC2CC3CCCCC3C3CCC4CCCCCC4C23)CC1
C1CCC(CCCCCC2CCC3CCCCC3C2)CC1
C1CCC(CCCCC2CC3CCCCC3C2)CC1
C1CCC(CC2CC3CCCCC3C3CCC4CCCCC4C23)CC1
C1CCC(C2CC3CCCC3C3CCC4CCCCC4C23)CC1
C1CCC(CCCCCC2CCCC3C(CC4CCCCC4)CCC23)CC1
C1CCC(CCCC(CCC2CCCCC2)CCC2CCC3CCCC3C2)CC1
C1CCC2C(C1)CCC1C3CCCC3CCCC21
C1CCC(CCCCC2CC3CCCCC3C2)CC1
C1CCC2CC(C3CCCC4CCCC43)CCC2C1
C1CCC(C2CCC3CC4C(CCCC5C6CCC(CCCC7CCC8CCCCC8C7)C6CCC45)CC32)CC1
C1CCC2CC(C3CCCC4CCCC43)CCC2C1
C1CCC(C2CC3CCCC3C3CCCC4CCCCC4C23)CC1
C1CCC(C2CC3CCCC3C3CCC4CCCCC4C23)CC1
C1CCC2CC(CCCC3CCC4C3CCC3C5CCCCC5CCC43)CCC2C1
C1CCC(C2CC3CCCC3C3CCCC4CCCCC4C23)CC1
C1CCC2CC(CCCC3CCC4C3CCC3C5CCCCC5CCC43)CC2C1
C1CCC(CCCCC2CCC3CCCCC23)CC1
C1CCC(CCCCC2CC3CCCCC3C2)CC1
C1CCC(CC2CC3CCCCC3CC3CCC4CCCCC4C32)C1
C1CCC(C2CCC3CC4C(CCC5C6CCC(CCCC7CCC8CCCCC8C7)C6CCC45)CC32)CC1
C1CCC(CCC2CCC3C(CCC4C5CCCC5CC(CCC5CCCCC5)C34)C2)CC1
C1CCC(CCCC2CCC3C2CCC2C4CC5CCC(C6CCCCC6)C5CC4CCC32)CC1
C1CCC(CCCCCC2CCCC3C(C4CCCCC4)CCC23)CC1
C1CCC2C(C1)CC(C1CCCC1)C1CCCCC21
C1CCC(C2CCC3CC4C(CCC32)CCC42CCCC2)CC1
C1CCC(CC2CCC(CC(CC3CCCCC3)C3CCCCC3)CC2)CC1
C1CCC(CCCCC2CC3CCCCC3C2)CC1
C1CCC2CCC(C3CCCC4CCCC43)CC2CC1
C1CCC(CCC2CCC3C(CCCC4CCCCC43)C2)CC1
C1CCC(CCCC2CCC3C(CCC3C3CCCCC3)C2)CC1
C1CCC(CCC2CCC(CCCC3CCCC(CC4CCCC4)C3)CC2)CC1
C1CCC(CCCCC2CC3CCCCC3C2)CC1
C1CCC(C2CCC3CCCC3C3CCC4CCCCC4C23)CC1
C1CCC2CC(C3CCCC4CCCC43)CCC2C1
C1CCC2CC(C3CCCC4CCCC43)CCC2C1
C1CCC(CCCCC2CCC3CCCCC23)CC1
C1CCC(CC2CC3CCCCC3C3CCC4CCCCC4C23)CC1
C1CCC(CCCCCC2CCCC3C(C4CCCCC4)CCC23)CC1
C1CCC(CCC2CCC3C(CCCC4CC(C5CCCCC5)CCC43)C2)CC1
C1CCC(CCC2CCC(CCC3CCCCC3)CC2)CC1
C1CCC2CC(CC3CCCC4CCCC43)CCC2C1
C(CCC1CCCC2CCCC12)CC1CC2CCCCC2C1
C1CCC(CCC(CCC2CCC3CCCCC3C2)CC2CCCCC2)CC1
C1CCC2CC(CCCC3CCCC4C3CCC3C5CCCCC5CCC43)CC2C1
C1CCC(CCCCC2CCC3CCCCC23)CC1
C(CCCCC1CCC(C2CCCCC2)C1)CCCC1CCCCC1
C1CCC2CCC3C4CCC(CCCC5CC6CCCCC6C5)C4CCC3C2CC1
C1CCC2CC(CCCC3CCC4C3CCC3C5CCCCC5CCC43)CC2C1
C1CCC(C2CCC3CC4C(CCCCC45CCCCC5)CC32)CC1
C1CCC(C2CCC3CCC4C(CCC5C6CCC(CCCC7CC8CCCCC8C7)C6CCC45)CC32)CC1
C1CCC(CCC(CCC2CCC3CCCCC3C2)CC2CCCCC2)CC1
C1CCC(C2CCC3CC4C(CCC5C6CCC(CCCC7CC8CCCCC8C7)C6CCC45)CC32)CC1
C1CCC(C2CC3CCCCC3C3CCC4CCCCC4C23)CC1
C1CCC(CC2CCC3CCCCC3C3CCC4CCCCC4C23)CC1
C1CCC(C2CCC3CC4C(CCC32)CCC42CCCC2)CC1
C1CCC(C2CC3CCCC3C3CCC4CCCCC4C23)CC1
C1CCC(CCC2CCC3C(CCC3C3CCCCC3)C2)CC1
C1CCC(C2CCC3CC4C(CC5CCC6CCCCC65)CCCC4CC32)CC1
C1CCC(CCCCCC2CC3CCCCC3C2)CC1
C1CCC(CCC(CC2CCCCC2)C2CCCCC2)CC1
C1CCC2CC(C3CCCC4CCCC43)CCC2C1
C1CCC2CCC(C3CCCC4CCCC43)CC2CC1
C1CCC(C2CCC3C(CCCCCC4CCC4)CCCC23)CC1
C1CCC(CCC(CC2CCC(CC3CCCCC3)CC2)C2CCCCC2)CC1
C1CCC(CC2CCC(C3CC4CCCC4C4CCC5CCCCCC5C34)CC2)CC1
C1CCC(C2CC3CCCC3C3CCC4CCCCC4C23)CC1
C(CCCC1CCCC2CCCCC12)CCC1CCC(C2CCCCC2)C1
C1CCC(C2CCC3CC4C(CCCC45CCCCC5)CC32)CC1
C1CCC(C2CC3CCCC3C3CCCC4CCCCC4C23)CC1
C1CCC(CCC2CCC3C(CCC3C3CCCCC3)C2)CC1
C1CCC(CCCCCC2CC3CCCCC3C2)CC1
C1CCC2CC(CCCC3CCCC4CCCCC43)CC2C1
C1CCC(C2CCC3CC4C(CCCC5C6CCC(CCCC7CC8CCCCC8C7)C6CCC45)CC32)CC1
C1CCC(C2CCC3C(CCC4CCCCC43)C2)CC1
C1CCC(CCC2CCC3C(CCC3C3CCCCC3)C2)CC1
C1CCC(CCC(CCC2CCC3CCCC3C2)CC2CCCCCC2)CC1
C(CC1CCC2CCCC2C1)CC1CCCC2CCC(C3CCCC4CCCC43)CC2C1
C1CCC2CCC3CCCCC3C2CC1
C1CCC(CCC2CC3CCCCC3C3CCC4CCCCC4C23)CC1
C(CCCC1CCCC2C(C3CCCCC3)CCC12)CCC1CCCCC1
C1CCC(CCC2CCC(CCC3CCCC(CC4CCCCC4)C3)CC2)CC1
C1CCC(C2CCC3CC4C(CCC32)CCC42CCCC2)CC1
C1CCC(C2CC3CCCC3C3CCC4CCCCC4C23)CC1
C1CCC(C2CCC(CCCCCC3(C4CCCCC4)CCC3)C2)CC1
C1CCC(C2CCC(CCCCCC3CCCC4CCCCC34)C2)CC1
C1CCC(CC2CC3CCCCC3C3CCC4CCCCCC4C23)CC1
C1CCC2CC3CCCCC3CCC2C1
C1CCC(CCC2CCCC3CC4C(CCC4C4CCCCC4)CC23)CC1
C1CCC(CCCCCC2CCCC3C(C4CCCCC4)CCC23)CC1
C1CCC(CCCCC2CCC3CCC(C4CCCC5CCCC54)CC3C2)CC1
C1CCC(CCCCCC2CCCCC2)CC1
C1CCC2CC(CCCC3CCC4C3CCC3C5CCCCC5CCC43)CC2C1
C1CCC(CCCCC2CC3CCCCC3C2)CC1
C1CCC2CC(C3CCCC4CCCC43)CCC2C1
C1CCC2CCC3CCCCC3C2CC1
C1CCC(C2CCC3CCC4C(CCC5C6CCC(CCCC7CCC8CCCCC8C7)C6CCC45)CC32)CC1
C1CCC(CCCCCC2CCC3CCCCC23)CC1
C1CCC2C(C1)CCC1C2CCC2C3CCCC3CC21
C(CCC1CC2CCCCC2C1)CCC1CCCC2CCCC12
C(CCC1CCCC2CCCCC12)CC1CC2CCCCC2C1
C1CCC2CCC(C3CCCC4CCCC43)CC2CC1
C1CCC(CCCC2CCCC3C2CCC2C4CC5CCC(C6CCCCC6)C5CC4CCC32)CC1
C1CCC(CC2CC3CCCCC3C3CCC4CCCCC4C3C2)CC1
C1CCC(CCCC2CCCC(C3CCC4CC(CCC5CCC6CCCCC6C5)CCC43)C2)CC1
C1CCC(CCCCC2CC3CCCCC3C2)CC1
C1CCC(CCCCCC2CCCC3C(CC4CCCCC4)CCC23)CC1
C1CCC2CCC(C3CCCC4CCCC43)CC2CC1
C1CCC(C2CCC(CCCC3CCC4C3CCCC3C5CCCCC5CCC34)C2)CC1
C1CCC(CCC2CCCC3CCC(CC4CCCC5CCCC54)CC23)CC1
C1CCC2C(C1)CCC1CCCCC12
C(CCCC1CCCC2CCCCC12)CCC1CCC(C2CCCC2)C1
C1CCC(CC2CCC3C(CCC4CCCCC43)C2)CC1
C1CCC2CCC3C4CCCCC4CCC3C2CC1
C1CCC(C2CCC(CCCCCC3(C4CCCCC4)CCC3)C2)CC1
C1CCC2C(C1)CCC1C3CCCC3CCC21
C1CCC(C2CCCC3(CCC4CC5C(CCC5C5CCCCC5)CC43)C2)CC1
C1CCC2CC(C3CCCC4CCCC43)CCC2C1
C1CCC(CCCCCC2CC3CCCCC3C2)CC1
C1CCC(C2CC3CCCC3C3CCC4CCCCC4CC23)CC1
C1CCC(CCCCC2CCC3CCCC3C2)CC1
C(CCCC1CCCC2C(C3CCCCC3)CCC12)CCC1CC1
C1CCC2CCC3C4CCC(CCCC5CC6CCCCC6C5)C4CCC3C2CC1
C1CCC(CCCC2CCCC3CCC(C4CCCC5CCCC54)CC3C2)CC1
C1CCC(C2CC3CCCC3C3CCC4CCCCC4C23)CC1
C1CCC(C2CCC3CCC4(CCCCC4)C3C2)CC1
C1CCC(C2CCC3CCCC3C3CCC4CCCCCC4C23)CC1
C(CCC1CCC2C1CCC1C3CCCCC3CCC21)CC1CC2CCCCC2C1
C1CCC(CC2CC3CCCC3C3CCC4CCCCC4C23)CC1
C1CCC(CCCCCC2CC3CCCCC3C2)CC1
C1CCC(CCCC2CCC3C(CCC4C5CCCC5CCC34)C2)CC1
C(CCCC1CCCC2C(C3CCCCC3)CCC12)CCC1CCCCC1
C1CCC(CCC2CCC(CC3CC3)CC2)CC1
C1CCC(C2CC3CC(CCC3CCC3CC3)C3CCC4CCCCC4C32)CC1
C(CCCC1CCCC2C(C3CCCCC3)CCC12)CCC1CCCCC1
C1CCC(CCCCC2CC3CCCCC3C2)CC1
C1CCC2CCC3C4CCCC4CCC3C2CC1
C1CCC(CCCCC2CC3CCCCC3C2)CC1
C1CCC(CC2CCC3C(CCC3C3CCCCC3)C2)CC1
C1CCC(CCCCCC2CCC3C(CCC3C3CCCCC3)C2)CC1
C1CCC2CC(C3CCCC4CCCC43)CCC2C1
C1CCC(C2CCC3C(CCC4CCCCC43)C2)CC1
C1CCC(CCCCCC2CCC3CCCC3C2)CC1
C1CCC(CCCCCC2CCCC3C(C4CCCCC4)CCC23)CC1
C(CCC1CCCC2CCCCC12)CC1CCC2CCCCC2C1
C1CCC2CCC3C4CCCCC4CC(CC4CCCC4)C3C2CC1
C1CCC(CCC2CCC(CCC3CCCC(CC4CCCCC4)C3)CC2)CC1
C1CCC2C(C1)CCCC1C2CCC2C3CCCC3CC21
C1CCC2CCC3CCCCC3C2CC1
C1CCC2C(C1)CCC1C3CCCC3CCC21
C1CCC2CCC3C(CCC4C3CCC4(CCCC3CC4CCCCC4C3)CCC3CCCC3)C2CC1
C1CCC(CCCCC2CCC3CCC(C4CCCC5CCCC54)CC3C2)CC1
C1CCC(C2CC3CCCC3C3CCC4CCCCC4C23)CC1
C1CCC(C2CCC3CC4C(CCCC45CCCC5)CCC32)CC1
C1CCC(C2CCC3(CCC4CC5C(CCC5C5CCCCC5)CC43)C2)CC1
C1CCC(CCC(CCC2CCC3CCCC3C2)CC2CCCCC2)CC1
C1CCC2CCC(C3CCCC4CCCC43)CC2CC1
C1CCC(C2CCC3CC4C(CCCC5C6CCC(CCCC7CC8CCCCC8C7)C6CCC45)CC32)CC1
C1CCC(CC2CCC(CCC(CC3CCCCC3)C3CCCCC3)CC2)CC1
C1CCC2CC(C3CCCC4CCCC43)CCC2C1
C(CCC1CCCC2CCCCC12)CC1CCC2CCCCC2C1
C1CCC(CCC2CCCC3CC4C(CCC23)CCC4C2CCCCC2)CC1
C1CCC2C(C1)CCC1C3CCCCC3CCC21
C1CCC(CCCCCC2CCCC3C(C4CCCCC4)CCC23)CC1
C(CCCC1CCCC2C(C3CCCCC3)CCC12)CCC1CCCCC1
C1CCC2C(C1)CCC1C3CCCC3CCC21
C1CCC(CCCCCC2CCCC3C(C4CCCCC4)CCC23)CC1
C1CCC(CCCCC2CCC3CCC(C4CCCC5CCCC54)CC3C2)CC1
C1CCC(CCCCC2CC3CCCCC3C2)CC1
C1CCC(CCCC2CCCC3CCC(C4CCCC5CCCC54)CC23)CC1
C1CCC2CCC3C4CCCC4CCC3C2CC1
C1CCC2C(C1)CCC1C3CCCCC3CCC21
C1CCC(C2CC3CCCC3C3CCC4CCCCC4C23)CC1
C1CCC(CCC2CCCCC2)CC1
C1CCC(CC2CCC3C(CCC3C3CCCCC3)C2)CC1
C1CCC(C2CCCC3(CCC4CC5C(CCC5C5CCCCC5)CC43)C2)CC1
C1CCC(CCCCC2CC3CCCCC3C2)CC1
C(CCCC1CCCC2C(C3CCCCC3)CCC12)CCC1CCCCC1
C1CCC2CCC3C4CCC(CCCC5CCC6CCCCC6C5)C4CCC3C2CC1
C1CCC2CC(CC3CCCC4CCCC43)CCC2C1
C1CCC(C2CC3CCCC3C3CCCC4CCCCC4C23)CC1
C1CCC(CCCCCC2CCC3CCCCC23)CC1
C1CCC(CCCCCC2CC3CCCCC3C2)CC1
C1CCC(CCCCC2CC3CCCCC3C2)CC1
C1CCC(CCCCC2CC3CCCCC3C2)CC1
C1CCC(CC2CCC3C(CCC3C3CCCCC3)C2)CC1
C1CCC(C2CC3CCCC3C3CCC4CCCCC4C23)CC1
C1CCC(C2CC3CCCC3C3CCC4CCCCC4C23)CC1
C1CCC(C2CC3CCCCC3C3CCCCC23)CC1
C1CCC(C2CCC3CC4C(CCC5C6CCC(CCCC7CC8CCCCC8C7)C6CCC45)CC32)CC1
C1CCC(CCCCC2C3CCCCC3CCC2C2CCCC3CCCC32)CC1
C1CCC2CC3CCC4CCCC4C3CCC2C1
C1CCC2CC(CCCC3CCC4C3CCC3C5CCCCC5CCC43)CC2C1
C1CCC2C(C1)CCCC1C2CCC2C3CCCC3CC21
C1CCC(CCCCC2CC3CCCCC3C2)CC1
C1CCC(C2CC3CCCC3C3CCC4CCCCCC4C23)CC1
C1CCC(CCCCCC2CC3CCCCC3C2)CC1
C1CCC(C2CC3CCCC3C3CCC4CCCCC4C23)CC1
C1CCC(C2CCC3CC4C(CC5CCC6CCCCC65)CCCC4CC32)CC1
C1CCC(CCCCCC2CCCCC2)CC1
C1CCC(C2CCC3CCC4CCCCC4C3CC2)CC1
C1CCC2CCC3C4CCCCC4CC(CC4CCCC4)C3C2CC1
C1CCC2C(C1)CCC1C2CCC2C3CCCCC3CC21
C(CCCC1CCCCC1)CCCC1CCC(C2CCCCC2)C1
C1CCC(CCCCC2CCC3CCCCC23)CC1
C1CCC(C2CCC3CCC4C(CCCC45CCCC5)CC32)CC1
C1CCC(CC2CCC3CCCCC3C3CCC4CCCCC4C23)CC1
C(CCC1CCC2CCCCC2C1)CCC1CCCC2CCCCC12
C1CCC(CCCCC2CCC3CCC(C4CCCC5CCCC54)CC3C2)CC1
C(CCC1CCCC2CCCC12)CC1CC2CCCCC2C1
C1CCC(CCCC2CCC3CCC(C4CCCC5CCCC54)CC3C2)CC1
C1CCC(CCCCCC2CCCC3C(C4CCCCC4)CCC23)CC1
C1CCC2CCC(C3CCCC4CCCC43)CC2CC1
C1CCC2CCC3C4CCC(CCCC5CC6CCCCC6C5)C4CCC3C2CC1
C1CCC(CCC(CCC2CCC3CCCC3C2)CC2CCCCC2)CC1
C1CCC(CC2CCC3CC4(CCCCC4C4CCCCC4)CCC23)CC1
C1CCC(CCCC2CCC3CCC(C4CCCC5CCCC54)CC3C2)CC1
C1CCC(CC2CC3CCCCC3C3CCC4CCCCC4C23)C1
C1CCC(C2CCC(CCCCCC3CCCC4C(C5CCCCC5)CCC34)C2)CC1
C1CCC(CCCCC2C3CCCCCC3CCC2C2CCCC3CCCC32)CC1
C1CCC(CCCC2CCCC3CCC(C4CCCC5CCCC54)CC3C2)CC1
C1CCC(C2CCC(CCCCCC3CCCC4C(C5CCCCC5)CCC34)C2)CC1
C(CCCC1CCCCC1)CCCC1CCC(C2CCCCC2)C1
C1CCC2CC(C3CCCC4CCCC43)CCC2C1
C1CCC2CCC(C3CCCC4CCCC43)CC2CC1
C(CCC1CCCC2CCCCC12)CCC1CCCC2CCCCC12
C1CCC(CCC2CCC3C(CCC3C3CCCCC3)C2)CC1
C1CCC(CCCCC2CC3CCCCC3C2)CC1
C1CCC(CCCCCC2CCC3CCCCC23)CC1
C1CCC(CCCCCC2CCCC3CCCC23)CC1
C1CCC(CCCC2CCC3C2CCC(C2CCCCC2)C2C4CCCCC4CCC32)CC1
C1CCC(CCC2CCC3C(CCC3C3CCCCC3)C2)CC1
C1CCC2CC(CC3CCCC4CCCC43)CCC2C1
C1CCC(CCC2CCC(C3CCCC4C(C5CCCCC5)CCC34)C2)CC1
C1CCC(CCCC2CCC(C3CC3)CC2)CC1
C1CCC(CCCCC2CC3CCCCC3C2)CC1
C1CCC(CCCCCC2CC3CCCCC3C2)CC1
C(CCC1CCCC2CCCCC12)CC1CC2CCCCC2C1
C1CCC2C(C1)CCCC2CCCC1CCC2C1CCCC1C3CCCCC3CCC12
C1CCC(CCC(CCC2CCCCC2)CCC2CCC3CCCCC3C2)CC1
C1CCC(CC2CCC3CC4C(CC5CCC6CCCCC65)CCCC4CC23)CC1
C1CCC(C2CC3CCCC3C3CCC4CCCCC4C3C2)CC1
C1CCC(CCC2CCC3C(CCC3C3CCCC(CCC4CCCC4)C3)C2)CC1
C1CCC(CCCCC2CCC3CCCCC23)CC1
C1CCC(C2CCC3CC4C(CCCC5C6CCC(CCCC7CCC8CCCCC8C7)C6CCC45)CC32)CC1
C1CCC(CC2CCC3C(CCC3C3CCCCC3)C2)CC1
C1CCC2CC(C3CCCC4CCCC43)CCC2C1
C1CCC2CCC3C4CCC(CCCC5CCC6CCCCC6C5)C4CCC3C2CC1
C(CCC1CCCCC2CCCCC12)CC1CCC2CCCCC2C1
C1CCC(C2CCC3CC4C(CCCC5C6CCC(CCCC7CCC8CCCCC8C7)C6CCC45)CC32)CC1
C1CCC(CC2CC3CCCCC3CC3CCC4CCCCC4C32)CC1
C1CCC(CCC2CCC(CCCC3CCCC(CC4CCCC4)C3)CC2)CC1
C1CCC(C2CC3CCCCC3C3CCC(CCC4CCCC4)CC23)CC1
C1CCC(C2CCC3CC4(CCCCCCC4C4CCCCC4)CCC32)CC1
C1CCC(C2CCC3C(CCCC4CCCCC43)C2)CC1
C(CCC1CCCC2CCCCC12)CC1CCC2CCCCC2C1
C1CCC(CC2CCCC(CCC3CCC(CCC4CCC(C5CC5)CC4)CC3)C2)CC1
C1CCC(C2CC3C(CCC34CCCC4)C3CCC4CCCCC4CC23)CC1
C1CCC2CC(C3CCCC4CCCC43)CCC2C1
C1CCC2C(C1)CCC1C3CCCCC3CCCC21
C1CCC2CCC3C4CCC(CCCC5CC6CCCCC6C5)C4CCC3C2CC1
C1CCC(CC2CC3CCCCC3C3CCC4CCCCCC4C23)CC1
C1CCC(C2CCC3CCC4(CCCCC4C4CCCCC4)CCC32)CC1
C1CCC2CC(C3CCCC4CCCC43)CCC2C1
C1CCC(CCC2CCC3C(CCC3C3CCCC3)C2)CC1
C1CCC(CC2CCC(CC(CC3CCCCC3)C3CCCCC3)CC2)CC1
C1CCC(CC2CC3CCCCC3CC3CCC4CCCCC4C32)CC1
C1CC2CCC3C(CCC4CCCCC43)CC2C1
C1CCC(CC2CCC3C(CCC3C3CCCCC3)C2)CC1
C1CCC2C(C1)CCC1C3CCCC3CCCC21
C1CCC(CCCCC2CC3CCCCC3C2)CC1
C1CCC(CCC2CCC3C(CCC3C3CCCCC3)C2)CC1
C1CCC(CCC2CCC3C(CCC3C3CCCCC3)C2)CC1
C1CCC(CC2CC3CCCCC3C3CCC4CCCCC4C23)C1
C(CCCC1CCCCC1)CCCC1CCC(C2CCCCC2)C1
C1CCC(CCC2CCC3C(CCC4C5CCCC5CC(CCC5CCCCC5)C34)C2)CC1
C1CCC(CCCCCC2CC3CCCCC3C2)CC1
C1CCC(CCCCCC2CCC3CCCCC3C2)CC1
C1CCC(CCCCC2CC3CCCCC3C2)CC1
C(CCC1CCCC2CCCCC12)CC1CCC2CCCCC2C1
C1CCC(CCC2CCC3C(CCC3C3CCCC(CCC4CCCCC4)C3)C2)CC1
C1CCC(C2CC3CCCC3C3CCC4CCCCC4C23)CC1
C1CCC(C2CCC3CCCC3C3CCC4CCCCC4C23)CC1
C1CCC(CCC2CCCC3CC4C(CCC4C4CCCCC4)CC23)CC1
C1CCC2C(C1)CCC1C3CCCC3CCC21
C1CCC(CCC2CCC3C(CCC3C3CCCCC3)C2)CC1
C1CCC(C2CCC3CC4C(CCC5C6CCCC6CCCC45)CC32)CC1
C1CCC(CCC2CCCCC2)CC1
C1CCC2CC(C3CCCC4CCCC43)CCC2C1
C1CCC(CCC2(CCCC3CC4CCCCC4C3)CCC3C4CCC5CCCCC5C4CCC32)C1
C1CCC(C2CC3CCCC3C3CCC4CCCCC4C23)CC1
C1CCC(C2CCC(CCCCCC3(C4CCCC4)CCCC4CCCCC43)C2)CC1
C1CCC(CCCC23CCCC2CCC2C4CCC5CCCCC5C4CCC23)C1
C1CCC(CCCCCC2CC3CCCCC3C2)CC1
C1CCC(C2CC3CCCC3C3CCC4CCCCC4CC23)CC1
C1CCC(C2CC3CCCC3C3CCC4CCCCC4C23)CC1
C1CCC2C(C1)CCC1C3CCCC3CCC21
C1CCC(C2CCC3C(CCCCCC4CCC(C5CCCC5)C4)CCCC23)CC1
C1CCC(CC2CC3CCCCC3CC3CCC4CCCCC4C32)C1
C1CCC(C2CCC3CC4C(CCC32)CCC42CCCCC2)CC1
C1CCC(CCCCC2CC3CCCCC3C2)CC1
C1CCC(CCC(CCC2CCC3CCCC3C2)CC2CCCCC2)CC1
C(CCCC1CCCC2CCCCC12)CCC1CCCC1
C1CCC(CCCC2CCCCC3CCC(C4CCCC5CCCC54)CC23)CC1
C1CCC(CCCCCC2CC3CCCCC3C2)CC1
C(CCC1CCCC2CCCC12)CC1CC2CCCCC2C1
C(CCC1CCCCC2CCCCC12)CC1CCC2CCCCC2C1
C1CCC(CCCCC2CCC3CCCCC23)CC1
C1CCC(C2CCC3CCCC3C3CCC4CCCCC4C23)CC1
C1CCC(CCC2CCCC3CC4C(CCC4C4CCCCC4)CC23)CC1
C(CCC1CCC2C(CCC3C4CCCC4CCC23)C1)CC1CCC(C2CC3CCCC3C3CCC4CCCCC4C23)CC1
C1CCC(C2CC3CCCC3C3CCC4CCCCC4C23)CC1
C1CCC2C(C1)CCCC1CCCCC12
C(CCC1CCCC2CCCCC12)CC1CCCC2CCCCC12
C1CCC2C(C1)CCC1CCCCC12
C(CCCC1CCCC2C(C3CCCCC3)CCC12)CCC1CCC(C2CCCC2)C1
C(CCC1CCCC2CCCC12)CC1CC2CCCCC2C1
C1CCC(C2CC3CCCC3C3CCC4CCCCCC4C23)CC1
C1CCC(CCC2CCC3C(CCC3C3CCCC(CCC4CCCC4)C3)C2)CC1
C1CCC(C2CCC3CC4C(CCCC5C6CCC(CCCC7CCC8CCCCC8C7)C6CCC45)CC32)CC1
C1CCC2C(C1)CCC1C3CCCC3CCC21
C1CCC(C2CCC3CC4C(CCCC45CCCCC5)CC32)CC1
C1CCC(CC2CCC(CC(CC3CCCCC3)C3CCCCC3)CC2)CC1
C1CCC(C2CC3CCCC3C3CCC4CCCCCC4C23)CC1
C1CCC(CCCCC2CCC3CCCCC23)CC1
C1CCC(CCCCCC2CCCC3C(C4CCCCC4)CCC23)CC1
C1CCC(CCC2CCC3C2CCC(C2CCCCC2)C2C4CCCCCC4CCC32)CC1
C1CCC(C2CC3CCCC3C3CCC4CCCCCC4C23)CC1
C1CCC(CCCC2CCCC(C3CCC4CC(CCC5CCC6CCCCCC6C5)CCC43)C2)CC1
C1CCC(C2CCC3CC4C(CCCC45CCCCC5)CC32)CC1
C1CCC(CCCCC2CC3CCCCC3C2)CC1
C1CCC(CC2CCCCCCC23CCC2C(CCC2C2CCCCC2)C3)CC1
C1CCC2CCC3CCCCC3C2CC1
C1CCC(CC(CC2CCCCC2)C2CCCCC2)CC1
C1CCC(C2CCC3CC4C(CCC32)CCC42CCCCC2)CC1
C1CC(CC2CCC(C3CC4CCCC4C4CCC5CCCCC5C34)CC2)C1
C1CCC2CC3CCC4C5CCCC5CC4C3CCC2C1
C1CCC2C(C1)CCCC2CC1CCC2CCCCC2C2CCC3CCCCC3C12
C1CCC2CCC(C3CCCC4CCCC43)CC2CC1
C1CCC2C(C1)CCC1C3CCCCC3CCC21
C1CCC2CC(C3CCCC4CCCC43)CCC2C1
C(CCC1CCCC2CCCCC12)CCC1CCCC2CCCCC12
C1CCC(C2CCC3CCCC3C3CCCC4CCCCC4C23)CC1
C1CCC(CCCCCC2CCCC3C(C4CCCCC4)CCC23)CC1
C1CCC2C(C1)CCCC1C2CCC2C3CCCC3CC21
C1CCC(C2CC3CCCCC3C3CCCCC23)CC1
C1CCC(CCCCCC2CCC3CCCCC23)CC1
C1CCC2CC(C3CCCC4CCCC43)CCC2C1
C1CCC(CC2CC3CCCCC3C3CCC4CCCCC4C23)CC1
C1CCC(CCCCC2CC3CCCCC3C2)CC1
C1CCC(CCCCCC2CC3CCCCC3C2)CC1
C(CCC1CCCC2CCCCC12)CC1CCC2CCCCC2C1
C1CCC(CC2CCC3C(CCC3C3CCCCC3)C2)CC1
C1CCC(CCCCCC2CCC3CCCCC23)CC1
C1CCC2C(C1)CC(C1CCCC1)C1CCCCC21
C(CCCC1CCCCC1)CCCC1CCC(C2CCCCC2)C1
C1CCC(CCCCC2CCC3CCCCC3C2)C2CCCCC2CC1
C1CCC2CCC3C4CCCC4CCC3C2CC1
C1CCC(CCCCC2CC3CCCCC3C2)CC1
C1CCC(CCC2CCC3C(CCC3C3CCCCC3)C2)CC1
C1CCC2C(C1)CCCC1CCCCC12
C1CCC2C(C1)CCCC1C3CCCC3CCC21
C1CCC2CC(CCCC3CCC4C3CCC3C5CCCCC5CCC43)CC2C1
C1CCC(CCCCCC2CCCC3C(C4CCCCC4)CCC23)CC1
C(CCCC1CCCCC1)CCCC1CCC(C2CCCCC2)C1
C1CCC(CCCCCC2CCC3CCCCC23)CC1
C1CCC(C2CC3CCCC3C3CCC4CCCCC4C23)CC1
C1CCC(CCC(CCC2CCC3CCCC3C2)CC2CCCCC2)CC1
C1CCC(CCC2(CCCC3CC4CCCCC4C3)CCC3C4CCC5CCCCC5C4CCCC32)C1
C1CCC2C(C1)CCC1CCCCC12
C1CCC(CCCC2CCCC(C3CCC4CC(CCC5CCC6CCCCC6C5)CCC43)C2)CC1
C1CCC(CCCCC(CC2CCC3C(CCC3C3CCCCC3)C2)C2CCCCC2)CC1
C1CCC(C2CCC3CC4C(CCC32)CCC42CCCC2)CC1
C1CCC(CCCCC2CCC3CCCCC23)CC1
C1CCC(C2CC3CCCC3C3CCC4CCCCC4CC23)CC1
C1CCC(C2CC3CCCC3C3CCC4CCCCC4C23)CC1
C1CCC2CC(C3CCCC4CCCC43)CCC2C1
C1CCC(C2CC3CCCC3C3CCC4CCCCC4C23)CC1
C1CCC(CCCCCC2CCCCC2)CC1
C1CCC(CC2CCC(CC(CC3CCCCC3)C3CCCCC3)CC2)CC1
C1CCC(CC2CCC(CC(CC3CCCCC3)C3CCCCC3)CC2)CC1
C(CCC1CCCC2CCCCC12)CCC1CCCC2CCCCC12
C1CCC(C2CCC3C(CCC4CCCCC43)C2)CC1
C1CCC(C2CCCCC2CC2CC3CCCCC3C3CCC4CCCCC4C23)CC1
C1CCC2C(C1)CC(C1CCCC1)C1CCCCC21
C1CCC2C(C1)CCC1C3CCCCC3CCC21
C(CCCCC1CCC(C2CCCCC2)C1)CCCC1CCCCC1
C1CCC(CC2CC3CCCCC3CC3CCC4CCCCC4C32)CC1
C1CCC(CCC(CCC2CCCCC2)CCC2CCC3CCCC3C2)CC1
C1CCC2CCC3C4CCCC4CCC3C2CC1
C1CCC(CC2CC3CCCCC3C3CCC4CCCCC4C23)C1
C1CCC2CCC(C3CCCC4CCCC43)CC2CC1
C1CCC(CCC2CCCC3C2CCC2C4CCCCC4CCC32)C1
C(CCCC1CCCC2CCCCC12)CCC1CCC(C2CCCC2)C1
C1CCC(CCC2CCC3C(CCC3C3CCCCC3)C2)CC1
C1CCC(C2CCC(CCCCCC3CCCC4CCCCC34)C2)CC1
C(CCCC1CCCC2CCCC12)CCC1CCC2CCCCC2C1
C1CCC(CCCCCC2CC3CCCCC3C2)CC1
C(CCCCC1CCC(C2CCCCC2)C1)CCCC1CCCCC1
C1CCC(CCC2CCC3C(CCC3C3CCCCC3)C2)CC1
C1CCC2CC(CC3CCCC4CCCC43)CCC2C1
C(CCCC1CCCC2C(C3CCCCC3)CCC12)CCC1CCCCC1
C1CCC(CCCCCC2CCCC3C(CC4CCCCC4)CCC23)CC1
C1CCC2CC(C3CCCC4CCCC43)CCC2C1
C1CCC2CCC3C4CCCCC4CCC3C2CC1
C1CCC(CCCCC23CCCC2CC2C4CCC5CCCCC5C4CCC23)C1
C1CCC2CCC3C(CCC4C3CCC4(CCCC3CC4CCCCC4C3)CCC3CCCC3)C2CC1
C1CCC(CCC2CCC(CC(CC3CCCCC3)C3CCCCC3)CC2)CC1
C1CCC(CCCCC2CCC3CCCCC23)CC1
C(CCC1CCC2C(CCC3C4CCCC4CCC23)C1)CC1CCC(C2CC3CCCC3C3CCC4CCCCC4C23)CC1
C1CCC(CCCCC2CC3CCCCC3C2)CC1
C1CCC(CCC2CC3CCCCC3C3CCC4CCCCC4C23)CC1
C1CCC(C2CCC(CCCCCC3CCCC4CCCCC34)C2)CC1
C(CCC1CCC(C2CC3CCCC3C3CCC4CCCCC4C23)CC1)CCC1CCC2C(CCC3C4CCCC4CCC23)C1
C1CCC(CCCCC2CC3CCCCC3C2)CC1
C1CCC(C2CCC3CC4(CCCCCC4C4CCCCC4)CCC32)CC1
C1CCC(CCCCCC2CCCC3CCCC23)CC1
C1CCC(CCCC23CCCC2CCC2C4CCC5CCCCC5C4CCC23)C1
C1CCC2CC(C3CCCC4CCCC43)CCC2C1
C1CCC2CC(CC3CCCC4CCCC43)CCC2C1
C1CCC2C(C1)CC(C1CCCC3CCCC31)C1CCCC21
C1CCC(CCCC(CCC2CCC3CCCC3C2)CC2CCCCC2)CC1
C(CC1CCC2CCCC2C1)CC1CCC2CCC(C3CCCC4CCCC43)CC2C1
C1CCC(CCCCC2CC3CCCCC3C2)CC1
C(CCCC1CCCC2CCCCC12)CCC1CCC(C2CCCCC2)C1
C1CCC(CCCCCC2CC3CCCCC3C2)CC1
C1CCC2CCC3C4CCCCC4CC(CC4CCCC4)C3C2CC1
C1CCC2CCC(C3CCCC4CCCC43)CC2CC1
C1CCC2C(C1)CCC1C3CCCC3CCC21
C1CCC2CC(C3CCCC4CCCC43)CCC2C1
C(CCC1CCCC2CCCCC12)CC1CC2CCCCC2C1
C(CCCC1CCCCC1)CCCC1CCC(C2CCCCC2)C1
C1CCC2CCC(C3CCCC4CCCC43)CC2CC1
C1CCC2C(C1)CCC1C2CCC2C3CCCC3CC21
C1CCC(CC2CCC3CC(C4CCC(CCC5CCCC5)CC4)CCC23)CC1
C(CCC1CCCC2CCCC12)CC1CCCC2CCCCC12
C(CCC1CCCC2CCCC12)CC1CC2CCCCC2C1
C1CCC(CCCCCC2CCC3CCCCC23)CC1
C1CCC(CCCCCC2CCC3CCCC3C2)CC1
C1CCC(C2CC3CCCC3C3CCC4CCCCC4C23)CC1
C1CCC2CCC3C4CCCCC4CC(CC4CCCC4)C3C2CC1
C1CCC(CCC2CCC(CCC3CCCC(CC4CCCC4)C3)CC2)CC1
C1CCC2CC(CCCC3CCC4C3CCC3C5CCCCC5CCC43)CCC2C1
C1CCC(CCC2CCCC3CC4C(CCC4C4CCCCC4)CC23)CC1
C1CCC2C(C1)CCC1C2CCC2C3CCCCC3CC21
C1CCC(CC2CCCC(CCC3CCC(CCC4CCC(C5CC5)CC4)CC3)C2)C1
C1CCC(CCCCC2CCC3CCCCC23)CC1
C1CCC2CC(C3CCCC4CCCC43)CCC2C1
C1CCC2CC(CCCC3CCCC4CCCCC43)CC2C1
C1CCC(CCCC2CCC(C3CCC4C(CCC4C4CCCCC4)C3)CC2)CC1
C1CCC2C(C1)CCC1C3CCCCC3CCC21
C1CCC(C2CCC3CC4(CCCCCC4C4CCCCC4)CCCC32)CC1
C1CCC(C2CC3CCCC3C3CCC4CCCCC4C23)CC1
C1CCC(C2CCC3CC4C(CCCC45CCCCC5)CC32)CC1
C(CCCC1CCC2CCCC2C1)CCCC1CCC(C2CCCCC2)C1
C1CCC(CCC2CCC3C(CCC4C5CCCC5CCCC34)C2)CC1
C1CCC(C2CCC3C(CCC3C3CCCCC3)C2)CC1
C1CCC2CC(CCCC3CCC4C3CCC3C5CCCCC5CCC43)CC2C1
C1CCC(CCC2CCC(CCC3CCCCC(CC4CCCC4)C3)CC2)CC1
C1CCC2C(C1)CCC1C3CCCC3CCC21
C1CCC(CCC2CCC3C(CCC4CCCCC43)C2)CC1
C1CCC(C2CC3CCCC3C3CCC4CCCCC4C23)CC1
C1CCC(CCCCC2CC3CCCCC3C2)CC1
C(CCC1CCC2C1CCC1C3CCCCC3CCC21)CC1CC2CCCCC2C1
C(CCCC1CCCCC1)CCCC1CCC(C2CCCCC2)C1
C1CCC(CCCCC2CC3CCCCC3C2)CC1
C(CCC1(C2CCCC2)CCCC2CCCCC21)CC1CCC2CCCCC2C1
C1CCC2CCC(C3CCCC4CCCC43)CC2CC1
C1CCC2CCC3C4CCCC4CCC3C2CC1
C1CCC2C(C1)CCC1C3CCCCC3CCC21
C(CCCC1CCCC2C(C3CCCCC3)CCC12)CCC1CCCCC1
C1CCC(C2CCC3CC4CCCCC4CC32)CC1
C1CCC(CCCCC2CCC3CCCCC23)CC1
C1CCC(CCCCC2CC3CCCCC3C2)CC1
C1CCC2CCC3C4CCCCC4CC(CC4CCCC4)C3C2CC1
C1CCC2CCC3C4CCCCC4CC(CC4CCCC4)C3C2CC1
C1CCC(CCCCCC2CCCC3C(CC4CCCCC4)CCC23)CC1
C1CCC2CCC3C4CCCC4CCC3C2CC1
C1CCC(C2CC3CCCC3C3CCC4CCCCC4C23)CC1
C1CCC(CC2CC3CCCCC3C3CCC4CCCCC4C23)C1
C1CCC(CCC2CCC(CCC3CCCCC(CC4CCCC4)C3)CC2)CC1
C1CCC(CC2CC3CCCCC3C3CCC4CCCCC4C23)C1
C1CCC(CCC(CCC2CC3CCCCC3C2)C2CC2)CC1
C1CCC2CC(C3CCCC4CCCC43)CCC2C1
C1CCC(CCCC2CCCC3CCC(C4CCCC5CCCC54)CC3C2)CC1
C1CCC2CCC3C4CCC(CCCC5CC6CCCCC6C5)C4CCC3C2CC1
C1CCC2C(C1)CCC1C3CCCC3CCC21
C1CCC(CCC2(CCCC3CCC4CCCCC4C3)CCC3C4CCC5CCCCC5C4CCC32)C1
C1CCC(C2CCC3(CCC4CC5C(CCC5C5CCCCC5)CC43)C2)CC1
C1CCC(CCCCC2CC3CCCCC3C2)CC1
C(CCC1CCCCC2CCCCC12)CC1CCC2CCCCC2C1
C1CCC(CCCC2CC3CCCCC3C2C2CCCCC2)CC1
C1CCC(C2CCC3CCC4(CCCCC4)C3C2)CC1
C1CCC2CCC3CCCCC3C2CC1
C1CCC(C2CCC(CCCCCC3CCCC4CCCCC34)C2)CC1
C1CCC(CCCCCC2CCCC3C(C4CCCCC4)CCC23)CC1
C1CCC(CCCCCC2CC3CCCCC3C2)CC1
C1CCC(C2CCC3CCCC3C3CCC4CCCCC4C23)CC1
C1CCC(C2CCC3(CCC4CCC5C(CCC5C5CCCCC5)CC43)C2)CC1
C1CCC(C2CCC(CCCC3CCC4C3CCC3C5CCCCC5CCCC43)C2)CC1
C1CCC(CCCCCC2CCCC3C(C4CCCCC4)CCC23)CC1
C1CCC(CCC2CCC3C2CCC(C2CCCCC2)C2C4CCCCC4CCCC32)CC1
C(CCC1CC2CCCCC2C1)CCC1CCCC2CCCC12
C1CCC2C(C1)CCC1C3CCCCC3CCC21
C(CCC1CCCC2CCCC12)CC1CC2CCCCC2C1
C1CCC2C(C1)CCC1C3CCCC3CCC21
C1CCC2CCC(C3CCCC4CCCC43)CC2CC1
C1CCC(C2CC3CCCCC3CC3CCCCC32)CC1
C1CCC(C2CCC3CC4C(CCC45CCCCCC5)CC32)CC1
C1CCC(CCCCC2CC3CCCCC3C2)CC1
C1CCC2CC3CCC4CCCCC4C3CCC2C1
C1CCC(CCC2CCC3C(CCC3C3CCCCC3)C2)CC1
C1CCC2CCC3C(CCC4C3CCC4(CCCC3CC4CCCCC4C3)CCC3CCCC3)C2CC1
C1CCC(CCC2CCC3C(CCC4CC5CCCC5CC(CCC5CCCCC5)C43)C2)CC1
C1CCC(CCCCCC2CCCC3C(C4CCCCC4)CCC23)CC1
C1CCC(CCCCCC2CC3CCCCC3C2)CC1
C1CCC(CC2CCC(CC(CC3CCCCC3)C3CCCCC3)CC2)CC1
C1CCC2CCC3C4CCCC4CC(C4CCC(C5CCCC5)CC4)C3C2CC1
C1CCC(CCC(CC2CCC3C(CCC3C3CCCCC3)C2)C2CCCCC2)CC1
C1CCC(C2CCCC(CC3CC4CCCCC4C4CCC5CCCCC5C34)C2)C1
C1CCC(CCC2CCC3C(CCC3C3CCCCC3)C2)CC1
C1CCC2CC(CCCC3CCC4C3CCC3C5CCCCC5CCC43)CC2C1
C1CCC(C2CC3CCCC3C3CCC4CCCCC4C23)CC1
C1CCC(C2CCCC3C(CCC4CCCCC43)C2)CC1
C1CCC(CCC2CCC(CC(CC3CCCCC3)C3CCCCC3)CC2)CC1
C(CCC1CCCC2CCCC12)CC1CC2CCCCC2C1
C(CCCC1CCCCC1)CCCC1CCC(C2CCCCC2)C1
C1CCC2C(C1)CCC1CCCCC12
C1CCC(C2CCC3CC4C(CC5CCC6CCCCC65)CCCC4CC32)CC1
C(CCCC1CCCC2C1CCC2C1CCC(CC2CC2)CC1)CCC1CCCCC1
C1CCC(C2CCC3CC4C(CCC32)CCC2C3CCC(CCCC5CCC6CCCCC6C5)C3CCC42)CC1
C1CCC(CC(CC2CCCCC2)C2CCCCC2)CC1
C1CCC(CCC2CCC(CCC3CCCC(CC4CCCC4)C3)CC2)CC1
C1CCC(C2CC3CCCC3CC3CCC4CCCCC4C32)CC1
C1CCC2CC(CC3CCCC4CCCC43)CCC2C1
C1CCC(CCCCCC2CCCC3C(C4CCCCC4)CCC23)CC1
C1CCC(C2CCC3C(CCCC4CCCCC43)C2)CC1
C1CCC(CCCCCC2CCC3CCCCC23)CC1
C1CCC(C2CCC3C(CCC4CCCCC43)C2)CC1
C(CCC1CCCC2CCCCC12)CC1CCCC2CCCCC12
C1CCC(C2CCC3CCCC3C3CCC4CCCCCC4C23)CC1
C1CCC(CCCCCC2CC3CCCCC3C2)CC1
C1CCC(CCCCCC2CC3CCCCC3C2)CC1
C1CCC2CCC3C4CCC(CCCC5CC6CCCCC6C5)C4CCC3C2CC1
C1CCC(CCC2CCCCC3CCC(C4CCCC5CCCC54)CC23)CC1
C1CCC(CCC2CCC3C(CCC3C3CCCCC3)C2)CC1
C1CCC(C2CC3CCCC3C3CCCC4CCCCC4C23)CC1
C1CCC2CC(C3CCCC4CCCC43)CCC2C1
C1CCC(CCCCC2CCC3CCCCC23)CC1
C1CCC2CCC(C3CCCC4CCCC43)CC2CC1
C1CCC(CCCCCC2CCCCC2)CC1
C1CCC(CC2CCC3CC4(CCCCC4C4CCCCC4)CCC23)CC1
C1CCC(C2CCC3CCCC3C3CCC4CCCCC4C23)CC1
C1CCC(C2CCC3CC4CCCCC4CC32)CC1
C1CCC(CC2CCC3C(CCC3C3CCCCC3)C2)CC1
C1CCC(C2CC3CCCC3C3CCC4CCCCCC4C23)CC1
C1CCC(CCC2CCC3C(CCC4C5CCCC5CCC34)C2)CC1
C1CCC(CCC2CCC3C(CCC3C3CCCCC3)C2)CC1
C1CCC(CCC2(CCCC3CCC4CCCCC4C3)CCC3C4CCC5CCCCC5C4CCC32)C1
C1CCC2CC(CC3CCCC4CCCC43)CCC2C1
C1CCC(C2CC3CCCCC3C3CCCCC3C2)CC1
C1CCC(CC2CCC3C(CCCCCC4CCC(C5CCCC5)C4)CCCC23)CC1
C(CCC1CCCC2CCCC12)CC1CC2CCCCC2C1
C1CCC2CC(CCCC3CCC4C3CCC3C5CCCCC5CCCC43)CC2C1
C(CC1CCC2CCCCC2C1)CC1CCC2CCC(C3CCCC4CCCC43)CC2C1
C1CCC2CC(C3CCCC4CCCC43)CCC2C1
C1CCC(CCCC2CCC(CCC3CCCC(CC4CCCC4)C3)CC2)CC1
C1CCC(CCCCCC2CCCC3C(CC4CCC(CC5CC5)CC4)CCC23)CC1
C1CCC(CCCCCC2CC3CCCCC3C2)CC1
C1CCC(CCCC2CCC3CCC(C4CCCC5CCCC54)CC3C2)CC1
C1CCC(CCC2CCC3C(CCC3C3CCCCC3)C2)CC1
C1CCC2CCC3C4CCCC4CC(C4CCC(C5CCCC5)CC4)C3C2CC1
C1CCC(CC2CCC3C(CCC3C3CCCCC3)C2)CC1
C1CCC2CC3CCC4C5CCCC5CC4C3CCC2C1
C(CCCC1CCCCC1)CCCC1CCC(C2CCCCC2)C1
C1CCC2C(C1)CCC1C2CCC2C3CCCCC3CC21
C1CCC(C2CCC3C(CCC4CCCCC43)C2)CC1
C1CCC(CCCCC2CCC3CCCCC23)CC1
C1CCC(CCCCC2CCC3CCCCC23)CC1
C1CCC(C2CCC3CC4C(CCC32)CCC42CCCC2)CC1
C1CCC2CCC3C4CCC(CCCC5CC6CCCCC6C5)C4CCC3C2CC1
C1CCC(C2CC3CCCC3C3CCC4CCCCCC4C23)CC1
C1CCC(C2CCC3CC4C(CCC45CCCCC5)CC32)CC1
C1CCC(C2CCC3C(CCCCCC4CC4)CCCC23)CC1
C1CCC2CCC3C4CCC(CCCC5CC6CCCCC6C5)C4CCC3C2CC1
C1CCC(C2CCC3CC4C(CCC5C6CCCC6CCC45)CC32)CC1
C1CCC2C(C1)CC(C1CCCC3CCCC31)C1CCCC21
C1CCC(C2CCC3CC4C(CCC5C6CCCC(CCCC7CCC8CCCCC8C7)C6CCC45)CC32)CC1
C1CCC(CCC2CCC3C(CCC3C3CCCCC3)C2)CC1
C1CCC2CCC3C4CCC(CCCC5CC6CCCCC6C5)C4CCC3C2CC1
C1CCC(CCCCCC2CCCC3C(CC4CCC(CC5CC5)CC4)CCC23)CC1
C1CCC2CC(CCCC3CCC4C3CCC3C5CCCCC5CCCC43)CC2C1
C1CCC(CCCC2CC3CCCCC3C2C2CCCCC2)CC1
C1CCC2CCC3C4CCC(CCCC5CC6CCCCC6C5)C4CCC3C2CC1
C(CCCC1CCCCC1)CCC1CCCCC1
C1CCC2CC(CCCC3CCCC4C3CCC3C5CCCCC5CCC43)CC2C1
C1CCC(C2CC3CCCCC3C3CCC4CCCCC4C23)CC1
C(CCCC1CCCCC1)CCC1CCCCC1
C1CCC2CC3CCC4C5CCCC5CC4C3CCC2C1
C1CCC(CCCC2CCCC3CC4C(CCC4C4CCCCC4)CC23)CC1
C1CCC2CC(CCCC3CCCC4C3CCC3C5CCCCC5CCC43)CC2C1
C1CCC(C2CC3CCCC3C3CCC4CCCCC4C23)CC1
C1CCC(CC2CC3CCCCC3C3CCC4CCCCC4C23)C1
C1CCC(C2CCC3C(CCC4CCCCC43)C2)CC1
C1CCC2C(C1)CCC1C3CCCC3CCC21
C(CCC1CCCC2CCCC12)CC1CC2CCCCC2C1
C1CCC(CCC2CCC3C(CCC3C3CCCCC3)C2)CC1
C1CCC(CCC2CCC3C(CCC3C3CCCCC3)C2)CC1
C1CCC(CC2CCC3C(CCC3C3CCCCC3)C2)CC1
C1CCC(CCC2CCCC3CCC(C4CCCC5CCCC54)CC23)CC1
C1CCC2CC(C3CCCC4CCCC43)CCC2C1
C1CCC(C2CCC3CC4C(CCC32)CCC42CCCC2)CC1
C1CCC(CCCCCC2CCCC3C(C4CCCCC4)CCC23)CC1
C1CCC2CC(CC3CCCC4CCCC43)CCC2C1
C1CCC(CCCCC2CCC3CCC(C4CCCC5CCCC54)CC3C2)CC1
C(CCCC1CCC2CCCC2C1)CCCC1CCC(C2CCCCC2)C1
C1CCC2CC(CCCC3CCC4C3CCC3C5CCCCC5CCCC43)CC2C1
C1CCC(CCCCC2CC3CCCCC3C2)CC1
C(CCC1CCCC2CCCCC12)CC1CCCC2CCCCC12
C1CCC(C2CC3CCCC3C3CCC4CCCCC4C23)CC1
C1CCC2CC(CCCC3CCCC4C3CCC3C5CCCCC5CCC43)CC2C1
C(CCCC1CCCCC1)CCCC1CCC(C2CCCCC2)C1
C1CCC2CCC(C3CCCC4CCCC43)CC2CC1
C1CCC(CCCC2CCC3C2CCC2C4CC5CCC(C6CCCCC6)C5CC4CCCC32)CC1
C1CCC(CCC2CCC3C(CCC3C3CCCCC3)C2)CC1
C1CCC2CCC3C(CCC4C3CCC4(CCCC3CC4CCCCC4C3)CCC3CCCC3)C2CC1
C1CCC(CCCC2CCC3C4CCC5CC6C(CCC6C6CCCCC6)CC5C(CCC23)C4)CC1
C1CCC2C(C1)CCC1CCCCC12
C1CCC2CC(CCCC3CCCC4CCCCC43)CC2C1
C(CCC1CCCC2CCCCC12)CC1CC2CCCCC2C1
C(CC1CCC(C2CCCC2)CC1)CC1CCC2CCCC2C1
C(CCC1CCCC2CCCCC12)CC1CC2CCCCC2C1
C1CCC(CCC2CCC3C(CCC3C3CCCCC3)C2)CC1
C1CCC2CC(C3CCCC4CCCC43)CCC2C1
C1CCC(CCCCCC2CC3CCCCC3C2)CC1
C1CCC(CCCC2CCC3CCCC3C2)CC1
C1CCC(CCC(CC2CC3CCCCC3C2)C2CCCCC2)CC1
C1CCC2CCC3C4CCCC4CCC3C2CC1
C1CCC(CCCCCC2CC3CCCCC3C2)CC1
C1CCC(CCCCC2CC3CCCCC3C2)CC1
C1CCC2CCC3C4CCCC4CCC3C2CC1
C1CCC(CCCCCC2CC3CCCCC3C2)CC1
C(CCCC1CCC(CC2CCCCC2)C1)CCC1CCCCC1
C1CCC2CCC3C4CCC(CCCC5CC6CCCCC6C5)C4CCC3C2CC1
C1CCC2CCC3C4CCCC4CCC3C2CC1
C(CCC1CCC2CCCCC2C1)CCC1CCCC2CCCCC12
C1CCC(C2CC3CCCC3C3CCC4CCCCCC4C23)CC1
C(CCC1CCCCC2CCCCC12)CC1CCC2CCCCC2C1
C1CCC(C2CC3CCCC3C3CCCC4CCCCC4C23)CC1
C1CCC(C2CCC3CC4C(CCC5C6CCC(CCCC7CC8CCCCC8C7)C6CCC45)CC32)CC1
C1CCC(CC2CC3CCCCC3C3CCC4CCCCC4C23)CC1
C1CCC(C2CCC3C(CCCC4CCCCC43)C2)CC1
C1CCC(CCC2CCC3C(CC4CCCCC4)CCC3C2)CC1
C1CCC(C2CC3CCCC3C3CCC4CCCCC4C23)CC1
C1CCC(C2CCC(CCCCCC3CCCC4CCCCC34)C2)CC1
C1CCC(CCCCCC2CCC3CCCC3C2)CC1
C1CCC(CCCCC2CCCCC3CCC(C4CCCCC4)CC23)CC1
C(CCCCC1CCC(C2CCCCC2)C1)CCCC1CCC2CCCC2C1
C1CCC(CCC2CCC3C(CCC3C3CCCCC3)C2)CC1
C1CCC(CC2CC3CCCCC3CC3CCC4CCCCC4C32)CC1
C1CCC(CC2CC3CCCCC3C3CCC4CCCCC4C23)CC1
C1CCC(CCCC2CCCC(C3CCC4CC(CCC5CCC6CCCCCC6C5)CCC43)C2)CC1
C1CCC(C2CC3CCCC3C3CCC4CCCCC4CC23)CC1
C1CCC(C2CC3CCCC3CC3CCC4CCCCC4C32)CC1
C1CCC(C2CCC3CC4C(CCCC45CCCC5)CC32)CC1
C1CCC(CCC2CCC3C(CCCC4CCCCC43)C2)CC1
C1CCC(C2CCC3CC4C(CC5CC6CCCCC6C5)CCCCC4CC32)CC1
C1CCC(CC2CCC(CC(CC3CCCCC3)C3CCCCC3)CC2)CC1
C1CCC2C(C1)CCC1C3CCCC3CCC21
C1CCC(CC2CCC(CCCCCC3CCCC4CCCCC34)C2)CC1
C1CCC2CCC(C3CCCC4CCCC43)CC2CC1
C1CCC2C(C1)CCC1C3CCCCC3CCC21
C1CCC(C2CC3CCCC3C3CCC4CCCCC4CC23)CC1
C1CCC(CCCC(CC2CC3CCCCC3C2)C2CC2)CC1
C1CCC(C2CCC3C(CCC4CCCCC43)C2)CC1
C1CCC(C2CCC3CC4C(CCC5C6CCC(CCCC7CC8CCCCC8C7)C6CCC45)CC32)CC1
C1CCC2CCC3C4CCC(CCCC5CC6CCCCC6C5)C4CCC3C2CC1
C1CCC(CCC2CCC(CCC3CCCCC3)CC2)CC1
C(CCCC1CCC2C(CCC2C2CCCCC2)C1)CCC1CCCCC1
C1CCC(C2CCC3CCCC3C3CCC4CCCCC4C23)CC1
C1CCC2CCC(C3CCCC4CCCC43)CC2CC1
C1CCC2CC(C3CCCC4CCCC43)CCC2C1
C1CCC2CCC(C3CCCC4CCCC43)CC2CC1
C1CCC(CCC2CCC3C(CCC3C3CCCC(CCC4CCCC4)C3)C2)CC1
C1CCC2CCC3C4CCCC4CCC3C2CC1
C1CCC(CC2CCC3CC4C(CCC45CCC(C4CCCCC4)C5)CC23)CC1
C1CCC2CCC(C3CCCC3)CC2CC1
C1CCC(CCCCCC2CC3CCCCC3C2)CC1
C1CCC2CCC(C3CCCC4CCCC43)CC2CC1
C1CCC(CC2CCCCC2CC2CC3CCCCC3C3CCC4CCCCCC4C23)CC1
C1CCC(C2CC3C(CCC4CC4)CCC3C3CCC4CCCCCC4C23)CC1
C1CCC(C2CC3CCCCC3C3CCCCC3C2)CC1
C1CCC(CC2CC3CCCCC3C3CCC4CCCCC4C23)C1
C1CCC(CC2CCCCC2CC2CC3CCCCC3C3CCC4CCCCC4C23)CC1
C1CCC(CCCC2CCC(C3CCC4C(CCC4C4CCCCC4)C3)CC2)CC1
C1CCC(CC2CC3CCCCC3C3CCC4CCCCC4C23)CC1
C1CCC2C(C1)CCCC1CCCCC12
C1CCC(CC2CCC3C(CCC3C3CCCCC3)C2)CC1
C1CCC(CCCCCC2CC3CCCCC3C2)CC1
C1CCC2CCC(C3CCCC4CCCC43)CC2CC1
C1CCC(CCC2CC3CCCCC3C3CCC4CCCCC4C23)C1
C1CCC(CC2CC3CCCCC3C3CCC4CCCCC4C23)CC1
C1CCC(CCC2CCC3C(CC4CCCCC4)CCC3C2)CC1
C1CCC(CC2CCC3C(CCC4CCCCC43)C2)C1
C1CCC(CCCCC2CCC3CCCCC23)CC1
C1CCC(CCC2CCC3C(CCC3C3CCCCC3)C2)CC1
C1CCC(C2CC3CCCC3C3CCCC4CCCCC4C23)CC1
C1CCC(CCCCC2CC3CCCCC3C2)CC1
C1CCC(CCCCC2CC3CCCCC3C2)CC1
C1CCC(CC2CC3CCCCC3C3CCC4CCCCCC4C23)CC1
C1CCC(CC2CCC3C(CCC3C3CCCCC3)C2)CC1
C1CCC(CCC2CCC3C(CCC3C3CCCCC3)C2)CC1
C1CCC(CCC2CCC(C3CCC4C(CCC4C4CCCCC4)C3)CC2)CC1
C1CCC(CCCCC2CCC3CCC(C4CCCC5CCCC54)CC3C2)CC1
C1CCC(CCCCCC2CC3CCCCC3C2)CC1
C1CCC2CCC3C(CCC4C3CCC4(CCCC3CC4CCCCC4C3)CCC3CCCC3)C2CC1
C1CCC(CC2CC3CCCCC3C3CCC4CCCCCC4C23)CC1
C1CCC(C2CCC3CC4C(CCC45CCCCCC5)CC32)CC1
C1CCC2CCC3C4CCC(CCCC5CC6CCCCC6C5)C4CCC3C2CC1
C1CCC2C(C1)CCC1C3CCCCC3CCC21
C1CCC(CCC2CCCCC3CC4C(CCC4C4CCCCC4)CC23)CC1
C1CCC(CCC2CCCC3CCC(C4CCCC5CCCC54)CC23)CC1
C(CCC1CCC2C(CCC3C4CCCC4CCC23)C1)CC1CCC(C2CC3CCCC3C3CCCC4CCCCC4C23)CC1
C1CCC(CCC2CCC(CCC3CCCC(CC4CCCC4)C3)CC2)CC1
C1CCC(CCCCCC2CC3CCCCC3C2)CC1
C1CCC(C2CC3C(CCC34CCCC4)C3CCC4CCCCC4CC23)CC1
C1CCC(CCC2CCC3C(CCC3C3CCCCC3)C2)CC1
C1CCC(CCCCCC2CC3CCCCC3C2)CC1
C1CCC(CCCCCC2CC3CCCCC3C2)CC1
C1CCC2C(C1)CCC1C3CCCC3CCCC21
C1CCC2CC(C3CCCC4CCCC43)CCC2C1
C1CCC(CCCCC2CC3CCCCC3C2)CC1
C1CCC2CC(CCCC3CCC4C3CCCC3C5CCCCC5CCC34)CC2C1
C1CCC(C2CCC3CCCC3C3CCC4CCCCC4C23)CC1
C1CCC(CCC2CCC3C(CCC4C5CCCC5CC(CCC5CCCCC5)C34)C2)CC1
C1CCC(CCCCCC2CCC3CCCCC23)CC1
C(CCCC1CCCC2C(C3CCCCC3)CCC12)CCC1CCCCC1
C1CCC(CCC2CCC(C3CCC4C(CCC4C4CCCCC4)C3)CC2)CC1
C1CCC2CCC3C4CCCC4CCC3C2CC1
C1CCC2CCC(C3CCCC3)CC2CC1
C1CCC(CCCCCC2CCCC3C(C4CCCCC4)CCC23)CC1
C1CCC(CCC2CC3CCCC3C3CCC4CCCCC4C23)CC1
C1CCC(CCCCCC2CCC3CCCCC23)CC1
C1CCC(C2CCC3CCCC3C3CCC4CCCCC4C23)CC1
C1CCC(CCC2CCC3C(CCC4C5CCCCC5CC(CCC5CCCCC5)C34)C2)CC1
C(CCCC1CCCCC1)CCCC1CCC(C2CCCCC2)C1
C(CCCC1CCCCC1)CCCC1CCC(C2CCCCC2)C1
C1CCC(CCC2CCCC3CC4C(CCC23)CCC4C2CCCCC2)CC1
C1CCC(CCC2(CCCC3CC4CCCCC4C3)CCC3C4CCC5CCCCC5C4CCC32)C1
C1CCC(CCCCC2CCC3CCCCC23)CC1
C1CCC2CC(CCCC3CCC4C3CCC3C5CCCCC5CCC43)CC2C1
C1CCC(C2CCC3CCC4C(CC5CCC6CCCCC65)CCCC4CC32)CC1
C1CCC2CC(C3CCCC4CCCC43)CCC2C1
C1CCC(CCC2CCCC3CCC4C(CCC4C4CCCCC4)CC23)CC1
C1CCC2C(C1)CCC1C3CCCCC3CCC21
C1CCC(C2CCC3CC4C(CCC45CCCCC5)CC32)CC1
C1CCC(CCC2CCC(CCC3CCCCC3)CC2)CC1
C1CCC2CC(CCCC3CCC4C3CCC3C5CCCCC5CCC43)CC2C1
C1CCC2CCC3C4CCCC4CCC3C2CC1
C1CCC(CCCC2CCCC(C3CCC4CC(CCC5CCC6CCCCC6C5)CCC43)C2)CC1
C1CCC2C(C1)CCC1C3CCCC3CCC21
C1CCC(CCCCCC2CCCC3C2CCC3C2CCCC(CC3CC3)C2)CC1
C1CCC(C2CCC3CC4(CCCCC4C4CCCCC4)CCCC32)CC1
C(CCCC1CCCC2C(C3CCCCC3)CCC12)CCC1CCCCC1
C(CCCC1CCCC2CCCC12)CCC1CCCCC1
C1CCC2CCC(C3CCCC4CCCC43)CC2CC1
C1CCC(CCCC2CCC3CCC(C4CCCC5CCCC54)CC3C2)CC1
C1CCC(C2CCC3CC4C(CCC5C6CCC(CCCCC7CCC8CCCCC8C7)C6CCC45)CC32)CC1
C1CCC(CCCCCC2CC3CCCCC3C2)CC1
C1CCC(CCC2(CCCC3CC4CCCCC4C3)CCC3C4CCC5CCCCC5C4CCC32)C1
C1CCC2CCC3C4CCCC4CCC3C2CC1
C1CCC2CCC3C4CCC(CCCC5CCC6CCCCC6C5)C4CCC3C2CC1
C1CCC2CCC3C4CCC(CCCC5CC6CCCCC6C5)C4CCC3C2CC1
C1CCC(C2CCCCC2CC2CC3CCCCC3C3CCC4CCCCC4C23)CC1
C1CCC(CCCCCC2CC3CCCCC3C2)CC1
C1CCC2C(C1)CCC1C3CCCC3CCCC21
C1CCC(C2CC3CCCC3C3CCC4CCCCC4C23)CC1
C1CCC(CC2CC3CCCCC3C3CCC4CCCCC4C23)C1
C(CCCC1CCCC2C(C3CCCCC3)CCC12)CCC1CCCCC1
C1CCC(CC2CC3CCCCC3C3CCC4CCCCC4C23)C1
C1CCC(C2CCC3C(CCCCCC4CC4)CCCC23)CC1
C1CCC(C2CCC3CC4C(CCC45CCCC5)CC32)CC1
C(CCCC1CCCC2C(C3CCCCC3)CCC12)CCC1CCCCC1
C1CCC(CCC2CCC3C(CCC3C3CCCCC3)C2)CC1
C1CCC(C2CC3CCCC3C3CCCC4CCCCC4C23)CC1
C1CCC(C2CCC3CC4C(CCC5C6CCCC6CCC45)CC32)CC1
C1CCC(CC2CC3CCCCC3C3CCC4CCCCCC4C23)CC1
C(CCC1CCCC2CCCCC12)CC1CC2CCCCC2C1
C1CCC(C2CCC3CC4(CCCCCC4C4CCCCC4)CCC32)CC1
C(CCCC1CCCC2C(C3CCCCC3)CCC12)CCC1CCCCC1
C(CCC1CCCC2CCCCC12)CC1CCCC2CCCCC12
C1CCC(CCC(CC2CCC(CC3CCCCC3)CC2)C2CCCCC2)CC1
C1CCC(CCCC2CCCC3CCC(C4CCCC5CCCC54)CC3C2)CC1
C1CCC(C2CC3CCCCC3C3CCC4CCCCC4C23)CC1
C1CCC2CCC(C3CCCC4CCCC43)CC2CC1
C1CCC(CCCCC2CC3CCCCC3C2)CC1
C1CCC(C2CCC3CC4C(CCCC45CCCC5)CCC32)CC1
C1CCC(CCC2CCC(CC3CC3)CC2)CC1
C1CCC(C2CCC3CC4C(CCCCC45CC(C4CCCCC4)C(C4CCCCC4)C5)CC32)CC1
C1CCC(CCCCCC2CC3CCCCC3C2)CC1
C1CCC(CCC2CCC3C(CCC3C3CCCCC3)C2)CC1
C1CCC(CC2CC3CCCCC3C3CCC4CCCCCC4C23)CC1
C(CCCC1CCCC2C(C3CCCCC3)CCC12)CCC1CCCCC1
C(CCCC1CCCC2C(C3CCCCC3)CCC12)CCC1CCCCC1
C1CCC(C2CCC3CC4CC5CCC6C(CCCC7CC8CCCCC8C7)CCC6C5CCC4CC32)CC1
C1CCC(CCCC2(CCCC3CCC4CCCCC4C3)CCC3C4CCC5CCCCC5C4CCC32)C1
C1CCC(CCCC2CCC3CCC(C4CCCC5CCCC54)CC3C2)CC1
C1CCC(C2CC3C(CCC34CCCC4)C3CCC4CCCCCC4C23)CC1
C1CCC2C(C1)CCCC1C3CCCC3CCC21
C1CCC(CCC2CCC3C(CCC4C5CCCC5CCC34)C2)CC1
C1CCC(C2CCC3CC4C(CCCC45CCCCC5)CC32)CC1
C1CCC(CCC2CCC(C3CC3)CC2)CC1
C(CCC1CCCCC2CCCCC12)CC1CCC2CCCCC2C1
C1CCC(CC2CCC(CC(CC3CCCCC3)C3CCCCC3)CC2)CC1
C1CCC(C2CC3CCCCC3C3CCCCC23)CC1
C1CCC(C2CC3CCCC3C3CCC4CCCCC4C23)CC1
C1CCC2CC(C3CCCC4CCCC43)CCC2C1
C1CCC(C2CCC3CC4C(CCC45CCCCC5)CC32)CC1
C1CCC(CCC2CCC3C(CCC3C3CCCC(CCC4CCCC4)C3)C2)CC1
C1CCC(C2CCC3CC4C(CCC32)CCC2C3CCC(CCCC5CC6CCCCC6C5)C3CCC42)CC1
C1CC2CCC3C(CCC4CCCCC43)CC2C1
C1CCC(C2CCC3CC4C(CC5CCC6CCCCC65)CCCC4CC32)CC1
C1CCC(CCC2CCC3C2CCC(C2CCCCC2)C2C4CCCCC4CCC32)CC1
C1CCC(C2CCC(CCCCCC3(C4CCCCC4)CCC3)C2)CC1
C1CCC(CC2CCC3C(CC4CCCCC4)CCC3C2)CC1
C1CCC(C2CC3CCCCC3C3CCCCC3C2)C1
C1CCC(CCC2CCC3C(CCC3C3CCCCC3)C2)CC1
C1CCC(CC2CCCC(C3CCC4CC(CCC5CCC6CCCCC6C5)CCC43)C2)C1
C1CCC(CCCCC2CC3CCCCC3C2)CC1
C1CCC2CC(C3CCCC4CCCC43)CCC2C1
C1CCC2C(C1)CCC1C3CCCC3CCC21
C1CCC(CC2CCC3CCC(C4CCCC4)CC32)C1
C1CCC(CCCCCC2CCC3CCCCC23)CC1
C(CCC1CCCC2CCCCC12)CC1CCC2CCCCC2C1
C(CCCC1CCCC2C(C3CCCCC3)CCC12)CCC1CCCCC1
C1CCC(CCC2CCC3C(CC4CCCCC4)CCC3C2)CC1
C1CCC(C2CC3CCCCC3C3CCCCC23)CC1
C1CCC2CC(C3CCCC4CCCC43)CCC2C1
C1CCC2C(C1)CCC1CCCCC12
C1CCC(CCCCC2CC3CCCCC3C2)CC1
C1CCC(C2CCC3CC4C(CCC5C6CCCC6CCC45)CC32)CC1
C(CCC1CCCC2CCCCC2C1)CCC1CCC(C2CCCCC2)C1
C1CCC2C(C1)CCC1CCCCC12
C1CCC2CC(C3CCCC4CCCC43)CCC2C1
C1CCC(CC2CCC3CC4C(CCC5C6CCC(CCCC7CC8CCCCC8C7)C6CCC45)CC23)CC1
C1CCC(C2CCC3CC4C(CCC5C6CCC(CCCCC7CCC8CCCCC8C7)C6CCC45)CC32)CC1
C1CCC(C2CCC3CC4C(CCC5C6CCC(CCCCC7CC8CCCCC8C7)C6CCC45)CC32)CC1
C1CCC2CC(C3CCCC4CCCC43)CCC2C1
C1CCC2CC(C3CCCC4CCCC43)CCC2C1
C1CCC(CCCCC2CC3CCCCC3C2)CC1
C1CCC2CC(CCCC3CCC4C3CCCC3C5CCCCC5CCC34)CC2C1
C1CCC(CC(CC2CCCCC2)C2CCCCC2)CC1
C1CCC(CC2CC3CCCCC3C3CCC4CCCCC4C23)C1
C1CCC(CCC(CC2CC3CCCCC3C2)C2CC2)CC1
C1CCC2CC(CCCC3CCCCC4CCCCC43)CC2C1
C1CCC(CCCCC2CC3CCCCC3C2)CC1
C1CCC2CCC3C4CCC(CCCC5CC6CCCCC6C5)C4CCC3C2CC1
C1CCC(C2CCC3CCC4C(CCC5C6CCC(CCCC7CC8CCCCC8C7)C6CCC45)CC32)CC1
C1CCC2CCC3C4CCCC4CCC3C2CC1
C1CCC(CCCCC2CCC3CCCCC23)CC1
C1CCC(CCCC2(CCC3CCCC3)CCC3C4CCC5CCCCCC5C4CCC32)CC1
C1CCC(CC2CCC3CCCCC3C3CCC4CCCCC4C23)CC1
C1CCC2C(C1)CCC1C2CCCC2C3CCCC3CC21
C1CCC(CCC2CCC3C(CCC4C5CCCC5CC(CCC5CCCCC5)C34)C2)CC1
C1CCC(CCCC23CCCC2CC2C4CCC5CCCCC5C4CCC23)CC1
C1CCC(CCC2CC3CCCC3C3CCC4CCCCC4C23)CC1
C1CCC(CCCCCC2CCCC3C2CCC3C2CCCC(CC3CCC3)C2)CC1
C1CCC(CC2CCCCC(CCC3CCC(CCC4CCC(C5CC5)CC4)CC3)C2)C1
C1CCC2CCC3C4CCC(CCCC5CCC6CCCCC6C5)C4CCC3C2CC1
C1CCC(CC2CC3CCCCC3C3CCC4CCCCC4C23)CC1
C1CCC(C2CC3CCCCC3C3CCC4CCCCC4C23)CC1
C1CCC(C2CC3CCCC3C3CCCC4CCCCC4C23)CC1
C1CCC(CCC2CCC3C(CCC4C5CCCC5CCC34)C2)CC1
C1CCC(C2CCC3CC4C(CCCC45CCCCC5)CC32)CC1
C1CCCC(CC2CCCC2CC2CC3CCCCC3C3CCC4CCCCC4C23)CC1
C1CCC(CCCCCC2CC3CCCCC3C2)CC1
C1CCC2CC(C3CCCC4CCCC43)CCC2C1
C1CCC2CCC3C4CCCC4CCC3C2CC1
C1CCC(CC2CC3CCCCC3CC3CCC4CCCCC4C32)CC1
C1CCC2C(C1)CCC1C2CCC2C3CCCC3CC21
C1CCC(CCC2CCC3C(CCC4C5CCCCC5CCC34)C2)CC1
C1CCC(CCCCC2CC3CCCCC3C2)CC1
C1CCC(C2CC3CCCC3C3CCC4CCCCCC4C23)CC1
C1CCC2CCC(C3CCCC4CCCC43)CC2CC1
C1CCC(C2C3CCCC3CC3CC4CCCC4CC32)CC1
C1CCC2CCC3C4CCCCC4CCC3C2CC1
C1CCC2C(C1)CCC1C2CCC2C3CCCCC3CC21
C(CCC1CCCC2CCCC12)CC1CC2CCCCC2C1
C1CCC(C2CCC3CC4C(CCC45CCCCC5)CC32)CC1
C1CCC2CCC3C4CCC(CCCC5CC6CCCCC6C5)C4CCC3C2CC1
C1CCC(CCC2CCC3C(CCC3C3CCCCC3)C2)CC1
C1CCC2CC(CC3CCCC4CCCC43)CCC2C1
C1CCC(C2CC3CCCC3C3CCC4CCCCC4C23)CC1
C1CCC(C2CCC3CC4C(CCC45CCCC5)CC32)CC1
C1CCC(CC2CCC3C(CCC3C3CCCCC3)C2)CC1
C1CCC2CC(CCCC3CCC4C3CCC3C5CCCCC5CCC43)CC2C1
C1CCC2C(C1)CC(C1CCCC3CCCC31)C1CCCC21
C1CCC(CC2CC3CCCCC3C3CCC4CCCCCC4C23)CC1
C1CCC(CCCCC(CC2CCC3C(CCC3C3CCCCC3)C2)C2CCCCC2)CC1
C1CCC(C2CCC3CCCC4(CCCCC4)C3C2)CC1
C1CCC2C(C1)CCC1C3CCCC3CCC21
C1CCC2CCC(C3CCCC4CCCC43)CC2CC1
C1CCC(C2CC3CCCCC3CC3CCCCC32)CC1
C1CCC2CCCC(CC3CC4CCCCC4C4CCC5CCCCC5C34)C2CC1
C1CCC(CCCC2CCC3C2CCC2C4CCCCC4CCCC32)C1
C1CCC(CCCCC2CC3CCCCC3C2)CC1
C1CCC(C2CC3CCCC3C3CCC4CCCCCC4C23)CC1
C1CCC(CC2CCCC(CC3CC4CCCCC4CC4CCC5CCCCC5C43)C2)CC1
C1CCC(C2CCC(CCCCCC3CCCC4C(C5CCCCC5)CCC34)C2)CC1
C1CC2CCCC2C(CC2CC3CCCCC3C3CCCC23)C1
C1CCC(CCCC2CCC3CCC(C4CCCC5CCCC54)CC3CC2)CC1
C1CCC(CCC2CCCC3CC4C(CC5CCCCC5)CCC4CC23)CC1
C1CCC(CCCCC2CC3CCCCC3C2)CC1
C1CCC(CCCCCC2CCC3CCCCC23)CC1
C1CCC(CCCCCC2CC3CCCCC3C2)CC1
C1CCC(CCCCC2CC3CCCCC3C2)CC1
C1CCC(C2CCC3CC4C(CCCC45CCCCC5)CC32)CC1
C1CCC2C(C1)CCC1CCCCC12
C1CCC(CCCC2CCC3C(CCC3C3CCCCC3)C2)CC1
C1CCC(C2CCC(CCCCCC3CCCC4C(C5CCCCC5)CCC34)C2)CC1
C1CCC(CCC2CCC3C(CCC3C3CCCCC3)C2)CC1
C1CCC(C2CC3CCCC3CC3CCC4CCCCC4C32)CC1
C1CCC(CCCCC2CC3CCCCC3C2)CC1
C1CCC(CC2CCC(CC(CC3CCCCC3)C3CCCCC3)CC2)CC1
C1CCC2CC(CC3CCCC4CCCC43)CCC2C1
C1CCC(C2CC3CCCC3C3CCC4CCCCC4C23)CC1
C1CCC(C2CC3CCCC3C3CCC4CCCCC4C23)CC1
C1CCC(CCC2CCC3C(CCC3C3CCCCC3)C2)CC1
C1CCC(CCCC(CC2CC3CCCCC3C2)C2CC2)CC1
C1CCC(CCCC2(CCC3CCCC3)CCCC3C4CCC5CCCCC5C4CCC32)CC1
C1CCC2CC(C3CCCC3)C3CCCCC3CC2C1
C1CCC2CC(C3CCCC4CCCC43)CCC2C1
C1CCC(CCCCCC2CC3CCCCC3C2)CC1
C(CCCC1CCCC2CCCC12)CCC1CCC2CCCCC2C1
C1CCC(C2CC3CCCCC3C3CCC4CCCCC4C23)CC1
C(CCCC1CCCC2CCCC12)CCC1CCCCC1
C(CCCC1CCCCC1)CCCC1CCC(CC2CCCCC2)C1
C1CCC(CCCCC2CC3CCCCC3C2)CC1
C1CCC2C(C1)CCCC1C3CCCC3CCC21
C(CCC1CCC2CCCCC2C1)CCC1CCCC2CCCCC12
C1CCC(CCC2CCC3C(CCC4C5CCCC5CC(CCC5CCCCC5)C34)C2)CC1
C1CCC(C2CC3CCCC3C3CCC4CCCCC4C23)CC1
C1CCC(C2CCC(C3CC4CCCC4C4CCC5CCCCC5C34)CC2)C1
C1CCC(CCC2CCC3C(CCC3C3CCCCC3)C2)CC1
C1CCC(CC2CC3CCCCC3C3CCC4CCCCC4C23)CC1
C1CCC2CCC3C4CCCCC4CC(CC4CCCC4)C3C2CC1
C1CCC(CCCCCC2CCCC3C(CC4CCCCC4)CCC23)CC1
C1CCC(C2CC3CCCC(C3)C3CCC4CCCCC4C32)CC1
C1CCC(CCC2CCCC3C2CCC(C2CCCCC2)C2C4CCCCC4CCC32)CC1
C1CCC(C2CCC(C3CC4CCCC4C4CCC5CCCCC5C34)CC2)C1
C1CCC(CCCCC2CCC3CCCCC23)CC1
C1CCC2C(C1)CCC1C3CCCC3CCC21
C1CCC(CCC(CC2CC2)CC2CC3CCCCC3C2)CC1
C1CCC(CCC2CCC3C(CCC3C3CCCCC3)C2)CC1
C1CCC(CC2CC3CCCCC3CC3CCC4CCCCC4C32)CC1
C(CCCCC1CCC(C2CCCCC2)C1)CCCC1CCCCC1
C1CCC2CCC(C3CCCC3)CC2CC1
C1CCC2CCC(C3CCCC4CCCC43)CC2CC1
C1CCC(CCCCC2CC3CCCCC3C2)CC1
C1CCC(CCCCCC2CC3CCCCC3C2)CC1
C1CCC(CCC2CCC3C(CCC3C3CCCCC3)C2)CC1
C1CCC(C2CC3CCCCC3C3CCC(CCCC4CCCC4)CC23)CC1
C1CCC(CCC2CCC3C(CCC3C3CCCCC3)C2)CC1
C(CCC1CCCC2CCCCC12)CC1CCC2CCCCC2C1
C(CCC1CCCC2CCCCC12)CCC1CCCC2CCCCC12
C1CCC(C2CC3CCCC3C3CCCC4CCCCC4C23)CC1
C1CCC(CC2CC3CCCCC3C3CCC4CCCCCC4C23)CC1
C1CCC(CC2CCC3C(CCC3C3CCCCC3)C2)CC1
C1CCC2CCC(C3CCCC4CCCC43)CC2CC1
C1CCC(C2CCC3CCCC3C3CCC4CCCCC4C23)CC1
C1CCC2CCC3C4CCCCC4CC(CC4CCCC4)C3C2CC1
C1CCC2C(C1)CCC1C3CCCC3CCC21
C1CCC(CCCCC2CC3CCCCC3C2)CC1
C1CCC(CCCCC2CCC3CCC(C4CCCC5CCCC54)CC3C2)CC1
C1CCC2CC3CCC4CCCCC4C3CCC2C1
C1CCC(CCCCC2CC3CCCCC3C2)CC1
C1CCC2CC(CC3CCCC4CCCC43)CCC2C1
C1CCC(CCC2CCC3C(CCC3C3CCCC(CC4CCCC4)C3)C2)CC1
C1CCC(CCC2CCCC(C3CCCC4C(C5CCCCC5)CCC34)C2)CC1
C1CCC(CCC2CCC3C(CCC3C3CCCCC3)C2)CC1
C1CCC(C2CCC3CC4C(CCC5C6CCC(CCCC7CC8CCCCC8C7)C6CCCC45)CC32)CC1
C1CCC(CC2CCC3C(CC4CCCCC4)CCC3C2)CC1
C(CCCC1CCCC2C(C3CCCCC3)CCC12)CCC1CCCCC1
C(CCC1CCCC2CCCCC12)CC1CCC2CCCCC2C1
C1CCC(CCCCC2CCC3CCCCC3C2)CC1
C1CCC(CCC2CCC3C(CCC3C3CCCCC3)C2)CC1
C1CCC(C2CCC3CC4C(CCC5C6CCC(CCCCC7CC8CCCCC8C7)C6CCC45)CC32)CC1
C1CCC(C2CC3CCCC3C3CCCC4CCCCC4C23)CC1
C1CCC2CC(C3CCCC4CCCC43)CCC2C1
C1CCC(CCCC2CCC(CCC3CCCCC3)CC2)CC1
C1CCC(C2CCC3CC4C(CCC45CCCC5)CC32)CC1
C1CCC(C2CC3C(CCC34CCCC4)C3CCC4CCCCCC4C23)CC1
C1CCC(CCCCCC2CC3CCCCC3C2)CC1
C1CCC2CCC3C4CCCC4CCC3C2CC1
C1CCC(CCCCCC2CCCC3C(CC4CCCCC4)CCC23)CC1
C1CCC(CCC2CCC3C(CCC3C3CCCCC3)C2)CC1
C1CCC(CCCCC2CC3CCCCC3C2)CC1
C1CCC(CCC(CCC2CCCCC2)CCC2CCC3CCCC3C2)CC1
C(CCCC1CCCCC1)CCCC1CCC(C2CCCCC2)C1
C1CCC(CCCCC2CCCC(C3CCC4CC(CCC5CCC6CCCCC6C5)CCC43)C2)CC1
C1CCC(C2CCC3(CCC4CC5C(CCC5C5CCCCC5)CC43)C2)CC1
C(CCC1CC2CCCCC2C1)CCC1CCCC2CCCC12
C1CCC(CCCCC2CCC3CCCCC23)CC1
C1CCC2CCC3C4CCCCC4CC(CC4CCCC4)C3C2CC1
C1CCC2C(C1)CCC1C3CCCC3CCC21
C1CCC(CCCCC2CC3CCCCC3C2)CC1
C1CCC(C2CCC3C(CCC3C3CCCCC3)C2)CC1
C1CCCC(CCCC2CCC3CCC(C4CCCC5CCCC54)CC3C2)CC1
C1CCC(CC2CC3CCCCC3C2C2CCCCC2)CC1
C1CCC2C(C1)CC(C1CCCC1)C1CCCCC21
C1CCC2CC3CCC4CCCC4C3CCC2C1
C1CCC(CCCCC2CC3CCCCC3C2)CC1
C(CCC1CCC2C(CCC3C4CCCC4CCC23)C1)CC1CCC(C2CCC(C3CC4CCCC4C4CCC5CCCCC5C34)CC2)CC1
C1CCC(CCC2CCC3C(CCC4C5CCCC5CCC34)C2)CC1
C1CCC(C2CCC3CCCCC3C3CCCCC23)CC1
C1CCC(CC2CCC3C(CCC3C3CCCCC3)C2)CC1
C1CCC2C(C1)CCCC2CCCC1CCC2C1CCC1C3CCCCC3CCCC21
C1CCC(C2CCC3CC4C(CCC32)CCC2C3CCC(CCCC5CC6CCCCC6C5)C3CCC42)CC1
C1CCC(CCC(CCC2CCC3CCCCC3C2)CC2CCCCC2)CC1
C1CCC2C(C1)CCC1C2CCC2C3CCCC3CC21
C1CCC2CC(C3CCCC3)C3CCCC3C2CC1
C1CCC(CC2CCC3C(CCC3C3CCCCC3)C2)CC1
C1CCC2CC(C3CCCC4CCCC43)CCC2C1
C(CCCC1CCCCC1)CCCC1CCC(C2CCCCC2)C1
C1CCC(C2CCC3CC4C(CCC45CCCC5)CC32)CC1
C1CCC(CC2CCCCC2CC2CC3CCCCC3C3CCC4CCCCC4C23)CC1
C1CCC(C2CCC(CCCCCC3(C4CCCCC4)CCC3)C2)CC1
C1CCC2CCC(C3CCCC3)CC2CC1
C1CCC(CCC2CCC3C(CCC4C5CCCC5CC(CCC5CCCCC5)C34)C2)CC1
C(CCC1CCC2CCCCC2C1)CCC1CCCC2CCCCC12
C(CCC1CCCC2CCCCC12)CC1CC2CCCCC2C1
C1CCC(C2CC3CCCC3C3CCC4CCCCC4C23)CC1
C1CCC(CCCCC2CCC3CCCCC23)CC1
C1CCC(C2CCC3C(CCCCCC4CCC(C5CCCC5)C4)CCCC23)CC1
C1CCC(CC2CCC(CC(CC3CCCCC3)C3CCCCC3)CC2)CC1
C1CCC(CCCC2CCC3C(CCC4C5CCCC5CCC34)C2)CC1
C1CCC(C2CCC(CCCCCC3(C4CCCC4)CCCC4CCCCC43)C2)CC1
C1CCC(CCC2CCC3C(CCC3C3CCCCC3)C2)CC1
C1CCC(C2CC3CCCC3C3CCC4CCCCC4C23)CC1
C1CCC(CCCC2CCCC3CC4C(CCC4C4CCCCC4)CC23)CC1
C1CCC(C2CC3CCCC3C3CCC4CCCCC4CC23)CC1
C1CCC(CCCC2CCCC(C3CCC4CC(CCC5CCC6CCCCC6C5)CCC43)C2)CC1
C1CCC(C2CC3CCCC3C3CCC4CCCCC4C23)CC1
C1CCC(C2CC3CCCC3C3CCC4CCCCC4C23)CC1
C1CCC(C2CCC(CCCCCC3CCCC4CCCCC34)C2)CC1
C1CCC(C2CC3CCCC3C3CCC4CCCCCC4C23)CC1
C1CCC(C2CCC3CC4C(CCC5CC6CCC(CCCC7CC8CCCCC8C7)C6CCC54)CC32)CC1
C1CCC(C2CCC3CC4C(CCC5C6CCCC(CCCC7CCC8CCCCC8C7)C6CCC45)CC32)CC1
C(CCCC1CCCC2C(C3CCCCC3)CCC12)CCC1CCCCC1
C1CCC(CC2CCCC2CC2CC3CCCCC3C3CCC4CCCCC4C23)CC1
C(CCC1CCC2C1CCC1C3CCCCC3CCC21)CC1CC2CCCCC2C1
C1CCC(CCCCC2CC3CCCCC3C2)CC1
C1CCC(C2CCCC3C(CCC4CCCCC43)C2)CC1
C1CCC(CC2CC3CCCCC3C3CCC4CCCCCC4C23)CC1
C1CCC(C2CCC3C(CCC4CCCCC43)C2)CC1
C1CCC2CC(C3CCCC4CCCC43)CCC2C1
C1CCC(C2CC3CCCC3C3CCCC4CCCCC4C23)CC1
C1CCC2CC(CCCC3CCC4C3CCC3C5CCCCC5CCC43)CC2C1
C1CCC(CC2CCC3C(CCC3C3CCCCC3)C2)CC1
C1CCC2CCC(C3CCCC4CCCC43)CC2CC1
C1CCC(CCC2CCC(C3CCC4C(CC5CCCCC5)CCC4C3)CC2)CC1
C1CCC(CC2CC3CCCCC3C3CCC4CCCCC4C23)CC1
C1CCC(C2C3CCCC3CC3CC4CCCCC4CC32)CC1
C1CCC(CCCCCC2CCC3CCCCC23)CC1
C1CCC(CCC2CC3CCCCC3C3CCC4CCCCC4C23)CC1
C1CCC(C2CC3C(CCC34CCCC4)C3CCC4CCCCC4C23)CC1
C1CCC(CCCCC2CCC3CCCCC23)CC1
C(CCCC1CCC(C2CCCCC2)C1)CCC1CCCCC1
C(CCC1CCCC2CCCCC12)CCC1CCCC2CCCCC12
C1CCC2CC(CCCC3CCC4C3CCC3C5CCCCC5CCCC43)CCC2C1
C1CCC(C2CCC3CC4C(CCC5C6CCC(CCCC7CCC8CCCCC8C7)C6CCCC45)CC32)CC1
C1CCC(CCC2CCC3C(CCC3C3CCCC(CC4CCCC4)C3)C2)CC1
C1CCC(CCC2(CCCCC3CCC4CCCCC4C3)CCC3C4CCC5CCCCC5C4CCC32)C1
C1CCC(C2CC3CCCC3C3CCC4CCCCC4C23)CC1
C(CCCC1CCCCC1)CCCC1CCC(CC2CCCCC2)C1
C1CCC(C2CCC3CC4C(CCCC45CCCCC5)CC32)CC1
C1CCC(C2CC3CCCC3C3CCC4CCCCC4CC23)CC1
C(CCC1CCCC2CCCC12)CC1CC2CCCCC2C1
C1CCC2C(C1)CCCC2CCCC1CCC2C1CCCC1C3CCCCC3CCC12
C1CCC(CCCCC2CC3CCCCC3C2)CC1
C1CCC(CC2CC3CCCCC3CC3CCC4CCCCC4C32)C1
C1CCC2CCC(C3CCCC4CCCC43)CC2CC1
C1CCC(CCCCC2CCC3CCC(C4CCCC5CCCC54)CC3C2)CC1
C1CCC2CC(CCCC3CCC4C3CCC3C5CCCCC5CCC43)CC2C1
C1CCC(CCCCC2CC3CCCCC3C2)CC1
C1CCC(CCCC2CCCCC2)CC1
C1CCC2CC(CCCC3CCC4C3CCCC3C5CCCCC5CCC34)CC2C1
C1CCC(CCC2CCC3C2CCC(C2CCCCC2)C2C4CCCCC4CCC32)CC1
C1CCC(C2C3CCCCC3CC3CC4CCCC4CC32)CC1
C1CCC2CC(C3CCCC4CCCC43)CCC2C1
C1CCC(CC2CC3CCCCC3C3CCC4CCCCC4C23)CC1
C1CCC2CC(C3CCCC4CCCC43)CCC2C1
C1CCC(CCCC2CCC3C2CCC(C2CCCCC2)C2C4CCCCC4CCC32)CC1
C1CCC(C2CC3CCCC3C3CCC4CCCCC4C23)CC1
C1CCC(CCCCCC2CCCC3C(C4CCCCC4)CCC23)CC1
C1CCC2CCC(C3CCCC4CCCC43)CC2CC1
C(CCC1CCCC2CCCC12)CC1CC2CCCCC2C1
C1CCC(C2CCC(CC3CCC4CCCCC4C4CCC5CCCCC5C34)CC2)CC1
C1CCC(CCC2CC3CCCC3C3CCCC4CCCCC4C23)CC1
C1CCC(CCC2CCC3C(CCC3C3CCCCC3)C2)CC1
C(CCCC1CCC2CCCC2C1)CCC1CCCCC1
C(CCC1CCC2CCCCC2C1)CCC1CCCC2CCCCC12
C1CCC(CC2CC3CCCCC3C3CCC4CCCCC4C23)CC1
C1CCC2CCC(C3CCCC4CCCC43)CC2CC1
C1CCC(CCCC2CCC3CCC(C4CCCC5CCCC54)CC3C2)CC1
C1CCC(CC2CC3CCCCC3C3CCC4CCCCCC4C23)CC1
C1CCC(C2CCC3CC4C(CCC32)CCC2C3CCC(CCCC5CC6CCCCC6C5)C3CCC42)CC1
C1CCC2C(C1)CCC1C3CCCC3CCC21
C(CCCC1CCCC2C(C3CCCCC3)CCC12)CCC1CCCCC1
C1CCC(CCCCC2CCCC3CCC(C4CCCC5CCCC54)CC23)CC1
C1CCC2C(C1)CCC1CCCCC12
C1CCC2CC(C3CCCC4CCCC43)CCC2C1
C1CCC(CC2CCC(CC3CC4CCCCC4C4CCC5CCCCC5C34)CC2)CC1
C(CCCC1(C2CCCCC2)CCC1)CCC1CCC(C2CCCCC2)C1
C1CCC(C2CCC(CCCCCC3CCCCC4CCCCC34)C2)CC1
C(CCCC1CCCCC1)CCC1CCCCC1
C1CCC(CCC2CCC3C(CCC4C5CCCC5CCC34)C2)CC1
C1CCC(CCC2CCC3C(CCC3C3CCCCC3)C2)CC1
C1CCC(CC2CCC3C(CCC3C3CCCCC3)C2)CC1
C1CCC(C2CCC3CCC4CCCCC4C3CC2)C1
C1CCC(CCCC2CCC3C(CCC3C3CCCCC3)C2)CC1
C1CCC(CCCCCC2CCC3CCCCC23)CC1
C1CCC2CC(C3CCCC4CCCC43)CCC2C1
C1CCC2CC(C3CCCC4CCCC43)CCC2C1
C1CCC(CCCCCC2CCCC3CCCC23)CC1
C1CCC2C(C1)CCC1C3CCCCC3CCC21
C1CCC(CCCCCC2CCC3CCCCC23)CC1
C1CCC2CC(CCCC3CCC4C3CCC3C5CCCCC5CCC43)CC2C1
C1CCC(CC2CC3CCCCC3C3CCC4CCCCCC4C23)CC1
C1CCC(CCC2CCC3C(CCC3C3CCCCC3)C2)CC1
C1CCC2C(C1)CC(C1CCCC3CCCCC31)C1CCCC21
C1CCC(C2CCCC3CCCC3C3CCC4CCCCC4C23)CC1
C1CCC(C2CC3CCCC3C3CCC4CCCCCC4C23)CC1
C1CCC(CCCCC2CC3CCCCC3C2)CC1
C1CCC2CC(C1)CCC1C3CCCC3CCC21
C1CCC(CCCCC2CC3CCCCC3C2)CC1
C1CCC(C2CC3CCCC3C3CCC4CCCCC4C23)CC1
C1CCC(CC2CCCC2CC2CC3CCCCC3C3CCC4CCCCCC4C23)CC1
C1CCC(CCCCCC2CC3CCCCC3C2)CC1
C1CCC(CCCC2CCC(CCC3CCCC(CC4CCCC4)C3)CC2)CC1
C1CCC(CCCCCC2CCCC3C(C4CCCCC4)CCC23)CC1
C1CCC(CCCCC2CC3CCCCC3C2)CC1
C1CCC(C2CCC3CC4C(CCCC5CCC5)CCCC4CC32)CC1
C1CCC(CCCCC2CCC3CCCCC23)CC1
C1CCC(CC2CCC3C(CCC3C3CCCCC3)C2)CC1
C1CCC(C2CC3CCCC3C3CCC4CCCCCC4C23)CC1
C1CCC(C2CCC3CCCCC3C3CCC(CCC4CCCC4)CC23)CC1
C(CCCC1CCCCC1)CCCC1CCC(C2CCCCC2)C1
C1CCC2CC(C3CCCC4CCCC43)CCC2C1
C(CCCC1CCCC2CCCCC12)CCC1CCC(C2CCCCC2)C1
C1CCC(CCC2CCC(C3CC3)CC2)CC1
C1CCC2C(C1)CCC1C3CCCCC3CCC21
C1CCC(CCCCCC2CCC3CCCCC23)CC1
C1CCC(CCC(CCC2CCC3CCCC3C2)CC2CCCCC2)CC1
C1CCC(CCCC2CCC(CCC3CCCCC3)CC2)CC1
C(CCC1CCCC2CCCCC12)CC1CCCC2CCCCC12
C1CCC(CC2CC3CCCC3C3CCC4CCCCC4C23)CC1
C1CCC2C(C1)CCC1C3CCCC3CCC21
C1CCC2CC(CCCC3CCCC4CCCCC43)CC2C1
C1CCC2CC(CC3CCCC4CCCC43)CCC2C1
C1CCC2CC(CCCC3CCC4C3CCC3C5CCCCC5CCC43)CC2C1
C1CCC(CCCCC2CCC3CCCCC23)CC1
C1CCC2C(C1)CCC1C3CCCC3CCC21
C(CCCC1CCCC2C(C3CCCCC3)CCC12)CCC1CC1
C1CCC2CCC3C4CCCCC4CC(CC4CCCC(C5CCCC5)C4)C3C2CC1
C1CCC(C2CCC3CC4C(CCC45CCCCC5)CC32)CC1
C1CCC(C2CCC3CC4C(CCC5C6CCCC6CCC45)CC32)CC1
C(CCC1CCCC2CCCC12)CC1CC2CCCCC2C1
C1CCC(C2CC3CCCCC3C3CCC4CCCCC4C23)CC1
C1CCC2CCC(C3CCCC4CCCC43)CC2CC1
C1CCC(CCCCC2CC3CCCCC3C2)CC1
C1CCC(CC23CCCCC2CCC2C4CCCC4CCC23)CC1
C1CCC(C2CCC3CCC4CCCCC4C3CC2)CC1
C1CCC(CCCCCC2CCC3CCCCC23)CC1
C1CCC(CCC2CCC3C(CCC3C3CCCCC3)C2)CC1
C1CCC(C2CC3CCCCC3C3CCC4CCCCC4C23)CC1
C1CCC2CC(CCCC3CCC4C5CCC6CCCCC6C(CCC34)C5)CC2C1
C1CCC2CC(C3CCCC4CCCC43)CCC2C1
C1CCC(CCCC2CCCC3CCC(C4CCCC5CCCC54)CC3C2)CC1
C1CCC2C(C1)CCC1C3CCCC3CCC21
C1CCC2CC(C3CCCC4CCCC43)CCC2C1
C1CCC(CCC2(CCCC3CCC4CCCCC4C3)CCC3C4CCC5CCCCC5C4CCC32)C1
C1CCC(C2CCC3CC4C(CCC32)CCC42CCCCC2)CC1
C1CCC(CC2CCC(CC(CC3CCCCC3)C3CCCCC3)CC2)CC1
C1CCC2C(C1)CCC1C3CCCC3CCC21
C1CCC(C2CCC3CCCCC3C3CCCCC23)CC1
C(CCC1CCC2CCCCC2C1)CCC1CCCC2CCCCC12
C(CCC1CC2CCCCC2C1)CCC1CCCC2CCCC12
C1CCC(CC2CC3CCCCC3CC3CCC4CCCCC4C32)C1
C1CCC(C2CCC3CCC4CCCCC4C3CC2)CC1
C1CCC(CCCCCC2CC3CCCCC3C2)CC1
C1CCC(C2CCC3C(CCCCCC4CCC(C5CCCC5)C4)CCCC23)CC1
C1CCC(CCCCC2CCC3CCCCC23)CC1
C1CCC2CC(C3CCCC4CCCC43)CCC2C1
C1CCC(CC2CC3CCCCC3CC3CCC4CCCCC4C32)C1
C1CCC(C2CCC(CCCCCC3CCCC4C(C5CCCCC5)CCC34)C2)CC1
C1CCC(CCCCC2(CCC3CCCC3)CCC3C4CCC5CCCCC5C4CCC32)CC1
C1CCC(CCCC2CCC3CCC(C4CCCC5CCCC54)CC3C2)CC1
C1CCC(CCC(CC2CCC3C(CCC3C3CCCCC3)C2)C2CCCCC2)CC1
C1CCC(C2CC3CCCC3C3CCC4CCCCC4C23)CC1
C1CCC(CC2CCC(CC(CC3CCCCC3)C3CCCCC3)CC2)CC1
C1CCC2CC(C3CCCC4CCCC43)CCC2C1
C1CCC(CC2CC3CCCCC3C3CCC4CCCCCC4C23)CC1
C1CCC(CC2CCCC(CC3CCC4CCCCC4C4CCC5CCCCC5C34)C2)CC1
C1CCC(CC2CC3CCCC3C3CCC4CCCCC4C23)CC1
C1CCC(CC2CC3CCCCC3C3CCC4CCCCCC4C23)CC1
C1CCC(CC(CC2CCCCC2)C2CCCCC2)CC1
C1CCC(C2CCC3CC4C(CCC5C6CCCC6CCCC45)CC32)CC1
C1CCC(C2CCC3CC4C(CCC32)CCC2C3CCC(CCCC5CCC6CCCCC6C5)C3CCC42)CC1
C1CCC(C2CCC3CCCC3C3CCC4CCCCC4C23)CC1
C1CCC2CCC3C4CCCCC4CC(CC4CCCC5CCCCC54)C3C2CC1
C1CCC2CCC(C3CCCC4CCCC43)CC2CC1
C1CCC(C2CCC3CCCC3C3CCC4CCCCC4C23)CC1
C1CCC(CCCCCC2CCC3CCCCC23)CC1
C1CCC2CC(C3CCCC4CCCC43)CCC2C1
C1CCC(C2CC3CCCC3C3CCC4CCCCC4C23)CC1
C1CCC(CCCCCC2CC3CCCCC3C2)CC1
C1CCC(CCC2CCC3C(CCC3C3CCCCC3)C2)CC1
C1CCC2CCC(C3CCCC4CCCC43)CC2CC1
C1CCC(C2CCC(CC3CC4CCCCC4C4CCC5CCCCC5C34)CC2)CC1
C(CCC1CCC2CCCCC2C1)CCC1CCCC2CCCCC12
C1CCCC(C2CC3CCCC3C3CCC4CCCCC4C23)CC1
C1CCC(C2CCC3CC4C(CC5CC6CCCCC6C5)CCCCC4CC32)CC1
C1CCC(CCC2CCC3C(CCC3C3CCCCC3)C2)CC1
C1CCC(CCCCCC2CCCC3C2CCC3C2CCCC(CC3CCCC3)C2)CC1
C1CCC2C(C1)CCC1C2CCC2C3CCCC3CCC21
C1CCC(C2CCC3CCCC3C3CCC4CCCCC4C23)CC1
C1CCC(C2CCC(CCCCCC3CCCC4CCCCC34)C2)CC1
C1CCC(C2CC3CCCCC3C3CCCCC3C2)CC1
C1CCC(CCCCC2CC3CCCCC3C2)CC1
C1CCC(CCC(CC2CC3CCCCC3C2)C2CCCC2)CC1
C1CCC(CCCCC2CC3CCCCC3C2)CC1
C1CCC(CCCCC2CCCC(C3CCC4CC(CCC5CCC6CCCCC6C5)CCC43)C2)CC1
C1CCC(CC2CCC3CCCCC3C3CCC4CCCCC4C23)C1
C1CCC(CCCCCC2CCC3CCCCC23)CC1
C1CCC(C2CCC3CC4C(CCC45CCCCC5)CC32)CC1
C1CCC(CCC(CC2CCCCC2)C2CCCCC2)CC1
C1CCC(CCCCCC2CC3CCCCC3C2)CC1
C(CCC1CCCC2CCCC12)CC1CC2CCCCC2C1
C1CCC(CCCC2CCC(C3CCC4C(CCC4C4CCCCC4)C3)CC2)CC1
C1CCC(CCCCC2CCC3C2CCC2C4CC5CCC(C6CCCCC6)C5CC4CCC32)CC1
C1CC(C2CCC(C3CC4CCCC4C4CCC5CCCCC5C34)CC2)C1
C1CCC(CCC2CCC(C3CCC4C(CCC4C4CCCCC4)C3)CC2)CC1
C1CCC(CC2CC3CCCCC3C3CCC4CCCCCC4C23)CC1
C1CCC2C(C1)CCC1C3CCCC3CCC21
C1CCC(CCCC2CCCC(C3CCC4CC(CCC5CCC6CCCCCC6C5)CCC43)C2)CC1
C1CCC(CC2CC3CCCCC3C3CCC4CCCCCC4C23)CC1
C(CCC1CCCC2CCCC12)CC1CC2CCCCC2C1
C1CCC(CCC(CC2CC3CCCCC3C2)C2CC2)CC1
C(CCC1CCCC2CCCCC12)CC1CCC2CCCCC2C1
C(CCC1CCCCC2CCCCC12)CC1CCC2CCCCC2C1
C1CCC(CCC2CCC3C(CCC3C3CCCCC3)C2)CC1
C1CCC2C(C1)CCC1C3CCCCC3CCC21
C1CCC(C2CC3CCCC3C3CCC4CCCCCC4C23)CC1
C1CCC(CCCCC2CC3CCCCC3C2)CC1
C1CCC(CCCCCC2CCC3CCCCC23)CC1
C(CCCC1CCCC2C(C3CCCCC3)CCC12)CCC1CCCCC1
C(CCC1CCCC2CCCC12)CC1CC2CCCCC2C1
C1CCC(CCC2CCC3C(CC4CCCCC4)CCC3C2)CC1
C1CCC(CCCCCC2CCC3CCCCC3C2)CC1
C1CCC2CC(CCCC3CCC4C3CCC3C5CCCCC5CCC43)CC2C1
C1CCC(CCC2CCC3C2CCCC(C2CCCCC2)C2C4CCCCC4CCC32)CC1
C(CCCC1CCCCC1)CCCC1CCC(C2CCCCC2)C1
C1CCC(C2CC3CCCC3C3CCC4CCCCCC4C23)CC1
C1CCC(C2CCC3C(CCC4CCCCC43)C2)CC1
C1CCC(CCCCC2CC3CCCCC3C2)CC1
C1CCC(C2CCC3(CCC4CC5C(CCC5C5CCCCC5)CC43)C2)CC1
C1CCC(C2CCC3CC4C(CCC45CCCCCC5)CC32)CC1
C1CCC(C2CC3CCCC3C3CCC4CCCCCC4C23)CC1
C1CCC(CCCCCC2CCCC3C(CC4CCCCC4)CCC23)CC1
C(CCC1CCC2C1CCC1C3CCCCC3CCC21)CC1CC2CCCCC2C1
C1CCC2C(C1)CCC1C3CCCCC3CCC21
C(CCCC1CCCCC1)CCCC1CCC(C2CCCCC2)C1
C1CCC(C2CCC3CC4C(CCCC45CCCCC5)CC32)CC1
C(CCC1CCC2CCCCC2C1)CCC1CCCC2CCCCC12
C1CCC(C2CCC3CC4C(CCC45CCCCC5)CC32)CC1
C1CCC(C2CC3CCCC3C3CCCC4CCCCC4C23)CC1
C1CCC(CCC2CCC(CCC3CCCC(CC4CCCC4)C3)CC2)CC1
C1CCC(C2CCC3CC4C(CCC45CCCCC5)CC32)CC1
C1CCC(CCC2CCC3C(CCC3C3CCCCC3)C2)CC1
C1CCC(CC2CC3CCCCC3C3CCC4CCCCC4C23)C1
C1CCC2C(C1)CCC1C3CCCCC3CCC21
C1CCC(C2CC3CCCC3C3CCC4CCCCC4C23)CC1
C1CCC2CCC(C3CCCC4CCCC43)CC2CC1
C1CCC(CCCC(CC2CC3CCCCC3C2)C2CCCC2)CC1
C(CCC1CC2CCCCC2C1)CCC1CCCC2CCCC12
C1CCC(CCCCCC2CC3CCCCC3C2)CC1
C1CCC2CCC3C(CCC4C3CCC4(CCCC3CC4CCCCC4C3)CCC3CCCC3)C2CC1
C1CCC(CCCCC2CCC3CCCCC23)CC1
C1CCC(C2CC3CCCCC3C3CCC4CCCCC4C23)CC1
C(CCC1CCC2CCCCC2C1)CCC1CCCC2CCCCC12
C1CCC2C(C1)CCCC1CCCCC12
C1CCC(CCC(CC2CCCCC2)C2CCCCC2)CC1
C1CCC(CCC2CCC3C(CCC3C3CCCCC3)C2)CC1
C1CCC(CCCC2CCCC3CCC(C4CCCC5CCCC54)CC3C2)CC1
C1CCC(CCCCC2CC3CCCCC3C2)CC1
C1CCC(C2CCC3CC4C(CCC45CCCCCC5)CC32)CC1
C1CCC(CCC(CC2CCC3C(CCC3C3CCCCC3)C2)C2CCCCC2)CC1
C1CCC(CC2CC3CCCCC3C3CCC4CCCCC4C23)C1
C1CCC2CCC3CCCCC3C2CC1
C1CCC(C2CCC3CCC4C(CCC5C6CCC(CCCC7CC8CCCCC8C7)C6CCC45)CC32)CC1
C1CCC(C2CCC3CCC4(CCCCCC4C4CCCCC4)CCC32)CC1
C(CCCC1CCCC2C(C3CCCCC3)CCC12)CCC1CCCCC1
C1CCC(CCCC(CC2CC3CCCCC3C2)C2CC2)CC1
C1CCC(CCCCCC2CC3CCCCC3C2)CC1
C1CCC(CCC2CCC3C(CCC4CCCCC43)C2)CC1
C(CCC1CCC2C1CCC1C3CCCCC3CCC21)CC1CC2CCCCC2C1
C1CCC(C2CCC3CCC4CCCCC4C3CC2)CC1
C1CCC2CCC3C4CCC(CCCC5CCCC6CCCCC65)C4CCC3C2CC1
C1CCC(CCCC2CCCC(C3CCC4CC(CCC5CCC6CCCCC6C5)CCC43)C2)CC1
C1CCC(CCCCC2CC3CCCCC3C2)CC1
C1CCC2CC(C3CCCC4CCCC43)CCC2C1
C1CCC(C2CCC3C(CCC4CCCCC43)C2)CC1
C1CCC(C2CCC3CC4C(CCC5C6CCC(CCCC7CCC8CCCCC8C7)C6CCCC45)CC32)CC1
C1CCC(CCCCC2CCC3CCCCC23)CC1
C1CCC(CCCCCC2CC3CCCCC3C2)CC1
C1CCC(CC2CC3CCCCC3C3CCC4CCCCCC4C23)CC1
C1CCC2CCC(C3CCCC4CCCC43)CC2CC1
C1CCC(CCCC(CCC2CCC3CCCC3C2)CC2CCCCC2)CC1
C1CCC(CCC(CCCC2CCC3CCCC3C2)CC2CCCCC2)CC1
C1CCC(C2CCC3CC4(CCCCCC4C4CCCCC4)CCC32)CC1
C1CCC(C2CC3CCCC3C3CCC4CCCCCC4C23)CC1
C1CCC(CCCCC2CCC3CCCCC23)CC1
C1CCC(C2CC3CCCC3C3CCCC4CCCCC4C23)CC1
C(CCC1CC2CCCCC2C1)CCC1CCCC2CCCC12
C1CCC2CCC(C3CCCC4CCCC43)CC2CC1
C(CCCC1CCCC2C(C3CCCCC3)CCC12)CCC1CCCCC1
C1CCC(C2CCC3CCC4C(CCC45CCCCC5)CC32)CC1
C1CCC(CCC2CCC3C(CCC4CC5CCCC5CC(CCC5CCCCC5)C43)C2)CC1
C1CCC(CCCC2CCCC3CCCCC32)C2CCCCC2C1
C1CCC(CCC2CCC3C(CCC3C3CCCCC3)C2)CC1
C1CCC(CC2CC3CCCCC3CC3CCC4CCCCC4C32)C1
C1CCC2CCC3C4CCCCC4CC(CC4CCCC4)C3C2CC1
C(CCC1CC2CCCCC2C1)CCC1CCCC2CCCC12
C1CCC(CCCCC2CCC3CCCCC23)CC1
C1CCC(CCCCCC2CC3CCCCC3C2)CC1
C1CCC(CCC2CCC3C(CCC3C3CCCCC3)C2)CC1
C1CCC(CCC2CCC3C(CCC3C3CCCCC3)C2)CC1
C1CCC2CCC(C3CCCC4CCCC43)CC2CC1
C1CCC(CCCCC2CCC3CCC(C4CCCC5CCCC54)CC3C2)CC1
C(CCC1CCCC2CCCCC12)CC1CCC2CCCCC2C1
C1CCC2CCC3CCCCC3C2CC1
C(CCCC1CCC2CCCC2C1)CCC1CCCCC1
C(CCCCC1CCC(C2CCCCC2)C1)CCCC1CCCCC1
C(CCC1CCCC2CCCCC12)CCC1CCCC2CCCCC12
C1CCC2CC(C3CCCC4CCCC43)CCC2C1
C1CCC(C2CCC(CCCCCC3(C4CCCCC4)CCC3)C2)CC1
C1CCC(CCC(CC2CCC(CC3CCCCC3)CC2)C2CCCCC2)CC1
C1CCC2C(C1)CCC1C3CCCC3CCC21
C1CCC(C2CCC3CC4C(CCCC45CCCCC5)CC32)CC1
C1CCC(CCCCCC2CC3CCCCC3C2)CC1
C(CCCC1CCCC2CCCC12)CCC1CCC2CCCCC2C1
C1CCC2C(C1)CCC1C2CCC2C3CCCC3CC21
C1CCC(C2CC3CCCC3C3CCC4CCCCCC4C23)CC1
C1CCC2C(C1)CCC1C3CCCC3CCC21
C1CCC(C2CCC3CC4C(CCCC45CCCC5)CC32)CC1
C1CCC(CCC2CCC3C(CCC3C3CCCC(CC4CCCC4)C3)C2)CC1
C(CCCC1(C2CCCC2)CCCC2CCCCC21)CCC1CCC(C2CCCCC2)C1
C1CCC2C(C1)CCC1C3CCCC3CCC21
C1CCC(CC2CCCC2CC2CC3CCCCC3C3CCC4CCCCCC4C23)CC1
C1CCC(CCC2CCC3C(CCC3C3CCCCC3)C2)CC1
C1CCC2C(C1)CCC1CC3CC4CCCC4C3CCC12
C1CCC(CCCCCC2CCCC3C(CC4CCCCC4)CCC23)CC1
C1CCC(C2CCC3CCC4(CCCCC4)C3C2)CC1
C1CCC(CC2CCC3C(CCC3C3CCCCC3)C2)CC1
C1CCC(C2CCC3CC4C(CCC5C6CCC(CCCC7CC8CCCCC8C7)C6CCCC45)CC32)CC1
C1CCC(CCC(CC2CC3CCCCC3C2)C2CC2)CC1
C1CCC(C2CC3CCCC3C3CCC4CCCCC4C3C2)CC1
C1CCC(CC2CCC3C(CCC3C3CCCCC3)C2)CC1
C(CCCC1CCCC2C(C3CCCCC3)CCC12)CCC1CCCCC1
C1CCC(CCC2CCC(CCC3CCCC(CC4CCCC4)C3)CC2)CC1
C1CCC2CCC(C3CCC4CCCCC43)CC2CC1
C1CCC(C2CC3CCCC3C3CCC4CCCCCC4C23)CC1
C1CCC(CC2CCC3CCC(C4CCCC4)C3C2)C1
C1CCC(CC2CCC3C(CCC3C3CCCCC3)C2)CC1
C1CCC(CCCCCC2CCC3CCCCC23)CC1
C1CCC(CCCCCC2CCC3CCCCC23)CC1
C1CCC(C2CC3CCCC3C3CCC4CCCCCC4C23)CC1
C(CCC1CC2CCCCC2C1)CCC1CCCC2CCCC12
C1CCC(CCC2CCC(CCC3CCCC(CC4CCCCC4)C3)CC2)CC1
C1CCC(CC2CCC3C(CCCCCC4CCC(C5CCCC5)C4)CCCC23)CC1
C1CCC(C2CCC3(CCCC4CC5C(CCC5C5CCCCC5)CC43)C2)CC1
C1CCC(C2CCC3CCC4(CCCCCC4)C3C2)CC1
C1CCC2CCC3C4CCCCC4CCC3C2CC1
C1CCC2C(C1)CCC1CCCCC12
C1CCC(CC2CC3CCCC3C3CCC4CCCCC4C23)CC1
C1CCC(CC2CCC3C(CCC3C3CCCCC3)C2)CC1
C1CCC2CCC(C3CCCC4CCCC43)CC2CC1
C1CCC(CCCCCC2CCCC3C(C4CCCCC4)CCC23)CC1
C1CCC2C(C1)CCC1C2CCC2C3CCCC3CC21
C1CCC(CCCCCC2CCCC3C(C4CCCCC4)CCC23)CC1
C1CCC(CCCC2CCC3C(CCC4C5CCCC5CCC34)C2)CC1
C1CCC(CCCCC2CCCCC3CCC(C4CCCCC4)CC23)CC1
C1CCC(CC2CCCCCC23CCCC2C(CCC2C2CCCCC2)C3)CC1
C1CCC(C2CC3CCCCC3C3CCCCC3C2)CC1
C(CCCC1CCCCC1)CCCC1CCC(C2CCCCC2)C1
C1CCC(CCC2CCC3C(CCC4C5CCCC5CCCC34)C2)CC1
C(CCCCC1CCC(C2CCCCC2)C1)CCCC1CCCCC1
C1CCC2CCC(C3CCCC4CCCC43)CC2CC1
C(CCCC1CCCC2C(C3CCCCC3)CCC12)CCC1CCCCC1
C1CCC(CCCC2CCC3C2CCC2C4CCC5CCC(C6CCCCC6)C5CC4CCC32)CC1
C1CCC(C2CC3CCCC3C3CCCC4CCCCC4C23)CC1
C1CCC(CCC2(CCCC3CC4CCCCC4C3)CCC3C4CCC5CCCCC5C4CCC32)C1
C1CCC(CC2CCC3CCCCC3C3CCC4CCCCC4C23)C1
C1CCC(CCC(CC2CCCCC2)C2CCCCC2)CC1
C1CCC2C(C1)CC(C1CCCC3CCCC31)C1CCCC21
C1CCC(CCCCC2CC3CCCCC3C2)CC1
C1CCC2C(C1)CCC1C3CCCC3CCC21
C1CCC(CCCCCC2CC3CCCCC3C2)CC1
C1CCC(C2CCC3CCC4CCCCC4C3CC2)CC1
C1CCC(C2CCC3CC4(CCCCCC4C4CCCCC4)CCC32)CC1
C1CCC(CC(CC2CCCCC2)C2CCCCC2)CC1
C1CCC(CCCC2CCCC(C3CCC4CC(CCC5CCC6CCCCC6C5)CCC43)C2)CC1
C1CCC(C2CCC3CCCCC3C3CCCCC23)CC1
C1CCC2CCC(C3CCCC4CCCC43)CC2CC1
C1CCC(CCC2CCCC3CCC4C(CCC4C4CCCCC4)CC23)CC1
C1CCC(CCCCCC2CCC3CCCCC23)CC1
C1CCC(CCC(CC2CCCCC2)C2CCCCC2)CC1
C1CCC(CCCCCC2CC3CCCCC3C2)CC1
C1CCC(CCCCC2CC3CCCCC3C2)CC1
C1CCC(CC2CCC(CC(CC3CCCCC3)C3CCCCC3)CC2)CC1
C1CCC(CCC2CCC3C(CCC3C3CCCCC3)C2)CC1
C1CCC(CCCCC2CC3CCCCC3C2)CC1
C1CCC(CCCCC2CC3CCCCC3C2)CC1
C1CCC(CCCCC2CC3CCCCC3C2)CC1
C1CCC(C2CCC3CC4C(CCCC45CCCC5)CC32)CC1
C1CCC(C2CCC3C(CCC3C3CCCCC3)C2)CC1
C1CCC(C2CC3CCCCC3C3CCC4CCCCC4C23)CC1
C1CCC(CCCC2CCC(CCC3CCCC(CC4CCCC4)C3)CC2)CC1
C(CCCCCCC1CCC2C1CCC1C3CCCCCC3CCC21)CCCCCC1CCC(CCC2CCC(CCC3CCCC3)C2)C1
C1CCC(C2CC3CCCC3C3CCC4CCCCC4C23)CC1
C1CCC(CCCCC2CCC3CCCCC23)CC1
C1CCC2C(C1)CCCC2CCCC1CCCC2CCCCC21
C(CCC1CCC2CCCCC2C1)CCC1CCCC2CCCCC12
C1CCC(CC2CCC3C(CCC3C3CCCCC3)C2)CC1
C(CCCC1CCCCC1)CCCC1CCC(C2CCCCC2)C1
C1CCC(CCCCCC2CC3CCCCC3C2)CC1
C(CCC1CCC(C2CCCC2)C1)CCC1CCCC2CCCCC12
C1CCC(CCCCC2CC3CCCCC3C2)CC1
C1CCC(CCCCC2CC3CCCCC3C2)CC1
C(CCCC1CCCCC1)CCCC1CCC(C2CCCCC2)C1
C1CCC(CCCC2CCC3C(CCC3C3CCCCC3)C2)CC1
C(CCCC1CCCC2C(C3CCCCC3)CCC12)CCC1CCCCC1
C1CCC(C2CCC3CC4C(CC5CC6CCCCC6C5)CCCCC4CC32)CC1
C1CCC(CCCCCC2CCCC3C(C4CCCCC4)CCC23)CC1
C1CCC(C2CC3CCCC(C3)C3CCC4CCCCC4C32)CC1
C1CCC(CCCCC2CC3CCCCC3C2)CC1
C1CCC(CCC2CCC3C(CCC3C3CCCCC3)C2)CC1
C1CCC2CCC(C3CCCC4CCCC43)CC2CC1
C1CCC2CCC3C4CCCCC4CC(CC4CCCC5CCCCC54)C3C2CC1
C1CCC2C(C1)CCC1C3CCCC3CCC21
C1CCC(CCC2CCC(CCC3CCCCC(CC4CCCC4)C3)CC2)CC1
C1CCC(CCCCC2CC3CCCCC3C2)CC1
C1CCC(CC2CC3CCCCC3C3CCC4CCCCC4C23)C1
C1CCC(C2CCC3CCCC3C3CCC4CCCCC4C23)CC1
C(CC1CCC2CCCC2C1)CC1CCC2CCC(CC3CCCC4CCCC43)CC2C1
C(CCC1CCCC2CCCC12)CC1CC2CCCCC2C1
C1CCC(CCCCC2CCC3CCCCC23)CC1
C(CCCC1CCCCC1)CCCC1CCC(C2CCCCC2)C1
C1CCC(CCCCCC2CC3CCCCC3C2)CC1
C1CCC(CCCCC2CCC3CCCCC3C2)CC1
C1CCC2CC(C3CCCC4CCCC43)CCC2C1
C1CCC(CCCC2CCC(C3CCC4C(CC5CCCCC5)CCC4C3)CC2)CC1
C1CCC2CCC3C4CCCCC4CC(CC4CCCC4)C3C2CC1
C1CCC(CCCC2CCCC3CCC(C4CCCC5CCCC54)CC3C2)CC1
C(CCC1CCCC2CCCC12)CC1CC2CCCCC2C1
C1CCC2CC(C3CCCC4CCCC43)CCC2C1
C1CCC(CCCCC2CC3CCCCC3C2)CC1
C1CCC(CCCCC2CCCCC3CCC(C4CCCCC4)CC23)CC1
C1CCC(CCCCCC2CCC3CCCCC23)CC1
C1CC2CCC3C(CCCC4CCC5CC5C43)C2C1
C1CCC2CC3CCC(C4CCCCC4)C3CC2CC1
C1CCC(C2CCC(CCCCCC3CCCCC4CCCCC34)C2)CC1
C1CCC(CCCCCC2CCCC3C(C4CCCCC4)CCC23)CC1
C1CCC(CCC2CCC3C(CCC3C3CCCCC3)C2)CC1
C1CCC(CCCCCC2CC3CCCCC3C2)CC1
C1CCC2CCC(C3CCCC3)CC2CC1
C1CC2CCC3C(CCC4CCCCC43)CC2C1
C1CCC(CCCCCC2CC3CCCCC3C2)CC1
C1CCC(CCCC2CC3CCCCC3C2C2CCCCC2)CC1
C1CCC(CC2CC3CCCCC3C3CCC4CCCCCC4C23)CC1
C1CCC(CCCC2CCC3CCC(C4CCCC5CCCC54)CC3C2)CC1
C1CCC(C2CC3CCCC3C3CCC4CCCCC4C23)CC1
C1CCC2CC(CC3CCCC4CCCC43)CCC2C1
C1CCC(CCC2CCC3C(CCCC4CC(C5CCCCC5)CCC43)C2)CC1
C1CCC(C2CCC3CC4C(CCC5C6CCC(CCCC7CCC8CCCCC8C7)C6CCC45)CC32)CC1
C1CCC(CCC2CCC3C(CCC3C3CCCCC3)C2)CC1
C(CCC1CCCC2CCCC12)CC1CC2CCCCC2C1
C1CCC(C2CCC3C(CCCCCC4CCC(C5CCCC5)C4)CCCC23)CC1
C(CCC1CC2CCCCC2C1)CCC1CCCC2CCCC12
C1CCC(C2CCC3CC4C(CCC45CCCCCC5)CC32)CC1
C1CCC(C2CCC3CC4C(CCC5C6CCC(CCCC7CCCC8CCCCC87)C6CCC45)CC32)CC1
C1CCC(CCC2CCC3C(CCC3C3CCCCC3)C2)CC1
C1CCC(CCCCCC2CC3CCCCC3C2)CC1
C1CCC(CC2CCCC(C3CCC4CC(CCC5CCC6CCCCC6C5)CCC43)C2)C1
C1CCC(CC2CC3CCCCC3C3CCC4CCCCC4C23)C1
C1CCC(CCCCC2CC3CCCCC3C2)CC1
C1CCC(C2CCC3CC4C(CCCCC45CCCC5)CC32)CC1
C1CCC(CC2CC3CCCCC3C3CCC4CCCCCC4C23)CC1
C1CCC2CCC3C4CCCCC4CC(CC4CCCC4)C3C2CC1
C1CCC(CCCCC2CCC3CCCCC23)CC1
C1CCC2CCC(C3CCCC4CCCC43)CC2CC1
C1CCC2C(C1)CCCC1C3CCCC3CCC21
C(CCCC1CCCCC1)CCCC1CCC(C2CCCCC2)C1
C1CCC(CCC2(CCCC3CC4CCCCC4C3)CCCC3C4CCC5CCCCC5C4CCC32)C1
C1CCC(C2CC3CCCC3C3CCC4CCCCCC4C23)CC1
C1CCC(C2CC3C(CCC4CC4)CCC3C3CCC4CCCCC4C23)CC1
C1CCC(CC2CCC3C(CCC3C3CCCCC3)C2)CC1
C1CCC2C(C1)CCC1C3CCCC3CCC21
C1CCC2CCC(CCC3CCC4C(CCC4C4CCCC(CC5CCCC5)C4)C3)CC2CC1
C(CCC1CCCC2CCCC12)CC1CC2CCCCC2C1
C1CCC(CCC2CCC(CCC3CCCC(CC4CCCC4)C3)CC2)CC1
C1CCC(CCC2CCC3C(CCC3C3CCCCC3)C2)CC1
C1CCC(CCCCC2CC3CCCCC3C2)CC1
C1CCC(C2CC3CCCC3C3CCC4CCCCC4C23)CC1
C1CCC(CC2CC3CCCCC3CC3CCC4CCCCC4C32)C1
C(CCCC1CCCCC1)CCCC1CCC(C2CCCCC2)C1
C1CCC2CC(CCCC3CCC4C3CCC3C5CCCCC5CCC43)CC2C1
C(CCC1CCCC2CCCCC12)CC1CCC2CCCCC2C1
C1CCC(CCCCCC2CC3CCCCC3C2)CC1
C1CCC(CC2CC3CCCCC3C3CCC4CCCCCC4C23)CC1
C1CCC(CCC2CCC(CCC3CCCC(CC4CCCC4)C3)CC2)CC1
C1CCC(CC2CC3CCCCC3C3CCC4CCCCC4C23)CC1
C1CCC(CCC2CCC3C(CCC3C3CCCCC3)C2)CC1
C1CCC(C2CCC3CC4C(CC5CCC6CCCCC65)CCCC4CC32)CC1
C1CCC(CCCC(CCC2CCC3CCCC3C2)CC2CCCCC2)CC1
C(CCCC1CCCC2C(C3CCCCC3)CCC12)CCC1CCC(C2CCCC2)C1
C1CCC(C2CC3CCCC3C3CCC4CCCCCC4C23)CC1
C1CCC2C(C1)CCC1C3CCCCC3CCC21
C1CCC(C2CC3CCCC3C3CCC4CCCCC4C23)CC1
C1CCC(CC2CC3CCCCC3C3CCC4CCCCC4C3C2)CC1
C1CCC(CCCCC2CCC3C2CCC2C4CCCCCC4CCC32)CC1
C1CCC(CCC2CCC3C(CCC3C3CCCC(CCC4CCCC4)C3)C2)CC1
C1CCC(CCCCC2CCC3CCCCC23)CC1
C1CCC(CCCC2CCC(CC3CCC4C(CCC4C4CCCCC4)C3)CC2)CC1
C1CCC(C2CCC3CC4C(CCC5C6CCC(CCCC7CCC8CCCCC8C7)C6CCC45)CC32)CC1
C1CCC(CCCC2CCC3C(CCC3C3CCCCC3)C2)CC1
C1CCC(C2CCC3CCCC3C3CCC4CCCCC4C23)CC1
C1CCC2CC(C3CCCC4CCCC43)CCC2C1
C1CCC(CCCCC2CC3CCCCC3C2)CC1
C1CCC(C2CCC3CC4(CCCCC4C4CCCCC4)CCCC32)CC1
C(CCCC1CCCC2C(C3CCCCC3)CCC12)CCC1CCCCC1
C1CCC(CCCCC2CC3CCCCC3C2)CC1
C1CCC(CCCC(CCC2CCC3CCCC3C2)CC2CCCCC2)CC1
C1CCC(C2CC3CCCC3C3CCCC4CCCCC4C23)CC1
C(CCC1CCCC2CCCCC12)CC1CC2CCCCC2C1
C1CCC(CCC2(CCCC3CC4CCCCC4C3)CCC3C4CCC5CCCCC5C4CCC32)C1
C1CCC2C(C1)CCC1CCCCC12
C1CCC(CC2CCC3CC4C(CCCC5CC5)CCCC4CC23)CC1
C1CCC(C2CC3CCCC3C3CCC4CCCCC4C23)CC1
C1CCC(CC2CC3CCCCC3C3CCC4CCCCC4C23)C1
C(CCC1CCCC2CCCCC12)CC1CCCC2CCCCC12
C1CCC(C2CCC3C(CCC4CCCCC43)C2)CC1
C(CCC1CC2CCCCC2C1)CCC1CCCC2CCCC12
C1CCC2CCC3CCCCC3C2CC1
C1CCC(CC2CCC3CCCCC3C3CCC4CCCCC4C23)CC1
C1CCC2CC(C3CCCC4CCCC43)CCC2C1
C1CCC(CCCCC2CC3CCCCC3C2)CC1
C1CCC(CCC2CCCC3CC4C(CC5CCCCC5)CCC4CC23)CC1
C1CCC(CCC2CCC(C3CC3)CC2)CC1
C1CCC2CC(C3CCCC4CCCC43)CCC2C1
C1CCC(CC2CC3CCCCC3CC3CCC4CCCCC4C32)C1
C1CCC(CCCCC2CC3CCCCC3C2)CC1
C1CCC(CC2CCC3CCCCC3C3CCC4CCCCC4C23)CC1
C(CC1CCC2CCCC2C1)CC1CCC2CCC(CC3CCCC4CCCC43)CC2C1
C(CCCC1CCCCC1)CCCC1CCC(C2CCCCC2)C1
C1CCC(CCCCC2CC3CCCCC3C2)CC1
C1CCC(CCCCC2CCC3CCCCC23)CC1
C1CCC(CCC2CCC(CCC3CCCC(CC4CCCC4)C3)CC2)CC1
C1CCC(CCCC2CCC(C3CCCC4C(C5CCCCC5)CCC34)C2)CC1
C1CCC2C(C1)CCCC2CCCC1CCCC2CCCCC21
C1CCC(CCC2CCCCC2)CC1
C1CCC(CCC2CCC(C3CCC4C(CCC4C4CCCCC4)C3)CC2)CC1
C(CCC1CCCC2CCCC12)CC1CC2CCCCC2C1
C(CCC1CCCC2CCCC12)CC1CC2CCCCC2C1
C1CCC(CC(CC2CCCCC2)C2CCCCC2)CC1
C1CCC(CCCC2CC3CCCCC3C2C2CCCCC2)CC1
C1CCC(C2CCCC3CCCC3C3CCC4CCCCC4C23)CC1
C1CCC(C2CCCC3C(CCC4CCCCC43)C2)CC1
C1CCC(CCCCC2CC3CCCCC3C2)CC1
C1CCC2C(C1)CCCC1CCCCC12
C1CCC2CC(C3CCCC4CCCC43)C3CCCC3C2CC1
C(CCCC1CCCCC1)CCCC1CCC(C2CCCCC2)C1
C1CCC2CCC3C4CCCC4CCC3C2CC1
C1CCC(CCCCC2CCCC3CCC(C4CCCCC4)CC23)CC1
C1CCC(C2CCC3CC4(CCCCCC4C4CCCCC4)CCCC32)CC1
C1CCC(CCC2CCC3C(CCC3C3CCCCC3)C2)CC1
C1CCC2CC(C3CCCC3)CCC2C1
C1CCC(CCCC2(CCC3CCCC3)CCC3C4CCC5CCCCC5C4CCCC32)CC1
C(CCC1CCC2C1CCC1C3CCCCC3CCC21)CC1CC2CCCCC2C1
C1CCC2CC(C3CCCC3)C3CCCC3C2CC1
C1CCC(C2CC3CCCC3C3CCC4CCCCCC4C23)CC1
C1CCC(CCC2CCC3C(CCC4C5CCCC5CCC34)C2)CC1
C1CCC(C2CCC3(CCCC4CC5C(CCC5C5CCCCC5)CC43)C2)CC1
C1CCC(C2CCCC3CCCC3C3CCC4CCCCC4C23)CC1
C1CCC2CCC3C4CCCC4CCC3C2CC1
C1CCC(C2CC3CCCC3C3CCC4CCCCCC4C23)CC1
C1CCC2CCC3C4CCCC4CCC3C2CC1
C1CCC2CC(CCCC3CCCCC4CCCCC43)CC2C1
C1CCC(C2CCC3(CCC4CC5C(CCC5C5CCCCC5)CC43)C2)CC1
C1CCC(CCCCCC2CC3CCCCC3C2)CC1
C1CCC2CCC3C4CCCCC4CC(CC4CCCC4)C3C2CC1
C1CCC2CC(CCCC3CCCC4C3CCC3C5CCCCC5CCC43)CC2C1
C1CCC(C2CCC3CC4CCCCC4CC32)CC1
C1CCC(CCC2CCC3C(CCC3C3CCCCC3)C2)CC1
C1CCC(CCCCCC2CC3CCCCC3C2)CC1
C1CCC(CCCCC2CC3CCCCC3C2)CC1
C1CCC(CCC2CCC3C(CCC3C3CCCCC3)C2)CC1
C1CCC(CCCCC2CCC3CCCCC23)CC1
C1CCC(CCC2CCCC(CCC3CCC(CCC4CCC(C5CC5)CC4)CC3)C2)C1
C1CCC(CCCCC2CC3CCCCC3C2)CC1
C(CCC1CCCC2CCCC12)CC1CC2CCCCC2C1
C1CCC(CC2CCC3CC4(CCCCCC4C4CCCCC4)CCC23)CC1
C1CCC2CCC(C3CCCC4CCCC43)CC2CC1
C1CCC(C2CCC3C(CCCC4CCCCC43)C2)CC1
C1CCC2C(C1)CCCC2CCCC1CCC2C1CCCC1C3CCCCC3CCC12
C1CCC(C2CC3CCCC3C3CCC4CCCCC4CC23)CC1
C1CCC(CCCCCC2CC3CCCCC3C2)CC1
C(CCC1CC2CCCCC2C1)CCC1CCCC2CCCC12
C(CCCC1CCCCC1)CCCC1CCC(C2CCCCC2)C1
C1CCC(CC2CC3CCCCC3C3CCC4CCCCC4C23)C1
C1CCC2CC(C3CCCC4CCCC43)CCC2C1
C(CCC1CCCC2CCCCC12)CC1CCC2CCCCC2C1
C(CCCC1CCCC2C(C3CCCCC3)CCC12)CCC1CCCCC1
C1CCC(C2CC3CCCC3C3CCC4CCCCC4C23)CC1
C1CCC(C2(CCCCC3CCC4CCCCC4C3)CCCC3CCCCC32)CC1
C1CCC(C2CC3CCCC3C3CCC4CCCCCC4C23)CC1
C1CCC2CCC3C4CCCC4CCC3C2CC1
C1CCC(C2CCCC3C(CCC4CCCCC43)C2)CC1
C1CCC(C2CC3CCCCC3C3CCCCC23)CC1
C(CCC1CC2CCCCC2C1)CCC1CCCC2CCCC12
C1CCC(CC2CCC3CC4(CCCCC4C4CCCCC4)CCC23)CC1
C1CCC(CC2CC3CCCCC3C3CCC4CCCCCC4C23)CC1
C1CCC(CCC2CCC3C(CCC4CC(C5CCCCC5)CCC43)C2)CC1
C1CCC(CCC2CCC(CC3CC3)CC2)CC1
C1CCC(CCC2CCC3C(CCCC4C5CCCC5CCC34)C2)CC1
C(CCCC1CCC2CCCC2C1)CCC1CCCCC1
C1CCC2CC(CC3CCCC4CCCC43)CCC2C1
C1CCC2CC(CCCC3CCCC4C3CCC3C5CCCCC5CCC43)CC2C1
C1CCC(CCCCCC2CC3CCCCC3C2)CC1
C1CCC2CCC(C3CCCC4CCCC43)CC2CC1
C1CCC(CC2CCC3C(CCC3C3CCCCC3)C2)CC1
C1CCC(CCCCC2CCC3CCCCC23)CC1
C1CCC(C2CCC3C(CCC34CCCCC4)C3CCC4CCCCC4C23)CC1
C1CCC(C2CC3C(CCC34CCCC4)C3CCC4CCCCCC4C23)CC1
C1CCC(CCCCCC2CCCCC2)CC1
C1CCC(CCC2CCC3C(CC4CCCCC4)CCC3C2)CC1
C(CCC1CCCC2CCCCC12)CC1CCCC2CCCCC12
C1CCC(CCCCCC2CCC3CCCCC23)CC1
C1CCC2C(C1)CCCC1C2CCC2C3CCCC3CC21
C1CCC(CCCCC2CCC3CCCCC23)CC1
C1CCC2CCC3C4CCCCC4CC(CC4CCCC4)C3C2CC1
C1CCC2CC(CCCC3CCCC4CCCCC43)CC2C1
C1CCC(CC2CCCC(C3CCC4CC(CCCC5CCC6CCCCC6C5)CCC43)C2)C1
C1CCC(CC2CCC3CCCCC3C3CCC4CCCCC4C23)C1
C(CCC1CCC2C(CCC3C4CCCC4CCC23)C1)CC1CCC(C2CCC(C3CC4CCCC4C4CCC5CCCCC5C34)CC2)CC1
C1CCC(CCC2CCC(C3CCC3)CC2)CC1
C1CCC(C2CC3CCCC3C3CCC4CCCCCC4C23)CC1
C1CCC2C(C1)CCC1C3CCCC3CCC21
C1CCC2CCC(C3CCCC4CCCC43)CC2CC1
C1CCC(C2CCC3CCC(C4CCCC4)CC32)CC1
C1CCC2CC(CCCC3CCC4C3CCCC3C5CCCCC5CCC34)CC2C1
C1CCC2CC(CC3CCCC4CCCC43)CCC2C1
C1CCC(C2CCC3C(CCCC4CCCCC43)C2)CC1
C(CCC1CCC2CCCCC2C1)CCC1CCCC2CCCC12
C1CCC(CCCCC2CCC3CCCCC23)CC1
C1CCC(CCCCC2CC3CCCCC3C2)CC1
C1CCC2CCC(C3CCCC4CCCC43)CC2CC1
C1CCC(C2CCC3(CCC4CC5C(CCC5C5CCCCC5)CCC43)C2)CC1
C1CCC2CCC(C3CCCC4CCCC43)CC2CC1
C1CCC(CCC2CCC3C(CCC3C3CCCCC3)C2)CC1
C1CCCC(CCCC2CCC3CCC(C4CCCC5CCCC54)CC3C2)CC1
C1CCC(C2CC3CCCC3C3CCC4CCCCC4C23)CC1
C1CCC(CCC2CC3CCCC3C3CCCC4CCCCC4C23)CC1
C1CCC2CC(CCCC3CCCC4C3CCC3C5CCCCC5CCC43)CC2C1
C1CCC(CCC2CCC(CCC3CCCCC3)CC2)CC1
C1CCC(C2CCC3CC4C(CCCC45CCCCC5)CC32)CC1
C1CCC2CCC3C4CCCCC4CC(CC4CCCC4)C3C2CC1
C(CCC1CCC2CCC(C3CCCC4CCCC43)CC2C1)CC1CCC2CCCC2C1
C1CCC(CCCC2CC3CCCCC3C2C2CCCCC2)CC1
C1CCC(CCCCC2CC3CCCCC3C2)CC1
C1CCC2CC(C3CCCC4CCCC43)CCC2C1
C1CCC(C2CCC3CC4C(CCCC45CCCC5)CC32)CC1
C1CCC(C2CCC3CC4C(CCCC45CCCC5)CC32)CC1
C1CCC(CCCC2CCCCC2)CC1
C1CCC(C2CC3CCCC3C3CCC4CCCCC4C3C2)CC1
C1CCC(C2CCC3CCCC3C3CCC4CCCCC4C23)CC1
C1CCC(CCC2CCCC3CCC(CC4CCCC5CCCC54)CC23)CC1
C1CCC(C2C3CCCC3CC3CC4CCCC4CC32)CC1
C(CCC1CCC2CCCCC2C1)CCC1CCCC2CCCCC12
C1CCC(CCCC2CCC3C2CCC2C4CC5CCC(CC6CCCCC6)C5CC4CCC32)CC1
C1CCC(CC2CCCC(CCCC3CCC(CCC4CCC(C5CC5)CC4)CC3)C2)C1
C1CCC(CCCC2CCC3C(CCC4C5CCCC5CCC34)C2)CC1
C1CC2CCCC2C(CC2CC3CCCCC3C3CCCC23)C1
C1CCC(C2CC3CCCC3C3CCC4CCCCC4C23)CC1
C(CCC1CCC2C1CCC1C3CCCCC3CCC21)CC1CC2CCCCC2C1
C1CCC(CC2CC3CCCCC3C3CCC4CCCCC4C23)CC1
C1CCC2C(C1)CCCC2CCCC1CCC2C1CCC1C3CCCCC3CCC21
C1CCC(C2CCC(CCCCCC3CCCC4CCCCC34)C2)CC1
C1CCC(CCCC2CCC3C(CCC4CC(C5CCCCC5)CCC43)C2)CC1
C1CCC(CCCC2CCCC(C3CCC4CC(CCC5CCC6CCCCCC6C5)CCC43)C2)CC1
C1CCC(CC23CCCCCC2CCC2C4CCCC4CCC23)CC1
C1CCC(C2CC3CCCC3C3CCC4CCCCC4CC23)CC1
C(CCC1CCCC2CCCCC12)CC1CCCC2CCCCC12
C1CCC2CC(C3CCC4CCCCC43)CCC2C1
C1CCC2CC(C3CCCC4CCCC43)CCC2C1
C(CCCC1CCCC2CCCCC12)CCC1CCCC1
C1CCC(C2CCC3CC4C(CCCC45CCCC5)CC32)CC1
C1CCC(CCCCC2CC3CCCCC3C2)CC1
C1CCC2CCC(C3CCCC4CCCC43)CC2CC1
C1CCC(CCCCC2CC3CCCCC3C2)CC1
C1CCC(C2CCC3C(CCC4CCCCC43)C2)CC1
C1CCC(C2CC3CCCC3C3CCC4CCCCC4C23)CC1
C1CCC(CC2CCC3CCCCC3C3CCC4CCCCC4C23)C1
C1CCC(CC2CCC(CC(CC3CCCCC3)C3CCCCC3)CC2)CC1
C1CCC(CCC2CCC(CCCC3CCCC(CC4CCCC4)C3)CC2)CC1
C1CCC(CCCC2CCC3C2CCC2C4CCCCC4CCC32)C1
C1CCC(CCCC2CCC3CCC(C4CCCC5CCCC54)CC3C2)CC1
C1CCC(C2CCC3CC4C(CCC5C6CCC(CCCC7CCC8CCCCC8C7)C6CCCC45)CC32)CC1
C1CCC(C2CCC3CC4C(CCC32)CCC2C3CCC(CCCC5CCC6CCCCC6C5)C3CCC42)CC1
C1CCC(CC2CCC3(CCC4CC5C(CCC5C5CCCCC5)CC43)C2)CC1
C1CCC(CCCCCC2CC3CCCCC3C2)CC1
C1CCC2C(C1)CCCC1C3CCCC3CCC21
C1CCC2CCC3C4CCCC4CCC3C2CC1
C1CCC(CCCCCC2CC3CCCCC3C2)CC1
C1CCC2CCC(C3CCCC4CCCC43)CC2CC1
C1CC(CC2CCC(C3CC4CCCC4C4CCC5CCCCC5C34)CC2)C1
C1CCC(CCCC2CCCC(C3CCC4CC(CCC5CCC6CCCCC6C5)CCC43)C2)CC1
C1CCC2CC(C3CCCC4CCCC43)CCC2C1
C1CCC2CC(C3CCCC4CCCC43)CCC2C1
C1CCC(CCCCC2CC3CCCCC3C2)CC1
C1CCC2C(C1)CC(C1CCCC3CCCC31)C1CCCC21
C(CCCC1CCCCC1)CCCC1CCC(C2CCCCC2)C1
C(CCC1CC2CCCCC2C1)CCC1CCCC2CCCC12
C1CCC(CCCCC2CCC3CCCCC23)CC1
C1CCC(CCCC2CCC3C(CCC4CCCCC43)C2)CC1
C1CCC(CC2CCC3C(CCC3C3CCCCC3)C2)CC1
C(CCC1CCCC2CCCC12)CC1CC2CCCCC2C1
C1CCC(C2CCC3CC4C(CC5CCC6CCCCC65)CCCCC4CC32)CC1
C(CCC1CCCC2CCCCC12)CC1CC2CCCCC2C1
C1CCC(CCCC2CCC3C2CCC2C4CCCCC4CCC32)C1
C1CCC(CCCCC2CC3CCCCC3C2)CC1
C1CCC(CCC(CCC2CC3CCCCC3C2)C2CCCC2)CC1
C1CCC(CCCCCC2CCC3CCCCC23)CC1
C1CCC2CCC(C3CCCC4CCCC43)CC2CC1
C1CCC(C2CCC3CCC4(CCCCC4)C3C2)CC1
C1CCC(CCCCC2CC3CCCCC3C2)CC1
C1CCC(CCC2CCC3C(CCC3C3CCCCC3)C2)CC1
C1CCC2CCC(C3CCCC4CCCC43)CC2CC1
C(CCCC1CCCC2C(C3CCCCC3)CCC12)CCC1CCC(C2CCCC2)C1
C1CCC(CCC2CCC3C(CCC3C3CCCCC3)C2)CC1
C1CCC(C2CCC3C(CCC4CCCCC43)C2)CC1
C1CCC(CC2CCC3C(CCC3C3CCCCC3)C2)CC1
C(CCCC1CCCC2C(C3CCCCC3)CCC12)CCC1CC1
C1CCC(CCC(CCC2CCC3CCCC3C2)CC2CCCCCC2)CC1
C1CCC(CCC2CCCC3CC4C(CC5CCCCC5)CCC4CC23)CC1
C1CCC2CC(CC3CCCC4CCCC43)CCC2C1
C1CCC(C2CC3CCCC3C3CCC4CCCCCC4C23)CC1
C1CCC(CCCCC2CC3CCCCC3C2)CC1
C1CCC(CCCC2CCC3CCC(C4CCCC5CCCC54)CC3C2)CC1
C1CCC(C2CC3CCCC3C3CCC4CCCCCC4C23)CC1
C1CCC(C2CCC3CCCC3C3CCC4CCCCC4C3C2)CC1
C1CCC(CCC2CCC(C3CCC4C(CCC4C4CCCCC4)C3)CC2)CC1
C1CCC(CCCCCC2CCC3CCCC3C2)CC1
C(CCC1CCC2CCCC2C1)CC1CCC(C2CCCC2)CC1
C1CCC(CC2CCC(CC(CC3CCCCC3)CC3CCCCC3)CC2)CC1
C1CCC(C2CCC(CCCCCC3CCCC4CCCCC34)C2)CC1
C1CCC2CC(C3CCCC4CCCC43)CCC2C1
C(CCCC1CCCCC1)CCCC1CCC(C2CCCCC2)C1
C1CCC(CC2CC3CCCCC3C3CCC4CCCCCC4C23)CC1
C1CCC(CCCCC2CC3CCCCC3C2)CC1
C1CCC(CCCCC2CC3CCCCC3C2)CC1
C1CCC2C(C1)CCC1C3CCCCC3CCC21
C1CCC2CCC(C3CCCC4CCCC43)CC2CC1
C(CCC1(C2CCCC2)CCCC2CCCCC21)CC1CCC2CCCCC2C1
C1CCC2CC(CC3CCCC4CCCC43)CCC2C1
C1CCC(CCCCC2CC3CCCCC3C2)CC1
C1CCC(CCCCCC2CC3CCCCC3C2)CC1
C1CCC(CCCCC2CC3CCCCC3C2)CC1
C1CCC(CCC2CCC(CCCC3CCCC(CC4CCCC4)C3)CC2)CC1
C1CCC(C2CC3CCCC3C3CCC4CCCCC4C23)CC1
C1CCC(C2CCC3CC4C(CCCC45CCCC5)CC32)CC1
C1CCC(CC2CCCCC2CC2CC3CCCCC3C3CCC4CCCCCC4C23)CC1
C1CCC(CCCCC2CC3CCCCC3C2)CC1
C1CCC(C2CCC(CC3CC4CCCCC4C4CCC5CCCCC5C4C3)CC2)CC1
C1CCC2CC3CCC4C(CCCC5CC6CCCCC6C5)CCC4C3CCC2C1
C1CCC(CCC2CCCCC2)CC1
C1CCC(C2CCC3CC4C(CCC5C6CCCCC6CCC45)CC32)CC1
C(CCC1CCCC2CCCC12)CC1CC2CCCCC2C1
C1CCC(CC2CC3CCCCC3C3CCC4CCCCC4C23)CC1
C1CCC(CCCCC2CCC3CCCCC23)CC1
C1CCC(CCC2CCC3C(CCC3C3CCCCC3)C2)CC1
C1CCC(CCCCCC2CC3CCCCC3C2)CC1
C1CCC2C(C1)CCC1CCCCC12
C1CCC(C2CCC3CCCC3C3CCC4CCCCC4C23)CC1
C1CCC(CC2CC3CCCCC3C3CCC4CCCCC4C23)CC1
C1CCC(CCC2CCC3C(CCC4CCCCC43)C2)CC1
C1CCC(C2CC3CCCC3C3CCC4CCCCC4C23)CC1
C1CCC(C2CC3CCCC3C3CCC4CCCCC4C23)CC1
C(CCCC1CCCCC1)CCCC1CCC(C2CCCCC2)C1
C(CCCC1CCCC2C(C3CCCCC3)CCC12)CCC1CCCCC1
C(CCCCC1CCC(C2CCCCC2)C1)CCCC1CCCCC1
C1CCC2CCC3CCCCC3C2CC1
C1CCC(C2CC3CCCC3C3CCCC4CCCCC4C23)CC1
C1CCC2CCC(C3CCC4CCCCC43)CC2CC1
C1CCC2CCC3C4CCC(CCCC5CCCC6CCCCC65)C4CCC3C2CC1
C1CCC2CC3CCC4CCCC4C3CCC2C1
C1CCC(CCCCC2CCC3CCCCC23)CC1
C1CCC(CCC2CCC3C(CCC4C5CCCC5CCC34)C2)CC1
C(CCCC1CCCCC1)CCCC1CCC(C2CCCCC2)C1
C1CCC2CCC(C3CCCC4CCCC43)CC2CC1
C1CCC(CCC2CCC(C3CCC3)CC2)CC1
C1CCC(CCCC2CCCC3CCC(C4CCCC5CCCC54)CC3C2)CC1
C1CCC(C2CC3CCCC3CC3CCC4CCCCC4C32)CC1
C(CCC1CCC2CCCCC2C1)CCC1CCCC2CCCCC12
C1CCC(C2CCC3CC4C(CCC5C6CCC(CCCC7CCC8CCCCC8C7)C6CCCC45)CC32)CC1
C1CCC2C(C1)CC(C1CCCC1)C1CCCC21
C1CCC2C(C1)CCC1C3CCCC3CCC21
C1CCC(CCC2CCC3C(CCC3C3CCCCC3)C2)CC1
C1CCC(CCCC2CCCC(C3CCC4CC(CCC5CCC6CCCCCC6C5)CCC43)C2)CC1
C1CCC(CC2CCC3CC4C(CCC45CCCC5)CC23)CC1
C1CCC(CCC2CCC3C(CCC4CC(C5CCCCC5)CCC43)C2)CC1
C1CCC(C2CC3CCCC3C3CCC4CCCCC4CC23)CC1
C1CCC2C(C1)CCC1C3CCCC3CCC21
C1CCC(CCCCCC2CCCC3C(CC4CCCCC4)CCC23)CC1
C1CCC2CC(CCCC3CCCC4C3CCC3C5CCCCC5CCC43)CCC2C1
C1CCC(CCCCC2CC3CCCCC3C2)CC1
C1CCC(CCC2CCC3C(CC4CCCCC4)CCC3C2)CC1
C1CCC2C(C1)CC(C1CCCC1)C1CCCC21
C1CCC(C2CC3CCCC3C3CCC4CCCCC4C23)CC1
C1CCC(CCC2CCC3C(CCC4CCCCC43)C2)CC1
C1CCC(CCCC2(CCC3CCCC3)CCC3C4CCC5CCCCCC5C4CCC32)CC1
C1CCC(CC2CC3CCCCC3C3CCC4CCCCCC4C23)CC1
C(CCC1CCCC2CCCCC12)CC1CCCC2CCCCC12
C1CCC2CC(C3CCCC4CCCC43)CCC2C1
C1CCC(CCCCC2CC3CCCCC3C2)CC1
C1CCC(CC2CCCC(C3CCC4CC(CCC5CCC6CCCCC6C5)CCC43)C2)C1
C(CCCC1CCCCC1)CCCC1CCC(C2CCCCC2)C1
C1CCC2C(C1)CCC1C2CCCC2C3CCCC3CC21
C1CCC2CC(C3CCCC4CCCC43)CCC2C1
C1CCC(C2CCC3CC4C(CCC45CCCC5)CC32)CC1
C1CCC(C2CCC3C(CCC4CCCCC43)C2)CC1
C1CCC(C2CCC3C(CCCCCC4CCC(C5CCCC5)C4)CCCC23)CC1
C1CCC(CCCCC2CCCC(C3CCC4CC(CCC5CCC6CCCCC6C5)CCC43)C2)CC1
C1CCC(CCC2CCC3C(CCC3C3CCCCC3)C2)CC1
C1CCC(C2CCC3CC4C(CCCC45CCCCC5)CC32)CC1
C1CCC2CC(C3CCCC4CCCC43)CCC2C1
C1CCC(C2CCC(CCCCCC3(C4CCCCC4)CCCC4CCCCC43)C2)CC1
C1CCC(CCC2CCC3C(CCC3C3CCCCC3)C2)CC1
C1CCC(CCCC2CCC(CCC3CCCC(CC4CCCC4)C3)CC2)CC1
C(CCC1CCC2CCCCC2C1)CCC1CCCC2CCCCC12
C1CCC(C2CCC3CC4C(CCC32)CCC42CCCC2)CC1
C1CCC(CCC2CCCC3CC4C(CCC4C4CCCCC4)CC23)CC1
C1CCC2CCC3C(CCC4C3CCC4(CCCC3CC4CCCCC4C3)CCC3CCCC3)C2CC1
C1CCC(CCCCCC2CCC3CCCCC23)CC1
C1CCC(C2CC3CCCC3C3CCC4CCCCCC4C23)CC1
C1CCC(C2CCC3C(CCCC4CCCCC43)C2)CC1
C1CCC2CC3CCCCC3CCC2C1
C1CCC(CCC2CCC3C(CCC3C3CCCCC3)C2)CC1
C1CCC(CCCCCC2CCCC3C(C4CCCCC4)CCC23)CC1
C1CCC(C2CC3CCCC3C3CCC4CCCCCC4C23)CC1
C1CCC(CCCC2CCC3C2CCC2C4CC5CCC(C6CCCCC6)C5CC4CCC32)CC1
C1CCC(CC2CCC(CCCCCC3CCCC4CCCCC34)C2)CC1
C1CCC2CCC(C3CCCC4CCCC43)CC2CC1
C1CCC(CCCCC2CC3CCCCC3C2)CC1
C1CCC(C2CCC(CCCCCC3CCCC4C(C5CCCCC5)CCC34)C2)CC1
C1CCC(CCC2CCC3C(CCC3C3CCCCC3)C2)CC1
C1CCC(C2CCC3C(CCCC4CCCCC43)C2)CC1
C1CCC(CCCCCC2CCCC3C(CC4CCCCC4)CCC23)CC1
C1CCC(CCC2CCCC3CC4C(CCC4C4CCCCC4)CC23)CC1
C1CCC(CCCC2CCC3C(CCC3C3CCCCC3)C2)CC1
C1CCC2C(C1)CCC1C3CCCC3CCC21
C1CCC(CCCCCC2CC3CCCCC3C2)CC1
C1CCC(CC2CC3CCCCC3C3CCC4CCCCCC4C23)CC1
C1CCC(CCCCC2CCC3CCCCC23)CC1
C1CCC(C2CCCC3C(CCC4CCCCC43)C2)CC1
C(CCCC1CCCC2C(C3CCCCC3)CCC12)CCC1CCCCC1
C1CCC(CC2CCC3C(CC4CCCCC4)CCC3C2)CC1
C1CC2CCC3C(CCC4CCCCC43)CC2C1
C1CCC(CCC2CCC3C(CCC3C3CCCCC3)C2)CC1
C1CCC(CCCCC2CC3CCCCC3C2)CC1
C1CCC2CCC3C4CCCC4CCC3C2CC1
C1CCC2C(C1)CCC1C3CCCC3CCC21
C1CCC2C(C1)CCCC2CCCC1CCC2C1CCCC1C3CCCCC3CCC12
C1CCC(CC2CC3CCCCC3C3CCC4CCCCC4C23)CC1
C1CCC2CC(CC3CCCC4CCCC43)CCC2C1
C1CCC(CCCC2CCC(C3CCC4C(CCC4C4CCCCC4)C3)CC2)CC1
C1CCC(C2CCC3CC4(CCCCCC4C4CCCCC4)CCC32)CC1
C(CCC1CCC2C1CCC1C3CCCCC3CCC21)CC1CC2CCCCC2C1
C1CCC(C2CCC3CC4C(CCC5C6CCC(CCCCC7CCCC8CCCCC78)C6CCC45)CC32)CC1
C1CCC(CCCCCC2CCCC3C(C4CCCCC4)CCC23)CC1
C1CCC(C2CC3CCCCC3C3CCC(CCC4CCCC4)CC3C2)CC1
C1CCC(CC2CC3CCCCC3C3CCC4CCCCC4C23)C1
C1CCC(CCCC2CCC3C2CCC2C4CCCCC4CCCC32)C1
C1CCC(C2CCC(CCCCCC3CCCC4CCCCC34)C2)CC1
C(CCC1CCCC2CCCCC12)CC1CCC2CCCCC2C1
C1CCC(C2CCC3C(CCC4CCCCC43)C2)CC1
C1CCC(CC2CCCC(CCC3CCC(CCC4CCC(C5CC5)CC4)CC3)CC2)C1
C1CCC(CC(CC2CCCCC2)C2CCCCC2)CC1
C1CCC(CCC2CCC(C3CCC4C(CCC4C4CCCCC4)C3)CC2)CC1
C1CCC(C2CCC3CC4CCCCC4CCC3C2)CC1
C1CCC(CCCCCC2CCCC3C(C4CCCCC4)CCC23)CC1
C1CCC(C2CC3CCCC3CC3CCC4CCCCC4C32)CC1
C1CCC(C2CC3CCCC3C3CCC4CCCCCC4C23)CC1
C1CCC(CCCCC2CC3CCCCC3C2)CC1
C1CCC2CC(C3CCCC4CCCC43)CCC2C1
C1CCC2C(C1)CCC1C3CCCC3CCC21
C1CCC(CCCCCC2CCC3CCCC3C2)CC1
C1CCC(C2CC3CCCC3C3CCC4CCCCC4C23)CC1
C1CCC(CCCCCC2CCCC3C2CCC3C2CCC(CC3CC3)CC2)CC1
C1CCC(CC2CCC(CC(CC3CCCCC3)C3CCCCC3)CC2)CC1
C1CCC(CCC(CCC2CCCCC2)CCC2CCC3CCCCC3C2)CC1
C1CCC(CC2CCC3CC(C4CCCCC4)CCC23)CC1
C1CCC(CC2CCC(CC(CC3CCCCC3)C3CCCCC3)CC2)CC1
C1CCC(CCC2CCC3C(CCC3C3CCCCC3)C2)CC1
C1CCC(CCCCC2(CCC3CCCC3)CCC3C4CCC5CCCCC5C4CCC32)C1
C(CCC1CCCC2CCCC12)CC1CC2CCCCC2C1
C1CCC(C2CC3CCCC3C3CCC4CCCCC4C23)CC1
C1CCC2C(C1)CCC1C3CCCC3CCC21
C1CCC(CCCC2CCCC(C3CCC4CC(CCC5CCC6CCCCC6C5)CCC43)C2)CC1
C1CCC(C2CCC3C(CCCCCC4CCC(C5CCCC5)C4)CCCC23)CC1
C1CCC(CCCCC2CC3CCCCC3C2C2CCCCC2)CC1
C1CCC(CC2CC3CCCCC3C3CCC4CCCCCC4C23)CC1
C(CCC1CC2CCCCC2C1)CCC1CCCC2CCCC12
C1CCC(C2CCC3C(CCCCCC4CCC(C5CCCC5)C4)CCCC23)CC1
C(CCC1CC2CCCCC2C1)CCC1CCCC2CCCC12
C1CCC2C(C1)CCC1CCCCC12
C1CCC(CCCC2CC3CCCCC3C2C2CCCCC2)CC1
C1CCC(C2CC3CCCC3C3CCC4CCCCC4C23)CC1
C1CCC(C2CC3CCCC3C3CCC4CCCCC4C23)CC1
C1CCC(CC2CC3CCCCC3C3CCC4CCCCC4C23)CC1
C1CCC(CCCCCC2CC3CCCCC3C2)CC1
C1CCC(CC2CC3CCCCC3CC3CCC4CCCCC4C32)CC1
C1CCC2CC(CC3CCCC4CCCC43)CCC2C1
C1CCC(CCC2CCC3C(CCC3C3CCCCC3)C2)CC1
C1CCC(CCC2CCC3C(CC4CCCCC4)CCC3C2)CC1
C1CCC(C2CCC3CC4(CCCCCCC4C4CCCCC4)CCC32)CC1
C1CCC(CCC2CCC3C(CCC3C3CCCCC3)C2)CC1
C1CCC(CCC2CCC3C(CCC3C3CCCC3)C2)CC1
C1CCC(CCCCCC2CCCC3C(C4CCCCC4)CCC23)CC1
C1CCC(CCC(CCCC2CCC3CCCC3C2)CC2CCCCC2)CC1
C1CCC(CC2CC3CCCC3C3CCC4CCCCC4C23)CC1
C1CCC2CCC3C(CCC4C5CCCC5CC43)C2CC1
C1CCC(C2CC3CCCC3CC3CCC4CCCCC4C32)CC1
C1CCC(CCCCC2CCC3CCCCC23)CC1
C1CCC(C2CC3C(CCC4CC4)CCCC3C3CCC4CCCCC4C23)CC1
C1CCC(CC2CC3CCCCC3CC3CCC4CCCCC4C32)CC1
C1CCC(C2CC3CCCCC3CC3CCCCC32)CC1
C1CCC(C2CC3CCCC3C3CCC4CCCCC4C23)CC1
C1CCC(CCCCCC2CCC3CCCCC23)CC1
C1CCC(C2CCC3CC4C(CCC32)CCC2C3CCC(CCCC5CCC6CCCCC6C5)C3CCC42)CC1
C1CCC2C(C1)CCCC1C2CCC2C3CCCC3CC21
C1CCC2C(C1)CCC1C3CCCC3CCC21
C(CCC1(C2CCCC2)CCCCC2CCCCC21)CC1CCC2CCCCC2C1
C1CCC2C(C1)CCC1C3CCCC3CCC21
C1CCC(CCCCC2CC3CCCCC3C2)CC1
C1CCC2CCC(C3CCCC4CCCC43)CC2CC1
C1CCC(CC2CCCC(CC3CC4CCCCC4C4CCC5CCCCCC5C34)C2)CC1
C1CCC(CCCCC2CCC3C2CCC2C4CCCCC4CCC32)CC1
C1CCC(CCCC2CCCCC3CCC(C4CCCC5CCCC54)CC23)CC1
C1CCC(CCCCC2CC3CCCCC3C2)CC1
C1CCC2C(C1)CC(C1CCCC3CCCC31)C1CCCCC21
C1CCC2CCC3C4CCCC4CCC3C2CC1
C(CCC1CCC2C1CCC1C3CCCCC3CCC21)CC1CC2CCCCC2C1
C1CCC2C(C1)CCC1C3CCCC3CCC21
C1CCC2CCC3C4CCCC4CCC3C2CC1
C1CCC(CCCCCC2CCC3CCCCC23)CC1
C1CCC(C2CCC3C(CCC34CCCCC4)C3CCC4CCCCC4C23)CC1
C1CCC2CCC3C4CCCCC4CC(CC4CCCC4)C3C2CC1
C1CCC(CCC2CCC3C(CCC3C3CCCCC3)C2)CC1
C(CCCC1CCCC2C(C3CCCCC3)CCC12)CCC1CCCCC1
C(CCCC1CCCC2C(C3CCCCC3)CCC12)CCC1CCCCC1
C1CCC(C2CCC3CCC4C(CCC45CCCCC5)CC32)CC1
C1CCC2CCC(C3CCCC4CCCC43)CC2CC1
C1CCC(CCCCCC2CC3CCCCC3C2)CC1
C1CCC2CCC(C3CCCC4CCCC43)CC2CC1
C1CCC(CCCCCC2CC3CCCCC3C2)CC1
C1CCC(CCC2CCC(CCC3CCCC(CCC4CCCC4)C3)CC2)CC1
C1CCC(C2CCC3(CCC4CCC5C(CCC5C5CCCCC5)CC43)C2)CC1
C1CCC(C2CCC(CCCCCC3CCCC4C(C5CCCCC5)CCC34)C2)CC1
C1CCC2CC(C3CCC4CCCCC43)CCC2C1
C1CCC(C2CCC3CCC4CCCCC4CC32)CC1
C1CCC(C2CCC(CCCCCC3CCCC4CCCCC34)C2)CC1
C1CCC(CC2CC3CCCCC3C3CCC4CCCCC4C23)CC1
C1CCC(CCC(CCC2CCCCC2)CCC2CCC3CCCC3C2)CC1
C1CCC(C2CC3CCCC3C3CCC4CCCCC4C23)CC1
C1CCC(CC2CC3CCCCC3CC3CCC4CCCCC4C32)CC1
C1CCC(CCCCCC2CCCC3C(C4CCCCC4)CCC23)CC1
C1CCC2C(C1)CCC1CCCCC12
C1CCC2CC(C3CCCC4CCCC43)CCC2C1
C1CCC(CCC2CCC3C(CC4CCCCC4)CCC3C2)CC1
C(CCC1CCC2CCCCC2C1)CCC1CCCC2CCCCC12
C1CCC(CCC2(CCCC3CCC4CCCCC4C3)CCC3C4CCC5CCCCC5C4CCC32)C1
C1CCC(CCCCCC2CC3CCCCC3C2)CC1
C1CCC(CCCCCC2CCCC3C(C4CCCCC4)CCC23)CC1
C1CCC(CCCCC2CC3CCCCC3C2)CC1
C(CCCC1CCCC2CCCC12)CCC1CCCCC1
C1CCC(CCCCCC2CCCC3C(CC4CCCCC4)CCC23)CC1
C1CCC(CCCCCC2CC3CCCCC3C2)CC1
C1CCC2CCC3C(CCC4C3CCC4(CCCC3CCCC3)CCC3CCCC3)C2CC1
C(CCCC1CCCC2C(C3CCCCC3)CCC12)CCC1CCCCC1
C1CCC(C2CCC3C(CCC4CCCCC43)C2)CC1
C1CCC(CC2CC3CCCCC3C3CCC4CCCCC4C23)CC1
C1CCC(C2CC3CCCC3C3CCC4CCCCC4C23)CC1
C1CCC(CCCCC2CC3CCCCC3C2)CC1
C(CCCC1CCCC2C(C3CCCCC3)CCC12)CCC1CCCCC1
C1CCC2CCC3C4CCCCC4CC(CC4CCCC4)C3C2CC1
C1CCC(C2CC3CCCC3C3CCC4CCCCCC4C23)CC1
C(CCC1CCCC2CCCCC12)CC1CCC2CCCCC2C1
C1CCC(CCC2CCC3C(CC4CCCCC4)CCC3C2)CC1
C(CCC1CCCC2CCCC12)CC1CC2CCCCC2C1
C1CCC(CCCC2CCC3CCCC3C2)CC1
C1CCC(C2CCC3C(CCCC4CCCCC43)C2)CC1
C1CCC(CCC2(CCCC3CC4CCCCC4C3)CCC3C4CCC5CCCCC5C4CCC32)C1
C1CCC2C(C1)CCC1C2CCC2C3CCCC3CC21
C1CCC2CCC3C4CCC(CCCC5CC6CCCCC6C5)C4CCC3C2CC1
C1CCC(CC2CCC3C(CCC3C3CCCCC3)C2)CC1
C1CCC2CC(C3CCCC4CCCC43)CCC2C1
C1CCC2CCC(C3CCCC4CCCC43)CC2CC1
C(CCC1CCCC2CCCCC12)CC1CC2CCCCC2C1
C1CCC(C2CCC3C(CCC4CCCCC43)C2)CC1
C1CCC2CC(C3CCCC3)C3CCCC3C2CC1
C1CCC(CCCCCC2CC3CCCCC3C2)CC1
C1CCC2CC(C3CCCC4CCCC43)CCC2C1
C1CCC2CC3CCCCC3CCC2C1
C1CCC2CCC3C4CCCCC4CCC3C2CC1
C1CCC(CCC2CCC(CCC3CCCC(CC4CCCC4)CC3)CC2)CC1
C1CCC(CCC2CCC3C(CCCC4CCCCC43)C2)CC1
C1CCC(C2CC3CCCCC3C3CCC4CCCCC4C23)CC1
C1CCC(CCCCC2CC3CCCCC3C2)CC1
C1CCC2CC(C3CCCC4CCCC43)CCC2C1
C(CCCC1CCCCC1)CCCC1CCC(C2CCCCC2)C1
C1CCC(C2CCC3CC4C(CCC32)CCC2C3CCC(CCCC5CCC6CCCCC6C5)C3CCC42)CC1
C1CCC2CC(CC3CCCC4CCCC43)CCC2C1
C1CCC(CCCCCC2CC3CCCCC3C2)CC1
C1CCC(C2CCC3CCC4C(CCCC45CCCC5)CC32)CC1
C1CCC(C2CC3CCCC3C3CCC4CCCCCC4C23)CC1
C1CCC(C2CC3CCCC3C3CCC4CCCCC4C23)CC1
C1CCC(C2CCC3CC4C(CCC5C6CCC(CCCCC7CC8CCCCC8C7)C6CCC45)CC32)CC1
C1CCC(C2CC3CCCC3CC3CCC4CCCCC4C32)CC1
C1CCC(CCCCCC2CC3CCCCC3C2)CC1
C(CCCC1CCCC2C(C3CCCCC3)CCC12)CCC1CCCCC1
C1CCC(CCC2CCC3C(CC4CCCCC4)CCC3C2)CC1
C1CCC(CCCCCC2CCC3CCCCC23)CC1
C1CCC(CCCC2CCC3C(CCC3C3CCCCC3)C2)CC1
C1CCC(C2CCC3C(CCC4CCCCC43)C2)CC1
C1CCC(C2CC3CCCCC3C3CCC4CCCCC4C23)CC1
C1CCC(C2CC3CCCCC3C3CCC4CCCCC4C23)CC1
C1CCC(C2CCC3CC4C(CCC5C6CCC(CCCCC7CCC8CCCCC8C7)C6CCC45)CC32)CC1
C1CCC(CC2CCC3C(CCC3C3CCCCC3)C2)CC1
C1CCC(CC2CC3CCCCC3C3CCC4CCCCC4C23)CC1
C1CCC(CCC2CCCCC2)CC1
C1CCC(C2CCC3CC4C(CCC45CCCCC5)CC32)CC1
C1CCC(CCC2CCC3C(CCC3C3CCCC(CCC4CCCC4)C3)C2)CC1
C1CCC(C2CCC(CCCC3CCC4C3CCC3C5CCCCC5CCC43)C2)CC1
C(CCC1CCCC2CCCCC12)CC1CCC2CCCCC2C1
C1CCC(CCCCCC2CC3CCCCC3C2)CC1
C1CCC(CC2CC3CCCCC3C3CCCCC23)CC1
C1CCC(CCCCC2CCC3CCCCC23)CC1
C1CCC(CCCC2CCCC3CCC(C4CCCC5CCCC54)CC3C2)CC1
C(CCCCC1CCC(C2CCCCC2)C1)CCCC1CCCCC1
C1CCC(C2CC3CCCC3C3CCC4CCCCCC4C23)CC1
C1CCC(C2CCCC3C(CCC34CCCC4)C3CCC4CCCCC4C23)CC1
C1CC2CC3CCC4C5CCCCC5CCC4C3CC2C1
C1CCC(CC2CCCCCC23CCC2C(CCC2C2CCCCC2)C3)CC1
C(CCC1CCC2CCCCC2C1)CCC1CCCC2CCCCC12
C1CCC(C2CCC3CC4C(CCC45CCCCC5)CC32)CC1
C1CCC(CCCCCC2CCCC3C(C4CCCCC4)CCC23)CC1
C1CCC2CC(C3CCCC4CCCC43)CCC2C1
C1CCC(CCCCCC2CCC3CCCCC23)CC1
C1CCC2CC(CCCC3CCC4C3CCCC3C5CCCCC5CCC34)CC2C1
C1CCC(C2CCC3CC4C(CCC32)CCC2C3CCC(CCCC5CCC6CCCCC6C5)C3CCC42)CC1
C1CCC2C(C1)CCCC1C2CCC2C3CCCC3CC21
C1CCC(CCCCCC2CC3CCCCC3C2)CC1
C1CCC(CCCCC2CC3CCCCC3C2)CC1
C1CCC(CCCCC2CCC3C2CCC2CC4CCCCC4CCC23)CC1
C(CCCC1CCCC2C(C3CCCCC3)CCC12)CCC1CCCCC1
C1CCC2C(C1)CC(C1CCCC3CCCC31)C1CCCC21
C1CCC2C(C1)CCC1CCCCC12
C1CCC(CCCCC2CCC3CCC(C4CCCC5CCCC54)CC3C2)CC1
C1CCC(CCC2CCC3C(CCC4CC(C5CCCCC5)CCC43)C2)CC1
C1CCC(CCCC2CCC3C2CCC(C2CCCCC2)C2C4CCCCC4CCC32)CC1
C1CCC2CC(C3CCCC4CCCC43)CCC2C1
C1CCC(CC2CCC3CCCCC3C3CCC4CCCCC4C23)C1
C(CCCC1CCCCC1)CCC1CCCCC1
C1CCC2CC(C3CCCC4CCCC43)CCC2C1
C1CCC(CCCC2CCC(CCC3CCCC(CC4CCCC4)C3)CC2)CC1
C1CCC(CCC2CCC3C(CCC3C3CCCCC3)C2)CC1
C(CCCCC1CCC(C2CCCCC2)C1)CCCC1CCCCC1
C1CCC(C2CC3CCCC3C3CCC4CCCCC4C23)CC1
C1CCC(CCCCCC2CC3CCCCC3C2)CC1
C1CCC(CCCCC2CC3CCCCC3C2)CC1
C(CCCC1CCCC2C(C3CCCCC3)CCC12)CCC1CCCCC1
C1CCC(C2CCC3CC4C(CCC5C6CCCC(CCCC7CC8CCCCC8C7)C6CCC45)CC32)CC1
C1CCC(CC2CCC3CC4C(CCC45CCCC5)CC23)CC1
C1CCC(CC2CCC3CC4C(CC5CC6CCCCC6C5)CCCC4CC23)CC1
C1CCC(CCC2CCC3C(CCC3CC3CCCC(CC4CCCC4)C3)C2)CC1
C(CCCC1CCCC2CCCC12)CCC1CCCCC1
C1CCC(CC2CCC3C(CCC3C3CCCCC3)C2)CC1
C1CCC(C2CCC3CC4C(CCC32)CCC2C3CCCC3CCC42)CC1
C1CCC(C2CC3CCCC3C3CCC4CCCCCC4C23)CC1
C1CCC(CC2CC3CCCCC3CC3CCC4CCCCC4C32)C1
C1CCC2CC3CCCCC3CCC2C1
C1CCC(CCCCCC2CCCC3C(C4CCCCC4)CCC23)CC1
C1CCC(CC2CCC(C3CC4CCCC4C4CCC5CCCCC5CC34)CC2)CC1
C1CCC2CCC3C(CCC4C3CCC4(CCCC3CC4CCCCC4C3)CCC3CCCC3)C2CC1
C1CCC(C2CCC3CC4(CCCCC4C4CCCCC4)CCC32)CC1
C1CCC2C(C1)CCC1CCCCC12
C1CCC(CCCCCC2CCC3CCCCC23)CC1
C1CCC(CC2CCC3C(CC4CCCCC4)CCC3C2)CC1
C1CCC(CC2CCCCC2CC2CC3CCCCC3C3CCC4CCCCC4C23)CC1
C1CCC(C2CCC3C(CCCCCC4CC4)CCCC23)CC1
C1CCC(CC2CCC3C(CCC3C3CCCCC3)C2)CC1
C1CCC2CC(CCCC3CCC4C5CCC6CCCCC6C(CCC34)C5)CC2C1
C1CCC(CCC2CCC(CCC3CCCC(CC4CCCC4)CC3)CC2)CC1
C1CCC(CCCC2CCC3C(CCC3C3CCCCC3)C2)CC1
C1CCC(C2CC3CCCC3C3CCC4CCCCC4C23)CC1
C1CCC(C2CCC3C(CCC4CCCCC43)C2)CC1
C1CCC(CCC2CCC3C(CCC3C3CCCCC3)C2)CC1
C1CCC(C2CC3C(CCC4CC4)CCC3C3CCC4CCCCCC4C23)CC1
C1CCC2CCC(C3CCCC4CCCC43)CC2CC1
C1CCC2C(C1)CCC1C3CCCC3CCC21
C1CCC(CCC2CCC(C3CCC4C(CCC4C4CCCCC4)C3)CC2)CC1
C1CCC(CCCCCC2CC3CCCCC3C2)CC1
C(CCCC1CCCC2C(C3CCCCC3)CCC12)CCC1CCC(C2CCCC2)C1
C1CCC(CC2CCCCC2CCC2CC3CCCCC3C3CCC4CCCCC4C23)CC1
C1CCC(CC2CC3CCCCC3C3CCC4CCCCC4C23)CC1
C1CCC(CCC2CCC3C(CCC4C5CCCC5CC(CCC5CCCCC5)C34)C2)CC1
C1CCC(CCC2CCC3C(CCC3C3CCCCC3)C2)CC1
C1CCC(C2CCC3CC4C(CCC45CCCCC5)CC32)CC1
C(CCCC1CCCC2C(C3CCCCC3)CCC12)CCC1CCCCC1
C1CCC(CCCCCC2CCC3CCCCC23)CC1
C1CCC(CC2CCC3C(CCC3C3CCCCC3)C2)CC1
C1CCC(CCCC2CC3CCCCC3C2C2CCCCC2)CC1
C1CCC2C(C1)CCC1C2CCC2C3CCCCC3CC21
C1CCC2CCC(C3CCCC4CCCC43)CC2CC1
C1CCC(CC2CCC3CC(C4CCC(CCC5CCCC5)CC4)CCC23)CC1
C1CCC2CC3CCC(C4CCCCC4)C3CC2CC1
C1CCC(CC2CCC(CC3CC4CCCCC4C4CCC5CCCCC5C34)CC2)CC1
C1CCC(CCCCC2CC3CCCCC3C2)CC1
C1CCC2C(C1)CCC1C3CCCC3CCC21
C1CCC(CC2CCC3C(CCC3C3CCCCC3)C2)CC1
C1CCC2CCC(C3CCCC4CCCC43)CC2CC1
C1CCC(CC2CC3CCCCC3C3CCC4CCCCC4C23)CC1
C(CCC1CCCC2CCCCC12)CC1CCC2CCCCC2C1
C1CCC(CCCCCC2CCCC3C(C4CCCCC4)CCC23)CC1
C1CCC(CCCCC2CCC3CCCCC23)CC1
C(CCC1CCC2CCCCC2C1)CCC1CCCC2CCCCC12
C1CCC(C2CC3CCCC3C3CCCC4CCCCC4C23)CC1
C1CCC(CCC(CCC2CCC3CCCC3C2)CC2CCCCC2)CC1
C1CCC2CCC(C3CCCC4CCCC43)CC2CC1
C1CCC(CCCC2(CCC3CCCC3)CCC3C4CCC5CCCCC5C4CCC32)CC1
C1CCC(CCCCC2CCCC3C2CCC2C4CCCCC4CCC32)CC1
C1CCC(CCCCC2CCC3CCCCC23)CC1
C1CCC2CCC(C3CCCC4CCCC43)CC2CC1
C(CCCC1CCCC2C(C3CCCCC3)CCC12)CCC1CCCCC1
C1CCC2C(C1)CCC1C3CCCC3CCC21
C1CCC2C(C1)CCC1CCCCC12
C1CCC2CCC(C3CCCC4CCCC43)CC2CC1
C1CCC(C2CC3CCCC3C3CCCC4CCCCC4C23)CC1
C(CCCC1CCCC2C(C3CCCCC3)CCC12)CCC1CCCCC1
C1CCC(CCCCC2CC3CCCCC3C2)CC1
C1CCC(C2CCC3CCCC3C3CCCC4CCCCC4C23)CC1
C1CCC(CC2CCC3C(CCC3C3CCCCC3)C2)CC1
C1CCC(CCC2CCC3C(CCC3C3CCCCC3)C2)CC1
C(CCC1CCCCC2CCCCC12)CC1CCC2CCCCC2C1
C(CCC1CCC2C1CCC1C3CCCCC3CCC21)CC1CC2CCCCC2C1
C1CCC(C2CCC3CC4C(CCCC5C6CCC(CCCC7CC8CCCCC8C7)C6CCC45)CC32)CC1
C1CCC(CCC2CCCC3CC4C(CCC4C4CCCCC4)CC23)CC1
C1CCC(CC2CCC3C(CCC3C3CCCCC3)C2)CC1
C(CCC1CCCC2CCCCC12)CC1CCC2CCCCC2C1
C1CCC2C(C1)CCC1CCCCC12
C1CCC2C(C1)CCC1C3CCCC3CCC21
C1CCC(CCC2CCCC3C2CCC(C2CCCCC2)C2C4CCCCC4CCC32)CC1
C1CC2CCCC3C(CCC4CCC5CC5C43)C2C1
C1CCC2C(C1)CCCC1CCCCC12
C1CCC(C2CC3CCCCC3C3CCCCC23)CC1
C1CCC2CCC3C4CCCCC4CC(CC4CCCC5CCCCC54)C3C2CC1
C1CCC(CCC2CCCC3CCC4C(CCC4C4CCCCC4)CC23)CC1
C1CCC(CC2CC3CCCC3C3CCC4CCCCC4C23)CC1
C(CCC1CCC2C1CCC1C3CCCCC3CCC21)CC1CCCC2CCCCC12
C1CCC2C(C1)CCC1C2CCC2C3CCCC3CC21
C1CCC2CCC(C3CCCC4CCCC43)CC2CC1
C1CCC(C2CCC3CC4C(CCCC45CCCC5)CC32)CC1
C(CCC1CC2CCCCC2C1)CCC1CCCC2CCCC12
C1CCC(C2CCC3CCCC3C3CCC4CCCCC4C23)CC1
C1CCC(CC2CCC3CCCCC3C3CCC4CCCCC4C23)CC1
C1CCC(C2CC3CCCC3C3CCCC4CCCCC4C23)CC1
C1CCC(C2CCC3CC4(CCCCCC4C4CCCCC4)CCC32)CC1
C1CCC(CC2CCCC2CC2CC3CCCCC3C3CCC4CCCCCC4C23)CC1
C1CCC(C2CCC3CC4C(CCC45CCCCC5)CC32)CC1
C1CCC(CCCCCC2CC3CCCCC3C2)CC1
C1CCC2C(C1)CCC1C3CCCCC3CCC21
C(CCC1CCC2CCCCC2C1)CCC1CCCC2CCCCC12
C1CCC(C2CC3CCCC3C3CCC4CCCCC4C23)CC1
C1CCC(CC2CC3CCCCC3C3CCC4CCCCC4C23)CC1
C1CCC(C2CC3CCCC3C3CCC4CCCCC4C23)CC1
C1CCC(CC2CCC3CCCCC3C3CCC4CCCCC4C23)CC1
C1CCC(CC2CC3CCCCC3C3CCC4CCCCC4C23)CC1
C1CCC(CCC2CCC(CC3CCC4C(CCC4C4CCCCC4)C3)CC2)CC1
C1CCC(CCCCCC2CC3CCCCC3C2)CC1
C1CCC(CCCCC2CC3CCCCC3C2)CC1
C1CCC(CCCCC2CCC3C2CCC2C4CCCCCC4CCC32)CC1
C1CCC(CCCCC2CCC3CCC(C4CCCC5CCCC54)CC3C2)CC1
C1CCC(C2CCC3CC4C(CCC45CCCC5)CC32)CC1
C1CCC2CCC3C4CCCC4CCC3C2CC1
C1CCC(CC2CCC3CC4(CCCCC4C4CCCCC4)CCC23)CC1
C1CCC2C(C1)CCC1C3CCCC3CCC21
C1CCC(CCC2CCCCC2)CC1
C1CCC(CCCCCC2CC3CCCCC3C2)CC1
C1CCC2C(C1)CCCC1C3CCCC3CCC21
C1CCC(CCCCC2CCC3CCC(C4CCCC5CCCC54)CC3C2)CC1
C1CCC(C2C3CCCC3CC3CC4CCCC4CC32)CC1
C1CCC2CC3CCC4C(CCCC5CC6CCCCC6C5)CCC4C3CCC2C1
C1CCC(C2CC3CCCC3C3CCC4CCCCCC4C23)CC1
C1CCC(C2CC3CCCCC3C3CCC4CCCCC4C23)CC1
C1CCC(C2CCC3CCC4CCCCC4CC32)CC1
C1CCC(CC2CC3CCCCC3C3CCC4CCCCCC4C23)CC1
C1CCC(CC2CC3CCCCC3C3CCC4CCCCCC4C23)CC1
C1CCC(C2CC3CCCC3C3CCC4CCCCC4C23)CC1
C1CCC2CCC(C3CCCC4CCCC43)CC2CC1
C(CCCC1CCCC2CCCCC12)CCC1CCC(C2CCCCC2)C1
C1CCC(C2CCC(CCCCCC3(C4CCCC4)CCCC4CCCCC43)C2)CC1
C1CCC2CC(CC3CCCC4CCCC43)CCC2C1
C1CCC(C2CC3C(CCC4CC4)CCC3CC3CCC4CCCCC4C32)CC1
C1CCC(C2CCC3CC4C(CCC45CCCCCC5)CC32)CC1
C1CCC(CCCCCC2CCC3CCCCC23)CC1
C(CCCC1CCCCC1)CCCC1CCC(C2CCCCC2)C1
C1CCC(C2CCC3CCCC3C3CCC4CCCCC4C23)CC1
C1CCC(CC2CC3CCCCC3C3CCC4CCCCCC4C23)CC1
C1CCC(C2CCC3CC4C(CCC45CCCCC5)CC32)CC1
C(CCC1CCCC2CCCCC12)CC1CCCC2CCCCC12
C1CCC(C2CCC3CC4C(CCC45CCCC5)CC32)CC1
C1CCC(C2CC3CCCC3C3CCC4CCCCC4CC23)CC1
C1CCC2CC(C3CCCC4CCCC43)CCC2C1
C1CCC(C2CCC3CCC4C(CCCC45CCCCC5)CC32)CC1
C1CCC(C2CC3CCCC3C3CCC4CCCCC4CC23)CC1
C(CCCC1CCC(CC2CCCCC2)C1)CCCC1CCC2CCCC2C1
C1CCC2CC(C3CCCC4CCCC43)CCC2C1
C(CCCC1CCCC2C(C3CCCCC3)CCC12)CCC1CCCCC1
C1CCC2CCC3C4CCC(CCCC5CC6CCCCC6C5)C4CCC3C2CC1
C1CCC(CCCC2CCCC(CC3CCC4CC(CCC5CCC6CCCCC6C5)CCC43)C2)CC1
C1CCC(C2CC3CCCC3C3CCCC4CCCCC4C23)CC1
C1CCC2CCC(C3CCCC4CCCC43)CC2CC1
C(CCC1CC2CCCCC2C1)CCC1CCCC2CCCC12
C1CCC(CCC(CCC2CCC3CCCC3C2)CC2CCCCC2)CC1
C1CCC2CCC(C3CCCC4CCCC43)CC2CC1
C1CCC2CCC(C3CCCC4CCCC43)CC2CC1
C1CCC(C2CC3CCCC3C3CCC4CCCCC4C23)CC1
C1CCC(C2CCC3CC4(CCCCCC4C4CCCCC4)CCC32)CC1
C1CCC(C2CCC3CCC4C(CC5CC6CCCCC6C5)CCCC4CC32)CC1
C1CCC(CCCCCC2CCC3CCCCC23)CC1
C1CCC(CCCCCC2CCCC3C(C4CCCCC4)CCC23)CC1
C1CCC2C(C1)CCC1C3CCCC3CCC21
C1CCC(CC2CCC(CC(CC3CCCCC3)C3CCCCC3)CC2)CC1
C1CCC(CC(CC2CCCCC2)C2CCCCC2)CC1
C1CCC(CC2CC3CCCCC3C3CCC4CCCCCC4C23)CC1
C1CCC(CCC2CCC(C3CCC4C(CCC4C4CCCCC4)C3)CC2)CC1
C1CCC(CCCCC2CC3CCCCC3C2)CC1
C1CCC(CCCCC2CCC3CCCCC23)CC1
C1CCCC(CC2CCCCC2CC2CC3CCCCC3C3CCC4CCCCC4C23)CC1
C1CCC(CCCCC2CC3CCCCC3C2)CC1
C(CCC1CCCC2CCCCC12)CC1CCC2CCCCC2C1
C1CCC2CCCCC2C(CCCCC2CCCC3CCCCC23)C1
C1CCC2CCC3C4CCC(CCCC5CC6CCCCC6C5)C4CCC3C2CC1
C1CCC(C2CCC3(CCC4CCC5C(CCC5C5CCCCC5)CC43)C2)CC1
C1CCC(CCC2CCC3C(CCC3C3CCCC(CCC4CCCC4)C3)C2)CC1
C1CCC2C(C1)CCC1C3CCCC3CCCC21
C1CCC(C2CCC3CCCC3C3CCCC4CCCCC4C23)CC1
C1CCC(CCCCCC2CCCC3C(C4CCCCC4)CCC23)CC1
C1CCC(CCCCC2CCC3CCCCC23)CC1
C1CCC(CCC(CCC2CCC3CCCC3C2)CC2CCCCC2)CC1
C1CCC(C2CCC3C(CCC34CCCC4)C3CCCC4CCCCC4C23)CC1
C1CCC(CCC(CC2CC3CCCCC3C2)C2CCCCC2)CC1
C1CCC(CCCC2CCCCC2)CC1
C1CCC2CCC3C4CCCC4CCC3C2CC1
C1CCC2CCC3C4CCC(CCCC5CC6CCCCC6C5)C4CCC3C2CC1
C1CCC(CC2CC3CCCC3C3CCC4CCCCC4C23)CC1
C1CCC(CCCCC2CC3CCCCC3C2)CC1
C1CCC(CCCCCC2CCCC3C(C4CCCCC4)CCC23)CC1
C1CCC(CCC2CCC3C(CCC4C5CCCC5CCC34)C2)CC1
C1CCC(CC2CC3CCCCC3C3CCC4CCCCC4C23)CC1
C1CCC(C2CC3CCCCC3C3CCC4CCCCC4C23)CC1
C1CCC(CCCCC2CC3CCCCC3C2)CC1
C1CCC2CCC3C4CCC(CCCC5CCC6CCCCC6C5)C4CCC3C2CC1
C(CCCC1CCCC2C(C3CCCCC3)CCC12)CCC1CCCCC1
C1CCC(CC2CCCC(C3CCC4CC(CCC5CCC6CCCCC6C5)CCC43)C2)C1
C1CCC2CCC3C4CCCCC4CC(CC4CCCC4)C3C2CC1
C1CCC(CCC(CCC2CCC3CCCC3C2)CC2CCCCC2)CC1
C1CCC2CCC3C4CCCC4CCC3C2CC1
C(CCCC1CCCC2C(C3CCCCC3)CCC12)CCC1CCCCC1
C(CCCCC1CCC(C2CCCCC2)C1)CCCC1CCCCC1
C1CCC(C2CCC3CC4C(CCC45CCCC5)CC32)CC1
C1CCC(CCC2CCC3C(CCC4C5CCCC5CCC34)C2)CC1
C1CCC(CC2CC3CCCCC3C3CCC4CCCCC4C23)CC1
C1CCC(CCC2CCC(CCC3CCCCC(CC4CCCC4)C3)CC2)CC1
C(CCC1CCCCC2CCCCC12)CC1CCC2CCCCC2C1
C1CCC(C2CCC3CCCC3C3CCC4CCCCCC4C23)CC1
C1CCC2CCC(C3CCCC4CCCC43)CC2CC1
C1CCC(CCCCCC2CCCC3C(C4CCCCC4)CCC23)CC1
C1CCCC(C2CCC3CC4C(CCC5C6CCC(CCCC7CC8CCCCC8C7)C6CCC45)CC32)CC1
C1CCC(CCC2CCCCC2)CC1
C1CCC(CCCCC2CC3CCCCC3C2)CC1
C1CCC(C2CCC3CC4C(CCC45CCCCC5)CC32)CC1
C1CCC2CC(C3CCCC3)C3CCCCC3CC2C1
C1CCC(CCCC2CCC3CCC(C4CCCC5CCCC54)CC3C2)CC1
C1CCC(C2CCC(CCCCCC3CCCC4CCCCC34)C2)CC1
C1CCC(CC2CCC3CC4C(CCCC45CCCC5)CC23)CC1
C1CCC(CCC2CCC(C3CCC3)CC2)CC1
C1CCC(CCCCC2CCC3C2CCC2C4CCCCC4CCC32)CC1
C1CCC(CCCCCC2CCCC3C(C4CCCCC4)CCC23)CC1
C1CCC(CCC2CCC(CCC3CCCC(CC4CCCC4)C3)CC2)CC1
C1CCC(CCCC2CC3CCCC3C3CCC4CC(CCC5CCCCC5)CCC4C23)CC1
C1CCC(CCC2CC3CCCCC3C3CCC4CCCCC4C23)C1
C1CCC2CC(C3CCCC4CCCC43)CCC2C1
C1CCC(CCCC2CCC3C(CCC3C3CCCCC3)C2)CC1
C(CCCC1CCCCC1)CCCC1CCC(C2CCCCC2)C1
C1CCC2C(C1)CCCC1CCCCC12
C1CCC(CC2CC3CCCCC3C3CCC4CCCCC4C3C2)C1
C1CCC(CCCCC2CC3CCCCC3C2)CC1
C1CCC(CCC2CCC3C(CCC3C3CCCCC3)C2)CC1
C1CCC2C(C1)CCC1CCCCC12
C(CCC1CCCC2CCCCC12)CC1CCC2CCCCC2C1
C1CCC(CC2CCC3CC4C(CCC5C6CCC(CCCC7CCC8CCCCC8C7)C6CCC45)CC23)CC1
C1CCC(C2CCC3CCC(C4CCCC4)C3C2)C1
C1CCC(CCC(CC2CCC(CC3CCCCC3)CC2)C2CCCCC2)CC1
C1CCC(C2CCC3CC4C(CCC32)CCC2C3CCC(CCCC5CCC6CCCCC6C5)C3CCC42)CC1
C1CCC(CCC2CCC3C(CCC3C3CCCCC3)C2)CC1
C1CCC(C2CC3CCCC3C3CCC4CCCCC4C23)CC1
C(CCC1CCC2CCCCC2C1)CCC1CCCC2CCCCC12
C1CCC(CCCCC2CC3CCCCC3C2)CC1
C1CCC(CCC2CCC(CCCC3CCCC(CC4CCCC4)C3)CC2)CC1
C1CCC2CC3CCC(C4CCCCC4)C3CC2CC1
C1CCC(CCCCCC2CCCC3C(CC4CCCCC4)CCC23)CC1
C1CCC(CC2CCC3CC4C(CCC5C6CCC(CCCC7CCC8CCCCC8C7)C6CCC45)CC23)CC1
C1CCC2CCC(C3CCCC4CCCC43)CC2CC1
C1CCC(C2CCC3C(CCCCCC4CC4)CCCC23)CC1
C1CCC(CCC2CCC(C3CC3)CC2)CC1
C1CCC(CCCCC2CC3CCCCC3C2)CC1
C1CCC(CCCCC2CC3CCCCC3C2)CC1
C1CCC2C(C1)CC(C1CCCC3CCCC31)C1CCCC21
C1CCC2C(C1)CCC1CCCCC12
C(CCC1CCC2C1CCC1C3CCCCC3CCC21)CC1CC2CCCCC2C1
C1CCC(C2CC3CCCC3C3CCC4CCCCC4C23)CC1
C1CCC(CCCCCC2CCCC3C(C4CCCCC4)CCC23)CC1
C1CCC(CC2CC3CCCCC3C3CCC4CCCCC4C23)C1
C1CCC2CCC3C4CCCC4CCC3C2CC1
C1CCC(CCCCCC2CC3CCCCC3C2)CC1
C1CCC(CCC2CCC3C(CCC3C3CCCCC3)C2)CC1
C1CCC(C2CCC3CCCCC3C3CCCCC23)CC1
C1CCC(C2CCC3CC4C(CCC45CCCCC5)CC32)CC1
C1CCC(CCC2CCC3C(CCC3C3CCCC(CC4CCCC4)C3)C2)CC1
C1CCC(C2CCC3C(CCCCCC4CCC(C5CCCC5)C4)CCCC23)CC1
C1CCC(CCCC2CCC3CCC(C4CCCC5CCCC54)CC3CC2)CC1
C1CCC2CCC(C3CCCC4CCCC43)CC2CC1
C1CCC(CCCCCC2CCC3CCCCC23)CC1
C1CCC2CC(C3CCCC4CCCC43)CCC2C1
C1CCC(C2CCC3C(CCCCCC4CCC(C5CCCC5)C4)CCCC23)CC1
C1CCC2CCC3C4CCCCC4CC(CC4CCCC4)C3C2CC1
C1CCC(CCCCCC2CCCC3C(C4CCCCC4)CCC23)CC1
C1CCC2C(C1)CCC1C3CCCCC3CCC21
C1CCC(CCCC2(CCC3CCCC3)CCC3C4CCC5CCCCC5C4CCC32)CC1
C1CCC(CCC2CCC(C3CCC4C(CCC4C4CCCCC4)C3)CC2)CC1
C1CCC(CCCCC2CC3CCCCC3C2)CC1
C1CCC(CC2CCC3CC4C(CCC5C6CCC(CCCC7CC8CCCCC8C7)C6CCC45)CC23)CC1
C1CCC(CCCC2CCC(C3CCC4C(CCC4C4CCCCC4)C3)CC2)CC1
C1CCC(C2CC3CCCCC3C3CCCCC23)CC1
C1CCC(CC2CC3CCCCC3C3CCC4CCCCC4C23)C1
C1CCC(CCCCCC2CCCC3C2CCC3C2CCCC(CCC3CC3)C2)CC1
C1CCC(C2CC3CCCC3C3CCC4CCCCC4C23)CC1
C1CCC(C2CCC3CC4C(CCCC45CCCC5)CC32)CC1
C1CCC(C2CCC3CCCC3C3CCCC4CCCCC4C23)CC1
C(CCCC1CCCC2C(C3CCCCC3)CCC12)CCC1CCCCC1
C1CCC(C2CCC3C(CCC4CCCCC43)C2)CC1
C1CCC(CCC2CCC(CCC3CCCC(CC4CCCC4)C3)CC2)CC1
C1CCC(CCCCCC2CC3CCCCC3C2)CC1
C(CCC1CCC2C(CCC3C4CCCC4CCC23)C1)CC1CCC(C2CC3CCCC3C3CCC4CCCCC4C23)CC1
C1CCC(CCC2CCC3C(CCC3C3CCCCC3)C2)CC1
C1CCC2CCC3C4CCCCC4CCC3C2CC1
C1CCC(CCCCC2CCC3CCCCC23)CC1
C1CCC(C2CCC3CC4(CCCCC4C4CCCCC4)CCCC32)CC1
C1CCC2C(C1)CCC1C3CCCC3CCC21
C1CCC(CCCCC2CCC3CCCCC23)CC1
C1CCC2CC(CC3CCCC4CCCC43)CCC2C1
C1CCC(CC2CC3CCCCC3CC3CCC4CCCCC4C32)CC1
C1CCC(C2CC3CCCC3C3CCC4CCCCC4C23)CC1
C(CCCC1CCCC2C(C3CCCCC3)CCC12)CCC1CCCCC1
C1CCC2C(C1)CC(C1CCCC3CCCC31)C1CCCC21
C(CCC1CCC2C1CCC1C3CCCCC3CCC21)CC1CC2CCCCC2C1
C1CCC(C2CC3CCCC3C3CCC4CCCCC4C23)CC1
C1CCC(CCCC2CCC3C(CCC3C3CCCCC3)C2)CC1
C(CCCC1CCCC2C(C3CCCCC3)CCC12)CCC1CCCCC1
C1CCC(CCC(CCCC2CCC3CCCC3C2)CC2CCCCC2)CC1
C1CCC(CC2CCC3CC4CCCCC4CC23)CC1
C1CCC2C(C1)CCC1C3CCCC3CCC21
C1CCC(C2CC3CCCCC3C3CCC4CCCCC4C23)CC1
C1CCC(CCC2CCC3C(CCC3C3CCCC(CCC4CCCC4)C3)C2)CC1
C1CCC(CCCCCC2CCC3CCCCC23)CC1
C1CCC2C(C1)CCC1C3CCCC3CCCC21
C1CCC2CCC3C4CCCCC4CCC3C2CC1
C1CCC(CCCCC2CC3CCCCC3C2)CC1
C1CCC2CCC3C4CCCCC4CCC3C2CC1
C1CCC2CC(C3CCCC4CCCC43)CCC2C1
C1CCC(CCCC2CCC(C3CCC4C(CCC4C4CCCCC4)C3)CC2)CC1
C1CCC2C(C1)CCC1C3CCCC3CCC21
C1CCC(CCC2CCC3C(CCC3C3CCCCC3)C2)CC1
C(CCCCC1CCC(C2CCCCC2)C1)CCCC1CCCCC1
C1CCC(C2CCC3CC4C(CCCC45CCCC5)CCC32)CC1
C1CC2CCC3C(CCC4CCCCC43)CC2C1
C1CCC(CCCC2CCCC(C3CCC4CC(CCC5CCC6CCCCC6C5)CCC43)C2)CC1
C(CCCC1CCCC2C(C3CCCCC3)CCC12)CCC1CCCCC1
C1CCC(CCC2CCC3C2CCC(C2CCCCC2)C2C4CCCCCC4CCC32)CC1
C(CCC1CCCC2CCCCC12)CCC1CCCC2CCCCC12
C1CCC(CC2CCCC(C3CCC4CC(CCC5CCC6CCCCC6C5)CCC43)C2)C1
C1CCC(C2CCC3CCCC3CC3CCC4CCCCC4C32)CC1
C(CCCC1CCCC2C(C3CCCCC3)CCC12)CCC1CCCCC1
C1CCC(CC23CCCCC2CCC2C4CCCC4CCC23)CC1
C1CCC(C2CCC3CCCCC3C3CCCCC23)CC1
C(CCC1CCC2C1CCC1C3CCCCC3CCC21)CC1CCC2CCCCC2C1
C1CCC(CCCCCC2CCC3CCCCC23)CC1
C1CCC(C2CCC3CC4C(CCC32)CCC42CCCCC2)CC1
C1CCC2C(C1)CCC1C3CCCCC3CCC21
C1CCC2C(C1)CCC1C3CCCC3CCC21
C1CCC(CCCCC2CC3CCCCC3C2)CC1
C1CCC2CCC3C4CCCCC4CCC3C2CC1
C1CCC(C2CC3CCCC3C3CCCC4CCCCC4C23)CC1
C1CCC(CCC2CCC(CCC3CCCC(CC4CCCC4)CC3)CC2)CC1
C1CCC(C2CCC3C(CCC34CCCC4)C3CCC4CCCCC4C3C2)CC1
C1CCC2CCC(C3CCCC4CCCC43)CC2CC1
C(CCC1CCCC2CCCCC12)CC1CCCC2CCCCC12
C1CCC(CC2CCC3C(CCC3C3CCCCC3)C2)CC1
C1CCC2CCC(C3CCCC4CCCC43)CC2CC1
C(CCCC1CCCC2CCCCC12)CCC1CCC(C2CCCC2)C1
C1CCC(CC2CCC3CC4(CCCCC4C4CCCCC4)CCC23)CC1
C(CCCCC1CCC(C2CCCCC2)C1)CCCC1CCCCC1
C1CCC(C2CC3CCCC3CC3CCC4CCCCC4C32)CC1
C1CCC2CC(CC3CCCC4CCCC43)CCC2C1
C1CCC(CC2CCC3(CCC4CC5C(CCC5C5CCCCC5)CC43)C2)CC1
C1CCC(CCC2CCC3C(CCC3C3CCCCC3)C2)CC1
C(CCCCC1CCC(C2CCCCC2)C1)CCCC1CCC2CCCC2C1
C1CCC(CCC2CCC3C(CCC3C3CCCCC3)C2)CC1
C1CCC(CCCC2CCCC3CCC(C4CCCC5CCCC54)CC3C2)CC1
C1CCC(CCC2CCC3C(CCC3C3CCCCC3)C2)CC1
C1CCC(C2CC3CCCC3C3CCC4CCCCC4C23)CC1
C1CCC(CC2CC3CCCCC3C3CCC4CCCCC4C23)C1
C1CCC(C2CC3CCCCC3C3CCC4CCCCC4C23)CC1
C1CCC(C2CC3CCCC3C3CCC4CCCCC4C23)CC1
C1CCC(C2CC3CCCCC3C3CCC4CCCCC4C23)CC1
C1CCC(CCC2CCC3C(CCC4CCCCC43)C2)CC1
C1CCC(C2CCC3CCC4CCCCC4CC32)CC1
C(CCC1CCCC2CCCCC12)CC1CCCC2CCCCC12
C1CCC(CCC2(CCCCC3CCC4CCCCC4C3)CCC3C4CCC5CCCCC5C4CCC32)C1
C1CCC2C(C1)CC(C1CCCC3CCCC31)C1CCCC21
C1CCC2CCC(C3CCCC4CCCC43)CC2CC1
C1CCC(C2CCC3CC4C(CCC5C6CCC(CCCCC7CCC8CCCCC8C7)C6CCC45)CC32)CC1
C1CCC(CCC2CCC3C(CCC3C3CCCCC3)C2)CC1
C1CCC2CC(C3CCCC4CCCC43)CCC2C1
C1CCC(CC2CCC(C3CC4CCCC4C4CCC5CCCCCC5C34)CC2)CC1
C1CCC(CCC2CCCC(CC3CC4CCCCC4C4CCC5CCCCC5C34)C2)CC1
C1CCC(C2CC3CCCC3C3CCCC4CCCCC4C23)CC1
C(CCC1CCC(C2CCC(C3CC4CCCC4C4CCC5CCCCC5C34)CC2)CC1)CCC1CCC2C(CCC3C4CCCC4CCC23)C1
C1CCC2CC(CCCC3CCC4C3CCC3C5CCCCC5CCC43)CCC2C1
C1CCC(C2CCC3CCCC3C3CCC4CCCCC4C23)CC1
C(CCCC1CCCCC1)CCCC1CCC(C2CCCCC2)C1
C1CCC(CCCCC2CC3CCCCC3C2)CC1
C(CCCC1CCCCC1)CCCC1CCC(CC2CCCCC2)C1
C1CCC2CCC(C3CCCC4CCCC43)CC2CC1
C1CCC(CCCCC2CCC3CCC(C4CCCC5CCCC54)CC3CC2)CC1
C1CCC(C2CCC3C(CCC4CCCCC43)C2)CC1
C(CC1CC2CCCCC2C1)CC1CCC2C(CCC3C4CCCCC4CCC23)C1
C1CCC(CCC(CCC2CCC3CCCCC3C2)CC2CCCCC2)CC1
C1CCC(CCCCC2CC3CCCCC3C2)CC1
C1CCC2CCC3C4CCC(CCCC5CC6CCCCC6C5)C4CCC3C2CC1
C1CCC2CC(C3CCCC4CCCC43)CCC2C1
C1CCC(C2CCC3CCC4C(CCC45CCCC5)CC32)CC1
C1CCC(CCCCC2CC3CCCCC3C2)CC1
C(CCCC1CCCC2C(C3CCCCC3)CCC12)CCC1CCCCC1
C1CCC(C2CC3CCCC3C3CCC4CCCCCC4C23)CC1
C1CCC2C(C1)CCC1C3CCCCC3CCCC21
C1CCC(C2CCC(C3CC4CCCC4C4CCC5CCCCC5C34)CC2)C1
C1CCC(CCC(CC2CC3CCCCC3C2)C2CC2)CC1
C1CCC2CC(C3CCCC4CCCC43)CCC2C1
C1CCC(CCCCCC2CC3CCCCC3C2)CC1
C1CCC(CCCCC2CC3CCCCC3C2)CC1
C1CCC2CCC(C3CCCC4CCCC43)CC2CC1
C1CCC(CCCCC2CC3CCCCC3C2)CC1
C1CCC(CCCCCC2CCCC3C(CC4CCCCC4)CCC23)CC1
C1CCC(C2CCC3CC4C(CCC5C6CCC(CCCC7CC8CCCCC8C7)C6CCCC45)CC32)CC1
C1CCC(CCC2(CCCC3CCC4CCCCC4C3)CCC3C4CCC5CCCCC5C4CCCC32)C1
C1CCC(CCCCC2CCC3CCCCC23)CC1
C(CCC1CCCC2CCCCC12)CC1CCC2CCCCC2C1
C(CCC1CCCCC2CCCCC12)CC1CCC2CCCCC2C1
C1CCC(CCC2CCC(CCC3CCCCC3)CC2)CC1
C1CCC(C2CCC3CC4C(CCC45CCCC5)CC32)CC1
C1CCC(C2CCC3C(CCCC4CCCCC43)C2)CC1
C1CCC(CCC2CCC3C(CCC3C3CCCCC3)C2)CC1
C1CCC2CC(C3CCCC4CCCC43)C3CCCC3C2CC1
C1CCC2CC(C3CCCC4CCCC43)CCC2C1
C(CCC1CCCC2CCCC12)CC1CC2CCCCC2C1
C1CCC(C2CCCC3C(CCC4CCCCC43)C2)CC1
C(CCCC1CCCC2C(C3CCCCC3)CCC12)CCC1CCC(C2CCCC2)C1
C1CCC(CC2CC3CCCCC3C3CCC4CCCCCC4C23)CC1
C1CCC(C2CCC3CCCCC3C3CCCCC23)CC1
C1CCC(CC2CCC3C(CCC4CCCCC43)C2)CC1
C1CCC(C2CCC3CC4C(CCC32)CCC2C3CCC(CCCC5CCC6CCCCC6C5)C3CCC42)CC1
C1CCC(CCC2CCC3C(CCC3C3CCCCC3)C2)CC1
C1CCC(C2CC3CCCC3C3CCC4CCCCCC4C23)CC1
C1CCC2CCC3C4CCCC4CCC3C2CC1
C1CCC(C2CCC3C(CCCCCC4CCC(C5CCCC5)C4)CCCC23)CC1
C1CCC(C2CCC(C3CC4CCCCC4C4CCC5CCCCC5C34)CC2)C1
C1CCC2C(C1)CCC1C3CCCC3CCCC21
C1CCC2CC(CCCC3CCC4C3CCC3C5CCCCC5CCC43)CC2C1
C(CCC1CCCC2CCCC12)CC1CC2CCCCC2C1
C1CCC2CC(CCCC3CCC4C5CCC6CCCCC6C(CCC34)C5)CC2C1
C1CCC(CCCCCC2CCCC3C(C4CCCCC4)CCC23)CC1
C(CCCC1CCCC2C(C3CCCCC3)CCC12)CCC1CCCCC1
C1CCC(CC2CCC3CCCCC3C3CCC4CCCCC4C23)C1
C1CCC2C(C1)CC(C1CCCC1)C1CCCCC21
C1CCC(C2CCC3CC4C(CCC5C6CCC(CCCC7CC8CCCCC8C7)C6CCC45)CC32)CC1
C1CCC(CCCCC2CC3CCCCC3C2)CC1
C(CCC1CC2CCCCC2C1)CCC1CCCC2CCCC12
C1CCC(CCC2CCCCC2)CC1
C(CCC1CCC2CCCCC2C1)CCC1CCCC2CCCCC12
C1CCC(CC2CC3CCCCC3C3CCC4CCCCC4C23)CC1
C(CCCC1CCCC2C(C3CCCCC3)CCC12)CCC1CCC(C2CCCC2)C1
C1CCC(C2CCC(CCCCCC3CCCC4CCCCC34)C2)CC1
C1CCC(CCCCC2CC3CCCCC3C2)CC1
C1CCC(CCC(CC2CC3CCCCC3C2)C2CC2)CC1
C1CCC(CCCCCC2CCCC3C(C4CCCCC4)CCC23)CC1
C1CCC(CCCCCC2CCCC3C(C4CCCCC4)CCC23)CC1
C1CCC(C2CCCC3C(CCC34CCCC4)C3CCC4CCCCC4C23)CC1
C1CCC(CCCCC2CC3CCCCC3C2)CC1
C1CCC(CCCCCC2CCCC3C(C4CCCCC4)CCC23)CC1
C1CCC(C2CCC3CC4C(CCC45CCCC5)CC32)CC1
C1CCC(CCC2CCC3C(CCC3C3CCCCC3)C2)CC1
C1CCC(C2CCC3C(CCCC4CCCCC43)C2)CC1
C1CCC2CC(CCCC3CCCC4C3CCC3C5CCCCC5CCC43)CC2C1
C1CCC(C2CCC3CC4C(CCC5C6CCC(CCCC7CCC8CCCCC8C7)C6CCC45)CC32)CC1
C1CCC(CCC(CCC2CCC3CCCC3C2)CC2CCCCC2)CC1
C1CCC2CC(C3CCCC3)CCC2C1
C1CCC(C2CCC3CCC4CCCCC4C3CC2)CC1
C(CCC1CCCC2CCCCC12)CC1CCC2CCCCC2C1
C1CCC(CCCC2CCCC3C2CCC2C4CC5CCC(C6CCCCC6)C5CC4CCC32)CC1
C(CCC1CCCCC2CCCCC12)CC1CCC2CCCCC2C1
C1CCC(CCC(CCC2CCC3CCCC3C2)CC2CCCCC2)CC1
C1CCC2CC3CCC4CCCC4C3CCC2C1
C1CCC(CCCCCC2CC3CCCCC3C2)CC1
C(CCCC1CCCC2C(C3CCCCC3)CCC12)CCC1CCCCC1
C1CCC2CC(C3CCCC4CCCC43)C3CCCC3C2CC1
C(CCCC1CCCC2C(C3CCCCC3)CCC12)CCC1CCCCC1
C1CCC(CCC2CCC3C(CCC3C3CCCCC3)C2)CC1
C1CCC2C(C1)CCC1C3CCCC3CCC21
C(CCC1CCCC2CCCCC12)CC1CC2CCCCC2C1
C1CCC(CCCC(CCC2CCC3CCCC3C2)CC2CCCCC2)CC1
C1CCC2C(C1)CCC1C3CCCC3CCC21
C1CCC2CCC3CCCCC3C2CC1
C1CCC2CCC(C3CCCC4CCCC43)CC2CC1
C1CCC(C2CCC3CC4C(CCC45CCCC5)CC32)CC1
C(CCC1CCC2C(CCC3C4CCCC4CCC23)C1)CC1CCC(C2CC3CCCC3C3CCC4CCCCC4C23)CC1
C1CCC(C2CCC3C(CCC4CCCCC43)C2)CC1
C1CCC2CC(C3CCCC4CCCC43)CCC2C1
C1CCC(C2CC3CCCC3C3CCCC4CCCCC4C23)CC1
C1CCC(CCC2CCC3C(CCCC4CCCCC43)C2)CC1
C(CCC1CCCC2CCCCC12)CC1CCCC2CCCCC12
C(CCCC1CCCCC1)CCCC1CCC(C2CCCCC2)C1
C(CCCC1CCCC2C(C3CCCCC3)CCC12)CCC1CCCCC1
C1CCC2CCC3C(CCC4C3CCC4(CCCC3CCCC3)CCC3CCCC3)C2CC1
C1CCC(CCCCCC2CC3CCCCC3C2)CC1
C1CCC(CCCCCC2CC3CCCCC3C2)CC1
C1CCC2CCC3C4CCCC4CCC3C2CC1
C1CCC(CCC2CCC3C(CCC3C3CCCCC3)C2)CC1
C1CCC(CC2CC3CCCCC3C2C2CCCCC2)CC1
C1CCC(CC2CCC3CCCCC3C2)C1
C1CCC(CCC2CCC(CCC3CCCC(CC4CCCC4)C3)CC2)CC1
C1CCC(CCC(CC2CCC3C(CCC3C3CCCCC3)C2)C2CCCCC2)CC1
C1CCC2C(C1)CCC1C3CCCC3CCCC21
C1CCC(CC2CC3CCCCC3C3CCC4CCCCC4C3C2)CC1
C1CCC(CCCCCC2CC3CCCCC3C2)CC1
C1CCC(CCCC2CCCC3CCC(CC4CCCC5CCCC54)CC23)CC1
C1CCC(CC2CCC3CC4(CCCCC4C4CCCCC4)CCC23)CC1
C1CCC(C2CC3CCCC3C3CCC4CCCCCC4C23)CC1
C1CCC(C2CCC3C(CCCCCC4CC4)CCCC23)CC1
C1CCC(C2CC3CCCCC3C3CCC4CCCCC4C23)CC1
C(CCC1CC2CCCCC2C1)CCC1CCCC2CCCC12
C(CCCC1CCCC2C(C3CCCCC3)CCC12)CCC1CCCCC1
C1CCC(CC2CCC3C(CCCCCC4CC4)CCCC23)CC1
C1CCC2CC(C3CCCC4CCCC43)CCC2C1
C1CCC(C2CCC3CCC4C(CCC5C6CCC(CCCC7CC8CCCCC8C7)C6CCC45)CC32)CC1
C1CCC(C2CCC3C(CCCCCC4CCC(C5CCCC5)C4)CCCC23)CC1
C1CCC(CCC2CCC3C(CCC3C3CCCCC3)C2)CC1
C1CCC2CCC(C3CCCC4CCCC43)CC2CC1
C1CCC(CCC2CCC3C(CCC3C3CCCCC3)C2)CC1
C1CCC(CC2CCC3C(CCC3C3CCCCC3)C2)CC1
C1CCC(CCCCCC2CC3CCCCC3C2)CC1
C1CCC(CCCC2CCCC3CC4C(CCC4C4CCCCC4)CC23)CC1
C1CCC2CCC3C4CCC(CCCC5CC6CCCCC6C5)C4CCC3C2CC1
C1CCC(CCCCC2CCC3CCCCC23)CC1
C1CCC(C2CCC3C(CCCCCC4CC4)CCCC23)CC1
C1CCC2CCC(C3CCCC4CCCC43)CC2CC1
C1CCC(CCCCC2CCC3CCCC3C2)CC1
C1CCC(CCC(CC2CC3CCCCC3C2)C2CC2)CC1
C(CCCC1CCCC2C(C3CCCCC3)CCC12)CCC1CCCCC1
C1CCC(CCCCC2CC3CCCCC3C2)CC1
C1CCC2CCC3C4CCCC4CCC3C2CC1
C1CCC(CCCC(CC2CC3CCCCC3C2)C2CCCC2)CC1
C1CCC2CC(C3CCCC4CCCC43)CCC2C1
C1CCC(C2CC3CCCCC3C3CCC4CCCCC4C23)CC1
C1CCC(CCCCC2CCC3CCCCC23)CC1
C1CCC(C2CC3C(CCC4CC4)CCC3C3CCC4CCCCCC4C23)CC1
C1CCC(C2CCC3CC4C(CCC5C6CCCC(CCCC7CC8CCCCC8C7)C6CCC45)CC32)CC1
C(CCC1CCCC2CCCCC12)CC1CCC2CCCCC2C1
C1CCC(CCC2CCCCC3CC4C(CCC4C4CCCCC4)CC23)CC1
C1CCC(C2CC3CCCC3C3CCC4CCCCC4C23)CC1
C1CCC(C2CCC3CC4C(CCC5C6CCC(CCCC7CC8CCCCC8C7)C6CCC45)CC32)CC1
C1CCC2CC(CCCC3CCCCC4CCCCC43)CC2C1
C(CCC1CCCC2CCCCC12)CC1CC2CCCCC2C1
C1CCC2CCC3C4CCCC4CCC3C2CC1
C1CCC(CCC2CCC3C(CCC3C3CCCCC3)C2)CC1
C1CCC(C2CCC(C3CC4CCCC4C4CCCC5CCCCC5C34)CC2)C1
C1CCC(C2CCC3CC4C(CCC5C6CCC(CCCC7CCC8CCCCC8C7)C6CCC45)CC32)CC1
C1CCC(CCCCCC2CCCC3C(CC4CCCCC4)CCC23)CC1
C(CCCC1CCCC2C(C3CCCCC3)CCC12)CCC1CCCCC1
C1CCC(CCC(CCC2CCC3CCCC3C2)CC2CCCCC2)CC1
C(CCCCC1CCC(C2CCCCC2)C1)CCCC1CCCCC1
C1CCC(CCCC2CCCC3C2CCC2C4CC5CCC(C6CCCCC6)C5CC4CCC32)CC1
C1CCC(CCC2CCC(CCC3CCCC(CC4CCCC4)CC3)CC2)CC1
C1CCC(CCCC2CCC3C(CCC3C3CCCCC3)C2)CC1
C1CCC(CCCCCC2CC3CCCCC3C2)CC1
C1CCC(CCCCC2CC3CCCCC3C2)CC1
C1CCC(C2CC3CCCC3C3CCC4CCCCCC4C23)CC1
C1CCC(CCCCC2CC3CCCCC3C2)CC1
C1CCC(CCCCC2CC3CCCCC3C2)CC1
C1CCC(CC2CC3CCCCC3C3CCC4CCCCC4C23)C1
C1CCC(CCC2CCC3C(CCC3C3CCCCC3)C2)CC1
C(CCCC1CCCCC1)CCC1CCCCC1
C1CCC(CCC2CCC(C3CCC4C(CCC4C4CCCCC4)C3)CC2)CC1
C(CCC1CCCC2CCCCC12)CC1CCC2CCCCC2C1
C1CCC(CCCCCC2CCCC3C(C4CCCCC4)CCC23)CC1
C1CCC(C2CC3CCCCC3C3CCCCC23)CC1
C1CCC(C2CC3CCCC3C3CCC4CCCCC4CC23)CC1
C1CCC(C2CCC3CC4C(CCC5C6CCC(CCCC7CC8CCCCC8C7)C6CCC45)CC32)CC1
C(CCCC1CCCCC1)CCCC1CCC(C2CCCCC2)C1
C1CCC(CCC2CCC(C3CCC4C(CCC4C4CCCCC4)C3)CC2)CC1
C1CCC2CC(CC3CCCC4CCCC43)CCC2C1
C1CCC2CCC3C4CCCC4CCC3C2CC1
C(CCC1CCCCC2CCCCC12)CC1CCC2CCCCC2C1
C1CCC2CCC(C3CCCC3)CC2CC1
C1CCC(CCC2CCC3C(CCC3C3CCCCC3)C2)CC1
C1CCC(CC2CCCC(C3CCC4CC(CCC5CCC6CCCCC6C5)CCC43)C2)C1
C1CCC(C2CCC3CC4C(CCC5C6CCC(CCCCC7CC8CCCCC8C7)C6CCC45)CC32)CC1
C1CCC2C(C1)CCC1CCCCC12
C1CCC2CC(C3CCCC4CCCC43)CCC2C1
C1CCC(CC2CC3CCCCC3C3CCC4CCCCCC4C23)CC1
C1CCC(CCCCCC2CC3CCCCC3C2)CC1
C1CCC(CCCCCC2CCCC3C2CCC3C2CCCC(CC3CCCC3)C2)CC1
C1CCC(CCCCC2CC3CCCCC3C2)CC1
C1CCC2C(C1)CCC1CCCCC12
C1CCC2C(C1)CCCC1C2CCC2C3CCCC3CC21
C(CCCC1CCCCC1)CCCC1CCC(C2CCCCC2)C1
C1CCC2C(C1)CCC1C3CCCC3CCC21
C1CCC2CC(C3CCCC4CCCC43)CCC2C1
C1CCC(CCCCCC2CC3CCCCC3C2)CC1
C1CCC(C2CCC3CC4(CCCCCCC4C4CCCCC4)CCC32)CC1
C1CCC(CCCCCC2CCCC3C(C4CCCCC4)CCC23)CC1
C1CCC(CC2CCC3C(CCC3C3CCCCC3)C2)CC1
C(CCCCCCC1CCC2C1CCC1C3CCCCC3CCC21)CCCCCC1CCC(CCC2CCC(CCC3CCCC3)C2)C1
C1CCC2C(C1)CCC1C3CCCC3CCC21
C(CCCC1CCCC2C(C3CCCCC3)CCC12)CCC1CCCCC1
C(CCCC1CCCC2C(C3CCCCC3)CCC12)CCC1CC1
C1CCC(CCC2CCC(C3CCCC4C(C5CCCCC5)CCC34)C2)CC1
C1CCC(CCCCCC2CCCC3C(C4CCCCC4)CCC23)CC1
C1CCC(CCC(CCC2CCC3CCCC3C2)CC2CCCCC2)CC1
C1CCC(C2CCC(CCCCCC3CCCC4CCCCC34)C2)CC1
C1CCC(CCCC2CCC3C2CCC2C4CC5CCC(C6CCCCC6)C5CC4CCC32)CC1
C(CC1CCC(C2CCCC2)CC1)CC1CCC2CCCC2C1
C1CCC(C2CC3CCCC3C3CCC4CCCCCC4C23)CC1
C1CCC(C2CCC3CCC4C(CCCC45CCCC5)CC32)CC1
C1CCC(C2CCC3C(CCC3C3CCCCC3)C2)CC1
C1CCC(C2CC3CCCC3C3CCC4CCCCC4C23)CC1
C1CCC(CCC2CCCC3CCC4C(CCC4C4CCCCC4)CC23)CC1
C1CCC(C2CC3CCCCC3C3CCC4CCCCC4C23)CC1
C1CCC(C2CC3CCCC3C3CCC4CCCCCC4C23)CC1
C1CCC(C2CCC3CC4C(CCC32)CCC42CCCCC2)CC1
C1CCC(C2CCC3CC4C(CCCC45CCCCC5)CC32)CC1
C1CCC(CCC2CCC(CCC3CCCCC3)CC2)CC1
C1CCC(C2CC3CCCC3C3CCC4CCCCC4C23)CC1
C(CCC1CCC2CCCC2C1)CC1CCC(C2CCCC2)CC1
C1CCC(C2CC3CCCC3C3CCC4CCCCC4CC23)CC1
C1CCC(CCCCC2CCC3CCCCC23)CC1
C1CCC(CCC2CCC(C3CCC4C(CCC4C4CCCCC4)C3)CC2)CC1
C(CCCC1CCCC2C(C3CCCCC3)CCC12)CCC1CCCCC1
C1CCC2CC(C3CCCC4CCCC43)CCC2C1
C1CCC(CCCCCC2CCCC3C(CC4CCCCC4)CCC23)CC1
C1CCC(C2CCC3C(CCC4CCCCC43)C2)CC1
C1CCC2CCC3C4CCCCC4CCC3C2CC1
C1CCC(CCCCCC2CC3CCCCC3C2)CC1
C(CCC1CCCC2CCCCC12)CCC1CCCC2CCCCC12
C1CCC2CCC(C3CCCC4CCCC43)CC2CC1
C1CCC(C2CC3CCCCC3C3CCC4CCCCC4C23)CC1
C1CCC(C2CC3C(CCC34CCCC4)C3CCC4CCCCC4C23)CC1
C(CCC1(CC2CCCC2)CCCC2CCCCC21)CC1CCC2CCCCC2C1
C1CCC(C2CCC3C(CCCC4CCCCC43)C2)CC1
C1CCC2C(C1)CCC1C2CCC2C3CCCC3CC21
C1CCC(CCCCC2CCC3CCCC3C2)CC1
C1CCC2CCC3C4CCC(CCCC5CC6CCCCC6C5)C4CCC3C2CC1
C1CCC2CCC3C4CCC(CCCC5CC6CCCCC6C5)C4CCC3C2CC1
C1CCC2C(C1)CCCC2CCCC1CCCC2CCCCC21
C1CCC2CCC3C4CCC(CCCC5CC6CCCCC6C5)C4CCC3C2CC1
C1CCC(CCCCCC2CC3CCCCC3C2)CC1
C1CCC(CC2CCC(CC(CC3CCCCC3)C3CCCCC3)CC2)CC1
C1CCC2CCC(C3CCCC4CCCC43)CC2CC1
C(CCC1CCCC2CCCC12)CC1CC2CCCCC2C1
C1CCC(C2CC3C(CCC4CC4)CCC3C3CCC4CCCCC4C23)CC1
C(CCC1CCCC2CCCCC12)CC1CCC2CCCCC2C1
C1CCC(CCCCC2CC3CCCCC3C2)CC1
C1CCC(CCC2(CCCC3CC4CCCCC4C3)CCC3C4CCC5CCCCC5C4CCC32)C1
C1CCC(CC23CCCCC2CCC2C(CCC4CCCC42)C3)CC1
C1CCC(C2CC3CCCC3CC3CCC4CCCCC4C32)CC1
C(CCC1CCC2CCCCC2C1)CCC1CCCC2CCCCC12
C(CCC1CCC2C(CCC3C4CCCC4CCC23)C1)CC1CCC(C2CCC(C3CC4CCCC4C4CCC5CCCCC5C34)CC2)CC1
C1CCC(CCC2CCC3C(CCC3C3CCCCC3)C2)CC1
C1CCC(CCCCC2CCC3CCCCC23)CC1
C1CCC(CCCCCC2CCC3CCCCC23)CC1
C1CCC(CCC2CCC(C3CCC4C(CCC4C4CCCCC4)C3)CC2)CC1
C1CCC(C2CCC3CCC4C(CC5CCC6CCCCC65)CCCC4CC32)CC1
C1CCC(CCCCCC2CCC3CCCCC23)CC1
C1CCC(C2CC3CCCC3C3CCCC4CCCCC4C23)CC1
C1CCC(C2CC3CCCC3C3CCC4CCCCC4C23)CC1
C1CCC(C2CCC3CC4C(CCC45CCCCC5)CC32)CC1
C1CCC2CC(CCCC3CCC4C3CCC3C5CCCCC5CCC43)CC2C1
C1CCC2C(C1)CCC1C3CCCC3CCC21
C1CCC2CCC(C3CCCC4CCCC43)CC2CC1
C1CCC(C2CCC3C(CCC4CCCCC43)C2)CC1
C1CCC2C(C1)CCC1C3CCCC3CCCC21
C1CCC2C(C1)CCCC1CCCCC12
C1CCC(CCCCC2CCC3CCCCC23)CC1
C1CCC(C2CC3CCCC3C3CCC4CCCCC4C23)CC1
C1CCC(CCCCCC2CCC3CCCCC23)CC1
C1CCC(C2CC3C(CCC34CCCC4)C3CCC4CCCCC4C23)CC1
C1CCC(CCCCC2CCC3CCC(C4CCCC5CCCC54)CC3C2)CC1
C1CCC(CCCCC2CCCC(C3CCC4CC(CCC5CCC6CCCCC6C5)CCC43)C2)CC1
C1CCC(CC2CC3CCCCC3C3CCC4CCCCCC4C23)CC1
C1CCC(CCC2CCC3C(CCC3C3CCCCC3)C2)CC1
C1CCC2CC(CC3CCCC4CCCC43)CCC2C1
C1CCC2C(C1)CCCC1C3CCCC3CCC21
C1CCC(C2CCC3C(CCC34CCCC4)C3CCC4CCCCC4CC23)CC1
C1CCC(CC2CCC3C(CCCCCC4CC4)CCCC23)CC1
C1CCC2CCC(C3CCCC4CCCC43)CC2CC1
C(CCC1CCCC2CCCCC12)CCC1CCCC2CCCC12
C1CCC2CC(CC3CCCC4CCCC43)CCC2C1
C1CCC(C2CCC3C(CCC4CCCCC43)C2)CC1
C1CCC(CCCCC2CC3CCCCC3C2)CC1
C1CCC(CCCCC2CC3CCCCC3C2)CC1
C1CCC(CCC2(CCCC3CC4CCCCC4C3)CCC3C4CCC5CCCCC5C4CCC32)C1
C1CCC(C2CC3CCCC3C3CCC4CCCCC4C23)CC1
C1CCC(C2CC3CCCC3C3CCC4CCCCC4C23)CC1
C1CCC(C2CC3CCCC3C3CCC4CCCCC4C23)CC1
C1CCC(CCC2CCC(C3CC3)CC2)CC1
C1CCC(C2CCC3C(CCC4CCCCC43)C2)CC1
C1CCC(C2CCC(CCCCCC3CCCC4CCCCC34)C2)CC1
C1CCC(CCCCC2CC3CCCCC3C2)CC1
C1CCC2CC(CCCC3CCC4C3CCC3C5CCCCC5CCCC43)CC2C1
C1CCC(CCCCC2CC3CCCCC3C2)CC1
C1CCC(CCC2CCC(C3CCC4C(CCC4C4CCCCC4)C3)CC2)CC1
C1CCC(CCCCC2CC3CCCCC3C2)CC1
C1CCC2CCC3C4CCCC4CCC3C2CC1
C(CCC1CCC2C(CCC3C4CCCC4CCC23)C1)CC1CCC(C2CCC(C3CC4CCCC4C4CCC5CCCCC5C34)CC2)CC1
C1CCC(C2CC3C(CCC34CCCC4)C3CCCC4CCCCC4C23)CC1
C1CCC(C2CCCCC2CC2CC3CCCCC3CC3CCC4CCCCC4C32)CC1
C(CCCC1CCCC2C(C3CCCCC3)CCC12)CCC1CCCCC1
C1CCC(C2CC3CCCCC3C3CCC4CCCCC4C23)CC1
C1CCC(CCCCCC2CC3CCCCC3C2)CC1
C1CCC(CCCCCC2CCCC3C(C4CCCCC4)CCC23)CC1
C1CCC2CCC3C4CCCCC4CCC3C2CC1
C1CCC(C2CC3CCCC3C3CCC4CCCCC4C23)CC1
C1CCC(C2CCC(CC3CC4CCCC4C4CCC5CCCCC5C34)CC2)C1
C1CCC(C2CC3CCCCC3C3CCC4CCCCC4C23)CC1
C(CCCC1CCCC2C(C3CCCCC3)CCC12)CCC1CCCCC1
C1CCC(C2CC3CCCC3C3CCC4CCCCC4CC23)CC1
C1CCC(CC2CCC3CC4(CCCCCC4C4CCCCC4)CCC23)CC1
C1CCC(C2CC3CCCC3C3CCC4CCCCC4C23)CC1
C1CCC(C2CCC(CCCCCC3CCCC4C(C5CCCCC5)CCC34)C2)CC1
C1CCC(C2CC3CCCC3C3CCC4CCCCCC4C23)CC1
C1CCC(C2CCC3CCCC3C3CCC4CCCCCC4C23)CC1
C1CCC2CCC3C4CCCC4CC(C4CCC(C5CCC5)CC4)C3C2CC1
C1CCC(CC2CC3CCCCC3CC3CCC4CCCCC4C32)C1
C1CCC2C(C1)CCC1C3CCCC3CCC21
C(CCCC1CCCC2CCCCC12)CCC1CCC(C2CCCCC2)C1
C1CCC(C2CC3CCCC3C3CCC4CCCCCC4C23)CC1
C1CCC(CCCCCC2CCC3CCCCC23)CC1
C1CCC(CCCC(CCC2CCC3C(CCC3C3CCCCC3)C2)C2CCCCC2)CC1
C1CCC2C(C1)CCC(C1CCCC1)C1CCCCC21
C1CCC(C2CCC3CC4C(CCC45CCCC5)CC32)CC1
C1CCC(CCCCCC2CCC3CCCCC23)CC1
C1CCC2C(C1)CCC1C3CCCC3CCC21
C(CCC1CCCC2CCCCC12)CC1CCCC2CCCCC12
C1CCC(CC2CC3CCCCC3C3CCC4CCCCC4C23)CC1
C1CCC(C2CC3CCCC3C3CCC4CCCCC4C23)CC1
C1CCC(CCC2CCC(C3CCC4C(CCC4C4CCCCC4)C3)CC2)CC1
C1CCC(C2CC3CCCC3C3CCC4CCCCC4C23)CC1
C1CCC2C(C1)CC(C1CCCC1)C1CCCCC21
C(CCC1CCCC2CCCCC12)CC1CC2CCCCC2C1
C1CCC2CC(C3CCCC4CCCC43)CCC2C1
C1CCC(CCCCCC2CCCC3C(C4CCCCC4)CCC23)CC1
C1CCC(CCC2CCC3C(CC4CCCCC4)CCC3C2)CC1
C1CCC2CCC(C3CCCC4CCCC43)CC2CC1
C1CCC(C2CCC3CC4C(CCCC45CCCC5)CC32)CC1
C1CCC2CC(C3CCCC4CCCC43)CCC2C1
C1CCC2CCC3C(CCC4C3CCC4(CCCC3CC4CCCCC4C3)CCC3CCCC3)C2CC1
C1CCC2CCC(C3CCCC4CCCC43)CC2CC1
C1CCC(CCC2CCC(C3CCC3)CC2)CC1
C1CCC2CCC3C4CCCC4CCC3C2CC1
C(CCCC1CCCC2C(C3CCCCC3)CCC12)CCC1CCCCC1
C1CCC(CCCCC2CCC3CCC(C4CCCC5CCCC54)CC3C2)CC1
C(CCC1CCCC2CCCCC12)CC1CCCC2CCCCC12
C1CCC(CCC2CCC3C(CC4CCCCC4)CCC3C2)CC1
C1CCC2C(C1)CCC1C2CCC2C3CCCC3CC21
C1CCC(CCCCCC2CC3CCCCC3C2)CC1
C1CCC(CCCCCC2CCCC3C(CC4CCCCC4)CCC23)CC1
C1CCC(CCC2CCC(CC3CCC4C(CCC4C4CCCCC4)C3)CC2)CC1
C1CCC(C2CC3CCCC3C3CCCC4CCCCC4C23)CC1
C1CCC(CCCCC2CC3CCCCC3C2)CC1
C1CCC(C2CC3CCCCC3C3CCC4CCCCC4C23)CC1
C1CCC(C2CC3CCCC3C3CCC4CCCCCC4C23)CC1
C1CCC(CC2CCCC(CC3CC4CCCCC4C4CCC5CCCCC5C34)C2)C1
C1CCC(C2CCC3CCCCC3C3CCC4CCCCC4C23)CC1
C1CCC2CC(C3CCCC4CCCC43)CCC2C1
C1CCC(C2CCC3CC4C(CCC5C6CCC(CCCCC7CC8CCCCC8C7)C6CCC45)CC32)CC1
C1CCC(CCCCC2CCC3C2CCC2C4CCCCCC4CCC32)CC1
C1CCC(CCCCCC2CC3CCCCC3C2)CC1
C1CCC(CCCCC2CC3CCCCC3C2)CC1
C1CCC(CCCCC2CCC3CCCCC23)CC1
C1CCC(CC2CC3CCCCC3C3CCC4CCCCC4C23)CC1
C1CCC(CCC(CC2CCC(CC3CCCCC3)CC2)C2CCCCC2)CC1
C(CCCCC1CCC(C2CCCCC2)C1)CCCC1CCCCC1
C1CCC2CCC(C3CCCC4CCCC43)CC2CC1
C1CCC(C2CCC3C(CCC4CCCCC43)C2)CC1
C1CCC(CCCCCC2CC3CCCCC3C2)CC1
C1CCC2CCC(C3CCCC4CCCC43)CC2CC1
C1CCC(CCCC2CCC3C(CCC3C3CCCC(CCC4CCCC4)C3)C2)CC1
C(CCC1CCCC2CCCCC12)CC1CCC2CCCCC2C1
C1CCC(C2CCC3CC4C(CCC5C6CCC(CCCC7CC8CCCCC8C7)C6CCC45)CC32)CC1
C1CCC(CCC2CCC3C(CC4CCCCC4)CCC3C2)CC1
C1CCC(CCC2CCC3C(CCC4CC(C5CCCCC5)CCC43)C2)CC1
C(CCCC1CCCC2C(C3CCCCC3)CCC12)CCC1CCCCC1
C1CCC(CCCCC2CCC3CCCCC23)CC1
C(CCCC1CCCC2C(C3CCCCC3)CCC12)CCC1CCCCC1
C1CCC(C2CC3CCCC3C3CCC4CCCCCC4C23)CC1
C1CCC(CCC2CCC3C(CC4CCCCC4)CCC3C2)CC1
C1CCC(CCC2CCC(CC3CCCC4C(C5CCCCC5)CCC34)C2)CC1
C(CCCC1CCCC2C(C3CCCCC3)CCC12)CCC1CCCCC1
C1CCC2CCC(C3CCCC4CCCC43)CC2CC1
C1CCC2CC(CC3CCCC4CCCC43)CCC2C1
C1CCC(CCCCC2CCC3CCCCC23)CC1
C1CCC(CCC2CCC3C(CCC4CCCCC43)C2)CC1
C1CCC(C2CC3CCCC3C3CCC4CCCCC4C23)CC1
C1CCC2C(C1)CCC1C3CCCC3CCC21
C1CCC(CCCC2CCCC3CCC(C4CCCC5CCCC54)CC3C2)CC1
C1CCC(CCCCCC2CC3CCCCC3C2)CC1
C1CCC2CC(C3CCCC4CCCC43)CCC2C1
C1CCC(C2CC3CCCC3C3CCC4CCCCC4C23)CC1
C1CCC(C2CCC3CCC4C(CCC5C6CCC(CCCC7CC8CCCCC8C7)C6CCC45)CC32)CC1
C1CCC(C2CCC3CC4C(CCC32)CCC2C3CCC(CCCC5CCC6CCCCC6C5)C3CCC42)CC1
C1CCC(C2CCC3CC4C(CCCC5C6CCC(CCCC7CCC8CCCCC8C7)C6CCC45)CC32)CC1
C1CCC(CCCCC2CC3CCCCC3C2)CC1
C1CCC(C2CCCCC2CC2CC3CCCCC3CC3CCC4CCCCC4C32)CC1
C1CCC(CC(CC2CCCCC2)C2CCCCC2)CC1
C1CCC(C2CC3CCCC3C3CCC4CCCCC4CC23)CC1
C1CCC(CCCC2CCC3C2CCC2C4CC5CCC(C6CCCCC6)C5CC4CCC32)CC1
C(CCC1CCC2CCCCC2C1)CCC1CCCC2CCCCC12
C1CCC(CCCCC2CC3CCCCC3C2)CC1
C(CC1CCC2CCCCC2C1)CC1CCC2CCC(C3CCCC4CCCC43)CC2C1
C1CCC2CCC(C3CCCC4CCCC43)CC2CC1
C1CCC(CC2CCC3CC4C(CCCC45CCCC5)CC23)CC1
C1CCC(CCCCC2CC3CCCCC3C2)CC1
C1CCC(C2CC3CCCC3C3CCC4CCCCC4C23)CC1
C1CCC(CCCCCC2CCCC3C(C4CCCCC4)CCC23)CC1
C1CCC(CCC2CCC(CCC3CCCC(CC4CCCC4)C3)CC2)CC1
C1CCC(C2CCC3CC4C(CCC5C6CCCC(CCCC7CC8CCCCC8C7)C6CCC45)CC32)CC1
C1CCC2CCC3C4CCCC4CCC3C2CC1
C1CCC(CCC2CC3CCCCC3C3CCC4CCCCC4C23)CC1
C(CCC1CCCC2CCCCC12)CCC1CCCC2CCCCC12
C1CCC2CC3CCC4CCCC4C3CCC2C1
C1CCC(C2CCC(CCCCCC3CCCC4CCCCC34)C2)CC1
C1CCC(C2CCC3CCC(C4CCCC4)CC32)CC1
C1CCC(CC2CC3CCCCC3C3CCC4CCCCC4C23)CC1
C1CCC2C(C1)CCCC1C3CCCC3CCC21
C1CCC2C(C1)CCC1C3CCCC3CCC21
C1CCC(C2CC3CCCC3C3CCC4CCCCC4C23)CC1
C(CCC1CCC2C1CCC1C3CCCCC3CCC21)CC1CC2CCCCC2C1
C1CCC2CCC3C4CCCCC4CC(CC4CCCC4)C3C2CC1
C(CCC1CCCCC2CCCCC12)CC1CCC2CCCCC2C1
C1CC(C2CCC(C3CC4CCCC4C4CCC5CCCCC5C34)CC2)C1
C1CCC(C2CC3CCCC3C3CCC4CCCCC4CC23)CC1
C1CCC(C2CCCC(CC3CC4CCCCC4CC4CCC5CCCCC5C43)C2)C1
C1CCC(C2CCC3CCC4C(CCC45CCCC5)CC32)CC1
C1CCC2C(C1)CCC1C3CCCC3CCC21
C1CCC(C2CCC3C(CCCCCC4CC4)CCCC23)CC1
C1CCC(CCCCCC2CCCC3C(C4CCCCC4)CCC23)CC1
C1CCC(CCCC2CCC(C3CCCC4C(C5CCCCC5)CCC34)C2)CC1
C1CCC(C2C3CCCC3CCC3CC4CCCC4CC32)CC1
C1CCC2CC3CCCCC3CCC2C1
C1CCC2C(C1)CCC1CC3CC4CCCC4C3CCC12
C1CCC(C2CC3CCCC3C3CCC4CCCCCC4C23)CC1
C1CCC(CCC(CCCC2CCC3CCCC3C2)CC2CCCCC2)CC1
C1CCC(CCCC2CCCC(C3CCC4CC(CCC5CCC6CCCCC6C5)CCC43)C2)CC1
C1CCC2CCC(C3CCCC4CCCC43)CC2CC1
C1CCC(CCCCC2CC3CCCCC3C2)CC1
C1CCC(CCC2CCCC3CCC(C4CCCC5CCCC54)CC23)CC1
C1CCC2CCC(C3CCCC4CCCC43)CC2CC1
C1CCC(CCCC(CCC2CCC3CCCC3C2)CC2CCCCC2)CC1
C1CCC(CCC(CC2CCCCC2)CC2CCC3C(CCC3C3CCCCC3)C2)CC1
C1CCC(C2CCC3C(CCC34CCCC4)C3CCC4CCCCC4C23)CC1
C1CCC(C2CC3CCCC3C3CCC4CCCCCC4C23)CC1
C1CCC(C2CCC3C(CCCCCC4CCC(C5CCCC5)C4)CCCC23)CC1
C1CCC2CC(CC3CCCC4CCCC43)CCC2C1
C1CCC(CCCCCC2CC3CCCCC3C2)CC1
C(CCC1CCCC2CCCC12)CC1CC2CCCCC2C1
C1CCC(CC2CCC3C(CCCCCC4CCC(C5CCCC5)C4)CCCC23)CC1
C1CCC2CC(C3CCCC4CCCC43)CCC2C1
C1CCC2CC(C3CCC4CCCCC43)CCC2C1
C(CCCCC1CCC(C2CCCCC2)C1)CCCC1CCCCC1
C1CCC(CCC2CCC3C(CCC4CCCCC43)C2)CC1
C1CCC(CCC2CCC3C(CCC4C5CCCC5CCCC34)C2)CC1
C1CCC(C2CCC3CCCC3C3CCC4CCCCC4C3C2)CC1
C(CCCCC1CCC2C(CCC3C4CCCC4CCC23)C1)CCCC1CCCC(CC(CC2CCC(CC3CCCCC3)CC2)C2CCCCC2)C1
C1CCC(CCCCCC2CC3CCCCC3C2)CC1
C(CCCC1CCCC2C(C3CCCCC3)CCC12)CCC1CCCCC1
C(CCCC1CCCCC1)CCCC1CCC(C2CCCCC2)C1
C1CCC2CC(C3CCCC4CCCC43)CCC2C1
C1CCC(C2CCC(CCCC3CCC4C3CCC3C5CCCCCC5CCC43)C2)CC1
C1CCC(CCCC2CCC3C2CCC2C4CC5CCC(C6CCCCC6)C5CCC4CCC32)CC1
C1CCC(CCC2CCC3C(CCC3C3CCCCC3)C2)CC1
C1CCC(CCCCCC2CC3CCCCC3C2)CC1
C1CCC2CC(CCCC3CCC4C3CCC3CC5CCCCC5CCC34)CCC2C1
C1CCC2CC(CC3CCCC4CCCC43)CCC2C1
C1CCC(C2CC3CCCC3C3CCC4CCCCC4CC23)CC1
C1CCC(CCCCCC2CCCC3C(C4CCCCC4)CCC23)CC1
C1CCC(CCCC2(CCCC3CC4CCCCC4C3)CCC3C4CCC5CCCCC5C4CCC32)C1
C1CCC(C2CCC3CC4CCCCC4CC32)CC1
C1CCC(C2CCC3CC4C(CC5CCC6CCCCC65)CCCC4CC32)CC1
C1CCC(CCCCCC2CCCC3C(CC4CCCCC4)CCC23)CC1
C1CCC2C(C1)CCC1C3CCCC3CCC21
C1CCC2CCC(C3CCCC4CCCC43)CC2CC1
C1CCC(CC2CC3CCCCC3C3CCC4CCCCCC4C23)CC1
C1CCC(CCCC2CCC3CCC(C4CCCC5CCCC54)CC3CC2)CC1
C1CCC2C(C1)CCC1C3CCCC3CCC21
C(CCCCC1CCC(C2CCCCC2)C1)CCCC1CCCCC1
C1CCC(C2CCC3C(CCCC4CCCCC43)C2)CC1
C1CCC2CCC(C3CCCC4CCCC43)CC2CC1
C1CCC(CC2CC3CCCCC3C3CCC4CCCCCC4C23)CC1
C1CCC(C2CC3CCCCC3C3CCCCC23)CC1
C1CCC2CC(CCCC3CCC4C3CCCC3C5CCCCC5CCC34)CCC2C1
C1CCC(CCCCCC2CCC3CCCCC23)CC1
C1CCC(CCCC2CCC3C(CCC3C3CCCCC3)C2)CC1
C1CCC(C2CC3CCCC3C3CCC4CCCCC4C23)CC1
C1CCC(CCC2CC3CCCCC3C3CCC4CCCCC4C23)CC1
C1CCC(CCCCCC2CCC3CCCCC3C2)CC1
C(CCCCC1CCC(C2CCCCC2)C1)CCCC1CCCCC1
C1CCC2C(C1)CCC1C3CCCC3CCC21
C1CCC(C2CCC3CC4C(CCC32)CCC2C3CCC(CCCC5CC6CCCCC6C5)C3CCC42)CC1
C1CCC2C(C1)CCC1C3CCCC3CCC21
C1CCC2CC(CCCC3CCC4C3CCC3C5CCCCC5CCC43)CCC2C1
C1CCC(CCCC2CCC(CCC3CCCC(CC4CCCC4)C3)CC2)CC1
C(CCCC1CCCCC1)CCCC1CCC(C2CCCCC2)C1
C1CCC2C(C1)CCC1C3CCCC3CCC21
C1CCC2CC(CC3CCCC4CCCC43)CCC2C1
C1CCC(C2CCC3CCC(C4CCCC4)CC32)CC1
C1CCC(CCC2CCC3C(CCC3C3CCCCC3)C2)CC1
C(CCC1CCC2C1CCC1C3CCCCC3CCC21)CC1CCC2CCCCC2C1
C1CCC(CCC2CCC(CCC3CCCC(CC4CCCC4)C3)CC2)CC1
C1CCC(C2CC3CCCC3C3CCCC4CCCCC4C23)CC1
C1CCC(CCCC2CCC(CC3CCC4C(CCC4C4CCCCC4)C3)CC2)CC1
C1CCC(C2CCC(CCCCCC3CCCC4CCCCC34)C2)CC1
C1CCC(C2CC3CCCC3C3CCC4CCCCCC4C23)CC1
C1CCC(CCC2CCC(CCC3CCCC(CC4CCCC4)C3)CC2)CC1
C1CCC(CCCCC2CC3CCCCC3C2)CC1
C1CCC(C2CCC3CC4(CCCCCC4C4CCCCC4)CCCC32)CC1
C1CCC(C2CC3CCCCC3C3CCCCC23)CC1
C1CCC2C(C1)CC(C1CCCC3CCCC31)C1CCCC21
C1CCC(CCCCCC2CC3CCCCC3C2)CC1
C1CCC(CCCCC2CC3CCCCC3C2)CC1
C1CCC(C2CCC3CC4C(CCCC4CC4CC5CCCCC5C4)CCC32)CC1
C1CCC(CCC2(CCCC3CCC4CCCCC4C3)CCC3C4CCC5CCCCC5C4CCC32)C1
C(CCCC1CCC(C2CCCCC2)C1)CCC1CCCCC1
C(CCC1CCCC2CCCCC12)CC1CCC2CCCCC2C1
C1CCC(CCC2CCC(C3CCC4C(CCC4C4CCCCC4)C3)CC2)CC1
C1CCC(CCCC2CCC3C(CCC3C3CCCCC3)C2)CC1
C1CCC(CCC2CCC3C(CCC3C3CCCCC3)C2)CC1
C(CCC1CCC(C2CC3CCCC3C3CCC4CCCCC4C23)CC1)CCC1CCC2C(CCC3C4CCCC4CCC23)C1
C1CCC(CCCC(CCC2CCC3CCCC3C2)CC2CCCCC2)CC1
C1CCC(CCCC2CCC3CCCC3C2)CC1
C1CCC(CC2CC3CCCCC3CC3CCC4CCCCC4C32)CC1
C1CCC(CCCCCC2CCC3CCCCC23)CC1
C1CCC(CCC(CC2CC2)CC2CC3CCCCC3C2)CC1
C(CCCC1CCCC2C(C3CCCCC3)CCC12)CCC1CCCCC1
C(CCC1CCC2CCCC2C1)CC1CCC(C2CCCC2)CC1
C1CCC(CCCC2CCC3C2CCC2C4CCCCC4CCC32)C1
C(CCC1CCCC2CCCCC12)CC1CCCC2CCCCC12
C1CCC(CCCC2CC3CCCCC3C2C2CCCCC2)CC1
C1CCC2CCC(C3CCCC4CCCC43)CC2CC1
C1CCC(CCC2CCC3C(CCC3C3CCCCC3)C2)CC1
C1CCC(CCC2CCC(CCC3CCCCC(CC4CCCC4)C3)CC2)CC1
C1CCC2CC(C3CCCC4CCCC43)C3CCCC3C2CC1
C1CCC(C2CCC3CC4C(CCCC45CCCC5)CCC32)CC1
C1CCC(CCCCC2CCC3CCCCC23)CC1
C(CCCC1CCCC2C(C3CCCCC3)CCC12)CCC1CCCCC1
C1CCC(CCC(CCC2CC3CCCCC3C2)C2CC2)CC1
C1CCC(CC2CCCC(CCC3CCC(CCC4CCC(C5CC5)CC4)CC3)C2)CC1
C1CCC(CCCC2CCC(C3CCC4C(CCC4C4CCCCC4)C3)CC2)CC1
C1CCC2CCC3C4CCCCC4CC(CC4CCCC4)C3C2CC1
C1CCC(CCC2CCC3C(CCC3C3CCCCC3)C2)CC1
C1CCC(CCCCCC2CCCC3C2CCC3C2CCC(CCC3CC3)CC2)CC1
C1CCC2CC(C3CCCC4CCCC43)CCC2C1
C1CCC2C(C1)CCC1C3CCCC3CCC21
C(CCC1CCC2C(CCC3C4CCCC4CCC23)C1)CC1CCC(C2CC3CCCCC3C3CCC4CCCCC4C23)CC1
C1CCC(CC2CCCCCCC23CCC2C(CCC2C2CCCCC2)C3)CC1
C1CCC(CCC2CCC3C(CCC3C3CCCCC3)C2)CC1
C1CCC(C2CC3CCCCC3CC3CCCCC32)CC1
C1CCC(C2CCC3CC4C(CCCC45CCCCC5)CC32)CC1
C1CCC(C2CCC3CC4CCCCC4CC32)CC1
C1CCC2C(C1)CCC1C3CCCC3CCC21
C1CCC(CCCCCC2CCC3CCCCC23)CC1
C1CCC(C2CCC3C(CCC4CCCCC43)C2)C1
C1CCC(C2CCC3CCC4(CCCCCC4)C3C2)CC1
C1CCC(CCCCCC2CCC3CCCCC3C2)CC1
C1CCC(C2CCC3CC4(CCCCC4C4CCCCC4)CCCC32)CC1
C1CCC(C2CCC3CCC4C(CCC45CCCCC5)CC32)CC1
C1CCC2C(C1)CC(C1CCCC3CCCC31)C1CCCC21
C1CCC(CCCCCC2CC3CCCCC3C2)CC1
C1CCC(C2CCC(C3CC4CCCCC4C4CCC5CCCCC5C34)CC2)C1
C1CCC2C(C1)CCC1C3CCCCC3CCC21
C1CCC2C(C1)CCC1C3CCCC3CCC21
C1CCC(CC2CC3CCCCC3C3CCC4CCCCC4C23)CC1
C1CCC(C2CCC3CC4C(CCC5C6CCC(CCCCC7CCC8CCCCC8C7)C6CCC45)CC32)CC1
C1CCC(CC2CC3CCCCC3C3CCC4CCCCCC4C23)CC1
C1CCC(CCCCC2CCCC(C3CCC4CC(CCC5CCC6CCCCC6C5)CCC43)C2)CC1
C1CCC2C(C1)CCC1C3CCCC3CCCC21
C1CCC(CCCCC2CCC3CCCCC23)CC1
C(CCC1CCC2C(CCC3C4CCCCC4CCC23)C1)CC1CCC(C2CC3CCCC3C3CCC4CCCCC4C23)CC1
C1CCC(C2CC3CCCCC3C3CCCCC23)CC1
C1CCC(CCCCC2CCC3CCC(C4CCCC5CCCC54)CC3C2)CC1
C(CCCC1CCCC2C1CCC2C1CCC(CC2CC2)CC1)CCC1CCCCC1
C1CCC2CC(CCCC3CCCCC4CCCCC43)CC2C1
C1CCC(CCCC2CCCC3CCC(C4CCCC5CCCC54)CC3C2)CC1
C1CCC2CC(CCCC3CCC4C3CCC3C5CCCCC5CCC43)CCC2C1
C1CCC(C2CCC3CC4C(CCC32)CCC2C3CCC(CCCC5CC6CCCCC6C5)C3CCC42)CC1
C1CCC(CCCCC2CC3CCCCC3C2)CC1
C(CCC1CCCC2CCCCC12)CC1CCCC2CCCCC12
C1CCC(CCC2CCC3C(CCC3C3CCCCC3)C2)CC1
C1CCC(CCCCC2CC3CCCCC3C2)CC1
C(CCCC1CCCC2CCCCC12)CCC1CCC(C2CCCCC2)C1
C1CCC(CCCCCC2CCC3CCCCC23)CC1
C1CCC2C(C1)CCC1C3CCCCC3CCC21
C1CCC2C(C1)CCC1C3CCCC3CCC21
C1CCC(C2CCC3CC4C(CCC5C6CCCC(CCCC7CCC8CCCCC8C7)C6CCC45)CC32)CC1
C1CCC2CCC(C3CCCC4CCCC43)CC2CC1
C1CCC2CC(C3CCCC4CCCC43)CCC2C1
C1CCC(C2CC3CCCC3C3CCC4CCCCC4C23)CC1
C(CCC1CCCC2CCCCC12)CCC1CCCC2CCCC12
C1CCC(C2CC3CCCC3CC3CCC4CCCCC4C32)CC1
C1CCC(C2CCCC3CCCC3C3CCC4CCCCC4C23)CC1
C1CCC(C2CCC(CCCCCC3CCCC4CCCCC34)C2)CC1
C(CCC1CCCC2CCCCC12)CCC1CCCC2CCCCC12
C1CCC(CC2CCC(CC(CC3CCCCC3)C3CCCCC3)CC2)CC1
C1CCC(C2CCC3CCC4CCCCC4CC32)CC1
C1CCC2C(C1)CCC1C2CCC2C3CCCC3CC21
C1CCC(CCCCCC2CC3CCCCC3C2)CC1
C1CCC(CCCCCC2CC3CCCCC3C2)CC1
C1CCC(CCCCC2CC3CCCCC3C2)CC1
C1CCC(CC2CC3CCCCC3C3CCC4CCCCC4C3C2)C1
C1CCC(CCC2CCC3C2CCC(C2CCCCC2)C2C4CCCCC4CCCC32)CC1
C1CCC2CCC(C3CCCC4CCCC43)CC2CC1
C1CCC(C2CCC3CC4C(CCC5C6CCC(CCCC7CC8CCCCC8C7)C6CCCC45)CC32)CC1
C1CCC(C2CC3CCCCC3C3CCCCC23)CC1
C1CCC(CC23CCCCC2CCC2C4CCCC4CCC23)CC1
C1CCC(CC2CC3CCCCC3C3CCC4CCCCC4C23)CC1
C1CCC2CCC(C3CCCC4CCCC43)CC2CC1
C1CCC2CC(C3CCCC4CCCC43)CCC2C1
C1CCC(CCC2CCC3C(CCC3C3CCCCC3)C2)CC1
C(CCCC1CCCCC1)CCC1CCCCC1
C1CCC(CCCCC2CCC3CCCCC23)CC1
C1CCC(CCC2(CCCC3CCC4CCCCC4C3)CCCC3C4CCC5CCCCC5C4CCC32)C1
C1CCC(CCC2CCC(C3CCC4C(CCC4C4CCCCC4)C3)CC2)CC1
C1CCC(CCCCC2CCC3CCC(C4CCCC5CCCC54)CC3C2)CC1
C1CCC2CCC3CCCCC3C2CC1
C1CCC(CC2CC3CCCCC3C3CCC4CCCCC4C23)CC1
C1CCC(CC(CC2CCCCC2)C2CCCCC2)CC1
C1CCC(CC2CC3CCCCC3C3CCC4CCCCC4C23)CC1
C1CCC(CCCCC2CC3CCCCC3C2)CC1
C1CCC(CCCCCC2CCC3CCCCC23)CC1
C1CCC2CCC3C(CCC4C3CCC4(CCCC3CC4CCCCC4C3)CCC3CCCC3)C2CC1
C1CCC2CCC(C3CCCC4CCCC43)CC2CC1
C1CCC(CCCCC2CC3CCCCC3C2)CC1
C(CCCC1CCCCC1)CCCC1CCC(C2CCCCC2)C1
C1CCC(CCC2CCCCC2)CC1
C1CCC2CCC3C4CCCCC4CC(CC4CCCC(C5CCCC5)C4)C3C2CC1
C1CCC(CCCCCC2CCCC3C2CCC3C2CCCC(CC3CCCC3)C2)CC1
C(CC1CC2CCCCC2C1)CC1CCC2C(CCC3C4CCCCC4CCC23)C1
C1CCC(CCCCC2CC3CCCCC3C2)CC1
C1CCC2C(C1)CCC1C3CCCC3CCC21
C1CCC(C2CCC3CC4C5CCC6C(CCCC7CC8CCCCC8C7)CCC6C(CCC4CC32)C5)CC1
C1CCC(CCCCC2CC3CCCCC3C2)CC1
C1CCC(CCCC2CCCC3CC4C(CCC4C4CCCCC4)CC23)CC1
C1CCC(C2CC3CCCCC3CC3CCCCC32)CC1
C1CCC(CCC2CCC3C(CCC3C3CCCCC3)C2)CC1
C(CCCCCCC1CCC2C1CCC1C3CCCCC3CCC21)CCCCCC1CCC(CCCC2CCC(CCC3CCCC3)C2)C1
C1CCC(CCCCC2CCC3CCC(C4CCCC5CCCC54)CC3C2)CC1
C1CCC(CCCCCC2CCC3CCCCC23)CC1
C1CCC(CC2CCC3CCCCC3C3CCC4CCCCC4C23)C1
C1CCC2CC(C3CCCC4CCCC43)CCC2C1
C1CCC(CCCCC2CC3CCCCC3C2)CC1
C1CCC(CCCCC2CC3CCCCC3C2)CC1
C(CCC1CCC2C1CCC1C3CCCCC3CCC21)CC1CC2CCCCC2C1
C1CCC2CC(CCCC3CCC4C5CCC6CCCCC6C(CCC34)C5)CC2C1
C1CCC(CCCCCC2CCCC3C(C4CCCCC4)CCC23)CC1
C1CCC2C(C1)CCC1C3CCCC3CCCC21
C1CCC(CCCCC2CC3CCCCC3C2)CC1
C1CCC(C2CC3CCCC3C3CCC4CCCCC4C23)CC1
C1CCC(CCC2CCC3C(CCC3C3CCCC(CCC4CCCC4)C3)C2)CC1
C1CCC(CCCC2CCCC3CCCCC32)C2CCCCC2C1
C1CCC2CCCCC2C(CCCCC2CCCC3CCCCC23)C1
C1CCC2C(C1)CC(C1CCCC1)C1CCCCC21
C1CCC(CCC2CCCCC2)CC1
C1CCC(C2CCC3CCCC3C3CCC4CCCCCC4C23)CC1
C1CCC(CCC2CCC3C(CCC3C3CCCCC3)C2)CC1
C1CCC(CCCCCC2CCCC3C(C4CCCCC4)CCC23)CC1
C1CCC2CC(CCCC3CCC4C3CCC3C5CCCCC5CCC43)CCC2C1
C1CCC(CCCCC2CC3CCCCC3C2)CC1
C1CCC(CCC(CCC2CCC3CCCC3C2)CC2CCCCC2)CC1
C1CCC(CC2CC3CCCCC3C3CCC4CCCCC4C3C2)CC1
C1CCC(C2CCC3C(CCC4CCCCC43)C2)CC1
C(CCCCC1CCC(C2CCCCC2)C1)CCCC1CCCCC1
C1CCC(CC2CC3CCCCC3C3CCC4CCCCC4C3C2)CC1
C1CCC(CCCCCC2CCC3CCCCC23)CC1
C1CCC(CC2CC3CCCCC3C3CCC4CCCCCC4C23)CC1
C1CCC(C2CCCC3(CCC4CC5C(CCC5C5CCCCC5)CC43)C2)CC1
C1CCC2CCC3C4CCC(CCCC5CC6CCCCC6C5)C4CCC3C2CC1
C1CCC(CCCC2CCC3CCC(C4CCCC5CCCC54)CC3C2)CC1
C1CCC(CCCCC2CCC3CCCCC23)CC1
C1CCC(C2CCC3CC4C(CCCC45CCCCC5)CC32)CC1
C1CCC2C(C1)CCC1CCCCC12
C1CCC(CCCC2CCC3C(CCC3C3CCCCC3)C2)CC1
C1CCC(CCC2CCC(CCC3CCCCC3)CC2)CC1
C1CCC(CCC2CCC3C(CCC4CCCCC43)C2)CC1
C1CCC(CC2CCC(CC(CC3CCCCC3)C3CCCCC3)CC2)CC1
C1CCC(CCC2CCC(CCC3CCCCC3)CC2)CC1
C1CCC(C2CCCC3C(CCC4CCCCC43)C2)CC1
C1CCC(C2CC3CCCC3C3CCC4CCCCC4C23)CC1
C1CCC2CC(C3CCCC4CCCC43)CCC2C1
C1CCC(C2CCC3CC4CCCCC4CC32)CC1
C1CCC2C(C1)CCCC2CCCC1CCC2C1CCC1C3CCCCC3CCCC21
C1CCC(CCCCCC2CC3CCCCC3C2)CC1
C1CCCC(C2CCC3CC4C(CCC5C6CCC(CCCC7CC8CCCCC8C7)C6CCC45)CC32)CC1
C1CCC(C2CCC3CC4C(CCCC45CCCCC5)CC32)CC1
C1CCC(CCCCC2CC3CCCCC3C2)CC1
C1CCC2C(C1)CC(C1CCCC1)C1CCCCC21
C1CCC2CC(CC3CCCC4CCCC43)CCC2C1
C1CCC(C2CCC3CC4C(CCC45CCCC5)CC32)CC1
C1CCC(C2CCC3C(CCC4CCCCC43)C2)CC1
C1CCC(C2CCC3CC4C(CCCCC45CC(C4CCCCC4)C(C4CCCCC4)C5)CC32)CC1
C1CCC2C(C1)CCC1C3CCCCC3CCC21
C1CCC(C2CCC3CC4C(CCC5C6CCC(CCCC7CCC8CCCCC8C7)C6CCC45)CC32)CC1
C1CCC(CCC2CCC(C3CC3)CC2)CC1
C1CCC2C(C1)CCC1CCCCC12
C1CCC(CCC2CCC3C(CCC3C3CCCCC3)C2)CC1
C1CCC2C(C1)CCC(C1CCCC1)C1CCCCC21
C1CCC(CCC(CCC2CCC3CCCC3C2)CC2CCCCC2)CC1
C1CCC(CCCC2CCC3C(CCC3C3CCCCC3)C2)CC1
C1CCC(CCC2CCC3C(CCC3C3CCCCC3)C2)CC1
C1CCC(C2CCC3CC4C(CCC5C6CCCC(CCCC7CCC8CCCCC8C7)C6CCC45)CC32)CC1
C1CCC(CCCC2CCC3CCC(C4CCCC5CCCC54)CC3CC2)CC1
C1CCC(C2CCC3C(CCCC4CCCCC43)C2)CC1
C1CCC(CCCC2CCC3CCC(C4CCCC5CCCC54)CC3C2)CC1
C1CCC(CCCCCC2CC3CCCCC3C2)CC1
C1CCC2CC(C3CCCC4CCCC43)CCC2C1
C1CCC(CCCCC2CCC3CCCCC23)CC1
C1CCC2CCC(C3CCCC4CCCC43)CC2CC1
C1CCC(CCC2CCCC3CCC4C(CCC4C4CCCCC4)CC23)CC1
C1CCC2CCC(C3CCCC4CCCC43)CC2CC1
C1CCC(C2CC3CCCCC3C3CCC4CCCCC4C23)CC1
C(CCCCC1CCC2C(CCC3C4CCCC4CCC23)C1)CCCC1CCCC(CC(CCC2CCC(CC3CCCCC3)CC2)C2CCCCC2)C1
C1CCC2CC(C3CCCC4CCCC43)CCC2C1
C1CCC(CCCCCC2CCC3CCCCC23)CC1
C(CCC1CCCC2CCCC12)CC1CC2CCCCC2C1
C1CCC(C2CC3CCCC3C3CCC4CCCCC4C23)CC1
C1CCC2C(C1)CCC1C3CCCC3CCC21
C1CCC(C2CCC3CC4C(CCC5C6CCC(CCCCC7CC8CCCCC8C7)C6CCC45)CC32)CC1
C1CCC(CCCCC2CC3CCCCC3C2)CC1
C1CCC2CC(CCCC3CCC4C5CCC6CCCCC6C(CCC34)C5)CC2C1
C1CCC(C2CCC(CCCCCC3CCCC4CCCCC34)C2)CC1
C1CCC(CCCC2CCC3CCC(C4CCCC5CCCC54)CC3C2)CC1
C1CCC(CCC2CCC(C3CCC4C(CCC4C4CCCCC4)C3)CC2)CC1
C1CCC(CCCC2CCCC(C3CCC4CC(CCC5CCC6CCCCC6C5)CCC43)C2)CC1
C1CCC(CCC2CCC3C(CCC3C3CCCCC3)C2)CC1
C1CCC(CCC2CC3CCCC3C3CCC4CCCCCC4C23)CC1
C1CCC(C2CCC3CC4C(CCC5C6CCC(CCCCC7CCC8CCCCC8C7)C6CCC45)CC32)CC1
C1CCC2CCC3C4CCCC4CCC3C2CC1
C1CCC(C2CCC3CCCC3C3CCC4CCCCC4C23)CC1
C1CCC(CCCCCC2CCC3CCCC3C2)CC1
C(CCC1CCCC2CCCCC12)CC1CCCC2CCCCC12
C1CCC(CCCC2CCCC3CCC(C4CCCC5CCCC54)CC3C2)CC1
C1CCC(C2CCC3CC4C(CCC5C6CCCC(CCCC7CC8CCCCC8C7)C6CCC45)CC32)CC1
C1CCC(CC2CCC3CCCCC3C3CCC4CCCCC4C23)CC1
C1CCC2C(C1)CCC1C3CCCC3CCC21
C1CCC2CCC(C3CCCC4CCCC43)CC2CC1
C1CCC(C2CCC3CC4C(CCCC45CCC(C4CCCCC4)C(C4CCCCC4)C5)CC32)CC1
C(CCC1CCCC2CCCC12)CC1CC2CCCCC2C1
C1CCC(C2CCC3CC4C(CCCC45CCCC5)CC32)CC1
C1CCC(CCCCC2CCC3CCCCC23)CC1
C1CCC2CCC3C(CCC4C5CCCC5CC43)C2CC1
C1CCC2C(C1)CC(C1CCCC3CCCCC31)C1CCCC21
C1CCC(CCC2CCC3C(CCC3C3CCCCC3)C2)CC1
C1CCC(CCC2CCC(CCC3CCCC(CC4CCCC4)C3)CC2)CC1
C1CCC(C2CCC3CCCC3C3CCC4CCCCC4C23)CC1
C1CCC(C2CCC3CC4C(CCCC45CCCC5)CC32)CC1
C1CCC(CCCC(CC2CCC3C(CCC3C3CCCCC3)C2)C2CCCCC2)CC1
C1CCC(C2CCC3C(CCCCCC4CCC(C5CCCC5)C4)CCCC23)CC1
C1CCC(C2CCC(CCCCCC3CCCC4CCCCC34)C2)CC1
C1CCC(CCC2CCC(CCC3CCCC(CCC4CCCC4)C3)CC2)CC1
C1CCC2C(C1)CCC1C3CCCC3CCC21
C1CCC(CCCCCC2CCC3CCCCC23)CC1
C1CCC(CCCCC2CC3CCCCC3C2)CC1
C1CCC2CCC(C3CCCC4CCCC43)CC2CC1
C1CCC(C2CCC3CCC4C(CCC45CCCCC5)CC32)CC1
C1CCC(CCC2CCC3C(CCC3C3CCCCC3)C2)CC1
C1CCC2CCC3C4CCCC4CCC3C2CC1
C1CCC(C2CCC3CC4CCCCC4CC32)CC1
C1CCC2CC(CCCC3CCC4C3CCC3C5CCCCC5CCC43)CC2C1
C1CCC(CCC2CC3CCCCC3C3CCC4CCCCC4C23)CC1
C1CCC2C(C1)CCC1C3CCCCC3CCC21
C1CCC2CCC3C4CCCCC4CC(CC4CCCC4)C3C2CC1
C1CCC2CCC3C4CCCCC4CC(CC4CCCC(C5CCCC5)C4)C3C2CC1
C(CCC1CCCC2CCCC12)CC1CC2CCCCC2C1
C1CCC(CCC2CCC(C3CCC4C(CC5CCCCC5)CCC4C3)CC2)CC1
C(CCC1CCC2CCCC2C1)CC1CCC(C2CCCC2)CC1
C1CCC(C2CCC3CC4C(CCC5C6CCC(CCCC7CC8CCCCC8C7)C6CCC45)CC32)CC1
C1CCC2CCC3C(CCC4C5CCCC5CC43)C2CC1
C1CCC(C2CCC3CC4C(CCC45CCCC5)CC32)CC1
C1CCC(CC2CC3CCCCC3C3CCC4CCCCCC4C23)CC1
C1CCC(CCCCC2CC3CCCCC3C2)CC1
C1CCC(CCCCC2CC3CCCCC3C2)CC1
C(CCCC1CCC2CCCC2C1)CCC1CCCCC1
C1CCC(CCCCCC2CC3CCCCC3C2)CC1
C1CCC2CC(C3CCCC3)C3CCCC3C2CC1
C1CCC(CCCCC2CC3CCCCC3C2)CC1
C(CCC1CCC2C1CCC1C3CCCCC3CCC21)CC1CC2CCCCC2C1
C1CCC(C2CCC3CC(CC4CCC(CCC5CCCC5)CC4)CCC32)CC1
C1CCC(CC2CC3CCCCC3C3CCC4CCCCC4C23)C1
C1CCC(CC2CC3CCCCC3C3CCC4CCCCCC4C23)CC1
C(CCC1CCCCC2CCCCC12)CC1CCC2CCCCC2C1
C(CCC1CCC2C(CCC3C4CCCC4CCC23)C1)CC1CCC(C2CC3CCCC3C3CCC4CCCCC4C23)CC1
C1CCC(C2CC3CCCC3C3CCC4CCCCCC4C23)CC1
C1CCC(CC2CCC3CCC(C4CCCC4)C3C2)C1
C1CCC(CC2CC3CCCCC3C3CCC4CCCCC4C23)CC1
C1CCC(CC2CCC3C(CCC3C3CCCCC3)C2)CC1
C1CCC(CCCC2CCC3C(CCC4CCCCC43)C2)CC1
C1CCC(C2CCC3CC4C(CCCC45CCCCC5)CCC32)CC1
C1CCC2CC(C3CCCC4CCCC43)CCC2C1
C1CCC2CC(CCCC3CCC4C3CCC3C5CCCCC5CCC43)CCC2C1
C(CCCC1CCCC2C(C3CCCCC3)CCC12)CCC1CCCCC1
C1CCC2CC(C3CCCC3)C3CCCC3C2CC1
C1CCC(CCC2CCCC3CCC(C4CCCC5CCCC54)CC23)CC1
C1CCC(CCCCC2CC3CCCCC3C2)CC1
C1CCC(CC2CC3CCCCC3C3CCC4CCCCC4C23)C1
C1CCC2C(C1)CCC1CCCCC12
C(CCC1CCCC2CCCCC12)CC1CCC2CCCCC2C1
C1CCC(CCCC2CCC3C(CCC3C3CCCCC3)C2)CC1
C1CCC(C2CCC3CC4C(CCC32)CCC42CCCC2)CC1
C1CCC(CCC2CCC3C(CCC4C5CCCCC5CC(CCC5CCCCC5)C34)C2)CC1
C1CCC(CC2CC3CCCCC3C3CCC4CCCCCC4C23)CC1
C(CCCC1CCCC2CCCCC12)CCC1CCCC1
C1CCC(C2CC3CCCCC3C3CCCCC23)CC1
C1CCC(CCC2CCC3C(CCC3C3CCCCC3)C2)CC1
C1CCC2CCC(C3CCCC4CCCC43)CC2CC1
C1CCC(CCCCCC2CCCC3C(C4CCCCC4)CCC23)CC1
C1CCC(CC2CC3CCCCC3C3CCC4CCCCC4C23)C1
C1CCC(CCCCC2CCC3CCC(C4CCCC5CCCC54)CC3C2)CC1
C1CCC(C2CC3CCCC3C3CCC4CCCCC4C23)CC1
C1CCC2CC(C3CCCC4CCCC43)CCC2C1
C1CCC(CCCCCC2CCC3CCCCC3C2)CC1
C1CCC(CCCCC2CCC3CCCCC23)CC1
C1CCC(CCCC2CCC3CCC(C4CCCC5CCCC54)CC3CC2)CC1
C1CCC2CCC(C3CCCC4CCCC43)CC2CC1
C1CCC(CCC2CCC3C(CCC3C3CCCCC3)C2)CC1
C1CCC2C(C1)CCCC1C2CCC2C3CCCC3CC21
C1CCC2C(C1)CCCC1C3CCCC3CCC21
C1CCC(CCC2CCC(C3CCC4C(CCC4C4CCCCC4)C3)CC2)CC1
C1CCC(CCC2CCCCC2)CC1
C1CCC(CCC2CCC3C(CCC3C3CCCCC3)C2)CC1
C1CCC(C2CCC3C(CCCCCC4CCC(C5CCCC5)C4)CCCC23)CC1
C1CCC(CCCCC2CC3CCCCC3C2)CC1
C1CCC(CCCCC2CCC3C2CCC2C4CCCCCC4CCC32)CC1
C1CCC(C2CCC3CCCC3C3CCC4CCCCC4C23)CC1
C1CCC(CC2CCC3C(CCC3C3CCCCC3)C2)CC1
C1CCC2CCC3C4CCCCC4CC(CC4CCCC4)C3C2CC1
C1CCC(CCC2CCC3C(CCC3C3CCCCC3)C2)CC1
C1CCC(CCC2CCC3C(CCC3C3CCCCC3)C2)CC1
C(CCC1CCCC2CCCCC12)CC1CC2CCCCC2C1
C1CCC(CCCCC2CC3CCCCC3C2)CC1
C1CCC(C2CCC3CC4C(CCC5C6CCC(CCCC7CCC8CCCCC8C7)C6CCC45)CC32)CC1
C1CCC2CCC3C(CCC4C3CC3CCCC34CCCC3CCCC3)C2CC1
C1CCC(CCC2CCC3C(CCC4C5CCCC5CCC34)C2)CC1
C(CCC1CCC2CCCCC2C1)CCC1(C2CCCC2)CCCC2CCCCC21
C(CCCC1CCCC2CCCCC12)CCC1CCC(C2CCCCC2)C1
C1CCC(CCC2CCC3C(CCC3C3CCCC(CC4CCCC4)C3)C2)CC1
C1CCC(C2CCC3CCCCC3C3CCC(CCC4CCCC4)CC23)CC1
C1CCC2CCC3CCCCC3C2CC1
C1CCC2CCC3CCCCC3C2CC1
C1CCC(CCCCC2CC3CCCCC3C2)CC1
C1CCC(CCCCC2CCC3CCCCC23)CC1
C1CCC2CCC3C4CCCC4CC(C4CCC(C5CCC(CCCCC6CCC7C(CCC8C9CCCC9CCC78)C6)CC5)CC4)C3C2CC1
C1CCC(CCCC2CCC(CCC3CCCC(CC4CCCC4)C3)CC2)CC1
C1CCC(C2CC3CCCC3C3CCC4CCCCC4C23)CC1
C(CCC1CCCC2CCCCC12)CC1CCC2CCCCC2C1
C1CCC(CC2CC3CCCCC3C3CCC4CCCCCC4C23)CC1
C1CCC(CC2CC3CCCCC3CC3CCC4CCCCC4C32)C1
C1CCC2CCC(C3CCCC4CCCC43)CC2CC1
C1CCC(CCC2CCC3C(CC4CCCCC4)CCC3C2)CC1
C1CCC2CCC(C3CCCC4CCCC43)CC2CC1
C1CCC2CCC(C3CCCC4CCCC43)CC2CC1
C1CCC(CCC2CCC3C(CCC4C5CCCC5CC(CCC5CCCCC5)C34)C2)CC1
C1CCC2CCC(C3CCCC4CCCC43)CC2CC1
C(CCCC1CCCCC1)CCC1CCCCC1
C1CCC(CC2CCC(C3CC4CCCC4C4CCC5CCCCC5C34)CC2)CC1
C1CCC(CCC2CCC(C3CCC4C(CCC4C4CCCCC4)C3)CC2)CC1
C1CCC(CC2CC3CCCCC3C3CCC4CCCCCC4C23)CC1
C(CCCC1CCCC2C(C3CCCCC3)CCC12)CCC1CCCCC1
C1CCC(CCCC2CCCC(C3CCC4CC(CCC5CCC6CCCCC6C5)CCC43)C2)CC1
C1CCC(CC2CCC3C(CCC3C3CCCCC3)C2)CC1
C(CCCCCCC1CCC2C1CCC1C3CCCCCC3CCC21)CCCCCC1CCC(CCC2CCC(CCC3CCCC3)C2)C1
C1CCC(CCCCCC2CC3CCCCC3C2)CC1
C1CCC2CCC(C3CCCC4CCCC43)CC2CC1
C1CCC(CCCC2CCC3C2CCC2C4CC5CCC(CC6CCCCC6)C5CC4CCC32)CC1
C1CCC(CCCCCC2CCC3CCCCC23)CC1
C1CCC(CC2CC3CCCCC3C3CCC4CCCCCC4C23)CC1
C1CCC(CC2CCC(CC(CC3CCCCC3)CC3CCCCC3)CC2)CC1
C(CCC1CCC2CCCCC2C1)CCC1CCCCC2CCCCC12
C(CCCC1CCCC2C(C3CCCCC3)CCC12)CCC1CCCCC1
C1CCC2C(C1)CCC1C3CCCCC3CCC21
C1CCC2CCC(C3CCCC4CCCC43)CC2CC1
C1CCC(C2CC3C(CCC34CCCC4)C3CCC4CCCCCC4C23)CC1
C1CCC(C2CCC3CC4C(CCC45CCCCCC5)CC32)CC1
C1CCC(CCCCC2CC3CCCCC3C2)CC1
C(CCC1CCCC2CCCC12)CC1CC2CCCCC2C1
C1CCC(C2CCC(CCCCCC3CCCC4C(C5CCCCC5)CCC34)C2)CC1
C1CCC(CCCCC2CCC3CCCCC23)CC1
C(CCC1CCCC2CCCC12)CC1CC2CCCCC2C1
C1CCC(CC2CCC(CC(CC3CCCCC3)C3CCCCC3)CC2)CC1
C(CCCC1CCCC2C(C3CCCCC3)CCC12)CCC1CCC(C2CCCC2)C1
C1CCC(C2CCC3CC4C(CCC45CCCC5)CC32)CC1
C1CCC(CC(CC2CCCCC2)C2CCCCC2)CC1
C1CCC(CC2CC3CCCCC3CC3CCC4CCCCC4C32)C1
C1CCC(CCC2CCC(C3CC3)CC2)CC1
C1CCC(CC2CCC3CC4C(CCC45CCCC5)CC23)CC1
C1CCC2CCC3C4CCCCC4CC(CC4CCCC4)C3C2CC1
C1CCC(CCCC2CCCC3CCC(C4CCCC5CCCC54)CC3C2)CC1
C1CCC2CCC3C(CCC4C3CCC4(CCCC3CCC4CCCCC4C3)CCC3CCCC3)C2CC1
C1CCC(CCCCCC2CC3CCCCC3C2)CC1
C1CCC2CCC3CCCCC3C2CC1
C1CCC(CCCCCC2CCCC3C(C4CCCCC4)CCC23)CC1
C1CCC(CC2CC3CCCCC3C3CCC4CCCCCC4C23)CC1
C(CCCC1CCCC2C(C3CCCCC3)CCC12)CCC1CCCCC1
C1CCC(CCCC2CCC3CCCC3C2)CC1
C(CCC1CCC2CCCCC2C1)CCC1CCCC2CCCCC12
C1CCC2CC(C3CCCC4CCCC43)CCC2C1
C1CCC2CC(C3CCCC4CCCC43)CCC2C1
C1CCC(CCC2CCC3C(CCC3C3CCCCC3)C2)CC1
C1CCC2CCC(C3CCCC4CCCC43)CC2CC1
C1CCC(C2CCC3CC4C(CCC45CCCCC5)CC32)CC1
C1CCC(CCC2CCC3C(CCC4C5CCCC5CCCC34)C2)CC1
C1CCC2CC(CC3CCCC4CCCC43)CCC2C1
C1CCC(CCC2CCC3C2CCCC(C2CCCCC2)C2C4CCCCC4CCC32)CC1
C1CCC(CC2CC3CCCCC3CC3CCC4CCCCC4C32)CC1
C1CCC(CCC2CCC3C(CCC3C3CCCC(CCC4CCCC4)C3)C2)CC1
C(CCC1CCCC2CCCCC12)CC1CC2CCCCC2C1
C1CCC(C2CCC3CC4C(CCC5C6CCC(CCCC7CC8CCCCC8C7)C6CCC45)CC32)CC1
C1CCC(CCCCCC2CCC3CCCC3C2)CC1
C1CCC(C2CCC3CC4C(CCC45CCCCCC5)CC32)CC1
C1CCC(C2CCC(CCCCCC3CCCC4CCCCC34)C2)CC1
C1CCC(C2CCC3CCCC3C3CCC4CCCCC4C23)CC1
C1CCC2C(C1)CC(C1CCCC1)C1CCCCC21
C(CCCC1CCCCC1)CCCC1CCC(CC2CCCCC2)C1
C1CCC2CCC(C3CCCC4CCCC43)CC2CC1
C(CCCC1CCCC2C(C3CCCCC3)CCC12)CCC1CCCCC1
C1CCC(CCCCC2CC3CCCCC3C2)CC1
C1CCC(CCCCCC2CC3CCCCC3C2)CC1
C1CCC(CCCCCC2CC3CCCCC3C2)CC1
C1CCC(CC2CC3CCCCC3C3CCC4CCCCCC4C23)CC1
C1CCC(C2CCC3CC4C(CCC45CCCCCC5)CC32)CC1
C1CCC2CCC(C3CCCC4CCCC43)CC2CC1
C1CCC(CCC2CCC(CCC3CCCCC(CC4CCCC4)C3)CC2)CC1
C(CCC1CCCC2C(CCC3C4CCCC4CCC23)C1)CC1CCC(C2CC3CCCC3C3CCC4CCCCC4C23)CC1
C1CCC2C(C1)CCC1C3CCCC3CCC21
C(CCCC1CCC(C2CCCCC2)C1)CCC1CCCCC1
C1CCC(CCCCCC2CCC3C2CCC2C4CCCCC4CCC32)CC1
C1CCC(C2CCC3CC4C(CCC32)CCC2C3CCC(CCCC5CCC6CCCCC6C5)C3CCC42)CC1
C1CCC(C2CCC3CCC4CCCCC4C3CC2)CC1
C1CCC(C2CCC3CC4C(CCC32)CCC2C3CCC(CCCC5CC6CCCCC6C5)C3CCC42)CC1
C1CCC(CCCCC2CC3CCCCC3C2)CC1
C(CC1CCC2CCCC2C1)CC1CCC2CCC(C3CCCC4CCCC43)CC2C1
C1CCC(CCC2CCC(C3CC3)CC2)CC1
C1CCC(C2CCC3CC4C(CCC32)CCC2C3CCC(CCCC5CCC6CCCCC6C5)C3CCC42)CC1
C1CCC(CCC2CCC3C(CCC3C3CCCCC3)C2)CC1
C1CCC2CC3CCC(C4CCCCC4)C3CC2CC1
C1CCC(C2CCC3CCC4C(CCC45CCCC5)CC32)CC1
C1CCC(CCC2(CCCCC3CC4CCCCC4C3)CCC3C4CCC5CCCCC5C4CCC32)C1
C1CCC(C2CCC3CCCC3C3CCC4CCCCC4C23)CC1
C1CCC2CCC3C4CCCC4CC(C4CCC(CCCCC5CCC6C(CCC7C8CCCC8CCC67)C5)CC4)C3C2CC1
C1CCC(CCC2CCCC3CC4C(CCC23)CCC4C2CCCCC2)CC1
C1CCC(CCCC2CCCC(C3CCC4CC(CCC5CCC6CCCCC6C5)CCC43)C2)CC1
C1CCC2C(C1)CCCC1C3CCCC3CCC21
C(CCC1CC2CCCCC2C1)CCC1CCCC2CCCC12
C(CCC1CCC2CCCCC2C1)CCC1CCCC2CCCCC12
C1CCC2CCC(C3CCCC4CCCC43)CC2CC1
C1CCC(CC2CCC3CC(C4CCC(CCC5CCCC5)CC4)CCC23)CC1
C1CCC2CCC(C3CCCC4CCCC43)CC2CC1
C1CCC(CCC2CCC3C(CCC4C5CCCC5CCC34)C2)CC1
C1CCC2CC(C3CCCC4CCCC43)CCC2C1
C1CCC(CCC2CCC3C(CCC3C3CCCCC3)C2)CC1
C(CCC1CCCC2CCCC12)CC1CC2CCCCC2C1
C1CCC2CCC(C3CCCC4CCCC43)CC2CC1
C1CCC(CCC2CCC3C(CCC3C3CCCCC3)C2)CC1
C1CCC2CC(C3CCCC4CCCC43)CCC2C1
C1CCC(C2CC3CCCCC3C3CCCCC23)CC1
C1CCC(CC2CCC3CCCCC3C3CCC4CCCCC4C23)C1
C1CCC(C2CCC3C(CCC4CCCCC43)C2)CC1
C1CCC(CCCCC2CC3CCCCC3C2)CC1
C1CCC(C2CCC3CCCC(C3)C3CCC4CCCCC4C23)CC1
C1CCC(CCC2CCC3C(CCC3C3CCCCC3)C2)CC1
C1CCC(C2CC3CCCC3CC3CCC4CCCCC4C32)CC1
C1CCC2CC(CCCC3CCCC4CCCCC43)CC2C1
C1CCC(C2CC3CCCC3C3CCC4CCCCCC4C23)CC1
C1CCC(CCCCC2CC3CCCCC3C2)CC1
C1CCC2C(C1)CCC1C3CCCC3CCC21
C1CCC2CCC(C3CCCC4CCCC43)CC2CC1
C1CCC(CCCC2CCC3C2CCC2C4CC5CCC(CC6CCCCC6)C5CC4CCC32)CC1
C1CCC(C2CC3CCCC3C3CCC4CCCCCC4C23)CC1
C1CCC(C2CC3CCCC3C3CCC4CCCCCC4C23)CC1
C1CCC2C(C1)CCC1C3CCCC3CCCC21
C1CCC(CCCCCC2CCC3CCCCC23)CC1
C1CCC(CCC2CCC3C(CCC3C3CCCCC3)C2)CC1
C1CCC2CC(CCCC3CCCC4CCCCC43)CC2C1
C1CCC(CCCCC2CC3CCCCC3C2)CC1
C1CCC(CC2CCC3C(CCC3C3CCCCC3)C2)CC1
C1CCC(CCC2CCC3C(CCC3C3CCCCC3)C2)CC1
C1CCC2C(C1)CCC1CCCCC12
C1CCC(CC2CC3CCCCC3C3CCC4CCCCCC4C23)CC1
C(CCCC1CCCCC1)CCC1CCCCC1
C1CCC2C(C1)CCC1CCCCC12
C1CCC(CCCC(CCC2CCC3C(CCC3C3CCCCC3)C2)C2CCCCC2)CC1
C1CCC2CCC3C(CCC4C3CCC4(CCCC3CC4CCCCC4C3)CCC3CCCC3)C2CC1
C1CCC(C2CCC3CC4C(CCC5C6CCC(CCCCC7CC8CCCCC8C7)C6CCC45)CC32)CC1
C(CCC1CCC2CCCCC2C1)CCC1CCCC2CCCCC12
C1CCC(CC2CCC3C(CC4CCCCC4)CCC3C2)CC1
C1CCC(C2CC3CCCC3C3CCC4CCCCC4C23)CC1
C1CCC2C(C1)CC(C1CCCC3CCCCC31)C1CCCCC21
C1CCC2CCC(C3CCCC4CCCC43)CC2CC1
C(CCCC1CCCC2C(C3CCCCC3)CCC12)CCC1CCCCC1
C1CCC(CCC(CCC2CCC3CCCC3C2)CC2CCCCC2)CC1
C1CCC2CCC3C4CCCC4CCC3C2CC1
C(CCC1CCCC2CCCCC12)CCC1CCCC2CCCCC12
C1CCC(CCC2CCC3C(CCC3C3CCCCC3)C2)CC1
C1CCC(CC2CCCCC2CC2CC3CCCCC3C3CCC4CCCCC4C23)CC1
C(CCC1CCCC2CCCCC12)CCC1CCCC2CCCCC12
C1CCC(CCCC2CCC(CCC3CCCCC3)CC2)CC1
C1CCC(CCCCCC2CC3CCCCC3C2)CC1
C1CCC2CC3CCC4CCCC4C3CCC2C1
C1CCC(CC2CCCC(CCC3CCC(CCC4CCC(C5CC5)CC4)CC3)CC2)C1
C1CCC(C2CCC3C(CCCCCC4CCC(C5CCCC5)C4)CCCC23)CC1
C1CCC(C2CCC3CC4CCCCC4CCC32)CC1
C(CCC1CCC2CCCCC2C1)CCC1CCCC2CCCCC12
C1CCC2CC(CCCC3CCCC4C3CCC3C5CCCCC5CCC43)CC2C1
C(CCCC1CCCCC1)CCC1CCCCC1
C1CCC2CCC(C3CCCC4CCCC43)CC2CC1
C1CCC(CCCCCC2CCCC3C(C4CCCCC4)CCC23)CC1
C1CCC2CCC(C3CCCC4CCCC43)CC2CC1
C1CCC(C2CC3CCCC3C3CCC4CCCCC4CC23)CC1
C1CCC2CCC(C3CCCC4CCCC43)CC2CC1
C1CCC(CCCCC2CCC3CCCCC23)CC1
C1CCC(CCCCC2CCC3CCCC3C2)CC1
C1CCC(CCCCC2CCC3CCCCC23)CC1
C1CCC(C2CCC(C3CC4CCCC4C4CCCC5CCCCC5C34)CC2)C1
C1CCC(CCC2CCC3C(CCC3C3CCCCC3)C2)CC1
C1CCC(CCCCC2(CCC3CCCC3)CCC3C4CCC5CCCCC5C4CCC32)CC1
C1CCC(CC2CCCCCCC23CCC2C(CCC2C2CCCCC2)C3)CC1
C1CCC(C2CCC3CC4C(CCCC45CCCC5)CCC32)CC1
C1CCC2CCC3C4CCC(CCCC5CC6CCCCC6C5)C4CCC3C2CC1
C1CCC(C2CC3CCCC3C3CCC4CCCCC4C23)CC1
C1CCC(C2CC3CCCC3C3CCC4CCCCC4C23)CC1
C(CCCC1CCCC2C(C3CCCCC3)CCC12)CCC1CCCCC1
C1CCC(C2CCC(CCCCCC3(C4CCCCC4)CCCC4CCCCC43)C2)CC1
C1CCC(CCCCCC2CC3CCCCC3C2)CC1
C1CCC(C2CC3CCCC3CC3CCC4CCCCC4C32)CC1
C1CCC(CC2CC3CCCCC3C3CCC4CCCCCC4C23)CC1
C1CCC(C2CC3CCCC3C3CCC4CCCCCC4C23)CC1
C1CCC(CCC2CCC3C(CCC3C3CCCCC3)C2)CC1
C1CCC(CCC2CCC(C3CCC4C(CCC4C4CCCCC4)C3)CC2)CC1
C1CCC2C(C1)CCC1CCCCC12
C1CCC(CCCCCC2CCC3C2CCC2C4CCCCC4CCC32)CC1
C1CCC2CCC3C4CCCCC4CC(CC4CCCC4)C3C2CC1
C1CCC(CC2CCC3C(CCCCCC4CCC(C5CCCC5)C4)CCCC23)CC1
C1CCC(C2CCC3CC4C(CCC32)CCC42CCCC2)CC1
C1CCC(CCCCC2CCC3CCCCC23)CC1
C1CCC(C2CC3CCCCC3C3CCC4CCCCC4C23)CC1
C1CCC(CCC(CC2CCC3C(CCC3C3CCCCC3)C2)C2CCCCC2)CC1
C(CCCC1CCCC2C(C3CCCCC3)CCC12)CCC1CCCCC1
C1CCC(CC2CCC(CC(CC3CCCCC3)C3CCCCC3)CC2)CC1
C1CCC(CC2CC3CCCCC3CC3CCC4CCCCC4C32)CC1
C1CCC(CCC2CC3CCCCC3C3CCC4CCCCC4C23)CC1
C1CCC2C(C1)CCC1C3CCCC3CCC21
C1CCC2C(C1)CCCC2CCCC1CCC2C1CCCC1C3CCCCC3CCC12
C1CCC(CC2CC3CCCCC3C3CCC4CCCCC4C23)C1
C1CCC2C(C1)CCC1C3CCCC3CCC21
C1CCC(CCCCC2CC3CCCCC3C2)CC1
C1CCC2C(C1)CCC1C3CCCC3CCC21
C1CCC(CCC(CC2CC3CCCCC3C2)C2CC2)CC1
C(CCC1CCCC2CCCC12)CC1CC2CCCCC2C1
C1CCC(CC2CCC(CCC(CC3CCCCC3)C3CCCCC3)CC2)CC1
C1CCC2CCC(C3CCCC3)CC2CC1
C1CCC(CCCCCC2CCC3CCCCC23)CC1
C1CCC(CC2CC3CCCCC3C3CCC4CCCCC4C23)CC1
C1CCC(C2CCC3CC4C(CCC5C6CCC(CCCC7CCCC8CCCCC87)C6CCCC45)CC32)CC1
C1CCC(C2CCC3CC4C(CCC45CCCC5)CC32)CC1
C(CCC1CCCC2CCCC12)CC1CC2CCCCC2C1
C1CCC(C2CCC3CCC4C(CCC45CCCC5)CC32)CC1
C1CCC(CCC2CCC3C(CCC3C3CCCCC3)C2)CC1
C1CCC(CC2CC3CCCCC3C3CCC4CCCCCC4C23)CC1
C1CCC2C(C1)CCCC2CCCC1CCCC2CCCCC21
C1CCC2CC(C3CCCC4CCCC43)CCC2C1
C1CCC(CCC2CCC3C(CCCC4CC(C5CCCCC5)CCC43)C2)CC1
C1CCC(CCCCC2CC3CCCCC3C2)CC1
C1CCC(CCC2CCC3C(CCC4C5CCCC5CCC34)C2)CC1
C(CCCC1CCCCC1)CCCC1CCC(C2CCCCC2)C1
C1CCC(CCC2CCC3C(CCC4C5CCCC5CCC34)C2)CC1
C1CCC(CCCC2CCC3CCC(C4CCCC5CCCC54)CC3C2)CC1
C1CCC(CCC2CCC(CCC3CCCC(CC4CCCC4)C3)CC2)CC1
C1CCC2CC(CCCC3CCC4C3CCCC3C5CCCCC5CCC34)CC2C1
C1CCC(CCCC(CC2CCC3C(CC4CCCCC4)CCC3C2)C2CCCCC2)CC1
C1CCC(CCCCCC2CCCC3C(CC4CCC(CC5CC5)CC4)CCC23)CC1
C(CCCC1CCCC2C(C3CCCCC3)CCC12)CCC1CCCCC1
C1CCC(C2CCC3CC4C(CCCC5C6CCC(CCCC7CCC8CCCCC8C7)C6CCC45)CC32)CC1
C(CCCC1CCCC2C(C3CCCCC3)CCC12)CCC1CCCCC1
C1CCC(CCC2CCC3C(CCC4C5CCCC5CCC34)C2)CC1
C1CCC(C2CC3CCCC3C3CCC4CCCCC4CC23)CC1
C(CCCCC1CCC2C(CCC3C4CCCC4CCC23)C1)CCCC1CCCC(CC(CC2CCC(CC3CCCCC3)CC2)C2CCCCC2)C1
C1CCC2CCC(C3CCCC4CCCC43)CC2CC1
C1CCC2C(C1)CCC1C3CCCCC3CCC21
C1CCC2CCC(C3CCCC4CCCC43)CC2CC1
C1CCC2C(C1)CCC1C3CCCCC3CCC21
C1CCC(CCCCCC2CCCCC2)CC1
C(CCCC1CCCC2C(C3CCCCC3)CCC12)CCC1CCCCC1
C1CCC2CCC3C4CCCC4CCC3C2CC1
C1CCC(CC2CCC3CCCCC3C3CCC4CCCCC4C23)CC1
C1CCC(CC2CC3CCCCC3C3CCC4CCCCCC4C23)CC1
C1CCC2C(C1)CCCC1CCCCC12
C1CCC(CCCC2CCC(C3CC3)CC2)CC1
C(CCCC1CCCC2C(C3CCCCC3)CCC12)CCC1CCCCC1
C1CCC(C2CC3CCCC3C3CCC4CCCCC4C23)CC1
C1CCC(CCCC2(CCCC3CC4CCCCC4C3)CCC3C4CCC5CCCCC5C4CCC32)C1
C1CCC2C(C1)CCC1CCCCC12
C1CCC(CCCCCC2CCC3CCCCC23)CC1
C1CCC2CCC3C4CCC(CCCC5CCC6CCCCC6C5)C4CCC3C2CC1
C1CCC(C2CCC3C(CCC3C3CCCCC3)C2)CC1
C1CCC(CC2CC3CCCCC3C3CCC4CCCCC4C23)CC1
C1CCC2CCC3C(CCC4C3CCC4(CCCC3CCC4CCCCC4C3)CCC3CCCC3)C2CC1
C1CCC(CCCC2(CCC3CCCC3)CCC3C4CCC5CCCCC5C4CCCC32)CC1
C1CC2CCCC2C(CC2CC3CCCCC3C3CCCC23)C1
C1CCC(CCCCCC2CCC3CCCCC23)CC1
C1CCC(CCC2CCC3C(CCC3C3CCCCC3)C2)CC1
C1CCC(CC(CC2CCCCC2)C2CCCCC2)CC1
C(CCC1CC2CCCCC2C1)CCC1CCCC2CCCC12
C1CCC(CCC2CC3CCCCC3C3CCC4CCCCC4C23)CC1
C1CCC(C2CCC3CCC4C(CC5CC6CCCCC6C5)CCCC4CC32)CC1
C1CCC2C(C1)CCC1C3CCCCC3CCC21
C1CCC(CCC2CCC3C(CCC3C3CCCCC3)C2)CC1
C1CCC2CCC3C4CCCCC4CC(CC4CCCC4)C3C2CC1
C1CCC(CCCC2CCC3CCC(CC4CCCC5CCCC54)CC3C2)CC1
C1CCC(CC23CCCCC2CCC2C4CCCCC4CCC23)CC1
C1CCC(C2CCC3C(CCC4CCCCC43)C2)CC1
C1CCC(C2CCC(CCCCCC3(C4CCCC4)CCCCC4CCCCC43)C2)CC1
C1CCC2C(C1)CCCC1CCCCC12
C1CCC2CCC(C3CCCC4CCCC43)CC2CC1
C1CCC(CCCCC2CC3CCCCC3C2)CC1
C1CCC(C2CCC(CCCCC3CCC4C3CCC3C5CCCCC5CCC43)C2)CC1
C1CCC2C(C1)CCC1C3CCCC3CCCC21
C(CCCC1CCCC2C(C3CCCCC3)CCC12)CCC1CCCCC1
C1CCC2CCC(C3CCCC4CCCC43)CC2CC1
C1CCC2CCC3C4CCCC4CCC3C2CC1
C(CCCC1CCCC2C(C3CCCCC3)CCC12)CCC1CCCCC1
C1CCC2CC(C3CCCC4CCCC43)CCC2C1
C1CCC(C2CCC3CC4C(CCCC45CCCC5)CCC32)CC1
C(CCCC1CCC(C2CCCCC2)C1)CCC1CCCCC1
C1CCC(C2CC3CCCC3C3CCC4CCCCCC4C23)CC1
C1CCC2C(C1)CCC1C3CCCC3CCC21
C1CCC(C2CC3CCCC3C3CCC4CCCCC4C23)CC1
C1CCC(CC(CC2CCCCC2)C2CCCCC2)CC1
C1CCC(CCC2CCC3C(CCC3C3CCCCC3)C2)CC1
C1CCC(CCCCCC2CC3CCCCC3C2)CC1
C1CCC(CCCCCC2CCC3CCCCC23)CC1
C1CCC2C(C1)CC(C1CCCC1)C1CCCCC21
C1CCC2CCC3C4CCCC4CCC3C2CC1
C(CCCC1CCCC2C(C3CCCCC3)CCC12)CCC1CCCCC1
C1CCC(CC2CC3CCCCC3C3CCC4CCCCC4C23)CC1
C1CCC2CCC(C3CCCC4CCCC43)CC2CC1
C1CCC(CCCCC2CC3CCCCC3C2)CC1
C1CCC(C2CCC3CC4(CCCCCC4C4CCCCC4)CCC32)CC1
C1CCC2CCC3C4CCCC4CCC3C2CC1
C1CCC(C2CCC3CCCC3C3CCC4CCCCC4C23)CC1
C1CCC2C(C1)CCCC2CCCC1CCCC2CCCCC21
C(CCCCC1CCC(C2CCCCC2)C1)CCCC1CCCCC1
C1CCC(C2CCC3CCCC3C3CCC4CCCCC4C23)CC1
C1CCC(CCCCC2CC3CCCCC3C2)CC1
C(CCCC1CCCC2CCCCC12)CCC1CCC(C2CCCCC2)C1
C1CCC(CCC2CCC(C3CCC4C(CCC4C4CCCCC4)C3)CC2)CC1
C1CCC(C2CC3CCCC3C3CCC4CCCCC4C23)CC1
C1CCC(CCCCCC2CCC3CCCCC23)CC1
C1CCC(CCCCCC2CCCC3C(C4CCCCC4)CCC23)CC1
C1CCC(CCC2CCCCC3CCC(C4CCCC5CCCC54)CC23)CC1
C1CCC(CCC2CCC3C(CCC3C3CCCC(CCC4CCCCC4)C3)C2)CC1
C1CCC(C2CCC3CC4C(CCCC5C6CCC(CCCC7CC8CCCCC8C7)C6CCC45)CC32)CC1
C1CCC2CCC(C3CCCC4CCCC43)CC2CC1
C1CCC(CCC2CCC3C(CCC4C5CCCC5CC(CCC5CCCCC5)C34)C2)CC1
C1CCC(CC(CC2CCCCC2)C2CCCCC2)CC1
C(CCC1(C2CCCC2)CCCCC2CCCCC21)CC1CCC2CCCCC2C1
C1CCC(CCC2CCC3C(CCC4C5CCCCC5CCC34)C2)C1
C(CCCC1CCCC2CCCCC12)CCC1CCCC1
C1CCC(C2CC3CCCC3C3CCC4CCCCCC4C23)CC1
C(CCC1CCC2C(CCC3C4CCCC4CCC23)C1)CC1CCC(C2CCC(C3CC4CCCC4C4CCC5CCCCC5CC34)CC2)CC1
C(CCCCC1CCC(C2CCCCC2)C1)CCCC1CCCCC1
C1CCC(C2CCC3CC(C4CCC(CCC5CCCC5)CC4)CCC32)CC1
C1CCC(CCCCCC2CC3CCCCC3C2)CC1
C1CCC(CCCCC2CC3CCCCC3C2)CC1
C1CCC2CCC3CCCCC3C2CC1
C1CCC(CCCCCC2CCCC3C2CCC3C2CCCC(CC3CCCC3)C2)CC1
C1CCC(C2CC3CCCC3C3CCCC4CCCCC4C23)CC1
C1CCC(CCCCC2CC3CCCCC3C2)CC1
C1CCC2C(C1)CCC1C3CCCCC3CCC21
C1CCC(C2CC3CCCC3C3CCC4CCCCC4C23)CC1
C1CCC(CCCCC2CCC3C2CCC2C4CCCCCC4CCC32)CC1
C1CCC(C2CCC3(CCC4CC5C(CCC5C5CCCCC5)CC43)C2)CC1
C1CCC(CCCCC2CC3CCCCC3C2)CC1
C1CCC(CCCCC2CC3CCCCC3C2)CC1
C1CCC(CCCCC2CC3CCCCC3C2)CC1
C1CCC(CCC2CCC3C(CCC4CC(C5CCCCC5)CCC43)C2)CC1
C(CCCC1CCCC2C(C3CCCCC3)CCC12)CCC1CCCCC1
C1CCC2C(C1)CCC1C3CCCCC3CCC21
C1CCC(CCCCC2CC3CCCCC3C2)CC1
C1CCC(CCC2CCC(C3CCC4C(CC5CCCCC5)CCC4C3)CC2)CC1
C1CCC(CCCC2CCC3C2CCCC2C4CC5CCC(C6CCCCC6)C5CC4CCC32)CC1
C1CCC(CCCCC2CCCC(C3CCC4CC(CCC5CCC6CCCCC6C5)CCC43)C2)CC1
C1CCC2C(C1)CCC1C2CCC2C3CCCC3CC21
C1CCC(CCCCC2CC3CCCCC3C2)CC1
C1CCC(C2CCC3CCC4C(CCCC5CC5)CCCC4CC32)CC1
C1CCC(CCCCC2CC3CCCCC3C2)CC1
C1CCC(CCCCCC2CCCC3C(CC4CCCCC4)CCC23)CC1
C1CCC(C2CC3CCCC3C3CCC4CCCCC4C23)CC1
C1CCC(C2CC3CCCC3C3CCC4CCCCC4C23)CC1
C1CCC2C(C1)CCC1C3CCCC3CCC21
C1CCC(CC2CC3CCCCC3CC3CCC4CCCCC4C32)C1
C1CCC(C2CCC3CCC4(CCCCCC4)C3C2)CC1
C1CCC(C2CCC3CC(C4CCC(CCC5CCCC5)CC4)CCC32)CC1
C1CCC(CC2CCC3CC4C(CCC45CCCC5)CC23)CC1
C1CCC2CCC3C4CCCC4CCC3C2CC1
C1CCC(CCCCC2CCCC3CCCC23)CC1
C1CCC2CC(CCCC3CCCC4C3CCC3C5CCCCC5CCC43)CCC2C1
C(CCC1CCCC2CCCC12)CC1CC2CCCCC2C1
C1CCC(CCCCCC2CC3CCCCC3C2)CC1
C1CCC(CCCC2CCC3CCC(C4CCCC5CCCC54)CC3CC2)CC1
C1CCC(C2CC3CCCCC3C3CCCCC23)CC1
C1CCC(CCC2CCC3C(CC4CCCCC4)CCC3C2)CC1
C1CCC(C2CCC3C(CCC4CCCCC43)C2)CC1
C1CCC(CC2CCC3C(CCC3C3CCCCC3)C2)CC1
C(CCCC1CCCC2C(C3CCCCC3)CCC12)CCC1CCCCC1
C1CCC(CCCCCC2CC3CCCCC3C2)CC1
C1CCC2C(C1)CCC1C3CCCCC3CCC21
C(CCCCCCC1CCC2C1CCCC1C3CCCCC3CCC12)CCCCCC1CCC(CCC2CCC(CCC3CCCC3)C2)C1
C1CCC(C2CC3CCCC3C3CCC4CCCCC4CC23)CC1
C1CCC(CCCCC2CCCC(C3CCC4CC(CCC5CCC6CCCCC6C5)CCC43)C2)CC1
C1CCC(C2CCC3CC4C(CCC5CCCCCC54)CC32)CC1
C(CCC1CC2CCCCC2C1)CCC1CCCC2CCCC12
C1CCC(CCC2CCC3C(CCC4C5CCCCC5CC(CCC5CCCCC5)C34)C2)CC1
C(CCCC1CCCCC1)CCCC1CCC(C2CCCCC2)C1
C1CCC(CCC2CCC3C(CCC3C3CCCCC3)C2)CC1
C1CCC(C2CC3CCCC3C3CCCC4CCCCC4C23)CC1
C1CCC(CCCCCC2CC3CCCCC3C2)CC1
C1CCC(CCC2CCC3C(CCC3C3CCCCC3)C2)CC1
C1CCC2C(C1)CCC1C3CCCCC3CCC21
C1CCC(CCCCCC2CCCCC2)CC1
C1CCC(CCCC(CCC2CCC3CCCC3C2)CC2CCCCC2)CC1
C1CCC(CCCCC2CCC3CCCCC23)CC1
C1CCC(CCCCCC2CCCC3C(C4CCCCC4)CCC23)CC1
C1CCC(C2CCC3C(CCC4CCCCC43)C2)CC1
C1CCC(CCCCCC2CCC3CCCCC23)CC1
C1CCC(CCCC2CCC3CCC(C4CCCC5CCCC54)CC3CC2)CC1
C1CCC(CCC2CCC3C(CCCC4CCCCC43)C2)CC1
C1CCC(CCCCC2CC3CCCCC3C2)CC1
C1CCC2CCC(C3CCCC4CCCC43)CC2CC1
C(CC1CCC2CCCCC2C1)CC1CCC2CCC(C3CCCC4CCCC43)CC2C1
C1CCC(CCCC2CCCC(C3CCC4CC(CCC5CCC6CCCCC6C5)CCC43)C2)CC1
C1CCC(CC2CCC3CCCCC3C3CCC4CCCCC4C23)CC1
C1CCC(C2CCC(C3CC4CCCC4C4CCC5CCCCC5C34)CC2)C1
C1CCC(CC2CC3CCCCC3C3CCC4CCCCC4C3C2)CC1
C1CCC(CCCCCC2CC3CCCCC3C2)CC1
C1CCC2CC(C3CCCC4CCCC43)CCC2C1
C1CCC(CCC2CCC(CCC3CCCCC3)CC2)CC1
C1CCC(CCC2CCC(C3CC3)CC2)CC1
C1CCC(CCC2CCCCC2CC2CC3CCCCC3C3CCC4CCCCC4C23)CC1
C1CCC(CCCCCC2CC3CCCCC3C2)CC1
C(CCC1CCCCC2CCCCC12)CC1CCC2CCCCC2C1
C1CCC(C2CCC3CC4C(CCC45CCCCC5)CC32)CC1
C1CCC2CCC(C3CCCC4CCCC43)CC2CC1
C1CCC(C2CC3C(CCC34CCCC4)C3CCCC4CCCCC4C23)CC1
C1CCC(CCCCC2CC3CCCCC3C2)CC1
C1CCC(CCC2CCC(C3CCC4C(CCC4C4CCCCC4)C3)CC2)CC1
C1CCC(CCCCCC2CC3CCCCC3C2)CC1
C1CCC(CCCC(CC2CCC3C(CC4CCCCC4)CCC3C2)C2CCCCC2)CC1
C1CCC(C2CCC3CC4C(CCC32)CCC2C3CCC(CCCC5CCC6CCCCC6C5)C3CCC42)CC1
C1CCC(CCCCC2CCC3C2CCC2C4CCCCC4CCC32)CC1
C1CCC2CCC(C3CCCC4CCCC43)CC2CC1
C1CCC(CCC(CCC2CCC3CCCC3C2)CC2CCCCC2)CC1
C1CCC(CCCC2CCCC3C2CCC2C4CC5CCC(C6CCCCC6)C5CC4CCC32)CC1
C1CCC(CCC2CCC3C(CCC3C3CCCCC3)C2)CC1
C1CCC(CCCC2CCC3C2CCC2C4CCCCC4CCCC32)C1
C1CCC(CCCCC2CCC3CCCCC23)CC1
C1CCC(CCCC2CCCC3CCC(C4CCCC5CCCC54)CC3C2)CC1
C1CCC(CCCCC2CC3CCCCC3C2)CC1
C1CCC(C2CC3CCCC3C3CCCC4CCCCC4C23)CC1
C1CCC(C2CCC(CCCCCC3CCCC4CCCCC34)C2)CC1
C(CCCC1CCCC2C(C3CCCCC3)CCC12)CCC1CCCCC1
C1CCC2CC(CC3CCCC4CCCC43)CCC2C1
C(CCCCC1CCC(C2CCCCC2)C1)CCCC1CCC2CCCC2C1
C1CCC(C2CCC3CC4(CCCCC4C4CCCCC4)CCC32)CC1
C1CCC(CCCCC2CCC3CCCCC23)CC1
C1CCC2C(C1)CCC1C3CCCCC3CCC21
C1CCC(C2CCC3CC4C(CCCC45CCCC5)CC32)CC1
C1CCC2C(C1)CCCC2CCCC1CCCC2CCCCC21
C1CCC(CCC2CCC3C(CCC3C3CCCCC3)C2)CC1
C1CCC(C2CCC3CCCC3C3CCC4CCCCC4C23)CC1
C1CCC(CCCCCC2CCCC3C(C4CCCCC4)CCC23)CC1
C1CCC(C2CCC3CCCC3C3CCC4CCCCC4C23)CC1
C1CCC(CCC2CCC3C(CCC4C5CCCC5CC(CCC5CCCCC5)C34)C2)CC1
C1CCC(C2CC3CCCC3C3CCC4CCCCCC4C23)CC1
C1CCC(CCCCC2CCC3CCCCC23)CC1
C(CCC1CCCCC2CCCCC12)CC1CCC2CCCCC2C1
C1CCC(CCCC2CCCC3CCCCC32)C2CCCCC2C1
C1CCC2CC3CCC4CCCC4C3CCC2C1
C1CCC(CCC2CCCCC2)CC1
C1CCC(CCC2CCC3C(CCCC4CCCCC43)C2)CC1
C1CCC(CCC2CCCCC2CC2CC3CCCCC3C3CCC4CCCCC4C23)CC1
C1CCC(CCCC2CCC3C(CCC3C3CCCCC3)C2)CC1
C1CCC2CCC3C4CCCC4CCC3C2CC1
C1CCC(CCC2CCC3C(CCC4CC(C5CCCCC5)CCC43)C2)CC1
C1CCC(CC2CC3CCCCC3C3CCC4CCCCCC4C23)CC1
C1CCC(CCCCC2CCC3CCCCC23)CC1
C1CCC2CC(C3CCCC4CCCC43)CCC2C1
C1CCC(CCCC(CC2CC3CCCCC3C2)C2CC2)CC1
C1CCC2CC(C3CCCC4CCCC43)CCC2C1
C1CCC(C2CCC3CC4C(CCC5C6CCC(CCCCC7CC8CCCCC8C7)C6CCC45)CC32)CC1
C1CCC(CCC2CCC3C(CCC4C5CCCC5CCCC34)C2)CC1
C1CCC(CCCC2CCC3CCC(C4CCCC5CCCC54)CC3C2)CC1
C1CCC(CC2CCC3CC(C4CCC(CCC5CCCC5)CC4)CCC23)CC1
C1CCC(CCCCC2CCC3CCCCC23)CC1
C1CCC2CCC3C4CCC(CCCC5CC6CCCCC6C5)C4CCC3C2CC1
C1CCC(CC2CCC(CC(CC3CCCCC3)C3CCCCC3)CC2)CC1
C(CCC1CCCC2CCCCC12)CC1CCC2CCCCC2C1
C1CCC(CCC2CCC3C(CCC3C3CCCCC3)C2)CC1
C1CCC(CCCC2CCCC3CCC(C4CCCC5CCCC54)CC23)CC1
C1CCC2CCC(C3CCCC4CCCC43)CC2CC1
C1CCC2CCC3C4CCCC4CCC3C2CC1
C1CCC(CCC2CCC3C(CCC3C3CCCCC3)C2)CC1
C1CCC(C2CCC(C3CC4CCCC4C4CCC5CCCCC5C34)CC2)C1
C1CCC(CCC(CCC2CCCCC2)CCC2CCC3CCCC3C2)CC1
C1CCC(C2CC3CCCCC3C3CCCCC23)CC1
C(CCC1CCCC2CCCC12)CC1CC2CCCCC2C1
C1CCC(CCCCCC2CCC3CCCCC23)CC1
C1CCC(CCCCC2CC3CCCCC3C2)CC1
C1CCC(CC2CC3CCCCC3C3CCC4CCCCCC4C23)CC1
C1CCC(C2CC3CCCC3CC3CCC4CCCCC4C32)CC1
C1CCC2CC(CCCC3CCC4C3CCC3C5CCCCC5CCC43)CCC2C1
C1CCC(C2CCC3CC4C(CCCC5C6CCC(CCCC7CC8CCCCC8C7)C6CCC45)CC32)CC1
C(CCCC1CCCCC1)CCCC1CCC(C2CCCCC2)C1
C1CCC(C2CCC3CC4C(CCCC5C6CCC(CCCC7CCCC8CCCCC87)C6CCC45)CC32)CC1
C1CCC2CC(C3CCCC4CCCC43)CCC2C1
C1CCC(C2CC3CCCC3C3CCC4CCCCC4C23)CC1
C1CCC(CCCC2CCC3C2CCCC2C4CC5CCC(C6CCCCC6)C5CC4CCC32)CC1
C1CCC(CCCCCC2CC3CCCCC3C2)CC1
C(CCCC1CCCC2C(C3CCCCC3)CCC12)CCC1CCCCC1
C1CCC(C2CC3CCCC3C3CCC4CCCCC4C23)CC1
C1CCC2CC(C3CCCC4CCCC43)CCC2C1
C1CCC(CC2CC3CCCCC3C3CCC4CCCCCC4C23)CC1
C1CCC(C2CCC3C(CCCC4CCCCC43)C2)CC1
C(CCCC1CCCC2C(C3CCCCC3)CCC12)CCC1CCCCC1
C1CCC(CC2CC3CCCCC3CC3CCC4CCCCC4C32)CC1
C1CCC(CC2CCC3CC4C(CCC45CCCCC5)CC23)CC1
C1CCC2CCC3C4CCCC4CCC3C2CC1
C1CCC2CC(CC3CCCC4CCCC43)CCC2C1
C1CCC(C2CC3CCCC3C3CCC4CCCCC4C23)CC1
C1CCC(CCCCC2CCC3CCCCC23)CC1
C1CCC(CCCC2CCCC(CC3CCC4CC(CCC5CCC6CCCCC6C5)CCC43)C2)CC1
C1CCC(CCC2CCC3C(CCC3C3CCCC(CC4CCCC4)C3)C2)CC1
C1CCC2CCC3C4CCCC4CCC3C2CC1
C(CCCCCCC1CCC(CCC2CCC(CCC3CCCC3)C2)C1)CCCCCCC1CCC2C1CCC1C3CCCCC3CCC21
C1CCC2CCC(C3CCCC4CCCC43)CC2CC1
C1CCC(CCC2CCCC(C3CCC4CC(CCC5CCC6CCCCC6C5)CCC43)C2)C1
C1CCC2CC(CCCC3CCC4C3CCC3C5CCCCC5CCC43)CCC2C1
C1CCC2CCC3CCCCC3C2CC1
C1CCC(C2CCC(CCCCCC3CCCC4C(C5CCCCC5)CCC34)C2)CC1
C(CCCC1CCCCC1)CCCC1CCC(C2CCCCC2)C1
C1CCC(CC2CCCCC2CC2CC3CCCCC3C3CCC4CCCCCC4C23)CC1
C1CCC(CCCCCC2CC3CCCCC3C2)CC1
C(CCCCCCC1CCC(CCC2CCC(CCC3CCCC3)C2)C1)CCCCCCC1CCC2C1CCC1C3CCCCC3CCC21
C1CCC(C2CCC3CCC4(CCCCCC4C4CCCCC4)CCC32)CC1
C(CCC1CCCC2CCCC12)CC1CC2CCCCC2C1
C(CCCC1CCCC2CCCCC12)CCC1CCC(C2CCCCC2)C1
C(CCCC1CCCC2C(C3CCCCC3)CCC12)CCC1CCCCC1
C1CCC2C(C1)CCC1C3CCCCC3CCC21
C1CCC(CCCCCC2CCCCC2)CC1
C1CCC(CC2CCC3CCCCC3C3CCC4CCCCC4C23)CC1
C1CCC(CC2CCC3C(CCC3C3CCCCC3)C2)CC1
C1CCC2CC(C3CCCC4CCCC43)CCC2C1
C1CCC(CCC2CCC(C3CC3)CC2)CC1
C1CCC(CCCC2CCC3C2CCC2C4CCCCC4CCC32)C1
C1CCC2C(C1)CCCC1C3CCCC3CCC21
C1CCC(CCC2CCC3C(CCC4C5CCCC5CC(CCC5CCCCC5)C34)C2)CC1
C(CCCC1CCCCC1)CCCC1CCC(C2CCCCC2)C1
C1CCC2CCC(C3CCCC4CCCC43)CC2CC1
C1CCC(C2CCC(CC3CC4CCCCC4C4CCC5CCCCCC5C34)CC2)CC1
C(CCCC1CCCC2C(C3CCCCC3)CCC12)CCC1CCCCC1
C(CCCC1CCCCC1)CCCC1CCC(C2CCCCC2)C1
C1CCC(CCCC(CCC2CCC3CCCC3C2)CC2CCCCC2)CC1
C1CCC(CCC2CCC(CCC3CCCC(CC4CCCC4)C3)CC2)CC1
C1CCC2CC(C3CCCC4CCCC43)CCC2C1
C1CCC(C2CC3CCCC3C3CCC4CCCCCC4C23)CC1
C1CCC(CCC2CCCC3CC4C(CCC23)CCC4C2CCCCC2)CC1
C1CCC(C2CCC(CCCCCC3CCCC4CCCCC34)C2)CC1
C1CCC(CCCCC2CC3CCCCC3C2)CC1
C1CCC2CC(C3CCCC4CCCC43)CCC2C1
C1CCC(C2CC3CCCCC3C3CCC(CCCC4CCCC4)CC23)CC1
C1CCC2CCC3C4CCC(CCCC5CCCC6CCCCC65)C4CCC3C2CC1
C1CCC(CCCCC2CCC3CCCCC23)CC1
C1CCC(CCC2CCC3C(CCCC4C5CCCC5CC(CCC5CCCCC5)C34)C2)CC1
C1CCC(CCCCC2CC3CCCCC3C2)CC1
C1CCC(C2CCC3CC4C(CCC45CCCC5)CC32)CC1
C1CCC(C2CCC3CC4C(CCCC45CCCC5)CC32)CC1
C1CCC(CCCCCC2CCC3CCCCC23)CC1
C1CCC(CCC2CCC3C(CCC3C3CCCCC3)C2)CC1
C1CCC2CC(CCCC3CCC4CC5CCC6CCCCC6C5CCC34)CC2C1
C1CCC(CCC2CCC3C(CCC3C3CCCCC3)C2)CC1
C1CCC2CCC3C4CCCCC4CC(CC4CCCC4)C3C2CC1
C1CCC(CCC2CCC3C(CCC4CC(C5CCCCC5)CCC43)C2)CC1
C1CCC(CC2CCC3CCCCC3C3CCC4CCCCC4C23)C1
C1CCC(CCC(CCC2CCCCC2)CCC2CCC3CCCC3C2)CC1
C1CCC(CC2CCC3CC4C(CCC45CCCCC5)CC23)CC1
C1CCC(C2CCC3(CCC4CCC5C(CCC5C5CCCCC5)CC43)C2)CC1
C1CCC(C2CCC3C(CCC4CCCCC43)C2)CC1
C(CCC1CCC2C1CCC1C3CCCCC3CCC21)CC1CC2CCCCC2C1
C1CCC(CCC2CCC3C(CCC3C3CCCCC3)C2)CC1
C1CCC(CC2CCCCC2CC2CC3CCCCC3C3CCC4CCCCC4C23)CC1
C1CCC(C2CCC3C(CCC4CCCCC43)C2)CC1
C1CCC(C2CCC3CC4C(CC5CCC6CCCCC65)CCCC4CC32)CC1
C1CCC(CCCCC2CCC3C2CCC2C4CCCCC4CCC32)C1
C1CCC2CC(C3CCCC4CCCC43)CCC2C1
C(CCC1CCCC2CCCCC12)CC1CCC2CCCCC2C1
C1CCC(C2CCC3CCCC3C3CCC4CCCCC4C23)CC1
C1CCC2C(C1)CCC1C3CCCC3CCC21
C1CCC(CCC2CCC3C(CCC3C3CCCCC3)C2)CC1
C1CCC(C2CCC3CC4CCCCC4CCC32)CC1
C1CCC(CC2CC3CCCCC3C3CCC4CCCCCC4C23)CC1
C1CCC2C(C1)CC(C1CCCC3CCCC31)C1CCCC21
C1CCC(CCC2CCC(C3CCCC4C(C5CCCCC5)CCC34)C2)CC1
C1CCC(CCCCC2CC3CCCCC3C2)CC1
C1CCC(C2CCC3CC4C(CCC45CCCCCC5)CC32)CC1
C1CCC(CCCCC2CCC3CCCCC3C2)CC1
C1CCC(C2CCC3CC4(CCCCCC4C4CCCCC4)CCC32)CC1
C1CCC(C2CC3CCCC3C3CCCC4CCCCC4C23)CC1
C(CCCC1CCCCC1)CCCC1CCC(C2CCCCC2)C1
C1CCC2CCC(C3CCCC4CCCC43)CC2CC1
C1CCC(CCCCC2CCC3CCCCC23)CC1
C1CCC2CC(C3CCCC4CCCC43)CCC2C1
C1CCC(CCCC2CCC(C3CCC4C(CCC4C4CCCCC4)C3)CC2)CC1
C1CCC(CC2CC3CCCCC3C3CCC4CCCCC4C23)C1
C1CCC(CCC2CCC3C(CCC3C3CCCCC3)C2)CC1
C1CCC(CC2CCC3C(CCC3C3CCCCC3)C2)CC1
C1CCC(C2CCC3CC4C(CCC5C6CCC(CCCC7CCC8CCCCC8C7)C6CCCC45)CC32)CC1
C1CCC(CCC2CCC(C3CCC4C(CCC4C4CCCCC4)C3)CC2)CC1
C1CCC(CCCCC2CCC3CCCCC23)CC1
C1CCC2CC(C3CCCC4CCCC43)CCC2C1
C1CCC(CCC2CCC3C(CCC3C3CCCCC3)C2)CC1
C1CCC2CCC3C4CCCCC4CC(CC4CCCC(C5CCCC5)C4)C3C2CC1
C1CCC(CC2CC3CCCCC3C2CC2CCCCC2)CC1
C1CCC2CC(C3CCCC3)C3CCCCC3CC2C1
C1CCC2CC(C3CCCC4CCCC43)CCC2C1
C1CCC(CCCCC2CCC3CCC(C4CCCC5CCCC54)CC3CC2)CC1
C1CCC(CCCC2CCC3CCC(CC4CCCC5CCCC54)CC3C2)CC1
C1CCC(CCCC2CCC3C(CCC3C3CCCCC3)C2)CC1
C1CCC2CCC3C4CCCC4CC(C4CCC(C5CCCC5)CC4)C3C2CC1
C(CCCC1CCCC2C(C3CCCCC3)CCC12)CCC1CCCCC1
C1CCC(CCCCC2CC3CCCCC3C2)CC1
C(CCC1CCC2C(CCC3C4CCCC4CCC23)C1)CC1CCC(C2CC3CCCC3C3CCC4CCCCC4C23)CC1
C1CCC(C2CCC3CCC4CCCCC4C3CC2)CC1
C1CCC2CCC3C(CCC4C3CCC4(CCCC3CC4CCCCC4C3)CCC3CCCC3)C2CC1
C1CCC2CCC3C4CCCCC4CC(CC4CCCC(C5CCCC5)C4)C3C2CC1
C1CCC(CC(CC2CCCCC2)C2CCCCC2)CC1
C1CCC(C2CC3CCCC3C3CCC4CCCCCC4C23)CC1
C1CCC(CCCC2CCC3C2CCC2C4CCCCC4CCC32)C1
C1CCC(C2CC3CCCC3C3CCC4CCCCC4C23)CC1
C1CCC(CCCCCC2CC3CCCCC3C2)CC1
C1CCC(C2CC3CCCC3C3CCC4CCCCC4C23)CC1
C1CCC(CCC2CCC3C(CC4CCCCC4)CCC3C2)CC1
C1CCC2CC(CC3CCCC4CCCC43)CCC2C1
C1CCC(CCCCCC2CCCC3C(C4CCCCC4)CCC23)CC1
C1CCC(CCCCC2CCCC3C2CCC2C4CCCCC4CCC32)CC1
C1CCC2C(C1)CCC(C1CCCC1)C1CCCCC21
C1CCC(C2CCC3CC4C(CCC32)CCC42CCCCC2)CC1
C1CCC(CCCCCC2CCC3CCCCC23)CC1
C1CCC2CCC3C4CCCC4CCC3C2CC1
C1CCC(C2CCC(CCCCCC3CCCC4CCCCC34)C2)CC1
C1CCC(C2CC3CCCC3C3CCC4CCCCC4C23)CC1
C1CCC(CCC(CCC2CCC3CCCC3C2)CC2CCCCC2)CC1
C1CCC(CC2CCC(CC(CC3CCCCC3)C3CCCCC3)CC2)CC1
C1CCC2CCC(C3CCCC4CCCC43)CC2CC1
C(CCC1CCCC2CCCCC12)CC1CC2CCCCC2C1
C(CCC1CCC2C1CCC1C3CCCCC3CCC21)CC1CC2CCCCC2C1
C1CCC(CCCCCC2CCC3CCCCC23)CC1
C1CCC(C2CCC3C(CCCC4CCCCC43)C2)CC1
C1CCC(C2CCC(CC3CC4CCCCC4C4CCC5CCCCC5C4C3)CC2)CC1
C1CCC(CCCCC2CCC3CCCCC23)CC1
C1CCC(CCCCC2CCC3CCCCC23)CC1
C1CCC(CCC(CCC2CCCCC2)CCC2CCC3CCCC3C2)CC1
C1CCC(CCC2CCC3C(CCC3C3CCCC3)C2)CC1
C1CCC2C(C1)CCC1C2CCC2C3CCCC3CC21
C1CCC(CCC2(CCCC3CC4CCCCC4C3)CCCC3C4CCC5CCCCC5C4CCC32)C1
C1CCC2CC(CCCC3CCCC4C3CCC3C5CCCCC5CCC43)CC2C1
C1CCC(CC2CC3CCCC3C3CCC4CCCCC4C23)CC1
C1CCC(C2CCC(CCCCCC3CCCC4C(C5CCCCC5)CCC34)C2)CC1
C1CCC(C2CC3CCCC3C3CCC4CCCCC4C23)CC1
C1CCC(C2CCC3CC4C(CCC45CCCCC5)CC32)CC1
C1CCC(CCCCC2CCCC3CCC(C4CCCCC4)CC23)CC1
C(CCC1CCC2C1CCC1C3CCCCC3CCC21)CC1CC2CCCCC2C1
C1CCC(CC2CC3CCCCC3C3CCC4CCCCC4C23)C1
C(CCC1CCC2C1CCC1C3CCCCC3CCC21)CC1CCC2CCCCC2C1
C1CCC(CCCCC2CCC3CCCCC23)CC1
C1CCC(C2CC3C(CCC4CC4)CCC3C3CCCC4CCCCC4C23)CC1
C1CCC(CC2CC3CCCCC3C3CCC4CCCCCC4C23)CC1
C1CCC2C(C1)CCC1C3CCCC3CCCC21
C1CCC2CC(C3CCCC4CCCC43)CCC2C1
C1CCC2C(C1)CCC1CCCCC12
C(CCC1CCCCC2CCCCC12)CC1CCC2CCCCC2C1
C1CCC(C2CC3CCCC3C3CCC4CCCCCC4C23)CC1
C1CCC2CC(C3CCCC4CCCC43)CCC2C1
C1CCC(CCCCC2CC3CCCCC3C2)CC1
C1CCC(CC23CCCCCC2CCC2C4CCCC4CCC23)CC1
C1CCC(C2CCC3CC4C(CCC5C6CCC(CCCC7CC8CCCCC8C7)C6CCC45)CC32)CC1
C(CCC1CCC2CCCCC2C1)CCC1CCCC2CCCCC12
C1CCC(CC2CC3CCCCC3CC3CCC4CCCCC4C32)CC1
C1CCC2CC3CCC4C(CCCC5CC6CCCCC6C5)CCC4C3CCC2C1
C1CCC(CC2CCC(CC(CC3CCCCC3)C3CCCCC3)CC2)CC1
C1CCC2CC(C3CCCC4CCCC43)CCC2C1
C(CCCC1CCCCC1)CCCC1CCC(C2CCCCC2)C1
C1CCC(C2CCC3CC4C(CCCC5C6CCC(CCCC7CC8CCCCC8C7)C6CCC45)CC32)CC1
C1CCC2CC3CCC(C4CCCCC4)C3CC2CC1
C1CCC(C2CCC3CCC4C(CCC45CCCC5)CC32)CC1
C1CCC(C2CC3CCCCC3C3CCCCC23)CC1
C1CCC(CCCCC2CCC3CCCCC23)CC1
C1CCC2CCC3CCCCC3C2CC1
C1CCC(C2CCC3CC4C(CCC5C6CCC(CCCC7CC8CCCCC8C7)C6CCC45)CC32)CC1
C1CCC(CCC2CCCC3C2CCC(C2CCCCC2)C2C4CCCCC4CCC32)CC1
C1CCC(CCC2CCC(CCC3CCCC(CCC4CCCC4)C3)CC2)CC1
C1CCC2C(C1)CC(C1CCCC3CCCC31)C1CCCC21
C1CCC(CCCCC2CCC3CCCCC23)CC1
C(CCC1CCC2C1CCC1C3CCCCC3CCC21)CC1CC2CCCCC2C1
C1CCC(CCC2CCC3C(CCC3C3CCCCC3)C2)CC1
C1CCC(CCCCC2CCC3CCCCC23)CC1
C1CCC(CCCC2CCCC(C3CCC4CC(CCCC5CCC6CCCCC6C5)CCC43)C2)CC1
C1CCC(CC2CCC3C(CCC3C3CCCCC3)C2)CC1
C1CCC(C2CCC3CC4C(CCCC45CCCC5)CCC32)CC1
C(CCC1CCCC2CCCCC12)CC1CCC2CCCCC2C1
C1CCC(C2CCC3C(CCC4CCCCC43)C2)C1
C1CCC2CCC3C4CCCC4CC(C4CCC(CCCCC5CCC6C(CCC7C8CCCC8CCC67)C5)CC4)C3C2CC1
C1CCC(CCCCC2CC3CCCCC3C2)CC1
C1CCC(C2C3CCCC3CC3CC4CCCCC4CC32)CC1
C1CCC(C2CC3CCCC3C3CCC4CCCCCC4C23)CC1
C1CCC(CCCCC2CC3CCCCC3C2)CC1
C1CCC(CCC2CCCCC2CC2CC3CCCCC3C3CCC4CCCCC4C23)CC1
C1CCC2CCC(C3CCCC3)CC2CC1
C1CCC(CCC2CCC3C(CCC3C3CCCCC3)C2)CC1
C1CCC2C(C1)CCC1C3CCCCC3CCC21
C1CCC(CCC2CCC3C(CCC4C5CCCC5CCC34)C2)CC1
C1CCC2CC(C3CCCC4CCCC43)CCC2C1
C1CCC(CCC2CCCC3CC4C(CCC4C4CCCCC4)CC23)CC1
C1CCC(C2CCC3C(CCC3C3CCCCC3)C2)CC1
C1CCC2CC(C3CCCC4CCCC43)CCC2C1
C1CCC(C2CC3CCCC3C3CCC4CCCCC4C23)CC1
C1CCC(CCC(CC2CCCCC2)C2CCCCC2)CC1
C1CCC2CCC(C3CCCC4CCCC43)CC2CC1
C1CCC(C2CCC3CCCC3C3CCC4CCCCCC4C23)CC1
C1CCC(CC2CCC3CC4C(CC5CCC6CCCCC65)CCCC4CC23)CC1
C(CCC1CCCC2CCCC12)CC1CC2CCCCC2C1
C1CCC(CCC2CCC(CCCC3CCCC(CC4CCCC4)C3)CC2)CC1
C1CCC(C2CCC3CC4C(CC5CCC6CCCCC65)CCCCC4CC32)CC1
C1CCC(C2CC3CCCC3C3CCCC4CCCCC4C23)CC1
C1CCC(C2CCC3CC4C(CCC45CCCCC5)CC32)CC1
C(CCC1CCCC2CCCCC12)CC1CCC2CCCCC2C1
C1CCC(CCC2CCC3C(CCCC4CCCCC43)C2)CC1
C1CCC(CCCCC2CC3CCCCC3C2)CC1
C1CCC2CCC3C(CCC4C3CCC4(CCCC3CCC4CCCCC4C3)CCC3CCCC3)C2CC1
C1CCC(CCCCC2CCCC(C3CCC4CC(CCC5CCC6CCCCC6C5)CCC43)C2)CC1
C1CCC(CC2CC3CCCCC3C3CCC4CCCCCC4C23)CC1
C1CCC2CCC3C4CCCCC4CC(CC4CCCC4)C3C2CC1
C1CCC(CCC2CCC3C(CCC3C3CCCC(CCC4CCCCC4)C3)C2)CC1
C1CCC2C(C1)CCCC2CCCC1CCCC2CCCCC21
C1CCC(CCC2CCC3C(CCC3C3CCCCC3)C2)CC1
C1CCC2CC(CC3CCC4CCCCC43)CCC2C1
C1CCC(CCCCCC2CCC3CCCCC3C2)CC1
C1CCC(C2CCC3CC4C(CCC5C6CCC(CCCC7CCC8CCCCC8C7)C6CCC45)CC32)CC1
C1CCC(C2CCC3CCCCC3C3CCC4CCCCC4C23)CC1
C1CC2CCCC2C(CC2CC3CCCCC3C3CCCC23)C1
C1CCC(CCC(CC2CC3CCCCC3C2)C2CCC2)CC1
C1CCC2C(C1)CCCC2CCC1CC2CCCCC2C2CCC3CCCCC3C12
C1CCC(CCC2CCC3C(CCC4C5CCCC5CCC34)C2)CC1
C1CCC(CCCC2CCCCC3CCC(C4CCCC5CCCC54)CC23)CC1
C1CCC(C2CCC3CCCC3C3CCC4CCCCC4C23)CC1
C(CCCC1CCCC2C(C3CCCCC3)CCC12)CCC1CCCCC1
C1CCC(CCCC2CCC3C(CCC3C3CCCCC3)C2)CC1
C1CCC2C(C1)CCC1C3CCCC3CCC21
C1CCC2CC(CC3CCCC4CCCC43)CCC2C1
C1CCC(CCC2CCC(C3CCC4C(CCC4C4CCCCC4)C3)CC2)CC1
C1CCC(C2CCC3CCC4C(CCC5C6CCCC6CCC45)CC32)CC1
C1CCC(CCCCC2CCCC3CCCC23)CC1
C1CCC2CCC(C3CCCC4CCCC43)CC2CC1
C1CCC(CCCCC2CC3CCCCC3C2)CC1
C1CCC2CCC(C3CCCC4CCCC43)CC2CC1
C1CCC(CCCCC2CC3CCCCC3C2)CC1
C1CCCC(CCCC2CCC3CCC(C4CCCC5CCCC54)CC3C2)CC1
C1CCC(CCCCC2CCC3CCCCC23)CC1
C(CCC1CCCC2CCCCC12)CC1CCCC2CCCCC12
C1CCC(CCCCCC2CCCC3C(C4CCCCC4)CCC23)CC1
C1CCC(C2CCC3CC4CCCCC4CCC32)CC1
C1CCC(CCC2CCC3C(CCC3C3CCCCC3)C2)CC1
C1CCC2C(C1)CCC1CC3CC4CCCC4C3CCC12
C1CCC2CC(CCCC3CCCCC4CCCCC43)CC2C1
C1CCC(C2CCC3CC4CCCCC4CC32)CC1
C1CCC(C2CCC3CC4C(CCC45CCCC5)CC32)CC1
C(CCC1CCC2C1CCC1C3CCCCC3CCC21)CC1CC2CCCCC2C1
C1CCC(C2CCC(CCCCCC3CCCC4C(C5CCCCC5)CCC34)C2)CC1
C1CCC(C2CCC3CC4(CCCCCC4C4CCCCC4)CCC32)CC1
C1CCC(CCC2CCC3C(CCC3C3CCCCC3)C2)CC1
C1CCC(CC2CCC(CCC(CC3CCCCC3)C3CCCCC3)CC2)CC1
C1CCC(CCCCCC2CCC3CCCCC23)CC1
C1CCC(CC2CCC3CC4C(CCC5C6CCC(CCCC7CC8CCCCC8C7)C6CCC45)CC23)CC1
C1CCC2C(C1)CCC1C3CCCC3CCC21
C1CCC(C2CCC3CC4(CCCCCC4C4CCCCC4)CCC32)CC1
C1CCC(C2CC3CCCCC3CC3CCCCC32)CC1
C1CCC(CCC2CCC3C(CC4CCCCC4)CCC3C2)CC1
C1CCC2CCC(C3CCCC4CCCC43)CC2CC1
C1CCC(C2CC3CCCC3C3CCC4CCCCC4C23)CC1
C1CCC(C2CCC3CCCC3C3CCC4CCCCC4C23)CC1
C1CCC(CCC2CCC(CCC3CCCC(CC4CCCCC4)C3)CC2)CC1
C1CCC(CCCCCC2CC3CCCCC3C2)CC1
C1CCC2C(C1)CCC1C3CCCC3CCCC21
C1CCC(CCCC2CCC3C(CCC3C3CCCCC3)C2)CC1
C1CCC2C(C1)CCC1C3CCCC3CCC21
C1CCC2CC(C3CCCC4CCCC43)CCC2C1
C1CCC(CCCC2CCC3CCC(C4CCCC5CCCC54)CC3C2)CC1
C1CCC2C(C1)CCC1C2CCC2C3CCCC3CC21
C1CCC(CCC(CCC2CCC3CCCC3C2)CC2CCCCC2)CC1
C(CCCC1CCCC2CCCCC12)CCC1CCC(C2CCCC2)C1
C1CCC(CCCCCC2CC3CCCCC3C2)CC1
C1CCC2CC(CC3CCCC4CCCC43)CCC2C1
C1CCC(CCC2CCCCC2)CC1
C1CCC(CCCCC2CC3CCCCC3C2)CC1
C(CCCCC1CCC(C2CCCCC2)C1)CCCC1CCCCC1
C1CCC(C2CCC3CC4C(CCC45CCCCC5)CC32)CC1
C1CCC(CCC2CCC3C(CCC3C3CCCCC3)C2)CC1
C1CCC(CCCCC2CC3CCCCC3C2)CC1
C(CCCC1CCCC2C(C3CCCCC3)CCC12)CCC1CCCCC1
C1CCC2CCC(C3CCCC4CCCC43)CC2CC1
C1CCC(CCCCC2CC3CCCCC3C2)CC1
C1CCC(CCCC(CCC2CCC3CCCC3C2)CC2CCCCC2)CC1
C1CCC(CCCC2CCC3CCC(C4CCCC5CCCC54)CC3C2)CC1
C1CCC(CCCC(CCC2CCC3CCCC3C2)CC2CCCCC2)CC1
C1CCC(C2CCC3CC4C(CCC32)CCC2C3CCC(CCCC5CCC6CCCCC6C5)C3CCC42)CC1
C1CCC2C(C1)CCC1CCCCC12
C1CCC2CC(C3CCCC4CCCC43)CCC2C1
C1CCC2C(C1)CCC1C3CCCC3CCC21
C1CCC2CCC3C(CCC4C5CCCC5CC43)C2CC1
C(CCCC1CCCCC1)CCCC1CCC(C2CCCCC2)C1
C1CCC(CCC2CCC(CC(CC3CCCCC3)C3CCCCC3)CC2)CC1
C1CCC(CCCC2(CCC3CCCC3)CCC3C4CCC5CCCCC5C4CCC32)CC1
C1CCC(C2CCC3CC4C(CCC45CCCCCC5)CC32)CC1
C1CCC(CC2CCC3CC4C(CCC45CCCC5)CC23)CC1
C(CCCC1CCCC2C(C3CCCCC3)CCC12)CCC1CCCCC1
C1CCC2C(C1)CCCC1CCCCC12
C1CCC(CCCCC2CC3CCCCC3C2)CC1
C(CCC1CCC2CCCCC2C1)CCC1CCCC2CCCCC12
C1CCC(CCCCC2CC3CCCCC3C2)CC1
C1CCC2CCC3C4CCC(CCCC5CC6CCCCC6C5)C4CCC3C2CC1
C1CCC(CCCCCC2CCCC3C(CC4CCCCC4)CCC23)CC1
C1CCC(CC2CCCCC2CC2CC3CCCCC3CC3CCC4CCCCC4C32)CC1
C1CCC2C(C1)CCC1CCCCC12
C1CCC2CCC3C4CCCCC4CC(CC4CCCC4)C3C2CC1
C1CCC(CCCCC2CCCCC3CCC(C4CCCCC4)CC23)CC1
C1CCC(CC2CC3CCCCC3C3CCC(CCC4CCCC4)CC23)CC1
C1CCC2CCC(C3CCCC4CCCC43)CC2CC1
C1CCC(CCCCC2CC3CCCCC3C2)CC1
C1CCC(CCC2CCC3C(CCC3C3CCCCC3)C2)CC1
C1CCC(CC2CCC3C(CCC3C3CCCCC3)C2)CC1
C1CCC(CC2CC3CCCCC3C3CCC4CCCCC4C23)CC1
C1CCC(CCC(CCC2CC3CCCCC3C2)C2CC2)CC1
C(CCCCC1CCC(C2CCCCC2)C1)CCCC1CCCCC1
C1CCC(C2CCC3CC4CCCCC4CC32)CC1
C1CCC(CC2CCC3CC4C(CCC5C6CCC(CCCC7CC8CCCCC8C7)C6CCC45)CC23)CC1
C1CCC(CCC2CCC(C3CCC4C(CCC4C4CCCCC4)C3)CC2)CC1
C(CCCC1CCCCC1)CCCC1CCC(C2CCCCC2)C1
C1CCC(CCCC2CCC3C2CCC2CC4CCCCC4CCC23)C1
C1CCC(CCC2CCC3C(CCC3C3CCCCC3)C2)CC1
C1CCC(C2CC3CCCC3C3CCC4CCCCC4C23)CC1
C1CCC(CCC(CCC2CCC3CCCC3C2)CC2CCCCC2)CC1
C1CCC(CCC2CC3CCCCC3C3CCC4CCCCC4C23)C1
C1CCC(CCCCC2CCC3CCCCC23)CC1
C1CCC(CCC2CCCCC2)CC1
C1CCC(C2CCC3CC4C(CCCC45CCCCC5)CC32)CC1
C1CCC2CC(C3CCCC4CCCC43)CCC2C1
C1CCC(C2CC3CCCCC3C3CCC4CCCCC4C23)CC1
C1CCC2CCC(C3CCCC4CCCC43)CC2CC1
C1CCC(CCCC2(CCC3CCCC3)CCC3C4CCCC5CCCCC5C4CCC32)C1
C1CCC(C2CC3CCCCC3CC3CCCCC32)CC1
C1CCC(C2CC3CCCCC3C3CCC4CCCCC4C23)CC1
C(CCC1CCC2C(CCC3C4CCCC4CCC23)C1)CC1CCC(C2CC3CCCC3C3CCC4CCCCC4C23)CC1
C1CCC(CCCCC2CC3CCCCC3C2)CC1
C1CCC2CC(CCCC3CCC4C3CCC3C5CCCCC5CCC43)CCC2C1
C1CCC(CCCCC2CC3CCCCC3C2)CC1
C1CCC(C2CCC(CCCC3CCC4C3CCC3C5CCCCC5CCC43)C2)CC1
C1CCC2CCC(C3CCCC4CCCC43)CC2CC1
C1CCCC(C2CCC3CC4C(CCC5C6CCC(CCCC7CC8CCCCC8C7)C6CCC45)CC32)CC1
C1CCC(CCC2CCC(CCC3CCCCC3)CC2)CC1
C1CCC2CC(CCCC3CCC4C3CCC3C5CCCCC5CCC43)CC2C1
C1CCC(CCCCCC2CC3CCCCC3C2)CC1
C1CCC(CC2CC3CCCCC3C3CCC4CCCCC4C23)C1
C(CCC1CCCC2CCCCC12)CC1CCCC2CCCCC12
C1CCC(CCC2CCC3C(CC4CCCCC4)CCC3C2)CC1
C1CCC(C2CCC3CCCC3CC3CCC4CCCCC4C32)CC1
C1CCC2CC(CC3CCCC4CCCC43)CCC2C1
C1CCC(CCCCCC2CC3CCCCC3C2)CC1
C1CCC(C2CCC3CC4(CCCCC4C4CCCCC4)CCCC32)CC1
C(CCC1CCC2CCCCC2C1)CCC1CCCC2CCCCC12
C1CCC(CCCCCC2CCCCC2)CC1
C1CCC2CC(C3CCCC4CCCC43)CCC2C1
C(CCCC1CCCC2C(C3CCCCC3)CCC12)CCC1CCCCC1
C1CCC2CCC(C3CCCC4CCCC43)CC2CC1
C1CCC(CCC2CCC(CCC3CCCC(CC4CCCC4)C3)CC2)CC1
C1CCC(CCCC2CCC(CCC3CCCCC3)CC2)CC1
C1CCC(C2CCC3CC4(CCCCCCC4C4CCCCC4)CCC32)CC1
C1CCC(CCCCCC2CC3CCCCC3C2)CC1
C1CCC(CCCCC2CC3CCCCC3C2)CC1
C1CCC2C(C1)CCC1C3CCCC3CCC21
C1CCC2C(C1)CCC1C3CCCCC3CCC21
C1CCC(C2CC3CCCC3C3CCC4CCCCC4C23)CC1
C1CCC(CCCCC2CCC3CCCCC23)CC1
C1CCC(CCCC2CCC3CCC(C4CCCC5CCCC54)CC3C2)CC1
C1CCC(CCC2CCC(CCC3CCCC(CCC4CCCC4)C3)CC2)CC1
C1CCC(CCC2CCC3C(CCC3C3CCCCC3)C2)CC1
C1CCC(CC(CC2CCCCC2)C2CCCCC2)CC1
C1CCC(CCCCCC2CC3CCCCC3C2)CC1
C1CCC(CCCCCC2CCCC3C(CC4CCCCC4)CCC23)CC1
C1CCC(C2CCC(CC3CC4CCCCC4C4CCC5CCCCCC5C34)CC2)CC1
C1CCC2CC(CCCC3CCC4C3CCC3C5CCCCC5CCC43)CC2C1
C1CCC2CC(C3CCCC4CCCC43)CCC2C1
C1CCC(C2CCC3CCC4CCCCC4C3CC2)CC1
C1CCC(CCC2(CCCCC3CC4CCCCC4C3)CCC3C4CCC5CCCCC5C4CCC32)C1
C1CCC(CCC2CCC(C3CC3)CC2)CC1
C1CC2CCC3C(CCC4CCC5CCC5C43)C2C1
C1CCC(CCCCC2CCC3CCC(C4CCCC5CCCC54)CC3C2)CC1
C(CCC1CC2CCCCC2C1)CCC1CCCC2CCCC12
C1CCC(C2CCCC3(CCC4CC5C(CCC5C5CCCCC5)CC43)C2)CC1
C1CCC2C(C1)CCC1C3CCCC3CCC21
C1CCC(CC2CC3CCCCC3C3CCC4CCCCC4C23)CC1
C1CCC2C(C1)CCC1C3CCCC3CCC21
C1CCC2CCC3C4CCCCC4CCC3C2CC1
C1CCC2C(C1)CCC1C3CCCC3CCC21
C(CCC1CCCCC2CCCCC12)CC1CCC2CCCCC2C1
C1CCC2CC(CCCC3CCCC4C3CCC3C5CCCCC5CCC43)CCC2C1
C1CCC(CC2CCC3CCCCC3C3CCC4CCCCC4C23)C1
C1CCC2CCC(C3CCCC4CCCC43)CC2CC1
C(CCC1CCCC2CCCCC12)CC1CCCC2CCCCC12
C(CCC1CCC2C1CCC1C3CCCCC3CCC21)CC1CC2CCCCC2C1
C(CCCC1CCCC2C1CCC2C1CCCC(CC2CC2)C1)CCC1CCCCC1
C1CCC(C2CC3CCCC3C3CCC4CCCCC4C23)CC1
C1CCC(C2CCC(C3CC4CCCC4C4CCCC5CCCCC5C34)CC2)C1
C1CCC(CCC2CCC3C(CCC3C3CCCCC3)C2)CC1
C1CCC(CCC2CCCC3CC4C(CCC4C4CCCCC4)CC23)CC1
C1CCC(CCCCC2CC3CCCCC3C2)CC1
C1CCC(C2CCC3CC4C(CCC32)CCC42CCCCC2)CC1
C1CCC2CCC(C3CCCC4CCCC43)CC2CC1
C1CCC(CCCCC2CC3CCCCC3C2)CC1
C1CCC(CCCCC2CC3CCCCC3C2)CC1
C1CCC(CCCC2CCCC(C3CCC4CC(CCC5CCC6CCCCC6C5)CCC43)C2)CC1
C1CCC2CC(CCCC3CCC4C3CCC3C5CCCCC5CCC43)CCC2C1
C1CCC2CCC(C3CCCC4CCCC43)CC2CC1
C(CCC1CCCC2CCCC12)CC1CC2CCCCC2C1
C1CCC(CC2CCCC(CC3CC4CCCCC4C4CCC5CCCCC5C34)C2)CC1
C1CCC(CCCCC2CC3CCCCC3C2)CC1
C1CCC2CCC(C3CCCC4CCCC43)CC2CC1
C1CCC2CC(CC3CCCC4CCCC43)CCC2C1
C1CCC(CCC2CCC(C3CC3)CC2)CC1
C(CCC1CCC2CCCCC2C1)CCC1CCCC2CCCCC12
C(CCCCC1CCC2C(CCC3C4CCCC4CCC23)C1)CCCC1CCCC(CC(CC2CCC(CC3CCCCC3)CC2)C2CCCCC2)C1
C1CCC(CCC2(CCCC3CCC4CCCCC4C3)CCC3C4CCCC5CCCCC5C4CCC32)C1
C(CCC1CCC2CCCCC2C1)CC1CCCC2CCCCC2C1
C(CCC1CCCC2CCCCC12)CC1CCC2CCCCC2C1
C1CCC(CCCCC2CC3CCCCC3C2)CC1
C1CCC(CCCCC2CCC3CCC(C4CCCC5CCCC54)CC3C2)CC1
C1CCC(CCC(CCC2CCC3CCCC3C2)CC2CCCCC2)CC1
C1CCC2CCC(C3CCCC4CCCC43)CC2CC1
C1CCC(CCCCCC2CCCCC2)CC1
C1CCC(C2CCC3CC4C(CCC45CCCC5)CC32)CC1
C(CCC1CCC2CCCCC2C1)CC1CCCC2CCCCC2C1
C1CCC(CCCCC2CC3CCCCC3C2)CC1
C1CCC2CCC(C3CCCC4CCCC43)CC2CC1
C1CCC(C2CCC3CC4CCCCC4CCC32)CC1
C1CCC(CCCCCC2CC3CCCCC3C2)CC1
C1CCC(C2CC3CCCC3C3CCC4CCCCC4C23)CC1
C1CCC2C(C1)CCC1C3CCCCC3CCC21
C1CCC(C2C3CCCC3CC3CC4CCCCC4CC32)CC1
C1CCC(C2CC3C(CCC4CC4)CCC3C3CCC4CCCCC4C23)CC1
C1CCC2C(C1)CCC1C2CCC2C3CCCC3CC21
C1CCC2C(C1)CCC1C3CCCC3CCC21
C1CCC(CCCCC2CC3CCCCC3C2)CC1
C(CCCC1CCCC2C1CCC2C1CCCC(CC2CC2)C1)CCC1CCCCC1
C1CCC(CC2CCCC(C3CCC4CC(CCC5CCC6CCCCC6C5)CCC43)C2)C1
C1CCC(CC2CCC3C(CCC4CCCCC43)C2)CC1
C(CCC1CCCC2CCCC12)CC1CC2CCCCC2C1
C1CCC(C2CCC3CC4C(CCCC45CCCC5)CC32)CC1
C1CCC(CCCCCC2CC3CCCCC3C2)CC1
C(CCCC1CCCCC1)CCCC1CCC(C2CCCCC2)C1
C1CCC(C2CC3CCCC3C3CCC4CCCCC4C23)CC1
C1CCC(CCC2CCCC3CCC4C(CCC4C4CCCCC4)CC23)CC1
C1CCC(CCCCCC2CCC3C(CCC3C3CCCCC3)C2)CC1
C(CCCC1CCCC2CCCC12)CCC1CCC2CCCCC2C1
C1CCC2C(C1)CC(C1CCCC3CCCC31)C1CCCC21
C1CCC2CCC3C(CCC4C5CCCC5CC43)C2CC1
C1CCC2C(C1)CCCC1C3CCCC3CCC21
C1CCC(C2CCC3CC4C(CCC5C6CCC(CCCC7CCC8CCCCC8C7)C6CCC45)CC32)CC1
C1CCC2CCC(C3CCCC4CCCC43)CC2CC1
C1CCC(CCCCC2CCC3CCCCC23)CC1
C(CCC1CC2CCCCC2C1)CCC1CCCC2CCCC12
C(CCCC1CCCC2C(C3CCCCC3)CCC12)CCC1CCCCC1
C1CCC(CC2CC3CCCCC3CC3CCC4CCCCC4C32)C1
C1CCC2CCC3C4CCCC4CCC3C2CC1
C1CCC2C(C1)CCC1C3CCCCC3CCC21
C1CC2CCC3C(CCC4CCCCC43)CC2C1
C(CCCCCCC1CCC2C1CCC1C3CCCCC3CCC21)CCCCCC1CCC(CCC2CCC(CCC3CCCC3)C2)C1
C1CCC(CCCCCC2CCCC3C(C4CCCCC4)CCC23)CC1
C1CCC2CC(CC3CCCC4CCCC43)CCC2C1
C1CCC(C2CCC3(CCC4CC5C(CCC5C5CCCCC5)CCC43)C2)CC1
C1CCC2C(C1)CC(C1CCCC1)C1CCCCC21
C1CCC(CCCCC2CC3CCCCC3C2)CC1
C1CCC2C(C1)CCC1CCCCC12
C1CCC(C2CC3CCCC3C3CCC4CCCCC4C23)CC1
C1CCC(C2CC3CCCC3C3CCC4CCCCC4CC23)CC1
C1CCC2CCC(C3CCCC4CCCC43)CC2CC1
C1CCC(CCCCC2CC3CCCCC3C2)CC1
C1CCC(CC2CCC3CC4C(CCC5C6CCC(CCCC7CC8CCCCC8C7)C6CCC45)CC23)CC1
C1CCC(CCCC2CCC(CCC3CCCCC3)CC2)CC1
C1CCC2CCC3CCCCC3C2CC1
C1CCC(C2CC3CCCC3C3CCC4CCCCC4C23)CC1
C1CCC(CCCCCC2CC3CCCCC3C2)CC1
C1CCC(CC(CC2CCCCC2)C2CCCCC2)CC1
C1CCC(C2CC3CCCC(C3)C3CCC4CCCCC4C32)CC1
C1CCC2CCC(C3CCCC4CCCC43)CC2CC1
C1CCC(CCCCC2CCC3CCCCC23)CC1
C1CCC(C2CCC3CC4(CCCCCC4C4CCCCC4)CCC32)CC1
C1CCC(CCC2CCC(CCC3CCCCC(CC4CCCC4)C3)CC2)CC1
C1CCC(C2CC3CCCC3C3CCC4CCCCC4C23)CC1
C1CCC2CCC(C3CCCC4CCCC43)CC2CC1
C1CCC2C(C1)CCC1C3CCCC3CCC21
C1CCC(CCCC2(CCC3CCCC3)CCC3C4CCC5CCCCCC5C4CCC32)CC1
C1CCC(CCC(CCC2CCC3CCCC3C2)CC2CCCCC2)CC1
C1CCC2C(C1)CC(C1CCCC3CCCCC31)C1CCCC21
C1CCC(CCCCC2CC3CCCCC3C2)CC1
C1CCC2CC(C3CCCC4CCCC43)CCC2C1
C1CCC2C(C1)CCC1C2CCC2C3CCCC3CC21
C(CCCC1CCCCC1)CCCC1CCC(CC2CCCCC2)C1
C1CCC(CCCCCC2CCC3CCCCC23)CC1
C1CCC(CCC2CCCC3CC4C(CCC4C4CCCCC4)CC23)CC1
C1CCC(CCCCC2CCC3CCCCC23)CC1
C1CCC(CCC2CCC3C(CCC3C3CCCCC3)C2)CC1
C1CCC2C(C1)CCC1C3CCCC3CCC21
C1CCC(CCCCCC2CC3CCCCC3C2)CC1
C1CCC2C(C1)CCCC1C3CCCC3CCC21
C(CCCC1CCCCC1)CCCC1CCC(C2CCCCC2)C1
C1CCC(C2CCC3CC4C(CCCC5C6CCC(CCCC7CC8CCCCC8C7)C6CCC45)CC32)CC1
C1CCC(CCCCCC2CC3CCCCC3C2)CC1
C1CCC(CC23CCCCC2CCC2C4CCCC4CCC23)CC1
C1CCC(C2CC3CCCC3C3CCC4CCCCC4C23)CC1
C1CCC2CC(CCCC3CCC4C3CCC3C5CCCCC5CCC43)CCC2C1
C1CCC(C2CC3CCCC3C3CCC4CCCCC4C23)CC1
C1CCC2CC(C3CCCC4CCCC43)CCC2C1
C1CCC(CCCC2CCC3CCC(C4CCCC5CCCC54)CC3C2)CC1
C1CCC(CCC2CCC(CCC3CCCC(CC4CCCC4)C3)CC2)CC1
C1CCC(C2CCC3CCCCC3C3CCCCC23)CC1
C1CCC(CC(CC2CCCCC2)C2CCCCC2)CC1
C1CCC2CCC3C4CCCC4CCC3C2CC1
C1CCC(CCCC2CCC3CCC(C4CCCC5CCCC54)CC3CC2)CC1
C1CCC(C2CCC(CCCCCC3CCCC4CCCCC34)C2)CC1
C1CCC2CC(CC3CCCC4CCCC43)CCC2C1
C1CCC(C2CCC3CC4C(CCCC45CCCC5)CCC32)CC1
C1CCC2C(C1)CC(C1CCCC1)C1CCCCC21
C(CCCC1CCCCC1)CCCC1CCC(C2CCCCC2)C1
C1CCC(C2CCC3CC4C(CCCC4CC4CC5CCCCC5C4)CCC32)CC1
C1CCC(CC2CC3CCCCC3CC3CCC4CCCCC4C32)CC1
C1CCC2C(C1)CCC1C3CCCC3CCC21
C1CCC(CC2CC3CCCCC3C3CCC4CCCCC4C23)CC1
C1CCC2CC(CCCC3CCCCC4CCCCC43)CC2C1
C1CCC2CCC3C(CCC4C3CCC4(CCCC3CCC4CCCCC4C3)CCC3CCCC3)C2CC1
C1CCC(C2CC3CCCC3C3CCC4CCCCC4C23)CC1
C1CCC(CCCCC2CC3CCCCC3C2)CC1
C1CCC(CCC2CCC3C(CCC3C3CCCCC3)C2)CC1
C1CCC(CCC(CCC2CCC3C(CCC3C3CCCCC3)C2)C2CCCCC2)CC1
C(CCCCC1CCC(C2CCCCC2)C1)CCCC1CCCCC1
C1CCC(CCC2CCC3C(CCC4C5CCCC5CC(CCC5CCCCC5)C34)C2)CC1
C1CCC(CCCC2CCC(CCC3CCCC(CC4CCCC4)C3)CC2)CC1
C1CCC(C2CCC(CCCCCC3CCCC4CCCCC34)C2)CC1
C1CCC(CCCCC2CCC3CCC(C4CCCC5CCCC54)CC3C2)CC1
C1CCC(CCC2CCC3C(CCC3C3CCCCC3)C2)CC1
C1CCC(CCC2CCC3C(CCC3C3CCCCC3)C2)CC1
C1CCC(CC2CCC3C(CCCCCC4CC4)CCCC23)CC1
C1CCC2C(C1)CC(C1CCCC3CCCC31)C1CCCC21
C1CCC(CCCC2CCC3C2CCC2C4CCCCC4CCC32)C1
C1CCC(CCC(CCC2CCC3CCCC3C2)CC2CCCCC2)CC1
C1CCC(CC2CC3CCCCC3C3CCC4CCCCCC4C23)CC1
C1CCC(CCC2CCC(C3CC3)CC2)CC1
C1CCC(CCC2(CCCCC3CCC4CCCCC4C3)CCC3C4CCC5CCCCC5C4CCC32)C1
C1CCC(CCCCC2CC3CCCCC3C2)CC1
C1CCC(CCCC2CCC3C2CCC2C4CCCCC4CCCC32)C1
C1CCC(C2CCCCC2CC2CC3CCCCC3C3CCC4CCCCCC4C23)CC1
C1CCC2C(C1)CCC1C2CCC2C3CCCC3CC21
C1CCC(CCCC2CC3CCCCC3C2C2CCCCC2)CC1
C1CCC(C2CCC(CCCCCC3CCCC4C(C5CCCCC5)CCC34)C2)CC1
C1CCC(C2CCC3CC4C(CCC5C6CCC(CCCC7CC8CCCCC8C7)C6CCC45)CC32)CC1
C1CCC(C2CC3CCCC3C3CCC4CCCCC4C23)CC1
C1CCC(CCCC2CCC3CCC(CC4CCCC5CCCC54)CC3C2)CC1
C1CCC(CCCC(CC2CCC3C(CCC3C3CCCCC3)C2)C2CCCCC2)CC1
C(CCCC1CCCC2C(C3CCCCC3)CCC12)CCC1CCCCC1
C1CCC(CCCCCC2CCCC3C(C4CCCCC4)CCC23)CC1
C1CCC2C(C1)CCC1C3CCCC3CCC21
C1CCC2C(C1)CCC1C3CCCC3CCC21
C(CCC1CCCC2CCCCC12)CC1CCC2CCCCC2C1
C1CCC2C(C1)CCC1C3CCCCC3CCC21
C1CCC(C2CCC(C3CCC4CCCC4C4CCC5CCCCC5C34)CC2)C1
C1CCC(C2CCC3CC4C(CCC5C6CCC(CCCCC7CCC8CCCCC8C7)C6CCC45)CC32)CC1
C1CCC(C2CC3CCCC3C3CCC4CCCCC4C23)CC1
C1CCC2C(C1)CCC1C3CCCC3CCC21
C1CCC2CC(C3CCCC4CCCC43)CCC2C1
C1CCC(C2CC3CCCC3C3CCC4CCCCC4CC23)CC1
C1CCC2CCC3CCCCC3C2CC1
C1CCC(CCCCC2CC3CCCCC3C2)CC1
C1CCC(CCCCCC2CCCC3C(C4CCCCC4)CCC23)CC1
C1CCC(C2CCC3CCCC3C3CCC4CCCCC4C23)CC1
C1CCC2CC(CC3CCCC4CCCC43)CCC2C1
C1CCC2CC(CCCC3CCC4C3CCCC3C5CCCCC5CCC34)CC2C1
C1CCC(CC2CCC3C(CC4CCCCC4)CCC3C2)CC1
C1CCC(CCC2CCC3C(CCC3C3CCCCC3)C2)CC1
C1CCC(CCCC2CC3CCCC3C3CCC4CC(CCC5CCCCC5)CCC4C23)CC1
C1CCC(C2CC3C(CCCC4CC4)CCC3C3CCC4CCCCC4C23)CC1
C1CCC(CCC2CCC3C(CCC4C5CCCC5CCCC34)C2)CC1
C1CCC2CC(CCCC3CCCC4C3CCC3C5CCCCC5CCC43)CC2C1
C(CCCCC1CCC(C2CCCCC2)C1)CCCC1CCCCC1
C1CCC(C2CC3CCCC3C3CCC4CCCCCC4C23)CC1
C1CCC(CCCCCC2CCCCC2)CC1
C1CCC(C2CCC3CC4(CCCCCC4C4CCCCC4)CCCC32)CC1
C1CCC2CCC3C4CCCC4CC(C4CCC(C5CCCC5)CC4)C3C2CC1
C1CCC(CCCCCC2CC3CCCCC3C2)CC1
C1CCC(C2CCCC3C(CCC4CCCCC43)C2)CC1
C1CCC(C2CC3CCCCC3C3CCC4CCCCC4C23)CC1
C1CCC(C2CCC3CCC4CCCCC4C3CC2)CC1
C1CCC(C2CCC3CC4CCCCC4CC32)CC1
C1CCC(CCC2CCC3C(CCC4CC(C5CCCCC5)CCC43)C2)CC1
C1CCC2CCCCC2C(CCCCC2CCCC3CCCCC23)C1
C1CCC(CCCCC2CCC3CCCCC23)CC1
C1CCC(C2CCC3CCCC3C3CCC4CCCCC4C23)CC1
C1CCC(CCCCCC2CCCC3C(CC4CCCCC4)CCC23)CC1
C1CCC2C(C1)CCC1C3CCCC3CCC21
C1CCC2C(C1)CCC1C3CCCC3CCC21
C1CCC(C2CC3CCCCC3C3CCC(CCC4CCCC4)CC23)CC1
C1CCC2CC(C3CCCC4CCCC43)CCC2C1
C(CCCC1CCCCC1)CCCC1CCC(C2CCCCC2)C1
C1CCC(CCCCCC2CC3CCCCC3C2)CC1
C1CCC(C2CC3CCCC3C3CCC4CCCCC4C23)CC1
C1CCC(CCC2CCC3C(CCC3C3CCCCC3)C2)CC1
C1CCC(CCC2CCC3C(CCC4C5CCCC5CC(CCC5CCCCC5)C34)C2)CC1
C1CCC(C2CC3CCCC3C3CCC4CCCCC4C23)CC1
C1CCC2C(C1)CCC1C3CCCC3CCC21
C1CCC(CCCC2CCC3C2CCC2C4CCCCC4CCC32)C1
C1CCC(CCCCCC2CCCC3C2CCC3C2CCCC(CC3CCCC3)C2)CC1
C1CCC(CCCCC2CCC3C2CCC2C4CCCCC4CCC32)CC1
C1CCC(CCC2CCC3C(CCC3C3CCCCC3)C2)CC1
C1CCC(CC2CCC3CCCCC3C3CCC4CCCCC4C23)CC1
C1CCC(C2CC3CCCC3C3CCCC4CCCCC4C23)CC1
C1CCC(CCCCCC2CC3CCCCC3C2)CC1
C1CCC(C2CCC3CC4C(CCCC5CC5)CCCC4CCC32)CC1
C1CCC(CCC2CCC3C(CCC3C3CCCC3)C2)CC1
C1CCC2C(C1)CCC1C3CCCC3CCC21
C(CCCCC1CCC(C2CCCCC2)C1)CCCC1CCCCC1
C1CCC(CCCCC2CC3CCCCC3C2)CC1
C1CCC2CC(CC3CCCC4CCCC43)CCC2C1
C1CCC(CCCCCC2CCCC3C(C4CCCCC4)CCC23)CC1
C1CCC2CC(C3CCCC4CCCC43)CCC2C1
C1CCC2CC(CCCC3CCC4C3CCC3C5CCCCC5CCCC43)CC2C1
C1CCC(CCCCC2CCC3C2CCC2C4CCCCCC4CCC32)CC1
C1CCC(CCC2(CCCC3CC4CCCCC4C3)CCC3C4CCC5CCCCC5C4CCCC32)C1
C1CCC(CC2CCC(CC(CC3CCCCC3)C3CCCCC3)CC2)CC1
C1CCC2C(C1)CCC1C2CCC2C3CCCC3CC21
C1CCC(C2CCC3CC4C(CCC45CCCCC5)CC32)CC1
C1CCC(CCC2CCC(CCCC3CCCC(CC4CCCC4)C3)CC2)CC1
C(CCC1CCCC2CCCC12)CC1CC2CCCCC2C1
C1CCC(CCC(CC2CCCCC2)C2CCCCC2)CC1
C1CCC(CC2CC3CCCCC3C3CCC4CCCCC4C23)CC1
C1CCC(CC2CC3CCCCC3C3CCC4CCCCC4C23)C1
C1CCC(CCC2CCC(CC3CCC4C(CCC4C4CCCCC4)C3)CC2)CC1
C1CCC(CCCCC2CCC3CCCCC23)CC1
C1CCC2C(C1)CCC1C3CCCC3CCC21
C1CCC(CCC2CCC3C(CCC3C3CCCCC3)C2)CC1
C1CCC2C(C1)CCC1C3CCCC3CCC21
C(CCCC1CCCC2C(C3CCCCC3)CCC12)CCC1CCCCC1
C1CCC(C2CCC3CC4C(CCC32)CCC2C3CCC(CCCC5CC6CCCCC6C5)C3CCC42)CC1
C(CCC1CC2CCCCC2C1)CCC1CCCC2CCCC12
C1CCC2CC(C3CCCC4CCCC43)CCC2C1
C1CC2CCCC2C(CC2CC3CCCCC3C3CCCC23)C1
C1CCC(C2CCC(CCCCCC3CCCC4CCCCC34)C2)CC1
C1CCC(CCCCC2CCC3CCCCC23)CC1
C1CCC(CCC(CC2CC3CCCCC3C2)C2CC2)CC1
C1CCC(CCCCC2CCC3CCCCC23)CC1
C1CCC2CCC(C3CCCC4CCCC43)CC2CC1
C1CCC(CCCCCC2CCCC3C(CC4CCCCC4)CCC23)CC1
C(CCCC1CCCC2C(C3CCCCC3)CCC12)CCC1CCCCC1
C1CCC2CC(CC3CCCC4CCCC43)CCC2C1
C1CCC(CCCCC2CC3CCCCC3C2)CC1
C1CCC(CC2CCC3CC4C(CCC45CCCC5)CC23)CC1
C1CCC2CC(C3CCCC4CCCC43)CCC2C1
C1CCC(CCCCC2CCC3CCCCC23)CC1
C1CCC(CCC2CCC3C(CCC3C3CCCCC3)C2)CC1
C1CCC2C(C1)CCC1C3CCCC3CCC21
C1CCC2CC3CCC4CCCC4C3CCC2C1
C1CCC(CCCCC2CCC3C2CCC2C4CCCCC4CCC32)CC1
C(CCCCC1CCC(C2CCCCC2)C1)CCCC1CCCCC1
C1CCC2C(C1)CCC1C3CCCC3CCCC21
C1CCC(C2CCC(CCCCCC3CCCC4CCCCC34)C2)CC1
C1CCC2CCC(C3CCCC4CCCC43)CC2CC1
C1CCC(C2CC3CCCC3C3CCC4CCCCC4C23)CC1
C1CCC(C2CC3CCCC3C3CCCC4CCCCC4C23)CC1
C1CCC(CCCCC2CCC3CCCCC23)CC1
C1CCC(C2CC3CCCC3C3CCCC4CCCCC4C23)CC1
C1CCC(CCCC2CCC3CCC(C4CCCC5CCCC54)CC3C2)CC1
C1CCC(CC2CCC3CC4C(CCCC5CC5)CCCC4CC23)CC1
C1CCC(C2CC3CCCC3C3CCC4CCCCCC4C23)CC1
C(CCC1CCCCC2CCCCC12)CC1CCC2CCCCC2C1
C(CCC1CCCC2CCCCC12)CC1CCCC2CCCCC12
C1CCC2CC(C3CCCC4CCCC43)CCC2C1
C1CCC(CCC2CCC(C3CC3)CC2)CC1
C1CCC(CCC2CCC3C(CCC3C3CCCCC3)C2)CC1
C1CCC2C(C1)CCC1C3CCCC3CCC21
C1CCC(CCCC2CCC(C3CCCC4C(C5CCCCC5)CCC34)C2)CC1
C1CCC(C2CC3CCCC3CC3CCC4CCCCC4C32)CC1
C1CCC(C2CC3CCCC3C3CCC4CCCCC4C23)CC1
C1CCC(CCCCCC2CCCC3C(C4CCCCC4)CCC23)CC1
C(CCCC1CCCCC1)CCCC1CCC(C2CCCCC2)C1
C(CCCC1CCCC2C(C3CCCCC3)CCC12)CCC1CCCCC1
C1CCC2C(C1)CCC1CCCCC12
C1CCC(C2CCC3C(CCCCCC4CCC(C5CCCC5)C4)CCCC23)CC1
C1CCC(CCCCCC2CCC3CCCCC23)CC1
C(CCCC1CCCCC1)CCCC1CCC(C2CCCCC2)C1
C1CCC2CCC(C3CCCC4CCCC43)CC2CC1
C1CCC(CCCCCC2CCC3CCCCC3C2)CC1
C1CCC(C2CCC3CC4C(CCCC45CCCCC5)CC32)CC1
C1CCC(C2CC3CCCCC3C3CCC4CCCCC4C23)CC1
C1CCC(CCCCC2CC3CCCCC3C2)CC1
C(CCC1CCCC2CCCCC12)CC1CC2CCCCC2C1
C(CCC1CCCCC2CCCCC12)CC1CCC2CCCCC2C1
C(CCC1CCC2CCCCC2C1)CCC1CCCC2CCCCC12
C1CCC(CCCCCC2CCCC3C(C4CCCCC4)CCC23)CC1
C1CCC(CCC2CCC3C(CCC3C3CCCCC3)C2)CC1
C1CCC(CCCCC2CCC3CCCCC23)CC1
C1CCC(C2CCC3CC4C(CCC5C6CCC(CCCC7CCC8CCCCC8C7)C6CCC45)CC32)CC1
C1CCC(C2CCCCC2CCC2CC3CCCCC3C3CCC4CCCCC4C23)CC1
C1CCC(CCC(CC2CCC3C(CCC3C3CCCCC3)C2)C2CCCCC2)CC1
C1CCC2CCC3C4CCCCC4CC(CC4CCCC5CCCCC54)C3C2CC1
C1CCC(C2CCC3CCC4C(CCC45CCCC5)CC32)CC1
C1CCC(CCCCCC2CCCC3C(CC4CCCCC4)CCC23)CC1
C1CCC2CCC(C3CCCC4CCCC43)CC2CC1
C1CCC(C2CCC3CC4C(CCC5CC6CCCCC6C5)CCCC4CC32)CC1
C1CCC(CC2CCC3CCCCC3C3CCC4CCCCC4C23)C1
C(CCC1CCCC2CCCC12)CC1CC2CCCCC2C1
C1CCC2CCC(C3CCCC4CCCC43)CC2CC1
C1CCC(CC2CC3CCCCC3C3CCC4CCCCC4C23)C1
C1CCC(CCC2CCC(CCC3CCCC(CCC4CCCC4)C3)CC2)CC1
C1CCC2C(C1)CCCC1C3CCCC3CCC21
C1CCC(CCC2CCC3C2CCC(C2CCCCC2)C2C4CCCCC4CCCC32)CC1
C1CCC2CCC(C3CCCC4CCCC43)CC2CC1
C1CCC(CCC2CCC(CCC3CCCCC3)CC2)CC1
C1CCC(C2CCC3CC4C(CCCC45CCCCCC5)CC32)CC1
C1CCC(CCCC2CCCC3CCCCC32)C2CCCCC2C1
C1CCC(CCC2CCC3C(CCC3C3CCCCC3)C2)CC1
C1CCC(CCCC2CCC3CCC(C4CCCC5CCCC54)CC3C2)CC1
C1CCC(C2CCC(C3CC4CCCC4C4CCC5CCCCC5C34)CC2)C1
C1CCC(C2CCC3CC4C(CCC45CCCCC5)CC32)CC1
C1CCC(CCCCCC2CCCC3C(C4CCCCC4)CCC23)CC1
C(CCCC1CCCC2C(C3CCCCC3)CCC12)CCC1CCC(C2CCCC2)C1
C1CCC2CC(CC3CCCC4CCCC43)CCC2C1
C1CCC(C2CC3CCCCC3C3CCCCC23)CC1
C1CCC2C(C1)CCCC1CCCCC12
C1CCC(CC2CCC3C(CCC3C3CCCCC3)C2)CC1
C(CCCC1CCCC2C(C3CCCCC3)CCC12)CCC1CCCCC1
C1CCC2CC(CCCC3CCC4C3CCC3C5CCCCC5CCC43)CC2C1
C1CCC(C2CC3CCCC(C3)C3CCC4CCCCC4C32)CC1
C1CCC(CCCC(CC2CC3CCCCC3C2)C2CC2)CC1
C(CC1CC2CCCCC2C1)CC1CCC2C(CCC3C4CCCCC4CCC23)C1
C1CCC2CC(C3CCCC4CCCC43)CCC2C1
C1CCC2C(C1)CCC1C3CCCC3CCCC21
C1CCC(CCCCCC2CCC3CCCCC23)CC1
C1CCC2CC(C3CCCC4CCCC43)CCC2C1
C1CCC2C(C1)CCC1C2CCC2C3CCCC3CCC21
C1CCC(CCC2CCC3C(CCCC4C5CCCC5CCC34)C2)CC1
C(CCC1CCCC2CCCCC12)CC1CCCC2CCCCC12
C(CCCC1CCCCC1)CCC1CCCCC1
C1CCC(C2CCC3CC4C(CCC5C6CCC(CCCCC7CCC8CCCCC8C7)C6CCC45)CC32)CC1
C(CCC1CCCC2CCCCC12)CCC1CCCC2CCCCC12
C1CCC(CCC2CCC(C3CCC4C(CCC4C4CCCCC4)C3)CC2)CC1
C1CCC2C(C1)CC(C1CCCC3CCCC31)C1CCCCC21
C1CCC(CCC2CCC(C3CCC4C(CC5CCCCC5)CCC4C3)CC2)CC1
C1CCC(C2CC3CCCC3C3CCC4CCCCC4C23)CC1
C1CCC(C2CC3CCCC3C3CCC4CCCCC4C23)CC1
C1CCC(CCC2CCC(C3CCCC4C(C5CCCCC5)CCC34)C2)CC1
C1CCC(CCCC2CCC(C3CCC4C(CC5CCCCC5)CCC4C3)CC2)CC1
C1CCC(CCCCC2CCCC3CCC(C4CCCCC4)CC3C2)CC1
C1CCC2C(C1)CCC1C3CCCCC3CCC21
C1CCC(CC2CCC3CC4CCCCC4CC23)CC1
C1CCC(CCCC2CCCC(CC3CCC4CC(CCC5CCC6CCCCC6C5)CCC43)C2)CC1
C1CCC(CC2CCC3CC4C(CCC45CCC(C4CCCCC4)C5)CC23)CC1
C1CCC2C(C1)CCC1C3CCCC3CCC21
C1CCC(CCCCC2CCC3CCCCC23)CC1
C1CCC(CCC2CCCC3CCC4C(CCC4C4CCCCC4)CC23)CC1
C(CCCCC1CCC(C2CCCCC2)C1)CCCC1CCCCC1
C1CCC(C2CCC3CC4C(CCC32)CCC42CCCC2)CC1
C1CCC(CCC2CCC3C(CCC4C5CCCC5CCC34)C2)CC1
C1CCC(CCCCC2CC3CCCCC3C2)CC1
C1CCC(CCCCCC2CC3CCCCC3C2)CC1
C1CCC(C2CCC3CC4C(CCCCC45CCCC5)CC32)CC1
C(CCC1CC2CCCCC2C1)CCC1CCCC2CCCC12
C1CCC(CCC2CC3CCCCC3C3CCC4CCCCC4C23)CC1
C1CCC(CCCC2(CCC3CCCC3)CCCC3C4CCC5CCCCC5C4CCC32)CC1
C1CCC2CCCCC2C(CCCCC2CCCC3CCCCC23)C1
C1CCC2CCC3C4CCC(CCCC5CC6CCCCC6C5)C4CCC3C2CC1
C1CCC2CCC(C3CCCC4CCCC43)CC2CC1
C1CCC(C2CCC3CC4C(CCC5C6CCC(CCCCC7CCC8CCCCC8C7)C6CCC45)CC32)CC1
C1CCC2CCC3C4CCC(CCCC5CC6CCCCC6C5)C4CCC3C2CC1
C1CCC2CC(CCCC3CCC4C3CCC3C5CCCCC5CCCC43)CCC2C1
C1CCC(C2CCC3CC4C(CCCCC45CCCC5)CC32)CC1
C1CCC(CCC2CCC(CC(CC3CCCCC3)C3CCCCC3)CC2)CC1
C(CCCC1CCCCC1)CCCC1CCC(C2CCCCC2)C1
C1CCC(CC2CCC3CC4C(CCC45CCCC5)CC23)CC1
C1CCC(CCC(CC2CC3CCCCC3C2)C2CCCC2)CC1
C1CCC(C2CC3CCCC3C3CCCC4CCCCC4C23)CC1
C1CCC(CCC2CCC3C(CCC3C3CCCCC3)C2)CC1
C1CCC2CCC3C4CCCC4CCC3C2CC1
C1CCC(CCCCCC2CCC3CCCCC23)CC1
C1CCC2C(C1)CCC1C3CCCC3CCCC21
C1CCC2CCC3C4CCC(CCCC5CC6CCCCC6C5)C4CCC3C2CC1
C1CCC(CC2CCC3CC4CCCCC4CC23)CC1
C1CCC2CC3CCC4C(CCCC5CCCC6CCCCC65)CCC4C3CCC2C1
C1CCC(CCC2CCC3C(CCC3C3CCCCC3)C2)CC1
C1CCC(CC2CC3CCCCC3C3CCC4CCCCCC4C23)CC1
C1CCC(CCC2CCC3C(CCC3C3CCCCC3)C2)CC1
C1CCC(CCCC2CCCC3CCC(C4CCCC5CCCC54)CC3C2)CC1
C1CCC(CC2CC3CCCCC3C3CCC4CCCCC4C23)C1
C(CCCC1CCCC2C(C3CCCCC3)CCC12)CCC1CCCCC1
C1CCC(CCCCCC2CC3CCCCC3C2)CC1
C(CCC1CCC2C1CCC1C3CCCCC3CCC21)CC1CCC2CCCCC2C1
C1CCC(CCCCC2CCC3CCCCC23)CC1
C1CCC(CC2CC3CCCCC3C3CCC4CCCCCC4C23)CC1
C1CCC2C(C1)CCC1C3CCCCC3CCC21
C1CCC2C(C1)CCC1C3CCCC3CCC21
C1CCC(C2CC3CCCC3C3CCC4CCCCC4C23)CC1
C1CCC(CCCCCC2CCC3C(CC4CCCCC4)CCC3C2)CC1
C1CCC(CCCCC2CC3CCCCC3C2)CC1
C1CCC(CCCCC2CCC3CCCCC23)CC1
C1CCC2CC(C3CCCC4CCCC43)CCC2C1
C(CCC1CCCC1)CCC1CCCC2CCCCC12
C1CCC(CCCCCC2CC3CCCCC3C2)CC1
C1CCC(C2CCC3C(CCCC4CCCCC43)C2)CC1
C1CCC(C2CCC(CCCCCC3CCCC4CCCCC34)C2)CC1
C1CCC(CCCCCC2CC3CCCCC3C2)CC1
C1CCC2CCC3C4CCCCC4CCC3C2CC1
C1CCC2C(C1)CCCC1C3CCCC3CCC21
C1CCC(CC2CC3CCCCC3C3CCC4CCCCCC4C23)CC1
C1CCC(CCC2CCC3C(CCC4C5CCCC5CCC34)C2)CC1
C1CCC(CCC2CCC3C(CCC3C3CCCCC3)C2)CC1
C1CCC(CCC2CCC3C(CC4CCCCC4)CCC3C2)CC1
C1CCC(C2CC3CCCC3C3CCC4CCCCC4C23)CC1
C1CCC2C(C1)CC(C1CCCC1)C1CCCCC21
C1CCC2CC(CCCC3CCCC4C3CCC3C5CCCCC5CCC43)CC2C1
C1CCC(C2CCC3C(CCCC4CCCCC43)C2)CC1
C1CCC(CC2CCC(CC(CC3CCCCC3)C3CCCCC3)CC2)CC1
C1CCC2CC(CCCC3CCC4C3CCC3C5CCCCC5CCC43)CC2C1
C1CCC(CCC(CCC2CCC3CCCC3C2)CC2CCCCC2)CC1
C(CCC1CCCC2CCCCC12)CC1CCCC2CCCCC12
C1CCC(CCCCC2CC3CCCCC3C2)CC1
C1CCC(CCC(CCCC2CCC3CCCC3C2)CC2CCCCC2)CC1
C1CCC(CCC2CCC3C(CCC3C3CCCCC3)C2)CC1
C1CCC(CCC2CCC3C(CCC3C3CCCC(CC4CCCC4)C3)C2)CC1
C(CCC1CCCC2CCCCC12)CC1CCC2CCCCC2C1
C1CCC(CCC2(CCCC3CCC4CCCCC4C3)CCC3C4CCC5CCCCC5C4CCC32)C1
C1CCC(CCCC2(CCC3CCCC3)CCC3C4CCCC5CCCCC5C4CCC32)CC1
C1CCC(C2CCC3CC4(CCCCCC4C4CCCCC4)CCC32)CC1
C1CCC(CCCCC2CCC3CCCCC23)CC1
C1CCC(CC2CC3CCCCC3C3CCC4CCCCC4C23)CC1
C1CCC2CCC3C4CCC(CCCC5CC6CCCCC6C5)C4CCC3C2CC1
C(CCCC1CCCCC1)CCCC1CCC(C2CCCCC2)C1
C1CCC2C(C1)CCC1C3CCCC3CCC21
C1CCC2CCC(C3CCCC4CCCC43)CC2CC1
C1CCC(C2CCC(CCCCCC3CCCC4C(C5CCCCC5)CCC34)C2)CC1
C1CCC(CC2CCC3CC4C(CCC45CCCC5)CC23)CC1
C1CCC2CCC3C(CCC4C3CCC4(CCCC3CCC4CCCCC4C3)CCC3CCCC3)C2CC1
C1CCC2CC(CCCC3CCCC4CCCCC43)CC2C1
C1CCC2CC(C3CCCC4CCCC43)CCC2C1
C1CCC(C2CCC3CCCC3C3CCC4CCCCC4C23)CC1
C1CCC(CCCC2CCC(C3CCC4C(CCC4C4CCCCC4)C3)CC2)CC1
C1CCC(C2CCC3CC4C(CCC45CCCCC5)CC32)CC1
C1CCC(CCCCC2CC3CCCCC3C2)CC1
C1CCC(CCC2CCC3C(CCC3C3CCCCC3)C2)CC1
C1CCC(CCCCC2CCC3C2CCC2C4CCCCC4CCCC32)CC1
C1CCC(CC2CCC3CC4C(CCC45CCCC5)CC23)CC1
C1CCC(CCCCC2CC3CCCCC3C2)CC1
C1CCC2C(C1)CCC1C3CCCC3CCC21
C1CCC(C2CCC3CC4C(CCCC45CCCC5)CC32)CC1
C1CCC2CC(C3CCCC4CCCC43)CCC2C1
C1CCC(C2CC3CCCC3C3CCC4CCCCC4C23)CC1
C1CCC(CCC2CCC(CCC3CCCC(CC4CCCC4)C3)CC2)CC1
C1CCC2CCC3C4CCCC4CCC3C2CC1
C1CCC(C2CCC3CCCC3C3CCC4CCCCC4C23)CC1
C1CCC2CCC(C3CCCC4CCCC43)CC2CC1
C1CCC(CCC2CCC3C2CCC(C2CCCCC2)C2C4CCCCC4CCC32)CC1
C(CCC1CCCCC2CCCCC12)CC1CCC2CCCCC2C1
C(CCC1CC2CCCCC2C1)CCC1CCCC2CCCC12
C(CCCC1CCCC2CCCCC12)CCC1CCC(C2CCCCC2)C1
C1CCC(C2CCC3CC4C(CCC5C6CCC(CCCCC7CCC8CCCCC8C7)C6CCC45)CC32)CC1
C1CCC(CC2CCCC(CC3CC4CCCCC4CC4CCC5CCCCC5C43)C2)CC1
C1CCC2CC(CCCC3CCC4C3CCC3C5CCCCC5CCC43)CC2C1
C(CCCC1CCCC2C(C3CCCCC3)CCC12)CCC1CCCCC1
C1CCC2C(C1)CC(C1CCCC3CCCC31)C1CCCC21
C1CCC2CCC3C4CCCC4CCC3C2CC1
C1CCC(CC2CCC3CCCCC3C3CCC4CCCCC4C23)C1
C1CCC(C2CC3CCCC3CC3CCC4CCCCC4C32)CC1
C1CCC2C(C1)CCCC1C3CCCC3CCC21
C1CCC(CC2CC3CCCCC3CC3CCC4CCCCC4C32)CC1
C1CCC(CCC2(CCCC3CC4CCCCC4C3)CCC3C4CCC5CCCCC5C4CCC32)C1
C1CCC(CC2CC3CCCC3C3CCC4CCCCC4C23)CC1
C1CCC(C2CCC3CC4C(CCCCC45CCCC5)CC32)CC1
C1CCC2C(C1)CCC1CCCCC12
C1CCC2CC3CCCCC3CCC2C1
C1CCC(CCC2CCC3C(CCC3C3CCCCC3)C2)CC1
C1CCC2C(C1)CC(C1CCCC1)C1CCCCC21
C1CCC(CCCCCC2CC3CCCCC3C2)CC1
C1CCCC(C2CCC3CC4C(CCC5C6CCC(CCCC7CC8CCCCC8C7)C6CCC45)CC32)CC1
C1CCC2C(C1)CCC1CCCCC12
C1CCC(C2CCC3CCCC3C3CCC4CCCCCC4C23)CC1
C1CCC(C2CC3CCCC3C3CCC4CCCCC4CC23)CC1
C(CCC1CCC2CCCCC2C1)CCC1CCCC2CCCC12
C1CCC2CC(C3CCCC4CCCC43)CCC2C1
C1CCC(CCCCC2CCC3CCCCC23)CC1
C1CCC(C2CCC3C(CCC4CCCCC43)C2)CC1
C1CCC(CC2CCC3CC4C(CCC5C6CCC(CCCC7CC8CCCCC8C7)C6CCC45)CC23)CC1
C1CCC(C2CC3CCCC3C3CCC4CCCCC4C23)CC1
C1CCC(CC2CCCCCCC23CCC2C(CCC2C2CCCCC2)C3)CC1
C1CCC2CC(C3CCCC4CCCC43)CCC2C1
C1CCC(CCCCCC2CCC3CCCCC23)CC1
C1CCC(C2CC3CCCC3C3CCC4CCCCCC4C23)CC1
C(CCCC1CCCC2C(C3CCCCC3)CCC12)CCC1CC1
C1CCC(CCCC2CCC(C3CC3)CC2)CC1
C1CCC(CCCCCC2CCCC3C2CCC3C2CCCC(CCC3CCCC3)C2)CC1
C1CCC2CCC3C4CCC(CCCC5CC6CCCCC6C5)C4CCC3C2CC1
C1CCC2C(C1)CCC1C3CCCC3CCC21
C1CCC2CCC(C3CCCC4CCCC43)CC2CC1
C1CCC(C2CC3CCCC3C3CCC4CCCCCC4C23)CC1
C1CCC2CC(C3CCCC4CCCC43)CCC2C1
C(CCCCC1CCC(C2CCCCC2)C1)CCCC1CCCCC1
C1CCC(CC2CC3CCCCC3C3CCC4CCCCCC4C23)CC1
C(CCC1CCCC2CCCCC12)CC1CCC2CCCCC2C1
C1CCC(CCCCCC2CCCC3C(CC4CCCCC4)CCC23)CC1
C1CCC(CC2CC3CCCCC3C3CCC4CCCCC4C23)CC1
C1CCC(CCCCCC2CC3CCCCC3C2)CC1
C1CCC2C(C1)CCCC2CCCC1CCCC2CCCCC21
C1CCC2C(C1)CCC1CCCCC12
C1CCC(CCCC2CCC3CCC(CC4CCCC5CCCC54)CC3C2)CC1
C(CCC1CCCC2CCCC12)CC1CC2CCCCC2C1
C1CCC2CC(C3CCCC4CCCC43)CCC2C1
C1CCC(CCCCC2CC3CCCCC3C2)CC1
C1CCC(CCCCCC2CCC3CCCCC23)CC1
C1CCC(C2CC3CCCC3CC3CCC4CCCCC4C32)CC1
C1CCC2CCC3CCCCC3C2CC1
C1CCC(CCCCC2CC3CCCCC3C2)CC1
C1CCC(C2CC3CCCC3C3CCCC4CCCCC4C23)CC1
C1CCC(CCCCC2CC3CCCCC3C2)CC1
C1CCC(CC23CCCCC2CCC2C4CCCC4CCCC23)CC1
C1CCC(CCC2CCC3C(CCCC4CCCCC43)C2)CC1
C1CCC2CCC(C3CCCC4CCCC43)CC2CC1
C1CCC(CCCCCC2CCC3CCCCC23)CC1
C1CCC(CC23CCCCC2CCC2C4CCCCC4CCC23)CC1
C1CCC(C2CCC3C(CCCC4CCCCC43)C2)CC1
C1CCC(CCCC2CCC3CCC(C4CCCC5CCCC54)CC3C2)CC1
C1CC2CCCC2C(CC2CC3CCCCC3C3CCCC23)C1
C1CCC(CCCCC2CCC3CCCCC23)CC1
C1CCC(CCCCCC2CCCC3C2CCC3C2CCCC(CC3CCCC3)C2)CC1
C1CCC(C2CCC3CC4C(CCC32)CCC2C3CCC(CCCC5CC6CCCCC6C5)C3CCC42)CC1
C1CCC2CCC(C3CCCC4CCCC43)CC2CC1
C1CCC2CC(CC3CCCC4CCCC43)CCC2C1
C1CCC(CCC2CCC(CCC3CCCC(CC4CCCC4)C3)CC2)CC1
C1CCC(CCCCCC2CC3CCCCC3C2)CC1
C1CCC(C2CCC3CC4C(CCC5C6CCC(CCCCC7CCC8CCCCC8C7)C6CCC45)CC32)CC1
C1CCC(CCCCC2CC3CCCCC3C2)CC1
C1CCC2C(C1)CC(C1CCCC1)C1CCCC21
C1CCC2CCC(C3CCCC4CCCC43)CC2CC1
C1CCC2C(C1)CCCC1C3CCCC3CCC21
C1CCC2C(C1)CCC1C2CCC2C3CCCC3CC21
C(CCCC1CCCCC1)CCCC1CCC(C2CCCCC2)C1
C1CCC(CC2CC3CCCCC3C3CCC4CCCCC4C23)CC1
C1CCC2C(C1)CC(C1CCCC1)C1CCCCC21
C1CCC(CCC(CC2CC3CCCCC3C2)C2CCC2)CC1
C(CCCC1CCCC2C(C3CCCCC3)CCC12)CCC1CCC(C2CCCC2)C1
C1CCC2CCC(C3CCCC4CCCC43)CC2CC1
C1CCC(CCCCC2CC3CCCCC3C2)CC1
C(CCC1CCC2CCCCC2C1)CCC1CCCC2CCCCC12
C1CCC(CCC2CCC(CCC3CCCC(CC4CCCC4)C3)CC2)CC1
C1CCC2C(C1)CCC1CCCCC12
C1CCC(CC2CCC3C(CCC3C3CCCCC3)C2)CC1
C1CCC2CCC(C3CCCC4CCCC43)CC2CC1
C1CCC2CCC3C(CCC4C5CCCC5CC43)C2CC1
C1CCC(C2CCC3CC4C(CCCCC45CCCC5)CC32)CC1
C1CCC(CCCC2CCCC3CCC(C4CCCC5CCCC54)CC3C2)CC1
C1CCC(C2CCC3CC4C(CCC45CCCCCC5)CC32)CC1
C1CCC(CCCCC2CC3CCCCC3C2)CC1
C1CCC(CC2CC3CCCCC3C3CCC4CCCCC4C23)CC1
C1CCC2CCC3CCCCC3C2CC1
C1CCC(CCCCCC2CCCC3C(C4CCCCC4)CCC23)CC1
C1CCC(CCCC2CCC3C2CCC2C4CC5CCC(C6CCCCC6)C5CC4CCC32)CC1
C1CCC(CCCCC2CCC3CCCCC23)CC1
C1CCC(CC2CC3CCCCC3C3CCC4CCCCC4C23)CC1
C1CCC2CCC3C4CCCCC4CCC3C2CC1
C(CCC1CCCC2CCCCC12)CC1CCCC2CCCCC12
C1CCC2CC(C3CCCC4CCCC43)CCC2C1
C1CCC(C2CCC3CC4C(CCCC4CC4CC5CCCCC5C4)CCC32)CC1
C1CCC(C2CCC3(CCC4CCC5C(CCC5C5CCCCC5)CC43)C2)CC1
C1CCC(CCC2CCC3C(CCC3C3CCCCC3)C2)CC1
C1CCC2CC(C3CCCC4CCCC43)CCC2C1
C1CCC(C2CCC3CCCC3C3CCC4CCCCC4C23)CC1
C1CCC(CCCCCC2CC3CCCCC3C2)CC1
C(CCCCC1CCCC(CC(CC2CCC(CC3CCCCC3)CC2)C2CCCCC2)C1)CCCCC1CCC2C(CCC3C4CCCC4CCC23)C1
C1CCC(C2CC3CCCC3C3CCC4CCCCCC4C23)CC1
C(CCCC1CCC2CCCC2C1)CCC1CCCCC1
C1CCC(C2CCC3CC4C(CCCCC45CCCCC5)CC32)CC1
C1CCC(CC2CC3CCCCC3C3CCC4CCCCC4C23)CC1
C1CCC(CCC2CCC3C(CCC3C3CCCC3)C2)CC1
C1CCC(C2CCC(CCCCCC3CCCC4C(C5CCCCC5)CCC34)C2)CC1
C1CCC(CCCC2CCC3C2CCC2C4CCCCC4CCC32)C1
C1CCC(CCC2CCC3C(CCC3C3CCCCC3)C2)CC1
C1CCC2CC3CCC(C4CCCCC4)C3CC2CC1
C1CCC(CC2CCC3CC4C(CCC5C6CCC(CCCC7CCC8CCCCC8C7)C6CCC45)CC23)CC1
C1CCCC(C2CCC3CC4C(CCC5C6CCC(CCCC7CC8CCCCC8C7)C6CCC45)CC32)CC1
C1CCC(CCC2CCC3C(CCC4C5CCCC5CCC34)C2)CC1
C1CCC2CCC3C4CCCCC4CC(CC4CCCC4)C3C2CC1
C1CCC(CCCCC(CC2CCC3C(CCC3C3CCCCC3)C2)C2CCCCC2)CC1
C1CCC(CC2CC3CCCCC3C3CCC4CCCCCC4C23)CC1
C1CCC(CC(CC2CCCCC2)C2CCCCC2)CC1
C1CCC(CC2CCC3C(CCC3C3CCCCC3)C2)CC1
C1CCC(CCCCC2CC3CCCCC3C2)CC1
C1CCC(CC2CC3CCCCC3CC3CCC4CCCCC4C32)CC1
C1CCC(CC2CCC3CC4CCCCC4CC23)CC1
C1CCC(CCC(CCC2CCC3CCCCC3C2)CC2CCCCC2)CC1
C1CCC(CCC2CCC(CCC3CCCC(CC4CCCC4)C3)CC2)CC1
C1CCC(C2CC3CCCCC3C3CCCCC23)CC1
C1CCC(CCCCCC2CC3CCCCC3C2)CC1
C(CCC1CCCCC2CCCCC12)CC1CCC2CCCCC2C1
C(CCC1CCCC2CCCCC12)CC1CC2CCCCC2C1
C1CCC(C2CC3C(CCC4CC4)CCC3C3CCC4CCCCCC4C23)CC1
C(CCC1CC2CCCCC2C1)CCC1CCCC2CCCC12
C1CCC(CCCCC2CCC3C2CCC2C4CCCCCC4CCC32)CC1
C1CCC(CCCCC2CCC3CCCCC23)CC1
C(CCC1CCC2CCCCC2C1)CCC1CCCCC2CCCCC12
C(CCC1CCCC2CCCC12)CC1CC2CCCCC2C1
C1CCC2CCC3C4CCCCC4CCC3C2CC1
C1CCC(CC2CCC3CC4C(CCC45CCCC5)CC23)CC1
C1CCC(CCCCCC2CC3CCCCC3C2)CC1
C1CCC2C(C1)CCC1C3CCCCC3CCC21
C1CCC2CC(CC3CCCC4CCCC43)CCC2C1
C1CCC(CC(CC2CCCCC2)C2CCCCC2)CC1
C1CCC2CC(CCCC3CCC4C3CCC3C5CCCCC5CCC43)CCC2C1
C1CCC(C2CCC3CCCC3C3CCC4CCCCC4C23)CC1
C1CCC(CCC2CCC3C(CCC4C5CCCC5CC(CCC5CCCCC5)C34)C2)CC1
C(CCCC1CCC2CCCC2C1)CCCC1CCC(C2CCCCC2)C1
C1CCC(CCCCCC2CC3CCCCC3C2)CC1
C1CCC(C2CCC3(CCCC4CC5C(CCC5C5CCCCC5)CC43)C2)CC1
C1CCC(CCC2CCC3C(CCC4CCCCC43)C2)CC1
C1CCC(C2CC3CCCC3C3CCCC4CCCCC4C23)CC1
C1CCC2CCCC(CC3CC4CCCCC4C4CCC5CCCCC5C34)C2CC1
C1CCC(CCC2CCC3C(CCC3C3CCCCC3)C2)CC1
C1CCC(CCCCCC2CCCC3C(CC4CCCCC4)CCC23)CC1
C1CCC(CCCCCC2CC3CCCCC3C2)CC1
C(CCCC1CCCCC1)CCCC1CCC(C2CCCCC2)C1
C1CCC(CC2CC3CCCCC3CC3CCC4CCCCC4C32)CC1
C1CCC2C(C1)CCC1CCCCC12
C1CCC(CCC2CCC(C3CCC4C(CCC4C4CCCCC4)C3)CC2)CC1
C1CCC2C(C1)CCC1C3CCCC3CCC21
C1CCC(CCC2CCC3C(CCC4CC(C5CCCCC5)CCC43)C2)CC1
C1CCC(CCCCC2CC3CCCCC3C2)CC1
C(CCCC1CCC2CCCC2C1)CCC1CCCCC1
C1CCC(C2CCC3CCC4(CCCCCC4)C3C2)CC1
C1CCC(C2CC3CCCC3C3CCC4CCCCCC4C23)CC1
C1CCC(C2CCC3CC4C(CCC45CCCC5)CC32)CC1
C1CCC(CCCCC2CC3CCCCC3C2)CC1
C(CCC1CC2CCCCC2C1)CCC1CCCC2CCCC12
C1CCC(CCC(CC2CC3CCCCC3C2)C2CCCC2)CC1
C(CCC1CCC2C1CCC1C3CCCCC3CCC21)CC1CC2CCCCC2C1
C(CCCCC1CCC(C2CCCCC2)C1)CCCC1CCC2CCCC2C1
C1CCC2C(C1)CCC1C3CCCC3CCCC21
C1CCC(CCCCCC2CC3CCCCC3C2)CC1
C1CCC(CCCC(CCC2CCC3CCCC3C2)CC2CCCCC2)CC1
C1CCC(CC2CCC(C3CC4CCCC4C4CCC5CCCCC5C34)CC2)CC1
C1CCC2CCC3C4CCCC4CCC3C2CC1
C1CCC(C2CCC3CC4C(CCCC4CC4CC5CCCCC5C4)CCC32)CC1
C1CCC2CC(CC3CCCC4CCCC43)CCC2C1
C1CCC(C2CC3CCCCC3C3CCCCC3C2)C1
C1CCC(CC2CCC3C(CCC4CCCCC43)C2)CC1
C1CCC(CCCCC2CC3CCCCC3C2)CC1
C1CCC(C2CCC3CC4C(CCC32)CCC42CCCCC2)CC1
C1CCC(C2CCC3CC4C(CCC32)CCC2C3CCC(CCCC5CCC6CCCCC6C5)C3CCC42)CC1
C1CCC(CCCCC2CC3CCCCC3C2)CC1
C1CCC(CCCCCC2CC3CCCCC3C2)CC1
C1CCC(CCCC2CCC3CCC(C4CCCC5CCCC54)CC3C2)CC1
C1CCC2C(C1)CCC1C3CCCC3CCCC21
C1CCC(CCCC2CCCC3CCC(C4CCCC5CCCC54)CC23)CC1
C1CCC(CC2CCC3C(CCC3C3CCCCC3)C2)CC1
C1CCC2CC(CCCC3CCC4C3CCC3C5CCCCC5CCC43)CC2C1
C1CCC2CCC3C4CCC(CCCC5CC6CCCCC6C5)C4CCC3C2CC1
C1CCC(C2CC3CCCC3C3CCC4CCCCC4C23)CC1
C1CCC(C2CCC(CCCC3CCC4C3CCC3C5CCCCC5CCC43)C2)CC1
C1CCC(CC2CC3CCCCC3C3CCC4CCCCCC4C23)CC1
C1CCC(CCCCC2CCC3CCCCC23)CC1
C(CCC1CC2CCCCC2C1)CCC1CCCC2CCCC12
C1CCC(CCCCC2CC3CCCCC3C2)CC1
C1CCC(CC2CCC3CC4C(CCC5C6CCC(CCCC7CC8CCCCC8C7)C6CCC45)CC23)CC1
C(CCCCCCC1CCC2C1CCC1C3CCCCC3CCC21)CCCCCC1CCC(CCC2CCC(CCC3CCCC3)C2)C1
C1CCC(C2CC3CCCCC3C3CCCCC23)CC1
C1CCC2C(C1)CCCC1CCCCC12
C1CCC2CCC3C4CCC(CCC5CCCC5)C4CCC3C2CC1
C1CCC(CCC(CC2CC3CCCCC3C2)C2CCC2)CC1
C1CCC2CCC3C4CCCC4CCC3C2CC1
C(CCCC1CCCC2C(C3CCCCC3)CCC12)CCC1CCCCC1
C1CCC2CCC3C4CCCC4CCC3C2CC1
C(CCC1CCC2C(CCC3C4CCCC4CCC23)C1)CC1CCC(C2CCC(C3CC4CCCC4C4CCC5CCCCC5C34)CC2)CC1
C1CCC(CCCCCC2CCCC3C(C4CCCCC4)CCC23)CC1
C1CCC(CCC2CCC3C(CCC3C3CCCCC3)C2)CC1
C1CCC(CCC2CCC3C2CCCC2C4CCCCC4CCC23)C1
C1CCC(CCCCCC2CC3CCCCC3C2)CC1
C1CCC2C(C1)CC(C1CCCC3CCCC31)C1CCCCC21
C1CCC2C(C1)CCC1C3CCCC3CCC21
C1CCC(CCCCC2CC3CCCCC3C2)CC1
C1CCC(CCCCCC2CCC3CCCCC23)CC1
C1CCC(CCCCCC2CCCC3C(CC4CCCCC4)CCC23)CC1
C1CCC(CCCC2CCC3C(CCC3C3CCCC(CCC4CCCC4)C3)C2)CC1
C1CCC(C2CCC3CCCC3C3CCC4CCCCCC4C23)CC1
C1CCC2CC(C3CCCC4CCCC43)CCC2C1
C1CCC(C2CCC3CC4C(CCC45CCCCC5)CC32)CC1
C1CCC2CCC3C4CCC(CCCC5CC6CCCCC6C5)C4CCC3C2CC1
C1CCC2C(C1)CCCC1C3CCCC3CCC21
C1CCC(CCCCC2CC3CCCCC3C2)CC1
C1CCC(CCCCC2CC3CCCCC3C2)CC1
C1CCC2CCC3C(CCC4C5CCCC5CC43)C2CC1
C1CCC(CCCC2CCC3CCC(C4CCCC5CCCC54)CC3C2)CC1
C1CCC(CCC2CCC3C(CCC3C3CCCCC3)C2)CC1
C1CCC(C2CC3CCCC3C3CCC4CCCCC4C23)CC1
C1CCC(CCCCC2CC3CCCCC3C2)CC1
C(CCC1CC2CCCCC2C1)CCC1CCCC2CCCC12
C1CCC(CCCCCC2CCCC3C(C4CCCCC4)CCC23)CC1
C1CCC2CC(CCCC3CCC4C3CCC3C5CCCCC5CCC43)CC2C1
C1CCC(CCC(CCC2CCCCC2)CCC2CCC3CCCC3C2)CC1
C1CCC(C2CC3CCCC3CC3CCC4CCCCC4C32)CC1
C1CCC(CCC2CCC3C(CCC4C5CCCC5CCC34)C2)CC1
C1CCC(CC2CCC3CC4C(CCC5C6CCC(CCCC7CCC8CCCCC8C7)C6CCC45)CC23)CC1
C1CCC2CCC3C4CCC(CCCC5CC6CCCCC6C5)C4CCC3C2CC1
C1CCC(CCCCCC2CCC3CCCCC23)CC1
C1CCC(C2CCCC3C(CCC4CCCCC43)C2)CC1
C1CCC2C(C1)CCCC1CCCCC12
C(CCCC1CCCCC1)CCCC1CCC(C2CCCCC2)C1
C(CCCC1(C2CCCC2)CCCC2CCCCC21)CCC1CCC(C2CCCCC2)C1
C(CCCC1CCCCC1)CCCC1CCC(C2CCCCC2)C1
C1CCC2CC3CCC(C4CCCCC4)C3CC2CC1
C1CCC(C2CCC3CC4C(CCCC45CCCCC5)CC32)CC1
C1CCC2CC(CCCC3CCC4C3CCC3C5CCCCC5CCC43)CCC2C1
C1CCC(CCC2CCCCC2)CC1
C1CCC(CCCCC2CCC3CC4CCC5CCCCC5C4CCC23)CC1
C(CCC1CCC2CCCCC2C1)CC1CCCC2CCCCC2C1
C1CCC(CCCC2CCC3C(CCC4C5CCCC5CC(CCC5CCCCC5)C34)C2)CC1
C1CCC(CCC2CCC(CCC3CCCCC(CC4CCCC4)C3)CC2)CC1
C1CCC(CCCCCC2CCC3CCCCC23)CC1
C1CCC(C2CCC(C3CCC4CCCC4C4CCC5CCCCC5C34)CC2)C1
C1CCC2CC(C3CCCC4CCCC43)CCC2C1
C1CCC(C2CCC3CC4C(CCC45CCCC5)CC32)CC1
C(CCC1CCCC2CCCCC12)CC1CC2CCCCC2C1
C1CCC(CCC2(CCCC3CC4CCCCC4C3)CCC3C4CCC5CCCCC5C4CCC32)C1
C1CCC(CCCCCC2CCCC3C(CC4CCCCC4)CCC23)CC1
C1CCC(CCCCC2CCCC3CCC(C4CCCCC4)CC3C2)CC1
C(CCCC1CCCCC1)CCCC1CCC(C2CCCCC2)C1
C(CCCCC1CCC(C2CCCCC2)C1)CCCC1CCCCC1
C1CCC(C2CCC(C3CC4CCCC4C4CCC5CCCCC5C34)CC2)C1
C(CCCC1(C2CCCC2)CCCC2CCCCC21)CCC1CCC(C2CCCCC2)C1
C1CCC(CCCCCC2CCC3CCCCC23)CC1
C1CCC(C2CCC3CC4C(CCC5C6CCCC(CCCC7CC8CCCCC8C7)C6CCC45)CC32)CC1
C(CCC1CCCC2CCCCC12)CCC1CCCC2CCCCC12
C1CCC(CCC2CCC3C(CCC3C3CCCCC3)C2)CC1
C1CCC(CCCCC2CCCC3CCC(C4CCCCC4)CC23)CC1
C1CCC2C(C1)CCC1C3CCCC3CCC21
C1CCC(CCCCC2CC3CCCCC3C2)CC1
C1CCC(C2CCC(CCCCCC3CCCC4CCCCC34)C2)CC1
C1CCC(CCC2CCC3C(CCC3C3CCCC(CCC4CCCCC4)C3)C2)CC1
C(CCC1CCC2CCCCC2C1)CCC1CCCC2CCCCC12
C1CCC(CCCCCC2CCC3CCC(C4CCCC5CCCC54)CC3C2)CC1
C1CCC2CCC3C4CCCC4CC(C4CCC(C5CCCC5)CC4)C3C2CC1
C1CCC(CCC2CCC3C(CCC4C5CCCC5CCCC34)C2)CC1
C1CCC(CCCCCC2CC3CCCCC3C2)CC1
C1CCC(CCC2CCC(CCCC3CCCC(CC4CCCC4)C3)CC2)CC1
C1CCC(C2CCC3C(CCCC4CCCCC43)C2)CC1
C1CCC2CCC3C4CCC(CCCC5CC6CCCCC6C5)C4CCC3C2CC1
C1CCC2CC(C3CCCC4CCCC43)CCC2C1
C1CCC(C2CC3CCCC3C3CCC4CCCCC4C23)CC1
C1CCC(CCCCCC2CCCC3C(C4CCCCC4)CCC23)CC1
C1CCC(CCC2CCC3C(CCC4C5CCCCC5CC(CCC5CCCCC5)C34)C2)CC1
C1CCC(CCC2CCC(CCC3CCCC(CC4CCCC4)C3)CC2)CC1
C1CCC(CC2CCC(CC(CC3CCCCC3)C3CCCCC3)CC2)CC1
C1CCC(C2CC3CCCCC3CC3CCCCC32)CC1
C1CCC(C2CCC3CC4C(CCC5C6CCCC6CCC45)CC32)CC1
C1CCC(CCCC2CCC3C2CCC2C4CC5CCC(C6CCCCC6)C5CCC4CCC32)CC1
C1CCC(CCC2CCC(CCCC3CCCC(CC4CCCC4)C3)CC2)CC1
C1CCCC(C2CCC3CC4C(CCC5C6CCC(CCCC7CC8CCCCC8C7)C6CCC45)CC32)CC1
C1CCC(CCCCCC2CC3CCCCC3C2)CC1
C1CCC(CC2CCC3C(CCC3C3CCCCC3)C2)CC1
C1CCC(C2CCC3CCCC3C3CCC4CCCCC4CC23)CC1
C1CCC2CCC(C3CCCC4CCCC43)CC2CC1
C1CCC2CCC3CCCCC3C2CC1
C1CCC(CC2CCC3CC4C(CCC5C6CCC(CCCC7CCC8CCCCC8C7)C6CCC45)CC23)CC1
C1CCC(CC2CCC3CCCCC3C2)C1
C1CCC2C(C1)CCC1C3CCCCC3CCC21
C1CCC(CCCCC2CCC3CCCCC23)CC1
C1CCC(CCC2CCC(C3CC3)CC2)CC1
C1CCC2CCC3C4CCC(CCCC5CCC6CCCCC6C5)C4CCC3C2CC1
C1CCC(CCCCC2CCC3CCCCC23)CC1
C1CCC(CCCCCC2CCCC3C(C4CCCCC4)CCC23)CC1
C1CCC(CC2CCC3C(CCC3C3CCCCC3)C2)CC1
C1CCC2C(C1)CCC1C3CCCC3CCC21
C1CCC2CCC(C3CCCC3)CC2CC1
C1CCC(C2CCC3CC4C(CCCC45CCCC5)CC32)CC1
C1CCC2CC(CCCC3CCC4C3CCC3C5CCCCC5CCCC43)CC2C1
C(CCC1CCCC2CCCCC12)CC1CC2CCCCC2C1
C1CCC(CC2CCC3CC4(CCCCCC4C4CCCCC4)CCC23)CC1
C1CCC2C(C1)CC(C1CCCC3CCCC31)C1CCCC21
C1CCC(CCC2CCC3C2CCC(C2CCCCC2)C2C4CCCCCC4CCC32)CC1
C1CCC(C2CC3CCCC3C3CCC4CCCCC4C23)CC1
C1CCC(C2CC3CCCC3C3CCC4CCCCCC4C23)CC1
C1CCC(CCCCCC2CCCC3C(CC4CCCCC4)CCC23)CC1
C1CCC(CC2CCC(C3CC4CCCC4C4CCC5CCCCC5C34)CC2)C1
C1CCC2CCC3C4CCCCC4CC(CC4CCCC4)C3C2CC1
C1CCC(CCCCC2CC3CCCCC3C2)CC1
C1CCC(CCCCCC2CC3CCCCC3C2)CC1
C1CCC2CC3CCCCC3CCC2C1
C1CCC2CC(CC3CCCC4CCCC43)CCC2C1
C1CCC(CCCCCC2CC3CCCCC3C2)CC1
C1CCC(C2CCCCC2CC2CC3CCCCC3C3CCC4CCCCCC4C23)CC1
C1CCC(C2CCC3C(CCC4CCCCC43)C2)C1
C1CCC(CCCCCC2CC3CCCCC3C2)CC1
C1CCC2C(C1)CCC1C3CCCC3CCC21
C1CCC(CCC2CCC3C(CCC3C3CCCCC3)C2)CC1
C1CCC(C2CCC3CC4C(CCC5C6CCC(CCCC7CC8CCCCC8C7)C6CCCC45)CC32)CC1
C1CCC2CCC(C3CCCC4CCCC43)CC2CC1
C1CCC(CCC2CCC(CCCC3CCCC(CC4CCCC4)C3)CC2)CC1
C1CCC(C2CCCCC2CC2CC3CCCCC3C3CCC4CCCCCC4C23)CC1
C(CCC1CCCC2CCCCC12)CCC1CCCC2CCCCC12
C1CCC2CCC(C3CCCC4CCCC43)CC2CC1
C1CCC2CC(C3CCCC4CCCC43)CCC2C1
C1CCC2CC(CCCC3CCC4C3CCCC3C5CCCCC5CCC34)CC2C1
C1CCC(C2CCC3C(CCCC4CCCCC43)C2)CC1
C1CCC(CCC(CC2CC3CCCCC3C2)C2CC2)CC1
C1CCC(C2CCC3CC4CCCCC4CC32)CC1
C1CCC(CC2CC3CCCCC3C3CCC4CCCCCC4C23)CC1
C1CCC(CCCCC2CCC3CCC(C4CCCC5CCCC54)CC3C2)CC1
C1CCC(CCC2CCC3C(CCC3C3CCCC(CCC4CCCC4)C3)C2)CC1
C1CCC(CCC2CCC3C(CCC3C3CCCC3)C2)CC1
C1CCC2CC(CC3CCCC4CCCC43)CCC2C1
C1CCC2CC(C3CCCC4CCCC43)CCC2C1
C(CCC1CCCC2CCCCC12)CC1CCCC2CCCCC12
C1CCC(CC2CCC3CCCCC3C3CCC4CCCCC4C23)CC1
C1CCC2CC(C3CCCC4CCCC43)CCC2C1
C(CCCCC1CCC(C2CCCCC2)C1)CCCC1CCCCC1
C1CCC(CCC2(CCCC3CC4CCCCC4C3)CCC3C4CCC5CCCCC5C4CCC32)C1
C1CCC(C2CCC3CC4(CCCCCC4C4CCCCC4)CCC32)CC1
C(CCC1CC2CCCCC2C1)CCC1CCCC2CCCC12
C1CCC2CCC3C4CCC(CCCC5CC6CCCCC6C5)C4CCC3C2CC1
C1CCC(CC2CCCC(CC3CC4CCCCC4C4CCC5CCCCCC5C34)C2)CC1
C1CCC2C(C1)CC(C1CCCC1)C1CCCCC21
C1CCC(CCCCC2CC3CCCCC3C2)CC1
C1CCC(C2CCC3CCC4C(CCCC45CCCC5)CC32)CC1
C1CCC(C2CC3CCCC3C3CCC4CCCCC4C23)CC1
C1CCC(C2CCC3CC4CCCCC4CCC32)CC1
C1CCC(C2CCC3CCC4C(CCC45CCCC5)CC32)CC1
C1CCC2C(C1)CCC1C3CCCC3CCC21
C1CCC(CCCCCC2CCC3CCCCC23)CC1
C1CCC(CCCCC2(CCC3CCCC3)CCC3C4CCC5CCCCC5C4CCC32)C1
C(CCC1CCCC2CCCC12)CC1CC2CCCCC2C1
C1CCC(CCCCCC2CCCC3C(CC4CCCCC4)CCC23)CC1
C1CCC2C(C1)CC(C1CCCC3CCCC31)C1CCCC21
C1CCC(CCC2CCC(C3CCC4C(CCC4C4CCCCC4)C3)CC2)CC1
C(CCCC1CCCC2C(C3CCCCC3)CCC12)CCC1CCCCC1
C1CCC(CCCC2CCC3C2CCC2C4CC5CCC(C6CCCCC6)C5CC4CCC32)CC1
C1CCC(CCCCCC2CCC3CCCCC23)CC1
C1CCC(CCCCCC2CCC3CCCCC3C2)CC1
C1CCC(CCCCCC2CCC3CCCC3C2)CC1
C(CCC1CCC2C1CCC1C3CCCCC3CCC21)CC1CC2CCCCC2C1
C1CCC(C2CCC3(CCC4CC5C(CCC5C5CCCCC5)CC43)C2)CC1
C1CCC(CCCC(CC2CC3CCCCC3C2)C2CCCC2)CC1
C1CCC(CCCCC2CC3CCCCC3C2)CC1
C1CCC(CCCC(CC2CC3CCCCC3C2)C2CCCC2)CC1
C1CCC(CCC2CCC3C(CCC3C3CCCCC3)C2)CC1
C(CCCC1CCCC2C(C3CCCCC3)CCC12)CCC1CCCCC1
C1CCC2CCC3C4CCCCC4CC(CC4CCCC4)C3C2CC1
C1CCC(CC2CC3CCCCC3C2C2CCCCC2)CC1
C1CCC(CC2CC3CCCCC3C3CCC4CCCCCC4C23)CC1
C1CCC(CC2CC3CCCCC3CC3CCC4CCCCC4C32)C1
C1CCC(CCCCC2C3CCCCCC3CCC2C2CCCC3CCCC32)CC1
C1CCC2CC(CC3CCCC4CCCC43)CCC2C1
C1CCC(C2CC3CCCCC3C3CCC4CCCCC4C23)CC1
C1CCC(CCC(CC2CC2)CC2CC3CCCCC3C2)CC1
C1CCC2CC(CCCC3CCC4C3CCC3C5CCCCC5CCC43)CC2C1
C1CCC(CCC2CCCCC2)CC1
C(CCC1CCCCC2CCCCC12)CC1CCC2CCCCC2C1
C1CCC(CCCCCC2CC3CCCCC3C2)CC1
C1CCC2CC(C3CCCC4CCCC43)CCC2C1
C1CCC(CCCCCC2CCCC3C(C4CCCCC4)CCC23)CC1
C1CCC(CCCCCC2CCCC3C(C4CCCCC4)CCC23)CC1
C1CCC2CC(C3CCCC4CCCC43)CCC2C1
C1CCC(C2CCC3C(CCC4CCCCC43)C2)CC1
C1CCC2CCC3C4CCCCC4CC(CC4CCCC(C5CCCC5)C4)C3C2CC1
C1CCC(C2CC3CCCC3C3CCC4CCCCC4C23)CC1
C1CCC(CCCCC2CCC3CCCC3C2)CC1
C1CCC(C2CCC3CCCC3C3CCC4CCCCC4C23)CC1
C1CCC(C2CC3CCCC3C3CCC4CCCCC4CC23)CC1
C1CCC(CC2CC3CCCCC3C3CCC4CCCCCC4C23)CC1
C(CCC1CCCC2CCCC12)CC1CCCC2CCCCC12
C1CCC(C2CCC3CC4C(CCC45CCCCCC5)CC32)CC1
C1CCC(CCCCC2CC3CCCCC3C2)CC1
C1CCC(CCC2(CCCC3CC4CCCCC4C3)CCC3C4CCC5CCCCC5C4CCC32)C1
C1CCC(CCCCCC2CCCC3C(C4CCCCC4)CCC23)CC1
C1CCC(CCCC2CCC3C(CCC4C5CCCC5CCC34)C2)CC1
C1CCC(C2CCC3CCC4C(CCC5C6CCC(CCCC7CC8CCCCC8C7)C6CCC45)CC32)CC1
C(CCCC1(C2CCCCC2)CCC1)CCC1CCC(C2CCCCC2)C1
C1CCC(CCCC2CCC(C3CCC4C(CC5CCCCC5)CCC4C3)CC2)CC1
C1CCC(C2CCC3CC4C(CCC32)CCC2C3CCC(CCCC5CCC6CCCCC6C5)C3CCC42)CC1
C1CCC(CCCCC2CCC(C3CCC4C(CCC4C4CCCCC4)C3)CC2)CC1
C1CCC(CCCCCC2CCCC3C2CCC3C2CCCC(CC3CCCC3)C2)CC1
C1CCC2CCC3C4CCCCC4CC(CC4CCCC4)C3C2CC1
C1CCC(C2CC3CCCC3C3CCC4CCCCCC4C23)CC1
C(CCC1CCC2CCCCC2C1)CCC1CCCC2CCCC12
C(CCCC1CCCCC1)CCCC1CCC(C2CCCCC2)C1
C1CCC(CCC2CCC3C(CCC4C5CCCC5CC(CCC5CCCCC5)CC34)C2)CC1
C(CCC1CCC2C1CCC1C3CCCCC3CCC21)CC1CCC2CCCCC2C1
C1CCC(CCCC2CCC3C2CCC2C4CCCCC4CCC32)C1
C1CCC2CC(C3CCCC4CCCC43)CCC2C1
C1CCC(CCCC2CCCC3CC4C(CCC4C4CCCCC4)CC23)CC1
C1CCC(CCCC2CCC(C3CCC4C(CCC4C4CCCCC4)C3)CC2)CC1
C1CCC(CC2CCC3C(CCC3C3CCCCC3)C2)CC1
C1CCC(CCC2(CCCC3CCC4CCCCC4C3)CCC3C4CCC5CCCCC5C4CCC32)C1
C1CCC(CCCC2CCC3C(CCC4CCCCC43)C2)CC1
C1CCC(CC2CC3CCCCC3C3CCC4CCCCC4C23)CC1
C1CCC(C2CC3CCCC3C3CCC4CCCCC4C23)CC1
C1CCC(CCCCC2CC3CCCCC3C2)CC1
C1CCC(CC2CCC3CC4C(CC5CC6CCCCC6C5)CCCC4CC23)CC1
C1CCC2CCC(C3CCCC4CCCC43)CC2CC1
C1CCC(CCCCC2CC3CCCCC3C2)CC1
C1CCC(CCC2CCC3C(CCC3C3CCCCC3)C2)CC1
C1CCC(CCC2CCC3C(CCC3C3CCCCC3)C2)CC1
C1CCC(CC2CC3CCCCC3C3CCC4CCCCCC4C23)CC1
C1CCC2C(C1)CCC1C2CCCC2C3CCCC3CC21
C1CCC(CCCCC2CC3CCCCC3C2)CC1
C(CCCCC1CCC2C(CCC3C4CCCC4CCC23)C1)CCCC1CCCC(CC(CC2CCC(CC3CCCCC3)CC2)C2CCCCC2)C1
C(CCC1CCCC1)CCC1CCCC2CCCCC12
C1CCC(C2CC3CCCC3C3CCCC4CCCCC4C23)CC1
C1CCC(CCCCCC2CCC3CCCCC23)CC1
C(CCC1CCC(C2CCCC2)C1)CCC1CCCC2CCCCC12
C1CCC2CCC(C3CCCC4CCCC43)CC2CC1
C1CCC(C2CC3CCCC3C3CCC4CCCCC4C23)CC1
C1CCC(CCCCC2CC3CCCCC3C2)CC1
C1CCC(C2CC3CCCC3C3CCC4CCCCC4C23)CC1
C1CCC(CCC2CCC3C(CCC3C3CCCCC3)C2)CC1
C(CCC1CCCC2CCCC12)CC1CC2CCCCC2C1
C1CCC(C2CCC(C3CC4CCCC4C4CCC5CCCCC5C34)CC2)C1
C(CCCCC1CCC(C2CCCCC2)C1)CCCC1CCCCC1
C(CCC1CCCC2CCCC12)CC1CC2CCCCC2C1
C1CCC(CCCCCC2CCC3CCCCC23)CC1
C1CCC(CCCCC2C3CCCCCC3CCC2C2CCCC3CCCC32)CC1
C1CCC(C2CC3CCCC3C3CCCC4CCCCC4C23)CC1
C1CCC(CCCC2CCC3CCC(C4CCCC5CCCC54)CC3C2)CC1
C1CCC(CCCCC2CC3CCCCC3C2)CC1
C1CCC(CCC2CCC3C(CCC3C3CCCCC3)C2)CC1
C1CCC(C2CC3CCCC3C3CCC4CCCCCC4C23)CC1
C1CCC(CCCCC2CC3CCCCC3C2)CC1
C1CCC(CC2CC3CCCCC3C3CCC4CCCCC4C23)CC1
C1CCC2CCC3C4CCCC4CCC3C2CC1
C1CCC2CCC(C3CCCC4CCCC43)CC2CC1
C1CCC(CCCCCC2CCCC3C(C4CCCCC4)CCC23)CC1
C(CCCC1CCCC2C(C3CCCCC3)CCC12)CCC1CCCCC1
C1CCC(C2CCC3CC4C(CCC5C6CCC(CCCC7CCC8CCCCC8C7)C6CCC45)CC32)CC1
C1CCC(CCCCC2CC3CCCCC3C2)CC1
C1CCC(CC2CCC(CC(CC3CCCCC3)CC3CCCCC3)CC2)CC1
C1CCC(C2CCC(CCCC3CCC4C3CCC3C5CCCCCC5CCC43)C2)CC1
C1CCC2C(C1)CC(C1CCCC3CCCC31)C1CCCC21
C1CCC(CCCCCC2CCCC3C(C4CCCCC4)CCC23)CC1
C1CCC2CCC(C3CCCC4CCCC43)CC2CC1
C1CCC(CCCCC2CC3CCCCC3C2)CC1
C1CCC2CC(C3CCCC4CCCC43)CCC2C1
C1CCC(CCC2CCC3C2CCC2C4CCCCC4CCC32)C1
C(CCCC1CCCCC1)CCCC1CCC(C2CCCCC2)C1
C1CCC(C2CC3CCCC3C3CCCC4CCCCC4C23)CC1
C(CCCC1CCCCC1)CCC1CCCCC1
C(CCCC1CCCC2C(C3CCCCC3)CCC12)CCC1CCCCC1
C1CCC2CCC(C3CCCC4CCCC43)CC2CC1
C1CCC(CCC2CCC3C(CCC3C3CCCCC3)C2)CC1
C1CCC2CCC(C3CCCC4CCCC43)CC2CC1
C1CCC(C2CC3CCCC3C3CCC4CCCCC4C23)CC1
C1CCC(CCCC2CCCC3CCC(C4CCCC5CCCC54)CC3C2)CC1
C1CCC(C2CCC3CC4C(CCC5C6CCC(CCCC7CCCC8CCCCC87)C6CCCC45)CC32)CC1
C1CCC(C2CCC3CC4C(CCCC45CCCCC5)CC32)CC1
C1CCC(CCC2CCC3C(CCC4CCCCCC43)C2)CC1
C1CCC(CCCCCC2CCCC3C(C4CCCCC4)CCC23)CC1
C1CCC2C(C1)CCC1CCCCC12
C1CCC2C(C1)CCC1C3CCCCC3CCCC21
C1CCC(C2CCC3CCC4CCCCC4C3CC2)CC1
C1CCC(C2CCC3CC4C(CCCC45CCCCC5)CC32)CC1
C(CCC1CCCC2CCCC12)CC1CC2CCCCC2C1
C1CCC(C2CCC3CCCC3C3CCC4CCCCC4C23)CC1
C1CCC2C(C1)CCCC1CCCCC12
C1CCC2CCC(C3CCCC4CCCC43)CC2CC1
C(CCC1CCCC2CCCC12)CC1CC2CCCCC2C1
C1CCC(CCCCCC2CC3CCCCC3C2)CC1
C1CCC(CC2CCC(C3CC4CCCC4C4CCC5CCCCC5C34)CC2)C1
C1CCC(C2CCC3CC4C(CCCC45CCCC5)CCC32)CC1
C1CCC(CCC2CCC3C(CCC3C3CCCCC3)C2)CC1
C1CCC(CC2CC3CCCCC3C3CCC4CCCCCC4C23)CC1
C1CCC(C2CCC3CC4C(CCCC45CCCCC5)CC32)CC1
C1CCC(CCCCCC2CCCC3C(C4CCCCC4)CCC23)CC1
C1CCC2C(C1)CCC1C3CCCCC3CCC21
C1CCC(C2CCC3CC4C(CCC5C6CCC(CCCC7CC8CCCCC8C7)C6CCC45)CC32)CC1
C1CCC(CC2CC3CCCCC3C3CCC4CCCCC4C23)C1
C1CCC2C(C1)CCC1CCCCC12
C1CCC(CCC2CCC3C(CCC4C5CCCC5CCC34)C2)CC1
C1CCC(CCCC2CCC3CCC(C4CCCC5CCCC54)CC3C2)CC1
C1CCC(C2CCC3CC4C(CCC5C6CCCC(CCCC7CCC8CCCCC8C7)C6CCC45)CC32)CC1
C1CCC2C(C1)CCCC1C3CCCC3CCC21
C(CCCC1CCCC2C(C3CCCCC3)CCC12)CCC1CCCCC1
C1CCC(CCCCC2CC3CCCCC3C2)CC1
C1CCC(C2CCC3CC4CCCCC4CC32)CC1
C1CCC(CCC2CCC3C(CCC3C3CCCC3)C2)CC1
C1CCC(CCC2CCC3C(CC4CCCCC4)CCC3C2)CC1
C1CCC(CCCCC2CC3CCCCC3C2)CC1
C1CCC(C2CCC3CC4C(CCCC45CCCC5)CC32)CC1
C1CCC(C2CC3CCCC3C3CCC4CCCCC4C23)CC1
C(CCCC1CCCCC1)CCCC1CCC(C2CCCCC2)C1
C(CCC1CCCC2CCCCC12)CC1CCC2CCCCC2C1
C(CCC1CCC2CCCCC2C1)CCC1CCCC2CCCCC12
C1CCC(C2CCC3CC4C(CCC45CCCCCC5)CC32)CC1
C1CCC2C(C1)CC(C1CCCC1)C1CCCC21
C1CCC(CCCC2CCCC3CCC(C4CCCC5CCCC54)CC3C2)CC1
C1CCC(CCC2CCCCC2)CC1
C1CCC2CC(CC3CCCC4CCCC43)CCC2C1
C1CCC(CCCCC2CCC3CCCCC23)CC1
C1CCC2CC(C3CCCC4CCCC43)CCC2C1
C(CCC1CCC2CCCCC2C1)CCC1(C2CCCC2)CCCC2CCCCC21
C(CCC1CCC2CCCCC2C1)CCC1(C2CCCC2)CCCC2CCCCC21
C1CCC(CC2CC3CCCCC3C3CCC4CCCCC4C23)CC1
C1CCC(CCCCC2CC3CCCCC3C2)CC1
C1CCC2CCC(C3CCCC4CCCC43)CC2CC1
C1CCC(CCC2CCC(CCC3CCCC(CC4CCCC4)C3)CC2)CC1
C1CCC(C2CC3CCCCC3C3CCCCC23)CC1
C1CCC(CCC(CCC2CCC3CCCC3C2)CC2CCCCC2)CC1
C1CCC2CC(C3CCCC4CCCC43)CCC2C1
C1CCC(CCCC2CCC3C(CCC3C3CCCCC3)C2)CC1
C(CCC1CCCC2CCCCC12)CC1CCC2CCCCC2C1
C1CCC(C2CCC3CC4C(CCC45CCCCCC5)CC32)CC1
C1CCC(CCCCCC2CC3CCCCC3C2)CC1
C1CCC(C2CC3CCCCC3C3CCC4CCCCC4C23)CC1
C1CCC(CC2CCC3C(CCC3C3CCCCC3)C2)CC1
C1CCC(CCCCC2CCC3CCC(C4CCCC5CCCC54)CC3C2)CC1
C1CCC(CCCCCC2CC3CCCCC3C2)CC1
C1CCC2C(C1)CCC1C3CCCCC3CCC21
C1CCC2C(C1)CCC1C3CCCC3CCC21
C1CCC(C2CCC3CC(C4CCC(CCC5CCCC5)CC4)CCC32)CC1
C1CCC(CCCCC2CCCC3CCCC23)CC1
C1CCC(C2CCC3CCCC3C3CCC4CCCCC4C23)CC1
C1CCC(CCCC2CC3CCCCC3C2C2CCCCC2)CC1
C1CCC(CCCCC2CCC3C2CCC2C4CCCCC4CCCC32)CC1
C1CCC(CCCCCC2CC3CCCCC3C2)CC1
C1CCC(CCC2CCC3C(CCC3C3CCCCC3)C2)CC1
C1CCC(CCCCCC2CCCC3C(C4CCCCC4)CCC23)CC1
C1CCC(C2CCC3CC4C(CCC5C6CCC(CCCC7CC8CCCCC8C7)C6CCC45)CC32)CC1
C(CCC1CCCC2CCCC12)CC1CC2CCCCC2C1
C1CCC(C2CCC3CC4C(CCC32)CCC42CCCC2)CC1
C1CCC(C2CCC3CC4C(CCC32)CCC2C3CCC(CCCC5CC6CCCCC6C5)C3CCC42)CC1
C1CCC(CCCCCC2CCCC3C(C4CCCCC4)CCC23)CC1
C1CCC2CC(C3CCCC4CCCC43)CCC2C1
C1CCC2C(C1)CCC1C3CCCCC3CCC21
C1CCC(C2CCC3CC4C(CCC5C6CCC(CCCCC7CC8CCCCC8C7)C6CCC45)CC32)CC1
C(CCCC1CCCC2CCCCC12)CCC1CCC(C2CCCCC2)C1
C1CCC(CCCCC2CC3CCCCC3C2)CC1
C1CCC(CCCC2CCC3CCC(C4CCCC5CCCC54)CC3C2)CC1
C1CCC(C2CCC3CC4C(CCC5C6CCC(CCCC7CC8CCCCC8C7)C6CCCC45)CC32)CC1
C1CCC2C(C1)CCCC1C3CCCC3CCC21
C1CCC(CCC2CCC3C(CCC3C3CCCCC3)C2)CC1
C1CCC(CCCCC2CC3CCCCC3C2)CC1
C1CCC(CCC2CCC(CCCC3CCCC(CC4CCCC4)C3)CC2)CC1
C1CCC(CC2CC3CCCCC3C3CCC4CCCCC4C23)CC1
C1CCC2CCC3C4CCCC4CCC3C2CC1
C1CCC2C(C1)CCC1C3CCCC3CCC21
C(CCC1CCCC2CCCC12)CC1CC2CCCCC2C1
C1CCC(CCCCCC2CC3CCCCC3C2)CC1
C1CCC(CCC2CCC3C(CCC3C3CCCCC3)C2)CC1
C1CCC(C2CCC3CC4CCCCC4CC32)CC1
C1CCC(C2CCC3C(CCCCCC4CCC(C5CCCC5)C4)CCCC23)CC1
C1CCC2C(C1)CCC1C3CCCC3CCC21
C1CCC(CCCC2CCCC(C3CCC4CC(CCC5CCC6CCCCC6C5)CCC43)C2)CC1
C1CCC(C2CCC3CCC4CCCCC4CC32)CC1
C(CCCCC1CCC(C2CCCCC2)C1)CCCC1CCCCC1
C1CCC(CCC2CCCC3CC4C(CCC4C4CCCCC4)CC23)CC1
C1CCC(CC2CCC(C3CC4CCCC4C4CCC5CCCCC5C34)CC2)C1
C1CCC(C2CCCC3(CCC4CC5C(CCC5C5CCCCC5)CC43)C2)CC1
C1CCC2CC(C3CCCC3)C3CCCC3C2CC1
C1CCC(C2CCC3C(CCC4CCCCC43)C2)CC1
C1CCC2C(C1)CCC1CCCCC12
C1CCC(CCCC2CCC(C3CC3)CC2)CC1
C1CCC(C2CCC3CCCC3C3CCC4CCCCC4C23)CC1
C1CCC(CCC2CCC3C(CCC4C5CCCC5CC(CCC5CCCCC5)C34)C2)CC1
C1CCC2CC(CC3CCCC4CCCC43)CCC2C1
C1CCC(C2CCC3CC4C(CCCC45CCCCC5)CC32)CC1
C1CCC2CCC3C4CCCC4CCC3C2CC1
C1CCC(CCCC2CCC3C(CCC4C5CCCC5CCC34)C2)CC1
C1CCC(CCCC2CCC3CCC(CC4CCCC5CCCC54)CC3C2)CC1
C1CCC2CC(CCCC3CCC4C5CCC6CCCCC6C(CCC34)C5)CC2C1
C(CCC1CCCC2CCCCC12)CC1CC2CCCCC2C1
C1CCC(CCCCC2CCC3C2CCC2C4CCCCC4CCC32)C1
C1CCC(CCCC(CCC2CCC3CCCC3C2)CC2CCCCC2)CC1
C1CCC(C2CC3CCCC3C3CCC4CCCCCC4C23)CC1
C1CCC2CCC(C3CCCC4CCCC43)CC2CC1
C1CCC(C2CCCCC2CC2CC3CCCCC3C3CCC4CCCCCC4C23)CC1
C1CCC2CCC(C3CCCC4CCCC43)CC2CC1
C(CC1CCC2CCCC2C1)CC1CCC2CCC(C3CCCC4CCCC43)CC2C1
C1CCC2C(C1)CCC1C2CCC2C3CCCC3CC21
C1CCC(CCCC(CC2CC3CCCCC3C2)C2CCCC2)CC1
C1CCC(CCCCC2CCC3CCCCC23)CC1
C1CCC(CCC2CCC3C(CCC3C3CCCCC3)C2)CC1
C1CCC2CCC(C3CCCC4CCCC43)CC2CC1
C1CCC(C2CCC3(CCC4CC5C(CCC5C5CCCCC5)CC43)C2)CC1
C1CCC(CCCCC2CC3CCCCC3C2)CC1
C1CCC(C2CCC3CC4(CCCCCC4C4CCCCC4)CCCC32)CC1
C1CCC2CC(CC3CCCC4CCCC43)CCC2C1
C1CCC(CCCC2CCC3CCCC3C2)CC1
C1CCC(CCC2CCCCC3CC4C(CCC4C4CCCCC4)CC23)CC1
C1CCC(C2CCC3CC4C(CCC45CCCC5)CC32)CC1
C1CCC2CC(CCCC3CCC4C3CCC3C5CCCCC5CCC43)CC2C1
C(CCC1CCC2C1CCC1C3CCCCC3CCC21)CC1CCC2CCCCC2C1
C1CCC(CCCCC2CCCCC3CCC(C4CCCCC4)CC23)CC1
C1CCC2C(C1)CCC1C3CCCC3CCC21
C1CCC(CC2CCC3C(CCC3C3CCCCC3)C2)CC1
C1CCC2CCC3C4CCCCC4CC(CC4CCCC4)C3C2CC1
C(CCC1CCCC2CCCC12)CC1CC2CCCCC2C1
C(CCCC1CCCCC1)CCC1CCCCC1
C1CCC2CC(CC3CCCC4CCCC43)CCC2C1
C1CCC(C2CC3CCCC3C3CCC4CCCCC4CC23)CC1
C1CCC2CC(CC3CCCC4CCCC43)CCC2C1
C1CCC(CCC2CCC(C3CC3)CC2)CC1
C1CCC(C2CCC3CC4C(CCC45CCCC5)CC32)CC1
C1CCC(CC2CCC3C(CCC3C3CCCCC3)C2)CC1
C1CCC(CCC(CCCC2CCC3CCCC3C2)CC2CCCCC2)CC1
C1CCC(CCCCC2CC3CCCCC3C2)CC1
C1CCC(C2CC3CCCC3C3CCC4CCCCC4C3C2)CC1
C1CCC(CCCC2CCC3CCCC3C2)CC1
C1CCC(C2CCC3CCCC3C3CCC4CCCCCC4C23)CC1
C1CCC(CCCCC2CCC3CCCCC23)CC1
C1CCC(C2CCC3CC4C(CCCCC45CCCC5)CC32)CC1
C(CCC1CCC2C(CCC3C4CCCCC4CCC23)C1)CC1CCC(C2CC3CCCC3C3CCC4CCCCC4C23)CC1
C1CCC2CC(CC3CCCC4CCCC43)CCC2C1
C1CCC(CCCCC2CC3CCCCC3C2)CC1
C1CCC(C2CC3CCCC3C3CCCC4CCCCC4C23)CC1
C1CCC(CCC2CCC3C(CCC3C3CCCCC3)C2)CC1
C1CCC2CC(CCCC3CCC4C3CCC3C5CCCCC5CCCC43)CC2C1
C1CCC2CC(CC3CCCC4CCCC43)CCC2C1
C1CCC(CCCC2CCC3C(CCC3C3CCCCC3)C2)CC1
C1CCC(CCC2CCCC3CCC(C4CCCC5CCCC54)CC23)CC1
C1CCC(CC2CC3CCCCC3C3CCC4CCCCCC4C23)CC1
C1CCC(C2CC3CCCC3C3CCC4CCCCCC4C23)CC1
C(CCC1CCC2CCCC2C1)CC1CCC(C2CCCC2)CC1
C1CCC2C(C1)CC(C1CCCC3CCCC31)C1CCCC21
C1CCC(CCC2CCC(C3CCC4C(CC5CCCCC5)CCC4C3)CC2)CC1
C1CCC(CCCCC2CCC3CCCCC23)CC1
C1CCC(CC2CC3CCCCC3C3CCC4CCCCC4C23)CC1
C1CCC2CC(C3CCCC4CCCC43)CCC2C1
C1CCC2C(C1)CCCC2CCCC1CCC2C1CCCC1C3CCCCC3CCC12
C(CCC1CCCC2CCCCC12)CC1CC2CCCCC2C1
C1CCC2C(C1)CCC1C2CCC2C3CCCC3CC21
C(CCC1CCC2CCCCC2C1)CCC1CCCC2CCCCC12
C(CCCC1CCCCC1)CCC1CCCCC1
C1CCC(C2CC3CCCC3C3CCC4CCCCC4C23)CC1
C1CCC2CC(CCCC3CCC4C3CCC3C5CCCCC5CCCC43)CC2C1
C1CCC(C2CC3CCCC3C3CCC4CCCCC4C23)CC1
C1CCC2C(C1)CCC1C2CCC2C3CCCC3CC21
C1CCC2C(C1)CCCC1C2CCC2C3CCCC3CC21
C1CCC(CCCCC2CC3CCCCC3C2)CC1
C1CCC2CC(CC3CCCC4CCCC43)CCC2C1
C1CCC2CC(C3CCCC4CCCC43)CCC2C1
C1CCC(CCCCCC2CC3CCCCC3C2)CC1
C1CCC(CCCCC2CCC3C2CCC2C4CCCCCC4CCC32)CC1
C1CCC(CCCCCC2CCC3CCCCC23)CC1
C1CCC(CCCCC2CC3CCCCC3C2)CC1
C1CCC(CC2CC3CCCCC3CC3CCC4CCCCC4C32)CC1
C1CCC(C2CC3CCCC3C3CCC4CCCCCC4C23)CC1
C1CCC(C2CCC3CC4C(CCC32)CCC42CCCC2)CC1
C1CCC(CCCC2CCCC3CCCCC32)C2CCCCC2C1
C(CCC1CCCC2CCCC12)CC1CC2CCCCC2C1
C1CCC(CCC2CCC(C3CCC4C(CCC4C4CCCCC4)C3)CC2)CC1
C1CCC2CCC3C4CCCC4CCC3C2CC1
C1CCC2CC(C3CCCC4CCCC43)CCC2C1
C(CCCC1CCCC2C(C3CCCCC3)CCC12)CCC1CCCCC1
C1CCC(CCCCCC2CC3CCCCC3C2)CC1
C1CCC(C2CCC3CC4C(CCCC45CCCC5)CCC32)CC1
C1CCC2C(C1)CCC1CCCCC12
C1CCC2CCCCC2C(CCCCC2CCCC3CCCCC23)C1
C1CCC(C2CCC3C(CCC4CCCCC43)C2)CC1
C1CCC2CC(C3CCCC4CCCC43)CCC2C1
C(CCCC1CCCCC1)CCCC1CCC(C2CCCCC2)C1
C1CCC(CCCCC2CCC3CCCCC23)CC1
C1CCC(CC2CCC3C(CCC3C3CCCCC3)C2)CC1
C1CCC(C2CCC(CCCCCC3CCCC4C(C5CCCCC5)CCC34)C2)CC1
C1CCC(C2CCC3CC4C(CCC45CCCCC5)CC32)CC1
C1CCC2CCC(C3CCCC4CCCC43)CC2CC1
C1CCC(CC2CCC3C(CCC3C3CCCCC3)C2)CC1
C1CCC2C(C1)CCC1C3CCCC3CCC21
C1CCC(CCC2CCC(CCC3CCCC(CC4CCCC4)C3)CC2)CC1
C1CCC(CCC2CCC(CCC3CCCC(CCC4CCCC4)C3)CC2)CC1
C1CCC(CCCCCC2CC3CCCCC3C2)CC1
C1CCC(CCC2CCC3C(CCC4C5CCCC5CC(CCC5CCCCC5)C34)C2)CC1
C1CCC(CCC2CCCC3CCC(C4CCCC5CCCC54)CC23)CC1
C1CCC2C(C1)CCCC2CCCC1CCC2C1CCC1C3CCCCC3CCC21
C1CCC(CCC(CCC2CCC3CCCC3C2)CC2CCCCC2)CC1
C1CCC(CCC(CCC2CCC3CCCC3C2)CC2CCCCC2)CC1
C1CCC(CCCCCC2CC3CCCCC3C2)CC1
C1CCC(CCCCCC2CCC3CCCC3C2)CC1
C1CCC(CCC2CCC(CCC3CCCC(CC4CCCC4)C3)CC2)CC1
C1CCC2CCC(C3CCC4CCCCC43)CC2CC1
C1CCC2CCC3CCCCC3C2CC1
C(CCC1CCCC2CCCCC12)CC1CCC2CCCCC2C1
C1CCC2CCC(C3CCCC4CCCC43)CC2CC1
C1CCC(CCC2CCC(CCC3CCCC(CC4CCCCC4)C3)CC2)CC1
C1CCC(C2CC3CCCC3CC3CCC4CCCCC4C32)CC1
C(CCCC1CCCCC1)CCCC1CCC(CC2CCCCC2)C1
C1CCC2C(C1)CCCC2CCCC1CCCC2CCCCC21
C1CCC(CCCCC2CC3CCCCC3C2)CC1
C1CCC2C(C1)CCC1C2CCC2C3CCCC3CCC21
C1CCC(CCCC2CCCC3CCC(C4CCCC5CCCC54)CC3C2)CC1
C1CCC(CCCCCC2CCCC3C(C4CCCCC4)CCC23)CC1
C1CCC(CCCCC2CC3CCCCC3C2)CC1
C(CCCC1CCCCC1)CCCC1CCC(C2CCCCC2)C1
C1CCC2CCC(C3CCCC4CCCC43)CC2CC1
C1CCC(CC2CCC3C(CCC4CCCCC43)C2)CC1
C(CCCC1CCCC2C(C3CCCCC3)CCC12)CCC1CCC(C2CCCC2)C1
C1CCC(CCCC2CCC3CCC(C4CCCC5CCCC54)CC3C2)CC1
C1CCC(C2CCC3CC4C(CCCC45CCCC5)CC32)CC1
C1CCC(C2CC3CCCC3C3CCC4CCCCCC4C23)CC1
C1CCC(CC2CCCC(CC3CC4CCCCC4C4CCC5CCCCCC5C34)C2)CC1
C1CCC(C2CC3CCCCC3C3CCCCC23)CC1
C1CCC(C2CCC3CC4C(CCCCC45CCCC5)CC32)CC1
C1CCC2CC(C3CCCC4CCCC43)CCC2C1
C1CCC(CCCCCC2CCCC3C(C4CCCCC4)CCC23)CC1
C1CCC2C(C1)CCC1C2CCC2C3CCCC3CCC21
C1CCC2CC(CCCC3CCC4C3CCC3C5CCCCC5CCC43)CC2C1
C1CCC(CC2CC3CCCCC3CC3CCC4CCCCC4C32)CC1
C1CCC(CC2CC3CCCCC3C3CCC4CCCCCC4C23)CC1
C1CCC(CCCCCC2CCCC3C(C4CCCCC4)CCC23)CC1
C1CCC2CC(C3CCCC4CCCC43)CCC2C1
C1CCC(C2CC3CCCC3C3CCC4CCCCCC4C23)CC1
C1CCC(CCCCC2CC3CCCCC3C2)CC1
C(CCCC1CCCC2C(C3CCCCC3)CCC12)CCC1CCCCC1
C1CCC(CCC(CCC2CCC3CCCCC3C2)CC2CCCCC2)CC1
C1CCC2CCC3C4CCCCC4CC(CC4CCCC4)C3C2CC1
C1CCC(C2CC3CCCCC3C3CCC4CCCCC4C23)CC1
C1CCC(CCC2CCC(C3CCCC4C(CC5CCCCC5)CCC34)C2)CC1
C1CCC(CCC2CCCC3CC4C(CCC4C4CCCCC4)CC23)CC1
C1CCC2CC(C3CCCC4CCCC43)CCC2C1
C1CCC2CC(C3CCCC4CCCC43)CCC2C1
C1CCC2CCC(C3CCCC4CCCC43)CC2CC1
C1CCC(CCCCC2CCC3C2CCC2C4CCCCC4CCCC32)CC1
C1CCC(C2CCCCC2CCC2CC3CCCCC3C3CCC4CCCCC4C23)CC1
C1CCC(C2CCC3CC4C(CCC5C6CCC(CCCCC7CCCC8CCCCC78)C6CCC45)CC32)CC1
C(CC1CCC2CCCCC2C1)CC1CCC2CCC(C3CCCC4CCCC43)CC2C1
C1CCC2C(C1)CC(C1CCCC3CCCC31)C1CCCC21
C(CCC1CCC2C1CCC1C3CCCCC3CCC21)CC1CC2CCCCC2C1
C1CCC2CCC3C4CCC(CCCC5CC6CCCCC6C5)C4CCC3C2CC1
C1CCC2C(C1)CCCC2CCCC1CCC2C1CCCC1C3CCCCC3CCC12
C1CCC(C2CCC3CC4C(CCC5C6CCC(CCCCC7CC8CCCCC8C7)C6CCC45)CC32)CC1
C1CCC(CCC2CCC(C3CC3)CC2)CC1
C1CCC(CC2CC3CCCC3C3CCC4CCCCC4C23)CC1
C1CCC(CCCC2CCC3C(CCC3C3CCCCC3)C2)CC1
C1CCC(CCCC2(CCC3CCCC3)CCC3CC4CCC5CCCCC5C4CCC32)C1
C1CCC(CCC2CCC3C(CCC4C5CCCC(CCC34)C5)C2)CC1
C1CCC(CCC2CCC3C(CCC4CCCCC43)C2)CC1
C1CCC2CC(C3CCCC4CCCC43)CCC2C1
C(CCCC1CCCC2C(C3CCCCC3)CCC12)CCC1CCCCC1
C1CCC(CCCCC2CC3CCCCC3C2)CC1
C(CCC1CCCC2CCCC12)CC1CC2CCCCC2C1
C1CCC(C2CCC3CC4CCCCC4CC32)CC1
C1CCC(CCCC(CCC2CCC3CCCC3C2)CC2CCCCC2)CC1
C1CCC(C2CCC3C(CCC4CCCCC43)C2)CC1
C1CCC(C2CC3CCCC3C3CCC4CCCCCC4C23)CC1
C1CCC2C(C1)CCC1C3CCCCC3CCC21
C1CCC(C2CCC3CC4C(CCC45CCCC5)CC32)CC1
C1CCC2CCC(C3CCCC4CCCC43)CC2CC1
C1CCC2CCC3C4CCCCC4CC(CC4CCCC4)C3C2CC1
C1CCC(CCC2CCC3C(CCC3C3CCCCC3)C2)CC1
C1CCC(C2CCC3CC4C(CCC32)CCC2C3CCC(CCCC5CCC6CCCCC6C5)C3CCC42)CC1
C1CCC2C(C1)CCC1C3CCCC3CCCC21
C(CCC1CCCC2CCCC12)CC1CC2CCCCC2C1
C1CCC(CCCC(CC2CC3CCCCC3C2)C2CC2)CC1
C1CCC(CCCC2CCC3C(CCC3C3CCCCC3)C2)CC1
C1CCC(CC2CCCC2CC2CC3CCCCC3C3CCC4CCCCCC4C23)CC1
C1CCC2CC3CCCCC3CCC2C1
C1CCC(CCC2CCC3C(CCC3C3CCCCC3)C2)CC1
C1CCC(CCCC(CCC2CCC3CCCC3C2)CC2CCCCC2)CC1
C1CCC(CCCCC2CCC3CCCCC23)CC1
C1CCC2C(C1)CCC1C3CCCC3CCC21
C1CCC(CC2CC3CCCCC3C3CCC4CCCCCC4C23)CC1
C(CCC1CCCC2CCCCC12)CC1CCC2CCCCC2C1
C1CCC(CCCCCC2CC3CCCCC3C2)CC1
C1CCC2CCC(C3CCCC4CCCC43)CC2CC1
C1CCC2CC(C3CCCC4CCCC43)CCC2C1
C1CCC2CC(CCCC3CCC4C5CCC6CCCCC6C(CCC34)C5)CCC2C1
C1CCC2C(C1)CCC1C3CCCC3CCC21
C1CCC(CCCCC2CC3CCCCC3C2)CC1
C1CCC(C2CCC3CC4C(CCCC5C6CCC(CCCC7CCC8CCCCC8C7)C6CCC45)CC32)CC1
C1CCC2CCC3C4CCCC4CCC3C2CC1
C1CCC(CCCCC2CCC3CCC(C4CCCC5CCCC54)CC3C2)CC1
C1CCC(CCC2CCC3C(CCC3C3CCCCC3)C2)CC1
C1CCC(CCCC2CCC3C(CCC4C5CCCC5CC(CCC5CCCCC5)C34)C2)CC1
C1CCC(CC2CC3CCCCC3CC3CCC4CCCCC4C32)C1
C1CCC(CCC2CCC3C(CCC3C3CCCCC3)C2)CC1
C1CCC(CCC(CCC2CCC3CCCC3C2)CC2CCCCC2)CC1
C1CCC(C2CCC3CC4C(CCC5C6CCC(CCCCC7CC8CCCCC8C7)C6CCC45)CC32)CC1
C1CCC(CCCCC2CC3CCCCC3C2)CC1
C1CCC2CC(C3CCCC4CCCC43)CCC2C1
C1CCC2CC(CC3CCCC4CCCC43)CCC2C1
C1CCC(CCC2CCC3C(CC4CCCCC4)CCC3C2)CC1
C1CCC(CCCC23CCCC2CC2C4CCC5CCCCC5C4CCC23)CC1
C1CCC(CC2CC3CCCCC3CC3CCC4CCCCC4C32)CC1
C1CCC(CCC2CCC3C(CCC4CCCCC43)C2)CC1
C1CCC(CCCC2CCC3C(CCC3C3CCCCC3)C2)CC1
C1CCC2CC(C3CCCC4CCCC43)CCC2C1
C1CCC(C2CCC3CC4C(CCC5C6CCCC6CCCC45)CC32)CC1
C1CCC(CCCC2CCCC3C2CCC2C4CC5CCC(C6CCCCC6)C5CC4CCC32)CC1
C1CCC(CCCCCC2CC3CCCCC3C2)CC1
C1CCC(C2CC3C(CCC4CC4)CCCC3C3CCC4CCCCC4C23)CC1
C(CCCC1CCCCC1)CCCC1CCC(C2CCCCC2)C1
C1CCC(C2CCC3CC4C(CC5CCC6CCCCC65)CCCCC4CC32)CC1
C1CCC2CC(C3CCCC4CCCC43)CCC2C1
C1CCC(CCCCC2CC3CCCCC3C2)CC1
C(CCCC1CCCCC1)CCCC1CCC(C2CCCCC2)C1
C(CCCC1CCCCC1)CCCC1CCC(C2CCCCC2)C1
C1CCC(CCC2CCC(C3CCCC4C(C5CCCCC5)CCC34)C2)CC1
C1CCC(C2CCC3CCCC3C3CCC4CCCCC4C23)CC1
C1CCC(CCCC(CCC2CCC3CCCC3C2)CC2CCCCC2)CC1
C1CCC2CC(C3CCCC4CCCC43)CCC2C1
C1CCC(CCCCC2CCC3C2CCC2C4CCCCC4CCC32)C1
C1CCC(CCC2CCC3C(CCC3C3CCCC(CC4CCCC4)C3)C2)CC1
C1CCC2CCC3C4CCC(CCCC5CC6CCCCC6C5)C4CCC3C2CC1
C1CCC(CCCCC2CC3CCCCC3C2)CC1
C1CCC2CC(C3CCCC3)C3CCCCC3CC2C1
C1CCC2CC(C3CCCC4CCCC43)CCC2C1
C1CCC2CCC3C4CCC(CCCC5CC6CCCCC6C5)C4CCC3C2CC1
C1CCC(CC2CC3CCCCC3C3CCC4CCCCC4C23)C1
C1CCC(CCCCCC2CC3CCCCC3C2)CC1
C1CCC(CCC2CCC3C(CCC4CC3CCC3CCCC34)C2)CC1
C1CCC2C(C1)CCCC1C3CCCC3CCC21
C1CCC(CCCCCC2CCC3CCC(C4CCCC5CCCC54)CC3C2)CC1
C1CCC(CCCCCC2CC3CCCCC3C2)CC1
C(CCCCC1CCC(C2CCCCC2)C1)CCCC1CCCCC1
C1CCC(CCCCC2CC3CCCCC3C2)CC1
C(CCC1CCC2C(CCC3C4CCCC4CCC23)C1)CC1CCC(C2CC3CCCC3C3CCC4CCCCC4C23)CC1
C1CCC(C2CCC3CC4C(CCC5C6CCC(CCCC7CCC8CCCCC8C7)C6CCC45)CC32)CC1
C1CCC(CCCCCC2CC3CCCCC3C2)CC1
C1CCC(CCC2CCC3C(CCC3C3CCCC3)C2)CC1
C1CCC(CCCCC2CC3CCCCC3C2)CC1
C1CCC(C2CC3CCCC3C3CCC4CCCCC4C23)CC1
C1CCC(CCCCCC2CCC3CCCC3C2)CC1
C1CCC(CCC2CCCCC2)CC1
C1CCC(C2CCC3CCC4CCCCC4CC32)CC1
C1CCC(CCC2CCC3C(CCC3C3CCCCC3)C2)CC1
C1CCC(C2CCCCC2CC2CC3CCCCC3CC3CCC4CCCCC4C32)CC1
C1CCC(CCCC2CCC3C2CCC2C4CC5CCC(C6CCCCC6)C5CC4CCCC32)CC1
C1CCC(C2CC3CCCC3C3CCC4CCCCC4C23)CC1
C1CCC(C2CCC3CC4C(CCCC45CCCC5)CC32)CC1
C(CCCC1CCCC2C(C3CCCCC3)CCC12)CCC1CCCCC1
C1CCC(CC2CCC3CCCCC3C3CCC4CCCCC4C23)CC1
C1CCC(CCC2CCC3C(CCC3C3CCCCC3)C2)CC1
C1CCC2CCC(C3CCCC4CCCC43)CC2CC1
C1CCC(CCCC2CC3CCCC3C3CCC4CCCCC4C23)CC1
C1CCC(CCCCC2CC3CCCCC3C2)CC1
C1CCC2CCC(C3CCCC4CCCC43)CC2CC1
C1CCC(CCC2CCC3C(CCC3C3CCCC(CCC4CCCC4)C3)C2)CC1
C(CCC1CCCC2CCCCC12)CC1CCC2CCCCC2C1
C1CCC(CCC2CCC3C2CCC2C4CCCCC4CCC32)C1
C1CCC2C(C1)CCC1C3CCCCC3CCC21
C(CCC1CCC2CCCCC2C1)CCC1CCCC2CCCCC12
C1CCC(CCC2CCC3C(CC4CCCCC4)CCC3C2)CC1
C1CCC(C2CCC3CC4C(CCC5C6CCC(CCCC7CC8CCCCC8C7)C6CCCC45)CC32)CC1
C1CCC(C2CC3CCCC3C3CCC4CCCCC4C23)CC1
C1CCC2C(C1)CCCC1C3CCCC3CCC21
C1CCC(C2CCC(CCCCCC3CCCC4CCCCC34)C2)CC1
C(CCCC1CCCC2C(C3CCCCC3)CCC12)CCC1CCC(C2CCCC2)C1
C1CCC(C2CCC3CC4C(CCC5C6CCCC6CCC45)CC32)CC1
C1CCC(C2CC3CCCCC3C3CCCCC23)CC1
C1CCC(CCCC(CC2CC3CCCCC3C2)C2CC2)CC1
C1CCC2CCC3C4CCCCC4CC(CC4CCCC4)C3C2CC1
C1CCC(CC2CCC3CC4C(CCC5C6CCCC6CCC45)CC23)CC1
C1CCC(CCC2CCCCC3CC4C(CCC4C4CCCCC4)CC23)CC1
C1CCC(CCCC(CC2CC3CCCCC3C2)C2CC2)CC1
C(CCCC1CCCCC1)CCCC1CCC(C2CCCCC2)C1
C1CCC(C2CC3CCCCC3C3CCC4CCCCC4C23)CC1
C1CCC(C2CCC3CC4C(CCCC45CC(C4CCCCC4)C(C4CCCCC4)C5)CC32)CC1
C1CCC(CCCC2CCC3CCC(CC4CCCC5CCCC54)CC3C2)CC1
C1CCC(C2CC3CCCC3C3CCCC4CCCCC4C23)CC1
C1CCC(CC2CCC(CCCCCC3CCCC4CCCCC34)C2)CC1
C1CCC2CCC3C4CCC(CCCC5CCC6CCCCC6C5)C4CCC3C2CC1
C1CCC(CC2CC3CCCCC3CC3CCC4CCCCC4C32)CC1
C1CCC(CCC2CCC3C(CCC3C3CCCC(CCCC4CCCC4)C3)C2)CC1
C1CCC(CCCCCC2CCCC3C(CC4CCCCC4)CCC23)CC1
C1CCC(CCC(CCC2CCC3CCCC3C2)CC2CCCCC2)CC1
C1CCC(CCCC(CCC2CCC3CCCC3C2)CC2CCCCC2)CC1
C1CCC(C2CCC3(CCC4CC5C(CCC5C5CCCCC5)CC43)C2)CC1
C(CCC1CCCC2CCCCC12)CC1CCC2CCCCC2C1
C1CCC(C2CCC3C(CCCCCC4CCC(C5CCCC5)C4)CCCC23)CC1
C1CCC(CCCC2CCC3C(CCC4C5CCCC5CCC34)C2)CC1
C1CCC(C2CCC3CC4C(CCCCC45CCCC5)CC32)CC1
C1CCC2C(C1)CCC1C3CCCC3CCC21
C1CCC(CCCCCC2CC3CCCCC3C2)CC1
C1CCC(CCCC2CCC3CCC(C4CCCC5CCCC54)CC3C2)CC1
C1CCC2CC(CC3CCCC4CCCC43)CCC2C1
C1CCC(CC2CC3CCCCC3C3CCC4CCCCCC4C23)CC1
C1CCC(C2CCC3CC4C(CCCC45CCCC5)CC32)CC1
C1CCC(CC2CCC(CCCCCC3CCCC4CCCCC34)C2)CC1
C1CCC(C2CC3CCCC3C3CCC4CCCCC4C23)CC1
C1CCC(CCCCCC2CC3CCCCC3C2)CC1
C1CCC(CCCCCC2CCC3CCCCC23)CC1
C1CCC(CCCCC2CCC3CCCCC23)CC1
C1CCC(CCCCC2CC3CCCCC3C2)CC1
C1CCC2CC(C3CCCC4CCCC43)CCC2C1
C1CCC(C2CC3CCCC3C3CCC4CCCCC4C3C2)CC1
C1CCC(CC2CCC(C3CC4CCCC4C4CCC5CCCCC5CC34)CC2)CC1
C1CCC(CCC(CCC2CCC3CCCC3C2)CC2CCCCC2)CC1
C1CCC2CCC3C4CCC(CCCC5CC6CCCCC6C5)C4CCC3C2CC1
C1CCC2C(C1)CCC1C3CCCC3CCC21
C1CCC2CCC3C4CCC(CCCC5CCC6CCCCC6C5)C4CCC3C2CC1
C(CCC1CCC2CCCCC2C1)CCC1CCCC2CCCCC12
C1CCC2CC(CCCC3CCCC4C3CCC3C5CCCCC5CCC43)CC2C1
C1CCC(CCCCCC2CCCC3C(C4CCCCC4)CCC23)CC1
C1CCC(CC2CCC3CC4C(CCC45CCCC5)CC23)CC1
C1CCC(C2CCC(CCCC3CCC4C3CCC3C5CCCCC5CCC43)C2)CC1
C1CCC(C2CCC3CC4C(CCC5C6CCC(CCCC7CCC8CCCCC8C7)C6CCC45)CC32)CC1
C1CCC(CCC2CC3CCCCC3C3CCC4CCCCC4C23)C1
C1CCC(CCCCC2CC3CCCCC3C2)CC1
C1CCC2CC(C3CCCC4CCCC43)CCC2C1
C1CCC(CCCCCC2CC3CCCCC3C2)CC1
C1CCC2CC(C3CCCC4CCCC43)CCC2C1
C1CC(C2CCC(C3CC4CCCC4C4CCC5CCCCC5C4C3)CC2)C1
C1CCC2CCC3C4CCCC4CCC3C2CC1
C1CCC(C2CC3C(CCC4CCC4)CCC3C3CCC4CCCCC4C23)CC1
C1CCC(CCCCC2CC3CCCCC3C2)CC1
C(CC1CCC2CCCC2C1)CC1CCC2CCC(CC3CCCC4CCCC43)CC2C1
C1CCC2CC(C3CCCC4CCCC43)C3CCCC3C2CC1
C(CCCC1CCCCC1)CCCC1CCC(C2CCCCC2)C1
C1CCC2CC(CC3CCCC4CCCC43)CCC2C1
C1CCC(CC2CC3CCCCC3C3CCC4CCCCC4C23)C1
C1CCC2CCC(C3CCCC4CCCC43)CC2CC1
C1CCC(CCC2CCC3C(CCC3C3CCCCC3)C2)CC1
C1CCC2CC(C3CCCC4CCCC43)CCC2C1
C1CCC(C2CCC3CCCCC3C3CCCCC23)CC1
C(CC1CCCC2CCCCC2C1)CC1CC2CCCCC2C1
C1CCC2CC(CCCC3CCC4C3CCCC3C5CCCCC5CCC34)CC2C1
C1CCC(CCC2CCCCC2)CC1
C(CCC1CCC2C1CCC1C3CCCCC3CCC21)CC1CC2CCCCC2C1
C1CCC2C(C1)CCC1C2CCC2C3CCCC3CC21
C1CCC(C2CC3CCCCC3C3CCCCC23)CC1
C(CCCC1CCCCC1)CCC1CCCCC1
C1CCC2CCC(C3CCCC4CCCC43)CC2CC1
C(CCCC1CCCC2C(C3CCCCC3)CCC12)CCC1CCCCC1
C1CCC(CC(CC2CCCCC2)C2CCCCC2)CC1
C(CCC1CCCC2CCCC12)CC1CC2CCCCC2C1
C1CCC2CCC(C3CCCC4CCCC43)CC2CC1
C1CCC(CC2CC3CCCCC3C3CCC4CCCCC4C23)CC1
C1CCC2C(C1)CCC1CCCCC12
C1CCC(C2CCC3CC4CCCCC4CC32)CC1
C1CCC(CCCCC2CCCC3CCC(C4CCCCC4)CC23)CC1
C1CCC(CC2CC3CCCCC3C3CCC4CCCCC4C23)CC1
C1CCC(C2CCC3(CCC4CCC5C(CCC5C5CCCCC5)CC43)C2)CC1
C1CCC(CCCCCC2CCC3CCCCC23)CC1
C1CCC(CCC2CCCC3CC4C(CCC4C4CCCCC4)CC23)CC1
C1CCC(C2CCC3C(CCCC4CCCCC43)C2)CC1
C(CCC1CCCCC2CCCCC12)CC1CCC2CCCCC2C1
C1CCC(CCCCC2CC3CCCCC3C2)CC1
C1CCC(CC2CCC(CC(CC3CCCCC3)C3CCCCC3)CC2)CC1
C1CCC2CC(CCCC3CCCC4CCCCC43)CC2C1
C1CCC2C(C1)CCCC2CCCC1CCC2C1CCC1C3CCCCC3CCC21
C1CC2CCC3C(CCC4CCCCC43)CC2C1
C1CCC2CCC(C3CCCC4CCCC43)CC2CC1
C1CCC(CC2CCCC(CCCC3CCC(CCC4CCC(C5CC5)CC4)CC3)C2)C1
C1CCC(CCCCCC2CC3CCCCC3C2)CC1
C1CCC2C(C1)CCC1C3CCCC3CCC21
C(CCCC1CCCC2C(C3CCCCC3)CCC12)CCC1CCC(C2CCCC2)C1
C1CCC2CCC(C3CCCC4CCCC43)CC2CC1
C1CCC(C2CCC3CCC4C(CCC45CCCCC5)CC32)CC1
C(CCCC1CCCC2CCCCC12)CCC1CCC(C2CCCCC2)C1
C1CCC(CCCC2CCCC3CCC(C4CCCC5CCCC54)CC3C2)CC1
C1CCC(C2CC3CCCC3C3CCC4CCCCCC4C23)CC1
C(CCCC1CCCC2CCCC12)CCC1CCCCC1
C1CCC2C(C1)CCCC1C3CCCC3CCC21
C1CCC2C(C1)CCCC1C3CCCC3CCC21
C1CCC2C(C1)CCC1CCCCC12
C1CCC(C2CCC3CC4C(CCCC5C6CCC(CCCC7CCCC8CCCCC87)C6CCC45)CC32)CC1
C1CCC(C2CC3CCCC3C3CCC4CCCCC4C23)CC1
C1CCC(CCC(CCC2CCC3CCCC3C2)CC2CCCCC2)CC1
C1CCC(CCC2CCCCC2)CC1
C1CCC2C(C1)CCC1C3CCCC3CCCC21
C1CCC(CC2CC3CCCCC3C3CCC4CCCCC4C23)CC1
C1CCC(C2CCC3CC4C(CCC32)CCC2C3CCC(CCCC5CC6CCCCC6C5)C3CCC42)CC1
C1CCC(C2CC3CCCC3C3CCC4CCCCC4C23)CC1
C1CCC2C(C1)CCC1C3CCCC3CCC21
C1CCC(CCCCC2CCC3CCC(C4CCCC5CCCC54)CC3C2)CC1
C1CCC(C2CC3CCCC3C3CCCC4CCCCC4C23)CC1
C1CCC(CCC2(CCCCC3CC4CCCCC4C3)CCC3C4CCC5CCCCC5C4CCC32)C1
C(CCCC1CCCC2C(C3CCCCC3)CCC12)CCC1CCCCC1
C1CCC(C2CCC3CC4C(CCC5C6CCC(CCCC7CC8CCCCC8C7)C6CCC45)CC32)CC1
C1CCC(C2CCC3CC4C(CCC45CCCCC5)CC32)CC1
C1CCC(CCC2CCC3C(CCC3C3CCCCC3)C2)CC1
C1CCC(C2CCC3CC4C(CCCCC45CCCC5)CC32)CC1
C1CCC(CCCC2CCC3CCC(CC4CCCC5CCCC54)CC3C2)CC1
C(CCC1CCCC2CCCCC12)CC1CCC2CCCCC2C1
C1CCC(CCCCC2CC3CCCCC3C2)CC1
C1CCC(CCCC2CCCC(C3CCC4CC(CCC5CCC6CCCCCC6C5)CCC43)C2)CC1
C1CCC(CCC(CCC2CCCCC2)CCC2CCC3CCCC3C2)CC1
C1CCC2C(C1)CCC1C2CCC2C3CCCC3CC21
C1CCC(C2CCC3(CCC4CC5C(CCC5C5CCCCC5)CC43)C2)CC1
C1CCC(C2CCC3CCC4C(CCC45CCCC5)CC32)CC1
C1CCC(CC2CCC3C(CCC3C3CCCCC3)C2)CC1
C1CCC(CCC(CCC2CCC3CCCC3C2)CC2CCCCC2)CC1
C1CCC(CCC2CCCCC2)CC1
C1CCC(C2CCC3CC4(CCCCC4C4CCCCC4)CCCC32)CC1
C1CCC(CCC(CCC2CCC3CCCC3C2)CC2CCCCC2)CC1
C1CCC(CCCCCC2CCCC3C(C4CCCCC4)CCC23)CC1
C1CCC(CCCC2CCC3CCCC3C2)CC1
C1CCC(C2CCC3CC4C(CCCC45CCCCC5)CC32)CC1
C1CCC(CCCCC2CC3CCCCC3C2)CC1
C(CCC1CCCC2CCCCC12)CC1CC2CCCCC2C1
C1CCC(CCC2CCC3C(CCC3C3CCCCC3)C2)CC1
C1CCC(C2CC3CCCCC3C3CCC4CCCCC4C23)CC1
C1CCC(C2CC3CCCCC3C3CCC4CCCCC4C23)CC1
C1CCC2CC(C3CCCC4CCCC43)CCC2C1
C1CCC(CCCCC2CCC3CCCCC23)CC1
C1CCC2CCC3C(CCC4C5CCCC5CC43)C2CC1
C1CCC2CC3CCCCC3CCC2C1
C1CCC(C2CCC3CC4C(CCC32)CCC42CCCC2)CC1
C1CCC2CC(C3CCCC4CCCC43)CCC2C1
C1CCC(CCCCC2CC3CCCCC3C2)CC1
C1CCC(CCC2CCC3C(CCC3C3CCCCC3)C2)CC1
C(CCCC1CCCC2C(C3CCCCC3)CCC12)CCC1CCCCC1
C1CCC(C2CCC3CCC4C(CCC45CCCC5)CC32)CC1
C1CCC2CC(C3CCCC4CCCC43)CCC2C1
C1CCC2CCC3C4CCCCC4CCC3C2CC1
C1CCC2CC(C3CCCC4CCCC43)CCC2C1
C1CCC(CCC(CC2CC3CCCCC3C2)C2CC2)CC1
C1CCC(CC(CC2CCCCC2)C2CCCCC2)CC1
C1CCC(CCCCCC2CC3CCCCC3C2)CC1
C1CCC(CC2CC3CCCCC3C3CCC4CCCCC4C23)CC1
C1CCC2CCC3C4CCCCC4CC(CC4CCCC4)C3C2CC1
C1CCC(C2CCC3CC4C(CCC5C6CCC(CCCC7CC8CCCCC8C7)C6CCC45)CC32)CC1
C1CCC2CC(C3CCCC4CCCC43)CCC2C1
C1CCC(CCCCC2CC3CCCCC3C2)CC1
C1CCC(CCCC2CCC3C(CCC3C3CCCCC3)C2)CC1
C1CCC(C2CCC3CCCC3C3CCC4CCCCCC4C23)CC1
C1CCC(CCCCCC2CCCC3C(C4CCCCC4)CCC23)CC1
C(CCCCC1CCC2C(CCC3C4CCCC4CCC23)C1)CCCC1CCCC(CC(CC2CCC(CC3CCCCC3)CC2)C2CCCCC2)C1
C1CCC2C(C1)CC(C1CCCC1)C1CCCCC21
C1CCC(CCC2CCC(CCC3CCCCC3)CC2)CC1
C1CCC(CCCCCC2CC3CCCCC3C2)CC1
C1CCC(CCCCC2CCC3CCCCC23)CC1
C1CCC(CCC2CCC(C3CC3)CC2)CC1
C1CCC2C(C1)CCC1C3CCCC3CCC21
C1CCC(C2CC3CCCC3C3CCC4CCCCC4C23)CC1
C1CCC2C(C1)CCC1C3CCCC3CCC21
C1CCC(CC2CCC3CC4C(CCCC45CCCC5)CC23)CC1
C1CCC2CC(CCCC3CCC4C3CCC3C5CCCCC5CCCC43)CC2C1
C(CCCC1CCC(CC2CCCCC2)C1)CCCC1CCC2CCCC2C1
C1CCC(CCCC2CCC(CCC3CCCCC3)CC2)CC1
C1CCC(CC2CCC3CC4C(CCCC45CCCC5)CC23)CC1
C(CCCC1CCCCC1)CCC1CCCCC1
C(CCCC1CCCC2C(C3CCCCC3)CCC12)CCC1CCCCC1
C1CCC2CC(C3CCCC4CCCC43)CCC2C1
C1CCC(CCC2CCC3C(CCCC4C5CCCC5CC(CCC5CCCCC5)C34)C2)CC1
C1CCC(CC2CC3CCCCC3C3CCC4CCCCCC4C23)CC1
C1CCC(CCC2CC3CCCCC3C3CCC4CCCCC4C23)CC1
C1CCC(C2CC3CCCC3C3CCC4CCCCCC4C23)CC1
C1CCC(C2CC3CCCC3C3CCCC4CCCCC4C23)CC1
C1CCC2C(C1)CCCC1CCCCC12
C1CCC2C(C1)CCC1C2CCC2C3CCCCC3CC21
C1CCC(CC2CC3CCCCC3C3CCC4CCCCC4C23)CC1
C1CCC2C(C1)CCC1C3CCCCC3CCC21
C1CCC(CC2CCC(CC(CC3CCCCC3)C3CCCCC3)CC2)CC1
C1CCC(CCC2CCC3C(CCC4C5CCCC5CCC34)C2)CC1
C(CCC1CCCC2CCCC12)CC1CC2CCCCC2C1
C1CCC(CCC2CCC3C(CCC3C3CCCCC3)C2)CC1
C1CCC2CC(CCCC3CCC4C3CCC3C5CCCCC5CCC43)CC2C1
C1CCC(C2CCC3CC4C(CCC32)CCC2C3CCC(CCCC5CCC6CCCCC6C5)C3CCC42)CC1
C1CCC(CCCC2CCC3CCCC3C2)CC1
C1CCC(CCCC2CCC3CCC(C4CCCC5CCCC54)CC3CC2)CC1
C1CCC(C2CCC3CC4CCCCC4CC32)CC1
C1CCC(CCC2(CCCC3CCC4CCCCC4C3)CCC3C4CCC5CCCCC5C4CCC32)C1
C1CCC(CCC2(CCCC3CC4CCCCC4C3)CCC3C4CCC5CCCCC5C4CCC32)C1
C1CCC2CCC3C4CCCC4CCC3C2CC1
C(CCCC1CCCC2C(C3CCCCC3)CCC12)CCC1CCCCC1
C(CCC1CCC2CCCCC2C1)CCC1CCCC2CCCCC12
C1CCC2CC(C3CCCC4CCCC43)CCC2C1
C1CCC(CCC2CCC3C(CCC3C3CCCCC3)C2)CC1
C(CCC1CCCC2CCCC12)CC1CC2CCCCC2C1
C1CCC(CC2CCC3CC4(CCCCC4C4CCCCC4)CCC23)CC1
C1CCC(C2CC3CCCC3C3CCC4CCCCC4C23)CC1
C1CCC(CCC2CCC3C2CCC(C2CCCCC2)C2C4CCCCCC4CCC32)CC1
C1CCC(CC2CC3CCCCC3C3CCC4CCCCCC4C23)CC1
C(CCC1CCCC2CCCCC12)CC1CCC2CCCCC2C1
C1CCC(CC23CCCCCC2CCC2C4CCCC4CCC23)CC1
C1CCC2CCC3C4CCCCC4CC(CC4CCCC4)C3C2CC1
C1CCC(C2CCC3C(CCC4CCCCC43)C2)C1
C1CCC(CCCCCC2CC3CCCCC3C2)CC1
C1CCC(C2CCC3CC4C(CCC32)CCC2C3CCC(CCCC5CCC6CCCCC6C5)C3CCC42)CC1
C1CCC(CCCCCC2CC3CCCCC3C2)CC1
C1CCC(C2CC3CCCC3C3CCC4CCCCCC4C23)CC1
C1CCC(C2CCC3CCCC4(CCCCC4)C3C2)CC1
C1CCC(C2CCC3CC4(CCCCCC4C4CCCCC4)CCC32)CC1
C(CCC1CCCC2CCCC12)CC1CC2CCCCC2C1
C1CCC(C2CCC(CCCCCC3CCCC4C(C5CCCCC5)CCC34)C2)CC1
C1CCC(CCC2CCC3C(CCC3C3CCCC(CCC4CCCC4)C3)C2)CC1
C1CCC(CC2CCC3CC4C(CCC45CCCCC5)CC23)CC1
C(CCCC1CCC2CCCC2C1)CCCC1CCC(C2CCCCC2)C1
C1CCC(C2CC3CCCCC3C3CCCCC23)CC1
C(CCC1CCC2CCCCC2C1)CCC1(C2CCCC2)CCCC2CCCCC21
C1CCC(CCCCC2CC3CCCCC3C2)CC1
C1CCC2C(C1)CCC1CCCCC12
C(CCC1CCCC2CCCCC12)CCC1CCCC2CCCCC12
C(CCCCC1CCCC(CC(CC2CCC(CC3CCCCC3)CC2)C2CCCCC2)C1)CCCCC1CCC2C(CCC3C4CCCC4CCC23)C1
C1CCC(C2CCC3CC4C(CCCC45CCCCC5)CC32)CC1
C1CCC(CCC(CCC2CCC3CCCC3C2)CC2CCCCC2)CC1
C1CCC(CCCCC2CC3CCCCC3C2)CC1
C1CCC(C2CCC3CC4C(CCCC45CCCC5)CC32)CC1
C1CCC2CC(C3CCCC4CCCC43)CCC2C1
C1CCC2C(C1)CCC1C3CCCC3CCC21
C1CCC(CCCC2CCC3C2CCC2C4CC5CCC(C6CCCCC6)C5CC4CCCC32)CC1
C1CCC(CCCCCC2CCCC3C(CC4CCCCC4)CCC23)CC1
C1CCC(CCCCCC2CC3CCCCC3C2)CC1
C1CCC2CCC3C(CCC4C3CCC4(CCCC3CCC4CCCCC4C3)CCC3CCCC3)C2CC1
C1CCC(CCC2CCC3C(CCC3C3CCCCC3)C2)CC1
C(CCC1CCCCC2CCCCC12)CC1CCC2CCCCC2C1
C1CCC(C2CCC(CCCCCC3CCCC4CCCCC34)C2)CC1
C1CCC(CCCCC2CC3CCCCC3C2)CC1
C1CCC(CC2CC3CCCCC3C3CCC4CCCCC4C23)C1
C1CCC2CCC(C3CCCC4CCCC43)CC2CC1
C1CCC2CC(CC3CCCC4CCCC43)CCC2C1
C1CCC2CCC(C3CCCC4CCCC43)CC2CC1
C1CCC2CC(C3CCCC4CCCCC43)C3CCCC3C2CC1
C(CCC1CC2CCCCC2C1)CCC1CCCC2CCCC12
C1CCC2CCC3C4CCCC4CCC3C2CC1
C1CCC2C(C1)CCC1C2CCCC2C3CCCC3CC21
C(CCCC1CCCC2CCCCC12)CCC1CCC(C2CCCCC2)C1
C1CCC(CCCC(CC2CCC3C(CCC3C3CCCCC3)C2)C2CCCCC2)CC1
C1CCCC(CC2CCCC2CC2CC3CCCCC3C3CCC4CCCCC4C23)CC1
C1CCC(CCC2CCC3C(CCC4C5CCCC5CC(CCC5CCCCC5)C34)C2)CC1
C1CCC(CCC2CCC3C2CCC2C4CCCCC4CCC32)C1
C1CCC(CCC2CCC3C(CCC4C5CCCC5CC(CCC5CCCCC5)CC34)C2)CC1
C1CCC(C2CCC3CC4C(CCCC45CCCCC5)CC32)CC1
C1CCC2CCCCC2C(CCCCC2CCCC3CCCCC23)C1
C1CCC(CCC(CC2CCC(CC3CCCCC3)CC2)C2CCCCC2)CC1
C1CCC2CCC(C3CCCC4CCCC43)CC2CC1
C1CCC2C(C1)CCC1C3CCCC3CCC21
C1CCC(CC2CC3CCCCC3C3CCC4CCCCCC4C23)CC1
C1CCC(CC2CC3CCCCC3C3CCC4CCCCCC4C23)CC1
C1CCC(C2CC3CCCCC3C3CCC(CCCC4CCCC4)CC23)CC1
C1CCC2CC(C3CCCC4CCCC43)CCC2C1
C1CCC(CCCCC2CC3CCCCC3C2)CC1
C(CCC1CCCC2CCCC12)CC1CCCC2CCCCC12
C1CCC(CCC2CCC(CCC3CCCC(CCC4CCCC4)C3)CC2)CC1
C1CCC2CCC(C3CCCC4CCCC43)CC2CC1
C1CCC(CCCCC2CCC3CCCC3C2)CC1
C1CCC(CCC(CCC2CCC3C(CCC3C3CCCCC3)C2)C2CCCCC2)CC1
C1CCC(CC2CCCC(CCC3CCC(CCC4CCC(C5CC5)CC4)CC3)C2)C1
C1CCC(CCCC2CCC3CCC(C4CCCC5CCCC54)CC3C2)CC1
C1CCC(CCCCCC2CCCC3C2CCC3C2CCCC(CC3CCCC3)C2)CC1
C1CCC2CCC3C4CCCCC4CC(CC4CCCC(C5CCCC5)C4)C3C2CC1
C1CCC(CC2CC3CCCCC3C3CCC4CCCCC4C23)CC1
C(CCC1CCC2C(CCC3C4CCCC4CCC23)C1)CC1CCC(C2CC3CCCC3C3CCCC4CCCCC4C23)CC1
C1CCC(CCC2CCC3C(CCC4C5CCCC5CC(CCC5CCCCC5)C34)C2)CC1
C(CCCC1CCCCC1)CCCC1CCC(C2CCCCC2)C1
C1CCC(CCC2CCC3C(CCC3C3CCCCC3)C2)CC1
C1CCC(C2CCC3CC4C(CCCC4CC4CCC5CCCCC54)CCC32)CC1
C1CCC(C2CC3C(CCC34CCCC4)C3CCC4CCCCC4CC23)CC1
C1CCC(CCCCCC2CCC3CCCCC23)CC1
C1CCC(C2CCC3CC4C(CCC32)CCC2C3CCC(CCCC5CC6CCCCC6C5)C3CCC42)CC1
C1CCC2CCC3C4CCC(CCCC5CC6CCCCC6C5)C4CCC3C2CC1
C1CCC(C2CCC3CC4CCCCC4CCC32)CC1
C(CCCC1CCCC2C(C3CCCCC3)CCC12)CCC1CCCCC1
C1CCC2C(C1)CC(C1CCCC1)C1CCCC21
C(CCCCC1CCC(C2CCCCC2)C1)CCCC1CCCCC1
C1CCC(C2CC3CCCC3C3CCC4CCCCCC4C23)CC1
C1CCC2CCC3C4CCCC4CCC3C2CC1
C1CCC(C2CC3CCCC3C3CCC4CCCCC4C23)CC1
C(CCC1CCC2CCCCC2C1)CCC1CCCC2CCCCC12
C1CCC2CCC3C4CCCC4CCC3C2CC1
C1CCC(CCCCC(CC2CCC3C(CCC3C3CCCCC3)C2)C2CCCCC2)CC1
C1CCC2C(C1)CCCC2CCCC1CCC2C1CCCC1C3CCCCC3CCC12
C1CCC(CCCCC2CCC3CCC(C4CCCC5CCCC54)CC3C2)CC1
C1CCC2CC(C3CCCC4CCCC43)CCC2C1
C1CCCC(CC2CCCCC2CC2CC3CCCCC3C3CCC4CCCCC4C23)CC1
C1CCC(C2CC3CCCC3C3CCC4CCCCC4C23)CC1
C1CCC(C2CCCCC2CC2CC3CCCCC3C3CCC4CCCCCC4C23)CC1
C1CCC(C2CC3CCCC3C3CCC4CCCCC4C23)CC1
C(CCC1CCC2C1CCC1C3CCCCC3CCC21)CC1CC2CCCCC2C1
C1CCC2CC(C3CCCC3)C3CCCC3C2CC1
C1CCC2CC(C3CCCC4CCCC43)CCC2C1
C1CCC(CCC(CCC2CCC3CCCC3C2)CC2CCCCC2)CC1
C1CCC(C2CCC3CCCC4(CCCCC4)C3C2)CC1
C1CCC(C2CCC3CCC(C4CCCC4)C3C2)C1
C1CCC2CC(C3CCCC3)C3CCCC3C2CC1
C1CCC2CC(C3CCCC4CCCC43)CCC2C1
C1CCC(CC2CCC3CC4C(CCC5C6CCC(CCCC7CC8CCCCC8C7)C6CCC45)CC23)CC1
C(CCCC1CCCC2C(C3CCCCC3)CCC12)CCC1CCCCC1
C1CCC(C2CCC(CCCCCC3CCCC4CCCCC34)C2)CC1
C1CCC2CCC3C4CCCCC4CC(CC4CCCC4)C3C2CC1
C1CCC(C2CC3CCCCC3C3CCCCC23)CC1
C1CCC(C2CC3CCCC3C3CCC4CCCCC4C23)CC1
C1CCC(CCCCC2CCC3CCCCC23)CC1
C1CCC2CCC(C3CCCC4CCCC43)CC2CC1
C(CCCC1CCCC2C(C3CCCCC3)CCC12)CCC1CCCCC1
C1CCC2C(C1)CC(C1CCCC1)C1CCCCC21
C1CCC(CCC2CCC3C(CCC3C3CCCCC3)C2)CC1
C1CCC2CCC3C4CCCC4CCC3C2CC1
C(CCC1CCC2C1CCC1C3CCCCC3CCC21)CC1CCC2CCCCC2C1
C1CCC(C2CCC3CC4(CCCCC4C4CCCCC4)CCCC32)CC1
C1CCC(C2CCC3C(CCC3C3CCCCC3)C2)CC1
C1CCC(C2CCC3CC4C(CCC45CCCCC5)CC32)CC1
C(CCC1CCC2CCCCC2C1)CC1CCCC2CCCCC2C1
C1CCC(CCC2CCC3C(CCC3C3CCCCC3)C2)CC1
C1CCC(C2CC3CCCC3CC3CCC4CCCCC4C32)CC1
C(CCC1CCC(C2CCC(C3CC4CCCC4C4CCC5CCCCC5C34)CC2)CC1)CCC1CCC2C(CCC3C4CCCC4CCC23)C1
C1CCC2CCC(C3CCCC4CCCC43)CC2CC1
C1CCC(C2CCC3CC4CCCCC4CC32)CC1
C1CCC(CCC2CCCC3CC4C(CCC23)CCC4C2CCCCC2)CC1
C1CCC2CCC(C3CCCC4CCCC43)CC2CC1
C1CCC(C2CC3CCCC3C3CCCC4CCCCC4C23)CC1
C(CCCC1CCCCC1)CCCC1CCC(C2CCCCC2)C1
C1CCC(C2CC3CCCC3C3CCC4CCCCC4C23)CC1
C1CCC(CCC2CCC(CCC3CCCC(CC4CCCC4)C3)CC2)CC1
C1CCC(C2CCC3C(CCC3C3CCCCC3)C2)CC1
C1CCC2C(C1)CCC1C3CCCC3CCC21
C1CCC2CCC3C(CCC4C3CC3CCCC34CCCC3CCCC3)C2CC1
C1CCC(CCCCCC2CCCC3C2CCC3C2CCCC(CC3CCCC3)C2)CC1
C1CCC(CCC2CCC3C(CCCC4C5CCCC5CC(CCC5CCCCC5)C34)C2)CC1
C1CCC(CC2CC3CCCCC3C3CCC4CCCCCC4C23)CC1
C1CCC(C2CC3CCCC3C3CCC4CCCCC4C23)CC1
C1CCC(C2CCC3C(CCC4CCCCC43)C2)CC1
C(CCC1CC2CCCCC2C1)CCC1CCCC2CCCC12
C1CCC(CCC2CCC3C(CCC3C3CCCCC3)C2)CC1
C1CCC(CCC(CCC2CCC3CCCCC3C2)CC2CCCCC2)CC1
C1CCC(C2CCC3CC4C(CCC45CCCCC5)CC32)CC1
C1CCC2CC(CC3CCCC4CCCC43)CCC2C1
C1CCC(CCCCC2CCC3CCC(C4CCCC5CCCC54)CC3C2)CC1
C1CCC2CC(C3CCCC4CCCC43)CCC2C1
C1CCC2CCC(C3CCCC4CCCC43)CC2CC1
C1CCC(C2CCC3CC4C(CCCCC5CC5)CCCC4CC32)CC1
C1CCC2C(C1)CCCC1CCCCC12
C1CCC2C(C1)CCC1CC3CC4CCCC4C3CCC12
C1CCC(C2CCCC3C(CCC4CCCCC43)C2)CC1
C1CCC(CCC2CCC3C(CCC3C3CCCCC3)C2)CC1
C(CCC1CCCC2CCCC12)CC1CC2CCCCC2C1
C1CCC2CCC3C4CCCCC4CC(CC4CCCC5CCCCC54)C3C2CC1
C1CCC(CCCC2CCC(C3CCC4C(CCC4C4CCCCC4)C3)CC2)CC1
C1CCC(CCC(CCC2CCC3CCCC3C2)CC2CCCCC2)CC1
C1CCC(CC2CC3CCCCC3C3CCC4CCCCCC4C23)CC1
C1CCC(CCCCCC2CCCC3C(C4CCCCC4)CCC23)CC1
C1CCC(C2CCC3C(CCC4CCCCC43)C2)CC1
C1CCC(C2CCC3CC4C(CCCC45CCCC5)CC32)CC1
C1CCC(C2CCC3CCC4CCCCC4C3CC2)CC1
C1CCC(CCC2CCC(C3CC3)CC2)CC1
C1CCC(C2CCC3CC4C(CCC32)CCC42CCCCC2)CC1
C1CCC2C(C1)CC(C1CCCC3CCCC31)C1CCCC21
C(CCCC1CCCC2C(C3CCCCC3)CCC12)CCC1CCCCC1
C1CCC(CCC2CCC3C(CC4CCCCC4)CCC3C2)CC1
C1CCC2C(C1)CCC1C3CCCC3CCC21
C1CCC(CCCCCC2CCC3CCCCC23)CC1
C1CCC2C(C1)CCC1C3CCCC3CCC21
C1CCC(CCC2CCC3C(CCC3C3CCCCC3)C2)CC1
C1CCC(CC2CCC3C(CCC3C3CCCCC3)C2)CC1
C1CCC2CC3CCC4CCCC4C3CCC2C1
C1CCC(CCC2CCC3C(CCC3C3CCCCC3)C2)CC1
C1CCC2C(C1)CCC1C2CCC2C3CCCC3CC21
C1CCC(CCC(CCC2CCC3CCCC3C2)CC2CCCCC2)CC1
C1CCC2C(C1)CC(C1CCCC3CCCC31)C1CCCCC21
C1CCC(CCC2CCC3C(CCC3C3CCCCC3)C2)CC1
C1CCC2CC(C3CCCC4CCCC43)CCC2C1
C1CCC(CCCCC2CC3CCCCC3C2)CC1
C1CCC(C2CCC3C(CCCCCC4CCC(C5CCCC5)C4)CCCC23)CC1
C1CCC(CCC2CCC3C(CCC3C3CCCCC3)C2)CC1
C(CCCC1CCCC2C(C3CCCCC3)CCC12)CCC1CCCCC1
C1CCC(CCCCCC2CCCC3C(CC4CCCCC4)CCC23)CC1
C1CCC(C2CC3CCCC3C3CCCC4CCCCC4C23)CC1
C1CCC(C2CCC3CC4C(CCC5C6CCC(CCCCC7CCC8CCCCC8C7)C6CCC45)CC32)CC1
C1CCC(CCC2CCC(CCC3CCCC(CC4CCCC4)C3)CC2)CC1
C1CCC(C2CC3CCCC3C3CCC4CCCCC4C23)CC1
C1CCC(C2CCC3CC4C(CCCC4CC4CCC5CCCCC54)CCC32)CC1
C1CCC2CC(C3CCCC4CCCC43)CCC2C1
C1CCC(CCCCCC2CC3CCCCC3C2)CC1
C1CCC(CCCCC2CCC(C3CCC4C(CCC4C4CCCCC4)C3)CC2)CC1
C1CCC(CC2CCC(C3CC4CCCC4C4CCC5CCCCCC5C34)CC2)CC1
C1CCC(CCCCCC2CC3CCCCC3C2)CC1
C1CCC2C(C1)CCC1C3CCCC3CCCC21
C1CCC(C2CCC3CCCCC3C3CCCCC23)CC1
C1CCC(C2CCC3CC4C(CCCC45CCCCC5)CC32)CC1
C1CCC2CC(CCCC3CCC4C3CCC3C5CCCCC5CCCC43)CC2C1
C1CCC(CC2CCC(CCCCCC3CCCC4CCCCC34)C2)CC1
C1CCC(C2CCC3CC4C(CCCC45CCCC5)CC32)CC1
C1CCC2C(C1)CCC1C3CCCC3CCC21
C1CCC(C2CC3CCCC3C3CCC4CCCCC4C23)CC1
C1CCC(CCCCCC2CC3CCCCC3C2)CC1
C1CCC(C2CCC3CC4C(CCC45CCCCC5)CC32)CC1
C1CCC2C(C1)CCC1C3CCCCC3CCC21
C1CCC(CC2CCC3CC4CCCCC4CC23)CC1
C1CCC(CCCC2CCCC(C3CCC4CC(CCCC5CCC6CCCCC6C5)CCC43)C2)CC1
C1CCC(CCCCCC2CC3CCCCC3C2)CC1
C1CCC2CC(CC3CCCC4CCCC43)CCC2C1
C1CCC(CCCCCC2CC3CCCCC3C2)CC1
C1CCC(CCC2CCCCC2)CC1
C1CCC(C2CCC3CC4C(CCC45CCCCC5)CC32)CC1
C1CCC2C(C1)CCC1CCCCC12
C1CCC(CC2CC3CCCCC3C3CCC4CCCCC4C23)CC1
C1CCC(C2CCC3CC4C(CCC5C6CCCC6CCC45)CC32)CC1
C1CCC(CCCCCC2CC3CCCCC3C2)CC1
C(CCC1CCCC2CCCCC12)CCC1CCCC2CCCCC12
C1CCC2CCC(C3CCCC4CCCC43)CC2CC1
C1CCC(CCCCC2CC3CCCCC3C2)CC1
C1CCC(CCCCCC2CCC3CCCCC23)CC1
C1CCC(C2CCC3CC4CCCCC4CC32)CC1
C1CCC(C2CC3CCCC3C3CCC4CCCCC4C23)CC1
C(CCC1CCCC2CCCC12)CC1CC2CCCCC2C1
C1CCC(CCCCC2CCCC(C3CCC4CC(CCC5CCC6CCCCC6C5)CCC43)C2)CC1
C1CCC(CCCCCC2CC3CCCCC3C2)CC1
C1CCC(C2CC3C(CCC4CC4)CCC3C3CCCC4CCCCC4C23)CC1
C1CCC2C(C1)CCCC2CCCC1CCCC2CCCCC21
C1CCC(CCCCC2CC3CCCCC3C2)CC1
C1CCC2C(C1)CCC1C3CCCC3CCC21
C(CCCC1CCCC2CCCCC12)CCC1CCC(C2CCCCC2)C1
C1CCC(CCCCCC2CC3CCCCC3C2)CC1
C1CCC(C2CCC(CCCCCC3(C4CCCCC4)CCCC3)C2)CC1
C1CCC(CCCC2(CCCC3CC4CCCCC4C3)CCC3C4CCC5CCCCC5C4CCC32)C1
C1CCC(CCCCC2CC3CCCCC3C2)CC1
C1CCC(CCCCCC2CCCC3C(C4CCCCC4)CCC23)CC1
C1CCC(CCCCC2CC3CCCCC3C2)CC1
C1CCC(CCCCC2CC3CCCCC3C2)CC1
C(CCC1CCCC2CCCC12)CC1CC2CCCCC2C1
C1CCC(C2CCC(CCCCCC3CCCC4CCCCC34)C2)CC1
C1CCC(C2CC3CCCC3C3CCC4CCCCCC4C23)CC1
C1CCC(CC2CCCCC(CCC3CCC(CCC4CCC(C5CC5)CC4)CC3)C2)C1
C1CCC(C2CCC3CCC(C4CCCC4)CC32)CC1
C1CCC(C2(CCCCC3CCC4CCCCC4C3)CCCC3CCCCC32)CC1
C1CCC(CC2CC3CCCCC3C3CCC4CCCCCC4C23)CC1
C1CCC2CC(C3CCCC4CCCC43)CCC2C1
C(CCCC1CCCC2C(C3CCCCC3)CCC12)CCC1CC1
C1CCC(C2CC3CCCC3C3CCC4CCCCC4C23)CC1
C1CCC(CC2CCC3C(CCC3C3CCCCC3)C2)CC1
C1CCC2CC(CCCC3CCC4C3CCC3C5CCCCC5CCCC43)CCC2C1
C1CCC(CCCC2(CCCC3CC4CCCCC4C3)CCC3C4CCC5CCCCC5C4CCC32)C1
C1CCC(C2CCC(CCCCCC3CCCC4CCCCC34)C2)CC1
C1CCC2CC(CC3CCCC4CCCC43)CCC2C1
C(CCCC1CCCCC1)CCCC1CCC(C2CCCCC2)C1
C(CCCC1CCCC2C(C3CCCCC3)CCC12)CCC1CCCCC1
C1CCC(CCCCC2CC3CCCCC3C2)CC1
C1CCC(CCC2CCC3C(CCC4C5CCCC5CC(CCC5CCCCC5)C34)C2)CC1
C1CCC2C(C1)CC(C1CCCC3CCCC31)C1CCCC21
C1CCC(C2CC3CCCC3C3CCCC4CCCCC4C23)CC1
C1CCC2CCC3C4CCCC4CCC3C2CC1
C1CCC(CCCCC2CCC3CCCCC23)CC1
C1CCC(CC2CCC3C(CCC3C3CCCCC3)C2)CC1
C1CCC(C2CC3CCCCC3C3CCCCC23)CC1
C1CCC(CCCCC2CCC3CCCCC23)CC1
C1CCC(CCCCCC2CC3CCCCC3C2)CC1
C1CCC(CCC2CCC3C(CCC3C3CCCCC3)C2)CC1
C1CCC2CCC3C4CCCC4CCC3C2CC1
C1CCC(C2CCC3C(CCCCCC4CC4)CCCC23)CC1
C1CCC(C2CC3CCCC3C3CCC4CCCCCC4C23)CC1
C1CCC2C(C1)CC(C1CCCC3CCCC31)C1CCCC21
C1CCC(CCC2CCC3C(CCC3C3CCCCC3)C2)CC1
C(CCC1CCCC2CCCCC12)CCC1CCCC2CCCC12
C1CCC(CCCCC2CC3CCCCC3C2)CC1
C1CCC(C2CCC3CC4C(CCC32)CCC2C3CCC(CCCC5CCC6CCCCC6C5)C3CCC42)CC1
C1CCC2CC(CCCC3CCC4C3CCC3C5CCCCC5CCC43)CC2C1
C1CCC(CCCCCC2CC3CCCCC3C2)CC1
C1CCC(CCC2(CCCC3CC4CCCCC4C3)CCC3C4CCC5CCCCC5C4CCC32)C1
C1CCC(C2CC3CCCC3C3CCC4CCCCC4C23)CC1
C1CCC2CCC(C3CCCC4CCCC43)CC2CC1
C1CCC(CCCCC2CCC3CCC(C4CCCC5CCCC54)CC3C2)CC1
C1CCC2CC(C3CCCC4CCCC43)CCC2C1
C1CCC2C(C1)CCC1CCCCC12
C1CCC2CCC3C4CCCC4CCC3C2CC1
C1CCC2CC(C3CCCC4CCCC43)CCC2C1
C1CCC(CCCCCC2CCCC3C(CC4CCCCC4)CCC23)CC1
C1CCC(CCCCCC2CC3CCCCC3C2)CC1
C1CCC(CCCCC2CCC3CCCCC23)CC1
C1CCC(CCCCCC2CCCC3C(C4CCCCC4)CCC23)CC1
C1CCC2C(C1)CCCC1C3CCCC3CCC21
C1CCC2CC(CCCC3CCC4C3CCC3C5CCCCC5CCC43)CC2C1
C1CCC2CCC(C3CCCC4CCCC43)CC2CC1
C1CCC(CCC2CCCC3CCC4C(CCC4C4CCCCC4)CC23)CC1
C1CCC(CCCCC2CC3CCCCC3C2)CC1
C1CCC2CCC(C3CCCC4CCCC43)CC2CC1
C1CCC(CCCCCC2CCCC3C(CC4CCCCC4)CCC23)CC1
C1CCC2CCC(C3CCCC4CCCC43)CC2CC1
C(CCC1CCCC2CCCCC12)CC1CCC2CCCCC2C1
C1CCC(CC2CC3CCCCC3C3CCC4CCCCC4C23)C1
C1CCC(CCC2CCCC3CC4C(CC5CCCCC5)CCC4CC23)CC1
C1CCC(CCCC2CCCC3CCC(C4CCCC5CCCC54)CC23)CC1
C1CCC(CCCCCC2CC3CCCCC3C2)CC1
C1CCC(CC2CCC3C(CCCCCC4CCC(C5CCCC5)C4)CCCC23)CC1
C1CCC(CCCCC2CC3CCCCC3C2)CC1
C1CCC2C(C1)CCC1C3CCCC3CCC21
C(CCCC1CCCCC1)CCC1CCCCC1
C1CCC(C2CC3CCCC3C3CCC4CCCCCC4C23)CC1
C(CCC1CC2CCCCC2C1)CCC1CCCC2CCCC12
C1CCC2C(C1)CC(C1CCCC1)C1CCCCC21
C1CCC(C2CC3CCCC3C3CCC4CCCCCC4C23)CC1
C1CCC2CCC(C3CCCC4CCCC43)CC2CC1
C1CCC(CCC2CCC3C(CCC3C3CCCCC3)C2)CC1
C1CCC(CC2CCCCC2CC2CC3CCCCC3C3CCC4CCCCC4C23)CC1
C1CCC(C2CCC3CC4C(CCC45CCCCCC5)CC32)CC1
C1CCC2C(C1)CCC1C3CCCCC3CCC21
C1CCC(CCC2CCC3C(CCC3C3CCCCC3)C2)CC1
C1CCC(CCCCCC2CCC3CCCCC3C2)CC1
C1CCC(CCCCCC2CCC3CCCCC23)CC1
C1CCC(CCCCC2CCC3CCCCC23)CC1
C1CCC(C2CC3C(CCC4CC4)CCC3C3CCC4CCCCC4C23)CC1
C1CCC(CCC2CCC3C(CCC3C3CCCCC3)C2)CC1
C(CCC1CCCCC2CCCCC12)CC1CCC2CCCCC2C1
C(CCCC1CCCC2C(C3CCCCC3)CCC12)CCC1CCC(C2CCCC2)C1
C1CCC(C2CCC3CC4C(CCCC45CC(C4CCCCC4)C(C4CCCCC4)C5)CC32)CC1
C(CCCCC1CCC(C2CCCCC2)C1)CCCC1CCCCC1
C1CCC(C2CCC(CCCCCC3CCCC4CCCCC34)C2)CC1
C1CCC(CCCC2CCC3CCC(C4CCCC5CCCC54)CC3C2)CC1
C1CCC(C2CCC3CCCC3C3CCCC4CCCCC4C23)CC1
C1CCC(CC2CCC3C(CCCCCC4CCC(C5CCCC5)C4)CCCC23)CC1
C1CCC(CC(CC2CCCCC2)C2CCCCC2)CC1
C1CCC(CCCC2(CCCC3CC4CCCCC4C3)CCC3C4CCC5CCCCC5C4CCC32)C1
C(CCCC1CCCCC1)CCCC1CCC(C2CCCCC2)C1
C1CCC(C2CCC3C(CCCCCC4CCC(C5CCCC5)C4)CCCC23)CC1
C1CCC(CCCCCC2CCCC3C(C4CCCCC4)CCC23)CC1
C1CCC2CC(C3CCCC4CCCC43)CCC2C1
C(CCC1CCCC2CCCC12)CC1CC2CCCCC2C1
C1CCC2CCC(C3CCCC4CCCC43)CC2CC1
C1CCC(C2CCC3CCC4C(CCC5C6CCC(CCCC7CCCC8CCCCC87)C6CCC45)CC32)CC1
C1CCC(CCC2CCCCC2)CC1
C1CCC2C(C1)CCC1C3CCCC3CCC21
C(CCC1CCCC2CCCCC12)CC1CC2CCCCC2C1
C1CCC(C2CCC3CC(CC4CCC(CCC5CCCC5)CC4)CCC32)CC1
C1CCC(CC2CCCCC(CCC3CCC(CCC4CCC(C5CC5)CC4)CC3)C2)C1
C(CCCC1(C2CCCCC2)CCC1)CCC1CCC(C2CCCCC2)C1
C(CCC1CCCC2CCCCC12)CC1CCCC2CCCCC2C1
C1CCC(C2CCC3C(CCC3C3CCCCC3)C2)CC1
C1CCC2C(C1)CCC1C3CCCCC3CCC21
C(CCCC1CCCC2C(C3CCCCC3)CCC12)CCC1CCCCC1
C1CCC(C2CCC(CC3CC4CCCCC4C4CCC5CCCCCC5C34)CC2)CC1
C1CCC(CC2CCC3C(CC4CCCCC4)CCC3C2)CC1
C1CCC2CC(CCCC3CCC4C3CCC3C5CCCCC5CCC43)CC2C1
C1CCC(CCC2CCC(CCC3CCCC(CC4CCCC4)C3)CC2)CC1
C1CCC2CC(C3CCCC4CCCC43)CCC2C1
C1CCC(CCCC2CCCC(CC3CCC4CC(CCC5CCC6CCCCC6C5)CCC43)C2)CC1
C1CCC(C2CC3CCCC3C3CCC4CCCCC4CC23)CC1
C1CCC(CCC2CCC3C(CCC3C3CCCCC3)C2)CC1
C1CCC2CCC(C3CCCC4CCCC43)CC2CC1
C1CCC(CCC2CCC3C(CCC3C3CCCCC3)C2)CC1
C1CCC2CCC(C3CCCC4CCCC43)CC2CC1
C1CCC(C2CCC3C(CCC4CCCCC43)C2)CC1
C(CCCC1CCCCC1)CCCC1CCC(C2CCCCC2)C1
C1CCC(CCCCCC2CCC3CCC(C4CCCC5CCCC54)CC3C2)CC1
C1CCC(C2CC3CCCC3C3CCC4CCCCC4C23)CC1
C(CCCC1CCCC2C(C3CCCCC3)CCC12)CCC1CCCCC1
C1CCC2CC(C3CCCC3)C3CCCCC3CC2C1
C1CCC(CCCCC2C3CCCCCC3CCC2C2CCCC3CCCC32)CC1
C1CCC(C2CC3CCCCC3C3CCC4CCCCC4C23)CC1
C1CCC(CCC2CC3CCCC3C3CCC4CCCCC4C23)CC1
C1CCC(CCCCC2CC3CCCCC3C2)CC1
C1CCC2CC(CC3CCCC4CCCC43)CCC2C1
C1CCC(CCCCCC2CCCC3C(C4CCCCC4)CCC23)CC1
C(CCC1CCCC2CCCCC12)CC1CCCC2CCCCC12
C1CCC2CC(CCCC3CCC4C3CCC3C5CCCCC5CCC43)CC2C1
C(CCC1CCCC2CCCCC12)CC1CCC2CCCCC2C1
C1CCC(CCC2CCCCC2)CC1
C1CCC(C2CCC(CCCCCC3CCCC4C(C5CCCCC5)CCC34)C2)CC1
C(CCC1(C2CCCC2)CCCC2CCCCC21)CC1CCC2CCCCC2C1
C1CCC(CCCCCC2CCCC3C(CC4CCCC(CC5CC5)C4)CCC23)CC1
C1CCC(C2CCC3CCCC3C3CCC4CCCCC4C23)CC1
C(CCCCC1CCC(C2CCCCC2)C1)CCCC1CCCCC1
C1CCC(CCCC2CCC(CCC3CCCCC3)CC2)CC1
C1CCC2C(C1)CC(C1CCCC3CCCC31)C1CCCC21
C1CCC2C(C1)CCCC2CCCC1CCCC2CCCCC21
C1CCC2CCC3CCCCC3C2CC1
C1CCC2C(C1)CCC1C3CCCC3CCC21
C1CCC(C2CC3CCCC3C3CCC4CCCCC4C23)CC1
C(CCCCC1CCC(C2CCCCC2)C1)CCCC1CCCCC1
C1CCC2CCC3C4CCCC4CCC3C2CC1
C(CCCCC1CCC(C2CCCCC2)C1)CCCC1CCCCC1
C1CCC2CC(CCCC3CCC4C3CCCC3C5CCCCC5CCC34)CC2C1
C1CCC(CCCCC2CC3CCCCC3C2)CC1
C1CCC(CCCCCC2CCCC3C2CCC3C2CCCC(CCC3CCCC3)C2)CC1
C1CCC2CCC(C3CCCC4CCCC43)CC2CC1
C1CCC(CCC2CCC3C(CCC3C3CCCC3)C2)CC1
C1CCC2CC(CCCC3CCC4C3CCCC3C5CCCCC5CCC34)CC2C1
C1CCC(CCC2CCC3C(CCC4C5CCCCC5CC(CCC5CCCCC5)C34)C2)CC1
C1CCC(CCCC2CCC3CCC(C4CCCC5CCCC54)CC3C2)CC1
C1CCC2CC(CCCC3CCC4C3CCC3C5CCCCC5CCC43)CC2C1
C1CCC2CC(C3CCCC4CCCC43)CCC2C1
C1CCC(CCC2CCC3C(CCC3C3CCCCC3)C2)CC1
C1CCC(CCC2CCC3C(CC4CCCCC4)CCC3C2)CC1
C1CCC(C2CC3CCCCC3C3CCC4CCCCC4C23)CC1
C1CCC2C(C1)CCC1C3CCCCC3CCC21
C1CCC(C2CCC3CC4C(CCC5C6CCC(CCCC7CC8CCCCC8C7)C6CCC45)CC32)CC1
C1CCC(C2CCC3CC4C(CCC45CCCCC5)CC32)CC1
C1CCC(CC2CC3CCCCC3C3CCC4CCCCCC4C23)CC1
C1CCC(C2CCC3CC4C(CCC32)CCC2C3CCC(CCCC5CC6CCCCC6C5)C3CCC42)CC1
C1CCC(CCCCCC2CCCC3C(C4CCCCC4)CCC23)CC1
C1CCC(C2CCC3(CCC4CC5C(CCC5C5CCCCC5)CCC43)C2)CC1
C(CCC1CCCC2CCCCC12)CC1CC2CCCCC2C1
C1CCC(CCCCC2CC3CCCCC3C2)CC1
C1CCC2CCC3C4CCC(CCCC5CCCC6CCCCC65)C4CCC3C2CC1
C1CCC(CCCCCC2CCCC3C(CC4CCCCC4)CCC23)CC1
C1CCC(CCCCC2CC3CCCCC3C2)CC1
C1CCC2CC(CC3CCCC4CCCC43)CCC2C1
C1CC2CCC3C(CCCC4CCC5CC5C43)C2C1
C1CCC(CC2CCCCC2CC2CC3CCCCC3C3CCC4CCCCC4C23)CC1
C1CCC(CCCCC2CC3CCCCC3C2)CC1
C1CCC(CC2CC3CCCCC3C2C2CCCCC2)CC1
C1CCC2CCC3C4CCCCC4CCC3C2CC1
C1CCC(C2CCC3CC4CCCCC4CC32)CC1
C(CCCC1CCCC2C(C3CCCCC3)CCC12)CCC1CCCCC1
C(CCC1CC2CCCCC2C1)CCC1CCCC2CCCC12
C1CCC(CCC2CCC3C(CCC3C3CCCCC3)C2)CC1
C1CCC(CC2CC3CCCCC3C3CCCCC23)CC1
C1CCC(C2CCC3C(CCC4CCCCC43)C2)C1
C1CCC(C2CCC(CCCCCC3(C4CCCCC4)CCC3)C2)CC1
C1CCC(CC2CCC3C(CCC3C3CCCCC3)C2)CC1
C1CCC2C(C1)CCC1C3CCCC3CCC21
C1CCC2CC(C3CCCC4CCCC43)CCC2C1
C1CCC(CCCCC2CCCC(C3CCC4CC(CCC5CCC6CCCCC6C5)CCC43)C2)CC1
C(CCC1CCC2C1CCC1C3CCCCC3CCC21)CC1CC2CCCCC2C1
C(CCC1CCCC2CCCCC12)CC1CCC2CCCCC2C1
C1CCC(CCCC2(CCC3CCCC3)CCC3C4CCCC5CCCCC5C4CCC32)C1
C1CCC2CC(CCCC3CCC4C3CCC3C5CCCCC5CCC43)CC2C1
C1CCC(C2CCC3CC4(CCCCC4C4CCCCC4)CCCC32)CC1
C1CCC2C(C1)CCC1C2CCC2C3CCCC3CC21
C1CCC2C(C1)CC(C1CCCC1)C1CCCCC21
C1CCC2C(C1)CCC1C3CCCC3CCC21
C1CCC(CCCC2CCC3C2CCC2C4CCCCC4CCCC32)C1
C1CCC2CCC(C3CCCC4CCCC43)CC2CC1
C1CCC(C2CCCC3(CCC4CC5C(CCC5C5CCCCC5)CC43)C2)CC1
C1CCC(C2CCC3CCCCC3C3CCC(CCC4CCCC4)CC23)CC1
C1CCC(CCC2CCC(CCC3CCCC(CC4CCCC4)C3)CC2)CC1
C1CCC(CC2CC3CCCCC3C3CCC4CCCCCC4C23)CC1
C1CCC(C2CCC3CC4C(CCC5C6CCC(CCCC7CCC8CCCCC8C7)C6CCC45)CC32)CC1
C1CCC(C2CCC3(CCCC4CC5C(CCC5C5CCCCC5)CC43)C2)CC1
C1CCC2C(C1)CCC1C3CCCCC3CCC21
C1CCC(C2CC3CCCCC3C3CCC4CCCCC4C23)CC1
C1CCC2CC(C3CCCC4CCCC43)CCC2C1
C1CCC2CCC3C4CCCC4CCC3C2CC1
C1CCC2C(C1)CCC1CCCCC12
C1CCC(CCCC2CCCC3CCC(C4CCCC5CCCC54)CC3C2)CC1
C1CCC(CCCC2CCCC3CCC(C4CCCC5CCCC54)CC3C2)CC1
C1CCC(CCC2CCC(CCC3CCCCC(CC4CCCC4)C3)CC2)CC1
C1CCC2CCC3C4CCCCC4CC(CC4CCCC4)C3C2CC1
C1CCC(C2CC3CCCC3CC3CCC4CCCCC4C32)CC1
C1CCC(C2CCC3CC4C(CCC45CCCCC5)CC32)CC1
C1CCC(C2CC3CCCC3C3CCC4CCCCCC4C23)CC1
C1CCC(C2CCCC3C(CCC4CCCCC43)C2)CC1
C1CCC(C2CC3CCCCC3C3CCC(CCC4CCCC4)CC23)CC1
C1CCC(C2CCCC3(CCC4CC5C(CCC5C5CCCCC5)CC43)C2)CC1
C1CCC2CC(C3CCCC4CCCC43)CCC2C1
C1CCC(CCCCCC2CCCC3CCCC23)CC1
C1CCC2CC(C3CCCC4CCCC43)CCC2C1
C1CCC(CCC2CCC(CCC3CCCCC3)CC2)CC1
C1CCC(CCC2CCC3C(CCC3C3CCCCC3)C2)CC1
C(CCC1CCC2C1CCC1C3CCCCC3CCC21)CC1CC2CCCCC2C1
C1CCC(C2CCC3C(CCCC4CCCCC43)C2)CC1
C1CCC(C2CCC3CC4C(CCCC45CCCC5)CC32)CC1
C1CCC(CCCCC2CCC3CCCCC23)CC1
C1CCC(CCCCC2CCC3CCCCC3C2)CC1
C1CCC(CC2CC3CCCCC3CC3CCC4CCCCC4C32)CC1
C1CCC(CCCC2CC3CCCC3C3CCC4CC(CCC5CCCCC5)CCC4C23)CC1
C1CCC(C2CCC3CC4C(CCC5C6CCC(CCCCC7CCC8CCCCC8C7)C6CCC45)CC32)CC1
C1CCC(C2CCC3CC4C(CCC45CCCC5)CC32)CC1
C(CCCC1CCCC2C(C3CCCCC3)CCC12)CCC1CCCCC1
C1CCC2CCC3C4CCCCC4CC(CC4CCCC4)C3C2CC1
C1CCC(C2CCC3CC4C(CCCC45CCCCC5)CC32)CC1
C1CCC(CCCCCC2CC3CCCCC3C2)CC1
C1CCC2CC(C3CCCC4CCCC43)CCC2C1
C1CCC(CCC2CCC(C3CCC4C(CC5CCCCC5)CCC4C3)CC2)CC1
C1CCC(CCC2CCC3C(CCC4CCCCC43)C2)CC1
C1CCC(C2CCC3C(CCC4CCCCC43)C2)CC1
C1CCC(CC2CCC3CC4CCCCC4CC23)CC1
C1CCC(C2CCC3CC4C(CCC45CCCCC5)CC32)CC1
C1CCC2C(C1)CC(C1CCCC1)C1CCCCC21
C1CCC(CC2CC3CCCCC3C3CCC4CCCCC4C23)CC1
C1CCC(CCCCC2CC3CCCCC3C2)CC1
C1CCC(CCC(CCC2CCC3CCCCC3C2)CC2CCCCC2)CC1
C1CCC2C(C1)CCC1C3CCCC3CCC21
C1CCC2C(C1)CCC1C3CCCC3CCC21
C(CC1CCC(C2CCCC2)CC1)CC1CCC2CCCC2C1
C1CCC(C2CC3CCCC3C3CCC4CCCCC4C23)CC1
C1CCC2CCC3C4CCC(CCCC5CC6CCCCC6C5)C4CCC3C2CC1
C1CCC(C2CC3CCCC3C3CCC4CCCCC4C23)CC1
C1CCC(CCCC2CC3CCCCC3C2C2CCCCC2)CC1
C1CCC(CCC(CCC2CCC3CCCC3C2)CC2CCCCC2)CC1
C1CCC(CCCCC2CCC3CCCCC23)CC1
C1CCC(CCC(CC2CC2)CC2CC3CCCCC3C2)CC1
C1CCC(C2CC3CCCC3C3CCC4CCCCC4C23)CC1
C1CCC(CCC2CC3CCCCC3C3CCC4CCCCC4C23)CC1
C1CCC(CCCCC2CCC3CCCCC23)CC1
C(CCCC1CCCC2C(C3CCCCC3)CCC12)CCC1CCCCC1
C1CCC(CCCCCC2CC3CCCCC3C2)CC1
C1CCC(CCC2CCC(CCC3CCCCC(CC4CCCC4)C3)CC2)CC1
C1CCC(CC2CCC3C(CCC3C3CCCCC3)C2)CC1
C1CCC(CCC2CCC3C(CCC4CCCCC43)C2)CC1
C1CCC(C2CC3CCCC3C3CCC4CCCCC4C23)CC1
C1CCC(CCCCCC2CCCC3C(CC4CCCCC4)CCC23)CC1
C1CCC(CC2CC3CCCCC3C3CCC4CCCCC4C23)C1
C1CCC(C2CC3CCCC3C3CCC4CCCCCC4C23)CC1
C1CCC(CC2CC3CCCC3C3CCC4CCCCC4C23)CC1
C1CCC(CCCCC2CC3CCCCC3C2)CC1
C1CCC(CCCCC2CCC3CCC(C4CCCC5CCCC54)CC3C2)CC1
C1CCC(C2CCC3C(CCC4CCCCC43)C2)CC1
C1CCC2CCC(C3CCCC4CCCC43)CC2CC1
C1CCC(CCCCC2CC3CCCCC3C2)CC1
C(CCC1CCCC2CCCCC12)CC1CCCC2CCCCC12
C1CCC(CCCCCC2CC3CCCCC3C2)CC1
C1CCC(CCC2CCC3C(CCC3C3CCCCC3)C2)CC1
C1CCC(CC2CC3CCCCC3C3CCC4CCCCC4C23)C1
C1CCC(CCC2CCC3C(CCC3C3CCCCC3)C2)CC1
C1CCC(CCC2CCC3C(CCC3C3CCCCC3)C2)CC1
C1CCC(CCCCC2CC3CCCCC3C2)CC1
C1CCC(CC2CCC3C(CCC3C3CCCCC3)C2)CC1
C1CCC(CCCC2CCC(CCC3CCCC(CC4CCCC4)C3)CC2)CC1
C1CCC2CC(CCCC3CCC4C3CCCC3C5CCCCC5CCC34)CC2C1
C1CCC(CCC2CCCC3CCC4C(CCC4C4CCCCC4)CC23)CC1
C1CCC(CC2CC3CCCCC3C3CCC4CCCCC4C3C2)CC1
C1CCC(C2CCC3CC4C(CCC5C6CCC(CCCCC7CCC8CCCCC8C7)C6CCC45)CC32)CC1
C1CCC(C2CC3CCCC3CC3CCC4CCCCC4C32)CC1
C1CCC(CCCCCC2CCC3CCCCC23)CC1
C1CCC(CCCCCC2CC3CCCCC3C2)CC1
C1CCC(CCCCCC2CCCC3C(CC4CCCCC4)CCC23)CC1
C1CCC2CC(CCCC3CCCC4CCCCC43)CC2C1
C1CCC(CCCCCC2C3CCCCC3CCC2C2CCCC3CCCC32)CC1
C1CCC(CCCCCC2CC3CCCCC3C2)CC1
C1CCC2C(C1)CCC1C3CCCCC3CCC21
C1CCC(C2C3CCCC3CCC3CC4CCCC4CC32)CC1
C1CCC(CCC2CCC3C(CCC3C3CCCCC3)C2)CC1
C1CCC(CCCC2CCC3C(CCC3C3CCCCC3)C2)CC1
C1CCC(CCCCCC2CCC3CCCCC23)CC1
C1CCC(C2CCC3CC4C(CCC5C6CCC(CCCCC7CC8CCCCC8C7)C6CCC45)CC32)CC1
C1CCC(CCCCCC2CC3CCCCC3C2)CC1
C1CCC(CC2CCC3CC4CCCCC4CC23)CC1
C1CCC2CCC3C(CCC4C5CCCC5CC43)C2CC1
C1CCC(C2CC3CCCC3C3CCCC4CCCCC4C23)CC1
C1CCC(C2CCC3CCC4(CCCCC4C4CCCCC4)CCC32)CC1
C1CCC(CCC(CCC2CCCCC2)CCC2CCC3CCCC3C2)CC1
C1CCC(CCCC2CCC3CCC(CC4CCCC5CCCC54)CC3C2)CC1
C(CCC1CCC2C1CCC1C3CCCCC3CCC21)CC1CC2CCCCC2C1
C1CCC(CCCC2CCCC3CCC(C4CCCC5CCCC54)CC23)CC1
C1CCC(CCCCC2CC3CCCCC3C2)CC1
C1CCC(CCCCC2CC3CCCCC3C2)CC1
C(CCCC1CCCC2C(C3CCCCC3)CCC12)CCC1CCCCC1
C1CCC2CCC(C3CCCC4CCCC43)CC2CC1
C1CCC(CCC2CCC3C(CCC4CCCCC43)C2)CC1
C1CCC2CCC(C3CCCC4CCCC43)CC2CC1
C1CCC(CCCCC2CC3CCCCC3C2)CC1
C1CCC2CC(CCCC3CCC4C3CCC3C5CCCCC5CCC43)CC2C1
C1CCC(C2CCC3CC4C(CCCCC45CCCC5)CC32)CC1
C1CCC(CCCCC2CC3CCCCC3C2)CC1
C1CCC2CC(C3CCCC4CCCC43)CCC2C1
C1CCC2CCC(C3CCCC4CCCC43)CC2CC1
C1CCC(CC2CCCCC2CC2CC3CCCCC3C3CCC4CCCCC4C23)CC1
C1CCC2CCC(C3CCCC4CCCC43)CC2CC1
C1CCC(C2CCC3CCCCC3C3CCC4CCCCC4C23)CC1
C(CCCC1CCCCC1)CCCC1CCC(C2CCCCC2)C1
C1CCC(C2CC3CCCCC3C3CCC4CCCCC4C23)CC1
C(CCC1CC2CCCCC2C1)CCC1CCCC2CCCC12
C(CCC1CCCC2CCCC12)CC1CCCC2CCCCC12
C1CCC(CCCCCC2CCCC3C(C4CCCCC4)CCC23)CC1
C1CCC2C(C1)CCC1C3CCCC3CCCC21
C1CCC(C2CC3CCCC3C3CCCC4CCCCC4C23)CC1
C1CCC(CCCCCC2CC3CCCCC3C2)CC1
C1CCC2CCC3C4CCCC4CCC3C2CC1
C1CCC2CCC3C4CCCC4CCC3C2CC1
C1CCC(C2CC3CCCC3C3CCC4CCCCC4C23)CC1
C1CCC(CCCCC2CC3CCCCC3C2)CC1
C1CCC2CC(C3CCCC4CCCC43)CCC2C1
C1CCC(CC2CCC3CC4C(CCC45CCC(C4CCCCC4)C5)CC23)CC1
C1CCC2CCC3C4CCC(CCCC5CC6CCCCC6C5)C4CCC3C2CC1
C1CCC2CCC(C3CCCC4CCCC43)CC2CC1
C1CCC(C2CCC3CC4C(CCC32)CCC42CCCCC2)CC1
C1CCC(C2CC3CCCC3C3CCC4CCCCC4C23)CC1
C1CCC(CC2CCC(CC(CC3CCCCC3)C3CCCCC3)CC2)CC1
C1CCC2C(C1)CCC1C3CCCCC3CCC21
C1CCC(CCCCCC2CC3CCCCC3C2)CC1
C(CCC1CCCC2CCCCC12)CC1CCC2CCCCC2C1
C(CCC1CCC2CCCCC2C1)CCC1CCCC2CCCCC12
C1CCC2CC(C3CCCC4CCCC43)CCC2C1
C1CCC(CCCCCC2CCC3CCCCC23)CC1
C1CCC(CCC2CCC(C3CC3)CC2)CC1
C1CCC(C2CCC3C(CCC4CCCCC43)C2)CC1
C1CCC(CC2CC3CCCCC3C3CCC4CCCCCC4C23)CC1
C1CCC(CC2(CCCCCC3CCC(C4CCCCC4)C3)CCC2)CC1
C1CCC(CC2CCCC(CCCC3CCC(CCC4CCC(C5CC5)CC4)CC3)C2)C1
C1CCC(CC2CCC3C(CCC3C3CCCCC3)C2)CC1
C1CCC(CCCC2CCCCC2)CC1
C1CCC2C(C1)CCC1C3CCCC3CCC21
C1CCC(CCC2CCC3C2CCC2C4CCCCC4CCC32)C1
C1CCC(CCCCC2(CCC3CCCC3)CCC3C4CCC5CCCCC5C4CCC32)CC1
C1CCC(CCCC(CCC2CCC3CCCC3C2)CC2CCCCC2)CC1
C1CCC(CCC(CC2CC3CCCCC3C2)C2CCCC2)CC1
C1CCC2CCC3C4CCCCC4CCC3C2CC1
C1CCC2CCC3C4CCC(CCCC5CC6CCCCC6C5)C4CCC3C2CC1
C1CCC(CCCCC2CC3CCCCC3C2)CC1
C1CCC2CC(CC3CCCC4CCCC43)CCC2C1
C1CCC(CC2CC3CCCCC3C3CCC4CCCCCC4C23)CC1
C1CCC(CC2CC3CCCCC3C3CCC4CCCCCC4C23)CC1
C1CCC(C2CCC3C(CCC34CCCC4)C3CCC4CCCCCC4C23)CC1
C1CCC(CCC(CCC2CCC3CCCC3C2)CC2CCCCC2)CC1
C1CCC2CC(CCCC3CCC4C3CCC3C5CCCCC5CCC43)CC2C1
C1CCC(CCC(CCC2CCCCC2)CCC2CCC3CCCC3C2)CC1
C(CCCC1CCCC2C(C3CCCCC3)CCC12)CCC1CCC(C2CCCC2)C1
C1CCC(CCC(CCCC2CCC3CCCC3C2)CCC2CCCCC2)CC1
C1CCC(C2CC3CCCC(C3)C3CCC4CCCCC4C32)CC1
C(CCC1CCCC2CCCC12)CC1CC2CCCCC2C1
C1CCC(CCCCCC2CC3CCCCC3C2)CC1
C1CCC2C(C1)CCCC1C3CCCC3CCC21
C1CCC(C2CCC3CC4C(CC5CCC6CCCCC65)CCCC4CC32)CC1
C1CCC2CCC(C3CCCC4CCCC43)CC2CC1
C1CCC(CCC2CCC3C(CCC3C3CCCCC3)C2)CC1
C1CCC(CCC2CCC3C(CCCC4C5CCCC5CCC34)C2)CC1
C1CCC2CC(CCCC3CCC4C3CCC3C5CCCCC5CCCC43)CC2C1
C(CCC1CCCC2CCCCC12)CC1CC2CCCCC2C1
C1CCC(C2CCC3CCC4CCCCC4CC32)CC1
C1CCC2CCC(C3CCCC4CCCC43)CC2CC1
C1CCC(CCCC(CCC2CCC3CCCC3C2)CC2CCCCC2)CC1
C1CCC(C2CCC3CC4C(CCC5C6CCC(CCCC7CCC8CCCCC8C7)C6CCC45)CC32)CC1
C1CCC(CCCCC2CCC3CCCCC23)CC1
C1CCC(CCC2CCC(CCC3CCCC(CC4CCCC4)CC3)CC2)CC1
C1CCC(C2CC3CCCCC3C3CCCCC23)CC1
C1CCC2CC(C3CCCC4CCCC43)CCC2C1
C1CCC2C(C1)CCC1C3CCCC3CCC21
C1CCC(CCCCCC2CC3CCCCC3C2)CC1
C1CCC(C2CCC3(CCC4CC5C(CCC5C5CCCCC5)CC43)C2)CC1
C1CCC(C2CCC(CCCCCC3CCCC4CCCCC34)C2)CC1
C1CCC(CCCCC2CCC3CCCCC23)CC1
C1CCC(CCC2CCC(CCC3CCCC(CC4CCCC4)C3)CC2)CC1
C1CCC(CCCC(CCC2CCC3CCCC3C2)CC2CCCCC2)CC1
C(CCCC1CCCCC1)CCCC1CCC(C2CCCCC2)C1
C1CCC(C2CC3C(CCC34CCCC4)C3CCC4CCCCC4C23)CC1
C(CCCC1CCCC2C(C3CCCCC3)CCC12)CCC1CCCCC1
C1CCC(C2CCC3CC4C(CCC45CCCCC5)CC32)CC1
C1CCC(CCCCCC2CCCC3C(CC4CCCCC4)CCC23)CC1
C1CCC(CCC2CCC3C(CCC3C3CCCCC3)C2)CC1
C1CCC(C2CC3C(CCC34CCCC4)C3CCC4CCCCC4C23)CC1
C1CCC(CCCCCC2CCCC3C(CC4CCCCC4)CCC23)CC1
C1CCC(CCC2CCC3C(CCC3C3CCCCC3)C2)CC1
C1CCC(CCC2CCC(CCC3CCCC(CCC4CCCC4)C3)CC2)CC1
C1CCC(CCC2CCCCC3CC4C(CCC4C4CCCCC4)CC23)CC1
C(CCCC1CCCC2C(C3CCCCC3)CCC12)CCC1CCCCC1
C1CCC2CCC(C3CCCC4CCCC43)CC2CC1
C1CCC2CC(CCCC3CCCC4C3CCC3C5CCCCC5CCC43)CC2C1
C1CCC(C2CCC3CC4CCCCC4CC32)CC1
C1CCC(CC2CCC(CC(CC3CCCCC3)C3CCCCC3)CC2)CC1
C1CCC2CC(CC3CCCC4CCCC43)CCC2C1
C1CCC(C2CC3CCCC3C3CCCC4CCCCC4C23)CC1
C1CCC(CCC2CCC3C(CCC3C3CCCCC3)C2)CC1
C1CCC2CCC3C4CCC(CCCC5CCCC5)C4CCC3C2CC1
C1CCC(CCC2CCC3CC4C(CCC5CCCCC5)CC5CCCC5C4CCC3C2)CC1
C1CCC(CCC2CCC(C3CCC4C(CCC4C4CCCCC4)C3)CC2)CC1
C1CCC(C2CCC3C(CCC4CCCCC43)C2)CC1
C1CCC2CCC(C3CCCC4CCCC43)CC2CC1
C1CCC(CCC2CCC(C3CCCC4C(C5CCCCC5)CCC34)C2)CC1
C1CCC(CCC2CCC3C(CCC3C3CCCCC3)C2)CC1
C1CCC2CC(C3CCCC4CCCC43)CCC2C1
C(CCC1CCCC2CCCCC12)CC1CCC2CCCCC2C1
C1CCC(C2CC3CCCC3C3CCCC4CCCCC4C23)CC1
C1CCC(CC2CCC(CC(CC3CCCCC3)C3CCCCC3)CC2)CC1
C1CCC2C(C1)CCC1CCCCC12
C(CCC1CCC2CCCCC2C1)CCC1CCCC2CCCC12
C(CCCCC1CCC(C2CCCCC2)C1)CCCC1CCCCC1
C1CCC(CCCCCC2CCC3CCCCC23)CC1
C1CCC(CCCCCC2CCCC3C(CC4CCCCC4)CCC23)CC1
C1CCC(CCCCC2CC3CCCCC3C2)CC1
C1CCC(C2CCC3C(CCCCCC4CC4)CCCC23)CC1
C1CCC(C2CCC3CC4C(CCCC45CCCCC5)CC32)CC1
C1CCC2C(C1)CCC1C3CCCCC3CCC21
C1CCC(CCCCCC2CCCC3C(C4CCCCC4)CCC23)CC1
C1CCC(CCC2CCC(C3CCC4C(CCC4C4CCCCC4)C3)CC2)CC1
C1CCC(CCCCCC2CCCC3C(C4CCCCC4)CCC23)CC1
C1CCC(C2CCC3CC4C(CCC5C6CCC(CCCC7CC8CCCCC8C7)C6CCC45)CC32)CC1
C1CCC(CCCC2CCC3CCC(CC4CCCC5CCCC54)CC3C2)CC1
C1CCC2C(C1)CC(C1CCCC1)C1CCCC21
C1CCC(CCCC2CCC(CCC3CCCC(CC4CCCC4)C3)CC2)CC1
C1CCC2C(C1)CCC1C3CCCC3CCCC21
C1CCC(CCC2CC3CCCCC3C3CCC4CCCCC4C23)CC1
C(CCC1CCCC2CCCCC12)CC1CC2CCCCC2C1
C1CCC2CC(C3CCCC4CCCC43)CCC2C1
C1CCC(C2CCC3CC4(CCCCCC4C4CCCCC4)CCCC32)CC1
C1CCC2C(C1)CCCC1CCCCC12
C1CCC(CCC2CCC3C(CCC3C3CCCCC3)C2)CC1
C1CCC2CCC3C4CCC(CCCC5CC6CCCCC6C5)C4CCC3C2CC1
C1CCC(C2CC3CCCC3C3CCCC4CCCCC4C23)CC1
C(CCC1(C2CCCC2)CCCC2CCCCC21)CC1CCC2CCCCC2C1
C1CCC(CCCCC2CC3CCCCC3C2)CC1
C1CCC2CC(C3CCCC4CCCC43)CCC2C1
C1CCC(C2CC3C(CCC34CCCCC4)C3CCC4CCCCC4C23)CC1
C1CCC(CCC2CCC(C3CC3)CC2)CC1
C1CCC(CCC(CC2CC3CCCCC3C2)C2CCCC2)CC1
C1CCC(CCCC2CCCCC2)CC1
C1CCC(CCCC2CCC3CCC(CC4CCCC5CCCC54)CC3C2)CC1
C1CCC(CCCCCC2CC3CCCCC3C2)CC1
C1CCC2C(C1)CCC1C3CCCC3CCC21
C1CCC(C2CC3CCCC3C3CCC4CCCCC4C23)CC1
C1CCC(CCC2CCC(CC3CC3)CC2)CC1
C1CCC(CCC2CCC3C(CCC3C3CCCC(CC4CCCC4)C3)C2)CC1
C(CCCC1CCCC2C(C3CCCCC3)CCC12)CCC1CCCCC1
C1CCC(CCCCCC2CC3CCCCC3C2)CC1
C1CCC(C2CC3CCCC3C3CCC4CCCCC4CC23)CC1
C1CCC(CC2CCC(CC(CC3CCCCC3)C3CCCCC3)CC2)CC1
C1CCC(C2CCC3CCCC3C3CCC4CCCCCC4C23)CC1
C1CCC2CC(CCCC3CCC4C3CCC3C5CCCCC5CCC43)CC2C1
C1CCC(C2CC3CCCC3C3CCC4CCCCC4C23)CC1
C1CCC2CCC(C3CCCC4CCCC43)CC2CC1
C1CCC(CCCC2CCC(C3CCC4C(CCC4C4CCCCC4)C3)CC2)CC1
C(CCCC1CCCC2CCCC12)CCC1CCCCC1
C1CCC2CCC3C4CCCC4CCC3C2CC1
C1CCC2CC(CCCC3CCC4C3CCCC3C5CCCCC5CCC34)CC2C1
C1CCC(CCC2CCC3C(CCC3C3CCCCC3)C2)CC1
C(CCC1CCCC2CCCCC12)CC1CC2CCCCC2C1
C1CCC2C(C1)CCC1C2CCC2C3CCCC3CC21
C1CCC(CCCCCC2CCCC3C(CC4CCCCC4)CCC23)CC1
C1CCC(CCCC2CCC(C3CCC4C(CCC4C4CCCCC4)C3)CC2)CC1
C1CCC(CC2CCCC(CC3CC4CCCCC4CC4CCC5CCCCC5C43)C2)CC1
C1CCC(C2CCC(CCCCCC3CCCC4CCCCC34)C2)CC1
C1CCC(C2CCC3CC4(CCCCCCC4C4CCCCC4)CCC32)CC1
C(CCC1CCCC2CCCCC12)CC1CC2CCCCC2C1
C1CCC(C2CC3CCCCC3C3CCC(CCC4CCCC4)CC23)CC1
C1CCC2CC(CCCC3CCC4C3CCC3C5CCCCC5CCC43)CC2C1
C1CCC(C2CCC3CC4(CCCCC4C4CCCCC4)CCCC32)CC1
C1CCC(C2CCC3CC4C(CCC45CCCC5)CC32)CC1
C1CCC2C(C1)CCC1CCCCC12
C1CCC2C(C1)CCCC1CCCCC12
C1CCC2CC(CCCC3CCC4C3CCC3C5CCCCC5CCC43)CC2C1
C1CCC2CCC3C4CCCC4CCC3C2CC1
C1CCC(CC2CCC3C(CCC3C3CCCCC3)C2)CC1
C1CCC2CCC(C3CCCC4CCCC43)CC2CC1
C1CCC2CC(CCCC3CCCC4C3CCC3C5CCCCC5CCC43)CC2C1
C1CCC2CCC3C4CCCC4CCC3C2CC1
C1CCC(CC2CC3CCCCC3C3CCC4CCCCC4C3C2)CC1
C1CCC(CC2CC3CCCCC3C3CCC4CCCCC4C23)CC1
C(CCCC1CCCC2C(C3CCCCC3)CCC12)CCC1CCCCC1
C1CCC(CCCCCC2CCC3CCCC3C2)CC1
C1CCC(CCCCC2CC3CCCCC3C2)CC1
C1CCCC(C2CCC3CC4C(CCC5C6CCC(CCCC7CC8CCCCC8C7)C6CCC45)CC32)CC1
C1CCC(CCCC23CCCC2CC2C4CCC5CCCCC5C4CCC23)CC1
C1CCC2CC(CC3CCCC4CCCC43)CCC2C1
C(CCC1CC2CCCCC2C1)CCC1CCCC2CCCC12
C1CCC(CCC2CCC3C(CC4CCCCC4)CCC3C2)CC1
C1CCC(C2CCC3CC4C(CCC45CCCCC5)CC32)CC1
C1CCC(CC2CC3CCCCC3C3CCC4CCCCC4C23)CC1
C1CCC(C2CCCC3C(CCC4CCCCC43)C2)CC1
C1CCC(CC2CCCCCC23CCCC2C(CCC2C2CCCCC2)C3)CC1
C(CCCC1CCCC2CCCCC12)CCC1CCC(C2CCCCC2)C1
C1CCC(CC2CCCCCCC23CCC2C(CCC2C2CCCCC2)C3)CC1
C1CCC(CCC2CCC3C(CC4CCCCC4)CCC3C2)CC1
C1CCC(CCCCCC2CCC3CCCC3C2)CC1
C1CCC(CCCCC2CC3CCCCC3C2)CC1
C1CCC2CC(C3CCCC4CCCCC43)C3CCCC3C2CC1
C1CCC(CCC2CCC(CCCC3CCCC(CC4CCCC4)C3)CC2)CC1
C1CCC(C2CCC(CCCCCC3CCCC4CCCCC34)C2)CC1
C1CCC(CCCCCC2CC3CCCCC3C2)CC1
C(CCCC1CCCC2C(C3CCCCC3)CCC12)CCC1CCCCC1
C1CCC(CC2CC3CCCCC3C3CCC4CCCCC4C23)CC1
C1CCC(CCC(CC2CC2)CC2CC3CCCCC3C2)CC1
C1CCC(CCCC2CCC3CCC(C4CCCC5CCCC54)CC3C2)CC1
C(CCCC1CCCC2C(C3CCCCC3)CCC12)CCC1CCCCC1
C1CCC(CCCCC2C3CCCCC3CCC2C2CCCC3CCCC32)CC1
C1CCC(CCCCC2CCC3CCCCC23)CC1
C1CCC(CCC2CCC3C(CCC3C3CCCCC3)C2)CC1
C1CCC(CCC2CCC(CCC3CCCC(CC4CCCCC4)C3)CC2)CC1
C1CCC(C2CCC(CCCCCC3CCCC4CCCCC34)C2)CC1
C1CCC(CCC2CCC3C(CCC3C3CCCC(CC4CCCC4)C3)C2)CC1
C(CCCC1CCCC2CCCC12)CCC1CCCCC1
C1CCC(CC2CC3CCCCC3C3CCC4CCCCC4C23)C1
C1CCC(C2CC3CCCCC3C3CCCCC3C2)CC1
C1CCC(CC2CC3CCCCC3C3CCC4CCCCC4C23)C1
C1CCC(CCCCCC2CCC3CCCCC23)CC1
C(CCCC1CCCC2C(C3CCCCC3)CCC12)CCC1CCCCC1
C1CCC(CCCCCC2CCCC3C(C4CCCCC4)CCC23)CC1
C1CCC(CCCCC2CC3CCCCC3C2)CC1
C1CCC(CCCCCC2CCC3C2CCC2C4CCCCC4CCC32)CC1
C1CCC2CCC3C4CCCCC4CC(CC4CCCC4)C3C2CC1
C1CCC(C2CCC3CC4(CCCCC4C4CCCCC4)CCCC32)CC1
C1CCC2CCC(C3CCCC4CCCC43)CC2CC1
C1CCC(CCCC2CCC3CCCC3C2)CC1
C1CCC(C2CC3CCCC3C3CCC4CCCCC4C23)CC1
C1CCC(C2CC3CCCC3C3CCC4CCCCC4C23)CC1
C1CCC(CCC2CCCC3CCC(CC4CCCC5CCCC54)CC23)CC1
C1CCC(C2CC3CCCC3C3CCC4CCCCC4C23)CC1
C1CCC(C2CCC3CCCC3C3CCC4CCCCC4C23)CC1
C1CCC(CCCCC2CCC3CCCCC23)CC1
C1CCC(C2CCC3CC4C(CCCC45CCCCC5)CC32)CC1
C1CCC(C2CCC(CCCCCC3(C4CCCC4)CCCC4CCCCC43)C2)CC1
C1CCC(CCCCC2CC3CCCCC3C2)CC1
C(CCCC1CCCC2C(C3CCCCC3)CCC12)CCC1CCCCC1
C1CCC(CCCCCC2CCCCC2)CC1
C(CCCC1CCCC2C(C3CCCCC3)CCC12)CCC1CCCCC1
C1CCC(C2CCC3CC4C(CCC5C6CCC(CCCCC7CCC8CCCCC8C7)C6CCC45)CC32)CC1
C1CCC2C(C1)CCC1C3CCCC3CCC21
C1CCC2CC(C3CCCC4CCCC43)CCC2C1
C(CCCC1CCCC2C(C3CCCCC3)CCC12)CCC1CCCCC1
C(CCCC1CCCC2C(C3CCCCC3)CCC12)CCC1CCCCC1
C1CCC(CCCCC2CC3CCCCC3C2)CC1
C1CCC(C2CC3CCCC3C3CCC4CCCCC4CC23)CC1
C1CCC2C(C1)CCC1C3CCCC3CCC21
C1CCC(CCC2CCC3C(CCC3C3CCCCC3)C2)CC1
C1CCC(C2CCC3CC4C(CCC5C6CCC(CCCC7CCC8CCCCC8C7)C6CCCC45)CC32)CC1
C1CCC(CC2CCC3CCCCC3C3CCC4CCCCC4C23)C1
C1CCC2C(C1)CCC1C3CCCCC3CCC21
C1CCC2CC(C3CCCC4CCCC43)CCC2C1
C1CCC(CCC2CC3CCCCC3C3CCC4CCCCC4C23)CC1
C1CCC(CCCCC2CC3CCCCC3C2)CC1
C1CCC(CCCCCC2CCCC3C(C4CCCCC4)CCC23)CC1
C1CCC(CC2CCC3CC4C(CCC5C6CCCC6CCC45)CC23)CC1
C1CCC(CC2CC3CCCCC3C3CCC4CCCCC4C23)CC1
C1CCC(C2CCC3CC4C(CCC32)CCC2C3CCCC3CCC42)CC1
C1CCC2CC(C3CCCC4CCCC43)CCC2C1
C1CCC(CCCCCC2CCCC3C(C4CCCCC4)CCC23)CC1
C1CCC(C2CC3C(CCC4CC4)CCC3C3CCC4CCCCCC4C23)CC1
C(CCCC1CCCC2CCCCC12)CCC1CCC(C2CCCCC2)C1
C1CCC2CCC3C4CCCC4CCC3C2CC1
C1CCC(CCCCCC2CCC3CCCCC23)CC1
C1CCC(CC2CC3CCCCC3C3CCC4CCCCC4C23)CC1
C1CCC(CC2CCC3CCCCC3C2)C1
C1CCC(C2CCC3C(CCCCCC4CCC(C5CCCC5)C4)CCCC23)CC1
C1CCC(CCCCCC2CC3CCCCC3C2)CC1
C(CCC1CCCC2CCCC12)CC1CC2CCCCC2C1
C1CCC(CCCC2CCC3CCC(C4CCCC5CCCC54)CC3C2)CC1
C1CCC(CCC2CCC3C(CCC3C3CCCCC3)C2)CC1
C1CCC2CCC(C3CCCC4CCCC43)CC2CC1
C1CCC(CCC(CC2CCCC2)CC2CC3CCCCC3C2)CC1
C1CCC(CC2CC3CCCCC3C3CCC4CCCCCC4C23)CC1
C(CCCC1CCCC2C(C3CCCCC3)CCC12)CCC1CCCCC1
C1CCC2C(C1)CCC1C3CCCC3CCC21
C1CCC(CCC2CCC(CCC3CCCC(CC4CCCC4)C3)CC2)CC1
C1CCC2CC(CCCC3CCCC4CCCCC43)CC2C1
C1CCC2C(C1)CCC1C2CCC2C3CCCC3CC21
C1CCC(C2CC3C(CCC4CC4)CCC3C3CCC4CCCCC4C23)CC1
C1CCC2CC(C3CCCC4CCCCC43)C3CCCC3C2CC1
C1CCC2CC(CCCC3CCC4C3CCC3C5CCCCC5CCC43)CCC2C1
C1CCC2CC3CCCCC3CCC2C1
C1CCC2CCC3C4CCC(CCCC5CC6CCCCC6C5)C4CCC3C2CC1
C1CCC2CC(CCCC3CCCC4CCCCC43)CC2C1
C1CCC(CC2CC3CCCCC3C3CCC4CCCCCC4C23)CC1
C1CCC(CC2CC3CCCCC3C3CCC4CCCCCC4C23)CC1
C1CCC(C2CCC3CC4C(CCC5C6CCC(CCCC7CC8CCCCC8C7)C6CCC45)CC32)CC1
C1CCC(CCCCCC2CCCC3C(C4CCCCC4)CCC23)CC1
C1CCC(CCCC2CCC3CCC(C4CCCC5CCCC54)CC3C2)CC1
C1CCC2CCC3C(CCC4C5CCCC5CC43)C2CC1
C1CCC(C2CCC3C(CCC4CCCCC43)C2)CC1
C1CCC(C2CCC3CC4C(CCC32)CCC2C3CCC(CCCC5CCC6CCCCC6C5)C3CCC42)CC1
C1CCC2CC(CCCC3CCC4C3CCC3C5CCCCC5CCC43)CC2C1
C1CCC2CCC(C3CCCC4CCCC43)CC2CC1
C1CCC(C2CC3CCCCC3C3CCC4CCCCC4C23)CC1
C(CCC1CCCC2CCCCC12)CC1CCC2CCCCC2C1
C1CCC(C2CCC3CC4C(CCC32)CCC2C3CCCC3CCC42)CC1
C1CCC(CCCC2CCC3CCCC3C2)CC1
C1CCC(CCC2CCCC(C3CCC4CC(CCC5CCC6CCCCC6C5)CCC43)C2)C1
C1CCC(CCCC2CCC3CCC(C4CCCC5CCCC54)CC3C2)CC1
C1CCC(CCC2CCC3C(CCC3C3CCCCC3)C2)CC1
C1CCC(C2CC3CCCCC3C3CCC4CCCCC4C23)CC1
C(CCCC1(C2CCCCC2)CCC1)CCC1CCC(C2CCCCC2)C1
C1CCC(C2CCC3CC4C(CCCC45CCCCC5)CC32)CC1
C(CCC1CCCC2CCCC12)CC1CC2CCCCC2C1
C1CCC2CC(C3CCCC4CCCC43)CCC2C1
C1CCC(C2CC3CCCCC3C3CCCCC23)CC1
C1CCC(CCC2CCC(CC3CC3)CC2)CC1
C1CCC2CC(C3CCCC4CCCC43)CCC2C1
C1CCC(CC2CCC3C(CCCCCC4CCC(C5CCCC5)C4)CCCC23)CC1
C1CCC2CC(C3CCCC4CCCC43)CCC2C1
C1CCC2CC(C3CCCC4CCCC43)CCC2C1
C1CCC(CCCCCC2CCCC3C(C4CCCCC4)CCC23)CC1
C1CCC2CCC(C3CCCC4CCCC43)CC2CC1
C1CCC(CCC(CCC2CCC3CCCC3C2)CC2CCCCC2)CC1
C1CCC(CCCCC2CC3CCCCC3C2)CC1
C1CCC(CCCCC2CCC3CCCCC23)CC1
C1CCC(C2CC3CCCCC3C3CCCCC3C2)CC1
C1CCC(CCCCCC2CCCC3C(C4CCCCC4)CCC23)CC1
C1CCC(CCC2CCC(CCC3CCCCC3)CC2)CC1
C1CCC(CCC2CCC3C(CC4CCCCC4)CCC3C2)CC1
C1CCC(C2CCC3CC4C(CCC5C6CCC(CCCC7CC8CCCCC8C7)C6CCCC45)CC32)CC1
C1CCC(CCC2CCC3C(CCC4CC(C5CCCCC5)CCC43)C2)CC1
C1CCC(CCCCC2(CCC3CCCC3)CCC3C4CCC5CCCCC5C4CCC32)CC1
C1CCC(CCCCC2CCC3CCCCC23)CC1
C1CCC(CC2CC3CCCCC3C3CCC4CCCCCC4C23)CC1
C1CCC(CCCC2CC3CCCCC3C2C2CCCCC2)CC1
C1CCC(CCCCCC2CC3CCCCC3C2)CC1
C1CCC(CCC2CCC3C(CCC3C3CCCCC3)C2)CC1
C(CCCC1CCCC2C(C3CCCCC3)CCC12)CCC1CCCCC1
C1CCC(CCCCCC2CC3CCCCC3C2)CC1
C1CCC2CCC3C4CCCC4CCC3C2CC1
C1CCC(CCCCCC2CC3CCCCC3C2)CC1
C1CCC(CCCCCC2CC3CCCCC3C2)CC1
C1CCC(CCC2CCCC3CC4C(CCC4C4CCCCC4)CC23)CC1
C1CCC(CC2CCC3CC4C(CCCC5CC5)CCCC4CC23)CC1
C1CCC(C2CC3CCCC3C3CCC4CCCCC4C23)CC1
C(CCC1CCC2C1CCC1C3CCCCC3CCC21)CC1CCC2CCCCC2C1
C1CCC2C(C1)CCCC1C2CCC2C3CCCC3CC21
C1CCC(CCCCC2CC3CCCCC3C2)CC1
C1CCC(CC2CC3CCCCC3C2C2CCCCC2)CC1
C(CCC1CCCC2CCCC12)CC1CC2CCCCC2C1
C1CCC(CCC2CCC(CCC3CCCC(CC4CCCC4)C3)CC2)CC1
C1CCC(CCC2CCC(CCC3CCCC(CC4CCCC4)C3)CC2)CC1
C1CCC(CCCCCC2CCC3CCCCC23)CC1
C(CCCC1CCCCC1)CCCC1CCC(C2CCCCC2)C1
C1CCC(CCC2CC3CCCC3CC3CCC4CCCCC4C23)CC1
C1CCC(C2CCC3CC4(CCCCCCC4C4CCCCC4)CCC32)CC1
C1CCC2C(C1)CCC1C2CCC2C3CCCC3CCC21
C1CCC(CCCCCC2CCC3CCCCC23)CC1
C1CCC(C2CCC3C(CCC3C3CCCCC3)C2)CC1
C1CCC(CCC2CCC3C(CCC3C3CCCCC3)C2)CC1
C1CCC2C(C1)CCC1CCCCC12
C1CCC(CC2CCCC2CC2CCC3CCCCC3C3CCC4CCCCC4C23)CC1
C1CCC(CCCCC2CC3CCCCC3C2)CC1
C(CCCC1CCCCC1)CCCC1CCC(C2CCCCC2)C1
C1CCC(C2CC3CCCC3C3CCC4CCCCC4C23)CC1
C1CCC(CCC2(CCCC3CC4CCCCC4C3)CCC3C4CCC5CCCCC5C4CCC32)C1
C1CCC(CCC2CCC3C(CCC3C3CCCC(CC4CCCC4)C3)C2)CC1
C1CCC(CCCC2CCCC3CCC(C4CCCC5CCCC54)CC3C2)CC1
C1CCC(C2CC3CCCC3C3CCC4CCCCC4C23)CC1
C1CCC2CC(C3CCCC4CCCC43)CCC2C1
C1CCC(CCC2CCC3C(CCC4C5CCCC5CCC34)C2)CC1
C1CCC(CCC2CCC3C(CCC3C3CCCCC3)C2)CC1
C1CCC(CCCC2CCC(C3CCC4C(CCC4C4CCCCC4)C3)CC2)CC1
C1CCC(C2CC3CCCCC3C3CCCCC23)CC1
C1CCC(CCCCC2CC3CCCCC3C2)CC1
C1CC2CCC3C(CCC4CCC5CC5C43)C2C1
C1CCC(CC2CC3CCCCC3C3CCC4CCCCC4C23)CC1
C1CCC(C2CCC3CC4C(CCC5C6CCC(CCCC7CCCC8CCCCC87)C6CCC45)CC32)CC1
C1CCC2C(C1)CC(C1CCCC1)C1CCCCC21
C1CCC(C2CC3CCCC3C3CCC4CCCCC4C23)CC1
C1CCC(CC2CC3CCCCC3C3CCC4CCCCC4C23)CC1
C1CCC(C2CC3CCCC3C3CCC4CCCCC4C23)CC1
C(CCC1CCCC2CCCCC12)CC1CCC2CCCCC2C1
C1CCC2CC(C3CCCC4CCCC43)CCC2C1
C1CCC(CCC2CCC(CCC3CCCC(CC4CCCC4)C3)CC2)CC1
C1CCC(CCCC2CCC3CCCC3C2)CC1
C1CCC(CC2CCC3CCCCC3C3CCC4CCCCC4C23)C1
C1CCC2C(C1)CC(C1CCCC3CCCC31)C1CCCC21
C1CCC(CCCC2(CCC3CCCC3)CCC3C4CCC5CCCCC5C4CCC32)C1
C1CCC2CC(C3CCCC4CCCCC43)C3CCCC3C2CC1
C1CCC(C2CC3CCCC3C3CCC4CCCCCC4C23)CC1
C(CCC1CCCCC2CCCCC12)CC1CCC2CCCCC2C1
C1CCC(CCC(CCC2CCC3CCCC3C2)CC2CCCCCC2)CC1
C1CCC2CC(CCCC3CCCC4CCCCC43)CC2C1
C1CCC(CCC(CC2CCC3C(CCC3C3CCCCC3)C2)C2CCCCC2)CC1
C1CCC(C2CC3CCCCC3C3CCC4CCCCC4C23)CC1
C1CCC(CCCCC2CC3CCCCC3C2)CC1
C1CCC(CC2CC3CCCCC3C3CCCC23)C1
C1CCC(CCCCC2CC3CCCCC3C2)CC1
C1CCC2C(C1)CCC1C3CCCC3CCC21
C1CCC(CC2CCCCC23CCC2C(CCC2C2CCCCC2)C3)CC1
C1CCC(CCC2CCC3C(CCC3C3CCCCC3)C2)CC1
C1CCC2CC(CC3CCCC4CCCCC43)C3C(CCC4CCCCC43)CC2C1
C1CCC(CCC2CCC(CCC3CCCCC3)CC2)CC1
C1CCC(C2CC3CCCC3C3CCC4CCCCC4C23)CC1
C1CCC(C2CCC(C3CC4CCCC4C4CCC5CCCCC5C34)CC2)C1
C1CCC(CC2CCCCC2CC2CC3CCCCC3C3CCC4CCCCC4C23)CC1
C1CCC(CCCCC2CCC3C2CCCC2C4CCCCC4CCC23)CC1
C1CCC2C(C1)CCCC2CC1CC2CCCCC2C2CCC3CCCCC3C12
C1CCC(CC2CC3CCCCC3C3CCC4CCCCCC4C23)CC1
C1CCC2C(C1)CCC1C3CCCC3CCC21
C(CCCC1CCCCC1)CCC1CCCCC1
C1CCC(CCCCCC2CC3CCCCC3C2)CC1
C1CCC2CC(C3CCCC4CCCC43)CCC2C1
C1CCC(CCCCC2CC3CCCCC3C2)CC1
C1CCC(CCC2CCCC3CC4C(CCC4C4CCCCC4)CC23)CC1
C1CCC(CCC2CCC3C(CCC4C5CCCC5CCC34)C2)CC1
C1CCC(CCCC2CC3CCCCC3C2C2CCCCC2)CC1
C1CCC(CC2CC3CCCCC3C3CCC4CCCCC4C23)CC1
C1CCC2C(C1)CCC1C3CCCC3CCC21
C1CCC(C2CCC3CC4C(CCC5C6CCC(CCCCC7CCC8CCCCC8C7)C6CCC45)CC32)CC1
C1CCC(CCCCCC2CC3CCCCC3C2)CC1
C1CCC2CC(C3CCCC4CCCC43)CCC2C1
C1CCC(C2CC3CCCC3C3CCC4CCCCC4C23)CC1
C1CCC(C2CC3CCCCC3C3CCC4CCCCC4C23)CC1
C(CCCC1CCCCC1)CCCC1CCC(C2CCCCC2)C1
C1CCC(C2CCC3CC4C(CCCC5C6CCC(CCCC7CC8CCCCC8C7)C6CCC45)CC32)CC1
C(CCCC1CCCCC1)CCCC1CCC(C2CCCCC2)C1
C1CCC(CC2CCC3CC4C(CCC5C6CCC(CCCC7CC8CCCCC8C7)C6CCC45)CC23)CC1
C1CCC(CCCC23CCCC2CC2C4CCC5CCCCC5C4CCC23)CC1
C1CCC(CCC2CCC(CCCC3CCCC(CC4CCCC4)C3)CC2)CC1
C1CCC(CCCCC2CC3CCCCC3C2)CC1
C1CCC(CCCC2CCC3CCC(C4CCCC5CCCC54)CC3C2)CC1
C1CCC2C(C1)CCC1C3CCCC3CCC21
C1CCC(C2CCC3CC4C5CCC6CCCC6C(CCC4CC32)C5)CC1
C1CCC(C2CCC3CCCC3C3CCC4CCCCC4C23)CC1
C1CCC(CCCC2CCC3CCC(C4CCCC5CCCC54)CC3C2)CC1
C1CCC(CCC2CCC3C(CCC3C3CCCC(CC4CCCC4)C3)C2)CC1
C1CCC2CC3CCC4CCCC4C3CCC2C1
C1CCC2CCC(C3CCCC4CCCC43)CC2CC1
C1CCC(C2CCC3CC4C(CCCC4CC4CCC5CCCCC54)CCC32)CC1
C1CCC2CCC(C3CCCC4CCCC43)CC2CC1
C1CCC(CC2CC3CCCCC3CC3CCC4CCCCC4C32)C1
C1CCC2CC(CCCC3CCCC4C3CCC3C5CCCCC5CCC43)CC2C1
C(CCCC1CCC2CCCC2C1)CCC1CCCCC1
C1CCC(CCC2CCC3C(CCC3C3CCCCC3)C2)CC1
C1CCC2CC(CCCC3CCC4C3CCC3C5CCCCC5CCCC43)CC2C1
C(CCCCC1CCC(C2CCCCC2)C1)CCCC1CCCCC1
C1CCC2CCC3C4CCCCC4CCC3C2CC1
C1CCC(CCC2CCC(CCC3CCCC(CC4CCCC4)C3)CC2)CC1
C1CCC2C(C1)CCC1C3CCCCC3CCC21
C1CCC2CC(CCCC3CCC4C3CCC3C5CCCCC5CCC43)CCC2C1
C1CCC(C2CC3CCCCC3C3CCCCC23)CC1
C(CCC1CCC2C(CCC3C4CCCC4CCCC23)C1)CC1CCC(C2CC3CCCC3C3CCC4CCCCC4C23)CC1
C1CCC(CCCCCC2CCC3CCCCC23)CC1
C1CCC(CCC2CCC3C2CCC(C2CCCCC2)C2C4CCCCC4CCC32)CC1
C1CCC2C(C1)CCCC1CCCCC12
C1CCC(C2CCC3CCCC3C3CCC4CCCCC4C23)CC1
C1CCC(C2CC3CCCC3C3CCC4CCCCC4C23)CC1
C(CCCC1CCCCC1)CCCC1CCC(C2CCCCC2)C1
C1CC2CCC3C(CCC4CCCCC43)CC2C1
C1CCC(CCCCCC2CC3CCCCC3C2)CC1
C1CCC2CCC3C4CCCC4CCC3C2CC1
C1CCC(CCCCCC2CCCC3C(C4CCCCC4)CCC23)CC1
C1CCC2CCC(C3CCCC4CCCC43)CC2CC1
C1CCC(CCCCCC2CCC3CCCCC3C2)CC1
C1CCC2CC(CCCC3CCC4C3CCC3C5CCCCC5CCC43)CC2C1
C1CCC2CCC(C3CCCC4CCCC43)CC2CC1
C1CCC(CCCCC2CCCC3CCC(C4CCCC5CCCC54)CC23)CC1
C1CCC(CCCC2CCC3CCC(CC4CCCC5CCCC54)CC3C2)CC1
C(CCCC1CCCCC1)CCCC1CCC(C2CCCCC2)C1
C1CCC(CCCCCC2CC3CCCCC3C2)CC1
C1CCC(CC2CC3CCCCC3C3CCC4CCCCC4C23)C1
C1CCC(C2CC3CCCC3C3CCC4CCCCC4C23)CC1
C1CCC(CCCC2CCCC3C2CCC2C4CC5CCC(C6CCCCC6)C5CC4CCC32)CC1
C1CCC(CCCCCC2CCCC3C(C4CCCCC4)CCC23)CC1
C1CCC(CCCC23CCCC2CC2C4CCC5CCCCC5CC4CCC23)C1
C1CCC(C2CCC3CC4C(CCC5C6CCCCC6CCC45)CC32)CC1
C(CCC1CCC2CCCCC2C1)CCC1(C2CCCC2)CCCC2CCCCC21
C1CCC(CCCCC2CCCC3CCCCC23)CC1
C1CCC(CCC2(CCCC3CC4CCCCC4C3)CCC3C4CCC5CCCCC5C(CCC32)C4)C1
C1CCC(CCCCCC2CCCC3C(C4CCCCC4)CCC23)CC1
C1CCC(C2CCC3CC4C(CCCC45CCCC5)CCC32)CC1
C1CCC(C2CC3CCCC3C3CCC4CCCCCC4C23)CC1
C1CCC(CCC2CCC3C(CCC3C3CCCCC3)C2)CC1
C1CCC(CCC2CCC3C(CCC4CCCCC43)C2)CC1
C1CCC(CCCCC2CCC3CCCCC23)CC1
C1CCC(CCCCCC2CC3CCCCC3C2)CC1
C1CCC(CCCCC2CC3CCCCC3C2)CC1
C1CCC(CCCCC2CCC3CCC(C4CCCC5CCCC54)CC3C2)CC1
C1CCC(CCC(CCC2CCC3CCCC3C2)CC2CCCCC2)CC1
C1CCC(CCC2CCC(CCC3CCCC(CCC4CCCC4)C3)CC2)CC1
C1CCC(CC2CCC3C(CCC3C3CCCCC3)C2)CC1
C1CCC(CCC2CCC(CCC3CCCCC3)CC2)CC1
C(CCC1CCCC2CCCCC12)CCC1CCCC2CCCCC12
C1CCC2CCC(C3CCCC4CCCC43)CC2CC1
C1CCC(CCC2CCC3C(CCC4C5CCCC5CCCC34)C2)CC1
C1CCC(C2CCC3CC4C(CCC32)CCC2C3CCC(CCCC5CC6CCCCC6C5)C3CCC42)CC1
C(CCCC1CCCC2C(C3CCCCC3)CCC12)CCC1CCC(C2CCCC2)C1
C1CCC(CCC2CCC3C(CCC3C3CCCCC3)C2)CC1
C1CCC(CC2CCC3CC4C(CCC45CCC(C4CCCCC4)C5)CC23)CC1
C1CCC2CC(C3CCCC4CCCC43)CCC2C1
C1CCC(CCCCCC2CCC3CCCCC3C2)CC1
C1CCC(CCC2CCC3C(CCC3C3CCCCC3)C2)CC1
C1CCC(C2CC3CCCCC3C3CCCCC23)CC1
C1CCC(CC2CC3CCCCC3C3CCC4CCCCCC4C23)CC1
C(CCC1CCCC2CCCCC12)CC1CCC2CCCCC2C1
C1CCC2CCC3C4CCCC4CCC3C2CC1
C1CCC(CCCC2CCC3CCC(C4CCCC5CCCC54)CC3C2)CC1
C(CCC1CCCC2CCCCC12)CC1CCC2CCCCC2C1
C1CCC(CC2CC3CCCCC3C3CCC4CCCCC4C23)C1
C1CCC(CCC2CCC3C(CCC3C3CCCCC3)C2)CC1
C1CCC(CC2CCC3C(CCC3C3CCCCC3)C2)CC1
C1CCC(CC(CC2CCCCC2)C2CCCCC2)CC1
C(CCC1(CC2CCCC2)CCCC2CCCCC21)CC1CCC2CCCCC2C1
C1CCC(CCCCCC2CCC3CCCCC23)CC1
C1CCC(C2CC3CCCC3C3CCC4CCCCC4C23)CC1
C1CCCC(C2CCC3CC4C(CCC5C6CCCC6CCC45)CC32)CC1
C1CCC(C2CCC3C(CCC4CCCCC43)C2)CC1
C1CCC2CC(CC3CCCC4CCCC43)CCC2C1
C1CCC(CC2CCC(C3CC4CCCC4C4CCC5CCCCC5C34)CC2)CC1
C1CCC(CC2CC3CCCCC3CC3CCC4CCCCC4C32)CC1
C1CCC(C2CC3CCCC3C3CCC4CCCCC4CC23)CC1
C1CCC(CCCCC2CC3CCCCC3C2)CC1
C(CCC1CCCC2CCCCC12)CC1CCCC2CCCCC12
C1CCC(C2CCC3C(CCCC4CCCCC43)C2)CC1
C1CCC(C2CCC3CC4C(CCC5C6CCC(CCCCC7CCC8CCCCC8C7)C6CCC45)CC32)CC1
C1CCC2CC(C3CCCC4CCCC43)CCC2C1
C1CCC(CCC2CCC3C(CCC3C3CCCC(CC4CCCC4)C3)C2)CC1
C1CCC(CCC2CCC(CCC3CCCC(CC4CCCC4)CC3)CC2)CC1
C(CCCCC1CCC(C2CCCCC2)C1)CCCC1CCCCC1
C1CCC(CCCCC2CC3CCCCC3C2)CC1
C1CCC(CCCC2CCC3CCC(C4CCCC5CCCC54)CC3C2)CC1
C1CCC2C(C1)CCCC1C3CCCC3CCC21
C1CCC2C(C1)CCC1C3CCCC3CCC21
C1CCC(C2CC3CCCC3C3CCC4CCCCC4CC23)CC1
C1CCC2CC(C3CCCC4CCCC43)CCC2C1
C1CCC(C2CC3CCCCC3C3CCCCC23)CC1
C1CCC2CCC3C4CCC(CCCC5CC6CCCCC6C5)C4CCC3C2CC1
C1CCC2C(C1)CCC1C2CCC2C3CCCC3CC21
C1CCC(CCCCC2CC3CCCCC3C2)CC1
C1CCC(CCCCC2CC3CCCCC3C2)CC1
C1CCC(CCC2CCC3C(CC4CCCCC4)CCC3C2)CC1
C1CCC(CCC2CCC3C(CCC3C3CCCCC3)C2)CC1
C1CCC2C(C1)CCC1C3CCCC3CCC21
C1CCC(CCCCC2CCC3CCCCC23)CC1
C1CCC(CCCC(CCC2CCC3CCCC3C2)CC2CCCCC2)CC1
C(CCCC1CCCCC1)CCCC1CCC(C2CCCCC2)C1
C1CCC2CC(C3CCCC4CCCC43)CCC2C1
C1CCC(CC2CC3CCCCC3C3CCC4CCCCC4C23)C1
C(CCCC1CCCCC1)CCCC1CCC(C2CCCCC2)C1
C1CCC2C(C1)CCC1C3CCCC3CCC21
C1CCC(CCCCCC2CC3CCCCC3C2)CC1
C1CCC(C2CCC3C(CCC34CCCC4)C3CCC4CCCCC4C23)CC1
C1CCC2CC(C3CCCC4CCCC43)CCC2C1
C1CCC(C2CC3CCCC3C3CCC4CCCCC4C23)CC1
C1CCC(CC2CCC3C(CCCCCC4CCC(C5CCCC5)C4)CCCC23)CC1
C1CCC(CCC(CC2CC2)CC2CC3CCCCC3C2)CC1
C1CCC(CCCCCC2CCCC3C(CC4CCCCC4)CCC23)CC1
C1CCC(CCC2CCC(C3CCCC4C(C5CCCCC5)CCC34)C2)CC1
C1CCC(C2CCC3CCC4C(CCC5C6CCC(CCCC7CC8CCCCC8C7)C6CCC45)CC32)CC1
C1CCC(C2CCC3CC4C5CCC6C(CCCC7CCCC8CCCCC87)CCC6C(CCC4CC32)C5)CC1
C1CCC(CCCC(CC2CC3CCCCC3C2)C2CCCC2)CC1
C1CCC2CCC3C(CCC4C3CCC4(CCCC3CC4CCCCC4C3)CCC3CCCC3)C2CC1
C1CCC(C2CC3CCCC3C3CCC4CCCCC4C23)CC1
C(CCC1CCCCC2CCCCC12)CC1CCC2CCCCC2C1
C1CCC2C(C1)CCCC1C3CCCC3CCC21
C1CCC(C2CCCCC2CC2CC3CCCCC3C3CCC4CCCCCC4C23)CC1
C1CCC(CCCCCC2CC3CCCCC3C2)CC1
C1CCC(CCCCCC2CC3CCCCC3C2)CC1
C1CCC(CCC2CCC3CC4CCCCC4CCC3C2)CC1
C1CC(C2CCC(C3CC4CCCC4C4CCCC5CCCCC5C34)CC2)C1
C1CCC(CCCCCC2CCCC3C2CCC3C2CCCC(CC3CCCC3)C2)CC1
C(CCCC1CCCC2C(C3CCCCC3)CCC12)CCC1CCCCC1
C1CCC(C2CCC3(CCCC4CC5C(CCC5C5CCCCC5)CC43)C2)CC1
C(CCCCC1CCC(C2CCCCC2)C1)CCCC1CCCCC1
C1CCC(CC2CCCC(C3CCC4CC(CCC5CCC6CCCCC6C5)CCC43)C2)C1
C(CCCCC1CCCC(CC(CC2CCC(CC3CCCCC3)CC2)C2CCCCC2)C1)CCCCC1CCC2C(CCC3C4CCCC4CCC23)C1
C1CCC(CCCCC2CCCC3CCC(C4CCCC5CCCC54)CC3C2)CC1
C1CCC2C(C1)CCC1C3CCCCC3CCC21
C1CCC(C2CCC3CC4C(CCCC4CC4CC5CCCCC5C4)CCC32)CC1
C1CCC(CCCCC2CCC3CCCC3C2)CC1
C1CCC(C2CCC3CC4C(CCC32)CCC42CCCC2)CC1
C1CCC(CCCC2CCC(C3CC3)CC2)CC1
C1CCC(CCCCCC2CC3CCCCC3C2)CC1
C1CCC(CCC2CCC(CCC3CCCCC3)CC2)CC1
C1CCC(CCCCC2CCC3CCCCC23)CC1
C1CCC2CCC3C4CCCC4CCC3C2CC1
C1CCC2CCC3C4CCCCC4CC(CC4CCCC4)C3C2CC1
C1CCC(CCC(CCC2CCC3CCCCC3C2)CC2CCCCC2)CC1
C1CCC(CCC2CCCC3CC4C(CCC23)CCC4C2CCCCC2)CC1
C1CCC2CCCCC2C(CCCCC2CCCC3CCCCC23)C1
C1CCC(C2CCC3CC4(CCCCCC4C4CCCCC4)CCC32)CC1
C1CCC(CCC(CCC2CC3CCCCC3C2)C2CC2)CC1
C1CCC2C(C1)CCC1C2CCC2C3CCCC3CC21
C1CCC2CC(C3CCCC4CCCC43)CCC2C1
C1CCC2CCC3C4CCCC4CCC3C2CC1
C1CCC(CCCC2CCCC(C3CCC4CC(CCC5CCC6CCCCCC6C5)CCC43)C2)CC1
C(CCC1CCC2C1CCC1C3CCCCC3CCC21)CC1CC2CCCCC2C1
C(CCC1CCCC2CCCC12)CC1CC2CCCCC2C1
C1CCC(CCC2CCC3C(CCC4CCCCC43)C2)CC1
C1CCC(CCCCC2CCCC3CCC(C4CCCCC4)CC23)CC1
C1CCC2C(C1)CCC1C2CCCC2C3CCCC3CC21
C1CCC(CCCCCC2CCCC3C(CC4CCCCC4)CCC23)CC1
C1CCC(CC2CCCC(CCCC3CCC(CCC4CCC(C5CC5)CC4)CC3)C2)C1
C1CCC(C2CC3CCCC3C3CCC4CCCCCC4C23)CC1
C1CCC(CCCCC2CCC3CCCCC23)CC1
C1CCC(CC2CCC3CCCCC3C3CCC4CCCCC4C23)CC1
C1CCC(CCC2CCC3C(CCCC4C5CCCC5CCC34)C2)CC1
C1CCC(CC2CCC(C3CC4CCCC4C4CCC5CCCCC5CC34)CC2)CC1
C1CCC(CCCCC2CC3CCCCC3C2)CC1
C1CCC(CC2CC3CCCCC3C3CCC4CCCCC4C23)CC1
C1CCC2C(C1)CCC1C3CCCC3CCC21
C(CCCC1CCCC2C(C3CCCCC3)CCC12)CCC1CCCCC1
C1CCC(C2CCC3CC4C(CCC5C6CCC(CCCC7CCC8CCCCC8C7)C6CCC45)CC32)CC1
C1CCC(CCCCC2CC3CCCCC3C2)CC1
C1CCC(CCCC2CCCC(C3CCC4CC(CCCC5CCC6CCCCC6C5)CCC43)C2)CC1
C1CCC(CCCC2CCCC(C3CCC4CC(CCC5CCC6CCCCC6C5)CCC43)C2)CC1
C1CCC(C2CCC3C(CCC4CCCCC43)C2)CC1
C1CCC(C2CCC3C(CCC34CCCC4)C3CCC4CCCCC4CC23)CC1
C1CCC(C2CCC3CC4C(CCCC5C6CCC(CCCC7CCC8CCCCC8C7)C6CCC45)CC32)CC1
C1CCC(CC2CC3CCCCC3C3CCC4CCCCCC4C23)CC1
C1CCC2CC(CCCC3CCC4C3CCC3C5CCCCC5CCC43)CC2C1
C(CCC1CCCC2CCCCC12)CC1CC2CCCCC2C1
C1CCC(CCCCCC2CCCC3C2CCC3C2CCCC(CC3CCCC3)C2)CC1
C1CCC(CCC(CCCC2CCC3CCCC3C2)CC2CCCCC2)CC1
C1CCC(CCC2CCC(C3CCC4C(CCC4C4CCCCC4)C3)CC2)CC1
C(CCCC1CCCC2C(C3CCCCC3)CCC12)CCC1CCCCC1
C(CCCC1CCCC2C(C3CCCCC3)CCC12)CCC1CCCCC1
C1CCC(CCCCC2CC3CCCCC3C2)CC1
C1CCC(CCC2(CCCC3CC4CCCCC4C3)CCC3C4CCC5CCCCC5C4CCC32)C1
C1CCC(CCCCCC2CC3CCCCC3C2)CC1
C1CCC(C2CCC3CC4(CCCCC4C4CCCCC4)CCCC32)CC1
C1CCC(C2CCC3C(CCC4CCCCC43)C2)CC1
C1CCC(C2CC3CCCC3C3CCC4CCCCC4C23)CC1
C1CCC(CCCCC2CCC3CCC(C4CCCC5CCCC54)CC3C2)CC1
C(CCCC1CCCCC1)CCCC1CCC(C2CCCCC2)C1
C1CCC(CCCCCC2CC3CCCCC3C2)CC1
C1CCC2CCC(C3CCCC4CCCC43)CC2CC1
C(CCC1CCC2CCCCC2C1)CCC1CCCC2CCCCC12
C1CCC2CC(C3CCCC4CCCC43)CCC2C1
C1CCC(CCCCC2CC3CCCCC3C2)CC1
C1CCC2C(C1)CCCC1C3CCCC3CCC21
C1CCC2C(C1)CCC1C3CCCC3CCC21
C1CCC(C2CCC3CC4C(CC5CC6CCCCC6C5)CCCC4CC32)CC1
C1CCC(CC2CCC3CC4CCCCC4CC23)CC1
C1CCC2CC(C3CCCC4CCCC43)CCC2C1
C(CCC1CCCC2CCCCC12)CC1CCC2CCCCC2C1
C1CCC2C(C1)CC(C1CCCC3CCCC31)C1CCCCC21
C1CCC(CCC2CCCCC3CC4C(CCC4C4CCCCC4)CC23)CC1
C1CCC(C2CCC(CCCCCC3CCCC4CCCCC34)C2)CC1
C(CCC1CCCC2CCCC12)CC1CC2CCCCC2C1
C1CCC(C2CC3CCCC3C3CCC4CCCCCC4C23)CC1
C1CCC(CCCCCC2CCCC3C(C4CCCCC4)CCC23)CC1
C(CCC1CCC2C1CCC1C3CCCCC3CCC21)CC1CC2CCCCC2C1
C1CCC(CC2CCCC(CCC3CCC(CCC4CCC(C5CC5)CC4)CC3)C2)C1
C1CCC(CCCC2CC3CCCCC3C2C2CCCCC2)CC1
C1CCC(CC2CCC(CC(CC3CCCCC3)C3CCCCC3)CC2)CC1
C1CCC(C2CCC3CC4C(CCCC45CCCC5)CC32)CC1
C1CCC(CCC2CCC3C(CCC3C3CCCCC3)C2)CC1
C1CCC2CC(CCCC3CCCC4C3CCC3C5CCCCC5CCC43)CC2C1
C1CCC(C2CC3CCCC3C3CCC4CCCCCC4C23)CC1
C1CCC2C(C1)CC(C1CCCC3CCCC31)C1CCCCC21
C1CCC(CCC2CCC3C(CCC3C3CCCCC3)C2)CC1
C1CCC(CCCC2CCC(CCC3CCCCC3)CC2)CC1
C1CCC2C(C1)CC(C1CCCC1)C1CCCC21
C1CCC2C(C1)CCCC1CCCCC12
C(CCC1CC2CCCCC2C1)CCC1CCCC2CCCC12
C1CCC2CCC(C3CCCC4CCCC43)CC2CC1
C1CCC(CCCCC2CC3CCCCC3C2)CC1
C1CCC(C2CCC(CCCCCC3(C4CCCC4)CCCC4CCCCC43)C2)CC1
C1CCC(C2CCC3CCC4C(CCCC45CCCC5)CC32)CC1
C1CCC(CCC2CCC(CCC3CCCC(CC4CCCC4)CC3)CC2)CC1
C1CCC(C2CC3CCCC3C3CCC4CCCCCC4C23)CC1
C1CC2CCC3C(CCC4CCCCC43)CC2C1
C1CCC(C2CCC(C3CC4CCCC4CC4CCC5CCCCC5C43)CC2)C1
C1CCC(CCCCC2CC3CCCCC3C2)CC1
C1CCC(CC2CCC(CCC(CC3CCCCC3)C3CCCCC3)CC2)CC1
C1CCC(CCCC2CCC3C2CCC2C4CC5CCC(C6CCCCC6)C5CC4CCCC32)CC1
C1CCC(CC2CCC3C(CCCCCC4CCC(C5CCCC5)C4)CCCC23)CC1
C1CCC(C2CC3CCCC3C3CCC4CCCCC4C23)CC1
C1CCC(CCC2CCCCC3CC4C(CCC4C4CCCCC4)CC23)CC1
C(CCCCC1CCC(C2CCCCC2)C1)CCCC1CCC2CCCC2C1
C1CCC(CC2CCCC2CC2CC3CCCCC3C3CCC4CCCCC4C23)CC1
C1CCC2CC(CCCC3CCCC4CCCCC43)CC2C1
C1CCC(CC2CCCC2CC2CCC3CCCCC3C3CCC4CCCCC4C23)CC1
C1CCC(CCCCCC2CCC3CCCCC23)CC1
C1CCC(C2CCC3(CCC4CCC5C(CCC5C5CCCCC5)CC43)C2)CC1
C1CCC2CC(C3CCCC4CCCC43)CCC2C1
C1CCC(CCCC2CCC3CCC(C4CCCC5CCCC54)CC3C2)CC1
C1CCC2CC(CCCC3CCC4C3CCC3C5CCCCC5CCCC43)CC2C1
C(CCCC1CCCC2C(C3CCCCC3)CCC12)CCC1CCCCC1
C(CCCC1CCCC2C(C3CCCCC3)CCC12)CCC1CCC(C2CCCC2)C1
C1CCC(CCC2CCC3C(CCC3C3CCCCC3)C2)CC1
C1CCC(CCCCCC2CCC3CCCCC23)CC1
C1CCC2CCC(C3CCCC4CCCC43)CC2CC1
C1CCC2C(C1)CCC1C3CCCCC3CCC21
C1CCC(CCCCCC2CCCC3C(C4CCCCC4)CCC23)CC1
C1CCC(CCC2CCCC3CC4C(CC5CCCCC5)CCC4CC23)CC1
C1CCC(CC2CCCCC2CC2CC3CCCCC3C3CCC4CCCCCC4C23)CC1
C1CCC(CCCC2CCCC(CC3CCC4CC(CCC5CCC6CCCCC6C5)CCC43)C2)CC1
C1CCC(C2CCC3CC4(CCCCCC4C4CCCCC4)CCC32)CC1
C1CCC(CCC2CCC3C(CCC3C3CCCCC3)C2)CC1
C1CCC(CCC2CCC3C(CCC3C3CCCC(CCC4CCCC4)C3)C2)CC1
C1CCC(CCCCC2CCC3CCCCC23)CC1
C1CCC(C2CCC3CC4C(CCC5C6CCC(CCCC7CC8CCCCC8C7)C6CCC45)CC32)CC1
C(CCC1CCCC2CCCC12)CC1CC2CCCCC2C1
C1CCC2CC(C3CCCC4CCCC43)CCC2C1
C1CCC2C(C1)CCC1C3CCCC3CCC21
C(CCC1CCCC2CCCC12)CC1CC2CCCCC2C1
C1CCC(C2CCC3CC4C(CCC45CCCC5)CC32)CC1
C1CCC(CCCCC2CC3CCCCC3C2)CC1
C1CCC(CCCCC2CCC3CCCCC23)CC1
C1CCC(CCCCCC2CCCC3C(CC4CCCCC4)CCC23)CC1
C1CCC(CCCCCC2CC3CCCCC3C2)CC1
C1CCC2C(C1)CC(C1CCCC3CCCCC31)C1CCCCC21
C1CCC(C2CC3CCCC3C3CCC4CCCCC4C23)CC1
C1CCC(C2C3CCCC3CC3CC4CCCC4CC32)CC1
C1CCC2C(C1)CCC1C3CCCC3CCC21
C1CCC(C2CCC3CCC4C(CCCC45CC(C4CCCCC4)C(C4CCCCC4)C5)CC32)CC1
C1CCC(CCCC2CCC3C2CCC2C4CCCCC4CCC32)C1
C1CCC2CCC3C4CCCCC4CC(CC4CCCC4)C3C2CC1
C(CC1CCCC2CCCCC2C1)CC1CC2CCCCC2C1
C1CCC2CC(C3CCCC4CCCC43)CCC2C1
C1CCC(CCCCC2CC3CCCCC3C2)CC1
C1CCC(CC2CCC3CC4CCCCC4CC23)CC1
C1CCC(CCCC2CCCC3CCC(C4CCCC5CCCC54)CC23)CC1
C1CCC(CCCCC2CC3CCCCC3C2)CC1
C1CCC2CC(CCCC3CCC4C3CCC3C5CCCCC5CCC43)CC2C1
C1CCC2CCC3C4CCCC4CCC3C2CC1
C1CCC(CCCCC2CC3CCCCC3C2)CC1
C1CCC(C2CCC3C(CCC4CCCCC43)C2)CC1
C1CCC(CCCCCC2CC3CCCCC3C2)CC1
C1CCC(C2CCC3CC4C(CCCC45CCCCC5)CC32)CC1
C1CCC2C(C1)CC(C1CCCC1)C1CCCCC21
C1CCC(CCC2CCC3C(CCC4C5CCCCC5CC(CCC5CCCCC5)C34)C2)CC1
C1CCC(CC2CC3CCCCC3C3CCC4CCCCC4C23)CC1
C1CCC2CC(C3CCCC4CCCC43)CCC2C1
C1CC(C2CCC(C3CC4CCCC4C4CCC5CCCCC5C34)CC2)C1
C1CCC2CCC(C3CCCC4CCCC43)CC2CC1
C1CCC2CCC(C3CCCC4CCCC43)CC2CC1
C1CCC(CC2CCC3C(CCC3C3CCCCC3)C2)CC1
C1CCC(CCC(CCC2CCCCC2)CCC2CCC3CCCC3C2)CC1
C1CCC(C2CC3CCCC3C3CCC4CCCCC4CC23)CC1
C1CCC(CC2CCCC(CCC3CCC(CCC4CCC(CC5CC5)CC4)CC3)C2)C1
C1CCC(C2CC3CCCC3CC3CCC4CCCCC4C32)CC1
C(CCCC1CCCC2C(C3CCCCC3)CCC12)CCC1CCCCC1
C1CCC2C(C1)CCC1C3CCCCC3CCC21
C1CCC(C2CCC3CC4C(CCC5C6CCC(CCCCC7CCC8CCCCC8C7)C6CCC45)CC32)CC1
C1CCC(C2CCC3CC4C(CCC45CCCC5)CC32)CC1
C1CCC(C2CCC3CC4C(CCC5C6CCC(CCCC7CCC8CCCCC8C7)C6CCCC45)CC32)CC1
C1CCC2CCC(C3CCCC4CCCC43)CC2CC1
C1CCC(CCC2CCC3C(CCC3C3CCCCC3)C2)CC1
C1CCC(CC2CCC3CC4C(CCC5C6CCC(CCCC7CC8CCCCC8C7)C6CCC45)CC23)CC1
C(CCCC1CCCC2C(C3CCCCC3)CCC12)CCC1CCCCC1
C1CCC(C2CCC3(CCC4CCC5C(CCC5C5CCCCC5)CC43)C2)CC1
C1CCC(CCC(CCC2CCC3CCCC3C2)CC2CCCCC2)CC1
C1CCC(CCC2CCC3C(CCC3C3CCCCC3)C2)CC1
C1CCC(C2CCC(CC3CC4CCCCC4C4CCC5CCCCCC5C34)CC2)CC1
C1CCC2CCC(C3CCCC4CCCC43)CC2CC1
C1CCC2CC3CCCCC3CCC2C1
C1CCC(CC2CC3CCCCC3C3CCC4CCCCCC4C23)CC1
C1CCC2CCC(C3CCCC4CCCC43)CC2CC1
C1CCC(C2CC3CCCC3C3CCC4CCCCCC4C23)CC1
C1CCC(CC2CC3CCCCC3C3CCC4CCCCC4C23)C1
C1CCC(CCC2CCC(CCC3CCCC(CC4CCCCC4)C3)CC2)CC1
C(CCC1CCCC2CCCCC12)CC1CCC2CCCCC2C1
C1CCC(C2CC3CCCC3C3CCC4CCCCC4C23)CC1
C1CCC2C(C1)CCC1C3CCCC3CCC21
C1CCC(C2CCC3C(CCC4CCCCC43)C2)CC1
C1CCC(CC2CC3CCCCC3C3CCC4CCCCCC4C23)CC1
C(CCCC1CCCC2C(C3CCCCC3)CCC12)CCC1CCCCC1
C1CCC(CCCCC2CCC3C2CCC2C4CCCCC4CCC32)CC1
C1CCC(CCCCCC2CC3CCCCC3C2)CC1
C1CCC(CCCCC2CCC3CCCCC23)CC1
C1CCC2CCC(C3CCCC4CCCC43)CC2CC1
C(CCC1CCCC2CCCCC12)CC1CCCC2CCCCC12
C1CCC(CC2CCC3C(CCC3C3CCCCC3)C2)CC1
C1CCC(CCC2CCC(CCC3CCCC(CC4CCCCC4)C3)CC2)CC1
C1CCC(CC2CC3CCCCC3C3CCC4CCCCCC4C23)CC1
C1CCC(CCC2CCCC3CC4C(CCC4C4CCCCC4)CC23)CC1
C1CCC(C2(CCCCC3CCC4CCCCC4C3)CCCC3CCCCC32)CC1
C1CCC(C2CCC3CC4C(CCCCC5CC5)CCCC4CC32)CC1
C1CCC2C(C1)CCC1C2CCC2C3CCCC3CC21
C(CCCCC1CCC(C2CCCCC2)C1)CCCC1CCCCC1
C1CCC(C2CCC3CC4C(CCC5C6CCC(CCCCC7CCC8CCCCC8C7)C6CCC45)CC32)CC1
C1CCC(CC(CC2CCCCC2)C2CCCCC2)CC1
C1CCC(CCCCC2CC3CCCCC3C2)CC1
C1CCC2CCC(C3CCCC4CCCC43)CC2CC1
C1CCC(C2CC3CCCC3C3CCC4CCCCC4C23)CC1
C(CCC1CCCC2CCCCC12)CCC1CCCC2CCCCC12
C1CCC(C2CCC(C3CC4CCCCC4C4CCC5CCCCC5C34)CC2)C1
C1CCC(CCC2CCCCC2)CC1
C1CCC(CCC2CCC(CCC3CCCC(CCC4CCCC4)C3)CC2)CC1
C1CCC(CCC2CCC3C2CCC2C4CCCCC4CCC32)C1
C1CCC2CC3CCC(C4CCCCC4)C3CC2CC1
C1CCC(CC2CCCC(C3CCC4CC(CCC5CCC6CCCCC6C5)CCC43)C2)CC1
C1CCC(CCCCC2CCC3CCCCC23)CC1
C1CCC2CC(C3CCCC3)CCC2C1
C(CCC1CCC2C1CCC1C3CCCCC3CCC21)CC1CC2CCCCC2C1
C1CCC(CCC2CCC3C(CCC3C3CCCCC3)C2)CC1
C1CCC2CCC(C3CCCC4CCCC43)CC2CC1
C1CCC2CCC3C4CCCC4CCC3C2CC1
C1CCC(CCCCC2CC3CCCCC3C2)CC1
C(CCCC1CCCCC1)CCCC1CCC(C2CCCCC2)C1
C(CCC1CCCC2CCCCC12)CC1CCC2CCCCC2C1
C1CCC2C(C1)CCC1C3CCCC3CCC21
C1CCC(CCCCC2CCC3CCC(C4CCCC5CCCC54)CC3C2)CC1
C1CCC2CCC(C3CCCC4CCCC43)CC2CC1
C1CCC2CC(CCCC3CCC4C3CCC3C5CCCCC5CCCC43)CC2C1
C(CCC1CCCC2CCCCC12)CC1CCC2CCCCC2C1
C1CCC2CC(C3CCCC4CCCC43)CCC2C1
C(CCC1(C2CCCC2)CCCCC2CCCCC21)CC1CCC2CCCCC2C1
C1CCC(CCCCCC2CCC3CCCC3C2)CC1
C1CCC(CCCCC2CCCC3CCC(C4CCCC5CCCC54)CC23)CC1
C1CCC2CC(C3CCCC4CCCC43)CCC2C1
C(CCC1CCCC2CCCCC12)CC1CCC2CCCCC2C1
C1CCC2C(C1)CCCC1C3CCCC3CCC21
C(CCCC1CCCC2C(C3CCCCC3)CCC12)CCC1CCCCC1
C1CCC(C2CC3CCCC3CC3CCC4CCCCC4C32)CC1
C(CCCC1CCCCC1)CCCC1CCC(C2CCCCC2)C1
C(CCCC1CCCC2C(C3CCCCC3)CCC12)CCC1CCCCC1
C1CCC2C(C1)CCC1C3CCCC3CCC21
C1CCC2C(C1)CCC1C3CCCC3CCC21
C1CCC(C2CC3CCCC3C3CCC4CCCCC4CC23)CC1
C1CCC(CCCCC2CC3CCCCC3C2)CC1
C1CCC2CC3CCC4C(CCCC5CC6CCCCC6C5)CCC4C3CCC2C1
C1CCC(CCC2CCC3C(CCC3C3CCCCC3)C2)CC1
C1CCC(CC2CC3CCCC3C3CCC4CCCCC4C23)CC1
C1CCCC(CC2CCCC2CC2CC3CCCCC3C3CCC4CCCCC4C23)CC1
C1CCC(CCCCC2CC3CCCCC3C2)CC1
C1CCC(CCC2CCC3C(CCC4CC(C5CCCCC5)CCCC43)C2)CC1
C1CCC(CCCCCC2CC3CCCCC3C2)CC1
C1CCC(CC2CCC(CC(CC3CCCCC3)C3CCCCC3)CC2)CC1
C1CCC(CC(CC2CCCCC2)C2CCCCC2)CC1
C1CCC(CCCCCC2CC3CCCCC3C2)CC1
C1CCC(CCCCC2CCC3CCCCC23)CC1
C1CCC(CCCC2CCC(C3CCCC4C(C5CCCCC5)CCC34)C2)CC1
C1CCC(CCCC2CCC3CCCC3C2)CC1
C1CCC(C2CCC3CC4CCCCC4CCC32)CC1
C1CCC(CCC(CCC2CCC3CCCC3C2)CC2CCCCC2)CC1
C(CCC1CC2CCCCC2C1)CCC1CCCC2CCCC12
C1CCC(CCCCC2CC3CCCCC3C2)CC1
C1CCC(C2CCC3CC4C(CCC5C6CCCCC6CCC45)CC32)CC1
C(CCCC1CCCC2C(C3CCCCC3)CCC12)CCC1CCC(C2CCCC2)C1
C1CCC(CCC2CCC3C(CCC3C3CCCCC3)C2)CC1
C(CCCC1CCCC2C(C3CCCCC3)CCC12)CCC1CCCCC1
C1CCC(C2CC3CCCC3C3CCC4CCCCC4C23)CC1
C1CCC(C2CCC(CCCCCC3(C4CCCCC4)CCC3)C2)CC1
C1CCC(C2CCC3CCC4C(CCC5C6CCC(CCCC7CCC8CCCCC8C7)C6CCC45)CC32)CC1
C1CCC(CCCCC2CC3CCCCC3C2)CC1
C1CCC2CCC3C(CCC4C5CCCC5CC43)C2CC1
C1CCC2CCC(C3CCCC4CCCC43)CC2CC1
C1CCC(CCC2CCCC3CC4C(CCC4C4CCCCC4)CC23)CC1
C1CCC2C(C1)CC(C1CCCC3CCCC31)C1CCCC21
C1CCC(C2CCC(CCCCCC3CCCC4C(C5CCCCC5)CCC34)C2)CC1
C1CCC(C2CCC3CC4C(CCCC45CCCC5)CC32)CC1
C1CCC(CC2CCC3C(CCC3C3CCCCC3)C2)CC1
C1CCC(CCCC2CCC3C(CCC3C3CCCCC3)C2)CC1
C1CCC2CCC3C4CCCC4CCC3C2CC1
C1CCC(C2CCC3CCCC3C3CCC4CCCCC4C23)CC1
C1CCC(CCC2CCC3C(CCC3C3CCCCC3)C2)CC1
C1CCC2CC(CCCC3CCC4C3CCC3C5CCCCC5CCCC43)CC2C1
C1CCC(CCC(CC2CC2)CC2CC3CCCCC3C2)CC1
C1CCC(C2CC3CCCCC3C3CCC4CCCCC4C23)CC1
C1CCC(C2CC3CCCC3C3CCCC4CCCCC4C23)CC1
C1CCC(CCCC2CCC3CCC(C4CCCC5CCCC54)CC3C2)CC1
C(CCC1CCCC2CCCCC12)CC1CCC2CCCCC2C1
C1CCC(C2CCC3CCCC3C3CCC4CCCCC4C23)CC1
C1CCC2CC(C3CCCC4CCCC43)CCC2C1
C1CCC(C2CCC3CC4C(CCC4C4CCCC4)CC32)CC1
C1CCC(CCCCCC2CC3CCCCC3C2)CC1
C1CCC(CCCC2CCC3CCC(C4CCCC5CCCC54)CC3C2)CC1
C(CCCC1CCCC2C(C3CCCCC3)CCC12)CCC1CC1
C1CCC(CCC(CC2CC3CCCCC3C2)C2CC2)CC1
C(CC1CCC(C2CCCC2)CC1)CC1CCC2CCCC2C1
C1CCC(CCCCCC2CC3CCCCC3C2)CC1
C(CCC1CCCC2CCCCC12)CC1CC2CCCCC2C1
C(CCCC1CCCC2C(C3CCCCC3)CCC12)CCC1CCC(C2CCCC2)C1
C1CCC2C(C1)CCCC1C2CCC2C3CCCC3CC21
C1CCC(CC2CC3CCCCC3C2C2CCCCC2)CC1
C1CCC(CCC2CCC(CCC3CCCC(CC4CCCC4)C3)CC2)CC1
C1CCC2C(C1)CCC1CCCCC12
C1CCC(C2CC3CCCC3C3CCC4CCCCC4C23)CC1
C1CCC(CCC(CC2CC3CCCCC3C2)C2CCC2)CC1
C1CCC(CCC2CCCC3CC4C(CCC23)CCC4C2CCCCC2)CC1
C1CCC(C2CCC3CC4C(CCCCC45CCCC5)CC32)CC1
C1CCC(CCC(CC2CCC3C(CCC3C3CCCCC3)C2)C2CCCCC2)CC1
C1CCC(CCCCCC2CC3CCCCC3C2)CC1
C1CCC(C2CC3CCCC3C3CCC4CCCCC4C23)CC1
C1CCC2CCC(C3CCCC4CCCC43)CC2CC1
C1CCC(CCCC2CCCCC2)CC1
C(CCC1(C2CCCC2)CCCC2CCCCC21)CC1CCC2CCCCC2C1
C1CCC(C2CCC3CC4C(CCCC5C6CCC(CCCC7CCC8CCCCC8C7)C6CCC45)CC32)CC1
C1CCC(CC2CC3CCCCC3C3CCC4CCCCCC4C23)CC1
C1CCC(CCC2CCCCC3CCC(C4CCCC5CCCC54)CC23)CC1
C1CCC(C2CCC3CC4C(CCCC5C6CCC(CCCC7CCC8CCCCC8C7)C6CCC45)CC32)CC1
C1CCC(C2CCC3CC4C(CCC45CCCC5)CC32)CC1
C(CCC1CCC2C1CCC1C3CCCCC3CCC21)CC1CC2CCCCC2C1
C1CCC2CC(CCCC3CCCC4C3CCC3C5CCCCC5CCC43)CC2C1
C1CCC(CC2CCC(C3CC4CCCC4C4CCC5CCCCC5C34)CC2)CC1
C(CCCCC1CCC(C2CCCCC2)C1)CCCC1CCCCC1
C1CCC(C2CCC3C(CCC4CC4)CCC3C3CCC4CCCCC4C23)CC1
C1CCC(CCCC23CCCC2CC2C4CCC5CCCCC5C4CCC23)C1
C1CCC2CCC3C4CCCCC4CC(CC4CCCC4)C3C2CC1
C1CCC(CC2CCC3C(CCC3C3CCCCC3)C2)CC1
C(CCC1CCCC1)CCC1CCCC2CCCCC12
C1CCC(CC2CC3CCCCC3CC3CCC4CCCCC4C32)C1
C(CCC1CCCC2CCCCC12)CC1CC2CCCCC2C1
C1CCC(CCCC2CCCC3C2CCC2C4CCCCC4CCC32)C1
C1CCC(C2CCC3CCC4CCCCC4CC32)CC1
C1CCC2C(C1)CCCC1C3CCCC3CCC21
C1CCC(CCC2CCC3C(CCC3C3CCCCC3)C2)CC1
C(CCCC1CCCC2C(C3CCCCC3)CCC12)CCC1CCCCC1
C1CCC(C2CCC3CC4C(CCC45CCCC5)CC32)CC1
C1CCC2CCC3C(CCC4C3CCC4(CCCC3CC4CCCCC4C3)CCC3CCCC3)C2CC1
C1CCC2CCC3C4CCC(CCCC5CCC6CCCCC6C5)C4CCC3C2CC1
C1CCC(C2CCC3CC4C(CCC32)CCC42CCCC2)CC1
C1CCC(CCC2CCC3C(CCC4C5CCCC5CC(CCC5CCCCC5)C34)C2)CC1
C1CCC(CCCCC2CCC3CCC(C4CCCC5CCCC54)CC3C2)CC1
C1CCC(CCCCC2CC3CCCCC3C2)CC1
C(CCC1CCCCC2CCCCC12)CC1CCC2CCCCC2C1
C1CCC2CC(C3CCCC4CCCC43)C3CCCC3C2CC1
C1CCC2C(C1)CCC1C3CCCC3CCC21
C(CCCC1CCCCC1)CCCC1CCC(C2CCCCC2)C1
C1CCC(C2CCC3CC4C(CCC45CCCCCC5)CC32)CC1
C(CCCC1CCCC2C(C3CCCCC3)CCC12)CCC1CCCCC1
C1CCC(C2CCC3CC4C(CCC45CCCCCC5)CC32)CC1
C1CCC(CCCCCC2CCC3C(CCC3C3CCCCC3)C2)CC1
C1CCC(C2CC3CCCC3C3CCC4CCCCCC4C23)CC1
C1CCC2C(C1)CCC1C3CCCC3CCC21
C1CCC2CCC3C4CCCC4CCC3C2CC1
C1CCC(CC2CC3CCCCC3C3CCC4CCCCC4C23)C1
C1CCC(C2CCC3CCC4C(CCCC45CCCC5)CC32)CC1
C1CCC(C2CC3CCCC3C3CCC4CCCCC4C23)CC1
C1CCC(CCC2CCC3C2CCCC(C2CCCCC2)C2C4CCCCC4CCC32)CC1
C1CCC(CCCCC2CCCC3CCC(C4CCCC5CCCC54)CC3C2)CC1
C1CCC2CCC3CCCCC3C2CC1
C1CCC2CCC(C3CCCC4CCCC43)CC2CC1
C1CCC(CCCC2CCC3C(CCC3C3CCCCC3)C2)CC1
C1CCC(CCCCC2CC3CCCCC3C2)CC1
C1CCC(CCC(CC2CC3CCCCC3C2)C2CCCC2)CC1
C1CCC(CC2CCC3C(CCC3C3CCCCC3)C2)CC1
C1CCC(CCCCC2CCC3CCC(C4CCCC5CCCC54)CC3C2)CC1
C1CCC(C2CCC3CCCC3C3CCCC4CCCCC4C23)CC1
C1CCC2CC(CCCC3CCC4C5CCC6CCCCC6C(CCC34)C5)CC2C1
C1CCC2CCC3CCCCC3C2CC1
C(CCC1CC2CCCCC2C1)CCC1CCCC2CCCC12
C1CCC2CCC3C4CCCCC4CC(CC4CCCC4)C3C2CC1
C1CCC(CCCCC2CCC3C2CCC2C4CCCCC4CCC32)CC1
C1CCC2C(C1)CCC1C3CCCC3CCC21
C1CCC(CCC2CCC3C(CCC3C3CCCCC3)C2)CC1
C1CCC(CCCCC2CC3CCCCC3C2)CC1
C(CCCCC1CCC(C2CCCCC2)C1)CCCC1CCCCC1
C1CCC(CC2CCC3CC4C(CCC45CCC(C4CCCCC4)C5)CC23)CC1
C1CCC(CCCC(CC2CCC3C(CCC3C3CCCCC3)C2)C2CCCCC2)CC1
C1CCC2C(C1)CCC1C3CCCC3CCC21
C1CCC2CCC3C4CCCCC4CC(CC4CCCC4)C3C2CC1
C1CCC(CCCCCC2CCC3CCCCC23)CC1
C1CCC(CCCCC2CCC3CCCCC23)CC1
C1CCC2C(C1)CCC1C3CCCCC3CCCC21
C1CCC2CC(C3CCCC4CCCC43)CCC2C1
C1CCC2C(C1)CCC1C3CCCC3CCC21
C1CCC(CCC2CCC3C(CCCC4CCCCC43)C2)CC1
C1CCC(C2CCC3CC4C(CCCC45CCCC5)CC32)CC1
C1CCC2C(C1)CCC1CCCCC12
C(CCC1CCCC2CCCC12)CC1CC2CCCCC2C1
C1CCC(C2CC3CCCCC3C3CCCCC23)CC1
C1CCC(C2CC3CCCCC3C3CCCCC23)CC1
C1CCC(CC2CCC(CC(CC3CCCCC3)C3CCCCC3)CC2)CC1
C1CCC(CCC2CCC(CCC3CCCC(CCC4CCCC4)C3)CC2)CC1
C1CCC(C2CC3CCCC3C3CCC4CCCCC4C23)CC1
C1CCC(C2CCC(C3CC4CCCC4C4CCC5CCCCC5C34)CC2)C1
C1CCC2CCC3C4CCCCC4CC(CC4CCCC4)C3C2CC1
C(CCCC1CCCCC1)CCCC1CCC(C2CCCCC2)C1
C1CCC(CCCCCC2CC3CCCCC3C2)CC1
C1CCC(C2CCC3C(CCC4CCCCC43)C2)CC1
C(CCC1CCC2C1CCC1C3CCCCC3CCC21)CC1CC2CCCCC2C1
C1CCC(CCCCCC2CCCCC2)CC1
C1CCC(C2CC3C(CCC34CCCCC4)C3CCC4CCCCC4C23)CC1
C1CCC(C2CCCC3C(CCC4CCCCC43)C2)CC1
C1CCC(C2CCC3CC4C(CC5CC6CCCCC6C5)CCCC4CC32)CC1
C1CCC(C2CCC3CC4C(CCCC45CCCC5)CC32)CC1
C(CCCC1CCCC2C(C3CCCCC3)CCC12)CCC1CCCCC1
C1CCC2C(C1)CCC1C3CCCC3CCC21
C1CCC(CCC2CCC3C(CCC3C3CCCCC3)C2)CC1
C1CCC(CCCCC2CC3CCCCC3C2)CC1
C1CCC(C2CCC3CC4C(CCCC45CCCCC5)CC32)CC1
C(CCC1CCC2C(CCC3C4CCCCC4CCC23)C1)CC1CCC(C2CC3CCCC3C3CCC4CCCCC4C23)CC1
C1CCC2CC(C3CCCC4CCCC43)CCC2C1
C1CCC2CCC(C3CCCC4CCCC43)CC2CC1
C1CCC(CCC2CCC3C2CCC2C4CCCCC4CCCC32)C1
C1CCC(C2CCC3C(CCC34CCCCC4)C3CCC4CCCCC4C23)CC1
C1CCC(CCCCCC2CCCC3C(C4CCCCC4)CCC23)CC1
C1CCC2CC(CC3CCCC4CCCC43)CCC2C1
C1CCC(CCCC2CC3CCCCC3C2C2CCCCC2)CC1
C1CCC(CCCCCC2CCCC3C2CCC3C2CCC(CCC3CC3)CC2)CC1
C1CCC(C2CCC3CC4C(CCC5C6CCC(CCCC7CC8CCCCC8C7)C6CCC45)CC32)CC1
C1CCC(CCCCC2CCC3C2CCC2C4CCCCCC4CCC32)CC1
C1CCC(CC2CCCCCC23CCCC2C(CCC2C2CCCCC2)C3)CC1
C1CCC2CCC(C3CCCC4CCCC43)CC2CC1
C1CCC(CCCCCC2CCC3CCCCC23)CC1
C1CCC(CCCCCC2CC3CCCCC3C2)CC1
C(CCC1CCC2CCCCC2C1)CCC1CCCC2CCCCC12
C1CCC(CCCC2CC3CCCC3C3CCC4CC(CCC5CCCCC5)CCC4C23)CC1
C1CCC(C2CCC3C(CCC34CCCC4)C3CCC4CCCCC4C23)CC1
C1CCC(CCCCCC2CC3CCCCC3C2)CC1
C1CCC(CCCCCC2CCCC3C(C4CCCCC4)CCC23)CC1
C1CCC2C(C1)CCC1C3CCCC3CCC21
C1CCC2CC(C3CCCC4CCCC43)CCC2C1
C1CCC(CCCCCC2CC3CCCCC3C2)CC1
C1CCC2CC(CCCC3CCC4C3CCC3C5CCCCC5CCCC43)CC2C1
C1CCC2C(C1)CC(C1CCCC1)C1CCCC21
C1CCC2CC(C3CCCC4CCCC43)CCC2C1
C1CCC(CCC2CCC3C(CCC4CC(C5CCCCC5)CCC43)C2)CC1
C1CCC(C2CCC3CCCC3C3CCC4CCCCC4C23)CC1
C1CCC2CC(C3CCCC4CCCC43)CCC2C1
C1CCC(CCCCC2CC3CCCCC3C2)CC1
C1CCC(CCC2CCC3C(CCC3C3CCCCC3)C2)CC1
C1CCC(C2CCC3CC4C(CCC5C6CCC(CCCC7CC8CCCCC8C7)C6CCCC45)CC32)CC1
C1CCC(CCCCCC2CCCC3C(C4CCCCC4)CCC23)CC1
C1CCC2CC(C3CCCC3)C3CCCCC3CC2C1
C1CCC2CCC(C3CCCC4CCCC43)CC2CC1
C1CCC(C2CCC3CCCC3C3CCCC4CCCCC4C23)CC1
C1CCC2CCC(C3CCCC4CCCC43)CC2CC1
C1CCC(CC2CCC3C(CCC3C3CCCCC3)C2)CC1
C1CCC(CCCCC2CCC3CCCCC23)CC1
C(CCC1CCC(CC2CCCC2)C1)CCC1CCCC2CCCCC12
C1CCC2CC(CCCC3CCC4C3CCC3C5CCCCC5CCCC43)CC2C1
C(CCCC1CCCCC1)CCCC1CCC(C2CCCCC2)C1
C1CCC2C(C1)CCC1CCCCC12
C1CCC(C2CCC3CCCC3C3CCC4CCCCC4C23)CC1
C1CCC(C2CCC3CC4C5CCC6C(CCCC7CCC8CCCCC8C7)CCC6C(CCC4CC32)C5)CC1
C1CCC2CCC(C3CCCC4CCCC43)CC2CC1
C(CCCCC1CCC(C2CCCCC2)C1)CCCC1CCCCC1
C1CCC(CC2CCCC(CC3CCC4CC(CCC5CCC6CCCCC6C5)CCC43)C2)C1
C1CCC2CCC3C4CCCCC4CC(CC4CCCC5CCCCC54)C3C2CC1
C1CCC(C2CCC3CC4C(CCC45CCCCC5)CC32)CC1
C(CCCCC1CCCC(CC(CC2CCC(CC3CCCCC3)CC2)C2CCCCC2)C1)CCCCC1CCC2C(CCC3C4CCCC4CCC23)C1
C1CCC2C(C1)CCC(C1CCCC1)C1CCCCC21
C1CCC(CCCCC2CC3CCCCC3C2)CC1
C1CCC(CCC2CCC3C(CCC3C3CCCCC3)C2)CC1
C1CCC(CC(CC2CCCCC2)C2CCCCC2)CC1
C1CCC(C2CCCC3(CCC4CC5C(CCC5C5CCCCC5)CC43)C2)CC1
C1CCC(C2CC3CCCC3C3CCCC4CCCCC4C23)CC1
C1CCC2CCC(C3CCCC3)CC2CC1
C1CCC2CCC(C3CCCC4CCCC43)CC2CC1
C1CCC(C2CCC3CC4C(CCCCC45CCCC5)CC32)CC1
C1CCC(CC2CCC3C(CCC3C3CCCCC3)C2)CC1
C1CCC2CC(C3CCCC4CCCC43)CCC2C1
C1CCC(CCCCCC2CC3CCCCC3C2)CC1
C1CCC(CCC2CCC(CC3CCC4C(CCC4C4CCCCC4)C3)CC2)CC1
C1CCC2CCC(C3CCCC4CCCC43)CC2CC1
C1CCC(CCCCCC2CCCC3C(CC4CCCCC4)CCC23)CC1
C(CC1CCCC2CCCCC2C1)CC1CC2CCCCC2C1
C1CCC(C2CC3C(CCC34CCCC4)C3CCC4CCCCC4C23)CC1
C1CCC(C2CCC3C(CCC4CCCCC43)C2)CC1
C1CCC(CCCCC2CC3CCCCC3C2)CC1
C1CCC2CC(C3CCCC4CCCC43)CCC2C1
C1CCC(CC2CC3CCCCC3C3CCC4CCCCCC4C23)CC1
C(CCCC1CCCCC1)CCCC1CCC(C2CCCCC2)C1
C1CCC2CC(C3CCCC4CCCC43)CCC2C1
C1CCC(CC2CC3CCCCC3C3CCC4CCCCCC4C23)CC1
C1CCC(CCC2CCC(C3CC3)CC2)CC1
C1CCC(CCCCCC2CC3CCCCC3C2)CC1
C1CCC2CCC(C3CCCC4CCCC43)CC2CC1
C1CCC(C2CCC3CC4C(CCC5C6CCC(CCCC7CCCC8CCCCC87)C6CCC45)CC32)CC1
C1CCC(CCC2CCC3C(CCC3C3CCCCC3)C2)CC1
C1CCC2CCC(C3CCCC4CCCC43)CC2CC1
C1CCC2CCC(C3CCCC4CCCC43)CC2CC1
C1CCC(CCCCC2CC3CCCCC3C2)CC1
C1CCC(C2CC3CCCC3CC3CCC4CCCCC4C32)CC1
C(CCC1CCCC2CCCC12)CC1CC2CCCCC2C1
C1CCC2CC(C3CCCC4CCCC43)CCC2C1
C(CCC1CCCC2CCCCC12)CC1CCC2CCCCC2C1
C1CCC(CC2CCC3CCCCC3C3CCC4CCCCC4C23)C1
C1CCC2C(C1)CCC1C3CCCC3CCC21
C1CCC(C2CC3CCCCC3C3CCCCC23)CC1
C1CCC(CCCC2CCC3CCCC3C2)CC1
C1CCC(CCC2CCC(C3CCCC4C(C5CCCCC5)CCC34)C2)CC1
C(CCC1CCC2CCCCC2C1)CCC1CCCC2CCCCC12
C1CCC2C(C1)CCCC1C3CCCC3CCC21
C(CCC1CC2CCCCC2C1)CCC1CCCC2CCCC12
C1CCC2C(C1)CCC1C3CCCC3CCC21
C1CCC(CCC(CCC2CC3CCCCC3C2)C2CCCC2)CC1
C(CCCC1CCCC2C(C3CCCCC3)CCC12)CCC1CCCCC1
C1CCC(CCCCC2(CCC3CCCC3)CCC3C4CCC5CCCCC5C4CCC32)CC1
C1CCC(CC2CC3CCCCC3C3CCC4CCCCC4C23)CC1
C(CCC1CCCC2CCCCC12)CC1CCC2CCCCC2C1
C1CCC2C(C1)CCC1C3CCCC3CCC21
C1CCC(CC2CCC3C(CCC3C3CCCCC3)C2)CC1
C1CCC(C2CCC3CCCC3CC3CCC4CCCCC4C32)CC1
C1CCC2CCC(C3CCCC3)CC2CC1
C(CCC1CCC2C1CCC1C3CCCCC3CCC21)CC1CC2CCCCC2C1
C1CCC(CCCC2CCC3C(CCC3C3CCCCC3)C2)CC1
C1CCC(CCCCC2CCC3CCCCC23)CC1
C1CCC2CCC3C(CCC4C3CCC4(CCCC3CC4CCCCC4C3)CCC3CCCC3)C2CC1
C1CCC(CC2CC3CCCC3C3CCC4CCCCC4C23)CC1
C(CCCC1CCCCC1)CCCC1CCC(C2CCCCC2)C1
C1CCC(CCCCCC2CCCC3C(C4CCCCC4)CCC23)CC1
C1CCC(C2CCC3CC(C4CCC(CCCC5CCCC5)CC4)CCC32)CC1
C1CCC(CCCCC2CCC3CCCCC23)CC1
C1CCC2C(C1)CCC1CCCCC12
C1CCC2CC(C3CCCC4CCCC43)CCC2C1
C1CCC2CCC(C3CCCC3)CC2CC1
C1CCC(C2CC3CCCC3C3CCC4CCCCC4C23)CC1
C1CCC2CCC(C3CCCC4CCCC43)CC2CC1
C1CCC2C(C1)CCC1C3CCCCC3CCC21
C1CCC2CCC3C4CCCC4CC(C4CCC(C5CCCC5)CC4)C3C2CC1
C1CCC(CCC2CCC3C(CCC3C3CCCC(CCC4CCCC4)C3)C2)CC1
C1CCC(C2CCC(CCCCCC3CCCC4CCCCC34)C2)CC1
C(CCCC1CCCCC1)CCCC1CCC(C2CCCCC2)C1
C1CCC(C2CCC(CC3CCC4CCCCC4C4CCC5CCCCC5C34)CC2)CC1
C1CCC(CC2CC3CCCCC3C3CCC4CCCCC4C23)CC1
C1CCC(C2CC3CCCC3C3CCCC4CCCCC4C23)CC1
C1CCC(CCCCCC2CC3CCCCC3C2)CC1
C1CCC(C2CC3CCCC3CC3CCC4CCCCC4C32)CC1
C1CCC2C(C1)CCC1C3CCCC3CCC21
C1CCC(C2CCC3C(CCC34CCCC4)C3CCC4CCCCC4C23)CC1
C(CCC1CCCC2CCCC12)CC1CC2CCCCC2C1
C1CCC(C2CC3CCCC3C3CCC4CCCCC4C23)CC1
C1CCC(CCC2CCC(CC3CCC4C(CCC4C4CCCCC4)C3)CC2)CC1
C1CCC2C(C1)CCC1C2CCC2C3CCCC3CC21
C1CCC(CCC(CCC2CCC3CCCC3C2)CC2CCCCC2)CC1
C1CCC(CCCCC2CC3CCCCC3C2)CC1
C1CCC(C2CC3CCCC3C3CCC4CCCCC4C23)CC1
C1CCC(CCCC2CCC(C3CCC4C(CCC4C4CCCCC4)C3)CC2)CC1
C1CCC(C2CCCC(CC3CC4CCCCC4C4CCC5CCCCC5C34)C2)C1
C(CCCC1CCCC2C(C3CCCCC3)CCC12)CCC1CCCCC1
C1CCC(C2CCC3CCCC3C3CCC4CCCCC4CC23)CC1
C1CCC(CCCCCC2CCCC3C(C4CCCCC4)CCC23)CC1
C1CCC(C2CC3CCCCC3C3CCCCC23)CC1
C(CCCCC1CCC(C2CCCCC2)C1)CCCC1CCCCC1
C(CCCC1CCCCC1)CCCC1CCC(C2CCCCC2)C1
C1CCC(CCCCCC2CC3CCCCC3C2)CC1
C1CC2CCC3C(CCC4CCCCC43)CC2C1
C1CCC2C(C1)CCC1C3CCCC3CCC21
C1CCC(C2CC3CCCC3C3CCC4CCCCC4C3C2)CC1
C(CCCC1CCC2CCCC2C1)CCC1CCCCC1
C1CCC(CCCCCC2CCCC3C(C4CCCCC4)CCC23)CC1
C1CCC2C(C1)CC(C1CCCC1)C1CCCCC21
C1CCC2C(C1)CCC1C3CCCC3CCC21
C1CCC2CCC3C4CCCCC4CC(CC4CCCC5CCCCC54)C3C2CC1
C1CCC(CCC(CCC2CCC3CCCC3C2)CC2CCCCC2)CC1
C1CCC(CCCCCC2CCCC3C(C4CCCCC4)CCC23)CC1
C1CCC(C2CCC(CCCCCC3CCCC4C(C5CCCCC5)CCC34)C2)CC1
C1CCC(CCCC2(CCCC3CC4CCCCC4C3)CCC3C4CCC5CCCCC5C4CCC32)C1
C1CCC2C(C1)CCC1C3CCCCC3CCCC21
C1CCC(C2CCCC3C(CCC4CCCCC43)C2)CC1
C1CCC(CCCC2CC3CCCCC3C2C2CCCCC2)CC1
C1CCC(C2CCC3CC4C(CCC5C6CCC(CCCC7CCC8CCCCC8C7)C6CCC45)CC32)CC1
C1CCC(C2CC3C(CCC4CC4)CCC3C3CCC4CCCCC4C23)CC1
C1CCC(C2CCC3CC4C(CCCC5C6CCC(CCCC7CCC8CCCCC8C7)C6CCC45)CC32)CC1
C1CCC(CCCCC2CC3CCCCC3C2)CC1
C1CCC2CC(CCCC3CCC4C3CCCC3C5CCCCC5CCC34)CC2C1
C1CCC(C2CCC3CC4C(CCC45CCCCC5)CC32)CC1
C1CCC(CCC2CCC3C(CCC4CCCCC43)C2)CC1
C1CCC(C2CCC3(CCC4CC5C(CCC5C5CCCCC5)CC43)C2)CC1
C1CCC(CCCC2CCCC(C3CCC4CC(CCC5CCC6CCCCC6C5)CCC43)C2)CC1
C1CCC(CCCC2CCC3CCC(C4CCCC5CCCC54)CC3C2)CC1
C1CCC(C2CCC3CC4C(CCC45CCCC5)CC32)CC1
C1CCC(CCC2CCC3C(CCC3C3CCCC(CCC4CCCCC4)C3)C2)CC1
C1CCC(C2CCC3C(CCC4CCCCC43)C2)CC1
C(CCCC1CCCCC1)CCC1CCCCC1
C(CCC1CCCC2CCCCC12)CC1CCC2CCCCC2C1
C1CCC(C2CC3CCCC3C3CCC4CCCCCC4C23)CC1
C1CCC2CCC3C4CCCC4CCC3C2CC1
C1CCC(CCCC2CCC3C(CCC4C5CCCC5CC(CCC5CCCCC5)C34)C2)CC1
C1CCC(CC2CCC3C(CCC3C3CCCCC3)C2)CC1
C(CCCC1CCCC2C(C3CCCCC3)CCC12)CCC1CCC(C2CCCC2)C1
C1CCC2C(C1)CCC1C3CCCCC3CCC21
C1CCC2CCC3C4CCCC4CCC3C2CC1
C1CCC(C2CCCC3CCCC3C3CCC4CCCCC4C23)CC1
C1CCC2CC(C3CCCC4CCCC43)CCC2C1
C(CCCC1CCC2CCCC2C1)CCCC1CCC(C2CCCCC2)C1
C(CCCC1CCCC2C(C3CCCCC3)CCC12)CCC1CCCCC1
C1CCC(CCCCCC2CC3CCCCC3C2)CC1
C1CCC2C(C1)CCC1C3CCCC3CCC21
C1CCC2CC(CCCC3CCC4C3CCC3C5CCCCC5CCC43)CC2C1
C1CCC(CC2CC3CCCCC3CC3CCC4CCCCC4C32)CC1
C1CCC(CCC2CCC3C(CCC3C3CCCCC3)C2)CC1
C1CCC(C2CC3C(CCC34CCCCC4)C3CCC4CCCCC4C23)CC1
C1CCC(CCCCCC2CC3CCCCC3C2)CC1
C1CCC2C(C1)CCC1C3CCCC3CCC21
C1CCC(CCC2(CCCC3CC4CCCCC4C3)CCC3C4CCC5CCCCC5C4CCC32)C1
C1CCC(C2CCC(C3CC4CCCC4C4CCC5CCCCC5C34)CC2)C1
C(CC1CCC(C2CCCC2)CC1)CC1CCC2CCCC2C1
C1CCC(CCC2CCC(CCC3CCCC(CC4CCCC4)C3)CC2)CC1
C(CCCCC1CCC(C2CCCCC2)C1)CCCC1CCCCC1
C1CCC(C2CC3C(CCC34CCCCC4)C3CCC4CCCCC4C23)CC1
C(CCCC1CCCCC1)CCCC1CCC(C2CCCCC2)C1
C1CCC(CCCCC2CCC3CCCCC23)CC1
C1CCC2C(C1)CC(C1CCCC3CCCC31)C1CCCCC21
C1CCC2C(C1)CCC1C3CCCCC3CCCC21
C1CCC(C2CCC3CC4C(CCC45CCCC5)CC32)CC1
C1CCC(C2CC3CCCC3C3CCC4CCCCC4C23)CC1
C1CCC2CCC(C3CCCC4CCCC43)CC2CC1
C1CCC(C2CCCC3(CCC4CC5C(CCC5C5CCCCC5)CC43)C2)CC1
C1CCC(C2CCC(CCCCC3CCC4C3CCC3C5CCCCC5CCC43)C2)CC1
C(CCCC1CCCCC1)CCCC1CCC(C2CCCCC2)C1
C1CCC2C(C1)CCCC2CCCC1CCCC2CCCCC21
C1CCC(CC2CCC3C(CCCCCC4CCC(C5CCCC5)C4)CCCC23)CC1
C1CCC(CCCCCC2CCCC3C(C4CCCCC4)CCC23)CC1
C1CCC(CCCCC2CC3CCCCC3C2)CC1
C(CCCC1CCCC2C(C3CCCCC3)CCC12)CCC1CCCCC1
C1CCC(C2CCC3CCCC3C3CCC4CCCCC4C23)CC1
C1CCC(CCCCCC2CC3CCCCC3C2)CC1
C1CCC(C2CCC3CC4C(CCCC45CCCC5)CC32)CC1
C1CCC(C2CCC3CCCC3C3CCC4CCCCC4C23)CC1
C1CCC2CC(C3CCCC4CCCC43)CCC2C1
C1CCC(C2CC3CCCC3C3CCC4CCCCC4C23)CC1
C1CCC(CCCCCC2CCC3CCCC3C2)CC1
C1CCC2CC(C3CCCC4CCCC43)CCC2C1
C1CCC(CC2CC3CCCCC3C3CCC4CCCCCC4C23)CC1
C(CCCC1CCCC2C(C3CCCCC3)CCC12)CCC1CCCCC1
C1CCC(C2CCC3CC4C(CCC5C6CCCC(CCCC7CC8CCCCC8C7)C6CCC45)CC32)CC1
C1CCC(CCCCC2CC3CCCCC3C2)CC1
C1CCC(CC2CC3CCCCC3C3CCC4CCCCC4C23)CC1
C1CCC(C2CCC3CCC(C4CCCC4)CC32)CC1
C1CCC2C(C1)CCC1CCCCC12
C(CCCC1CCCCC1)CCCC1CCC(CC2CCCCC2)C1
C1CCC(C2CCC3CCC4C(CCC45CCCC5)CC32)CC1
C(CCC1CCCC2CCCC12)CC1CC2CCCCC2C1
C1CCC(C2CCC3CC4C(CCCC45CCCC5)CC32)CC1
C1CCC(C2CC3CCCC3C3CCC4CCCCCC4C23)CC1
C1CCC(CCCCCC2CCCC3C(C4CCCCC4)CCC23)CC1
C1CCC2CCC3C4CCCC4CCC3C2CC1
C1CCC(CC2CC3CCCCC3C3CCC4CCCCC4C23)CC1
C1CCC2CCC(C3CCCC4CCCC43)CC2CC1
C1CCC2CC(C3CCCC4CCCC43)CCC2C1
C1CCC(CCC2CC3CCCCC3C3CCC4CCCCC4C23)CC1
C1CCC(C2CCC3CC4CCCCC4CC32)CC1
C1CCC(CC2CCC(C3CC4CCCC4C4CCC5CCCCC5C34)CC2)CC1
C1CCC(CCCC2CC3CCCCC3C2C2CCCCC2)CC1
C1CCC(C2CCC3CC4C(CCC5C6CCC(CCCC7CCCC8CCCCC87)C6CCCC45)CC32)CC1
C1CCC(CC2CCC3CC4C(CCC45CCCCC5)CC23)CC1
C1CCC2C(C1)CCCC1CCCCC12
C1CCC(CC2CCC3C(CCC3C3CCCCC3)C2)CC1
C(CCC1CCC2CCCCC2C1)CCC1CCCC2CCCCC12
C1CCC2CCC(C3CCCC4CCCC43)CC2CC1
C1CCC(C2CCC3C(CCC4CCCCC43)C2)CC1
C(CCCC1CCCCC1)CCCC1CCC(C2CCCCC2)C1
C1CCC(CCCCC2CCC3CCCCC3C2)CC1
C1CCC(CCCC2CCC(C3CC3)CC2)CC1
C(CCCC1CCCCC1)CCCC1CCC(C2CCCCC2)C1
C1CCC(C2CCC3CC4C(CCC45CCCC5)CC32)CC1
C1CCC2CC(CC3CCCC4CCCCC43)C3C(CCC4CCCCC43)CC2C1
C1CCC(CCC2CCCC3CC4C(CC5CCCCC5)CCC4CC23)CC1
C1CCC(CCCC2CCC3C(CCC3C3CCCCC3)C2)CC1
C1CCC(C2CC3CCCCC3C3CCC(CCC4CCCC4)CC23)CC1
C1CCC(CCCCCC2CC3CCCCC3C2)CC1
C1CCC(C2CCC3CCC4C(CCC45CCCC5)CC32)CC1
C(CCCC1CCCC2C(C3CCCCC3)CCC12)CCC1CCC(C2CCCC2)C1
C1CCC(CC2CCC3CC4(CCCCC4C4CCCCC4)CCC23)CC1
C1CCC(CCCCCC2CC3CCCCC3C2)CC1
C(CCC1CCCC2CCCCC12)CC1CC2CCCCC2C1
C1CCC2C(C1)CCC1C3CCCC3CCC21
C1CCC(CCCCC2CC3CCCCC3C2)CC1
C1CCC(C2CC3CCCCC3C3CCC(CCCC4CCCC4)CC23)CC1
C1CCC(CCC2CCC3C(CCC3C3CCCC(CCC4CCCC4)C3)C2)CC1
C1CCC(CCCCC2CC3CCCCC3C2)CC1
C1CCC(CCCCC2CCC3CCCCC23)CC1
C1CCC(CCCC2CCC3C(CCC4C5CCCC5CCC34)C2)CC1
C1CCC(CCC2CCC3C(CCC3C3CCCCC3)C2)CC1
C1CCC2C(C1)CCC1CCCCC12
C1CCC(C2CC3CCCC3C3CCC4CCCCC4C23)CC1
C1CCC2CC(CCCC3CCC4C3CCCC3C5CCCCC5CCC34)CCC2C1
C1CCC2C(C1)CCC1C3CCCC3CCC21
C1CCC(CC2CC3CCCCC3CC3CCC4CCCCC4C32)C1
C(CCC1CCCC2CCCCC12)CC1CCCC2CCCCC12
C1CCC(CCCCCC2CCC3CCCCC23)CC1
C1CCC(CC2CC3CCCCC3C3CCC4CCCCC4C23)C1
C1CCC(C2CCC3C(CCC4CCCCC43)C2)CC1
C(CCCC1(C2CCCC2)CCCC2CCCCC21)CCC1CCC(C2CCCCC2)C1
C1CCC(CCCCC2CCC3CCCCC23)CC1
C1CCC2CCC3C4CCCCC4CC(CC4CCCC4)C3C2CC1
C1CCC(CCC2CCC(C3CC3)CC2)CC1
C1CCC(C2CCC(CCCCCC3CCCC4CCCCC34)C2)CC1
C(CCC1CCC2C1CCC1C3CCCCC3CCC21)CC1CC2CCCCC2C1
C1CC2CCC3C(CCC4CCCCC43)CC2C1
C(CCC1CCC2C(CCC3C4CCCC4CCC23)C1)CC1CCC(C2CC3CCCC3C3CCC4CCCCC4C23)CC1
C(CCC1CCC2CCCCC2C1)CCC1(C2CCCC2)CCCC2CCCCC21
C1CCC(CCC2CCC(C3CCCC4C(CC5CCCCC5)CCC34)C2)CC1
C1CCC(CC2CCC3C(CCC3C3CCCCC3)C2)CC1
C1CCC(CCC2CCC(CCC3CCCC(CC4CCCC4)C3)CC2)CC1
C1CCC(CC2CC3CCCC3C3CCC4CCCCC4C23)CC1
C1CCC2CC(CCCC3CCCC4CCCCC43)CCCC2C1
C1CCC2CC(C3CCCC4CCCC43)CCC2C1
C1CCC2CC(CC3CCCC4CCCC43)CCC2C1
C1CCC(CC2CC3CCCCC3C3CCC4CCCCCC4C23)CC1
C1CCC(C2CCC3CC4C(CCC32)CCC2C3CCC(CCCC5CCC6CCCCC6C5)C3CCC42)CC1
C1CCC2C(C1)CCC1C3CCCC3CCC21
C1CCC(CC2CCCC(C3CCC4CC(CCC5CCC6CCCCC6C5)CCC43)C2)C1
C(CCCC1CCCCC1)CCCC1CCC(C2CCCCC2)C1
C1CC2CCC3C(CCC4CCCCC43)CC2C1
C1CCC(C2CC3CCCC3C3CCC4CCCCC4CC23)CC1
C1CCC2C(C1)CCC1C3CCCC3CCC21
C1CCC(C2CCC3CC4C(CCC5CC6CCCCC6C5)CCCC4CC32)CC1
C(CCCC1CCC(CC2CCCCC2)C1)CCC1CCCCC1
C1CCC(CCC2CCC3C(CCC3C3CCCCC3)C2)CC1
C1CCC(CCC2CCC3C(CCC3C3CCCCC3)C2)CC1
C1CCC(CCC2CCC(C3CC3)CC2)CC1
C1CCC(CC(CC2CCCCC2)C2CCCCC2)CC1
C1CCC(CCCC2CCC3CCC(C4CCCC5CCCC54)CC3C2)CC1
C1CCC2C(C1)CCC1C3CCCCC3CCC21
C1CCC(CCC2CCC(C3CC3)CC2)CC1
C1CCC(CC2CCCC(C3CCC4CC(CCC5CCC6CCCCC6C5)CCC43)C2)CC1
C(CCC1CCC2CCCCC2C1)CCC1CCCC2CCCCC12
C(CCCC1CCCC2CCCC12)CCC1CCCCC1
C1CCC(CCCCC2CCC3CCCCC23)CC1
C1CCC(CCCC2CCC3C(CCC3C3CCCCC3)C2)CC1
C1CCC2C(C1)CCCC2CCCC1CCCC2C1CCC1C3CCCCC3CCC21
C(CCCC1CCCC2C(C3CCCCC3)CCC12)CCC1CCCCC1
C1CCC(CCC2CCC(C3CC3)CC2)CC1
C(CCC1CCCC2CCCC12)CC1CC2CCCCC2C1
C1CCC2C(C1)CCC1C3CCCC3CCC21
C(CCC1CCC2CCCCC2C1)CCC1CCCC2CCCCC12
C(CCC1CCC2C1CCC1C3CCCCC3CCC21)CC1CC2CCCCC2C1
C1CCC(CCC2CCC(CCC3CCCC(CC4CCCC4)C3)CC2)CC1
C1CCC2C(C1)CCCC1CCCCC12
C1CCC(C2CC3CCCCC3C3CCC4CCCCC4C23)CC1
C1CCC2CCC3C4CCC(CCCC5CC6CCCCC6C5)C4CCC3C2CC1
C1CCC(CCCC2CCC3C(CCC3C3CCCCC3)C2)CC1
C1CCC2CCC3C4CCCCC4CC(CC4CCCC4)C3C2CC1
C1CCC(CCCCC2CC3CCCCC3C2)CC1
C1CCC(C2CCC3CC4C(CCCCC45CCCC5)CC32)CC1
C1CCC(CCCCCC2CC3CCCCC3C2)CC1
C1CCC(CCCCC2CC3CCCCC3C2)CC1
C1CCC(CCCC2CCC3C2CCC(C2CCCCC2)C2C4CCCCC4CCC32)CC1
C1CCC(CC2CCC3CCCCC3C3CCC4CCCCC4C23)CC1
C1CCC(CCC2(CCCC3CCC4CCCCC4C3)CCC3C4CCC5CCCCC5C(CCC32)C4)C1
C1CCC(C2CC3CCCC3C3CCC4CCCCC4CC23)CC1
C1CCC(C2CCC(CCCC3CCC4C3CCC3C5CCCCCC5CCC43)C2)CC1
C1CCC(CCCC2CCC3C(CCC4CC(C5CCCCC5)CCC43)C2)CC1
C1CCC2CC(CCCC3CCC4C3CCC3C5CCCCC5CCC43)CC2C1
C1CCC(C2CCC3CC4C(CCC45CCCC5)CC32)CC1
C1CCC(C2CCC3CCC4CCCCC4C3CC2)CC1
C1CCC(C2CCC3CCC4(CCCCC4C4CCCCC4)CCC32)CC1
C1CCC(C2CCC3CC4C(CCC5C6CCC(CCCC7CC8CCCCC8C7)C6CCC45)CC32)CC1
C1CCC(CCC2CCC3C(CCC3C3CCCCC3)C2)CC1
C1CCC(CCCC2(CCCC3CC4CCCCC4C3)CCC3C4CCC5CCCCC5C4CCC32)C1
C1CCC(CCCCC2CCC3CCCCC23)CC1
C1CCC(C2CCC3C(CCC4CCCCC43)C2)CC1
C1CCC(CCC2CCCCC3CC4C(CCC4C4CCCCC4)CC23)CC1
C1CCC2C(C1)CCC1C3CCCC3CCC21
C(CCC1CCCC2CCCCC2C1)CCC1CCC(C2CCCCC2)C1
C1CCC(CCC2CCC3C(CCC3C3CCCCC3)C2)CC1
C1CCC(C2CCC3C(CCC34CCCC4)C3CCC4CCCCC4CC23)CC1
C1CCC(C2CCC3CC4CCCCC4CCC32)CC1
C1CCC(CCC2(CCCC3CC4CCCCC4C3)CCC3C4CCC5CCCCC5C4CCC32)C1
C1CCC(CCCCCC2CCC3CCCC3C2)CC1
C(CCC1CCCC2CCCCC12)CC1CCC2CCCCC2C1
C1CCC(C2CCC3CC4CCCCC4CC32)CC1
C1CCC2C(C1)CCCC1CCCCC12
C1CCC(CCCC2CCCC(C3CCC4CC(CCC5CCC6CCCCC6C5)CCC43)C2)CC1
C1CCC(CCC2CCC3C(CCC4C5CCCC5CC(CCC5CCCCC5)C34)C2)CC1
C1CCC2CC(CCCC3CCC4C3CCC3C5CCCCC5CCC43)CC2C1
C1CCC2CC(CCCC3CCC4C3CCCC3C5CCCCC5CCC34)CC2C1
C1CCC2CCC(C3CCCC4CCCC43)CC2CC1
C(CCC1CCC2CCCCC2C1)CCC1CCCC2CCCCC12
C(CCC1CCCC2CCCCC12)CC1CCC2CCCCC2C1
C1CCC(CCCCCC2CCCC3C(C4CCCCC4)CCC23)CC1
C1CCC(C2CCC3C(CCC4CCCCC43)C2)CC1
C1CCC(CCCC2CCC3CCC(C4CCCC5CCCC54)CC3C2)CC1
C1CCC2CC(C3CCCC3)CCC2C1
C1CCC(C2CC3CCCC3C3CCCC4CCCCC4C23)CC1
C(CCC1CCCC2CCCCC12)CC1CCCC2CCCCC12
C1CCC2CC(C3CCCC4CCCC43)CCC2C1
C1CCC2CC(C3CCCC4CCCC43)CCC2C1
C1CCC(CCC2CCCC3CC4C(CCC4C4CCCCC4)CC23)CC1
C1CCC(C2CC3CCCC3C3CCC4CCCCC4C23)CC1
C1CCC(CC2CC3CCCCC3C3CCC4CCCCC4C23)CC1
C1CCC(C2CC3CCCC3C3CCC4CCCCCC4C23)CC1
C1CCC(CCC2CCC3C(CC4CCCCC4)CCC3C2)CC1
C1CCC2CC(C3CCCC3)C3CCCC3C2CC1
C1CCC(CCCCCC2CC3CCCCC3C2)CC1
C1CCC2CCC(C3CCCC3)CC2CC1
C1CCC(C2CCC(CCCC3CCCC4C3CCC3C5CCCCC5CCC43)C2)CC1
C1CCC(C2CC3CCCC3C3CCC4CCCCC4C23)CC1
C1CCC(CCC2(CCCC3CC4CCCCC4C3)CCC3C4CCC5CCCCC5C4CCC32)C1
C1CCC(C2CC3CCCCC3C3CCCCC3C2)CC1
C1CCC(CCCCC2CCC3CCCCC23)CC1
C1CCC2CCC3C4CCCCC4CC(CC4CCCC4)C3C2CC1
C1CCC(CCC2CCC(C3CCC4C(CCC4C4CCCCC4)C3)CC2)CC1
C1CCC(C2CC3CCCCC3C3CCCCC23)CC1
C1CCC2C(C1)CCC1CCCCC12
C1CCC(C2CCC(CCCCCC3CCCCC4CCCCC34)C2)CC1
C(CCC1CCC2C(CCC3C4CCCC4CCC23)C1)CC1CCC(C2CC3CCCCC3C3CCC4CCCCC4C23)CC1
C1CCC(CC2CC3CCCCC3CC3CCC4CCCCC4C32)C1
C1CCC2CC(CC3CCCC4CCCC43)CCC2C1
C1CCC2CC3CCC4C(CCCC5CC6CCCCC6C5)CCC4C3CCC2C1
C1CCC(C2CC3CCCC3C3CCC4CCCCCC4C23)CC1
C(CCCC1CCCC2C(C3CCCCC3)CCC12)CCC1CCCCC1
C(CCC1CCCC2CCCCC12)CC1CC2CCCCC2C1
C1CCC2C(C1)CCC1C3CCCCC3CCC21
C1CCC2C(C1)CCCC1C3CCCC3CCC21
C(CCCC1CCCC2C(C3CCCCC3)CCC12)CCC1CCCCC1
C1CCC2C(C1)CCC1C3CCCC3CCC21
C(CCC1CCCC2CCCCC12)CC1CCC2CCCCC2C1
C1CCC(CCCC2CCCC3CCCCC32)C2CCCCC2C1
C(CCC1CCCC2CCCCC12)CC1CCCC2CCCCC12
C1CCC(CCCCC2CC3CCCCC3C2)CC1
C1CCC2CC(C3CCCC4CCCC43)CCC2C1
C1CCC(CC2CCCC(C3CCC4CC(CCC5CCC6CCCCC6C5)CCC43)C2)C1
C1CCC(CCCCCC2CCCC3C(CC4CCCCC4)CCC23)CC1
C(CCC1CCC2CCCCC2C1)CCC1CCCC2CCCC12
C1CCC(CCCCC2CC3CCCCC3C2)CC1
C1CCC(C2CCC3CC4C(CC5CC6CCCCC6C5)CCCC4CC32)CC1
C1CCC2CCC3C4CCCCC4CC(CC4CCCC4)C3C2CC1
C1CCC(CC2CC3CCCCC3C3CCC4CCCCC4C23)CC1
C1CCC2CCC(C3CCCC4CCCC43)CC2CC1
C(CCCC1CCCC2C(C3CCCCC3)CCC12)CCC1CCCCC1
C1CCC(CCCCC2CCCC3CCC(C4CCCC5CCCC54)CC23)CC1
C1CCC2CC(C3CCCC4CCCC43)CCC2C1
C1CCC(CCCCCC2CCC3CCCCC23)CC1
C1CCC(CCCCCC2CCCC3C(C4CCCCC4)CCC23)CC1
C1CCC(CCCC2CCC3C(CCC3C3CCCCC3)C2)CC1
C1CCC(CCCC2CCC3C(CCC4CCCCC43)C2)CC1
C1CCC(C2CCC3CC4C(CCC45CCCCC5)CC32)CC1
C1CCC(CCCCCC2CC3CCCCC3C2)CC1
C1CCC(CCC2CCC3C(CCC3CC3CCCC(CCC4CCCC4)C3)C2)CC1
C1CCC(CCCCC2CCC3CCCCC23)CC1
C1CCC(C2CCC3CC4C(CCCC45CCCC5)CC32)CC1
C1CCC(C2CCC3CC4C(CCC45CCCCCC5)CC32)CC1
C1CCC(CCCCC2CC3CCCCC3C2)CC1
C1CCC(CCCCC2CCC3CCC(C4CCCC5CCCC54)CC3C2)CC1
C1CCC2CC(CCCC3CCC4C3CCC3C5CCCCC5CCCC43)CC2C1
C(CCC1CCC2CCCC2C1)CC1CCC(C2CCCC2)CC1
C(CCC1CCCC2CCCCC12)CC1CCC2CCCCC2C1
C1CCC(CC2CCC3CC4C(CCC45CCCC5)CC23)CC1
C1CCC(CCC2CCCCCC23CCC2C(CCC2C2CCCCC2)C3)CC1
C1CCC2CCC3C4CCC(CCCC5CC6CCCCC6C5)C4CCC3C2CC1
C1CCC(CCC2CCC3C(CCCC4CCCCC43)C2)CC1
C1CCC2CCC3C4CCCC4CCC3C2CC1
C1CCC2CCC(C3CCCC3)CC2CC1
C1CCC(CC2CC3CCCCC3C3CCC4CCCCC4C23)C1
C1CCC(CCCCC2CC3CCCCC3C2)CC1
C1CCC(CCCC2CC3CCCCC3C2C2CCCCC2)CC1
C1CCC(CC2CCC(CC(CC3CCCCC3)C3CCCCC3)CC2)CC1
C1CCC(CCCCCC2CCC3CCCCC23)CC1
C1CCC(CC2CC3CCCCC3C3CCC4CCCCCC4C23)CC1
C1CCC2C(C1)CCC1C3CCCC3CCC21
C1CCC(CCCCC2CC3CCCCC3C2)CC1
C1CCC(CCC2CCC3C2CCC(C2CCCCC2)C2C4CCCCC4CCC32)CC1
C1CCC2CCC3C4CCCC4CCC3C2CC1
C1CCC(CCCCCC2CCCC3C(C4CCCCC4)CCC23)CC1
C1CCC2CC(C3CCCC3)CCC2C1
C1CCC(CC2CCC(CCCCCC3CCCC4CCCCC34)C2)CC1
C1CCC2CCC(C3CCCC4CCCC43)CC2CC1
C1CCC(C2CC3CCCC3C3CCC4CCCCC4C23)CC1
C1CCC2CCC3C4CCC(CCCC5CC6CCCCC6C5)C4CCC3C2CC1
C1CCC2CC(CC3CCCC4CCCC43)CCC2C1
C1CCC(C2CCC(C3CC4CCCC4C4CCC5CCCCC5C34)CC2)C1
C1CCC(CCCCC2CC3CCCCC3C2)CC1
C1CCC(C2CCC3CC4C(CCC45CCCCC5)CC32)CC1
C1CCC(CCCC2CCC3C(CCC4C5CCCC5CCC34)C2)CC1
C1CCC(CC2CC3C(CCC34CCCC4)C3CCC4CCCCC4C23)CC1
C1CCC2C(C1)CCC1C3CCCC3CCC21
C1CCC(C2CCC3CC4C(CCC32)CCC42CCCCC2)CC1
C1CCC(C2CCC3CCCC3C3CCC4CCCCC4C23)CC1
C(CCCC1CCCC2C(C3CCCCC3)CCC12)CCC1CCCCC1
C(CCC1CCCCC2CCCCC12)CC1CCC2CCCCC2C1
C1CCC2C(C1)CCC(C1CCCC1)C1CCCCC21
C1CCC(CCCC2(CCCC3CCC4CCCCC4C3)CCC3C4CCC5CCCCC5C4CCC32)C1
C1CCCC(CCC2CCC(CCC3CCCCC3)CC2)CC1
C1CCC(C2CC3CCCC3C3CCC4CCCCC4C23)CC1
C1CCC(CC2CC3CCCCC3C3CCC4CCCCC4C3C2)CC1
C1CCC(C2CCC3C(CCCC4CCCCC43)C2)CC1
C1CCC2CCC3C4CCCC4CCC3C2CC1
C1CCC(CCCCCC2CCCC3C(CC4CCCCC4)CCC23)CC1
C1CCC2CC(CCCC3CCC4C3CCC3C5CCCCC5CCC43)CCC2C1
C1CCC(CCC(CCC2CCC3CCCC3C2)CC2CCCCC2)CC1
C1CCC(CCCCC2CCC3C2CCC2C4CCCCC4CCC32)CC1
C(CCCC1CCCC2C(C3CCCCC3)CCC12)CCC1CCCCC1
C1CCC2CC(C3CCCC4CCCC43)CCC2C1
C1CCC(CCC2CCC3C(CC4CCCCC4)CCC3C2)CC1
C1CCC(C2CCC3CCC(C4CCCC4)C3C2)C1
C(CCC1CCCC2CCCCC12)CC1CC2CCCCC2C1
C1CCC2C(C1)CC(C1CCCC3CCCCC31)C1CCCC21
C1CCC(CC2CCC3CC4C(CCC5C6CCC(CCCC7CCC8CCCCC8C7)C6CCC45)CC23)CC1
C1CCC(C2CCC3CC4(CCCCCCC4C4CCCCC4)CCC32)CC1
C1CCC(CC2CCC3C(CCC3C3CCCCC3)C2)CC1
C1CCC(CCC2CCC3C(CCC4CCCCCC43)C2)CC1
C1CCC2C(C1)CCC1C3CCCC3CCC21
C1CCC(CCCCC2CC3CCCCC3C2)CC1
C1CCC(CC2CCC(CCC(CC3CCCCC3)C3CCCCC3)CC2)CC1
C1CCC2CC3CCC(C4CCCCC4)C3CC2CC1
C1CCC(CC2CCC(C3CC4CCCC4C4CCC5CCCCC5C34)CC2)CC1
C1CCC(CCC2CCC3C(CC4CCCCC4)CCC3C2)CC1
C1CCC2CCC3C4CCCC4CCC3C2CC1
C1CCC2CCC(C3CCCC4CCCC43)CC2CC1
C1CCC(CC2CC3CCCCC3C3CCC4CCCCC4C23)CC1
C(CCC1CCCC2CCCCC12)CCC1CCCC2CCCCC12
C1CCC(CCCC2CCC3C(CCC4CC(C5CCCCC5)CCC43)C2)CC1
C1CCC2CC(C3CCCC4CCCC43)CCC2C1
C1CCC(CC2CCC(CCCCCC3(C4CCCC4)CCCC4CCCCC43)C2)CC1
C1CCC2CCC3CCCCC3C2CC1
C1CCC(C2CCC3CC4(CCCCCCC4C4CCCCC4)CCC32)CC1
C1CCC(C2CC3CCCC3C3CCC4CCCCC4C23)CC1
C1CCC(C2CC3CCCC3C3CCC4CCCCC4C23)CC1
C1CCC(CCC2CCC3C(CCC3C3CCCCC3)C2)CC1
C1CCC(CC2CC3CCCCC3C3CCC4CCCCC4C23)CC1
C1CCC(CCCCCC2CC3CCCCC3C2)CC1
C1CCC2CC3CCC4C(CCCC5CC6CCCCC6C5)CCC4C3CCC2C1
C1CCC(CC2CC3CCCCC3C3CCC4CCCCCC4C23)CC1
C1CCC2CC(CC3CCCC4CCCC43)CCC2C1
C1CCC(C2CC3CCCC3C3CCC4CCCCC4C23)CC1
C1CCC(C2CC3CCCC3C3CCC4CCCCCC4C23)CC1
C1CCC(C2CC3CCCC3C3CCC4CCCCC4CC23)CC1
C1CCC2CC(C3CCCC4CCCC43)CCC2C1
C1CCC2C(C1)CCC1CCCCC12
C1CCC2CC(C3CCCC4CCCC43)C3CCCC3C2CC1
C1CCC(CCCCCC2CC3CCCCC3C2)CC1
C1CCC(CCC2CCC3C(CCC3C3CCCCC3)C2)CC1
C1CCC2C(C1)CCC1C3CCCCC3CCC21
C1CCC(CCCC2CCC3C(CCC4CCCCC43)C2)CC1
C1CCC2C(C1)CCC1CCCCC12
C1CCC2C(C1)CCC1C2CCC2C3CCCC3CC21
C1CCC(CCC2CCC(C3CCC4C(CCC4C4CCCCC4)C3)CC2)CC1
C1CCC(CCC2CCC(C3CC3)CC2)CC1
C1CCC(C2CC3CCCCC3C3CCCCC23)CC1
C1CCC(C2CCCC3CCCC3C3CCC4CCCCC4C23)CC1
C1CCC(C2CCC3CC4C(CCC5CCCCCC54)CC32)CC1
C(CCCC1CCCC2C(C3CCCCC3)CCC12)CCC1CCCCC1
C1CCC(CC2CCC3CCCCC3C3CCC4CCCCC4C23)C1
C1CCC(CCCCC2CC3CCCCC3C2)CC1
C1CCC(CCC2CCC(CCC3CCCC(CC4CCCC4)C3)CC2)CC1
C(CCCC1CCCCC1)CCCC1CCC(C2CCCCC2)C1
C1CCC(CCCCC2CC3CCCCC3C2)CC1
C1CCC(CCC2CCC3C(CCC3C3CCCCC3)C2)CC1
C(CCC1CCC2CCCCC2C1)CCC1CCCC2CCCC12
C1CCC(C2CCC3CC4C(CCC5C6CCC(CCCC7CCC8CCCCC8C7)C6CCC45)CC32)CC1
C1CCC(C2CCC3CC4C(CCCC45CCCCC5)CC32)CC1
C1CCC(CCCCC2CC3CCCCC3C2)CC1
C(CCC1CCCC2CCCC12)CC1CC2CCCCC2C1
C1CCC(C2CC3CCCC3CC3CCC4CCCCC4C32)CC1
C1CCC(CCC(CCC2CCC3CCCC3C2)CC2CCCCCC2)CC1
C1CCC(CCCCC2CC3CCCCC3C2)CC1
C1CCC(CCC2CCCC3CC4C(CC5CCCCC5)CCC4CC23)CC1
C1CCC(CCCCCC2CC3CCCCC3C2)CC1
C1CCC2CCC(C3CCCC4CCCC43)CC2CC1
C1CCC2CC(C3CCCC4CCCC43)CCC2C1
C1CCC(C2CC3CCCC3C3CCC4CCCCC4C23)CC1
C1CCC(CC2CC3CCCCC3C3CCC4CCCCCC4C23)CC1
C1CCC2C(C1)CCC1C3CCCC3CCC21
C1CCC(CCCCCC2CCCC3C(CC4CCCCC4)CCC23)CC1
C1CCC(CCCCC2CC3CCCCC3C2)CC1
C1CCC(CCC2CCCC3CC4C(CC5CCCCC5)CCC4CC23)CC1
C1CCC(CCCCCC2CCCCC2)CC1
C1CCC(CCCCCC2CC3CCCCC3C2)CC1
C1CCC2CC3CCC4CCCC4C3CCC2C1
C1CCC(C2CCC3CCC4C(CCC45CCCC5)CC32)CC1
C1CCC2C(C1)CCC1C3CCCC3CCC21
C1CCC2CC(CCCC3CCC4C3CCC3C5CCCCC5CCCC43)CCC2C1
C1CCC2C(C1)CCC1C3CCCCC3CCCC21
C(CCC1CCCC2CCCCC12)CC1CCCC2CCCCC12
C1CCC(C2CCC3CC4C(CCC45CCCCC5)CC32)CC1
C1CCC(CCC2CCC3C(CCC3C3CCCCC3)C2)CC1
C1CCC(CCCCCC2CCCC3C(CC4CCCCC4)CCC23)CC1
C1CCC2CC(C3CCCC4CCCC43)CCC2C1
C1CCC(CCCCC2CC3CCCCC3C2)CC1
C1CCC(C2CCC(CCCC3CCC4C3CCC3C5CCCCC5CCCC43)C2)CC1
C1CCC(CC2CC3CCCCC3C3CCC4CCCCCC4C23)CC1
C1CCC(C2CCC3CC4C(CCCC45CCCC5)CC32)CC1
C1CCC(CCC2CCC(CCC3CCCC(CC4CCCC4)C3)CC2)CC1
C1CCC(CC2CCC(C3CC4CCCCC4C4CCC5CCCCC5C34)CC2)CC1
C1CCC2CCC3C4CCCCC4CC(CC4CCCC4)C3C2CC1
C1CCC2CC(C3CCCC4CCCC43)CCC2C1
C1CCC(CCC(CCC2CCC3CCCC3C2)CC2CCCCC2)CC1
C1CCC2CCC(C3CCCC4CCCC43)CC2CC1
C1CCC(CCC2CCC(CCC3CCCC(CCC4CCCC4)C3)CC2)CC1
C1CCC2C(C1)CC(C1CCCC1)C1CCCCC21
C1CCC(CC2CCCCC2CC2CC3CCCCC3C3CCC4CCCCCC4C23)CC1
C(CCCCC1CCC(C2CCCCC2)C1)CCCC1CCCCC1
C1CCC(CCCCCC2CC3CCCCC3C2)CC1
C1CCC(CCCC2CCC3C(CCC3C3CCCCC3)C2)CC1
C1CCC(C2CCC3C(CCCC4CCCCC43)C2)CC1
C1CCC(CC2CCC3C(CCC3C3CCCCC3)C2)CC1
C1CCC(CC2CC3CCCCC3C3CCC4CCCCC4C23)CC1
C1CCC(CC2CCC3CCC(C4CCCC4)CC32)C1
C1CCC2C(C1)CCC1C3CCCC3CCC21
C1CCC(CC2CC3CCCCC3C3CCC4CCCCCC4C23)CC1
C1CCC(C2CC3CCCC3C3CCC4CCCCC4C23)CC1
C1CCC(C2CCC3CC4C(CCC32)CCC42CCCC2)CC1
C1CCC2CCC3C4CCCCC4CC(CC4CCCC4)C3C2CC1
C1CCC(CC2CC3CCCCC3C3CCC4CCCCCC4C23)CC1
C1CCC(CCCC2CCCC(CC3CCC4CC(CCC5CCC6CCCCC6C5)CCC43)C2)CC1
C1CCC2CCC3C4CCC(CCCC5CC6CCCCC6C5)C4CCC3C2CC1
C1CCC(CCC2CC3CCCCC3C3CCC4CCCCC4C23)CC1
C(CCCC1CCCC2C(C3CCCCC3)CCC12)CCC1CCC(C2CCCC2)C1
C1CCC(CCCCCC2CCCCC2)CC1
C1CCC2C(C1)CCC1CCCCC12
C1CCC(C2CC3CCCC3C3CCC4CCCCC4C3C2)CC1
C1CCC(C2CCC3CC4C(CCC32)CCC42CCCCC2)CC1
C1CCC2C(C1)CCC1CCCCC12
C1CCC(CCC2CCC(CCC3CCCC(CC4CCCC4)C3)CC2)CC1
C1CCC(C2CC3CCCC3C3CCCC4CCCCC4C23)CC1
C1CCC(C2CCC3C(CCC4CCCCC43)C2)CC1
C1CCC(CC2CC3CCCCC3C3CCC4CCCCC4C3C2)CC1
C1CCC(CC(CC2CCCCC2)C2CCCCC2)CC1
C1CCC2CC3CCC4CCCC4C3CCC2C1
C1CCC(CCCCCC2CC3CCCCC3C2)CC1
C1CCC(CCCCCC2CCCC3C(C4CCCCC4)CCC23)CC1
C1CCC(CC2CC3CCCCC3CC3CCC4CCCCC4C32)C1
C1CCC(CCC(CCC2CCC3CCCCC3C2)CC2CCCCC2)CC1
C1CCC(C2CC3CCCCC3C3CCCCC23)CC1
C(CCCC1CCC2CCCC2C1)CCCC1CCC(C2CCCCC2)C1
C1CCC(CCC2CCC(CCC3CCCC(CC4CCCCC4)C3)CC2)CC1
C1CCCC(CC2CCCC2CC2CC3CCCCC3C3CCC4CCCCC4C23)CC1
C1CCC(CCCCCC2CCC3CCCCC23)CC1
C1CCC2CCC3C4CCCCC4CC(CC4CCCC4)C3C2CC1
C1CCC(CC2CC3CCCCC3C3CCC4CCCCC4C23)CC1
C1CCC(CC2CC3CCCCC3C3CCCCC23)CC1
C1CCC(CCCC(CC2CC3CCCCC3C2)C2CC2)CC1
C1CCC2CC(CC3CCCC4CCCC43)CCC2C1
C1CCC(CCCCC2CC3CCCCC3C2)CC1
C1CCC(CC2CCC(CCCC3CCC4C3CCC3C5CCCCC5CCC43)C2)CC1
C1CCC(CCCCC2CC3CCCCC3C2)CC1
C1CCC2CC(C3CCCC4CCCC43)CCC2C1
C1CCC2CCC3C4CCCC4CCC3C2CC1
C1CCC(C2CC3CCCC3C3CCC4CCCCC4C23)CC1
C1CCC(CCCCC2CC3CCCCC3C2)CC1
C1CCC(CC2CC3CCCCC3C3CCC4CCCCCC4C23)CC1
C1CCC(C2CCC3CC4C(CCC45CCCC5)CC32)CC1
C1CCC(CCCCCC2CCCC3C(CC4CCCCC4)CCC23)CC1
C1CCC2C(C1)CCC1C3CCCC3CCC21
C1CCC2CCC(C3CCCC4CCCC43)CC2CC1
C1CCC(CCCC2CCC3C(CCC4C5CCCC5CC(CCC5CCCCC5)C34)C2)CC1
C1CCC(C2CCC3C(CCC4CCCCC43)C2)CC1
C1CCC2CCC(C3CCCC4CCCC43)CC2CC1
C1CCC2CCC(C3CCCC4CCCC43)CC2CC1
C1CCC(CCCCCC2CCCC3C(CC4CCCCC4)CCC23)CC1
C1CCC2C(C1)CC(C1CCCC3CCCC31)C1CCCCC21
C1CCC(C2CCC3CC4C(CCCCC45CCCCC5)CC32)CC1
C1CCC(CCC2CCC(C3CCC3)CC2)CC1
C1CCC(CCCC2CCC3CCC(C4CCCC5CCCC54)CC3CC2)CC1
C1CCC(CC2CCC3CCCCC3C3CCC4CCCCC4C23)CC1
C(CCC1CCC2C1CCC1C3CCCCC3CCC21)CC1CCC2CCCCC2C1
C1CCC(CCCCCC2CC3CCCCC3C2)CC1
C1CCC(CC2CCC3CCCC3C3CCC4CCCCC4C23)CC1
C(CCC1CCCC2CCCC12)CC1CC2CCCCC2C1
C1CCC(CCC2CCC(CC(CC3CCCCC3)C3CCCCC3)CC2)CC1
C1CCC(CCCC2CCCC3CCC(C4CCCC5CCCC54)CC3C2)CC1
C1CCC(CCCCC2CCC3CCCCC23)CC1
C(CCC1CCCC2CCCCC12)CC1CC2CCCCC2C1
C1CCC(CCCCC2C3CCCCC3CCC2C2CCCC3CCCC32)CC1
C1CCC(CCC2CCC3C(CCC3C3CCCCC3)C2)CC1
C1CCC(CCCCC2CCC3CCCCC23)CC1
C1CCC(C2CCC3CC4C(CCC5C6CCC(CCCC7CC8CCCCC8C7)C6CCC45)CC32)CC1
C(CCC1CCC2C(CCC3C4CCCC4CCC23)C1)CC1CCC(C2CC3CCCC3C3CCC4CCCCC4C23)CC1
C(CCC1CCCC2CCCC12)CC1CC2CCCCC2C1
C1CCC(CCCCC2CC3CCCCC3C2)CC1
C1CCC2CC(C3CCCC4CCCC43)CCC2C1
C1CCC(C2CCC3CC4C(CCC45CCCCC5)CC32)CC1
C1CCC(C2CC3CCCC3C3CCC4CCCCCC4C23)CC1
C1CCC(C2CCC3CC4C(CCC5C6CCC(CCCCC7CC8CCCCC8C7)C6CCC45)CC32)CC1
C1CCC(CC2CC3CCCCC3CC3CCC4CCCCC4C32)C1
C1CCC(C2CCC(CCCC3CCC4C3CCC3C5CCCCC5CCC43)C2)CC1
C1CCC(C2CCC3CC4C(CC5CCC6CCCCC65)CCCCC4CC32)CC1
C1CCC(CCCCC2CCC3CCC(C4CCCC5CCCC54)CC3C2)CC1
C1CCC2CC(C3CCC4CCCCC43)CCC2C1
C(CCC1CCCC2CCCC12)CC1CC2CCCCC2C1
C1CCC(C2CC3CCCCC3C3CCC4CCCCC4C23)CC1
C1CCC(CCCCC2CCC3CCCCC23)CC1
C1CCC(C2CC3CCCC3C3CCC4CCCCCC4C23)CC1
C1CCC(CCC2CCC3C(CCC3C3CCCC3)C2)CC1
C1CCC(CC2CC3CCCCC3C3CCC4CCCCCC4C23)CC1
C1CCC(CCCCCC2CCC3CCCCC23)CC1
C1CCC(C2CCC3CC4C(CCC32)CCC42CCCC2)CC1
C1CCC(CCC(CCC2CC3CCCCC3C2)C2CC2)CC1
C1CCC(CCCCCC2CCCC3C(C4CCCCC4)CCC23)CC1
C1CCC2C(C1)CC(C1CCCC1)C1CCCCC21
C1CCC(CCCCCC2CCC3CCCCC23)CC1
C1CCC(CCCCC2CC3CCCCC3C2)CC1
C1CCC(C2CCC3CC4C(CCCC45CCCC5)CC32)CC1
C(CCC1CCCC2CCCC12)CC1CC2CCCCC2C1
C1CCC(C2CCC3CC4C(CCC45CCCCC5)CC32)CC1
C1CCC2CCC(C3CCCC4CCCC43)CC2CC1
C1CCC(CC2CC3CCCCC3C3CCC4CCCCC4C23)CC1
C1CCC(CC2CCCC2CC2CC3CCCCC3C3CCC4CCCCCC4C23)CC1
C1CCC(CCCC2CCC(C3CCC4C(CCC4C4CCCCC4)C3)CC2)CC1
C1CCC(CCCCC2CC3CCCCC3C2)CC1
C1CCC(C2CCC(CCCCC3CCC4C3CCC3C5CCCCC5CCC43)C2)CC1
C1CCC2CC(C3CCCC4CCCC43)C3CCCC3C2CC1
C1CCC(CCCCC2CC3CCCCC3C2)CC1
C1CCC(C2CCC3CC4CCCCC4CC32)CC1
C1CCC(CCC2CCC3C(CCC3C3CCCCC3)C2)CC1
C1CCC(CCCCC2CCC3CCCCC23)CC1
C(CCCC1CCC2CCCC2C1)CCCC1CCC(C2CCCCC2)C1
C1CCC(C2CCC3CCCC3C3CCC4CCCCC4C23)CC1
C1CCC(CCC(CCC2CCC3CCCCC3C2)CC2CCCCC2)CC1
C(CCCC1CCCC2C(C3CCCCC3)CCC12)CCC1CCCCC1
C1CCC(C2CC3CCCC3C3CCC4CCCCC4C23)CC1
C1CCC2CC(CC3CCCC4CCCC43)CCC2C1
C1CCC(CCCCC2CCC3CCCCC23)CC1
C1CCC(CCCCC2CC3CCCCC3C2)CC1
C1CCC(CCCCC2CC3CCCCC3C2)CC1
C(CCCCC1CCC2C(CCC3C4CCCC4CCC23)C1)CCCC1CCCC(CC(CC2CCC(CC3CCCCC3)CC2)C2CCCCC2)C1
C1CCC(CCCCCC2CC3CCCCC3C2)CC1
C1CCC(C2CC3CCCC3C3CCC4CCCCC4C23)CC1
C1CCC(CCCCCC2CC3CCCCC3C2)CC1
C1CCC(CC2CCC3C(CCC3C3CCCCC3)C2)CC1
C1CCC(CCCCC2CCCC3CCCCC23)CC1
C1CCC(CCC2(CCCC3CC4CCCCC4C3)CCC3C4CCC5CCCCC5C4CCC32)C1
C1CCC(C2CCC3CCCCC3C3CCCCC23)CC1
C1CCC(C2CCC3CC4C(CCC32)CCC42CCCC2)CC1
C1CCC(CCCCCC2CC3CCCCC3C2)CC1
C1CCC(C2CC3CCCC3C3CCC4CCCCCC4C23)CC1
C1CCC(C2CC3CCCC3C3CCC4CCCCC4C23)CC1
C1CCC(C2CC3CCCC3C3CCC4CCCCC4C23)CC1
C1CCC(CCCC2CCC(C3CCC4C(CC5CCCCC5)CCC4C3)CC2)CC1
C1CCC(CCCCCC2CC3CCCCC3C2)CC1
C1CCC(CCC2CCC3C(CCC3C3CCCCC3)C2)CC1
C1CCC(CCC2CCCCC2)CC1
C1CCC2CC(CCCC3CCC4C5CCC6CCCCC6C(CCC34)C5)CCC2C1
C1CCC(CCC2CCC3CC4CCC5CCCC5C4CCC3C2)CC1
C1CCC2CC(C3CCCC4CCCC43)CCC2C1
C1CCC(CCCCC2CC3CCCCC3C2)CC1
C1CCC(CCCC2CCCC3CCC(C4CCCC5CCCC54)CC3C2)CC1
C1CCC(CCCCCC2CCC3CCCCC23)CC1
C1CCC(C2CCC3CCCC3C3CCC4CCCCC4C23)CC1
C1CCC(C2CC3CCCC3C3CCC4CCCCC4C23)CC1
C1CCC2CCC3C(CCC4C3CCC4(CCCC3CC4CCCCC4C3)CCC3CCCC3)C2CC1
C1CCC(CCC2CCC3C(CCC3C3CCCCC3)C2)CC1
C1CCC2CC(CCCC3CCC4C3CCCC3C5CCCCC5CCC34)CC2C1
C1CCC2C(C1)CCCC2CCCC1CCCC2CCCCC21
C1CCC(CC2CC3CCCCC3C3CCCC23)C1
C1CCC2CC(C3CCCC4CCCC43)CCC2C1
C1CCC2CC(CCCC3CCC4C3CCC3C5CCCCC5CCC43)CCC2C1
C1CCC(CCCCCC2CC3CCCCC3C2)CC1
C1CCC2CCC(C3CCCC4CCCC43)CC2CC1
C1CCC(C2CC3CCCC3C3CCCC4CCCCC4C23)CC1
C1CCC(CC2CCCC(CC3CC4CCCCC4C4CCC5CCCCC5C34)C2)CC1
C1CCC(CC2CCC3CCCCC3C3CCC4CCCCC4C23)CC1
C1CCC(CC(CC2CCCCC2)C2CCCCC2)CC1
C1CCC(CCCC2CCC3CCC(C4CCCC5CCCC54)CC3C2)CC1
C1CCC2C(C1)CCC1C2CCC2C3CCCC3CC21
C1CCC2CC(C3CCCC4CCCC43)CCC2C1
C1CCC(CCCCC2CCCC3CCC(C4CCCC5CCCC54)CC23)CC1
C1CCC2CC(CCCC3CCC4C3CCC3C5CCCCC5CCC43)CC2C1
C1CCC(C2CC3CCCC3C3CCC4CCCCC4C23)CC1
C1CCC(CCCCC2CC3CCCCC3C2)CC1
C1CCC(C2CC3CCCC3C3CCC4CCCCCC4C23)CC1
C1CCC(CCCC2CC3CCCCC3C2C2CCCCC2)CC1
C1CCC(CCCC2CCC3CCC(C4CCCC5CCCC54)CC3C2)CC1
C1CCC(C2CCCCC2CC2CC3CCCCC3C3CCC4CCCCCC4C23)CC1
C1CCC(C2CCC3CCC4(CCCCCC4C4CCCCC4)CCC32)CC1
C1CCC(C2CCC3CCCC3C3CCC4CCCCC4C23)CC1
C1CCC(C2CCC3CC4C(CCC45CCCCC5)CC32)CC1
C1CCC(C2CCC3CC4C(CCCC45CCCC5)CC32)CC1
C1CCC(CCCC2CCC3C(CCC3C3CCCCC3)C2)CC1
C1CCC(CCCCCC2CC3CCCCC3C2)CC1
C1CCC(CCC2CCC(CCC3CCCC(CC4CCCC4)C3)CC2)CC1
C1CCC(CCC2CCC(C3CC3)CC2)CC1
C(CCC1CCC2CCCCC2C1)CCC1CCCC2CCCCC12
C(CCC1CCC2C1CCC1C3CCCCC3CCC21)CC1CC2CCCCC2C1
C1CCCC(CC2CCCC2CC2CC3CCCCC3C3CCC4CCCCC4C23)CC1
C(CCC1CCCC2CCCCC12)CC1CC2CCCCC2C1
C(CCC1CCCC2CCCCC12)CC1CCC2CCCCC2C1
C1CCC(CCCCCC2CC3CCCCC3C2)CC1
C1CCC(CCC2CCC3C(CCC3C3CCCCC3)C2)CC1
C1CCC(CC2CC3CCCCC3CC3CCC4CCCCC4C32)C1
C1CCC(CCC(CCC2CCC3CCCC3C2)CC2CCCCC2)CC1
C1CCC2CC(C3CCCC4CCCC43)CCC2C1
C1CCC2CCC3C(CCC4C3CCC4(CCCC3CC4CCCCC4C3)CCC3CCCC3)C2CC1
C1CCC(CC2CC3CCCCC3C3CCC4CCCCC4C23)CC1
C1CCC(CC2CCC(CC(CC3CCCCC3)C3CCCCC3)CC2)CC1
C1CCC(CCCCC2CCC(C3CCC4C(CCC4C4CCCCC4)C3)CC2)CC1
C1CCC(CC2CCC3CC4C(CCC45CCCCC5)CC23)CC1
C1CCC(CCCCC2CCC3CCCCC23)CC1
C1CCC2CCC3C4CCCCC4CC(CC4CCCC4)C3C2CC1
C1CCC(C2CC3CCCC3C3CCC4CCCCCC4C23)CC1
C1CCC(CCCCC2CCC3CCCCC23)CC1
C1CCC(C2CC3CCCC3C3CCC4CCCCC4C23)CC1
C1CCC(CC2CCCC2CC2CC3CCCCC3C3CCC4CCCCCC4C23)CC1
C1CCC(CCCCCC2CCC3CCCCC23)CC1
C1CCC(C2CCC3CC4C(CCC32)CCC2C3CCC(CCCC5CC6CCCCC6C5)C3CCC42)CC1
C(CCCC1CCCCC1)CCCC1CCC(C2CCCCC2)C1
C1CCC(CCCCC2CC3CCCCC3C2)CC1
C(CCC1CCCC2CCCCC12)CC1CCC2CCCCC2C1
C1CCC(C2CC3CCCC3C3CCC4CCCCC4C23)CC1
C1CCC2C(C1)CCC1CCCCC12
C1CCC2CC(C3CCCC4CCCC43)CCC2C1
C1CCC(CCC2CCC3C(CCC3C3CCCCC3)C2)CC1
C1CCC(CCC2CCC3C(CCC3C3CCCCC3)C2)CC1
C1CCC(CC2CCC3CC4C(CCC5C6CCC(CCCC7CCC8CCCCC8C7)C6CCC45)CC23)CC1
C1CCC(CC2CCC3CC4C(CCC5C6CCC(CCCC7CC8CCCCC8C7)C6CCC45)CC23)CC1
C1CCC(CCCC2CCC3C(CCC4CC(C5CCCCC5)CCC43)C2)CC1
C1CCC(CCC2CCC(CCCC3CCCC(CC4CCCC4)C3)CC2)CC1
C1CCC(CCC2CCC3C(CCC3C3CCCCC3)C2)CC1
C1CCC(C2CC3CCCC3C3CCC4CCCCC4C23)CC1
C1CCC(CCCCCC2CC3CCCCC3C2)CC1
C1CCC2CC(C3CCCC4CCCC43)CCC2C1
C1CCC(CC2CCC3C(CC4CCCCC4)CCC3C2)CC1
C(CCC1CC2CCCCC2C1)CCC1CCCC2CCCC12
C1CCC(CC2CCC3CC4C(CCC45CCCCC5)CC23)CC1
C1CCC(CCCC2(CCC3CCCC3)CCC3C4CCCC5CCCCC5C4CCC32)C1
C1CCC(CCC2CCC3C(CCC3C3CCCCC3)C2)CC1
C1CCC(CCCC2CCCC3CCCCC32)C2CCCCC2C1
C(CCC1CCCC2CCCC12)CC1CC2CCCCC2C1
C1CCC(C2CCC3CC4CCCCC4CC32)CC1
C1CCC(CCC2CCC3C(CCC3CC3CCCC(CCC4CCCC4)C3)C2)CC1
C(CCC1CCCCC2CCCCC12)CC1CCC2CCCCC2C1
C1CCC(CCC2CCC3CCCC3C3CCC4CCCCC4C23)CC1
C1CCC(CC2CC3CCCC3C3CCC4CCCCC4C23)CC1
C1CCC(C2CCC3CC4C(CCC45CCCCCC5)CC32)CC1
C1CCC(C2CC3CCCC3C3CCCC4CCCCC4C23)CC1
C(CCC1CCCCC2CCCCC12)CC1CCC2CCCCC2C1
C1CCC(CCCCC2CCC3CCCCC23)CC1
C1CCC(CCCC2CCC3CCC(C4CCCC5CCCC54)CC3C2)CC1
C1CCC(CCCCC2(CCC3CCCC3)CCC3C4CCC5CCCCC5C4CCC32)CC1
C1CCC2CCC3C4CCC(CCCC5CCC6CCCCC6C5)C4CCC3C2CC1
C1CCC(CCCC(CCC2CCC3CCCC3C2)CC2CCCCC2)CC1
C(CCCCCCC1CCC2CC3CCC4CCCCC4C3CCC12)CCCCCC1CCC(CCC2CCC(CCC3CCCC3)C2)C1
C1CCC(CCC2CCC3C(CCC3C3CCCCC3)C2)CC1
C1CCC(C2CC3CCCC3C3CCC4CCCCCC4C23)CC1
C1CCC(C2CCC3C(CCCCCC4CCC(C5CCCC5)C4)CCCC23)CC1
C1CCC2CC(CC3CCCC4CCCC43)CCC2C1
C1CCC(CCCC2CCC3C(CCC4C5CCCC5CC(CCC5CCCCC5)C34)C2)CC1
C1CCC(C2CC3CCCCC3C3CCCCC23)CC1
C1CCC(CC2CC3CCCCC3C3CCC4CCCCCC4C23)CC1
C1CCC2C(C1)CCC1C3CCCC3CCC21
C(CCCC1CCCC2C(C3CCCCC3)CCC12)CCC1CCCCC1
C1CCC2CC(C3CCCC4CCCC43)CCC2C1
C1CCC(CC2CC3CCCCC3C2C2CCCCC2)CC1
C1CCC2CCC3C4CCC(CCCC5CC6CCCCC6C5)C4CCC3C2CC1
C(CCCC1CCCCC1)CCCC1CCC(CC2CCCCC2)C1
C1CCC(CCC2CCC3C(CCC3C3CCCCC3)C2)CC1
C(CCC1CCC2CCCCC2C1)CCC1CCCC2CCCCC12
C1CCC(C2CCC3CC4C(CCC5C6CCC(CCCCC7CC8CCCCC8C7)C6CCC45)CC32)CC1
C1CCC(C2CCC3CCC4C(CCC45CCCC5)CC32)CC1
C1CCC2C(C1)CCC1CCCCC12
C(CCCC1CCCC2C(C3CCCCC3)CCC12)CCC1CCCCC1
C1CCC(CCCCCC2CCC3CCCCC23)CC1
C1CCC2C(C1)CCC1C3CCCC3CCC21
C1CCC(CCCCCC2CC3CCCCC3C2)CC1
C1CCC(CCC2CCCCC3CC4C(CCC4C4CCCCC4)CC23)CC1
C1CCC(C2CCC3C(CCC4CCCCC43)C2)CC1
C1CCC2CCC(C3CCCC4CCCC43)CC2CC1
C1CCC(CCCCC2CCC3CCCCC23)CC1
C(CCCC1CCCC2C(C3CCCCC3)CCC12)CCC1CCC(C2CCCC2)C1
C1CCC(CCC2CCC3C(CCC3C3CCCCC3)C2)CC1
C1CCC2C(C1)CCCC1CCCCC12
C1CCC(C2CCC3C(CCCC4CCCCC43)C2)CC1
C1CCC(CCCC2CCCC3CCC(C4CCCC5CCCC54)CC3C2)CC1
C1CCC(CC2CCC(CC(CC3CCCCC3)C3CCCCC3)CC2)CC1
C1CCC(CCC2CCC3C(CCC3C3CCCCC3)C2)CC1
C1CCC(C2CC3CCCCC3C3CCCCC23)CC1
C1CCC2CC(CCCC3CCCC4CCCCC43)CC2C1
C1CCC(C2CCC3CC4C(CCC45CCCC5)CC32)CC1
C(CCCC1CCCC2C(C3CCCCC3)CCC12)CCC1CCCCC1
C1CCC(CCC2CCC3C(CCC3C3CCCC(CCC4CCCC4)C3)C2)CC1
C1CCC(CC2CCC3C(CCC3C3CCCCC3)C2)CC1
C1CCC(CCCCC2CC3CCCCC3C2)CC1
C1CCC(CC2CC3CCCCC3C3CCC4CCCCCC4C23)CC1
C1CCC2C(C1)CCC1C3CCCCC3CCC21
C(CCC1CCC2C1CCC1C3CCCCC3CCC21)CC1CC2CCCCC2C1
C1CCC(CCC2CCC(CC3CC3)CC2)CC1
C1CCC2CC(CCCC3CCCC4CCCCC43)CC2C1
C(CCC1CCC2C1CCC1C3CCCCC3CCC21)CC1CC2CCCCC2C1
C1CCC2CCC3CCCCC3C2CC1
C1CCC2CCC3C4CCC(CCCC5CC6CCCCC6C5)C4CCC3C2CC1
C1CCC(CCCCC2CCC3CCCCC23)CC1
C1CCC(CC2CC3CCCCC3C2C2CCCCC2)CC1
C1CCC(C2CC3CCCC3C3CCC4CCCCCC4C23)CC1
C1CCC2CC(C3CCCC4CCCC43)CCC2C1
C1CCC2CCC3C(CCC4C3CCC4(CCCC3CC4CCCCC4C3)CCC3CCCC3)C2CC1
C1CCC(C2CC3CCCC3C3CCCC4CCCCC4C23)CC1
C1CCC(CC2CC3CCCCC3C3CCC4CCCCCC4C23)CC1
C(CCCC1CCCC2C(C3CCCCC3)CCC12)CCC1CCCCC1
C1CCC2C(C1)CCCC1C3CCCC3CCC21
C1CCC(C2CCC3CC4(CCCCC4C4CCCCC4)CCCC32)CC1
C1CCC(CCCCC2CC3CCCCC3C2)CC1
C1CCC(C2CCC3CC4C(CCC45CCCCC5)CC32)CC1
C1CCC2CCC3C4CCCC4CCC3C2CC1
C1CCC(C2CCC3C(CCCCCC4CCC(C5CCCC5)C4)CCCC23)CC1
C1CCC(CCC2CCC3C(CCC3C3CCCC(CCC4CCCC4)C3)C2)CC1
C1CCC(C2CCC3CCCC3C3CCC4CCCCCC4C23)CC1
C1CCC(CCC2CCC(CCC3CCCC(CC4CCCC4)C3)CC2)CC1
C1CC(C2CCC(C3CC4CCCC4C4CCCC5CCCCC5C34)CC2)C1
C(CCC1CCCC2CCCC12)CC1CC2CCCCC2C1
C1CCC(C2CCC3(CCCC4CC5C(CCC5C5CCCCC5)CC43)C2)CC1
C1CCC2CCC(C3CCC4CCCCC43)CC2CC1
C1CCC(CCCCC2CCC3CCC(C4CCCC5CCCC54)CC3C2)CC1
C1CCC2C(C1)CCC1C3CCCC3CCC21
C1CCC2CCC3C4CCC(CCCC5CCC6CCCCC6C5)C4CCC3C2CC1
C(CCCC1CCCCC1)CCCC1CCC(C2CCCCC2)C1
C(CCC1CCCC2CCCCC12)CCC1CCCC2CCCCC12
C(CCCC1CCCC2C(C3CCCCC3)CCC12)CCC1CCCCC1
C1CCC(C2CCC3C(CCCC4CCCCC43)C2)CC1
C1CCC(CCC2CCC3C(CCC3C3CCCCC3)C2)CC1
C1CCC(C2CC3CCCC3C3CCC4CCCCC4C23)CC1
C1CCC(CCCCCC2CCCC3C(C4CCCCC4)CCC23)CC1
C1CCC2CCC(C3CCCC4CCCC43)CC2CC1
C1CCC(C2CCC3CC4C(CCCC45CCCC5)CC32)CC1
C1CCC2C(C1)CCC1C3CCCC3CCC21
C1CCC(C2CCC3CC4CCCCC4CCC32)CC1
C1CCC(CCC2(CCCC3CC4CCCCC4C3)CCC3C4CCC5CCCCC5C4CCC32)C1
C1CCC2CCC3C4CCCC4CCC3C2CC1
C1CCC2CCC3C4CCCCC4CCC3C2CC1
C1CCC(CC2CCC3CCCCC3C3CCC4CCCCC4C23)C1
C1CCC(CCCCC2CC3CCCCC3C2)CC1
C1CC2CCC3C(CCC4CCCCC43)CC2C1
C1CCC(C2CC3CCCC3C3CCC4CCCCC4C23)CC1
C1CCC(C2CC3CCCCC3C3CCC4CCCCC4C23)CC1
C1CCC(CC2CCC3CC4C(CCC45CCC(C4CCCCC4)C5)CC23)CC1
C1CCC2C(C1)CCC1C3CCCCC3CCC21
C1CCC(C2CCC3C(CCC4CCCCC43)C2)CC1
C1CCC(CCC2CCC3C(CCC4C5CCCC5CCC34)C2)CC1
C1CCC(CCC2CCC3C(CCC3C3CCCCC3)C2)CC1
C1CCC(CCCCCC2CCC3CCCCC23)CC1
C1CCC2CC(CCCC3CCC4C3CCC3C5CCCCC5CCC43)CC2C1
C1CCC(CCCCC2CCC3C2CCC2C4CCCCC4CCC32)CC1
C(CCCC1CCCC2C(C3CCCCC3)CCC12)CCC1CCCCC1
C1CCC(CCC2CCC(C3CCC4C(CCC4C4CCCCC4)C3)CC2)CC1
C1CCC(C2CCC3C(CCC4CCCCC43)C2)CC1
C1CCC(CCCC2CCCC(C3CCC4CC(CCCC5CCC6CCCCC6C5)CCC43)C2)CC1
C1CCC(CCC2CCC(C3CCC4C(CCC4C4CCCCC4)C3)CC2)CC1
C(CCC1CCCC2CCCCC12)CC1CCC2CCCCC2C1
C1CCC(C2CCC3CCCC3C3CCC4CCCCC4C23)CC1
C1CCC(CC2CCC3C(CCC3C3CCCCC3)C2)CC1
C1CCC(CCCCC2CC3CCCCC3C2)CC1
C1CCC(C2CCC(C3CC4CCCC4C4CCC5CCCCC5CC34)CC2)C1
C1CCC(CCC(CCC2CCC3CCCC3C2)CC2CCCCC2)CC1
C(CCCC1(C2CCCC2)CCCC2CCCCC21)CCC1CCC(C2CCCCC2)C1
C1CCC(CCC2CCC3C(CCC3C3CCCCC3)C2)CC1
C1CCC(CC2CCC(CC(CC3CCCCC3)C3CCCCC3)CC2)CC1
C1CCC(CCCCCC2CCCC3C(C4CCCCC4)CCC23)CC1
C1CCC(CCCCCC2CCCC3C(C4CCCCC4)CCC23)CC1
C1CCC(CC2CCC3CC4C(CCC5C6CCC(CCCC7CC8CCCCC8C7)C6CCC45)CC23)CC1
C1CCC(C2CCC3CCCC3C3CCC4CCCCC4C23)CC1
C1CCC2CCC(C3CCCC4CCCC43)CC2CC1
C1CCC(C2CC3CCCC3C3CCC4CCCCC4C23)CC1
C1CCC2C(C1)CCC1CCCCC12
C1CCC(CCC(CCC2CCC3CCCCC3C2)CC2CCCCC2)CC1
C1CCC(CCCC2CCCC3C2CCC2C4CCCCC4CCC32)C1
C1CCC(CCC2CCC(C3CC3)CC2)CC1
C1CCC2C(C1)CCC1CCCCC12
C1CCC2C(C1)CCC1CCCCC12
C1CCC2C(C1)CCC1CCCCC12
C1CCC2CCC(C3CCCC4CCCC43)CC2CC1
C(CC1CCC2CCCC2C1)CC1CCCC2CCC(C3CCCC4CCCC43)CC2C1
C(CCC1CCCC2CCCCC12)CC1CCC2CCCCC2C1
C1CCC(C2CCC3CC4(CCCCCC4C4CCCCC4)CCC32)CC1
C1CCC(CCCCCC2CC3CCCCC3C2)CC1
C(CCC1CCCC2CCCCC12)CC1CCC2CCCCC2C1
C(CCCC1CCCCC1)CCCC1CCC(C2CCCCC2)C1
C1CCC(C2CCC3C(CCC4CCCCC43)C2)CC1
C1CCC(CCC2CCC3C(CCC3C3CCCCC3)C2)CC1
C1CCC(CCCC2CCC3CCC(C4CCCC5CCCC54)CC3C2)CC1
C1CCC(C2CCC3CC4C(CCCC45CCCCC5)CC32)CC1
C1CCC2CCC(C3CCCC4CCCC43)CC2CC1
C1CCC(C2CCCC(CC3CC4CCCCC4C4CCC5CCCCC5C34)C2)C1
C1CCC(C2CCC3CC4C(CCCC45CCCCC5)CC32)CC1
C1CCC2CCC(C3CCCC3)CC2CC1
C1CCC(CCCCC2CC3CCCCC3C2)CC1
C1CCC(CCCCC2CCC3C2CCC2C4CCCCC4CCC32)C1
C1CCC2CC3CCC(C4CCCCC4)C3CC2CC1
C(CCCCC1CCC(C2CCCCC2)C1)CCCC1CCCCC1
C(CCCC1CCCCC1)CCCC1CCC(C2CCCCC2)C1
C1CCC(CCCC2CCC3C2CCC2C4CCCCC4CCC32)C1
C1CCC(CCCC2CCC3CCC(C4CCCC5CCCC54)CC3C2)CC1
C1CCC(CCC2CCCC3CC4C(CCC4C4CCCCC4)CC23)CC1
C1CCC(CC2CC3CCCCC3C3CCC4CCCCCC4C23)CC1
C1CCC(CCCC2CCC3C(CCC3C3CCCC(CC4CCCC4)C3)C2)CC1
C1CCC(CCCCCC2CC3CCCCC3C2)CC1
C1CCC(CCCCCC2CC3CCCCC3C2)CC1
C1CCC2C(C1)CCC1C3CCCC3CCC21
C1CCC2CC(CCCC3CCC4C3CCC3C5CCCCC5CCC43)CC2C1
C1CCC(C2CCC3CCCC3C3CCC4CCCCC4C23)CC1
C1CCC2C(C1)CCC1C3CCCCC3CCC21
C1CCC2CC(C3CCCC4CCCC43)CCC2C1
C1CCC(CCCCCC2CCC3CCCCC23)CC1
C1CCC(CCCCC2CCC3CCCCC3C2)CC1
C1CCC(CCCC2CCC3CCC(CC4CCCC5CCCC54)CC3C2)CC1
C1CCC2CC(CC3CCCC4CCCC43)CCC2C1
C1CCC(CCCCCC2CCCCC2)CC1
C1CCC2CC(CCCC3CCC4C3CCC3C5CCCCC5CCCC43)CC2C1
C1CCC(CCC2(CCCC3CC4CCCCC4C3)CCC3C4CCC5CCCCC5CC4CCC32)C1
C1CCC2CCC3C4CCCC4CCC3C2CC1
C1CCC(CC2CCC3C(CCC3C3CCCCC3)C2)CC1
C1CCC(CCC2CCC3C(CCC4CC(C5CCCCC5)CCC43)C2)CC1
C(CCCC1CCCCC1)CCCC1CCC(C2CCCCC2)C1
C1CCC(CC2CC3CCCCC3C3CCC4CCCCC4C23)CC1
C1CCC(CCCC2CCCC3CCC(C4CCCC5CCCC54)CC3C2)CC1
C(CCCC1CCC2CCCC2C1)CCC1CCCCC1
C1CCC(CCCC2CCC3C4CCC5CC6C(CCC6C6CCCCC6)CC5C(CCC23)C4)CC1
C1CCC(C2CCC3(CCC4CCC5C(CCC5C5CCCCC5)CC43)C2)CC1
C1CCC(CCCCC2CCC3CCCCC23)CC1
C1CCC(C2CC3CCCCC3C3CCCCC23)CC1
C1CCC2CCC(C3CCCC4CCCC43)CC2CC1
C1CCC(CCC2CCC3C(CCC3C3CCCCC3)C2)CC1
C1CCC(C2CC3CCCC3C3CCC4CCCCC4C23)CC1
C1CCC(CCCCC2CC3CCCCC3C2)CC1
C1CCC2CCC3C4CCC(CCCC5CC6CCCCC6C5)C4CCC3C2CC1
C1CCC(CCCCCC2CCC3CCCCC23)CC1
C1CCC(CCC2CCC(C3CCC4C(CCC4C4CCCCC4)C3)CC2)CC1
C1CCC(CCC2CCC(CCC3CCCC(CCC4CCCC4)C3)CC2)CC1
C1CCC2CC(CC3CCCC4CCCC43)CCC2C1
C1CCC(CCC(CCCC2CCC3CCCC3C2)CC2CCCCC2)CC1
C1CCC(C2CCC3CCCC3C3CCC4CCCCC4C23)CC1
C1CCC(CCCC2CCC3CCC(C4CCCC5CCCC54)CC3C2)CC1
C1CCC(C2CC3CCCC3C3CCC4CCCCC4C23)CC1
C1CCC(CCCCCC2CCCC3C(C4CCCCC4)CCC23)CC1
C1CCC(C2CCC3CC4C(CCC32)CCC42CCCC2)CC1
C(CCC1CCCC2CCCCC12)CC1CCC2CCCCC2C1
C1CCC(C2CCC3C(CCCCCC4CC4)CCCC23)CC1
C(CCC1CCCC2CCCC12)CC1CC2CCCCC2C1
C1CCC2C(C1)CCC1C3CCCC3CCC21
C(CCC1CCCC2CCCCC12)CC1CCC2CCCCC2C1
C1CCC(CCCC2CC3CCCCC3C2C2CCCCC2)CC1
C1CCC(CC2CCCCC2CC2CC3CCCCC3C3CCC4CCCCC4C23)CC1
C1CCC(CCC2CCCCC3CC4C(CCC4C4CCCCC4)CC23)CC1
C1CCC(CC2CCC(CC(CC3CCCCC3)C3CCCCC3)CC2)CC1
C1CCC(CCC2CCC3C(CCC3C3CCCCC3)C2)CC1
C1CCC(C2CC3CCCC3CC3CCC4CCCCC4C32)CC1
C1CCC(CC2CCC(C3CC4CCCC4CC4CCC5CCCCC5C43)CC2)CC1
C1CCC(C2CCC3CC4C(CCCC45CCCC5)CC32)CC1
C(CCCCC1CCC(C2CCCCC2)C1)CCCC1CCCCC1
C(CCCC1CCCCC1)CCCC1CCC(C2CCCCC2)C1
C(CCCCCCC1CCC2C1CCCC1C3CCCCC3CCC12)CCCCCC1CCC(CCC2CCC(CCC3CCCC3)C2)C1
C1CCC(CCCCC2CCC3CCCCC23)CC1
C1CCC2C(C1)CCC1C2CCC2C3CCCC3CC21
C1CCC(CC2CCCC(CC3CC4CCCCC4C4CCC5CCCCC5C34)C2)CC1
C1CCC(C2CC3CCCC3C3CCCC4CCCCC4C23)CC1
C1CCC(CC2CCC3C(CCC3C3CCCCC3)C2)CC1
C(CCC1CCCC2CCCC12)CC1CC2CCCCC2C1
C1CCC(CCC2CCC3C(CCC3C3CCCCC3)C2)CC1
C1CCC(CCCCC2CC3CCCCC3C2C2CCCCC2)CC1
C1CCC2CC(C3CCCC3)CCC2C1
C(CCC1CCCC2CCCCC12)CC1CC2CCCCC2C1
C1CCC(CCCCC2CC3CCCCC3C2)CC1
C1CCC(CCC2CCC3C(CCC3C3CCCCC3)C2)CC1
C1CCC2CC(C3CCCC4CCCC43)CCC2C1
C1CCC2C(C1)CCC1C3CCCC3CCC21
C1CCC(C2CCC3(CCC4CCC5C(CCC5C5CCCCC5)CC43)C2)CC1
C1CCC(CC2CCCC(C3CCC4CC(CCCC5CCC6CCCCC6C5)CCC43)C2)C1
C1CCC2CCC(C3CCCC4CCCC43)CC2CC1
C1CCC(CCCC2CCC3CCC(C4CCCC5CCCC54)CC3CC2)CC1
C1CCC2C(C1)CCC1C2CCCC2C3CCCC3CC21
C1CCC(C2CCC3CC4C(CCC5C6CCCC(CCCC7CCC8CCCCC8C7)C6CCC45)CC32)CC1
C1CCC(CC2CC3CCCCC3C3CCC4CCCCCC4C23)CC1
C1CCC2C(C1)CCCC1C3CCCC3CCC21
C1CCC(C2CC3CCCC3C3CCC4CCCCC4C23)CC1
C1CCC(CCCCCC2CCC3CCCCC23)CC1
C1CCC(C2CCC3CCC4CCCCC4C3CC2)CC1
C(CCCC1CCCC2C(C3CCCCC3)CCC12)CCC1CCCCC1
C1CCC(C2CCC3CC4CCCCC4CCC32)CC1
C1CCC(CCCC2CCC3CCCC3C2)CC1
C1CCC(C2CCC3C(CCC3C3CCCCC3)C2)CC1
C(CCC1(C2CCCC2)CCCC2CCCCC21)CC1CCC2CCCCC2C1
C1CCC(CC2CC3CCCCC3C3CCC4CCCCC4C23)C1
C1CCC(C2CCC3CC4C(CCC5C6CCC(CCCCC7CCC8CCCCC8C7)C6CCC45)CC32)CC1
C1CCC(C2CC3CCCC3C3CCC4CCCCC4C23)CC1
C1CCC(CC2CC3CCCCC3C3CCC4CCCCC4C23)CC1
C1CCC2CCC3C4CCC(CCCC5CCCC6CCCCC65)C4CCC3C2CC1
C1CCC2C(C1)CCCC2CCCC1CCC2C(CCC3C4CCCCC4CCC23)C1
C(CCC1CCC2C(CCC3C4CCCCC4CCC23)C1)CC1CCC(C2CCC(C3CC4CCCC4C4CCC5CCCCC5C34)CC2)CC1
C1CCC2CCC(C3CCCC4CCCC43)CC2CC1
C1CCC(CCCC2CCCC(C3CCC4CC(CCC5CCC6CCCCC6C5)CCC43)C2)CC1
C1CCC(CCC2CCC(CCC3CCCC(CC4CCCC4)C3)CC2)CC1
C1CCC(C2CCC3CC4C(CCC32)CCC2C3CCC(CCCC5CC6CCCCC6C5)C3CCC42)CC1
C1CCC(CC2CC3CCCCC3C3CCC4CCCCCC4C23)CC1
C(CCC1CCCC1)CCC1CCCC2CCCCC12
C1CCC(CCCCCC2CCCC3C(C4CCCCC4)CCC23)CC1
C1CCC(CCCCCC2CCCCC2)CC1
C1CCC2C(C1)CCC1C3CCCC3CCC21
C1CCC(CCC2CCC(CCC3CCCC(CC4CCCC4)C3)CC2)CC1
C1CCC2CCC3CCCCC3C2CC1
C1CCC2C(C1)CCCC1C3CCCC3CCC21
C1CCC(C2CCCC3C(CCC4CCCCC43)C2)CC1
C1CCC(CCCCCC2CCCC3C(C4CCCCC4)CCC23)CC1
C1CCC(C2CCC3CCC4C(CCCC45CC(C4CCCCC4)C(C4CCCCC4)C5)CC32)CC1
C1CCC2C(C1)CC(C1CCCC1)C1CCCCC21
C1CCC(C2CC3CCCCC3C3CCC4CCCCC4C23)CC1
C1CCC(C2CCC3CCC(C4CCCC4)C3C2)C1
C1CCC2CC(C3CCCC4CCCC43)CCC2C1
C1CCC(CC2CC3CCCCC3CC3CCC4CCCCC4C32)CC1
C1CCC(CCC2CCC(C3CC3)CC2)CC1
C1CCC2CCC3C4CCC(CCCC5CC6CCCCC6C5)C4CCC3C2CC1
C1CCC2CCC3C4CCCCC4CC(CC4CCCC4)C3C2CC1
C1CCC(CCCCCC2CCC3CCCCC3C2)CC1
C1CCC(CCC2CCC3C(CCC3C3CCCCC3)C2)CC1
C1CCC(CCC2CCC3C(CC4CCCCC4)CCC3C2)CC1
C1CCC(CCCCCC2CCC3CCCCC23)CC1
C1CCC2CCC(C3CCCC4CCCC43)CC2CC1
C(CCCCC1CCC(C2CCCCC2)C1)CCCC1CCC2CCCC2C1
C1CCC(CCCCCC2CCCC3CCCC23)CC1
C1CCC(CCCCCC2CCCC3C(CC4CCCCC4)CCC23)CC1
C1CCC2CC(C3CCCC4CCCC43)CCC2C1
C1CCC(C2CC3CCCC3C3CCCC4CCCCC4C23)CC1
C1CCC2C(C1)CC(C1CCCC3CCCCC31)C1CCCC21
C1CCC2CCC(C3CCCC4CCCC43)CC2CC1
C1CCC(CCCCC2CCC3CCC(C4CCCC5CCCC54)CC3C2)CC1
C1CCC2CCC3C4CCC(CCCC5CC6CCCCC6C5)C4CCC3C2CC1
C1CCC(CCCCCC2CCC3CCCCC23)CC1
C1CCC(C2CC3CCCCC3C3CCCCC3C2)CC1
C1CCC(CC2CCC3CCCCC3C3CCC4CCCCC4C23)CC1
C(CCC1CCCCC2CCCCC12)CC1CCC2CCCCC2C1
C1CCC(C2CCC3CC4C(CCC32)CCC2C3CCC(CCCC5CCC6CCCCC6C5)C3CCC42)CC1
C1CCC(C2CC3CCCCC3C3CCC4CCCCC4C23)CC1
C1CCC(CC2CC3CCCCC3C3CCC4CCCCCC4C23)CC1
C1CCC(CCCCCC2CCCC3C(C4CCCCC4)CCC23)CC1
C1CCC(CCCCC2CCC3CCCCC23)CC1
C1CCC(CC2CCC3C(CCC3C3CCCCC3)C2)CC1
C1CCC(C2CCC3CC4C(CCCCC45CCCC5)CC32)CC1
C(CCCC1CCCCC1)CCCC1CCC(C2CCCCC2)C1
C1CCC(C2CCC3CC4C(CCC32)CCC42CCCC2)CC1
C1CCC2C(C1)CCCC1C3CCCC3CCC21
C1CCC(CCC2CCC3C(CCC3C3CCCC(CC4CCCC4)C3)C2)CC1
C1CCC(CC2CC3CCCCC3C2C2CCCCC2)CC1
C1CCC2CC(CCCC3CCC4C3CCC3C5CCCCC5CCC43)CC2C1
C1CCC(CCC2CCC3C(CCC3C3CCCCC3)C2)CC1
C1CCC(CCCC2(CCCC3CC4CCCCC4C3)CCC3C4CCC5CCCCC5C4CCC32)C1
C1CCC(CCCC2CCC3C(CCC4CC(C5CCCCC5)CCC43)C2)CC1
C1CCC(C2CCC3CC4C(CCCC45CCCCC5)CCC32)CC1
C1CCC(CC2CCC3CCCCC3C3CCC4CCCCC4C23)C1
C(CCCC1CCCC2C(C3CCCCC3)CCC12)CCC1CCCCC1
C1CCC2CCC(C3CCCC4CCCC43)CC2CC1
C1CCC(CC2CCC3C(CCC3C3CCCCC3)C2)CC1
C1CCC(CCCC23CCCC2CC2C4CCC5CCCCC5C4CCC23)CC1
C1CCC(CCCCC2CCC3CCCCC23)CC1
C(CCCC1CCCCC1)CCCC1CCC(C2CCCCC2)C1
C1CCC(CCCCCC2CCC3CCCCC23)CC1
C1CCC(CCCCC2CC3CCCCC3C2)CC1
C1CCC2CC(CCCC3CCC4C3CCC3C5CCCCC5CCC43)CC2C1
C1CCC(C2CC3CCCC3C3CCC4CCCCC4C23)CC1
C1CCC(CCC2CCC3C(CCC4C5CCCC5CCC34)C2)CC1
C1CCC(CCCCCC2CC3CCCCC3C2)CC1
C1CCC2CC3CCC4CCCC4C3CCC2C1
C1CCC(CCCCCC2CCC3CCCCC23)CC1
C1CCC2CCC3C(CCC4C3CCC4(CCCC3CC4CCCCC4C3)CCC3CCCC3)C2CC1
C1CCC(CCC2CCC3C(CCC3C3CCCCC3)C2)CC1
C(CCC1CCCC2CCCCC12)CCC1CCCC2CCCCC12
C1CCC(C2CC3CCCC3C3CCC4CCCCCC4C23)CC1
C1CCC(CCCCCC2CCCC3C(C4CCCCC4)CCC23)CC1
C1CCC(C2CC3CCCC3C3CCC4CCCCC4C23)CC1
C1CCC(CCCCC2CC3CCCCC3C2)CC1
C1CCC(C2CCC3CCCC3C3CCC4CCCCC4C23)CC1
C1CCC2CCC(C3CCCC4CCCC43)CC2CC1
C1CCC(C2CC3CCCC3C3CCC4CCCCC4C23)CC1
C1CCC(CCCCCC2CCCC3C(C4CCCCC4)CCC23)CC1
C1CCC(C2CCC3CCC4C(CCC45CCCC5)CC32)CC1
C1CCC2CC(C3CCCC4CCCCC43)C3CCCC3C2CC1
C1CCC(CCCCC2CCC3CC4CCC5CCCCC5C4CCC23)CC1
C(CCCCC1CCC(C2CCCCC2)C1)CCCC1CCCCC1
C(CCCCC1CCC(C2CCCCC2)C1)CCCC1CCCCC1
C1CCC(CCCCCC2CC3CCCCC3C2)CC1
C1CCC(C2CCC3CCC4CCCCC4C3CC2)CC1
C(CCC1CCC2C1CCC1C3CCCCC3CCC21)CC1CCC2CCCCC2C1
C1CCC2CC(CC3CCCC4CCCC43)CCC2C1
C1CCC(C2CCC(C3CC4CCCC4C4CCC5CCCCC5C34)CC2)C1
C1CCC(CCCC2CCC3CCC(C4CCCC5CCCC54)CC3C2)CC1
C1CCC(C2CCC3C(CCC4CCCCC43)C2)CC1
C1CCC(CC2CCCC(CC3CCC4CC(CCC5CCC6CCCCC6C5)CCC43)C2)C1
C1CCC(CCC(CC2CCC(CC3CCCCC3)CC2)C2CCCCC2)CC1
C1CCC(C2CCC3CC4C(CCC45CCCCC5)CC32)CC1
C1CCC(C2CCC3CC4C(CCCC45CCCCC5)CC32)CC1
C1CCC(CCC2CCC(C3CCC4C(CCC4C4CCCCC4)C3)CC2)CC1
C1CCC(CC2CC3CCCCC3C3CCC4CCCCCC4C23)CC1
C1CCC(CC2CC3CCCCC3C3CCC4CCCCC4C23)C1
C1CCC2C(C1)CCCC1C3CCCC3CCC21
C1CCC(CC2CC3CCCCC3C3CCC4CCCCCC4C23)CC1
C1CCC2CC(C3CCC4CCCCC43)CCC2C1
C1CCC(C2CCC(CCCCCC3CCCC4CCCCC34)C2)CC1
C1CCC2C(C1)CCC1C2CCC2C3CCCCC3CC21
C1CCC(CCCCCC2CC3CCCCC3C2)CC1
C1CCC2CCC3C4CCCCC4CCC3C2CC1
C1CCC(C2CC3CCCC3C3CCC4CCCCCC4C23)CC1
C1CCC(CC2CCC(CC(CC3CCCCC3)C3CCCCC3)CC2)CC1
C1CCC2CCC(C3CCCC4CCCC43)CC2CC1
C1CCC(C2CCC3CC(C4CCC(CCCC5CCCC5)CC4)CCC32)CC1
C1CCC(CCCCCC2CC3CCCCC3C2)CC1
C(CCC1CCC2C1CCC1C3CCCCC3CCC21)CC1CCCC2CCCCC12
C1CCC(CCC2CCC(CCC3CCCCC(CC4CCCC4)C3)CC2)CC1
C1CCC2CC(CCCC3CCC4C3CCC3C5CCCCC5CCC43)CC2C1
C(CCC1CCCC2CCCC12)CC1CC2CCCCC2C1
C1CCC(C2CCC3CCCCC3C3CCCCC23)CC1
C(CCCC1CCCC2CCCCC12)CCC1CCC(C2CCCCC2)C1
C1CCC(CCCCC2CCC3CCCCC23)CC1
C1CCC(CCCCCC2CC3CCCCC3C2)CC1
C1CCC2CC(CCCC3CCC4C3CCC3C5CCCCC5CCCC43)CC2C1
C1CCC(CCCC2CCC3CCC(C4CCCC5CCCC54)CC3C2)CC1
C1CCC(CCCCCC2CC3CCCCC3C2)CC1
C1CCC(CCC2CCC3C(CCC3C3CCCCC3)C2)CC1
C1CCC2CCC3C(CCC4C5CCCC5CC43)C2CC1
C1CCC(C2CCCC(CC3CC4CCCCC4C4CCC5CCCCC5C34)C2)C1
C1CCC(C2CCC3CCC(C4CCCC4)C3C2)C1
C1CCC(C2CC3CCCC3C3CCC4CCCCC4C23)CC1
C1CCC2CC(C3CCCC4CCCC43)CCC2C1
C1CCC(CCC2CCC3C(CCC3C3CCCCC3)C2)CC1
C1CCC(C2CC3CCCC3C3CCC4CCCCC4C23)CC1
C1CCC(CCCCC2CC3CCCCC3C2)CC1
C1CCC2CCC(C3CCCC4CCCC43)CC2CC1
C1CCC2CC(C3CCCC4CCCC43)CCC2C1
C1CCC(CCC2(CCCC3CC4CCCCC4C3)CCC3C4CCC5CCCCC5C4CCC32)C1
C(CCCC1CCCC2C(C3CCCCC3)CCC12)CCC1CCCCC1
C1CCC(C2CC3CCCC3C3CCC4CCCCC4C23)CC1
C1CCC(CCCCC2CC3CCCCC3C2)CC1
C1CCC(CCC2CCC3C(CCC3C3CCCCC3)C2)CC1
C1CCC(CC2CCC(CCC(CC3CCCCC3)C3CCCCC3)CC2)CC1
C1CCC(C2CCC3CCC4(CCCCCC4)C3C2)CC1
C1CCC(C2CCC3CC4C(CCCC5CCCCCC54)CC32)CC1
C1CCC(C2CC3CCCC3C3CCC4CCCCC4C23)CC1
C1CCC(C2CCC3CC4C(CCCC5C6CCC(CCCC7CC8CCCCC8C7)C6CCC45)CC32)CC1
C1CCC2CCC3C4CCCC4CCC3C2CC1
C1CCC(CCCCCC2CCC3CCCCC23)CC1
C1CCC(CCCCC2CCC3CCCCC23)CC1
C1CCC(CCCC2CCC3C(CCC3C3CCCCC3)C2)CC1
C1CCC(CC2CCC3C(CCCCCC4CCC(C5CCCC5)C4)CCCC23)CC1
C1CCC(CCCC2CCC3C2CCCC2C4CC5CCC(C6CCCCC6)C5CC4CCC32)CC1
C1CCC(CCC(CC2CC3CCCCC3C2)C2CCC2)CC1
C1CCC2CCCC(CC3CC4CCCCC4C4CCC5CCCCC5C34)C2CC1
C1CCC(CCCCC2CCC3CCCCC23)CC1
C1CCC(CCCCC2CC3CCCCC3C2)CC1
C1CCC(CCCCCC2CCCC3C2CCC3C2CCCC(CC3CC3)C2)CC1
C1CCC(C2CC3CCCCC3C3CCCCC23)CC1
C1CCC(CCCCC2CCC3CCCCC23)CC1
C1CCC(C2CC3CCCC3C3CCCC4CCCCC4C23)CC1
C1CCC(CC2CCCC(CCC3CCC(CCC4CCC(C5CC5)CC4)CC3)C2)C1
C1CCC(CCC2CC3CCCCC3C3CCC4CCCCC4C23)CC1
C(CCCC1CCCCC1)CCCC1CCC(CC2CCCCC2)C1
C1CCC(CCC2CCC3C(CCC3C3CCCC(CCC4CCCC4)C3)C2)CC1
C1CCC(CCC2CCC3C(CCC4CC(C5CCCCC5)CCC43)C2)CC1
C1CCC(CCCCC2CCC3CCCCC23)CC1
C1CCC(C2CC3CCCC3C3CCC4CCCCC4C23)CC1
C1CCC2C(C1)CC(C1CCCC3CCCC31)C1CCCC21
C1CCC2CCC(C3CCCC4CCCC43)CC2CC1
C1CCC(CCC2CC3CCCC3C3CCCC4CCCCC4C23)CC1
C1CCC(C2CC3CCCC3C3CCC4CCCCC4C23)CC1
C1CCC(CCC2(CCCC3CCC4CCCCC4C3)CCCC3C4CCC5CCCCC5C4CCC32)C1
C1CCC(CCCCCC2CC3CCCCC3C2)CC1
C1CCC2CCC3C4CCCC4CCC3C2CC1
C1CCC(CC2CCC(CC(CC3CCCCC3)C3CCCCC3)CC2)CC1
C1CCC(C2CC3CCCC3C3CCC4CCCCC4C23)CC1
C1CCC(CCCCC2CCC3CCCCC23)CC1
C1CCC2CCC3CCCCC3C2CC1
C1CCC2C(C1)CCC1C3CCCC3CCC21
C1CC2CCC3C(CCC4CCCCC43)CC2C1
C1CCC2CC(CCCC3CCC4C3CCCC3C5CCCCC5CCC34)CC2C1
C1CCC(C2CCC3CC4CCCCC4CC32)CC1
C1CCC(C2CCC3CC4C(CCCC45CCC(C4CCCCC4)C(C4CCCCC4)C5)CC32)CC1
C1CCC(CCCC2CCC3CCC(C4CCCC5CCCC54)CC3C2)CC1
C1CCC(CCC2CC3CCCCC3C3CCC4CCCCC4C23)C1
C1CCC(CCCCC2CCC3CCCCC23)CC1
C1CCC(CCC2CCC3C(CCC4C5CCCC5CCC34)C2)CC1
C1CCC2CCC3C(CCC4C3CCC4(CCCC3CC4CCCCC4C3)CCC3CCCC3)C2CC1
C1CCC(CC2CCCC(C3CCC4CC(CCC5CCC6CCCCC6C5)CCC43)C2)C1
C1CCC(C2CCC3CC4C(CCC45CCCCCC5)CC32)CC1
C1CCC(CCC(CCC2CCC3CCCC3C2)CC2CCCCC2)CC1
C1CCC(C2CCCC3C(CCC4CCCCC43)C2)CC1
C1CCC(CCC(CCC2CCC3CCCC3C2)CC2CCCCC2)CC1
C(CCCC1CCCC2C(C3CCCCC3)CCC12)CCC1CCCCC1
C(CCCC1CCCCC1)CCCC1CCC(C2CCCCC2)C1
C1CCC2C(C1)CCC1C3CCCC3CCC21
C1CCC(C2CC3CCCC3C3CCC4CCCCC4C23)CC1
C1CCC(CCCCCC2CC3CCCCC3C2)CC1
C(CCC1CCCC2CCCCC12)CC1CC2CCCCC2C1
C1CCC2CC(C3CCCC4CCCC43)CCC2C1
C1CCC2CC(C3CCCC4CCCC43)CCC2C1
C1CCC(CCC2CCC(C3CC3)CC2)CC1
C1CCC2CC3CCCCC3CCC2C1
C1CCC(CCC2CCC3C(CCC3C3CCCCC3)C2)CC1
C1CCC(CCCCCC2CCCC3C(C4CCCCC4)CCC23)CC1
C1CCC(CCC2CCC3C(CCC3C3CCCC(CC4CCCC4)C3)C2)CC1
C1CCC(CC2CC3CCCCC3C3CCC4CCCCCC4C23)CC1
C1CCC(CCCC(CCC2CCC3CCCC3C2)CC2CCCCC2)CC1
C1CCC2C(C1)CCC1C2CCC2C3CCCC3CC21
C1CCC(C2CC3CCCC3C3CCC4CCCCC4C23)CC1
C1CCC2CCC3C4CCCC4CCC3C2CC1
C1CCC(CCC2CCC3C(CCC3C3CCCCC3)C2)CC1
C1CCC(CCC(CCC2CCC3CCCC3C2)CC2CCCCC2)CC1
C1CCC2CCC(C3CCCC4CCCC43)CC2CC1
C(CCC1CCCC2CCCCC12)CC1CC2CCCCC2C1
C1CCC(C2CC3CCCCC3C3CCC4CCCCC4C23)CC1
C(CCCC1CCCC2C(C3CCCCC3)CCC12)CCC1CCC(C2CCCC2)C1
C1CCC(C2CCC3C(CCCCCC4CCC(C5CCCC5)C4)CCCC23)CC1
C1CCC(CCC2CCC3C(CCC3C3CCCC3)C2)CC1
C1CCC(C2CCC3CC4C(CCC45CCCCCC5)CC32)CC1
C1CCC(C2CC3CCCC3C3CCC4CCCCC4C23)CC1
C1CCC(C2CC3C(CCC34CCCC4)C3CCC4CCCCCC4C23)CC1
C1CCC(CCC2CCC3C(CC4CCCCC4)CCC3C2)CC1
C(CCC1CCCC1)CCC1CCCC2CCCCC12
C1CCC2C(C1)CCC1CCCCC12
C1CCC2C(C1)CCC1C3CCCC3CCC21
C1CCC(CC2CC3CCCCC3C3CCC4CCCCCC4C23)CC1
C1CCC(CCCC2CCC(C3CCC4C(CCC4C4CCCCC4)C3)CC2)CC1
C1CCC2CC(C3CCCC4CCCC43)CCC2C1
C1CCC(CCCCC2CC3CCCCC3C2)CC1
C1CCC(CCCCC2CC3CCCCC3C2)CC1
C1CCC(C2CCC3CC4C(CCC5C6CCC(CCCC7CC8CCCCC8C7)C6CCCC45)CC32)CC1
C1CCC(C2CCC3CC4C(CCC45CCCCC5)CC32)CC1
C1CCC(CCCCCC2CCCC3C2CCC3C2CCCC(CCC3CC3)C2)CC1
C1CCC(CCCCC2CC3CCCCC3C2)CC1
C1CCC(CCC2(CCCC3CCC4CCCCC4C3)CCC3C4CCC5CCCCC5C4CCC32)C1
C1CCC(CCCCC2CC3CCCCC3C2)CC1
C1CCC(C2CCC3CC4C5CCC6C(CCCC7CC8CCCCC8C7)CCC6C(CCC4CC32)C5)CC1
C1CCC(CCCCC2CCC3CCCCC23)CC1
C1CCC(CCC2CCC3C(CCC3C3CCCCC3)C2)CC1
C1CCC(CCC(CC2CC3CCCCC3C2)C2CC2)CC1
C1CCC(C2CCC3(CCC4CC5C(CCC5C5CCCCC5)CC43)C2)CC1
C1CCC(CCCCC2CC3CCCCC3C2)CC1
C1CCC(C2CCC3CC4C(CCCC45CCCC5)CC32)CC1
C1CCC(CCCCCC2CC3CCCCC3C2)CC1
C1CCC2C(C1)CCC1C3CCCCC3CCCC21
C1CCC(C2CCC3CC4C(CCC32)CCC42CCCC2)CC1
C1CCC2CC(CCCC3CCC4C3CCC3C5CCCCC5CCC43)CC2C1
C1CCC2CCC(C3CCCC4CCCC43)CC2CC1
C1CCC2C(C1)CCC1C3CCCC3CCC21
C1CCC(C2CCC3CCCC3C3CCC4CCCCC4C23)CC1
C1CCC(C2CC3CCCC3C3CCC4CCCCC4C23)CC1
C1CCC(C2CC3CCCC3C3CCC4CCCCCC4C23)CC1
C1CCC(CCCCC2CC3CCCCC3C2)CC1
C1CCC(CCC(CCC2CCCCC2)CCC2CCC3CCCC3C2)CC1
C1CCC(C2CC3CCCC3C3CCC4CCCCC4C23)CC1
C1CCC2C(C1)CCC1CCCCC12
C1CCC(CCCCCC2CC3CCCCC3C2)CC1
C1CCC(CCCCC2CC3CCCCC3C2)CC1
C1CCC(C2CC3CCCC3C3CCC4CCCCC4C3C2)CC1
C(CCC1CCCC2CCCC12)CC1CC2CCCCC2C1
C1CCC(CCC(CC2CC3CCCCC3C2)C2CCCCC2)CC1
C1CCC(C2CC3CCCCC3C3CCCCC23)CC1
C1CCC2CC(C3CCCC4CCCC43)CCC2C1
C1CCC(C2CCC3CC4C(CCC5C6CCC(CCCC7CC8CCCCC8C7)C6CCC45)CC32)CC1
C1CCC(C2CCC3(CCC4CC5C(CCC5C5CCCCC5)CC43)C2)CC1
C1CCC2C(C1)CCC1CCCCC12
C1CCC(CCC2CCC3C(CCC3C3CCCCC3)C2)CC1
C1CCC(CCCCC2CC3CCCCC3C2)CC1
C1CCC(CCCCC2CC3CCCCC3C2)CC1
C1CCC2CC(CC3CCCC4CCCC43)CCC2C1
C1CCC(CCCC(CC2CC3CCCCC3C2)C2CC2)CC1
C1CCC(CCC2CCC3C(CCC3C3CCCCC3)C2)CC1
C1CCC2CC(CCCC3CCC4C3CCC3C5CCCCC5CCC43)CC2C1
C1CCC(C2CCC3CC4C(CCC45CCCCC5)CC32)CC1
C1CCC(CCCCC(CC2CCC3C(CCC3C3CCCCC3)C2)C2CCCCC2)CC1
C1CCC2C(C1)CCC1C3CCCC3CCC21
C1CCC(CCCCCC2CCCC3C(C4CCCCC4)CCC23)CC1
C1CCC(C2CCC(C3CC4CCCC4C4CCC5CCCCC5C34)CC2)C1
C1CCC(CCCC2CCC3CCCC3C2)CC1
C1CCC(CCCC2CCC3CCC(C4CCCC5CCCC54)CC3C2)CC1
C1CCC2CCC3CCCCC3C2CC1
C1CCC2C(C1)CC(C1CCCC1)C1CCCCC21
C(CCCC1CCCCC1)CCCC1CCC(C2CCCCC2)C1
C1CCC(CCCC2CCC3C(CCC3C3CCCCC3)C2)CC1
C1CCC(CCCCC2CCC3CCCCC23)CC1
C1CCC(CCC2(CCCC3CCC4CCCCC4C3)CCCC3C4CCC5CCCCC5C4CCC32)C1
C(CCCC1CCCCC1)CCCC1CCC(C2CCCCC2)C1
C1CCC(C2CC3CCCCC3C3CCC4CCCCC4C23)CC1
C(CCCCC1CCC(C2CCCCC2)C1)CCCC1CCCCC1
C(CCCC1CCCC2CCCCC12)CCC1CCC(C2CCCCC2)C1
C1CCC(CCCCC2CCC3CCCCC23)CC1
C1CCC(CCCC(CC2CC3CCCCC3C2)C2CC2)CC1
C(CCCC1CCCC2CCCC12)CCC1CCC2CCCCC2C1
C1CCC2CCC3C4CCCCC4CCC3C2CC1
C1CCC(CCCCCC2CC3CCCCC3C2)CC1
C1CCC2CC(CCCC3CCC4C3CCC3C5CCCCC5CCC43)CC2C1
C1CCC(CC2CCC(CC(CC3CCCCC3)C3CCCCC3)CC2)CC1
C(CCCCC1CCC(C2CCCCC2)C1)CCCC1CCCCC1
C1CCC(CCCCC2CCC3CCCCC23)CC1
C(CCCC1CCCCC1)CCCC1CCC(C2CCCCC2)C1
C1CCC(CCC2CCCC3CCC4C(CCC4C4CCCCC4)CC23)CC1
C1CCC2C(C1)CC(C1CCCC3CCCC31)C1CCCC21
C(CCC1CCCC2CCCC12)CC1CC2CCCCC2C1
C1CCC(C2CCC3CCCCC3C3CCCCC23)CC1
C1CCC2CCC3C4CCCC4CC(C4CCC(C5CCCC5)CC4)C3C2CC1
C1CCC(CCCC2CCC3CCC(C4CCCC5CCCC54)CC3C2)CC1
C1CCC(C2CC3CCCCC3C3CCC4CCCCC4C23)CC1
C(CCC1(C2CCCC2)CCCC2CCCCC21)CC1CCC2CCCCC2C1
C(CCC1CCCC2CCCCC12)CC1CCC2CCCCC2C1
C1CCC(CCCCC2CCC3CCCCC23)CC1
C1CCC(C2CC3CCCC3C3CCC4CCCCC4C23)CC1
C1CCC(CCCCCC2CCC3CCCCC23)CC1
C(CCC1CCC2C(CCC3C4CCCC4CCC23)C1)CC1CCC(C2CCC(C3CC4CCCC4C4CCC5CCCCC5C34)CC2)CC1
C1CCC(CCC(CC2CC3CCCCC3C2)C2CCC2)CC1
C1CCC2CCC(C3CCCC4CCCC43)CC2CC1
C1CCC(CCCCC2CCC3CCC(C4CCCC5CCCC54)CC3C2)CC1
C1CCC(C2CC3CCCCC3C3CCC4CCCCC4C23)CC1
C1CCC(CCCCC2CC3CCCCC3C2)CC1
C1CCC(CC2CCC(CCC(CC3CCCCC3)C3CCCCC3)CC2)CC1
C1CCC2CCC(C3CCCC4CCCC43)CC2CC1
C1CCC2C(C1)CCC1C3CCCC3CCC21
C1CCC(CCC2CCC3C(CCC3C3CCCCC3)C2)CC1
C1CCC(CCCCC2CCC3CCCCC23)CC1
C1CCC(CCCC(CC2CC3CCCCC3C2)C2CC2)CC1
C1CCC(C2CCC3CCC4C(CCCC5CC5)CCCC4CC32)CC1
C1CCC(CCCCCC2CC3CCCCC3C2)CC1
C1CCC(CCCCCC2CCCC3C2CCC3C2CCC(CC3CC3)CC2)CC1
C1CCC(CC2CCC3CCCCC3C3CCC4CCCCC4C23)CC1
C1CCC(CC2CC3CCCCC3C3CCC4CCCCC4C23)CC1
C1CCC(C2CCC3C(CCC4CCCCC43)C2)CC1
C1CCC(CCCCC2CCC3CCCCC23)CC1
C1CCC2CCC3C4CCC(CCCC5CC6CCCCC6C5)C4CCC3C2CC1
C1CCC2C(C1)CCC1C3CCCC3CCC21
C(CCCCC1CCCC2C(CCC3C4CCCC4CCC23)C1)CCCC1CCCC(CC(CC2CCC(CC3CCCCC3)CC2)C2CCCCC2)C1
C1CCC(C2CC3CCCCC3C3CCC4CCCCC4C23)CC1
C1CCC(C2CC3CCCC3C3CCCC4CCCCC4C23)CC1
C1CCC2CCC3C4CCCC4CC(C4CCC(C5CCCC5)CC4)C3C2CC1
C1CCC(C2CC3CCCC3C3CCC4CCCCC4C23)CC1
C1CCC(CC2CC3CCCCC3C3CCC4CCCCCC4C23)CC1
C1CCC(C2CCC3CC4(CCCCCC4C4CCCCC4)CCC32)CC1
C1CCC2CCC(C3CCCC4CCCC43)CC2CC1
C1CCC(CCCCCC2CCCC3C(C4CCCCC4)CCC23)CC1
C1CCC(C2CC3CCCC3C3CCC4CCCCC4C23)CC1
C1CCC(C2CCC3CC4C(CCCC4CC4CC5CCCCC5C4)CCC32)CC1
C1CCC(CCCCC2CCC3CCC(CC4CCCC5CCCC54)CC3C2)CC1
C1CCC(CCCCCC2CCCC3C(C4CCCCC4)CCC23)CC1
C1CCC2CCC(C3CCCC4CCCC43)CC2CC1
C(CCC1CCC2CCCCC2C1)CCC1CCCC2CCCCC12
C1CCC(CCCC2CCC3C2CCC2C4CCCCC4CCCC32)C1
C1CCC(CC2CC3CCCCC3C3CCC4CCCCC4C23)C1
C1CCC(CCC2CCC3C(CCC4C5CCCC5CCC34)C2)CC1
C1CCC2CC(C3CCCC4CCCC43)CCC2C1
C1CCC(CCCCC2CC3CCCCC3C2)CC1
C1CCC2CCC(C3CCCC4CCCC43)CC2CC1
C(CCCC1CCCC2CCCC12)CCC1CCC2CCCCC2C1
C1CCC(CCC2CCC3C2CCC(C2CCCCC2)C2C4CCCCCC4CCC32)CC1
C(CCCCC1CCC(C2CCCCC2)C1)CCCC1CCC2CCCC2C1
C1CCC(C2CC3CCCC3C3CCC4CCCCC4CC23)CC1
C1CCC2C(C1)CCCC2CCCC1CCCC2CCCCC21
C1CCC2CC(C3CCCC4CCCC43)CCC2C1
C(CCCCCCC1CCC(CCC2CCC(CCC3CCCC3)C2)C1)CCCCCCC1CCC2C1CCC1C3CCCCC3CCC21
C(CCCC1CCCC2C(C3CCCCC3)CCC12)CCC1CCCCC1
C1CCC(CC2CC3CCCCC3C3CCC4CCCCCC4C23)CC1
C1CCC(CCCC2CCCC(C3CCC4CC(CCC5CCC6CCCCC6C5)CCC43)C2)CC1
C1CCC(CCC2CCC3CC4C(CCC5CCCCC5)CC5CCCC5C4CCC3C2)CC1
C(CCCCC1CCC(C2CCCCC2)C1)CCCC1CCCCC1
C1CCC2CCC3C4CCC(CCC5CCCC5)C4CCC3C2CC1
C1CCC(C2CCC3CCC(C4CCCC4)CC32)CC1
C1CCC(CCC(CC2CCC(CC3CCCCC3)CC2)C2CCCCC2)CC1
C1CCC(CCCCC2CC3CCCCC3C2)CC1
C1CCC2C(C1)CCC1CCCCC12
C1CCC(C2CCC3CC(C4CCC(CCC5CCCC5)CC4)CCC32)CC1
C1CCC(CCC2CCC3C(CCC3C3CCCCC3)C2)CC1
C1CCC(C2CCC(C3CC4CCCC4C4CCCC5CCCCC5C34)CC2)C1
C1CCC(CCC2CCC3C(CCC4CCCCC43)C2)CC1
C1CCC(CCCCC2CCC3CCCCC23)CC1
C1CCC(CCCC(CCC2CCC3CCCC3C2)CC2CCCCC2)CC1
C1CCC(CCCCCC2CCCC3C(CC4CCCCC4)CCC23)CC1
C1CCC(C2CCC3CCC4(CCCCC4)C3C2)CC1
C1CCC2C(C1)CCC1C3CCCC3CCCC21
C1CCC(C2CC3CCCC3C3CCC4CCCCC4C23)CC1
C1CCC(C2CCC3CC4C(CCC32)CCC42CCCC2)CC1
C1CCC(CC2CC3CCCCC3C3CCC4CCCCC4C23)CC1
C1CCC(C2CCC3CC4C(CCC45CCCC5)CC32)CC1
C1CCC(C2CC3CCCC3C3CCC4CCCCCC4C23)CC1
C1CCC(CCCCCC2CCCC3C(C4CCCCC4)CCC23)CC1
C1CCC(CC2CC3CCCCC3C3CCC4CCCCCC4C23)CC1
C1CCC(CCCCCC2CCC3CCCCC23)CC1
C1CCC2CCC(C3CCCC4CCCC43)CC2CC1
C1CCC(CCCCC2CC3CCCCC3C2)CC1
C1CCC(CC2CC3CCCCC3C3CCC4CCCCCC4C23)CC1
C1CCC2C(C1)CCC1CCCCC12
C1CCC2CC(CCCC3CCC4C3CCCC3C5CCCCC5CCC34)CCC2C1
C1CCC(CC(CC2CCCCC2)C2CCCCC2)CC1
C1CCC2C(C1)CCC1C3CCCC3CCC21
C(CC1CCC(C2CCCC2)CC1)CC1CCC2CCCC2C1
C1CCC2CCC(C3CCCC4CCCC43)CC2CC1
C1CCC(CCCC2CCCC(C3CCC4CC(CCC5CCC6CCCCC6C5)CCC43)C2)CC1
C1CCC2CCC3C4CCCCC4CC(CC4CCCC4)C3C2CC1
C1CCC2C(C1)CCC1C3CCCC3CCC21
C(CCCC1CCCC2C(C3CCCCC3)CCC12)CCC1CCCCC1
C1CCC(CCC(CCC2CCC3CCCC3C2)CC2CCCCC2)CC1
C1CCC2CCC3C4CCCC4CCC3C2CC1
C1CCC2C(C1)CCC1C3CCCC3CCC21
C1CCC(C2CCC3CC4C(CCC5C6CCCC(CCCC7CC8CCCCC8C7)C6CCC45)CC32)CC1
C1CCC(CCCCCC2CCC3CCCCC23)CC1
C1CC(C2CCC(C3CC4CCCC4C4CCCC5CCCCC5C34)CC2)C1
C1CCC2CCC(C3CCCC4CCCC43)CC2CC1
C1CCC2CCC(C3CCCC4CCCC43)CC2CC1
C1CCC2CCC3C4CCCC4CCC3C2CC1
C(CCC1CCCC2CCCC12)CC1CC2CCCCC2C1
C1CCC2CC(CCCC3CCC4C3CCC3C5CCCCC5CCC43)CC2C1
C1CCC2C(C1)CCCC2CCCC1CCC2C1CCC1C3CCCCC3CCC21
C(CCC1CCCC2CCCCC12)CC1CCCC2CCCCC12
C1CCC(C2CC3CCCC3C3CCC4CCCCCC4C23)CC1
C1CCC(CCCCCC2CCC3CCCCC23)CC1
C1CCC2CC3CCC4CCCC4C3CCC2C1
C1CCC2CC(C3CCCC4CCCC43)CCC2C1
C1CCC2CCC(C3CCCC4CCCC43)CC2CC1
C(CCC1CCCC2CCCCC12)CC1CCC2CCCCC2C1
C1CCC(C2CCC3CC4C(CCCC45CCCCC5)CC32)CC1
C(CCC1CCCC2CCCCC12)CC1CC2CCCCC2C1
C1CCC(CCCCCC2CCC3CCCCC23)CC1
C1CCC(CCC2CCC3C(CC4CCCCC4)CCC3C2)CC1
C(CCCC1CCCCC1)CCCC1CCC(C2CCCCC2)C1
C1CCC2CCC(C3CCCC4CCCC43)CC2CC1
C(CCC1CCCC1)CCC1CCCCC2CCCCC12
C1CCC(CC2CC3CCCCC3C3CCC4CCCCCC4C23)CC1
C1CCC(CCCCCC2CC3CCCCC3C2)CC1
C1CCC(C2CCC3CCC4(CCCCC4C4CCCCC4)CCC32)CC1
C1CCC(CCC2CCC3C(CCC3C3CCCCC3)C2)CC1
C(CCCC1CCCC2CCCC12)CCC1CCCCC1
C1CCC2CCC3C(CCC4C5CCCC5CC43)C2CC1
C1CCC(C2CCC3CC4(CCCCCC4C4CCCCC4)CCC32)CC1
C1CCC(C2CCC3C(CCCCCC4CCC(C5CCCC5)C4)CCCC23)CC1
C1CCC(CCCCCC2CCC3CCCCC3C2)CC1
C1CCC(C2CCC(C3CC4CCCC4C4CCC5CCCCC5C34)CC2)C1
C1CCC(CCCCCC2CCC3CCCCC23)CC1
C1CCC2C(C1)CCC1C3CCCC3CCC21
C1CCC(CCCCCC2CCC3CCCCC23)CC1
C(CCC1CCC2C(CCC3C4CCCC4CCC23)C1)CC1CCC(C2CC3CCCC3C3CCC4CCCCC4C23)CC1
C1CCC(CC2CC3CCCCC3CC3CCC4CCCCC4C32)C1
C1CCC(C2CCC3CC4C(CCC45CCCCCC5)CC32)CC1
C1CCC(C2CC3CCCC3C3CCC4CCCCCC4C23)CC1
C1CCC(CCC2CCC3C(CCC3C3CCCCC3)C2)CC1
C1CCC(CCC2CCC(C3CCC4C(CCC4C4CCCCC4)C3)CC2)CC1
C1CCC(CCCCC2CC3CCCCC3C2)CC1
C1CCC(CCC2CCC3CC4CCCCC4CCC3C2)CC1
C1CCC2C(C1)CCC1C3CCCC3CCC21
C1CCC(CCCC2CCC(C3CCC4C(CC5CCCCC5)CCC4C3)CC2)CC1
C1CCC(C2CCC3C(CCC34CCCC4)C3CCC4CCCCCC4C23)CC1
C1CCC(CCCCCC2CCCCC2)CC1
C1CCC(CCCCC2CCC3CCCCC23)CC1
C1CCC(CCC2CCC3C(CCC3C3CCCCC3)C2)CC1
C1CCC2C(C1)CCC1C3CCCC3CCC21
C1CCC(CCCCC2CCC3CCCCC23)CC1
C1CCC2C(C1)CCC1CCCCC12
C1CCC2CC(CC3CCCC4CCCC43)CCC2C1
C1CCC2CCC3C4CCCC4CCC3C2CC1
C1CCC(CCCCCC2CCCC3C(C4CCCCC4)CCC23)CC1
C1CCC(CCCCCC2CC3CCCCC3C2)CC1
C1CCC(C2CCC3C(CCC4CCCCC43)C2)CC1
C1CCC2CCC3C4CCCC4CCC3C2CC1
C1CCC(C2CC3CCCC(C3)C3CCC4CCCCC4C32)CC1
C1CCC2CC(CCCC3CCCC4C3CCC3C5CCCCC5CCC43)CCC2C1
C(CCCC1CCCC2C(C3CCCCC3)CCC12)CCC1CCCCC1
C1CCC(CC2CC3CCCCC3C3CCC4CCCCCC4C23)CC1
C1CCC2CCC3C4CCCCC4CC(CC4CCCC4)C3C2CC1
C1CCC(CC2CC3CCCCC3C3CCC4CCCCC4C3C2)CC1
C1CCC(CCCCCC2CCC3CCCCC23)CC1
C(CCC1CCC2CCCCC2C1)CCC1CCCC2CCCCC12
C1CCC(CCC2CCC3C(CCC3C3CCCCC3)C2)CC1
C1CCC(C2CCC3C(CCC4CCCCC43)C2)CC1
C1CCC(CCC2CCC3C(CCC3C3CCCCC3)C2)CC1
C1CCC(CCC2CCC3C(CCC3C3CCCCC3)C2)CC1
C1CCC(CCCC2CCCC3CCC(C4CCCC5CCCC54)CC23)CC1
C1CCC(C2CC3CCCCC3C3CCC4CCCCC4C23)CC1
C1CCC(CC2CCCC(CC3CC4CCCCC4C4CCC5CCCCC5C34)C2)C1
C1CCC(C2CC3CCCCC3CC3CCCCC32)CC1
C(CCCC1CCCC2C(C3CCCCC3)CCC12)CCC1CCCCC1
C(CCC1CCC2CCC(C3CCCC4CCCC43)CC2C1)CC1CCC2CCCC2C1
C1CCC(C2CC3CCCCC3C3CCC4CCCCC4C23)CC1
C1CCC2CC(C3CCCC4CCCC43)CCC2C1
C(CCCC1(C2CCCCC2)CCC1)CCC1CCC(C2CCCCC2)C1
C1CCC(C2CC3CCCC3C3CCC4CCCCC4C23)CC1
C1CCC(C2CC3CCCCC3C3CCCCC3C2)C1
C1CCC(C2CCC3CCCC3C3CCC4CCCCC4C23)CC1
C1CCC2CCC3C4CCCCC4CC(CC4CCCC4)C3C2CC1
C1CCC2CC(C3CCCC4CCCC43)CCC2C1
C1CCC(CCCCCC2CCCC3C(C4CCCCC4)CCC23)CC1
C1CCC(CCCCC2CC3CCCCC3C2)CC1
C1CCC2C(C1)CCC1C3CCCC3CCC21
C1CCC2CC(C3CCCC4CCCC43)CCC2C1
C1CCC(C2CCC3CC4C(CCC32)CCC2C3CCC(CCCC5CC6CCCCC6C5)C3CCC42)CC1
C1CCC(CCC2CCC3C(CCC3C3CCCCC3)C2)CC1
C1CCC(CCC2CCC3C(CCC3C3CCCCC3)C2)CC1
C1CCC2CCC(C3CCCC4CCCC43)CC2CC1
C1CCC(C2CCC3CCCC3C3CCC4CCCCCC4C23)CC1
C(CCCC1CCCC2C(C3CCCCC3)CCC12)CCC1CC1
C1CCC(CCCCC2CCC3CCC(C4CCCC5CCCC54)CC3C2)CC1
C1CCC(CCC2CCC3C(CCC3C3CCCCC3)C2)CC1
C1CCC2CCC3CCCCC3C2CC1
C1CCC(C2CC3CCCC3C3CCC4CCCCC4C23)CC1
C1CCC(CCCC(CC2CCC3C(CC4CCCCC4)CCC3C2)C2CCCCC2)CC1
C1CCC(CCCCCC2CC3CCCCC3C2)CC1
C1CCC(C2CC3CCCCC3C3CCCCC3C2)CC1
C1CCC(C2CCC3CCC4CCCCC4CC32)CC1
C1CCC(C2CCC3CCC4C(CCCC45CC(C4CCCCC4)C(C4CCCCC4)C5)CC32)CC1
C1CCC(C2CCC3CC4C(CCCCC45CCCC5)CC32)CC1
C1CCC(CCCCCC2CCC3CCCCC23)CC1
C1CCC(CC2CCC3CC4C(CCC45CCCC5)CC23)CC1
C1CCC(C2CCC(CCCCCC3CCCC4CCCCC34)C2)CC1
C(CCCC1CCCC2CCCC12)CCC1CCC2CCCCC2C1
C1CCC(C2CCC3CC4CCCCC4CC32)CC1
C1CCC(CCC2CCC3C(CCCC4C5CCCC5CCC34)C2)CC1
C1CCC(CCCCC2CC3CCCCC3C2)CC1
C1CCC(CCCCCC2CC3CCCCC3C2)CC1
C1CCC(CCC(CCC2CCC3CCCC3C2)CC2CCCCC2)CC1
C1CCC(C2CCC(CCCCCC3CCCC4CCCCC34)C2)CC1
C1CCC(CCCCC2CCC3CCCCC23)CC1
C1CCC(CCCC(CCC2CCC3CCCC3C2)CC2CCCCC2)CC1
C1CCC(C2CCC3CC4C(CCC5C6CCCC(CCCC7CC8CCCCC8C7)C6CCC45)CC32)CC1
C(CCCC1CCCCC1)CCCC1CCC(CC2CCCCC2)C1
C1CCC2C(C1)CC(C1CCCC1)C1CCCCC21
C(CCC1CCC2CCCCC2C1)CCC1CCCC2CCCCC12
C(CCCC1CCC2CCCC2C1)CCC1CCCCC1
C1CCC(C2CCC3CC4CCCCC4CC32)CC1
C1CCC(CCC2CCCCC3CCC(C4CCCC5CCCC54)CC23)CC1
C1CCC(C2CCC3CCC4(CCCCC4)CC3C2)CC1
C1CCC2CC(CCCC3CCC4C3CCC3C5CCCCC5CCC43)CC2C1
C1CCC2CC(C3CCCC4CCCC43)CCC2C1
C1CCC2CCC(C3CCCC4CCCC43)CC2CC1
C1CCC(CCCCCC2CCCC3C(C4CCCCC4)CCC23)CC1
C1CCC2CC(C3CCCC4CCCC43)CCC2C1
C1CCC2CC(CCCC3CCCC4CCCCC43)CC2C1
C(CCC1CCCC2CCCCC12)CC1CCCC2CCCCC12
C1CCC(CC2CC3CCCCC3C3CCC4CCCCCC4C23)CC1
C1CCC2CC(CCCC3CCC4C3CCC3C5CCCCC5CCC43)CC2C1
C1CCC(C2CCC(CCCCCC3CCCC4C(C5CCCCC5)CCC34)C2)CC1
C1CCC(CCCCCC2CCCC3C(CC4CCCCC4)CCC23)CC1
C1CCC(C2CCCC3C(CCC4CCCCC43)C2)CC1
C1CCC(CC2CCC(C3CC4CCCC4C4CCC5CCCCCC5C34)CC2)CC1
C1CCC2C(C1)CCC1C3CCCC3CCC21
C1CCC2C(C1)CCCC1C3CCCC3CCC21
C1CCC(CCCCC2CC3CCCCC3C2)CC1
C1CCC2C(C1)CCC1C3CCCCC3CCC21
C1CCC(C2CCCC3(CCC4CC5C(CCC5C5CCCCC5)CC43)C2)CC1
C1CCC(CCCC(CCC2CCC3CCCC3C2)CC2CCCCC2)CC1
C(CCCCCCC1CCC2C1CCC1C3CCCCC3CCC21)CCCCCC1CCC(CCC2CCC(CCC3CCCC3)C2)C1
C1CCC2CCC(C3CCCC4CCCC43)CC2CC1
C1CCC(C2CCC3CC4C(CCCC45CCCCC5)CC32)CC1
C1CCC(CCC2CCCCC2)CC1
C1CCC2C(C1)CCC1C3CCCC3CCCC21
C1CCC(CCCC2CCC3C(CCC3C3CCCCC3)C2)CC1
C1CCC(CCCC2CCC3CCC(C4CCCC5CCCC54)CC3C2)CC1
C1CCC(CC2CCC3CC4C(CCC45CCCC5)CC23)CC1
C1CCC(CCC2CCC3C(CCC3C3CCCCC3)C2)CC1
C1CCC2C(C1)CCC1C3CCCC3CCC21
C1CCC(CCCCC2CC3CCCCC3C2)CC1
C1CCC(C2CCC3CCC4(CCCCCC4C4CCCCC4)CCC32)CC1
C(CCC1CCC2C1CCC1C3CCCCC3CCC21)CC1CCC2CCCCC2C1
C1CCC(CCCCCC2CCCC3C(C4CCCCC4)CCC23)CC1
C1CCC2C(C1)CCCC1C3CCCC3CCC21
C1CCC(CC2CC3CCCCC3C3CCC4CCCCC4C23)C1
C1CCC(C2CCC(CCCCCC3CCCC4C(C5CCCCC5)CCC34)C2)CC1
C1CCC2CCCC(CC3CC4CCCCC4C4CCC5CCCCC5C34)C2CC1
C1CCC(CCCCC2CC3CCCCC3C2)CC1
C1CCC(C2CCCC3C(CCC4CCCCC43)C2)CC1
C1CCC(CCCCCC2CCC3CCCCC23)CC1
C1CCC2CCC3CCCCC3C2CC1
C1CCC(C2CC3CCCC3C3CCC4CCCCCC4C23)CC1
C1CCC(C2CCC3CC4C(CCCC45CCCC5)CC32)CC1
C1CCC(CCCCC2CCC3C2CCC2C4CCCCC4CCC32)CC1
C1CCC2CC(CCCC3CCC4C5CCC6CCCCC6C(CCC34)C5)CC2C1
C1CCC(CC2CC3CCCCC3CC3CCC4CCCCC4C32)CC1
C1CCC2CC(C3CCCC4CCCC43)CCC2C1
C1CCC2CCC(C3CCCC4CCCC43)CC2CC1
C1CCC(CC2CC3CCCCC3C3CCC4CCCCC4C23)C1
C1CCC2C(C1)CCC1C3CCCCC3CCC21
C1CCC(C2CCC3CCCC3C3CCC4CCCCCC4C23)CC1
C1CCC(CCCCC2CC3CCCCC3C2)CC1
C1CCC(CCCCC2CCC3C2CCC2C4CCCCC4CCC32)CC1
C1CCC2CC(CC3CCCC4CCCC43)CCC2C1
C(CCC1CCCC2CCCCC12)CC1CC2CCCCC2C1
C1CCC2CCC(C3CCCC4CCCC43)CC2CC1
C1CCC(CCCCC(CC2CCC3C(CCC3C3CCCCC3)C2)C2CCCCC2)CC1
C1CCC(CC2CC3CCCCC3C3CCC4CCCCCC4C23)CC1
C1CCC2C(C1)CCC1C3CCCC3CCC21
C1CCC(CCC2CCC3C(CCC3C3CCCCC3)C2)CC1
C1CCC2CCC3C4CCCC4CCC3C2CC1
C1CCC2CC(C3CCCC4CCCCC43)C3CCCC3C2CC1
C1CCC(C2CC3CCCC3C3CCC4CCCCC4C23)CC1
C1CCC(CCCCCC2CC3CCCCC3C2)CC1
C(CCC1CCCC2CCCC12)CC1CC2CCCCC2C1
C1CCC(CCC2(CCCC3CC4CCCCC4C3)CCC3C4CCCC5CCCCC5C4CCC32)C1
C1CCC(CCCCCC2CCC3CCCC3C2)CC1
C(CCC1CCC2CCCC2C1)CC1CCC(C2CCCC2)CC1
C1CCC(CCC2CCC(C3CCC4C(CCC4C4CCCCC4)C3)CC2)CC1
C1CCC(C2CCC3CC4C(CCC32)CCC2C3CCCC3CCC42)CC1
C1CCC(CCCCC2CC3CCCCC3C2)CC1
C1CCC(C2CCC3CC4C(CCC45CCCCC5)CC32)CC1
C1CCC(CCCCCC2CCCC3C(C4CCCCC4)CCC23)CC1
C1CCC(CCC2CCC(C3CCC3)CC2)CC1
C1CCC(CCCC2(CCC3CCCC3)CCC3C4CCC5CCCCC5C4CCC32)CC1
C1CCC(C2CCC3CC4CCCCC4CC32)CC1
C(CC1CCC(C2CCCC2)CC1)CC1CCC2CCCC2C1
C1CCC2CC(CCCC3CCC4C3CCC3C5CCCCC5CCC43)CC2C1
C1CCC2CCC3C4CCCC4CCC3C2CC1
C1CCC(CCC2CCC(CC(CC3CCCCC3)C3CCCCC3)CC2)CC1
C1CCC2C(C1)CCC1C3CCCC3CCC21
C1CCC(C2CCC3(CCC4CCC5C(CCC5C5CCCCC5)CC43)C2)CC1
C1CCC(CCCCC2CC3CCCCC3C2)CC1
C1CCC2CC(CCCC3CCC4C3CCCC3C5CCCCC5CCC34)CC2C1
C1CCC(C2CCC(CCCCCC3CCCC4CCCCC34)C2)CC1
C1CCC(CCC2CCC3C(CC4CCCCC4)CCC3C2)CC1
C1CCC2C(C1)CCC1CCCCC12
C1CCC2C(C1)CCC1CCCCC12
C1CCC2CCC3C4CCC(CCCC5CC6CCCCC6C5)C4CCC3C2CC1
C1CCC(CCCCC2CCC3CCCCC23)CC1
C1CCC2C(C1)CCCC1CCCCC12
C1CCC(C2CCC3CCCC3C3CCC4CCCCCC4C23)CC1
C1CCC2C(C1)CCCC1C2CCC2C3CCCC3CC21
C1CCC(CCCC2CCC3CCCC3C2)CC1
C1CCC(C2CCC3C(CCC4CCCCC43)C2)CC1
C1CCC(CCCC2CCCC3C2CCC2C4CC5CCC(C6CCCCC6)C5CC4CCC32)CC1
C1CCC2CCC3C4CCCC4CCC3C2CC1
C1CCC(CC2CC3CCCCC3C3CCC4CCCCC4C23)CC1
C1CCC(CCC2CCC(CCC3CCCC(CC4CCCC4)C3)CC2)CC1
C1CCC2C(C1)CCC1CCCCC12
C1CCC(CCCCCC2CCCC3C(C4CCCCC4)CCC23)CC1
C1CCC2CC3CCCCC3CCC2C1
C1CCC(CC2CCC3CCCCC3C3CCC4CCCCC4C23)C1
C1CCC2CCC3C4CCC(CCCC5CC6CCCCC6C5)C4CCC3C2CC1
C(CCCC1CCCC2C(C3CCCCC3)CCC12)CCC1CCCCC1
C(CCC1CCC2C1CCC1C3CCCCC3CCC21)CC1CCC2CCCCC2C1
C1CCC(CCC(CC2CC3CCCCC3C2)C2CC2)CC1
C1CCC(C2CCC3C(CCCC4CCCCC43)C2)CC1
C(CCC1CCCC2CCCC12)CC1CC2CCCCC2C1
C1CCC(CCCC2CC3CCCC3C3CCC4CCCCC4C23)CC1
C1CCC2CCC3C(CCC4C3CCC4(CCCC3CCC4CCCCC4C3)CCC3CCCC3)C2CC1
C1CCC(C2CCC3CC4C(CCC5C6CCCC(CCCC7CC8CCCCC8C7)C6CCC45)CC32)CC1
C1CCC(C2CCC(CCCCCC3CCCCC4CCCCC34)C2)CC1
C1CCC(CCCC2CCC3C2CCC2C4CCCCC4CCC32)C1
C1CCC2C(C1)CCCC2CCCC1CCCC2CCCCC21
C1CCC(C2CCC3CC4(CCCCC4C4CCCCC4)CCC32)CC1
C1CCC2C(C1)CCCC2CCCC1CCCC2CCCCC21
C1CCC2C(C1)CCC1C3CCCCC3CCC21
C1CCC2C(C1)CCC1C2CCC2C3CCCC3CC21
C1CCC2CCC(C3CCCC4CCCC43)CC2CC1
C1CCC(CCC2CCC3C(CCC4C5CCCC5CCC(CCC5CCCCC5)C34)C2)CC1
C1CCC(CCCCC2CCC3C2CCC2C4CCCCCC4CCC32)CC1
C1CCC2CCC(C3CCCC4CCCC43)CC2CC1
C1CCC(C2CCC(CCCCCC3(C4CCCC4)CCCC4CCCCC43)C2)CC1
C1CCC(CCC(CC2CC3CCCCC3C2)C2CC2)CC1
C1CCC(C2CCC3CC4C(CCC5C6CCCC6CCC45)CC32)CC1
C1CCC2CC(CC3CCCC4CCCC43)CCC2C1
C1CCC2CCC(C3CCCC4CCCC43)CC2CC1
C1CCC2CC(C3CCCC4CCCC43)CCC2C1
C1CCC(CCCCCC2CCCCC2)CC1
C(CCCC1CCCCC1)CCCC1CCC(C2CCCCC2)C1
C(CCCC1CCCC2C(C3CCCCC3)CCC12)CCC1CCCCC1
C1CCC(CCCC2CCC3C2CCC2C4CC5CCC(C6CCCCC6)C5CCC4CCC32)CC1
C1CCC(C2CCC3CC4C(CCCC45CCCC5)CC32)CC1
C1CCC(CCCCCC2CC3CCCCC3C2)CC1
C(CCCC1CCCCC1)CCCC1CCC(C2CCCCC2)C1
C1CCC(CCCCC2CCC3CCCCC23)CC1
C1CCC2CC(CCCC3CCC4C3CCC3C5CCCCC5CCC43)CC2C1
C1CCC(CCC(CCC2CCC3CCCC3C2)CC2CCCCC2)CC1
C1CCC2CCC3C4CCCC4CCC3C2CC1
C1CCC(CC2CC3CCCCC3C3CCC4CCCCC4C23)C1
C1CCC(C2CC3C(CCC34CCCC4)C3CCC4CCCCC4C23)CC1
C1CCC2CCC(C3CCCC4CCCC43)CC2CC1
C1CCC(CC2CCCCC2CC2CC3CCCCC3C3CCC4CCCCC4C23)CC1
C1CCC(C2CC3CCCC3C3CCC4CCCCC4CC23)CC1
C1CCC(CC2CC3CCCCC3C3CCC4CCCCCC4C23)CC1
C1CCC(CC2CCCCC2CC2CC3CCCCC3C3CCC4CCCCCC4C23)CC1
C1CCC(CCCCCC2CCC3CCCCC23)CC1
C1CCC2CC(CCCC3CCC4C3CCCC3C5CCCCC5CCC34)CC2C1
C1CCC2CC(CCCC3CCC4C3CCC3C5CCCCC5CCC43)CCC2C1
C1CCC(CCCCCC2CCCC3C(C4CCCCC4)CCC23)CC1
C1CCC(CCC2CCC3C(CCC3C3CCCCC3)C2)CC1
C1CCC(CCCCCC2CCCC3C(C4CCCCC4)CCC23)CC1
C1CCC(CCCCC2CCC3C2CCC2C4CCCCC4CCCC32)CC1
C1CCC(C2CC3CCCC3C3CCC4CCCCC4C23)CC1
C1CCC2CC(C3CCCC4CCCC43)CCC2C1
C1CCC(CCC2CCC3C(CCC3C3CCCCC3)C2)CC1
C1CCC2C(C1)CCC1C2CCCC2C3CCCC3CC21
C1CCC2CC(C3CCCC3)C3CCCC3C2CC1
C(CCC1CCCC2CCCC12)CC1CC2CCCCC2C1
C1CCC(CC2CCC3C(CCC3C3CCCCC3)C2)CC1
C1CCC2CC(CCCC3CCC4C3CCC3C5CCCCC5CCCC43)CCC2C1
C1CCC(CCCCC2CCC3CCCCC23)CC1
C1CCC2CCC(C3CCCC4CCCC43)CC2CC1
C1CCC(C2CC3CCCCC3C3CCCCC23)CC1
C1CCC(CCC2CCC3C(CCC3C3CCCCC3)C2)CC1
C1CCC(C2CCC3CC4C(CCCC45CCCCC5)CC32)CC1
C1CCC(CCCCCC2CCC3C(CCC3C3CCCCC3)C2)CC1
C(CCC1CC2CCCCC2C1)CCC1CCCC2CCCC12
C1CCC(CCCC2(CCC3CCCC3)CCC3C4CCC5CCCCC5CC4CCC32)CC1
C1CCC(C2CCCCC2CC2CC3CCCCC3C3CCC4CCCCCC4C23)CC1
C1CCC2CC(C3CCCC3)CCC2C1
C(CCC1CCC2C1CCC1C3CCCCC3CCC21)CC1CC2CCCCC2C1
C1CCC(CC2CCCCC2CC2CC3CCCCC3CC3CCC4CCCCC4C32)CC1
C1CCC(CCCCC2CC3CCCCC3C2)CC1
C1CCC(C2CC3CCCCC3C3CCCCC3C2)CC1
C1CCC(CCCCC2CCC3CCC(C4CCCC5CCCC54)CC3C2)CC1
C1CCC2C(C1)CCC1C2CCC2C3CCCC3CCC21
C1CCC(C2CCC3CC4C(CCC45CCCCC5)CC32)CC1
C1CCC(C2CCC3CC4C(CCC5C6CCC(CCCC7CCC8CCCCC8C7)C6CCC45)CC32)CC1
C1CCC(CC2CC3CCCCC3C3CCC4CCCCCC4C23)CC1
C1CCC(CC2CCC(CCC(CC3CCCCC3)C3CCCCC3)CC2)CC1
C(CCC1CCCC2CCCCC12)CC1CCC2CCCCC2C1
C(CCC1CC2CCCCC2C1)CCC1CCCC2CCCC12
C1CCC(C2CCC3CCCC3C3CCC4CCCCC4C23)CC1
C1CCC(C2CCC3CC4C(CCC32)CCC42CCCCC2)CC1
C1CCC(C2CCC3C(CCCCCC4CCC(C5CCCC5)C4)CCCC23)CC1
C1CCC2CCC3C(CCC4C3CCC4(CCCC3CC4CCCCC4C3)CCC3CCCC3)C2CC1
C(CCCC1CCCC2C(C3CCCCC3)CCC12)CCC1CCCCC1
C1CCC(CCCCC2CCC3CCCCC23)CC1
C(CCC1CCCC2CCCCC12)CC1CC2CCCCC2C1
C1CCC2CC(C3CCCC4CCCC43)CCC2C1
C1CCC2CCC(C3CCCC4CCCC43)CC2CC1
C1CCC(CCCCCC2CC3CCCCC3C2)CC1
C1CCC(CCCCCC2CCCC3C(C4CCCCC4)CCC23)CC1
C1CCC(CC2CCC3C(CC4CCCCC4)CCC3C2)CC1
C1CCC(CCC(CCC2CCC3CCCC3C2)CC2CCCCC2)CC1
C(CCCC1CCCCC1)CCCC1CCC(C2CCCCC2)C1
C1CCC(CCC2CCC(C3CCC4C(CCC4C4CCCCC4)C3)CC2)CC1
C(CCCC1CCCC2C(C3CCCCC3)CCC12)CCC1CCCCC1
C1CCC(CCCC2CCC3C(CCC3C3CCCCC3)C2)CC1
C1CCC(CC2CC3CCCCC3C3CCC4CCCCCC4C23)CC1
C1CCC2C(C1)CCCC2CCCC1CCCC2C1CCC1C3CCCCC3CCC21
C1CCC(CC2CC3CCCCC3C3CCC4CCCCCC4C23)CC1
C1CCC(CCCCCC2CCCC3C(C4CCCCC4)CCC23)CC1
C1CCC(CCCC(CCC2CCC3CCCC3C2)CC2CCCCC2)CC1
C(CCCC1CCCC2C1CCC2C1CCC(CC2CC2)CC1)CCC1CCCCC1
C1CCC(C2CCC3CC4C(CCCC45CCCC5)CC32)CC1
C1CCC(C2CCC3CC4C(CCC45CCCC5)CC32)CC1
C1CCC2C(C1)CCC1C3CCCC3CCC21
C1CCC(C2CCC3CC4C(CCC5C6CCC(CCCC7CCC8CCCCC8C7)C6CCC45)CC32)CC1
C(CCCC1CCCC2CCCCC12)CCC1CCC(C2CCCCC2)C1
C(CCC1CCC2C1CCC1C3CCCCC3CCC21)CC1CC2CCCCC2C1
C1CCC2C(C1)CCC1C3CCCC3CCCC21
C1CCC(CC2CC3CCCCC3C3CCC4CCCCC4C23)CC1
C1CCC(CCCCCC2CC3CCCCC3C2)CC1
C1CCC(CC2CC3CCCCC3CC3CCC4CCCCC4C32)CC1
C1CCC2CCC3C4CCCCC4CC(CC4CCCC5CCCCC54)C3C2CC1
C1CCC(CCC2CCC3C(CCC3C3CCCCC3)C2)CC1
C1CCC(C2CCCC3(CCC4CC5C(CCC5C5CCCCC5)CC43)C2)CC1
C1CCC(C2CC3C(CCC34CCCC4)C3CCC4CCCCC4C23)CC1
C1CCC(CCCCCC2CC3CCCCC3C2)CC1
C1CCC2C(C1)CCC1C3CCCC3CCC21
C1CCC(C2CC3CCCC3C3CCC4CCCCC4C3C2)CC1
C1CCC2CCC(C3CCCC4CCCC43)CC2CC1
C1CCC(C2CCC3CC4C(CCCC5C6CCC(CCCC7CC8CCCCC8C7)C6CCC45)CC32)CC1
C1CCC(CCCCCC2CC3CCCCC3C2)CC1
C1CCC(CCCCCC2CC3CCCCC3C2)CC1
C1CCC(CCCCCC2CCCCC2)CC1
C1CCC2CCC3C(CCC4C3CCC4(CCCC3CC4CCCCC4C3)CCC3CCCC3)C2CC1
C1CCC(C2CCC3CC4C(CCC45CCCCC5)CC32)CC1
C1CCC(C2CCC3C(CCC4CCCCC43)C2)CC1
C1CCC(CCC2CCC(C3CCC4C(CCC4C4CCCCC4)C3)CC2)CC1
C1CCC(CCC2CCCC3CC4C(CCC23)CCC4C2CCCCC2)CC1
C(CCCC1(C2CCCCC2)CCC1)CCC1CCC(C2CCCCC2)C1
C(CCC1CCC2C(CCC3C4CCCC4CCC23)C1)CC1CCC(C2CCC(C3CC4CCCC4C4CCC5CCCCC5C34)CC2)CC1
C1CCC(CCC(CC2CCC3C(CCC3C3CCCCC3)C2)C2CCCCC2)CC1
C(CCCC1CCCCC1)CCCC1CCC(C2CCCCC2)C1
C1CCC(C2CC3C(CCC4CC4)CCC3C3CCC4CCCCCC4C23)CC1
C1CCC2CCC3C4CCCC4CCC3C2CC1
C1CCC2CCC(C3CCCC4CCCC43)CC2CC1
C1CCC(CCC2CCC(C3CC3)CC2)CC1
C1CCC2CC(CC3CCCC4CCCC43)CCC2C1
C1CCC2CC(C3CCCC4CCCC43)CCC2C1
C1CCC(CCCCCC2CCCC3C(C4CCCCC4)CCC23)CC1
C1CCC(C2CC3CCCCC3C3CCC4CCCCC4C23)CC1
C1CCC(CCC2CCC3C(CCC3C3CCCCC3)C2)CC1
C1CCC(CCCCCC2CCCC3C(C4CCCCC4)CCC23)CC1
C1CCC(CCC(CCC2CCC3CCCC3C2)CC2CCCCC2)CC1
C1CCC2CCC3C4CCCCC4CC(CC4CCCC4)C3C2CC1
C1CCC(CCCCCC2CCCC3C(C4CCCCC4)CCC23)CC1
C1CCC2CC3CCC4CCCC4C3CCC2C1
C1CCC(CC2CCC3C(CCC3C3CCCCC3)C2)CC1
C1CCC(C2CC3CCCC3C3CCC4CCCCCC4C23)CC1
C1CCC2CC(CCCC3CCC4C3CCCC3C5CCCCC5CCC34)CC2C1
C1CCC(C2CCC3CC4C(CCC32)CCC42CCCC2)CC1
C1CCC(C2CCC3CC(C4CCC(CCCC5CCCC5)CC4)CCC32)CC1
C1CCC(CCCCC2CCC3CCCCC23)CC1
C1CCC(C2CCC3CC4C(CCCCC45CCCC5)CC32)CC1
C1CCC(CCCCCC2CCC3CCCC3C2)CC1
C1CCC(CCCCCC2CCCCC2)CC1
C1CCC(C2CC3CCCCC3C3CCC4CCCCC4C23)CC1
C1CCC(CCCCCC2CCCC3C(C4CCCCC4)CCC23)CC1
C1CCC2CC(CCCC3CCCC4CCCCC43)CC2C1
C1CCC(CCCCC2CC3CCCCC3C2)CC1
C1CCC(CCCCC2CC3CCCCC3C2)CC1
C1CCC2CC(C3CCCC4CCCC43)C3CCCC3C2CC1
C(CCC1CC2CCCCC2C1)CCC1CCCC2CCCC12
C1CCC(C2CC3CCCC3C3CCC4CCCCC4C23)CC1
C1CCC(CCCCCC2CCCCC2)CC1
C(CCCC1CCCC2C(C3CCCCC3)CCC12)CCC1CCCCC1
C1CCC(C2CC3CCCC3C3CCC4CCCCCC4C23)CC1
C1CCC(CCCCCC2CCCCC2)CC1
C1CCC(C2CCC3CC4C(CCCC45CCCCC5)CC32)CC1
C1CCC(C2CC3CCCC3C3CCC4CCCCC4C23)CC1
C(CCC1CCC2C(CCC3C4CCCC4CCC23)C1)CC1CCC(C2CC3CCCC3C3CCC4CCCCC4C23)CC1
C1CCC(C2CCC3CC4C(CCC5C6CCC(CCCC7CCC8CCCCC8C7)C6CCCC45)CC32)CC1
C(CCCCC1CCC(C2CCCCC2)C1)CCCC1CCCCC1
C(CCCC1CCCCC1)CCCC1CCC(CC2CCCCC2)C1
C1CCC(CCCCCC2CC3CCCCC3C2)CC1
C1CCC(CCCCC2CCC3CCCCC23)CC1
C1CCC(CC2CC3CCCCC3C3CCC4CCCCC4C3C2)CC1
C1CCC(CCCCCC2CCC3CCCCC23)CC1
C1CCC(CCCCC2CC3CCCCC3C2)CC1
C1CCC(CC2CC3CCCCC3C3CCC4CCCCC4C23)CC1
C1CCC(C2CCC3CCC4C(CCC45CCCC5)CC32)CC1
C1CCC2C(C1)CCC1CCCCC12
C1CCC2CC(CCCC3CCCC4CCCCC43)CC2C1
C1CCC(CCCCC2CC3CCCCC3C2)CC1
C1CCC(C2CCC3CC4C(CCC5C6CCCC(CCCC7CCC8CCCCC8C7)C6CCC45)CC32)CC1
C1CCC2CC(C3CCCC4CCCC43)CCC2C1
C1CCC(C2CCC(CCCCCC3CCCC4CCCCC34)C2)CC1
C1CCC(CCCCC2CC3CCCCC3C2)CC1
C(CCCC1CCCCC1)CCCC1CCC(C2CCCCC2)C1
C1CCC(C2CCC3CC4C(CCC5C6CCC(CCCC7CC8CCCCC8C7)C6CCC45)CC32)CC1
C1CCC(C2CCCC3C(CCC4CCCCC43)C2)CC1
C(CCCC1CCCCC1)CCCC1CCC(C2CCCCC2)C1
C(CCC1CCCC2CCCC12)CC1CC2CCCCC2C1
C(CCC1CCCC2CCCCC12)CC1CCCC2CCCCC12
C1CCC(CCC2CC3CCCCC3C3CCC4CCCCC4C23)CC1
C(CCCC1CCCC2C(C3CCCCC3)CCC12)CCC1CCCCC1
C1CCC(C2CC3C(CCC4CC4)CCC3C3CCC4CCCCCC4C23)CC1
C(CCCC1(C2CCCC2)CCCC2CCCCC21)CCC1CCC(C2CCCCC2)C1
C1CCC(C2CC3CCCCC3C3CCCCC23)CC1
C1CCC(CCCCC2CC3CCCCC3C2)CC1
C(CCCCC1CCC(C2CCCCC2)C1)CCCC1CCCCC1
C1CCC(C2CC3CCCCC3C3CCC4CCCCC4C23)CC1
C1CCC2CCC3C4CCCC4CCC3C2CC1
C1CCC(CCCCCC2CCCC3C(C4CCCCC4)CCC23)CC1
C1CCC(CCC2CCC3CC2CCC(C2CCCCC2)C2C4CCCCC4CCC32)CC1
C1CCC(C2CCC3CC4C(CCC5C6CCC(CCCC7CCC8CCCCC8C7)C6CCC45)CC32)CC1
C1CCC(CCC2CCC(CCC3CCCC(CC4CCCC4)C3)CC2)CC1
C1CCC(CCC2CCC(C3CCCC4C(CC5CCCCC5)CCC34)C2)CC1
C1CCC(C2CCCC(CC3CC4CCCCC4C4CCC5CCCCC5C34)C2)C1
C1CCC(C2CCC3CC4C(CCC5C6CCCC(CCCC7CC8CCCCC8C7)C6CCC45)CC32)CC1
C1CCC(CCC2CCC3C(CCC3CC3CCCC(CC4CCCC4)C3)C2)CC1
C1CCC(C2CCC(CCCCCC3CCCC4CCCCC34)C2)CC1
C1CCC(CC2CCC3CC4C(CC5CC6CCCCC6C5)CCCC4CC23)CC1
C1CCC(CCC2(CCCC3CCC4CCCCC4C3)CCC3C4CCC5CCCCC5C4CCC32)C1
C1CCC2CC(C3CCCC4CCCC43)CCC2C1
C1CCC(C2CCC3CC4C(CCCC45CCCC5)CC32)CC1
C1CCC(C2CC3CCCC3C3CCC4CCCCC4C23)CC1
C1CCC(C2CCC3CC4C(CCC5C6CCC(CCCC7CCCC8CCCCC87)C6CCCC45)CC32)CC1
C1CCC(CCC2CCC3C(CC4CCCCC4)CCC3C2)CC1
C1CCC2CCC(C3CCCC4CCCC43)CC2CC1
C1CCC(C2CCC3CC4CCCCC4CCC32)CC1
C1CCC(C2CCCCC2CC2CC3CCCCC3C3CCC4CCCCCC4C23)CC1
C(CCCC1CCCCC1)CCCC1CCC(C2CCCCC2)C1
C1CCC(CC2CCC3C(CCC3C3CCCCC3)C2)CC1
C(CCC1CCCCC2CCCCC12)CC1CCC2CCCCC2C1
C1CCC(CC2CC3CCCCC3C3CCC4CCCCC4C23)CC1
C1CCC(CCCCCC2CC3CCCCC3C2)CC1
C(CCCC1CCCC2C(C3CCCCC3)CCC12)CCC1CCCCC1
C1CCC(CC2CCC3CC4C(CCC45CCCCC5)CC23)CC1
C1CCC(CC2CCC3CC4C(CCCC45CCCC5)CC23)CC1
C1CCC(CC2CCCC(CC3CC4CCCCC4C4CCC5CCCCCC5C34)C2)CC1
C1CCC2C(C1)CCC1C3CCCCC3CCC21
C1CCC(C2CC3CCCC3C3CCCC4CCCCC4C23)CC1
C1CCC(CCC2CCC(C3CCC4C(CCC4C4CCCCC4)C3)CC2)CC1
C1CCC2CC(C3CCCC4CCCC43)CCC2C1
C1CCC(C2CC3CCCC3C3CCC4CCCCCC4C23)CC1
C1CCC2C(C1)CCC1C3CCCC3CCC21
C1CCC2CC(CCCC3CCC4C3CCCC3C5CCCCC5CCC34)CC2C1
C1CCC(CC2CC3CCCCC3C3CCC4CCCCC4C23)CC1
C1CCC2C(C1)CCC1C3CCCCC3CCC21
C1CCC2C(C1)CCC1C3CCCC3CCCC21
C1CCC(CC2CC3CCCCC3C3CCC4CCCCC4C23)C1
C1CCC(CCCCC2CC3CCCCC3C2)CC1
C1CCC(CCC2CCC(CCC3CCCC(CC4CCCC4)C3)CC2)CC1
C1CCC(C2CCCC3(CCC4CC5C(CCC5C5CCCCC5)CC43)C2)CC1
C1CCC(CCCC2CCC3C2CCC2C4CC5CCC(C6CCCCC6)C5CC4CCC32)CC1
C(CCC1CCCC2CCCC12)CC1CC2CCCCC2C1
C1CCC(CCC2CC3CCCCC3C3CCC4CCCCC4C23)CC1
C1CCC(CCC2CCCC3CCC4C(CCC4C4CCCCC4)CC23)CC1
C1CCC(CC2CCC3CC4C(CCC45CCCC5)CC23)CC1
C1CCC(C2CCC3C(CCCC4CCCCC43)C2)CC1
C(CCC1CCC2CCCCC2C1)CCC1CCCC2CCCC12
C(CCCC1CCCCC1)CCCC1CCC(C2CCCCC2)C1
C1CCC(CCCCCC2CCC3C2CCC2C4CCCCC4CCC32)CC1
C1CCC(CCCCCC2CCC3CCCCC23)CC1
C(CCCC1CCCCC1)CCCC1CCC(C2CCCCC2)C1
C1CCC2C(C1)CCC1C3CCCC3CCC21
C1CCC2C(C1)CCCC1C2CCC2C3CCCC3CC21
C1CCC2C(C1)CCC1C3CCCC3CCC21
C(CCC1CCC2C1CCC1C3CCCCC3CCC21)CC1CC2CCCCC2C1
C1CCC2C(C1)CC(C1CCCC1)C1CCCC21
C1CCC(CCC2CCC3C(CCC3C3CCCCC3)C2)CC1
C1CCC(CCCCC2CC3CCCCC3C2)CC1
C1CCC(CCCCC2CCC3CCCCC23)CC1
C1CCC(C2CC3CCCCC3C3CCC4CCCCC4C23)CC1
C1CC2CCC3C(CCC4CCCCC43)CC2C1
C1CCC2CC(CC3CCCC4CCCC43)CCC2C1
C1CCC2C(C1)CCC1CCCCC12
C1CCC2CCC(C3CCCC4CCCC43)CC2CC1
C1CCC(CCC2CCCCC3CC4C(CCC4C4CCCCC4)CC23)CC1
C1CCC2CC(C3CCCC4CCCC43)CCC2C1
C1CCC(C2CCC3C(CCCCCC4CCC(C5CCCC5)C4)CCCC23)CC1
C1CCC(CCCCCC2CCCCC2)CC1
C1CCC(C2CC3CCCC3C3CCCC4CCCCC4C23)CC1
C1CCC(C2CCC3CCCC3C3CCC4CCCCC4C23)CC1
C1CCC(CCCCC2CCC3CCC(C4CCCC5CCCC54)CC3C2)CC1
C1CCC2CC(C3CCCC4CCCC43)CCC2C1
C1CCC(CCCCCC2CCCC3C(CC4CCCCC4)CCC23)CC1
C1CCC(CCCC2CCCC(C3CCC4CC(CCC5CCC6CCCCCC6C5)CCC43)C2)CC1
C1CCC(CCCCC2CCC3CCCCC23)CC1
C1CCC(CCCC2(CCCC3CC4CCCCC4C3)CCC3C4CCC5CCCCC5C4CCC32)C1
C1CCC2CC(CCCC3CCC4C3CCC3C5CCCCC5CCC43)CC2C1
C1CCC(CC2CC3CCCCC3C3CCC4CCCCCC4C23)CC1
C1CCC(CCCC2CCC3CCC(C4CCCC5CCCC54)CC3C2)CC1
C1CCC(CCCCCC2CC3CCCCC3C2)CC1
C1CCC(C2CCC3CCC4C(CCC5C6CCCC6CCC45)CC32)CC1
C1CC(C2CCC(C3CC4CCCC4C4CCC5CCCCC5CC34)CC2)C1
C1CCC2C(C1)CCC1C3CCCC3CCC21
C(CCC1CCCC2CCCCC12)CC1CCC2CCCCC2C1
C1CCC(CCCCCC2CC3CCCCC3C2)CC1
C1CCC(CC2CC3CCCCC3C2C2CCCCC2)CC1
C(CCC1CCC2C(CCC3C4CCCC4CCC23)C1)CC1CCC(C2CC3CCCCC3C3CCC4CCCCC4C23)CC1
C1CCC(CCCCC2CC3CCCCC3C2)CC1
C1CCC(CCCCCC2CCC3CCCCC23)CC1
C1CCC(C2CC3CCCC3C3CCCC4CCCCC4C23)CC1
C(CCCC1CCCC2C(C3CCCCC3)CCC12)CCC1CCCCC1
C1CCC(CCCC2CCC3CCC(CC4CCCC5CCCC54)CC3C2)CC1
C(CCC1CCC2CCCCC2C1)CCC1CCCC2CCCC12
C1CCC(CCC2CCC3C(CCC3C3CCCCC3)C2)CC1
C1CCC(CC2CC3CCCCC3C3CCC4CCCCCC4C23)CC1
C1CCC2CCC3C4CCCC4CCC3C2CC1
C1CCC2CCC(C3CCCC4CCCC43)CC2CC1
C1CCC(CCC2CCC3C(CCC3C3CCCCC3)C2)CC1
C1CCC(CCCCC2CC3CCCCC3C2)CC1
C1CCC(CC2CCC3C(CC4CCCCC4)CCC3C2)CC1
C1CCC(C2CC3C(CCC4CCC4)CCC3C3CCC4CCCCC4C23)CC1
C(CCC1(C2CCCC2)CCCC2CCCCC21)CC1CCC2CCCCC2C1
C1CCC2CC(C3CCCC4CCCC43)CCC2C1
C1CCC(CCCC2CCCC(C3CCC4CC(CCCC5CCC6CCCCC6C5)CCC43)C2)CC1
C1CCC(CCCCC2CCC3CCCCC23)CC1
C1CCC(CCCC2CCC3CCC(C4CCCC5CCCC54)CC3C2)CC1
C1CCC2CC(CCCC3CCC4CC5CCC6CCCCC6C5CCC34)CCC2C1
C1CCC(CCC2CCC3C(CCC3C3CCCCC3)C2)CC1
C1CCC2CC(CCCC3CCC4C3CCC3C5CCCCC5CCC43)CC2C1
C1CCC(CC2CC3CCCC3C3CCC4CCCCC4C23)CC1
C1CCC(C2CCC3CC4C(CCC5C6CCCC(CCCC7CC8CCCCC8C7)C6CCC45)CC32)CC1
C1CCC2CCC3C4CCCC4CCC3C2CC1
C1CCC(CCCC2CCCC(C3CCC4CC(CCC5CCC6CCCCC6C5)CCC43)C2)CC1
C1CCC(CCC(CCC2CCC3CCCC3C2)CC2CCCCC2)CC1
C1CCC(C2CC3CCCCC3C3CCCCC23)CC1
C1CCC(CCCCC2CCC3C2CCC2CC4CCCCC4CCC23)CC1
C1CCC(CCCCCC2CC3CCCCC3C2)CC1
C(CCCC1CCCCC1)CCCC1CCC(C2CCCCC2)C1
C1CCC(CCC(CCC2CCC3CCCC3C2)CC2CCCCC2)CC1
C1CCC(C2CCC3CC4C(CCCC45CCC(C4CCCCC4)C(C4CCCCC4)C5)CC32)CC1
C1CCC(C2CCC3C(CCCCCC4CCC(CC5CCCC5)C4)CCCC23)CC1
C(CCCCC1CCC(C2CCCCC2)C1)CCCC1CCCCC1
C1CCC2C(C1)CCC1C3CCCC3CCC21
C1CCC(C2CC3CCCCC3C3CCCCC23)CC1
C1CCC(CCCCCC2CCCC3C(C4CCCCC4)CCC23)CC1
C1CCC(CCCC2CCCC(C3CCC4CC(CCC5CCC6CCCCC6C5)CCC43)C2)CC1
C1CCC(CCC2CCCC3CC4C(CCC23)CCC4C2CCCCC2)CC1
C1CCC(CC2CCC3CC4C(CCC45CCCC5)CC23)CC1
C1CCC(CCCCC2CCC3C2CCC2C4CCCCC4CCC32)C1
C(CCCC1CCCCC1)CCCC1CCC(C2CCCCC2)C1
C1CCC(CCC2CCC3C(CCC3C3CCCCC3)C2)CC1
C(CCC1CCC2C1CCC1C3CCCCC3CCC21)CC1CC2CCCCC2C1
C1CCC(CCCC2CCC3CCC(C4CCCC5CCCC54)CC3CC2)CC1
C1CCC2C(C1)CCCC2CC1CC2CCCCC2C2CCCC12
C(CCC1(C2CCCC2)CCCCC2CCCCC21)CC1CCC2CCCCC2C1
C1CCC(CCC2CCC3C(CCC4C5CCCC5CCC34)C2)CC1
C1CCC(CCC2CCC(CCC3CCCC(CC4CCCC4)C3)CC2)CC1
C1CCC(CCCCC2CC3CCCCC3C2)CC1
C1CCC2C(C1)CCC1C3CCCC3CCCC21
C1CCC(CCCC2CCCC(C3CCC4CC(CCC5CCC6CCCCC6C5)CCC43)C2)CC1
C1CCC(C2CCC3C(CCC4CCCCC43)C2)CC1
C(CCC1CCCC2CCCC12)CC1CC2CCCCC2C1
C1CCC2CCC(C3CCCC4CCCC43)CC2CC1
C1CCC(CC(CC2CCCCC2)C2CCCCC2)CC1
C1CCC(CCC2CCC3C(CCC4CCCCC43)C2)CC1
C(CCC1CCCC2CCCCC12)CC1CCC2CCCCC2C1
C1CCC(CCC2CCC3C(CC4CCCCC4)CCC3C2)CC1
C1CCC(CC2CCC3CC4C(CCC45CCCCC5)CC23)CC1
C1CCC(C2CCCC3CCCC3C3CCC4CCCCC4C23)CC1
C1CCC(CCCCC2CC3CCCCC3C2)CC1
C(CCC1CCCC2CCCCC12)CC1CC2CCCCC2C1
C1CCC(CCC2CCC3C(CCC4C5CCCC5CCC34)C2)CC1
C1CCC(C2CCC3CCCC3C3CCC4CCCCC4C23)CC1
C1CCC2CCC(C3CCCC4CCCC43)CC2CC1
C1CCC(CCC2CCC3C(CCC3C3CCCCC3)C2)CC1
C1CCC(CCCCCC2CC3CCCCC3C2)CC1
C1CCC(CCCCCC2CCCC3C2CCC3C2CCCC(CC3CC3)C2)CC1
C(CCC1CCC2C1CCC1C3CCCCC3CCC21)CC1CCC2CCCCC2C1
C1CCC(CC2CC3CCCCC3CC3CCC4CCCCC4C32)C1
C1CCC(CCCCCC2CC3CCCCC3C2)CC1
C1CCC(C2CCC(CCCCCC3(C4CCCC4)CCCC4CCCCC43)C2)CC1
C1CCC(CCCCCC2CCCC3C(CC4CCCCC4)CCC23)CC1
C1CCC(CCCCC2CC3CCCCC3C2)CC1
C1CCC(CCC2CCC3C(CCC4C5CCCCC5CC(CCC5CCCCC5)C34)C2)CC1
C1CCC(C2CCC3CC4C(CCCC5C6CCC(CCCC7CC8CCCCC8C7)C6CCC45)CC32)CC1
C1CCC2C(C1)CC(C1CCCC1)C1CCCCC21
C1CCC(C2CCC3CC4C(CCCC45CCCC5)CC32)CC1
C1CCC(CCCC2(CCC3CCCC3)CCC3C4CCC5CCCCC5CC4CCC32)C1
C1CCC(C2CCC3CC4CCCCC4CC32)CC1
C1CCC2CC(C3CCCC4CCCC43)CCC2C1
C(CCCC1CCCCC1)CCCC1CCC(C2CCCCC2)C1
C1CCC2C(C1)CCCC2CCC1CC2CCCCC2C2CCC3CCCCC3C12
C1CCC2C(C1)CCC1CCCCC12
C1CCC(CCC2(CCCC3CC4CCCCC4C3)CCC3C4CCC5CCCCC5C4CCCC32)C1
C1CCC(CCCCC2CCC3CCCCC23)CC1
C(CCCC1CCCC2C(C3CCCCC3)CCC12)CCC1CCCCC1
C1CCC(CC2CCC3C(CCC3C3CCCCC3)C2)CC1
C1CCC(CCC2CCCCC2)CC1
C1CCC2CC(C3CCCC4CCCC43)CCC2C1
C1CCC(CCCCCC2CC3CCCCC3C2)CC1
C1CCC2C(C1)CCCC1CCCCC12
C1CCC(C2CCC3CC4C(CCC32)CCC2C3CCC(CCCC5CC6CCCCC6C5)C3CCC42)CC1
C1CCC(CC2CCCC(CCC3CCC(CCC4CCC(C5CC5)CC4)CC3)C2)C1
C1CCC(CCC2CCC(C3CC3)CC2)CC1
C1CCC(CC2CCC3C(CCC3C3CCCCC3)C2)CC1
C1CCC(CC2CCCC(C3CCC4CC(CCC5CCC6CCCCC6C5)CCC43)C2)CC1
C1CCC(CCC2CCCC(C3CCC4CC(CCC5CCC6CCCCC6C5)CCC43)C2)C1
C1CCC(CCCC2CCC3C(CCC4CCCCC43)C2)CC1
C1CCC(CCCCC2CCC3CCCCC23)CC1
C1CCC2C(C1)CCC1CCCCC12
C1CCC(C2CC3CCCC3C3CCC4CCCCC4CC23)CC1
C1CCC(CCC2CCC3C(CCC3C3CCCCC3)C2)CC1
C1CCC(C2CCC(CCCCCC3CCCC4CCCCC34)C2)CC1
C1CCC(C2CC3CCCC3C3CCC4CCCCC4C23)CC1
C1CCC(CC2CC3CCCCC3C3CCC4CCCCCC4C23)CC1
C1CCC(CCCC2(CCC3CCCC3)CCCC3C4CCC5CCCCC5C4CCC32)CC1
C1CCC(C2CC3CCCCC3C3CCC(CCC4CCCC4)CC23)CC1
C(CCC1CCC2CCCCC2C1)CCC1CCCC2CCCCC12
C(CCC1CCCC2CCCCC12)CCC1CCCC2CCCCC12
C(CCC1CC2CCCCC2C1)CCC1CCCC2CCCC12
C1CCC(CCCCC2CC3CCCCC3C2)CC1
C1CCC(C2CCC3C(CCC4CCCCC43)C2)CC1
C1CCC2CCC3C4CCC(CCCC5CCC6CCCCC6C5)C4CCC3C2CC1
C1CCC(CC2CC3CCCCC3C3CCC4CCCCCC4C23)CC1
C1CCC2CC(CCCC3CCC4C3CCC3C5CCCCC5CCC43)CC2C1
C1CCC(CCC(CCC2CCC3CCCC3C2)CC2CCCCC2)CC1
C(CCCC1CCCC2C(C3CCCCC3)CCC12)CCC1CCCCC1
C1CCC2C(C1)CCC1C3CCCC3CCC21
C(CCCC1CCCC2C(C3CCCCC3)CCC12)CCC1CCCCC1
C1CCC(CCC2CCCCC2)CC1
C1CCC(CCCC2CCC3C(CCC3C3CCCCC3)C2)CC1
C(CCCC1CCCC2C(C3CCCCC3)CCC12)CCC1CCCCC1
C1CCC(CCCC(CCC2CCC3CCCC3C2)CC2CCCCC2)CC1
C1CCC(CCCCCC2CC3CCCCC3C2)CC1
C1CCC(C2CCC3CCCC3C3CCC4CCCCC4C23)CC1
C1CCC(CC2CCC3C(CCC3C3CCCCC3)C2)CC1
C1CCC(C2CCC3CCCC3C3CCC4CCCCC4C23)CC1
C1CCC(CCCCCC2CCCC3C(C4CCCCC4)CCC23)CC1
C1CCC2CCC(C3CCCC4CCCC43)CC2CC1
C1CCC(CCC2CCC3C(CCC3C3CCCC(CCCC4CCCC4)C3)C2)CC1
C1CCC(CCCCC2CCC3CCCCC3C2)CC1
C1CCC(CCCCCC2CCCC3C2CCC3C2CCC(CC3CC3)CC2)CC1
C1CCC(CCCC2CCC3C(CCC4C5CCCC5CC(CCC5CCCCC5)C34)C2)CC1
C(CCC1CCCC2CCCCC12)CC1CCCC2CCCCC12
C1CCC(CCCCCC2CCC3CCCC3C2)CC1
C1CCC(C2CCC3CCC4(CCCCC4C4CCCCC4)CCC32)CC1
C1CCC2CCCCC2C(CCCCC2CCCC3CCCCC23)C1
C1CCC(CCCCCC2CCC3CCCCC23)CC1
C1CCC(C2CCC3CC4C(CCCC45CCCC5)CC32)CC1
C1CCC(CC2CCC3C(CC4CCCCC4)CCC3C2)CC1
C1CCC(C2CCC3C(CCC34CCCC4)C3CCC4CCCCC4C23)CC1
C1CCC(CCCCCC2CCCC3C(CC4CCCCC4)CCC23)CC1
C(CCC1CCCC2CCCCC12)CCC1CCCC2CCCC12
C1CCC2C(C1)CCC1C3CCCCC3CCC21
C1CCC2CCC(C3CCCC4CCCC43)CC2CC1
C1CCC(CCC2CCC(CCC3CCCCC(CC4CCCC4)C3)CC2)CC1
C1CCC(CCCCC2CC3CCCCC3C2)CC1
C1CCC(C2CCC(CCCC3CCC4C3CCC3C5CCCCC5CCC43)C2)CC1
C1CCC(CCC(CCC2CCCCC2)CCC2CCC3CCCCC3C2)CC1
C1CCC2C(C1)CCC1CCCCC12
C1CCC2CCC(C3CCCC4CCCC43)CC2CC1
C1CCC(C2CCC3(CCCC4CC5C(CCC5C5CCCCC5)CC43)C2)CC1
C1CCC(C2CCC3CC4C(CCCC5CCC5)CCCC4CC32)CC1
C1CCC(CCCCCC2CCC3CCCCC23)CC1
C1CCC(CCCCC2CCC3CCCCC23)CC1
C1CCC2CC(C3CCCC4CCCC43)CCC2C1
C1CCC(C2CC3CCCC3C3CCC4CCCCC4C23)CC1
C1CCC2C(C1)CCC1C3CCCC3CCC21
C1CCC(CCC2CCC3C(CCC3C3CCCCC3)C2)CC1
C1CCC(CCCC2CCC3C(CCC3C3CCCCC3)C2)CC1
C1CCC(CC2CC3CCCCC3CC3CCC4CCCCC4C32)C1
C1CCC2CCC3C4CCCC4CCC3C2CC1
C1CCC(C2CC3CCCC3C3CCC4CCCCC4C23)CC1
C1CCC(CCC2CCC3C(CCC3C3CCCCC3)C2)CC1
C1CCC(C2CC3CCCC3C3CCC4CCCCC4C23)CC1
C1CCC2C(C1)CCC1C3CCCCC3CCC21
C(CCC1CCCC2CCCCC12)CC1CCC2CCCCC2C1
C(CCC1CCCC2CCCCC12)CC1CCC2CCCCC2C1
C(CCCC1CCCC2C(C3CCCCC3)CCC12)CCC1CCCCC1
C1CCC(C2CCC3CC4C(CCC5C6CCC(CCCC7CC8CCCCC8C7)C6CCCC45)CC32)CC1
C1CCC(CCCCC2CCC3CCC(C4CCCC5CCCC54)CC3C2)CC1
C1CCC(CC2CC3CCCCC3C3CCC4CCCCCC4C23)CC1
C1CCC(CCCCCC2CCCC3C(C4CCCCC4)CCC23)CC1
C1CCC(C2CCC3CCC4C(CCCC45CCCC5)CC32)CC1
C1CCC(CCCCCC2CC3CCCCC3C2)CC1
C1CCC2C(C1)CCC1C3CCCC3CCC21
C1CCC(CCC2CCC3C(CCC4CC(C5CCCCC5)CCC43)C2)CC1
C1CCC(C2CC3CCCC3C3CCC4CCCCC4C23)CC1
C1CCC(C2CCC3CC4C(CCC45CCCCC5)CC32)CC1
C1CCC(CCCCCC2CC3CCCCC3C2)CC1
C1CCC(CCCCCC2CC3CCCCC3C2)CC1
C(CCC1CCCC2CCCCC12)CC1CCC2CCCCC2C1
C1CCC(C2CCC3CC4C(CCCC5C6CCC(CCCC7CCC8CCCCC8C7)C6CCC45)CC32)CC1
C(CCCC1CCCCC1)CCCC1CCC(C2CCCCC2)C1
C1CCC(C2CCC3C(CCC34CCCCC4)C3CCC4CCCCC4C23)CC1
C1CCC(CCCC2CCC3CCC(CC4CCCC5CCCC54)CC3C2)CC1
C1CCC2C(C1)CCC1C3CCCC3CCC21
C1CCC(C2CCC3CC4C(CCCC5C6CCC(CCCC7CCC8CCCCC8C7)C6CCC45)CC32)CC1
C1CCC2CCC3C4CCCC4CCC3C2CC1
C1CCC(CCCCC2CC3CCCCC3C2)CC1
C1CCC2CC(C3CCCC4CCCC43)CCC2C1
C1CCC2C(C1)CCC1C3CCCC3CCC21
C1CCC(CCCCC2CC3CCCCC3C2)CC1
C(CCCC1CCCC2C(C3CCCCC3)CCC12)CCC1CCCCC1
C1CCC(CCCCC2CCC3CCCCC23)CC1
C1CCC(CCCCCC2CCCC3C(C4CCCCC4)CCC23)CC1
C1CCC(C2CC3CCCC3C3CCC4CCCCC4C23)CC1
C1CCC(CCC2CCC3C(CCC3C3CCCCC3)C2)CC1
C1CCC2CCC3C4CCCCC4CC(CC4CCCC4)C3C2CC1
C1CCC(CCC2CCC(CCC3CCCCC(CC4CCCC4)C3)CC2)CC1
C1CCC(CCCCC2CC3CCCCC3C2)CC1
C1CCC(C2CCC3CC4C(CCCC45CCCC5)CC32)CC1
C1CCC(CCC(CC2CC3CCCCC3C2)C2CCC2)CC1
C1CCC(CC2CC3CCCCC3C3CCC4CCCCCC4C23)CC1
C1CCC2CC(CCCC3CCC4C3CCC3C5CCCCC5CCC43)CC2C1
C1CCC(CC2CC3CCCCC3CC3CCC4CCCCC4C32)C1
C1CCC(C2CCCC3(CCC4CC5C(CCC5C5CCCCC5)CC43)C2)CC1
C1CCC(CCCCC2CC3CCCCC3C2)CC1
C1CCC(CCCC2CCC3CCC(C4CCCC5CCCC54)CC3C2)CC1
C1CCC(C2CCC(CCCCCC3CCCC4CCCCC34)C2)CC1
C1CCC2C(C1)CCC1C3CCCC3CCC21
C(CCCC1CCCC2CCCC12)CCC1CCCCC1
C1CCC(C2CC3CCCCC3C3CCCCC23)CC1
C1CCC(CC2CC3CCCCC3C3CCC4CCCCCC4C23)CC1
C1CCC2C(C1)CCC1CCCCC12
C1CCC2CC(CC3CCCC4CCCC43)CCC2C1
C1CCC(CCCCCC2CC3CCCCC3C2)CC1
C(CCC1CCCC2CCCCC12)CC1CCCC2CCCCC12
C(CCC1CCCC2CCCCC12)CC1CC2CCCCC2C1
C1CCC(C2CCC3CC4C(CCC5C6CCCC6CCC45)CC32)CC1
C1CCC(CCC2CCC(CCCC3CCCC(CC4CCCC4)C3)CC2)CC1
C(CCC1CCCC2CCCC12)CC1CC2CCCCC2C1
C1CCC(C2CCC3CC4C(CCCCC45CCCC5)CC32)CC1
C(CCCC1CCCC2C(C3CCCCC3)CCC12)CCC1CCCCC1
C1CCC(CCC2CC3CCCC3C3CCC4CCCCC4C23)CC1
C1CCC2CCC3C4CCCC4CCC3C2CC1
C1CCC(CCCCCC2CCC3C(CCC3C3CCCCC3)C2)CC1
C(CCCC1CCCCC1)CCCC1CCC(C2CCCCC2)C1
C1CCC(CCCC2CCCC(C3CCC4CC(CCC5CCC6CCCCC6C5)CCC43)C2)CC1
C1CCC(CCC2CCC(CCC3CCCC(CC4CCCC4)CC3)CC2)CC1
C1CCC2CCCC(CC3CC4CCCCC4C4CCC5CCCCC5C34)C2CC1
C1CCC(CCC2CCC3C(CCC3C3CCCCC3)C2)CC1
C1CCC(CCC2CCC3C(CCC4C5CCCCC5CCC34)C2)CC1
C1CCC(CCC2CCC(C3CCC4C(CCC4C4CCCCC4)C3)CC2)CC1
C1CCC2CCC(C3CCCC4CCCC43)CC2CC1
C1CCC(CCC(CC2CCCCC2)C2CCCCC2)CC1
C1CCC2CCC3C4CCCC4CC(C4CCC(CCCCC5CCC6C(CCC7C8CCCC8CCC67)C5)CC4)C3C2CC1
C1CCC(CCC2CCC3C(CC4CCCCC4)CCC3C2)CC1
C1CCC(C2CCCC3C(CCC4CCCCC43)C2)CC1
C1CCC(CC2CCC(CC(CC3CCCCC3)C3CCCCC3)CC2)CC1
C(CCC1CCCC2CCCC12)CC1CC2CCCCC2C1
C(CCC1CCCC2CCCCC12)CC1CC2CCCCC2C1
C1CCC(CCC2CCC3C(CC4CCCCC4)CCC3C2)CC1
C(CC1CCC2CCCC2C1)CC1CCCC2CCC(C3CCCC4CCCC43)CC2C1
C1CCC(CCCCC2CC3CCCCC3C2)CC1
C1CCC(CC2CC3CCCCC3C3CCC4CCCCCC4C23)CC1
C(CCCC1CCCCC1)CCCC1CCC(C2CCCCC2)C1
C1CCC2C(C1)CC(C1CCCC3CCCC31)C1CCCCC21
C1CCC(C2CC3CCCCC3C3CCCCC23)CC1
C1CCC(C2CCC3CC4C(CCCC45CCC(C4CCCCC4)C(C4CCCCC4)C5)CC32)CC1
C1CCC(CCC2CCC(CCC3CCCC(CC4CCCC4)C3)CC2)CC1
C1CCC(CCC(CCC2CCC3CCCCC3C2)CC2CCCCC2)CC1
C1CCC(CCC2CCC3C(CCC3C3CCCCC3)C2)CC1
C1CCC(C2CC3CCCC3C3CCC4CCCCC4C23)CC1
C1CCC(CCC2CCC3C(CCC4C5CCCC5CCCC34)C2)CC1
C(CCC1CCCC1)CCC1CCCC2CCCCC12
C1CCC(CCCCC2CC3CCCCC3C2)CC1
C1CCC(CCCC(CCC2CCC3CCCC3C2)CC2CCCCC2)CC1
C1CCC(CCCCC2CCC3CCCCC23)CC1
C1CCC2CC(CCCC3CCC4C3CCC3C5CCCCC5CCC43)CCC2C1
C1CCCC(CCC2CCC(CCC3CCCCC3)CC2)CC1
C1CCC(C2CCC3CC4C(CCC5C6CCCC(CCCC7CC8CCCCC8C7)C6CCC45)CC32)CC1
C1CCC(CCC2CCC3C(CCC4CCCCC43)C2)CC1
C1CCC(CCC2CCC3C(CCC3C3CCCCC3)C2)CC1
C1CCC(CCCCC2CCC3CCCCC23)CC1
C(CCCC1CCCC2C(C3CCCCC3)CCC12)CCC1CCCCC1
C1CCC(CCC2CCC3C(CCC3C3CCCCC3)C2)CC1
C(CCCC1CCCCC1)CCCC1CCC(C2CCCCC2)C1
C1CCC(CCC(CCC2CCC3CCCCC3C2)CC2CCCCC2)CC1
C1CC2CCC3C(CCC4CCC5CCC5C43)C2C1
C(CCCCC1CCC(C2CCCCC2)C1)CCCC1CCCCC1
C1CCC(CC2CCC3C(CCC3C3CCCCC3)C2)CC1
C1CCC2CC(C3CCCC4CCCC43)CCC2C1
C1CCC2CCC3C4CCC(CCCC5CC6CCCCC6C5)C4CCC3C2CC1
C(CCC1(C2CCCC2)CCCC2CCCCC21)CC1CCC2CCCCC2C1
C1CCC2CC(CCCC3CCC4C5CCC6CCCCC6C(CCC34)C5)CC2C1
C1CCC(CCCC2CC3CCCCC3C2CC2CCCCC2)CC1
C1CCC(CCCCC2CCC3CCCCC23)CC1
C(CCC1CCCC2CCCCC12)CCC1CCCC2CCCC12
C1CCC2CC(C3CCCC4CCCC43)CCC2C1
C1CCC(CCCCC2CC3CCCCC3C2)CC1
C1CCC(CCCCCC2CC3CCCCC3C2)CC1
C1CCC(CCCCC2CC3CCCCC3C2)CC1
C1CCC(CCCCC2CC3CCCCC3C2)CC1
C1CCC2C(C1)CCC1CCCCC12
C1CCC(CC2CC3CCCCC3C3CCC4CCCCC4C23)C1
C1CCC2CCC3C(CCC4C5CCCC5CC43)C2CC1
C1CCC(CCCCCC2CC3CCCCC3C2)CC1
C1CCC(C2CCC3C(CCCCCC4CC4)CCCC23)CC1
C1CCC(C2CC3CCCC3C3CCC4CCCCC4C23)CC1
C1CCC(CCCC2CCC(CCC3CCCCC3)CC2)CC1
C1CCC2CCC3C(CCC4C5CCCC5CC43)C2CC1
C1CCC2CCC3C4CCC(CCCC5CC6CCCCC6C5)C4CCC3C2CC1
C1CCC(CCCC2CCC3C(CCC4C5CCCC5CCC34)C2)CC1
C1CCC2CCC(C3CCC4CCCCC43)CC2CC1
C(CCCC1CCCCC1)CCCC1CCC(C2CCCCC2)C1
C1CCC2C(C1)CCC1C3CCCCC3CCC21
C1CCC(CCC2CCC3C(CCC3C3CCCCC3)C2)CC1
C1CCC(CCCCC2CCC3CCCCC23)CC1
C(CCC1(C2CCCC2)CCCC2CCCCC21)CC1CCC2CCCCC2C1
C1CCC(CC2CC3CCCCC3C2CC2CCCCC2)CC1
C1CCC2C(C1)CCC1CCCCC12
C1CCC(C2CC3CCCCC3C3CCCCC23)CC1
C1CCC(CCC2CCCC3CC4C(CC5CCCCC5)CCC4CC23)CC1
C1CCC2CC(C3CCCC3)C3CCCC3C2CC1
C(CCCC1CCCC2CCCCC12)CCC1CCC(C2CCCCC2)C1
C1CCC(C2CC3CCCCC3CC3CCC(CCC4CCCC4)CC32)CC1
C1CCC(CCCCCC2CCC3CCCCC23)CC1
C1CCC2C(C1)CCCC1C3CCCC3CCC21
C1CCC2CC(C3CCCC4CCCC43)CCC2C1
C1CCC2CC(CCCC3CCC4C3CCC3C5CCCCC5CCC43)CC2C1
C1CCC(CCC2CCC3C(CCC3C3CCCCC3)C2)CC1
C1CCC(CC2CC3CCCCC3C3CCC4CCCCC4C23)CC1
C1CCC(CCCC2CCCC3C2CCC2C4CCCCC4CCC32)C1
C1CCC(C2CCC3CC4C(CCCC5CC5)CCCCC4CC32)CC1
C(CCC1CC2CCCCC2C1)CCC1CCCC2CCCC12
C1CCC(CCC2CCC3C(CCC3C3CCCCC3)C2)CC1
C(CCC1CCCC2CCCCC12)CC1CCC2CCCCC2C1
C1CCC2C(C1)CCC1C3CCCC3CCC21
C1CCC2CC(C3CCCC4CCCC43)CCC2C1
C1CCC(CCCCCC2CC3CCCCC3C2)CC1
C1CCC(CC2CCC3CCCCC3C2)C1
C1CCC(CCCC2CCCC3CC4C(CCC4C4CCCCC4)CC23)CC1
C1CCC(CCCCCC2CC3CCCCC3C2)CC1
C1CCC(C2CCC(C3CC4CCCC4C4CCC5CCCCC5C34)CC2)C1
C1CC(CC2CCC(C3CC4CCCC4C4CCC5CCCCC5C34)CC2)C1
C1CCC(CCCCCC2CCCC3C(C4CCCCC4)CCC23)CC1
C(CCC1CCCC2CCCC12)CC1CC2CCCCC2C1
C1CCC(CCCCCC2CCCC3C(C4CCCCC4)CCC23)CC1
C1CCC(CC2CCCC(CC3CC4CCCCC4C4CCC5CCCCC5C34)C2)CC1
C1CCC(CCC2CC3CCCCC3C3CCC4CCCCC4C23)CC1
C1CCC(C2CC3CCCC3C3CCC4CCCCC4C23)CC1
C1CCC(CCCCC2CC3CCCCC3C2)CC1
C1CCC2CCC3C4CCCC4CCC3C2CC1
C1CCC2CCC3C4CCCCC4CC(CC4CCCC4)C3C2CC1
C1CCC(CCC2CCC3C(CCC4C5CCCC5CCC34)C2)CC1
C1CCC(CC2CC3CCCCC3C2C2CCCCC2)CC1
C1CCC(CCCCCC2CC3CCCCC3C2)CC1
C1CCC(CCC2CCC3C(CCC3C3CCCCC3)C2)CC1
C1CCC(CC2CCCC(CCC3CCC(CCC4CCC(C5CCC5)CC4)CC3)C2)C1
C1CCC(CCCC2CCC3CCC(C4CCCC5CCCC54)CC3C2)CC1
C1CCC(CC2CCC3C(CCC3C3CCCCC3)C2)CC1
C1CCC(C2CC3CCCC3C3CCC4CCCCC4C23)CC1
C1CCC2C(C1)CCCC1C3CCCC3CCC21
C1CCC(C2CC3CCCC3C3CCC4CCCCC4C23)CC1
C1CCC(C2CCC(CCCCCC3CCCC4CCCCC34)C2)CC1
C1CCC2C(C1)CCC1C3CCCC3CCC21
C1CCC(CCCC2CCC3CCC(C4CCCC5CCCC54)CC3C2)CC1
C1CCC2CCC3C4CCCCC4CC(CC4CCCC4)C3C2CC1
C(CCCC1CCCCC1)CCC1CCCCC1
C1CCC2CCC(C3CCCC4CCCC43)CC2CC1
C1CCC(CC2CCCCCC23CCC2C(CCC2C2CCCCC2)C3)CC1
C1CCC2CCC3C4CCCC4CCC3C2CC1
C1CCC(CCC2CCC3C(CCC3C3CCCC(CC4CCCC4)C3)C2)CC1
C1CCC(C2CCC3CCC4C(CCC5C6CCC(CCCC7CC8CCCCC8C7)C6CCC45)CC32)CC1
C1CCC2C(C1)CC(C1CCCC3CCCCC31)C1CCCC21
C1CCC2CCC3C4CCC(CCCC5CCCC6CCCCC65)C4CCC3C2CC1
C1CCC2CCC(C3CCCC4CCCC43)CC2CC1
C1CC2CCC3C(CCC4CCCCC43)CC2C1
C1CCC(CCC2CCC(CCCC3CCCC(CC4CCCC4)C3)CC2)CC1
C1CCC(CCCCC2CC3CCCCC3C2)CC1
C1CCC(C2CC3CCCC3C3CCC4CCCCCC4C23)CC1
C1CCC2CCC(C3CCCC4CCCC43)CC2CC1
C1CCC(CCCCCC2CCCC3C(C4CCCCC4)CCC23)CC1
C1CCC(CCCCC2CCC3CCCCC23)CC1
C(CCC1CCC2C1CCC1C3CCCCC3CCC21)CC1CC2CCCCC2C1
C1CCC(CCCCCC2CCCC3C(C4CCCCC4)CCC23)CC1
C1CCC2CC(C3CCCC4CCCC43)CCC2C1
C1CCC(CCCCC2CC3CCCCC3C2)CC1
C1CCC(CCCC2CCC3C2CCC2C4CC5CCC(C6CCCCC6)C5CCC4CCC32)CC1
C1CCC(CC2CC3CCCCC3C3CCC4CCCCC4C23)C1
C1CCC(CCC2CCC3C(CCC3C3CCCCC3)C2)CC1
C1CCC(CCCC2CCC3C(CCC3C3CCCCC3)C2)CC1
C1CCC(CC2CCC3C(CCC3C3CCCCC3)C2)CC1
C1CCC(CCC2CCC(C3CCC4C(CCC4C4CCCCC4)C3)CC2)CC1
C1CCC2CCC3C(CCC4C3CCC4(CCCC3CCC4CCCCC4C3)CCC3CCCC3)C2CC1
C1CCC(CCCC2(CCC3CCCC3)CCC3C4CCCC5CCCCC5C4CCC32)CC1
C1CCC(C2CCC(CCCCCC3(C4CCCCC4)CCC3)C2)CC1
C1CCC2CCC3C(CCC4C5CCCC5CC43)C2CC1
C1CCC(CC2CC3CCCCC3C3CCC4CCCCCC4C23)CC1
C(CCC1CC2CCCCC2C1)CCC1CCCC2CCCC12
C1CCC(CCC2(CCCC3CCC4CCCCC4C3)CCC3C4CCC5CCCCC5C4CCC32)C1
C1CCC(CCC2CC3CCCCC3C3CCC4CCCCC4C23)C1
C1CCC(C2CCC(C3CC4CCCCC4C4CCC5CCCCC5C34)CC2)C1
C1CCC(C2CCC3CC4C(CCC5C6CCC(CCCCC7CC8CCCCC8C7)C6CCC45)CC32)CC1
C1CCC(CCCCC2CC3CCCCC3C2)CC1
C(CCCCC1CCC(C2CCCCC2)C1)CCCC1CCCCC1
C1CCC2CC(C3CCCC4CCCC43)CCC2C1
C1CCC2C(C1)CCC1CCCCC12
C1CCC(C2CC3CCCC3C3CCC4CCCCCC4C23)CC1
C1CCC(C2CCC3CCCC3C3CCC4CCCCC4C23)CC1
C1CCC2CC(CCCC3CCCC4C3CCC3C5CCCCC5CCC43)CC2C1
C1CCC(CCCC2CCC3C(CCC3C3CCCCC3)C2)CC1
C1CCC(C2CC3CCCC3C3CCC4CCCCC4C23)CC1
C1CCC(CC2CCCC(CC3CC4CCCCC4C4CCC5CCCCC5C34)C2)CC1
C1CCC2CC3CCCCC3CCC2C1
C1CCC(CC2CC3CCCCC3C3CCC4CCCCC4C23)C1
C1CCC2CCC3C4CCCCC4CC(CC4CCCC4)C3C2CC1
C1CCC2C(C1)CCC1C3CCCC3CCC21
C(CCCCC1CCC(C2CCCCC2)C1)CCCC1CCCCC1
C1CCC2CC(C3CCCC4CCCC43)CCC2C1
C1CCC2C(C1)CCCC2CCCC1CCCC2CCCCC21
C1CCC(CCC2CCC3C2CCC2C4CCCCC4CCC32)C1
C1CCC(CCCCCC2CC3CCCCC3C2)CC1
C1CCC(CCCCC2CCC3C2CCC2C4CCCCC4CCCC32)CC1
C1CCC(CCCCCC2CCCC3CCCC23)CC1
C1CCC(CCCCCC2CCCC3C(CC4CCCCC4)CCC23)CC1
C1CCC2C(C1)CCC1C3CCCC3CCC21
C1CCC2CC(CCCC3CCCC4C3CCC3C5CCCCC5CCC43)CC2C1
C1CCC2CC(C3CCCC4CCCC43)CCC2C1
C1CCC(CCCCC2CC3CCCCC3C2)CC1
C1CCC(CCCCCC2CCC3CCCCC23)CC1
C1CCC2C(C1)CCCC1C3CCCC3CCC21
C1CCC(CCCCCC2CCC3CCCCC3C2)CC1
C(CCCC1CCCC2C(C3CCCCC3)CCC12)CCC1CCCCC1
C1CCC2CC(CC3CCCC4CCCC43)CCC2C1
C1CCC(CCCC2CCC3C(CCC3C3CCCC3)C2)CC1
C1CCC(CCC2CCC3C2CCC2C4CCCCC4CCC32)C1
C1CCC(CCC2CCC3C(CCC3CC3CCCC(CCC4CCCC4)C3)C2)CC1
C1CCC(CC2CCC3CCCCC3C3CCC4CCCCC4C23)CC1
C1CCC(C2CCC(C3CC4CCCC4C4CCC5CCCCC5C34)CC2)CC1
C1CCC(CC2CC3CCCCC3CC3CCC4CCCCC4C32)C1
C1CCC(C2CCC3CC(C4CCC(CCC5CCCC5)CC4)CCC32)CC1
C1CCC(CCCCCC2CCCC3C(C4CCCCC4)CCC23)CC1
C1CCC(CCCC2CCCC(C3CCC4CC(CCC5CCC6CCCCCC6C5)CCC43)C2)CC1
C1CCC(C2CCC(C3CC4CCCC4C4CCC5CCCCC5C34)CC2)C1
C1CCC(CC2CCC3C(CCC3C3CCCCC3)C2)CC1
C1CCC(CC2CCC3C(CCC3C3CCCCC3)C2)CC1
C(CCCCC1CCC(C2CCCCC2)C1)CCCC1CCCCC1
C1CCC2CCC3C4CCCCC4CCC3C2CC1
C1CCC(CCCCCC2CC3CCCCC3C2)CC1
C1CCC2CCC3C4CCC(CCCC5CC6CCCCC6C5)C4CCC3C2CC1
C1CCC(CCCCCC2CCCC3C(C4CCCCC4)CCC23)CC1
C1CCC2C(C1)CC(C1CCCC3CCCC31)C1CCCCC21
C1CCC(C2CCC3C(CCC4CCCCC43)C2)CC1
C1CCC(C2CCC3C(CCC4CCCCC43)C2)CC1
C1CCC(CCC2CCC3C(CCC4C5CCCC5CCC34)C2)CC1
C1CCC(CC2CCCC(CC3CC4CCCCC4C4CCC5CCCCC5C34)C2)CC1
C1CCC(CC2CC3CCCCC3C3CCC4CCCCC4C23)CC1
C1CCC(CC2CCC3CCCCC3C3CCC4CCCCC4C23)CC1
C1CCC(CCCCCC2CC3CCCCC3C2)CC1
C1CCC(C2CC3CCCC3C3CCC4CCCCC4C23)CC1
C1CCC(CCCC(CCC2CCC3C(CCC3C3CCCCC3)C2)C2CCCCC2)CC1
C1CCC2C(C1)CCC1C3CCCC3CCCC21
C1CCC(C2CC3CCCC3C3CCCC4CCCCC4C23)CC1
C1CCC(CCCCC2CC3CCCCC3C2)CC1
C1CCC(CCCCCC2CC3CCCCC3C2)CC1
C1CCC(CCC(CC2CCCCC2)C2CCCCC2)CC1
C1CCC2CC(CCCC3CCCC4CCCCC43)CC2C1
C1CCC2CC(C3CCCC4CCCC43)C3CCCC3C2CC1
C1CCC(CCC2CCC(CCC3CCCC(CC4CCCC4)C3)CC2)CC1
C1CCC2CCC(C3CCCC4CCCC43)CC2CC1
C1CCC(C2CCC3CC4CCCCC4CCC32)CC1
C1CCC(CCCC2CCC3C(CCC3C3CCCCC3)C2)CC1
C1CCC2C(C1)CCC(C1CCCC1)C1CCCCC21
C1CCC(C2CC3CCCC3C3CCC4CCCCC4C23)CC1
C1CCC2C(C1)CCC1C3CCCC3CCC21
C1CCC(C2CC3C(CCC34CCCC4)C3CCC4CCCCC4C23)CC1
C1CCC(CC2CC3CCCCC3C3CCC4CCCCCC4C23)CC1
C(CCC1CCCC2CCCC12)CC1CC2CCCCC2C1
C1CCC2CCC(C3CCCC4CCCC43)CC2CC1
C1CCC2C(C1)CCC1C3CCCCC3CCC21
C1CCC(C2CCCCC2CC2CC3CCCCC3C3CCC4CCCCCC4C23)CC1
C1CCC(C2CC3CCCC3C3CCC4CCCCC4CC23)CC1
C1CC2CCC3C(CCC4CCCCC43)CC2C1
C1CCC2CCC3C4CCCC4CCC3C2CC1
C1CCC(CCCCCC2CC3CCCCC3C2)CC1
C1CCC2CC(CCCC3CCC4C5CCC6CCCCC6C(CCC34)C5)CC2C1
C1CCC2C(C1)CCC1C3CCCC3CCC21
C1CCC(CCC2CCCCC3CC4C(CCC4C4CCCCC4)CC23)CC1
C(CCC1CCCC2CCCCC12)CC1CCC2CCCCC2C1
C1CCC(CCC2CCC3C(CCC3C3CCCCC3)C2)CC1
C1CCC(CC2CCC3CC4C(CCCC45CCCC5)CC23)CC1
C1CCC(CC2CC3CCCC3C3CCC4CCCCC4C23)CC1
C1CCC(C2CCC3CC4C(CCC5C6CCCC(CCCC7CCC8CCCCC8C7)C6CCC45)CC32)CC1
C(CCC1CCCC2CCCCC12)CCC1CCCC2CCCCC12
C(CCC1CCCC2CCCCC12)CC1CCC2CCCCC2C1
C1CCC2CCC(C3CCCC4CCCC43)CC2CC1
C1CCC2C(C1)CCC1C3CCCC3CCC21
C1CCC(C2CCC3C(CCC4CCCCC43)C2)CC1
C1CCC2CCC(C3CCCC4CCCC43)CC2CC1
C1CCC(CCCCC2CCC3CCCCC23)CC1
C1CCC(CCCCC2CC3CCCCC3C2C2CCCCC2)CC1
C1CCC(CCCC2CCC3CCC(C4CCCC5CCCC54)CC3C2)CC1
C1CCC(C2CCC3CC4C(CCC4C4CCCC4)CC32)CC1
C1CCC2CC3CCC(C4CCCCC4)C3CC2CC1
C1CCC(CC2CCC(CCC(CC3CCCCC3)C3CCCCC3)CC2)CC1
C1CCC(C2CCC3CC4C(CCC5C6CCC(CCCC7CC8CCCCC8C7)C6CCC45)CC32)CC1
C1CCC2CCC3C4CCCCC4CCC3C2CC1
C1CCC(C2CCC3CCCC3C3CCC4CCCCC4C23)CC1
C(CCCC1CCCC2C1CCC2C1CCCC(CC2CC2)C1)CCC1CCCCC1
C1CCC(CCCCC2CC3CCCCC3C2)CC1
C1CCC(CCCC2CCC3C(CCC4C5CCCC5CCC34)C2)CC1
C1CCC(C2CC3CCCC3C3CCC4CCCCC4CC23)CC1
C1CCC(CC2CC3CCCCC3C3CCC4CCCCC4C23)C1
C1CCC(CCC2CCC(C3CC3)CC2)CC1
C1CCC(C2CC3CCCC3C3CCC4CCCCCC4C23)CC1
C1CCC(CCCCCC2CCCC3C2CCC3C2CCC(CC3CCC3)CC2)CC1
C1CCC(CCCCC2CCC3C2CCC2C4CC5CCC(C6CCCCC6)C5CC4CCC32)CC1
C1CCC(CCCCCC2CCC3CCCCC3C2)CC1
C1CCC2C(C1)CCCC1C3CCCC3CCC21
C1CCC(C2CC3CCCC3CC3CCC4CCCCC4C32)CC1
C1CCC(CCCC2CCC3CCC(C4CCCC5CCCC54)CC3C2)CC1
C1CCC2CCC3C4CCCC4CCC3C2CC1
C1CCC(C2CCC3C(CCCCCC4CCC(C5CCCC5)C4)CCCC23)CC1
C1CCC(CCCCC2CC3CCCCC3C2)CC1
C1CCC2C(C1)CCC(C1CCCC1)C1CCCCC21
C1CCC2CCC3C4CCCC4CCC3C2CC1
C1CCC(C2CC3CCCC3C3CCC4CCCCCC4C23)CC1
C1CCC2CCCCC2C(CCCCC2CCCC3CCCCC23)C1
C1CCC(CCCCCC2CCCC3C(C4CCCCC4)CCC23)CC1
C1CCC2CC(C3CCCC4CCCC43)CCC2C1
C1CCC(CC2CCCCC2CC2CC3CCCCC3C3CCC4CCCCC4C23)CC1
C1CCC(C2CCC3CC4C(CCC45CCCCCC5)CC32)CC1
C1CCC(C2CC3CCCCC3C3CCC4CCCCC4C23)CC1
C1CCC(CC2CCC3C(CCC3C3CCCCC3)C2)CC1
C(CCC1CCCC2CCCCC12)CC1CC2CCCCC2C1
C(CCC1CCC2C(CCC3C4CCCCC4CCC23)C1)CC1CCC(C2CC3CCCC3C3CCC4CCCCC4C23)CC1
C1CCC(CCC2CCC3C(CCC3C3CCCCC3)C2)CC1
C1CCC(C2CCC3CC4C(CCCC5C6CCC(CCCC7CCC8CCCCC8C7)C6CCC45)CC32)CC1
C1CCC(C2CC3CCCC3C3CCC4CCCCCC4C23)CC1
C1CCC(C2CC3CCCCC3C3CCC4CCCCC4C23)CC1
C1CCC(CCC(CCC2CCC3CCCCC3C2)CC2CCCCC2)CC1
C1CCC(C2CCC3CC4C(CCC5C6CCCC(CCCC7CCC8CCCCC8C7)C6CCC45)CC32)CC1
C1CCC2C(C1)CCCC1C2CCC2C3CCCC3CC21
C1CCC(CCC2CCC(CCC3CCCC(CC4CCCC4)C3)CC2)CC1
C1CCC(C2CC3CCCC3C3CCC4CCCCC4C23)CC1
C1CCC(C2CCC3CC4C(CCC45CCCC5)CC32)CC1
C1CCC(C2CCC3CCCCC3C3CCCCC23)CC1
C1CCC2CCC3C(CCC4C3CCC4(CCCC3CC4CCCCC4C3)CCC3CCCC3)C2CC1
C1CCC(CCCCCC2CC3CCCCC3C2)CC1
C1CCC(C2CC3CCCC3C3CCC4CCCCC4C23)CC1
C1CCC(CCCCC2CC3CCCCC3C2)CC1
C1CCC(CCC2CCC(C3CC3)CC2)CC1
C1CCC(CCCCCC2CC3CCCCC3C2)CC1
C1CCC2C(C1)CC(C1CCCC3CCCC31)C1CCCC21
C1CCC(CCCC2CCC3C(CCC3C3CCCCC3)C2)CC1
C1CCC(C2CC3CCCC3C3CCC4CCCCC4C23)CC1
C1CCC(CCC2CCC3C(CCC3C3CCCCC3)C2)CC1
C(CCCCC1CCC(C2CCCCC2)C1)CCCC1CCCCC1
C1CCC(CCCCC2CCC3CCC(C4CCCC5CCCC54)CC3C2)CC1
C1CCC(CCCCC2C3CCCCCC3CCC2C2CCCC3CCCC32)CC1
C1CCC(CCCCCC2CCCC3C(C4CCCCC4)CCC23)CC1
C1CCC2CC(CCCC3CCCCC4CCCCC43)CC2C1
C1CCC(C2CCC3CC4C(CC5CC6CCCCC6C5)CCCCC4CC32)CC1
C1CCC(C2CCC3C(CCCC4CCCCC43)C2)CC1
C1CCC(CCC2CCC3C(CCCC4C5CCCC5CCC34)C2)CC1
C1CCC(C2CCC3CC4C(CCCC5C6CCC(CCCC7CC8CCCCC8C7)C6CCC45)CC32)CC1
C1CCC(CCC2CCC3C(CCC3C3CCCC(CC4CCCC4)C3)C2)CC1
C1CCC(CC2CCC3C(CCC3C3CCCCC3)C2)CC1
C(CCC1(C2CCCC2)CCCC2CCCCC2C1)CC1CCC2CCCCC2C1
C1CCC(CCC2CCC3C(CCC3C3CCCCC3)C2)CC1
C1CCC(C2CCC3CC4C(CCC5C6CCC(CCCCC7CC8CCCCC8C7)C6CCC45)CC32)CC1
C1CCC(CCCCC2CC3CCCCC3C2)CC1
C1CCC(CC2CC3CCCCC3C3CCC4CCCCCC4C23)CC1
C1CCC(CCCC2CC3CCCCC3C2C2CCCCC2)CC1
C1CCC(CCCCCC2CCCC3C(C4CCCCC4)CCC23)CC1
C1CCC(CCCCC2CC3CCCCC3C2)CC1
C1CCC(C2CCC3CCC4C(CCC45CCCC5)CC32)CC1
C(CCC1CCCCC2CCCCC12)CC1CCC2CCCCC2C1
C1CCC2C(C1)CCC1C3CCCC3CCC21
C(CCCC1CCCC2CCCCC12)CCC1CCC(C2CCCCC2)C1
C1CCC2CCC(C3CCCC4CCCC43)CC2CC1
C1CCC2CCC3C4CCCC4CCC3C2CC1
C1CCC2C(C1)CCC1C3CCCC3CCC21
C1CCC(C2CC3CCCC3C3CCC4CCCCC4C23)CC1
C1CCC(CCCC2CCC3C(CCC3C3CCCC(CC4CCCC4)C3)C2)CC1
C1CCC(CCC2CCC3C(CCC3C3CCCC(CC4CCCC4)C3)C2)CC1
C1CCC(CCCCC2CCC3CCC(C4CCCC5CCCC54)CC3C2)CC1
C1CCC(C2CCC3C(CCC4CCCCC43)C2)CC1
C(CC1CCC2CCCC2C1)CC1CCC2CCC(C3CCCC4CCCC43)CC2C1
C1CCC(CCCC2CCC3CCCC3C2)CC1
C1CCC(CCC2CCC(C3CCC4C(CCC4C4CCCCC4)C3)CC2)CC1
C1CCC2C(C1)CC(C1CCCC3CCCCC31)C1CCCC21
C1CCC(CC2CC3CCCCC3C3CCC4CCCCC4C23)CC1
C1CCC(CCCCC2CC3CCCCC3C2)CC1
C1CCC2C(C1)CCC1C3CCCC3CCCC21
C1CCC(CCC2CCC(CCC3CCCC(CC4CCCC4)C3)CC2)CC1
C1CCC(CC2CCC3CC4C(CCC45CCCCC5)CC23)CC1
C1CCC(CCC2CCC3C(CCC3C3CCCCC3)C2)CC1
C1CCC(CCCCCC2CCCC3C(C4CCCCC4)CCC23)CC1
C1CCC(C2CCC3CC4C(CCCCC5CC5)CCCC4CC32)CC1
C1CCC(CCCCC2CC3CCCCC3C2)CC1
C1CCC(CCC2CCC3C(CCC3C3CCCCC3)C2)CC1
C1CCC(C2CC3CCCC3C3CCC4CCCCC4C23)CC1
C1CCC2C(C1)CCC1C3CCCC3CCC21
C1CCC(CCC2CCC3C2CCC2CC4CCCCC4CCC23)C1
C1CCC(C2CC3CCCC3C3CCC4CCCCC4C23)CC1
C1CCC2CC(CCCC3CCCC4C3CCC3C5CCCCC5CCC43)CC2C1
C(CCC1CCC2CCCCC2C1)CCC1CCCCC2CCCCC12
C1CCC(CCC2CCC(C3CCC4C(CC5CCCCC5)CCC4C3)CC2)CC1
C1CCC(CCCCC2CC3CCCCC3C2)CC1
C1CCC2CCC(C3CCCC4CCCC43)CC2CC1
C1CCC(CCCCC2CCC3C2CCC2C4CCCCC4CCC32)CC1
C1CCC2CCC3C4CCC(CCCC5CC6CCCCC6C5)C4CCC3C2CC1
C1CCC(C2CCC3C(CCCCCC4CC4)CCCC23)CC1
C1CCC(C2CC3CCCC3C3CCCC4CCCCC4C23)CC1
C1CCC2C(C1)CCC1CCCCC12
C1CCC(C2CCC3CCC4CCCCC4CC32)CC1
C1CCC(CCCC2CCC3CCC(C4CCCC5CCCC54)CC3CC2)CC1
C1CCC2CC(C3CCCC4CCCC43)CCC2C1
C1CCC2CC(CCCC3CCC4C3CCCC3C5CCCCC5CCC34)CC2C1
C1CCC2CCC(C3CCCC4CCCC43)CC2CC1
C1CCC(CC2CCC(CC(CC3CCCCC3)C3CCCCC3)CC2)CC1
C1CCC(C2CCC3CC4C(CCCC45CCCC5)CC32)CC1
C1CCC(CCCCC2CC3CCCCC3C2)CC1
C1CCC(C2CCC3CC4C(CCCC45CCCC5)CC32)CC1
C1CCC(C2CC3CCCC3C3CCCC4CCCCC4C23)CC1
C1CCC(CCCCCC2CC3CCCCC3C2)CC1
C1CCC2CCC3C4CCCC4CCC3C2CC1
C(CCC1CCC2CCCCC2C1)CCC1CCCC2CCCCC12
C(CCC1CCC2C1CCC1C3CCCCC3CCC21)CC1CC2CCCCC2C1
C1CCC(CCC2CCCCC2)CC1
C1CCC2C(C1)CCC1C2CCC2C3CCCC3CC21
C1CCC(C2CCC(CCCCCC3(C4CCCC4)CCCC4CCCCC4C3)C2)CC1
C(CCCC1CCC2CCCC2C1)CCCC1CCC(C2CCCCC2)C1
C1CCC(C2CCC3CCCC3C3CCCC4CCCCC4C23)CC1
C1CCC(C2CC3CCCC3C3CCC4CCCCC4C23)CC1
C1CCC(CCCC2CCCC(C3CCC4CC(CCC5CCC6CCCCC6C5)CCC43)C2)CC1
C(CCC1CCCC2CCCC12)CC1CC2CCCCC2C1
C1CCC(C2CC3CCCCC3C3CCC4CCCCC4C23)CC1
C1CCC(C2CC3CCCC(C3)C3CCC4CCCCC4C32)CC1
C1CCC2CC(C3CCCC4CCCC43)CCC2C1
C1CCC(CCCCCC2CCC3CCCCC23)CC1
C1CCC(C2CC3CCCC3C3CCC4CCCCCC4C23)CC1
C1CCC2C(C1)CCC1CCCCC12
C1CCC(CCC2CCC3C(CCC3C3CCCC(CCC4CCCC4)C3)C2)CC1
C1CCC(CCCCCC2CC3CCCCC3C2)CC1
C1CCC(CCCCC2CC3CCCCC3C2)CC1
C1CCC2CC(CCCC3CCC4C3CCCC3C5CCCCC5CCC34)CC2C1
C1CCC(CCCC(CCC2CCC3CCCC3C2)CC2CCCCC2)CC1
C1CCC(C2CC3CCCC3C3CCC4CCCCCC4C23)CC1
C1CCC2CCC3C(CCC4C3CCC4(CCCC3CC4CCCCC4C3)CCC3CCCC3)C2CC1
C1CCC2CCC3C4CCCCC4CC(CC4CCCC4)C3C2CC1
C1CCC(CCCCCC2CCCC3C(C4CCCCC4)CCC23)CC1
C1CCC2C(C1)CCC1C3CCCC3CCC21
C1CCC(CCCCC2CCC3CCCCC23)CC1
C1CCC2C(C1)CCC1C3CCCC3CCC21
C1CCC(CC2CC3CCCCC3C3CCC4CCCCC4C23)C1
C1CCC(CCC2CCC3C(CCC4C5CCCCC5CC(CCC5CCCCC5)C34)C2)CC1
C1CCC(CCCCC2CCC3CCCCC23)CC1
C1CCC(CCCCC2CC3CCCCC3C2)CC1
C1CCC(CCC2CCC3C(CCC3C3CCCCC3)C2)CC1
C(CC1CCC(C2CCCC2)CC1)CC1CCC2CCCC2C1
C1CCC(CC2CCC3C(CCC3C3CCCCC3)C2)CC1
C(CCC1CCC2CCCCC2C1)CCC1CCCC2CCCCC12
C(CCC1CCCCC2CCCCC12)CC1CCC2CCCCC2C1
C1CCC(C2CCC(CCCC3CCC4C5CCC6CCCCC6C(CCC34)C5)C2)CC1
C1CCC2CCC(C3CCCC4CCCC43)CC2CC1
C1CCC(C2CCCC3C(CCC4CCCCC43)C2)CC1
C1CCC(C2CCC3CC4C(CCC45CCCC5)CC32)CC1
C1CCC2CC(CCCC3CCC4C3CCC3C5CCCCC5CCCC43)CC2C1
C1CCC(CCC2CCC3C(CCC3C3CCCCC3)C2)CC1
C1CCC(CCCCCC2CCCC3C(CC4CCCCC4)CCC23)CC1
C1CCC2C(C1)CCCC1C3CCCC3CCC21
C1CCC2CC(CCCC3CCC4C3CCC3C5CCCCC5CCCC43)CC2C1
C1CCC2CCC3C4CCC(CCC5CCCC5)C4CCC3C2CC1
C1CCC2CC(C3CCCC4CCCC43)CCC2C1
C1CCC(C2CCC3CC4C(CCC5C6CCC(CCCCC7CC8CCCCC8C7)C6CCC45)CC32)CC1
C1CCC2CC(CCCC3CCC4C3CCCC3C5CCCCC5CCC34)CC2C1
C1CCC(CCCCCC2CCC3CCCCC23)CC1
C1CCC(C2CCC3CC4C(CCC5C6CCC(CCCCC7CC8CCCCC8C7)C6CCC45)CC32)CC1
C1CCC2CCC(C3CCCC4CCCC43)CC2CC1
C1CCC2CCC(C3CCCC4CCCC43)CC2CC1
C1CCC(C2CC3CCCC3CC3CCC4CCCCC4C32)CC1
C1CCC2CCC(C3CCCC4CCCC43)CC2CC1
C1CCC2CC(CCCC3CCC4C3CCC3C5CCCCC5CCCC43)CCC2C1
C1CCC(CCCCC2CCC3CCC(CC4CCCC5CCCC54)CC3C2)CC1
C1CCC(C2CC3CCCC3C3CCC4CCCCC4C23)CC1
C1CCC2CCC(C3CCCC4CCCC43)CC2CC1
C1CCC2CC(CCCC3CCC4C3CCC3C5CCCCC5CCC43)CC2C1
C1CCC(CC2CCC3CC4C(CC5CC6CCCCC6C5)CCCC4CC23)CC1
C1CCC(C2CCC3CC4C(CCCCC45CC(C4CCCCC4)C(C4CCCCC4)C5)CC32)CC1
C(CCCCC1CCC(C2CCCCC2)C1)CCCC1CCCCC1
C(CCC1CCC2CCCCC2C1)CCC1CCCC2CCCCC12
C1CCC(C2CCC3CC4C(CCC5C6CCC(CCCCC7CC8CCCCC8C7)C6CCC45)CC32)CC1
C1CCC(CCC2CCCC3CC4C(CC5CCCCC5)CCC4CC23)CC1
C1CCC(C2CCC3CCC4C(CCC45CCCC5)CC32)CC1
C1CCC2C(C1)CCC1CCCCC12
C1CCC2CC(CCCC3CCCC4CCCCC43)CC2C1
C1CCC2CC3CCC(C4CCCCC4)C3CC2CC1
C1CCC(CC2CCC3CCCCC3C3CCC4CCCCC4C23)CC1
C1CCC(CCCCC2CC3CCCCC3C2)CC1
C1CCC(C2CCC3CC4C(CCC5C6CCCC(CCCC7CC8CCCCC8C7)C6CCC45)CC32)CC1
C1CCC(CCCC2CCC3CCC(C4CCCC5CCCC54)CC3C2)CC1
C1CCC(CCC2CCC(CC(CC3CCCCC3)C3CCCCC3)CC2)CC1
C1CCC(C2CC3CCCC3C3CCCC4CCCCC4C23)CC1
C1CCC(CC2CCC3C(CCC3C3CCCCC3)C2)CC1
C(CCCC1CCCCC1)CCC1CCCCC1
C1CCC(C2CC3CCCC3C3CCC4CCCCC4C23)CC1
C1CCC(CCCCC2CCC(C3CCC4C(CCC4C4CCCCC4)C3)CC2)CC1
C1CCC(CCC2CCC3C(CCC3C3CCCCC3)C2)CC1
C1CCC(C2CCC3CC4C(CCCC4C4CCCC4)CC32)CC1
C1CCC2CCC(C3CCCC4CCCC43)CC2CC1
C1CCC(C2CC3CCCC3C3CCC4CCCCC4C23)CC1
C(CCCCC1CCC(C2CCCCC2)C1)CCCC1CCCCC1
C1CCC(CCC2CCC3C(CCC3CC3CCCC(CCC4CCCC4)C3)C2)CC1
C1CCC(CCCCC2CC3CCCCC3C2)CC1
C1CCC(CCCC2CC3CCCCC3C2C2CCCCC2)CC1
C1CCC(CCC2CCC3C(CCC3C3CCCCC3)C2)CC1
C1CCC(CCCCC2CC3CCCCC3C2)CC1
C(CCC1CCCC2CCCCC12)CCC1CCCC2CCCCC12
C1CCC(CCCC2CCC3CCC(C4CCCC5CCCC54)CC3C2)CC1
C(CCCC1CCCCC1)CCC1CCCCC1
C(CCC1CCCC2CCCC12)CC1CC2CCCCC2C1
C1CCC(C2CCC3CCC4C(CCC5C6CCC(CCCC7CCC8CCCCC8C7)C6CCC45)CC32)CC1
C1CCC(C2CC3CCCC3C3CCC4CCCCC4C3C2)CC1
C1CCC(CCCCC2CC3CCCCC3C2)CC1
C1CCC(C2CCCCC2CC2CC3CCCCC3C3CCC4CCCCCC4C23)CC1
C1CCC2C(C1)CCC1C3CCCC3CCC21
C1CCC(C2CC3CCCCC3CC3CCCCC32)CC1
C1CCC(C2CCC3C(CCCCCC4CCC(C5CCCC5)C4)CCCC23)CC1
C1CCC(CCC2CCC3C(CCC3C3CCCCC3)C2)CC1
C1CCC(C2CCC(CCCCCC3CCCC4CCCCC34)C2)CC1
C1CCC(C2CC3CCCC3C3CCCC4CCCCC4C23)CC1
C1CCC(C2CC3CCCC3C3CCC4CCCCCC4C23)CC1
C1CCC(CCCC2CCC(CCC3CCCCC3)CC2)CC1
C1CCC2CC(C3CCCC4CCCC43)CCC2C1
C(CCC1CCCC2CCCCC12)CC1CCCC2CCCCC12
C1CCC(C2CCC3CC4C(CCC5C6CCC(CCCC7CC8CCCCC8C7)C6CCC45)CC32)CC1
C1CCC(C2CCC3CCCC3C3CCC4CCCCC4C23)CC1
C1CCC(C2CC3CCCC3CC3CCC4CCCCC4C32)CC1
C1CCC2C(C1)CCC1C2CCC2C3CCCCC3CC21
C1CCC(C2CCC3CCC4C(CCC5C6CCC(CCCC7CCC8CCCCC8C7)C6CCC45)CC32)CC1
C1CCC(CCCCC2CCCC(C3CCC4CC(CCC5CCC6CCCCC6C5)CCC43)C2)CC1
C1CCC(CCCCCC2CC3CCCCC3C2)CC1
C1CCC2CCC3C4CCCCC4CC(CC4CCCC(C5CCCC5)C4)C3C2CC1
C1CCC(CCCCC2CCC3CCCCC23)CC1
C1CCC(CCC2CCC3C2CCCC(C2CCCCC2)C2C4CCCCC4CCC32)CC1
C1CCC2C(C1)CCC1CCCCC12
C1CCC(CCC2CCCCC2)CC1
C1CCC(CCCCC2CC3CCCCC3C2)CC1
C1CCC(CCCCCC2CCCC3C(C4CCCCC4)CCC23)CC1
C1CCC2CC(C3CCC4CCCCC43)CCC2C1
C1CCC2CC(C3CCCC4CCCC43)C3CCCC3C2CC1
C(CCCC1CCCC2C(C3CCCCC3)CCC12)CCC1CCC(C2CCCC2)C1
C1CCC(CCC2CCC(CCC3CCCC(CCC4CCCC4)C3)CC2)CC1
C1CCC(CCCCC2CC3CCCCC3C2)CC1
C1CCC(CCC2CCC3C(CCC3C3CCCCC3)C2)CC1
C1CCC(CCCCC2CCC3C2CCC2C4CCCCC4CCC32)C1
C1CCC(CCC2CCC(CCC3CCCCC3)CC2)CC1
C1CCC2CCC(C3CCCC4CCCC43)CC2CC1
C1CCC2CCC(C3CCCC4CCCC43)CC2CC1
C(CCC1CCCC2CCCCC12)CC1CC2CCCCC2C1
C1CCC(CCCC23CCCC2CC2C4CCCC5CCCCC5C4CCC23)C1
C1CCC(CCC2CCCC(C3CCC4CC(CCC5CCC6CCCCC6C5)CCC43)C2)C1
C1CCC(CCCCC2CC3CCCCC3C2)CC1
C1CCC(C2CCC(CCCCCC3CCCCC4CCCCC34)C2)CC1
C1CCC(C2CCC3CCCC3C3CCC4CCCCC4C23)CC1
C1CCC(C2CCC3CC4C(CCC45CCCCCC5)CC32)CC1
C1CCC(CCCCCC2CC3CCCCC3C2)CC1
C1CCC(CC2CC3CCCCC3C3CCC4CCCCCC4C23)CC1
C1CCC(C2CCCC3C(CCC4CCCCC43)C2)CC1
C1CCC2C(C1)CCC1C3CCCC3CCC21
C1CCC(C2CC3CCCC3C3CCC4CCCCCC4C23)CC1
C1CCC(C2CCC3CC4C(CCCC4C4CCCC4)CC32)CC1
C1CCC(C2CC3CCCC3C3CCC4CCCCC4C23)CC1
C1CCC2CC(C3CCCC4CCCC43)CCC2C1
C1CCC(CCCCC2CC3CCCCC3C2)CC1
C1CCC(CCC2CC3CCCCC3C3CCC4CCCCC4C23)CC1
C(CCCC1CCCC2CCCC12)CCC1CCC2CCCCC2C1
C1CCC(CCC2CCC(C3CC3)CC2)CC1
C1CCC(CCC2(CCCC3CC4CCCCC4C3)CCC3C4CCC5CCCCC5C4CCC32)C1
C1CCC(CCCCC2CC3CCCCC3C2)CC1
C1CCC(C2CCCC3C(CCC4CCCCC43)C2)CC1
C1CCC(C2CCC3CC4C(CCC32)CCC42CCCC2)CC1
C1CCC(CCCCCC2CC3CCCCC3C2)CC1
C1CCC2CCC(C3CCCC4CCCC43)CC2CC1
C1CCC(CCCCCC2CCC3CCCC3C2)CC1
C1CCC(CCC2CCC3C(CCC4CC(C5CCCCC5)CCC43)C2)CC1
C1CCC(CCCCC2CC3CCCCC3C2)CC1
C1CCC(CCCCCC2CC3CCCCC3C2)CC1
C1CCC(C2CCC3CC4C(CCC32)CCC42CCCCC2)CC1
C1CCC2C(C1)CCC1C3CCCC3CCCC21
C1CCC(C2CCC3CC4C(CCC5C6CCCC(CCCC7CC8CCCCC8C7)C6CCC45)CC32)CC1
C1CCC(CCCCC2CC3CCCCC3C2)CC1
C1CCC2C(C1)CCC1C3CCCC3CCC21
C1CCC(CCCCC2CC3CCCCC3C2)CC1
C1CCC(C2CCC3CC4CCCCC4CC32)CC1
C1CCC(CCCC2CCC3CCC(C4CCCC5CCCC54)CC3CC2)CC1
C1CCC(CCCCC2CCC3CCCCC23)CC1
C1CCC(CCCCCC2CCCC3C(C4CCCCC4)CCC23)CC1
C1CCC2C(C1)CCCC1C3CCCC3CCC21
C1CCC(CCCCCC2CCC3CCCCC23)CC1
C1CCC(C2CCC3CC4C(CCCC45CCCCC5)CC32)CC1
C1CCC(C2CC3C(CCC34CCCC4)C3CCC4CCCCC4C23)CC1
C1CCC(CC2CC3CCCCC3C3CCC4CCCCCC4C23)CC1
C1CCC(C2CC3CCCC3C3CCC4CCCCC4C3C2)CC1
C1CCC(CCCCCC2CCCC3C2CCC3C2CCCC(CC3CC3)C2)CC1
C1CCC2C(C1)CCC1C3CCCCC3CCC21
C1CCC(C2CCC3CCCC3C3CCC4CCCCC4C23)CC1
C(CCCC1CCCCC1)CCC1CCCCC1
C1CCC(CCCCC2CC3CCCCC3C2)CC1
C1CCC(CCC2CCC(C3CCC4C(CCC4C4CCCCC4)C3)CC2)CC1
C1CCC(C2CC3CCCCC3C3CCCCC23)CC1
C1CCC2CCC3C(CCC4C5CCCC5CC43)C2CC1
C1CCC2CC(C3CCCC4CCCC43)CCC2C1
C1CCC2C(C1)CCC1C3CCCC3CCC21
C1CCC2C(C1)CC(C1CCCC3CCCC31)C1CCCC21
C1CCC2C(C1)CCC1C3CCCC3CCCC21
C1CC(C2CCC(C3CC4CCCC4C4CCC5CCCCC5C34)CC2)C1
C1CCC(CCC2CCC3C(CCC3C3CCCCC3)C2)CC1
C1CCC(CCCCCC2CCCC3C(C4CCCCC4)CCC23)CC1
C1CCC(CCCC2CCC3C(CCC4C5CCCC5CCC34)C2)CC1
C1CCC(CCCCC2CC3CCCCC3C2)CC1
C1CCC(C2CCC3C(CCC4CCCCC43)C2)CC1
C1CCC2CC(C3CCCC4CCCC43)C3CCCC3C2CC1
C1CCC(C2CCC(CCCC3CCC4C3CCC3C5CCCCC5CCC43)C2)CC1
C1CCC(CCCCC2CC3CCCCC3C2)CC1
C1CCC(CCC2CCC(CCC3CCCCC3)CC2)CC1
C1CCC2C(C1)CC(C1CCCC3CCCC31)C1CCCC21
C1CCC2C(C1)CCC1C3CCCC3CCC21
C(CCC1CCCC2CCCC12)CC1CC2CCCCC2C1
C1CCC(CC23CCCCCC2CCC2C4CCCC4CCC23)CC1
C1CCC(CCC2CCC3C(CCCC4C5CCCC5CCC34)C2)CC1
C1CCC(CC2CC3CCCCC3C3CCC4CCCCC4C23)CC1
C1CCC(CC2CC3CCCCC3C3CCC4CCCCC4C23)CC1
C1CCC(CCCCC2CC3CCCCC3C2)CC1
C1CCC(CCCC2CCC3CCC(C4CCCC5CCCC54)CC3C2)CC1
C(CCCC1CCCCC1)CCCC1CCC(C2CCCCC2)C1
C1CCC(CC2CCC3CC4C(CCC45CCCC5)CC23)CC1
C1CCC(CCCCC2CCC3C2CCC2C4CCCCCC4CCC32)CC1
C(CCCC1CCCC2C(C3CCCCC3)CCC12)CCC1CCC(C2CCCC2)C1
C1CCC(C2CC3CCCC3C3CCC4CCCCC4C23)CC1
C1CCC2C(C1)CCC1CCCCC12
C1CCC(CCC2CCC(CCCC3CCCC(CC4CCCC4)C3)CC2)CC1
C1CCC(CCCC2CCCC(C3CCC4CC(CCC5CCC6CCCCC6C5)CCC43)C2)CC1
C1CCC(CCCCCC2CC3CCCCC3C2)CC1
C1CCC(CCC2CCC(CCC3CCCC(CC4CCCC4)C3)CC2)CC1
C1CCC(CCC(CCC2CCC3CCCCC3C2)CC2CCCCC2)CC1
C1CCC(CC2CCC(CCC(CC3CCCCC3)C3CCCCC3)CC2)CC1
C1CCC(C2CC3CCCC3C3CCC4CCCCC4C23)CC1
C1CCC(CCCCC2CC3CCCCC3C2)CC1
C1CCC2C(C1)CCC1C3CCCC3CCC21
C1CCC(CC2CC3CCCCC3C3CCC4CCCCC4C23)CC1
C1CCC(CCCC2CC3CCCC3C3CCC4CC(CCC5CCCCC5)CCC4C23)CC1
C1CCC2C(C1)CCC1C3CCCC3CCC21
C1CCC(CC2CCCCC2CC2CC3CCCCC3C3CCC4CCCCCC4C23)CC1
C1CCC(C2CCC3CC4CCCCC4CC32)CC1
C1CCC(CCCC23CCCC2CC2C4CCC5CCCCC5C4CCC23)CC1
C1CCC2CCC3C4CCC(CCCC5CC6CCCCC6C5)C4CCC3C2CC1
C1CCC(CCCCC2CCC3CCCCC23)CC1
C1CCC2C(C1)CCC1C3CCCCC3CCC21
C1CCC(C2CC3CCCC3C3CCC4CCCCC4C23)CC1
C1CCC(CC2CCC(CC(CC3CCCCC3)C3CCCCC3)CC2)CC1
C1CCC(CC2CCC3CC4C(CCC45CCCCC5)CC23)CC1
C1CCC(C2CC3CCCC3C3CCC4CCCCC4C23)CC1
C1CCC(CC2CCC3CC4C(CCC5C6CCC(CCCC7CCCC8CCCCC87)C6CCC45)CC23)CC1
C1CCC2C(C1)CCC1C3CCCC3CCC21
C(CCCC1CCCCC1)CCCC1CCC(C2CCCCC2)C1
C1CCC(C2CCC3CCC4CCCCC4C3CC2)C1
C1CCC(CCC2CCC(C3CCC4C(CCC4C4CCCCC4)C3)CC2)CC1
C1CCC(CCC2CCC3C(CCC4CCCCC43)C2)CC1
C1CCC(CCCC2CCC3CCC(C4CCCC5CCCC54)CC3C2)CC1
C1CCC(CC2CC3CCCCC3C3CCC4CCCCC4C23)C1
C1CCC2CCC(C3CCCC4CCCC43)CC2CC1
C1CCC(CC2CCC(CCCC3CCC4CCCC4C3)CC2)C1
C1CCC(CC2CC3CCCCC3C3CCC4CCCCC4C23)C1
C1CCC(C2CC3C(CCC34CCCC4)C3CCC4CCCCCC4C23)CC1
C(CCCC1CCCCC1)CCCC1CCC(C2CCCCC2)C1
C1CCC(C2CCC3CC4C(CCC5C6CCCC6CCC45)CC32)CC1
C1CCC(CCCC2CCC3C(CCC4CCCCC43)C2)CC1
C1CCC(CCCCC2CCC3CCC(C4CCCC5CCCC54)CC3C2)CC1
C(CCC1CCCC2CCCCC12)CC1CC2CCCCC2C1
C1CCC(C2CC3CCCC3C3CCC4CCCCCC4C23)CC1
C1CCC2C(C1)CCC1C3CCCC3CCC21
C1CCC(C2CCC3CCCC3C3CCC4CCCCC4CC23)CC1
C1CCC(C2CCC3CC4C(CCCC5CC5)CCCC4CCC32)CC1
C1CCC(CCC2CCC3C2CCC(C2CCCCC2)C2C4CCCCCC4CCC32)CC1
C1CCC(CCCCC2CCC3C2CCC2C4CCCCC4CCC32)CC1
C1CCC2C(C1)CCC1C3CCCCC3CCC21
C1CCC2C(C1)CCCC1CCCCC12
C1CCC2CCCCC2C(CCCCC2CCCC3CCCCC23)C1
C1CCC(C2CC3CCCC3C3CCC4CCCCCC4C23)CC1
C1CCC(C2CCC3CCCC3C3CCC4CCCCC4C23)CC1
C1CCC(CC2CCCC(C3CCC4CC(CCC5CCC6CCCCC6C5)CCC43)C2)C1
C(CCCCC1CCC(C2CCCCC2)C1)CCCC1CCCCC1
C1CCC(C2CCC3CC4C(CCC5C6CCCC(CCCC7CCC8CCCCC8C7)C6CCC45)CC32)CC1
C1CCC2C(C1)CC(C1CCCC3CCCC31)C1CCCC21
C1CCC(CCCCC2CCC3CCCCC23)CC1
C1CCC(CC2CCC(C3CC4CCCC4C4CCC5CCCCC5CC34)CC2)CC1
C1CCC(C2CCC3CC4C(CCC45CCCCCC5)CC32)CC1
C1CCC(CCC2CCC3C(CCC4C5CCCC5CC(CCC5CCCCC5)C34)C2)CC1
C1CCC(C2CC3CCCCC3C3CCCCC23)CC1
C1CCC(CCC2CCC3C(CC4CCCCC4)CCC3C2)CC1
C1CCC(C2CCC3CC4C(CCC5C6CCC(CCCCC7CCC8CCCCC8C7)C6CCC45)CC32)CC1
C1CCC(CCCCC2CC3CCCCC3C2)CC1
C1CCC(CCCC2CCC3C(CCC4C5CCCC5CCC34)C2)CC1
C1CCC(CC2CC3CCCCC3C3CCC4CCCCC4C23)C1
C1CCC(C2CCC3CC4C(CCC32)CCC42CCCCC2)CC1
C1CCC(CCC2CCC3C(CCC3C3CCCCC3)C2)CC1
C1CCC(CCC2CCC3C(CCC4C5CCCCC5CC(CCC5CCCCC5)C34)C2)CC1
C1CCC(CCCCC2CC3CCCCC3C2)CC1
C(CCC1CCC2CCCC2C1)CC1CCC(C2CCCC2)CC1
C1CCC(CCCCCC2CC3CCCCC3C2)CC1
C(CCCC1CCCC2C(C3CCCCC3)CCC12)CCC1CCCCC1
C1CCC(C2CC3CCCC3CC3CCC4CCCCC4C32)CC1
C1CCC(CCCCCC2CCC3CCCCC23)CC1
C(CCCC1CCCC2C(C3CCCCC3)CCC12)CCC1CCCCC1
C(CCCCC1CCCC2C(CCC3C4CCCC4CCC23)C1)CCCC1CCCC(CC(CC2CCC(CC3CCCCC3)CC2)C2CCCCC2)C1
C1CCC(CCCCC2CC3CCCCC3C2)CC1
C(CCC1CCCC2CCCC12)CC1CC2CCCCC2C1
C1CCC2CC(C3CCCC4CCCC43)CCC2C1
C1CCC(C2CC3CCCC3C3CCC4CCCCC4C23)CC1
C1CCC2CC(CCCC3CCC4C3CCC3C5CCCCC5CCC43)CCC2C1
C1CCC(CCCCCC2CCCC3C(C4CCCCC4)CCC23)CC1
C1CCC(C2CCC3CCC4C(CCCC45CC(C4CCCCC4)C(C4CCCCC4)C5)CC32)CC1
C1CCC(CCCCCC2CC3CCCCC3C2)CC1
C1CCC(C2CCC3CC4C(CCCC5CCCCCC54)CC32)CC1
C1CCC(CC2CCC3C(CCC3C3CCCCC3)C2)CC1
C1CCC(C2CC3CCCCC3C3CCC4CCCCC4C23)CC1
C1CCC2C(C1)CCC1C3CCCC3CCCC21
C1CCC2C(C1)CCC1C3CCCCC3CCC21
C1CCC2CC(CCCC3CCC4C3CCC3C5CCCCC5CCC43)CCC2C1
C1CCC(CC2CCC3CCCCC3C3CCC4CCCCC4C23)CC1
C1CCC2CC(C3CCCC4CCCC43)CCC2C1
C1CCC(C2CC3C(CCC4CC4)CCC3C3CCC4CCCCCC4C23)CC1
C1CCC(CCCCC2CC3CCCCC3C2)CC1
C1CCC(CCCCCC2CCC3CCCCC23)CC1
C1CCC(C2CC3CCCC3C3CCCC4CCCCC4C23)CC1
C1CCC2CCC(C3CCCC4CCCC43)CC2CC1
C1CCC2CCC(C3CCCC4CCCC43)CC2CC1
C1CCC(C2CC3CCCC3C3CCC4CCCCC4C23)CC1
C1CCC2CC(CCCC3CCC4C3CCC3C5CCCCC5CCC43)CC2C1
C1CCC(C2CCC3C(CCC4CCCCC43)C2)CC1
C1CCC2C(C1)CCC1C2CCC2C3CCCC3CC21
C1CCC(CC2CC3CCCCC3C3CCC4CCCCC4C23)CC1
C1CCC2CC(C3CCCC4CCCC43)CCC2C1
C1CCC(CCC(CC2CC2)CC2CC3CCCCC3C2)CC1
C1CCC(CCCC2CCC3C(CCC3C3CCCCC3)C2)CC1
C(CCC1CCC2CCC(C3CCCC4CCCC43)CC2C1)CC1CCC2CCCC2C1
C1CCC2CC(C3CCCC4CCCC43)CCC2C1
C1CCC(C2CCC3CC4C(CCC5C6CCC(CCCCC7CC8CCCCC8C7)C6CCC45)CC32)CC1
C1CCC2CCC3C4CCCCC4CCC3C2CC1
C1CCC(CCC2CCC3C(CCC4C5CCCC5CC(CCC5CCCCC5)C34)C2)CC1
C(CCC1CC2CCCCC2C1)CCC1CCCC2CCCC12
C1CCC(C2CC3CCCC3C3CCC4CCCCCC4C23)CC1
C1CCC(CCCCCC2CC3CCCCC3C2)CC1
C1CCC(C2CCC3CCCC3C3CCC4CCCCC4C23)CC1
C1CCC(C2CCC3C(CCC4CCCCC43)C2)CC1
C1CCC(C2CCC3CC4C(CCC5C6CCC(CCCC7CCC8CCCCC8C7)C6CCC45)CC32)CC1
C(CCCCC1CCC(C2CCCCC2)C1)CCCC1CCC2CCCC2C1
C1CCC(C2CC3CCCC3C3CCC4CCCCCC4C23)CC1
C1CCC(CCC2CCC3C(CCC3C3CCCCC3)C2)CC1
C1CCC(CC2CC3CCCCC3C3CCC4CCCCC4C23)C1
C1CCC(CCCCCC2CC3CCCCC3C2)CC1
C1CCC2CC(C3CCCC4CCCC43)CCC2C1
C(CCC1CCC2C1CCC1C3CCCCC3CCC21)CC1CC2CCCCC2C1
C(CCC1CCC2C(CCC3C4CCCC4CCC23)C1)CC1CCC(C2CC3CCCC3C3CCC4CCCCC4C23)CC1
C1CCC(CCCCCC2CCCC3C(C4CCCCC4)CCC23)CC1
C1CCC(CCCCC2CC3CCCCC3C2)CC1
C1CCC(C2CCC3CC4C(CCC5C6CCC(CCCC7CCC8CCCCC8C7)C6CCC45)CC32)CC1
C1CCC2CC3CCC4CCCC4C3CCC2C1
C1CCC2CCC(C3CCCC4CCCC43)CC2CC1
C1CCC(CCCCC2CCC3CCCCC23)CC1
C1CCC2CC(CC3CCCC4CCCC43)CCC2C1
C1CCC2C(C1)CCC1C3CCCC3CCC21
C(CCC1CCCCC2CCCCC12)CC1CCC2CCCCC2C1
C1CCC(C2(CCCCC3CCC4CCCCC4C3)CCCC3CCCCC32)CC1
C1CCC(CCC2CCC(C3CCC4C(CCC4C4CCCCC4)C3)CC2)CC1
C1CCC(CC2CCCC(CCC3CCC(CCC4CCC(CC5CC5)CC4)CC3)C2)C1
C1CCC(CC2CC3CCCCC3CC3CCC4CCCCC4C32)C1
C1CCC2C(C1)CCCC1C3CCCC3CCC21
C1CCC2CC(C3CCCC4CCCC43)CCC2C1
C1CCC(C2CCCC3C(CCC4CCCCC43)C2)CC1
C(CCCCC1CCC(C2CCCCC2)C1)CCCC1CCCCC1
C1CCC(CCC2CCC3C(CCC3C3CCCCC3)C2)CC1
C1CCC2CCC(C3CCCC4CCCC43)CC2CC1
C1CCC(C2CCC3CC4C(CCC5C6CCC(CCCC7CC8CCCCC8C7)C6CCC45)CC32)CC1
C1CCC(CCCCCC2CCCC3C(CC4CCCCC4)CCC23)CC1
C1CCC2CC(C3CCCC4CCCC43)CCC2C1
C1CCC2CC(CCCC3CCC4C3CCC3C5CCCCC5CCC43)CC2C1
C(CCC1CCC2C1CCC1C3CCCCC3CCC21)CC1CC2CCCCC2C1
C1CCC(C2CC3CCCCC3C3CCCCC23)CC1
C1CCC(C2CCC3CC4C(CCC45CCCCC5)CC32)CC1
C1CCC(CCC2CCC(CC3CCC4C(CCC4C4CCCCC4)C3)CC2)CC1
C1CCC(CCC2CCC(C3CC3)CC2)CC1
C1CCC2C(C1)CCC1C3CCCCC3CCC21
C1CCC2CCC3C4CCCC4CCC3C2CC1
C1CCC(CCCC2CCC3CCC(CC4CCCC5CCCC54)CC3C2)CC1
C1CCC(CC2CCC3C(CC4CCCCC4)CCC3C2)CC1
C1CCC(CCC2CCC3C(CCC3C3CCCCC3)C2)CC1
C1CCC(C2CC3CCCCC3C3CCCCC23)CC1
C1CCC(C2CC3CCCC3C3CCC4CCCCCC4C23)CC1
C1CCC(C2CC3CCCC3C3CCC4CCCCCC4C23)CC1
C1CCC2CCC(C3CCCC4CCCC43)CC2CC1
C1CCC(CCCCCC2CCC3CCCCC23)CC1
C1CCC(C2CC3CCCCC3C3CCC4CCCCC4C23)CC1
C1CCC(CCCCCC2CCC3CCCCC23)CC1
C1CCC(CC2CC3CCCCC3C3CCC4CCCCC4C23)CC1
C1CCC(CCC2CCC3C(CCC3C3CCCCC3)C2)CC1
C1CCC2CC(CCCC3CCC4C3CCC3C5CCCCC5CCC43)CC2C1
C1CCC(C2CC3CCCC3C3CCCC4CCCCC4C23)CC1
C(CCCCC1CCC(C2CCCCC2)C1)CCCC1CCCCC1
C(CCCC1CCCCC1)CCCC1CCC(C2CCCCC2)C1
C1CCC2CC(C3CCCC4CCCC43)CCC2C1
C1CCC2C(C1)CCC1C3CCCC3CCC21
C1CCC(C2CC3CCCCC3C3CCC4CCCCC4C23)CC1
C1CCC(C2CCC3CC4C(CCCC45CCCC5)CC32)CC1
C1CCC(CC2CCC3CCCCC3C3CCC4CCCCC4C23)CC1
C1CCC(CCC2CCC3C(CCC3C3CCCCC3)C2)CC1
C1CCC(CC2CCC3CC4(CCCCC4C4CCCCC4)CCC23)CC1
C1CCC(C2CCC3CC4C(CCC45CCCCCC5)CC32)CC1
C(CCC1CCC(C2CC3CCCC3C3CCC4CCCCC4C23)CC1)CCC1CCC2C(CCC3C4CCCC4CCC23)C1
C1CCC(CCCCCC2CC3CCCCC3C2)CC1
C1CCC(C2CC3CCCC3C3CCC4CCCCC4C23)CC1
C1CCC(CC2CC3CCCCC3C3CCC4CCCCCC4C23)CC1
C1CCC2CC(CCCC3CCC4C3CCCC3C5CCCCC5CCC34)CC2C1
C1CCC(CCCCCC2CCCC3C(CC4CCCCC4)CCC23)CC1
C1CCC2CC(CCCC3CCC4C3CCC3C5CCCCC5CCC43)CCC2C1
C1CCC(CCC2CCC(CCC3CCCC(CCC4CCCC4)C3)CC2)CC1
C1CCC2CCC3C4CCC(CCCC5CC6CCCCC6C5)C4CCC3C2CC1
C(CCC1CCC2C1CCC1C3CCCCC3CCC21)CC1CCC2CCCCC2C1
C1CCC(CCCCCC2CCCC3C(CC4CCCCC4)CCC23)CC1
C1CCC2CCC3C4CCCC4CC(C4CCC(CCCCC5CCC6C(CCC7C8CCCC8CCC67)C5)CC4)C3C2CC1
C1CCC(CCC2CCC3C(CCC3C3CCCCC3)C2)CC1
C1CCC2C(C1)CCC1CCCCC12
C(CCCC1CCCC2C(C3CCCCC3)CCC12)CCC1CCCCC1
C1CCC(CCCCCC2CCC3CCCCC23)CC1
C1CCC(CCC2CCC3C(CC4CCCCC4)CCC3C2)CC1
C(CCCC1CCCCC1)CCCC1CCC(C2CCCCC2)C1
C1CCC2CCC3C4CCC(CCCC5CC6CCCCC6C5)C4CCC3C2CC1
C1CCC(CCCCCC2CC3CCCCC3C2)CC1
C1CCC(CCC2CCC3C(CCC4C5CCCC5CC(CCC5CCCCC5)CC34)C2)CC1
C1CCC(CCC2CCC3C(CC4CCCCC4)CCC3C2)CC1
C(CCCC1CCCCC1)CCCC1CCC(C2CCCCC2)C1
C1CCC(CC2CC3CCCCC3C3CCC4CCCCCC4C23)CC1
C(CCCC1CCCC2C(C3CCCCC3)CCC12)CCC1CCCCC1
C1CCC(CCCCCC2CCCC3C(CC4CCCCC4)CCC23)CC1
C1CCC(CCC2CCC3C(CCC3C3CCCC(CCC4CCCCC4)C3)C2)CC1
C(CCCCC1CCC(C2CCCCC2)C1)CCCC1CCCCC1
C1CCC(C2CC3CCCCC3C3CCC4CCCCC4C23)CC1
C1CCC(CCCCC2CC3CCCCC3C2)CC1
C1CCC(C2CCC3CCC4(CCCCC4)C3C2)CC1
C1CCC(CCCCCC2CC3CCCCC3C2)CC1
C1CCC2CCCC(CC3CC4CCCCC4C4CCC5CCCCC5C34)C2CC1
C1CCC(C2CCC3C(CCCC4CCCCC43)C2)CC1
C1CCC(CCCC2CCC(C3CCC4C(CCC4C4CCCCC4)C3)CC2)CC1
C1CCC(CC2CC3CCCCC3C3CCC4CCCCCC4C23)CC1
C1CCC(CC2CC3CCCCC3C3CCC4CCCCC4C23)CC1
C(CCCC1CCCCC1)CCCC1CCC(C2CCCCC2)C1
C1CCC(CCC(CCC2CCC3CCCC3C2)CC2CCCCC2)CC1
C1CCC(CC2CC3CCCCC3C3CCC4CCCCC4C23)C1
C1CCC2C(C1)CCCC2CCCC1CCCC2CCCCC21
C1CCC2CCC3C(CCC4C5CCCC5CC43)C2CC1
C1CCC2CCC3C4CCCCC4CC(CC4CCCC4)C3C2CC1
C1CCC2CCC3C4CCCC4CCC3C2CC1
C1CCC(CCC2CCC3C(CCC3C3CCCCC3)C2)CC1
C(CCC1CCCC2CCCC12)CC1CC2CCCCC2C1
C1CCC(CC2CC3CCCCC3CC3CCC4CCCCC4C32)CC1
C1CCC(C2CCC3CCCCC3C3CCCCC23)CC1
C1CCC(C2CCC3CCC4CCCCC4C3CC2)CC1
C1CCC(CCC2CCC(CCC3CCCC(CCC4CCCC4)C3)CC2)CC1
C1CCC2CCC(C3CCCC4CCCC43)CC2CC1
C1CCC(C2CCC(CCCCCC3CCCC4CCCCC34)C2)CC1
C1CCC(CCC2CCC3C(CCC3C3CCCCC3)C2)CC1
C1CCC(CCCCCC2CC3CCCCC3C2)CC1
C1CCC2CC(C3CCCC4CCCC43)CCC2C1
C1CCC(C2CC3CCCC3C3CCC4CCCCC4C23)CC1
C1CCC(CC2CC3CCCCC3C3CCCCC23)CC1
C1CCC2C(C1)CC(C1CCCC3CCCC31)C1CCCC21
C1CCC(CC2CC3CCCCC3C3CCC4CCCCCC4C23)CC1
C1CCC(CCCC2CC3CCCCC3C2C2CCCCC2)CC1
C1CCC2CC(CCCC3CCC4C3CCCC3C5CCCCC5CCC34)CC2C1
C1CCC(C2CC3CCCC3C3CCC4CCCCC4C23)CC1
C1CCC(CCC2CCC3C(CCC3C3CCCCC3)C2)CC1
C1CCC(CC2CCC3CC4C(CCCC45CCCC5)CC23)CC1
C(CCC1CCCC2CCCC12)CC1CC2CCCCC2C1
C1CCC2CC(CC3CCCC4CCCC43)CCC2C1
C1CCC(C2CCC3CC4C(CCC45CCCCCC5)CC32)CC1
C1CCC(C2CCC3CC4(CCCCCC4C4CCCCC4)CCCC32)CC1
C1CCC(CCC2CCC3C(CCC3C3CCCCC3)C2)CC1
C1CCC(C2CCC3CCCC3C3CCC4CCCCC4C23)CC1
C1CCC(CCCCCC2CC3CCCCC3C2)CC1
C1CCC(C2CCC(CCCCCC3CCCC4CCCCC34)C2)CC1
C1CCC(CCCC2CCC3CCCC3C2)CC1
C1CCC(CCCCCC2CC3CCCCC3C2)CC1
C1CCC2C(C1)CC(C1CCCC3CCCC31)C1CCCCC21
C1CCC(CCCCC2CC3CCCCC3C2)CC1
C1CCC(CCCC2CCCC3CCC(C4CCCC5CCCC54)CC3C2)CC1
C(CCC1CCC2CCCCC2C1)CCC1CCCC2CCCCC12
C1CCC(CCC2(CCCC3CC4CCCCC4C3)CCC3C4CCC5CCCCC5C4CCC32)C1
C1CCC(CC2CCC3C(CCC3C3CCCCC3)C2)CC1
C1CCC(CCCCCC2CCCC3C(C4CCCCC4)CCC23)CC1
C1CCC(CCCCCC2CC3CCCCC3C2)CC1
C1CCC(C2CCC3CCC4(CCCCCC4)C3C2)CC1
C1CCC(CCC2CCC3C(CCCC4CCCCC43)C2)CC1
C1CCC(C2CC3CCCC3C3CCC4CCCCC4C23)CC1
C1CCC(CCC2CCC3C(CCC4C5CCCC5CC(CCC5CCCCC5)C34)C2)CC1
C1CCC(CCC2CCCC3CC4C(CC5CCCCC5)CCC4CC23)CC1
C1CCC(C2CC3CCCC(C3)C3CCC4CCCCC4C32)CC1
C1CCC(C2CC3CCCCC3C3CCC(CCC4CCCC4)CC3C2)CC1
C(CCC1CCCC2CCCCC12)CC1CC2CCCCC2C1
C1CCC(CCCC2CCC3C2CCC2C4CC5CCC(C6CCCCC6)C5CC4CCCC32)CC1
C1CCC(CCC2CCC3C(CC4CCCCC4)CCC3C2)CC1
C1CCC(CCC2CCC3C(CCC3C3CCCCC3)C2)CC1
C1CCC(CCCCCC2CCCC3C(CC4CCCCC4)CCC23)CC1
C1CCC(CCCC2CCC3C(CCC3C3CCCCC3)C2)CC1
C1CCC(CC2CCC3C(CCC3C3CCCCC3)C2)CC1
C1CCC(CCCCC2CCC(C3CCC4C(CCC4C4CCCCC4)C3)CC2)CC1
C1CCC2C(C1)CCC1CCCCC12
C1CCC(CCCCC2CC3CCCCC3C2)CC1
C1CCC(C2CC3CCCC3C3CCC4CCCCCC4C23)CC1
C1CCC(CC2CC3CCCCC3CC3CCC4CCCCC4C32)CC1
C1CCC2C(C1)CCC1C3CCCC3CCC21
C1CCC(C2CC3CCCC3C3CCC4CCCCCC4C23)CC1
C1CCC(CCCC2CC3CCCCC3C2C2CCCCC2)CC1
C(CCCC1CCCC2C(C3CCCCC3)CCC12)CCC1CCCCC1
C1CCC(C2CC3CCCCC3C3CCCCC23)CC1
C1CCC(CCC(CC2CC3CCCCC3C2)C2CC2)CC1
C1CCC(CC2CCC3CC4C(CCC5C6CCC(CCCC7CCC8CCCCC8C7)C6CCC45)CC23)CC1
C1CCC(CCCCC2CCC3C2CCC2C4CCCCC4CCC32)CC1
C1CCC2CCC3C4CCCC4CCC3C2CC1
C1CCC(CCC2CCC3C(CCCC4CCCCC43)C2)CC1
C1CCC(CCCC(CC2CCC3C(CC4CCCCC4)CCC3C2)C2CCCCC2)CC1
C(CCCC1CCCCC1)CCC1CCCCC1
C1CCC(CCC2CCC3C(CCC3C3CCCCC3)C2)CC1
C1CCC(C2CC3CCCC3C3CCC4CCCCCC4C23)CC1
C1CCC(C2CC3CCCC3C3CCC4CCCCCC4C23)CC1
C1CCC2CC(C3CCCC4CCCC43)CCC2C1
C1CCC2CC(CC3CCCC4CCCC43)CCC2C1
C1CCC(CC2CC3CCCCC3CC3CCC4CCCCC4C32)CC1
C1CCC(CCC2CCCCCC23CCC2C(CCC2C2CCCCC2)C3)CC1
C(CCCC1CCCC2C(C3CCCCC3)CCC12)CCC1CCCCC1
C1CCC(CC2CCC3C(CC4CCCCC4)CCC3C2)CC1
C1CCC(CC2CCC(CC(CC3CCCCC3)C3CCCCC3)CC2)CC1
C1CCC(CCCC2CCC3CCC(C4CCCC5CCCC54)CC3C2)CC1
C1CCC(CCCCC2CC3CCCCC3C2)CC1
C1CCC2C(C1)CCC1C3CCCC3CCC21
C1CCC2C(C1)CCC1C3CCCC3CCC21
C1CCC2C(C1)CCC1C2CCC2C3CCCC3CC21
C1CCC(CCCCC2CC3CCCCC3C2)CC1
C1CCC(CCCC2(CCCC3CC4CCCCC4C3)CCC3C4CCC5CCCCC5C4CCC32)C1
C1CCC2C(C1)CCC1C3CCCC3CCC21
C(CCCC1CCC2CCCC2C1)CCCC1CCC(C2CCCCC2)C1
C1CCC2CC(C3CCCC4CCCC43)CCC2C1
C1CCC(CCC2CCC3C(CCC3C3CCCCC3)C2)CC1
C1CCC2CC(C3CCCC4CCCC43)C3CCCC3C2CC1
C1CCC(C2CCC3C(CCCC4CCCCC43)C2)CC1
C1CCC(CCCC2CCC3C2CCC2C4CC5CCC(C6CCCCC6)C5CC4CCC32)CC1
C1CCC2C(C1)CCC1C3CCCC3CCCC21
C1CCC(CCC(CC2CC3CCCCC3C2)C2CCC2)CC1
C1CCC(CCCC(CC2CC3CCCCC3C2)C2CCCC2)CC1
C(CCCC1CCCC2C(C3CCCCC3)CCC12)CCC1CCC(C2CCCC2)C1
C(CCC1CCCC2CCCCC12)CC1CCC2CCCCC2C1
C1CCC(C2CCC3CC4C(CCC5C6CCCC(CCCC7CC8CCCCC8C7)C6CCC45)CC32)CC1
C1CCC2CCC(C3CCCC4CCCC43)CC2CC1
C(CCC1CCCC2CCCCC12)CC1CCC2CCCCC2C1
C1CCC(CC2CC3CCCCC3C3CCC4CCCCC4C23)C1
C1CCC(CCC2CCC3C(CCC4C5CCCC5CC(CCC5CCCCC5)C34)C2)CC1
C1CCC2C(C1)CCC1C3CCCC3CCCC21
C1CCC(C2CCC(CCCCCC3(C4CCCCC4)CCC3)C2)CC1
C1CCC2C(C1)CCC1C3CCCC3CCC21
C1CCC(CCC2CCC3C(CCC3C3CCCCC3)C2)CC1
C1CCC2CCC(C3CCCC4CCCC43)CC2CC1
C1CCC2C(C1)CCC1C2CCC2C3CCCC3CC21
C(CCC1CCCC2CCCCC12)CC1CC2CCCCC2C1
C1CCC(C2CCC3CC4C(CCC32)CCC42CCCCC2)CC1
C1CCC(CC2CCCCC2CC2CC3CCCCC3C3CCC4CCCCC4C23)CC1
C1CCC2CC(C3CCCC4CCCC43)CCC2C1
C1CCC2CC(CCCC3CCC4C3CCC3C5CCCCC5CCCC43)CC2C1
C1CCC(C2CCC3CCCC3C3CCC4CCCCC4C23)CC1
C1CCC(CCCC(CC2CC3CCCCC3C2)C2CC2)CC1
C1CCC(C2CC3C4CCCCC4CCC3C3CCC4(CCCC4)C3C2)CC1
C1CCC(CC2CCCCC2CC2CC3CCCCC3CC3CCC4CCCCC4C32)CC1
C1CCC(C2CCC3CC4CCCCC4CCC32)CC1
C(CCCC1CCCC2C(C3CCCCC3)CCC12)CCC1CCCCC1
C1CC2CCC3C(CCCC4CCC5CC5C43)C2C1
C1CCC(CCC2CCC(CCC3CCCC(CC4CCCC4)C3)CC2)CC1
C1CCC2C(C1)CCCC1C2CCC2C3CCCC3CC21
C1CCC(CC2CCC3C(CC4CCCCC4)CCC3C2)CC1
C(CCC1CCCC2CCCC12)CC1CC2CCCCC2C1
C1CCC(CCCCC2CCC3CCCCC23)CC1
C1CCC(CCCCCC2CCC3CCCCC23)CC1
C1CCC(C2CC3CCCCC3C3CCCCC23)CC1
C1CCC(CCCCCC2CCC3C(CCC3C3CCCCC3)C2)CC1
C1CCC(CCCCCC2CCC3C(CCC3C3CCCCC3)C2)CC1
C1CCC2CC(C3CCCC3)CCC2C1
C1CCC(C2CCC3CC4C(CCC45CCCCCC5)CC32)CC1
C1CCC2CC(C3CCCC4CCCC43)CCC2C1
C(CCC1CCCC2CCCC12)CC1CC2CCCCC2C1
C1CCC(CCCCC2CC3CCCCC3C2)CC1
C1CCC(CCCCCC2CCC3CCCCC23)CC1
C1CCC(C2CCC3C(CCCCCC4CCC(CC5CCCC5)C4)CCCC23)CC1
C(CCC1CC2CCCCC2C1)CCC1CCCC2CCCC12
C1CCC(CCCCC2CC3CCCCC3C2)CC1
C1CCC(CCCCCC2CCCC3C(C4CCCCC4)CCC23)CC1
C1CCC(C2CCC3CC4(CCCCC4C4CCCCC4)CCC32)CC1
C1CCC(CCCCC2CCC3CCC(C4CCCC5CCCC54)CC3C2)CC1
C1CCC2CCC(C3CCCC4CCCC43)CC2CC1
C1CCC(C2CC3CCCC3C3CCC4CCCCC4C23)CC1
C(CCC1CCCC2CCCC12)CC1CCCC2CCCCC12
C1CCC(CCC2(CCCC3CCC4CCCCC4C3)CCC3C4CCC5CCCCC5C4CCC32)C1
C1CCC2CC(CCCC3CCC4C3CCC3C5CCCCC5CCC43)CC2C1
C1CCC(CCC2CCC(C3CCC4C(CCC4C4CCCCC4)C3)CC2)CC1
C1CCC(CC2CC3CCCCC3C3CCC4CCCCC4C23)CC1
C1CCC(CCCCCC2CCC3CCCCC23)CC1
C1CCC(C2CCC3CCC4C(CCC45CCCC5)CC32)CC1
C1CCC(CC2CCC(CCC(CC3CCCCC3)C3CCCCC3)CC2)CC1
C1CCC(CCCC2CCC3C2CCC2C4CC5CCC(C6CCCCC6)C5CC4CCC32)CC1
C1CCC2C(C1)CCCC1C3CCCC3CCC21
C(CCCC1CCCCC1)CCCC1CCC(C2CCCCC2)C1
C1CCC(CCC2CCC3C2CCC(C2CCCCC2)C2C4CCCCC4CCCC32)CC1
C1CCC(CCC2CCC3C(CCC4C5CCCC5CCC34)C2)CC1
C1CCC(CCC2CCC(C3CCC4C(CCC4C4CCCCC4)C3)CC2)CC1
C(CCCC1CCCCC1)CCCC1CCC(C2CCCCC2)C1
C1CCC(CCC2CCC(CCC3CCCC(CC4CCCC4)C3)CC2)CC1
C(CCC1CCCC2CCCCC12)CC1CCC2CCCCC2C1
C(CCC1CC2CCCCC2C1)CCC1CCCC2CCCC12
C1CCC(CCC(CCC2CCCCC2)CCC2CCC3CCCC3C2)CC1
C1CCC(CCCCC2CCC3CCCCC23)CC1
C(CCCC1CCCC2C(C3CCCCC3)CCC12)CCC1CCCCC1
C1CCC(C2CCC3C(CCC4CCCCC43)C2)CC1
C1CCC(C2CC3CCCCC3C3CCCCC23)CC1
C1CCC(CCCCCC2CC3CCCCC3C2)CC1
C1CCC2C(C1)CCC1CCCCC12
C1CC2CCC3C(CCC4CCC5CCC5C43)C2C1
C1CCC(CC2CC3CCCCC3C3CCC4CCCCCC4C23)CC1
C1CCC(CCC2CCC(CCC3CCCCC(CC4CCCC4)C3)CC2)CC1
C(CCCCC1CCC(C2CCCCC2)C1)CCCC1CCCCC1
C1CCC(C2CCC3(CCC4CC5C(CCC5C5CCCCC5)CCC43)C2)CC1
C1CCC(CCCCC2CC3CCCCC3C2)CC1
C1CCC(CCC(CC2CC3CCCCC3C2)C2CCC2)CC1
C1CCC2C(C1)CCC1CCCCC12
C1CCC(CCCCCC2CCCC3C(C4CCCCC4)CCC23)CC1
C1CCC(CCC2CCC(CCC3CCCC(CC4CCCC4)CC3)CC2)CC1
C1CCC2CCC3C(CCC4C3CCC4(CCCC3CCCC3)CCC3CCCC3)C2CC1
C1CCC2CCC3C4CCC(CCCC5CC6CCCCC6C5)C4CCC3C2CC1
C1CCC(C2CC3CCCC3C3CCC4CCCCC4C23)CC1
C1CCC2C(C1)CCCC2CCCC1CCCC2CCCCC21
C1CCC(C2CCCC3C(CCC34CCCC4)C3CCC4CCCCC4C23)CC1
C1CCC2C(C1)CCC1C3CCCCC3CCC21
C1CCC(CCC2CCC3C(CCC3C3CCCCC3)C2)CC1
C1CCC2C(C1)CCC1C3CCCC3CCC21
C(CCCC1CCCCC1)CCCC1CCC(C2CCCCC2)C1
C1CCC(CC2CCCC2CC2CC3CCCCC3CC3CCC4CCCCC4C32)CC1
C(CCC1(C2CCCC2)CCCC2CCCCC21)CC1CCC2CCCCC2C1
C1CCC(C2CCC3C(CCC4CCCCC43)C2)CC1
C1CCC(C2CCC3CC4C(CC5CCC6CCCCC65)CCCC4CC32)CC1
C1CCC(CCC2CCC(C3CCC4C(CCC4C4CCCCC4)C3)CC2)CC1
C(CCCC1CCCC2C(C3CCCCC3)CCC12)CCC1CCCCC1
C1CCC(CCCCC2CCC3CCCCC23)CC1
C1CCC2CC(C3CCCC4CCCC43)CCC2C1
C1CCC(CCC2CCC(C3CCC4C(CCC4C4CCCCC4)C3)CC2)CC1
C1CCC(CCCC2(CCC3CCCC3)CCC3C4CCC5CCCCC5C4CCC32)CC1
C1CCC2CCC(C3CCCC4CCCC43)CC2CC1
C1CCC2CCC3CCCCC3C2CC1
C1CCC(CCCCCC2CCCC3C(CC4CCCCC4)CCC23)CC1
C1CCC2CCC(C3CCCC4CCCC43)CC2CC1
C1CCC2CC(C3CCCC4CCCC43)CCC2C1
C1CCC(CCC2CCC3C(CCC3C3CCCCC3)C2)CC1
C1CCC(CCCCCC2CCC3CCCCC23)CC1
C1CCC(C2CCC3CC4C(CCCC45CCCC5)CC32)CC1
C1CCC2CCC3C4CCCCC4CCC3C2CC1
C1CCC(C2CCC3CC4C(CCCC45CC(C4CCCCC4)C(C4CCCCC4)C5)CC32)CC1
C1CCC(C2CC3CCCC3C3CCC4CCCCCC4C23)CC1
C1CCC(C2CC3CCCC3C3CCC4CCCCCC4C23)CC1
C1CCC2CC(C3CCCC4CCCC43)CCC2C1
C(CCCC1CCCC2CCCCC12)CCC1CCC(C2CCCCC2)C1
C1CCC(C2CCC3CC4C(CCCC4CC4CC5CCCCC5C4)CCC32)CC1
C1CCC(CC2CC3CCCCC3C3CCC4CCCCCC4C23)CC1
C(CCC1CCC2CCC(C3CCCC4CCCC43)CC2C1)CC1CCC2CCCC2C1
C1CCC(CCC2CCC3C(CCC3C3CCCCC3)C2)CC1
C1CCC(CCC2CCC3C(CCC3C3CCCCC3)C2)CC1
C1CCC(CC(CC2CCCCC2)C2CCCCC2)CC1
C1CCC(CCCCCC2CCC3CCCCC23)CC1
C(CCC1CCC2C1CCC1C3CCCCC3CCC21)CC1CC2CCCCC2C1
C1CCC2CC(C3CCCC4CCCC43)CCC2C1
C1CCC(C2CCC3CCCC3C3CCCC4CCCCC4C23)CC1
C1CCC(C2CC3CCCC3C3CCC4CCCCC4C23)CC1
C1CCC(CCCC2(CCC3CCCC3)CCC3C4CCC5CCCCC5C4CCCC32)CC1
C1CCC2CC(C3CCCC4CCCC43)CCC2C1
C1CCC(CCCCC2CC3CCCCC3C2)CC1
C(CCC1CCCC2CCCCC12)CC1CCC2CCCCC2C1
C1CCC(CCCCCC2CC3CCCCC3C2)CC1
C1CCC(CCCCC2CC3CCCCC3C2)CC1
C1CCC2CC(C3CCCC4CCCC43)CCC2C1
C1CCC(CC2CCC3C(CC4CCCCC4)CCC3C2)CC1
C1CCC(CCCCCC2CCCC3C(C4CCCCC4)CCC23)CC1
C1CCC(CCCCCC2CC3CCCCC3C2)CC1
C1CCC(C2CCC3C(CCCC4CCCCC43)C2)CC1
C(CCCC1CCCCC1)CCCC1CCC(C2CCCCC2)C1
C1CCC(CCCCCC2CC3CCCCC3C2)CC1
C1CCC2CCC(C3CCCC4CCCC43)CC2CC1
C1CCC(C2CCC(CCCCC3CCC4C3CCC3C5CCCCC5CCC43)C2)CC1
C1CCC2CCC(C3CCCC4CCCC43)CC2CC1
C1CCC(CCCCC2CC3CCCCC3C2)CC1
C1CCC2CCC(C3CCCC4CCCC43)CC2CC1
C1CCC(C2CCC3CC4C(CCC5C6CCC(CCCCC7CCC8CCCCC8C7)C6CCC45)CC32)CC1
C(CCC1CCCC2CCCCC12)CC1CC2CCCCC2C1
C1CCC(C2CCC3CCC4CCCCC4CC32)CC1
C(CCC1CCC2C(CCC3C4CCCC4CCC23)C1)CC1CCC(C2CCC3CCCC3C3CCC4CCCCC4C23)CC1
C1CCC(CC2CCC3CC4C(CCC5C6CCC(CCCC7CCCC8CCCCC87)C6CCC45)CC23)CC1
C1CCC2CCC3C4CCC(CCCC5CC6CCCCC6C5)C4CCC3C2CC1
C(CCC1CCC2CCCCC2C1)CCC1CCCC2CCCCC12
C1CCC(C2CC3CCCC3C3CCC4CCCCCC4C23)CC1
C1CCC(C2CC3CCCC3C3CCC4CCCCC4C23)CC1
C(CCC1CCCC2CCCCC12)CC1CC2CCCCC2C1
C1CCC2CCC3C4CCCC4CCC3C2CC1
C1CCC(C2CCC3CC4C(CCC32)CCC2C3CCCC3CCC42)CC1
C1CCC(C2CCC3CC4C(CCC5C6CCCC6CCCC45)CC32)CC1
C1CCC(C2CC3CCCC3C3CCC4CCCCC4C23)CC1
C1CCC(CCCCC2CCC3C2CCC2C4CCCCC4CCC32)CC1
C(CCC1CCC2C1CCC1C3CCCCC3CCC21)CC1CC2CCCCC2C1
C1CCC(CCC2CCC3C(CCC3C3CCCCC3)C2)CC1
C1CCC(CCC2CCC3C(CCCC4C5CCCC5CC(CCC5CCCCC5)C34)C2)CC1
C1CCC2CCC3C4CCCCC4CC(CC4CCCC4)C3C2CC1
C(CCCC1CCCC2C(C3CCCCC3)CCC12)CCC1CCCCC1
C1CCC2CCC3C4CCCCC4CC(CC4CCCC4)C3C2CC1
C1CCC2C(C1)CCC1C3CCCC3CCC21
C1CCC2CC(CCCC3CCC4C3CCCC3C5CCCCC5CCC34)CCC2C1
C1CCC2CC(CCCC3CCC4C3CCC3C5CCCCC5CCC43)CCC2C1
C1CCC(CCC2CCC(CC3CCC4C(CCC4C4CCCCC4)C3)CC2)CC1
C1CCC(CC2CC3CCCCC3C3CCC4CCCCC4C23)C1
C(CCCC1CCCC2C(C3CCCCC3)CCC12)CCC1CCCCC1
C1CCC(CCCCC2CC3CCCCC3C2)CC1
C1CCC(CCCC2CC3CCCCC3C2C2CCCCC2)CC1
C1CCC2C(C1)CCC1C2CCC2C3CCCC3CC21
C1CCC(C2CCC3CC4C(CCCC4CC4CC5CCCCC5C4)CCC32)CC1
C1CCC(CCC2CCC3C(CCC3C3CCCCC3)C2)CC1
C1CCC(C2CCC3CC4C(CCC5C6CCC(CCCCC7CC8CCCCC8C7)C6CCC45)CC32)CC1
C1CCC(CCC2CCC(C3CC3)CC2)CC1
C1CCC(CCCCC2CC3CCCCC3C2)CC1
C1CCC(CCCCCC2CCCC3C(CC4CCCCC4)CCC23)CC1
C1CCC(CCC2CCC(CCCC3CCCC(CC4CCCC4)C3)CC2)CC1
C1CC(C2CCC(CC3CC4CCCC4C4CCC5CCCCC5C34)CC2)C1
C1CCC(C2CC3CCCC3C3CCC4CCCCC4C23)CC1
C1CCC2CC(C3CCCC4CCCC43)CCC2C1
C(CCCC1CCCCC1)CCCC1CCC(C2CCCCC2)C1
C1CCC(C2CC3CCCC3C3CCC4CCCCC4C23)CC1
C1CCC(C2CCC3CC4C(CCC45CCCCCC5)CC32)CC1
C1CCC(CCCCCC2CCCC3C(C4CCCCC4)CCC23)CC1
C1CCC(CCCCC2CC3CCCCC3C2)CC1
C(CCC1CCCCC2CCCCC12)CC1CCC2CCCCC2C1
C1CCC2CC(C3CCCC4CCCC43)CCC2C1
C1CCC(CC2CCC3C(CC4CCCCC4)CCC3C2)CC1
C1CCC(C2CCC3C(CCC4CCCCC43)C2)CC1
C1CCC2CC3CCCCC3CCC2C1
C1CC2CCC3C(CCC4CCCCC43)CC2C1
C1CCC(C2CC3CCCCC3C3CCCCC23)CC1
C1CCC(CCC2CCC3C(CCC3C3CCCCC3)C2)CC1
C1CCC(CC(CC2CCCCC2)C2CCCCC2)CC1
C1CCC2C(C1)CCC1C2CCC2C3CCCC3CC21
C1CCC2CCC3C4CCCC4CCC3C2CC1
C1CCC(CCCCCC2CCCC3C(C4CCCCC4)CCC23)CC1
C1CCC(CCCC2CCCC3CC4C(CCC4C4CCCCC4)CC23)CC1
C1CCC(CCCCCC2CC3CCCCC3C2)CC1
C1CCC(CC2CC3CCCCC3C3CCC4CCCCC4C23)C1
C1CCC(CCC2CCC3C(CCC3C3CCCCC3)C2)CC1
C1CCC(CCCCCC2CC3CCCCC3C2)CC1
C1CCC2CC(CCCC3CCC4C3CCC3C5CCCCC5CCC43)CCC2C1
C1CCC2C(C1)CCC1C3CCCC3CCC21
C1CCC2CCC3C(CCC4C3CC3CCCC34CCCC3CCCC3)C2CC1
C1CCC(CCCCC2CCC3CCCCC23)CC1
C1CCC(C2CC3CCCC3C3CCC4CCCCC4C23)CC1
C1CCC(CC2CCC3(CCC4CC5C(CCC5C5CCCCC5)CC43)C2)CC1
C1CCC2CC3CCC(C4CCCCC4)C3CC2CC1
C1CCC2CC(C3CCCC3)CCC2C1
C1CCC(CC(CC2CCCCC2)C2CCCCC2)CC1
C1CCC(CC2CCC(CCCCCC3CCCC4CCCCC34)C2)CC1
C(CCCC1CCCC2C(C3CCCCC3)CCC12)CCC1CCCCC1
C1CCC(C2CCC3CC4C(CCC5C6CCC(CCCC7CC8CCCCC8C7)C6CCC45)CC32)CC1
C1CCC(CCCCC2CC3CCCCC3C2)CC1
C(CCCC1CCCC2C(C3CCCCC3)CCC12)CCC1CCCCC1
C1CCC(CCC2CCC(CCC3CCCCC(CC4CCCC4)C3)CC2)CC1
C1CCC2C(C1)CCCC1CCCCC12
C1CCC(C2CC3CCCC3C3CCC4CCCCC4C23)CC1
C1CCC(C2(CCCCC3CCC4CCCCC4C3)CCCC3CCCCC32)CC1
C(CCCC1CCCC2C(C3CCCCC3)CCC12)CCC1CCCCC1
C1CCC2CCC3C4CCCCC4CC(CC4CCCC5CCCCC54)C3C2CC1
C1CCC(C2CCC3CC4C(CCC45CCCCC5)CC32)CC1
C1CCC(C2CCC3CC4C(CCC45CCCCC5)CC32)CC1
C1CCC(C2CC3CCCCC3C3CCC4CCCCC4C23)CC1
C1CCC2C(C1)CCCC2CCCC1CCCC2CCCCC21
C1CCC(C2CCC3CC4C(CCCC5C6CCC(CCCC7CC8CCCCC8C7)C6CCC45)CC32)CC1
C1CCC(CC2CC3CCCCC3C3CCC4CCCCC4C23)C1
C1CCC(C2CC3CCCCC3C3CCC4CCCCC4C23)CC1
C1CCC(C2CCC3CC4(CCCCCC4C4CCCCC4)CCC32)CC1
C1CCC2C(C1)CCC1CCCCC12
C1CCC(C2CCC3CC4C(CCC45CCCC5)CC32)CC1
C1CCC(CC2CC3CCCCC3C3CCC4CCCCCC4C23)CC1
C1CCC2CC(C3CCCC4CCCC43)C3CCCC3C2CC1
C(CCC1CCCC2CCCCC12)CC1CCCC2CCCCC12
C1CCC(CCCC2CCC3CCC(C4CCCC5CCCC54)CC3C2)CC1
C(CCCC1CCCC2C(C3CCCCC3)CCC12)CCC1CCCCC1
C1CCC(CCC(CC2CC3CCCCC3C2)C2CCCC2)CC1
C1CCC2CC(CC3CCCC4CCCC43)CCC2C1
C1CCC(CCC2CCC(C3CCC4C(CCC4C4CCCCC4)C3)CC2)CC1
C1CCC(CCC2CCC(C3CC3)CC2)CC1
C1CCC(CCCCC2CC3CCCCC3C2)CC1
C1CCC(CCCC2CCC3CCC(C4CCCC5CCCC54)CC3C2)CC1
C1CCC(CCCCCC2CCC3CCCCC23)CC1
C1CCC(CC2CC3CCCCC3C3CCC4CCCCC4C23)C1
C(CCCC1CCCC2C(C3CCCCC3)CCC12)CCC1CCCCC1
C1CCC2C(C1)CCC1C3CCCCC3CCC21
C1CCC2CC(CCCC3CCC4C3CCC3C5CCCCC5CCC43)CC2C1
C1CCC(CCC2CCC(CCC3CCCC(CC4CCCC4)C3)CC2)CC1
C1CCC(CCCCC2CC3CCCCC3C2)CC1
C1CCC(C2CC3CCCCC3C3CCC4CCCCC4C23)CC1
C1CCC(CCCCC2CCC3C2CCC2CC4CCCCC4CCC23)CC1
C1CCC2CC(C3CCCC4CCCC43)CCC2C1
C1CCC(CC2CCC3C(CCC3C3CCCCC3)C2)CC1
C(CCCCC1CCCC(CC(CC2CCC(CC3CCCCC3)CC2)C2CCCCC2)C1)CCCCC1CCC2C(CCC3C4CCCC4CCC23)C1
C1CCC(C2CCC(CCCCC3CCC4C3CCC3C5CCCCC5CCC43)C2)CC1
C1CCC2CCC(C3CCCC4CCCC43)CC2CC1
C1CCC(CCCCCC2CCC3CCCCC23)CC1
C1CCC2CC(C3CCCC4CCCC43)CCC2C1
C1CCC(CCCCC2CCC3CCC(C4CCCC5CCCC54)CC3C2)CC1
C1CCC(CCC2CCCCC3CC4C(CCC4C4CCCCC4)CC23)CC1
C(CCC1CCCC2CCCC12)CC1CC2CCCCC2C1
C1CCC(C2CCC3C(CCC4CCCCC43)C2)CC1
C1CCC(CCCC2CCC3CCC(C4CCCC5CCCC54)CC3C2)CC1
C1CCC2CC(C3CCCC4CCCC43)CCC2C1
C1CCC(CCCCCC2CC3CCCCC3C2)CC1
C1CCC(CCCCCC2CC3CCCCC3C2)CC1
C1CCC(CCCCCC2CC3CCCCC3C2)CC1
C1CCC(C2CCC3CC4C(CCC5C6CCCC(CCCC7CC8CCCCC8C7)C6CCC45)CC32)CC1
C(CCC1CCCC2CCCCC12)CC1CC2CCCCC2C1
C1CCC(CC23CCCCC2CCC2C4CCCC4CCC23)CC1
C1CCC(CC2CCCCCC23CCC2C(CCC2C2CCCCC2)C3)CC1
C(CCCC1CCCC2C(C3CCCCC3)CCC12)CCC1CCCCC1
C1CCC(C2CCC(CC3CCC4CCCCC4C4CCC5CCCCC5C34)CC2)CC1
C1CCC(C2CC3CCCC3C3CCCC4CCCCC4C23)CC1
C1CCC(CC2CC3CCCCC3C3CCC4CCCCC4C23)CC1
C1CCC2CC(C3CCCC4CCCC43)CCC2C1
C1CCC(CC2CC3CCCCC3C3CCCCC23)CC1
C1CCC(C2CCC3CCCC3C3CCC4CCCCCC4C23)CC1
C1CCC2C(C1)CCC1C3CCCC3CCC21
C1CCC(CCC2CCCCC3CC4C(CCC4C4CCCCC4)CC23)CC1
C1CCC(C2CCC3CCCC3C3CCC4CCCCC4C23)CC1
C1CCC(CCCCC(CC2CCC3C(CCC3C3CCCCC3)C2)C2CCCCC2)CC1
C1CCC(C2CCC3CCCC3C3CCC4CCCCC4C23)CC1
C1CCC(C2CCC3C(CCC4CCCCC43)C2)CC1
C1CCC2C(C1)CCC1CC3CC4CCCC4C3CCC12
C1CCC2CC(C3CCCC4CCCC43)CCC2C1
C1CCC(C2CC3CCCCC3C3CCCCC23)CC1
C1CCC(CCCCC2CCC3CCC(C4CCCC5CCCC54)CC3C2)CC1
C1CCC(CCCC2CCC3C(CCC3C3CCCC(CCC4CCCC4)C3)C2)CC1
C1CCC2CC(C3CCCC4CCCC43)CCC2C1
C(CCCCC1CCC(C2CCCCC2)C1)CCCC1CCC2CCCC2C1
C1CCC2CCCCC2C(CCCCC2CCCC3CCCCC23)C1
C1CCC(CCCCCC2CCC3CCC(C4CCCC5CCCC54)CC3C2)CC1
C1CCC(CC2CC3CCCCC3C3CCC4CCCCCC4C23)CC1
C1CCC(C2CCC3CCCC3C3CCC4CCCCC4C23)CC1
C1CCC(CCCCC2CCC3CCCCC23)CC1
C1CCC(CCCC2CCC3C4CCC5CC6C(CCC6C6CCCCC6)CC5C(CCC23)C4)CC1
C1CCC(CCC2(CCCC3CC4CCCCC4C3)CCC3C4CCC5CCCCC5C4CCC32)C1
C1CCC(C2CCC3CC4C(CCC32)CCC42CCCCC2)CC1
C1CCC2CCC(C3CCCC4CCCC43)CC2CC1
C1CCC(CCC2CCC3C(CCC3C3CCCC(CCC4CCCC4)C3)C2)CC1
C1CCC(C2CC3CCCC3C3CCCC4CCCCC4C23)CC1
C1CCC(C2CCCC(CC3CC4CCCCC4CC4CCC5CCCCC5C43)C2)C1
C1CCC(CCCCCC2CC3CCCCC3C2)CC1
C1CCC(CCCC2CCCC3CCC(C4CCCC5CCCC54)CC3C2)CC1
C1CCC(C2CC3CCCC3C3CCC4CCCCC4C23)CC1
C(CCCCC1CCC(C2CCCCC2)C1)CCCC1CCCCC1
C1CCC(CCCC2CCCC3C2CCC2C4CC5CCC(C6CCCCC6)C5CC4CCC32)CC1
C1CCC(CC2CC3CCCCC3C3CCC4CCCCC4C23)CC1
C1CCC(CC23CCCCC2CCC2C4CCCC4CCC23)CC1
C1CCC(C2CCC3CCC4CCCCC4C3CC2)CC1
C1CCC2CCC(C3CCCC4CCCC43)CC2CC1
C1CCC(C2CCC3CC4C(CC5CC6CCCCC6C5)CCCCC4CC32)CC1
C1CCC(CCCCC2CCC3CCCCC23)CC1
C1CCC2CC(CCCC3CCC4C3CCC3C5CCCCC5CCC43)CC2C1
C1CCC(C2CC3CCCCC3C3CCC4CCCCC4C23)CC1
C1CCC2CC(C3CCCC4CCCC43)CCC2C1
C1CCC(CCC2CCC(CCC3CCCCC3)CC2)CC1
C1CCC(C2CCC3CC4C(CCCC45CCCC5)CC32)CC1
C1CCC(CC2CCC3CCCCC3C3CCC4CCCCC4C23)C1
C1CCC(CCCCC2CC3CCCCC3C2)CC1
C1CCC(CCC2CCC3C(CCC3C3CCCC(CCCC4CCCC4)C3)C2)CC1
C1CCC(CCCCCC2CCC3CCCCC23)CC1
C1CCC(C2CCC3CC4C(CCCCC45CCCC5)CC32)CC1
C1CCC(CCCC2(CCC3CCCC3)CCCC3C4CCC5CCCCC5C4CCC32)CC1
C1CCC2CCCCC2C(CCCCC2CCCC3CCCCC23)C1
C1CCC(CCC2CCC3C(CCC3C3CCCCC3)C2)CC1
C1CCC(CCC(CC2CC3CCCCC3C2)C2CCC2)CC1
C1CCC2CCC3C4CCC(CCCC5CCC6CCCCC6C5)C4CCC3C2CC1
C1CCC(CCC2CCC(C3CCC4C(CCC4C4CCCCC4)C3)CC2)CC1
C1CCC(C2CCC3CC4C(CCC32)CCC2C3CCC(CCCC5CC6CCCCC6C5)C3CCC42)CC1
C1CCC(CC2CCCC(C3CCC4CC(CCC5CCC6CCCCC6C5)CCC43)C2)C1
C1CCC2CCC3CCCCC3C2CC1
C1CCC(C2CC3CCCCC3C3CCCCC3C2)CC1
C1CCC2C(C1)CC(C1CCCC1)C1CCCCC21
C1CCC(CCCC(CC2CC3CCCCC3C2)C2CC2)CC1
C1CCC(C2CC3CCCC3C3CCC4CCCCC4C23)CC1
C1CCC2CC(CCCC3CCC4C3CCC3C5CCCCC5CCC43)CC2C1
C1CCC2C(C1)CCC1C3CCCC3CCC21
C(CCC1CCCC2CCCCC12)CC1CCCC2CCCCC12
C1CCC(CCCC2CCC3C(CCC4C5CCCC5CC(CCC5CCCCC5)C34)C2)CC1
C1CCC2CCC3C4CCCCC4CCC3C2CC1
C1CCC(C2CCC3CC4C(CCCC45CCCC5)CC32)CC1
C1CCC(C2CCC3CCCC3C3CCCC4CCCCC4C23)CC1
C1CCC(C2CCC3CC4CCCCC4CCC32)CC1
C1CCC(C2CCCC3CCCC3C3CCC4CCCCC4C23)CC1
C1CCC(CCCCCC2CC3CCCCC3C2)CC1
C1CCC(CCC2CCCCC2)CC1
C1CCC(C2CC3CCCC3C3CCCC4CCCCC4C23)CC1
C1CCC(CCCCCC2CC3CCCCC3C2)CC1
C1CCC2C(C1)CCCC1C3CCCC3CCC21
C1CCC(CCCCCC2CCCC3C(C4CCCCC4)CCC23)CC1
C1CCC(CCCCCC2CCCC3C(C4CCCCC4)CCC23)CC1
C1CCC(CCC2CCC3C(CCC3C3CCCCC3)C2)CC1
C1CCC(C2CC3CCCC3C3CCC4CCCCC4C23)CC1
C1CCC2CC(C3CCCC4CCCC43)CCC2C1
C1CCC(CCCCC2CC3CCCCC3C2)CC1
C1CCC(C2CCC3CC4C(CCCC45CCCC5)CC32)CC1
C1CCC(C2CCC3C(CCCCCC4CCC(C5CCCC5)C4)CCCC23)CC1
C1CCC(C2CCC3CC4C(CCCCC45CCCC5)CC32)CC1
C1CCC(C2CCC3C(CCCC4CCCCC43)C2)CC1
C1CCC(CCCCCC2CC3CCCCC3C2)CC1
C1CCC2CC(CCCC3CCC4CC5CCC6CCCCC6C5CCC34)CC2C1
C1CCC(CCCCC2CCC3CCCCC23)CC1
C1CCC2CC(C3CCCC3)C3CCCC3C2CC1
C(CCCC1CCCC2C(C3CCCCC3)CCC12)CCC1CCCCC1
C1CCC(C2CCC3CC4C(CCCC45CCCC5)CC32)CC1
C1CCC(CCC2CCC3C(CCC3C3CCCC(CC4CCCC4)C3)C2)CC1
C1CCC(C2CCC3CC4CCCCC4CC32)CC1
C1CCC(CCCCCC2CCCC3C(C4CCCCC4)CCC23)CC1
C1CCC(C2CCC3C(CCC4CCCCC43)C2)CC1
C1CCC(CCC2CCCC3CC4C(CCC23)CCC4C2CCCCC2)CC1
C1CCC(CCC(CCC2CCCCC2)CCC2CCC3CCCC3C2)CC1
C1CCC2CCC(C3CCCC4CCCC43)CC2CC1
C(CCC1CC2CCCCC2C1)CCC1CCCC2CCCC12
C(CCC1CCC2CCCCC2C1)CCC1CCCC2CCCCC12
C1CCC2CC(C3CCCC4CCCC43)CCC2C1
C1CCC2CC(C3CCCC3)C3CCCC3C2CC1
C1CCC2CCC(C3CCCC4CCCC43)CC2CC1
C1CCC(CC2CCC3C(CCC3C3CCCCC3)C2)CC1
C1CCC(C2CC3C(CCC4CC4)CCC3C3CCC4CCCCC4CC23)CC1
C1CCC(C2CCC3CC4C(CCCC5C6CCC(CCCC7CCC8CCCCC8C7)C6CCC45)CC32)CC1
C1CCC(CC2CCC(C3CC4CCCC4C4CCC5CCCCC5C34)CC2)CC1
C1CCC(CCCCCC2CCCC3C2CCC3C2CCCC(CC3CCCC3)C2)CC1
C1CCC(CCC(CC2CC3CCCCC3C2)C2CCCCC2)CC1
C(CCCC1CCCC2C(C3CCCCC3)CCC12)CCC1CCCCC1
C1CCC2CCC3C(CCC4C3CCC4(CCCC3CC4CCCCC4C3)CCC3CCCC3)C2CC1
C1CCC2C(C1)CCC1C3CCCC3CCC21
C1CCC(CCCCC2CC3CCCCC3C2)CC1
C1CCC(CCC2CCCCC2)CC1
C1CCC(C2CCC3CC4C(CCC45CCCCC5)CC32)CC1
C1CCC(C2CCC3CCCC3C3CCC4CCCCC4C23)CC1
C1CCC2C(C1)CC(C1CCCC3CCCCC31)C1CCCC21
C1CCC(CCCCCC2CC3CCCCC3C2)CC1
C1CCC(CCCCC2CC3CCCCC3C2)CC1
C1CCC2C(C1)CCCC2CCCC1CCCC2CCCCC21
C(CCC1CCCC2CCCCC12)CC1CCC2CCCCC2C1
C1CCC(CCCCC2CC3CCCCC3C2)CC1
C1CCC2CCC3C4CCC(CCCC5CCCC6CCCCC65)C4CCC3C2CC1
C1CCC(CCC2CCC3C(CCC3C3CCCCC3)C2)CC1
C1CCC(C2CC3CCCC3C3CCC4CCCCC4C23)CC1
C1CCC(C2CC3CCCC3C3CCC4CCCCC4C23)CC1
C1CCC2CCC(C3CCCC4CCCC43)CC2CC1
C1CCC(CCC2CCC3C(CCC3C3CCCCC3)C2)CC1
C1CCC(CCC2CCC(CCC3CCCC(CC4CCCC4)C3)CC2)CC1
C1CCC(CCCCC2CC3CCCCC3C2)CC1
C(CCC1CCCC2CCCCC12)CC1CCCC2CCCCC12
C1CCC(CCCCC2CC3CCCCC3C2)CC1
C1CCC(CC2CC3CCCCC3C3CCC4CCCCC4C23)CC1
C1CCC(CCCC2(CCCC3CC4CCCCC4C3)CCC3C4CCC5CCCCC5C4CCC32)C1
C1CCC(CCC2CCC(C3CC3)CC2)CC1
C1CCC(C2CCC(CC3CC4CCCCC4C4CCC5CCCCCC5C34)CC2)CC1
C1CCC(CCC2CCC3C(CCC4C5CCCC5CCC34)C2)CC1
C1CCC(CCC(CCC2CCC3CCCC3C2)CC2CCCCC2)CC1
C1CCC2CC(CC3CCCC4CCCC43)CCC2C1
C1CCC(C2CCC3CC4C(CCCC45CCCC5)CC32)CC1
C1CCC(CCC2CCC3C(CCC4CC(C5CCCCC5)CCC43)C2)CC1
C1CCC(CCCCC2CCC3CCCC3C2)CC1
C1CCC2CCC(C3CCCC4CCCC43)CC2CC1
C1CCC(CCC(CCCC2CCC3CCCC3C2)CC2CCCCC2)CC1
C1CCC(CCCCC2CC3CCCCC3C2)CC1
C1CCC(CCC2CCC3C(CCC3C3CCCC(CCC4CCCC4)C3)C2)CC1
C1CCC(CCC2CCC(C3CCC4C(CCC4C4CCCCC4)C3)CC2)CC1
C1CCC(C2CCCC3C(CCC4CCCCC43)C2)CC1
C1CCC(CCC2CCC3C(CCC3C3CCCCC3)C2)CC1
C1CCC(C2CC3C(CCC4CC4)CCC3C3CCC4CCCCCC4C23)CC1
C1CCC(CCCCCC2CC3CCCCC3C2)CC1
C1CCC(CCCCC2CC3CCCCC3C2)CC1
C1CCC(CCCC2CCC(C3CCC4C(CCC4C4CCCCC4)C3)CC2)CC1
C1CCC2CC(CC3CCCC4CCCC43)CCC2C1
C1CCC(C2CC3CCCC3C3CCCC4CCCCC4C23)CC1
C1CCC(C2CCC3CC4CCCCC4CC32)CC1
C1CCC2CC(C3CCCC4CCCC43)CCC2C1
C1CCC(CCCC2CCCC3CCC(CC4CCCC5CCCC54)CC23)CC1
C1CCC(CC2CC3CCCCC3C3CCC4CCCCC4C23)C1
C1CCC(C2CC3CCCC3C3CCC4CCCCC4C23)CC1
C1CCC(C2CCC3CC4C(CCC5C6CCCC(CCCC7CCC8CCCCC8C7)C6CCC45)CC32)CC1
C1CCC(CCCCC2CCCC3CCC(C4CCCCC4)CC23)CC1
C(CCCC1CCCCC1)CCCC1CCC(C2CCCCC2)C1
C1CCC(CCCCC2CC3CCCCC3C2)CC1
C1CCC(C2CCC3C(CCC4CCCCC43)C2)CC1
C1CCC(CCC(CCC2CCC3CCCC3C2)CC2CCCCC2)CC1
C1CCC2C(C1)CC(C1CCCC3CCCC31)C1CCCC21
C1CCC(CCCCCC2CCCC3C(C4CCCCC4)CCC23)CC1
C1CCC(C2CC3CCCCC3C3CCC4CCCCC4C23)CC1
C1CCC(CCC(CC2CCC3C(CC4CCCCC4)CCC3C2)C2CCCCC2)CC1
C(CC1CCC2CCCC2C1)CC1CCC2CCC(C3CCCC4CCCC43)CC2C1
C1CCC(CCC2CCCC3CCC4C(CCC4C4CCCCC4)CC23)CC1
C1CCC(CCC2CCC3C(CCC4C5CCCCC5CC(CCC5CCCCC5)C34)C2)CC1
C(CCC1CCCC2CCCC12)CC1CC2CCCCC2C1
C(CCC1CCCC2CCCC12)CC1CCCC2CCCCC12
C1CCC(CCC2CCC3C(CCC4C5CCCC5CC(CCC5CCCCC5)C34)C2)CC1
C1CCC(CC2CCC3C(CCC3C3CCCCC3)C2)CC1
C1CCC(C2CC3CCCC3C3CCC4CCCCC4C23)CC1
C1CCC(C2CC3CCCC3CC3CCC4CCCCC4C32)CC1
C(CCCC1CCCC2C(C3CCCCC3)CCC12)CCC1CCCCC1
C1CCC(C2CC3CCCC3C3CCCC4CCCCC4C23)CC1
C1CCC(CCCC2(CCC3CCCC3)CCCC3C4CCC5CCCCC5C4CCC32)CC1
C1CCC(CCCCC2CC3CCCCC3C2)CC1
C1CCC(C2CC3CCCC3C3CCC4CCCCCC4C23)CC1
C1CCC(CCCCCC2CCCC3C(C4CCCCC4)CCC23)CC1
C1CCC2CCC3C4CCCC4CCC3C2CC1
C1CCC(C2CCC3CC4C(CCC45CCCCC5)CC32)CC1
C1CCC2C(C1)CCC1C2CCC2C3CCCC3CC21
C1CCC(CCCCCC2CCCC3C2CCC3C2CCC(CC3CCC3)CC2)CC1
C1CCC(C2CCC3C(CCCC4CCCCC43)C2)CC1
C1CCC(CCC2CCCCC2)CC1
C1CCC(CC2CCC3C(CC4CCCCC4)CCC3C2)CC1
C1CCC(CCCC2CCC3CCC(C4CCCC5CCCC54)CC3C2)CC1
C1CCC(CC(CC2CCCCC2)C2CCCCC2)CC1
C1CCC2CCC3CCCCC3C2CC1
C1CCC(CCCC2CCC3CCC(C4CCCC5CCCC54)CC3C2)CC1
C(CCCC1CCCC2C(C3CCCCC3)CCC12)CCC1CCCCC1
C1CCC(C2CCC(CC3CC4CCCCC4C4CCC5CCCCCC5C34)CC2)CC1
C1CCC(CCCCC2CC3CCCCC3C2)CC1
C1CCC(C2CCC3CC4C5CCC6C(CCCC7CCC8CCCCC8C7)CCC6C(CCC4CC32)C5)CC1
C1CCC(CCC2CCCC3CCC(C4CCCC5CCCC54)CC23)CC1
C1CCC(CCC2CCCC3CCC4C(CCC4C4CCCCC4)CC23)CC1
C1CCC(CCC2CCC3C(CCC3C3CCCCC3)C2)CC1
C1CCC2CCC(C3CCCC4CCCC43)CC2CC1
C1CCC(CCC2CCC(C3CC3)CC2)CC1
C1CCC(CC2CCC3C(CCC3C3CCCCC3)C2)CC1
C1CCC(CCCCCC2CCC3CCCCC23)CC1
C1CCC(C2CCC(CCCC3CCC4C3CCCC3C5CCCCC5CCC34)C2)CC1
C1CCC2CC(CCCC3CCC4C3CCC3C5CCCCC5CCCC43)CC2C1
C1CCC(CCCCCC2CC3CCCCC3C2)CC1
C(CCC1CCCCC2CCCCC12)CC1CCC2CCCCC2C1
C1CCC(CCC2CCC3C(CCC3C3CCCC(CC4CCCC4)C3)C2)CC1
C1CCC(CC2CC3CCCCC3C3CCC4CCCCC4C23)CC1
C1CCC(C2CC3CCCC3C3CCC4CCCCC4C23)CC1
C1CCC(CCCCC(CC2CCC3C(CCC3C3CCCCC3)C2)C2CCCCC2)CC1
C1CCC2CC(CC3CCCC4CCCC43)CCC2C1
C1CCC2C(C1)CCC1C3CCCC3CCCC21
C1CCC2C(C1)CCC1C3CCCC3CCC21
C1CCC2CCC3C4CCC(CCCC5CCC6CCCCC6C5)C4CCC3C2CC1
C1CCC2C(C1)CCCC2CCCC1CCC2C1CCC1C3CCCCC3CCCC21
C1CCC(C2CCC(C3CC4CCCC4C4CCC5CCCCC5C34)CC2)C1
C1CCC(C2CC3CCCC3C3CCC4CCCCC4C23)CC1
C1CCC(CCCCC2CCC3C2CCC2C4CC5CCC(C6CCCCC6)C5CC4CCC32)CC1
C1CCC2CC(C3CCCC4CCCC43)CCC2C1
C1CCC(CCCCCC2CCC3CCCCC23)CC1
C1CCC(C2CCC3CC4C(CCC45CCCCCC5)CC32)CC1
C1CCC(CCCCC2CC3CCCCC3C2)CC1
C1CCC(CCCCCC2CCC3CCCCC23)CC1
C1CCC2CCC(C3CCCC4CCCC43)CC2CC1
C1CCC(CCCCCC2CC3CCCCC3C2)CC1
C1CCC2CC(C3CCCC4CCCC43)CCC2C1
C1CCC2CC(C3CCCC4CCCC43)CCC2C1
C1CCC(C2CC3CCCC3C3CCC4CCCCCC4C23)CC1
C1CCC(CCC(CCC2CCCCC2)CCC2CCC3CCCC3C2)CC1
C(CCCC1CCC2C(CCC2C2CCCCC2)C1)CCC1CCCCC1
C1CCC(C2CC3CCCC3C3CCC4CCCCC4C23)CC1
C1CCC(CCCC2CC3CCCCC3C2CC2CCCCC2)CC1
C1CCC(CCCCC2CCC3CCCCC23)CC1
C(CCC1(C2CCCC2)CCCCC2CCCCC21)CC1CCC2CCCCC2C1
C1CCC(CCCCC2CCC3CCCCC23)CC1
C1CCC(CCCCC2CCC3CCC(C4CCCC5CCCC54)CC3C2)CC1
C1CCC2C(C1)CCCC2CCCC1CCC2C1CCC1C3CCCCC3CCCC21
C1CCC(C2CC3CCCC3C3CCC4CCCCC4C23)CC1
C1CCC(CC2CC3CCCCC3C3CCC4CCCCCC4C23)CC1
C1CCC(CCC2CCC(C3CCC4C(CCC4C4CCCCC4)C3)CC2)CC1
C1CCC2CC(CCCC3CCC4C3CCCC3C5CCCCC5CCC34)CCC2C1
C1CCC2CC(C3CCCC4CCCC43)CCC2C1
C1CCC2C(C1)CCC1C2CCC2C3CCCC3CC21
C1CCC(CCC2CCC3C(CCC3C3CCCCC3)C2)CC1
C1CCC(CCC2CCC3C(CCC3C3CCCCC3)C2)CC1
C1CCC(CCC2CCC3C(CCC4C5CCCCC5CC(CCC5CCCCC5)C34)C2)CC1
C(CCCCC1CCC(C2CCCCC2)C1)CCCC1CCCCC1
C1CCC(C2CCC3CCC4CCCCC4C3CC2)CC1
C1CCC2C(C1)CCC1C3CCCCC3CCC21
C1CCC(CCCCCC2CC3CCCCC3C2)CC1
C1CCC(CCC2CCC3C(CCC3C3CCCCC3)C2)CC1
C1CCC(CCC2CCC(CC3CCC4C(CCC4C4CCCCC4)C3)CC2)CC1
C1CCC(CCC2CCCCC2)CC1
C1CCC2CC(C3CCCC4CCCC43)CCC2C1
C1CCC(C2CC3CCCC3C3CCC4CCCCC4C23)CC1
C1CCC(CCC(CCC2CCCCC2)CCC2CCC3CCCC3C2)CC1
C1CCC(CC2CC3CCCCC3C3CCC4CCCCCC4C23)CC1
C1CCC2C(C1)CCC1C3CCCC3CCCC21
C1CCC2CCC(C3CCCC4CCCC43)CC2CC1
C1CCC(CCCCCC2CCCC3C(CC4CCCCC4)CCC23)CC1
C1CCC(C2CCC3C(CCC4CCCCC43)C2)CC1
C1CCC(C2CCC3CC4C(CCC5C6CCC(CCCC7CC8CCCCC8C7)C6CCC45)CC32)CC1
C1CCC2CC(CCCC3CCC4C3CCC3C5CCCCC5CCCC43)CC2C1
C1CCC2CCC3C4CCC(CCCC5CC6CCCCC6C5)C4CCC3C2CC1
C1CCC(CCCCC2CC3CCCCC3C2)CC1
C(CCCC1CCC(C2CCCCC2)C1)CCC1CCCCC1
C1CCC(C2CCC3CC4C(CCC32)CCC2C3CCC(CCCC5CC6CCCCC6C5)C3CCC42)CC1
C1CCC(CC2CC3CCCCC3C3CCC4CCCCCC4C23)CC1
C(CCCC1CCCC2CCCCC12)CCC1CCC(C2CCCCC2)C1
C(CC1CCC(C2CCCC2)CC1)CC1CCC2CCCC2C1
C1CCC(CCCCC2CCC3CCCCC23)CC1
C(CC1CCC(C2CCCC2)CC1)CC1CCC2CCCC2C1
C1CCC(C2CC3CCCCC3CC3CCCCC32)CC1
C1CCC(C2CCC3CC4C(CC5CC6CCCCC6C5)CCCC4CC32)CC1
C1CCC(C2CC3C(CCC34CCCC4)C3CCC4CCCCCC4C23)CC1
C1CCC2CC(CC3CCCC4CCCC43)CCC2C1
C1CCC(CCCC2CCC3C(CCC3C3CCCC3)C2)CC1
C1CCC(CCCCC2CCC3CCCCC3C2)C2CCCCC2CC1
C1CCC(CC2CCC3CCCCC3C3CCC4CCCCC4C23)C1
C1CCC2CCC3C4CCCC4CC(C4CCC(CCCCC5CCC6C(CCC7C8CCCC8CCC67)C5)CC4)C3C2CC1
C1CCC(CCCCCC2CCCCC2)CC1
C1CCC(CCCCCC2CCCC3C(CC4CCCCC4)CCC23)CC1
C1CCC(CCCC2CCC3C(CCC3C3CCCCC3)C2)CC1
C1CCC(CCCCCC2CCCC3C(CC4CCCCC4)CCC23)CC1
C1CCC2CC(CC3CCCC4CCCC43)CCC2C1
C1CCC(CCCCC2CC3CCCCC3C2)CC1
C1CCC(C2CC3CCCC3C3CCCC4CCCCC4C23)CC1
C1CCC(C2CC3CCCC3CC3CCC4CCCCC4C32)CC1
C1CCC(CCCCC2CCC3CCCCC23)CC1
C1CCC(CCC2CCC3C(CCC3C3CCCCC3)C2)CC1
C1CCC2C(C1)CCC1C3CCCCC3CCC21
C1CCC2CCC3C(CCC4C5CCCC5CC43)C2CC1
C1CCC(C2CCC3CC4C(CCCC45CCCCC5)CC32)CC1
C1CCC(CCCCC2CC3CCCCC3C2)CC1
C1CCC(CCC2(CCCC3CC4CCCCC4C3)CCC3C4CCC5CCCCC5C4CCC32)C1
C1CCC(CCC(CCC2CCC3CCCC3C2)CC2CCCCC2)CC1
C1CCC2C(C1)CCC1C2CCC2C3CCCC3CC21
C1CCC(CCCCC2CC3CCCCC3C2)CC1
C1CCC2CCC3C4CCC(CCCC5CC6CCCCC6C5)C4CCC3C2CC1
C1CCC(CCCCC2CC3CCCCC3C2)CC1
C(CCCC1CCCCC1)CCCC1CCC(CC2CCCCC2)C1
C(CCCC1CCCC2C(C3CCCCC3)CCC12)CCC1CCCCC1
C1CCC(C2CCC3CC4C(CCCC45CCCCCC5)CC32)CC1
C1CCC(CCCCC2CCC3C2CCC2C4CC5CCC(C6CCCCC6)C5CC4CCC32)CC1
C1CCC(CCCCCC2CCCC3C(C4CCCCC4)CCC23)CC1
C(CCCC1CCCC2C(C3CCCCC3)CCC12)CCC1CCCCC1
C1CCC(C2CC3CCCC3C3CCC4CCCCC4C23)CC1
C1CCC(CCCCCC2CCC3C2CCC2C4CCCCC4CCC32)CC1
C1CCC(CCC2CCC3C(CC4CCCCC4)CCC3C2)CC1
C1CCC(C2CC3CCCC3C3CCC4CCCCC4CC23)CC1
C(CCCCCCC1CCC2C1CCC1C3CCCCCC3CCC21)CCCCCC1CCC(CCC2CCC(CCC3CCCC3)C2)C1
C1CCC2C(C1)CCC1C2CCC2C3CCCC3CC21
C1CCC2CCC3C4CCC(CCCC5CC6CCCCC6C5)C4CCC3C2CC1
C1CCC(CCC2CCC3CC2CCC(C2CCCCC2)C2C4CCCCC4CCC32)CC1
C1CCC(CCC2CCC3C(CCC3C3CCCCC3)C2)CC1
C1CCC(CCC2CCC3C(CCC4C5CCCC5CC(CCC5CCCCC5)C34)C2)CC1
C(CCC1CCC2C1CCC1C3CCCCC3CCC21)CC1CC2CCCCC2C1
C1CCC(CCC2CCCC3CCC4C(CCC4C4CCCCC4)CC23)CC1
C1CCC(CCCCCC2CCC3CCCCC23)CC1
C1CCC(CCC2CCC(C3CCC4C(CCC4C4CCCCC4)C3)CC2)CC1
C1CCC(C2CCC(CCCCC3CCC4C3CCC3C5CCCCC5CCC43)C2)CC1
C1CCC(CCCCC2CC3CCCCC3C2)CC1
C1CCC2C(C1)CC(C1CCCC3CCCCC31)C1CCCC21
C1CCC(CCC2CCC3C(CCC4CCCCC43)C2)CC1
C1CCC(CCCCCC2CCC3CCCCC23)CC1
C1CCC(CC2CCC3C(CCC3C3CCCCC3)C2)CC1
C1CCC2CCC3C4CCCCC4CCC3C2CC1
C(CCC1CCCC2CCCCC12)CC1CCC2CCCCC2C1
C1CCC(CC2CC3CCCCC3C3CCC4CCCCC4C23)CC1
C1CCC(CCCCCC2CC3CCCCC3C2)CC1
C1CCC(CC2CC3CCCCC3C3CCC4CCCCC4C23)CC1
C1CCC2CC3CCC4CCCC4C3CCC2C1
C1CCC2C(C1)CC(C1CCCC3CCCC31)C1CCCC21
C1CCC(C2CCC3CC4C(CCC32)CCC2C3CCCC3CCC42)CC1
C1CCC(C2CCC3CCCC3C3CCC4CCCCC4C23)CC1
C1CCC(CCCCC2CC3CCCCC3C2)CC1
C(CCCC1CCCC2C(C3CCCCC3)CCC12)CCC1CCCCC1
C1CCC(CCCC2CC3CCCCC3C2C2CCCCC2)CC1
C1CCC(CCC(CCC2CCC3CCCCC3C2)CC2CCCCC2)CC1
C1CCC2CC(CC3CCCC4CCCC43)CCC2C1
C1CCC(CCCC2CCCC3CCC(C4CCCC5CCCC54)CC23)CC1
C1CCC(C2CCC3CC4C(CCCC5CC5)CCCC4CCC32)CC1
C1CCC(CC2CC3CCCCC3C3CCC4CCCCC4C23)CC1
C1CCC(C2CC3CCCC3C3CCC4CCCCC4C23)CC1
C1CCC2C(C1)CCC1C3CCCC3CCC21
C1CCC(CCC2CCC3C(CCC3C3CCCCC3)C2)CC1
C1CCC(CCCCC2CC3CCCCC3C2)CC1
C1CCC(C2CCC3C(CCCCCC4CCC(CC5CCCC5)C4)CCCC23)CC1
C1CCC2C(C1)CCC1C3CCCC3CCCC21
C1CCC(C2CC3CCCC3C3CCC4CCCCCC4C23)CC1
C1CCC(CCC2CCC(CCC3CCCC(CC4CCCC4)C3)CC2)CC1
C1CCC(CCCCC2CCC(C3CCC4C(CCC4C4CCCCC4)C3)CC2)CC1
C1CCC2C(C1)CCCC1C3CCCC3CCC21
C1CCC(CCC2CCC(CCC3CCCC(CC4CCCC4)C3)CC2)CC1
C1CCC2CC(C3CCCC4CCCC43)CCC2C1
C1CCC(CC2CC3CCCCC3C3CCC4CCCCCC4C23)CC1
C1CCC2C(C1)CCC1C3CCCC3CCC21
C1CCC(CCCC2CCCCC3CCC(C4CCCC5CCCC54)CC23)CC1
C1CCC(CCCCCC2CCC3CCCCC23)CC1
C1CCC2CCC(C3CCCC4CCCC43)CC2CC1
C1CCC2CC(CCCC3CCCC4CCCCC43)CC2C1
C1CCC(C2CCC3CCCC3C3CCC4CCCCC4C23)CC1
C1CCC2C(C1)CCC1CCCCC12
C1CCC(CC2CCC3CC4C(CCC45CCCCC5)CC23)CC1
C1CCC(C2CCC3(CCC4CCC5C(CCC5C5CCCCC5)CC43)C2)CC1
C1CCC(C2CCC3CCCC3C3CCC4CCCCC4C23)CC1
C1CCC(CCCC2(CCC3CCCC3)CCC3C4CCC5CCCCCC5C4CCC32)CC1
C1CCC(CCC2CCC3C(CCC4CC(C5CCCCC5)CCCC43)C2)CC1
C1CCC(CCCCC2CC3CCCCC3C2)CC1
C1CCC(C2CCC3C(CCC4CCCCC43)C2)CC1
C1CCC(CCCCC2CCC3CCCCC23)CC1
C1CCC2C(C1)CCC1C3CCCC3CCC21
C1CCC(CCCCC2CC3CCCCC3C2)CC1
C1CCC(CCC2CCCCC3CCC(C4CCCC5CCCC54)CC23)CC1
C(CCCC1CCCC2CCCCC12)CCC1CCC(C2CCCCC2)C1
C(CCC1CCCC2CCCCC12)CC1CCCC2CCCCC12
C1CCC(C2CC3CCCCC3C3CCC(CCC4CCCC4)CC23)CC1
C1CCC(CCC2CCC(C3CCC4C(CC5CCCCC5)CCC4C3)CC2)CC1
C1CCC2CC(CCCC3CCC4C3CCC3C5CCCCC5CCC43)CC2C1
C(CCCCC1CCC2C(CCC3C4CCCC4CCC23)C1)CCCC1CCCC(CC(CC2CCC(CC3CCCCC3)CC2)C2CCCCC2)C1
C1CCC2CC(CCCC3CCCC4C3CCC3C5CCCCC5CCC43)CC2C1
C1CCC(CCC2CCC3C(CCC3C3CCCCC3)C2)CC1
C1CCC(CC2CC3CCCCC3C3CCC4CCCCC4C23)C1
C1CCC(CCCCC2CC3CCCCC3C2)CC1
C(CCCC1CCCC2C1CCC2C1CCC(CC2CC2)CC1)CCC1CCCCC1
C1CCC(CCCCC2CC3CCCCC3C2)CC1
C1CCC(CCC2CCC(C3CCCC4C(CC5CCCCC5)CCC34)C2)CC1
C1CCC2CC(C3CCCC4CCCC43)CCC2C1
C1CCC(CCC2CCC3C(CCC3C3CCCC(CCC4CCCC4)C3)C2)CC1
C1CCC(CCC2CCC3C(CC4CCCCC4)CCC3C2)CC1
C1CCC(CCCC2CCCC(C3CCC4CC(CCC5CCC6CCCCC6C5)CCC43)C2)CC1
C(CCCC1(C2CCCC2)CCCC2CCCCC21)CCC1CCC(C2CCCCC2)C1
C1CCC2C(C1)CCC1C3CCCC3CCC21
C1CCC2C(C1)CCC1C3CCCC3CCC21
C1CCC(C2(CCCCC3CCC4CCCCC4C3)CCCC3CCCCC32)CC1
C(CCC1CCCC2CCCC12)CC1CC2CCCCC2C1
C1CCC(CC2CC3CCCCC3C3CCC4CCCCC4C23)C1
C1CCC(CCCC2CCCC3CCCCC32)C2CCCCC2C1
C1CCC2CC(C3CCCC4CCCC43)CCC2C1
C1CCC2CC(C3CCCC4CCCC43)CCC2C1
C1CCC(CCC2CCC3C(CCC4C5CCCC5CC(CCC5CCCCC5)C34)C2)CC1
C1CCC(CC2CC3CCCCC3C3CCC4CCCCC4C23)CC1
C1CCC2CCC3C4CCCCC4CC(CC4CCCC4)C3C2CC1
C1CCC(CC2CCC3C(CC4CCCCC4)CCC3C2)CC1
C1CCC(C2CC3CCCC3C3CCC4CCCCC4C23)CC1
C1CCC(CCC2CCC3C(CCC4C5CCCCC5CCC34)C2)C1
C1CCC(CCCCCC2CCCC3C(C4CCCCC4)CCC23)CC1
C1CCC(C2CC3CCCCC3CC3CCCCC32)CC1
C1CCC(CCC2CCC3C(CCC3C3CCCC(CCCC4CCCC4)C3)C2)CC1
C(CCCC1CCCC2C(C3CCCCC3)CCC12)CCC1CCCCC1
C1CCC(CCCCCC2CCCC3C(C4CCCCC4)CCC23)CC1
C1CCC(C2CCC3CCCC3C3CCCC4CCCCC4C23)CC1
C1CCC(CC2CCC(CC(CC3CCCCC3)C3CCCCC3)CC2)CC1
C1CCC(CCCCC2CCC3CCCCC23)CC1
C(CCCC1CCCCC1)CCCC1CCC(CC2CCCCC2)C1
C1CCC(CCCC2CCCC3CCC(C4CCCC5CCCC54)CC3C2)CC1
C1CCC(C2CC3CCCC3C3CCC4CCCCCC4C23)CC1
C1CCC(C2C3CCCC(CC4CC5CCCC5CC42)C3)CC1
C1CCC2CCC3CCCCC3C2CC1
C1CCC(CC2CC3CCCCC3C3CCC4CCCCC4C23)CC1
C(CCCCC1CCC(C2CCCCC2)C1)CCCC1CCCCC1
C1CCC(CC2CCCC(CC3CC4CCCCC4C4CCC5CCCCC5C34)C2)CC1
C1CCC(C2CC3CCCC3C3CCC4CCCCC4C23)CC1
C1CCC(CC2CC3CCCCC3C3CCC4CCCCCC4C23)CC1
C1CCC(CCC2CCC3C(CCC3C3CCCCC3)C2)CC1
C1CCC(CCCCCC2CCCC3C(C4CCCCC4)CCC23)CC1
C(CCCC1CCCCC1)CCCC1CCC(C2CCCCC2)C1
C(CCC1CCCC2CCCC12)CC1CC2CCCCC2C1
C1CCC2C(C1)CCCC2CC1CCC2CCCCC2C2CCC3CCCCC3C12
C1CCC(C2CCCC3CCCC3C3CCC4CCCCC4C23)CC1
C1CCC2CC(C3CCCC4CCCC43)CCC2C1
C(CCC1CCCC2CCCC12)CC1CC2CCCCC2C1
C1CCC(CCCCC2CCC3CCCCC23)CC1
C(CCC1CCCC2CCCC12)CC1CC2CCCCC2C1
C1CCC(CC(CC2CCCCC2)C2CCCCC2)CC1
C1CCC(CCC2CCC3C(CCC3C3CCCCC3)C2)CC1
C1CCC2CC(C3CCCC4CCCC43)CCC2C1
C1CCC(CC2CCC3CC4C(CCC5C6CCCC6CCC45)CC23)CC1
C1CCC2CC(C3CCCC4CCCC43)CCC2C1
C1CCC(CC2CCC3C(CCC3C3CCCCC3)C2)CC1
C1CCC(CCC2CCCC3CC4C(CCC4C4CCCCC4)CC23)CC1
C(CCCCC1CCC(C2CCCCC2)C1)CCCC1CCCCC1
C1CCC2CCC(C3CCCC4CCCC43)CC2CC1
C1CCC(C2CCC3CC4C(CCCC45CCCCCC5)CC32)CC1
C1CCC(CCCC2CC3CCCCC3C2C2CCCCC2)CC1
C1CCC(CCCC2(CCC3CCCC3)CCC3C4CCC5CCCCC5C4CCC32)CC1
C1CCC(CCC2CCC3C(CCC3C3CCCCC3)C2)CC1
C1CCC(CCCCC2CC3CCCCC3C2)CC1
C(CC1CCC(C2CCCC2)CC1)CC1CCC2CCCC2C1
C1CCC(CCC2CCC(CCC3CCCC(CC4CCCC4)CC3)CC2)CC1
C1CCC2CCC3C4CCCC4CC(C4CCC(C5CCC(CCCCC6CCC7C(CCC8C9CCCC9CCC78)C6)CC5)CC4)C3C2CC1
C(CCCC1CCCC2C(C3CCCCC3)CCC12)CCC1CCC(C2CCCC2)C1
C1CCC(CCCC2CCCCC2)CC1
C1CCC(CCCC2(CCC3CCCC3)CCC3C4CCC5CCCCCC5C4CCC32)CC1
C1CCC(CCCCCC2CC3CCCCC3C2)CC1
C1CCC(C2CCCCC2CC2CC3CCCCC3CC3CCC4CCCCC4C32)CC1
C1CCC(C2CC3CCCC3C3CCC4CCCCC4C23)CC1
C1CCC(CCC2CCC3C(CCC4C5CCCC5CCC34)C2)CC1
C1CCC(CCCC2CCC(C3CCC4C(CCC4C4CCCCC4)C3)CC2)CC1
C1CCC2C(C1)CC(C1CCCC3CCCCC31)C1CCCC21
C(CCC1CCCC2CCCC12)CC1CC2CCCCC2C1
C(CCC1CCC2C1CCC1C3CCCCC3CCC21)CC1CCCC2CCCCC12
C1CCC(C2CC3C(CCC4CC4)CCC3C3CCC4CCCCC4C23)CC1
C(CCC1CCCC2CCCC12)CC1CCCC2CCCCC12
C1CCC(CCCCCC2CC3CCCCC3C2)CC1
C1CCC(CCC2CCC3C(CCC3C3CCCC(CC4CCCC4)C3)C2)CC1
C(CCC1CCCCC2CCCCC12)CC1CCC2CCCCC2C1
C1CCC(CC2CCC3C(CCC3C3CCCCC3)C2)CC1
C1CCC(CCCCCC2CCCC3C(C4CCCCC4)CCC23)CC1
C1CCC(CCC2CCC3C(CCC4C5CCCC5CCC(CCC5CCCCC5)C34)C2)CC1
C1CCC2CCC(C3CCCC4CCCC43)CC2CC1
C1CCC(CCCCCC2CCCC3C(C4CCCCC4)CCC23)CC1
C1CCC2CC(C3CCCC4CCCC43)CCC2C1
C(CCCC1CCC2CCCC2C1)CCC1CCCCC1
C1CCC(CCCCCC2CCC3CCCCC23)CC1
C1CCC2CC(C3CCCC4CCCC43)CCC2C1
C1CCC2C(C1)CCC1C3CCCCC3CCCC21
C1CCC(C2CC3CCCCC3C3CCC4CCCCC4C23)CC1
C1CCC2CCC(CCC3CCC4C(CCC4C4CCCC(CC5CCCC5)C4)C3)CC2CC1
C1CCC(C2CCC3CCC4C(CCC45CCCCC5)CC32)CC1
C1CCC(CCC2CCC(CCC3CCCCC(CC4CCCC4)C3)CC2)CC1
C1CCC(C2CCC3CC4C(CC5CCC6CCCCC65)CCCC4CC32)CC1
C1CCC(CCCCC2CC3CCCCC3C2)CC1
C1CCC2C(C1)CCC1C3CCCC3CCC21
C1CCC(CC2CCC3CC4C(CCC5C6CCC(CCCC7CCC8CCCCC8C7)C6CCC45)CC23)CC1
C1CCC(CCC(CCC2CCC3CCCC3C2)CC2CCCCC2)CC1
C(CCC1CCCC2CCCCC12)CC1CCC2CCCCC2C1
C1CCC(CCCCCC2CCCCC2)CC1
C1CCC(CCCCC2CC3CCCCC3C2)CC1
C1CCC(C2CC3CCCC3C3CCC4CCCCC4C23)CC1
C1CCC(CCC2CCC3C(CCC4C5CCCC5CCC(CCC5CCCCC5)C34)C2)CC1
C1CCC(CCCCC2CCC3CCCCC23)CC1
C1CCC(CCC(CCC2CCC3CCCC3C2)CC2CCCCC2)CC1
C1CCC(C2CCC3CC4C(CCCC45CCCCC5)CC32)CC1
C1CCC(C2CCC3CC(C4CCC(CCC5CCCC5)CC4)CCC32)CC1
C1CCC(C2CCC(C3CC4CCCC4C4CCC5CCCCC5C34)CC2)C1
C1CCC2CC(C3CCCC4CCCC43)CCC2C1
C1CCC(C2CCC3CC4C(CCC32)CCC2C3CCC(CCCC5CCC6CCCCC6C5)C3CCC42)CC1
C1CCC(CC2CC3CCCCC3C3CCC4CCCCCC4C23)CC1
C1CCC(CCC2CCC3C(CCC3C3CCCCC3)C2)CC1
C1CCC(CCCCCC2CCCC3C(C4CCCCC4)CCC23)CC1
C1CCC(CCC2CCCC3CC4C(CCC23)CCC4C2CCCCC2)CC1
C1CCC(C2CC3CCCC3C3CCCC4CCCCC4C23)CC1
C1CCC(C2CCC3CC4C(CCCC45CCCCC5)CCC32)CC1
C1CCC(CC2CC3CCCCC3C3CCC4CCCCC4C23)C1
C1CCC(CC2CCCC(CC3CC4CCCCC4C4CCC5CCCCC5C4C3)C2)CC1
C(CCC1CCCC2CCCC12)CC1CC2CCCCC2C1
C(CCC1CCCC2CCCCC12)CC1CC2CCCCC2C1
C(CCC1CCCC2CCCCC12)CC1CCC2CCCCC2C1
C1CCC2CCC(C3CCCC4CCCC43)CC2CC1
C1CCC(C2CC3CCCC3C3CCC4CCCCC4C23)CC1
C(CCCC1CCC(C2CCCCC2)C1)CCC1CCCCC1
C1CCC(C2CCC3CC4C(CCCC5C6CCC(CCCC7CC8CCCCC8C7)C6CCC45)CC32)CC1
C1CCC2CC(CC3CCCC4CCCC43)CCC2C1
C(CCCC1CCCCC1)CCCC1CCC(C2CCCCC2)C1
C1CCC(CC2CCC3C(CC4CCCCC4)CCC3C2)CC1
C1CCC(C2CCC3CC4C(CCC45CCCC5)CC32)CC1
C1CCC(C2CCC3CC4C(CCC5CC6CCC(CCCC7CC8CCCCC8C7)C6CCC54)CC32)CC1
C1CCC(CCCC(CCC2CCC3CCCC3C2)CC2CCCCC2)CC1
C(CCC1CCCC2CCCCC12)CC1CCC2CCCCC2C1
C1CCC(CC2CCC3CC4C(CC5CC6CCCCC6C5)CCCC4CC23)CC1
C1CCC(CCC2CCC(C3CC3)CC2)CC1
C1CCC(CCCCCC2CC3CCCCC3C2)CC1
C1CCC(C2CCC3(CCCC4CC5C(CCC5C5CCCCC5)CC43)C2)CC1
C1CCC(C2CC3CCCC3CC3CCC4CCCCC4C32)CC1
C1CCC(CCC2CCCC3C2CCC(C2CCCCC2)C2C4CCCCC4CCC32)CC1
C1CCC(CC2CC3CCCCC3C3CCC4CCCCC4C23)C1
C1CCC(CCC(CCC2CCCCC2)CCC2CCC3CCCC3C2)CC1
C1CCC(CCCC2CCC3CCC(C4CCCC5CCCC54)CC3CC2)CC1
C1CCC(CCCC23CCCC2CC2C4CCC5CCCCC5C4CCC23)C1
C1CCC2CCC(C3CCCC4CCCC43)CC2CC1
C(CCC1CCC2C1CCC1C3CCCCC3CCC21)CC1CC2CCCCC2C1
C1CCC(CCC2CCC3C(CCC4C5CCCCC5CCC34)C2)CC1
C1CCC2CCC3C4CCCC4CCC3C2CC1
C1CCC(C2CCC3CC4C(CCC5C6CCC(CCCC7CCC8CCCCC8C7)C6CCC45)CC32)CC1
C1CCC2C(C1)CCC1C2CCC2C3CCCC3CCC21
C1CCC(CCCC2CCCCC2)CC1
C1CCC(CC2CC3CCCCC3C3CCC4CCCCCC4C23)CC1
C1CCC2CCC3C4CCCCC4CC(CC4CCCC5CCCCC54)C3C2CC1
C1CCC(CCCCC2CCC(C3CCC4C(CCC4C4CCCCC4)C3)CC2)CC1
C1CCC(CCCCC2CC3CCCCC3C2)CC1
C1CCC(C2CC3CCCC3C3CCC4CCCCC4C23)CC1
C1CCC(C2CCC3CC4C(CCC5C6CCCC6CCC45)CC32)CC1
C1CCC(CCC2CCC(CCC3CCCC(CC4CCCCC4)C3)CC2)CC1
C1CCC2CC(CCCC3CCC4C3CCC3C5CCCCC5CCC43)CC2C1
C(CCC1CCC2C1CCC1C3CCCCC3CCC21)CC1CCCC2CCCCC12
C1CCC(C2CC3CCCC3C3CCC4CCCCCC4C23)CC1
C1CCC(CC2CCC(CCCCCC3CCCC4CCCCC34)C2)CC1
C1CCC(CCCCC2CC3CCCCC3C2)CC1
C(CCC1CCCC2CCCCC12)CC1CC2CCCCC2C1
C1CCC(C2CC3CCCC3C3CCC4CCCCCC4C23)CC1
C1CCC(CCC2CCC3C(CCC3C3CCCCC3)C2)CC1
C1CCC(CCC2CCC(C3CC3)CC2)CC1
C1CCC(CCCCC2CC3CCCCC3C2)CC1
C1CCC(C2CC3CCCC3C3CCC4CCCCCC4C23)CC1
C(CCCC1CCCC2CCCCC12)CCC1CCC(C2CCCCC2)C1
C1CCC(CCCCC2CC3CCCCC3C2)CC1
C1CCC(CC2CCCCCC23CCC2CCC(C4CCCCC4)C2CC3)CC1
C1CCC(CC2CC3CCCCC3C3CCC4CCCCC4C23)CC1
C1CCC2CC(CCCC3CCC4C3CCC3C5CCCCC5CCC43)CC2C1
C1CCC(CCCC2CCC3CCC(CC4CCCC5CCCC54)CC3C2)CC1
C1CCC(CCCC2CCC3C(CCC4C5CCCC5CC(CCC5CCCCC5)C34)C2)CC1
C1CCC(C2CC3CCCC3CC3CCC4CCCCC4C32)CC1
C1CCC2CC(C3CCCC4CCCC43)CCC2C1
C1CCC(CC2CC3CCCCC3C3CCC4CCCCC4C23)CC1
C1CCC(CCCCC2CC3CCCCC3C2)CC1
C1CCC(CC2CC3CCCCC3C3CCC4CCCCCC4C23)CC1
C(CCC1CCC2C(CCC3C4CCCC4CCC23)C1)CC1CCC(C2CCC3CCCC3C3CCC4CCCCC4C23)CC1
C1CCC2C(C1)CCC1C2CCC2C3CCCC3CC21
C1CCC2CC(CCCC3CCC4C3CCC3C5CCCCC5CCC43)CC2C1
C1CCC(CCC2(CCCC3CC4CCCCC4C3)CCC3C4CCCC5CCCCC5C4CCC32)C1
C1CCC2CCC(C3CCCC4CCCC43)CC2CC1
C(CCC1CCCC2CCCC12)CC1CC2CCCCC2C1
C1CCC2CC(CCCC3CCC4C3CCC3C5CCCCC5CCC43)CC2C1
C1CCC(CCCCC2CC3CCCCC3C2)CC1
C1CCC(C2CC3CCCC3C3CCC4CCCCC4C23)CC1
C1CCC(C2CCC3CC4CCCCC4CC32)CC1
C1CCC(CCCC(CCC2CCCCC2)CCC2CCC3CCCC3C2)CC1
C1CCC2C(C1)CCCC1C3CCCC3CCC21
C(CCC1CCC2CCCCC2C1)CCC1CCCC2CCCC12
C1CCC(CCCCCC2CCC3CCCCC23)CC1
C(CCC1CCC2CCCCC2C1)CCC1CCCC2CCCCC12
C1CCC2C(C1)CCCC1C3CCCC3CCC21
C1CCC2CC3CCCCC3CCC2C1
C1CCC(C2CCC3CC4C(CCC32)CCC42CCCCC2)CC1
C1CCC(C2CCC3C(CCCCCC4CCC(C5CCCC5)C4)CCCC23)CC1
C1CCC(CCC2CC3CCCC3C3CCC4CCCCC4C23)CC1
C1CCC2C(C1)CCC1C3CCCCC3CCC21
C1CCC(C2CCC3C(CCCC4CCCCC43)C2)CC1
C1CCC2CCC3C(CCC4C5CCCC5CC43)C2CC1
C1CCC2CCC3C4CCCCC4CCC3C2CC1
C1CCC(CCCCC2CC3CCCCC3C2)CC1
C1CCC2CC(CC3CCCC4CCCC43)CCC2C1
C1CCC2CC(CCCC3CCC4C3CCCC3C5CCCCC5CCC34)CC2C1
C1CCC2CC(C3CCCC4CCCC43)CCC2C1
C1CCC(CCCC2CCC3C(CCC4C5CCCC5CCC34)C2)CC1
C(CCCC1CCC2CCCC2C1)CCCC1CCC(C2CCCCC2)C1
C1CCC(CCCC(CC2CC3CCCCC3C2)C2CC2)CC1
C1CCC2C(C1)CCC1C3CCCC3CCC21
C1CCC(CCC2CCC3C(CCC3C3CCCCC3)C2)CC1
C1CCC(C2CCC3CCCC3C3CCC4CCCCC4C23)CC1
C1CCC(CCC2CCCCC2)CC1
C1CCC(CC2CC3CCCC3C3CCC4CCCCC4C23)CC1
C1CCC(C2CCC3CCCC3C3CCC4CCCCC4C23)CC1
C1CCC(C2CCC3CC4C(CCCC45CCCC5)CC32)CC1
C1CCC2CC(CC3CCCC4CCCC43)CCC2C1
C(CCC1CC2CCCCC2C1)CCC1CCCC2CCCC12
C1CCC(CCC2CCC(CCC3CCCC(CC4CCCC4)CC3)CC2)CC1
C1CCC2C(C1)CCC1C3CCCC3CCC21
C1CCC2CC(CC3CCCC4CCCC43)CCC2C1
C1CCC2CCC(C3CCCC4CCCC43)CC2CC1
C1CCC2CCC(C3CCCC4CCCC43)CC2CC1
C1CCC2CC(CCCC3CCC4C3CCC3C5CCCCC5CCC43)CCC2C1
C(CCC1CC2CCCCC2C1)CCC1CCCC2CCCC12
C1CCC(CCC2CCC3C(CCC4CCCCC43)C2)CC1
C(CCC1CC2CCCCC2C1)CCC1CCCC2CCCC12
C1CCC(CCCCC2CC3CCCCC3C2)CC1
C1CCC(CCCCCC2CCCCC2)CC1
C1CCC2CC(C3CCCC4CCCC43)CCC2C1
C1CCC2CCC3C4CCCC4CCC3C2CC1
C1CCC(CCCCC2CCCC3CCCC23)CC1
C1CCC2CC3CCC4C(CCCC5CC6CCCCC6C5)CCC4C3CCC2C1
C(CCCC1CCCC2C(C3CCCCC3)CCC12)CCC1CCCCC1
C1CCC2C(C1)CCC1C3CCCC3CCC21
C1CCC(CC2CCCC(CCC3CCC(CCC4CCC(C5CC5)CC4)CC3)C2)C1
C1CCC(CC2CCC(CCCCCC3(C4CCCC4)CCCC4CCCCC43)C2)CC1
C1CCC(CC2CC3CCCCC3C3CCC4CCCCCC4C23)CC1
C1CCC2C(C1)CCC1CCCCC12
C(CCC1CCCC2CCCCC12)CC1CCCC2CCCCC12
C1CCC2CCC(C3CCCC4CCCC43)CC2CC1
C(CCCC1CCCC2CCCCC12)CCC1CCCC1
C1CCC(CCC2CCC3C(CCC4C5CCCC5CC(CCC5CCCCC5)C34)C2)CC1
C(CCCC1CCCC2C(C3CCCCC3)CCC12)CCC1CCCCC1
C1CCC(CCCCC2CCC3CCCCC23)CC1
C1CCC(CCCCC2CCC3CCCCC23)CC1
C1CCC(CC(CC2CCCCC2)C2CCCCC2)CC1
C1CCC2CC(CCCC3CCCC4CCCCC43)CC2C1
C(CCCC1CCCC2C(C3CCCCC3)CCC12)CCC1CCCCC1
C(CCC1CCCC2CCCCC12)CCC1CCCC2CCCCC12
C1CCC(C2CC3CCCCC3C3CCC4CCCCC4C23)CC1
C1CCC(CCCCCC2CC3CCCCC3C2)CC1
C1CCC2CCC(C3CCCC4CCCC43)CC2CC1
C1CCC2CC(C3CCCC4CCCC43)CCC2C1
C1CCC(CCC2CCC3C(CCC3C3CCCCC3)C2)CC1
C1CCC(C2CC3CCCC3C3CCC4CCCCCC4C23)CC1
C1CCC(CCC2CCCCC2)CC1
C1CCC(CCCCC2CC3CCCCC3C2)CC1
C1CCC(C2CC3CCCC3C3CCC4CCCCC4C23)CC1
C1CCC(C2CC3C(CCC34CCCC4)C3CCC4CCCCC4C23)CC1
C1CCC2CCC(C3CCCC4CCCC43)CC2CC1
C(CCC1CCCC1)CCC1CCCC2CCCCC2C1
C1CCC(CCC2CCC3C(CC4CCCCC4)CCC3C2)CC1
C(CCCC1CCCCC1)CCCC1CCC(C2CCCCC2)C1
C1CCC(CCC2CCC3C2CCC(CC2CCCCC2)C2C4CCCCC4CCC32)CC1
C1CCC(CCCCC2CCC3CCCCC23)CC1
C1CCC(CCCCC2CC3CCCCC3C2)CC1
C1CCC(CCCCCC2CCC3CCCCC23)CC1
C1CCC(CCC2CCC3C(CCC4C5CCCC5CCC34)C2)CC1
C(CCCC1CCCC2C1CCC2C1CCC(CC2CC2)CC1)CCC1CCCCC1
C1CCC(C2CC3CCCC3C3CCC4CCCCC4C23)CC1
C1CCC2CCC3C4CCCC4CCC3C2CC1
C1CCC(CC2CC3CCCCC3C3CCC4CCCCCC4C23)CC1
C(CCCC1CCCCC1)CCCC1CCC(C2CCCCC2)C1
C1CCC(CCCCC2CCC3CCCCC23)CC1
C1CCC(CC2CCC3C(CCC3C3CCCCC3)C2)CC1
C1CCC(CC2CCC3CC4C(CCC45CCCCC5)CC23)CC1
C1CCC(CCCCCC2CCCCC2)CC1
C1CCC(CCCC2CCC3CCC(C4CCCC5CCCC54)CC3C2)CC1
C1CCC2CCC3C4CCCCC4CC(CC4CCCC4)C3C2CC1
C1CC2CCC3C(CCC4CCCCC43)CC2C1
C1CCC(CCCC(CC2CCC3C(CCC3C3CCCCC3)C2)C2CCCCC2)CC1
C1CCC(CCCCCC2CC3CCCCC3C2)CC1
C1CCC(C2CCC3CC4C(CCC32)CCC2C3CCCC3CCC42)CC1
C1CCC(CC2CCC3CCCCC3C2)C1
C1CCC2CC(CCCC3CCC4C3CCC3C5CCCCC5CCCC43)CC2C1
C1CCC(C2CCC3CCCC3CC3CCC4CCCCC4C32)CC1
C(CCCC1CCCCC1)CCCC1CCC(C2CCCCC2)C1
C1CCC(C2CCC3CCCC3C3CCCC4CCCCC4C23)CC1
C1CCC2C(C1)CCC1C3CCCC3CCC21
C1CCC(CC2CCC(CC(CC3CCCCC3)C3CCCCC3)CC2)CC1
C1CCC2CC(CC3CCCC4CCCC43)CCC2C1
C(CCC1CCCC2CCCCC12)CC1CCC2CCCCC2C1
C1CCC(CCCCC2CC3CCCCC3C2)CC1
C1CCC(C2CCC3CC4C(CCC32)CCC2C3CCC(CCCC5CCC6CCCCC6C5)C3CCC42)CC1
C1CCC(CCCC2CCC3C(CCC3C3CCCC(CC4CCCC4)C3)C2)CC1
C1CCC(CCCC2CCC3C(CCC3C3CCCCC3)C2)CC1
C1CCC(CCCCC2CC3CCCCC3C2)CC1
C1CCC(C2CC3CCCC3C3CCC4CCCCCC4C23)CC1
C1CCC(C2CC3CCCC3C3CCC4CCCCC4C23)CC1
C1CCC(CC2CC3CCCCC3C3CCC4CCCCCC4C23)CC1
C1CCC2CC(CCCC3CCCC4CCCCC43)CC2C1
C1CCC(CCC(CCC2CCCCC2)CCC2CCC3CCCC3C2)CC1
C1CCC2CC(CC3CCCC4CCCC43)CCC2C1
C1CCC2CC(C3CCCC4CCCC43)CCC2C1
C1CCC2C(C1)CCC1C3CCCC3CCC21
C(CCCCC1CCC(C2CCCCC2)C1)CCCC1CCCCC1
C1CCC(CCCC2CCC3CCC(C4CCCC5CCCC54)CC3C2)CC1
C1CCC(CCCCC2CC3CCCCC3C2)CC1
C1CCC2C(C1)CCC1C3CCCC3CCC21
C1CCC(C2C3CCCC3CC3CC4CCCC4CC32)CC1
C(CCC1(C2CCCC2)CCCCC2CCCCC21)CC1CCC2CCCCC2C1
C1CCC(C2CCC3CCC4C(CCC5C6CCC(CCCC7CCC8CCCCC8C7)C6CCC45)CC32)CC1
C(CCCC1CCCCC1)CCCC1CCC(C2CCCCC2)C1
C1CCC(CCCCCC2CCC3CCCCC23)CC1
C1CCC(C2CCC3CCCCC3C3CCCCC23)CC1
C1CC2CCC3C(CCC4CCC5CC5C43)C2C1
C1CCC(C2CC3CCCCC3CC3CCCCC32)CC1
C(CCC1CCCC2CCCCC12)CCC1CCCC2CCCC12
C1CCC(CCCC2(CCC3CCCC3)CCC3C4CCC5CCCCC5C4CCC32)CC1
C1CCC(CCCCCC2CCCC3C(CC4CCCCC4)CCC23)CC1
C1CCC2CC(C3CCCC4CCCC43)CCC2C1
C1CCC2CCC3C4CCCC4CCC3C2CC1
C1CCC(C2CCC3C(CCCCCC4CCC(C5CCCC5)C4)CCCC23)CC1
C(CCC1CCCC2CCCC12)CC1CC2CCCCC2C1
C(CCCC1CCCCC1)CCCC1CCC(C2CCCCC2)C1
C1CCC(CCCCCC2CC3CCCCC3C2)CC1
C1CCC(CC2CCC3C(CCCCCC4CC4)CCCC23)CC1
C1CCC(CC2CCC3CC4C(CCC5C6CCC(CCCC7CCC8CCCCC8C7)C6CCC45)CC23)CC1
C1CCC(C2CCC3CC4C(CCCC5C6CCC(CCCC7CCC8CCCCC8C7)C6CCC45)CC32)CC1
C1CCC(C2CCC3CC4C(CCCC45CCCC5)CC32)CC1
C1CCC2CCC3C4CCCC4CCC3C2CC1
C1CCC(CCCCCC2CCC3CCCCC23)CC1
C1CCC(CCCC2CCC3CCC(C4CCCC5CCCC54)CC3C2)CC1
C1CCC(C2CCC3CC4C(CCC5C6CCC(CCCCC7CCCC8CCCCC78)C6CCC45)CC32)CC1
C1CCC(CCCCCC2CCCCC2)CC1
C1CCC(C2CC3CCCC3C3CCC4CCCCC4C23)CC1
C1CCC(CC2CCC3C(CCC3C3CCCCC3)C2)CC1
C1CCC(CCC2CCCCC2)CC1
C(CCC1CCCC2CCCCC12)CC1CCC2CCCCC2C1
C1CCC2CC(C3CCCC4CCCC43)CCC2C1
C1CCC(CCC2CCC3C(CCC3C3CCCCC3)C2)CC1
C1CCC(CCCCCC2CCC3CCCCC23)CC1
C1CCC(CCCCCC2CCCC3C(C4CCCCC4)CCC23)CC1
C1CCC2C(C1)CCC1C3CCCC3CCC21
C1CCC(CCC2CCC3C(CCC3C3CCCCC3)C2)CC1
C(CCCC1CCCC2C(C3CCCCC3)CCC12)CCC1CCCCC1
C1CCC(C2CC3CCCC3C3CCC4CCCCC4CC23)CC1
C(CCCCC1CCC(C2CCCCC2)C1)CCCC1CCCCC1
C1CCC(CCCCCC2CCCC3C(C4CCCCC4)CCC23)CC1
C1CCC(C2CC3CCCC3C3CCC4CCCCC4C23)CC1
C1CCC(CCCCCC2CCCC3C(CC4CCCCC4)CCC23)CC1
C1CCC2CC(C3CCCC4CCCC43)CCC2C1
C1CCC(CC2CC3CCCCC3C3CCC4CCCCC4C23)C1
C1CCC(C2CCC(CCCC3CCC4C3CCC3C5CCCCCC5CCC43)C2)CC1
C(CCCC1CCCC2C(C3CCCCC3)CCC12)CCC1CCCCC1
C1CCC(C2CC3CCCC3C3CCC4CCCCCC4C23)CC1
C1CCC(CCCC2CC3CCCCC3C2CC2CCCCC2)CC1
C1CCC(C2CC3CCCC3C3CCC4CCCCC4C23)CC1
C1CCC(C2CCC3CCCC3C3CCC4CCCCC4C23)CC1
C1CCC(CCCCC2CCC3CCCCC23)CC1
C1CCC(C2CCC3CC4C(CCCC45CCCC5)CC32)CC1
C1CCC2CCC3C4CCCC4CCC3C2CC1
C1CCC(CCCCC2CCC3CCCCC23)CC1
C1CCC2C(C1)CCC1CCCCC12
C1CCC(C2CCC3CC4CCCCC4CC32)CC1
C1CCC2CC(C3CCCC4CCCC43)CCC2C1
C1CCC2C(C1)CCC1CCCCC12
C1CCC(C2CC3CCCC3C3CCC4CCCCCC4C23)CC1
C1CCC(CCCCCC2CCCC3C(C4CCCCC4)CCC23)CC1
C1CCC(C2CCC3CC4C(CCCC4CC4CCC5CCCCC54)CCC32)CC1
C1CCC(C2CCC3C(CCCC4CCCCC43)C2)CC1
C1CCC(C2CC3CCCC3C3CCCC4CCCCC4C23)CC1
C1CCC(CCCCC2CCCC3CCC(C4CCCC5CCCC54)CC3C2)CC1
C1CCC(C2CC3C(CCC4CC4)CCC3C3CCC4CCCCC4C23)CC1
C1CCC(C2CCC3CC(CC4CCC(CCC5CCCC5)CC4)CCC32)CC1
C1CCC(CC2CCCC(C3CCC4CC(CCC5CCC6CCCCC6C5)CCC43)C2)C1
C1CCC(CCCCC2CC3CCCCC3C2)CC1
C1CCC(C2CCC3CCC4C(CCC45CCCCC5)CC32)CC1
C(CCC1CCCC2CCCC12)CC1CC2CCCCC2C1
C1CCC(CCCCC2CCC3CCCCC23)CC1
C1CCC(CCCCC2CC3CCCCC3C2C2CCCCC2)CC1
C1CCC(CCC(CCC2CCC3CCCCC3C2)CC2CCCCC2)CC1
C1CCC(CCCCCC2CC3CCCCC3C2)CC1
C1CCC(CCCCC2CC3CCCCC3C2)CC1
C1CCC(C2CCC3CC4C(CCC32)CCC2C3CCC(CCCC5CCC6CCCCC6C5)C3CCC42)CC1
C(CCC1CCC2C(CCC3C4CCCC4CCC23)C1)CC1CCC(C2CC3CCCC3C3CCC4CCCCC4C23)CC1
C1CCC(CCCCC2CC3CCCCC3C2)CC1
C1CC2CC2C2C(C1)CCC1C3CCCC3CCC12
C(CCCC1CCCCC1)CCCC1CCC(C2CCCCC2)C1
C1CCC(CCC2CCC3C(CCC3C3CCCCC3)C2)CC1
C1CCC(C2CCC3CC4C(CCC5C6CCCC(CCCC7CC8CCCCC8C7)C6CCC45)CC32)CC1
C1CCC(CCC2CCC3C(CCCC4C5CCCC5CC(CCC5CCCCC5)C34)C2)CC1
C1CCC(CCC2CC3CCCCC3C3CCC4CCCCC4C23)CC1
C1CCC2CCC3C4CCC(CCCC5CCC6CCCCC6C5)C4CCC3C2CC1
C1CCC(CC2CCC3CC4C(CCC5C6CCC(CCCC7CCCC8CCCCC87)C6CCC45)CC23)CC1
C1CCC(CCC2CCC3C(CCC3C3CCCC(CCCC4CCCC4)C3)C2)CC1
C1CCC(CCCCC2CCC3CCCCC23)CC1
C1CCC(CCCC2CCC3C(CCC3C3CCCC3)C2)CC1
C1CCC(CCC2(CCCC3CC4CCCCC4C3)CCCC3C4CCC5CCCCC5C4CCC32)C1
C1CCC(CCC(CC2CC3CCCCC3C2)C2CCC2)CC1
C1CCC(C2CCC3C(CCC34CCCC4)C3CCC4CCCCCC4C23)CC1
C1CCC2CCC3C4CCCC4CCC3C2CC1
C(CCCC1CCCC2C(C3CCCCC3)CCC12)CCC1CCCCC1
C1CCC2CCC3C4CCCCC4CC(CC4CCCC4)C3C2CC1
C1CCC(C2CCC3CC4C(CCCC4CC4CC5CCCCC5C4)CCC32)CC1
C(CCC1(C2CCCC2)CCCCC2CCCCC21)CC1CCC2CCCCC2C1
C(CCC1CCC(C2CCCC2)C1)CCC1CCCC2CCCCC12
C1CCC2CCC3C4CCCCC4CC(CC4CCCC5CCCCC54)C3C2CC1
C1CCC2CCC(C3CCCC4CCCC43)CC2CC1
C1CCC(CCCCC2CC3CCCCC3C2)CC1
C(CCC1CCCC2CCCCC12)CC1CC2CCCCC2C1
C1CCC2CCC(C3CCCC4CCCC43)CC2CC1
C1CCC2CC3CCC(C4CCCCC4)C3CC2CC1
C1CCC(C2CCC3C(CCCC4CCCCC43)C2)CC1
C1CCC2CC(CC3CCCC4CCCC43)CCC2C1
C(CCC1CCCC1)CCC1CCCC2CCCCC12
C1CCC(CCCCC2CC3CCCCC3C2)CC1
C1CCC(CCC2CCC3C(CCC3C3CCCCC3)C2)CC1
C1CCC2C(C1)CCCC1C3CCCC3CCC21
C1CCC(CCCCCC2CC3CCCCC3C2)CC1
C1CCC(C2CCC3CC4C(CCC45CCCCCC5)CC32)CC1
C1CCC2CC(C3CCCC4CCCC43)CCC2C1
C1CCC2C(C1)CC(C1CCCC3CCCC31)C1CCCCC21
C1CCC(CCC2(CCCC3CCC4CCCCC4C3)CCC3C4CCC5CCCCC5C4CCC32)C1
C(CCCC1CCCCC1)CCCC1CCC(CC2CCCCC2)C1
C1CCC(C2CCC3C(CCC4CCCCC43)C2)CC1
C1CCC(CCCC2CCC3CCC(CC4CCCC5CCCC54)CC3C2)CC1
C1CCC(CCC2CCC3C(CCC3C3CCCCC3)C2)CC1
C1CCC(CCCC2CCCC3CCC(C4CCCC5CCCC54)CC3C2)CC1
C1CCC2CC(CC3CCCC4CCCC43)CCC2C1
C1CCC2CCC3C4CCC(CCCC5CCC6CCCCC6C5)C4CCC3C2CC1
C1CCC(CCC(CCC2CCC3CCCCC3C2)CC2CCCCC2)CC1
C1CCC2CCC(C3CCCC4CCCC43)CC2CC1
C1CCC(CCC2CCC3C(CCC3C3CCCC(CCC4CCCCC4)C3)C2)CC1
C1CCC(CCCCCC2CCC3CCCCC23)CC1
C1CCC(C2CCC3CCC4(CCCCCC4)C3C2)CC1
C1CCC(CC2CCCC(CCC3CCC(CCC4CCC(C5CC5)CC4)CC3)CC2)C1
C1CCC2C(C1)CCCC1C3CCCC3CCC21
C1CCC2CC(CC3CCCC4CCCC43)CCC2C1
C1CCC2CC(C3CCCC4CCCC43)CCC2C1
C1CCC2CC(CC3CCCC4CCCC43)CCC2C1
C1CCC2C(C1)CCCC1CCCCC12
C(CCCC1(C2CCCCC2)CCC1)CCC1CCC(C2CCCCC2)C1
C1CCC(CC2CC3CCCCC3C3CCC4CCCCCC4C23)CC1
C1CCC(C2CC3CCCC3C3CCC4CCCCC4C23)CC1
C1CCC(C2CCC(CC3CCC4CCCCC4C4CCC5CCCCC5C34)CC2)CC1
C1CCC(C2CCC3CC4C(CC5CCC6CCCCC65)CCCC4CC32)CC1
C1CCC(CCCCCC2CCCC3C(C4CCCCC4)CCC23)CC1
C(CCCC1CCCCC1)CCCC1CCC(C2CCCCC2)C1
C1CCC(CCCCC2CCC3C2CCC2C4CCCCC4CCC32)C1
C1CCC2CC(C3CCCC4CCCC43)CCC2C1
C1CCC(C2CCC3C(CCCCCC4CCC(C5CCCC5)C4)CCCC23)CC1
C1CCC(C2CC3CCCC3C3CCC4CCCCC4C23)CC1
C1CCC2C(C1)CCC1C3CCCC3CCC21
C1CCC(C2CC3CCCC3C3CCC4CCCCC4C23)CC1
C1CCC(CC2CC3CCCCC3C3CCC4CCCCC4C23)CC1
C1CCC(C2CC3CCCC3C3CCC4CCCCC4CC23)CC1
C1CCC(CCCCCC2CCCC3C(C4CCCCC4)CCC23)CC1
C1CCC(C2CCC3CC4(CCCCC4C4CCCCC4)CCCC32)CC1
C1CCC(CCCCC2CCC3CCC(C4CCCC5CCCC54)CC3C2)CC1
C1CCC(CCCCCC2CCCCC2)CC1
C1CCC(CCC2CCC3C(CCC3C3CCCCC3)C2)CC1
C1CCC(CCCCCC2CC3CCCCC3C2)CC1
C1CCC(CCCC2CCC3C2CCC2C4CC5CCC(C6CCCCC6)C5CC4CCC32)CC1
C1CCC(C2CCC3CC4C(CCC32)CCC2C3CCC(CCCC5CCC6CCCCC6C5)C3CCC42)CC1
C1CCC(CCCCCC2CCCC3C(C4CCCCC4)CCC23)CC1
C1CCC2CCC(C3CCCC4CCCC43)CC2CC1
C1CCC2CCC(C3CCCC4CCCC43)CC2CC1
C1CCC(CCC2CCCCC3CCC(C4CCCC5CCCC54)CC23)CC1
C1CCC(CCCCCC2CC3CCCCC3C2)CC1
C1CCC2CCC3C4CCCCC4CC(CC4CCCC4)C3C2CC1
C1CCC(CCCCCC2CC3CCCCC3C2)CC1
C1CCC(CCCCC2CCC3CCC(C4CCCC5CCCC54)CC3C2)CC1
C1CCC(CCCCC2CC3CCCCC3C2)CC1
C1CCC2CCC3C4CCCC4CCC3C2CC1
C1CCC(CCC2CCC(CCC3CCCC(CC4CCCCC4)C3)CC2)CC1
C1CCC(CCCCC2CC3CCCCC3C2)CC1
C1CCC(C2CCC3CCC4CCCCC4C3CC2)CC1
C1CCC2C(C1)CCCC1C3CCCC3CCC21
C1CCC(CCC2CCC3C(CCC3C3CCCCC3)C2)CC1
C1CCC(CCC2CCCC3CCC(CC4CCCC5CCCC54)CC23)CC1
C1CCC(C2CC3CCCC(C3)C3CCC4CCCCC4C32)CC1
C1CCC2C(C1)CCC1C3CCCC3CCC21
C1CCC2CC(CCCC3CCC4C3CCC3C5CCCCC5CCC43)CC2C1
C1CCC2C(C1)CCCC1C3CCCC3CCC21
C1CCC(CCCC(CC2CC3CCCCC3C2)C2CCCC2)CC1
C1CCC2CCC3C4CCCCC4CCC3C2CC1
C1CCC(C2CCC(CCCCCC3CCCC4C(C5CCCCC5)CCC34)C2)CC1
C1CCC(CCCC2(CCC3CCCC3)CCC3C4CCC5CCCCCC5C4CCC32)CC1
C1CCC(CC2CC3CCCCC3C3CCC4CCCCC4C23)C1
C1CCC(C2CCC3CC4C(CCC5C6CCCC(CCCC7CCC8CCCCC8C7)C6CCC45)CC32)CC1
C1CCC(CC2CC3CCCCC3C3CCC4CCCCC4C23)C1
C1CCC2C(C1)CCC1C3CCCCC3CCC21
C1CCC(CCC2CCC3C(CCC3C3CCCCC3)C2)CC1
C1CCC(CCCCCC2CC3CCCCC3C2)CC1
C1CCC(C2CCC3CC4C(CCC32)CCC2C3CCC(CCCC5CCC6CCCCC6C5)C3CCC42)CC1
C1CCC(CC2CCC3CCCCC3C3CCC4CCCCC4C23)C1
C1CCC(CCC2CCC3C(CCC3C3CCCCC3)C2)CC1
C1CCC2CCC3C4CCCC4CCC3C2CC1
C1CCC(CCC2CCC3C(CCC3C3CCCCC3)C2)CC1
C1CCC(CC2CCCCCC23CCC2C(CCC2C2CCCCC2)C3)CC1
C1CCC(CC2CC3CCCCC3C3CCC4CCCCCC4C23)CC1
C1CCC2C(C1)CCC1C3CCCC3CCCC21
C1CCC2CCC(C3CCCC4CCCC43)CC2CC1
C1CCC(C2CCC3CC4C(CCCC45CCCC5)CC32)CC1
C1CCC2CCC3C(CCC4C5CCCC5CC43)C2CC1
C1CCC2CC(CCCC3CCCC4C3CCC3C5CCCCC5CCC43)CC2C1
C(CCCC1CCCC2C(C3CCCCC3)CCC12)CCC1CCCCC1
C1CCC(C2CCC(CCCCCC3CCCC4CCCCC34)C2)CC1
C1CCC(CCCC2CCC3CCC(C4CCCC5CCCC54)CC3C2)CC1
C1CCC(CCCC2CCC3C(CCC3C3CCCC3)C2)CC1
C1CCC2CCC3C4CCCC4CCC3C2CC1
C1CCC(CC2CC3CCCC3C3CCC4CCCCC4C23)CC1
C1CCC(CCCCC2CC3CCCCC3C2)CC1
C1CCC2CC(C3CCCC4CCCC43)CCC2C1
C(CCC1CCCC2CCCC12)CC1CC2CCCCC2C1
C1CCC2C(C1)CCC1C2CCC2C3CCCCC3CC21
C1CCC(CCCCCC2CC3CCCCC3C2)CC1
C1CCC(C2CC3CCCC3C3CCC4CCCCC4C23)CC1
C1CCC(CCCCC2CC3CCCCC3C2)CC1
C1CCC(CCCCC2CCCC(C3CCC4CC(CCC5CCC6CCCCC6C5)CCC43)C2)CC1
C1CCC2C(C1)CCC1C3CCCC3CCC21
C1CCC(C2CCC3CC4C(CCCC45CCCCC5)CC32)CC1
C1CCC(CCC2CCC3C(CCC3C3CCCC(CC4CCCC4)C3)C2)CC1
C1CCC(CCC2CCC(C3CC3)CC2)CC1
C1CCC2CCC3C4CCCC4CC(C4CCC(CCCCC5CCC6C(CCC7C8CCCC8CCC67)C5)CC4)C3C2CC1
C1CCC(CCC2CCC3C(CCC3C3CCCCC3)C2)CC1
C(CCC1CCCC2CCCCC12)CCC1CCCC2CCCCC12
C1CCC2CC(CCCC3CCCC4C3CCC3C5CCCCC5CCC43)CC2C1
C1CC2CCC3C(CCC4CCCCC43)CC2C1
C(CCCC1CCCC2C(C3CCCCC3)CCC12)CCC1CCCCC1
C1CCC(C2CC3CCCC3C3CCC4CCCCC4C23)CC1
C1CCC2C(C1)CCC1C3CCCC3CCC21
C1CCC(C2CCC3CC4C(CCC32)CCC2C3CCC(CCCC5CC6CCCCC6C5)C3CCC42)CC1
C1CCC2CC(C3CCCC4CCCC43)CCC2C1
C1CCC(C2CC3CCCC3C3CCC4CCCCC4C23)CC1
C1CCC2C(C1)CCC1C3CCCC3CCCC21
C1CCC(C2CCC3CC4C(CCC5C6CCC(CCCC7CCC8CCCCC8C7)C6CCC45)CC32)CC1
C1CCC(CCC2CCC3C(CCC4CC(C5CCCCC5)CCC43)C2)CC1
C(CCCCC1CCC2C(CCC3C4CCCC4CCCC23)C1)CCCC1CCCC(CC(CC2CCC(CC3CCCCC3)CC2)C2CCCCC2)C1
C1CCC(CCCCCC2CCCC3C(C4CCCCC4)CCC23)CC1
C1CCC2CCC(C3CCCC4CCCC43)CC2CC1
C1CCC(CCCCCC2CCC3CCCCC23)CC1
C1CCC(CC2CC3CCCCC3C3CCC4CCCCC4C23)C1
C1CCC(C2CC3C(CCC4CC4)CCC3C3CCC4CCCCCC4C23)CC1
C1CCC(C2CCC3CCC4(CCCCCC4C4CCCCC4)CCC32)CC1
C1CCC(C2CC3CCCC3C3CCCC4CCCCC4C23)CC1
C1CCC(CC(CC2CCCCC2)C2CCCCC2)CC1
C1CCC2C(C1)CCC1CCCCC12
C1CCC(C2CCC3CCCCC3C3CCCCC23)CC1
C1CCC2CC(CCCC3CCC4C3CCC3C5CCCCC5CCC43)CC2C1
C1CCC(CCC2CCC3C(CCC3C3CCCCC3)C2)CC1
C1CCC2CC(CCCC3CCC4C3CCC3C5CCCCC5CCCC43)CC2C1
C(CCCC1CCCC2C(C3CCCCC3)CCC12)CCC1CCCCC1
C1CCC(C2CC3CCCC3C3CCC4CCCCC4C23)CC1
C(CCC1CCC2CCCCC2C1)CCC1CCCC2CCCCC12
C1CCC2CCC(C3CCCC4CCCC43)CC2CC1
C1CCC(C2CCC3CC4C(CCCC45CCCCC5)CC32)CC1
C1CCC(CCCCCC2CC3CCCCC3C2)CC1
C1CCC(CCCCC2CCC3CCCCC23)CC1
C1CCC(C2CCC3CCCC3C3CCCC4CCCCC4C23)CC1
C1CCC(CCC2(CCCC3CCC4CCCCC4C3)CCC3C4CCC5CCCCC5C4CCC32)C1
C1CCC(CCCCC2CC3CCCCC3C2)CC1
C1CCC2CCC3C4CCCC4CCC3C2CC1
C1CCC(C2CC3CCCC3C3CCC4CCCCC4C23)CC1
C1CCC2C(C1)CCC1CCCCC12
C1CCC2CC(C3CCCC4CCCC43)CCC2C1
C1CCC(CCC2CCC(CCC3CCCCC3)CC2)CC1
C(CCCC1CCCC2C(C3CCCCC3)CCC12)CCC1CCCCC1
C(CCCC1CCCCC1)CCCC1CCC(C2CCCCC2)C1
C1CCC(C2CCC(CCCCCC3CCCC4C(C5CCCCC5)CCC34)C2)CC1
C1CCC(C2CC3CCCC3C3CCC4CCCCC4C23)CC1
C1CCC(CCC2CCC3C(CCC3C3CCCCC3)C2)CC1
C1CCC(C2CC3CCCC3C3CCC4CCCCCC4C23)CC1
C1CCC(C2CCC3CC4C(CCCCC45CCCC5)CC32)CC1
C1CCC2CCC(C3CCCC3)CC2CC1
C1CCC(C2CCC(CCCCCC3CCCC4CCCCC34)C2)CC1
C1CCC(CCCCCC2CC3CCCCC3C2)CC1
C1CCC(C2CCC3CC4C(CCC5C6CCC(CCCC7CC8CCCCC8C7)C6CCC45)CC32)CC1
C1CCC(CCC2CCC3C(CCC3C3CCCCC3)C2)CC1
C1CCC2CCC(C3CCCC4CCCC43)CC2CC1
C1CCC(C2CCC3CCCC3C3CCC4CCCCC4C23)CC1
C1CCC2C(C1)CCC1C3CCCCC3CCC21
C1CCC(CC2CCCC(C3CCC4CC(CCCC5CCC6CCCCC6C5)CCC43)C2)C1
C(CCCC1CCCCC1)CCCC1CCC(C2CCCCC2)C1
C1CCC2C(C1)CC(C1CCCC3CCCC31)C1CCCC21
C1CCC(CCCCCC2CCC3CCCCC23)CC1
C1CCC2CC(CCCC3CCC4C3CCC3C5CCCCC5CCC43)CC2C1
C(CCC1CCCC2CCCCC12)CCC1CCCC2CCCCC12
C1CCC(C2CC3CCCC3C3CCC4CCCCCC4C23)CC1
C1CCC(CCCCCC2CC3CCCCC3C2)CC1
C1CCC(CCCCC2CCC3CCCCC23)CC1
C1CCC2C(C1)CCC1C3CCCC3CCC21
C1CCC(CCCC2CCC3C(CCC3C3CCCC(CC4CCCC4)C3)C2)CC1
C1CCC2C(C1)CCC1C3CCCCC3CCC21
C1CCC(C2CCC3CC4C(CCCCC45CCCCC5)CC32)CC1
C1CCC(CCCCC2CCC3CCCCC23)CC1
C(CCC1CCCC2CCCC12)CC1CC2CCCCC2C1
C1CCC(CCC(CCC2CCC3CCCCC3C2)CC2CCCCC2)CC1
C1CCC(CC2CC3CCCCC3C3CCC4CCCCC4C23)C1
C1CCC(CCCC2CCCC3CCC(C4CCCC5CCCC54)CC3C2)CC1
C1CCC(CCC2CCC3C(CCC3C3CCCCC3)C2)CC1
C1CCC2C(C1)CCC1C3CCCC3CCC21
C(CCC1CCCC2CCCCC12)CC1CCC2CCCCC2C1
C(CCC1CCC2CCCCC2C1)CCC1CCCC2CCCCC12
C1CCC(C2CCC3CC4CCCCC4CC32)CC1
C1CCC(CCCC2CCC(C3CCC4C(CCC4C4CCCCC4)C3)CC2)CC1
C1CCC(C2CCC(CCCCCC3CCCC4CCCCC34)C2)CC1
C1CCC2C(C1)CCC1C2CCC2C3CCCC3CC21
C1CCC(CCC2(CCCCC3CC4CCCCC4C3)CCC3C4CCC5CCCCC5C4CCC32)C1
C1CCC(CCCC2(CCC3CCCC3)CCCC3C4CCC5CCCCC5C4CCC32)CC1
C1CCC(C2CC3CCCCC3C3CCC(CCC4CCCC4)CC23)CC1
C1CC2CCCC2C(CC2CC3CCCCC3C3CCCC23)C1
C1CCC(CCC2CCC(C3CCC4C(CC5CCCCC5)CCC4C3)CC2)CC1
C1CCC(CC2CC3CCCCC3C3CCC4CCCCC4C23)CC1
C1CCC2CCC(C3CCCC4CCCC43)CC2CC1
C1CCC(CCCCC2CC3CCCCC3C2)CC1
C1CCC2CCC(C3CCCC4CCCC43)CC2CC1
C(CCCC1CCCCC1)CCCC1CCC(C2CCCCC2)C1
C1CCC(C2CCC3CCC4C(CCC5C6CCC(CCCC7CC8CCCCC8C7)C6CCC45)CC32)CC1
C1CCC(CCCCC2CCC3CCCCC23)CC1
C1CCC(C2CCC3CC4C(CCC5C6CCC(CCCCC7CC8CCCCC8C7)C6CCC45)CC32)CC1
C1CCC2CC(C3CCCC4CCCC43)CCC2C1
C1CCC2C(C1)CC(C1CCCC1)C1CCCCC21
C1CCC(CC2CC3CCCCC3C3CCC4CCCCCC4C23)CC1
C1CCC(C2CCC3CC4C(CCC5C6CCCC6CCC45)CC32)CC1
C1CCC2CCC3C4CCCCC4CC(CC4CCCC4)C3C2CC1
C(CCCC1CCCC2C(C3CCCCC3)CCC12)CCC1CCCCC1
C1CCC(CCCCCC2CCC3C2CCC2C4CCCCC4CCC32)CC1
C1CCC(CCCCCC2CCCC3C(C4CCCCC4)CCC23)CC1
C1CCC(CCCCC2CCCCC3CCC(C4CCCCC4)CC23)CC1
C(CCC1CCC2CCCCC2C1)CCC1CCCCC2CCCCC12
C1CCC2CC(C3CCCC4CCCC43)CCC2C1
C1CCC2CCC3C4CCCC4CCC3C2CC1
C1CCC2C(C1)CCC1C3CCCC3CCC21
C1CCC(CCC(CCC2CCC3CCCC3C2)CC2CCCCC2)CC1
C1CCC(C2CC3CCCC3C3CCC4CCCCC4C23)CC1
C1CCC2CCC3C4CCCC4CCC3C2CC1
C1CCC2CCC3C4CCC(CCCC5CCC6CCCCC6C5)C4CCC3C2CC1
C1CCC(CCC2CC3CCCCC3C3CCC4CCCCC4C23)CC1
C1CCC(C2CC3CCCCC3C3CCC4CCCCC4C23)CC1
C1CCC(CCCCC2CC3CCCCC3C2)CC1
C1CCC(CCC2CCC3C(CCC3C3CCCCC3)C2)CC1
C1CCC(CCCC2CCCC3C2CCC2C4CCCCC4CCC32)C1
C1CCC2C(C1)CCC1C2CCC2C3CCCC3CC21
C1CCC(C2CCC3CC4C(CCC45CCCCC5)CC32)CC1
C1CCC(CCC2CCC3C(CCC3C3CCCC(CC4CCCC4)C3)C2)CC1
C1CCC2CCC(C3CCCC4CCCC43)CC2CC1
C1CCC(C2CCC3CC4C(CCC5C6CCCC6CCCC45)CC32)CC1
C1CCC(C2CCC3CC4C(CCC32)CCC2C3CCC(CCCC5CCC6CCCCC6C5)C3CCC42)CC1
C1CCC(CCC2(CCCC3CC4CCCCC4C3)CCC3C4CCCC5CCCCC5C4CCC32)C1
C1CCC(CCCCC2CCC3CCCCC23)CC1
C1CCC(C2CC3CCCC3C3CCC4CCCCC4C23)CC1
C1CCC(CCC2CCC(CCC3CCCC(CC4CCCC4)C3)CC2)CC1
C1CC2CCC3C(CCC4CCCCC43)CC2C1
C(CCCC1CCCC2C(C3CCCCC3)CCC12)CCC1CCCCC1
C(CCCC1CCCC2C(C3CCCCC3)CCC12)CCC1CCCCC1
C1CCC2CC(C3CCCC4CCCC43)CCC2C1
C1CCC(CCCCC2CC3CCCCC3C2)CC1
C1CCC(C2CCC3C(CCCCCC4CCC(C5CCCC5)C4)CCCC23)CC1
C(CCCC1CCCC2CCCC12)CCC1CCCCC1
C1CCC(CCC2CCC3CC4C(CCC5CCCCC5)CC5CCCC5C4CCC3C2)CC1
C1CCC2C(C1)CC(C1CCCC3CCCC31)C1CCCCC21
C1CCC(CCCC2CCCC(C3CCC4CC(CCC5CCC6CCCCC6C5)CCC43)C2)CC1
C1CCC(C2CCC3CCC4C(CCCC5CC5)CCCC4CC32)CC1
C1CCC(CCC(CC2CCC(CC3CCCCC3)CC2)C2CCCCC2)CC1
C1CCC(C2CCC3CC4C(CCCC45CCCCC5)CC32)CC1
C1CCC2C(C1)CCCC2CCCC1CCC2C1CCC1C3CCCCC3CCC21
C1CCC(CCCCCC2CCCC3C(C4CCCCC4)CCC23)CC1
C1CCC(CCCCC2CCC3CCC(C4CCCC5CCCC54)CC3C2)CC1
C1CCC2CC(C3CCCC4CCCC43)CCC2C1
C1CCC(C2CCC3CCCC3C3CCC4CCCCC4C23)CC1
C1CCC(C2CCC3C(CCC4CCCCC43)C2)CC1
C1CCC(CCC2CCCC3CCC4C(CCC4C4CCCCC4)CC23)CC1
C1CCC(C2CCC3CC4C(CCC5C6CCC(CCCC7CC8CCCCC8C7)C6CCC45)CC32)CC1
C1CCC(C2CCC3CC4C(CCC32)CCC42CCCCC2)CC1
C(CCCC1CCCCC1)CCCC1CCC(CC2CCCCC2)C1
C1CCC2C(C1)CCC1C3CCCC3CCC21
C1CCC(C2CCC3CC4C5CCC6C(CCCC7CCC8CCCCC8C7)CCC6C(CCC4CC32)C5)CC1
C1CCC2CCC3C4CCC(CCCC5CC6CCCCC6C5)C4CCC3C2CC1
C1CCC(CCC(CCCC2CCC3CCCC3C2)CC2CCCCC2)CC1
C1CCC(CCC2CCC3C(CCCC4CCCCC43)C2)CC1
C(CCCCC1CCC(C2CCCCC2)C1)CCCC1CCCCC1
C1CCCC(CC2CCCC2CC2CC3CCCCC3C3CCC4CCCCC4C23)CC1
C1CCC(CCCCCC2CCC3CCCC3C2)CC1
C1CCC(CCC2(CCCC3CCC4CCCCC4C3)CCC3C4CCCC5CCCCC5C4CCC32)C1
C1CCC(C2CCC3CC4C(CCC32)CCC42CCCC2)CC1
C1CCC2CCC3C4CCC(CCCC5CCC6CCCCC6C5)C4CCC3C2CC1
C1CCC(C2CC3CCCCC3C3CCCCC23)CC1
C1CCC(CC2CCC3C(CCC3C3CCCCC3)C2)CC1
C1CCC(CCC2CCC3C(CCC3C3CCCCC3)C2)CC1
C1CCC(CCC2CCC(CC3CC3)CC2)CC1
C(CC1CCC2CCCC2C1)CC1CCC2CCC(C3CCCC4CCCC43)CC2C1
C1CCC(CCCCCC2CCC3CCCCC23)CC1
C1CCC2CC(CCCC3CCC4C3CCCC3C5CCCCC5CCC34)CCC2C1
C1CCC2C(C1)CCC1C3CCCC3CCC21
C(CCC1CCC2C1CCC1C3CCCCC3CCC21)CC1CC2CCCCC2C1
C1CCC2CC(C3CCCC4CCCC43)CCC2C1
C1CCC(C2CCC3CC4C(CCC5C6CCCC(CCCC7CC8CCCCC8C7)C6CCC45)CC32)CC1
C(CCCC1CCCC2C(C3CCCCC3)CCC12)CCC1CCCCC1
C1CCC2CCC(C3CCCC4CCCC43)CC2CC1
C1CCC(CCC2CCC(C3CCC4C(CCC4C4CCCCC4)C3)CC2)CC1
C1CCC(CC2CCCCC2CC2CC3CCCCC3C3CCC4CCCCC4C23)CC1
C1CCC(CC2CCCC(CCC3CCC(CCC4CCC(C5CC5)CC4)CC3)C2)C1
C1CCC(C2CCC3CC4C(CCCC5C6CCC(CCCC7CC8CCCCC8C7)C6CCC45)CC32)CC1
C1CCC(CCC2(CCCC3CCC4CCCCC4C3)CCCC3C4CCC5CCCCC5C4CCC32)C1
C1CCC(CCCCC2CC3CCCCC3C2)CC1
C1CCC(C2CC3CCCC3C3CCC4CCCCC4C23)CC1
C(CCC1CCC2C(CCC3C4CCCC4CCC23)C1)CC1CCC(C2CC3CCCC3CC3CCC4CCCCC4C32)CC1
C(CCCC1CCC2CCCC2C1)CCCC1CCC(C2CCCCC2)C1
C1CCC(CCCC2CCCC3CCC(C4CCCC5CCCC54)CC3C2)CC1
C1CCC(C2CCC(CC3CC4CCCCC4C4CCC5CCCCC5C34)CC2)CC1
C1CCC(C2CCC3CC4C(CCC5C6CCCC6CCC45)CC32)CC1
C1CCC2C(C1)CCC1CCCCC12
C1CCC(CC2CCC3C(CCC3C3CCCCC3)C2)CC1
C1CCC(CCCCC2CCC3CCCCC23)CC1
C1CCC(CCCC2CCC3C(CCC3C3CCCCC3)C2)CC1
C1CCC(CCCCCC2CCCC3C(C4CCCCC4)CCC23)CC1
C1CCC2CCC3CCCCC3C2CC1
C1CCC(CCCCCC2C3CCCCC3CCC2C2CCCC3CCCC32)CC1
C1CCC(CC2CC3CCCCC3C3CCC4CCCCC4C23)CC1
C(CCC1CCCCC2CCCCC12)CC1CCC2CCCCC2C1
C1CCC(CCC2CCC3C(CCC3C3CCCC(CC4CCCC4)C3)C2)CC1
C1CCC2CC3CCC(C4CCCCC4)C3CC2CC1
C1CCC(CCCCCC2CC3CCCCC3C2)CC1
C1CCC2CCC3C4CCCC4CCC3C2CC1
C1CCC(C2CCC3CCC4(CCCCCC4C4CCCCC4)CCC32)CC1
C1CCC(CCC(CCC2CCC3CCCC3C2)CC2CCCCC2)CC1
C1CCC2C(C1)CCCC1CCCCC12
C1CCC(CCC2CCC(CC(CC3CCCCC3)C3CCCCC3)CC2)CC1
C1CCC(CCCCC2CC3CCCCC3C2)CC1
C1CCC(C2CCC3CC4C(CCCC45CCCC5)CC32)CC1
C1CCC2CC(C3CCCC4CCCC43)CCC2C1
C1CCC(C2CCC3CCCC3C3CCC4CCCCCC4C23)CC1
C1CCC(C2CCC3CC4C(CCC45CCCCC5)CC32)CC1
C(CCCC1CCCC2C(C3CCCCC3)CCC12)CCC1CCCCC1
C1CCC(CCCCC2CCC3CCCCC23)CC1
C1CCC2CC(C3CCCC4CCCC43)CCC2C1
C1CCC(CCCCCC2CCCC3C(CC4CCCCC4)CCC23)CC1
C1CCC2CCC3C4CCCC4CCC3C2CC1
C1CCC(CCCC(CCC2CCC3CCCC3C2)CC2CCCCC2)CC1
C1CCC2CC(C3CCCC4CCCC43)CCC2C1
C1CCC(CC2CCC3C(CCC4CCCCC43)C2)CC1
C1CCC(CCCCC2CC3CCCCC3C2)CC1
C1CCC(CCCCC2CC3CCCCC3C2)CC1
C1CCC2C(C1)CCC1CCCCC12
C(CCCC1CCCC2C(C3CCCCC3)CCC12)CCC1CCC(C2CCCC2)C1
C1CCC2CC(CCCC3CCC4CC5CCC6CCCCC6C5CCC34)CC2C1
C1CCC(C2CC3CCCCC3C3CCC4CCCCC4C23)CC1
C1CCC(CCCC(CCC2CCCCC2)CCC2CCC3CCCC3C2)CC1
C1CCC(CCC2CCC3C(CCC3C3CCCCC3)C2)CC1
C1CCC(CC2CCC3CCCCC3C3CCC4CCCCC4C23)CC1
C(CCC1(C2CCCC2)CCCCC2CCCCC21)CC1CCC2CCCCC2C1
C1CCC(CCCCC2CCC3CCCCC23)CC1
C1CCC(C2CC3CCCC3C3CCC4CCCCC4C23)CC1
C(CCC1CCCCC2CCCCC12)CC1CCC2CCCCC2C1
C1CCC(CCCCCC2CC3CCCCC3C2)CC1
C1CCC2CCC(C3CCCC4CCCC43)CC2CC1
C(CCCC1CCC(C2CCCCC2)C1)CCC1CCCCC1
C1CCC(CCC2CCC3C(CCC3C3CCCCC3)C2)CC1
C1CCC(C2CC3CCCC3C3CCC4CCCCC4C23)CC1
C1CCC(CCCCC2CCC3CCCCC23)CC1
C1CCC(C2CCC3CC4C(CCC45CCCC5)CC32)CC1
C1CCC(C2CCC3CC4C(CCC32)CCC2C3CCC(CCCC5CC6CCCCC6C5)C3CCC42)CC1
C(CCCCC1CCC(C2CCCCC2)C1)CCCC1CCCCC1
C1CCC(CCCC2CCC3C2CCC2C4CCCCC4CCC32)C1
C1CCC(CCC2CCC3C(CCC3C3CCCCC3)C2)CC1
C1CCC(CC2CCC3CCC(C4CCCC4)C3C2)C1
C1CCC(CCCC2CCC3C(CCC4C5CCCC5CC(CCC5CCCCC5)C34)C2)CC1
C1CCC(CC2CC3CCCCC3C3CCC4CCCCCC4C23)CC1
C1CCC(CCC2CCCCC2)CC1
C(CCC1CCC2CCCCC2C1)CCC1CCCC2CCCCC12
C1CCC2C(C1)CCC1C3CCCC3CCC21
C1CCC(CCC2CCC3C(CCC4CC(C5CCCCC5)CCC43)C2)CC1
C1CCC(CCCC2CCC(C3CCC4C(CCC4C4CCCCC4)C3)CC2)CC1
C(CCCCC1CCC(C2CCCCC2)C1)CCCC1CCCCC1
C1CCC(CCCCC2CC3CCCCC3C2)CC1
C1CCC(CCCCC2C3CCCCCC3CCC2C2CCCC3CCCC32)CC1
C1CCC(C2CCC3CC4CCCCC4CC32)CC1
C1CCC(CCCCCC2CCCC3C(C4CCCCC4)CCC23)CC1
C(CCCC1CCCC2C(C3CCCCC3)CCC12)CCC1CCCCC1
C1CCC(C2CCC(C3CC4CCCC4C4CCC5CCCCC5C34)CC2)C1
C1CCC(C2CCC3CCC4C(CCC45CCCCC5)CC32)CC1
C1CCC(CCCCCC2CCCC3C(CC4CCCCC4)CCC23)CC1
C1CCC2CCC(C3CCCC4CCCC43)CC2CC1
C1CCC(CCC2CCC3C(CCC4CCCCC43)C2)CC1
C1CCC(CC2CCC3C(CCC3C3CCCCC3)C2)CC1
C1CCC(CCCCC2CCC3CCCCC23)CC1
C(CC1CCC(C2CCCC2)CC1)CC1CCC2CCCC2C1
C1CCC2CCC3C4CCCC4CC(C4CCC(C5CCCC5)CC4)C3C2CC1
C1CCC(C2CC3CCCC3C3CCC4CCCCC4C23)CC1
C(CCC1CCC2C1CCC1C3CCCCC3CCC21)CC1CC2CCCCC2C1
C1CCC2C(C1)CCC1C2CCCC2C3CCCC3CC21
C(CCCC1CCC2CCCC2C1)CCCC1CCC(C2CCCCC2)C1
C1CCC(CCCCC2CCC3CCC(C4CCCC5CCCC54)CC3C2)CC1
C1CCC(CCC2CCC3C(CCC3C3CCCCC3)C2)CC1
C1CCC(CCCC2CCCC3CCC(C4CCCC5CCCC54)CC3C2)CC1
C1CCC(CCC2CCC3CC4CCC5CCCC5C4CCC3C2)CC1
C1CCC2C(C1)CCC1CCCCC12
C1CCC(CCCCCC2CC3CCCCC3C2)CC1
C1CCC2C(C1)CCC1CCCCC12
C1CCC(CCCC2CCC3C2CCCC2C4CC5CCC(C6CCCCC6)C5CC4CCC32)CC1
C1CCC(CCCC2CC3CCCCC3C2C2CCCCC2)CC1
C1CCC2CCC3C4CCCCC4CC(CC4CCCC4)C3C2CC1
C(CCCCC1CCC(C2CCCCC2)C1)CCCC1CCCCC1
C1CCC(CCCCC2CC3CCCCC3C2)CC1
C1CCC(C2CC3CCCC3C3CCC4CCCCC4C23)CC1
C1CCC(C2CCC3CCCC3C3CCC4CCCCC4C23)CC1
C1CCC(CCCCC2CC3CCCCC3C2)CC1
C(CCCC1CCCC2C(C3CCCCC3)CCC12)CCC1CCCCC1
C1CCC(C2CCC3CC4C(CCCC45CCCC5)CCC32)CC1
C(CCC1CCC2C1CCC1C3CCCCC3CCC21)CC1CC2CCCCC2C1
C1CCC2C(C1)CCC1CCCCC12
C1CCC(CCCCCC2CC3CCCCC3C2)CC1
C1CCC(C2CCC3C(CCC4CCCCC43)C2)CC1
C1CCC(C2CCC3CC4C(CCC45CCCCCC5)CC32)CC1
C1CCC2C(C1)CCCC2CCCC1CCCC2CCCCC21
C1CCC(C2CC3CCCC3C3CCC4CCCCC4CC23)CC1
C1CCC(CC2CCC3C(CCC3C3CCCCC3)C2)CC1
C1CCC(CCC2CCCCC2)CC1
C1CCC2C(C1)CCC1C3CCCCC3CCC21
C1CCC2CC(CCCC3CCC4C3CCC3C5CCCCC5CCCC43)CC2C1
C1CCC2C(C1)CCC1C3CCCCC3CCC21
C1CCC(CCC2CCCCC2)CC1
C1CCC(C2CCC3CC4CCCCC4CC32)CC1
C1CCC(CCCCC2CCC3CCCCC23)CC1
C1CCC2CC(C3CCCC4CCCC43)CCC2C1
C1CCC(C2CC3CCCC3C3CCC4CCCCCC4C23)CC1
C1CCC2C(C1)CCC1C3CCCC3CCCC21
C1CCC(CCC2CCC3C(CCC3C3CCCCC3)C2)CC1
C(CCC1CCCC2CCCCC12)CC1CCC2CCCCC2C1
C1CCC(CCCC2(CCC3CCCC3)CCC3C4CCC5CCCCC5C4CCCC32)C1
C1CCC(CC2CC3CCCCC3C3CCC4CCCCC4C23)C1
C1CCC(C2CCC3CCCC3C3CCC4CCCCC4C23)CC1
C1CCC(CCC2CCC3C(CCC3C3CCCCC3)C2)CC1
C1CCC2C(C1)CCC1C3CCCCC3CCC21
C1CCC2CCC3C4CCCCC4CC(CC4CCCC(C5CCCC5)C4)C3C2CC1
C1CCC(CCC2CCC3C(CCC4CCCCC43)C2)CC1
C1CCC(CCCCC2CCC3CCCCC23)CC1
C1CCC2CC3CCC4CCCCC4C3CCC2C1
C(CCC1CCCC2CCCC12)CC1CC2CCCCC2C1
C1CCC(C2CC3CCCC3C3CCC4CCCCC4C23)CC1
C1CCC(C2CCC3CCC4(CCCCCC4C4CCCCC4)CCC32)CC1
C1CCC(CCC2CCC(CCC3CCCC(CC4CCCC4)CC3)CC2)CC1
C1CCC(CC2CC3CCCCC3C3CCC4CCCCCC4C23)CC1
C1CCC(CCCCCC2CC3CCCCC3C2)CC1
C1CCC(CCC2CCC(CCC3CCCCC(CC4CCCC4)C3)CC2)CC1
C1CCC(CC2CC3CCCCC3CC3CCC4CCCCC4C32)C1
C1CCC(CCCCCC2CCCC3C(C4CCCCC4)CCC23)CC1
C1CCC2C(C1)CCCC1C3CCCC3CCC21
C1CCC(C2CCC3C(CCCCCC4CCC(C5CCCC5)C4)CCCC23)CC1
C1CCC(CCCCCC2CC3CCCCC3C2)CC1
C1CCC(CCCCC2(CCC3CCCC3)CCC3C4CCC5CCCCC5C4CCC32)C1
C1CCC2CCC3C4CCCC4CCC3C2CC1
C1CCC(CCCC2CCC3CCCC3C2)CC1
C1CCC(CCCCC2CCC3CCCCC23)CC1
C(CCCC1CCCCC1)CCCC1CCC(C2CCCCC2)C1
C(CCC1(C2CCCC2)CCCC2CCCCC21)CC1CCC2CCCCC2C1
C(CC1CCC2CCCC2C1)CC1CCC2CCC(C3CCCC4CCCC43)CC2C1
C1CCC(CCCCCC2CCCC3C(C4CCCCC4)CCC23)CC1
C1CCC2CCC3C4CCC(CCCC5CC6CCCCC6C5)C4CCC3C2CC1
C1CCC(CCCCCC2CCCC3C(C4CCCCC4)CCC23)CC1
C(CCC1CCC2CCCCC2C1)CCC1CCCC2CCCCC12
C1CCC(C2CCC3CCCCC3C3CCCCC23)CC1
C1CCC(CC2CC3CCCCC3C3CCC4CCCCCC4C23)CC1
C1CCC(C2CCC3CC4C(CCCC5C6CCC(CCCC7CC8CCCCC8C7)C6CCC45)CC32)CC1
C1CCC2CC(CCCC3CCCC4C3CCC3C5CCCCC5CCC43)CC2C1
C1CCC(CC2CCC3CC4C(CCC45CCC(C4CCCCC4)C5)CC23)CC1
C1CCC(C2CC3CCCC3C3CCC4CCCCC4C23)CC1
C1CCC(C2CC3C(CCCC4CC4)CCC3C3CCC4CCCCC4C23)CC1
C1CCC(C2CCC3CCCC3C3CCC4CCCCC4C23)CC1
C1CCC(CCC2CCCCC2)CC1
C1CCC2CC(CCCC3CCC4C3CCC3C5CCCCC5CCC43)CC2C1
C1CCC(CC2CCC3CCCCC3C3CCC4CCCCC4C23)C1
C(CCCC1CCCCC1)CCCC1CCC(C2CCCCC2)C1
C1CCC(CCC2CCC3C(CCC3C3CCCCC3)C2)CC1
C1CCC(CCC2CCC3C(CCC3C3CCCC(CCC4CCCC4)C3)C2)CC1
C1CCC(C2CCCC3C(CCC4CCCCC43)C2)CC1
C1CCC2CCC3C(CCC4C5CCCC5CC43)C2CC1
C1CCC(CCCC2(CCC3CCCC3)CCC3C4CCC5CCCCC5C4CCC32)C1
C1CCC2CC(CC3CCCC4CCCC43)CCC2C1
C(CCC1CCCC2CCCCC12)CC1CCC2CCCCC2C1
C1CCC(CC2CCCC2CCC2CC3CCCCC3C3CCC4CCCCC4C23)CC1
C1CCC(CCC2CCC(CCC3CCCC(CC4CCCC4)C3)CC2)CC1
C(CCCC1CCCC2CCCCC12)CCC1CCC(C2CCCCC2)C1
C1CCC(CC2CCC3C(CC4CCCCC4)CCC3C2)CC1
C1CCC(C2CC3CCCC3C3CCC4CCCCC4C23)CC1
C1CCC(C2CCC3CC4C(CCC32)CCC2C3CCC(CCCC5CCC6CCCCC6C5)C3CCC42)CC1
C1CCC(CCC2CCC(CCC3CCCC(CCC4CCCC4)C3)CC2)CC1
C1CCC(C2CC3CCCC3C3CCC4CCCCCC4C23)CC1
C1CCC(CCCCCC2CCCC3C(C4CCCCC4)CCC23)CC1
C1CCC(CCCC2CCC3C(CCC3C3CCCCC3)C2)CC1
C1CCC(CC2CCC3CC4C(CCCC45CCCC5)CC23)CC1
C(CCC1CCCC2CCCCC12)CC1CCC2CCCCC2C1
C1CCC(C2CC3CCCCC3CC3CCCCC32)CC1
C1CCC(C2CC3CCCC3C3CCC4CCCCC4C23)CC1
C1CCC(C2CCCC3C(CCC4CCCCC43)C2)CC1
C1CCC(CCC(CCC2CCCCC2)CCC2CCC3CCCC3C2)CC1
C(CCC1CCC2CCCCC2C1)CCC1CCCC2CCCCC12
C1CCC(CCCCCC2CCCCC2)CC1
C1CCC(CCCCC2CC3CCCCC3C2)CC1
C1CCC(C2CCC3CC4C(CCC45CCCCCC5)CC32)CC1
C1CCC2C(C1)CCC1C3CCCC3CCC21
C1CCC2CCC(C3CCCC4CCCC43)CC2CC1
C1CCC2CCC3C4CCCC4CCC3C2CC1
C1CCC(C2CCCCC2CC2CC3CCCCC3C3CCC4CCCCCC4C23)CC1
C1CCC(CCCCCC2CCCC3C(C4CCCCC4)CCC23)CC1
C1CCC(C2CCC3CC4C(CCC5C6CCC(CCCC7CCCC8CCCCC87)C6CCC45)CC32)CC1
C1CCC2CC(C3CCCC4CCCC43)C3CCCC3C2CC1
C1CCC2CC(C3CCCC3)C3CCCCC3CC2C1
C1CCC(CCC2CCCC2CC2CC3CCCCC3C3CCC4CCCCC4C23)CC1
C1CC2CCC3C(CCC4CCC5CC5C43)C2C1
C1CCC2CCC3C4CCCCC4CC(CC4CCCC4)C3C2CC1
C1CCC(CCC2CCC(CCC3CCCC(CC4CCCC4)C3)CC2)CC1
C1CCC(CCC2CCC(CCCC3CCCC(CC4CCCC4)C3)CC2)CC1
C1CCC(CCCCC2CC3CCCCC3C2)CC1
C1CCC(C2CC3CCCCC3C3CCC4CCCCC4C23)CC1
C1CCC2CCC(C3CCCC4CCCC43)CC2CC1
C1CCC(CCC2CCC3C(CCC3C3CCCCC3)C2)CC1
C1CCC(CC2CCC3C(CCC3C3CCCCC3)C2)CC1
C1CCC(CCCC2CCC3CCC(C4CCCC5CCCC54)CC3C2)CC1
C1CCC(CC2CCC3CCCCC3C3CCC4CCCCC4C23)CC1
C1CCC2C(C1)CCC1C2CCC2C3CCCC3CC21
C1CCC(C2CC3CCCCC3C3CCC4CCCCC4C23)CC1
C1CCC(C2CC3CCCC3C3CCC4CCCCC4C23)CC1
C1CCC(C2CCC3CC4C(CCC5C6CCC(CCCCC7CC8CCCCC8C7)C6CCC45)CC32)CC1
C1CCC2CC(CCCC3CCC4CC5CCC6CCCCC6C5CCC34)CC2C1
C1CCC(CCC(CC2CCCC2)CC2CC3CCCCC3C2)CC1
C1CCC(CCC2CCC3C(CCC3C3CCCCC3)C2)CC1
C1CC2CCC3C(CCC4CCC5CC5C43)C2C1
C1CCC2CCC3C4CCCC4CCC3C2CC1
C1CCC2CCC3C4CCCC4CCC3C2CC1
C1CCC(CCCCC2CCC3CCCCC23)CC1
C1CCC2C(C1)CCC1C3CCCCC3CCC21
C1CCC(C2CCC3CC4C(CCC5C6CCC(CCCC7CCC8CCCCC8C7)C6CCC45)CC32)CC1
C1CCC(C2CC3CCCC3C3CCC4CCCCCC4C23)CC1
C1CCC(C2CCC3CC4C(CCC5C6CCC(CCCC7CCC8CCCCC8C7)C6CCC45)CC32)CC1
C1CCC(CCC2CCCCC3CC4C(CCC4C4CCCCC4)CC23)CC1
C1CCC(C2CC3CCCC3C3CCC4CCCCC4C23)CC1
C1CCC(CCC2(CCCCC3CC4CCCCC4C3)CCC3C4CCC5CCCCC5C4CCC32)C1
C1CCC(CCCCCC2CC3CCCCC3C2)CC1
C(CCCCC1CCC(C2CCCCC2)C1)CCCC1CCCCC1
C1CCC(C2CCC3CC4CCCCC4CC32)CC1
C1CCC(CCCCC2CC3CCCCC3C2)CC1
C1CCC2C(C1)CCCC1C3CCCC3CCC21
C(CCCC1CCCCC1)CCCC1CCC(C2CCCCC2)C1
C1CCC(C2CCC3CC4C(CCCC5C6CCC(CCCC7CCC8CCCCC8C7)C6CCC45)CC32)CC1
C1CCC2C(C1)CCC1C3CCCC3CCC21
C1CCC(C2CCC3CC4C(CCC5C6CCC(CCCC7CCC8CCCCC8C7)C6CCCC45)CC32)CC1
C1CCC(CCCCC2CCC3CCC(C4CCCC5CCCC54)CC3C2)CC1
C1CCC(CCCCC2CC3CCCCC3C2)CC1
C1CCC2CC(C3CCCC4CCCC43)CCC2C1
C1CCC(CC2CC3CCCCC3CC3CCC4CCCCC4C32)CC1
C1CCC2CCC3C4CCC(CCCC5CC6CCCCC6C5)C4CCC3C2CC1
C(CCCC1CCCCC1)CCCC1CCC(C2CCCCC2)C1
C1CCC(CCC2CCC3C(CCC4CCCCC43)C2)CC1
C1CCC(CCCCCC2CC3CCCCC3C2)CC1
C(CCCCC1CCC(C2CCCCC2)C1)CCCC1CCCCC1
C1CCC2CC(C3CCCC4CCCC43)CCC2C1
C1CCC(C2CCC3C(CCCC4CCCCC43)C2)CC1
C(CCC1CCC2C(CCC3C4CCCC4CCC23)C1)CC1CCC(C2CCC(C3CC4CCCC4C4CCC5CCCCC5C34)CC2)CC1
C1CCC(CC2CC3CCCCC3C3CCC4CCCCC4C23)CC1
C1CCC(CCC2CCC3C(CCC4CC(C5CCCCC5)CCC43)C2)CC1
C1CCC(C2CCC3C(CCCCCC4CCC(C5CCCC5)C4)CCCC23)CC1
C1CCC(C2CC3CCCCC3CC3CCCCC32)CC1
C1CCC(CC2CCC3CCCCC3C3CCC4CCCCC4C23)CC1
C(CCCC1CCCC2C(C3CCCCC3)CCC12)CCC1CCCCC1
C(CCC1CCC2C(CCC3C4CCCC4CCC23)C1)CC1CCC(C2CCC(C3CC4CCCCC4C4CCC5CCCCC5C34)CC2)CC1
C1CCC(CCCC2CCC3CCC(CC4CCCC5CCCC54)CC3C2)CC1
C1CCC2C(C1)CCCC2CCCC1CCCC2CCCCC21
C1CCC2CCC3C(CCC4C3CCC4(CCCC3CC4CCCCC4C3)CCC3CCCC3)C2CC1
C1CCC(CC2CC3CCCCC3C3CCC4CCCCC4C23)C1
C1CCC2CC(CC3CCC4CCCCC43)CCC2C1
C(CCCC1CCC(C2CCCCC2)C1)CCC1CCCCC1
C1CCC(CCC2CCC3C(CCC4C5CCCC5CCC34)C2)CC1
C1CCC(C2CCC3C(CCC4CCCCC43)C2)CC1
C1CCC2CC(C3CCCC4CCCC43)CCC2C1
C1CCC(CCCCC2CC3CCCCC3C2)CC1
C1CCC2CCC(C3CCCC4CCCC43)CC2CC1
C1CCC(CCCCCC2CC3CCCCC3C2)CC1
C1CCC(C2CCC3CC4C(CCC5C6CCC(CCCC7CC8CCCCC8C7)C6CCC45)CC32)CC1
C1CCC(CC2CCC3C(CC4CCCCC4)CCC3C2)CC1
C1CCC(CC2CCCC(CC3CC4CCCCC4CC4CCC5CCCCC5C43)C2)CC1
C1CCC2CC(C3CCCC4CCCC43)CCC2C1
C1CCC2CC(CCCC3CCC4C3CCC3C5CCCCC5CCC43)CCC2C1
C1CCC2CCC3C4CCCC4CCC3C2CC1
C1CCC(C2CCC3CC4C(CCC45CCCC5)CC32)CC1
C1CCC(C2CCC3CC4C(CCCCC45CCCC5)CC32)CC1
C1CCC2CC(C3CCCC4CCCC43)CCC2C1
C1CCC(C2CC3CCCC3C3CCC4CCCCC4CC23)CC1
C1CCC(C2CCC3CC4C(CCCC45CCCC5)CC32)CC1
C1CCC(CC2CC3CCCCC3C3CCC4CCCCC4C23)C1
C1CCC(C2CCC3CCC(C4CCCC4)CC32)CC1
C1CCC(C2CCC3CCC4C(CCC45CCCC5)CC32)CC1
C1CCC(CCC2CCC3C(CCC4C5CCCC5CCC34)C2)CC1
C1CCC2CC3CCCCC3CCC2C1
C(CCC1CCCCC2CCCCC12)CC1CCC2CCCCC2C1
C1CCC2CC(C3CCCC4CCCC43)CCC2C1
C1CCC2C(C1)CCC1C3CCCC3CCC21
C1CCC(CCC2CCC3C(CCC3C3CCCCC3)C2)CC1
C1CCC(C2CCC3(CCC4CC5C(CCC5C5CCCCC5)CCC43)C2)CC1
C1CCC2CCC3C4CCCC4CCC3C2CC1
C1CCC(C2CCC(CCCCCC3CCCC4CCCCC34)C2)CC1
C1CCC(C2CC3CCCC3C3CCC4CCCCC4C23)CC1
C1CCC(C2CCC3C(CCCCCC4CC4)CCCC23)CC1
C1CCC(C2CCC3CCC(C4CCCC4)CC32)CC1
C1CCC2C(C1)CCCC1C3CCCC3CCC21
C1CCC(C2CC3CCCCC3C3CCC4CCCCC4C23)CC1
C1CCC(CCC(CC2CC3CCCCC3C2)C2CC2)CC1
C1CCC(C2CCC3CC4C(CCC5C6CCCC(CCCC7CCC8CCCCC8C7)C6CCC45)CC32)CC1
C1CC2CCC3C(CCC4CCC5CC5C43)C2C1
C1CCC2CCCCC2C(CCCCC2CCCC3CCCCC23)C1
C1CCC(CCC2CCC(C3CC3)CC2)CC1
C1CCC(CCC2CCC3C(CCC4CC(C5CCCCC5)CCC43)C2)CC1
C1CCC2C(C1)CCCC1C3CCCC3CCC21
C1CCC(CCC2CCC(CCC3CCCC(CC4CCCC4)C3)CC2)CC1
C1CCC(CCCCC2CCC3CCC(C4CCCC5CCCC54)CC3C2)CC1
C1CCC2CCC3C4CCCC4CCC3C2CC1
C1CCC(C2CCC3CC4C(CCCC45CCCCC5)CC32)CC1
C(CCCCC1CCC(C2CCCCC2)C1)CCCC1CCCCC1
C1CCC(C2CCC3CC4C(CCCC45CCCCC5)CC32)CC1
C1CCC(CCCC2CCCC(CC3CCC4CC(CCC5CCC6CCCCC6C5)CCC43)C2)CC1
C1CCC(CCCCC2CCC(C3CCC4C(CCC4C4CCCCC4)C3)CC2)CC1
C1CCC2CCC(C3CCCC4CCCC43)CC2CC1
C1CCC2C(C1)CCC1C3CCCCC3CCCC21
C(CCC1CCCC2CCCCC12)CC1CCC2CCCCC2C1
C1CCC2CC(CC3CCCC4CCCC43)CCC2C1
C1CCC(C2CC3CCCC3C3CCC4CCCCC4C23)CC1
C1CCC(CCCCC2CC3CCCCC3C2)CC1
C1CCC(CC2CCC3CC4C(CCCC45CCCC5)CC23)CC1
C1CCC(CCCCC2CC3CCCCC3C2)CC1
C1CCC(C2CCC3CC4C(CCCC5C6CCC(CCCC7CC8CCCCC8C7)C6CCC45)CC32)CC1
C1CCC2CCC(C3CCCC4CCCC43)CC2CC1
C1CCC(C2CC3CCCC3C3CCC4CCCCC4C3C2)CC1
C1CCC2CC(C3CCCC4CCCC43)CCC2C1
C1CCC(CCC2CCC(CCC3CCCCC3)CC2)CC1
C1CCC2CC(CCCC3CCC4C3CCC3C5CCCCC5CCCC43)CC2C1
C1CCC2CC(C3CCCC4CCCC43)CCC2C1
C1CCC2CC(CCCC3CCC4C3CCC3C5CCCCC5CCCC43)CC2C1
C1CCC2CC(C3CCCC4CCCC43)CCC2C1
C1CCC2CC(C3CCCC4CCCC43)CCC2C1
C(CC1CC2CCCCC2C1)CC1CCC2C(CCC3C4CCCCC4CCC23)C1
C1CCC2CCC3CCCCC3C2CC1
C1CCC2CCC3C4CCC(CCCC5CC6CCCCC6C5)C4CCC3C2CC1
C1CCC2CC(CCCC3CCC4C3CCC3C5CCCCC5CCCC43)CC2C1
C1CCC(CCC2CCCCC2)CC1
C1CCC(CCCCCC2CCC3CCCCC23)CC1
C1CCC(C2CCC3CCCCC3C3CCCCC23)CC1
C1CCC(C2CCC3CCCCC3C3CCC4CCCCC4C23)CC1
C1CCC(CC2CCC3C(CCC4CCCCC43)C2)C1
C1CCC(C2CC3CCCC3C3CCC4CCCCC4C23)CC1
C1CCC(CCCC2CCC3CCC(C4CCCC5CCCC54)CC3CC2)CC1
C1CCC(CCCCCC2CCCC3C(C4CCCCC4)CCC23)CC1
C1CCC(CCCC2CCC3CCC(C4CCCC5CCCC54)CC3CC2)CC1
C1CCC(CC(CC2CCCCC2)C2CCCCC2)CC1
C1CCC(C2CC3CCCC3C3CCCC4CCCCC4C23)CC1
C1CCC(CCC2CCC(C3CC3)CC2)CC1
C1CCC(CC2CCC(CC(CC3CCCCC3)C3CCCCC3)CC2)CC1
C1CCC(C2CCC(CCCCCC3(C4CCCC4)CCCC4CCCCC43)C2)CC1
C(CCC1CCCCC2CCCCC12)CC1CCC2CCCCC2C1
C1CCC(C2CCC3CC4(CCCCC4C4CCCCC4)CCCC32)CC1
C1CCC2CC(CC3CCCC4CCCC43)CCC2C1
C1CCC2CCC(C3CCC4CCCCC43)CC2CC1
C1CCC(CCCCC2CC3CCCCC3C2)CC1
C1CCC(C2CCC3CC4C(CCCC4CC4CCC5CCCCC54)CCC32)CC1
C1CCC(C2CCC3CC4C(CCCC5C6CCC(CCCC7CC8CCCCC8C7)C6CCC45)CC32)CC1
C1CCC(C2CCCC3C(CCC4CCCCC43)C2)CC1
C1CCC2C(C1)CCC1C2CCC2C3CCCC3CC21
C1CCC(CCCC(CCC2CCC3CCCC3C2)CC2CCCCC2)CC1
C1CCC(CCCCC2CC3CCCCC3C2)CC1
C(CCCCC1CCC(C2CCCCC2)C1)CCCC1CCCCC1
C1CCC(C2CC3CCCC3C3CCC4CCCCC4C3C2)CC1
C(CCCC1CCCC2C(C3CCCCC3)CCC12)CCC1CCCCC1
C1CCC(CC2CC3CCCCC3C3CCC4CCCCCC4C23)CC1
C1CCC2CC(C3CCCC4CCCC43)CCC2C1
C1CCC(C2CC3CCCC3C3CCC4CCCCC4C23)CC1
C1CCC(CC2CCCCC2CC2CC3CCCCC3C3CCC4CCCCC4C23)CC1
C1CCC(CC2CCC3CCCCC3C3CCC4CCCCC4C23)CC1
C1CCC(CC(CC2CCCCC2)C2CCCCC2)CC1
C1CCC(C2CCC3C(CCCCCC4CC4)CCCC23)CC1
C(CCCC1CCCCC1)CCC1CCCCC1
C1CCC(C2CC3CCCC3C3CCC4CCCCC4C23)CC1
C1CCC(CCCC2(CCC3CCCC3)CCC3C4CCC5CCCCC5C4CCC32)CC1
C1CCC(C2CCC3CC4C(CCC45CCCC5)CC32)CC1
C(CC1CCC2CCCC2C1)CC1CCC2CCC(CC3CCCC4CCCC43)CC2C1
C1CCC(CCCC2CCC3CCCC3C2)CC1
C1CCC(C2CC3CCCCC3C3CCC(CCC4CCCC4)CC3C2)CC1
C1CCC(CCCCC2CC3CCCCC3C2)CC1
C1CCC2C(C1)CCC1C3CCCC3CCC21
C1CCC2C(C1)CC(C1CCCC1)C1CCCCC21
C(CCC1CCC2C(CCC3C4CCCC4CCC23)C1)CC1CCC(C2CC3CCCC3C3CCC4CCCCC4C23)CC1
C1CCC(C2CC3C(CCC34CCCC4)C3CCC4CCCCC4C23)CC1
C1CCC2CC(C3CCCC4CCCC43)CCC2C1
C1CCC2C(C1)CCC1CCCCC12
C(CCC1CCCC2CCCC12)CC1CC2CCCCC2C1
C1CCC2CCC3C4CCC(CCCC5CCC6CCCCC6C5)C4CCC3C2CC1
C1CCC2CCC3C(CCC4C3CCC4(CCCC3CC4CCCCC4C3)CCC3CCCC3)C2CC1
C1CCC(CCCCC2CC3CCCCC3C2)CC1
C(CCC1CCCC2CCCC12)CC1CC2CCCCC2C1
C1CCC(CCCCCC2CCC3CCCCC23)CC1
C1CCC(CCC(CC2CCC3C(CCC3C3CCCCC3)C2)C2CCCCC2)CC1
C1CCC2C(C1)CCCC1C3CCCC3CCC21
C1CCC(C2CC3CCCC3C3CCC4CCCCCC4C23)CC1
C1CCC(CC2CC3CCCCC3C3CCC4CCCCCC4C23)CC1
C1CCC(C2CC3CCCC3C3CCCC4CCCCC4C23)CC1
C1CCC2CC(CCCC3CCC4C3CCC3C5CCCCC5CCC43)CC2C1
C1CCC(CC2CCCCCC23CCC2C(CCC2C2CCCCC2)C3)CC1
C1CCC(CCCCC2CCCC(C3CCC4CC(CCC5CCC6CCCCC6C5)CCC43)C2)CC1
C1CCC2CCC(C3CCCC4CCCC43)CC2CC1
C1CCC(CCCCCC2CCCC3C2CCC3C2CCCC(CC3CC3)C2)CC1
C1CCC(CC2CC3CCCCC3C2C2CCCCC2)CC1
C1CCC(CCC(CCC2CCCCC2)CCC2CCC3CCCCC3C2)CC1
C1CCC(CCCCCC2CCC3CCC(C4CCCC5CCCC54)CC3C2)CC1
C1CCC(CC2CC3CCCCC3C2C2CCCCC2)CC1
C1CCC(C2CCC3CC4C(CCC45CCCC5)CC32)CC1
C1CCC(CCC2CCC3C(CCC3C3CCCCC3)C2)CC1
C1CCC2CCC3C(CCC4C3CCC4(CCCC3CC4CCCCC4C3)CCC3CCCC3)C2CC1
C1CCC(CCCC2CC3CCCC3C3CCC4CCCCC4C23)CC1
C1CCC(CCC(CC2CC3CCCCC3C2)C2CCCC2)CC1
C(CCCC1CCCCC1)CCCC1CCC(C2CCCCC2)C1
C1CCC(C2CCC3CC4C(CCC5C6CCC(CCCC7CCC8CCCCC8C7)C6CCC45)CC32)CC1
C1CCC(CCC2CCC3C(CCC3C3CCCC(CC4CCCC4)C3)C2)CC1
C1CCC(C2CCC3CC4C(CCC5C6CCC(CCCC7CCC8CCCCC8C7)C6CCCC45)CC32)CC1
C1CCC(CCCCC2CC3CCCCC3C2)CC1
C1CCC2C(C1)CCC1C3CCCC3CCC21
C1CCC(CC2CCC(CC(CC3CCCCC3)C3CCCCC3)CC2)CC1
C1CCC2CC(C3CCCC4CCCC43)CCC2C1
C1CCC(CCCCC2CC3CCCCC3C2)CC1
C1CCC(C2CCC(C3CC4CCCC4CC4CCC5CCCCC5C43)CC2)C1
C1CCC2CCC(C3CCCC4CCCC43)CC2CC1
C1CCC(CC2CCC3C(CC4CCCCC4)CCC3C2)CC1
C1CCC(CCC2CCC3C(CCC3C3CCCCC3)C2)CC1
C1CCC(C2CCC(CC3CC4CCCCC4C4CCC5CCCCCC5C34)CC2)CC1
C1CCC2C(C1)CCC1CCCCC12
C1CCC(C2CC3CCCC3C3CCC4CCCCC4C23)CC1
C1CCC(CCCCC2CC3CCCCC3C2)CC1
C1CCC(CC2CCC(CC(CC3CCCCC3)C3CCCCC3)CC2)CC1
C1CCC(CCCCC2CCC3CCCCC23)CC1
C1CCC(CCCCCC2CC3CCCCC3C2)CC1
C1CCC(CCCC2CCC3C(CCC3C3CCCCC3)C2)CC1
C1CCC(C2CC3CCCC3C3CCCC4CCCCC4C23)CC1
C(CCC1CCC2CCCC2C1)CC1CCC(C2CCCC2)CC1
C1CCC2CC(C3CCCC4CCCC43)CCC2C1
C1CCC(C2CCC3CC4C(CCC45CCCC5)CC32)CC1
C1CCC(C2CCC3C(CCCCCC4CCC(CC5CCCC5)C4)CCCC23)CC1
C1CCC(CC2CCC(CCCC3CCC4C3CCC3C5CCCCC5CCC43)C2)CC1
C1CCC(C2CC3CCCC3C3CCC4CCCCC4C23)CC1
C1CCC(C2CCC3CC4C(CCC32)CCC2C3CCC(CCCC5CCC6CCCCC6C5)C3CCC42)CC1
C(CCC1CCCC2CCCCC12)CCC1CCCC2CCCCC12
C1CCC(CCCCCC2CC3CCCCC3C2)CC1
C1CCC2CC(C3CCCC4CCCC43)CCC2C1
C(CCC1CCC2C1CCC1C3CCCCC3CCC21)CC1CCC2CCCCC2C1
C1CCC(CCCCCC2CCCC3C2CCC3C2CCC(CCC3CC3)CC2)CC1
C1CCC2CC(C3CCCC4CCCC43)CCC2C1
C1CCC(CCC(CCC2CCC3CCCCC3C2)CC2CCCCC2)CC1
C1CCC(CCCC2CCC(C3CCCC4C(C5CCCCC5)CCC34)C2)CC1
C1CCC2CCC3C(CCC4C3CCC4(CCCC3CC4CCCCC4C3)CCC3CCCC3)C2CC1
C1CCC2C(C1)CCC1CCCCC12
C1CCC2CCC3C(CCC4C3CCC4(CCCC3CC4CCCCC4C3)CCC3CCCC3)C2CC1
C1CCC(CCCC(CCC2CCCCC2)CCC2CCC3CCCC3C2)CC1
C1CCC(CCCCCC2CCCC3C(C4CCCCC4)CCC23)CC1
C1CCC(CCCCCC2CC3CCCCC3C2)CC1
C(CCCC1CCCCC1)CCCC1CCC(C2CCCCC2)C1
C1CCC(CCC2CCC3C(CC4CCCCC4)CCC3C2)CC1
C1CCC(CCCC2CCCC3CCC(C4CCCC5CCCC54)CC3C2)CC1
C(CCCC1CCCC2C(C3CCCCC3)CCC12)CCC1CCCCC1
C1CCC2CC(CC3CCCC4CCCC43)CCC2C1
C1CCC(CCCC2CCC3CCC(C4CCCC5CCCC54)CC3C2)CC1
C1CCC(CCC2CCC3C(CCC3C3CCCC(CC4CCCC4)C3)C2)CC1
C1CCC(CCCCC2CC3CCCCC3C2)CC1
C1CCC2C(C1)CCC1C3CCCC3CCC21
C1CCC2C(C1)CCC1C3CCCC3CCC21
C1CCC(C2CCC3CC4C(CCC45CCCCC5)CC32)CC1
C1CCC(CCCCCC2CCCC3C(CC4CCCCC4)CCC23)CC1
C1CCC(CCC2CCC3C(CCC3C3CCCC3)C2)CC1
C1CCC(CCCCCC2CCC3C(CCC3C3CCCCC3)C2)CC1
C1CCC(CCC2CC3CCCC3C3CCC4CCCCC4C23)CC1
C1CCC2C(C1)CCCC2CCCC1CCCC2CCCCC21
C1CCC2CCC(C3CCCC4CCCC43)CC2CC1
C(CCCC1CCCCC1)CCCC1CCC(C2CCCCC2)C1
C(CCC1CCCC2CCCCC12)CC1CCCC2CCCCC12
C1CCC(C2CCC3CC4C(CCC45CCCCC5)CC32)CC1
C1CCC(CCCCCC2CC3CCCCC3C2)CC1
C1CCC2CCC3C4CCCC4CCC3C2CC1
C1CCC(CCCCCC2CC3CCCCC3C2)CC1
C1CCC(CCC2CCC3C(CCC3C3CCCCC3)C2)CC1
C1CCC(CC2CCC3CCCCC3C3CCC4CCCCC4C23)C1
C1CCC(CCCCCC2CCCC3C(C4CCCCC4)CCC23)CC1
C1CCC(CCCC2CCCC3CCC(C4CCCC5CCCC54)CC3C2)CC1
C1CCC(C2CCC3C(CCCCCC4CCC(CC5CCCC5)C4)CCCC23)CC1
C1CCC2CCC3CCCCC3C2CC1
C1CCC2C(C1)CCC1C2CCC2C3CCCC3CC21
C(CCC1CCCC2CCCCC12)CC1CC2CCCCC2C1
C1CCC(CC2CC3CCCCC3CC3CCC4CCCCC4C32)CC1
C1CCC(CCCCCC2CCCCC2)CC1
C1CCC2CC(CCCC3CCC4C3CCC3C5CCCCC5CCCC43)CC2C1
C1CCC(CCCCC2CCCC3CCC(C4CCCCC4)CC23)CC1
C1CCC2CC(CCCC3CCC4C3CCCC3C5CCCCC5CCC34)CC2C1
C1CCC(CCCCC2CCC3CCCCC23)CC1
C1CCC2CCC3C4CCC(CCCC5CC6CCCCC6C5)C4CCC3C2CC1
C1CCC(CCCC2CCCC(CC3CCC4CC(CCC5CCC6CCCCC6C5)CCC43)C2)CC1
C1CCC2CC(C3CCCC4CCCC43)CCC2C1
C1CCC(CCCC2CCCC3CCC(C4CCCC5CCCC54)CC23)CC1
C1CCC2CC(CC3CCCC4CCCC43)CCC2C1
C1CCC(C2CCC3CC4C(CCC32)CCC42CCCC2)CC1
C1CCC2CC(CCCC3CCC4C3CCC3C5CCCCC5CCC43)CC2C1
C1CCC(C2CCC3CC4C(CCC45CCCCC5)CC32)CC1
C1CCC2CC(CCCC3CCC4C5CCC6CCCCC6C(CCC34)C5)CC2C1
C1CCC(CCCC2CCCC3CCC(C4CCCC5CCCC54)CC3C2)CC1
C1CCC2C(C1)CCC1C3CCCCC3CCC21
C(CCC1CCCC2CCCCC12)CC1CCC2CCCCC2C1
C1CCC(C2CC3CCCC3C3CCC4CCCCCC4C23)CC1
C1CCC(C2CCC3CCCC3C3CCC4CCCCC4C23)CC1
C1CCC2CC(C3CCCC4CCCC43)CCC2C1
C1CCC(CCCCC2CCC3C2CCC2C4CC5CCC(C6CCCCC6)C5CC4CCC32)CC1
C1CCC(C2CCC3CCCC3C3CCC4CCCCC4C23)CC1
C1CCC(CCC2CCC3C(CCC3C3CCCCC3)C2)CC1
C1CCC(CCCCCC2CC3CCCCC3C2)CC1
C1CCC(CCCC2CCC3CCC(CC4CCCC5CCCC54)CC3C2)CC1
C1CCC2C(C1)CCC1C3CCCC3CCC21
C(CCCC1CCC2CCCC2C1)CCCC1CCC(C2CCCCC2)C1
C1CCC(CCCCC2CC3CCCCC3C2)CC1
C(CCCC1CCCCC1)CCCC1CCC(C2CCCCC2)C1
C1CCC(CCCC2CCC3CCC(C4CCCC5CCCC54)CC3CC2)CC1
C(CCCCC1CCC(C2CCCCC2)C1)CCCC1CCCCC1
C1CCC2CC3CCC4CCCC4C3CCC2C1
C1CCC2CC(CCCC3CCC4CC5CCC6CCCCC6C5CCC34)CC2C1
C1CCC(CC2CCCCCCC23CCC2C(CCC2C2CCCCC2)C3)CC1
C1CCC2C(C1)CCC1C3CCCC3CCC21
C1CCC(CCC2CCC3C(CCC3C3CCCCC3)C2)CC1
C1CCC2C(C1)CCC1C3CCCC3CCC21
C1CCC2C(C1)CCCC1CCCCC12
C1CCC(C2CC3CCCC3C3CCC4CCCCC4C23)CC1
C1CCC(C2CCC3CC4C(CC5CCC6CCCCC65)CCCC4CC32)CC1
C1CCC(C2CCC3CC4C(CCC5CCC6CCCCC65)CCCC4CC32)CC1
C(CCCC1CCC2CCCC2C1)CCCC1CCC(C2CCCCC2)C1
C1CCC(CCCCC2CCCC3C2CCC2C4CCCCC4CCC32)CC1
C1CCC2C(C1)CCC1C2CCCC2C3CCCC3CC21
C1CCC(C2CCC3CCCC3C3CCC4CCCCCC4C23)CC1
C1CCC(CCC2CC3CCCCC3C3CCC4CCCCC4C23)CC1
C1CCC2C(C1)CCC1C3CCCCC3CCC21
C1CCC(C2CC3CCCC3C3CCC4CCCCCC4C23)CC1
C1CCC(CCC2CCC(C3CCC4C(CCC4C4CCCCC4)C3)CC2)CC1
C1CCC(C2CC3CCCC3C3CCC4CCCCC4C23)CC1
C1CCC(CCCCC2CCCC3CCCC23)CC1
C1CCC(CCC2CCCC3CCC4C(CCC4C4CCCCC4)CC23)CC1
C(CCCC1CCCCC1)CCCC1CCC(C2CCCCC2)C1
C1CCC2CCC(C3CCCC4CCCC43)CC2CC1
C1CCC(C2CC3CCCC3C3CCC4CCCCC4C23)CC1
C1CCC(CCC2CCC3C(CCC3C3CCCCC3)C2)CC1
C1CCC(CC2CC3CCCCC3C3CCC4CCCCCC4C23)CC1
C1CCC(CCCCC2CC3CCCCC3C2)CC1
C1CCC(C2CC3CCCC3C3CCCC4CCCCC4C23)CC1
C1CCC(CCC2CC3CCCCC3C3CCC4CCCCC4C23)CC1
C(CCCC1CCCC2C(C3CCCCC3)CCC12)CCC1CCCCC1
C1CCC(CCC2CCC(CC3CCC4C(CCC4C4CCCCC4)C3)CC2)CC1
C1CCC(CCC2CCC3C(CCC4C5CCCC5CC(CCC5CCCCC5)C34)C2)CC1
C1CCC2C(C1)CCC1CCCCC12
C1CCC(CCCC(CC2CC3CCCCC3C2)C2CCCC2)CC1
C1CCC(CCC2CCC3C(CCC3C3CCCC3)C2)CC1
C1CCC(CCCCC2CCC3CCCC3C2)CC1
C1CCC(CCC2CCC(C3CCC4C(CCC4C4CCCCC4)C3)CC2)CC1
C1CCC(C2CCC3CC4C(CCC5C6CCC(CCCC7CC8CCCCC8C7)C6CCCC45)CC32)CC1
C(CCC1CCCC2CCCC12)CC1CC2CCCCC2C1
C1CCC(CCC2CCC3C(CCC3C3CCCCC3)C2)CC1
C1CCC(C2CCC3CCC4CCCCC4C3CC2)CC1
C1CCC(CCCC2(CCCC3CC4CCCCC4C3)CCC3C4CCC5CCCCC5C4CCC32)C1
C1CCC(C2CC3CCCC3C3CCC4CCCCC4C23)CC1
C1CCC2C(C1)CCC1C3CCCCC3CCC21
C1CCC(CCC2CCC3C(CC4CCCCC4)CCC3C2)CC1
C1CCC(C2CCC3CC4C(CCC32)CCC2C3CCC(CCCC5CC6CCCCC6C5)C3CCC42)CC1
C1CCC(C2CC3CCCC3C3CCC4CCCCCC4C23)CC1
C1CCC(C2CCC3CC4C(CCC5C6CCC(CCCC7CCC8CCCCC8C7)C6CCC45)CC32)CC1
C(CCCC1CCCC2C(C3CCCCC3)CCC12)CCC1CCCCC1
C1CCC(C2CCC3CC4C(CCCC45CCCC5)CC32)CC1
C1CCC(CC2CC3CCCCC3C3CCC4CCCCC4C23)C1
C1CCC(CCC2CCC3C(CCC3C3CCCCC3)C2)CC1
C1CCC(C2CC3CCCC3C3CCC4CCCCC4C23)CC1
C1CCC(C2CC3CCCCC3C3CCC4CCCCC4C23)CC1
C1CCC(CC2CCCC(C3CCC4CC(CCC5CCC6CCCCC6C5)CCC43)C2)C1
C1CCC2CCC(C3CCCC4CCCC43)CC2CC1
C1CCC(CC2CCC3C(CCC3C3CCCCC3)C2)CC1
C1CCC(CCC2CCC(C3CC3)CC2)CC1
C1CCC(CC2CCC3CCCCC3C3CCC4CCCCC4C23)C1
C1CCC(C2CC3CCCCC3C3CCC4CCCCC4C23)CC1
C(CCC1CC2CCCCC2C1)CCC1CCCC2CCCC12
C1CCC(CCCCCC2CC3CCCCC3C2)CC1
C1CCC2CCC3C4CCCC4CCC3C2CC1
C1CCC(C2CC3CCCC3C3CCC4CCCCC4C23)CC1
C1CCC(CCCCC2CC3CCCCC3C2)CC1
C1CCC(C2CCC3CC4C(CCC45CCCCC5)CC32)CC1
C1CCC(CCC2CCC3C(CCC3C3CCCCC3)C2)CC1
C(CCCC1CCCC2C(C3CCCCC3)CCC12)CCC1CCCCC1
C1CCC(C2C3CCCC3CC3CC4CCCCC4CC32)CC1
C1CCC2CCC3CCCCC3C2CC1
C1CCC(CCCC2(CCC3CCCC3)CCC3C4CCC5CCCCC5C4CCC32)CC1
C(CCC1CCCC2CCCC12)CC1CC2CCCCC2C1
C1CCC(CCCCC2CC3CCCCC3C2)CC1
C1CCC(CCC(CCC2CCC3CCCC3C2)CC2CCCCC2)CC1
C1CCC2CCC3C4CCCCC4CC(CC4CCCC(C5CCCC5)C4)C3C2CC1
C1CCC(CCCC2(CCC3CCCC3)CCC3C4CCC5CCCCC5C(CCC32)C4)CC1
C(CCCC1CCCCC1)CCCC1CCC(C2CCCCC2)C1
C1CCC2CC(C3CCCC4CCCC43)CCC2C1
C1CCC2CCC3C4CCCCC4CC(CC4CCCC4)C3C2CC1
C1CCC(CCC(CCC2CC3CCCCC3C2)C2CC2)CC1
C1CCC(CCCCC2CC3CCCCC3C2)CC1
C1CCC2C(C1)CCC1C3CCCC3CCCC21
C1CCC(CCCCC2CCC3CCCCC23)CC1
C1CCC(CCCCC2CCC3CCCCC23)CC1
C1CCC(C2CCC3CC4C(CCCCC45CCCC5)CC32)CC1
C1CCC(CCC2CCC3C(CCC3C3CCCCC3)C2)CC1
C1CCC(CC2CC3CCCCC3C3CCC4CCCCCC4C23)CC1
C1CCC(C2CCC(C3CC4CCCC4C4CCC5CCCCC5C34)CC2)C1
C1CCC(CCCCCC2CCCC3C(C4CCCCC4)CCC23)CC1
C(CCC1(C2CCCC2)CCCC2CCCCC21)CC1CCC2CCCCC2C1
C1CCC(CCC2CCCCC3CC4C(CCC4C4CCCCC4)CC23)CC1
C(CCC1CCCC2CCCCC12)CC1CC2CCCCC2C1
C1CCC(C2CC3CCCC3CC3CCC4CCCCC4C32)CC1
C1CCC(C2CC3CCCC3CC3CCC4CCCCC4C32)CC1
C1CCC(C2CCC3CC4C(CCC45CCCCC5)CC32)CC1
C1CCC(C2CCC3CC4C(CCCC45CCCCC5)CC32)CC1
C1CCC2CC(CCCC3CCC4C3CCCC3C5CCCCC5CCC34)CC2C1
C(CCCCC1CCC2C(CCC3C4CCCC4CCC23)C1)CCCC1CCCC(CC(CC2CCC(CC3CCCCC3)CC2)C2CCCCC2)C1
C1CCC2C(C1)CCC1CCCCC12
C1CCC(C2CC3CCCC3C3CCCC4CCCCC4C23)CC1
C1CCC(CCC2(CCCC3CC4CCCCC4C3)CCC3C4CCC5CCCCC5C4CCC32)C1
C1CCC(CC2CCC(CC3CC4CCCCC4C4CCC5CCCCC5C34)CC2)CC1
C(CCC1CCC2C1CCC1C3CCCCC3CCC21)CC1CCC2CCCCC2C1
C1CCC2CCC(C3CCCC4CCCC43)CC2CC1
C1CCC(CCC2CCC3C(CCC3C3CCCCC3)C2)CC1
C1CCC(C2CCC3CC4(CCCCC4C4CCCCC4)CCC32)CC1
C1CCC(C2CCC3C(CCCCCC4CC4)CCCC23)CC1
C1CCC(CC2CC3CCCCC3C3CCC4CCCCC4C23)CC1
C1CCC(CCC2CC3CCCCC3C3CCC4CCCCC4C23)C1
C1CCC(CCC2CCC3C(CCC4CC(C5CCCCC5)CCCC43)C2)CC1
C1CCC2C(C1)CCC1C3CCCC3CCC21
C1CCC2CCC3C4CCCCC4CC(CC4CCCC4)C3C2CC1
C1CCC2CCC3C4CCCCC4CC(CC4CCCC4)C3C2CC1
C1CCC2C(C1)CCC1C3CCCC3CCC21
C1CCC(CCC(CCC2CCC3CCCC3C2)CC2CCCCCC2)CC1
C1CCC(CCC(CCC2CCC3C(CCC3C3CCCCC3)C2)C2CCCCC2)CC1
C1CCC(C2CCC3CCC4CCCCC4CC32)CC1
C1CCC(C2CCC(CCCCCC3(C4CCCCC4)CCC3)C2)CC1
C1CCC(C2CCC3CC4C(CCCC45CCCCC5)CC32)CC1
C1CCC2CCC3C4CCCCC4CC(CC4CCCC4)C3C2CC1
C1CCC(C2CCC3C(CCC4CCCCC43)C2)CC1
C1CCC(CC2CCC3C(CCC3C3CCCCC3)C2)CC1
C1CCC2CCC3C4CCC(CCCC5CC6CCCCC6C5)C4CCC3C2CC1
C1CCC(CCCCCC2CCCC3C(C4CCCCC4)CCC23)CC1
C(CCCC1CCCC2CCCC12)CCC1CCCCC1
C1CCC(CCC2CCC3C(CCC3C3CCCCC3)C2)CC1
C1CCC2C(C1)CCC1CCCCC12
C1CCC(C2CC3CCCCC3C3CCC4CCCCC4C23)CC1
C1CCC2CC3CCC4C(CCCC5CC6CCCCC6C5)CCC4C3CCC2C1
C1CCC(CCCC2CCC3C2CCC2C4CCC5CCC(C6CCCCC6)C5CC4CCC32)CC1
C1CCC(CC2CCCC(CC3CCC4CC(CCC5CCC6CCCCC6C5)CCC43)C2)C1
C1CCC(C2CCC3CCCCC3C3CCCCC23)CC1
C1CCC2CC(CCCC3CCC4C3CCCC3C5CCCCC5CCC34)CCC2C1
C1CCC(CCC2CCC3C(CCC3C3CCCCC3)C2)CC1
C1CCC(CCC2CC3CCCCC3C3CCC4CCCCC4C23)CC1
C1CCC(CCCCCC2CC3CCCCC3C2)CC1
C1CCC2CCC(C3CCCC4CCCC43)CC2CC1
C1CCC(CCCCC2CC3CCCCC3C2)CC1
C1CCC2CC(CC3CCCC4CCCC43)CCC2C1
C1CCC(CCC2CCC3C(CCC3C3CCCCC3)C2)CC1
C1CCC(CC2CCC(CC(CC3CCCCC3)C3CCCCC3)CC2)CC1
C1CCC2C(C1)CCCC1C3CCCC3CCC21
C1CCC2CC(C3CCCC4CCCC43)CCC2C1
C1CCC2CCC3C4CCCC4CC(C4CCC(C5CCC5)CC4)C3C2CC1
C1CCC(CCCCCC2CCC3CCCCC23)CC1
C1CCC(CCCC2(CCC3CCCC3)CCC3C4CCC5CCCCCC5C4CCC32)CC1
C1CCC(CCC2CCC(CCC3CCCC(CC4CCCCC4)C3)CC2)CC1
C1CCC(CCCC2CCCC3CCC(C4CCCC5CCCC54)CC3C2)CC1
C1CCC2CC(C3CCCC4CCCC43)CCC2C1
C1CCC(CCC2CCC(C3CCC4C(CCC4C4CCCCC4)C3)CC2)CC1
C1CCC(C2CCC3CC4C(CCC45CCCCC5)CC32)CC1
C(CCC1CC2CCCCC2C1)CCC1CCCC2CCCC12
C1CCC2CC(CCCC3CCC4C3CCCC3C5CCCCC5CCC34)CC2C1
C1CCC2CC(C3CCCC4CCCC43)CCC2C1
C1CCC(CCC2CCC3C(CCC3C3CCCCC3)C2)CC1
C1CCC2CC(C3CCCC4CCCC43)CCC2C1
C1CCC(C2CCC(C3CC4CCCC4C4CCC5CCCCC5C34)CC2)C1
C1CCC(CCCCC2CC3CCCCC3C2)CC1
C1CCC(C2CC3C(CCC34CCCC4)C3CCC4CCCCC4C23)CC1
C1CCC(C2CCC(C3CC4CCCC4C4CCC5CCCCC5C34)CC2)C1
C(CCC1CCC2CCCCC2C1)CCC1CCCC2CCCCC12
C1CCC(CCCCCC2CC3CCCCC3C2)CC1
C1CCC2CCC3C4CCCC4CCC3C2CC1
C1CCC(C2CC3CCCCC3C3CCCCC3C2)CC1
C1CCC(CC2CCC3CCCCC3C3CCC4CCCCC4C23)C1
C1CCC2CCC(C3CCCC4CCCC43)CC2CC1
C1CCC2CCC3C(CCC4C3CCC4(CCCC3CC4CCCCC4C3)CCC3CCCC3)C2CC1
C1CCC(CCCCC2CC3CCCCC3C2)CC1
C(CCCC1CCCCC1)CCCC1CCC(C2CCCCC2)C1
C1CCC2CCC3C4CCC(CCCC5CCC6CCCCC6C5)C4CCC3C2CC1
C1CCC(C2CCC3CC4C(CCCC4CC4CCC5CCCCC54)CCC32)CC1
C1CCC(CCCCCC2CC3CCCCC3C2)CC1
C1CCC(C2CCC3CC4C(CCCC45CCCCC5)CC32)CC1
C1CCC(CC2CCC3CCCCC3C2)C1
C1CCC(C2CCC3CC4C(CCCC45CCCCC5)CC32)CC1
C(CCC1CCCC2CCCC12)CC1CC2CCCCC2C1
C1CCC(CCC2CCC3C(CCC4CCCCC43)C2)CC1
C(CCCC1CCCC2C1CCC2C1CCCC(CC2CCCC2)C1)CCC1CCCCC1
C1CCC(C2CC3CCCC3C3CCC4CCCCC4C23)CC1
C1CCC(CCC2CCC(CCC3CCCC(CC4CCCC4)C3)CC2)CC1
C1CCC(CCC2CCCC3CC4C(CCC4C4CCCCC4)CC23)CC1
C1CCC2CC3CCC(C4CCCCC4)C3CC2CC1
C1CCC(CCCCC2CCC3CCC(C4CCCC5CCCC54)CC3C2)CC1
C1CCC(CCCCCC2CCC3CCCCC23)CC1
C1CCC(C2CC3C(CCC4CCC4)CCC3C3CCC4CCCCC4C23)CC1
C(CCCC1CCCC2C(C3CCCCC3)CCC12)CCC1CCCCC1
C1CCC2CCC(C3CCCC4CCCC43)CC2CC1
C1CCC(CC2CCCCC2CC2CC3CCCCC3C3CCC4CCCCC4C23)CC1
C1CCC2CC(C3CCCC4CCCC43)CCC2C1
C(CCC1CCCC2CCCCC12)CC1CCC2CCCCC2C1
C1CCC(CCC2CCCCC2)CC1
C1CCC2C(C1)CCC1C3CCCCC3CCC21
C1CCC2C(C1)CCC1C3CCCC3CCC21
C1CCC(CCCCCC2CC3CCCCC3C2)CC1
C1CCC(C2CCC3CC4CCCCC4CC32)CC1
C1CCC(CCC2CCC(CCC3CCCC(CC4CCCC4)C3)CC2)CC1
C1CCC(C2CC3CCCC3CC3CCC4CCCCC4C32)CC1
C1CCC(CCCCCC2CC3CCCCC3C2)CC1
C1CCC(C2CC3CCCC3C3CCC4CCCCC4C23)CC1
C1CCC(CCCCCC2CCC3CCCC3C2)CC1
C1CCC(C2CC3CCCCC3C3CCC4CCCCC4C23)CC1
C1CCC(C2CCC3CC4C(CCC5C6CCCC6CCC45)CC32)CC1
C1CCC(C2CC3CCCC(C3)C3CCC4CCCCC4C32)CC1
C1CCC(C2CCC3CC4C(CCC32)CCC42CCCCC2)CC1
C1CCC2CC(CC3CCCC4CCCC43)CCC2C1
C1CCC(CCC2CCC3C(CCC3C3CCCCC3)C2)CC1
C1CCC(C2CCCC3C(CCC4CCCCC43)C2)CC1
C(CCCC1CCCCC1)CCCC1CCC(C2CCCCC2)C1
C1CCC2C(C1)CCC1CCCCC12
C1CCC2CC(C3CCCC4CCCC43)CCC2C1
C1CCC(CCCCC2CC3CCCCC3C2)CC1
C1CCC(CCCC2CCC3C(CCC3C3CCCCC3)C2)CC1
C1CCC(CCC2CCC3C(CCC3C3CCCCC3)C2)CC1
C1CCC2CC(C3CCCC4CCCC43)CCC2C1
C1CCC2CCC(C3CCCC4CCCC43)CC2CC1
C1CCC(C2CC3CCCC3C3CCCC4CCCCC4C23)CC1
C1CCC2C(C1)CCC1C3CCCCC3CCC21
C1CCC(CCCCCC2CCCC3C(C4CCCCC4)CCC23)CC1
C(CCC1(C2CCCC2)CCCCC2CCCCC21)CC1CCC2CCCCC2C1
C(CCC1CCCC2CCCCC12)CCC1CCCC2CCCCC12
C1CCC(C2CCC(CCCCCC3CCCC4CCCCC34)C2)CC1
C1CCC(C2CC3CCCC3C3CCC4CCCCC4C23)CC1
C1CCC(CCC2CCC3C(CCC3C3CCCCC3)C2)CC1
C1CCC(CCCCCC2CCC3CCCCC23)CC1
C(CCCC1CCCCC1)CCCC1CCC(C2CCCCC2)C1
C1CCC2CCC3C4CCC(CCCC5CCC6CCCCC6C5)C4CCC3C2CC1
C1CCC2CCC(C3CCCC4CCCC43)CC2CC1
C(CCCCC1CCC(C2CCCCC2)C1)CCCC1CCCCC1
C1CCC(C2CC3CCCC3C3CCC4CCCCC4C23)CC1
C1CCC2CC(C3CCCC4CCCC43)CCC2C1
C1CCC(C2CCC3C(CCC4CCCCC43)C2)CC1
C1CCC(CCC2CCC3C(CCC3C3CCCC(CCC4CCCCC4)C3)C2)CC1
C1CCC2CC(CC3CCCC4CCCC43)CCC2C1
C1CCC(C2CCC3CC4C(CC5CC6CCCCC6C5)CCCCC4CC32)CC1
C1CCC(C2CC3C(CCCC4CC4)CCC3C3CCC4CCCCC4C23)CC1
C1CCC(C2CCC3CC4C(CCCC45CCCCCC5)CC32)CC1
C1CCC2C(C1)CCCC2CC1CC2CCCCC2C2CCC3CCCCC3C12
C1CCC(C2CCC3CC4C(CCC45CCCCC5)CC32)CC1
C1CCC(C2CCC3CCCC3C3CCC4CCCCCC4C23)CC1
C1CCC(CCCCCC2CC3CCCCC3C2)CC1
C1CCC(CC2CC3CCCCC3CC3CCC4CCCCC4C32)CC1
C1CCC(C2CC3CCCC3C3CCCC4CCCCC4C23)CC1
C1CCC(C2CCCC3(CCC4CC5C(CCC5C5CCCCC5)CC43)C2)CC1
C1CCC(C2CCC3CC4(CCCCCC4C4CCCCC4)CCC32)CC1
C1CCC2CC(CCCC3CCC4C3CCC3C5CCCCC5CCCC43)CC2C1
C1CCC(CCCCCC2CCC3CCCCC23)CC1
C(CCCC1CCCCC1)CCCC1CCC(C2CCCCC2)C1
C1CCC(CCCCC2CCC3CCCCC23)CC1
C1CCC(CCCC2CCC3CCC(C4CCCC5CCCC54)CC3C2)CC1
C1CCC(CCC2CCC3C(CCCC4C5CCCC5CC(CCC5CCCCC5)C34)C2)CC1
C1CCC(CCCCC2CC3CCCCC3C2)CC1
C(CCCC1CCCCC1)CCC1CCCCC1
C(CCCC1CCCC2C(C3CCCCC3)CCC12)CCC1CCCCC1
C1CCC(CCC2CCC3C2CCCC2C4CCCCC4CCC23)C1
C1CCC(C2CCC3CCC(C4CCCC4)CC32)CC1
C1CCC(CCCC2CCC(CCC3CCCCC3)CC2)CC1
C1CCC(CCC2CCCCC2)CC1
C(CCC1CCC2CCCCC2C1)CCC1CCCC2CCCC12
C1CCC2C(C1)CCCC1CCCCC12
C1CCC(CC2CCC3CC4C(CC5CCC6CCCCC65)CCCC4CC23)CC1
C1CCC(C2CC3CCCC3C3CCC4CCCCCC4C23)CC1
C1CCC(CC2CCC3CC4C(CCC5C6CCC(CCCC7CC8CCCCC8C7)C6CCC45)CC23)CC1
C1CCC(CC2CCC3C(CC4CCCCC4)CCC3C2)CC1
C(CCC1CCCC2CCCCC12)CC1CCCC2CCCCC12
C(CCC1CCCC2CCCCC12)CC1CCCC2CCCCC12
C1CCC2CC(CCCC3CCC4C3CCCC3C5CCCCC5CCC34)CCC2C1
C1CCC(CCCC2CCCCC2)CC1
C1CCC(C2CCC3C(CCCC4CCCCC43)C2)CC1
C1CCC(CCC2CCC3C(CCC4C5CCCCC5CC(CCC5CCCCC5)C34)C2)CC1
C1CCC(CCC2CCCC3CC4C(CCC4C4CCCCC4)CC23)CC1
C1CCC(CC2CCC(C3CC4CCCC4CC4CCC5CCCCC5C43)CC2)CC1
C1CCC(C2CCC3CCC4C(CCC45CCCCC5)CC32)CC1
C1CCC(CC2CCC3CC4C(CCC45CCCC5)CC23)CC1
C1CCC(CCCCC2CCC3CCC(C4CCCC5CCCC54)CC3C2)CC1
C1CCC(CCCCCC2CC3CCCCC3C2)CC1
C1CCC(CCCCCC2CC3CCCCC3C2)CC1
C1CCC2C(C1)CCC1C3CCCC3CCCC21
C1CCC(C2CC3CCCC3CC3CCC4CCCCC4C32)CC1
C1CCC(C2CCC3CC4C(CCC5C6CCCC(CCCC7CCC8CCCCC8C7)C6CCC45)CC32)CC1
C1CCC(CCC2CCC(CCC3CCCC(CC4CCCC4)C3)CC2)CC1
C1CCC(CC2CC3CCCCC3C3CCC4CCCCCC4C23)CC1
C1CCC(CCC2CCC3C(CCCC4CCCCC43)C2)CC1
C1CCC(C2CC3CCCC3C3CCC4CCCCCC4C23)CC1
C1CCC2C(C1)CCC1C3CCCC3CCC21
C1CCC(CCC2CCC3C(CCC3C3CCCCC3)C2)CC1
C1CCC2CC(CC3CCCC4CCCC43)CCC2C1
C1CC(C2CCC(C3CC4CCCC4C4CCC5CCCCC5C34)CC2)C1
C1CCC(C2CCC3(CCCC4CC5C(CCC5C5CCCCC5)CC43)C2)CC1
C(CCCC1CCCCC1)CCCC1CCC(C2CCCCC2)C1
C1CCC(CCCCCC2CCCCC2)CC1
C1CCC(CCCCC2CC3CCCCC3C2)CC1
C1CCC(CCC(CC2CCC3C(CCC3C3CCCCC3)C2)C2CCCCC2)CC1
C1CCC(C2CCC3CC4C(CCCCC45CCCC5)CC32)CC1
C1CCC(CCCCC2CC3CCCCC3C2)CC1
C1CCC(C2CCC3CCCC3C3CCC4CCCCC4C23)CC1
C1CCC(C2CCC3C(CCCCCC4CC4)CCCC23)CC1
C1CCC(C2CCC3CC4(CCCCC4C4CCCCC4)CCC32)CC1
C1CCC(CCCCC2CC3CCCCC3C2)CC1
C1CCC2CCC(C3CCCC4CCCC43)CC2CC1
C1CCC(CC2CC3CCCCC3CC3CCC4CCCCC4C32)C1
C1CCC(C2CCC3CC4C(CCC45CCCCC5)CC32)CC1
C1CCC(C2CCC3CC4C(CCC45CCCCC5)CC32)CC1
C1CCC(CC2CC3CCCCC3C3CCC4CCCCC4C23)CC1
C1CCC(CC2CCCCC2CC2CC3CCCCC3C3CCC4CCCCC4C23)CC1
C1CCC(C2CCC3CC4C(CCCC45CCCC5)CCC32)CC1
C1CCC(CCCC2CCC3C2CCC2C4CCC5CCC(C6CCCCC6)C5CC4CCC32)CC1
C1CCC2CC(C3CCCC4CCCC43)CCC2C1
C1CCC(CC2CC3CCCCC3C3CCC4CCCCCC4C23)CC1
C1CCC(CCCCCC2CC3CCCCC3C2)CC1
C1CCC2C(C1)CCCC1CCCCC12
C1CCC(CCC2CCC(C3CCC4C(CCC4C4CCCCC4)C3)CC2)CC1
C1CCC2C(C1)CCC1C3CCCC3CCC21
C1CCC2C(C1)CC(C1CCCC3CCCC31)C1CCCC21
C1CCC(CCCCC2CC3CCCCC3C2)CC1
C1CCC2CCC3C4CCCCC4CC(CC4CCCC4)C3C2CC1
C1CCC(C2CCC3CC4C(CCCC45CCCC5)CC32)CC1
C1CCC(CCCCCC2CCCC3C(CC4CCCCC4)CCC23)CC1
C1CCC(CCC2CCC3C(CC4CCCC4)CCC3C2)CC1
C1CCC(CCCCCC2CC3CCCCC3C2)CC1
C1CCC(CCCCC2CCC3CCCCC23)CC1
C1CCC2CCC3C4CCCC4CCC3C2CC1
C1CCC(CCCCCC2CC3CCCCC3C2)CC1
C1CCC(C2CC3CCCC3C3CCC4CCCCC4C23)CC1
C1CCC(C2CCC3C(CCC3C3CCCCC3)C2)CC1
C1CCC(C2CC3CCCC3C3CCC4CCCCCC4C23)CC1
C(CCCC1CCCC2C(C3CCCCC3)CCC12)CCC1CCCCC1
C1CCC(CCCCCC2CC3CCCCC3C2)CC1
C1CCC(CCCCC2CC3CCCCC3C2)CC1
C1CCC2CC(C3CCCC4CCCC43)CCC2C1
C1CCC(C2CCC3C(CCCCCC4CCC4)CCCC23)CC1
C1CCC2CCC3C4CCCC4CCC3C2CC1
C(CCCC1CCCC2C1CCC2C1CCCC(CC2CCCC2)C1)CCC1CCCCC1
C1CCC(CCCCC2CCC3CCCCC23)CC1
C1CCC(C2CCC3CCCCC3C3CCCCC23)CC1
C1CCC(CCC2CCC3C(CCC3C3CCCCC3)C2)CC1
C1CCC(CC2CCC(CC(CC3CCCCC3)C3CCCCC3)CC2)CC1
C1CCC(CC2CCC3C(CCC3C3CCCCC3)C2)CC1
C(CCCC1CCCCC1)CCCC1CCC(C2CCCCC2)C1
C1CCC(C2CC3C(CCC34CCCC4)C3CCC4CCCCC4C23)CC1
C1CCC2C(C1)CCC1C3CCCCC3CCC21
C1CCC(CC2CCCC2CC2CC3CCCCC3C3CCC4CCCCCC4C23)CC1
C(CCC1CC2CCCCC2C1)CCC1CCCC2CCCC12
C1CCC(C2CCC3CC4C(CCCC45CCCCC5)CC32)CC1
C1CCC2C(C1)CCC1CCCCC12
C1CCC(CCCCC2CC3CCCCC3C2)CC1
C1CCC(C2CC3CCCC3C3CCC4CCCCC4C23)CC1
C(CCC1CCC2CCCCC2C1)CCC1CCCC2CCCCC12
C1CCC2CC(CCCC3CCC4C3CCC3C5CCCCC5CCC43)CCC2C1
C1CCC(CCC2CCC(C3CCC4C(CCC4C4CCCCC4)C3)CC2)CC1
C1CCC(CC2CC3CCCCC3C3CCC4CCCCC4C23)C1
C1CCC(C2CCC3CC4C(CCC45CCCCC5)CC32)CC1
C1CCC(CCCC2CCC3CCC(C4CCCC5CCCC54)CC3C2)CC1
C1CCC(C2CCC3CC4(CCCCCCC4C4CCCCC4)CCC32)CC1
C1CCC(CCCCCC2CCC3CCCCC23)CC1
C1CCC2CC(CC3CCCC4CCCC43)CCC2C1
C1CCC(CC2CC3CCCCC3C3CCC4CCCCC4C23)C1
C1CCC(CCCC2CCC3C(CCC4C5CCCC5CC(CCC5CCCCC5)C34)C2)CC1
C1CCC(C2CCC3CCCC3C3CCC4CCCCC4C23)CC1
C1CCC(C2CCC3CC4C(CCC45CCCC5)CC32)CC1
C1CCC(C2CC3CCCCC3C3CCCCC23)CC1
C1CCC(C2CC3CCCC3C3CCC4CCCCCC4C23)CC1
C1CCC(C2CC3CCCC3C3CCC4CCCCC4C23)CC1
C1CCC(CCC2CCC3C(CCC3C3CCCCC3)C2)CC1
C1CCC2CC(CC3CCCC4CCCC43)CCC2C1
C1CCC(C2CCC3CC4C(CCCC45CCC(C4CCCCC4)C(C4CCCCC4)C5)CC32)CC1
C(CCC1CCC2CCCCC2C1)CCC1CCCC2CCCCC12
C(CCCC1CCC2CCCC2C1)CCC1CCCCC1
C1CCC(CCCCC2CC3CCCCC3C2)CC1
C1CCC(CCCCCC2CC3CCCCC3C2)CC1
C1CCC2CC(C3CCCC4CCCC43)CCC2C1
C1CCC(CC2CCC3C(CCC4CCCCC43)C2)CC1
C1CCC(CCC(CCC2CCC3CCCC3C2)CC2CCCCC2)CC1
C1CCC(CC2CC3CCCCC3C3CCC4CCCCC4C23)CC1
C1CCC(CC2CC3CCCCC3C3CCC4CCCCC4C23)C1
C1CCC(CCC(CCC2CCC3CCCC3C2)CC2CCCCC2)CC1
C1CCC(C2CCC3CC4C(CCC5C6CCCC(CCCC7CC8CCCCC8C7)C6CCC45)CC32)CC1
C1CCC(CCCCC2CCC3CCCCC23)CC1
C1CCC(CCC2CCC(C3CCC3)CC2)CC1
C1CC2CCC3C(CCC4CCC5CC5C43)C2C1
C1CCC(CCC2CCC3C(CCC3C3CCCCC3)C2)CC1
C(CCCC1CCCC2C(C3CCCCC3)CCC12)CCC1CCCCC1
C1CCC(C2CC3CCCC3C3CCC4CCCCC4C23)CC1
C1CCC(CCC2CCC3C(CCC4C5CCCC5CC(CCC5CCCCC5)C34)C2)CC1
C1CCC(CC2CCC3C(CCC3C3CCCCC3)C2)CC1
C1CCC(C2CCC3CC4C(CCCC4CC4CC5CCCCC5C4)CCC32)CC1
C1CCC(C2CCC3CC4C(CCC45CCCC5)CC32)CC1
C1CCC(CCCCC2CC3CCCCC3C2)CC1
C(CCC1CCCC2CCCCC12)CCC1CCCC2CCCCC12
C1CCC(C2CCC(CCCC3CCC4C3CCC3C5CCCCCC5CCC43)C2)CC1
C1CCC(C2CC3CCCCC3C3CCCCC23)CC1
C1CCC(CC2CC3CCCCC3C3CCC4CCCCC4C23)CC1
C1CCC(CCCCCC2CCC3CCCCC23)CC1
C1CCC2CCC(C3CCCC4CCCC43)CC2CC1
C1CCC(CC2CC3CCCC3C3CCC4CCCCC4C23)CC1
C1CCC2CCC(C3CCCC4CCCC43)CC2CC1
C1CCC(CCC2CCC3C(CCC3C3CCCC3)C2)CC1
C(CCC1CC2CCCCC2C1)CCC1CCCC2CCCC12
C1CCC2CC(CCCC3CCC4C3CCC3C5CCCCC5CCCC43)CC2C1
C1CCC(CC2CC3CCCCC3C3CCC4CCCCC4C23)CC1
C1CCC2CCC3CCCCC3C2CC1
C1CCC(CCCCCC2CCCC3C(CC4CCCCC4)CCC23)CC1
C1CCC(C2CCCC3(CCC4CC5C(CCC5C5CCCCC5)CC43)C2)CC1
C1CCC2CC(CCCC3CCC4C3CCC3C5CCCCC5CCC43)CC2C1
C1CCC2CC(CCCC3CCC4C3CCC3C5CCCCC5CCC43)CC2C1
C1CCC2C(C1)CCC1C3CCCC3CCC21
C1CCC(C2CCC3CC4C(CCCC45CCCCC5)CC32)CC1
C(CCC1CCCC2CCCC12)CC1CC2CCCCC2C1
C1CCC(CCCCCC2CC3CCCCC3C2)CC1
C(CCCCC1CCC(C2CCCCC2)C1)CCCC1CCCCC1
C1CCC(CCC2CCC(CCC3CCCC(CC4CCCCC4)C3)CC2)CC1
C1CCC(CCC2CCC(C3CC3)CC2)CC1
C1CCC(CCC2CCC3C(CCC3C3CCCCC3)C2)CC1
C1CCC2CCC3C4CCCCC4CC(CC4CCCC5CCCCC54)C3C2CC1
C1CCC2CCC(C3CCCC4CCCC43)CC2CC1
C1CCC(CC(CC2CCCCC2)C2CCCCC2)CC1
C1CCC(CCCC2CCC3CCC(C4CCCC5CCCC54)CC3C2)CC1
C1CCC(CCCC2CCC3CCC(C4CCCC5CCCC54)CC3C2)CC1
C1CCC(CCC(CCC2CCC3CCCC3C2)CC2CCCCC2)CC1
C1CCC(C2CCC3CC4C(CCCC45CCCCC5)CC32)CC1
C1CCC(C2CCC3CC4C(CCCCC45CCCC5)CC32)CC1
C(CCCC1CCC2CCCC2C1)CCC1CCCCC1
C1CCC(CCCCC2CC3CCCCC3C2)CC1
C(CCC1CCC2CCCCC2C1)CCC1CCCCC2CCCCC12
C1CCC(C2CC3CCCC3C3CCC4CCCCC4C23)CC1
C1CCC2CC(C3CCCC3)CCC2C1
C1CCC(CCCCCC2CCC3CCCC3C2)CC1
C1CCC(C2CC3CCCC3C3CCC4CCCCC4C23)CC1
C1CCC(C2CC3CCCCC3C3CCCCC3C2)C1
C1CCC(CC2CCC3CCCCC3C3CCC4CCCCC4C23)CC1
C1CCC(C2CCC3CCC(C4CCCC4)C3C2)C1
C1CCC2CC(C3CCCC4CCCC43)CCC2C1
C1CCC(CCC2CCC3C2CCC(C2CCCCC2)C2C4CCCCCC4CCC32)CC1
C1CCC(C2CC3CCCC3C3CCC4CCCCC4CC23)CC1
C1CCC(C2CCC3(CCC4CC5C(CCC5C5CCCCC5)CC43)C2)CC1
C1CCC(CCCC2CCC3CCC(C4CCCC5CCCC54)CC3C2)CC1
C1CCC2C(C1)CCC1C3CCCCC3CCC21
C1CCC2C(C1)CCC1CCCCC12
C1CCC2CC(CCCC3CCCC4CCCCC43)CC2C1
C1CCC(CCCCC2CCC3C2CCC2C4CC5CCC(C6CCCCC6)C5CC4CCC32)CC1
C1CCC(CCCC2CCC3CCC(C4CCCC5CCCC54)CC3C2)CC1
C(CCC1CCCC2CCCCC12)CC1CCC2CCCCC2C1
C1CCC2C(C1)CCC1C3CCCC3CCC21
C1CCC2C(C1)CCC1CCCCC12
C1CCC2C(C1)CCC1C3CCCC3CCCC21
C1CCC2C(C1)CCCC1C3CCCC3CCC21
C1CCC(CCCC2CCC3CCCC3C2)CC1
C1CCC(C2CC3CCCCC3CC3CCCCC32)CC1
C1CCC(C2CCC3CC4C(CCC5C6CCC(CCCCC7CCC8CCCCC8C7)C6CCC45)CC32)CC1
C1CCC(CCCC2CCC(CCC3CCCCC3)CC2)CC1
C(CCCC1CCCCC1)CCCC1CCC(C2CCCCC2)C1
C1CCC(CCCC2(CCC3CCCC3)CCCC3C4CCC5CCCCC5C4CCC32)C1
C1CCC(CCCCCC2CCC3CCCCC23)CC1
C(CCCC1CCCC2C(C3CCCCC3)CCC12)CCC1CCCCC1
C1CCC(C2CC3CCCCC3C3CCC4CCCCC4C23)CC1
C1CCC(C2CCC3CC4C(CCC45CCCCCC5)CC32)CC1
C1CCC(CCC2CCC3C(CCC4C5CCCC5CCC34)C2)CC1
C(CCC1CCC2C(CCC3C4CCCC4CCC23)C1)CC1CCC(C2CC3CCCC3C3CCC4CCCCC4C23)CC1
C1CCC(CCC(CCC2CCC3CCCC3C2)CC2CCCCC2)CC1
C1CCC(C2CCC3CC4C(CCC5C6CCC(CCCC7CC8CCCCC8C7)C6CCC45)CC32)CC1
C1CCC(CC2CCC3C(CCC3C3CCCCC3)C2)CC1
C1CCC(CCCCC2CC3CCCCC3C2)CC1
C1CCC2C(C1)CCCC1C3CCCC3CCC21
C1CCC(CCCCCC2CCC3CCCCC23)CC1
C1CCC(CCC2(CCCC3CC4CCCCC4C3)CCC3C4CCC5CCCCC5C4CCC32)C1
C1CCC(CCC(CC2CCC3C(CCC3C3CCCCC3)C2)C2CCCCC2)CC1
C1CCC(CCCC(CC2CC3CCCCC3C2)C2CC2)CC1
C(CCC1CCCC2CCCCC12)CC1CCC2CCCCC2C1
C1CCC(C2CCC3(CCC4CC5C(CCC5C5CCCCC5)CC43)C2)CC1
C1CCC(CCC2CCC3C(CCC3C3CCCCC3)C2)CC1
C1CCC2CC(CCCC3CCCC4C3CCC3C5CCCCC5CCC43)CC2C1
C1CCC(CCCCC2CCC3CCCCC23)CC1
C1CCC(C2CCC3CC4C(CCC45CCCC5)CC32)CC1
C1CCC(C2CC3C(CCC4CCC4)CCC3C3CCC4CCCCC4C23)CC1
C1CCC(C2CCC3C(CCC4CCCCC43)C2)CC1
C1CCC2CC(CC3CCCC4CCCC43)CCC2C1
C1CCC(C2CCC3C(CCC4CCCCC43)C2)CC1
C1CCC(CCC2CCC3C(CCC4CCCCC43)C2)CC1
C1CCC(CCCCC2CCC3CCCCC23)CC1
C(CCCC1CCCCC1)CCCC1CCC(C2CCCCC2)C1
C1CCC(CCCCCC2CCCC3C(C4CCCCC4)CCC23)CC1
C1CCC(C2CCCC3(CCC4CC5C(CCC5C5CCCCC5)CC43)C2)CC1
C1CCC(CCCCCC2CC3CCCCC3C2)CC1
C1CCC(CC2CCCC2CC2CCC3CCCCC3C3CCC4CCCCC4C23)CC1
C1CCC2C(C1)CCC1C3CCCC3CCC21
C1CCC(CCCCCC2CCC3CCCCC23)CC1
C1CCC(C2CC3CCCC3C3CCC4CCCCCC4C23)CC1
C1CCC2CCC(C3CCCC4CCCC43)CC2CC1
C1CCC(CCC2CC3CCCCC3C3CCC4CCCCC4C23)C1
C1CCC(CCC2CCC(C3CC3)CC2)CC1
C1CCC2C(C1)CCC1C3CCCC3CCCC21
C1CCC2CC(C3CCCC4CCCC43)CCC2C1
C1CCC(CCCCC2CC3CCCCC3C2)CC1
C1CCC(C2CC3CCCC3C3CCC4CCCCCC4C23)CC1
C1CCC(CCCCCC2CCCC3C(C4CCCCC4)CCC23)CC1
C1CCC(C2CCC3CC4C(CCC5C6CCCC6CCC45)CC32)CC1
C1CCC(CCC2CCC3C(CC4CCCCC4)CCC3C2)CC1
C1CCC(CCC2CCCCC2)CC1
C(CCC1CCC2C(CCC3C4CCCC4CCC23)C1)CC1CCC(C2CCC(C3CC4CCCC4C4CCC5CCCCC5C34)CC2)CC1
C1CCC(C2CC3CCCC3C3CCC4CCCCCC4C23)CC1
C1CCC(CCC2CCCC(C3CCC4CC(CCC5CCC6CCCCC6C5)CCC43)C2)C1
C1CCC2C(C1)CCC1C3CCCCC3CCC21
C1CCC2CCC3C4CCC(CCCC5CCCC5)C4CCC3C2CC1
C(CCCC1CCCC2CCCCC12)CCC1CCCC1
C1CCC(CCCC2CCCC(C3CCC4CC(CCCC5CCC6CCCCC6C5)CCC43)C2)CC1
C1CCC(C2CC3C(CCC4CC4)CCCC3C3CCC4CCCCC4C23)CC1
C1CCC(C2CCC3CC4C(CCC45CCCC5)CC32)CC1
C1CCC2C(C1)CCC(C1CCCC1)C1CCCCC21
C1CCC(CCC2CCC3C(CCC3C3CCCCC3)C2)CC1
C1CCC(CC2CCC(CC(CC3CCCCC3)C3CCCCC3)CC2)CC1
C1CCC(C2CCC3CC4C(CCC5C6CCC(CCCCC7CCC8CCCCC8C7)C6CCC45)CC32)CC1
C1CCC(C2CCC3CC4C(CCCC45CCCC5)CC32)CC1
C1CCC2CCC(C3CCCC4CCCC43)CC2CC1
C1CCC(CCCCC2CC3CCCCC3C2)CC1
C1CCC(CCC2CCC3C(CCC3C3CCCCC3)C2)CC1
C1CCC(C2CCC3C(CCC4CCCCC43)C2)CC1
C1CCC2CC(C3CCCC4CCCC43)CCC2C1
C1CCC(CCCCC2CC3CCCCC3C2)CC1
C1CCC(CC2CCC(CC(CC3CCCCC3)C3CCCCC3)CC2)CC1
C1CCC(CCCCC2CC3CCCCC3C2)CC1
C1CCC(C2CCC3CCC4C(CC5CC6CCCCC6C5)CCCC4CC32)CC1
C1CCC2C(C1)CCC1C3CCCC3CCC21
C(CCC1CCCC2CCCCC12)CC1CCC2CCCCC2C1
C1CCC(C2CCC3CC4CCCCC4CCC3C2)CC1
C1CCC(CCCCC2CCC3CCCCC23)CC1
C1CCC(C2CC3CCCCC3C3CCC4CCCCC4C23)CC1
C1CCC(CCC2CCC3C(CCCC4CCCCC43)C2)CC1
C1CCC2CCC3C(CCC4C3CCC4(CCCC3CC4CCCCC4C3)CCC3CCCC3)C2CC1
C1CCC2C(C1)CCC1C3CCCC3CCCC21
C1CCC2C(C1)CCCC1CCCCC12
C(CCCC1CCCCC1)CCCC1CCC(C2CCCCC2)C1
C1CCC2C(C1)CCCC1C3CCCC3CCC21
C1CCC(C2CCC3CCCC3C3CCC4CCCCC4C23)CC1
C(CCC1CC2CCCCC2C1)CCC1CCCC2CCCC12
C1CCC2CCC3C4CCCCC4CC(CC4CCCC4)C3C2CC1
C(CCCCC1CCC(C2CCCCC2)C1)CCCC1CCCCC1
C1CCC2CCC3C(CCC4C3CC3CCCC34CCCC3CCCC3)C2CC1
C1CCC(C2CCC(CCCCCC3CCCC4CCCCC34)C2)CC1
C1CCC(C2CCC3C(CCC4CCCCC43)C2)CC1
C1CCC(CCCCC2CC3CCCCC3C2)CC1
C1CCC(CCC2(CCCCC3CCC4CCCCC4C3)CCC3C4CCC5CCCCC5C4CCC32)C1
C1CCC(CCCCC2CC3CCCCC3C2)CC1
C1CCC(CCCCC2CC3CCCCC3C2)CC1
C1CCC(CCC2CCC(CC3CC3)CC2)CC1
C(CCC1CCC2CCCCC2C1)CCC1CCCC2CCCC12
C(CCC1CCCC2CCCC12)CC1CC2CCCCC2C1
C1CCC(C2CC3CCCC3C3CCC4CCCCCC4C23)CC1
C1CCC2C(C1)CCC1CCCCC12
C(CCC1CCCC2C(CCC3C4CCCC4CCC23)C1)CC1CCC(C2CCC(C3CC4CCCC4C4CCC5CCCCC5C34)CC2)CC1
C1CCC(CCC2CCC(CCC3CCCC(CC4CCCC4)C3)CC2)CC1
C1CCC(CC2CC3CCCCC3C3CCC4CCCCCC4C23)CC1
C1CCC(CCCCC2CC3CCCCC3C2)CC1
C1CCC(C2CCC3CC4C(CCC5C6CCCC6CCC45)CC32)CC1
C1CCC2CC(C3CCCC4CCCC43)CCC2C1
C1CCC(C2CC3CCCC3C3CCC4CCCCCC4C23)CC1
C1CCC(C2CCC3CCC4CCCCC4C3CC2)CC1
C1CCC(CC2CCC3CC4C(CCC5C6CCC(CCCC7CCC8CCCCC8C7)C6CCC45)CC23)CC1
C1CCC(CCCCCC2CCCC3C(C4CCCCC4)CCC23)CC1
C(CCCC1CCCC2C(C3CCCCC3)CCC12)CCC1CCCCC1
C(CCCC1CCCC2C(C3CCCCC3)CCC12)CCC1CCCCC1
C(CCCCC1CCC2C(CCC3C4CCCC4CCC23)C1)CCCC1CCCC(CC(CC2CCC(CC3CCCCC3)CC2)C2CCCCC2)C1
C1CCC2CC3CCC(C4CCCCC4)C3CC2CC1
C1CCC2CCC3C4CCC(CCCC5CC6CCCCC6C5)C4CCC3C2CC1
C1CCC(C2CCCC3C(CCC4CCCCC43)C2)CC1
C1CCC(C2CC3CCCC3C3CCC4CCCCC4C23)CC1
C(CCC1CC2CCCCC2C1)CCC1CCCC2CCCC12
C1CCC(CCC2CCC(CCC3CCCC(CC4CCCC4)C3)CC2)CC1
C1CCC(CCCCC2CCC3CCCCC23)CC1
C1CCC(C2CCC3CC4C(CCC45CCCCC5)CC32)CC1
C(CCCC1CCCC2C(C3CCCCC3)CCC12)CCC1CCCCC1
C1CCC(CCCCCC2CCCC3C(CC4CCCCC4)CCC23)CC1
C1CCC(CCCCCC2CC3CCCCC3C2)CC1
C(CCC1CCCCC2CCCCC12)CC1CCC2CCCCC2C1
C1CCC(C2CC3CCCC3C3CCC4CCCCC4C23)CC1
C1CCC(CC2CC3CCCCC3C3CCC4CCCCC4C23)C1
C1CCC(C2CC3CCCCC3C3CCC(CCCC4CCCC4)CC23)CC1
C1CCC2C(C1)CCC1CCCCC12
C1CCC(C2CCC3C(CCC4CCCCC43)C2)CC1
C1CCC(CCCCC2CC3CCCCC3C2)CC1
C1CCC(C2CCC3C(CCC4CCCCC43)C2)CC1
C1CCC(C2CC3CCCC3C3CCCC4CCCCC4C23)CC1
C1CCC(CCCC2CCCC(C3CCC4CC(CCC5CCC6CCCCC6C5)CCC43)C2)CC1
C1CCC(CCCCC2CCC3CCCCC23)CC1
C1CCC(CCCCC2CC3CCCCC3C2)CC1
C1CCC2C(C1)CCC1C3CCCCC3CCC21
C1CCC2CC(C3CCCC4CCCC43)CCC2C1
C1CCC2C(C1)CCC1C3CCCC3CCC21
C1CCC(CCC2CCC3C(CCC3C3CCCCC3)C2)CC1
C1CCC(CC2CC3CCCCC3C3CCC4CCCCC4C23)CC1
C1CCC(C2CCC(CCCC3CCC4C3CCC3C5CCCCCC5CCC43)C2)CC1
C1CCC2C(C1)CCC1C3CCCC3CCC21
C1CCC(CCCC2CCCCC3CCC(C4CCCC5CCCC54)CC23)CC1
C1CCC(C2CCC3CC4C(CCC45CCCCC5)CC32)CC1
C1CCC(CCCCCC2CCC3CCCC3C2)CC1
C1CCC(C2CCC3CC4C(CCCC45CCCCC5)CC32)CC1
C(CCCCC1CCCC(CC(CC2CCC(CC3CCCCC3)CC2)C2CCCCC2)C1)CCCCC1CCC2C(CCC3C4CCCC4CCC23)C1
C1CCC(CCCC2CCCC(C3CCC4CC(CCC5CCC6CCCCCC6C5)CCC43)C2)CC1
C1CCC(C2CC3CCCCC3C3CCC4CCCCC4C23)CC1
C1CCC2C(C1)CC(C1CCCC3CCCCC31)C1CCCCC21
C1CCC(C2CC3C(CCC34CCCC4)C3CCCC4CCCCC4C23)CC1
C1CCC(C2CCC3CC4C(CCC45CCCC5)CC32)CC1
C1CCC(CCCCCC2CCCC3C(C4CCCCC4)CCC23)CC1
C1CCC(C2CC3CCCC3C3CCC4CCCCC4C23)CC1
C1CCC(CCC2CCC3C(CCC3C3CCCCC3)C2)CC1
C1CCC2CC(CCCC3CCC4C3CCC3C5CCCCC5CCC43)CCC2C1
C1CCC(CCCC2CCC3C(CCC3C3CCCCC3)C2)CC1
C1CCC(C2CCC3C(CCCC4CCCCC43)C2)CC1
C1CCC(C2CCC3CCCC3C3CCC4CCCCC4C23)CC1
C1CCC(CC2CC3CCCCC3C3CCC4CCCCC4C23)CC1
C1CCC(CCCCCC2CCC3C(CC4CCCCC4)CCC3C2)CC1
C1CCC2CCC(C3CCCC4CCCC43)CC2CC1
C1CCC(CCC2CCCC3CCC4C(CCC4C4CCCCC4)CC23)CC1
C(CCCC1CCCC2C(C3CCCCC3)CCC12)CCC1CCCCC1
C1CCC(C2CC3CCCC3C3CCC4CCCCCC4C23)CC1
C1CCC(C2CCC3CCCC4(CCCCC4)C3C2)CC1
C1CCC(CCCCC2CCC3CCCCC23)CC1
C1CCC(C2CC3CCCC3C3CCC4CCCCC4C23)CC1
C(CCC1CC2CCCCC2C1)CCC1CCCC2CCCC12
C(CCC1CCCC2CCCCC12)CC1CC2CCCCC2C1
C1CCC(CC2CC3CCCCC3C3CCC4CCCCC4C23)C1
C1CCC(CC2CCC3CCCCC3C3CCC4CCCCC4C23)CC1
C1CCC(CCC2CCC3C(CCC4C5CCCC5CCC34)C2)CC1
C1CCC2CC(CCCC3CCC4C3CCC3C5CCCCC5CCC43)CC2C1
C1CCC(CCC2CCC3C(CCC3C3CCCCC3)C2)CC1
C1CCC(C2CC3CCCC3C3CCC4CCCCC4C23)CC1
C1CCC(C2CCC3CC4C(CCC32)CCC2C3CCC(CCCC5CC6CCCCC6C5)C3CCC42)CC1
C1CCC(CCC(CCCC2CCC3CCCC3C2)CC2CCCCC2)CC1
C1CCC2C(C1)CC(C1CCCC1)C1CCCCC21
C1CCC(C2C3CCCC3CC3CC4CCCCC4CC32)CC1
C1CCC2C(C1)CCC1C3CCCCC3CCC21
C1CCC(C2CCC3CC4C(CCC5C6CCC(CCCCC7CC8CCCCC8C7)C6CCC45)CC32)CC1
C1CCC(CCCCC2CC3CCCCC3C2)CC1
C1CCC(C2CCC3CC4C(CCC5C6CCC(CCCC7CC8CCCCC8C7)C6CCC45)CC32)CC1
C(CCCCC1CCC(C2CCCCC2)C1)CCCC1CCCCC1
C1CCC(C2CC3CCCCC3C3CCC4CCCCC4C23)CC1
C1CCC(CCCCC2CC3CCCCC3C2)CC1
C1CCC2CCC3C4CCCCC4CC(CC4CCCC4)C3C2CC1
C(CCC1(C2CCCC2)CCCCC2CCCCC21)CC1CCC2CCCCC2C1
C1CCC(CCCCCC2CC3CCCCC3C2)CC1
C1CCC(C2CC3CCCC3C3CCC4CCCCC4C23)CC1
C1CCC(CC2CCCC(CCC3CC4CCCCC4C4CCC5CCCCC5C34)C2)CC1
C1CCC(CCCCC2CC3CCCCC3C2)CC1
C(CCCC1CCCCC1)CCCC1CCC(C2CCCCC2)C1
C(CCC1CCC2CCCCC2C1)CCC1CCCC2CCCCC12
C1CCC2C(C1)CCC1C3CCCCC3CCCC21
C1CCC(CCC2CCC3C(CC4CCCCC4)CCC3C2)CC1
C1CCC(CCC(CC2CC3CCCCC3C2)C2CCC2)CC1
C1CCC(CC2CCC3CC4C(CCCC45CCCCC5)CC23)CC1
C1CCC(CCC2CCC(CC3CC3)CC2)CC1
C1CCC(CC2CCC(CC(CC3CCCCC3)C3CCCCC3)CC2)CC1
C1CCC(CCC2CCC3C(CCC3C3CCCCC3)C2)CC1
C1CCC(C2CCC3CCCC3C3CCC4CCCCC4C23)CC1
C(CCC1CCCC2CCCCC12)CC1CCCC2CCCCC12
C1CCC2CCC3C4CCC(CCCC5CC6CCCCC6C5)C4CCC3C2CC1
C1CCC2C(C1)CC(C1CCCC3CCCC31)C1CCCC21
C(CCCC1CCCCC1)CCCC1CCC(C2CCCCC2)C1
C1CCC(C2CC3C(CCC34CCCC4)C3CCC4CCCCC4CC23)CC1
C1CCC(CCC(CCC2CCC3CCCC3C2)CC2CCCCC2)CC1
C1CCC2C(C1)CCC1C3CCCC3CCC21
C1CCC(C2CCC3CC4C(CCC32)CCC2C3CCCC3CCC42)CC1
C1CCC(C2CC3CCCC3C3CCC4CCCCC4C23)CC1
C1CCC(C2CCC3CC4C(CCCC45CCCC5)CC32)CC1
C1CCC2C(C1)CCC1C3CCCC3CCC21
C1CCC2CC(CC3CCCC4CCCC43)CCC2C1
C1CCC(CC2CC3CCCC3C3CCC4CCCCC4C23)CC1
C1CCC(C2CCC3CC4C(CCC45CCCCC5)CC32)CC1
C1CCC(CCC(CCC2CCC3CCCC3C2)CC2CCCCCC2)CC1
C(CCCC1CCCC2CCCC12)CCC1CCCCC1
C(CCCC1CCCC2C(C3CCCCC3)CCC12)CCC1CCCCC1
C1CCC(CC2CCC(CCCCCC3CCCC4CCCCC34)C2)CC1
C1CCC(C2CCC3CC4C(CC5CCC6CCCCC65)CCCC4CC32)CC1
C1CCC(CCC2CC3CCCCC3C3CCC4CCCCC4C23)CC1
C1CCC(CCC(CCC2CCC3CCCC3C2)CC2CCCCC2)CC1
C1CCC(CCC2CCCC3CCC(C4CCCC5CCCC54)CC23)CC1
C1CCC(C2CC3CCCC3C3CCC4CCCCC4C23)CC1
C1CCC2C(C1)CCC1C2CCC2CCC3CC3C21
C1CCC2CCC(C3CCCC4CCCC43)CC2CC1
C1CCC(CC2CC3CCCC3C3CCC4CCCCC4C23)CC1
C1CCC2C(C1)CCC1CCCCC12
C(CCCCC1CCC2C(CCC3C4CCCC4CCC23)C1)CCCC1CCCC(CC(CC2CCC(CC3CCCCC3)CC2)C2CCCCC2)C1
C1CCC2C(C1)CCC1C3CCCC3CCC21
C1CCC(C2CC3CCCC3C3CCCC4CCCCC4C23)CC1
C1CCC(CC2CC3CCCCC3C3CCC4CCCCC4C23)CC1
C(CCCCC1CCC(C2CCCCC2)C1)CCCC1CCCCC1
C1CC2CCCC2C(CC2CC3CCCCC3C3CCCC23)C1
C1CCC(CC2CC3CCCCC3C3CCC4CCCCC4C23)CC1
C1CCC(C2CCC3CCC4C(CCCC45CCCC5)CC32)CC1
C1CCC(CC2CC3CCCCC3C3CCC4CCCCC4C23)CC1
C1CCC(CCCCCC2CC3CCCCC3C2)CC1
C1CCC(CC2CCC3CC4(CCCCC4C4CCCCC4)CCC23)CC1
C1CCC(C2CCC3CC4C(CCCC45CCCCC5)CC32)CC1
C1CCC(CCCCC2CC3CCCCC3C2)CC1
C1CCC(CCCCC2CC3CCCCC3C2)CC1
C1CCC2CC(C3CCCC4CCCC43)CCC2C1
C1CCC(C2CCC3CCCC3C3CCC4CCCCC4C23)CC1
C1CCC(C2CC3CCCC3C3CCC4CCCCC4C23)CC1
C1CC2CCC3C(CCC4CCC5CC5C43)CC2C1
C1CCC(CC2CC3CCCCC3C3CCC4CCCCCC4C23)CC1
C1CCC(CCC(CCC2CCC3CCCCC3C2)CC2CCCCC2)CC1
C1CCC(C2CC3CCCCC3C3CCC4CCCCC4C23)CC1
C1CCC(C2CC3CCCC3C3CCC4CCCCC4C23)CC1
C1CCC(CCCCC2CC3CCCCC3C2)CC1
C1CCC(CCC2CCC3C(CCC3C3CCCC(CCC4CCCCC4)C3)C2)CC1
C1CCC(C2CCC3CC4CCCCC4CC32)CC1
C1CCC2CC(C3CCCC4CCCC43)CCC2C1
C1CCC(CCC2CCC3C(CCC3C3CCCCC3)C2)CC1
C1CCC2C(C1)CCC1C3CCCC3CCC21
C1CCC(CCCCCC2CC3CCCCC3C2)CC1
C1CCC(C2CCC3CC4C(CC5CCC6CCCCC65)CCCCC4CC32)CC1
C1CCC(CCCC2CCC3CCCC3C2)CC1
C1CCC(C2CCC3CCCC3C3CCC4CCCCCC4C23)CC1
C1CCC(CCC2CCC(C3CC3)CC2)CC1
C1CCC(CCC2CCC3C(CCC3C3CCCCC3)C2)CC1
C1CCC(CC2CC3CCCCC3C3CCC4CCCCC4C23)CC1
C(CCC1CCCCC2CCCCC12)CC1CCC2CCCCC2C1
C1CCC(CCCCCC2CC3CCCCC3C2)CC1
C1CCC(C2CC3CCCC3C3CCC4CCCCC4C23)CC1
C(CCCC1CCCC2C(C3CCCCC3)CCC12)CCC1CCCCC1
C1CCC(C2CCC3CC4C(CCCC4CC4CCC5CCCCC54)CCC32)CC1
C1CCC(C2CCC(C3CC4CCCC4C4CCC5CCCCC5CC34)CC2)C1
C(CCC1CCC2C(CCC3C4CCCC4CCC23)C1)CC1CCC(C2CC3CCCC3C3CCC4CCCCC4C23)CC1
C1CCC(CCC(CC2CC2)CC2CC3CCCCC3C2)CC1
C1CCC2CC(CCCC3CCCC4C3CCC3C5CCCCC5CCC43)CC2C1
C1CCC(CCC2CCCC3CCC4C(CCC4C4CCCCC4)CC23)CC1
C1CCC(C2CCC3CC4C(CCC32)CCC2C3CCC(CCCC5CC6CCCCC6C5)C3CCC42)CC1
C1CCC(C2CC3CCCCC3C3CCC4CCCCC4C23)CC1
C1CCC2C(C1)CCC1C2CCC2C3CCCC3CC21
C(CCC1CCCC2CCCCC12)CC1CCCC2CCCCC12
C1CCC(CCCCC2CC3CCCCC3C2)CC1
C1CCC(CCC2CCC3C2CCC(C2CCCCC2)C2C4CCCCC4CCCC32)CC1
C1CCC(C2CC3CCCC3C3CCC4CCCCC4C23)CC1
C1CCC2CCC(C3CCCC4CCCC43)CC2CC1
C1CCC(CCC2CCC(CC3CC3)CC2)CC1
C(CCC1CCC2C1CCC1C3CCCCC3CCC21)CC1CCC2CCCCC2C1
C1CCC2CCC3C4CCC(CCCC5CC6CCCCC6C5)C4CCC3C2CC1
C1CCC(CC2CCC(C3CC4CCCC4C4CCC5CCCCC5C34)CC2)CC1
C1CCC(CC2CCCC(CCC3CCC(CCC4CCC(C5CC5)CC4)CC3)C2)C1
C1CCC(CCC2(CCCC3CC4CCCCC4C3)CCC3C4CCC5CCCCC5C4CCC32)C1
C1CCC(CCCC2CCC3C(CCC3C3CCCCC3)C2)CC1
C1CCC(C2CCC3C(CCCC4CCCCC43)C2)CC1
C1CCC(CCC2CCCCC2)CC1
C1CCC(CCC2(CCCCC3CC4CCCCC4C3)CCC3C4CCC5CCCCC5C4CCC32)C1
C1CCC(CC2CC3CCCCC3CC3CCC4CCCCC4C32)C1
C1CCC(CCCCCC2CC3CCCCC3C2)CC1
C1CCC(CCCCC2CC3CCCCC3C2)CC1
C(CCCC1CCCCC1)CCCC1CCC(C2CCCCC2)C1
C(CCCC1CCCCC1)CCCC1CCC(C2CCCCC2)C1
C1CCC(CC2CC3CCCCC3C3CCC4CCCCC4C23)CC1
C1CCC(CCC2CCC(CCC3CCCC(CC4CCCC4)C3)CC2)CC1
C1CCC2CCC3CCCCC3C2CC1
C1CCC(CCCCC2CC3CCCCC3C2)CC1
C1CCC(CCCC2CCC3CCC(C4CCCC5CCCC54)CC3CC2)CC1
C1CCC(CCCCCC2CCC3CCC(C4CCCC5CCCC54)CC3C2)CC1
C1CCC(CCC2CCC3C(CCC4C5CCCC5CC(CCC5CCCCC5)C34)C2)CC1
C1CCC(CCC(CC2CC3CCCCC3C2)C2CC2)CC1
C1CCC2C(C1)CCC1C3CCCC3CCC21
C1CCC(CCCCCC2CC3CCCCC3C2)CC1
C(CCCC1CCCC2C(C3CCCCC3)CCC12)CCC1CCCCC1
C1CCC(C2CCC3CC4C(CCC45CCCC5)CC32)CC1
C1CCC(CC2CC3CCCCC3C3CCCCC23)CC1
C1CCC2C(C1)CCC1C3CCCC3CCC21
C1CCC(CCC2CCC(CCC3CCCC(CC4CCCC4)C3)CC2)CC1
C1CCC(CCC2(CCCC3CCC4CCCCC4C3)CCC3C4CCCC5CCCCC5C4CCC32)C1
C1CCC(CCCCC2CCC3C2CCCC2C4CCCCC4CCC23)CC1
C1CCC(C2CC3CCCC3C3CCC4CCCCC4C23)CC1
C1CCC(CC2CC3CCCCC3C3CCC4CCCCCC4C23)CC1
C1CCC(CCC2CC3CCCC3C3CCC4CCCCC4C23)CC1
C1CCC(C2CCC(CCCCCC3CCCC4CCCCC34)C2)CC1
C1CCC(C2CC3CCCCC3C3CCC(CCC4CCCC4)CC23)CC1
C1CCC(C2CCC3CC4(CCCCC4C4CCCCC4)CCC32)CC1
C1CCC2C(C1)CCC1C3CCCC3CCC21
C1CCC(CCCCCC2CCCC3C(C4CCCCC4)CCC23)CC1
C1CCC(CC2CC3CCCC3C3CCC4CCCCC4C23)CC1
C1CCC(C2CCC3CCCCC3C3CCCCC23)CC1
C(CCC1CCCCC2CCCCC12)CC1CCC2CCCCC2C1
C1CCC(CCC(CCC2CCC3CCCCC3C2)CC2CCCCC2)CC1
C1CCC(C2CCC(C3CC4CCCC4C4CCC5CCCCC5C34)CC2)C1
C1CCC(CCCC2CCC3C(CCC4C5CCCC5CCC34)C2)CC1
C1CCC(CCC2(CCCC3CC4CCCCC4C3)CCC3C4CCC5CCCCC5C4CCC32)C1
C1CCC(C2CC3CCCC3C3CCC4CCCCC4C23)CC1
C1CCC2C(C1)CCCC2CCCC1CCC2C1CCC1C3CCCCC3CCC21
C1CCC(CC2CC3CCCCC3C2C2CCCCC2)CC1
C1CCC(CCCC2CCC3C(CCC3C3CCCCC3)C2)CC1
C1CCC(CC2CC3CCCCC3C3CCC4CCCCC4C3C2)C1
C1CCC2CCC3C4CCCC4CCC3C2CC1
C1CCC2CC3CCC4C5CCCC5CC4C3CCC2C1
C1CCC(CCC2CCC3C(CCC4C5CCCCC5CC(CCC5CCCCC5)C34)C2)CC1
C1CCC(C2CCCC3C(CCC4CCCCC43)C2)CC1
C1CCC(CCCC2CC3CCCCC3C2C2CCCCC2)CC1
C1CCC(C2CCC3CCC4C(CCC45CCCCC5)CC32)CC1
C1CCC2CC(CCCC3CCC4C3CCC3C5CCCCC5CCC43)CC2C1
C1CCC2CCC3C4CCCC4CCC3C2CC1
C1CCC2CCC(C3CCCC4CCCC43)CC2CC1
C1CCC(C2CCC3CC4C(CCC5C6CCC(CCCC7CC8CCCCC8C7)C6CCC45)CC32)CC1
C(CCCC1CCCC2CCCC12)CCC1CCCCC1
C1CCC(CC2CCC3CC4CCCCC4CC23)CC1
C1CCC(CCCC2CCC3CCC(C4CCCC5CCCC54)CC3C2)CC1
C1CCC(CCCCCC2CCC3C(CCC3C3CCCCC3)C2)CC1
C1CCC(C2CCC(CCCCCC3CCCCC4CCCCC34)C2)CC1
C(CCCC1CCCC2CCCCC12)CCC1CCC(C2CCCCC2)C1
C1CCC(CCC2CCC(CCC3CCCC(CC4CCCC4)C3)CC2)CC1
C1CCC2CC(CCCC3CCC4C3CCC3C5CCCCC5CCC43)CC2C1
C1CCC(CC2CCC(CCCC3CCC4C3CCC3C5CCCCC5CCC43)C2)CC1
C1CCC(CCCCC2CCC3CCCCC23)CC1
C1CCC2CC(C3CCCC4CCCC43)CCC2C1
C1CCC(C2CC3CCCCC3C3CCCCC23)CC1
C1CCC(C2CC3CCCC3C3CCC4CCCCC4C23)CC1
C1CCC(C2CC3CCCC3C3CCC4CCCCC4C23)CC1
C1CCC2CC(CCCC3CCC4C3CCC3C5CCCCC5CCC43)CC2C1
C1CCC(CC2CC3CCCCC3C3CCC4CCCCCC4C23)CC1
C1CCC2CC(C3CCCC4CCCC43)CCC2C1
C1CCC2CCC(C3CCCC4CCCC43)CC2CC1
C1CCC(C2CC3CCCC3C3CCC4CCCCC4C23)CC1
C(CC1CCC2CCCC2C1)CC1CCC2CCC(C3CCCC4CCCC43)CC2C1
C1CCC(CCCCC2CC3CCCCC3C2)CC1
C1CCC(CCCCC2CCC3CCCCC3C2)CC1
C1CCC(CC2CCC3C(CCC3C3CCCCC3)C2)CC1
C(CCC1CCC2C1CCC1C3CCCCC3CCC21)CC1CC2CCCCC2C1
C1CCC2CC(CC3CCCC4CCCC43)CCC2C1
C(CCCC1CCCC2C(C3CCCCC3)CCC12)CCC1CCCCC1
C1CCC(C2CCCC3(CCC4CC5C(CCC5C5CCCCC5)CC43)C2)CC1
C1CCC(CC2CCCC(CCC3CCC(CCC4CCC(C5CC5)CC4)CC3)C2)C1
C1CCC(C2CCC3CCCC3C3CCC4CCCCC4C23)CC1
C(CCCC1CCCC2C(C3CCCCC3)CCC12)CCC1CCCCC1
C1CCC(CCCCCC2CCC3CCCCC3C2)CC1
C(CCC1CC2CCCCC2C1)CCC1CCCC2CCCC12
C1CCC(C2CCC3CC4C(CCC5C6CCC(CCCCC7CC8CCCCC8C7)C6CCC45)CC32)CC1
C(CCC1CCCC2CCCC12)CC1CC2CCCCC2C1
C1CCC(C2CCC3C(CCC4CCCCC43)C2)CC1
C1CCC2C(C1)CC(C1CCCC3CCCC31)C1CCCC21
C1CCC(C2CC3CCCC3C3CCC4CCCCC4C23)CC1
C1CCC(C2CC3CCCC3C3CCC4CCCCC4CC23)CC1
C1CCC2C(C1)CCC1C3CCCC3CCC21
C1CCC(CC2CC3CCCCC3C3CCC4CCCCCC4C23)CC1
C1CCC(C2CCC3C(CCC3C3CCCCC3)C2)CC1
C1CCC(CCCCC2CCC3CCCCC23)CC1
C1CCC(C2CCC3CC4C(CCCC45CCCC5)CC32)CC1
C1CCC(CCCCCC2CCC3CCCCC23)CC1
C1CCC(CCCCCC2CC3CCCCC3C2)CC1
C1CCC(CCC2CCC3C(CCC3C3CCCC(CC4CCCC4)C3)C2)CC1
C1CCC2C(C1)CCC1C3CCCC3CCC21
C1CCC(CCC2CCC3C(CCC3C3CCCC(CC4CCCC4)C3)C2)CC1
C1CCC2CC(C3CCCC4CCCC43)CCC2C1
C1CCC(C2CC3CCCC3C3CCC4CCCCC4C23)CC1
C1CCC2C(C1)CCC1C3CCCC3CCC21
C1CCC2CC(C3CCCC4CCCC43)CCC2C1
C1CCC(CC2CC3CCCCC3C3CCC4CCCCC4C23)C1
C1CCC(CCCCCC2CCC3CCCCC23)CC1
C1CCC2CCC3C(CCC4C3CCC4(CCCC3CC4CCCCC4C3)CCC3CCCC3)C2CC1
C1CCC(CCCC2CCC3C(CCC4C5CCCC5CC(CCC5CCCCC5)C34)C2)CC1
C1CCC(CCCCC2CCC3CCCCC23)CC1
C1CCC(CCCCC2CC3CCCCC3C2)CC1
C1CCC2CCC3C4CCCCC4CCC3C2CC1
C1CCC(CCC2CCC(CCC3CCCC(CC4CCCC4)C3)CC2)CC1
C1CCC(CC2CC3CCCCC3C3CCC4CCCCC4C23)CC1
C1CCC2C(C1)CCC1C3CCCCC3CCC21
C1CCC(CCCCC2CC3CCCCC3C2)CC1
C1CCC(CCCCCC2CCCC3C(C4CCCCC4)CCC23)CC1
C1CCC(CCC2CCCC3CCC(CC4CCCC5CCCC54)CC23)CC1
C1CCC2C(C1)CCC1C3CCCC3CCCC21
C1CCC(CCC2CCC3C(CCC3C3CCCCC3)C2)CC1
C(CCCC1CCCCC1)CCCC1CCC(C2CCCCC2)C1
C1CCC(CCCCCC2CC3CCCCC3C2)CC1
C1CCC(CCC2CCC3C(CCC3C3CCCCC3)C2)CC1
C1CCC(CCCCC2CCC3CCC(C4CCCC5CCCC54)CC3C2)CC1
C1CCC(CCCCC2CCC3CCCCC23)CC1
C1CCC2C(C1)CCC1CCCCC12
C(CCC1CCCCC2CCCCC12)CC1CCC2CCCCC2C1
C1CCC(CCCCCC2CCCC3C(CC4CCCCC4)CCC23)CC1
C1CCC(CCCC2CCCCC2)CC1
C(CCCC1CCCC2C(C3CCCCC3)CCC12)CCC1CCCCC1
C1CCC2CC(C3CCCC4CCCC43)CCC2C1
C1CCC2CCC(C3CCCC4CCCC43)CC2CC1
C(CC1CCC(C2CCCC2)CC1)CC1CCC2CCCC2C1
C1CCC(CCC2CCC3C(CCC3C3CCCC(CCCC4CCCC4)C3)C2)CC1
C1CCC(C2CC3CCCCC3C3CCCCC23)CC1
C1CCC(CC2CC3CCCCC3C3CCC4CCCCC4C23)CC1
C1CCC(CCC2CCC(CCC3CCCC(CCC4CCCC4)C3)CC2)CC1
C(CCC1(C2CCCC2)CCCC2CCCCC21)CC1CCC2CCCCC2C1
C1CCC(C2CCC3CCCCC3C3CCC4CCCCC4C23)CC1
C1CCC(CCCCCC2CCC3CCCCC23)CC1
C1CCC(CCC2CCC3C(CCC3C3CCCCC3)C2)CC1
C(CCC1CCC2C1CCC1C3CCCCC3CCC21)CC1CC2CCCCC2C1
C1CCC(CCC2CCCC3CC4C(CCC4C4CCCCC4)CC23)CC1
C(CCCC1CCCC2C(C3CCCCC3)CCC12)CCC1CCCCC1
C1CCC(CCCCC2CCC3CCCCC23)CC1
C1CCC(CCCCC2(CCC3CCCC3)CCC3C4CCC5CCCCC5C4CCC32)CC1
C1CCC(C2CCC3CC4C(CCC45CCCCC5)CC32)CC1
C1CCC(CCCCCC2CCCC3C(C4CCCCC4)CCC23)CC1
C1CCC2C(C1)CCC1C2CCC2C3CCCC3CC21
C1CCC(CCCCC2CC3CCCCC3C2)CC1
C1CCC2CCC3C(CCC4C3CCC4(CCCC3CC4CCCCC4C3)CCC3CCCC3)C2CC1
C1CCC(C2CCC3CC4C(CCC45CCCCC5)CC32)CC1
C(CCCC1CCCC2C(C3CCCCC3)CCC12)CCC1CCCCC1
C1CCC2CCC3C(CCC4C3CCC4(CCCC3CC4CCCCC4C3)CCC3CCCC3)C2CC1
C1CCC(CCCCCC2CCCC3C2CCC3C2CCC(CC3CCC3)CC2)CC1
C1CCC(C2CCC3CC4C(CCCCC45CCCC5)CC32)CC1
C1CCC(C2CC3CCCC3C3CCCC4CCCCC4C23)CC1
C1CCC(CCCC(CCC2CCC3CCCC3C2)CC2CCCCC2)CC1
C1CCC(C2CCC3C(CCCCCC4CC4)CCCC23)CC1
C1CCC(CCCCC2CCC3CCCCC23)CC1
C1CCC(CCCC2CCC3C(CCC3C3CCCCC3)C2)CC1
C1CCC(CCC2CCCC3CC4C(CC5CCCCC5)CCC4CC23)CC1
C(CCC1CCC2C1CCC1C3CCCCC3CCC21)CC1CC2CCCCC2C1
C1CCC(CCCCCC2CCC3CCCCC23)CC1
C1CCC(C2CCC3CCCC3C3CCC4CCCCC4C23)CC1
C1CCC(CCCCCC2CCCC3C(C4CCCCC4)CCC23)CC1
C1CCC2CCC3C4CCCCC4CC(CC4CCCC(C5CCCC5)C4)C3C2CC1
C(CCCC1CCCC2C(C3CCCCC3)CCC12)CCC1CCC(C2CCCC2)C1
C1CCC(CCCCCC2CCCC3C2CCC3C2CCCC(CCC3CC3)C2)CC1
C1CCC(C2CC3CCCC3C3CCC4CCCCC4C23)CC1
C(CCC1CCC2C1CCC1C3CCCCC3CCC21)CC1CC2CCCCC2C1
C1CCC(C2CCC3(CC2)CCC2CC4C(CCC4C4CCCCC4)CC23)CC1
C1CCC(C2CC3CCCC3C3CCC4CCCCC4C23)CC1
C1CCC(C2CCC3CC4C(CCCCC45CCCC5)CC32)CC1
C(CCCC1CCCCC1)CCC1CCCCC1
C(CC1CCC2CCCC2C1)CC1CCC2CCC(C3CCCC4CCCC43)CC2C1
C1CCC2C(C1)CCCC1C3CCCC3CCC21
C1CCC(CCC2CCC(CCC3CCCC(CC4CCCC4)C3)CC2)CC1
C1CCC2CCC(C3CCCC4CCCC43)CC2CC1
C1CCC2CCC(C3CCCC4CCCC43)CC2CC1
C1CCC2C(C1)CCC1C3CCCC3CCC21
C(CCCC1CCC(C2CCCCC2)C1)CCC1CCCCC1
C(CCC1CCCC2CCCC12)CC1CC2CCCCC2C1
C(CCCC1CCC2C(CCC2C2CCCCC2)C1)CCC1CCCCC1
C1CCC(CCC2CCCC3CC4C(CCC4C4CCCCC4)CC23)CC1
C(CCC1CCC2C1CCC1C3CCCCC3CCC21)CC1CC2CCCCC2C1
C1CCC(C2CCC3CC4C(CCCC5C6CCC(CCCC7CCCC8CCCCC87)C6CCC45)CC32)CC1
C(CCC1CCCC2CCCCC12)CC1CCCC2CCCCC12
C1CCC(C2CCC3CC4C(CCC5C6CCCC6CCC45)CC32)CC1
C1CCC(C2CCC3CC4C(CCCCC45CCCC5)CC32)CC1
C(CCCC1CCCCC1)CCCC1CCC(C2CCCCC2)C1
C1CCC(C2CC3CCCC3C3CCC4CCCCC4C23)CC1
C1CCC(CCCC2CCC(CC3CCC4C(CCC4C4CCCCC4)C3)CC2)CC1
C1CCC(C2CCC3CC4C(CCCC5C6CCCC6CCC45)CC32)CC1
C1CCC2CC(C1)CCC1C3CCCC3CCC21
C1CCC2C(C1)CCC1C3CCCC3CCC21
C1CCC(CCC2CCCCC2)CC1
C1CCC2C(C1)CCC1C3CCCC3CCC21
C1CCC2C(C1)CCCC2CCCC1CCCC2C1CCC1C3CCCCC3CCC21
C1CCC(C2CC3CCCC3C3CCC4CCCCCC4C23)CC1
C1CCC(C2CC3C(CCC4CC4)CCC3C3CCC4CCCCCC4C23)CC1
C1CCC(CCCCCC2CC3CCCCC3C2)CC1
C(CCCC1CCCC2C(C3CCCCC3)CCC12)CCC1CCCCC1
C1CCC2C(C1)CCCC1C3CCCC3CCC21
C1CCC(C2CC3CCCC3C3CCCC4CCCCC4C23)CC1
C1CCC2CC(CCCC3CCC4C3CCC3C5CCCCC5CCC43)CCC2C1
C1CCC(CCCCC2CC3CCCCC3C2)CC1
C1CCC(CCC2CCC(C3CC3)CC2)CC1
C1CCC(CCC2CCC3C(CCC3C3CCCCC3)C2)CC1
C(CCCC1CCCC2C(C3CCCCC3)CCC12)CCC1CCCCC1
C1CCC(C2CCC(CCCC3CCC4C3CCC3C5CCCCC5CCC43)C2)CC1
C1CCC(CCCCCC2CCCC3C(C4CCCCC4)CCC23)CC1
C1CCC(CC2CC3CCCCC3C3CCC4CCCCC4C23)CC1
C1CCC2C(C1)CCC1C3CCCC3CCC21
C(CCCC1CCCC2CCCCC12)CCC1CCC(C2CCCCC2)C1
C1CCC(CCC2CCC3C(CCC3C3CCCC(CC4CCCC4)C3)C2)CC1
C1CCC(C2CCC3CCC4C(CC5CCC6CCCCC65)CCCC4CC32)CC1
C1CCC(C2CCC(C3CC4CCCC4C4CCCC5CCCCC5C34)CC2)C1
C1CCC(CC2CCC3C(CC4CCCCC4)CCC3C2)CC1
C1CCC(CCCCC2CCC3CCC(C4CCCC5CCCC54)CC3C2)CC1
C1CCC(C2CC3CCCC3C3CCC4CCCCC4C23)CC1
C1CCC(CCCC2CCC3C2CCC2C4CC5CCC(C6CCCCC6)C5CC4CCC32)CC1
C1CCC2CCC(C3CCCC4CCCC43)CC2CC1
C1CCC2CC(C3CCCC3)CCC2C1
C1CCC(CCCCCC2CCCC3C(C4CCCCC4)CCC23)CC1
C1CCC(C2CCC3CCCC3C3CCC4CCCCC4C23)CC1
C1CCC(CCCC2CCC(C3CCCC4C(C5CCCCC5)CCC34)C2)CC1
C1CCC(CCCCCC2CC3CCCCC3C2)CC1
C1CCC(CC2CC3CCCCC3CC3CCC4CCCCC4C32)C1
C1CCC(CC2CC3CCCCC3C3CCC4CCCCC4C23)CC1
C1CCC(CCCCC2CCC3CCC(C4CCCC5CCCC54)CC3C2)CC1
C1CCC2CC(CCCC3CCC4C3CCC3C5CCCCC5CCC43)CC2C1
C1CCC(CCCCC2CC3CCCCC3C2)CC1
C1CCC(C2CC3CCCC3C3CCC4CCCCCC4C23)CC1
C1CCC(C2CCC3CC4C(CCC5C6CCC(CCCC7CCC8CCCCC8C7)C6CCC45)CC32)CC1
C1CCC(CCC2CCC3C(CCC3C3CCCCC3)C2)CC1
C1CCC(CC2CC3CCCCC3C3CCC4CCCCC4C23)CC1
C1CCC(C2CC3CCCC3CC3CCC4CCCCC4C32)CC1
C1CCC(CCCC2CCC3CCC(C4CCCC5CCCC54)CC3C2)CC1
C1CCC(C2CC3CCCC3C3CCC4CCCCC4C23)CC1
C1CCC(CCC2CCC3C(CCC3C3CCCC(CC4CCCC4)C3)C2)CC1
C1CCC2CCC3C4CCCCC4CCC3C2CC1
C(CCC1CCCC2CCCCC12)CC1CCC2CCCCC2C1
C1CCC2CC(CC3CCCC4CCCC43)CCC2C1
C1CCC(C2CCC3CC4C(CCCC4CC4CCC5CCCCC54)CCC32)CC1
C(CCC1CCCC2CCCC12)CC1CC2CCCCC2C1
C1CCC(CCC2CCCCC2)CC1
C(CCCC1CCCCC1)CCCC1CCC(C2CCCCC2)C1
C1CCC(C2CC3CCCCC3C3CCCCC23)CC1
C1CCC(C2CCC3CC4C(CCCC45CCCCC5)CC32)CC1
C1CCC(C2CC3CCCCC3C3CCCCC23)CC1
C1CCC2CCC(C3CCCC4CCCC43)CC2CC1
C1CCCC(CCCC2CCC3CCC(C4CCCC5CCCC54)CC3C2)CC1
C1CCC(C2CCC3CC4C(CCC45CCCCC5)CC32)CC1
C1CCC(C2CCC3CC4C(CCC45CCCCC5)CC32)CC1
C1CCC(CCCCCC2CCCCC2)CC1
C(CCCC1CCCC2C(C3CCCCC3)CCC12)CCC1CCCCC1
C1CCC(C2CCC(CCCCC3CCC4C3CCC3C5CCCCC5CCC43)C2)CC1
C1CCC2C(C1)CCC1C3CCCC3CCC21
C1CCC2CCC3C4CCC(CCCC5CC6CCCCC6C5)C4CCC3C2CC1
C1CCC(CCCC2CCC3C(CCC3C3CCCCC3)C2)CC1
C1CCC(C2CCC3C(CCC4CCCCC43)C2)CC1
C1CCC(C2CCC3CC4C(CC5CCC6CCCCC65)CCCCC4CC32)CC1
C1CCC(CCC2CCC(C3CCC4C(CCC4C4CCCCC4)C3)CC2)CC1
C1CCC(CC2CC3CCCCC3C3CCC4CCCCCC4C23)CC1
C1CCC(CCC2CCC3C(CCC3C3CCCCC3)C2)CC1
C1CCC(C2CCC(CCCCCC3CCCC4C(C5CCCCC5)CCC34)C2)CC1
C1CCC(CCCCCC2CCCC3CCCC23)CC1
C1CCC(CC2CC3CCCCC3C3CCC4CCCCCC4C23)CC1
C1CCC(CCC2CCC(CCC3CCCCC3)CC2)CC1
C1CCC(CCC2CCC3C(CCC3C3CCCC(CC4CCCC4)C3)C2)CC1
C1CCC2CCC(C3CCCC4CCCC43)CC2CC1
C1CCC(CCCC2CCC3C2CCC2C4CCCCC4CCC32)C1
C1CCC(C2CCCC3CCCC3C3CCC4CCCCC4C23)CC1
C(CCCC1CCC2CCCC2C1)CCCC1CCC(C2CCCCC2)C1
C1CCC(CC2CCC3C(CCC3C3CCCCC3)C2)CC1
C1CCC(C2CCC(CCC3CC4CCCCC4C4CCC5CCCCC5C34)CC2)CC1
C(CCCC1CCCC2CCCCC12)CCC1CCC(C2CCCCC2)C1
C1CCC(C2CCC(C3CC4CCCC4C4CCC5CCCCC5CC34)CC2)C1
C1CCC(CCCCC2CC3CCCCC3C2)CC1
C1CCC(CCCC2CCC3CCCC3C2)CC1
C1CCC(CCCCC2CC3CCCCC3C2)CC1
C(CCCCC1CCC2C(CCC3C4CCCC4CCC23)C1)CCCC1CCCC(CC(CC2CCC(CC3CCCCC3)CC2)C2CCCCC2)C1
C1CCC(CC2CCCCC2CC2CC3CCCCC3C3CCC4CCCCCC4C23)CC1
C1CCC2C(C1)CCC1C3CCCCC3CCC21
C1CCC(C2CCC3C(CCC34CCCC4)CC3CCC4CCCCC4C32)CC1
C1CCC(CC2CCC3CC4(CCCCCC4C4CCCCC4)CCC23)CC1
C1CCC(CCC2CCC3C(CCC4C5CCCC5CCC34)C2)CC1
C1CCCC(C2CCC3CC4C(CCC5C6CCC(CCCC7CC8CCCCC8C7)C6CCC45)CC32)CC1
C1CCC(C2CCC3CC4C(CCC5CC6CCC(CCCC7CC8CCCCC8C7)C6CCC54)CC32)CC1
C1CCC(CC2CCCCCC23CCC2C(CCC2C2CCCCC2)C3)CC1
C(CCCC1CCCCC1)CCCC1CCC(C2CCCCC2)C1
C(CCC1CCCC2CCCCC12)CC1CCCC2CCCCC12
C(CCCC1CCCC2C(C3CCCCC3)CCC12)CCC1CCCCC1
C1CCCC(CC2CCCCC2CC2CC3CCCCC3C3CCC4CCCCC4C23)CC1
C1CCC(C2CC3CCCC3C3CCC4CCCCC4C23)CC1
C(CCCCC1CCC(C2CCCCC2)C1)CCCC1CCCCC1
C1CCC(C2CCC3C(CCC4CCCCC43)C2)CC1
C1CCC(CCCCCC2CCC3CCCCC23)CC1
C1CC2CC3CCC4C5CCCCC5CCC4C3CC2C1
C1CCC(CCCCCC2CCC3CCCCC23)CC1
C1CCC(CCCCC2CC3CCCCC3C2)CC1
C1CCC(CCC2CCC3C(CCC3C3CCCCC3)C2)CC1
C1CCC(C2CCC3CC4C(CCC32)CCC42CCCC2)CC1
C1CCC(CCC2CCCCC3CC4C(CCC4C4CCCCC4)CC23)CC1
C1CCC2CCC3C4CCCCC4CCC3C2CC1
C1CCC2CCC3C4CCCCC4CC(CC4CCCC4)C3C2CC1
C1CCC(C2CCC3CC4C(CCC5C6CCC(CCCCC7CCC8CCCCC8C7)C6CCC45)CC32)CC1
C1CCC(CCCCCC2CC3CCCCC3C2)CC1
C1CCC(CCCCCC2CCCC3C2CCC3C2CCCC(CC3CCC3)C2)CC1
C1CCC(CCC(CC2CC3CCCCC3C2)C2CCC2)CC1
C(CCC1CCCC2CCCCC12)CC1CC2CCCCC2C1
C1CCC(CCC2CCC(C3CCC4C(CC5CCCCC5)CCC4C3)CC2)CC1
C(CCC1CC2CCCCC2C1)CCC1CCCC2CCCC12
C1CCC(CC(CC2CCCCC2)C2CCCCC2)CC1
C1CCC(C2CCC(CCCCCC3CCCC4CCCCC34)C2)CC1
C1CCC(C2CC3CCCC3C3CCC4CCCCC4C23)CC1
C(CCC1CCCC2CCCCC12)CC1CCC2CCCCC2C1
C1CCC(C2CCC3CC4C(CCC5C6CCC(CCCCC7CCC8CCCCC8C7)C6CCC45)CC32)CC1
C1CCC(CCCCCC2CCC3CCCCC23)CC1
C1CCC2CC(CC3CCCC4CCCC43)CCC2C1
C1CCC(CCCC2CCC3CCC(C4CCCC5CCCC54)CC3CC2)CC1
C1CCC2CC(C3CCCC4CCCC43)CCC2C1
C1CCC(CCCC2CCC3C2CCC2C4CC5CCC(C6CCCCC6)C5CC4CCCC32)CC1
C1CCC(CCC2CCC3C(CCC4C5CCCC5CCC(CCC5CCCCC5)C34)C2)CC1
C(CCC1CCCC2CCCC12)CC1CC2CCCCC2C1
C1CCC2CCC(C3CCCC4CCCC43)CC2CC1
C1CCC(CCC2CCC3C(CCC3C3CCCCC3)C2)CC1
C1CCC2C(C1)CCCC1C3CCCC3CCC21
C1CCC2CCC(C3CCCC4CCCC43)CC2CC1
C1CCC2CCC(C3CCCC3)CC2CC1
C(CCCC1CCCC2C(C3CCCCC3)CCC12)CCC1CCCCC1
C1CCC2CCC(C3CCCC4CCCC43)CC2CC1
C(CCCC1CCCC2C(C3CCCCC3)CCC12)CCC1CCCCC1
C1CCC2CC(C3CCCC4CCCC43)CCC2C1
C(CCC1CCCC2CCCCC12)CCC1CCCC2CCCCC12
C(CCCC1CCCCC1)CCC1CCCCC1
C1CCC(CC2CCCC(CCCC3CCC(CCC4CCC(C5CC5)CC4)CC3)C2)C1
C1CCC(CCCCC2CC3CCCCC3C2)CC1
C1CCC(C2CCC3C(CCC4CCCCC43)C2)CC1
C1CCC(C2CCC3C(CCCCCC4CC4)CCCC23)CC1
C1CCC(CCCCC2CC3CCCCC3C2)CC1
C1CCC(C2CCC3CCC4C(CCC5C6CCC(CCCC7CC8CCCCC8C7)C6CCC45)CC32)CC1
C1CCC(C2CCC3CCCC3C3CCC4CCCCC4C23)CC1
C(CCCC1CCCC2C(C3CCCCC3)CCC12)CCC1CCCCC1
C1CCC(CC2CC3CCCCC3CC3CCC4CCCCC4C32)C1
C1CCC2CCC(C3CCCC4CCCC43)CC2CC1
C1CCC(C2CCC3CC4(CCCCCCC4C4CCCCC4)CCC32)CC1
C1CCC2C(C1)CCC1C3CCCC3CCC21
C1CCC(C2CCC3CC4C(CCC32)CCC42CCCC2)CC1
C1CCC(CCCCCC2CC3CCCCC3C2)CC1
C1CCC(CCCCC2CCC3CCCCC23)CC1
C(CCC1CCCC2CCCC12)CC1CC2CCCCC2C1
C1CC2CCC3C(CCCC4CCC5CC5C43)C2C1
C1CCC(CCCC2CCC3C2CCC2CC4CCCCC4CCC23)C1
C1CCC(CCC2CCC3C(CCC3C3CCCCC3)C2)CC1
C1CCC(C2CCC3CCCCC3C3CCCCC23)CC1
C1CCC(CCCCCC2CC3CCCCC3C2)CC1
C1CCC(C2CCC3CC4C(CCC5C6CCC(CCCC7CC8CCCCC8C7)C6CCC45)CC32)CC1
C1CCC(CCCCC2CCC3CCCCC23)CC1
C1CCC2CCC(C3CCCC4CCCC43)CC2CC1
C1CCC(CCCCCC2CCC3CCCCC23)CC1
C(CCCC1CCCCC1)CCCC1CCC(C2CCCCC2)C1
C1CCC2C(C1)CC(C1CCCC3CCCC31)C1CCCCC21
C1CCC(CC2CCC3C(CC4CCCCC4)CCC3C2)CC1
C1CCC2CC(CCCC3CCC4C3CCC3C5CCCCC5CCC43)CC2C1
C1CCC(CCCCC2CC3CCCCC3C2C2CCCCC2)CC1
C1CCC2CCC(C3CCCC4CCCC43)CC2CC1
C(CCCCC1CCC(C2CCCCC2)C1)CCCC1CCCCC1
C1CCC(C2CCC3CC4C(CCC5C6CCCC(CCCC7CCC8CCCCC8C7)C6CCC45)CC32)CC1
C1CCC(CCCCCC2CCC3CCCCC23)CC1
C1CCC(CCCC2CCCC3CCC(C4CCCC5CCCC54)CC3C2)CC1
C1CCC2CCC3C4CCCCC4CCC3C2CC1
C1CCC(C2CCC3CC4C(CCC45CCCCC5)CC32)CC1
C1CCC(CC2CCC3C(CC4CCCCC4)CCC3C2)CC1
C1CCC(CCC2CC3CCCCC3C3CCC4CCCCC4C23)C1
C1CCC(C2CCC3CC4C(CCC32)CCC2C3CCC(CCCC5CCC6CCCCC6C5)C3CCC42)CC1
C1CCC(C2CCC3CC4C(CCC5C6CCC(CCCC7CC8CCCCC8C7)C6CCC45)CC32)CC1
C1CCC(CC2CCCC2CC2CC3CCCCC3C3CCC4CCCCCC4C23)CC1
C1CCC2C(C1)CCCC1C3CCCC3CCC21
C1CCC(CCC2CCC3C(CCC3C3CCCCC3)C2)CC1
C1CCC(C2CCC3CCCC3C3CCC4CCCCC4C23)CC1
C1CCC(CCCCC2CC3CCCCC3C2)CC1
C1CCC(CCC2CCC(CCC3CCCC(CC4CCCCC4)C3)CC2)CC1
C1CCC(C2CCC3CC4C(CCCCC45CCCC5)CC32)CC1
C1CCC(CC2CC3CCCCC3CC3CCC4CCCCC4C32)C1
C1CCC(CCCCC2CC3CCCCC3C2)CC1
C1CCC(CCCC2CCCCC2)CC1
C(CCCC1CCC2C(CCC2C2CCCCC2)C1)CCC1CCCCC1
C(CCCC1CCCC2C(C3CCCCC3)CCC12)CCC1CCCCC1
C1CCC2CC(C3CCCC4CCCC43)CCC2C1
C1CCC2CC(CCCC3CCC4C3CCC3C5CCCCC5CCC43)CC2C1
C1CCC(CCC(CCC2CCC3CCCC3C2)CC2CCCCC2)CC1
C1CCC(C2CCC3CCC4C(CCCC5CC5)CCCC4CC32)CC1
C1CCC(C2CCC3(CCCC4CC5C(CCC5C5CCCCC5)CC43)C2)CC1
C1CCC(CCC2CCC(C3CC3)CC2)CC1
C1CCC(CCCCC2CCCC(C3CCC4CC(CCC5CCC6CCCCC6C5)CCC43)C2)CC1
C1CCC(C2CC3CCCC3C3CCC4CCCCC4C23)CC1
C1CCC2C(C1)CCC1C3CCCC3CCCC21
C1CCC2C(C1)CCCC1CCCCC12
C1CCC(CCC2CCC(C3CC3)CC2)CC1
C1CCC2CCC(C3CCCC4CCCC43)CC2CC1
C1CCC(CCC2CCCC3CC4C(CC5CCCCC5)CCC4CC23)CC1
C1CCC(C2CCC3CC4C(CCC32)CCC42CCCC2)CC1
C(CCCC1CCCCC1)CCCC1CCC(C2CCCCC2)C1
C1CCC(CCCC2(CCC3CCCC3)CCC3C4CCC5CCCCC5C4CCC32)CC1
C1CCC(CCC2CCC3C(CCC3C3CCCCC3)C2)CC1
C1CCC(C2CCC3CC4C(CCC5C6CCC(CCCC7CC8CCCCC8C7)C6CCCC45)CC32)CC1
C1CCC(C2CCC3CC4C(CCC32)CCC42CCCCC2)CC1
C1CCC(C2CCC3CC4(CCCCC4C4CCCCC4)CCCC32)CC1
C1CCC(CCC2CCC3C(CCC3C3CCCCC3)C2)CC1
C1CCC(CC2CC3CCCCC3C3CCC4CCCCC4C23)CC1
C1CCC(CCC2CCC3C(CCC3C3CCCCC3)C2)CC1
C1CCC2CCC3C4CCC(CCCC5CC6CCCCC6C5)C4CCC3C2CC1
C1CCC(CCC2CCC3C(CCC3C3CCCCC3)C2)CC1
C1CCC(C2CCC3CCCC4(CCCCC4)C3C2)CC1
C1CCC(CC2CCC3C(CCC3C3CCCCC3)C2)CC1
C(CCCCC1CCC(C2CCCCC2)C1)CCCC1CCCCC1
C1CCC2CC(C3CCC4CCCCC43)CCC2C1
C1CCC(CCCCC2CC3CCCCC3C2)CC1
C1CCC(CCCCCC2CC3CCCCC3C2)CC1
C1CCC2CC(CC3CCCC4CCCC43)CCC2C1
C1CCC(CCCCCC2CCCC3C(C4CCCCC4)CCC23)CC1
C(CCC1CC2CCCCC2C1)CCC1CCCC2CCCC12
C1CCC2CCC(C3CCCC4CCCC43)CC2CC1
C1CCC(CCCCCC2CCCC3C(C4CCCCC4)CCC23)CC1
C1CCC(CCC(CC2CCCCC2)C2CCCCC2)CC1
C1CCC(CCC2CCC(C3CCC4C(CCC4C4CCCCC4)C3)CC2)CC1
C1CCC(CCCCCC2CC3CCCCC3C2)CC1
C1CCC(C2CCC3CC4C(CCCC45CCCC5)CC32)CC1
C1CCC(C2C3CCCCC3CC3CC4CCCC4CC32)CC1
C1CCC2CC(CCCC3CCCC4C3CCC3C5CCCCC5CCC43)CC2C1
C1CCC(CC2CC3CCCCC3C3CCC4CCCCCC4C23)CC1
C1CCC(C2CCC3CC4C(CC5CCC6CCCCC65)CCCCC4CC32)CC1
C1CCC(CCCCC2CC3CCCCC3C2)CC1
C1CCC(C2CC3CCCCC3C3CCCCC23)CC1
C1CCC(CCCCC2CCCCC3CCC(C4CCCCC4)CC23)CC1
C1CCC2CC(CC3CCCC4CCCC43)CCC2C1
C1CCC2CCC(C3CCCC4CCCC43)CC2CC1
C1CCC2C(C1)CCC1C3CCCCC3CCC21
C1CCC(C2CCC3CC4C(CCC45CCCCCC5)CC32)CC1
C1CCC(CCC2CCCC3C2CCC2C4CCCCC4CCC32)C1
C1CCC(CCCCC2CCC3CCCCC23)CC1
C1CCC(C2CCC3C(CCCCCC4CCC(C5CCCC5)C4)CCCC23)CC1
C1CCC(C2CCC3CC4C(CCCC5C6CCC(CCCC7CCC8CCCCC8C7)C6CCC45)CC32)CC1
C(CCC1CCC2CCCCC2C1)CC1CCCC2CCCCC2C1
C1CCC(C2CC3CCCCC3C3CCCCC23)CC1
C1CCC(C2CC3CCCC3C3CCC4CCCCC4CC23)CC1
C1CCC2CC(C3CCCC4CCCC43)CCC2C1
C1CCC(CC2CC3CCCCC3C3CCC4CCCCC4C23)C1
C1CCC(CCCCC2CC3CCCCC3C2)CC1
C1CCC(CCC2CC3CCCCC3C3CCC4CCCCC4C23)CC1
C(CCCC1CCCC2C(C3CCCCC3)CCC12)CCC1CCCCC1
C1CCC(CCCCC2CCC3CCCCC23)CC1
C1CCC(CCC2(CCCC3CC4CCCCC4C3)CCC3C4CCC5CCCCC5C4CCCC32)C1
C1CCC(CCC2CCC3C(CCC4CCCCC43)C2)CC1
C1CCC(CCCCCC2CC3CCCCC3C2)CC1
C1CCC(CCCCCC2CCCCC2)CC1
C1CCC(CCC2CCC3C(CCC3C3CCCCC3)C2)CC1
C1CCC(C2CC3CCCC3C3CCC4CCCCC4C23)CC1
C1CCC2C(C1)CCC1C3CCCC3CCC21
C1CCC(CCCCC2CC3CCCCC3C2)CC1
C(CCC1CCCCC2CCCCC12)CC1CCC2CCCCC2C1
C1CCC2CC(CCCC3CCC4C3CCC3C5CCCCC5CCC43)CC2C1
C1CCCC(C2CCC3CC4C(CCC5C6CCCC6CCC45)CC32)CC1
C(CCCC1CCCCC1)CCCC1CCC(C2CCCCC2)C1
C(CCC1CCCC2CCCCC12)CC1CCCC2CCCCC12
C1CCC(CCCCCC2CCC3CCCCC23)CC1
C1CCC2CC(CC3CCCC4CCCC43)CCC2C1
C1CCC2CCC3CCCCC3C2CC1
C1CCC(C2CCC3CC4C5CCC6CCCC6C(CCC4CC32)C5)CC1
C1CCC2CC(CCCC3CCC4C3CCC3C5CCCCC5CCC43)CC2C1
C1CCC2CCC3C4CCCCC4CC(CC4CCCC4)C3C2CC1
C1CCC2CC(CC3CCCC4CCCC43)CCC2C1
C1CCC(C2CC3CCCCC3C3CCCCC23)CC1
C1CCC(C2CCC3CCCC3C3CCC4CCCCCC4C23)CC1
C1CCC2CCC(C3CCCC4CCCC43)CC2CC1
C1CCC(C2CCCC3C(CCC4CCCCC43)C2)CC1
C1CCC(CCC2CCC3C(CCC4C5CCCC5CC(CCC5CCCCC5)C34)C2)CC1
C1CCC(CCCCCC2CCCC3C(C4CCCCC4)CCC23)CC1
C1CCC(C2CCC3CCC4CCCCC4C3CC2)CC1
C1CCC(C2CCC(CCCC3CCC4C3CCCC3C5CCCCC5CCC34)C2)CC1
C1CCC(CCCCC2CC3CCCCC3C2)CC1
C1CCC(CCC2CCC(CCC3CCCC(CC4CCCC4)C3)CC2)CC1
C1CCC2CCC3C4CCCC4CCC3C2CC1
C1CCC(C2CC3CCCCC3C3CCC4CCCCC4C23)CC1
C1CCC2CC(CCCC3CCC4C3CCC3C5CCCCC5CCC43)CC2C1
C1CCC(C2CCC(CCCC3CCC4C3CCC3C5CCCCC5CCC43)C2)CC1
C(CCCC1CCCCC1)CCCC1CCC(C2CCCCC2)C1
C1CCC2C(C1)CC(C1CCCC1)C1CCCCC21
C1CCC(CC2CCC(CC(CC3CCCCC3)C3CCCCC3)CC2)CC1
C1CCC(CCC2CCC3C(CCC3C3CCCCC3)C2)CC1
C1CCC(CCCCC2CC3CCCCC3C2)CC1
C(CCC1CC2CCCCC2C1)CCC1CCCC2CCCC12
C1CCC(CCCCC2CCC3CCCCC23)CC1
C(CCC1CCC2CCCC2C1)CC1CCC(C2CCCC2)CC1
C1CCC(CC2CC3CCCCC3C3CCC4CCCCC4C23)C1
C1CCC(CC2CC3CCCCC3C3CCC4CCCCC4C23)C1
C1CCC(CCCCC2CCC3CCC(C4CCCC5CCCC54)CC3C2)CC1
C1CCC(C2CCC(C3CC4CCCC4C4CCC5CCCCC5C34)CC2)CC1
C1CCC(CC2CC3CCCCC3C3CCC4CCCCC4C23)CC1
C1CCC2CC(CC3CCCC4CCCC43)CCC2C1
C(CCCCCCC1CCC2C1CCC1C3CCCCCC3CCC21)CCCCCC1CCC(CCC2CCC(CCC3CCCC3)C2)C1
C1CCC(CCC2CCC3C(CCC3C3CCCC(CCCC4CCCC4)C3)C2)CC1
C1CCC2CCC3C4CCC(CCCC5CC6CCCCC6C5)C4CCC3C2CC1
C1CCC(CCCCCC2CC3CCCCC3C2)CC1
C1CCC2CCC(C3CCCC4CCCC43)CC2CC1
C1CCC2CC(CC3CCCC4CCCC43)CCC2C1
C1CCC(C2CCC3CC4C(CCCC5C6CCC(CCCC7CCC8CCCCC8C7)C6CCC45)CC32)CC1
C1CCC2CC(CC3CCCC4CCCC43)CCC2C1
C1CCC(C2CC3CCCC3C3CCC4CCCCC4C23)CC1
C1CCC(CCC2CC3CCCC3C3CCC4CCCCC4C23)CC1
C1CCC(CCCCC2CC3CCCCC3C2)CC1
C1CCC(CCCCCC2CCCC3C(CC4CCCCC4)CCC23)CC1
C(CCCC1CCCC2C(C3CCCCC3)CCC12)CCC1CCCCC1
C1CCC2C(C1)CCC1C3CCCC3CCC21
C1CCC2C(C1)CCC1C3CCCC3CCC21
C1CCC(CCC2CCC3C(CCC3C3CCCCC3)C2)CC1
C1CCC(C2CCC3(CCC4CCC5C(CCC5C5CCCCC5)CC43)C2)CC1
C(CCC1CC2CCCCC2C1)CCC1CCCC2CCCC12
C1CCC(CCC2CCC3C(CCC3C3CCCCC3)C2)CC1
C1CCC2C(C1)CCC1CCCCC12
C1CCC(CCCC2CCC3C(CCC3C3CCCCC3)C2)CC1
C1CCC(CC2CC3CCCCC3C3CCC4CCCCC4C23)C1
C1CCC2CCC(C3CCCC4CCCC43)CC2CC1
C1CCC2C(C1)CCC1C2CCC2C3CCCCC3CC21
C1CCC(CCCCC2CC3CCCCC3C2)CC1
C1CCC2CC3CCCCC3CCC2C1
C1CCC2CC(C3CCCC4CCCC43)CCC2C1
C1CCC2CCC(C3CCCC4CCCC43)CC2CC1
C1CCC(C2CC3CCCC3C3CCCC4CCCCC4C23)CC1
C1CCC2CCC(C3CCCC4CCCC43)CC2CC1
C1CCC2CC(CCCC3CCC4C3CCC3C5CCCCC5CCC43)CCC2C1
C1CCC2C(C1)CCC1C3CCCC3CCC21
C1CCC2C(C1)CCC1C3CCCCC3CCC21
C1CCC(C2CCC3CC4C(CCC32)CCC42CCCC2)CC1
C1CCC2CCC(C3CCCC4CCCC43)CC2CC1
C1CCC2CCCCC2C(CCCCC2CCCC3CCCCC23)C1
C1CCC(CCCCC2CC3CCCCC3C2)CC1
C1CCC2C(C1)CCC1C3CCCCC3CCC21
C(CCC1CCCCC2CCCCC12)CC1CCC2CCCCC2C1
C1CCC(C2CCC3CC4C(CCC32)CCC2C3CCC(CCCC5CC6CCCCC6C5)C3CCC42)CC1
C1CCC(C2CCC3CCC4C(CCC5C6CCC(CCCC7CC8CCCCC8C7)C6CCC45)CC32)CC1
C1CCC(CCCCC2CCC3CCCC3C2)CC1
C1CCC(CC2CC3CCCCC3C3CCC4CCCCC4C3C2)CC1
C1CCC2C(C1)CCC1C3CCCC3CCC21
C1CCC(CCCCCC2CCC3CCCCC23)CC1
C1CCC(CCCCCC2CCC3CCCC3C2)CC1
C1CCC(C2CC3CCCC3C3CCC4CCCCC4C3C2)CC1
C1CCC(C2CC3CCCC3C3CCCC4CCCCC4C23)CC1
C1CCC(CC23CCCCC2CCC2C4CCCC4CCC23)CC1
C1CCC(C2CCC3CC4C(CCC5C6CCCC6CCCC45)CC32)CC1
C1CCC2C(C1)CCC1C3CCCC3CCC21
C(CCC1CC2CCCCC2C1)CCC1CCCC2CCCC12
C1CCC(CCCCCC2CCCC3C(CC4CCCCC4)CCC23)CC1
C1CCC(CCCCC2CC3CCCCC3C2)CC1
C1CCC(C2CCC3C(CCCC4CCCCC43)C2)CC1
C1CCC(CCCC2CCC3CCC(CC4CCCC5CCCC54)CC3C2)CC1
C1CCC(CCC2CCC3C(CCC3C3CCCC(CC4CCCC4)C3)C2)CC1
C1CCC(C2CCC3CC4C(CCCCC45CCCC5)CC32)CC1
C1CCC(CCCCCC2CCCC3C2CCC3C2CCCC(CC3CCCC3)C2)CC1
C1CCC2C(C1)CCCC2CCCC1CCCC2CCCCC21
C1CCC(CCCC2CCC3CCC(C4CCCC5CCCC54)CC3C2)CC1
C(CCC1CCCCC2CCCCC12)CC1CCC2CCCCC2C1
C1CCC2C(C1)CCC1C3CCCCC3CCCC21
C1CCC(CCC2CCC3C(CCC3C3CCCCC3)C2)CC1
C1CCC(CCCCC2CC3CCCCC3C2)CC1
C1CCC2CCC3C(CCC4C3CCC4(CCCC3CC4CCCCC4C3)CCC3CCCC3)C2CC1
C1CCC(CCCCC2CC3CCCCC3C2)CC1
C1CCC2CCC(C3CCCC4CCCC43)CC2CC1
C1CCC2CC(CCCC3CCC4C3CCC3C5CCCCC5CCC43)CC2C1
C1CCC(C2CC3CCCC3C3CCCC4CCCCC4C23)CC1
C1CCC(CCCCC2CCC3CCCCC23)CC1
C1CCC(CCC2CCC(CCC3CCCC(CC4CCCCC4)C3)CC2)CC1
C1CCC(CCCC2CCC3C(CCC3C3CCCCC3)C2)CC1
C1CCC(CCC2CCC3C(CCC3C3CCCCC3)C2)CC1
C1CCC(C2CCC(C3CC4CCCC4C4CCC5CCCCC5C34)CC2)C1
C1CCC(CCCC2CCCC3CCC(C4CCCC5CCCC54)CC23)CC1
C1CCC2CC(C3CCCC4CCCC43)CCC2C1
C(CCC1CCCC2CCCCC12)CC1CCCC2CCCCC12
C(CCCC1CCCCC1)CCC1CCCCC1
C1CCC(C2CCC3CC4C(CCCCC45CCCC5)CC32)CC1
C(CCC1CCC2C1CCC1C3CCCCC3CCC21)CC1CC2CCCCC2C1
C1CCC(C2CCC3CCC4C(CCC5C6CCC(CCCC7CCC8CCCCC8C7)C6CCC45)CC32)CC1
C1CCC(CCCCCC2CCC3CCCCC23)CC1
C1CCC2CC(CCCC3CCC4C3CCCC3C5CCCCC5CCC34)CC2C1
C1CCC(CCCCCC2CCC3CCCCC23)CC1
C1CCC2CCC(C3CCCC4CCCC43)CC2CC1
C1CCC(CCCCCC2CC3CCCCC3C2)CC1
C1CCC(CCC2CCCC3CC4C(CCC4C4CCCCC4)CC23)CC1
C1CCC(C2CCC3CCCC3C3CCC4CCCCCC4C23)CC1
C1CCC(C2CC3CCCC(C3)C3CCC4CCCCC4C32)CC1
C1CCC2CC(CC3CCCC4CCCC43)CCC2C1
C1CCC2C(C1)CCCC1C3CCCC3CCC21
C1CCC(CCC2CCC3C(CCCC4C5CCCC5CC(CCC5CCCCC5)C34)C2)CC1
C1CCC(CCCCCC2CC3CCCCC3C2)CC1
C1CCC(CCC2CC3CCCCC3C3CCC4CCCCC4C23)C1
C1CCC(CCC(CCC2CCC3CCCCC3C2)CC2CCCCC2)CC1
C1CCC2C(C1)CCCC1C2CCC2C3CCCC3CC21
C1CCC(CCCCC2CCC3CCCCC23)CC1
C1CCC2CC(CCCC3CCC4C3CCCC3C5CCCCC5CCC34)CC2C1
C1CCC(C2CCCC3(CCC4CC5C(CCC5C5CCCCC5)CC43)C2)CC1
C1CCC(C2CCC3CC4CCCCC4CCC32)CC1
C1CCC(C2CCC3CC4C(CCC45CCCC5)CC32)CC1
C1CCC(C2CCC3CC4C(CCCCC45CCCC5)CC32)CC1
C(CCCC1CCCC2C(C3CCCCC3)CCC12)CCC1CCCCC1
C1CCC(C2CCC3CC4(CCCCC4C4CCCCC4)CCC32)CC1
C1CCC(C2CCC3C(CCC4CCCCC43)C2)CC1
C1CCC(CC2CCC3C(CCC3C3CCCCC3)C2)CC1
C1CCC(C2CC3CCCCC3C3CCC(CCCC4CCCC4)CC23)CC1
C1CCC(C2CC3CCCC3C3CCC4CCCCC4CC23)CC1
C1CCC(CCC2CCC(CCC3CCCC(CCC4CCCC4)C3)CC2)CC1
C(CCC1CCC2C1CCC1C3CCCCC3CCC21)CC1CC2CCCCC2C1
C1CCC(CCCCCC2CC3CCCCC3C2)CC1
C1CCC(C2CCC3CC4C(CCC5C6CCC(CCCC7CCC8CCCCC8C7)C6CCC45)CC32)CC1
C1CCC(C2CC3CCCC3C3CCC4CCCCC4C23)CC1
C1CCC(CCCCC2CC3CCCCC3C2)CC1
C1CCC(CC2CCC3(CCC4CC5C(CCC5C5CCCCC5)CC43)C2)CC1
C1CCC(CCC(CC2CC3CCCCC3C2)C2CCC2)CC1
C1CCC(C2CCC3CC4C(CCCC45CCCCC5)CC32)CC1
C1CCC2CCC3C4CCC(CCCC5CC6CCCCC6C5)C4CCC3C2CC1
C(CCCC1CCCC2CCCCC12)CCC1CCC(C2CCCCC2)C1
C1CCC(CCCCC2CCC3CCCCC23)CC1
C1CCC(C2CCC3CCC4C(CCCC5CC5)CCCC4CC32)CC1
C1CCC(C2CCC3CCC4C(CCC45CCCCC5)CC32)CC1
C1CCC(CCCCC2CCC3C2CCC2C4CCCCC4CCC32)CC1
C1CCC(CCCC(CC2CCC3C(CC4CCCCC4)CCC3C2)C2CCCCC2)CC1
C1CCC2C(C1)CCC1C3CCCC3CCC21
C(CCC1CCCC2CCCCC12)CC1CCCC2CCCCC12
C1CCC(C2CCC3CC4C(CCC45CCCC5)CC32)CC1
C1CCC(CC2CC3CCCCC3C3CCC4CCCCCC4C23)CC1
C1CCC(CCC2CCC(C3CCCC4C(C5CCCCC5)CCC34)C2)CC1
C1CCC(CCC2CCC(CC(CC3CCCCC3)C3CCCCC3)CC2)CC1
C1CCC(CCCCC2CCC3CCC(C4CCCC5CCCC54)CC3C2)CC1
C1CCC(CC2CCC3CC4C(CCC5C6CCC(CCCC7CCC8CCCCC8C7)C6CCC45)CC23)CC1
C1CCC(CCCCCC2CC3CCCCC3C2)CC1
C1CCC(C2CCC3CC4CCCCC4CC32)CC1
C1CCC(C2CCC3CC4C(CCC45CCCC5)CC32)CC1
C1CCC(CCCCC2CCC3CCCCC23)CC1
C1CCC(CCC2CCC(CCC3CCCCC3)CC2)CC1
C1CCC(C2CCC3CC4C(CCC45CCCC5)CC32)CC1
C1CCC(CCCCCC2CC3CCCCC3C2)CC1
C1CCC(CCCCCC2CC3CCCCC3C2)CC1
C1CCC(CC2CC3CCCCC3C3CCC4CCCCCC4C23)CC1
C1CCC(C2CC3CCCCC3C3CCCCC3C2)CC1
C1CCC(CCCCCC2CC3CCCCC3C2)CC1
C(CCC1CCCC2CCCCC12)CC1CCC2CCCCC2C1
C(CCC1CCCCC2CCCCC12)CC1CCC2CCCCC2C1
C1CCC(C2CCC3CC4C(CCC5C6CCC(CCCCC7CCC8CCCCC8C7)C6CCC45)CC32)CC1
C1CCC(C2CC3CCCC3C3CCCC4CCCCC4C23)CC1
C1CCC(C2CC3CCCC3C3CCC4CCCCC4C23)CC1
C1CCC(C2CCC3CC4CCCCC4CC32)CC1
C1CCC(CCCCCC2CC3CCCCC3C2)CC1
C1CCC(CCCC2CCC3CCC(C4CCCC5CCCC54)CC3C2)CC1
C(CCC1CCCC2CCCC12)CC1CC2CCCCC2C1
C1CCC(C2CCC3CC4C(CCC4C4CCCC4)CC32)CC1
C1CCC(C2CCCCC2CC2CC3CCCCC3CC3CCC4CCCCC4C32)CC1
C(CCC1CCCC2CCCCC12)CC1CCC2CCCCC2C1
C1CCC(C2CC3CCCC(C3)C3CCC4CCCCC4C32)CC1
C1CCC(C2CC3C(CCC34CCCC4)C3CCCC4CCCCC4C23)CC1
C1CCC(CCC(CCC2CCC3CCCC3C2)CC2CCCCC2)CC1
C(CCCC1CCCC2C(C3CCCCC3)CCC12)CCC1CCCCC1
C1CCC2C(C1)CCC1CCCCC12
C1CCC2CCC3C4CCC(CCCC5CCCC6CCCCC65)C4CCC3C2CC1
C1CCC(CCC2CC3CCCCC3C3CCC4CCCCC4C23)C1
C1CCC(C2CCC3CCC(C4CCCC4)CC32)CC1
C1CCC(C2CC3C(CCC34CCCC4)C3CCCC4CCCCC4C23)CC1
C1CCC(CC2CCC3CC4C(CCC45CCCCC5)CC23)CC1
C1CCC(CCC2CCC3C(CCC3C3CCCCC3)C2)CC1
C1CCC(CC2CC3CCCCC3C3CCC4CCCCC4C23)CC1
C1CCC(C2CC3CCCC3C3CCC4CCCCCC4C23)CC1
C1CCC(CC2CC3CCCCC3C3CCC4CCCCC4C23)C1
C1CCC(CCCCCC2CCCC3C(C4CCCCC4)CCC23)CC1
C1CCC2CC(C3CCCC4CCCC43)CCC2C1
C(CCC1CC2CCCCC2C1)CCC1CCCC2CCCC12
C1CCC(CCCCC2CC3CCCCC3C2)CC1
C1CCC(CCCCC2CC3CCCCC3C2)CC1
C1CCC(CCCC2CCC3C2CCC2C4CC5CCC(C6CCCCC6)C5CC4CCC32)CC1
C1CCC(CCCCCC2CCCC3C(C4CCCCC4)CCC23)CC1
C1CCC2C(C1)CC(C1CCCC1)C1CCCCC21
C1CCC2CCC3C4CCCCC4CC(CC4CCCC4)C3C2CC1
C1CCC(CCC2CCCCC2)CC1
C1CCC2C(C1)CCC1CCCCC12
C1CCC(C2CCC3CC4C(CCC45CCCC5)CC32)CC1
C1CCC(C2CCC3CCCC3C3CCC4CCCCCC4C23)CC1
C1CCC(CCC2CC3CCCCC3C3CCC4CCCCC4C23)CC1
C1CCC2CC(CC3CCCC4CCCC43)CCC2C1
C1CCC(CC23CCCCC2CCC2C4CCCC4CCC23)CC1
C(CCCC1CCCC2C(C3CCCCC3)CCC12)CCC1CCCCC1
C1CCC(C2CCC3CC4(CCCCCC4C4CCCCC4)CCCC32)CC1
C1CCC(C2CCC3CCCC3C3CCC4CCCCCC4C23)CC1
C1CCC(C2CCC3CCC4CCCCC4C3CC2)CC1
C1CCC(C2CC3CCCC3C3CCCC4CCCCC4C23)CC1
C1CCC(C2CCC(C3CC4CCCC4C4CCCC5CCCCC5C34)CC2)C1
C1CCC(CC2CC3CCCCC3C3CCC4CCCCCC4C23)CC1
C1CCC(CC2CC3CCCCC3C3CCC4CCCCCC4C23)CC1
C(CCCC1CCCC2C(C3CCCCC3)CCC12)CCC1CCCCC1
C1CCC2CC(C3CCCC4CCCC43)CCC2C1
C1CCC(C2CCC3(CCC4CCC5C(CCC5C5CCCCC5)CC43)C2)CC1
C1CCC(CCCCC2CCC3CCCCC23)CC1
C1CCC(CCC2CCC3C(CCC3C3CCCCC3)C2)CC1
C1CCC(CCCCCC2CCCC3C2CCC3C2CCC(CCC3CC3)CC2)CC1
C1CCC(CCC2CCC3C(CCC3C3CCCCC3)C2)CC1
C(CCC1CCCC2CCCCC12)CC1CC2CCCCC2C1
C1CCC(CCCC2CCC3C2CCC2C4CC5CCC(C6CCCCC6)C5CC4CCC32)CC1
C1CCC(CCCCC2CC3CCCCC3C2)CC1
C1CCC(C2CCC3CC4C(CCC45CCCCCC5)CC32)CC1
C1CCC(C2CC3CCCCC3C3CCC4CCCCC4C23)CC1
C1CCC2CCC(C3CCCC4CCCC43)CC2CC1
C1CCC(C2CCC3CC4C(CCCC45CCCC5)CC32)CC1
C1CCC(CCC(CC2CC2)CC2CC3CCCCC3C2)CC1
C1CCC(C2CCC3CCCC3C3CCC4CCCCC4C23)CC1
C1CCC(CCC2CCCCC2)CC1
C1CCC(CCCC2CCCC3CC4C(CCC4C4CCCCC4)CC23)CC1
C1CC2CCC3C(CCC4CCCCC43)CC2C1
C1CCC2C(C1)CCC1C3CCCC3CCC21
C1CCC(C2CC3CCCCC3C3CCC4CCCCC4C23)CC1
C(CCCCC1CCC(C2CCCCC2)C1)CCCC1CCCCC1
C1CCC(CCCCCC2CC3CCCCC3C2)CC1
C1CCC(CCCC2CCC(CCC3CCCC(CC4CCCC4)C3)CC2)CC1
C1CCC(CCCC2CCC3C(CCC3C3CCCCC3)C2)CC1
C1CCC(CCC2CCC3C(CCC3C3CCCCC3)C2)CC1
C1CCC2CCC3C4CCCCC4CC(CC4CCCC4)C3C2CC1
C1CCC(CCC2CCC(C3CCC4C(CCC4C4CCCCC4)C3)CC2)CC1
C1CCC(CCCCCC2CC3CCCCC3C2)CC1
C1CCC(CCCCCC2CCCC3C(C4CCCCC4)CCC23)CC1
C1CCC(CCCCC2CCC3CCCCC23)CC1
C1CCC(CCCCCC2CCC3CCCCC23)CC1
C1CCC(CC2CC3CCCCC3C3CCC4CCCCC4C23)C1
C1CCC(C2CCC3CCCC3C3CCC4CCCCC4C23)CC1
C1CCC(CCCC2CCC(C3CCC4C(CCC4C4CCCCC4)C3)CC2)CC1
C1CCC(CCCCC2CC3CCCCC3C2)CC1
C1CCC(C2CC3CCCC3C3CCC4CCCCCC4C23)CC1
C1CCC2CCC3C4CCCC4CCC3C2CC1
C1CCC(CCC2CCC(CCC3CCCCC3)CC2)CC1
C1CCC2CCC(C3CCCC4CCCC43)CC2CC1
C1CCC(CCCC(CCC2CCC3CCCC3C2)CC2CCCCC2)CC1
C1CCC(CC2CC3CCCCC3CC3CCC4CCCCC4C32)CC1
C1CCC(C2CC3CCCC3C3CCC4CCCCC4C23)CC1
C1CCC(CCC2CCC3C(CCC4C5CCCC5CC(CCC5CCCCC5)C34)C2)CC1
C(CCCC1CCCC2C(C3CCCCC3)CCC12)CCC1CCCCC1
C1CCC(CCCC2CCC3C2CCC2C4CCCCC4CCC32)C1
C1CCC(CCCCC2CC3CCCCC3C2)CC1
C1CCC(C2CCC3CC4C(CCC5C6CCC(CCCC7CCCC8CCCCC87)C6CCC45)CC32)CC1
C1CCC(C2CCC3C(CCC4CCCCC43)C2)C1
C1CCC(CCCCCC2CCCC3C2CCC3C2CCCC(CC3CCCC3)C2)CC1
C1CCC(C2CCC3CC4C(CCC45CCCC5)CC32)CC1
C1CCC(CC2CCCCC23CCC2C(CCC2C2CCCCC2)C3)CC1
C1CCC(C2CC3CCCC3C3CCC4CCCCCC4C23)CC1
C1CCC(CC2CCC(CC(CC3CCCCC3)C3CCCCC3)CC2)CC1
C1CCC(C2CCC3CC4C(CCC45CCCC5)CC32)CC1
C1CCC2C(C1)CCC1C3CCCC3CCCC21
C1CCC2CC(C3CCCC4CCCC43)CCC2C1
C1CCC(CCCCC2CC3CCCCC3C2)CC1
C(CCCC1CCCC2CCCCC12)CCC1CCC(C2CCCCC2)C1
C1CCC2C(C1)CCC1C3CCCC3CCC21
C1CCC(CCC2CCC(CC3CC3)CC2)CC1
C1CCC(C2CCC3C(CCC4CCCCC43)C2)CC1
C1CCC(CCCCC2CC3CCCCC3C2)CC1
C1CCC(CCCCC2CCC3C2CCC2C4CC5CCC(C6CCCCC6)C5CC4CCC32)CC1
C1CCC(C2CCC3CC4C(CCC5C6CCC(CCCCC7CCC8CCCCC8C7)C6CCC45)CC32)CC1
C1CCC(CC2CC3CCCCC3C3CCC4CCCCCC4C23)CC1
C1CCC(CCCCC2CC3CCCCC3C2)CC1
C1CCC(CC2CC3CCCCC3C3CCC4CCCCC4C23)CC1
C1CCC(C2CC3CCCC3C3CCC4CCCCCC4C23)CC1
C1CCC2CC(C3CCCC4CCCC43)CCC2C1
C1CCC(CCCCC2CCC3CCCCC23)CC1
C1CCC2C(C1)CC(C1CCCC1)C1CCCCC21
C1CCC2CC(C3CCCC4CCCC43)CCC2C1
C1CCC(C2CCC3CC4C(CCCC45CCCC5)CCC32)CC1
C1CCC(C2CCC3CCC4(CCCCCC4)C3C2)CC1
C1CCC2C(C1)CCCC1C3CCCC3CCC21
C1CCC2CC(C3CCCC4CCCC43)CCC2C1
C(CCC1CCCC2CCCC12)CC1CC2CCCCC2C1
C1CCC(CCCCC2CCC3CCCCC23)CC1
C1CCC2CCC3C4CCC(CCCC5CCC6CCCCC6C5)C4CCC3C2CC1
C1CCC(C2CCC(C3CC4CCCC4CC4CCC5CCCCC5C43)CC2)C1
C(CCCC1CCCC2C(C3CCCCC3)CCC12)CCC1CCCCC1
C1CCC(C2CCC3C(CCC4CCCCC43)C2)CC1
C1CCC(CCCCCC2CCCC3C(C4CCCCC4)CCC23)CC1
C(CCC1CCC2CCCCC2C1)CCC1CCCC2CCCC12
C1CCC2C(C1)CCC1C3CCCCC3CCC21
C(CCCC1CCCCC1)CCCC1CCC(C2CCCCC2)C1
C1CCC(CCCCC2CCC3CCCCC23)CC1
C1CCC2CCC3C4CCCC4CCC3C2CC1
C1CCC(CCCCCC2CCCC3C(C4CCCCC4)CCC23)CC1
C1CCC(CCCCCC2CC3CCCCC3C2)CC1
C1CCC2CCC(C3CCCC4CCCC43)CC2CC1
C1CCC(C2CCC3CC4(CCCCC4C4CCCCC4)CCC32)CC1
C(CCC1CCC2C1CCC1C3CCCCC3CCC21)CC1CC2CCCCC2C1
C1CCC(CCC(CC2CCCCC2)C2CCCCC2)CC1
C1CCC(CCC2CCC3C(CCC3C3CCCCC3)C2)CC1
C1CCC(CCCC2CCC3CCC(C4CCCC5CCCC54)CC3C2)CC1
C1CCC(C2CCC3CC4(CCCCCC4C4CCCCC4)CCC32)CC1
C1CCC(CCC2CCCC3CC4C(CC5CCCCC5)CCC4CC23)CC1
C1CCC2C(C1)CCCC2CCCC1CCCC2CCCCC21
C1CCC(C2CCC3CCCC4(CCCCC4)C3C2)CC1
C1CCC(C2CC3CCCC3C3CCC4CCCCC4C23)CC1
C1CCC(CCC2CC3CCCC3C3CCC4CCCCC4C23)CC1
C1CCC(CCC2CCC3C(CCC4CCCCC43)C2)CC1
C1CCC(CC2CC3CCCCC3C3CCC4CCCCC4C23)CC1
C1CCC(CCC2CCC3C(CCC4C5CCCC5CCC34)C2)CC1
C1CCC(C2CCC3CC4C(CCC5C6CCCC(CCCC7CCC8CCCCC8C7)C6CCC45)CC32)CC1
C1CCC(CCCCC2CCC3CCC(C4CCCC5CCCC54)CC3C2)CC1
C1CCC(C2CC3CCCC3C3CCC4CCCCC4C23)CC1
C1CCC2C(C1)CCC1C3CCCC3CCC21
C1CCC(C2CC3CCCC3C3CCC4CCCCC4C23)CC1
C1CCC2C(C1)CCC1C3CCCC3CCC21
C1CCC2C(C1)CCC1C3CCCC3CCC21
C1CCC(CCCCCC2CCCC3C(C4CCCCC4)CCC23)CC1
C1CCC(CCCCC2CCC3C2CCC2C4CCCCCC4CCC32)CC1
C1CCC(CCCCC2CC3CCCCC3C2)CC1
C1CCC2C(C1)CCC1C3CCCC3CCC21
C1CCC(C2CCC(CCCCCC3CCCC4C(C5CCCCC5)CCC34)C2)CC1
C1CCC(C2CC3CCCCC3C3CCCCC23)CC1
C1CCC(CCC2CCC(CCC3CCCC(CCC4CCCC4)C3)CC2)CC1
C(CCCC1CCCC2C(C3CCCCC3)CCC12)CCC1CCCCC1
C1CCC(CCCCC2CC3CCCCC3C2)CC1
C1CCC2CCC(C3CCCC4CCCC43)CC2CC1
C1CCC2C(C1)CCC1C3CCCC3CCC21
C1CCC(CCCCCC2CCC3CCCC3C2)CC1
C1CCC2C(C1)CCC1C3CCCC3CCC21
C(CCCC1CCCC2C(C3CCCCC3)CCC12)CCC1CCCCC1
C1CCC(CCC2CCC3C(CCC3C3CCCCC3)C2)CC1
C1CCC(CCC2CCC3C(CCC3C3CCCC3)C2)CC1
C1CCC(C2CC3CCCC3C3CCC4CCCCC4C23)CC1
C1CCC2C(C1)CCC1C3CCCC3CCC21
C1CCC2CC(C3CCCC4CCCC43)CCC2C1
C1CCC(CCCCCC2CCCC3C(C4CCCCC4)CCC23)CC1
C1CCC(CCCCCC2CC3CCCCC3C2)CC1
C1CCC(CCCCC2CCC3CCCCC23)CC1
C1CCC(C2CCC3C(CCC4CCCCC43)C2)CC1
C1CCC(CCC2(CCCC3CC4CCCCC4C3)CCC3C4CCC5CCCCC5C4CCC32)C1
C1CCC(C2CCC3CC4C(CCC45CCCCC5)CC32)CC1
C1CCC(CCC2CCC3C(CCC3C3CCCCC3)C2)CC1
C1CCC(CC2CC3CCCCC3CC3CCC4CCCCC4C32)CC1
C1CCC(C2CC3C(CCC34CCCC4)C3CCC4CCCCCC4C23)CC1
C1CCC(C2CC3CCCCC3C3CCC4CCCCC4C23)CC1
C1CCC2CCC(C3CCCC4CCCC43)CC2CC1
C1CCC2CC(C3CCCC4CCCCC43)C3CCCC3C2CC1
C1CCC(C2CC3C(CCC4CC4)CCC3C3CCC4CCCCC4C23)CC1
C1CCC2CCC3C4CCCCC4CC(CC4CCCC4)C3C2CC1
C1CCC(CCC2CCC3C(CCC3C3CCCCC3)C2)CC1
C1CCC2CCC(C3CCCC4CCCC43)CC2CC1
C1CCC(C2CC3CCCCC3C3CCC4CCCCC4C23)CC1
C1CCC2CCC(C3CCCC4CCCC43)CC2CC1
C1CCC(CC2CCC3CCCCC3C3CCC4CCCCC4C23)CC1
C1CCC(CCCCC2CCC3CCCCC23)CC1
C1CCC(C2CCC3CC4C(CCC32)CCC42CCCC2)CC1
C1CCC(CCC2CCC3C(CCC3C3CCCCC3)C2)CC1
C1CCC2CCC3CCCCC3C2CC1
C1CCC2CC3CCC(C4CCCCC4)C3CC2CC1
C1CCC(CCCCCC2CC3CCCCC3C2)CC1
C1CC2CCC3C(CCC4CCCCC43)CC2C1
C1CCC(CCCCC2CC3CCCCC3C2)CC1
C1CCC2C(C1)CCC1C3CCCC3CCCC21
C1CCC(C2CC3CCCC3C3CCC4CCCCCC4C23)CC1
C1CCC2CCC(C3CCCC4CCCC43)CC2CC1
C1CCC(CCC2CCC(C3CC3)CC2)CC1
C1CCC(CCC(CCC2CCC3CCCC3C2)CC2CCCCC2)CC1
C1CCC(CCCCC2CCC3CCCCC23)CC1
C1CCC2C(C1)CCCC1C3CCCC3CCC21
C1CCC(C2CC3CCCC3C3CCC4CCCCC4C23)CC1
C1CCC(CCCC2(CCC3CCCC3)CCC3C4CCCC5CCCCC5C4CCC32)C1
C1CCC(C2CC3CCCC3C3CCC4CCCCCC4C23)CC1
C(CCC1CCCC2CCCC12)CC1CC2CCCCC2C1
C1CCC(C2CCC3C(CCC3C3CCCCC3)C2)CC1
C1CCC(CCCCCC2CC3CCCCC3C2)CC1
C1CCC(CC2CC3CCCCC3C3CCC4CCCCC4C23)C1
C1CCC(CCC2CCC3C(CCC3C3CCCCC3)C2)CC1
C1CCC(CCCCC2CC3CCCCC3C2)CC1
C(CCC1CCCC2CCCCC12)CC1CCC2CCCCC2C1
C1CCC(C2CC3CCCC3C3CCC4CCCCCC4C23)CC1
C1CCC(C2CC3CCCC3C3CCC4CCCCCC4C23)CC1
C1CCC(C2CC3CCCC3C3CCC4CCCCCC4C23)CC1
C1CCC(CCCCCC2CCCC3C2CCC3C2CCCC(CC3CCCCC3)C2)CC1
C(CCC1CCCCC2CCCCC12)CC1CCC2CCCCC2C1
C1CCC2C(C1)CCCC1C3CCCC3CCC21
C(CCCCC1CCCC(CC(CC2CCC(CC3CCCCC3)CC2)C2CCCCC2)C1)CCCCC1CCC2C(CCC3C4CCCC4CCC23)C1
C1CCC2C(C1)CCC1C3CCCCC3CCC21
C1CCC2CC(CCCC3CCC4C3CCC3CC5CCCCC5CCC34)CCC2C1
C1CCC(CC2CCC3CCCCC3C3CCC4CCCCC4C23)CC1
C1CCC2C(C1)CCC1C3CCCC3CCC21
C(CCCC1CCCCC1)CCCC1CCC(C2CCCCC2)C1
C1CCC(CC2CC3CCCCC3C3CCC4CCCCC4C3C2)CC1
C1CCC2C(C1)CCCC2CCCC1CCC2C1CCC1C3CCCCC3CCCC21
C(CCCC1CCCCC1)CCCC1CCC(C2CCCCC2)C1
C1CCC(C2CCC3C(CCC4CCCCC43)C2)CC1
C1CCC(C2CC3CCCC3C3CCC4CCCCCC4C23)CC1
C1CCC(C2CCC3CCC4C(CCC5C6CCC(CCCC7CCCC8CCCCC87)C6CCC45)CC32)CC1
C1CCC2CCC3C4CCCCC4CCC3C2CC1
C1CCC(C2CCC3CC4C(CCCC45CCCC5)CC32)CC1
C1CCC(CCC2CCC(CCC3CCCC(CC4CCCC4)C3)CC2)CC1
C1CCC(C2CC3CCCC3C3CCCC4CCCCC4C23)CC1
C1CCC(CC2CCCCCC23CCC2C(CCC2C2CCCCC2)C3)CC1
C1CCC(CCCCCC2CCCC3C(C4CCCCC4)CCC23)CC1
C(CCCC1CCCCC1)CCCC1CCC(C2CCCCC2)C1
C1CCC(CC2CC3CCCCC3C3CCC4CCCCC4C23)C1
C1CCC(CC2CCC3C(CCC3C3CCCCC3)C2)CC1
C1CCC(C2CC3CCCCC3C3CCCCC23)CC1
C1CCC(C2C3CCCC3CC3CC4CCCC4CC32)CC1
C(CCCCC1CCC(C2CCCCC2)C1)CCCC1CCCCC1
C1CCC2CCC3C4CCC(CCCC5CC6CCCCC6C5)C4CCC3C2CC1
C1CCC(C2CC3CCCC3C3CCC4CCCCC4C23)CC1
C1CCC2C(C1)CCC1C3CCCC3CCC21
C1CCC(CCCCC2CC3CCCCC3C2)CC1
C1CCC(CCCCCC2CCCC3C(C4CCCCC4)CCC23)CC1
C1CCC2CCC(C3CCCC4CCCC43)CC2CC1
C1CCC(CCCCCC2CC3CCCCC3C2)CC1
C(CCC1CCC2CCCCC2C1)CCC1(C2CCCC2)CCCC2CCCCC21
C1CCC(CCCCCC2CC3CCCCC3C2)CC1
C1CCC(C2CCC(CCCCCC3CCCC4C(C5CCCCC5)CCC34)C2)CC1
C1CCC2CC3CCC4CCCC4C3CCC2C1
C1CCC(CCCCC2CC3CCCCC3C2)CC1
C1CCC(CC2CCC(CC(CC3CCCCC3)C3CCCCC3)CC2)CC1
C(CCC1(C2CCCC2)CCCC2CCCCC21)CC1CCC2CCCCC2C1
C(CCCC1CCCC2C(C3CCCCC3)CCC12)CCC1CCCCC1
C1CCC(C2CC3CCCC3C3CCC4CCCCC4C23)CC1
C1CCC(CCC2CCC(C3CCC4C(CCC4C4CCCCC4)C3)CC2)CC1
C1CCC2CCC3CCCCC3C2CC1
C1CCC(C2CCC3CCC4CCCCC4C3CC2)CC1
C1CCC(C2CC3CCCCC3C3CCC4CCCCC4C23)CC1
C1CCC(C2CC3CCCC3C3CCC4CCCCCC4C23)CC1
C1CCC2C(C1)CCC1C2CCC2C3CCCC3CC21
C1CCC(C2CC3CCCC3C3CCC4CCCCCC4C23)CC1
C1CCC(CCCCCC2CCCC3C(C4CCCCC4)CCC23)CC1
C1CCC(CCCC2CCCC3CC4C(CCC4C4CCCCC4)CC23)CC1
C1CCC(CCCCCC2CC3CCCCC3C2)CC1
C(CCCC1CCCC2CCCC12)CCC1CCC2CCCCC2C1
C(CC1CCC(C2CCCC2)CC1)CC1CCC2CCCC2C1
C1CCC(CCCCCC2CCCC3C2CCC3C2CCCC(CC3CCCCC3)C2)CC1
C(CCCC1CCCCC1)CCCC1CCC(C2CCCCC2)C1
C1CCC(CCCCC2CCCC3CCCC23)CC1
C1CCC(C2CCC3CCCC3C3CCC4CCCCC4C23)CC1
C1CCC(CCCC2CCC(C3CCC4C(CCC4C4CCCCC4)C3)CC2)CC1
C1CCC(C2CC3CCCC3C3CCC4CCCCC4C23)CC1
C1CCC2CC(CCCC3CCC4C3CCC3C5CCCCC5CCC43)CC2C1
C1CCC2CCC3C4CCC(CCCC5CC6CCCCC6C5)C4CCC3C2CC1
C1CCC(C2CCC3C(CCC4CCCCC43)C2)CC1
C1CCC(CC2CCC3CC4C(CCC5C6CCC(CCCC7CC8CCCCC8C7)C6CCC45)CC23)CC1
C1CCC2CC(CCCC3CCCCC4CCCCC43)CC2C1
C(CCCC1CCCC2CCCCC12)CCC1CCC(C2CCCCC2)C1
C1CCC(CCCCC2CCC3CCCCC23)CC1
C(CCC1CCCC2CCCC12)CC1CCCC2CCCCC12
C1CCC(CCC2CCC3C(CCC3C3CCCCC3)C2)CC1
C1CCC(C2CC3CCCC3C3CCC4CCCCCC4C23)CC1
C(CCCC1CCCC2C(C3CCCCC3)CCC12)CCC1CCCCC1
C1CCC2C(C1)CCC1CCCCC12
C1CCC(C2CCC3CCC4CCCCC4C3CC2)CC1
C1CCC(CCCC2CCC3CCC(C4CCCC5CCCC54)CC3C2)CC1
C1CCC(CCC2CCC3C(CCC3C3CCCCC3)C2)CC1
C1CCC(CCCCC2CC3CCCCC3C2)CC1
C1CCC2C(C1)CCC1C2CCCC2C3CCCC3CC21
C(CCCC1CCCC2C(C3CCCCC3)CCC12)CCC1CCCCC1
C1CCC(CC2CCC3CC4C(CCC45CCCCC5)CC23)CC1
C1CCC(C2CC3CCCC3C3CCC4CCCCCC4C23)CC1
C1CCC(CCCC2CC3CCCCC3C2C2CCCCC2)CC1
C1CCC2CC(CCCC3CCCC4C3CCC3C5CCCCC5CCC43)CC2C1
C1CCC(C2CCC3C(CCC34CCCCC4)C3CCC4CCCCC4C23)CC1
C1CCC2CC(CCCC3CCC4C3CCC3C5CCCCC5CCCC43)CC2C1
C1CCC(C2CC3CCCC3C3CCC4CCCCC4C23)CC1
C1CCC2CC3CCC4C(CCCC5CC6CCCCC6C5)CCC4C3CCC2C1
C1CCC2C(C1)CCC1C3CCCC3CCC21
C1CCC2C(C1)CCC1CCCCC12
C(CCCC1CCCC2C(C3CCCCC3)CCC12)CCC1CCCCC1
C1CCC(C2CCC3(CCC4CCC5C(CCC5C5CCCCC5)CC43)C2)CC1
C(CCCC1CCCC2C(C3CCCCC3)CCC12)CCC1CCCCC1
C1CCC(C2CCC3CCCC3C3CCC4CCCCC4C3C2)CC1
C1CCC2C(C1)CCC1C3CCCC3CCC21
C1CCC(CCCCC2CCC3CCCCC23)CC1
C1CCC(C2CCC3CC4C(CCC5C6CCC(CCCCC7CC8CCCCC8C7)C6CCC45)CC32)CC1
C1CCC2C(C1)CCCC2CCCC1CCC2C1CCC1C3CCCCC3CCC21
C1CCC(CCC2CCC3C(CCC3C3CCCC(CC4CCCC4)C3)C2)CC1
C(CCCC1CCCC2C(C3CCCCC3)CCC12)CCC1CCCCC1
C1CCC(C2CC3CCCC3C3CCC4CCCCC4C23)CC1
C1CCC(CCC(CCC2CCC3CCCC3C2)CC2CCCCC2)CC1
C1CCC(CCCCCC2CCC3CCCCC3C2)CC1
C1CCC2C(C1)CCC1C3CCCCC3CCC21
C1CCC(C2CCC3CCC4(CCCCC4C4CCCCC4)CCC32)CC1
C1CCC(CCCCCC2CC3CCCCC3C2)CC1
C1CCC(CCCC2CCC(C3CCC4C(CCC4C4CCCCC4)C3)CC2)CC1
C1CCC2CC(C3CCCC4CCCC43)CCC2C1
C1CCC(CCC2CCC(C3CCC4C(CCC4C4CCCCC4)C3)CC2)CC1
C1CCC(CC(CC2CCCCC2)C2CCCCC2)CC1
C1CCC(CC2CC3CCCCC3C3CCC4CCCCC4C23)C1
C1CCC(CC2CC3CCCCC3C3CCC4CCCCC4C23)CC1
C1CCC(C2CC3CCCCC3C3CCCCC3C2)CC1
C1CCC(C2CCC3CC4C(CCCC45CCCCC5)CC32)CC1
C1CC2CCC3C(CCC4CCCCC43)CC2C1
C1CCC(C2CCC3CCC4C(CCC45CCCC5)CC32)CC1
C1CCC(CC2CCC3CC4C(CCC5C6CCC(CCCC7CC8CCCCC8C7)C6CCC45)CC23)CC1
C1CCC(C2CCC3CC4C(CCC32)CCC2C3CCC(CCCC5CCC6CCCCC6C5)C3CCC42)CC1
C1CCC(C2CC3CCCCC3C3CCCCC23)CC1
C1CCC(CCCCCC2CC3CCCCC3C2)CC1
C1CCC(CC2CCCCC2CC2CC3CCCCC3C3CCC4CCCCC4C23)CC1
C1CCC(CCCCC2CC3CCCCC3C2)CC1
C1CCC(CCC2CCC3C(CCC3C3CCCCC3)C2)CC1
C1CCC2CC(C3CCCC4CCCC43)CCC2C1
C1CCC(C2CCC3CC4(CCCCCC4C4CCCCC4)CCCC32)CC1
C1CCC(C2CC3CCCC(C3)C3CCC4CCCCC4C32)CC1
C1CCC2CCC3C4CCCCC4CC(CC4CCCC4)C3C2CC1
C1CCC(C2CCC3CC4CCCCC4CCC32)CC1
C1CCC(CCC2CCC3C(CCC3C3CCCCC3)C2)CC1
C(CCC1CCCC2CCCCC12)CC1CC2CCCCC2C1
C1CCC(C2CCC(CCCCCC3CCCC4C(C5CCCCC5)CCC34)C2)CC1
C1CCC(CCC(CCC2CCC3CCCC3C2)CC2CCCCC2)CC1
C(CCCC1CCCC2C(C3CCCCC3)CCC12)CCC1CCCCC1
C1CCC(CCCC2CCC3C(CCC3C3CCCCC3)C2)CC1
C1CCC2C(C1)CCC1C3CCCC3CCC21
C(CCC1CCC2C1CCC1C3CCCCC3CCC21)CC1CC2CCCCC2C1
C1CCC(CC2CC3CCCCC3C3CCC4CCCCC4C23)C1
C1CCC(CC2CCC3C(CCC3C3CCCCC3)C2)CC1
C1CCC(CC2CC3CCCCC3C3CCC4CCCCC4C23)CC1
C1CCC(CCCCCC2CC3CCCCC3C2)CC1
C1CCC(C2CC3C(CCC34CCCC4)C3CCCC4CCCCC4C23)CC1
C1CCC(CCCCCC2CCC3CCCC3C2)CC1
C1CCC(CC2CCC(CCCC3CCC4C3CCC3C5CCCCC5CCC43)C2)CC1
C1CCC(C2CCC3CCC4C(CCCC45CC(C4CCCCC4)C(C4CCCCC4)C5)CC32)CC1
C1CCC2CC(C3CCCC4CCCC43)CCC2C1
C1CCC(CC2CCC3C(CCC3C3CCCCC3)C2)CC1
C(CCC1CCCC2CCCC12)CC1CC2CCCCC2C1
C(CCCC1CCCC2CCCCC12)CCC1CCC(C2CCCCC2)C1
C1CCC(CC2CCCC(CCC3CCC(CCC4CCC(C5CC5)CC4)CC3)C2)C1
C(CCCC1CCCC2C(C3CCCCC3)CCC12)CCC1CCCCC1
C1CCC(CCC2(CCCC3CC4CCCCC4C3)CCCC3C4CCC5CCCCC5C4CCC32)C1
C1CCC(C2CC3CCCC3C3CCC4CCCCC4C23)CC1
C(CCC1CCC2C1CCC1C3CCCCC3CCC21)CC1CC2CCCCC2C1
C(CCCC1CCCCC1)CCCC1CCC(C2CCCCC2)C1
C1CCC(CCCC2CCC3C2CCC2C4CCCCC4CCC32)CC1
C1CCC(CC2CCC(CC(CC3CCCCC3)C3CCCCC3)CC2)CC1
C1CCC2C(C1)CCC1C3CCCC3CCC21
C1CCC2CC3CCC4CCCC4C3CCC2C1
C1CCC(C2CC3CCCC3C3CCC4CCCCC4C23)CC1
C1CCC(CCCCCC2CC3CCCCC3C2)CC1
C1CCC(CC2CCC(CCCCCC3CCCC4CCCCC34)C2)CC1
C(CCCC1CCCC2CCCC12)CCC1CCC2CCCCC2C1
C1CCC(CCC2CC3CCCCC3C3CCC4CCCCC4C23)C1
C1CCC(CCCCCC2CC3CCCCC3C2)CC1
C1CCC(CCC2CCC3C(CCC3C3CCCCC3)C2)CC1
C1CCC(CC2CC3CCCCC3C3CCC4CCCCCC4C23)CC1
C1CCC(CC2CCC3C(CCC4CCCCC43)C2)CC1
C1CCC(C2CC3CCCC3C3CCC4CCCCC4C23)CC1
C1CCC(CC2CC3CCCCC3C3CCC4CCCCCC4C23)CC1
C1CCC(CC2CCCC(CCC3CCC(CCC4CCC(C5CC5)CC4)CC3)C2)C1
C1CCC(C2CCC3CC4CCCCC4CC32)CC1
C1CCC2CC(C3CCCC4CCCC43)C3CCCC3C2CC1
C1CCC(CCCC2CCC3CCC(C4CCCC5CCCC54)CC3CC2)CC1
C1CCC2CC(CCCC3CCC4C3CCCC3C5CCCCC5CCC34)CC2C1
C1CCC2CCC(C3CCCC4CCCC43)CC2CC1
C1CCC(C2CCC3CC4C(CCC32)CCC2C3CCC(CCCC5CCC6CCCCC6C5)C3CCC42)CC1
C1CCC(C2CCC3C(CCC4CCCCC43)C2)C1
C1CCC2C(C1)CCC1C3CCCC3CCC21
C1CCC2CC(C3CCCC4CCCC43)CCC2C1
C1CCC(CCC2CCC3C(CCC3C3CCCCC3)C2)CC1
C1CCC(CC2CC3CCCCC3C3CCC4CCCCCC4C23)CC1
C1CCC(CCCCC2CC3CCCCC3C2)CC1
C(CCC1CCC(CC2CCCC2)C1)CCC1CCCC2CCCCC12
C1CCC2CCC3C4CCC(CCCC5CC6CCCCC6C5)C4CCC3C2CC1
C1CCC2C(C1)CCC1C2CCC2C3CCCC3CC21
C1CCC(C2CCC3CCC4C(CCC5C6CCC(CCCC7CCC8CCCCC8C7)C6CCC45)CC32)CC1
C1CCC(CCCCCC2CCCC3CCC(C4CCCCC4)CC23)CC1
C1CCC(CC2CC3CCCCC3C3CCC4CCCCC4C23)CC1
C1CCC2CC(C3CCCC4CCCC43)CCC2C1
C(CCC1CCCC2CCCC12)CC1CC2CCCCC2C1
C(CCCC1CCCCC1)CCCC1CCC(C2CCCCC2)C1
C1CCC2C(C1)CCC1C3CCCC3CCC21
C1CCC(C2CCC3CC4C(CCC5C6CCCC6CCC45)CC32)CC1
C1CCC2CC(C3CCCC4CCCC43)CCC2C1
C1CCC2CC(C3CCCC4CCCC43)CCC2C1
C1CCC(CCC2CCCC3CC4C(CCC4C4CCCCC4)CC23)CC1
C(CCCC1CCC2CCCC2C1)CCCC1CCC(C2CCCCC2)C1
C1CCC(CCCCCC2CC3CCCCC3C2)CC1
C1CCC(C2CC3CCCC3C3CCC4CCCCCC4C23)CC1
C1CCC(CCC(CCC2CCCCC2)CCC2CCC3CCCC3C2)CC1
C1CCC(CC2CCC3CCCCC3C3CCC4CCCCC4C23)CC1
C1CCC2CC(C3CCCC4CCCC43)C3CCCC3C2CC1
C1CCC(C2CCC3CC4C(CCC5C6CCC(CCCCC7CCC8CCCCC8C7)C6CCC45)CC32)CC1
C1CCC(C2CCC3CCC4C(CCC5C6CCC(CCCC7CCC8CCCCC8C7)C6CCC45)CC32)CC1
C1CCC(C2CCC3C(CCCC4CCCCC43)C2)CC1
C1CCC2CC(C3CCCC4CCCC43)CCC2C1
C1CCC2CCC(C3CCCC4CCCC43)CC2CC1
C1CCC(C2CCC3CC4C(CCCC45CCCCC5)CCC32)CC1
C(CCC1CC2CCCCC2C1)CCC1CCCC2CCCC12
C1CCC2C(C1)CCC1C3CCCC3CCC21
C1CCC(CCCCC2CCC3CCCCC23)CC1
C1CCC(CCCC2CCC3CCC(C4CCCC5CCCC54)CC3C2)CC1
C1CCC2CC(C3CCCC3)CCC2C1
C1CCC2C(C1)CCCC1C3CCCC3CCC21
C(CCC1CCCC2CCCCC12)CC1CCCC2CCCCC2C1
C1CCC2CCC3C4CCCCC4CCC3C2CC1
C1CCC(C2CCC3CC4C(CCC5C6CCCC6CCCC45)CC32)CC1
C1CCC(CCCC2CCCC(C3CCC4CC(CCC5CCC6CCCCC6C5)CCC43)C2)CC1
C1CCC(CC2CCC3C(CC4CCCCC4)CCC3C2)CC1
C1CCC2CCCCC2C(CCCCC2CCCC3CCCCC23)C1
C1CCC2CC(C3CCCC4CCCC43)CCC2C1
C1CCC2CCC(C3CCCC4CCCC43)CC2CC1
C1CCC2C(C1)CCC1CCCCC12
C1CCC(CC2CCC3C(CCC3C3CCCCC3)C2)CC1
C1CC2CCC3C(CCC4CCCCC43)CC2C1
C1CCC(C2CC3CCCC3C3CCC4CCCCC4C23)CC1
C1CCC(CCC2CCCC3CCC(CC4CCCC5CCCC54)CC23)CC1
C1CCC(CC2CC3CCCCC3C3CCC4CCCCC4C23)C1
C(CCCC1CCCCC1)CCCC1CCC(CC2CCCCC2)C1
C1CCC2CCC(C3CCCC4CCCC43)CC2CC1
C1CCC(CCC2CCC3C(CCC3C3CCCCC3)C2)CC1
C1CCC(CCCC2CCC3CCC(C4CCCC5CCCC54)CC3C2)CC1
C1CCC2C(C1)CC(C1CCCC3CCCC31)C1CCCC21
C(CCC1CCCC2CCCCC12)CC1CCC2CCCCC2C1
C(CCCC1CCCC2C(C3CCCCC3)CCC12)CCC1CCCCC1
C1CCC2C(C1)CCC1CCCCC12
C1CCC(CCC2CCC3C(CCC3C3CCCC3)C2)CC1
C1CCC(CCCCCC2CCCC3C2CCC3C2CCCC(CC3CCCC3)C2)CC1
C1CCC(CCCC2CCC3CCC(CC4CCCC5CCCC54)CC3C2)CC1
C1CCC(CCCCCC2CCC3CCCCC3C2)CC1
C1CCC(C2CC3C(CCC4CC4)CCC3C3CCCC4CCCCC4C23)CC1
C1CCC(C2CC3CCCC3C3CCC4CCCCC4C23)CC1
C1CCC(CCC2CCC3C(CCC3C3CCCCC3)C2)CC1
C(CCCC1CCCCC1)CCC1CCCCC1
C(CC1CC2CCCCC2C1)CC1CCC2C(CCC3C4CCCCC4CCC23)C1
C1CCC(C2CC3CCCC3C3CCC4CCCCC4C23)CC1
C1CCC(CCC2CCCC3CCC4C(CCC4C4CCCCC4)CC23)CC1
C1CCC2CCC(C3CCCC4CCCC43)CC2CC1
C1CCC2CCC(C3CCCC4CCCC43)CC2CC1
C(CCC1CCCC2CCCCC12)CCC1CCCC2CCCCC12
C1CCC(C2CC3CCCC3C3CCC4CCCCC4C23)CC1
C1CCC2CC(CC3CCCC4CCCC43)CCC2C1
C1CCC(CC(CC2CCCCC2)C2CCCCC2)CC1
C1CCC(CCCCCC2CCC3CCCCC23)CC1
C1CCC2C(C1)CCC1CCCCC12
C1CCC(CC2CC3CCCCC3C3CCC4CCCCCC4C23)CC1
C1CCC(CCCCC2CC3CCCCC3C2)CC1
C1CCC(CCCCC2CC3CCCCC3C2)CC1
C1CCC(CCCCCC2CC3CCCCC3C2)CC1
C1CCC(CCCCCC2CC3CCCCC3C2)CC1
C1CCC(CCCCC2CC3CCCCC3C2)CC1
C1CCC2C(C1)CCC1CCCCC12
C1CCC(C2CCC3CC4C(CC5CCC6CCCCC65)CCCCC4CC32)CC1
C1CCC(CC2CCC3C(CCCCCC4CCC(C5CCCC5)C4)CCCC23)CC1
C1CCC(CCC2CCC(CCCC3CCCC(CC4CCCC4)C3)CC2)CC1
C(CCC1CCC2C1CCC1C3CCCCC3CCC21)CC1CC2CCCCC2C1
C1CCC(CCC(CC2CC3CCCCC3C2)C2CCCCC2)CC1
C1CCC(CC2CC3CCCCC3C3CCC4CCCCC4C23)CC1
C1CCC(CCCCC2CC3CCCCC3C2)CC1
C1CCC(CC2CC3CCCCC3C3CCC4CCCCC4C23)C1
C1CCC(CC2CC3CCCCC3C3CCC4CCCCC4C23)C1
C1CCC(C2CCCC3CCCC3C3CCC4CCCCC4C23)CC1
C1CCC(C2CCC3CC4C(CCC5C6CCC(CCCC7CCCC8CCCCC87)C6CCCC45)CC32)CC1
C1CCC(CCCCCC2CC3CCCCC3C2)CC1
C1CCC2C(C1)CCC1C3CCCC3CCCC21
C1CCC(C2CC3CCCC3C3CCC4CCCCC4C23)CC1
C1CCC(C2CCC3CCC4C(CCC5C6CCC(CCCC7CC8CCCCC8C7)C6CCC45)CC32)CC1
C1CCC(CCC2CCC3C(CCC3C3CCCCC3)C2)CC1
C1CCC(C2CC3CCCC3C3CCC4CCCCC4C23)CC1
C1CCC2C(C1)CC(C1CCCC1)C1CCCCC21
C1CCC(CC2CCC3CC(C4CCCCC4)CCC23)CC1
C1CCC(CCC2CCC(CCC3CCCCC3)CC2)CC1
C1CCC(CCCCCC2CC3CCCCC3C2)CC1
C1CCC(C2CCC3CC4C(CCCC5CC5)CCCC4CCC32)CC1
C1CCC2CCC3C4CCC(CCCC5CC6CCCCC6C5)C4CCC3C2CC1
C1CCC(CCC(CC2CCC3C(CCC3C3CCCCC3)C2)C2CCCCC2)CC1
C1CCC(C2CCC3CC4C(CCC32)CCC42CCCC2)CC1
C1CCC2CCC3C4CCC(CCCC5CC6CCCCC6C5)C4CCC3C2CC1
C1CCC2CC(CC3CCCC4CCCC43)CCC2C1
C1CCC2CC(C3CCCC4CCCC43)CCC2C1
C1CCC(CCCCCC2CCCC3C(C4CCCCC4)CCC23)CC1
C(CCCC1CCCC2C(C3CCCCC3)CCC12)CCC1CCCCC1
C(CCC1CCCC2CCCC12)CC1CC2CCCCC2C1
C1CCC(CCCC2CCC3CCC(C4CCCC5CCCC54)CC3C2)CC1
C(CCCC1CCCCC1)CCC1CCCCC1
C(CCC1CCCC2CCCC12)CC1CC2CCCCC2C1
C1CCC(CCCC2CCC(C3CCC4C(CCC4C4CCCCC4)C3)CC2)CC1
C1CCC(C2CC3CCCC3C3CCC4CCCCC4C23)CC1
C1CCC(C2CCC3CC4C(CCC5C6CCC(CCCCC7CC8CCCCC8C7)C6CCC45)CC32)CC1
C1CCC2C(C1)CC(C1CCCC3CCCCC31)C1CCCC21
C1CCC2C(C1)CCC1C3CCCC3CCC21
C1CCC2C(C1)CCC1C3CCCCC3CCC21
C1CCC(C2CCC3CCCC3C3CCC4CCCCC4C23)CC1
C1CCC(C2CCC(C3CC4CCCC4C4CCCC5CCCCC5C34)CC2)C1
C1CCC(CC2CC3CCCCC3C3CCC4CCCCC4C3C2)C1
C1CCC(CCC2CCC3C(CCC3C3CCCCC3)C2)CC1
C(CCC1CCCC2CCCCC12)CC1CCCC2CCCCC12
C1CCC(CCC2CCC3C2CCC2C4CCCCC4CCCC32)C1
C1CCC(CCC2CCC3C(CCC3C3CCCCC3)C2)CC1
C1CCC2CCC3C4CCCC4CCC3C2CC1
C1CCC(C2CC3CCCC3C3CCC4CCCCCC4C23)CC1
C1CCC2CC(C3CCCC4CCCC43)CCC2C1
C1CCC(C2CCC3CC4C(CCC5C6CCC(CCCCC7CC8CCCCC8C7)C6CCC45)CC32)CC1
C(CCCC1CCCCC1)CCCC1CCC(C2CCCCC2)C1
C1CCC(CCCCC2CCC3CCCCC3C2)C2CCCCC2CC1
C1CCC2CC(C3CCCC4CCCC43)CCC2C1
C1CCC(C2CCC3CC4(CCCCC4C4CCCCC4)CCCC32)CC1
C1CCC2CC(CCCC3CCC4C3CCC3C5CCCCC5CCCC43)CC2C1
C1CCC(C2CC3CCCC3C3CCC4CCCCC4C23)CC1
C1CCC(CC2CC3CCCCC3C2C2CCCCC2)CC1
C1CCC(CC2CC3CCCCC3C3CCC4CCCCCC4C23)CC1
C(CCC1CCCC2CCCCC12)CC1CCC2CCCCC2C1
C1CCC(C2CCC3CC4C(CCCC45CCCCC5)CC32)CC1
C1CCC2C(C1)CCC1C3CCCC3CCC21
C1CCC2C(C1)CCC1C2CCC2C3CCCC3CC21
C1CCC(CCCCC2CCC3CCC(C4CCCC5CCCC54)CC3C2)CC1
C1CCC(CC2CC3CCCCC3C3CCC4CCCCC4C23)C1
C1CCC(CCCCC2CC3CCCCC3C2)CC1
C1CCC2CC(CCCC3CCC4C3CCC3C5CCCCC5CCC43)CC2C1
C(CCCC1CCCCC1)CCCC1CCC(C2CCCCC2)C1
C1CCC(C2CCC3C(CCCCCC4CCC(C5CCCC5)C4)CCCC23)CC1
C1CCC(C2CCC3C(CCCCCC4CC4)CCCC23)CC1
C1CCC(CCCCC2CCCC3CCC(C4CCCC5CCCC54)CC23)CC1
C(CCC1CCCC2CCCCC12)CC1CCCC2CCCCC12
C1CCC2C(C1)CCCC2CCCC1CCC2C1CCC1C3CCCCC3CCCC21
C1CCC(C2CCC3CC4C(CCC45CCCC5)CC32)CC1
C1CCC(CC2CCC3C(CCC3C3CCCCC3)C2)CC1
C1CCC(C2CCC3CC4C(CCC45CCCCC5)CC32)CC1
C1CCC(CC2CCC3CCCCC3C3CCC4CCCCC4C23)C1
C1CCC2CCC3C4CCC(CCCC5CC6CCCCC6C5)C4CCC3C2CC1
C1CCC(C2CC3CCCC3C3CCC4CCCCC4C23)CC1
C1CCC(CCCCC(CC2CCC3C(CCC3C3CCCCC3)C2)C2CCCCC2)CC1
C1CCC2CCC(C3CCCC4CCCC43)CC2CC1
C1CCC(C2CCC3C(CCC4CCCCC43)C2)CC1
C1CCC2CCC3C4CCC(CCCC5CCC6CCCCC6C5)C4CCC3C2CC1
C1CCC(CCCC2CCC3CCC(C4CCCC5CCCC54)CC3C2)CC1
C1CCC(C2CCC3C(CCC4CCCCC43)C2)CC1
C(CCCC1CCCC2C(C3CCCCC3)CCC12)CCC1CCCCC1
C1CCC(CCC2CCC3C(CC4CCCCC4)CCC3C2)CC1
C1CCC2CCC(C3CCCC4CCCC43)CC2CC1
C1CCC(C2CCC3CC4C(CCC32)CCC2C3CCC(CCCC5CC6CCCCC6C5)C3CCC42)CC1
C1CCC(CC2CCC3C(CCCCCC4CCC(C5CCCC5)C4)CCCC23)CC1
C1CCC(CCCC(CCC2CCCCC2)CCC2CCC3CCCC3C2)CC1
C1CCC(CCC2CCC3C(CCC3C3CCCCC3)C2)CC1
C1CCC(CCCC2CCCC3CCC(C4CCCC5CCCC54)CC3C2)CC1
C1CCC(C2CCC3CC4C(CCCC45CC(C4CCCCC4)C(C4CCCCC4)C5)CC32)CC1
C(CCC1CCCC2CCCC12)CC1CC2CCCCC2C1
C1CCC2C(C1)CCC1C3CCCC3CCC21
C1CCC2CC(CC3CCCC4CCCC43)CCC2C1
C(CCC1CCC2C1CCC1C3CCCCC3CCC21)CC1CC2CCCCC2C1
C1CCC(CCC2CCC3C(CCC3C3CCCCC3)C2)CC1
C1CCC(CC2CCC3C(CCC3C3CCCCC3)C2)CC1
C1CCC(CC2CCCCC2CC2CC3CCCCC3C3CCC4CCCCCC4C23)CC1
C1CCC2CCC3C4CCC(CCCC5CC6CCCCC6C5)C4CCC3C2CC1
C1CCC(CC2CCC3C(CCC3C3CCCCC3)C2)CC1
C1CCC2CCC(C3CCCC4CCCC43)CC2CC1
C1CCC(CCC2CCC3C(CCC4C5CCCC5CC(CCC5CCCCC5)C34)C2)CC1
C1CCC(CCC2CCC3C(CCC4C5CCCCC5CC(CCC5CCCCC5)C34)C2)CC1
C1CCC2CC(CC3CCCC4CCCC43)CCC2C1
C1CCC2C(C1)CCCC1C3CCCC3CCC21
C1CCC(C2CCC3CC4(CCCCC4C4CCCCC4)CCC32)CC1
C1CCC2C(C1)CCCC2CCCC1CCC2CC3CCC4CCCCC4C3CCC12
C1CCC(C2CCC(CCCC3CCC4C3CCC3C5CCCCC5CCC43)C2)CC1
C1CCC(C2CCC3CC4C(CCCC45CCCCC5)CC32)CC1
C1CCC(C2CC3CCCC3C3CCC4CCCCCC4C23)CC1
C1CCC(C2CCC3CC4C(CCC32)CCC42CCCC2)CC1
C(CCCC1CCCCC1)CCCC1CCC(C2CCCCC2)C1
C1CCC(CCCCCC2CCCC3C(C4CCCCC4)CCC23)CC1
C1CCC(C2CCC3C(CCCC4CCCCC43)C2)CC1
C1CCC(CCCCC2CC3CCCCC3C2)CC1
C1CCC(CCCCCC2CCC3CCCCC23)CC1
C(CCCC1CCCC2C(C3CCCCC3)CCC12)CCC1CCCCC1
C1CCC2CC(C3CCCC4CCCC43)CCC2C1
C(CCCC1CCCC2C(C3CCCCC3)CCC12)CCC1CCC(C2CCCC2)C1
C(CCC1CCCC2CCCC12)CC1CC2CCCCC2C1
C(CCC1CCCC2CCCCC12)CC1CCC2CCCCC2C1
C1CCC(CC2CCC3C(CCC3C3CCCCC3)C2)CC1
C1CCC(C2CC3CCCCC3C3CCCCC23)CC1
C1CCC(CCC2CCCCC3CC4C(CCC4C4CCCCC4)CC23)CC1
C1CCC(C2CC3CCCC3C3CCC4CCCCC4C23)CC1
C1CCC(CCCCC2CC3CCCCC3C2)CC1
C1CCC(CC2CCC(CC(CC3CCCCC3)C3CCCCC3)CC2)CC1
C(CCCCCCC1CCCC2C1CCC1C3CCCCC3CCC21)CCCCCC1CCC(CCC2CCC(CCC3CCCC3)C2)C1
C1CCC(C2CCC3CC4C(CC5CCC6CCCCC65)CCCCC4CC32)CC1
C1CCC(CCCCCC2CC3CCCCC3C2)CC1
C1CCC(CCCCCC2CCCC3C(CC4CCCCC4)CCC23)CC1
C1CCC(CC2CCC3C(CCC3C3CCCCC3)C2)CC1
C1CCC(C2CC3C(CCC34CCCC4)C3CCC4CCCCC4C23)CC1
C1CCC2CCC3C4CCCCC4CC(CC4CCCC4)C3C2CC1
C1CCC(C2CCC3CC4C(CCC45CCCCC5)CC32)CC1
C1CCC(CCCCCC2CCC3C(CC4CCCCC4)CCC3C2)CC1
C1CCC2CCC(C3CCCC4CCCC43)CC2CC1
C1CCC2CC(CC3CCCC4CCCC43)CCC2C1
C1CCC2CC(CCCC3CCC4C3CCC3C5CCCCC5CCC43)CC2C1
C1CCC(C2CCC3C(CCCCCC4CCC(C5CCCC5)C4)CCCC23)CC1
C1CCC(C2CCC3CC4C(CCCC5C6CCC(CCCC7CC8CCCCC8C7)C6CCC45)CC32)CC1
C1CCC2C(C1)CCCC1C3CCCC3CCC21
C1CCC(C2CCC3CCC4C(CCCC5CC5)CCCC4CC32)CC1
C(CCC1CCCC2CCCC12)CC1CCCC2CCCCC12
C1CCC(CCCC2CCCC3CC4C(CCC4C4CCCCC4)CC23)CC1
C1CCC(C2CCC3C(CCC4CCCCC43)C2)CC1
C1CCC(CCCCCC2CC3CCCCC3C2)CC1
C1CCC(CCC2CCC3C(CCC4CC(C5CCCCC5)CCC43)C2)CC1
C1CCC(CCCC2CCC3CCCC3C2)CC1
C1CCC2CCC(C3CCCC4CCCC43)CC2CC1
C1CCC(C2CCC3CCC4C(CCC5C6CCC(CCCC7CCC8CCCCC8C7)C6CCC45)CC32)CC1
C1CCC2C(C1)CCC1C3CCCC3CCC21
C1CCC2CC(CCCC3CCCC4C3CCC3C5CCCCC5CCC43)CC2C1
C(CCCCCCC1CCC2C1CCC1C3CCCCC3CCCC21)CCCCCC1CCC(CCC2CCC(CCC3CCCC3)C2)C1
C1CCC(CCC2(CCCCC3CC4CCCCC4C3)CCC3C4CCC5CCCCC5C4CCC32)C1
C1CCC(CCC2CCC(CCC3CCCCC3)CC2)CC1
C1CCC2C(C1)CCC1CCCCC12
C1CCC2CC(CC3CCCC4CCCC43)CCC2C1
C1CCC(CCCCC2CC3CCCCC3C2)CC1
C1CCC(C2CCCC3C(CCC4CCCCC43)C2)CC1
C1CCC2CCC(C3CCCC4CCCC43)CC2CC1
C(CCCC1CCCCC1)CCCC1CCC(C2CCCCC2)C1
C(CCCCC1CCC(C2CCCCC2)C1)CCCC1CCCCC1
C1CCC2CCC(C3CCCC4CCCC43)CC2CC1
C1CCC(C2CC3C(CCC34CCCC4)C3CCC4CCCCCC4C23)CC1
C1CCC2CCC3C4CCCC4CCC3C2CC1
C1CCC2CCC3C4CCCC4CC(C4CCC(C5CCCC5)CC4)C3C2CC1
C1CCC(CCC2CCC3C(CCC3C3CCCCC3)C2)CC1
C1CCC(CC2CCC3C(CCC3C3CCCCC3)C2)CC1
C1CCC(C2CC3CCCC3C3CCC4CCCCC4C23)CC1
C1CCC2CC(C3CCCC4CCCC43)CCC2C1
C1CCC(CCCCCC2CCC3CCCCC23)CC1
C1CCC2C(C1)CCC1C3CCCC3CCC21
C1CCC(CCC2CCC3C(CCC3C3CCCCC3)C2)CC1
C(CCC1CCC2CCCCC2C1)CCC1CCCC2CCCCC12
C1CCC(CCCCC2CC3CCCCC3C2)CC1
C(CCC1CC2CCCCC2C1)CCC1CCCC2CCCC12
C1CCC(CCCCCC2CCCC3C(C4CCCCC4)CCC23)CC1
C1CCC(CCCCC2CC3CCCCC3C2)CC1
C1CCC2C(C1)CCC1C3CCCCC3CCC21
C1CCC(CCCCCC2CCC3CCCCC23)CC1
C1CCC(CC2CC3CCCCC3C3CCC4CCCCCC4C23)CC1
C(CCC1CCC2C1CCC1C3CCCCC3CCC21)CC1CCC2CCCCC2C1
C1CCC(CC2CC3CCCCC3C2C2CCCCC2)CC1
C1CCC(C2CCC3CC4C(CCCC5C6CCCC6CCC45)CC32)CC1
C1CCC(CC2CC3CCCCC3C3CCC4CCCCCC4C23)CC1
C1CCC(C2CCC3CC4C(CCC32)CCC2C3CCC(CCCC5CCC6CCCCC6C5)C3CCC42)CC1
C1CCC(C2CCC3CCCC3C3CCC4CCCCC4C23)CC1
C1CCC2CC(CCCC3CCC4C3CCCC3C5CCCCC5CCC34)CCC2C1
C1CCC(CC2CCCC(CC3CCC4CC(CCC5CCC6CCCCC6C5)CCC43)C2)C1
C1CCC2CCC(C3CCCC4CCCC43)CC2CC1
C1CCC(CCC(CCC2CCC3CCCC3C2)CC2CCCCC2)CC1
C1CCC(C2CCC3CC4C(CCCCC5CC5)CCCC4CC32)CC1
C1CCC(CCC2CCC3C(CCC3C3CCCC(CCC4CCCCC4)C3)C2)CC1
C1CCC(C2CCC3CC(C4CCC(CCC5CCCC5)CC4)CCC32)CC1
C1CCC(CCCCCC2CC3CCCCC3C2)CC1
C(CC1CCC2CCCC2C1)CC1CCCC2CCC(C3CCCC4CCCC43)CC2C1
C(CCCC1CCCC2C(C3CCCCC3)CCC12)CCC1CCCCC1
C(CCCC1CCCC2C(C3CCCCC3)CCC12)CCC1CCCCC1
C1CCC(CCC2CCC3C(CCC4C5CCCCC5CCC34)C2)CC1
C1CCC(CCC2CCC(C3CCC4C(CCC4C4CCCCC4)C3)CC2)CC1
C1CCC(CCCCC2CC3CCCCC3C2)CC1
C1CCC2CC(CCCC3CCC4C3CCC3C5CCCCC5CCC43)CC2C1
C1CCC(CCCC2CCC3CCC(C4CCCC5CCCC54)CC3C2)CC1
C1CCC(CCC(CCCC2CCC3CCCC3C2)CC2CCCCC2)CC1
C1CCC2CC(CCCC3CCC4C3CCC3C5CCCCC5CCC43)CC2C1
C1CCC(C2CCC3CC4C(CCC45CCCCC5)CC32)CC1
C1CCC2C(C1)CCCC2CCCC1CCC2C1CCC1C3CCCCC3CCCC21
C1CCC(CCCC2CCC3CCC(C4CCCC5CCCC54)CC3C2)CC1
C1CCC2C(C1)CCC1CCCCC12
C1CCC(C2CC3CCCC3C3CCC4CCCCC4C23)CC1
C1CCC(CC2CC3CCCCC3CC3CCC4CCCCC4C32)C1
C1CCC2C(C1)CCC1C3CCCC3CCC21
C1CCC(CCCCCC2CC3CCCCC3C2)CC1
C1CCC(C2CCC3CC4C(CCCCC5CC5)CCCC4CC32)CC1
C1CCC(C2CCC3CC4C(CCCC5CC5)CCCC4CCC32)CC1
C(CCCC1CCCC2C(C3CCCCC3)CCC12)CCC1CCCCC1
C1CCC2CC(C3CCCC4CCCC43)CCC2C1
C1CCC2CCC(C3CCCC4CCCC43)CC2CC1
C1CCC(CCCCC2CC3CCCCC3C2)CC1
C(CCC1CCCC2CCCC12)CC1CC2CCCCC2C1
C1CCC(CC2CC3CCCCC3C3CCC4CCCCCC4C23)CC1
C1CCC(C2CCC3CCC(C4CCCC4)CC32)CC1
C1CCC(C2CC3CCCC3C3CCC4CCCCCC4C23)CC1
C1CCC(CCCCC2CC3CCCCC3C2)CC1
C1CCC(C2CC3CCCC3C3CCC4CCCCCC4C23)CC1
C1CCC2CC(C3CCCC4CCCC43)CCC2C1
C1CCC(CCC2CCC(C3CCC4C(CCC4C4CCCCC4)C3)CC2)CC1
C1CCC2C(C1)CCC1CCCCC12
C1CCC2C(C1)CCC1C3CCCCC3CCC21
C1CCC(CCC2CCC3C(CCC3C3CCCCC3)C2)CC1
C1CCC(C2CCC3CC4C(CCCC5C6CCC(CCCC7CCC8CCCCC8C7)C6CCC45)CC32)CC1
C1CCC(CCCCC2CCCC3CCC(C4CCCC5CCCC54)CC23)CC1
C1CCC(CCCC2CCC3CCCC3C2)CC1
C1CCC(CCCCC2CCCC(C3CCC4CC(CCC5CCC6CCCCC6C5)CCC43)C2)CC1
C1CCC2C(C1)CC(C1CCCC1)C1CCCCC21
C(CCCC1CCCCC1)CCCC1CCC(C2CCCCC2)C1
C(CCC1CCCC2CCCC12)CC1CC2CCCCC2C1
C1CCC(CCCC2CCC3C2CCC2C4CCCCC4CCCC32)C1
C(CCC1CCC2CCCCC2C1)CCC1CCCC2CCCC12
C1CCC(C2CC3CCCCC3C3CCC4CCCCC4C23)CC1
C1CCC(CCC2CCC(CCC3CCCCC3)CC2)CC1
C1CCC(CCCCCC2CC3CCCCC3C2)CC1
C1CCC2CCC(C3CCCC4CCCC43)CC2CC1
C1CCC(CC2CC3CCCCC3C3CCC4CCCCC4C23)CC1
C1CCC2CCC(C3CCCC4CCCC43)CC2CC1
C1CCC2C(C1)CCC1C3CCCC3CCC21
C1CCC(CCC2CCC3C(CCC3C3CCCCC3)C2)CC1
C1CCC(CCCC2CC3CCCCC3C2C2CCCCC2)CC1
C1CC(C2CCC(C3CC4CCCC4C4CCC5CCCCC5C34)CC2)C1
C1CCC(C2CC3CCCC3C3CCCC4CCCCC4C23)CC1
C1CCC2CC(C3CCCC4CCCC43)CCC2C1
C1CCC(CCC2CCCC3CCC(C4CCCC5CCCC54)CC23)CC1
C1CCC2CCC3C4CCCC4CCC3C2CC1
C1CCC2CC(CCCC3CCC4C3CCC3C5CCCCC5CCC43)CCC2C1
C1CCC(CCCCC2CC3CCCCC3C2)CC1
C1CCC2C(C1)CCC1CCCCC12
C1CCC(CCCCCC2CCCC3C(CC4CCCCC4)CCC23)CC1
C1CCC(CC2CC3CCCCC3CC3CCC4CCCCC4C32)CC1
C1CCC2C(C1)CCC1CCCCC12
C1CCC(CC2CCC3CC4(CCCCC4C4CCCCC4)CCC23)CC1
C(CCCCC1CCC2C(CCC3C4CCCC4CCC23)C1)CCCC1CCCC(CC(CC2CCC(CC3CCCCC3)CC2)C2CCCCC2)C1
C1CCC(C2CCC3C(CCCC4CCCCC43)C2)CC1
C1CCC(C2CCCC3C(CCC4CCCCC43)C2)CC1
C1CCC(C2CC3CCCC3C3CCC4CCCCC4C23)CC1
C1CCC(CCCCC2CCC3CCC(C4CCCC5CCCC54)CC3C2)CC1
C1CCC(CCCCCC2CCCC3C(CC4CCCCC4)CCC23)CC1
C1CCC(C2CC3CCCC3C3CCC4CCCCC4C3C2)CC1
C1CCC(CC2CCCCC2CC2CC3CCCCC3C3CCC4CCCCCC4C23)CC1
C1CCC(CCCC2CCC3CCC(CC4CCCC5CCCC54)CC3C2)CC1
C1CCC(C2CC3CCCC3CC3CCC4CCCCC4C32)CC1
C1CCC(CCCCC2CC3CCCCC3C2)CC1
C1CCC(C2CCC3CCCC3C3CCC4CCCCC4C23)CC1
C1CCC(C2CC3CCCC(C3)C3CCC4CCCCC4C32)CC1
C1CCC(C2CC3CCCC3C3CCC4CCCCC4CC23)CC1
C1CCC(CCC2CCC(CCC3CCCCC(CC4CCCC4)C3)CC2)CC1
C1CCC(CCC2CCC(C3CCC4C(CCC4C4CCCCC4)C3)CC2)CC1
C1CCC(CCCCC2CC3CCCCC3C2)CC1
C1CCC2CC(C3CCCC4CCCC43)CCC2C1
C1CCC(C2CC3CCCC3C3CCC4CCCCCC4C23)CC1
C1CCC(C2CCC(CC3CC4CCCCC4C4CCC5CCCCC5C34)CC2)CC1
C1CCC(CCCC2CCC3C(CCC4C5CCCC5CCC34)C2)CC1
C1CCC(CCCCCC2CCCC3C(C4CCCCC4)CCC23)CC1
C1CCC2CC(C3CCCC4CCCC43)CCC2C1
C1CCC(CCCCC2CCC3CCCCC23)CC1
C(CCCC1CCCC2C(C3CCCCC3)CCC12)CCC1CCCCC1
C1CCC2CC(CCCC3CCCC4C3CCC3C5CCCCC5CCC43)CCC2C1
C1CCC(CCCC2CCCC3CCC(C4CCCC5CCCC54)CC3C2)CC1
C1CCC(C2CCC3C(CCCCCC4CCC(C5CCCC5)C4)CCCC23)CC1
C1CCC2CC(C3CCCC4CCCC43)CCC2C1
C1CCC(C2C3CCCC(CC4CC5CCCC5CC42)C3)CC1
C1CCC2C(C1)CCCC2CCCC1CCC2C1CCCC1C3CCCCC3CCC12
C1CCC(C2CC3CCCC3C3CCC4CCCCC4C23)CC1
C1CCC(CCCCC2CC3CCCCC3C2)CC1
C1CCC(C2CCC3CC4C(CCC5C6CCCC(CCCC7CC8CCCCC8C7)C6CCC45)CC32)CC1
C1CCC(C2CC3CCCC3C3CCC4CCCCCC4C23)CC1
C1CCC(C2CC3CCCC3C3CCCC4CCCCC4C23)CC1
C(CCC1CCCC2CCCC12)CC1CC2CCCCC2C1
C1CCC(C2CCC3CCCCC3C3CCC4CCCCC4C23)CC1
C1CCC(CCC2CCC3C(CCC3C3CCCCC3)C2)CC1
C1CCC(C2CCC3C(CCC3C3CCCCC3)C2)CC1
C1CCC(CC2CC3CCCCC3CC3CCC4CCCCC4C32)CC1
C1CCC(C2CC3CCCC3C3CCC4CCCCC4CC23)CC1
C(CCC1CCCC2CCCC12)CC1CC2CCCCC2C1
C1CCC(CC2CCC3CC4C(CCC45CCCCC5)CC23)CC1
C1CCC(CCC2(CCCC3CCC4CCCCC4C3)CCCC3C4CCC5CCCCC5C4CCC32)C1
C1CCC(CCCCC2CC3CCCCC3C2)CC1
C1CCC2C(C1)CCC1CCCCC12
C1CCC(CCCCC2CC3CCCCC3C2)CC1
C(CCCC1CCCC2C(C3CCCCC3)CCC12)CCC1CCCCC1
C1CCC2C(C1)CCC1C2CCC2C3CCCCC3CC21
C1CCC(CCC2CCC3C(CCC3C3CCCC(CCC4CCCC4)C3)C2)CC1
C1CCC(CCC2CCC3C(CCC4C5CCCC5CC(CCC5CCCCC5)C34)C2)CC1
C1CCC(CCCCCC2CCC3CCCCC23)CC1
C1CCC(C2C3CCCC3CC3CC4CCCCC4CC32)CC1
C1CCC(CCCCCC2CC3CCCCC3C2)CC1
C1CCC(C2CCCC3(CCC4CC5C(CCC5C5CCCCC5)CC43)C2)CC1
C1CCC(C2CC3CCCCC3C3CCC4CCCCC4C23)CC1
C1CCC2CCC3C4CCC(CCCC5CC6CCCCC6C5)C4CCC3C2CC1
C1CCC(CCCCC2CC3CCCCC3C2)CC1
C1CCC(C2CCCC3C(CCC34CCCC4)C3CCC4CCCCC4C23)CC1
C1CCC(CCCCCC2CCC3CCCCC23)CC1
C(CCCC1CCCCC1)CCCC1CCC(C2CCCCC2)C1
C1CCC2CC(C3CCCC4CCCC43)C3CCCC3C2CC1
C(CCC1CCC2CCCCC2C1)CCC1CCCC2CCCCC12
C1CCC2CCC(C3CCCC4CCCC43)CC2CC1
C1CCC(CCC2CCCC(C3CCC4CC(CCC5CCC6CCCCC6C5)CCC43)C2)C1
C1CCC2CCC(C3CCCC4CCCC43)CC2CC1
C1CCC(CCC(CCC2CCC3CCCC3C2)CC2CCCCC2)CC1
C1CCC(C2CCC(C3CC4CCCC4C4CCC5CCCCC5C34)CC2)C1
C1CCC(CCC2CCC3C(CCC4CCCCCC43)C2)CC1
C1CCC(CC2CC3CCCCC3CC3CCC4CCCCC4C32)CC1
C1CCC(CCCCC2CC3CCCCC3C2)CC1
C1CCC(CCC2CCC3C(CCC4CCCCC43)C2)CC1
C1CCC(C2CC3CCCC3C3CCC4CCCCCC4C23)CC1
C1CCC(CCC2CCC3C(CCC3C3CCCCC3)C2)CC1
C1CCC(CCCC2CCCC3CC4C(CCC4C4CCCCC4)CC23)CC1
C1CCC(C2CCC(CCCCCC3CCCC4C(C5CCCCC5)CCC34)C2)CC1
C1CCC(CCC2CCC(CCC3CCCC(CC4CCCCC4)C3)CC2)CC1
C1CCC2CC(C3CCCC4CCCC43)CCC2C1
C1CCC2CCC(C3CCCC4CCCC43)CC2CC1
C1CCC(CCC2CCCCC2)CC1
C(CCCC1CCC2CCCC2C1)CCC1CCCCC1
C1CCC(C2CCC3CC4C(CCC45CCCCC5)CC32)CC1
C1CCC(CCC2CCC3C(CC4CCCCC4)CCC3C2)CC1
C1CCC2C(C1)CCC1C3CCCC3CCC21
C1CCC(CCC2(CCCC3CC4CCCCC4C3)CCC3C4CCCC5CCCCC5C4CCC32)C1
C1CCC(CCC2(CCCC3CCC4CCCCC4C3)CCC3C4CCC5CCCCC5C4CCC32)C1
C1CCC(C2CCC3CCCC3C3CCC4CCCCC4C23)CC1
C1CCC(CC2CC3CCCCC3C3CCC4CCCCCC4C23)CC1
C1CCC2CC(CCCC3CCCC4C3CCC3C5CCCCC5CCC43)CC2C1
C1CCC(CC2CC3CCCCC3CC3CCC4CCCCC4C32)CC1
C1CCC(C2CC3CCCC3C3CCC4CCCCC4CC23)CC1
C1CCC2CC(C3CCCC4CCCC43)CCC2C1
C1CCC2CCC3C4CCC(CCCC5CC6CCCCC6C5)C4CCC3C2CC1
C1CCC2CCC(C3CCCC4CCCC43)CC2CC1
C1CCC2CCC3C4CCC(CCCC5CC6CCCCC6C5)C4CCC3C2CC1
C1CCC(CCCCCC2CCCC3C(C4CCCCC4)CCC23)CC1
C1CCC(CC2CC3CCCCC3C3CCC4CCCCC4C23)CC1
C1CCC(CC2CC3CCCCC3C3CCC4CCCCC4C23)C1
C1CCC(CCCC2CCC(C3CCC4C(CCC4C4CCCCC4)C3)CC2)CC1
C1CCC(CCCCC2CC3CCCCC3C2)CC1
C1CCC(CCCCCC2CC3CCCCC3C2)CC1
C1CCC2CC(CCCC3CCC4C5CCC6CCCCC6C(CCC34)C5)CC2C1
C1CCC(C2CCC3CCCC3C3CCC4CCCCC4C23)CC1
C1CCC(CCCCC2CCC3C2CCC2C4CCCCC4CCC32)CC1
C1CCC2CC3CCCCC3CCC2C1
C1CCC(CCC2CCC3C(CCC3C3CCCCC3)C2)CC1
C1CCC(CCC2CCC3C(CCC3C3CCCCC3)C2)CC1
C1CCC(CCC2CCC(CCC3CCCCC3)CC2)CC1
C1CCC(CC2CC3CCCCC3C3CCC4CCCCC4C23)CC1
C1CCC(CCCCCC2CCCC3C(C4CCCCC4)CCC23)CC1
C1CCC(C2CCC3CC4(CCCCCCC4C4CCCCC4)CCC32)CC1
C1CCC(CCCCCC2CC3CCCCC3C2)CC1
C1CCC(CCCCC2CC3CCCCC3C2)CC1
C1CCC2CCC(C3CCCC4CCCC43)CC2CC1
C1CCC(CCCCC2CC3CCCCC3C2)CC1
C1CCC(CC2CC3CCCCC3C3CCC4CCCCCC4C23)CC1
C1CCC(C2CCC3CC4CCCCC4CC32)CC1
C1CCC(C2CCC3CCCC3C3CCC4CCCCC4CC23)CC1
C1CCC(CCCCC2CC3CCCCC3C2)CC1
C1CCC2CCC(C3CCCC4CCCC43)CC2CC1
C1CCC(CCCCC2CCC3CCC(C4CCCC5CCCC54)CC3C2)CC1
C1CCC(C2CCC3CC4C(CCC5C6CCC(CCCC7CC8CCCCC8C7)C6CCC45)CC32)CC1
C1CCC(C2CC3CCCC3C3CCC4CCCCC4CC23)CC1
C(CCCC1CCCCC1)CCCC1CCC(C2CCCCC2)C1
C1CCC(C2CC3CCCC3C3CCC4CCCCC4CC23)CC1
C1CCC(CCCCC2CCC3CCCCC23)CC1
C1CCC2CC(C3CCCC3)C3CCCC3C2CC1
C1CCC(CCCCCC2CCCC3C(C4CCCCC4)CCC23)CC1
C(CCCC1CCCCC1)CCCC1CCC(C2CCCCC2)C1
C1CCC(CCC2CCC3C(CCC3C3CCCCC3)C2)CC1
C1CCC(CCC2CCC3C(CCC4C5CCCC5CCC34)C2)CC1
C1CCC(C2CC3CCCCC3C3CCCCC23)CC1
C(CCC1CC2CCCCC2C1)CCC1CCCC2CCCC12
C1CCC2CC(C3CCCC4CCCC43)CCC2C1
C(CCCC1CCCCC1)CCCC1CCC(C2CCCCC2)C1
C1CC(C2CCC(C3CCC4CCCC4C4CCC5CCCCC5C34)CC2)C1
C1CCC(CCCCCC2CCC3CCC(C4CCCC5CCCC54)CC3C2)CC1
C1CCC(CCC2CCC3C(CCC3C3CCCCC3)C2)CC1
C1CCC2CC(C3CCCC4CCCC43)CCC2C1
C1CCC(CC2CCC(CC3CC4CCCCC4C4CCC5CCCCC5C34)CC2)CC1
C1CCC(C2CCC3CC4C(CCC5C6CCC(CCCCC7CC8CCCCC8C7)C6CCC45)CC32)CC1
C1CCC2CCC(C3CCCC4CCCC43)CC2CC1
C1CCC(C2CC3CCCC3C3CCC4CCCCC4C23)CC1
C(CCCC1CCCC2CCCC12)CCC1CCCCC1
C1CCC(C2CCC3C(CCCC4CCCCC43)C2)CC1
C1CCC(CCC(CCC2CCCCC2)CCC2CCC3CCCC3C2)CC1
C1CCC(CCCCC2CCC3CCCCC23)CC1
C1CCC2C(C1)CCC1C3CCCCC3CCCC21
C1CCC(C2CCC3CCCC3C3CCC4CCCCC4C23)CC1
C1CCC(CCC2CCC3C(CCC3C3CCCCC3)C2)CC1
C1CCC(CCCCC2CC3CCCCC3C2)CC1
C1CCC(CCCC2CCC3CCC(C4CCCC5CCCC54)CC3C2)CC1
C(CCC1CCCC2CCCCC12)CC1CCCC2CCCCC12
C(CCCC1CCCCC1)CCCC1CCC(C2CCCCC2)C1
C1CCC(CC2CCCC(C3CCC4CC(CCCC5CCC6CCCCC6C5)CCC43)C2)C1
C1CCC(CC23CCCCC2CCC2C4CCCC4CCC23)CC1
C1CCC2CCC3C4CCCCC4CCC3C2CC1
C1CCC2CC(CCCC3CCCC4CCCCC43)CC2C1
C1CCC2CCC3C4CCCC4CCC3C2CC1
C1CCC(CCCC2CCC(C3CCCC4C(C5CCCCC5)CCC34)C2)CC1
C(CCCC1CCCC2C(C3CCCCC3)CCC12)CCC1CCCCC1
C1CCC(CCC2CCC3C(CCC4C5CCCC5CCC34)C2)CC1
C(CCC1CCC2CCCCC2C1)CC1CCCC2CCCCC2C1
C1CCC2CC(C3CCCC4CCCC43)CCC2C1
C1CCC(CCC2CCC(CCC3CCCC(CC4CCCC4)C3)CC2)CC1
C1CCC2CCC(C3CCCC4CCCC43)CC2CC1
C1CCC(CCC2CCC(CCC3CCCCC(CC4CCCC4)C3)CC2)CC1
C1CCC(C2CCC3CC4C(CCC45CCCC5)CC32)CC1
C(CCC1CCCC2CCCC12)CC1CC2CCCCC2C1
C1CCC(CCCCCC2CCCCC2)CC1
C1CCC2CCC3C4CCCC4CCC3C2CC1
C1CCC2CCC3C4CCCCC4CCC3C2CC1
C1CCC(C2CC3CCCC3C3CCC4CCCCCC4C23)CC1
C1CCC(CC2CCC(C3CC4CCCCC4C4CCC5CCCCC5C34)CC2)CC1
C(CCC1CCCC2CCCC12)CC1CC2CCCCC2C1
C(CCC1CCC2C(CCC3C4CCCC4CCC23)C1)CC1CCC(C2CC3CCCC3C3CCC4CCCCC4C23)CC1
C1CCC(CC2CC3CCCCC3C3CCC4CCCCC4C23)C1
C1CCC2CCC3C4CCCC4CCC3C2CC1
C1CCC(C2CCC3CC4(CCCCCC4C4CCCCC4)CCC32)CC1
C1CCC(CCCCCC2CCCC3C(C4CCCCC4)CCC23)CC1
C1CCC(C2CC3CCCC3C3CCC4CCCCCC4C23)CC1
C1CCC2CC(CCCC3CCC4C3CCC3C5CCCCC5CCC43)CCC2C1
C1CCC2CC(CCCC3CCC4C3CCCC3C5CCCCC5CCC34)CC2C1
C(CCCC1CCCC2C(C3CCCCC3)CCC12)CCC1CCCCC1
C1CCC2CCC(C3CCCC4CCCC43)CC2CC1
C(CCCC1CCCCC1)CCC1CCCCC1
C1CCC(CCC2CCC3C(CCC3C3CCCCC3)C2)CC1
C1CCC(CCCCC(CC2CCC3C(CCC3C3CCCCC3)C2)C2CCCCC2)CC1
C1CCC(C2CCC3CC4C(CCCC45CCCCC5)CC32)CC1
C1CCC(CCCC2CCC3CCC(C4CCCC5CCCC54)CC3C2)CC1
C1CCC(C2CCC3(CCC4CCC5C(CCC5C5CCCCC5)CC43)C2)CC1
C1CCC(CCCC2CCC3C(CCC3C3CCCCC3)C2)CC1
C1CCC(CC2CC3CCCCC3CC3CCC4CCCCC4C32)C1
C1CCC2CC(C3CCCC4CCCC43)CCC2C1
C1CCC2C(C1)CCC1C3CCCC3CCC21
C1CCC(CC2CC3CCCCC3C3CCC4CCCCC4C23)C1
C(CCC1CCC2C1CCC1C3CCCCC3CCC21)CC1CC2CCCCC2C1
C1CCC(CCCCC2CCC3CCCCC23)CC1
C1CCC2CCC3C4CCCC4CCC3C2CC1
C1CCC(C2CCC3CCCC3C3CCC4CCCCC4C23)CC1
C1CCC(CCCCCC2CC3CCCCC3C2)CC1
C1CCC(C2CCC3CCC4(CCCCC4)CC3C2)CC1
C1CCC(C2CCC3CC4C5CCC6C(CCCC7CCC8CCCCC8C7)CCC6C(CCC4CC32)C5)CC1
C1CCC2CC(CCCC3CCCC4CCCCC43)CCCC2C1
C1CCC2C(C1)CCC1C3CCCCC3CCC21
C1CCC(C2CCC3CC4C(CCC5C6CCC(CCCCC7CC8CCCCC8C7)C6CCC45)CC32)CC1
C1CCC(CC2CCC3C(CCC3C3CCCCC3)C2)CC1
C1CCC2C(C1)CC(C1CCCC3CCCC31)C1CCCCC21
C1CCC(CCC2CCC3C(CCC3C3CCCCC3)C2)CC1
C1CCC(CCC2CCC(C3CCC3)CC2)CC1
C1CCC2CCC3CCCCC3C2CC1
C1CCC(CCCCCC2CC3CCCCC3C2)CC1
C1CCC2C(C1)CC(C1CCCC1)C1CCCC21
C1CCC(CCCC2CCCC(C3CCC4CC(CCCC5CCC6CCCCC6C5)CCC43)C2)CC1
C1CCC(C2CCC3CC4C(CCCCC45CCCC5)CC32)CC1
C1CCC(CCC2CCC(CCC3CCCC(CC4CCCC4)CC3)CC2)CC1
C1CCC2CC(C3CCCC4CCCC43)CCC2C1
C1CCC(CCC2CCC3C(CCC3C3CCCCC3)C2)CC1
C1CCC(CCCCC2CCC3C2CCCC2C4CCCCC4CCC23)CC1
C1CCC(CCC(CCC2CCC3CCCC3C2)CC2CCCCCC2)CC1
C1CCC2CC(C3CCCC4CCCC43)CCC2C1
C(CCCCC1CCC(C2CCCCC2)C1)CCCC1CCCCC1
C1CCC(CCCCC2CC3CCCCC3C2)CC1
C1CCC(CCCCC2CC3CCCCC3C2)CC1
C1CCC(C2CCC3(CCCC4CC5C(CCC5C5CCCCC5)CC43)C2)CC1
C1CCC(CCCCCC2CCC3CCCCC23)CC1
C1CCC(CCCCCC2CC3CCCCC3C2)CC1
C1CCC(CCCCC2CCC3CCC(C4CCCC5CCCC54)CC3C2)CC1
C(CCCC1CCCC2C(C3CCCCC3)CCC12)CCC1CCCCC1
C1CCC(CCCCC2CC3CCCCC3C2)CC1
C(CCCC1CCCC2CCCCC12)CCC1CCC(C2CCCCC2)C1
C1CCC2CCC(C3CCCC4CCCC43)CC2CC1
C1CCC2C(C1)CCC1C3CCCC3CCC21
C1CCC(CC(CC2CCCCC2)C2CCCCC2)CC1
C1CCC(CCCCCC2C3CCCCC3CCC2C2CCCC3CCCC32)CC1
C(CCC1CCCC2CCCC12)CC1CC2CCCCC2C1
C1CCC(CCCCC2CCC3CCCCC23)CC1
C1CCC(CCCCCC2CCC3CCCCC23)CC1
C1CCC(CCCCCC2CC3CCCCC3C2)CC1
C1CCC(C2CCC3CC4C(CCC5C6CCCCC6CCC45)CC32)CC1
C1CCC(CC2CCC3CCCCC3C3CCC4CCCCC4C23)CC1
C1CCC(CCC2CCC3C(CC4CCCCC4)CCC3C2)CC1
C1CCC(CCCCC2CC3CCCCC3C2)CC1
C1CCC2C(C1)CCC1C3CCCCC3CCCC21
C1CCC(C2CCC3CC4C(CCC45CCCCCC5)CC32)CC1
C1CCC2C(C1)CCC1C3CCCCC3CCC21
C(CCC1CCC(C2CC3CCCC3C3CCC4CCCCC4C23)CC1)CCC1CCC2C(CCC3C4CCCC4CCC23)C1
C(CCCC1CCCC2C(C3CCCCC3)CCC12)CCC1CCCCC1
C1CCC(C2CC3CCCC3C3CCC4CCCCC4C23)CC1
C1CCC2C(C1)CCC1C3CCCCC3CCC21
C1CCC2CCC(C3CCCC4CCCC43)CC2CC1
C(CCCC1CCCCC1)CCCC1CCC(C2CCCCC2)C1
C1CCC(CCCCC2CCC3CCCCC23)CC1
C1CCC(CC2CCCCC2CC2CC3CCCCC3C3CCC4CCCCC4C23)CC1
C1CCC2CCC3C4CCCCC4CC(CC4CCCC4)C3C2CC1
C(CCC1CCCC2CCCCC12)CC1CCC2CCCCC2C1
C1CCC(C2CCC3CC4C(CCCC45CCCCC5)CC32)CC1
C1CCC(CCCC2CCC3C(CCC3C3CCCCC3)C2)CC1
C1CCC(C2CCC3CC4(CCCCCC4C4CCCCC4)CCC32)CC1
C1CCC(CCCC2CCC3CCC(C4CCCC5CCCC54)CC3C2)CC1
C(CCC1CCCC2CCCCC12)CC1CC2CCCCC2C1
C1CCC(CCCCC2CC3CCCCC3C2)CC1
C1CCC(CCC2CCC(CCC3CCCCC(CC4CCCC4)C3)CC2)CC1
C1CCC(CCCCCC2CCC3CCCCC23)CC1
C1CCC2CCC(C3CCCC4CCCC43)CC2CC1
C1CCC2C(C1)CCC1C3CCCC3CCCC21
C1CCC(CCC2CCC3C(CCC3C3CCCCC3)C2)CC1
C1CCC(CCCCC2CC3CCCCC3C2)CC1
C1CCC(CC2CC3CCCCC3C3CCC4CCCCCC4C23)CC1
C1CCC2C(C1)CCC1C2CCC2C3CCCC3CC21
C1CCC(CCCCCC2CCCC3C(C4CCCCC4)CCC23)CC1
C1CCC2CCC(C3CCCC4CCCC43)CC2CC1
C1CCC(C2CCC3CCC4C(CCC45CCCC5)CC32)CC1
C1CCC(CCCCC23CCCC2CC2C4CCC5CCCCC5C4CCC23)C1
C(CCC1CCCC2CCCCC12)CC1CCCC2CCCCC12
C(CCCCC1CCC(C2CCCCC2)C1)CCCC1CCCCC1
C(CCC1CCC2C(CCC3C4CCCC4CCC23)C1)CC1CCC(C2CCC(C3CC4CCCC4C4CCC5CCCCC5C34)CC2)CC1
C1CCC(C2CCC3CC4C(CCCC45CCCCC5)CC32)CC1
C1CCC(CCCCC2CC3CCCCC3C2)CC1
C1CCC(C2CCC(CCCCCC3CCCC4CCCCC34)C2)CC1
C(CCCC1CCCC2C(C3CCCCC3)CCC12)CCC1CCCCC1
C(CCC1CCCC2CCCC12)CC1CC2CCCCC2C1
C(CCC1CCCC2CCCCC12)CC1CCCC2CCCCC12
C1CCC2C(C1)CCC1CC3CC4CCCC4C3CCC12
C1CCC(C2CC3CCCCC3C3CCC(CCCC4CCCC4)CC23)CC1
C1CCC(C2CCC3CCC4(CCCCCC4C4CCCCC4)CCC32)CC1
C1CCC2C(C1)CCC1CCCCC12
C1CCC(CCC2(CCCC3CC4CCCCC4C3)CCC3CC4CCC5CCCCC5C4CCC32)C1
C1CCC(CCCCC2CCC3CCCCC23)CC1
C1CCC2C(C1)CCC1C3CCCC3CCCC21
C1CCC(CCCCC2CC3CCCCC3C2)CC1
C1CCC(CCCCCC2CCCC3C(C4CCCCC4)CCC23)CC1
C1CCC(C2CCC3CC4CCCCC4CCC32)CC1
C(CCCC1CCCCC1)CCCC1CCC(C2CCCCC2)C1
C1CCCC(CC2CCCC2CC2CC3CCCCC3C3CCC4CCCCC4C23)CC1
C1CCC(CCC2CCC3C(CCC3C3CCCCC3)C2)CC1
C1CCC(CCCCC2CC3CCCCC3C2)CC1
C(CCC1CCCC2CCCC12)CC1CC2CCCCC2C1
C1CCC2C(C1)CCC1CCCCC12
C1CCC(CCCCC2CC3CCCCC3C2)CC1
C1CCC2CC(C3CCCC4CCCC43)CCC2C1
C1CCC(CC2CC3CCCCC3C3CCCCC23)CC1
C1CCC(CCCCCC2CC3CCCCC3C2)CC1
C1CCC(CCCC2CCC3C(CCC3C3CCCCC3)C2)CC1
C1CCC2CC(C3CCCC4CCCC43)CCC2C1
C1CCC2CC(CC3CCCC4CCCC43)CCC2C1
C1CCC2CCC3C4CCCC4CC(C4CCC(CCCCC5CCC6C(CCC7C8CCCC8CCC67)C5)CC4)C3C2CC1
C1CCC2CCC(C3CCCC4CCCC43)CC2CC1
C1CCC(CCC2CCC(C3CCC4C(CCC4C4CCCCC4)C3)CC2)CC1
C(CCC1CCCC2CCCCC12)CC1CCC2CCCCC2C1
C1CCC(CCC2CCC3C(CCC4CCCCC43)C2)CC1
C1CCC(C2CCC3C(CCC4CCCCC43)C2)CC1
C1CCC(CCC(CCC2CCC3CCCCC3C2)CC2CCCCC2)CC1
C1CCC(CC2CCCCC2CC2CCC3CCCCC3C3CCC4CCCCC4C23)CC1
C1CCC(C2CCCC3C(CCC4CCCCC43)C2)CC1
C1CCC2C(C1)CCCC2CCCC1CCCC2CCCCC21
C1CCC2C(C1)CCC1C3CCCC3CCCC21
C1CCC(CCC2CCC(CCC3CCCC(CC4CCCC4)C3)CC2)CC1
C1CCC(C2CCC3CCC4C(CCC5C6CCC(CCCC7CC8CCCCC8C7)C6CCC45)CC32)CC1
C1CCC2CC(C3CCCC4CCCC43)CCC2C1
C1CCC2CCC3C4CCCC4CC(C4CCC(CCCCC5CCC6C(CCC7C8CCCC8CCC67)C5)CC4)C3C2CC1
C1CCC2CCC(C3CCCC4CCCC43)CC2CC1
C1CCC(C2CC3CCCC3C3CCC4CCCCC4C23)CC1
C1CCC(CCCCCC2CCCC3C2CCC3C2CCCC(CC3CC3)C2)CC1
C(CCC1CCC2C(CCC3C4CCCC4CCC23)C1)CC1CCC(C2CC3CCCC3C3CCC4CCCCC4C23)CC1
C1CCC(C2CCC3CCCCC3C3CCCCC23)CC1
C1CCC2C(C1)CCCC1C2CCC2C3CCCC3CC21
C1CCC(CCCCCC2CC3CCCCC3C2)CC1
C1CCC2CCC3C4CCCCC4CC(CC4CCCC4)C3C2CC1
C(CCCCC1CCC(C2CCCCC2)C1)CCCC1CCCCC1
C1CCC2CCC3C4CCC(CCCC5CC6CCCCC6C5)C4CCC3C2CC1
C1CCC(CC2CC3CCCCC3C3CCC4CCCCCC4C23)CC1
C1CCC(CC2CCC(CC(CC3CCCCC3)C3CCCCC3)CC2)CC1
C1CCC(CCCCCC2CCCC3C(C4CCCCC4)CCC23)CC1
C1CCC(CCCC2CC3CCCCC3C2C2CCCCC2)CC1
C1CCC2CCC3C4CCCCC4CC(CC4CCCC4)C3C2CC1
C1CCC(CC2CCC3C(CCCCCC4CCC(C5CCCC5)C4)CCCC23)CC1
C1CCC(CCCCCC2CCC3CCCCC23)CC1
C1CCC(C2CCC3CC4C(CCCC5CC5)CCCC4CC32)CC1
C1CCC(CCC2CCC(C3CC3)CC2)CC1
C1CCC(CCCCC2CC3CCCCC3C2)CC1
C1CCC2CC(CCCC3CCC4C3CCC3C5CCCCC5CCC43)CC2C1
C1CCC(CCCCCC2CC3CCCCC3C2)CC1
C1CCC(CC2CC3CCCCC3C3CCC4CCCCCC4C23)CC1
C1CCC(C2CCC3CC4C(CCC5C6CCC(CCCC7CC8CCCCC8C7)C6CCCC45)CC32)CC1
C1CCC2CCC(C3CCCC4CCCC43)CC2CC1
C1CCC2CCC3C(CCC4C5CCCC5CC43)C2CC1
C1CCC(C2CCC3C(CCC4CCCCC43)C2)CC1
C1CCC2CC(C3CCCC4CCCC43)CCC2C1
C1CCC(C2CCC3C(CCCC4CCCCC43)C2)CC1
C1CCC2C(C1)CCC1CCCCC12
C(CCCCC1CCC(C2CCCCC2)C1)CCCC1CCCCC1
C1CCC2CCC(C3CCCC4CCCC43)CC2CC1
C1CCC(CCCCC2CCC3CCCCC23)CC1
C1CCC(CCCC2CCCC(C3CCC4CC(CCC5CCC6CCCCC6C5)CCC43)C2)CC1
C1CCC(CC2CCC3(CCC4CC5C(CCC5C5CCCCC5)CC43)C2)CC1
C1CCC(CCCCC2CC3CCCCC3C2)CC1
C(CCCC1CCCC2CCCC12)CCC1CCCCC1
C1CCC2C(C1)CCC1C3CCCC3CCC21
C1CCC2C(C1)CC(C1CCCC3CCCC31)C1CCCC21
C1CCC(CCCCC2CC3CCCCC3C2)CC1
C1CCC(CCCC2CCC3CCC(C4CCCC5CCCC54)CC3C2)CC1
C1CCC(C2CC3CCCCC3C3CCCCC23)CC1
C1CCC(C2CCC3CC4C(CCC5C6CCCC6CCC45)CC32)CC1
C1CCC(CCCCC2CCC3CCCCC23)CC1
C1CCC2CC(CCCC3CCC4C3CCC3C5CCCCC5CCC43)CC2C1
C1CCC(CCCC2CCC3C(CCC3C3CCCCC3)C2)CC1
C1CCC(C2CCC3CC4C(CCC32)CCC2C3CCC(CCCC5CCC6CCCCC6C5)C3CCC42)CC1
C1CCC(CCC2CCC3C(CCC3C3CCCC3)C2)CC1
C(CCC1CCCC2CCCC12)CC1CC2CCCCC2C1
C(CCC1CCC2C1CCC1C3CCCCC3CCC21)CC1CC2CCCCC2C1
C1CCC(CCCC2CCCC(C3CCC4CC(CCC5CCC6CCCCC6C5)CCC43)C2)CC1
C1CCC2CC(C3CCCC4CCCC43)CCC2C1
C(CCC1CCC2CCCCC2C1)CCC1CCCC2CCCCC12
C1CCC(CC2CCC3CC4C(CCC45CCCCC5)CC23)CC1
C(CCC1CCCC2CCCCC12)CC1CCCC2CCCCC12
C1CCC(CCC23CCCCC2CCC2C4CCCC4CCC23)CC1
C1CCC(C2CCC3C(CCC4CCCCC43)C2)C1
C1CCC2CCC(C3CCCC4CCCC43)CC2CC1
C(CCC1CCC2CCCCC2C1)CCC1CCCC2CCCCC12
C1CCC(CCC2(CCCCC3CCC4CCCCC4C3)CCC3C4CCC5CCCCC5C4CCC32)C1
C1CCC(CCC2CCC(C3CC3)CC2)CC1
C1CCC(CCC(CCC2CCC3CCCC3C2)CC2CCCCC2)CC1
C1CCC(CCC(CC2CCCCC2)C2CCCCC2)CC1
C1CCC2CC3CCC(C4CCCCC4)C3CC2CC1
C1CCC2CCC(C3CCCC4CCCC43)CC2CC1
C1CCC(C2CCC(CCCCCC3CCCC4CCCCC34)C2)CC1
C1CCC(C2CCC3CC4C(CCCC45CCCCC5)CC32)CC1
C1CCC(CCC2CCC3C(CCC3C3CCCCC3)C2)CC1
C1CCC(C2CC3CCCC3C3CCC4CCCCC4C23)CC1
C1CCCC(C2CCC3CC4C(CCC5C6CCC(CCCC7CC8CCCCC8C7)C6CCC45)CC32)CC1
C1CCC(CCCCC2CC3CCCCC3C2)CC1
C1CCC(CCCC2CCC3CCC(C4CCCC5CCCC54)CC3CC2)CC1
C1CCC2C(C1)CCC1CCCCC12
C1CCC(C2CC3CCCC3C3CCC4CCCCC4C23)CC1
C1CCC(C2CCC3CC4(CCCCCC4C4CCCCC4)CCC32)CC1
C1CCC2CCC3C4CCC(CCCC5CCCC5)C4CCC3C2CC1
C1CCC2CC(C3CCCC4CCCC43)CCC2C1
C1CCC(CCCCCC2CC3CCCCC3C2)CC1
C1CCC2C(C1)CCC1C3CCCC3CCC21
C1CCC(CCCCC2CCC3C2CCC2C4CCCCCC4CCC32)CC1
C1CCC(CCCC2CCC3C(CCC4CCCCC43)C2)CC1
C1CCC(CCCCCC2CCC3CCCCC23)CC1
C1CCC(CCC2CCC3C(CCC4C5CCCCC5CCC34)C2)CC1
C1CCC(C2CC3CCCCC3C3CCC4CCCCC4C23)CC1
C1CCC2CCC3C(CCC4C5CCCC5CC43)C2CC1
C1CCC(CCC2CCC3C(CCC3C3CCCCC3)C2)CC1
C1CCC2C(C1)CCC1C3CCCC3CCC21
C1CCC(CCCCCC2CCC3CCCCC23)CC1
C1CCC(CCC2CCC(C3CC3)CC2)CC1
C(CCC1CCCC2CCCCC12)CC1CCCC2CCCCC12
C1CCC(CC2CC3CCCCC3C3CCC4CCCCC4C23)CC1
C1CCC2CCC3C4CCCC4CCC3C2CC1
C1CCC(C2CCC3CC4C(CCC32)CCC42CCCC2)CC1
C1CCC2C(C1)CCC1C3CCCC3CCC21
C1CCC(CCCCCC2CCCC3C(CC4CCCCC4)CCC23)CC1
C1CCC(CC2CCC3CCCCC3C3CCC4CCCCC4C23)CC1
C1CCC2CCC(C3CCCC4CCCC43)CC2CC1
C1CCC2CC(CCCC3CCCC4C3CCC3C5CCCCC5CCC43)CC2C1
C1CCC2CC(C3CCCC4CCCC43)CCC2C1
C1CCC2CC(C3CCCC4CCCC43)CCC2C1
C1CCC2CC(C3CCCC4CCCC43)CCC2C1
C1CCC(CC2CC3CCCCC3C3CCC4CCCCC4C23)CC1
C1CCC(C2CC3CCCC3C3CCCC4CCCCC4C23)CC1
C1CCC(CCC2CCC3C2CCCC2C4CCCCC4CCC23)C1
C1CCC(CCC2CCC(C3CCCC4C(C5CCCCC5)CCC34)C2)CC1
C1CCC(C2CC3C(CCC4CCC4)CCC3C3CCC4CCCCC4C23)CC1
C1CCC(CCCCCC2CC3CCCCC3C2)CC1
C1CCC(CCCC2(CCCC3CCC4CCCCC4C3)CCC3C4CCC5CCCCC5C4CCC32)C1
C1CCC(CCCCCC2CC3CCCCC3C2)CC1
C1CCC(CCC2CCC3C(CCC4CCCCC43)C2)CC1
C1CCC(CCC(CCC2CC3CCCCC3C2)C2CCCC2)CC1
C1CCC(CCCC2CCCC3CC4C(CCC4C4CCCCC4)CC23)CC1
C1CCC(CC(CC2CCCCC2)C2CCCCC2)CC1
C(CCCC1CCCCC1)CCCC1CCC(C2CCCCC2)C1
C1CCC(CCC2CCC(C3CC3)CC2)CC1
C1CCC(C2CCC3CCC4(CCCCC4C4CCCCC4)CCC32)CC1
C1CCC(C2CCC3CC4C(CCC5C6CCC(CCCCC7CC8CCCCC8C7)C6CCC45)CC32)CC1
C1CCC(CCC2CCC3C(CCC3C3CCCCC3)C2)CC1
C1CCC(CCC2CCC3C2CCC(C2CCCCC2)C2C4CCCCCC4CCC32)CC1
C1CCC(CCC(CCCC2CCC3CCCC3C2)CC2CCCCC2)CC1
C1CCC(C2CCC3CC4C(CCC5C6CCCC(CCCC7CCC8CCCCC8C7)C6CCC45)CC32)CC1
C(CCCCC1CCC(C2CCCCC2)C1)CCCC1CCCCC1
C1CCC(C2CCC3CC4C(CCCCC5CC5)CCCC4CC32)CC1
C1CCC2CCC3C(CCC4C5CCCC5CC43)C2CC1
C1CC(C2CCC(C3CC4CCCC4C4CCC5CCCCC5C34)CC2)C1
C1CCC2CC(C3CCCC4CCCC43)CCC2C1
C1CCC(C2CCC3CC4C(CCC5C6CCCC(CCCC7CCC8CCCCC8C7)C6CCC45)CC32)CC1
C1CCC2C(C1)CCCC2CCCC1CCCC2CCCCC21
C1CCC2C(C1)CCCC1C3CCCC3CCC21
C(CCCC1CCCCC1)CCC1CCCCC1
C1CCC2CCC3C4CCCCC4CCC3C2CC1
C1CCC2CCC(C3CCCC4CCCC43)CC2CC1
C1CCC(C2CCC3C(CCCCCC4CCC(C5CCCC5)C4)CCCC23)CC1
C(CCC1(C2CCCC2)CCCC2CCCCC21)CC1CCC2CCCCC2C1
C1CCC(C2CC3CCCC3C3CCC4CCCCCC4C23)CC1
C1CCC2C(C1)CCC1C2CCC2C3CCCC3CC21
C1CCC(CCCCC2CC3CCCCC3C2)CC1
C1CCC(C2CCC3CC4C(CCC5C6CCC(CCCC7CCC8CCCCC8C7)C6CCC45)CC32)CC1
C1CCC(CCCC2CCC(C3CCC4C(CCC4C4CCCCC4)C3)CC2)CC1
C1CCC2CC(CCCC3CCC4C3CCCC3C5CCCCC5CCC34)CC2C1
C1CCC(CC2CCCC2CC2CC3CCCCC3CC3CCC4CCCCC4C32)CC1
C(CCC1CCCC2CCCCC12)CC1CCCC2CCCCC12
C(CCC1CCCCC2CCCCC12)CC1CCC2CCCCC2C1
C1CCC(CCCC2(CCCC3CC4CCCCC4C3)CCC3C4CCC5CCCCC5C4CCC32)C1
C1CCC(C2CC3CCCC3C3CCC4CCCCC4CC23)CC1
C1CCC(CCC2CCCC3CC4C(CCC4C4CCCCC4)CC23)CC1
C1CCC(C2CC3CCCC3C3CCC4CCCCC4C23)CC1
C1CCC(C2CCC3C(CCCCCC4CC4)CCCC23)CC1
C1CCC(CC2CCC(C3CC4CCCC4C4CCC5CCCCC5C34)CC2)C1
C1CCC(CC2CCC3CC4C(CCC45CCCC5)CC23)CC1
C(CC1CCC2CCCC2C1)CC1CCCC2CCC(C3CCCC4CCCC43)CC2C1
C1CCC2C(C1)CCC1C3CCCC3CCC21
C1CC2CC2C2C(C1)CCC1C3CCCC3CCC12
C1CCC(C2CC3CCCCC3C3CCCCC23)CC1
C1CCC(CCC(CCC2CCC3CCCCC3C2)CC2CCCCC2)CC1
C1CCC(CCC2CCC(CCCC3CCCC(CC4CCCC4)C3)CC2)CC1
C1CCC2CC(CC3CCCC4CCCC43)CCC2C1
C1CCC(CCCCC2CCC3CCCCC23)CC1
C(CCCC1CCCC2C(C3CCCCC3)CCC12)CCC1CCCCC1
C(CCCC1CCCC2C(C3CCCCC3)CCC12)CCC1CCCCC1
C1CCC2CC(C3CCCC4CCCC43)CCC2C1
C1CCC2CC(CCCC3CCC4C3CCCC3C5CCCCC5CCC34)CC2C1
C1CCC2CC(C3CCCC4CCCC43)CCC2C1
C1CCC(CCCCCC2CC3CCCCC3C2)CC1
C1CCC(C2CC3CCCC3C3CCC4CCCCC4C3C2)CC1
C1CCC(CC2CC3CCCCC3C3CCC4CCCCC4C23)CC1
C1CCC(CCCCCC2CC3CCCCC3C2)CC1
C(CCCC1CCCCC1)CCCC1CCC(C2CCCCC2)C1
C1CCC(CC2CCCC(C3CCC4CC(CCC5CCC6CCCCC6C5)CCC43)C2)C1
C1CCC(CC2CCC3CCCCC3C3CCC4CCCCC4C23)CC1
C1CCC(C2CCC3CC4C(CCCC4CC4CC5CCCCC5C4)CCC32)CC1
C1CCC(C2CCC3C(CCC4CCCCC43)C2)CC1
C1CCC2CC(C3CCCC4CCCC43)CCC2C1
C1CCC(C2CCC3CCCC4(CCCCC4)C3C2)CC1
C1CCC(C2CC3CCCC3C3CCC4CCCCC4CC23)CC1
C1CCC(C2CCC3CC4C(CCCC45CCCCC5)CC32)CC1
C1CCC(C2CC3CCCC3C3CCC4CCCCC4C23)CC1
C(CCC1CCCC2CCCCC12)CC1CC2CCCCC2C1
C1CCC2C(C1)CCC1C3CCCC3CCC21
C1CCC(C2CC3CCCC3C3CCC4CCCCC4C23)CC1
C(CCC1CCCC2CCCCC12)CC1CCC2CCCCC2C1
C1CCC(C2CC3CCCC3C3CCC4CCCCC4C3C2)CC1
C1CCC(C2CC3CCCC3C3CCC4CCCCC4C23)CC1
C1CCC2CCC(C3CCCC4CCCC43)CC2CC1
C(CCC1CCC2C1CCC1C3CCCCC3CCC21)CC1CCCC2CCCCC12
C(CCC1CCCCC2CCCCC12)CC1CCC2CCCCC2C1
C1CCC2CCC(C3CCCC4CCCC43)CC2CC1
C1CCC(C2CCC3CCC4CCCCC4C3CC2)CC1
C1CCC2CC(CCCC3CCC4C5CCC6CCCCC6C(CCC34)C5)CC2C1
C(CCCCC1CCC2C(CCC3C4CCCC4CCC23)C1)CCCC1CCCC(CC(CC2CCC(CC3CCCCC3)CC2)C2CCCCC2)C1
C(CCCC1CCC(C2CCCCC2)C1)CCC1CCCCC1
C1CCC2CCC3C4CCC(CCCC5CC6CCCCC6C5)C4CCC3C2CC1
C1CCC(CCCCCC2CC3CCCCC3C2)CC1
C1CCC(C2CCC3(CCC4CCC5C(CCC5C5CCCCC5)CC43)C2)CC1
C(CCC1CCCC2CCCCC12)CC1CC2CCCCC2C1
C1CCC(CCC2CCC3C(CCCC4CC(C5CCCCC5)CCC43)C2)CC1
C1CCC(CCC2CCC3C(CCC3C3CCCCC3)C2)CC1
C1CCC(C2CCC3(CCCC4CC5C(CCC5C5CCCCC5)CC43)C2)CC1
C(CCCC1CCCC2C(C3CCCCC3)CCC12)CCC1CC1
C1CCC(C2CC3CCCC3C3CCC4CCCCCC4C23)CC1
C1CCC(C2CC3C(CCC34CCCC4)C3CCC4CCCCC4C23)CC1
C(CCC1CCCC2CCCC12)CC1CC2CCCCC2C1
C1CCC2CCC3C4CCC(CCCC5CC6CCCCC6C5)C4CCC3C2CC1
C1CCC(CCC2CCC3C(CC4CCCCC4)CCC3C2)CC1
C1CCC2C(C1)CCC1C2CCC2C3CCCC3CC21
C1CCC(C2CCC3CC4C(CCC5C6CCC(CCCCC7CCC8CCCCC8C7)C6CCC45)CC32)CC1
C1CCC(C2CCC3C(CCCCCC4CCC(C5CCCC5)C4)CCCC23)CC1
C1CCC(CCC(CCC2CCC3CCCCC3C2)CC2CCCCC2)CC1
C(CCCCC1CCC(C2CCCCC2)C1)CCCC1CCCCC1
C1CCC(CCCCC2CC3CCCCC3C2)CC1
C(CCC1CCCC2CCCCC12)CC1CC2CCCCC2C1
C1CCC2C(C1)CCC1C3CCCC3CCC21
C1CCC(C2CCC3C(CCC4CCCCC43)C2)CC1
C1CCC(CCCCC2CC3CCCCC3C2)CC1
C1CCC(CCCC(CC2CCC3C(CCC3C3CCCCC3)C2)C2CCCCC2)CC1
C(CCC1CCC2CCCCC2C1)CCC1CCCC2CCCCC12
C1CCC(CC2CC3CCCCC3C3CCC4CCCCCC4C23)CC1
C1CCC(CCC2CCC(C3CCC4C(CCC4C4CCCCC4)C3)CC2)CC1
C1CCC2CCC3C4CCCCC4CC(CC4CCCC4)C3C2CC1
C1CCC(CCC2CCC3C(CCC3C3CCCC3)C2)CC1
C1CCC(CC(CC2CCCCC2)C2CCCCC2)CC1
C1CCC(CCC(CCC2CC3CCCCC3C2)C2CC2)CC1
C1CCC(CC2CCC3CCCCC3C2)C1
C1CCC(CCC(CCC2CCC3CCCCC3C2)CC2CCCCC2)CC1
C1CCC(CCCC2CCCC(C3CCC4CC(CCC5CCC6CCCCC6C5)CCC43)C2)CC1
C(CCCC1CCCC2C(C3CCCCC3)CCC12)CCC1CCCCC1
C(CCCC1CCCC2C(C3CCCCC3)CCC12)CCC1CCCCC1
C1CCC(CCC2CCCCC2CC2CC3CCCCC3C3CCC4CCCCC4C23)CC1
C1CCC(CCCC2CC3CCCCC3C2CC2CCCCC2)CC1
C1CCC(CCCCCC2CC3CCCCC3C2)CC1
C1CCC(CCC(CCC2CCC3CCCCC3C2)CC2CCCCC2)CC1
C1CCC(C2CCC(CCCCCC3CCCC4C(C5CCCCC5)CCC34)C2)CC1
C(CCC1CCCCC2CCCCC12)CC1CCC2CCCCC2C1
C1CCC(CCC2CCC(CCC3CCCC(CC4CCCC4)C3)CC2)CC1
C1CCC(CCCC2CCC3CCC(C4CCCC5CCCC54)CC3C2)CC1
C1CCC(C2CCC3CC4C(CCC32)CCC42CCCCC2)CC1
C1CCC(CCC2CCC3C(CCC3C3CCCC(CCC4CCCC4)C3)C2)CC1
C1CCC2C(C1)CCC1C3CCCCC3CCC21
C1CCC2CCC3C4CCCC4CCC3C2CC1
C1CCC(CCCCCC2CCCC3C(C4CCCCC4)CCC23)CC1
C(CCCC1CCC2CCCC2C1)CCC1CCCCC1
C1CCC(C2CC3CCCC3C3CCC4CCCCCC4C23)CC1
C1CCC(CCCCC2CC3CCCCC3C2)CC1
C(CCC1CCC2CCCCC2C1)CCC1CCCC2CCCCC12
C1CCC(CCC2CCC3C(CCC4CC5CCCC5CC(CCC5CCCCC5)C43)C2)CC1
C1CCC(CC2CCC(C3CC4CCCC4C4CCC5CCCCC5C34)CC2)C1
C1CCC2CCC3C4CCC(CCCC5CC6CCCCC6C5)C4CCC3C2CC1
C1CCC2C(C1)CCC1C3CCCC3CCC21
C(CCCC1CCCC2CCCCC12)CCC1CCC(C2CCCCC2)C1
C1CCC(CC2CCC(CCCCCC3CCCC4CCCCC34)C2)CC1
C1CCC2C(C1)CCC1C3CCCC3CCC21
C1CCC(C2CCC3CC4C(CCCC4CC4CCC5CCCCC54)CCC32)CC1
C(CCCC1CCCC2C(C3CCCCC3)CCC12)CCC1CCCCC1
C1CCC2C(C1)CCC1C3CCCC3CCC21
C1CCC(C2CC3CCCCC3C3CCC4CCCCC4C23)CC1
C(CCCC1CCCCC1)CCCC1CCC(C2CCCCC2)C1
C1CCC(CCC2CCC3CC4CCCCC4CCC3C2)CC1
C1CCC(C2CCC3CC4C(CCC32)CCC2C3CCC(CCCC5CC6CCCCC6C5)C3CCC42)CC1
C1CCC(C2CC3CCCC3C3CCC4CCCCCC4C23)CC1
C1CCC(CCCCC2CC3CCCCC3C2)CC1
C(CCCC1CCCCC1)CCCC1CCC(CC2CCCCC2)C1
C1CCC(CCCCC2CCC3CCCCC23)CC1
C1CCC2CC(CC3CCCC4CCCC43)CCC2C1
C1CCC2CC(CC3CCCC4CCCC43)CCC2C1
C1CCC(CCCCC2CC3CCCCC3C2)CC1
C1CCC(CCC2CCCC3CCC4C(CCC4C4CCCCC4)CC23)CC1
C(CCCC1CCCCC1)CCCC1CCC(C2CCCCC2)C1
C1CCC(C2CC3CCCC3C3CCCC4CCCCC4C23)CC1
C1CCC2CCC(C3CCCC4CCCC43)CC2CC1
C1CCC(CCCCCC2CC3CCCCC3C2)CC1
C1CCC(C2CCC3CC4C(CCC45CCCCCC5)CC32)CC1
C1CCC2C(C1)CCC1CC3CC4CCCC4C3CCC12
C1CCC2C(C1)CCC1C3CCCCC3CCC21
C1CCC(CCC2(CCCC3CC4CCCCC4C3)CCC3C4CCC5CCCCC5C4CCCC32)C1
C(CCCC1CCCCC1)CCCC1CCC(C2CCCCC2)C1
C1CCC(C2CC3CCCC3C3CCC4CCCCC4CC23)CC1
C1CCC(C2C3CCCCC3CC3CC4CCCC4CC32)CC1
C1CCC(CCC2CCC(CC(CC3CCCCC3)C3CCCCC3)CC2)CC1
C1CCC(C2CCC3CC4C(CCCC45CCCC5)CC32)CC1
C1CCC(CC2CC3CCCCC3C3CCC4CCCCC4C23)CC1
C1CCC(C2CCC3C(CCCCCC4CCC(C5CCCC5)C4)CCCC23)CC1
C1CCC(CCC2CCC(C3CCC4C(CCC4C4CCCCC4)C3)CC2)CC1
C1CCC(CCCCC2CCC3CCCCC23)CC1
C(CC1CCC(C2CCCC2)CC1)CC1CCC2CCCC2C1
C1CCC(CCC2CCC3C(CCC4CC3CCC3CCCC34)C2)CC1
C1CCC(CCC(CCCC2CCC3CCCC3C2)CC2CCCCC2)CC1
C1CCC2C(C1)CCC(C1CCCC1)C1CCCCC21
C1CCC2CCC3C4CCCC4CCC3C2CC1
C(CCC1CCCC2CCCCC12)CCC1CCCC2CCCCC12
C1CCC(CCCCC2CC3CCCCC3C2)CC1
C1CCC(CCCCC2CCC3CCCCC23)CC1
C1CCC(CC2CCCCC2CC2CCC3CCCCC3C3CCC4CCCCC4C23)CC1
C1CCC(C2CCC3(CCC4CC5C(CCC5C5CCCCC5)CCC43)C2)CC1
C1CCC(CC2CCC3(CCC4CC5C(CCC5C5CCCCC5)CC43)C2)CC1
C1CCC(C2CC3CCCC3C3CCCC4CCCCC4C23)CC1
C1CCC(CCC2(CCCC3CC4CCCCC4C3)CCC3C4CCC5CCCCC5C4CCC32)C1
C1CCC(C2CCC3CC4C(CCC32)CCC42CCCC2)CC1
C1CCC(CCC2CCC3C2CCC2C4CCCCC4CCC32)C1
C1CCC(CCCCCC2CC3CCCCC3C2)CC1
C1CCC(CCC2(CCCC3CCC4CCCCC4C3)CCC3C4CCC5CCCCC5C4CCC32)C1
C1CCC(CC2CCC(CCCCCC3CCCC4CCCCC34)C2)CC1
C1CCC2CC(C3CCCC3)CCC2C1
C1CCC(C2CCC3CCCC3C3CCC4CCCCC4C23)CC1
C1CCC(CCCCCC2CCC3CCCCC23)CC1
C1CCC2CC(CCCC3CCCCC4CCCCC43)CC2C1
C1CCC2CC(C3CCCC4CCCC43)CCC2C1
C1CCC(CCCC2CCC3C(CCC3C3CCCCC3)C2)CC1
C1CCC2CC(C3CCCC4CCCCC43)C3CCCC3C2CC1
C1CCC(CCCCCC2CCCC3C(C4CCCCC4)CCC23)CC1
C1CCC(CC2CCC3CCCCC3C2)C1
C1CCC(CC2CC3CCCCC3C3CCC4CCCCCC4C23)CC1
C1CCC(C2CCC3CCCC3C3CCC4CCCCC4CC23)CC1
C1CCC(CCCCCC2CCCC3C(CC4CCCCC4)CCC23)CC1
C1CCC2CCC3C(CCC4C3CCC4(CCCC3CC4CCCCC4C3)CCC3CCCC3)C2CC1
C1CCC(CCCCC2CC3CCCCC3C2)CC1
C1CCC2C(C1)CCC1CCCCC12
C1CCC(CC2CC3CCCCC3C3CCC4CCCCCC4C23)CC1
C1CCC(C2CC3CCCC3C3CCC4CCCCCC4C23)CC1
C1CCC(CCCC2(CCCC3CC4CCCCC4C3)CCC3C4CCC5CCCCC5C4CCC32)C1
C1CCC(C2CC3CCCCC3C3CCC4CCCCC4C23)CC1
C1CCC(CCCCCC2CCCC3C(CC4CCCCC4)CCC23)CC1
C1CCC2CCC(C3CCCC4CCCC43)CC2CC1
C(CCC1CCCCC2CCCCC12)CC1CCC2CCCCC2C1
C1CCC(C2CCC3CC4C(CCC5C6CCC(CCCC7CCC8CCCCC8C7)C6CCC45)CC32)CC1
C1CCC(CCCCC2CCCC3CCC(C4CCCC5CCCC54)CC23)CC1
C1CCC(CC2CCCCC2CC2CC3CCCCC3C3CCC4CCCCC4C23)CC1
C1CCC(CCCCCC2CC3CCCCC3C2)CC1
C1CCC(C2CC3CCCCC3C3CCCCC3C2)C1
C1CCC(C2CC3CCCCC3C3CCC4CCCCC4C23)CC1
C1CCC(CCCCC2CCCCC3CCC(C4CCCCC4)CC23)CC1
C(CCCC1CCCCC1)CCCC1CCC(C2CCCCC2)C1
C1CCC(CCC2CCC3C(CCC3C3CCCCC3)C2)CC1
C1CCC(CCCCCC2CCCC3C(C4CCCCC4)CCC23)CC1
C1CCC(CCC(CC2CC3CCCCC3C2)C2CC2)CC1
C(CCCC1CCCCC1)CCCC1CCC(C2CCCCC2)C1
C1CCC(CCCCC(CC2CCC3C(CCC3C3CCCCC3)C2)C2CCCCC2)CC1
C1CCC(CC2CCC3CC4C(CCC45CCCC5)CC23)CC1
C(CCC1CCCC2CCCC12)CC1CC2CCCCC2C1
C1CCC(CCC2CCCC3CC4C(CC5CCCCC5)CCC4CC23)CC1
C1CCC(C2CCC(CCCCCC3CCCC4C(C5CCCCC5)CCC34)C2)CC1
C1CCC(C2CCC3CCCC3C3CCC4CCCCC4C23)CC1
C1CCC(C2CC3CCCC3C3CCC4CCCCC4C23)CC1
C1CCC(CCCCC2CC3CCCCC3C2)CC1
C1CCC(CC2CCC(CC(CC3CCCCC3)C3CCCCC3)CC2)CC1
C1CCC(CCC2CCC3C(CCC3C3CCCCC3)C2)CC1
C1CCC(CCCCC2CCC3CCCCC23)CC1
C(CCC1CCCC2CCCC12)CC1CC2CCCCC2C1
C1CCC(CCCC2CCC3C(CCC3C3CCCCC3)C2)CC1
C1CCC(CCCCCC2CC3CCCCC3C2)CC1
C1CCC(CCCCCC2CCCC3C2CCC3C2CCC(CC3CC3)CC2)CC1
C1CCC(CC2CCC3C(CCC3C3CCCCC3)C2)CC1
C1CCC(CCC(CCC2CCC3CCCC3C2)CC2CCCCC2)CC1
C1CCC2CCC3C4CCCCC4CC(CC4CCCC4)C3C2CC1
C(CCCC1CCC(C2CCCCC2)C1)CCC1CCCCC1
C1CCC(CCCCC2CCC3CCCCC23)CC1
C1CCC(CC2CCCCC2CC2CC3CCCCC3C3CCC4CCCCC4C23)CC1
C1CCC(C2CC3CCCC3CC3CCC4CCCCC4C32)CC1
C1CCC(CCCCCC2CCC3CCC(C4CCCC5CCCC54)CC3C2)CC1
C1CCC(CC2CC3CCCCC3C3CCC4CCCCC4C23)CC1
C1CCC(CCCCCC2CCC3CCC(C4CCCC5CCCC54)CC3C2)CC1
C1CCC(C2CCC3CC4C(CCC5C6CCCC6CCC45)CC32)CC1
C1CCC(C2CC3CCCCC3C3CCC4CCCCC4C23)CC1
C1CCC(C2CC3CCCC3C3CCC4CCCCC4C23)CC1
C1CCC(CCCC2CCC3C2CCC2C4CC5CCC(C6CCCCC6)C5CC4CCC32)CC1
C1CCC(C2CCC3CC(C4CCC(CCC5CCCC5)CC4)CCC32)CC1
C1CCC(CCC(CCC2CCC3CCCC3C2)CC2CCCCC2)CC1
C(CCCC1CCCC2C(C3CCCCC3)CCC12)CCC1CCCCC1
C1CCC2C(C1)CCC1C3CCCCC3CCCC21
C1CCC2CCC(C3CCCC4CCCC43)CC2CC1
C1CCC(C2CC3CCCC3C3CCC4CCCCC4C23)CC1
C1CCC2CCC(C3CCCC4CCCC43)CC2CC1
C1CCC(CCC2CCCCC2)CC1
C1CCC2C(C1)CCC1C3CCCC3CCCC21
C1CCC(C2CCC3C(CCCCCC4CC4)CCCC23)CC1
C1CCC2C(C1)CC(C1CCCC3CCCC31)C1CCCCC21
C1CCC(CCCCC2CC3CCCCC3C2)CC1
C1CCC(CCCC2CCC3C2CCC2C4CC5CCC(C6CCCCC6)C5CC4CCC32)CC1
C1CCC(CCC(CC2CC3CCCCC3C2)C2CCCCC2)CC1
C1CCC2CC(C3CCCC4CCCC43)CCC2C1
C1CCC(C2CCC3CC4C(CCC5C6CCC(CCCC7CCC8CCCCC8C7)C6CCCC45)CC32)CC1
C1CCC(CCCC2CCC3CCC(CC4CCCC5CCCC54)CC3C2)CC1
C1CCC(CCCC2CCC3C(CCC3C3CCCCC3)C2)CC1
C1CCC2CC(C3CCCC4CCCC43)CCC2C1
C1CCC2CC(CCCC3CCCCC4CCCCC43)CC2C1
C1CCC(CCC2CCCC3CCC4C(CCC4C4CCCCC4)CC23)CC1
C1CCC(C2CC3CCCC3C3CCC4CCCCC4CC23)CC1
C1CCC2CCC(C3CCCC4CCCC43)CC2CC1
C1CCC(C2CCC3CC4C(CCC5C6CCC(CCCCC7CC8CCCCC8C7)C6CCC45)CC32)CC1
C1CCC(C2CC3CCCC3C3CCC4CCCCC4CC23)CC1
C1CCC(C2CC3CCCC3C3CCC4CCCCC4C23)CC1
C1CCC2CCC3C4CCCC4CCC3C2CC1
C1CCC(CCC2CCC3CC4CCCCC4CCC3C2)CC1
C1CCC(CCCCCC2CCCC3C(C4CCCCC4)CCC23)CC1
C1CCC(CCCCCC2CC3CCCCC3C2)CC1
C1CCC2C(C1)CCC1C3CCCCC3CCCC21
C1CCC(CCCCCC2CCC3CCC(C4CCCC5CCCC54)CC3C2)CC1
C1CCC(CCCC2CC3CCCCC3C2CC2CCCCC2)CC1
C1CCC(C2CC3CCCCC3C3CCCCC3C2)C1
C1CC2CCC3C(CCC4CCC5CC5C43)CC2C1
C1CCC(CCCCCC2CCC3CCCCC23)CC1
C1CCC(C2CCC3CC4(CCCCC4C4CCCCC4)CCCC32)CC1
C1CCC(CCCCC2CCC3CCCCC23)CC1
C1CCC(C2CCC3C(CCCC4CCCCC43)C2)CC1
C1CCC(C2CCC3CC4C(CCCC45CCCC5)CC32)CC1
C(CCCC1CCCC2C1CCC2C1CCC(CC2CC2)CC1)CCC1CCCCC1
C1CCC(CCCCCC2CCC3C(CCC3C3CCCCC3)C2)CC1
C1CCC(CCC2CCC3C2CCC(C2CCCCC2)C2C4CCCCCC4CCC32)CC1
C1CCC(C2CC3CCCC3C3CCCC4CCCCC4C23)CC1
C(CCCC1CCCC2C(C3CCCCC3)CCC12)CCC1CCC(C2CCCC2)C1
C1CCC2CC(CCCC3CCC4C3CCC3C5CCCCC5CCC43)CC2C1
C1CCC(C2CC3CCCCC3C3CCC4CCCCC4C23)CC1
C1CCC(CCCC2CCC3C(CCC4C5CCCC5CCC34)C2)CC1
C1CCC2CCC3C4CCCCC4CC(CC4CCCC(C5CCCC5)C4)C3C2CC1
C1CCC2CC(CC3CCCC4CCCC43)CCC2C1
C1CCC2CC(CCCC3CCC4C3CCCC3C5CCCCC5CCC34)CCC2C1
C1CCC2C(C1)CCC1C3CCCCC3CCC21
C1CCC(CCCCCC2CC3CCCCC3C2)CC1
C1CCC(CCCCCC2CC3CCCCC3C2)CC1
C1CCC(CCC2CCC3C(CCC3C3CCCCC3)C2)CC1
C(CCCCC1CCC(C2CCCCC2)C1)CCCC1CCCCC1
C1CCC(C2CC3CCCC3C3CCC4CCCCC4C23)CC1
C1CCC(C2CC3CCCC3C3CCC4CCCCC4C23)CC1
C1CCC(CCCCC2CCC3CCCCC23)CC1
C1CCC2C(C1)CCCC1CCCCC12
C1CCC(CCCCCC2CCC3CCCCC23)CC1
C1CCC(C2CCC3CCCCC3C3CCCCC23)CC1
C(CCC1CCCCC2CCCCC12)CC1CCC2CCCCC2C1
C1CCC(CCC2CCC3C(CCC4C5CCCC5CC(CCC5CCCCC5)C34)C2)CC1
C1CCC(CCC(CCC2CCC3CCCCC3C2)CC2CCCCC2)CC1
C1CCC2C(C1)CCC1CCCCC12
C1CCC(C2CCC(CCCCCC3CCCC4CCCCC34)C2)CC1
C(CCCC1CCCC2C1CCC2C1CCC(CC2CC2)CC1)CCC1CCCCC1
C1CCC2CC(C3CCCC4CCCC43)CCC2C1
C(CCCC1CCCC2C(C3CCCCC3)CCC12)CCC1CCCCC1
C1CCC2CCC(C3CCCC4CCCC43)CC2CC1
C1CCC2CCC3C4CCCC4CCC3C2CC1
C(CCCC1CCC2CCCC2C1)CCC1CCCCC1
C1CCC2CC(CCCC3CCCC4C3CCC3C5CCCCC5CCC43)CC2C1
C1CCC(CC2CC3CCCCC3C3CCC4CCCCC4C3C2)CC1
C1CCC2C(C1)CCC1CCCCC12
C1CCC2CC(C3CCCC4CCCC43)CCC2C1
C1CCC(CC2CCC3CC4C(CCC45CCCCC5)CC23)CC1
C(CCCC1CCCCC1)CCCC1CCC(C2CCCCC2)C1
C(CCC1CCC2CCCCC2C1)CCC1CCCCC2CCCCC12
C1CCC(CCCCC2CC3CCCCC3C2)CC1
C1CCC(CCC2CCCC3CCC4C(CCC4C4CCCCC4)CC23)CC1
C1CCC2CCC(C3CCCC4CCCC43)CC2CC1
C(CCC1CCC2C(CCC3C4CCCC4CCC23)C1)CC1CCC(C2CCC(C3CC4CCCC4C4CCC5CCCCC5C34)CC2)CC1
C1CCC(C2CC3CCCC3C3CCC4CCCCCC4C23)CC1
C(CCC1CCC2C1CCC1C3CCCCC3CCC21)CC1CCC2CCCCC2C1
C1CCC(CCC(CC2CC3CCCCC3C2)C2CCCC2)CC1
C1CCC2CC(C3CCCC4CCCC43)CCC2C1
C1CCC2CCC(C3CCCC4CCCC43)CC2CC1
C1CCC(C2CCC3CC4C(CCC32)CCC2C3CCC(CCCC5CCC6CCCCC6C5)C3CCC42)CC1
C1CCC(CCC2CCC(C3CCC4C(CCC4C4CCCCC4)C3)CC2)CC1
C1CCC2CC(C3CCCC3)CCC2C1
C1CCC2C(C1)CCC1C3CCCC3CCCC21
C1CCC(CCC2CCC(CCC3CCCC(CC4CCCC4)C3)CC2)CC1
C1CCC(CCC2CCC3C(CCC3C3CCCCC3)C2)CC1
C1CCC(C2CCC(CC3CC4CCCCC4C4CCC5CCCCCC5C34)CC2)CC1
C1CCC(CCC2CCC3C(CCCC4C5CCCC5CCC34)C2)CC1
C1CCC(C2CCC3CCC4CCCCC4CC32)CC1
C1CCC(CCC2CCC3C(CCC3C3CCCCC3)C2)CC1
C1CCC(C2CCC(CCCC3CCC4C3CCC3C5CCCCC5CCC43)C2)CC1
C1CCC2C(C1)CCC1C3CCCC3CCC21
C1CCC2CC(CC3CCCC4CCCC43)CCC2C1
C1CCC(CCCCC2CC3CCCCC3C2)CC1
C1CCC(CCCCC2C3CCCCC3CCC2C2CCCC3CCCC32)CC1
C1CCC(CCCCCC2CCCC3C2CCC3C2CCCC(CCC3CC3)C2)CC1
C1CCC(CCCCC2CCC3CCC(C4CCCC5CCCC54)CC3C2)CC1
C1CCC2CCC3C(CCC4C5CCCC5CC43)C2CC1
C1CCC(C2CCC3CC4C(CCC32)CCC42CCCC2)CC1
C1CCC(C2CCC3CC4C(CCC45CCCC5)CC32)CC1
C1CCC(CCCC2CCC(CCC3CCCC(CC4CCCC4)C3)CC2)CC1
C(CCCC1CCCC2C(C3CCCCC3)CCC12)CCC1CCCCC1
C1CCC(CC2CCC3C(CCC3C3CCCCC3)C2)CC1
C1CCC(CCCCCC2CCCC3C(C4CCCCC4)CCC23)CC1
C1CCC(C2CCC3CC4C(CCC32)CCC42CCCCC2)CC1
C1CCC(CC2CCC3C(CCC3C3CCCCC3)C2)CC1
C1CCC2CC(C3CCCC4CCCC43)CCC2C1
C1CCC2C(C1)CCC1C3CCCC3CCC21
C1CCC2CC(CCCC3CCC4C3CCCC3C5CCCCC5CCC34)CC2C1
C1CCC(CCCCCC2CCCC3C(CC4CCCCC4)CCC23)CC1
C1CCC(C2CCC3CC4C(CC5CC6CCCCC6C5)CCCC4CC32)CC1
C(CCC1CCCC2CCCCC12)CC1CCC2CCCCC2C1
C(CCCC1CCCC2C(C3CCCCC3)CCC12)CCC1CCCCC1
C1CCC(CCCCC2CCC3C2CCC2C4CCCCC4CCC32)CC1
C1CCC2CCC3C4CCCC4CC(C4CCC(C5CCC(CCCCC6CCC7C(CCC8C9CCCC9CCC78)C6)CC5)CC4)C3C2CC1
C(CCC1(C2CCCC2)CCCCC2CCCCC21)CC1CCC2CCCCC2C1
C1CCC(C2CCC3C(CCC3C3CCCCC3)C2)CC1
C1CCC2CCC3C4CCC(CCCC5CC6CCCCC6C5)C4CCC3C2CC1
C(CCC1CCC2C1CCC1C3CCCCC3CCC21)CC1CC2CCCCC2C1
C1CCC(CCCCCC2CC3CCCCC3C2)CC1
C1CCC(CCCCCC2CCC3CCCCC23)CC1
C1CCC(C2CCC3C(CCC3C3CCCCC3)C2)CC1
C1CCC(CC2CC3CCCCC3C3CCC4CCCCCC4C23)CC1
C(CCCC1CCCC2C(C3CCCCC3)CCC12)CCC1CCCCC1
C1CCC(C2CC3CCCC3C3CCC4CCCCC4C23)CC1
C1CCC(CCCC2CCC3CCCC3C2)CC1
C1CCC2CCC3C4CCC(CCCC5CC6CCCCC6C5)C4CCC3C2CC1
C(CCCC1CCCCC1)CCCC1CCC(C2CCCCC2)C1
C(CCCC1CCCC2CCCC12)CCC1CCC2CCCCC2C1
C1CCC(C2CCC3CC4C(CCCC45CCCC5)CC32)CC1
C1CCC(CC2CCCC(CCC3CC4CCCCC4C4CCC5CCCCC5C34)C2)CC1
C1CCC(C2CCC3CC4C(CCC5C6CCC(CCCC7CC8CCCCC8C7)C6CCCC45)CC32)CC1
C1CCC(C2CCC3CC4C(CCC5C6CCC(CCCC7CCC8CCCCC8C7)C6CCC45)CC32)CC1
C1CCC(CCC2CCC3C(CCC3C3CCCCC3)C2)CC1
C1CCC(C2CC3CCCC3C3CCC4CCCCCC4C23)CC1
C1CCC(CCC(CCC2CCC3CCCCC3C2)CC2CCCCC2)CC1
C1CCC(C2CCC3C(CCCCCC4CCC(CC5CCCC5)C4)CCCC23)CC1
C(CCCC1CCCCC1)CCC1CCCCC1
C1CCC2CC(C3CCCC4CCCC43)CCC2C1
C1CCC(CCCCC2C3CCCCCC3CCC2C2CCCC3CCCC32)CC1
C1CCC2C(C1)CCC1C3CCCC3CCC21
C1CCC2C(C1)CCC1C3CCCC3CCC21
C1CCC(C2CCC3CC4C(CCC45CCCC5)CC32)CC1
C1CCC2C(C1)CCC1C3CCCC3CCC21
C(CCCC1CCCC2C(C3CCCCC3)CCC12)CCC1CCCCC1
C1CCC(C2CC(C3CCCCC3)CC3(CCCC4CC5C(CCC5C5CCCCC5)CC43)C2)CC1
C1CCC(C2CC3CCCC3C3CCC4CCCCCC4C23)CC1
C1CCC(CCCC2CCC3C(CCC3C3CCCCC3)C2)CC1
C1CCC2CC(C3CCCC4CCCC43)CCC2C1
C1CCC(C2CC3CCCCC3C3CCC4CCCCC4C23)CC1
C1CCC(CCCC2CCC3C2CCCC2C4CC5CCC(C6CCCCC6)C5CC4CCC32)CC1
C1CCC(CC2CCC3CC4C(CCCC5CC5)CCCC4CC23)CC1
C1CCC2C(C1)CCC1C3CCCC3CCC21
C1CCC(C2CC3CCCCC3C3CCC(CCC4CCCC4)CC23)CC1
C1CCC(C2CCC3C(CCC4CCCCC43)C2)CC1
C1CCC2C(C1)CCC1C3CCCC3CCC21
C1CCC(C2CCC(CCCCCC3CCCC4C(C5CCCCC5)CCC34)C2)CC1
C1CCC(CCCCC2CC3CCCCC3C2)CC1
C(CCCC1CCC2CCCC2C1)CCCC1CCC(C2CCCCC2)C1
C1CCC(CCCCC2CC3CCCCC3C2)CC1
C(CCC1CCC2C1CCC1C3CCCCC3CCC21)CC1CCC2CCCCC2C1
C1CCC(CCC2CCC3C(CC4CCCCC4)CCC3C2)CC1
C(CCC1CCCC2CCCC12)CC1CC2CCCCC2C1
C1CCC2CC(C3CCCC4CCCC43)CCC2C1
C1CCC(CC2CC3CCCCC3C3CCC4CCCCCC4C23)CC1
C1CCC(CCCCC2CC3CCCCC3C2)CC1
C(CCC1CCCC2CCCCC12)CCC1CCCC2CCCCC12
C1CCC(CCCC2CCC3CCC(C4CCCC5CCCC54)CC3C2)CC1
C1CCC2CC(CCCC3CCCC4C3CCC3C5CCCCC5CCC43)CCC2C1
C1CCC(C2CCCC3C(CCC4CCCCC43)C2)CC1
C1CCC2CCC(C3CCCC4CCCC43)CC2CC1
C1CCC(CCCCC2CC3CCCCC3C2)CC1
C1CCC(CCCC2CCC3C(CCC3C3CCCCC3)C2)CC1
C1CCC2CC(C3CCCC4CCCC43)CCC2C1
C1CCC2CCC(C3CCCC4CCCC43)CC2CC1
C1CCC(C2CCCC3C(CCC4CCCCC43)C2)CC1
C1CCC2CCC(C3CCCC4CCCC43)CC2CC1
C1CCC(C2CCC3CC4C(CCC32)CCC2C3CCCC3CCC42)CC1
C1CCC(C2CC3CCCC3C3CCC4CCCCCC4C23)CC1
C1CCC2C(C1)CCCC1CCCCC12
C1CCC(C2CC3CCCC3C3CCC4CCCCC4C23)CC1
C1CCC2CC(C3CCCC4CCCC43)CCC2C1
C1CCC(C2CC3CCCC3C3CCC4CCCCCC4C23)CC1
C1CCC(C2CCC3CC4C(CCC45CCCCCC5)CC32)CC1
C1CCC(CCCCC2CCC3CCCCC3C2)CC1
C1CCC(CC2CCC3CCCCC3C3CCC4CCCCC4C23)CC1
C1CCC(CCC2CCC3C(CCC3C3CCCCC3)C2)CC1
C1CCC2C(C1)CCC1C3CCCC3CCCC21
C1CCC2CCC(C3CCCC4CCCC43)CC2CC1
C1CCC2C(C1)CC(C1CCCC3CCCC31)C1CCCC21
C1CCC2C(C1)CC(C1CCCC3CCCC31)C1CCCCC21
C1CCC(CCC2CCC(CCC3CCCC(CC4CCCC4)C3)CC2)CC1
C1CCC2CC(CC3CCCC4CCCC43)CCC2C1
C1CCC(CCCC2CCC3C(CCC3C3CCCCC3)C2)CC1
C1CCC(CC2CC3CCCCC3C3CCC4CCCCCC4C23)CC1
C1CCC2CCC(C3CCCC4CCCC43)CC2CC1
C(CCC1CC2CCCCC2C1)CCC1CCCC2CCCC12
C1CCC(CCC2CCC3C(CCC3C3CCCCC3)C2)CC1
C1CCC2CCC(C3CCC4CCCCC43)CC2CC1
C(CCCC1CCCC2C(C3CCCCC3)CCC12)CCC1CCC(C2CCCC2)C1
C1CCC(CCC2CCC3C(CCC3C3CCCC(CCC4CCCC4)C3)C2)CC1
C(CCCC1CCCCC1)CCCC1CCC(C2CCCCC2)C1
C1CCC2C(C1)CCC1C3CCCC3CCCC21
C1CCC2C(C1)CCC1C3CCCC3CCC21
C(CCCC1CCCC2C(C3CCCCC3)CCC12)CCC1CCCCC1
C(CCCC1CCCC2C(C3CCCCC3)CCC12)CCC1CCCCC1
C1CCC(CCC2CCC3C(CCC3C3CCCCC3)C2)CC1
C(CCC1CCC2C(CCC3C4CCCC4CCC23)C1)CC1CCC(C2CCC(C3CC4CCCC4C4CCCC5CCCCC5C34)CC2)CC1
C1CCC2CC(C3CCCC4CCCC43)CCC2C1
C1CCC(CCC2CCC(C3CCC4C(CCC4C4CCCCC4)C3)CC2)CC1
C1CCC2CCC3C(CCC4C3CCC4(CCCC3CC4CCCCC4C3)CCC3CCCC3)C2CC1
C1CCC(CC2CCC(CCCC3CCC4CCCC4C3)CC2)C1
C1CCC(CCCCCC2CC3CCCCC3C2)CC1
C1CCC(CCC2CCC3C(CCC3C3CCCCC3)C2)CC1
C1CCC(CC2CC3CCCCC3CC3CCC4CCCCC4C32)CC1
C1CCC(CCC2CCC(CCC3CCCC(CC4CCCC4)C3)CC2)CC1
C1CCC(CCCCC2CCC3CCC(C4CCCC5CCCC54)CC3C2)CC1
C(CCCC1CCCC2C(C3CCCCC3)CCC12)CCC1CCCCC1
C1CCC2CCC(C3CCCC4CCCC43)CC2CC1
C1CCC2C(C1)CCCC1CCCCC12
C1CCC2C(C1)CCC1C3CCCC3CCC21
C1CCC(CCCC(CCC2CCC3CCCC3C2)CC2CCCCC2)CC1
C1CCC(C2CCC3CC4C(CCC5C6CCC(CCCC7CC8CCCCC8C7)C6CCC45)CC32)CC1
C1CCC(CCC(CCC2CC3CCCCC3C2)C2CCCC2)CC1
C1CCC(CCCC2CCC3CCC(C4CCCC5CCCC54)CC3C2)CC1
C1CCC(CCCC2CCC3C(CCC3C3CCCC3)C2)CC1
C1CCC(C2CC3CCCC3C3CCC4CCCCC4C23)CC1
C1CCC2C(C1)CCCC2CCCC1CCC2C1CCC1C3CCCCC3CCCC21
C1CCC(C2CC3CCCCC3C3CCCCC3C2)C1
C1CCC(CCCCC2CC3CCCCC3C2)CC1
C1CCC(C2CCC3CC4C(CCC5C6CCC(CCCC7CC8CCCCC8C7)C6CCCC45)CC32)CC1
C1CCC(C2CC3CCCCC3C3CCC4CCCCC4C23)CC1
C1CCC2CC(C3CCCC4CCCC43)CCC2C1
C1CCC2CC(C3CCCC4CCCC43)CCC2C1
C1CCC2C(C1)CCC1C3CCCC3CCC21
C1CCC(CC2CCC3C(CCC3C3CCCCC3)C2)CC1
C1CCC2CC(C3CCCC4CCCC43)CCC2C1
C1CCC(C2CC3CCCCC3C3CCC4CCCCC4C23)CC1
C1CCC2C(C1)CCC1C3CCCCC3CCC21
C1CCC(CCC2CCCCC2)CC1
C(CCCCC1CCC(C2CCCCC2)C1)CCCC1CCCCC1
C1CCC(C2CCC3CC4CCCCC4CCC32)CC1
C1CCC(C2CCC3C(CCC4CCCCC43)C2)CC1
C(CCC1CCCC2CCCCC12)CC1CCC2CCCCC2C1
C1CCC(CCC2CCC3C(CCC3C3CCCCC3)C2)CC1
C1CCC(CCC2CCC3C(CC4CCCCC4)CCC3C2)CC1
C1CCC(CCC2CCC3C(CCC3C3CCCCC3)C2)CC1
C1CCC(CCC2CCC3C(CCC3C3CCCCC3)C2)CC1
C1CCC2C(C1)CCC1C3CCCC3CCC21
C1CCC2CC(C3CCCC4CCCC43)CCC2C1
C1CCC2CC(C3CCCC4CCCC43)CCC2C1
C1CCC2CC(CCCC3CCC4C3CCC3C5CCCCC5CCC43)CC2C1
C1CCC(CCCCCC2CC3CCCCC3C2)CC1
C(CCCC1CCCC2C(C3CCCCC3)CCC12)CCC1CCCCC1
C1CCC(CCCCC2CCC3CCCCC23)CC1
C(CCC1CCCC2CCCC12)CC1CC2CCCCC2C1
C1CCC2C(C1)CCC1C3CCCC3CCC21
C1CCC(C2CCC3CC4C(CCC45CCCCC5)CC32)CC1
C(CCC1CCCC2CCCC12)CC1CC2CCCCC2C1
C1CCC(CCCCCC2CCCC3C(CC4CCCCC4)CCC23)CC1
C1CCC(CCCC(CCC2CCCCC2)CCC2CCC3CCCC3C2)CC1
C1CCC(CCCCC2CC3CCCCC3C2)CC1
C1CCC(C2CCC3CC4C(CCCC45CCCC5)CCC32)CC1
C1CCC(CCC2CCC3C(CCC4CCCCC43)C2)CC1
C(CCCC1CCCCC1)CCCC1CCC(C2CCCCC2)C1
C1CCC(CCCCCC2CCCC3C(C4CCCCC4)CCC23)CC1
C1CCC2C(C1)CCCC1C3CCCC3CCC21
C1CCC(CCC2CCC3C(CCC3C3CCCCC3)C2)CC1
C1CCC(C2CC3CCCC3C3CCC4CCCCC4C23)CC1
C1CCC(CC2CC3CCCCC3C3CCC4CCCCC4C23)CC1
C1CCC(C2CCC3CC4C(CCC5C6CCC(CCCC7CCC8CCCCC8C7)C6CCC45)CC32)CC1
C1CCC(CC(CC2CCCCC2)C2CCCCC2)CC1
C(CCCC1CCCC2C(C3CCCCC3)CCC12)CCC1CCCCC1
C1CCC(C2CCC3CC4C(CCC4C4CCCC4)CC32)CC1
C(CCCC1CCCC2C(C3CCCCC3)CCC12)CCC1CCC(C2CCCC2)C1
C1CCC(CCCCCC2CCCC3C(C4CCCCC4)CCC23)CC1
C1CCC2C(C1)CCC1C3CCCC3CCC21
C1CCC(CCC2CCC3C(CCC3C3CCCCC3)C2)CC1
C1CCC(CCC(CCCC2CCC3CCCC3C2)CC2CCCCC2)CC1
C1CCC(CCC2CCC3C(CCC3C3CCCCC3)C2)CC1
C1CCC2CCC3C4CCCC4CCC3C2CC1
C1CCC(CCCC2CCC3CCC(C4CCCC5CCCC54)CC3CC2)CC1
C1CCC(CCCCC2CC3CCCCC3C2)CC1
C1CCC(C2CCC3CCCC3C3CCC4CCCCCC4C23)CC1
C1CCC2C(C1)CC(C1CCCC1)C1CCCCC21
C1CCC(CCCCCC2CC3CCCCC3C2)CC1
C1CCC2C(C1)CCC1C3CCCC3CCC21
C1CCC(CCCC2CCC3C2CCCC2C4CC5CCC(C6CCCCC6)C5CC4CCC32)CC1
C1CCC2C(C1)CCC1C3CCCC3CCC21
C1CCC(CCCC2CCCC3CCC(C4CCCC5CCCC54)CC3C2)CC1
C1CCC2CCC3C(CCC4C3CCC4(CCCC3CC4CCCCC4C3)CCC3CCCC3)C2CC1
C1CCC(C2CCC3CC4C(CCC5C6CCCC(CCCC7CCC8CCCCC8C7)C6CCC45)CC32)CC1
C1CCC(CCC2CCCCC2)CC1
C1CCC(CCCC2CCC3CCC(CC4CCCC5CCCC54)CC3C2)CC1
C1CCC(C2CC3CCCCC3C3CCC4CCCCC4C23)CC1
C1CC2CCCC2C(CC2CC3CCCCC3C3CCCC23)C1
C1CCC2CCC3C4CCCC4CC(C4CCC(C5CCCC5)CC4)C3C2CC1
C1CCC(CCC2CCC(CC(CC3CCCCC3)C3CCCCC3)CC2)CC1
C1CCC2CCC3C4CCCCC4CC(CC4CCCC4)C3C2CC1
C1CCC(CCCCC2CCC3CCCCC23)CC1
C1CCC(CCCC2CCC3C(CCC3C3CCCCC3)C2)CC1
C1CCC2CCC(C3CCCC4CCCC43)CC2CC1
C1CCC(C2CC3CCCC3C3CCC4CCCCCC4C23)CC1
C1CCC(C2CCC3CC4C(CCC32)CCC42CCCC2)CC1
C1CCC(CCCC2CCC3C(CCC4C5CCCC5CC(CCC5CCCCC5)C34)C2)CC1
C1CCC(CCC2CCC3C(CCC3C3CCCCC3)C2)CC1
C1CCC2C(C1)CCC1C3CCCC3CCC21
C1CCC(CCCC2CC3CCCC3C3CCC4CC(CCC5CCCCC5)CCC4C23)CC1
C(CCC1CCC2CCCCC2C1)CCC1CCCC2CCCCC12
C1CCC(C2CCC3CCC4C(CCCC45CCCC5)CC32)CC1
C1CCC(CC2CCC3C(CCC3C3CCCCC3)C2)CC1
C(CCC1CCCC2CCCCC12)CCC1CCCC2CCCCC12
C1CCC2CCC3C4CCCC4CCC3C2CC1
C1CCC(C2CCC3CC4C(CCC5C6CCC(CCCC7CC8CCCCC8C7)C6CCC45)CC32)CC1
C(CCCC1CCCCC1)CCCC1CCC(CC2CCCCC2)C1
C(CCCC1CCCC2C(C3CCCCC3)CCC12)CCC1CCCCC1
C1CCC(C2CC3CCCCC3C3CCC4CCCCC4C23)CC1
C1CCC2CCC3C4CCCC4CCC3C2CC1
C1CCC(CC2CC3CCCCC3C3CCC4CCCCCC4C23)CC1
C1CCC(CCCC2CCCC(CC3CCC4CC(CCC5CCC6CCCCC6C5)CCC43)C2)CC1
C1CCC(CC2CC3CCCCC3C3CCC4CCCCCC4C23)CC1
C1CCC(CCCCCC2CCCC3C(C4CCCCC4)CCC23)CC1
C1CCC2CC3CCC4C(CCCC5CCCC6CCCCC65)CCC4C3CCC2C1
C1CCC(CCCCCC2CCC3CCCCC23)CC1
C1CCC2CCC(C3CCCC4CCCC43)CC2CC1
C(CCC1CCCC2CCCC12)CC1CC2CCCCC2C1
C1CCC(C2CC3C(CCCC4CC4)CCC3C3CCC4CCCCC4C23)CC1
C1CCC(CCCC2CCC(CCC3CCCCC3)CC2)CC1
C1CCC2CC(CC3CCCC4CCCC43)CCC2C1
C1CCC(CCC2CCC3C(CCC3C3CCCCC3)C2)CC1
C(CCC1CCC(C2CCCC2)C1)CCC1CCCC2CCCCC12
C1CCC(CCC2CCC3C(CCC3C3CCCCC3)C2)CC1
C(CCC1CCC2C1CCC1C3CCCCC3CCC21)CC1CCC2CCCCC2C1
C1CCC(C2CCC3CCC4C(CCC5C6CCC(CCCC7CC8CCCCC8C7)C6CCC45)CC32)CC1
C1CCC2C(C1)CCCC1C2CCC2C3CCCC3CC21
C1CCC2CCC(C3CCCC4CCCC43)CC2CC1
C1CCC(C2CC3CCCC3C3CCC4CCCCC4C23)CC1
C1CCC(CCCCCC2CCC3CCCCC23)CC1
C1CCC(CCC2CCC(CCC3CCCCC3)CC2)CC1
C1CCC(C2CCC3CCC4CCCCC4C3CC2)CC1
C1CCC(CCCC2CCC3C(CCC3C3CCCCC3)C2)CC1
C1CCC2CC(C3CCCC4CCCC43)CCC2C1
C1CCC(CCC2CCC(C3CCC4C(CCC4C4CCCCC4)C3)CC2)CC1
C1CCC(CCCCCC2CCCC3C(C4CCCCC4)CCC23)CC1
C1CCC2CCC3C4CCCCC4CC(CC4CCCC4)C3C2CC1
C1CCC(CCCCC2CC3CCCCC3C2)CC1
C1CCC(C2CC3CCCC3C3CCC4CCCCCC4C23)CC1
C1CCC(CCC2CCCCC2)CC1
C(CCCC1CCCC2CCCCC12)CCC1CCC(C2CCCCC2)C1
C1CCC(CCCCCC2CC3CCCCC3C2)CC1
C1CCC(CCCCC2CC3CCCCC3C2)CC1
C1CCC(C2CCC3CC4C(CCC5CC6CCC(CCCC7CC8CCCCC8C7)C6CCC54)CC32)CC1
C1CCC2CCC3C4CCCC4CCC3C2CC1
C(CCCC1CCC(C2CCCCC2)C1)CCC1CCCCC1
C1CCC2CCC(C3CCCC4CCCC43)CC2CC1
C1CCC(CCCCC2CC3CCCCC3C2)CC1
C(CCCC1CCCC2CCCCC12)CCC1CCC(C2CCCCC2)C1
C1CCC(C2CCCC3C(CCC4CCCCC43)C2)CC1
C(CCC1CCCC2CCCCC12)CC1CCC2CCCCC2C1
C1CCC(C2CCC3CC4C(CCC32)CCC2C3CCC(CCCC5CCC6CCCCC6C5)C3CCC42)CC1
C1CCC(CCCCC2CC3CCCCC3C2)CC1
C1CCC2CCC3C4CCCC4CCC3C2CC1
C(CCCCC1CCC(C2CCCCC2)C1)CCCC1CCCCC1
C1CCC(CC2CC3CCCCC3C3CCC4CCCCCC4C23)CC1
C1CCC(CCCCC2CCCCC3CCC(C4CCCCC4)CC23)CC1
C1CCC2CC(CC3CCCC4CCCC43)CCC2C1
C1CCC(C2CCC3CC4C(CCC5C6CCC(CCCCC7CCC8CCCCC8C7)C6CCC45)CC32)CC1
C1CCC(C2CCC3CC4CCCCC4CC32)CC1
C1CCC(CC2CCC3CCC(C4CCCC4)C3C2)C1
C1CCC(C2CC3CCCC3C3CCC4CCCCC4C23)CC1
C1CCC(CC2CCC(CC(CC3CCCCC3)C3CCCCC3)CC2)CC1
C1CCC(C2CC3CCCCC3C3CCC(CCC4CCCC4)CC23)CC1
C1CCC(CCC2CCC(C3CCC4C(CCC4C4CCCCC4)C3)CC2)CC1
C1CCC2C(C1)CC(C1CCCC1)C1CCCC21
C1CCC(C2CC3CCCC3C3CCC4CCCCC4C23)CC1
C1CCC(C2CCC3CC4C(CCC32)CCC42CCCCC2)CC1
C1CCC2C(C1)CCC1C3CCCC3CCC21
C1CCC(C2CC3CCCC3C3CCC4CCCCC4C23)CC1
C1CCC(C2CC3CCCC3C3CCC4CCCCCC4C23)CC1
C(CCC1CC2CCCCC2C1)CCC1CCCC2CCCC12
C1CCC2CCC3C4CCCC4CCC3C2CC1
C1CCC2CC(C3CCCC4CCCC43)CCC2C1
C1CCC(CCCCC2CC3CCCCC3C2)CC1
C(CCCC1CCCCC1)CCCC1CCC(C2CCCCC2)C1
C1CCC(CCCC2CCCC3CCC(C4CCCC5CCCC54)CC23)CC1
C1CCC(CCCC2CCC3C2CCCC2C4CC5CCC(C6CCCCC6)C5CC4CCC32)CC1
C1CCC2C(C1)CCCC1C2CCC2C3CCCC3CC21
C1CCC2CC(CC3CCCC4CCCC43)CCC2C1
C1CCC2CC(C3CCCC4CCCC43)CCC2C1
C1CCC(CC2CC3CCCCC3C3CCC4CCCCCC4C23)CC1
C1CCC(CCC2CCC3C(CCC3C3CCCCC3)C2)CC1
C1CCC(CC2CCC3CCCCC3C3CCC4CCCCC4C23)CC1
C1CCC(CCC2CCCC3CC4C(CC5CCCCC5)CCC4CC23)CC1
C1CCC(C2CCCCC2CC2CC3CCCCC3C3CCC4CCCCCC4C23)CC1
C1CCC(C2CC3CCCC3C3CCCC4CCCCC4C23)CC1
C1CC2CCC3C(CCC4CCCCC43)CC2C1
C1CCC(C2CC3CCCCC3C3CCCCC23)CC1
C(CCC1CCCCC2CCCCC12)CC1CCC2CCCCC2C1
C1CCC2CCC(C3CCCC4CCCC43)CC2CC1
C1CCC2CC(C3CCCC4CCCC43)CCC2C1
C1CCC(C2CC3CCCC3C3CCC4CCCCCC4C23)CC1
C1CCC2CC3CCCCC3CCC2C1
C1CCC(CC2CCC3CC4(CCCCC4C4CCCCC4)CCC23)CC1
C1CCC(CCCCC2CC3CCCCC3C2)CC1
C(CCCC1CCCC2C(C3CCCCC3)CCC12)CCC1CCCCC1
C1CCC(CCC(CCC2CCC3CCCCC3C2)CC2CCCCC2)CC1
C1CCC2C(C1)CC(C1CCCC1)C1CCCCC21
C1CCC2C(C1)CCC1C3CCCC3CCCC21
C1CCC(CCC2CCC3C(CCCC4CCCCC43)C2)CC1
C1CCC(CCC(CCCC2CCC3CCCC3C2)CC2CCCCC2)CC1
C1CCC(CCC2CCC3C(CCC4C5CCCC5CC(CCC5CCCCC5)C34)C2)CC1
C1CCC(C2CCC(CCCCCC3CCCC4CCCCC34)C2)CC1
C1CCC(CCC2CCCC3CCC4C(CCC4C4CCCCC4)CC23)CC1
C1CCC(C2CCC3CC4C(CCC5C6CCC(CCCC7CC8CCCCC8C7)C6CCC45)CC32)CC1
C1CCC(C2CCC3C(CCC4CCCCC43)C2)CC1
C1CCC(C2CCC3CCCC3C3CCC4CCCCC4C23)CC1
C1CCC2CC(C3CCCC4CCCC43)CCC2C1
C1CCC2C(C1)CCC1C3CCCC3CCC21
C1CCC2CCC3CCCCC3C2CC1
C1CCC(CCCCCC2CCC3C(CCC3C3CCCCC3)C2)CC1
C1CCC(CCC2CCC3C(CCC3C3CCCCC3)C2)CC1
C1CCC(C2CC3CCCC3C3CCC4CCCCC4C23)CC1
C1CCC2C(C1)CCC1CCCCC12
C1CCC(C2CCC3CC4C(CCCC5C6CCC(CCCC7CC8CCCCC8C7)C6CCC45)CC32)CC1
C(CCCC1CCCC2C(C3CCCCC3)CCC12)CCC1CCCCC1
C1CCC(CCC2CCC3C(CCC3C3CCCC(CCC4CCCC4)C3)C2)CC1
C1CCC2CC(CCCC3CCCCC4CCCCC43)CC2C1
C1CCC(C2CCC3CC4C(CCC32)CCC2C3CCC(CCCC5CCC6CCCCC6C5)C3CCC42)CC1
C1CCC(CCC2CCC(C3CC3)CC2)CC1
C1CCC(C2CC3CCCC3C3CCC4CCCCC4CC23)CC1
C1CCC2CC(CCCC3CCC4C3CCC3C5CCCCC5CCC43)CC2C1
C1CCC2C(C1)CCC1CCCCC12
C1CCC2C(C1)CCC1C3CCCCC3CCC21
C1CCC(CCCCCC2CC3CCCCC3C2)CC1
C1CCC(CCCC2CCC(C3CC3)CC2)CC1
C1CCC(CC2CCC3CC4C(CCCC45CCCC5)CC23)CC1
C1CCC(CCCCC2CCC3CCCCC23)CC1
C1CCC(C2CCC3CCCC(C3)C3CCC4CCCCC4C23)CC1
C1CCC(C2CCC3CC4C(CCC5C6CCC(CCCC7CCC8CCCCC8C7)C6CCCC45)CC32)CC1
C1CCC(C2CCC3CC4C(CCC5CCCCCC54)CC32)CC1
C1CCC2C(C1)CC(C1CCCC1)C1CCCCC21
C1CCC2C(C1)CC(C1CCCC3CCCC31)C1CCCC21
C(CCCC1CCCCC1)CCCC1CCC(CC2CCCCC2)C1
C1CC(C2CCC(C3CC4CCCC4C4CCC5CCCCC5CC34)CC2)C1
C1CCC(CC2CC3CCCCC3CC3CCC4CCCCC4C32)C1
C1CCC2CC(CCCC3CCCC4CCCCC43)CC2C1
C1CCC(CC2CC3CCCCC3C3CCC4CCCCC4C23)CC1
C1CCC(CCCC23CCCC2CC2C4CCCC5CCCCC5C4CCC23)C1
C1CCC2C(C1)CCC1C2CCC2C3CCCC3CC21
C1CCC(CC2CCCCC23CCC2C(CCC2C2CCCCC2)C3)CC1
C(CCC1CCCC2CCCCC12)CC1CCC2CCCCC2C1
C1CCC2C(C1)CC(C1CCCC3CCCC31)C1CCCC21
C1CCC(C2CCC3CC4C(CCC45CCCC5)CC32)CC1
C1CCC2CC(C3CCCC4CCCC43)CCC2C1
C1CCC(CC2CCCC(CCC3CCC(CCC4CCC(C5CC5)CC4)CC3)CC2)C1
C1CCC(CCCC2CCC3C(CCC4C5CCCC5CC(CCC5CCCCC5)C34)C2)CC1
C(CCC1CCC2CCCCC2C1)CCC1CCCC2CCCCC12
C1CCC(C2CC3CCCC3C3CCCC4CCCCC4C23)CC1
C(CCCC1CCCC2C(C3CCCCC3)CCC12)CCC1CCCCC1
C1CCC(C2CC3CCCC3C3CCC4CCCCC4CC23)CC1
C1CCC2CCC3C4CCC(CCCC5CC6CCCCC6C5)C4CCC3C2CC1
C(CCC1CC2CCCCC2C1)CCC1CCCC2CCCC12
C1CCC(C2CCC3C(CCCC4CCCCC43)C2)CC1
C1CCC(CCCC2CCCC(C3CCC4CC(CCC5CCC6CCCCC6C5)CCC43)C2)CC1
C1CCC(CCC2CCC3C(CCC4C5CCCC5CCC34)C2)CC1
C1CCC(CCCC2CCCC3CCC(CC4CCCC5CCCC54)CC23)CC1
C1CCC(CCC2CCCCC2)CC1
C1CCC(C2CC3CCCC3C3CCC4CCCCCC4C23)CC1
C1CCC(C2CCC3CC4(CCCCC4C4CCCCC4)CCCC32)CC1
C1CCC(CCCCCC2CC3CCCCC3C2)CC1
C1CCC(C2CCC3CCC4CCCCC4C3CC2)CC1
C1CCC(CCCC2CCCC(C3CCC4CC(CCC5CCC6CCCCCC6C5)CCC43)C2)CC1
C1CCC(CCCCC2CCC3CCCCC23)CC1
C1CCC(C2CC3CCCC3C3CCC4CCCCC4C23)CC1
C(CCCCC1CCC(C2CCCCC2)C1)CCCC1CCCCC1
C1CCC(C2CC3CCCCC3C3CCC4CCCCC4C23)CC1
C(CCCC1CCC(C2CCCCC2)C1)CCC1CCCCC1
C1CCC(C2CCCC3C(CCC4CCCCC43)C2)CC1
C1CCC(CCC2CCC(CCC3CCCC(CC4CCCC4)C3)CC2)CC1
C1CCC2C(C1)CCCC1CCCCC12
C1CCC(CC23CCCCC2CCC2C4CCCC4CCCC23)CC1
C1CCC(CCC2CCC3C(CCC3C3CCCCC3)C2)CC1
C1CCC(CCCC2CCCC3CC4C(CCC4C4CCCCC4)CC23)CC1
C(CCCC1CCCC2C(C3CCCCC3)CCC12)CCC1CCCCC1
C(CCC1CCCC2CCCC12)CC1CC2CCCCC2C1
C1CCC(CCCCCC2CCC3CCCCC23)CC1
C1CCC(C2CC3CCCC3C3CCC4CCCCC4C23)CC1
C1CCC(CCC2CCC3C(CCC3C3CCCC(CC4CCCC4)C3)C2)CC1
C1CCC(CCCCC2CCC3CCCCC3C2)CC1
C1CCC(C2CCC3CC4C(CCC45CCCC5)CC32)CC1
C1CCC(CCC2CCC(CCC3CCCC(CC4CCCC4)C3)CC2)CC1
C1CCC2C(C1)CCCC2CCCC1CCCC2CCCCC21
C1CCC(CCCC2CCC3CCC(C4CCCC5CCCC54)CC3C2)CC1
C(CCCCC1CCC(C2CCCCC2)C1)CCCC1CCCCC1
C1CCC2CC(C3CCCC4CCCC43)CCC2C1
C1CCC(C2CC3CCCC3C3CCC4CCCCC4C23)CC1
C1CCC(CC2CCC3CC4(CCCCC4C4CCCCC4)CCC23)CC1
C1CCC(CC2CCC3C(CCC3C3CCCCC3)C2)CC1
C1CCC(C2CC3CCCC3C3CCC4CCCCCC4C23)CC1
C1CCC(CCCCC2CC3CCCCC3C2)CC1
C1CCC(CCC2CCC(CCC3CCCC(CC4CCCC4)C3)CC2)CC1
C1CCC(CC2CC3CCCCC3C3CCCC23)C1
C1CCC(CCCCC2CCC3CCCCC3C2)C2CCCCC2CC1
C1CC2CCC3C(CCC4CCC5CC5C43)C2C1
C1CCC2CC(C3CCCC4CCCC43)CCC2C1
C(CCCC1CCCC2CCCCC12)CCC1CCC(C2CCCCC2)C1
C1CCC(C2CC3CCCC3C3CCC4CCCCC4C23)CC1
C1CCC(CCC2CCC3C(CCC3C3CCCC(CC4CCCCC4)C3)C2)CC1
C1CCC(CC2CCCCC2CC2CC3CCCCC3C3CCC4CCCCCC4C23)CC1
C(CCC1CC2CCCCC2C1)CCC1CCCC2CCCC12
C1CCC(C2CCC3CC4C(CC5CC6CCCCC6C5)CCCCC4CC32)CC1
C1CCC(CCCCC2CC3CCCCC3C2)CC1
C(CCCC1CCC2CCCC2C1)CCCC1CCC(C2CCCCC2)C1
C1CCC(CCC2CCC(C3CC3)CC2)CC1
C1CCC2CCC3C4CCCC4CCC3C2CC1
C1CCC(CCCCC2CC3CCCCC3C2)CC1
C1CCC(C2CC3CCCC3C3CCCC4CCCCC4C23)CC1
C(CCCC1CCCCC1)CCCC1CCC(C2CCCCC2)C1
C1CCC2CCC3C4CCCCC4CC(CC4CCCC4)C3C2CC1
C(CCCC1CCCCC1)CCCC1CCC(C2CCCCC2)C1
C1CCC(CCCC2CCC3C(CCC3C3CCCCC3)C2)CC1
C1CCC(CCC2CCC(CCC3CCCC(CC4CCCCC4)C3)CC2)CC1
C1CCC(C2CCC3C(CCC4CCCCC43)C2)CC1
C1CCC2CC(C3CCCC4CCCC43)CCC2C1
C1CCC(CCCCC2CCC3C2CCC2C4CCCCC4CCCC32)CC1
C1CCC(C2CC3CCCC3C3CCC4CCCCC4C23)CC1
C(CCC1CCC2C1CCC1C3CCCCC3CCC21)CC1CC2CCCCC2C1
C1CCC(CCCCCC2CCCC3C(C4CCCCC4)CCC23)CC1
C1CCC(C2CC3CCCCC3C3CCC4CCCCC4C23)CC1
C1CCC(CCCCCC2CCCC3C(CC4CCCCC4)CCC23)CC1
C1CCC2C(C1)CCC1C3CCCC3CCC21
C1CCC(C2CCC3CCC4(CCCCC4C4CCCCC4)CCC32)CC1
C1CCC(C2CCC3CC4C(CCC5C6CCCC(CCCC7CC8CCCCC8C7)C6CCC45)CC32)CC1
C1CCC2CC(C3CCCC4CCCC43)CCC2C1
C(CCCC1CCCCC1)CCCC1CCC(CC2CCCCC2)C1
C1CCC2CC(CCCC3CCC4C3CCC3C5CCCCC5CCCC43)CC2C1
C1CCC(C2CCC3CC4C(CCC45CCCCC5)CC32)CC1
C(CCCC1CCCCC1)CCCC1CCC(CC2CCCCC2)C1
C1CCC(C2CC3CCCC3C3CCCC4CCCCC4C23)CC1
C(CCC1CCCC2CCCC12)CC1CC2CCCCC2C1
C1CCC(C2CCC3CC4C(CCC45CCCCCC5)CC32)CC1
C1CCC(CCC2(CCCC3CC4CCCCC4C3)CCC3C4CCC5CCCCC5C(CCC32)C4)C1
C1CCC(C2CC3CCCC3C3CCC4CCCCC4C23)CC1
C(CCCC1CCCCC1)CCCC1CCC(C2CCCCC2)C1
C1CCC(C2CCC(CCCCCC3CCCC4CCCCC34)C2)CC1
C1CCC(CCCCCC2CCC3CCCC3C2)CC1
C(CCCC1CCCC2C(C3CCCCC3)CCC12)CCC1CCCCC1
C(CCC1CCCC2CCCC12)CC1CC2CCCCC2C1
C1CCC(CCCC2CCC3CCC(C4CCCC5CCCC54)CC3C2)CC1
C1CCC2CC(C3CCCC4CCCC43)CCC2C1
C1CCC(CCCCCC2CC3CCCCC3C2)CC1
C1CCC(CCCCC2CCC3CCCCC23)CC1
C1CCC2CCC3C4CCC(CCCC5CC6CCCCC6C5)C4CCC3C2CC1
C1CCC(CCCCCC2CC3CCCCC3C2)CC1
C1CCC(C2CCC3CCC4CCCCC4C3CC2)CC1
C1CCC(C2CC3CCCC3C3CCC4CCCCC4C23)CC1
C1CCC2CCC3C4CCCC4CC(C4CCC(C5CCCC5)CC4)C3C2CC1
C1CCC(CC2CC3CCCCC3C3CCC4CCCCCC4C23)CC1
C1CCC(CCCCCC2CC3CCCCC3C2)CC1
C1CCC2C(C1)CCC1C3CCCC3CCC21
C1CCC2CCC(C3CCCC4CCCC43)CC2CC1
C1CCC(CC2CCCC(CC3CC4CCCCC4C4CCC5CCCCC5C4C3)C2)CC1
C1CCC(C2CCC3CCC4CCCCC4C3CC2)CC1
C1CCC(C2CC3CCCC3C3CCC4CCCCCC4C23)CC1
C1CCC2CCC3C4CCCC4CC(C4CCC(C5CCCC5)CC4)C3C2CC1
C1CCC(C2CCC3CC4CCCCC4CC32)CC1
C1CCC2CCC3C4CCCCC4CC(CC4CCCC(C5CCCC5)C4)C3C2CC1
C1CCC(CC2CCC3CCCCC3C3CCC4CCCCC4C23)C1
C1CCC(CCC2CCC(C3CCC4C(CCC4C4CCCCC4)C3)CC2)CC1
C1CCC2C(C1)CCC1C3CCCC3CCC21
C1CCC(C2CC3CCCC3C3CCC4CCCCCC4C23)CC1
C1CCC2C(C1)CCCC1CCCCC12
C1CCC(CCCCCC2CCCC3C2CCC3C2CCCC(CC3CCCCC3)C2)CC1
C1CCC2CC(C3CCCC4CCCC43)CCC2C1
C1CCC2C(C1)CCC1C3CCCC3CCC21
C1CCC(CCCCCC2CCCC3C(C4CCCCC4)CCC23)CC1
C1CCC2C(C1)CCC1C2CCCC2C3CCCC3CC21
C(CC1CCC2CCCC2C1)CC1CCCC2CCC(C3CCCC4CCCC43)CC2C1
C(CCCC1CCCC2C(C3CCCCC3)CCC12)CCC1CCCCC1
C1CCC(C2CCC3CC4C(CCC32)CCC42CCCCC2)CC1
C1CCC(CCCCCC2CCCC3C(C4CCCCC4)CCC23)CC1
C1CCC2CCC(C3CCCC4CCCC43)CC2CC1
C1CCC2CCC(C3CCCC4CCCC43)CC2CC1
C1CCC(C2CC3CCCC3C3CCC4CCCCCC4C23)CC1
C(CCCC1CCCCC1)CCC1CCCCC1
C1CCC2CCC3C4CCC(CCCC5CCC6CCCCC6C5)C4CCC3C2CC1
C1CCC(CCCCCC2CC3CCCCC3C2)CC1
C1CCC2CC(C3CCCC3)CCC2C1
C(CCCC1CCCCC1)CCCC1CCC(C2CCCCC2)C1
C1CCC(CC2CCCC(C3CCC4CC(CCC5CCC6CCCCC6C5)CCC43)C2)C1
C1CCC2CC(CC3CCCC4CCCC43)CCC2C1
C1CCC2CC(C3CCCC4CCCC43)CCC2C1
C1CCC(C2CCC3CC4C(CCC45CCCCC5)CC32)CC1
C1CCC(CCCCCC2CCCCC2)CC1
C1CCC2CCC3C4CCCCC4CC(CC4CCCC4)C3C2CC1
C1CCC2CC(C3CCCC4CCCC43)CCC2C1
C(CCCC1CCC2CCCC2C1)CCC1CCCCC1
C(CCC1CCC2CCCC2C1)CC1CCC(C2CCCC2)CC1
C(CCC1(C2CCCC2)CCCC2CCCCC21)CC1CCC2CCCCC2C1
C1CCC(CCCCCC2CC3CCCCC3C2)CC1
C1CCC(CCCCCC2CC3CCCCC3C2)CC1
C1CCC(CCC2CCC3C(CCC3C3CCCCC3)C2)CC1
C1CCC(CC2CC3CCCCC3C3CCC4CCCCC4C23)C1
C1CCC(CCC2CCC3C(CCC4C5CCCCC5CCC34)C2)CC1
C1CCC(C2CC3CCCCC3CC3CCCCC32)CC1
C1CCC2CCC(C3CCCC4CCCC43)CC2CC1
C1CCC(C2CC3CCCCC3C3CCCCC23)CC1
C1CCC(CCC2CCC3C2CCC(C2CCCCC2)C2C4CCCCCC4CCC32)CC1
C1CCC2C(C1)CCC1C3CCCC3CCC21
C1CCC(C2CCC3(CCC4CCC5C(CCC5C5CCCCC5)CC43)C2)CC1
C1CCC2C(C1)CCC1C3CCCCC3CCC21
C1CCC(C2CC3CCCC3C3CCC4CCCCCC4C23)CC1
C1CCC(C2CCC3CCCC3C3CCC4CCCCC4C23)CC1
C1CCC(C2CC3CCCC3C3CCCC4CCCCC4C23)CC1
C1CCC(CCCCCC2CC3CCCCC3C2)CC1
C1CCC2CCC3C4CCC(CCCC5CC6CCCCC6C5)C4CCC3C2CC1
C1CCC2CC(CC3CCCC4CCCC43)CCC2C1
C1CCC(CCC2CCC3C(CCC4C5CCCC5CCC34)C2)CC1
C1CCC2CCC3C4CCCC4CCC3C2CC1
C1CCC2C(C1)CCC1C3CCCCC3CCC21
C1CCC(CCCCC2CC3CCCCC3C2)CC1
C1CCC(CCCCC2CC3CCCCC3C2)CC1
C(CCCC1CCCCC1)CCCC1CCC(C2CCCCC2)C1
C1CCC(CCC(CCC2CCC3CCCC3C2)CC2CCCCC2)CC1
C1CCC(CCC2CCC3C(CCC3C3CCCCC3)C2)CC1
C1CCC(C2CCC(CCCCCC3CCCC4CCCCC34)C2)CC1
C1CCC(CCCC2CC3CCCC3C3CCC4CC(CCC5CCCCC5)CCC4C23)CC1
C(CCC1CC2CCCCC2C1)CCC1CCCC2CCCC12
C1CCC2C(C1)CCC1C3CCCC3CCC21
C1CCC2C(C1)CCC1C3CCCCC3CCC21
C1CCC(C2CC3CCCC3C3CCC4CCCCC4C3C2)CC1
C1CCC(C2CC3CCCC3C3CCCC4CCCCC4C23)CC1
C1CCC2CCC(C3CCCC4CCCC43)CC2CC1
C1CCC(CCC2CCC3C(CCC3C3CCCCC3)C2)CC1
C(CCCC1CCCC2C(C3CCCCC3)CCC12)CCC1CCCCC1
C1CCC(CCCCCC2CC3CCCCC3C2)CC1
C1CCC(CCC2CCC3C(CCC4C5CCCCC5CC(CCC5CCCCC5)C34)C2)CC1
C1CCC(CCC(CCC2CCCCC2)CCC2CCC3CCCC3C2)CC1
C1CCC(CCCCC2CC3CCCCC3C2)CC1
C1CCC2C(C1)CCC1C3CCCC3CCC21
C1CCC2CC(CC3CCCC4CCCC43)CCC2C1
C1CCC(CCC2(CCCC3CCC4CCCCC4C3)CCC3C4CCC5CCCCC5C4CCC32)C1
C1CCC2CC(CCCC3CCC4C3CCC3C5CCCCC5CCC43)CC2C1
C1CCC2CCCCC2C(CCCCC2CCCC3CCCCC23)C1
C1CCC(CCC2(CCCC3CC4CCCCC4C3)CCCC3C4CCC5CCCCC5C4CCC32)C1
C1CCC(C2CCC3CCCC3C3CCC4CCCCC4C23)CC1
C(CCC1CCC2C1CCC1C3CCCCC3CCC21)CC1CC2CCCCC2C1
C1CCC(CC2CCC3C(CCC3C3CCCCC3)C2)CC1
C(CCC1CCC2CCCCC2C1)CCC1CCCC2CCCCC12
C(CCC1CCC2CCCCC2C1)CCC1CCCCC2CCCCC12
C1CCC(CCCC2CCC3C(CCC3C3CCCCC3)C2)CC1
C(CCC1CCC2CCCCC2C1)CCC1CCCC2CCCCC12
C1CCC(C2CCC3CC4C(CCC32)CCC2C3CCC(CCCC5CC6CCCCC6C5)C3CCC42)CC1
C1CCC(CCCC2CCCC3CCC(CC4CCCC5CCCC54)CC23)CC1
C1CCC(C2CCC3CC4C(CCC45CCCCCC5)CC32)CC1
C1CCC2C(C1)CCCC1C3CCCC3CCC21
C1CCC(CCC(CCC2CCCCC2)CCC2CCC3CCCC3C2)CC1
C1CCC2C(C1)CCC1C3CCCC3CCC21
C1CCC(C2CCC3CCC4C(CCC45CCCC5)CC32)CC1
C(CCC1CCC2CCCCC2C1)CCC1CCCC2CCCCC12
C1CCC2CCC(C3CCCC4CCCC43)CC2CC1
C1CCC(CCC2CCC3C(CCC3C3CCCC(CCCC4CCCC4)C3)C2)CC1
C1CCC2C(C1)CCCC1CCCCC12
C1CCC(CCCCC2CCC3CCCCC23)CC1
C1CCC(CCCCC2C3CCCCCC3CCC2C2CCCC3CCCC32)CC1
C1CCC(C2CCC3CC4C(CCC32)CCC42CCCCC2)CC1
C1CCC(CCCC(CCC2CCC3CCCC3C2)CC2CCCCC2)CC1
C1CCC(C2CCC3C(CCCCCC4CCC(C5CCCC5)C4)CCCC23)CC1
C(CCCC1CCCCC1)CCCC1CCC(C2CCCCC2)C1
C1CCC(CCCC2CCC3C(CCC4C5CCCC5CCC34)C2)CC1
C1CCC(C2CCC(CC3CC4CCCCC4C4CCC5CCCCCC5C34)CC2)CC1
C1CCC(C2CCC3CC4C(CC5CC6CCCCC6C5)CCCC4CC32)CC1
C1CCC2CC(CC3CCCC4CCCC43)CCC2C1
C1CCC(CCCCC2CC3CCCCC3C2)CC1
C(CCC1CCC2CCCCC2C1)CCC1CCCC2CCCC12
C1CCC(CCC2CCCC3CC4C(CC5CCCCC5)CCC4CC23)CC1
C1CCC(CCC2CCC3C2CCCC(C2CCCCC2)C2C4CCCCC4CCC32)CC1
C1CCC(C2CCC3CC4C(CCCC45CCCC5)CC32)CC1
C1CCC(C2CCC3CC4(CCCCCCC4C4CCCCC4)CCC32)CC1
C1CCC(CCC2CCC3C2CCC2C4CCCCC4CCC32)C1
C(CCC1CCC2CCCCC2C1)CCC1CCCC2CCCCC12
C1CCC(CC2CC3CCCCC3C3CCC4CCCCC4C23)CC1
C1CCC(CCCCCC2CCCC3C(CC4CCCCC4)CCC23)CC1
C1CCC(CCCCCC2CC3CCCCC3C2)CC1
C1CCC2CCC3C4CCC(CCCC5CCCC6CCCCC65)C4CCC3C2CC1
C1CCC(CCCCCC2CCC3CCCCC23)CC1
C1CCC(C2CCC3CCCC3C3CCC4CCCCC4C23)CC1
C1CCC(CCCCC2CCC3CCC(C4CCCC5CCCC54)CC3C2)CC1
C1CCC(CCCCC2CC3CCCCC3C2)CC1
C1CCC(CCC2CCC3C(CCC3C3CCCCC3)C2)CC1
C1CCC2C(C1)CCC1C2CCC2C3CCCC3CC21
C1CCC2CCC3C4CCC(CCCC5CC6CCCCC6C5)C4CCC3C2CC1
C1CCC(C2CCC3CCC4C(CCC5C6CCC(CCCC7CCC8CCCCC8C7)C6CCC45)CC32)CC1
C1CCC(CCCC2CCCC(C3CCC4CC(CCC5CCC6CCCCC6C5)CCC43)C2)CC1
C1CCC2CCC3C4CCCCC4CC(CC4CCCC4)C3C2CC1
C1CCC(CCCCCC2CC3CCCCC3C2)CC1
C1CCC(CCC2CCC(CC3CCC4C(CCC4C4CCCCC4)C3)CC2)CC1
C1CCC(CC2CCC3CC4C(CC5CC6CCCCC6C5)CCCC4CC23)CC1
C1CCC(C2CC3CCCC3C3CCCC4CCCCC4C23)CC1
C1CCC2CC(CCCC3CCC4C3CCC3C5CCCCC5CCC43)CC2C1
C1CCC(CCCCC2CC3CCCCC3C2)CC1
C1CCC(C2CCC3CC4C(CCCC5C6CCC(CCCC7CCC8CCCCC8C7)C6CCC45)CC32)CC1
C1CCC(CCC2CCC(C3CCC4C(CCC4C4CCCCC4)C3)CC2)CC1
C(CCC1CCC2C(CCC3C4CCCC4CCC23)C1)CC1CCC(C2CC3CCCC3C3CCC4CCCCC4C23)CC1
C(CCC1CCCC2CCCCC12)CC1CC2CCCCC2C1
C(CCCC1CCC2CCCC2C1)CCCC1CCC(C2CCCCC2)C1
C1CCC(C2CCC3CCC4CCCCC4C3CC2)CC1
C(CCCC1CCCCC1)CCCC1CCC(CC2CCCCC2)C1
C1CCC(C2CC3CCCC3C3CCC4CCCCCC4C23)CC1
C1CCC(CCC2CCC3C2CCC(C2CCCCC2)C2C4CCCCC4CCC32)CC1
C1CCC2CC(C3CCCC4CCCC43)CCC2C1
C1CCC(CCC2CCC3C(CC4CCCCC4)CCC3C2)CC1
C1CCC2CC(CCCC3CCC4C3CCC3C5CCCCC5CCC43)CC2C1
C1CCC(C2CCC3CCCC3C3CCC4CCCCCC4C23)CC1
C1CCC(CCC2CCC3C(CCC4C5CCCC5CCCC34)C2)CC1
C1CCC(CCCC2CCC3CCC(C4CCCC5CCCC54)CC3CC2)CC1
C1CCC(C2CCC3CC4C(CCCC45CCCC5)CC32)CC1
C1CCC(C2CCC3CC4CCCCC4CCC32)CC1
C1CCC2CC(CCCC3CCC4C3CCC3C5CCCCC5CCCC43)CC2C1
C1CCC(CCCCC2CCC3CCCCC23)CC1
C1CCC2CCC(C3CCCC4CCCC43)CC2CC1
C1CCC(C2CCC3CCC4C(CCC5C6CCC(CCCC7CC8CCCCC8C7)C6CCC45)CC32)CC1
C1CCC(CCCC2CCC3C(CCC3C3CCCCC3)C2)CC1
C(CCCC1CCCC2C(C3CCCCC3)CCC12)CCC1CCC(C2CCCC2)C1
C1CCC(CC2CCC3C(CCC3C3CCCCC3)C2)CC1
C1CCC(C2CC3CCCC3C3CCC4CCCCC4C23)CC1
C1CCC(C2CCC3CC4(CCCCC4C4CCCCC4)CCCC32)CC1
C1CCC(CCCCCC2CC3CCCCC3C2)CC1
C1CCC(CCCCC2CC3CCCCC3C2)CC1
C1CCC(CCC(CC2CC3CCCCC3C2)C2CC2)CC1
C1CCC(CCC2CCC3C(CC4CCCCC4)CCC3C2)CC1
C1CCC2C(C1)CCCC1C2CCC2C3CCCC3CC21
C1CCC(CCC2CCC3C(CCC3C3CCCCC3)C2)CC1
C1CCC(C2CCC3CCCC3C3CCC4CCCCC4C23)CC1
C1CCC2C(C1)CCC1C3CCCCC3CCC21
C(CCC1CCCC2CCCCC12)CC1CCC2CCCCC2C1
C1CCC(CCCCCC2CC3CCCCC3C2)CC1
C1CCC(CCC2CCC3C(CCC4C5CCCC5CC(CCC5CCCCC5)CC34)C2)CC1
C1CCC2CC(C3CCCC4CCCC43)CCC2C1
C1CCC2CCC3CCCCC3C2CC1
C1CCC(CCC(CCC2CCC3CCCC3C2)CC2CCCCC2)CC1
C1CCC(CCCCC2CC3CCCCC3C2)CC1
C1CCC(CC2CCC3CC4(CCCCC4C4CCCCC4)CCC23)CC1
C1CCC(CCCC2CCC3CCC(C4CCCC5CCCC54)CC3C2)CC1
C1CCC(CCCCC2CCC3CCCCC3C2)CC1
C1CCC2C(C1)CCC1C3CCCC3CCC21
C1CCC(CCC2CCC3C(CCC3C3CCCCC3)C2)CC1
C1CCC(CCCCCC2CC3CCCCC3C2)CC1
C1CCC(CCCC2CCC3CCC(C4CCCC5CCCC54)CC3C2)CC1
C(CCCC1CCCC2C(C3CCCCC3)CCC12)CCC1CCCCC1
C1CCC(CC2CCCCCC23CCCC2C(CCC2C2CCCCC2)C3)CC1
C1CCC2CCC3C4CCC(CCCC5CC6CCCCC6C5)C4CCC3C2CC1
C1CCC(CCCCC2CC3CCCCC3C2)CC1
C1CCC(CCC2CCC(CCCC3CCCC(CC4CCCC4)C3)CC2)CC1
C1CCCC(C2CCC3CC4C(CCC5C6CCC(CCCC7CC8CCCCC8C7)C6CCC45)CC32)CC1
C1CCC(C2CC3CCCC3C3CCC4CCCCC4C23)CC1
C1CCC(C2CCC3CC4(CCCCCCC4C4CCCCC4)CCC32)CC1
C1CCC(CC2CC3CCCCC3C3CCC4CCCCC4C23)CC1
C1CCC(CCCC2CCCC(C3CCC4CC(CCC5CCC6CCCCC6C5)CCC43)C2)CC1
C1CCC(CCCCCC2CCCC3C(C4CCCCC4)CCC23)CC1
C(CCCC1CCCC2C(C3CCCCC3)CCC12)CCC1CCCCC1
C1CCC2C(C1)CCC1C3CCCC3CCC21
C1CCC2CC(C3CCCC4CCCC43)CCC2C1
C1CCC2CCC3CCCCC3C2CC1
C1CCC(CCCCCC2CCC3CCCCC23)CC1
C1CCC(CC2CCC3CC4C(CCC5C6CCC(CCCC7CC8CCCCC8C7)C6CCC45)CC23)CC1
C1CCC(C2CC3CCCC3C3CCC4CCCCC4C3C2)CC1
C1CCC(CCCCCC2CCCC3C(C4CCCCC4)CCC23)CC1
C1CCC(CCCC(CCC2CCC3CCCC3C2)CC2CCCCC2)CC1
C1CCC2C(C1)CC(C1CCCC1)C1CCCCC21
C1CCC(C2CCC3C(CCCC4CCCCC43)C2)CC1
C1CCC(C2CC3CCCC3C3CCC4CCCCC4C23)CC1
C1CCC(CCCCCC2CC3CCCCC3C2)CC1
C1CCC(CCCCCC2CC3CCCCC3C2)CC1
C1CCC(CCCC2CCC3C(CCC3C3CCCCC3)C2)CC1
C1CC(C2CCC(C3CC4CCCC4C4CCCC5CCCCC5C34)CC2)C1
C1CCC(CC2CCC3CC4C(CCC45CCCC5)CC23)CC1
C1CCC(C2CC3CCCC3C3CCC4CCCCCC4C23)CC1
C1CCC(CCCCC2CC3CCCCC3C2)CC1
C1CCC2CCC(C3CCCC4CCCC43)CC2CC1
C1CCC(CCCCC2CC3CCCCC3C2)CC1
C1CCC2CC(CCCC3CCC4C3CCC3C5CCCCC5CCCC43)CC2C1
C1CCC(CCCCCC2CC3CCCCC3C2)CC1
C1CCC(CCCCC2CCC3CCCCC23)CC1
C1CCC2CC(C3CCCC4CCCC43)C3CCCC3C2CC1
C1CCC(CC(CC2CCCCC2)C2CCCCC2)CC1
C(CCC1CCCC2CCCCC12)CC1CCC2CCCCC2C1
C1CCC(CCCC2CCCC3CCC(C4CCCC5CCCC54)CC3C2)CC1
C1CCC2C(C1)CCC1CCCCC12
C1CCC(CCCC2(CCC3CCCC3)CCC3C4CCC5CCCCC5C4CCCC32)CC1
C1CCC(CCC2CCC(C3CCC3)CC2)CC1
C1CCC2CC(CC3CCCC4CCCC43)CCC2C1
C1CCC(CCC2CCC(CCC3CCCC(CC4CCCC4)C3)CC2)CC1
C1CCC(C2CCC3CCC4C(CCC45CCCCC5)CC32)CC1
C1CCC(C2CC3CCCC3C3CCC4CCCCC4C23)CC1
C1CCC(CCCCC2CC3CCCCC3C2)CC1
C1CCC(CC2CC3CCCCC3C3CCC4CCCCC4C23)C1
C(CCCC1(C2CCCCC2)CCC1)CCC1CCC(C2CCCCC2)C1
C1CCC(C2CCC3CC4C(CCC5C6CCC(CCCC7CC8CCCCC8C7)C6CCCC45)CC32)CC1
C1CCC(CCCCCC2CCC3CCCCC23)CC1
C1CCC(CCC2CCC3C(CC4CCCCC4)CCC3C2)CC1
C1CCC(CCC(CCC2CCC3CCCC3C2)CC2CCCCC2)CC1
C1CCC(C2CC3CCCC3C3CCC4CCCCC4C23)CC1
C1CCC(CCCCCC2CC3CCCCC3C2)CC1
C1CCC(CC2CCC3CC4C(CCC45CCCC5)CC23)CC1
C1CCC(CCCCC2CC3CCCCC3C2)CC1
C(CCCCC1CCC(C2CCCCC2)C1)CCCC1CCCCC1
C1CCC(C2CC3CCCC3C3CCC4CCCCC4CC23)CC1
C1CCC(C2CCC3CCCCC3C3CCC4CCCCC4C23)CC1
C1CCC(C2CCC3CC4C(CCCCC45CCCC5)CC32)CC1
C1CCC(C2CCCC(CC3CC4CCCCC4C4CCC5CCCCC5C4C3)C2)C1
C1CCC(C2CCC3CCC4CCCCC4C3CC2)CC1
C1CCC(CCCC2CCCC(C3CCC4CC(CCC5CCC6CCCCCC6C5)CCC43)C2)CC1
C1CCC2CCC3C4CCCC4CCC3C2CC1
C1CCC2C(C1)CCC1C3CCCC3CCC21
C1CCC2CCC(C3CCCC4CCCC43)CC2CC1
C1CCC(CCCCCC2CC3CCCCC3C2)CC1
C(CCCC1CCCC2CCCCC12)CCC1CCC(C2CCCC2)C1
C1CCC(CCCCC2CC3CCCCC3C2)CC1
C1CCC2CC(CCCC3CCC4C3CCCC3C5CCCCC5CCC34)CC2C1
C1CCC(CCCCCC2CCC3C2CCC2C4CCCCC4CCC32)CC1
C1CCC(CCCCCC2CC3CCCCC3C2)CC1
C1CCC(CCCC2CCC(C3CCC4C(CCC4C4CCCCC4)C3)CC2)CC1
C1CCC(C2CCC3CC4(CCCCCCC4C4CCCCC4)CCC32)CC1
C1CCC(CC2CC3CCCCC3C3CCC4CCCCC4C23)CC1
C1CCC(CCCC2CCC3CCCC3C2)CC1
C1CCC(C2CCC3C(CCC4CCCCC43)C2)CC1
C1CCC2CCC(C3CCCC4CCCC43)CC2CC1
C1CCC2C(C1)CCC1C3CCCCC3CCC21
C1CCC(CC2CC3CCCCC3C3CCC4CCCCCC4C23)CC1
C1CCC(CCCCC2CC3CCCCC3C2)CC1
C1CCC(CC2CC3CCCCC3C2CC2CCCCC2)CC1
C1CCC(C2CCC3CCC4C(CCC5C6CCC(CCCC7CCCC8CCCCC87)C6CCC45)CC32)CC1
C1CCC(C2CCC3C(CCCC4CCCCC43)C2)C1
C1CCC2C(C1)CCC1C3CCCC3CCC21
C1CCC(CC2CCCC(CC3CC4CCCCC4C4CCC5CCCCCC5C34)C2)CC1
C(CCCC1CCCC2C(C3CCCCC3)CCC12)CCC1CCCCC1
C1CCC(CCCCC2CC3CCCCC3C2)CC1
C1CCC(CCCC2(CCC3CCCC3)CCC3C4CCC5CCCCC5C4CCC32)C1
C1CCC2CCC(C3CCCC4CCCC43)CC2CC1
C1CCC(CC2CC3CCCCC3C3CCC4CCCCCC4C23)CC1
C1CCC(CC2CC3CCCCC3C3CCC4CCCCCC4C23)CC1
C1CCC(CCC2CCCCC3CC4C(CCC4C4CCCCC4)CC23)CC1
C1CCC2C(C1)CCCC1C3CCCC3CCC21
C1CCC(CCC(CC2CCC(CC3CCCCC3)CC2)C2CCCCC2)CC1
C1CCC(CCCCCC2CC3CCCCC3C2)CC1
C1CCC2CC(CCCC3CCC4C3CCC3C5CCCCC5CCC43)CC2C1
C1CCC(CCC2CCC3C(CCC3C3CCCC(CCC4CCCCC4)C3)C2)CC1
C1CCC(CCCCCC2CC3CCCCC3C2)CC1
C1CCC(C2CCC3CC4C(CCCC45CCCCC5)CC32)CC1
C1CCC(CCCC2CCCC(C3CCC4CC(CCC5CCC6CCCCCC6C5)CCC43)C2)CC1
C1CCC(CC2CCC3CC4C(CCC5C6CCC(CCCC7CCC8CCCCC8C7)C6CCC45)CC23)CC1
C1CCC(C2CC3CCCCC3C3CCCCC23)CC1
C1CCC(C2CCC3C(CCCCCC4CC4)CCCC23)CC1
C1CCC2CCC3C4CCCCC4CC(CC4CCCC4)C3C2CC1
C1CCC(CCC2CCC3C(CCC3C3CCCC(CC4CCCCC4)C3)C2)CC1
C(CCC1CCC2CCCCC2C1)CCC1CCCC2CCCCC12
C1CCC(CCCCC2CCC3CCCCC23)CC1
C1CCC(C2CC3CCCC3C3CCC4CCCCC4C23)CC1
C1CCC(CC2CCC(CC3CC4CCCCC4C4CCC5CCCCC5C34)CC2)CC1
C1CCC(CCCCC(CC2CCC3C(CCC3C3CCCCC3)C2)C2CCCCC2)CC1
C1CCC(C2CC3CCCC3C3CCCC4CCCCC4C23)CC1
C1CCC(C2CCC3C(CCC4CCCCC43)C2)CC1
C1CCC(CCC2CCC3C(CCC4CCCCC43)C2)CC1
C1CCC(CCCCCC2CC3CCCCC3C2)CC1
C1CCC(CC2CCC3CC4C(CCC45CCCC5)CC23)CC1
C1CCC(CCCCCC2CCCC3C(C4CCCCC4)CCC23)CC1
C1CCC2CCC3C4CCCC4CCC3C2CC1
C1CCC(C2CC3CCCC3C3CCC4CCCCCC4C23)CC1
C1CCC(C2CCC(CCCCCC3CCCC4CCCCC34)C2)CC1
C1CCC(C2CCC3CC4C(CCC32)CCC42CCCCC2)CC1
C1CCC2CC(CCCC3CCC4C3CCC3C5CCCCC5CCC43)CC2C1
C1CCC2CC(C3CCCC4CCCC43)CCC2C1
C1CCC(C2CCC3CC4C(CCC5C6CCC(CCCC7CC8CCCCC8C7)C6CCC45)CC32)CC1
C1CCC(C2CC3CCCC3C3CCC4CCCCC4C3C2)CC1
C1CCC2C(C1)CCC1C3CCCCC3CCC21
C1CCC(CCCCC2CC3CCCCC3C2)CC1
C1CCC(CCC2CCC3C(CCC3C3CCCCC3)C2)CC1
C1CCC(CC2CCC3C(CCC3C3CCCCC3)C2)CC1
C1CCC2CC(C3CCCC4CCCC43)CCC2C1
C1CCC2CCC(C3CCCC4CCCC43)CC2CC1
C1CCC(CCCCC(CC2CCC3C(CCC3C3CCCCC3)C2)C2CCCCC2)CC1
C1CCC(C2CC3CCCC3C3CCC4CCCCCC4C23)CC1
C1CCC(CC2CC3CCCCC3C3CCC4CCCCC4C3C2)CC1
C1CCC(CCCCC2CC3CCCCC3C2)CC1
C1CCC(CCC2CCC3C(CCC4C5CCCC5CC(CCC5CCCCC5)C34)C2)CC1
C1CCC2CCC3C4CCCC4CCC3C2CC1
C1CCC2C(C1)CCC1C3CCCC3CCC21
C1CCC(C2CCC3CC4C(CCCC45CCCC5)CC32)CC1
C1CCC(CCC2CCC3C2CCC(C2CCCCC2)C2C4CCCCC4CCC32)CC1
C1CCC2CCC3C4CCC(CCCC5CC6CCCCC6C5)C4CCC3C2CC1
C1CCC(CCC2CCCCC2)CC1
C(CCC1CCCC2CCCCC12)CC1CCCC2CCCCC12
C1CCC2C(C1)CCC1C2CCC2C3CCCC3CC21
C1CCC(CCCCCC2CCCC3C(C4CCCCC4)CCC23)CC1
C1CCC2CC3CCC(C4CCCCC4)C3CC2CC1
C1CCC(CCC2CCC3C(CCC3C3CCCCC3)C2)CC1
C1CCC(CCC2CCC3C(CCC3C3CCCCC3)C2)CC1
C1CCC(C2CC3CCCC3C3CCC4CCCCC4C23)CC1
C1CCC(CCC2CCC3C(CCC3C3CCCC(CC4CCCC4)C3)C2)CC1
C1CCC2CCC(C3CCCC4CCCC43)CC2CC1
C1CCC(C2CCC3CC4C(CCC45CCCCCC5)CC32)CC1
C1CCC2CCC(C3CCCC4CCCC43)CC2CC1
C1CCC2CC(C3CCCC4CCCC43)CCC2C1
C1CCC(C2CCC3CC4C(CCC32)CCC2C3CCC(CCCC5CCC6CCCCC6C5)C3CCC42)CC1
C(CCC1CCCC2CCCC12)CC1CC2CCCCC2C1
C1CCC(C2CC3CCCC3C3CCC4CCCCC4C23)CC1
C1CCC(C2CCC3CC4C(CCC5C6CCC(CCCC7CCC8CCCCC8C7)C6CCCC45)CC32)CC1
C1CCC(CCC(CCC2CCC3CCCC3C2)CC2CCCCC2)CC1
C1CCC(CCC2CCC3C(CCC4C5CCCC5CCCC34)C2)CC1
C1CCC(CCCCCC2CCC3CCCCC23)CC1
C1CCC(CC2CC3CCCCC3C3CCC4CCCCC4C23)CC1
C1CCC2CCC(C3CCCC4CCCC43)CC2CC1
C1CCC(CCCCC2CCC3CCCCC23)CC1
C1CCC(C2CCC3C(CCCC4CCCCC43)C2)CC1
C(CCC1CCC2C1CCC1C3CCCCC3CCC21)CC1CC2CCCCC2C1
C1CCC(CCCCC2CC3CCCCC3C2)CC1
C1CCC(C2CCC3CC4C(CCC5C6CCCC(CCCC7CCC8CCCCC8C7)C6CCC45)CC32)CC1
C(CCC1(C2CCCC2)CCCC2CCCCC21)CC1CCC2CCCCC2C1
C1CCC(CCCCC2CCC3CCCCC23)CC1
C1CCC(C2CCC3CC4C(CCC32)CCC2C3CCCC3CCC42)CC1
C1CCC(C2CC3CCCC3C3CCC4CCCCC4C23)CC1
C(CCC1CCCC2CCCCC12)CC1CCC2CCCCC2C1
C1CCC(CC2CCC(CC(CC3CCCCC3)C3CCCCC3)CC2)CC1
C1CCC(CCCCC2C3CCCCCC3CCC2C2CCCC3CCCC32)CC1
C1CCC(C2CCC3C(CCCC4CCCCC43)C2)CC1
C1CCC2C(C1)CCC1CCCCC12
C(CCCC1CCCC2C(C3CCCCC3)CCC12)CCC1CC1
C(CCCC1CCCCC1)CCCC1CCC(C2CCCCC2)C1
C1CCC2CC(CCCC3CCC4C3CCC3C5CCCCC5CCCC43)CC2C1
C1CCC(C2CCC3CCCC3C3CCC4CCCCC4C23)CC1
C1CCC2CCC(C3CCCC4CCCC43)CC2CC1
C1CCC2CCC3C4CCC(CCCC5CC6CCCCC6C5)C4CCC3C2CC1
C1CCC(C2CCCC3C(CCC4CCCCC43)C2)CC1
C1CCC(CC2CCC3C(CCC3C3CCCCC3)C2)CC1
C1CCC(C2CCC3CC4C(CCC45CCCCCC5)CC32)CC1
C1CCC2CC(C3CCCC4CCCC43)CCC2C1
C1CCC2CCC3C4CCC(CCCC5CC6CCCCC6C5)C4CCC3C2CC1
C1CCC2C(C1)CCCC1C3CCCC3CCC21
C1CCC(CCCCC2CC3CCCCC3C2)CC1
C1CCC2CCC3C4CCCCC4CC(CC4CCCC(C5CCCC5)C4)C3C2CC1
C1CCC2CC(CC3CCCC4CCCC43)CCC2C1
C1CCC2CC3CCC4CCCCC4C3CCC2C1
C1CCC(CCCCC2CC3CCCCC3C2)CC1
C1CCC(CC2CCC3CC4C(CCC45CCC(C4CCCCC4)C5)CC23)CC1
C1CCC(CCCC2CCCC3CCC(C4CCCC5CCCC54)CC3C2)CC1
C1CCC2CC(C3CCCC4CCCC43)CCC2C1
C1CCC2CC(CCCC3CCC4C3CCCC3C5CCCCC5CCC34)CC2C1
C1CCC(CC2CCC3(CCC4CC5C(CCC5C5CCCCC5)CC43)C2)CC1
C1CCC(CCCCC2CC3CCCCC3C2)CC1
C1CCC(CCC2CCCC3CC4C(CCC23)CCC4C2CCCCC2)CC1
C1CCC2CC(C3CCCC4CCCC43)CCC2C1
C1CCC(C2CC3CCCC3C3CCC4CCCCC4C23)CC1
C1CCC(CCCCC2CC3CCCCC3C2)CC1
C1CCC2CC(C3CCCC4CCCC43)CCC2C1
C1CCC2C(C1)CCC1CCCCC12
C1CCC(C2CC3CCCC3C3CCC4CCCCC4CC23)CC1
C1CCC(CC2CC3CCCCC3C3CCC4CCCCC4C3C2)C1
C1CCC(CCCCCC2CC3CCCCC3C2)CC1
C1CCC(CCC2CCC3C(CCC3C3CCCCC3)C2)CC1
C(CCC1CCCC2CCCCC12)CC1CCC2CCCCC2C1
C1CCC(C2CCC3CC4C(CCCC5C6CCC(CCCC7CC8CCCCC8C7)C6CCC45)CC32)CC1
C1CCC(C2CCC3CC4C(CCC5C6CCC(CCCC7CC8CCCCC8C7)C6CCC45)CC32)CC1
C1CCC(C2CCC(CCCCCC3CCCC4CCCCC34)C2)CC1
C1CCC(C2CC3CCCC3C3CCC4CCCCC4C23)CC1
C1CCC(C2CC3CCCCC3C3CCCCC23)CC1
C1CCC(C2CC3CCCC3C3CCC4CCCCC4C23)CC1
C1CCC(CCC2CCC3CCCC3C3CCC4CCCCC4C23)CC1
C1CCC(CCCCC2CCC3CCCCC23)CC1
C1CCC2CC(C3CCCC4CCCC43)CCC2C1
C1CCC(C2CC3CCCC3C3CCC4CCCCCC4C23)CC1
C(CCC1CCCC2CCCC12)CC1CC2CCCCC2C1
C1CCC2CCC(C3CCCC4CCCC43)CC2CC1
C1CC2CCC3C(CCC4CCCCC43)CC2C1
C1CCC(C2CCC3CC4C(CCCC45CCCCC5)CC32)CC1
C1CCC(CCCCCC2CCCC3C2CCC3C2CCCC(CC3CCCC3)C2)CC1
C1CCC(CCCCC2CCC3CCCCC3C2)CC1
C1CCC2CCC3CCCCC3C2CC1
C(CCC1CCCC2CCCCC12)CC1CC2CCCCC2C1
C1CCC2CC(C3CCCC4CCCC43)CCC2C1
C(CCC1CCCC2CCCCC12)CC1CCCC2CCCCC12
C1CC2CCC3C(CCC4CCCCC43)CC2C1
C1CCC(CCCCC2CC3CCCCC3C2)CC1
C1CCC2CCC(C3CCCC4CCCC43)CC2CC1
C1CCC(C2CCC(CCCCCC3CCCC4CCCCC34)C2)CC1
C1CCC(CCC(CCC2CCC3CCCC3C2)CC2CCCCC2)CC1
C1CCC2CCC3C4CCC(CCC5CCCC5)C4CCC3C2CC1
C1CCC2C(C1)CCC1C3CCCC3CCC21
C1CCC2CCC3C4CCCC4CCC3C2CC1
C1CCC(C2CC3CCCC3C3CCC4CCCCC4C23)CC1
C1CCC(CCCCC2CC3CCCCC3C2)CC1
C1CCC2CCC(C3CCCC4CCCC43)CC2CC1
C1CCC(CC2CCC3C(CCC3C3CCCCC3)C2)CC1
C(CCC1CCC2CCCCC2C1)CCC1CCCC2CCCCC12
C1CCC(CCCCC2CC3CCCCC3C2)CC1
C1CCC2CCC3C4CCC(CCCC5CCC6CCCCC6C5)C4CCC3C2CC1
C1CCC(CCC(CC2CC2)CC2CC3CCCCC3C2)CC1
C1CCC2CCC3C4CCCCC4CC(CC4CCCC4)C3C2CC1
C1CCC(CCCCC2CC3CCCCC3C2)CC1
C1CCC(C2CCC3CC4(CCCCCC4C4CCCCC4)CCCC32)CC1
C1CCC(C2C3CCCC3CC3CC4CCCCC4CC32)CC1
C1CCC(CCC2CCC3C(CC4CCCCC4)CCC3C2)CC1
C1CCC(CCCCC2CC3CCCCC3C2)CC1
C1CCC(CCC2CCC3C(CCC3C3CCCC(CC4CCCC4)C3)C2)CC1
C1CCC(CC2CC3CCCCC3C3CCC4CCCCC4C23)C1
C1CCC(C2CCC3CC4C(CCCC45CCCCC5)CC32)CC1
C1CCC(CC2CC3CCCCC3C3CCC4CCCCC4C23)C1
C1CCC(CC2CC3CCCCC3C3CCC4CCCCC4C3C2)C1
C1CCC(C2CCC3(CCCC4CC5C(CCC5C5CCCCC5)CC43)C2)CC1
C(CCCC1CCCC2C(C3CCCCC3)CCC12)CCC1CCC(C2CCCC2)C1
C1CCC(CC2CC3CCCCC3C2CC2CCCCC2)CC1
C1CCC(C2CC3CCCC3C3CCC4CCCCC4C23)CC1
C1CCC(CC2CC3CCCCC3CC3CCC4CCCCC4C32)C1
C1CCC(CCCCCC2CCCC3C(C4CCCCC4)CCC23)CC1
C1CCC(C2CC3CCCCC3C3CCC4CCCCC4C23)CC1
C1CCC(CC2CCCCC2CC2CC3CCCCC3C3CCC4CCCCCC4C23)CC1
C1CCC(C2CCC3CC4C(CCC5C6CCC(CCCC7CC8CCCCC8C7)C6CCC45)CC32)CC1
C1CCC2CC(CCCC3CCC4C3CCC3C5CCCCC5CCCC43)CC2C1
C1CCC2CC(CCCC3CCC4C3CCC3C5CCCCC5CCC43)CC2C1
C1CCC(CCCC2CCCC3CC4C(CCC4C4CCCCC4)CC23)CC1
C1CCC(C2CCC3CCCC3C3CCC4CCCCCC4C23)CC1
C1CCC(C2CC3CCCC3C3CCCC4CCCCC4C23)CC1
C1CCC2CC(C3CCCC4CCCC43)CCC2C1
C1CCC(CC2CC3CCCC3C3CCC4CCCCC4C23)CC1
C1CCC(CC2CC3CCCCC3C3CCC4CCCCC4C23)CC1
C1CCC(CCC2CCCC3CC4C(CCC4C4CCCCC4)CC23)CC1
C(CCCC1CCCCC1)CCCC1CCC(C2CCCCC2)C1
C1CCC(C2CC3CCCC3C3CCC4CCCCC4C23)CC1
C1CCC2C(C1)CCCC1CCCCC12
C1CCC(CCCC2CCC3CCC(C4CCCC5CCCC54)CC3C2)CC1
C(CCC1CCCC2CCCC12)CC1CC2CCCCC2C1
C1CCCC(CC2CCCC2CC2CC3CCCCC3C3CCC4CCCCC4C23)CC1
C1CCC(CCCCCC2CCC3CCCCC23)CC1
C1CCC(C2CCC3CC4C(CCC45CCCCC5)CC32)CC1
C1CCC(CCC2CCCCC2)CC1
C(CCC1CCCC2CCCCC12)CC1CCC2CCCCC2C1
C1CCC2CCC(C3CCCC4CCCC43)CC2CC1
C(CCC1CCC2CCCCC2C1)CCC1CCCC2CCCC12
C(CCC1CC2CCCCC2C1)CCC1CCCC2CCCC12
C1CCC(CCC2CCC(C3CCC4C(CC5CCCCC5)CCC4C3)CC2)CC1
C1CCC(CCCCC2CC3CCCCC3C2)CC1
C1CCC(CC2CCCCC2CC2CC3CCCCC3C3CCC4CCCCC4C23)CC1
C1CCC(CCC(CCC2CCC3CCCC3C2)CC2CCCCC2)CC1
C1CCC(C2CCC3CC4C(CCC5C6CCCC6CCC45)CC32)CC1
C(CCCC1CCCC2CCCC12)CCC1CCCCC1
C1CCC(CC2CCC(CC(CC3CCCCC3)C3CCCCC3)CC2)CC1
C1CCC(CCCC2CCC3C(CCC3C3CCCCC3)C2)CC1
C1CCC2CC(C3CCCC4CCCC43)CCC2C1
C(CCCC1CCCC2C(C3CCCCC3)CCC12)CCC1CCC(C2CCCC2)C1
C(CCC1CCCC2CCCC12)CC1CC2CCCCC2C1
C(CCC1CC2CCCCC2C1)CCC1CCCC2CCCC12
C1CCC(CCC2CCC(C3CCC4C(CCC4C4CCCCC4)C3)CC2)CC1
C1CCC2C(C1)CCC1CCCCC12
C1CCC(CCCCCC2CCCC3C(C4CCCCC4)CCC23)CC1
C1CCC2CC(C3CCCC4CCCC43)CCC2C1
C1CCC(CCCCC2CC3CCCCC3C2)CC1
C1CCC(C2CC3CCCC3C3CCC4CCCCCC4C23)CC1
C1CCC(CCCCCC2CCC3CCCCC23)CC1
C1CCC(CC2CCCC(CCC3CCC(CCC4CCC(C5CC5)CC4)CC3)C2)C1
C1CCC(C2CCC3CC4C(CCC45CCCCC5)CC32)CC1
C1CCC(CCC2CCC3C(CCC4C5CCCC5CCC34)C2)CC1
C1CCC(CCC2CCC(C3CC3)CC2)CC1
C1CCC(C2CC3C(CCCC34CCCC4)C3CCC4CCCCC4C23)CC1
C1CCC(CCC2CCC3C(CCC3C3CCCC(CCC4CCCC4)C3)C2)CC1
C1CCCC(C2CC3CCCC3C3CCC4CCCCC4C23)CC1
C(CCCC1CCCCC1)CCCC1CCC(C2CCCCC2)C1
C1CCC(CCC2CCCC3CC4C(CC5CCCCC5)CCC4CC23)CC1
C(CCC1CCCC2CCCCC12)CCC1CCCC2CCCCC12
C1CCC(CCC2CCCCC2)CC1
C1CCC(CC2CCCCC2CC2CC3CCCCC3C3CCC4CCCCC4C23)CC1
C1CCC(CCC(CC2CCC3C(CC4CCCCC4)CCC3C2)C2CCCCC2)CC1
C1CCC(CCCC2CCC3CCCC3C2)CC1
C1CCC(C2(CCCCC3CCC4CCCCC4C3)CCCC3CCCCC32)CC1
C1CCC(CCC2CCC3C(CCC3C3CCCCC3)C2)CC1
C1CCC(CCCCCC2CC3CCCCC3C2)CC1
C1CCC(C2CCC3CC4(CCCCC4C4CCCCC4)CCCC32)CC1
C1CCC(CC2CCC3CC(C4CCCCC4)CCC23)CC1
C1CCC(CC2CC3CCCCC3C3CCC4CCCCC4C23)CC1
C1CCC2C(C1)CCCC1C3CCCC3CCC21
C1CCC(C2CCC3CC4C(CCC5C6CCC(CCCC7CCC8CCCCC8C7)C6CCC45)CC32)CC1
C1CCC(CCCCCC2CCC3CCCCC23)CC1
C(CCCC1CCCC2C(C3CCCCC3)CCC12)CCC1CCCCC1
C1CCC(CCCC2CCC3C(CCC3C3CCCCC3)C2)CC1
C1CCC(CCC2CCC(CC3CCC4C(CCC4C4CCCCC4)C3)CC2)CC1
C1CCC(CC2CC3CCCCC3C3CCC4CCCCC4C3C2)C1
C1CCC2CCC3C(CCC4C3CCC4(CCCC3CC4CCCCC4C3)CCC3CCCC3)C2CC1
C1CCC2CCC(C3CCCC4CCCC43)CC2CC1
C1CCC(CCCCC2CCCC3C2CCC2C4CCCCC4CCC32)CC1
C1CCC(CCCCCC2CCCC3C(CC4CCCCC4)CCC23)CC1
C1CCC(C2CC3CCCC3C3CCC4CCCCC4C23)CC1
C1CCC(C2CCC3CC4C(CCCC45CCCCC5)CC32)CC1
C1CCC2C(C1)CC(C1CCCC3CCCC31)C1CCCCC21
C1CCC(CCCCC2CC3CCCCC3C2)CC1
C1CCC(CCC(CC2CC3CCCCC3C2)C2CC2)CC1
C1CCC2CCC(C3CCCC4CCCC43)CC2CC1
C1CCC(CCCCCC2CC3CCCCC3C2)CC1
C1CCC(CCCCCC2CCC3CCCCC23)CC1
C1CCC(CCCCCC2CCCC3C(C4CCCCC4)CCC23)CC1
C1CCC2CCC(C3CCCC4CCCC43)CC2CC1
C1CCC(CC2CC3CCCCC3C3CCC4CCCCC4C23)CC1
C1CCC(CC2CC3CCCCC3C3CCC4CCCCC4C23)CC1
C1CCC(CCCCC2CCC3CCCCC23)CC1
C1CCC(CCCCCC2CC3CCCCC3C2)CC1
C1CCC(CCCCC2CC3CCCCC3C2)CC1
C1CCC2CCC3C4CCCCC4CCC3C2CC1
C1CCC(CCCC2CCC3C(CCC3C3CCCCC3)C2)CC1
C1CCC(C2CC3CCCC3C3CCC4CCCCC4C23)CC1
C1CCC2CCC(C3CCCC4CCCC43)CC2CC1
C1CCC2CCC(C3CCCC4CCCC43)CC2CC1
C1CCC(CC23CCCCC2CCC2C4CCCC4CCC23)CC1
C1CCC(C2CC3CCCC3CC3CCC4CCCCC4C32)CC1
C1CCC2C(C1)CCC1CCCCC12
C1CCC(C2CCC3CC4CCCCC4CC32)CC1
C1CCC(CCCCCC2CCCC3C(CC4CCCCC4)CCC23)CC1
C1CCC(CCCC2CCC3CCC(C4CCCC5CCCC54)CC3CC2)CC1
C1CCC(CCC(CC2CCCCC2)CC2CCC3C(CCC3C3CCCCC3)C2)CC1
C1CCC(CCC(CCCC2CCC3CCCC3C2)CC2CCCCC2)CC1
C(CCCC1CCCC2C(C3CCCCC3)CCC12)CCC1CCCCC1
C1CCC(C2CCCC3(CCC4CC5C(CCC5C5CCCCC5)CC43)C2)CC1
C1CCC2CCC3C4CCCCC4CCC3C2CC1
C1CCC2CCC3C4CCC(CCCC5CC6CCCCC6C5)C4CCC3C2CC1
C(CCC1CCC2C(CCC3C4CCCC4CCC23)C1)CC1CCC(C2CCC(C3CC4CCCC4C4CCC5CCCCC5C34)CC2)CC1
C(CCC1CCCC2CCCCC12)CCC1CCCC2CCCCC12
C1CCC(CCC2CCC(CCC3CCCC(CC4CCCC4)C3)CC2)CC1
C1CCC(CCC2CCC3C(CCC3C3CCCCC3)C2)CC1
C1CCC(CCCCC2CCC3CCC(C4CCCC5CCCC54)CC3C2)CC1
C1CCC(C2CC3CCCC3C3CCC4CCCCC4C23)CC1
C1CCC2CC(C3CCCC4CCCC43)CCC2C1
C1CCC(CCCC2CCCC(C3CCC4CC(CCC5CCC6CCCCC6C5)CCC43)C2)CC1
C1CCC(CC2CCC3CC4C(CC5CC6CCCCC6C5)CCCC4CC23)CC1
C1CCC(CC2CCC(CC(CC3CCCCC3)C3CCCCC3)CC2)CC1
C1CCC(CC2CC3CCCCC3C3CCC4CCCCC4C23)C1
C1CCC(CCCCCC2CCCC3C(C4CCCCC4)CCC23)CC1
C1CCC2C(C1)CCC1C3CCCCC3CCC21
C1CCC(CCC2CCC(CCC3CCCC(CC4CCCC4)C3)CC2)CC1
C1CCC(C2CCC3CC4C(CCCC45CCCCC5)CC32)CC1
C1CCC(CCCCC2CCC3CCCCC23)CC1
C1CCC(C2CCC3CC4CCCCC4CC32)CC1
C1CCC(CCCCC2CC3CCCCC3C2)CC1
C(CCC1CCCC2CCCCC12)CC1CCCC2CCCCC12
C1CCC(CCCCC2CC3CCCCC3C2)CC1
C1CCC(C2CC3CCCCC3C3CCC4CCCCC4C23)CC1
C1CCC(C2CCC3CC4C(CCCCC45CCCC5)CC32)CC1
C1CCC(CCC2(CCCC3CCC4CCCCC4C3)CCCC3C4CCC5CCCCC5C4CCC32)C1
C(CCCC1CCCCC1)CCCC1CCC(C2CCCCC2)C1
C1CCC(C2CC3CCCC3C3CCCC4CCCCC4C23)CC1
C1CCC(C2CCC3CC4C(CCC45CCCCC5)CC32)CC1
C1CCC(C2CCC3CC4C(CCC5C6CCC(CCCC7CCC8CCCCC8C7)C6CCC45)CC32)CC1
C1CCC(C2CCC3CC(C4CCC(CCC5CCCC5)CC4)CCC32)CC1
C(CCCC1CCCCC1)CCCC1CCC(C2CCCCC2)C1
C1CCC(CCCCC23CCCC2CC2C4CCC5CCCCC5C4CCC23)C1
C1CCC(CCC2(CCCC3CCC4CCCCC4C3)CCC3C4CCC5CCCCC5C4CCC32)C1
C1CCC2CC(C3CCCC4CCCC43)CCC2C1
C1CCC(C2CCC3CC4C(CCC32)CCC42CCCCC2)CC1
C1CCC(C2CCC3CCCCC3C3CCCCC23)CC1
C1CCC(C2CC3CCCC3C3CCC4CCCCC4C23)CC1
C(CCC1CCCC2CCCCC12)CC1CCC2CCCCC2C1
C1CCC2CC(C3CCCC4CCCC43)CCC2C1
C1CCC(C2CC3C(CCCC4CC4)CCC3C3CCC4CCCCC4C23)CC1
C1CCC2C(C1)CCC1C3CCCC3CCCC21
C1CCC2C(C1)CCC1CCCCC12
C1CCC(CCCCC2CC3CCCCC3C2)CC1
C1CCC2CCC3C4CCC(CCCC5CC6CCCCC6C5)C4CCC3C2CC1
C1CCC(CCCCCC2CCCC3C(C4CCCCC4)CCC23)CC1
C(CCC1CCC2CCCCC2C1)CCC1CCCC2CCCCC12
C1CCC(CCCCCC2CCCCC2)CC1
C1CCC(CCCCCC2CCC3CCCCC23)CC1
C1CCC(CCCCC2CCC3CCCC3C2)CC1
C1CCC(C2CC3CCCCC3C3CCC4CCCCC4C23)CC1
C1CCC(CCCCC2CC3CCCCC3C2)CC1
C1CCC(C2CCC3CCC4CCCCC4C3CC2)CC1
C(CCC1CC2CCCCC2C1)CCC1CCCC2CCCC12
C(CCC1CCC2CCCCC2C1)CCC1(C2CCCC2)CCCC2CCCCC21
C1CCC(C2CC3CCCC3C3CCC4CCCCCC4C23)CC1
C1CCC(C2CC3CCCCC3CC3CCC(CCC4CCCC4)CC32)CC1
C1CCC(CC2CC3CCCCC3C3CCC4CCCCCC4C23)CC1
C(CCCCC1CCC(C2CCCCC2)C1)CCCC1CCCCC1
C1CCC(C2CCC3CC4C(CCC45CCCCC5)CC32)CC1
C1CCC(C2CCC3CC4C(CCC32)CCC42CCCCC2)CC1
C(CCCC1CCCCC1)CCC1CCCCC1
C1CCC(C2CCC3C(CCC4CCCCC43)C2)CC1
C(CCCC1CCCC2C(C3CCCCC3)CCC12)CCC1CCCCC1
C1CCC2CCC3C4CCCCC4CC(CC4CCCC4)C3C2CC1
C1CCC2CCC3C4CCCC4CC(C4CCC(C5CCCC5)CC4)C3C2CC1
C1CCC(C2CC3CCCC3C3CCC4CCCCC4C23)CC1
C1CCC(CCCCC2CC3CCCCC3C2)CC1
C1CCC2CCC(C3CCCC4CCCC43)CC2CC1
C1CCC(CC2CC3CCCCC3CC3CCC4CCCCC4C32)C1
C1CCC(C2CC3CCCC3C3CCC4CCCCC4CC23)CC1
C1CCC(CCCCC2CC3CCCCC3C2)CC1
C(CCC1CCC2C1CCC1C3CCCCC3CCC21)CC1CC2CCCCC2C1
C1CCC(CC2CC3CCCCC3C3CCC4CCCCCC4C23)CC1
C1CCC(CCCCCC2CCC3CCCC3C2)CC1
C1CCC(CCCCCC2CCCC3C(C4CCCCC4)CCC23)CC1
C1CCC(CCCCCC2CCCC3C(C4CCCCC4)CCC23)CC1
C1CCC2C(C1)CCC1C3CCCC3CCC21
C(CCC1CCC2CCCCC2C1)CCC1(C2CCCC2)CCCC2CCCCC21
C1CCC(C2CC3CCCC3C3CCC4CCCCC4C23)CC1
C1CCC2CCC3C4CCC(CCCC5CC6CCCCC6C5)C4CCC3C2CC1
C1CCC(CCCCC2CCC3CCCCC23)CC1
C1CCC(C2CCC3CC4C(CCCC45CCCCC5)CC32)CC1
C1CCC2C(C1)CCC1C3CCCC3CCC21
C1CCC(CCC2CCC3C(CCC3C3CCCCC3)C2)CC1
C1CCC(CCCCCC2CC3CCCCC3C2)CC1
C1CCC2CCC3C4CCCC4CCC3C2CC1
C1CCC2C(C1)CCC1C3CCCC3CCC21
C1CCC(CCCCCC2CC3CCCCC3C2)CC1
C1CCC2C(C1)CCC1CCCCC12
C1CCC(CCCCC2CC3CCCCC3C2)CC1
C1CCC(CCC2CCC(CCC3CCCCC(CC4CCCC4)C3)CC2)CC1
C1CCC(CCC(CCC2CCC3CCCCC3C2)CC2CCCCC2)CC1
C1CCC2CC(C3CCCC4CCCC43)CCC2C1
C1CCC(CCCCC2C3CCCCC3CCC2C2CCCC3CCCC32)CC1
C1CCC(CCCCC2CC3CCCCC3C2)CC1
C1CCC(C2CCC3CC4C(CCC5C6CCC(CCCC7CCC8CCCCC8C7)C6CCC45)CC32)CC1
C(CCC1CCC2C1CCC1C3CCCCC3CCC21)CC1CC2CCCCC2C1
C1CCC(C2CCC3CC4C(CCC5C6CCCC(CCCC7CC8CCCCC8C7)C6CCC45)CC32)CC1
C1CCC(CCCCC2CC3CCCCC3C2)CC1
C1CCC2C(C1)CCC1C3CCCC3CCC21
C1CCC(CCCCCC2CCC3CCCCC23)CC1
C1CCC2CC(C3CCCC4CCCC43)CCC2C1
C1CCC(CCC2(CCCC3CC4CCCCC4C3)CCC3C4CCC5CCCCC5C4CCC32)C1
C1CCC(C2CC3CCCC3C3CCC4CCCCC4C23)CC1
C1CCC(CCCCCC2CC3CCCCC3C2)CC1
C1CCC(CCC2CC3CCCCC3C3CCC4CCCCC4C23)CC1
C1CCC(C2CCC3CCC4(CCCCCC4)C3C2)CC1
C1CCC(CCCCCC2CCCC3C(C4CCCCC4)CCC23)CC1
C1CCC(CC2CC3CCCCC3C3CCC4CCCCC4C23)CC1
C1CCC(CC2CC3CCCCC3C3CCC4CCCCC4C23)CC1
C1CCC2CCC(C3CCCC4CCCC43)CC2CC1
C1CCC2CCC3C4CCCC4CCC3C2CC1
C1CCC2C(C1)CCCC1CCCCC12
C1CCC(C2CCC(CC3CC4CCCCC4C4CCC5CCCCCC5C34)CC2)CC1
C1CCC(CCC2CCC3C(CCC3C3CCCCC3)C2)CC1
C1CCC(CCCCCC2CCC3CCCCC23)CC1
C1CCC2CC(C3CCCC4CCCC43)CCC2C1
C1CCC(CCC2CCC3C(CCC3C3CCCCC3)C2)CC1
C1CCC2CC(C3CCCC4CCCC43)CCC2C1
C1CCC(CCCCCC2CCCC3C(C4CCCCC4)CCC23)CC1
C1CCC(CC2CCC3CCCCC3C3CCC4CCCCC4C23)CC1
C1CCC(C2CCCCC2CC2CC3CCCCC3C3CCC4CCCCCC4C23)CC1
C1CCC(CCC2CCC3C(CCC3C3CCCCC3)C2)CC1
C1CCC2CCC(C3CCCC4CCCC43)CC2CC1
C1CCC2CCC(C3CCCC4CCCC43)CC2CC1
C(CCCC1CCCCC1)CCC1CCCCC1
C1CCC2C(C1)CC(C1CCCC3CCCC31)C1CCCC21
C(CCCC1CCCCC1)CCCC1CCC(CC2CCCCC2)C1
C1CCC2CCC3C4CCC(CCCC5CCCC5)C4CCC3C2CC1
C1CCC(C2CC3CCCC3C3CCC4CCCCC4C23)CC1
C1CCC2CC(CCCC3CCC4C3CCC3C5CCCCC5CCCC43)CC2C1
C1CCC(CCC2CCC3C(CCC3C3CCCCC3)C2)CC1
C(CCC1CCCC2CCCC12)CC1CC2CCCCC2C1
C1CCC(C2CC3CCCC3C3CCC4CCCCC4CC23)CC1
C1CCC2C(C1)CCC1C3CCCC3CCC21
C1CCC2CCC3C(CCC4C3CCC4(CCCC3CC4CCCCC4C3)CCC3CCCC3)C2CC1
C1CCC(C2CC3CCCC3C3CCC4CCCCCC4C23)CC1
C(CCC1CCC2C1CCC1C3CCCCC3CCC21)CC1CCCC2CCCCC12
C1CCC(CC2CCC3C(CCC3C3CCCCC3)C2)CC1
C1CCC(CCC2CCC3C(CCC3C3CCCCC3)C2)CC1
C1CCC(CCC2CCC3C(CCC4C5CCCCC5CCC34)C2)C1
C1CCC2CC(C3CCCC4CCCC43)CCC2C1
C1CCC2C(C1)CCC1C3CCCC3CCCC21
C1CCC(CCCCC2CCC3CCCCC23)CC1
C1CCC(CCC2CCC(CC(CC3CCCCC3)C3CCCCC3)CC2)CC1
C1CCC2CCC(C3CCCC3)CC2CC1
C(CCCC1CCC2CCCC2C1)CCC1CCCCC1
C1CCC(C2CCC3CC(C4CCC(CCCC5CCCC5)CC4)CCC32)CC1
C1CCC2CCC(C3CCCC4CCCC43)CC2CC1
C1CCC(C2CCC(C3CC4CCCC4C4CCC5CCCCC5C34)CC2)C1
C1CCC(CCCCC2CCC3CCC(C4CCCC5CCCC54)CC3C2)CC1
C(CCC1CC2CCCCC2C1)CCC1CCCC2CCCC12
C1CCC(C2CCC3C(CCCCCC4CCC(C5CCCC5)C4)CCCC23)CC1
C1CCC(CCCCC2CCC3CCCC3C2)CC1
C1CCC2CC(CCCC3CCCC4C3CCC3C5CCCCC5CCC43)CC2C1
C1CCC(CCC2CCC3C2CCC2C4CCCCC4CCC32)C1
C1CCC(CC2CC3CCCCC3C3CCC4CCCCCC4C23)CC1
C1CCC(C2CCC(CCCCCC3CCCC4C(C5CCCCC5)CCC34)C2)CC1
C(CCC1CCCC2CCCCC12)CC1CC2CCCCC2C1
C1CCC(C2CC3CCCC3C3CCCC4CCCCC4C23)CC1
C1CCC2C(C1)CCC1C3CCCCC3CCCC21
C1CCC(C2CCC(CCCCCC3CCCC4C(C5CCCCC5)CCC34)C2)CC1
C1CCC(CCCCCC2CCCC3C(C4CCCCC4)CCC23)CC1
C1CCC2CC(C1)CCC1C3CCCC3CCC21
C1CCC(C2CCC3CC4C(CCC32)CCC42CCCCC2)CC1
C1CCC(C2CCC3CCCC3C3CCC4CCCCCC4C23)CC1
C1CCC(C2CC3CCCC3C3CCC4CCCCCC4C23)CC1
C1CCC2CCC3C4CCCCC4CC(CC4CCCC5CCCCC54)C3C2CC1
C1CCC(CC2CC3CCCCC3C3CCC4CCCCC4C23)C1
C1CCC2CCC(C3CCCC4CCCC43)CC2CC1
C1CCC2C(C1)CCC1C3CCCC3CCCC21
C1CCC(C2C3CCCC3CCC3CC4CCCC4CC32)CC1
C1CCC(C2CCC3CCCCC3C3CCC4CCCCC4C23)CC1
C1CCC(CC2CC3CCCCC3C3CCC4CCCCCC4C23)CC1
C1CCC(CCCCCC2CCC3CCCCC23)CC1
C1CCC(CCCCCC2CCC3CCCCC23)CC1
C1CCC2CC(CCCC3CCCC4C3CCC3C5CCCCC5CCC43)CC2C1
C1CCC2C(C1)CCCC1C3CCCC3CCC21
C1CCC(CC2CC3CCCCC3C3CCC4CCCCC4C23)CC1
C1CCC(CCC2CCC(CCCC3CCCC(CC4CCCC4)C3)CC2)CC1
C1CCC(C2CC3CCCC3C3CCC4CCCCC4C23)CC1
C1CCC2C(C1)CCC1CCCCC12
C1CCC2C(C1)CCCC2CCCC1CCC2C1CCC1C3CCCCC3CCCC21
C(CCC1CC2CCCCC2C1)CCC1CCCC2CCCC12
C1CCC2CC3CCC(C4CCCCC4)C3CC2CC1
C1CCC(CCCCC2CC3CCCCC3C2)CC1
C1CCC2CCC(C3CCCC4CCCC43)CC2CC1
C1CCC2C(C1)CC(C1CCCC1)C1CCCCC21
C1CCC(CCC2CCC3C(CCC3C3CCCCC3)C2)CC1
C1CCC2CCC3C4CCCCC4CC(CC4CCCC4)C3C2CC1
C1CCC(CCCCC2CCC3CCCCC23)CC1
C1CCC(CCCCCC2CCCC3C2CCC3C2CCC(CC3CC3)CC2)CC1
C1CCC(C2CC3CCCCC3C3CCC4CCCCC4C23)CC1
C1CCC(C2CCC3CC4C(CCC45CCCCC5)CC32)CC1
C1CCC(CCCC2CCCC3CCC(C4CCCC5CCCC54)CC3C2)CC1
C1CCC(CCCCC2CCC3CCCCC23)CC1
C1CCC(CCCC2CCC3C(CCC3C3CCCCC3)C2)CC1
C1CCC2CCC3C4CCC(CCCC5CC6CCCCC6C5)C4CCC3C2CC1
C1CCC(CCC2CCC3C(CCC4C5CCCC5CCC34)C2)CC1
C1CCC(CCCCC2CCC3CCC(C4CCCC5CCCC54)CC3C2)CC1
C1CCC(CCCC2CCCC3CCC(C4CCCC5CCCC54)CC3C2)CC1
C1CCC(CCC2CCC3C(CCC3C3CCCCC3)C2)CC1
C(CCC1CCCCC2CCCCC12)CC1CCC2CCCCC2C1
C1CCC(CCC(CCC2CCC3CCCCC3C2)CC2CCCCC2)CC1
C1CCC(CC2CCC3CC4C(CCC45CCCCC5)CC23)CC1
C1CCC2C(C1)CCC1C3CCCC3CCC21
C1CCC2CCC(C3CCCC4CCCC43)CC2CC1
C1CCC(CCCCC2CC3CCCCC3C2)CC1
C(CCC1CCCCC2CCCCC12)CC1CCC2CCCCC2C1
C1CCC(CCCC2CCC3CCC(C4CCCC5CCCC54)CC3C2)CC1
C1CCC(CCC2CCC3C(CCC3C3CCCCC3)C2)CC1
C1CCCC(C2CCC3CC4C(CCC5C6CCC(CCCC7CC8CCCCC8C7)C6CCC45)CC32)CC1
C1CCC(C2CCC(CCCCCC3CCCC4CCCCC34)C2)CC1
C1CCC2C(C1)CCC1C3CCCCC3CCC21
C1CCC(CCC2CCCCC3CC4C(CCC4C4CCCCC4)CC23)CC1
C(CCCC1CCCCC1)CCC1CCCCC1
C1CCC(CCCCC2CC3CCCCC3C2)CC1
C1CCC(CC2CC3CCCCC3C3CCC4CCCCCC4C23)CC1
C1CCC(CCCCC2CC3CCCCC3C2)CC1
C(CCC1CCC2C1CCC1C3CCCCC3CCC21)CC1CC2CCCCC2C1
C1CCC(CC2CCC(CCCC3CCC4CCCC4C3)CC2)C1
C1CCC2CC(CC3CCCC4CCCC43)CCC2C1
C1CCC(CC2CC3CCCCC3C3CCC4CCCCCC4C23)CC1
C1CCC2CC(CCCC3CCC4C3CCCC3C5CCCCC5CCC34)CC2C1
C1CCC2CC(C3CCCC4CCCC43)CCC2C1
C1CCC(C2CCC3CC4C(CCC45CCCCC5)CC32)CC1
C1CCC2CCC3C4CCCC4CCC3C2CC1
C1CCC(CCC2CC3CCCCC3C2C2CCCCC2)CC1
C1CCC2CC(C3CCCC4CCCC43)CCC2C1
C(CCC1CC2CCCCC2C1)CCC1CCCC2CCCC12
C1CCC(CCCC2CCC(C3CCC4C(CCC4C4CCCCC4)C3)CC2)CC1
C1CCC(CCC2(CCCC3CC4CCCCC4C3)CCC3C4CCC5CCCCC5C4CCC32)C1
C1CCC2CCC(C3CCCC4CCCC43)CC2CC1
C1CCC(C2CC3CCCC3C3CCCC4CCCCC4C23)CC1
C1CCC(C2CCC3CC4C(CCC45CCCCC5)CC32)CC1
C1CCC2CCC3C4CCCC4CCC3C2CC1
C1CCC(CCCCCC2CCCC3C(C4CCCCC4)CCC23)CC1
C1CCC(CC2CC3CCCCC3C3CCC4CCCCC4C23)CC1
C1CCC(CCC2CCCCC3CCC(C4CCCC5CCCC54)CC23)CC1
C1CCC(CCCCCC2CC3CCCCC3C2)CC1
C1CCC(C2CCC3CCC4(CCCCC4C4CCCCC4)CCC32)CC1
C1CCC(CCCC2(CCC3CCCC3)CCC3C4CCC5CCCCC5C4CCC32)C1
C1CCC(CC2CC3CCCCC3C3CCC4CCCCCC4C23)CC1
C1CCC(CC(CC2CCCCC2)C2CCCCC2)CC1
C1CCC2C(C1)CCC1C3CCCC3CCC21
C1CCC(CCCCCC2CC3CCCCC3C2)CC1
C1CCC(CC2CC3CCCCC3C3CCCCC23)CC1
C(CCC1CCC2CCCC2C1)CC1CCC(C2CCCC2)CC1
C1CCC(CCC2CCC3C(CCC3C3CCCCC3)C2)CC1
C1CCC2CCC(C3CCCC4CCCC43)CC2CC1
C1CCC2C(C1)CCCC1C3CCCC3CCC21
C(CCC1(C2CCCC2)CCCC2CCCCC21)CC1CCC2CCCCC2C1
C1CCC(CCCCC2CCCCC3CCC(C4CCCCC4)CC23)CC1
C1CCC(CCCCC2CC3CCCCC3C2)CC1
C1CCC(CC2CC3CCCCC3C3CCC4CCCCC4C23)C1
C1CCC(CCCCC2CCC3CCC(C4CCCC5CCCC54)CC3C2)CC1
C(CCC1CCCC2CCCCC12)CC1CCC2CCCCC2C1
C1CCC(CC2CCC3CC4CCCCC4CC23)CC1
C1CCC(CC2CC3CCCCC3C3CCC4CCCCC4C23)CC1
C1CCC(CCC(CCC2CCC3CCCC3C2)CC2CCCCC2)CC1
C1CCC(CCCCCC2CCCC3C(C4CCCCC4)CCC23)CC1
C1CCC(CCCCCC2CCCC3C(CC4CCCCC4)CCC23)CC1
C1CCC2C(C1)CC(C1CCCC1)C1CCCCC21
C1CCC2C(C1)CCC1C3CCCC3CCCC21
C1CCC(CCC2CCC3C(CCC4C5CCCC5CCC34)C2)CC1
C(CCC1CCCC2CCCC12)CC1CC2CCCCC2C1
C(CCCC1CCCC2C(C3CCCCC3)CCC12)CCC1CCC(C2CCCC2)C1
C1CCC2C(C1)CCC1C3CCCC3CCC21
C1CCC2C(C1)CCC1C3CCCC3CCC21
C1CCC2CCC3C4CCCC4CCC3C2CC1
C1CCC(C2CC3CCCCC3CC3CCCCC32)CC1
C(CCC1CCC2CCCCC2C1)CCC1CCCC2CCCCC12
C1CCC(CCCCC2CCCC3CCCCC23)CC1
C1CCC2CC(C3CCCC4CCCC43)CCC2C1
C1CCC(CC2CC3CCCCC3C3CCC4CCCCCC4C23)CC1
C1CCC(C2CCC3CC4C(CCC5C6CCC(CCCCC7CCCC8CCCCC78)C6CCC45)CC32)CC1
C(CCCC1CCCC2C(C3CCCCC3)CCC12)CCC1CCCCC1
C1CCC2CCC3C(CCC4C3CCC4(CCCC3CC4CCCCC4C3)CCC3CCCC3)C2CC1
C1CCC2C(C1)CCC1C3CCCC3CCC21
C1CCC(CCCCCC2CCC3CCCCC23)CC1
C1CCC(C2CCC3CC4C(CCCC45CCCCC5)CC32)CC1
C1CCC(CCCCCC2CCC3CCCCC23)CC1
C1CCC2C(C1)CCC1CCCCC12
C1CCC2C(C1)CCC1C3CCCC3CCC21
C1CCC(CCCC2CCC3CCC(C4CCCC5CCCC54)CC3C2)CC1
C1CCC(CC2CCC(CC(CC3CCCCC3)C3CCCCC3)CC2)CC1
C1CCC(CCCCCC2CC3CCCCC3C2)CC1
C1CCC2CC(C3CCCC4CCCC43)CCC2C1
C1CCC(CCCC2CCCC(C3CCC4CC(CCC5CCC6CCCCCC6C5)CCC43)C2)CC1
C1CCC(CCCCCC2CCCC3CCC(C4CCCCC4)CC23)CC1
C1CCC2CCC3C(CCC4C5CCCC5CC43)C2CC1
C1CCC(C2CC3CCCC(C3)C3CCC4CCCCC4C32)CC1
C1CCC(CC2CCCCC23CCC2C(CCC2C2CCCCC2)C3)CC1
C1CCC(CCCC2CCC3CCCC3C2)CC1
C1CCC(CCCC2CCC3CCC(C4CCCC5CCCC54)CC3C2)CC1
C1CCC(CCC2(CCCCC3CC4CCCCC4C3)CCC3C4CCC5CCCCC5C4CCC32)C1
C1CCC(C2CC3CCCC3C3CCC4CCCCC4C23)CC1
C1CCC2C(C1)CCC1C3CCCC3CCC21
C1CCC2CC(C3CCCC4CCCC43)CCC2C1
C1CCC(CCCC2CCC3C(CCC3C3CCCCC3)C2)CC1
C1CCC(CC2CCC3C(CCC3C3CCCCC3)C2)CC1
C1CCC(CCC2CCC3C(CCC3C3CCCCC3)C2)CC1
C1CCC2CC(C3CCCC4CCCC43)CCC2C1
C1CCC(CC2CCC3CC4C(CCC5C6CCC(CCCC7CCC8CCCCC8C7)C6CCC45)CC23)CC1
C(CCCCC1CCC(C2CCCCC2)C1)CCCC1CCCCC1
C1CCC(C2CCC3CCCC3C3CCC4CCCCC4C23)CC1
C1CCC(C2CC3CCCCC3C3CCCCC23)CC1
C1CCC2C(C1)CCC1C2CCC2C3CCCC3CC21
C1CCC(CCC2CCC(CCC3CCCC(CC4CCCC4)C3)CC2)CC1
C1CCC2CCC(C3CCCC4CCCC43)CC2CC1
C(CCCC1CCCCC1)CCCC1CCC(C2CCCCC2)C1
C1CCC(C2CCC3CC4C(CCC5C6CCC(CCCC7CCC8CCCCC8C7)C6CCCC45)CC32)CC1
C1CCC2CC(C3CCCC4CCCC43)CCC2C1
C(CC1CCC2CCCCC2C1)CC1CCC2CCC(C3CCCC4CCCC43)CC2C1
C1CCC(C2CC3CCCCC3C3CCCCC23)CC1
C(CCCCC1CCC(C2CCCCC2)C1)CCCC1CCCCC1
C1CCC(C2CCC3CCCC3C3CCC4CCCCCC4C23)CC1
C1CCC(CCC2CCC3C(CC4CCCCC4)CCC3C2)CC1
C1CCC(CCCCC2CCC3CCC(C4CCCC5CCCC54)CC3C2)CC1
C1CCC2CC(C3CCCC4CCCC43)CCC2C1
C1CCC(C2CCC3CCCC3C3CCC4CCCCC4C23)CC1
C1CCC(C2CCCC3C(CCC4CCCCC43)C2)CC1
C1CCC2CC(CCCC3CCC4C3CCCC3C5CCCCC5CCC34)CCC2C1
C1CCC2CC(CC3CCC4CCCCC43)CCC2C1
C(CCC1CCC2C1CCC1C3CCCCC3CCC21)CC1CC2CCCCC2C1
C1CCC(CCC2CCC3C(CCC4CCCCC43)C2)CC1
C1CCC(CC2CCC(CCCCCC3CCCC4CCCCC34)C2)CC1
C(CCC1CCCC2CCCCC12)CCC1CCCC2CCCCC12
C1CCC(CC2CC3CCCCC3C3CCC4CCCCCC4C23)CC1
C1CCC(CCCCC2CCC3CCCCC23)CC1
C1CCC2CCC(C3CCCC4CCCC43)CC2CC1
C(CCC1CCCC2CCCC12)CC1CC2CCCCC2C1
C1CCC2CC(CCCC3CCCC4C3CCC3C5CCCCC5CCC43)CC2C1
C1CCC2CC3CCC4CCCC4C3CCC2C1
C1CCC(CC2CC3CCCCC3C3CCC4CCCCC4C23)CC1
C(CCC1CCC2CCCCC2C1)CC1CCCCC2CCCCC2C1
C1CCC(CC2CCC3CC4C(CCC5C6CCC(CCCC7CCC8CCCCC8C7)C6CCC45)CC23)CC1
C(CCC1CC2CCCCC2C1)CCC1CCCC2CCCC12
C1CCC(CCCCC2CC3CCCCC3C2)CC1
C1CCC2CCC3C4CCCCC4CCC3C2CC1
C1CCC2C(C1)CCC1C2CCC2C3CCCC3CCC21
C(CCC1CCCC2CCCC12)CC1CC2CCCCC2C1
C1CCC(C2CC3CCCC3C3CCC4CCCCC4C23)CC1
C1CCC(CCCCCC2CCC3CCCCC23)CC1
C1CCC(CCC2CCC3C(CCC3C3CCCCC3)C2)CC1
C1CCC(CCCC2CCC3CCCC3C2)CC1
C1CCC(CCCCC2CC3CCCCC3C2)CC1
C1CCC(C2CCC3CC4C(CCC5C6CCC(CCCCC7CC8CCCCC8C7)C6CCC45)CC32)CC1
C1CCC2C(C1)CCCC2CCCC1CCCC2CCCCC21
C1CCC(CCCCC2CC3CCCCC3C2)CC1
C1CCC(CCC(CCC2CCC3CCCC3C2)CC2CCCCC2)CC1
C1CCC2CCC(C3CCCC4CCCC43)CC2CC1
C(CCCC1CCCC2C(C3CCCCC3)CCC12)CCC1CCCCC1
C(CCC1CCC2CCCCC2C1)CCC1CCCC2CCCCC12
C1CCC(CCC2CCC3C(CCC3C3CCCC(CCC4CCCC4)C3)C2)CC1
C1CCC(C2CCC3CCC4C(CCCC45CCCC5)CC32)CC1
C1CCC2CCC3C4CCCCC4CC(CC4CCCC4)C3C2CC1
C(CCCC1CCCCC1)CCC1CCCCC1
C1CCC(C2CCC3CC4CCCCC4CC32)CC1
C1CCC(CCC2CCC3C(CCC3C3CCCCC3)C2)CC1
C1CCC2CCC(C3CCCC4CCCC43)CC2CC1
C1CCC2CCC3C4CCCCC4CC(CC4CCCC4)C3C2CC1
C(CCCC1CCCC2C(C3CCCCC3)CCC12)CCC1CCC(C2CCCC2)C1
C1CCC(C2CCC3(CCC4CCC5C(CCC5C5CCCCC5)CC43)C2)CC1
C1CCC(CCC2CCC(CCC3CCCC(CC4CCCC4)CC3)CC2)CC1
C(CCC1CC2CCCCC2C1)CCC1CCCC2CCCC12
C1CCC2C(C1)CCCC1C3CCCC3CCC21
C1CCC(CCC2CCC3C(CCC3C3CCCCC3)C2)CC1
C1CCC(CC2CC3CCCCC3C3CCC4CCCCC4C23)C1
C1CCC2CC(C3CCCC4CCCC43)C3CCCC3C2CC1
C1CCC(CCC2CCCCC3CCC(C4CCCC5CCCC54)CC23)CC1
C(CCCC1CCCCC1)CCCC1CCC(C2CCCCC2)C1
C1CCC(CCCCCC2CCCC3C2CCC3C2CCCC(CC3CCCC3)C2)CC1
C1CCC(CC2CC3CCCCC3C3CCC4CCCCC4C23)CC1
C(CC1CCC2CCCCC2C1)CC1CCC2CCC(C3CCCC4CCCC43)CC2C1
C1CCC(C2CC3CCCC3C3CCC4CCCCC4C23)CC1
C1CCC(CCC2CCC3C(CCC4C5CCCC5CCCC34)C2)CC1
C1CCC(C2CC3CCCC3C3CCC4CCCCC4C23)CC1
C1CCC2CCC3C4CCCCC4CC(CC4CCCC5CCCCC54)C3C2CC1
C1CCC2CCC(C3CCCC4CCCC43)CC2CC1
C1CCC(CCCCC2CC3CCCCC3C2)CC1
C1CCC2CCC(CCC3CCC4C(CCC4C4CCCC(CC5CCCC5)C4)C3)CC2CC1
C1CCC(CC2CCC3CCCCC3C3CCC4CCCCC4C23)C1
C1CCC(CC2CC3CCCCC3C3CCC4CCCCCC4C23)CC1
C1CCC2CCC3C4CCC(CCCC5CCC6CCCCC6C5)C4CCC3C2CC1
C1CCC(C2CC3C(CCCC4CC4)CCC3C3CCC4CCCCC4C23)CC1
C1CCC2CCC3C4CCCCC4CC(CC4CCCC4)C3C2CC1
C1CCC(CCC2CCCCC3CC4C(CCC4C4CCCCC4)CC23)CC1
C1CCC(C2CCC3CCC4C(CC5CCC6CCCCC65)CCCC4CC32)CC1
C1CCC(C2CCC3CC4C(CCCC5C6CCC(CCCC7CCC8CCCCC8C7)C6CCC45)CC32)CC1
C(CCCC1CCCCC1)CCCC1CCC(C2CCCCC2)C1
C1CCC2CC3CCC(C4CCCCC4)C3CC2CC1
C1CCC2CCC3C4CCC(CCCC5CC6CCCCC6C5)C4CCC3C2CC1
C1CCC(CCCCCC2CC3CCCCC3C2)CC1
C1CCC(CCCC2CCC(C3CC3)CC2)CC1
C(CCCC1CCCCC1)CCCC1CCC(C2CCCCC2)C1
C1CCC(C2CC3CCCC3C3CCC4CCCCC4C23)CC1
C1CCC(CCCCC2CCC3CCCCC23)CC1
C1CCC(CCCC2CCC3C2CCC2C4CC5CCC(C6CCCCC6)C5CC4CCCC32)CC1
C1CCC(CCCCC2CCC3CCCCC23)CC1
C1CCC(CCCCC2CCC3CCC(C4CCCC5CCCC54)CC3C2)CC1
C1CCC2CCC3CCCCC3C2CC1
C1CCC(CCCCC2CCC3CCCCC23)CC1
C1CCC(CC2CC3CCCCC3C3CCC4CCCCC4C3C2)C1
C1CCC2CCC3C4CCCCC4CC(CC4CCCC4)C3C2CC1
C1CCC2C(C1)CCC1C3CCCC3CCC21
C1CCC(CCCCC2CCCC3CCC(C4CCCCC4)CC23)CC1
C(CCCC1CCCC2C(C3CCCCC3)CCC12)CCC1CCCCC1
C1CCC2CCC3C4CCCCC4CC(CC4CCCC4)C3C2CC1
C1CCC(CCC2CCC3C(CCC4C5CCCC5CC(CCC5CCCCC5)C34)C2)CC1
C1CCC(CC2CC3CCCCC3C3CCC4CCCCCC4C23)CC1
C1CCC(CCC2CCC3C(CCC3C3CCCCC3)C2)CC1
C1CCC2CCC3C4CCC(CCCC5CCC6CCCCC6C5)C4CCC3C2CC1
C1CCC2C(C1)CCC1C3CCCCC3CCC21
C1CCC2CC(CCCC3CCC4C3CCC3C5CCCCC5CCC43)CC2C1
C1CCC(CCCCCC2CCC3CCCCC23)CC1
C1CCC(CCCCC2CC3CCCCC3C2)CC1
C1CCC(CCCC2CCC3CCC(C4CCCC5CCCC54)CC3C2)CC1
C1CCC(CCC2CCC3C(CCC3C3CCCCC3)C2)CC1
C1CCC(CCC2CCC3C(CCC3C3CCCCC3)C2)CC1
C1CCC2CCC(C3CCCC4CCCC43)CC2CC1
C1CCC(CCC2CCC3C(CCC3C3CCCCC3)C2)CC1
C1CCC2C(C1)CCCC2CC1CCC2CCCCC2C2CCC3CCCCC3C12
C1CCC(CCCCCC2CCC3CCCCC23)CC1
C1CCC2CC(C3CCCC4CCCC43)CCC2C1
C1CCC(C2CC3CCCC3C3CCC4CCCCC4C23)CC1
C1CCC(CCCCC2CC3CCCCC3C2)CC1
C1CCC2C(C1)CCC1CCCCC12
C1CCC(CCCCC2CC3CCCCC3C2)CC1
C1CCC(CCC2CCC3C(CCC3C3CCCCC3)C2)CC1
C1CCC2C(C1)CCCC1C3CCCC3CCC21
C1CCC(CCCCCC2CCCCC2)CC1
C1CCC(CC2CC3CCCCC3C2C2CCCCC2)CC1
C1CCC(CCCCCC2CCCC3C(C4CCCCC4)CCC23)CC1
C1CCC(CCCCC2CC3CCCCC3C2)CC1
C(CCCCC1CCC(C2CCCCC2)C1)CCCC1CCCCC1
C(CCCC1CCCCC1)CCCC1CCC(C2CCCCC2)C1
C1CCC(CC2CC3CCCCC3C3CCC4CCCCC4C23)C1
C1CCC2C(C1)CCCC2CC1CCC2CCCCC2C2CCC3CCCCC3C12
C1CCC(CCCCCC2CCCC3C(C4CCCCC4)CCC23)CC1
C1CCC(CCC2CCC3C2CCC2C4CCCCC4CCC32)C1
C1CCC(CCC(CCC2CCCCC2)CCC2CCC3CCCC3C2)CC1
C1CCC(CCC(CC2CCC(CC3CCCCC3)CC2)C2CCCCC2)CC1
C1CCC(CC2CC3CCCCC3C3CCC4CCCCC4C3C2)CC1
C(CCCC1CCCCC1)CCCC1CCC(C2CCCCC2)C1
C1CCC(C2CC3CCCC3C3CCC4CCCCCC4C23)CC1
C1CCC(CCCC2CCC(C3CCCC4C(C5CCCCC5)CCC34)C2)CC1
C1CCC2C(C1)CCCC1C3CCCC3CCC21
C1CCC(CCCCC2CC3CCCCC3C2)CC1
C1CCC(CCCCC2CCC3CCCCC23)CC1
C1CCC2CCC3C4CCC(CCCC5CC6CCCCC6C5)C4CCC3C2CC1
C1CCC(CCC2CCC(C3CC3)CC2)CC1
C1CCC(C2CC3CCCCC3C3CCCCC23)CC1
C1CCC2CCC3C4CCC(CCCC5CCCC5)C4CCC3C2CC1
C1CCC(CCCCC2CCC3CCCCC23)CC1
C1CCC2CC3CCC4C5CCCC5CC4C3CCC2C1
C(CCC1CCCC2CCCCC12)CC1CCCC2CCCCC12
C1CCC2C(C1)CC(C1CCCC1)C1CCCCC21
C(CCC1CCC2C(CCC3C4CCCC4CCC23)C1)CC1CCC(C2CCC(C3CC4CCCC4C4CCC5CCCCC5CC34)CC2)CC1
C1CCC2CCC3C(CCC4C3CCC4(CCCC3CC4CCCCC4C3)CCC3CCCC3)C2CC1
C1CCC(CCCCCC2CC3CCCCC3C2)CC1
C1CCC(CCC2CCC3C(CCC4C5CCCC5CC(CCC5CCCCC5)C34)C2)CC1
C1CCC(CC2CC3CCCCC3CC3CCC4CCCCC4C32)CC1
C1CCC(CCCCC2CC3CCCCC3C2)CC1
C1CCC(C2CC3CCCC3C3CCC4CCCCC4C23)CC1
C1CCC(CCCC(CC2CC3CCCCC3C2)C2CC2)CC1
C1CCC(CCC2CCC(CCC3CCCC(CC4CCCC4)C3)CC2)CC1
C1CCC(C2CCC3C(CCC34CCCC4)C3CCC4CCCCC4CC23)CC1
C1CCC(C2CCC3CC4C(CCC5C6CCCC(CCCC7CCC8CCCCC8C7)C6CCC45)CC32)CC1
C1CCC(CC2CC3CCCCC3C3CCC4CCCCCC4C23)CC1
C1CCC2CC(C3CCCC3)CCC2C1
C1CCC(CCCCC2CCCC(C3CCC4CC(CCC5CCC6CCCCC6C5)CCC43)C2)CC1
C1CCC(C2CC3CCCCC3C3CCC(CCC4CCCC4)CC23)CC1
C1CCC(CCCCCC2CC3CCCCC3C2)CC1
C1CCC(C2CCC3CCCCC3C3CCC4CCCCC4C23)CC1
C1CCC(CC2CCC3C(CCC3C3CCCCC3)C2)CC1
C1CCC(CCCC2CCC3CCC(C4CCCC5CCCC54)CC3CC2)CC1
C1CCC(C2CC3CCCCC3C3CCCCC23)CC1
C1CCC(C2CCC3CC4C(CCCC5C6CCC(CCCC7CCC8CCCCC8C7)C6CCC45)CC32)CC1
C1CCC2C(C1)CCC1C3CCCC3CCC21
C1CCC2CCC(C3CCCC4CCCC43)CC2CC1
C1CCC2CCC(C3CCCC4CCCC43)CC2CC1
C1CCC2C(C1)CC(C1CCCC1)C1CCCCC21
C1CCC(CCCC2CCC3C(CCC3C3CCCCC3)C2)CC1
C1CCC(CCC2CCC3C(CCC3C3CCCC(CCC4CCCC4)C3)C2)CC1
C1CCC(CCCCCC2CCCC3C2CCC3C2CCC(CC3CC3)CC2)CC1
C1CCC(C2CCC3CCCC3C3CCC4CCCCC4C23)CC1
C(CCC1CCCC2CCCC12)CC1CC2CCCCC2C1
C1CCC(C2CC3CCCC3C3CCC4CCCCC4C23)CC1
C1CCC(CCC2CCC(C3CC3)CC2)CC1
C1CCC(CC2CCC3CC4C(CCC45CCCC5)CC23)CC1
C1CCC2C(C1)CCC1CCCCC12
C1CCC2CCC3C4CCCC4CCC3C2CC1
C1CCC(C2CCC3CC4C(CCC5C6CCC(CCCC7CC8CCCCC8C7)C6CCCC45)CC32)CC1
C1CCC(CCC2CCC3C(CCC3C3CCCCC3)C2)CC1
C1CCC2CC(C3CCCC3)C3CCCC3C2CC1
C(CCC1CCCC2CCCC12)CC1CC2CCCCC2C1
C(CCCC1CCCC2C(C3CCCCC3)CCC12)CCC1CCCCC1
C1CCC2CCC3C4CCC(CCCC5CC6CCCCC6C5)C4CCC3C2CC1
C(CCC1CCCC2CCCC12)CC1CC2CCCCC2C1
C1CCC(CCC2CCC3C(CCC3C3CCCCC3)C2)CC1
C1CCC(C2CCC3CC4C(CCC5C6CCC(CCCC7CCC8CCCCC8C7)C6CCC45)CC32)CC1
C1CCC(CCCCCC2C3CCCCC3CCC2C2CCCC3CCCC32)CC1
C1CCC(C2CCC3CC4C(CCC45CCCC5)CC32)CC1
C1CCC2C(C1)CCC1C2CCC2C3CCCC3CC21
C1CCC(C2CCC(CC3CC4CCCCC4C4CCC5CCCCCC5C34)CC2)CC1
C(CCCCC1CCC2C(CCC3C4CCCC4CCCC23)C1)CCCC1CCCC(CC(CC2CCC(CC3CCCCC3)CC2)C2CCCCC2)C1
C1CCC(CCC2CCC(C3CCC4C(CCC4C4CCCCC4)C3)CC2)CC1
C1CCC(C2CC3CCCC(C3)C3CCC4CCCCC4C32)CC1
C(CCC1CCC2C1CCC1C3CCCCC3CCC21)CC1CCC2CCCCC2C1
C1CCC(CC2CC3CCCCC3C3CCC4CCCCC4C23)CC1
C1CCC(CC2CCC3C(CCC3C3CCCCC3)C2)CC1
C1CCC(C2CCC3CC4C(CCC5C6CCC(CCCC7CC8CCCCC8C7)C6CCC45)CC32)CC1
C1CCC(C2CCC3CCC4CCCCC4C3CC2)CC1
C(CCCC1CCCCC1)CCCC1CCC(C2CCCCC2)C1
C1CCC2C(C1)CCCC1C3CCCC3CCC21
C1CCC(CCC2(CCCC3CC4CCCCC4C3)CCC3C4CCC5CCCCC5C4CCC32)C1
C1CCC2C(C1)CCC1C3CCCC3CCC21
C1CCC(CC2CCC(C3CC4CCCC4C4CCC5CCCCCC5C34)CC2)CC1
C1CCC(C2CCC3CC4(CCCCCCC4C4CCCCC4)CCC32)CC1
C(CC1CCC2CCCCC2C1)CC1CCC2CCC(C3CCCC4CCCC43)CC2C1
C1CCC(CC2CCC3CCCC3C3CCC4CCCCC4C23)CC1
C1CCC2C(C1)CCC1C3CCCC3CCCC21
C1CCC(CCCCC2CC3CCCCC3C2)CC1
C1CCC2CCC3CCCCC3C2CC1
C1CCC(CCCCC2CC3CCCCC3C2)CC1
C1CCC(CCCCCC2CCC3CCCCC23)CC1
C1CCC(C2CC3CCCCC3C3CCC(CCCC4CCCC4)CC23)CC1
C1CCC2CCC3C4CCCC4CCC3C2CC1
C1CCC(C2CC3CCCCC3C3CCC4CCCCC4C23)CC1
C1CCC(CC(CC2CCCCC2)C2CCCCC2)CC1
C1CCC(CCCCC2CC3CCCCC3C2)CC1
C1CCC(C2CC3C(CCCC34CCCC4)C3CCC4CCCCC4C23)CC1
C1CCC(CCCC2CCC(C3CCC4C(CCC4C4CCCCC4)C3)CC2)CC1
C1CCC(CCC2CCCC3CC4C(CC5CCCCC5)CCC4CC23)CC1
C1CCC(CCCCCC2CCC3C(CC4CCCCC4)CCC3C2)CC1
C(CCC1CCCC2CCCCC12)CCC1CCCC2CCCCC12
C1CCC(C2CCC3CC4CCCCC4CCC32)CC1
C1CCC(CC2CC3CCCCC3C3CCC4CCCCC4C23)CC1
C1CCC2C(C1)CCC1C3CCCC3CCC21
C1CCC(C2CC3C(CCC4CC4)CCC3C3CCC4CCCCC4C23)CC1
C1CCC(CC2CCC(CC(CC3CCCCC3)C3CCCCC3)CC2)CC1
C1CCC2CC(CC3CCCC4CCCC43)CCC2C1
C1CCC(CCC2CCC3C(CCC3C3CCCCC3)C2)CC1
C1CCC(CCCCCC2CCCC3C(C4CCCCC4)CCC23)CC1
C1CCC(CC2CCC(CC(CC3CCCCC3)C3CCCCC3)CC2)CC1
C1CCC(CCCCC2CC3CCCCC3C2)CC1
C1CCC(CCCCCC2CC3CCCCC3C2)CC1
C1CCC(C2CCC(CCCCCC3CCCC4CCCCC34)C2)CC1
C(CCCC1CCCC2C(C3CCCCC3)CCC12)CCC1CCC(C2CCCC2)C1
C1CCC(CCC(CCC2CCC3CCCC3C2)CC2CCCCC2)CC1
C1CCC2CC3CCC4CCCC4C3CCC2C1
C1CCC(CCC2CCC(CCC3CCCC(CC4CCCC4)C3)CC2)CC1
C1CCC2CCC3C(CCC4C3CCC4(CCCC3CCC4CCCCC4C3)CCC3CCCC3)C2CC1
C1CCC2C(C1)CCCC2CCCC1CCC2C1CCCC1C3CCCCC3CCC12
C1CCC(CCC2CCC3C(CCC4CC(C5CCCCC5)CCC43)C2)CC1
C1CCC(CCCC2CCC3CCC(CC4CCCC5CCCC54)CC3C2)CC1
C1CCC(CC2CC3CCCCC3C3CCC4CCCCC4C23)CC1
C1CCC(CCCC2CCC3CCC(C4CCCC5CCCC54)CC3C2)CC1
C1CCC(CCCCCC2CCCC3C(C4CCCCC4)CCC23)CC1
C1CCC(CCCC2CCC3C2CCC2C4CC5CCC(CC6CCCCC6)C5CC4CCC32)CC1
C1CCC(CCCCC2CCC3CCCCC23)CC1
C(CC1CCC(C2CCCC2)CC1)CC1CCC2CCCC2C1
C1CCC(C2CC3CCCC3C3CCCC4CCCCC4C23)CC1
C1CCC(CCCCC2CCC3CCCCC23)CC1
C1CCC(CC2CCCCC2CC2CC3CCCCC3C3CCC4CCCCCC4C23)CC1
C1CCC2C(C1)CCC1C3CCCC3CCC21
C1CCC(CC2CCC(CCCCCC3CCCC4CCCCC34)C2)CC1
C1CCC(C2CCC3C(CCC4CCCCC43)C2)CC1
C1CCC2C(C1)CCC1C2CCCC2C3CCCC3CC21
C1CCC(C2CCC3CC4C(CCCC5CCC5)CCCC4CC32)CC1
C1CCC(CCCCCC2CCCC3C(C4CCCCC4)CCC23)CC1
C1CCC(CC2CCCC(CCC3CCC(CCC4CCC(C5CC5)CC4)CC3)CC2)C1
C1CCC(CCCC2(CCC3CCCC3)CCC3C4CCC5CCCCCC5C4CCC32)CC1
C1CCC(CCC(CCC2CCC3CCCCC3C2)CC2CCCCC2)CC1
C(CCC1CCCCC2CCCCC12)CC1CCC2CCCCC2C1
C(CCC1(CC2CCCC2)CCCC2CCCCC21)CC1CCC2CCCCC2C1
C1CCC(C2CCC3CC4C(CC5CC6CCCCC6C5)CCCCC4CC32)CC1
C1CCC2C(C1)CCC1CCCCC12
C1CCC(C2CC3CCCC3C3CCCC4CCCCC4C23)CC1
C1CCC(CC2CC3CCCCC3C3CCC4CCCCCC4C23)CC1
C1CCC(CCC(CCC2CC3CCCCC3C2)C2CC2)CC1
C1CCC2C(C1)CCC1C3CCCC3CCC21
C1CCC2CCC3C4CCCC4CCC3C2CC1
C1CCC(CCCCCC2CC3CCCCC3C2)CC1
C(CCC1CCCC2CCCC12)CC1CC2CCCCC2C1
C1CCC2CCC3C4CCCCC4CCC3C2CC1
C1CCC(CCCC2CCC3CCC(C4CCCC5CCCC54)CC3C2)CC1
C1CCC(CCC2CCC3C(CCC4C5CCCC5CCCC34)C2)CC1
C1CCC(CCC2CCCCC2)CC1
C1CCC(CCCCCC2CC3CCCCC3C2)CC1
C1CCC(CCC2CCC3C(CCCC4C5CCCC5CC(CCC5CCCCC5)C34)C2)CC1
C1CCC2CCC3C4CCC(CCCC5CC6CCCCC6C5)C4CCC3C2CC1
C1CCC2CC(CC3CCCC4CCCC43)CCC2C1
C1CCC(C2CCC3C(CCCC4CCCCC43)C2)CC1
C1CCC(CCCCC2CC3CCCCC3C2)CC1
C1CCC(C2CC3CCCC3C3CCC4CCCCCC4C23)CC1
C(CCC1CCCC2CCCCC12)CC1CC2CCCCC2C1
C1CCC2CC(C3CCCC4CCCC43)CCC2C1
C1CCC(C2CCC3CC4C(CCC5C6CCC(CCCC7CC8CCCCC8C7)C6CCC45)CC32)CC1
C1CCC2CCC3C4CCCC4CC(C4CCC(C5CCCC5)CC4)C3C2CC1
C(CCC1CCC2CCCCC2C1)CCC1CCCC2CCCCC12
C1CCC(CC2CCC3C(CCC3C3CCCCC3)C2)CC1
C1CCC(C2CCC3CC4C(CCC32)CCC42CCCC2)CC1
C1CCC(CCC2CCC3C(CCC3C3CCCCC3)C2)CC1
C1CCC(CCC2(CCCC3CC4CCCCC4C3)CCCC3C4CCC5CCCCC5C4CCC32)C1
C1CCC(C2CCC(C3CC4CCCC4C4CCC5CCCCC5C34)CC2)CC1
C1CCC(C2CCC3CC4C(CCC5C6CCC(CCCC7CCC8CCCCC8C7)C6CCC45)CC32)CC1
C1CCC(C2CCC3CC4C(CCCCC45CCCC5)CC32)CC1
C1CCC2C(C1)CCC1C3CCCCC3CCC21
C1CCC(CCCC2CCCC(C3CCC4CC(CCC5CCC6CCCCC6C5)CCC43)C2)CC1
C1CCC(C2CCC3CCCCC3C3CCC4CCCCC4C23)CC1
C1CCC(C2CCC(CCCC3CCC4C3CCC3C5CCCCCC5CCC43)C2)CC1
C(CCC1CC2CCCCC2C1)CCC1CCCC2CCCC12
C1CCC2CC(CCCC3CCC4C3CCC3C5CCCCC5CCC43)CCC2C1
C1CCC(C2CCC3CC4C(CCC32)CCC2C3CCC(CCCC5CC6CCCCC6C5)C3CCC42)CC1
C(CCCCC1CCCC2C(CCC3C4CCCC4CCC23)C1)CCCC1CCCC(CC(CC2CCC(CC3CCCCC3)CC2)C2CCCCC2)C1
C(CCCC1CCCC2C(C3CCCCC3)CCC12)CCC1CC1
C1CCC(C2CCC3CC4C(CCC5C6CCCC(CCCC7CC8CCCCC8C7)C6CCC45)CC32)CC1
C1CCC(CCCCC2CCC3CCC(C4CCCC5CCCC54)CC3C2)CC1
C1CCC2CC(C3CCCC4CCCC43)CCC2C1
C1CCC(CCC2CCC(CCC3CCCC(CCC4CCCC4)C3)CC2)CC1
C1CCC(CCC2CCC(C3CC3)CC2)CC1
C1CCC2CC(C3CCCC4CCCC43)CCC2C1
C(CCCC1CCC2CCCC2C1)CCC1CCCCC1
C1CCC(CCC2CCC3C(CCC3C3CCCCC3)C2)CC1
C(CCC1CC2CCCCC2C1)CCC1CCCC2CCCC12
C(CCC1CCCC2C(CCC3C4CCCC4CCC23)C1)CC1CCC(C2CC3CCCC3C3CCC4CCCCC4C23)CC1
C1CCC(CCCCC2CC3CCCCC3C2)CC1
C1CCC2CCC3C4CCCC4CCC3C2CC1
C1CCC(CCC2CCC(CCCC3CCCC(CC4CCCC4)C3)CC2)CC1
C1CCC(CCCC2CCC3C(CCC4CCCCC43)C2)CC1
C1CCC(C2CC3CCCC3C3CCC4CCCCC4C23)CC1
C1CCC(CCCC2CCCC3CC4C(CCC4C4CCCCC4)CC23)CC1
C1CCC(C2CC3CCCC3C3CCC4CCCCCC4C23)CC1
C1CCCC(C2CCC3CC4C(CCC5C6CCC(CCCC7CC8CCCCC8C7)C6CCC45)CC32)CC1
C(CCC1CCC2CCCCC2C1)CCC1CCCCC2CCCCC12
C1CCC(CCCCC2CC3CCCCC3C2)CC1
C1CCC(CCCC2CCC3C(CCC3C3CCCCC3)C2)CC1
C1CCC2CCC3C(CCC4C5CCCC5CC43)C2CC1
C(CCC1CCCC2CCCC12)CC1CC2CCCCC2C1
C1CCC2CC3CCC(C4CCCCC4)C3CC2CC1
C1CCC(CC2CCC(CC(CC3CCCCC3)C3CCCCC3)CC2)CC1
C(CCC1CCCC2CCCCC12)CC1CCC2CCCCC2C1
C1CCC(CCC2CCC(CCC3CCCCC3)CC2)CC1
C1CC2CCC3C(CCC4CCCCC43)CC2C1
C1CCC(C2CCC3CCC4C(CCC5C6CCC(CCCC7CCC8CCCCC8C7)C6CCC45)CC32)CC1
C1CCC(CC2CC3CCCCC3C3CCC4CCCCC4C23)CC1
C1CCC(C2CCC3C(CCC4CCCCC43)C2)CC1
C1CCC2C(C1)CCC1C3CCCC3CCCC21
C1CCC(C2CC3CCCC3C3CCC4CCCCCC4C23)CC1
C1CCC2CC(CCCC3CCCC4C3CCC3C5CCCCC5CCC43)CC2C1
C1CCC(CCC2CCC3C(CCC3C3CCCCC3)C2)CC1
C1CCC(CCCCCC2CC3CCCCC3C2)CC1
C(CCC1CCC2C(CCC3C4CCCC4CCC23)C1)CC1CCC(C2CC3CCCC3C3CCC4CCCCC4C23)CC1
C1CCC(C2CC3CCCC3C3CCCC4CCCCC4C23)CC1
C1CCC(CCCCCC2CCCC3C(CC4CCCCC4)CCC23)CC1
C1CCC2C(C1)CCC(C1CCCC1)C1CCCCC21
C1CCC2CCC(C3CCCC4CCCC43)CC2CC1
C1CCC2CC(CC3CCCC4CCCC43)CCC2C1
C1CCC(CC2CC3CCCCC3C3CCC4CCCCCC4C23)CC1
C(CCC1CCCC2CCCCC12)CC1CCC2CCCCC2C1
C1CCC(CCC2CCC3C(CCC4C5CCCC5CC(CCC5CCCCC5)C34)C2)CC1
C1CCC(CCC(CCC2CCC3CCCC3C2)CC2CCCCC2)CC1
C1CCC(CCC2CCC3C(CCC3C3CCCCC3)C2)CC1
C1CCC2CCC(C3CCCC4CCCC43)CC2CC1
C1CCC(CCCCC2CCCC3CCC(C4CCCC5CCCC54)CC3C2)CC1
C1CCC2C(C1)CCC1C3CCCC3CCC21
C1CCC(CCC2CCC3C(CCC3C3CCCCC3)C2)CC1
C1CCC2CCC(C3CCCC4CCCC43)CC2CC1
C1CCC(CCCCCC2CCC3CCCCC23)CC1
C(CCCC1CCCC2C(C3CCCCC3)CCC12)CCC1CCCCC1
C1CCC2C(C1)CCC1C3CCCCC3CCC21
C1CCC(CC2CCC3CC4C(CCC5C6CCC(CCCC7CC8CCCCC8C7)C6CCC45)CC23)CC1
C1CCC2CC(C3CCCC4CCCC43)CCC2C1
C1CCC(CCC2CCC3C(CCC3C3CCCCC3)C2)CC1
C1CCC(C2CCC3CC4C(CCC5C6CCC(CCCC7CCC8CCCCC8C7)C6CCC45)CC32)CC1
C1CCC(CCCC2CCCC(CC3CCC4CC(CCC5CCC6CCCCC6C5)CCC43)C2)CC1
C1CCC2CC(C3CCCC4CCCC43)CCC2C1
C1CCC(CCCCCC2CCC3CCCCC23)CC1
C1CCC2CC(C3CCCC4CCCC43)CCC2C1
C1CCC2CC3CCC4CCCC4C3CCC2C1
C(CCC1CCCC2CCCCC12)CC1CCC2CCCCC2C1
C1CCC(CCC2CCC3C(CCC4C5CCCC5CC(CCC5CCCCC5)CC34)C2)CC1
C1CCC(CCC(CC2CCC3C(CCC3C3CCCCC3)C2)C2CCCCC2)CC1
C1CCC(CC(CC2CCCCC2)C2CCCCC2)CC1
C1CCC(C2CCC3C(CCCCCC4CCC(C5CCCC5)C4)CCCC23)CC1
C1CCC(CC2CCC3C(CC4CCCCC4)CCC3C2)CC1
C1CCC2CCC3C4CCCCC4CCC3C2CC1
C(CCC1CCCC2CCCCC12)CC1CC2CCCCC2C1
C1CCC(C2CCC3(CCC4CC5C(CCC5C5CCCCC5)CC43)C2)CC1
C1CCC2CCC3C(CCC4C3CCC4(CCCC3CC4CCCCC4C3)CCC3CCCC3)C2CC1
C1CCC2CC(CCCC3CCC4C3CCC3C5CCCCC5CCC43)CC2C1
C1CCC(CC(CC2CCCCC2)C2CCCCC2)CC1
C1CCC(CCC2CCCC3CCC4C(CCC4C4CCCCC4)CC23)CC1
C1CCC2CC(CC3CCCC4CCCC43)CCC2C1
C1CCC(CCC2CCC3C(CCC3C3CCCCC3)C2)CC1
C1CCC(CC2CC3CCCCC3C2C2CCCCC2)CC1
C1CCC(CCCC2CCC3CCC(C4CCCC5CCCC54)CC3C2)CC1
C1CCC(CCCC2CCC3CCC(C4CCCC5CCCC54)CC3C2)CC1
C1CCC(CC2CCCC2CC2CCC3CCCCC3C3CCC4CCCCC4C23)CC1
C1CCC(C2CCC(C3CC4CCCC4C4CCC5CCCCC5C34)CC2)C1
C1CCC2C(C1)CC(C1CCCC1)C1CCCCC21
C1CCC(C2CCC3CCC4CCCCC4CC32)CC1
C1CCC(C2CC3CCCC3C3CCC4CCCCCC4C23)CC1
C1CCC(CCC2CCC(CCC3CCCC(CCC4CCCC4)C3)CC2)CC1
C1CCC(C2CCCC3CCCC3C3CCC4CCCCC4C23)CC1
C1CCC2CC(C3CCCC4CCCC43)CCC2C1
C(CCC1CCC(C2CCCC2)C1)CCC1CCCC2CCCCC12
C1CCC(C2CCC3CCC4(CCCCC4)C3C2)CC1
C1CCC(CCCCCC2CC3CCCCC3C2)CC1
C1CCC(CC2CC3CCCCC3C3CCC4CCCCCC4C23)CC1
C(CCC1CCCC2CCCC12)CC1CC2CCCCC2C1
C1CCC(CCCCC2CCC3CCCCC23)CC1
C1CCC(C2CCC3CC4C(CCC32)CCC2C3CCCC3CCC42)CC1
C(CCCCC1CCC(C2CCCCC2)C1)CCCC1CCCCC1
C1CCC(C2CCC3CC4C(CCC5C6CCC(CCCCC7CC8CCCCC8C7)C6CCC45)CC32)CC1
C1CCC2CCC3C4CCCC4CCC3C2CC1
C1CCC(CCCC2CCC3CCC(C4CCCC5CCCC54)CC3C2)CC1
C(CCC1CCCC2CCCC12)CC1CC2CCCCC2C1
C1CCC(C2CCC3CC4C(CCC45CCCC5)CC32)CC1
C1CCC2C(C1)CCC1C3CCCCC3CCC21
C1CCC(CCCCC2CC3CCCCC3C2)CC1
C1CCC2CC(C3CCCC4CCCC43)CCC2C1
C1CCC(CCCCCC2CCCC3C(C4CCCCC4)CCC23)CC1
C1CCC(C2CCC3CC4CCCCC4CC32)CC1
C1CCC(CCCCCC2CCCC3C(C4CCCCC4)CCC23)CC1
C1CCC(CC2CC3CCCCC3C3CCC4CCCCC4C23)CC1
C1CCC(CC2CC3CCCCC3C3CCC4CCCCC4C23)CC1
C1CCC(C2CC3CCCCC3C3CCC4CCCCC4C23)CC1
C(CCC1(C2CCCC2)CCCC2CCCCC21)CC1CCC2CCCCC2C1
C1CCC(CCC2CCC3C(CCC4C5CCCCC5CCC34)C2)CC1
C1CCC2C(C1)CC(C1CCCC3CCCC31)C1CCCCC21
C(CCCC1CCCCC1)CCCC1CCC(C2CCCCC2)C1
C1CCC(CC2CCC3CC4(CCCCCC4CC4CCCCC4)CCC23)CC1
C1CCC(CCCCCC2CC3CCCCC3C2)CC1
C(CCCC1CCCC2C(C3CCCCC3)CCC12)CCC1CCCCC1
C1CCC2CC(CCCC3CCC4CC5CCC6CCCCC6C5CCC34)CC2C1
C1CCC(C2CCC3C(CCC34CCCC4)C3CCCC4CCCCC4C23)CC1
C1CCC2CCC(C3CCCC4CCCC43)CC2CC1
C1CCC(CCCCCC2CCC3CCCCC23)CC1
C(CCCC1CCCC2C(C3CCCCC3)CCC12)CCC1CCCCC1
C1CCC(CC2CCC(C3CC4CCCC4C4CCC5CCCCC5C34)CC2)CC1
C1CCC(CC2CC3CCCCC3C3CCC4CCCCC4C23)C1
C1CCC(CCCC2CCC3CCC(C4CCCC5CCCC54)CC3C2)CC1
C1CCC(C2CC3CCCC3C3CCC4CCCCC4C23)CC1
C(CCCC1CCCC2C(C3CCCCC3)CCC12)CCC1CCCCC1
C1CCC(CCCCC2CC3CCCCC3C2)CC1
C1CCC(C2CCC3C(CCCCCC4CCC(C5CCCC5)C4)CCCC23)CC1
C(CCC1CCC2C1CCC1C3CCCCC3CCC21)CC1CC2CCCCC2C1
C1CCC(C2CC3CCCC3C3CCC4CCCCC4C23)CC1
C1CCC(C2CCC3CC4C(CCC45CCCCC5)CC32)CC1
C1CCC(CCCCCC2CC3CCCCC3C2)CC1
C1CCC(C2CC3CCCC3C3CCC4CCCCC4CC23)CC1
C1CCC(C2CCC3CC4C5CCC6C(CCCC7CCC8CCCCC8C7)CCC6C(CCC4CC32)C5)CC1
C1CCC(C2CCC3C(CCC4CCCCC43)C2)CC1
C1CCC2C(C1)CCC1C3CCCC3CCCC21
C1CCC2C(C1)CCC1C3CCCC3CCC21
C1CCC(C2CC3CCCC3C3CCC4CCCCCC4C23)CC1
C1CCC2C(C1)CCC1C3CCCC3CCC21
C1CCC(CC2CC3CCCCC3C3CCC4CCCCC4C23)CC1
C1CCC(C2CC3CCCC3C3CCC4CCCCC4C23)CC1
C1CCC(CC2CCC(CC(CC3CCCCC3)C3CCCCC3)CC2)CC1
C(CCCC1CCCC2C(C3CCCCC3)CCC12)CCC1CC1
C1CCC(C2CC3CCCC3C3CCCC4CCCCC4C23)CC1
C1CCC(C2CC3CCCC3C3CCC4CCCCC4C23)CC1
C1CCC(CCC2CCC3C(CCC3C3CCCC(CCC4CCCC4)C3)C2)CC1
C1CCC(CCCC2CCC3CCC(C4CCCC5CCCC54)CC3C2)CC1
C1CCC(CC2CC3CCCCC3C3CCC4CCCCCC4C23)CC1
C1CCC(CCCCCC2CCC3CCCCC3C2)CC1
C1CCC(CCCC2CCC3CCC(C4CCCC5CCCC54)CC3C2)CC1
C1CCC2C(C1)CCC1C3CCCC3CCCC21
C1CCC(CCC2CCCC3CC4C(CCC4C4CCCCC4)CC23)CC1
C1CCC(C2C3CCCC3CC3CC4CCCC4CC32)CC1
C1CCC(C2CC3CCCC3C3CCC4CCCCC4C23)CC1
C1CCC2CCC3C4CCC(CCCC5CC6CCCCC6C5)C4CCC3C2CC1
C1CCC2C(C1)CC(C1CCCC1)C1CCCCC21
C(CCCC1CCCCC1)CCCC1CCC(C2CCCCC2)C1
C1CCC2C(C1)CC(C1CCCC3CCCC31)C1CCCC21
C1CCC(CCCCCC2CCCC3C2CCC3C2CCCC(CC3CCCC3)C2)CC1
C1CCC(CCCCCC2CCCCC2)CC1
C1CCC(CC(CC2CCCCC2)C2CCCCC2)CC1
C1CCC(CCC2CCC(C3CC3)CC2)CC1
C(CCCC1CCCCC1)CCCC1CCC(C2CCCCC2)C1
C1CCC(CC2CC3CCCCC3C3CCC4CCCCC4C23)CC1
C1CCC2CCC3C4CCCC4CCC3C2CC1
C(CCCCC1CCC(C2CCCCC2)C1)CCCC1CCCCC1
C1CCC2CC(CC3CCCC4CCCC43)CCC2C1
C1CCC(CCC2CCC3C(CCC4C5CCCC5CC(CCC5CCCCC5)C34)C2)CC1
C1CCC(C2CC3CCCC3C3CCC4CCCCCC4C23)CC1
C1CCC(C2CCC3C(CCCCCC4CCC(C5CCCC5)C4)CCCC23)CC1
C1CCC2C(C1)CCCC1C3CCCC3CCC21
C1CCC(CCCCC2CC3CCCCC3C2)CC1
C1CCC(CC2CCC3CC4C(CCC45CCC(C4CCCCC4)C5)CC23)CC1
C1CCC2C(C1)CCC1C3CCCC3CCC21
C1CCC(CCCC2CCCC3CCC(C4CCCC5CCCC54)CC23)CC1
C(CCC1CCC2CCCCC2C1)CCC1CCCC2CCCCC12
C1CCC2CCC3C4CCCC4CCC3C2CC1
C1CCC(CCCCC2CC3CCCCC3C2)CC1
C1CCC2C(C1)CCC1C3CCCC3CCC21
C(CCCC1CCCCC1)CCC1CCCCC1
C1CCC(C2CCC3CC4C(CCCCC45CCCC5)CC32)CC1
C1CCC(CCCCC2CCC3CCCCC23)CC1
C1CCC2C(C1)CCC1CCCCC12
C1CCC2CCC(C3CCCC4CCCC43)CC2CC1
C1CCC(C2CC3CCCC3C3CCC4CCCCCC4C23)CC1
C(CCCC1CCCCC1)CCCC1CCC(C2CCCCC2)C1
C1CCC(C2CCC3CCC4CCCCC4CC32)CC1
C1CCC(CCC2CCC3C(CCC4C5CCCC5CCC(CCC5CCCCC5)C34)C2)CC1
C1CCC2C(C1)CCC1C3CCCC3CCC21
C1CCC2CCCCC2C(CCCCC2CCCC3CCCCC23)C1
C1CCC(C2CCC3CC4C(CCCC45CCCC5)CC32)CC1
C1CCC2CC(C3CCCC4CCCC43)CCC2C1
C1CCC(CC2CC3CCCCC3C3CCC4CCCCC4C23)CC1
C1CCC(CC2CCCC(C3CCC4CC(CCC5CCC6CCCCC6C5)CCC43)C2)CC1
C1CCC2CC(CCCC3CCC4C3CCC3C5CCCCC5CCC43)CC2C1
C1CCC(CCCCC2CCC3CCCCC3C2)CC1
C(CCC1CCCC2CCCCC12)CC1CC2CCCCC2C1
C1CCC(CC2CC3CCCCC3C3CCC4CCCCCC4C23)CC1
C1CCC2CC(CCCC3CCC4C3CCC3C5CCCCC5CCC43)CC2C1
C1CCC(C2CCC3CCCC3C3CCC4CCCCC4C23)CC1
C1CCC(CCCCC2CC3CCCCC3C2)CC1
C1CCC2CCC(C3CCCC4CCCC43)CC2CC1
C1CCC(CCC2CCC(CCC3CCCC(CC4CCCC4)C3)CC2)CC1
C1CCC(CCCC2CCC3CCCC3C2)CC1
C1CCC(CC2CC3CCCCC3C3CCC4CCCCC4C23)CC1
C1CCC(CCCCCC2CCC3C(CC4CCCCC4)CCC3C2)CC1
C1CCC(CCC2CCC3C(CCC3C3CCCCC3)C2)CC1
C1CCC2C(C1)CCC1C3CCCCC3CCC21
C1CCC(C2CCC3C(CCCCCC4CC4)CCCC23)CC1
C(CCC1CCCC2CCCC12)CC1CC2CCCCC2C1
C1CCC(CC2CC3CCCCC3C3CCC4CCCCCC4C23)CC1
C1CCC(CCCCCC2CC3CCCCC3C2)CC1
C1CCC(C2CC3CCCC3C3CCC4CCCCCC4C23)CC1
C1CCC(C2CC3CCCC3C3CCC4CCCCC4C23)CC1
C1CCC(CCC2CCC3C(CCC3C3CCCCC3)C2)CC1
C1CCC2C(C1)CCCC1C3CCCC3CCC21
C1CCC(CC2CCC3CC4C(CCCC45CCCC5)CC23)CC1
C1CCC(C2CC3CCCC3C3CCCC4CCCCC4C23)CC1
C1CCC(CCCC2CCC3C2CCC2C4CCCCC4CCC32)C1
C1CCC(CC2CCC3C(CCC3C3CCCCC3)C2)CC1
C1CCC(C2CC3CCCCC3C3CCCCC23)CC1
C1CCC(CCCC2CCC3CCC(C4CCCC5CCCC54)CC3C2)CC1
C1CCC(C2CC3CCCC3C3CCCC4CCCCC4C23)CC1
C1CCC(C2CCC3CC4C(CCC45CCCC5)CC32)CC1
C1CCC(C2CCC3CC4C(CCCC45CCCCC5)CC32)CC1
C(CCCC1CCCCC1)CCCC1CCC(C2CCCCC2)C1
C1CCC2CCC(C3CCCC4CCCC43)CC2CC1
C(CCCC1CCCCC1)CCCC1CCC(C2CCCCC2)C1
C1CCC(CCC2CCCCC2)CC1
C1CCC2CC3CCC(C4CCCCC4)C3CC2CC1
C1CCC(CCC2CCC(CCC3CCCC(CC4CCCC4)C3)CC2)CC1
C1CCC2CCC(C3CCCC4CCCC43)CC2CC1
C1CCC(C2CCC3CC4C(CCC5C6CCC(CCCC7CCC8CCCCC8C7)C6CCC45)CC32)CC1
C1CCC(CCC2CCC3C(CCC3C3CCCCC3)C2)CC1
C1CCC(C2CCC3CC4C(CCC5C6CCC(CCCC7CCC8CCCCC8C7)C6CCCC45)CC32)CC1
C1CCC2C(C1)CC(C1CCCC3CCCC31)C1CCCC21
C1CCC(C2CC3CCCCC3C3CCC(CCCC4CCCC4)CC23)CC1
C1CCC(C2CC3CCCC3C3CCCC4CCCCC4C23)CC1
C(CCCC1CCCC2C1CCC2C1CCCC(CC2CC2)C1)CCC1CCCCC1
C1CCC(CCC2CCC3C(CCC4CCCCC43)C2)CC1
C1CCC(CC2CC3CCCCC3C3CCC4CCCCCC4C23)CC1
C(CCCCC1CCC(C2CCCCC2)C1)CCCC1CCC2CCCC2C1
C1CCC(CCC2CCC(CC3CCC4C(CCC4C4CCCCC4)C3)CC2)CC1
C1CCC(CCC2CCC3C(CCC3C3CCCCC3)C2)CC1
C1CCC(CCCCCC2CC3CCCCC3C2)CC1
C(CCCC1CCCC2C(C3CCCCC3)CCC12)CCC1CCCCC1
C1CCC(C2CCC(CCCCCC3CCCC4C(C5CCCCC5)CCC34)C2)CC1
C1CCC(CCC2CCC(CCC3CCCC(CC4CCCC4)C3)CC2)CC1
C1CCC(CCCCCC2CCCC3C(C4CCCCC4)CCC23)CC1
C1CCC2C(C1)CCC1CCCCC12
C1CCC(CCC2CCC3CC4CCCCC4CCC3C2)CC1
C(CCCC1CCCCC1)CCCC1CCC(C2CCCCC2)C1
C1CCC(C2CCC3C(CCC4CCCCC43)C2)CC1
C1CCC(C2CC3CCCC3C3CCC4CCCCC4C23)CC1
C1CCC(C2CCCC3(CCC4CC5C(CCC5C5CCCCC5)CC43)C2)CC1
C1CCC(CCCC2(CCC3CCCC3)CCC3C4CCC5CCCCC5C4CCC32)CC1
C1CCC(C2CC3CCCC3C3CCC4CCCCC4C23)CC1
C1CCC2C(C1)CCC1C3CCCC3CCC21
C1CCC2CC(CCCC3CCCC4CCCCC43)CC2C1
C(CCC1CCC2C(CCC3C4CCCC4CCC23)C1)CC1CCC(C2CCC(C3CC4CCCC4C4CCC5CCCCC5C34)CC2)CC1
C1CCC(CCCCCC2CCCC3C(C4CCCCC4)CCC23)CC1
C1CCC(CC2CC3CCCCC3C3CCC4CCCCC4C23)CC1
C1CCC(CCCCC2CC3CCCCC3C2)CC1
C1CCC2CCC3C4CCC(CCCC5CC6CCCCC6C5)C4CCC3C2CC1
C1CCC(CC2CC3CCCCC3C3CCC4CCCCCC4C23)CC1
C1CCC2CCC(C3CCCC4CCCC43)CC2CC1
C1CCC2C(C1)CCC1CCCCC12
C1CCC(CCCCC2CCC3CCCCC23)CC1
C1CCC(CC2CC3CCCCC3C3CCC4CCCCC4C23)CC1
C1CCC2CC(C3CCCC4CCCC43)CCC2C1
C1CCC(CCCCCC2CC3CCCCC3C2)CC1
C1CCC(C2CCC3C(CCCC4CCCCC43)C2)C1
C1CCC(C2CC3C(CCC34CCCC4)C3CCC4CCCCCC4C23)CC1
C1CCC(CCC(CC2CC2)CC2CC3CCCCC3C2)CC1
C1CCC(C2CCC3CC4C(CCCC45CCCC5)CC32)CC1
C1CCC(CCCCC2CC3CCCCC3C2)CC1
C1CCC(C2CCC3CC4C(CCC45CCCCCC5)CC32)CC1
C1CCC2CCC(C3CCCC4CCCC43)CC2CC1
C1CCC(CC2CC3CCCCC3C3CCC4CCCCCC4C23)CC1
C1CCC(CCCC2CCCC3CCC(C4CCCC5CCCC54)CC3C2)CC1
C1CCC2CCC3C4CCCCC4CCC3C2CC1
C1CCC2C(C1)CCCC2CC1CC2CCCCC2C2CCC3CCCCC3C12
C1CCC2C(C1)CC(C1CCCC1)C1CCCCC21
C1CCC(C2CC3CCCC3C3CCC4CCCCCC4C23)CC1
C1CCC2CC(CC3CCCC4CCCC43)CCC2C1
C1CCC(C2CC3CCCCC3C3CCC4CCCCC4C23)CC1
C1CCC(CCCCC2CC3CCCCC3C2)CC1
C1CCC(CCCC2CCCC3CCC(C4CCCC5CCCC54)CC3C2)CC1
C1CCC(CC2CC3CCCCC3C2C2CCCCC2)CC1
C1CCC(C2CCC3CC4C(CCC32)CCC42CCCCC2)CC1
C(CCCC1CCCC2C(C3CCCCC3)CCC12)CCC1CCCCC1
C1CCC(C2CCCC(CC3CCC4CCCCC4C4CCC5CCCCC5C34)C2)C1
C1CCC(CCCC2CCCC(C3CCC4CC(CCC5CCC6CCCCCC6C5)CCC43)C2)CC1
C1CCC(C2CC3CCCC3C3CCC4CCCCC4C23)CC1
C1CCC(CC2CC3CCCCC3CC3CCC4CCCCC4C32)C1
C1CCC(CCCCCC2CCC3CCCCC23)CC1
C1CCC(CCCCC2CC3CCCCC3C2)CC1
C1CCC(CCCCC2CCC3CCCC3C2)CC1
C1CCC2C(C1)CCC1C3CCCCC3CCC21
C(CCC1CCC2C1CCC1C3CCCCC3CCC21)CC1CCC2CCCCC2C1
C1CCC2C(C1)CCCC1CCCCC12
C1CCC(CCC2CCC(CCC3CCCC(CC4CCCC4)CC3)CC2)CC1
C1CCC(C2CC3CCCC3C3CCC4CCCCC4C23)CC1
C(CCC1CCCCC2CCCCC12)CC1CCC2CCCCC2C1
C1CCC(CCCCC2CCC3CCC(C4CCCC5CCCC54)CC3C2)CC1
C1CCC(CCCCC2CC3CCCCC3C2)CC1
C1CCC(CCC2CCC3C(CC4CCCCC4)CCC3C2)CC1
C1CCC(C2CCC3CCC4C(CCC45CCCC5)CC32)CC1
C1CCC(CC2CC3CCCCC3C3CCC4CCCCCC4C23)CC1
C(CCC1CCC2CCCCC2C1)CCC1CCCCC2CCCCC12
C1CCC(C2CC3CCCC3C3CCC4CCCCC4C23)CC1
C1CCC(C2CCC3CC4C(CCCCC45CCCC5)CC32)CC1
C1CCC(CCCCC2CC3CCCCC3C2)CC1
C1CCC(CCCCC2CCC3CCCCC23)CC1
C1CCC(CC2CCCC(CCC3CCC(CCC4CCC(C5CC5)CC4)CC3)C2)C1
C1CCC(CCC(CCC2CCC3CCCC3C2)CC2CCCCC2)CC1
C1CCC(CCCCCC2CCCC3C(C4CCCCC4)CCC23)CC1
C1CCC2CCC3C4CCCC4CC(C4CCC(C5CCCC5)CC4)C3C2CC1
C1CCC(CCC2CCC3C(CCC3C3CCCCC3)C2)CC1
C1CCC2C(C1)CCC1CCCCC12
C1CCC(CC2CCC3CCCCC3C3CCC4CCCCC4C23)C1
C1CCC(CCC2CCCC3CC4C(CCC4C4CCCCC4)CC23)CC1
C1CCC2CCC(C3CCCC3)CC2CC1
C1CCC2CCC3C4CCCCC4CC(CC4CCCC5CCCCC54)C3C2CC1
C(CCCC1CCCC2C(C3CCCCC3)CCC12)CCC1CCCCC1
C1CCC(CCCCC2CC3CCCCC3C2)CC1
C1CCC(C2CCC3CC4C(CCC45CCCCC5)CC32)CC1
C(CCCC1CCCC2C(C3CCCCC3)CCC12)CCC1CCCCC1
C1CCC(CCC(CCC2CC3CCCCC3C2)C2CCCC2)CC1
C1CCC(CC2CC3CCCCC3C2C2CCCCC2)CC1
C1CCC(CCCC2CCC3C(CCC4C5CCCC5CCC34)C2)CC1
C1CCC2CC3CCC(C4CCCCC4)C3CC2CC1
C1CCC2CCC(C3CCCC4CCCC43)CC2CC1
C1CCC2CC(C3CCCC4CCCC43)CCC2C1
C1CCC(CCC2CCC3C(CCC3CC3CCCC(CC4CCCC4)C3)C2)CC1
C1CCC2CC(CCCC3CCC4C3CCC3C5CCCCC5CCCC43)CC2C1
C(CCCC1CCC(C2CCCCC2)C1)CCC1CCCCC1
C1CCC(CCC2CCC(C3CC3)CC2)CC1
C1CCC(C2CC3CCCC3C3CCC4CCCCC4C23)CC1
C1CCC(CCCC2CCCC(C3CCC4CC(CCC5CCC6CCCCCC6C5)CCC43)C2)CC1
C1CCC(C2CCCC3C(CCC4CCCCC43)C2)CC1
C1CCC(CCCC2CC3CCCCC3C2C2CCCCC2)CC1
C1CCC(C2CCC(CCCCCC3CCCC4C(C5CCCCC5)CCC34)C2)CC1
C(CCC1CCC2CCCCC2C1)CCC1CCCC2CCCCC12
C1CCC(CCC2CCC3C2CCC(C2CCCCC2)C2C4CCCCCC4CCC32)CC1
C(CCCC1CCCC2C(C3CCCCC3)CCC12)CCC1CCCCC1
C1CCC(C2CC3CCCC3C3CCC4CCCCC4C23)CC1
C(CCCC1CCCCC1)CCC1CCCCC1
C(CCCC1CCCCC1)CCC1CCCCC1
C1CCC(CC2CCC3C(CC4CCCCC4)CCC3C2)CC1
C1CCC(C2CCC(C3CC4CCCC4C4CCC5CCCCC5C34)CC2)C1
C1CCC(CCC2CCC(CCC3CCCCC3)CC2)CC1
C1CCC(CCCCC2CC3CCCCC3C2)CC1
C(CCC1CCCC2CCCCC12)CC1CC2CCCCC2C1
C1CCC(C2CCC3CCCC3C3CCC4CCCCC4C23)CC1
C1CCC(C2CCC3CC4C(CCC45CCCC5)CC32)CC1
C1CCC(CCC2CCC(C3CCCC4C(C5CCCCC5)CCC34)C2)CC1
C1CCC(CCCC2CC3CCCCC3C2C2CCCCC2)CC1
C(CCC1CCCC2CCCCC12)CC1CC2CCCCC2C1
C1CCC(CCCCC2CC3CCCCC3C2)CC1
C1CCC(C2CCC(CCCCCC3CCCC4CCCCC34)C2)CC1
C1CCC(C2CCC3C(CCC34CCCC4)CC3CCC4CCCCC4C32)CC1
C(CCCC1CCCCC1)CCCC1CCC(C2CCCCC2)C1
C1CCC2CCC(C3CCC4CCCCC43)CC2CC1
C1CCC2C(C1)CCC1CCCCC12
C1CCC(C2CC3CCCCC3C3CCCCC3C2)C1
C1CCC(CCCC2CCCC3C2CCC2C4CC5CCC(C6CCCCC6)C5CC4CCC32)CC1
C1CCC(CCCCCC2CCCC3C(C4CCCCC4)CCC23)CC1
C1CCC(C2CC3CCCC3C3CCC4CCCCC4C23)CC1
C1CCC2C(C1)CCC1CCCCC12
C1CCC(C2CCCCC2CC2CC3CCCCC3C3CCC4CCCCCC4C23)CC1
C1CCC(CCCCC2CCCC3CCCC23)CC1
C1CCC(C2CCC3CC4C(CCCC45CCCC5)CC32)CC1
C1CCC(CCCCC2CC3CCCCC3C2)CC1
C1CCC2CCC3C4CCCC4CCC3C2CC1
C1CCC2CCC3C4CCC(CCCC5CC6CCCCC6C5)C4CCC3C2CC1
C1CCC2C(C1)CCC1C2CCC2CCC3CC3C21
C(CCC1CCCC2CCCCC12)CC1CCC2CCCCC2C1
C1CCC(C2CCC3CC4C(CCCC5C6CCC(CCCC7CC8CCCCC8C7)C6CCC45)CC32)CC1
C1CCC2CC(C3CCCC4CCCC43)CCC2C1
C1CCC(CC2CC3CCCCC3C3CCC4CCCCC4C23)CC1
C1CCC2CC(CCCC3CCCC4C3CCC3C5CCCCC5CCC43)CC2C1
C1CCC(C2CCC3CC4C(CCC45CCCCC5)CC32)CC1
C1CCC(C2CCC3CC4C(CCCC45CCCC5)CCC32)CC1
C1CCC(C2CCC3CC4CCCCC4CCC32)CC1
C(CCC1CCCC2CCCC12)CC1CC2CCCCC2C1
C1CCC(C2CCC3CC4C(CCC5C6CCCC(CCCC7CCCC8CCCCC87)C6CCC45)CC32)CC1
C1CCC(C2CC3CCCC3C3CCC4CCCCC4C23)CC1
C1CCC(CCCCC(CC2CCC3C(CCC3C3CCCCC3)C2)C2CCCCC2)CC1
C1CCC(CC2CCC(CC(CC3CCCCC3)C3CCCCC3)CC2)CC1
C(CCCC1CCCCC1)CCCC1CCC(C2CCCCC2)C1
C1CCC(C2CCC3CC4(CCCCC4C4CCCCC4)CCC32)CC1
C1CCC2CC3CCC4CCCC4C3CCC2C1
C1CCC(CCCCCC2CCC3CCCCC3C2)CC1
C1CCC(CC2CCCCC2CC2CC3CCCCC3C3CCC4CCCCC4C23)CC1
C1CCC(C2CC3CCCC3C3CCC4CCCCC4C23)CC1
C1CCC(C2CCC3CC4C(CCCCC45CCCCC5)CC32)CC1
C1CCC(CCCCC2CC3CCCCC3C2)CC1
C1CCC2CC(CCCC3CCC4C3CCC3C5CCCCC5CCC43)CC2C1
C(CCCCC1CCC(C2CCCCC2)C1)CCCC1CCCCC1
C1CCC(C2(CCCCC3CCC4CCCCC4C3)CCCC3CCCCC32)CC1
C1CCC2C(C1)CCC1C3CCCC3CCCC21
C1CCC(C2CCC3CC4C(CCCC45CCCCC5)CC32)CC1
C1CCC2CC(CCCC3CCC4C3CCC3C5CCCCC5CCC43)CC2C1
C1CCC(CCC2CCCCC2)CC1
C1CCC(C2CC3CCCC3C3CCC4CCCCC4C23)CC1
C(CCC1CCCC2CCCCC12)CC1CC2CCCCC2C1
C1CCC(C2CCC3C(CCC4CCCCC43)C2)CC1
C1CCC2C(C1)CCCC1C3CCCC3CCC21
C(CCCC1CCCC2C(C3CCCCC3)CCC12)CCC1CCCCC1
C1CCC(CCC(CCC2CC3CCCCC3C2)C2CC2)CC1
C1CCC(CC2CCC3CC(C4CCC(CCC5CCCC5)CC4)CCC23)CC1
C(CCCC1CCCC2C(C3CCCCC3)CCC12)CCC1CCCCC1
C1CCC(CCCC2CCCC(C3CCC4CC(CCC5CCC6CCCCC6C5)CCC43)C2)CC1
C1CCC2CCC(C3CCCC4CCCC43)CC2CC1
C1CCC(CCCCCC2CC3CCCCC3C2)CC1
C1CCC2C(C1)CCCC1C3CCCC3CCC21
C1CCC(C2CC3CCCC3C3CCC4CCCCC4CC23)CC1
C1CCC(C2CC3CCCC3C3CCC4CCCCCC4C23)CC1
C1CCC(C2CC3C(CCC4CC4)CCC3C3CCC4CCCCC4C23)CC1
C1CCC(CCCC2CCC3CCC(C4CCCC5CCCC54)CC3C2)CC1
C1CCC(CC2CC3CCCCC3C3CCC4CCCCC4C23)C1
C1CCC(CCCCCC2CCCCC2)CC1
C1CCC2CCC3C4CCC(CCCC5CC6CCCCC6C5)C4CCC3C2CC1
C1CCC(CC2CCC3C(CCCCCC4CCC(C5CCCC5)C4)CCCC23)CC1
C1CCC(CCC(CC2CC2)CC2CC3CCCCC3C2)CC1
C1CCC(CC2CCC3C(CCC3C3CCCCC3)C2)CC1
C1CCC(CCC2CCC3C(CCC3C3CCCCC3)C2)CC1
C1CCC(CCCCC2CC3CCCCC3C2)CC1
C1CCC(CCCCCC2CCC3CCCC3C2)CC1
C1CCC2CCC(C3CCCC4CCCC43)CC2CC1
C1CCC(C2CCC3CC4C(CCCCC45CCCC5)CC32)CC1
C1CCC2CCC(C3CCCC4CCCC43)CC2CC1
C1CCC2CCC3C4CCC(CCCC5CC6CCCCC6C5)C4CCC3C2CC1
C1CCC(CCCC2CCC3CCC(C4CCCC5CCCC54)CC3C2)CC1
C1CC(C2CCC(CC3CC4CCCC4C4CCC5CCCCC5C34)CC2)C1
C1CCC2CC(C3CCCC4CCCC43)CCC2C1
C(CCCC1(C2CCCCC2)CCC1)CCC1CCC(C2CCCCC2)C1
C1CCC(CC2CCC3CC4C(CCCC45CCCC5)CC23)CC1
C1CCC(CCCCC2CCCC3CCCC23)CC1
C1CCC(CC2CCC3CC4C(CCCC45CCCC5)CC23)CC1
C1CCC(CCCCCC2CC3CCCCC3C2)CC1
C1CCC(C2CCC3CC4C(CCCC4CC4CCC5CCCCC54)CCC32)CC1
C(CCC1CCCC2CCCC12)CC1CC2CCCCC2C1
C1CCC(CC2CCCC2CC2CCC3CCCCC3C3CCC4CCCCC4C23)CC1
C1CCC(CCCCC2CC3CCCCC3C2)CC1
C1CCC(CC2CCC(CC(CC3CCCCC3)C3CCCCC3)CC2)CC1
C1CCC(C2CCC3CC4C(CCC45CCCCCC5)CC32)CC1
C1CCC(C2CC3CCCC3C3CCC4CCCCC4C23)CC1
C1CCC(CCC2CCCC3CC4C(CCC4C4CCCCC4)CC23)CC1
C1CCC(C2CCC3C(CCCC4CCCCC43)C2)CC1
C1CC(C2CCC(CC3CC4CCCC4C4CCC5CCCCC5C34)CC2)C1
C1CCC(CCCCCC2CCCC3C(C4CCCCC4)CCC23)CC1
C1CCC2CCC(C3CCCC4CCCC43)CC2CC1
C1CCC2CCC3C4CCCC4CC(C4CCC(C5CCCC5)CC4)C3C2CC1
C(CCCC1CCCC2C(C3CCCCC3)CCC12)CCC1CCCCC1
C1CCC(CCC(CC2CC3CCCCC3C2)C2CCC2)CC1
C1CCC(CCCCCC2CCC3CCCCC23)CC1
C1CCC(CC2CCCC(CC3CCC4CCCCC4C4CCC5CCCCC5C34)C2)CC1
C1CCC(C2CCC3CCCC3C3CCC4CCCCC4C23)CC1
C1CCC(CCC2CCCCC2)CC1
C1CCC(CC2CC3CCCCC3C3CCC4CCCCC4C23)CC1
C1CCC(C2CCC3CCCC3C3CCC4CCCCC4C23)CC1
C1CCC(CCCCC2CC3CCCCC3C2)CC1
C1CCC(CCCCCC2CCC3CCCCC23)CC1
C1CCC(CCCC2CCC3C2CCC2C4CC5CCC(CC6CCCCC6)C5CC4CCC32)CC1
C1CCC(CCCCCC2CCC3CCCCC23)CC1
C1CCC(C2CCC(CC3CC4CCCCC4C4CCC5CCCCCC5C34)CC2)CC1
C1CCC2CCC3C4CCCC4CCC3C2CC1
C1CCC(CCCCCC2CC3CCCCC3C2)CC1
C1CCC(CC2CCCC(C3CCC4CC(CCC5CCC6CCCCC6C5)CCC43)C2)C1
C(CCC1CCC2CCCCC2C1)CCC1CCCC2CCCCC12
C1CCC(CCCCCC2CCC3CCCCC3C2)CC1
C(CCCC1CCCC2C(C3CCCCC3)CCC12)CCC1CC1
C1CCC(CCCCCC2CC3CCCCC3C2)CC1
C(CCC1CC2CCCCC2C1)CCC1CCCC2CCCC12
C1CCC2C(C1)CCC1C3CCCCC3CCC21
C1CCC(CCC(CC2CC2)CC2CC3CCCCC3C2)CC1
C(CCC1CCCC2CCCC12)CC1CC2CCCCC2C1
C1CCC2CCC(C3CCCC4CCCC43)CC2CC1
C(CCC1CCCC1)CCC1CCCC2CCCCC12
C1CCC(CC2CC3CCCCC3CC3CCC4CCCCC4C32)C1
C1CCC(CC2CC3CCCCC3CC3CCC4CCCCC4C32)CC1
C1CCC(CCCCCC2CCCC3C(C4CCCCC4)CCC23)CC1
C1CCC2CC(C3CCCC4CCCC43)CCC2C1
C1CCC(C2CC3CCCC3C3CCC4CCCCC4C23)CC1
C1CCC(CC2CCCC(CC3CC4CCCCC4C4CCC5CCCCCC5C34)C2)CC1
C1CCC2CC(C3CCCC4CCCC43)CCC2C1
C1CCC(CCCCC2CC3CCCCC3C2)CC1
C1CCC(CC2CCCCC2CC2CC3CCCCC3C3CCC4CCCCC4C23)CC1
C1CCC2CC(CCCC3CCC4C3CCC3C5CCCCC5CCC43)CC2C1
C1CCC2CCC(C3CCCC3)CC2CC1
C1CCC(CCC2CCC3C(CCC3C3CCCCC3)C2)CC1
C1CCC(CCCCCC2CCC3CCCCC23)CC1
C1CCC2CC(CC3CCCC4CCCC43)CCC2C1
C(CCC1CCCC2CCCCC12)CCC1CCCC2CCCCC12
C1CCC(CC2CC3CCCCC3C3CCC4CCCCCC4C23)CC1
C1CCC(CC2CC3CCCCC3CC3CCC4CCCCC4C32)CC1
C1CCC(CCCC2CCCC3CC4C(CCC4C4CCCCC4)CC23)CC1
C1CCC(CCCCCC2CC3CCCCC3C2)CC1
C1CCC(C2CCC3CC4CCCCC4CC32)CC1
C1CCC(C2CCC3CC4C5CCC6CCCC6C(CCC4CC32)C5)CC1
C1CCC(CCCCCC2CC3CCCCC3C2)CC1
C1CCC2CCC3C4CCC(CCCC5CC6CCCCC6C5)C4CCC3C2CC1
C1CCC(CCCC2(CCC3CCCC3)CCC3C4CCC5CCCCC5C4CCCC32)CC1
C1CCC(C2CC3CCCC3C3CCC4CCCCC4CC23)CC1
C(CCCC1CCCC2C(C3CCCCC3)CCC12)CCC1CCCCC1
C1CCC(CCC2CCC(CCC3CCCC(CC4CCCC4)C3)CC2)CC1
C1CCC(CCC2CCC3C(CCC3C3CCCCC3)C2)CC1
C1CCC2C(C1)CCC1C3CCCC3CCC21
C1CCC(CC2CC3CCCCC3CC3CCC4CCCCC4C32)CC1
C1CCC(CCCCC2CC3CCCCC3C2)CC1
C1CCC(CCCCC2(CCC3CCCC3)CCC3C4CCC5CCCCC5C4CCC32)CC1
C(CCC1CCCCC2CCCCC12)CC1CCC2CCCCC2C1
C1CCC2CCC(C3CCCC4CCCC43)CC2CC1
C1CCC(CCC(CC2CC3CCCCC3C2)C2CCC2)CC1
C1CCC(CC2CCC3CC4C(CCC45CCCCC5)CC23)CC1
C1CCC(CCCCCC2CC3CCCCC3C2)CC1
C(CCCC1(C2CCCCC2)CCC1)CCC1CCC(C2CCCCC2)C1
C1CCC(CCC(CC2CCC3C(CCC3C3CCCCC3)C2)C2CCCCC2)CC1
C1CCC2CC(CCCC3CCC4C3CCC3C5CCCCC5CCC43)CC2C1
C1CCC(C2CC3CCCC3C3CCC4CCCCC4C23)CC1
C1CC2CCC3C(CCC4CCCCC43)CC2C1
C1CCC2CC(C3CCCC4CCCC43)CCC2C1
C1CCC(CCCC2CCC3CCC(C4CCCC5CCCC54)CC3C2)CC1
C1CCC2C(C1)CCC1CCCCC12
C1CCC2CC(C3CCCC4CCCC43)CCC2C1
C1CCC(CCC(CCC2CCC3CCCC3C2)CC2CCCCC2)CC1
C1CCC(C2CCC3CC4C(CCC45CCCCCC5)CC32)CC1
C1CCC(C2CCC3C(CCCCCC4CCC4)CCCC23)CC1
C(CCCC1CCCCC1)CCCC1CCC(C2CCCCC2)C1
C1CCC(CC2CC3CCCCC3C3CCC4CCCCCC4C23)CC1
C1CCC(CC2CCC3CCCCC3C3CCC4CCCCC4C23)C1
C1CCC2C(C1)CC(C1CCCC3CCCC31)C1CCCC21
C(CCC1CCCC2CCCCC12)CC1CCC2CCCCC2C1
C(CCC1CCC2C(CCC3C4CCCC4CCC23)C1)CC1CCC(C2CCC(C3CC4CCCC4C4CCC5CCCCC5C34)CC2)CC1
C1CCC2C(C1)CCCC1CCCCC12
C1CCC(CC2CC3CCCCC3C3CCC4CCCCC4C23)C1
C1CCC(CCCC2CCC3C(CCC3C3CCCCC3)C2)CC1
C1CCC(CCCC2(CCCC3CC4CCCCC4C3)CCC3C4CCC5CCCCC5C4CCC32)C1
C1CCC2C(C1)CCC1CCCCC12
C1CCC(CCCCCC2CC3CCCCC3C2)CC1
C1CCC(C2CC3CCCC3C3CCCC4CCCCC4C23)CC1
C1CCC(CCCCC2CC3CCCCC3C2)CC1
C(CCC1CCC2CCCCC2C1)CCC1CCCC2CCCCC12
C1CCC2C(C1)CCC1CCCCC12
C1CCC(C2CCC(CCCCCC3CCCC4C(C5CCCCC5)CCC34)C2)CC1
C1CCC(CC2CC3CCCCC3C3CCC4CCCCC4C23)C1
C1CCC(C2CCCC3C(CCC4CCCCC43)C2)CC1
C1CCC(CCCCCC2CCCC3C(C4CCCCC4)CCC23)CC1
C1CCC2CCC(CCC3CCC4C(CCC4C4CCCC(CC5CCCC5)C4)C3)CC2CC1
C(CCC1CCCC2CCCC12)CC1CC2CCCCC2C1
C1CCC(C2CCC3CC4C(CCC32)CCC42CCCC2)CC1
C1CCC(C2CC3CCCC3C3CCC4CCCCC4C23)CC1
C(CCCC1CCCCC1)CCC1CCCCC1
C1CCC(C2CCC3CC4CCCCC4CC32)CC1
C1CCC(CCC2CCC3C(CCC3C3CCCCC3)C2)CC1
C1CCC(CCCCCC2CC3CCCCC3C2)CC1
C1CCC2CCC(C3CCCC4CCCC43)CC2CC1
C1CCC(CCCCCC2CCCC3C(C4CCCCC4)CCC23)CC1
C1CCC(C2CC3CCCCC3C3CCCCC23)CC1
C1CCC(CCC2CCC(C3CCC4C(CCC4C4CCCCC4)C3)CC2)CC1
C1CCC(CC2CC3CCCCC3C3CCC4CCCCC4C23)CC1
C1CCC2C(C1)CCC1C3CCCCC3CCC21
C1CCC(CC2CCCCC2CC2CC3CCCCC3C3CCC4CCCCC4C23)CC1
C1CCC(CCC2CCCCC3CC4C(CCC4C4CCCCC4)CC23)CC1
C1CCC(CC2CCCCC2CC2CC3CCCCC3C3CCC4CCCCC4C23)CC1
C1CCC(CCCCC2CC3CCCCC3C2)CC1
C1CCC(CCC2CCC3C(CCC3C3CCCCC3)C2)CC1
C1CCC(C2CC3CCCC3C3CCC4CCCCC4C23)CC1
C1CCC(C2CCC3CC4C(CC5CCC6CCCCC65)CCCCC4CC32)CC1
C1CCC(CCC2CCCCC2)CC1
C1CCC2C(C1)CCC1C3CCCC3CCC21
C1CCC(CC(CC2CCCCC2)C2CCCCC2)CC1
C1CCC(CCC2CCCC3CC4C(CCC4C4CCCCC4)CC23)CC1
C1CCC2CCC3C4CCCCC4CC(CC4CCCC4)C3C2CC1
C1CCC2C(C1)CCC1C3CCCCC3CCC21
C1CCC2C(C1)CCC1C3CCCCC3CCC21
C(CCC1CCCCC2CCCCC12)CC1CCC2CCCCC2C1
C1CCC(CC2CC3CCCCC3CC3CCC4CCCCC4C32)CC1
C(CCC1CCCC2CCCCC12)CC1CCCC2CCCCC2C1
C1CCC(C2CC3CCCC3C3CCC4CCCCC4C23)CC1
C1CCC(CC2CC3CCCCC3C3CCC4CCCCCC4C23)CC1
C1CCC(CCCC2CCC3CCC(C4CCCC5CCCC54)CC3C2)CC1
C1CCC2C(C1)CCC1C3CCCCC3CCC21
C1CCC(C2CCC3CC4C(CCC45CCCC5)CC32)CC1
C1CCC(C2CC3CCCC3C3CCC4CCCCC4CC23)CC1
C1CCC2CC(C3CCCC4CCCC43)CCC2C1
C1CCC(CCC2CCC3C(CCC3C3CCCCC3)C2)CC1
C1CCC(CC(CC2CCCCC2)C2CCCCC2)CC1
C1CCC(CCC2CCC3C(CCC3C3CCCCC3)C2)CC1
C1CCC2CCC3C4CCCCC4CCC3C2CC1
C1CCC(CCCCCC2CCC3CCCCC23)CC1
C1CCC(C2CC3CCCC3C3CCC4CCCCCC4C23)CC1
C1CCC(CCCC(CCC2CCC3CCCC3C2)CC2CCCCC2)CC1
C1CCC2CCC(C3CCCC4CCCC43)CC2CC1
C1CCC2CC(C3CCCC4CCCC43)CCC2C1
C1CCC(CCCCCC2CCCC3C2CCC3C2CCCC(CC3CCCC3)C2)CC1
C1CCC2C(C1)CCC1C3CCCC3CCC21
C(CCC1CCC2CCCCC2C1)CCC1CCCC2CCCCC12
C1CCC(CCCCCC2CC3CCCCC3C2)CC1
C1CCC(C2CCC(CC3CC4CCCCC4CC4CCC5CCCCC5C43)CC2)CC1
C1CCC2CCC(C3CCCC4CCCC43)CC2CC1
C1CCC(C2CCC3CCC4C(CCC5C6CCC(CCCC7CC8CCCCC8C7)C6CCC45)CC32)CC1
C1CCC(C2CC3CCCC3CC3CCC4CCCCC4C32)CC1
C1CCC(CC2CCC3C(CCC3C3CCCCC3)C2)CC1
C(CCCC1CCCC2C(C3CCCCC3)CCC12)CCC1CCCCC1
C(CCC1CCC2C1CCC1C3CCCCC3CCC21)CC1CCC2CCCCC2C1
C1CCC(C2CC3CCCC3C3CCCC4CCCCC4C23)CC1
C1CCC(CCC(CCC2CCC3CCCC3C2)CC2CCCCC2)CC1
C1CCC(CCC2(CCCC3CC4CCCCC4C3)CCC3C4CCC5CCCCC5C4CCC32)C1
C1CCC(CCCCC2CC3CCCCC3C2)CC1
C1CCC2CCC(C3CCCC3)CC2CC1
C1CCC(C2CCC3(CCCC4CC5C(CCC5C5CCCCC5)CC43)C2)CC1
C1CCC(CC2CC3CCCCC3C3CCC4CCCCCC4C23)CC1
C1CCC2CC(CCCC3CCC4C3CCC3C5CCCCC5CCCC43)CC2C1
C(CCC1CCCC2CCCC12)CC1CC2CCCCC2C1
C1CCC(CCCCC2CCC3CCCCC23)CC1
C1CCC(CCCCC2CC3CCCCC3C2)CC1
C1CCC(CCC2CCC3C(CCC3C3CCCC(CCC4CCCC4)C3)C2)CC1
C1CCC(CCCC2CCCCC2)CC1
C(CCCC1CCCC2C(C3CCCCC3)CCC12)CCC1CCCCC1
C1CCC2CCC(C3CCCC4CCCC43)CC2CC1
C1CCC(CCC2CC3CCCCC3C3CCC4CCCCC4C23)CC1
C1CCC2CCC3C4CCCCC4CC(CC4CCCC4)C3C2CC1
C(CCC1CCCC1)CCC1CCCCC2CCCCC12
C1CC2CCC3C(CCCC4CCC5CC5C43)C2C1
C1CCC2C(C1)CCC1CCCCC12
C1CCC(C2CCC3CCCC3C3CCC4CCCCC4C23)CC1
C1CCC(CCCCCC2CC3CCCCC3C2)CC1
C(CCCC1CCCC2C(C3CCCCC3)CCC12)CCC1CC1
C(CCC1CCCC2CCCCC12)CC1CCC2CCCCC2C1
C(CCCC1CCCCC1)CCCC1CCC(C2CCCCC2)C1
C1CCC(CCC2CCC(CC3CCC4C(CCC4C4CCCCC4)C3)CC2)CC1
C1CCC(C2CCC3CC4C(CCCC45CCCC5)CC32)CC1
C1CCC(CCCCCC2CCCC3C(C4CCCCC4)CCC23)CC1
C1CCC2C(C1)CCCC2CCCC1CCC2C1CCC1C3CCCCC3CCC21
C1CCC2C(C1)CCCC2CCCC1CCCC2CCCCC21
C1CCC2C(C1)CCC1C2CCC2C3CCCC3CC21
C1CCC(CCCC2CCC3CCC(C4CCCC5CCCC54)CC3C2)CC1
C1CCC(C2CCCC3CCCC3C3CCC4CCCCC4C23)CC1
C1CCC(C2CC3CCCC3C3CCC4CCCCC4C23)CC1
C1CCC(CCC2CCCC3CCC4C(CCC4C4CCCCC4)CC23)CC1
C1CCC(C2CCC3C(CCC4CCCCC43)C2)CC1
C1CCC(CCCCCC2CC3CCCCC3C2)CC1
C1CCC2C(C1)CCCC1C3CCCC3CCC21
C1CCC2CC3CCC(C4CCCCC4)C3CC2CC1
C1CCC(CCCCC2CC3CCCCC3C2)CC1
C1CCC(C2CCC3CC4C(CCC45CCCCC5)CC32)CC1
C1CCC(CC2CC3CCCCC3C3CCC4CCCCCC4C23)CC1
C1CCC2C(C1)CCC1CCCCC12
C1CCC2CCC3C4CCCCC4CC(CC4CCCC5CCCCC54)C3C2CC1
C1CCC(CCCCCC2CCCC3C(C4CCCCC4)CCC23)CC1
C1CCC(C2CCC3CC4C(CCC32)CCC2C3CCC(CCCC5CC6CCCCC6C5)C3CCC42)CC1
C1CCC(C2CCC3CC4C(CCC5C6CCC(CCCCC7CCC8CCCCC8C7)C6CCC45)CC32)CC1
C1CCC2CC(C3CCCC4CCCC43)CCC2C1
C1CCC(CCCCCC2CC3CCCCC3C2)CC1
C1CCC(C2CCC3CC4C(CCC45CCCCC5)CC32)CC1
C1CCC(C2CCC(C3CC4CCCC4CC4CCC5CCCCC5C43)CC2)C1
C1CCC2CC(C3CCCC4CCCC43)CCC2C1
C1CCC(CCCCC2CC3CCCCC3C2)CC1
C(CCC1CCCC2CCCC12)CC1CC2CCCCC2C1
C(CCC1CCCC2CCCC12)CC1CC2CCCCC2C1
C1CCC(CCCC23CCCC2CC2C4CCC5CCCCC5C4CCCC23)C1
C1CCC(CCC(CC2CCCCC2)C2CCCCC2)CC1
C1CCC(CCC2CCC3C(CCC3C3CCCCC3)C2)CC1
C1CCC(CCC2CCC3C(CCC4CC(C5CCCCC5)CCC43)C2)CC1
C1CCC(CC2CC3CCCCC3C3CCC4CCCCCC4C23)CC1
C1CCC(CCCCCC2CC3CCCCC3C2)CC1
C1CCC(CC2CC3CCCCC3C3CCC4CCCCC4C23)CC1
C1CCC(CCCCC2CC3CCCCC3C2)CC1
C1CCC2CCC3C4CCC(CCCC5CC6CCCCC6C5)C4CCC3C2CC1
C(CCCC1CCCCC1)CCCC1CCC(C2CCCCC2)C1
C(CCCC1CCCC2C(C3CCCCC3)CCC12)CCC1CCCCC1
C(CCCC1CCCC2CCCCC12)CCC1CCC(C2CCCC2)C1
C1CCC(CC2CCC3CC4C(CCC5C6CCC(CCCC7CC8CCCCC8C7)C6CCC45)CC23)CC1
C1CCC2CCC3C4CCC(CCCC5CC6CCCCC6C5)C4CCC3C2CC1
C1CCC(CCC2(CCCCC3CCC4CCCCC4C3)CCC3C4CCC5CCCCC5C4CCC32)C1
C1CCC(CC2CCC(CC(CC3CCCCC3)C3CCCCC3)CC2)CC1
C(CCC1CCC2CCCCC2C1)CCC1CCCC2CCCCC12
C1CCC(C2CCC3CCCC3C3CCC4CCCCC4C23)CC1
C1CCC(C2CCC3CC4C(CCC45CCCCC5)CC32)CC1
C1CCC(C2CC3CCCC3C3CCC4CCCCC4C23)CC1
C1CCC2CCC3CCCCC3C2CC1
C(CCCC1CCCC2CCCC12)CCC1CCC2CCCCC2C1
C1CCC(CCCC2CCC3C2CCC2C4CCCCC4CCC32)C1
C1CCC(CCCCCC2CCCC3C(C4CCCCC4)CCC23)CC1
C1CCC(CCCCC2CC3CCCCC3C2)CC1
C1CCC2CCC3C4CCCCC4CC(CC4CCCC4)C3C2CC1
C1CCC(C2CC3CCCC3C3CCCC4CCCCC4C23)CC1
C1CCC(C2CC3CCCC3C3CCC4CCCCCC4C23)CC1
C1CCC(C2CCC3CC4C(CCC5C6CCC(CCCCC7CCC8CCCCC8C7)C6CCC45)CC32)CC1
C1CCC(C2CC3CCCC3C3CCC4CCCCCC4C23)CC1
C1CCC(CCC2CCC3C(CCC3C3CCCCC3)C2)CC1
C1CCC(C2CCC3CC4C(CCCC45CCCCC5)CC32)CC1
C(CCCC1CCCCC1)CCC1CCCCC1
C1CCC(C2CC3CCCC3C3CCC4CCCCC4C23)CC1
C(CCC1CCC2CCCCC2C1)CCC1CCCC2CCCC12
C1CCC(CCCCC2CC3CCCCC3C2)CC1
C1CCC(CCCC2CCC3C2CCC2C4CCCCC4CCCC32)C1
C1CCC2C(C1)CCC1C3CCCC3CCC21
C1CCC(CCC2CCC3C(CCC3C3CCCCC3)C2)CC1
C1CCC(CCC(CCC2CCC3CCCCC3C2)CC2CCCCC2)CC1
C1CCC(C2CC3CCCC3C3CCC4CCCCC4C23)CC1
C1CCC(C2CC3CCCCC3C3CCC4CCCCC4C23)CC1
C1CCC(CCCC2CCCC(C3CCC4CC(CCC5CCC6CCCCCC6C5)CCC43)C2)CC1
C1CCC(CCCCCC2CCCC3C(C4CCCCC4)CCC23)CC1
C(CCC1CCCC2CCCC12)CC1CC2CCCCC2C1
C1CCC(C2CCC3CCC4C(CCC5C6CCC(CCCC7CC8CCCCC8C7)C6CCC45)CC32)CC1
C1CCC(CCCCCC2CCCC3C(C4CCCCC4)CCC23)CC1
C1CCC(CCC2CCC3C(CCC3C3CCCCC3)C2)CC1
C(CCC1CCCC2CCCCC12)CCC1CCCC2CCCCC12
C1CCC(CCCCC2CC3CCCCC3C2C2CCCCC2)CC1
C1CCC(CCC2CCC3C(CCC4C5CCCC5CC(CCC5CCCCC5)C34)C2)CC1
C1CCC(CCCC2CCC3CCC(C4CCCC5CCCC54)CC3C2)CC1
C1CCC(C2CC3CCCC3C3CCC4CCCCC4C23)CC1
C(CCCC1CCCCC1)CCC1CCCCC1
C1CCC(CC2CCCC(CC3CC4CCCCC4C4CCC5CCCCCC5C34)C2)CC1
C1CCC(CCC2CCC(C3CC3)CC2)CC1
C1CCC(CCCC2CCC3C(CCC3C3CCCCC3)C2)CC1
C(CCCC1CCCCC1)CCCC1CCC(C2CCCCC2)C1
C1CCC2CCC(C3CCCC4CCCC43)CC2CC1
C1CCC(C2CC3C(CCC4CC4)CCC3C3CCC4CCCCC4C23)CC1
C1CCC(CCCCCC2CCCC3C2CCC3C2CCCC(CC3CC3)C2)CC1
C(CCC1CCCC2CCCCC12)CC1CCC2CCCCC2C1
C1CCC2CCC(C3CCCC4CCCC43)CC2CC1
C1CCC(CCC2CCC3C(CCC4C5CCCC5CC(CCC5CCCCC5)C34)C2)CC1
C1CCC(CC23CCCCC2CCC2C4CCCCC4CCC23)CC1
C1CCC(CCCCCC2CC3CCCCC3C2)CC1
C1CCC2CC(C3CCCC4CCCC43)CCC2C1
C1CCC(CC2CCC3(CCC4CC5C(CCC5C5CCCCC5)CC43)C2)CC1
C1CCC(CC2CC3CCCCC3C3CCC4CCCCCC4C23)CC1
C1CCC(CCCCCC2CC3CCCCC3C2)CC1
C(CCC1CCCC2CCCCC12)CC1CCC2CCCCC2C1
C(CCC1CCCC2CCCCC12)CC1CCC2CCCCC2C1
C1CCC2CCC(C3CCCC4CCCC43)CC2CC1
C1CCC(CCC2CCC(C3CC3)CC2)CC1
C(CCC1CCCC2CCCC12)CC1CC2CCCCC2C1
C1CCC(CC2CC3CCCCC3CC3CCC4CCCCC4C32)CC1
C1CCC(CCCC2CCC3CCCC3C2)CC1
C(CC1CCC(C2CCCC2)CC1)CC1CCC2CCCC2C1
C1CCC2CCC3C4CCCC4CCC3C2CC1
C1CCC(C2CCC3CC4C(CCC32)CCC42CCCCC2)CC1
C1CCC(C2CCC3CCC4CCCCC4C3CC2)CC1
C1CCC(CCCCCC2CC3CCCCC3C2)CC1
C1CCC(CCCCCC2CCCC3C(C4CCCCC4)CCC23)CC1
C1CCC(CCCCC2CCC3CCCCC23)CC1
C1CCC(CC2CC3CCCCC3C3CCC4CCCCCC4C23)CC1
C1CCC2CC(CCCC3CCC4C3CCC3C5CCCCC5CCC43)CC2C1
C1CCC(CC2CC3CCCCC3C3CCC4CCCCC4C23)C1
C(CCC1CCCC2CCCCC12)CCC1CCCC2CCCCC12
C1CCCC(CC2CCCCC2CC2CC3CCCCC3C3CCC4CCCCC4C23)CC1
C1CCC(CCC2CCC3C(CCC3C3CCCCC3)C2)CC1
C1CCC(CCCC2CC3CCCCC3C2C2CCCCC2)CC1
C1CCC(C2CCC3CC4C(CCC5C6CCC(CCCC7CC8CCCCC8C7)C6CCCC45)CC32)CC1
C1CCC(CC2CC3CCCCC3CC3CCC4CCCCC4C32)C1
C1CCC(C2CCC3CC4(CCCCCCC4C4CCCCC4)CCC32)CC1
C1CCC(CCCCC2CC3CCCCC3C2)CC1
C1CCC2CC(CCCC3CCCC4CCCCC43)CC2C1
C1CCC(CC2CC3CCCCC3C3CCC4CCCCC4C23)CC1
C1CCC(C2CC3CCCC3C3CCC4CCCCC4C23)CC1
C1CCC(CCCC2CCC3CCC(C4CCCC5CCCC54)CC3CC2)CC1
C1CCC(CC2CC3CCCCC3C3CCC4CCCCCC4C23)CC1
C1CCC(CCCCC2CCC3CCCCC23)CC1
C1CCC(CCCC(CCC2CCC3CCCC3C2)CC2CCCCC2)CC1
C1CCC2CCC(C3CCCC4CCCC43)CC2CC1
C1CCC(CCCCC2CCCC3C2CCC2C4CCCCC4CCC32)CC1
C1CCC2C(C1)CCCC1C3CCCC3CCC21
C1CC2CCC3C(CCC4CCCCC43)CC2C1
C(CCCCCCC1CCC(CCC2CCC(CCC3CCCC3)C2)C1)CCCCCCC1CCC2C1CCC1C3CCCCC3CCC21
C1CCC(CCCCC2CC3CCCCC3C2)CC1
C1CCC(CCC2CCC(C3CC3)CC2)CC1
C1CCC2CC(C3CCCC4CCCC43)CCC2C1
C(CCC1CCC2CCCCC2C1)CCC1(C2CCCC2)CCCC2CCCCC21
C(CCC1CCC2C1CCC1C3CCCCC3CCC21)CC1CC2CCCCC2C1
C1CCC2CC(C3CCCC4CCCC43)CCC2C1
C1CCC(CCC2CCCC3CC4C(CCC4C4CCCCC4)CC23)CC1
C1CCC(C2CCC(C3CC4CCCC4C4CCC5CCCCC5C34)CC2)C1
C1CCC(CCCCC2CC3CCCCC3C2)CC1
C1CCC(CCCCC2CC3CCCCC3C2)CC1
C1CCC2C(C1)CCCC1C3CCCC3CCC21
C1CCC2CC(C3CCCC4CCCC43)CCC2C1
C(CCC1CCCC2CCCCC12)CC1CCC2CCCCC2C1
C1CCC(C2CCC3CCCC3C3CCC4CCCCC4C23)CC1
C1CCC(CCCCCC2CC3CCCCC3C2)CC1
C1CCC(CC(CC2CCCCC2)C2CCCCC2)CC1
C1CC2CCC3C(CCC4CCCCC43)CC2C1
C(CCCC1CCCC2C(C3CCCCC3)CCC12)CCC1CCCCC1
C1CCC(C2CCC3C(CCCCCC4CC4)CCCC23)CC1
C1CCC(C2CCC3CC4(CCCCCC4C4CCCCC4)CCC32)CC1
C1CCC2CCC3CCCCC3C2CC1
C1CCC(CCC2CCC3C(CC4CCCCC4)CCC3C2)CC1
C1CCC(C2CC3CCCC3C3CCC4CCCCC4C3C2)CC1
C(CCCC1CCCC2C(C3CCCCC3)CCC12)CCC1CCCCC1
C1CCC(CCCCC2CC3CCCCC3C2)CC1
C1CCC(C2CC3CCCC3C3CCC4CCCCC4C23)CC1
C1CCC(CCC2CCC3C(CCCC4CC(C5CCCCC5)CCC43)C2)CC1
C1CCC2CC(C3CCCC4CCCC43)CCC2C1
C1CCC(CCCCC2CC3CCCCC3C2)CC1
C1CCC2CC(CCCC3CCC4C3CCC3C5CCCCC5CCCC43)CCC2C1
C1CCC(CCCCC2CCCC(C3CCC4CC(CCC5CCC6CCCCC6C5)CCC43)C2)CC1
C1CCC2CCC3C4CCCCC4CC(CC4CCCC4)C3C2CC1
C1CCC2C(C1)CCC1C3CCCCC3CCC21
C1CCC(CC2CC3CCCCC3C3CCCCC23)CC1
C1CCC(CC2CCC3C(CCCCCC4CCC(C5CCCC5)C4)CCCC23)CC1
C1CCC2CCC3C4CCCCC4CC(CC4CCCC5CCCCC54)C3C2CC1
C1CCC(CCCCC2CCC3CCCCC23)CC1
C1CCC2CC(CCCC3CCCC4C3CCC3C5CCCCC5CCC43)CCC2C1
C1CCC(CCC(CCC2CCC3CCCC3C2)CC2CCCCC2)CC1
C1CCC(C2CC3CCCCC3C3CCCCC23)CC1
C1CCC(C2CC3CCCC3C3CCC4CCCCC4C23)CC1
C1CCC(CCCCC2CCC3CCCCC23)CC1
C1CCC(C2CCC3CCC4(CCCCCC4C4CCCCC4)CCC32)CC1
C1CCC2C(C1)CCCC2CCCC1CCCC2CCCCC21
C1CCC2CCC3C(CCC4C3CCC4(CCCC3CCC4CCCCC4C3)CCC3CCCC3)C2CC1
C1CCC(CCCCCC2CC3CCCCC3C2)CC1
C(CCC1CCCC2CCCCC12)CC1CCCC2CCCCC12
C1CCC(CCCCC2CCC3CCC(C4CCCC5CCCC54)CC3C2)CC1
C1CCC2CCC3C(CCC4C5CCCC5CC43)C2CC1
C(CCCC1CCCC2C(C3CCCCC3)CCC12)CCC1CCC(C2CCCC2)C1
C1CCC2CCC(C3CCCC4CCCC43)CC2CC1
C1CCC(CCCCC2CCC3CCC(C4CCCC5CCCC54)CC3C2)CC1
C1CCC(CCCC2CCC3CCC(C4CCCC5CCCC54)CC3C2)CC1
C1CCC2C(C1)CCCC1CCCCC12
C1CCC(CCCCC2CC3CCCCC3C2)CC1
C1CCC(C2CC3CCCC3C3CCC4CCCCC4C23)CC1
C(CCC1CCCC2CCCC12)CC1CC2CCCCC2C1
C(CCCC1CCCCC1)CCCC1CCC(C2CCCCC2)C1
C1CCC2C(C1)CCC1C3CCCCC3CCC21
C1CCC2CC(CC3CCCC4CCCC43)CCC2C1
C1CCC(CCCCC2CCC3CCCCC23)CC1
C1CCC(CCCCCC2CC3CCCCC3C2)CC1
C1CCC(CCCCC2CCCC(C3CCC4CC(CCC5CCC6CCCCC6C5)CCC43)C2)CC1
C1CCC(C2CC3CCCC3C3CCC4CCCCC4C3C2)CC1
C1CCC(C2CCC3CC4C(CC5CCC6CCCCC65)CCCC4CC32)CC1
C(CCC1CCC2C1CCC1C3CCCCC3CCC21)CC1CC2CCCCC2C1
C(CCCCC1CCCC2C(CCC3C4CCCC4CCC23)C1)CCCC1CCCC(CC(CC2CCC(CC3CCCCC3)CC2)C2CCCCC2)C1
C1CCC(C2CCC3CC4C(CCC5C6CCCC6CCC45)CC32)CC1
C1CCC2CCC(C3CCCC4CCCC43)CC2CC1
C1CCC(CCCC2(CCC3CCCC3)CCCC3C4CCC5CCCCC5C4CCC32)C1
C1CCC(C2CC3CCCC3C3CCC4CCCCC4C23)CC1
C1CCC2CC(CC3CCCC4CCCC43)CCC2C1
C1CCC2CC(C3CCCC4CCCC43)CCC2C1
C1CCC(CCC(CC2CCC(CC3CCCCC3)CC2)C2CCCCC2)CC1
C1CCC(CCCCCC2C3CCCCC3CCC2C2CCCC3CCCC32)CC1
C1CCC2C(C1)CCC1C3CCCC3CCC21
C1CCC(CCC2(CCCC3CCC4CCCCC4C3)CCC3C4CCC5CCCCC5C4CCC32)C1
C1CCC(CCCCC2CCC3CCCCC23)CC1
C1CCC(CCCCC2CC3CCCCC3C2)CC1
C1CC2CCCC3C(CCC4CCC5CC5C43)C2C1
C1CCC2C(C1)CCC1C3CCCCC3CCC21
C(CCCC1CCCC2C(C3CCCCC3)CCC12)CCC1CCCCC1
C1CCC(CCC2CCC3C(CCC3C3CCCCC3)C2)CC1
C1CCC(CCC2CCC3C(CCC3C3CCCCC3)C2)CC1
C1CCC(CCCCCC2CC3CCCCC3C2)CC1
C(CCCC1CCCC2CCCCC12)CCC1CCC(C2CCCCC2)C1
C1CCC(C2CCC3CC4C(CCC5C6CCC(CCCCC7CCC8CCCCC8C7)C6CCC45)CC32)CC1
C1CCC(CCCCC2C3CCCCCC3CCC2C2CCCC3CCCC32)CC1
C1CCC(CCCC2CCC3CCC(C4CCCC5CCCC54)CC3C2)CC1
C1CCC2CC(C3CCCC4CCCC43)CCC2C1
C1CCC(C2CCC3CC4C(CCC32)CCC42CCCC2)CC1
C1CCC(CCC2CCC(C3CC3)CC2)CC1
C1CCC(CCCCCC2CCCC3C(C4CCCCC4)CCC23)CC1
C1CCC(CCC2CCC3C(CCC4CCC(C5CCCCC5)CCC43)C2)CC1
C1CCC2CCC(C3CCCC4CCCC43)CC2CC1
C1CCC2C(C1)CCC1C3CCCC3CCC21
C1CCC(CC2CCC(CCCCCC3CCCC4CCCCC34)C2)CC1
C1CCC2CCC(C3CCCC4CCCC43)CC2CC1
C(CCC1CCCC2CCCC12)CC1CC2CCCCC2C1
C1CCC2C(C1)CCC1C3CCCC3CCC21
C1CCC(C2CC3CCCC3C3CCC4CCCCCC4C23)CC1
C1CCC2CC(C3CCCC4CCCC43)CCC2C1
C1CCC(C2CC3CCCCC3C3CCC4CCCCC4C23)CC1
C1CCC(C2CC3CCCC3C3CCC4CCCCC4C23)CC1
C1CCC2C(C1)CCCC2CCCC1CCC2C1CCC1C3CCCCC3CCC21
C1CCC(C2CC3CCCCC3C3CCC4CCCCC4C23)CC1
C1CCC2CCC(C3CCCC4CCCC43)CC2CC1
C1CCC(CCC2CCCCC3CC4C(CCC4C4CCCCC4)CC23)CC1
C1CCC(CCCCC2CCC3CCCCC23)CC1
C1CCC(CC2CC3CCCCC3C3CCCCC23)CC1
C1CCC(CC2CCC3CC4C(CCCC45CCCC5)CC23)CC1
C1CCC(C2CCC3CCCC3C3CCC4CCCCC4C23)CC1
C(CCCC1CCCCC1)CCCC1CCC(CC2CCCCC2)C1
C1CCC(CCCC2CCC(CCC3CCCCC3)CC2)CC1
C(CCCC1CCCCC1)CCCC1CCC(C2CCCCC2)C1
C1CCC(C2CCC3CCCC3C3CCC4CCCCCC4C23)CC1
C1CCC(C2CCC3CC4(CCCCC4C4CCCCC4)CCCC32)CC1
C1CCC(CCC2CCC3C(CCC3C3CCCCC3)C2)CC1
C1CCC2CC(CCCC3CCC4C3CCC3C5CCCCC5CCC43)CC2C1
C1CCC(C2CCC3CCCC3C3CCC4CCCCCC4C23)CC1
C1CCC2CCC(C3CCCC4CCCC43)CC2CC1
C1CCC2CC(C3CCCC4CCCC43)CCC2C1
C1CCC2C(C1)CCC1C3CCCC3CCC21
C(CCCC1CCCCC1)CCCC1CCC(C2CCCCC2)C1
C1CCC2CC(CCCC3CCC4C3CCC3C5CCCCC5CCCC43)CC2C1
C1CCC(CCCCC2CC3CCCCC3C2)CC1
C1CCC2CCC3C4CCCCC4CC(CC4CCCC4)C3C2CC1
C1CCC(C2CCC3C(CCC3C3CCCCC3)C2)CC1
C(CCC1CC2CCCCC2C1)CCC1CCCC2CCCC12
C1CCC(C2CC3CCCC3C3CCC4CCCCCC4C23)CC1
C1CCC(CCC2CCCCC2)CC1
C(CCCC1CCCC2C(C3CCCCC3)CCC12)CCC1CCCCC1
C1CCC2CC(CCCC3CCCC4C3CCC3C5CCCCC5CCC43)CC2C1
C1CCC(C2CCC3(CCC4CCC5C(CCC5C5CCCCC5)CC43)C2)CC1
C1CCC2CCC(C3CCCC4CCCC43)CC2CC1
C1CCC(CCC2CCC3C(CCC3C3CCCCC3)C2)CC1
C1CCC(CCC2CCC3C(CCC4C5CCCC5CC(CCC5CCCCC5)C34)C2)CC1
C1CCC(C2CCC3CC4C(CCC32)CCC42CCCCC2)CC1
C(CCC1CCCC2CCCC12)CC1CC2CCCCC2C1
C1CCC(C2CC3CCCC3C3CCC4CCCCC4C23)CC1
C1CCC(CCCCC2CC3CCCCC3C2)CC1
C(CCCC1CCCC2C(C3CCCCC3)CCC12)CCC1CCCCC1
C(CCC1CCC2C1CCC1C3CCCCC3CCC21)CC1CCC2CCCCC2C1
C1CCC(CC2CCC3C(CCC3C3CCCCC3)C2)CC1
C1CCC(CCC2CCC(C3CC3)CC2)CC1
C(CCC1CCCC2CCCC12)CC1CC2CCCCC2C1
C1CCC(CCCC2CCC(C3CCC4C(CCC4C4CCCCC4)C3)CC2)CC1
C1CCC(CCC2CC3CCCCC3C3CCC4CCCCC4C23)C1
C1CCC(C2CCC3CC4C(CCC45CCCCCC5)CC32)CC1
C1CCC(CCC2CCC(C3CCC4C(CCC4C4CCCCC4)C3)CC2)CC1
C(CCC1CCC2CCCCC2C1)CCC1CCCC2CCCCC12
C1CCC(CC2CC3CCCCC3C3CCC4CCCCC4C23)C1
C1CCC(CC2CCCC(CCC3CCC(CCC4CCC(C5CC5)CC4)CC3)C2)CC1
C1CCC2C(C1)CCC1C3CCCC3CCC21
C1CCC(C2CCC3CCC4C(CCC45CCCC5)CC32)CC1
C1CCC(CCCCC2CC3CCCCC3C2)CC1
C1CCC2C(C1)CCC1C3CCCC3CCC21
C1CCC(CC2CC3CCCCC3C3CCC4CCCCCC4C23)CC1
C1CCC2CC(C3CCCC4CCCC43)CCC2C1
C(CCCC1CCCC2C(C3CCCCC3)CCC12)CCC1CCCCC1
C1CCC(CCC2(CCCC3CC4CCCCC4C3)CCC3C4CCC5CCCCC5C4CCC32)C1
C1CCC(CCCCC2CC3CCCCC3C2)CC1
C1CCC(C2CCC3CC4C(CCCC5C6CCC(CCCC7CCC8CCCCC8C7)C6CCC45)CC32)CC1
C1CCC(C2CCC3CC4C(CCCC4CC4CCC5CCCCC54)CCC32)CC1
C1CCC(CC2CCCC2CC2CC3CCCCC3CC3CCC4CCCCC4C32)CC1
C1CCC(CCCCCC2CC3CCCCC3C2)CC1
C1CCC(C2CCC3CCCC4(CCCCC4)C3C2)CC1
C1CCC(CCCCC2CC3CCCCC3C2)CC1
C1CCC(CCCCC2C3CCCCCC3CCC2C2CCCC3CCCC32)CC1
C1CCC(C2CCC3CC4C(CCCC45CCCC5)CC32)CC1
C1CCC(C2CC3CCCCC3C3CCC4CCCCC4C23)CC1
C1CCC2CC(CC3CCCC4CCCC43)CCC2C1
C1CCC(CCC2CCC3C(CCC3C3CCCCC3)C2)CC1
C1CCC(C2CCC3C(CCCCCC4CCC(C5CCCC5)C4)CCCC23)CC1
C(CCC1CCCC2CCCC12)CC1CC2CCCCC2C1
C(CCC1CCC2C(CCC3C4CCCCC4CCC23)C1)CC1CCC(C2CCC(C3CC4CCCC4C4CCC5CCCCC5C34)CC2)CC1
C1CCC(C2CC3CCCC3C3CCC4CCCCCC4C23)CC1
C1CCC(CCCC2CCC3CCC(C4CCCC5CCCC54)CC3C2)CC1
C1CCC(C2CCC3C(CCCCCC4CCC(C5CCCC5)C4)CCCC23)CC1
C1CCC(C2CC3C(CCC34CCCC4)C3CCC4CCCCCC4C23)CC1
C1CCC(CC2CC3CCCCC3C3CCC4CCCCCC4C23)CC1
C1CCC(CC2CC3CCCCC3C3CCC4CCCCC4C23)C1
C1CCC2CCC3C4CCCC4CCC3C2CC1
C1CCC2CC(C3CCCC4CCCC43)CCC2C1
C1CCCC(C2CCC3CC4C(CCC5C6CCCC6CCC45)CC32)CC1
C1CCC(CCC(CCC2CCCCC2)CCC2CCC3CCCC3C2)CC1
C1CCC(CC2CC3CCCCC3C3CCC4CCCCCC4C23)CC1
C1CC2CCC3C(CCC4CCCCC43)CC2C1
C1CCC2CC(CCCC3CCCC4C3CCC3C5CCCCC5CCC43)CC2C1
C1CCC2C(C1)CCC1C3CCCC3CCC21
C1CCC(CCC2CCC(CCC3CCCC(CC4CCCCC4)C3)CC2)CC1
C(CCC1CCCCC2CCCCC12)CC1CCC2CCCCC2C1
C1CCC2CCC(C3CCCC4CCCC43)CC2CC1
C1CCC(C2CCC3CC4C(CCC5C6CCCC(CCCC7CCC8CCCCC8C7)C6CCC45)CC32)CC1
C1CCC2CC(C3CCCC4CCCC43)CCC2C1
C(CCCCC1CCC(C2CCCCC2)C1)CCCC1CCC2CCCC2C1
C1CCC2C(C1)CC(C1CCCC3CCCC31)C1CCCC21
C1CCC(CCC2CCC(CCC3CCCCC(CC4CCCC4)C3)CC2)CC1
C1CCC(C2CCC3CCC4C(CCCC45CCCC5)CC32)CC1
C1CCC(C2CCC(C3CC4CCCC4C4CCC5CCCCC5C34)CC2)C1
C1CCC(CCCC2(CCC3CCCC3)CCC3C4CCC5CCCCC5C4CCC32)CC1
C1CCC(C2CC3CCCC3C3CCC4CCCCC4CC23)CC1
C1CCC(C2CCC3CC4C(CCC45CCCCCC5)CC32)CC1
C1CCC2CCC3CCCCC3C2CC1
C1CCC(CCC(CCC2CCC3CCCC3C2)CC2CCCCC2)CC1
C(CCCCC1CCC(C2CCCCC2)C1)CCCC1CCCCC1
C1CCC(CCC(CCC2CCC3CCCCC3C2)CC2CCCCC2)CC1
C1CCC(CCCCC2CCC3CCCCC3C2)CC1
C(CCC1CCC2C1CCC1C3CCCCC3CCC21)CC1CCC2CCCCC2C1
C1CCC2CCCCC2C(CCCCC2CCCC3CCCCC23)C1
C(CCCC1CCCC2C(C3CCCCC3)CCC12)CCC1CCCCC1
C1CCC2CC(CCCC3CCCCC4CCCCC43)CC2C1
C1CCC(CCC2CCCC3CC4C(CCC23)CCC4C2CCCCC2)CC1
C1CCC2CCC(C3CCCC4CCCC43)CC2CC1
C1CCC(C2CCC3CC4C(CCC5C6CCC(CCCC7CCC8CCCCC8C7)C6CCC45)CC32)CC1
C(CCC1CCCC2CCCC12)CC1CC2CCCCC2C1
C1CCC(CCCCC2CCC3CCCCC23)CC1
C(CCC1CCC2C1CCC1C3CCCCC3CCC21)CC1CCC2CCCCC2C1
C1CCC2CCC(C3CCCC4CCCC43)CC2CC1
C1CCC2CCC(C3CCCC4CCCC43)CC2CC1
C1CCC(C2CC3CCCCC3CC3CCCCC32)CC1
C1CCC(CC2CCC(CC(CC3CCCCC3)C3CCCCC3)CC2)CC1
C1CCC(C2CCC3C(CCCCCC4CCC(C5CCCC5)C4)CCCC23)CC1
C1CCC(CCC2CCC3C(CC4CCCCC4)CCC3C2)CC1
C(CCCCC1CCC(C2CCCCC2)C1)CCCC1CCCCC1
C1CCC2CCC(C3CCCC4CCCC43)CC2CC1
C1CCC(CCCC2(CCC3CCCC3)CCC3C4CCC5CCCCC5C4CCC32)CC1
C1CCC(CCCCCC2CCCC3C(C4CCCCC4)CCC23)CC1
C1CCC2CC3CCC4CCCC4C3CCC2C1
C1CCC2C(C1)CCCC1C3CCCC3CCC21
C1CCC(CC2CCC(C3CC4CCCC4C4CCC5CCCCC5C34)CC2)CC1
C1CCC(CC2CC3CCCCC3C3CCC4CCCCC4C23)C1
C1CCC(C2CCC3CC4C(CCC45CCCC5)CC32)CC1
C1CCC2CCC3C4CCCC4CC(C4CCC(CCCCC5CCC6C(CCC7C8CCCC8CCC67)C5)CC4)C3C2CC1
C1CCC(CCC2CCC3C(CCC3C3CCCC(CCC4CCCCC4)C3)C2)CC1
C1CCC2CCC3C4CCCCC4CC(CC4CCCC4)C3C2CC1
C1CCC(C2CCC(CCCCCC3CCCCC4CCCCC34)C2)CC1
C1CCC(CCCCCC2CC3CCCCC3C2)CC1
C1CCC(CC2CCC(C3CC4CCCC4C4CCCC5CCCCC5C34)CC2)CC1
C(CCC1CCCC2CCCCC12)CC1CCC2CCCCC2C1
C1CCC(CCC(CCC2CCCCC2)CCC2CCC3CCCC3C2)CC1
C1CCC(C2CCC3C(CCC34CCCC4)C3CCC4CCCCC4C23)CC1
C(CCCC1CCCC2C(C3CCCCC3)CCC12)CCC1CCCCC1
C1CCC(C2CCC(CCCCC3CCC4C3CCC3C5CCCCC5CCC43)C2)CC1
C1CCC(CCC2CCC(CCC3CCCC(CC4CCCC4)C3)CC2)CC1
C1CCC(CCCCC2CCC3CCCCC23)CC1
C(CCCC1CCCCC1)CCCC1CCC(C2CCCCC2)C1
C1CCC(C2CCC3C(CCC4CCCCC43)C2)CC1
C1CCC(CCCCCC2CC3CCCCC3C2)CC1
C(CCC1CCCC2CCCC12)CC1CC2CCCCC2C1
C1CCC2CCC(C3CCCC4CCCC43)CC2CC1
C1CCC2CCC3C4CCCCC4CC(CC4CCCC4)C3C2CC1
C1CCC2CCC3C4CCCCC4CC(CC4CCCC4)C3C2CC1
C1CCC(CCCCCC2CC3CCCCC3C2)CC1
C1CCC(CCC2(CCCC3CC4CCCCC4C3)CCC3C4CCC5CCCCC5C4CCC32)C1
C(CCCC1CCCC2CCCCC12)CCC1CCC(C2CCCCC2)C1
C1CCC(C2CC3CCCC3C3CCC4CCCCC4C23)CC1
C1CCC2CC(C3CCCC4CCCC43)CCC2C1
C(CCCCC1CCC(C2CCCCC2)C1)CCCC1CCCCC1
C1CCC(CCC2CCC(C3CCC4C(CCC4C4CCCCC4)C3)CC2)CC1
C1CCC(CCC2CCC3C(CCC3C3CCCCC3)C2)CC1
C1CCC(C2CC3CCCCC3C3CCC4CCCCC4C23)CC1
C1CCC(CC2CCC3CC4C(CCC45CCCCC5)CC23)CC1
C1CCC(C2CC3CCCC3C3CCC4CCCCC4C23)CC1
C1CCC(CCCCCC2CCC3CCCCC23)CC1
C1CCC2CC(C3CCCC4CCCC43)CCC2C1
C(CCCCCCC1CCC(CCC2CCC(CCC3CCCC3)C2)C1)CCCCCCC1CCC2C1CCC1C3CCCCC3CCC21
C(CCCCC1CCC(C2CCCCC2)C1)CCCC1CCCCC1
C1CCC(CCCC2CCC3CCC(C4CCCC5CCCC54)CC3CC2)CC1
C1CCC(C2CCC3CC4C(CCCC45CCCC5)CC32)CC1
C(CCCC1CCCCC1)CCCC1CCC(CC2CCCCC2)C1
C1CCC(CCC2CC3CCCCC3C3CCC4CCCCC4C23)C1
C1CCC(CCCCC2CC3CCCCC3C2)CC1
C1CCC(CC2CCCC(CC3CC4CCCCC4C4CCC5CCCCC5C34)C2)CC1
C1CCC2CC(C3CCCC4CCCC43)CCC2C1
C1CCC2C(C1)CCCC1C3CCCC3CCC21
C1CCC(CCC2CCC3C(CCC3C3CCCCC3)C2)CC1
C(CCCCCCC1CCC2C1CCC1C3CCCCCC3CCC21)CCCCCC1CCC(CCC2CCC(CCC3CCCC3)C2)C1
C1CCC(C2CCC3CC4C(CCC5C6CCC(CCCCC7CCC8CCCCC8C7)C6CCC45)CC32)CC1
C1CCC(CCCCC2CCC3C2CCC2C4CC5CCC(C6CCCCC6)C5CC4CCC32)CC1
C1CCC2C(C1)CCC1C3CCCC3CCC21
C1CCC(CCCCCC2CCCC3C(C4CCCCC4)CCC23)CC1
C1CCC(C2CCC3CCC4C(CCCC45CCCC5)CC32)CC1
C1CCC(C2CCC3CC4C(CCC5C6CCC(CCCC7CCC8CCCCC8C7)C6CCC45)CC32)CC1
C1CCC(CCCCC2CCC3CCCCC23)CC1
C1CCC(CC2CC3CCCCC3C3CCC4CCCCC4C23)C1
C1CCC(C2CCC3CC(C4CCC(CCC5CCCC5)CC4)CCC32)CC1
C(CCC1CCCC2CCCCC12)CC1CCC2CCCCC2C1
C1CCC(C2CC3CCCCC3C3CCC4CCCCC4C23)CC1
C(CCCC1CCCC2C(C3CCCCC3)CCC12)CCC1CCC(C2CCCC2)C1
C1CCC(C2CCC3CCCC3C3CCC4CCCCC4C23)CC1
C1CCC(C2CC3C(CCC34CCCC4)C3CCC4CCCCCC4C23)CC1
C(CCC1CCC2C(CCC3C4CCCC4CCC23)C1)CC1CCC(C2CC3CCCC3C3CCC4CCCCC4C23)CC1
C1CCC(C2CCC3C(CCC4CCCCC43)C2)CC1
C1CCC(CCC2CCC3C(CCC3C3CCCCC3)C2)CC1
C1CCC2C(C1)CCC1CCCCC12
C1CCC(CCCCCC2CCCC3C(CC4CCCCC4)CCC23)CC1
C1CCC(CCCCC2CCCCC3CCC(C4CCCCC4)CC23)CC1
C1CCC(CCC2(CCCC3CCC4CCCCC4C3)CCC3C4CCC5CCCCC5C(CCC32)C4)C1
C1CCC(CCCCC2CCC3CCCCC23)CC1
C1CCC(CCC2CCCCC2)CC1
C(CCCC1CCCC2C(C3CCCCC3)CCC12)CCC1CCCCC1
C1CCC(CCC2CCC3C(CCC3C3CCCCC3)C2)CC1
C1CCC2C(C1)CCC1C3CCCC3CCC21
C1CCC2C(C1)CCC1C3CCCC3CCC21
C1CCC(CCC2CCC3C(CCC3C3CCCCC3)C2)CC1
C1CCC(C2CCCC(CC3CC4CCCCC4C4CCC5CCCCC5C34)C2)C1
C1CCC(CCCC2CCCC3CCC(C4CCCC5CCCC54)CC3C2)CC1
C1CCC(CCC2CCC(C3CC3)CC2)CC1
C1CCC2CCC(C3CCCC4CCCC43)CC2CC1
C1CCC(CCC2CCCCC2)CC1
C1CCC(C2CCC3CC4C(CCC5C6CCC(CCCCC7CC8CCCCC8C7)C6CCC45)CC32)CC1
C1CCC(CCC2CCC3C(CCC3C3CCCCC3)C2)CC1
C1CCC(C2CC3CCCC3C3CCC4CCCCC4C23)CC1
C1CCC(C2CCC3CC4C(CCC45CCCCC5)CC32)CC1
C1CCC(CCC2CCCC3CCC(CC4CCCC5CCCC54)CC23)CC1
C1CCC(CC2CC3CCCCC3C3CCC4CCCCC4C23)CC1
C1CCC(CCCCC2CCC3CCCCC23)CC1
C1CCC(CC2CCC3C(CCC3C3CCCCC3)C2)CC1
C1CCC(CCCCC2CCC3CCCCC23)CC1
C1CCC2CCC3C(CCC4C3CCC4(CCCC3CC4CCCCC4C3)CCC3CCCC3)C2CC1
C1CCC2C(C1)CCC1C3CCCCC3CCC21
C1CCC(C2CCC3C(CCC4CCCCC43)C2)CC1
C1CCC(C2CCCC3C(CCC4CCCCC43)C2)CC1
C1CCC(C2CC3CCCC3C3CCC4CCCCC4C23)CC1
C1CCC(CCCCC2CC3CCCCC3C2)CC1
C1CCC(CCCCCC2CCCC3C(C4CCCCC4)CCC23)CC1
C1CCC2C(C1)CCC1C3CCCC3CCC21
C1CCC(CCCCC2CC3CCCCC3C2C2CCCCC2)CC1
C1CCC(CCC2CCC3C(CCC3C3CCCC3)C2)CC1
C1CCC(CCCCCC2CCC3CCCCC23)CC1
C1CCC(CCC2CCC(CCC3CCCC(CC4CCCC4)C3)CC2)CC1
C1CCC(CCCCCC2CCCC3CCCC23)CC1
C1CCC(CCCCC2CCC3C2CCC2C4CCCCCC4CCC32)CC1
C1CCC(CCCCCC2CC3CCCCC3C2)CC1
C1CCC2C(C1)CCCC2CCCC1CCC2C(CCC3C4CCCCC4CCC23)C1
C1CCC(C2CC3CCCC3C3CCC4CCCCCC4C23)CC1
C(CCCCC1CCC2C(CCC3C4CCCC4CCC23)C1)CCCC1CCCC(CC(CC2CCC(CC3CCCCC3)CC2)C2CCCCC2)C1
C1CCC2C(C1)CCC1C3CCCC3CCC21
C1CCC(CCCC2CCC3C4CCC5CC6C(CCC6C6CCCCC6)CC5C(CCC23)C4)CC1
C1CCC(CCCCCC2CC3CCCCC3C2)CC1
C1CCC(C2CCC3CC4C(CCCC45CCCCC5)CC32)CC1
C1CCC(CCCC2CCC3C(CCC4C5CCCC5CCC34)C2)CC1
C1CCC2CCC(C3CCCC4CCCC43)CC2CC1
C(CCC1CCCC2CCCC12)CC1CCCC2CCCCC12
C1CCC(CCCCCC2CCCC3CCCC23)CC1
C1CCC2C(C1)CCC1C3CCCC3CCC21
C1CCC2C(C1)CCC1C3CCCCC3CCC21
C(CCC1CCCC2CCCCC12)CC1CC2CCCCC2C1
C(CCCC1CCCCC1)CCC1CCCCC1
C1CCC(CCCCC2CC3CCCCC3C2)CC1
C1CCC(CCCC2(CCC3CCCC3)CCC3C4CCC5CCCCC5C4CCC32)CC1
C1CCC(CCC2CCC3C(CCC3C3CCCCC3)C2)CC1
C(CCC1CCCC2CCCCC12)CC1CCC2CCCCC2C1
C1CCC(CCC(CCCC2CCC3CCCC3C2)CC2CCCCC2)CC1
C(CCCC1CCCCC1)CCCC1CCC(C2CCCCC2)C1
C1CCC2C(C1)CCC(C1CCCC1)C1CCCCC21
C1CCC(CC2CCCC(C3CCC4CC(CCC5CCC6CCCCC6C5)CCC43)C2)C1
C1CCC2CCC3C4CCCCC4CCC3C2CC1
C1CCC(CCC2CCCCC2)CC1
C(CCC1CCC2CCCC2C1)CC1CCC(C2CCCC2)CC1
C1CCC(CCC2CCCC3CC4C(CC5CCCCC5)CCC4CC23)CC1
C1CCC(C2CCC3CC4C(CCCC45CCCC5)CC32)CC1
C1CCC(C2CC3CCCC3C3CCC4CCCCC4C23)CC1
C1CCC2CC(C3CCCC4CCCC43)CCC2C1
C1CCC(CC(CC2CCCCC2)C2CCCCC2)CC1
C1CCC(C2CCC3C(CCC4CCCCC43)C2)CC1
C1CCC2CC(CCCC3CCC4C3CCCC3C5CCCCC5CCC34)CC2C1
C1CCC(C2CCC3CC4C(CCCCC5CC5)CCCC4CC32)CC1
C1CCC(C2CC3CCCCC3C3CCC4CCCCC4C23)CC1
C1CCC(CCC2CCC3C(CCC3C3CCCCC3)C2)CC1
C(CC1CCC(C2CCCC2)CC1)CC1CCC2CCCC2C1
C1CCC(CCC(CC2CC3CCCCC3C2)C2CC2)CC1
C1CCC2CCC(C3CCCC4CCCC43)CC2CC1
C1CCC2CC(CCCC3CCC4C3CCC3C5CCCCC5CCC43)CC2C1
C(CCC1CCCC2CCCCC12)CC1CCC2CCCCC2C1
C1CCC2CC3CCC(C4CCCCC4)C3CC2CC1
C1CCC2CCC(C3CCCC4CCCC43)CC2CC1
C1CCC(CCCC(CCC2CCC3CCCC3C2)CC2CCCCC2)CC1
C1CCC2CC(CCCC3CCCCC4CCCCC43)CC2C1
C1CCC(CCCCC2CC3CCCCC3C2)CC1
C1CCC(CCCC2CCC3C2CCC2C4CC5CCC(C6CCCCC6)C5CC4CCC32)CC1
C1CCC(CCC2CCC3C(CC4CCCCC4)CCC3C2)CC1
C1CCC(C2CCC(CCCCCC3CCCC4CCCCC34)C2)CC1
C1CCC(C2CCC3CC4C(CC5CCC6CCCCC65)CCCCC4CC32)CC1
C1CCC2CCC(C3CCCC3)CC2CC1
C(CCCC1CCCCC1)CCCC1CCC(C2CCCCC2)C1
C1CCC(CC2CCC3CC4(CCCCCC4CC4CCCCC4)CCC23)CC1
C1CCC(CCCC2CCCC(C3CCC4CC(CCC5CCC6CCCCC6C5)CCC43)C2)CC1
C1CCC(CCCC2CCC3C(CCC3C3CCCCC3)C2)CC1
C1CCC(C2CCC3CCCC3C3CCC4CCCCC4C23)CC1
C1CCC(CCCC2CCC3CCC(C4CCCC5CCCC54)CC3C2)CC1
C(CCC1CCCC2CCCC12)CC1CC2CCCCC2C1
C1CCC(CCC2CCC3C(CCC3C3CCCCC3)C2)CC1
C1CCC(CCCCC2CC3CCCCC3C2)CC1
C1CCC2CC(C3CCCC4CCCC43)CCC2C1
C1CCC(CCC2CCC3C(CCC3C3CCCCC3)C2)CC1
C(CCCCC1CCC2C(CCC3C4CCCC4CCC23)C1)CCCC1CCCC(CC(CC2CCC(CC3CCCCC3)CC2)C2CCCCC2)C1
C1CCC2C(C1)CCC1C3CCCC3CCC21
C1CCC(CC(CC2CCCCC2)C2CCCCC2)CC1
C1CCC(C2CC3CCCC3C3CCC4CCCCC4C23)CC1
C1CCC2CC3CCC4CCCC4C3CCC2C1
C1CCC(CC2CCC3C(CCC3C3CCCCC3)C2)CC1
C1CCC2C(C1)CCC1C3CCCC3CCCC21
C1CCC(CCC2CCC(C3CCC4C(CCC4C4CCCCC4)C3)CC2)CC1
C1CCC(CCC2CCC3C2CCC(C2CCCCC2)C2C4CCCCCC4CCC32)CC1
C1CCC2CCC3C4CCCCC4CC(CC4CCCC(C5CCCC5)C4)C3C2CC1
C1CCC(CC2CCC3C(CCC3C3CCCCC3)C2)CC1
C1CCC(CCCCC2CC3CCCCC3C2)CC1
C1CCC2CC(C3CCCC3)CCC2C1
C1CCC(C2CC3CCCC3C3CCC4CCCCCC4C23)CC1
C1CCC(CCC2CCC3C(CCC4C5CCCC5CCC34)C2)CC1
C(CCCC1CCCCC1)CCCC1CCC(C2CCCCC2)C1
C1CCC(C2CC3CCCC3C3CCC4CCCCC4C23)CC1
C1CCC2CCC3C4CCC(CCCC5CC6CCCCC6C5)C4CCC3C2CC1
C1CCC(CC2CC3CCCCC3C3CCC4CCCCCC4C23)CC1
C(CCC1CCCC2CCCCC12)CC1CC2CCCCC2C1
C1CCC2C(C1)CCC1CCCCC12
C(CCC1CCCC2CCCC12)CC1CC2CCCCC2C1
C1CCC2CCC(C3CCCC4CCCC43)CC2CC1
C1CCC(CCC2CCC3C(CCC3C3CCCCC3)C2)CC1
C1CCC(CCCCCC2CCCC3C(C4CCCCC4)CCC23)CC1
C1CCC(CCC2CCC3C(CCC3C3CCCCC3)C2)CC1
C1CCC2C(C1)CCC(C1CCCC1)C1CCCCC21
C1CCC2CC(CCCC3CCC4C3CCC3C5CCCCC5CCC43)CC2C1
C1CCC2CC(CC3CCCC4CCCC43)CCC2C1
C1CCC(CCCCCC2CC3CCCCC3C2)CC1
C1CCC2C(C1)CCCC1C3CCCC3CCC21
C1CCC2C(C1)CCC1C3CCCC3CCC21
C1CCC2CCC3C4CCC(CCCC5CC6CCCCC6C5)C4CCC3C2CC1
C1CCC(CCC(CCC2CCC3CCCC3C2)CC2CCCCC2)CC1
C(CCCC1CCCC2C(C3CCCCC3)CCC12)CCC1CCCCC1
C1CCC2CC(CCCC3CCCC4C3CCC3C5CCCCC5CCC43)CC2C1
C1CCC(CC2CC3CCCCC3C3CCC4CCCCC4C23)C1
C1CCC(CCC2CCC(CCC3CCCCC(CC4CCCC4)C3)CC2)CC1
C1CCC(CCC2CCC3C(CCC4C5CCCC5CC(CCC5CCCCC5)C34)C2)CC1
C1CCC(CCCC2CCC3CCC(C4CCCC5CCCC54)CC3CC2)CC1
C1CCC(C2CCC3CCC4(CCCCC4C4CCCCC4)CCC32)CC1
C1CCC(CC2CC3CCCCC3C3CCC4CCCCCC4C23)CC1
C1CCC(CCCC2CC3CCCCC3C2C2CCCCC2)CC1
C1CCC2CCC3C(CCC4C3CCC4(CCCC3CCCC3)CCC3CCCC3)C2CC1
C1CCC(CCCCCC2CC3CCCCC3C2)CC1
C1CCC(C2CCC3CC4(CCCCCC4C4CCCCC4)CCCC32)CC1
C1CCC(CCCCCC2CCCC3C(C4CCCCC4)CCC23)CC1
C1CCC2CC(CCCC3CCC4C3CCC3C5CCCCC5CCC43)CC2C1
C1CCC(CCCC2CCCC(C3CCC4CC(CCC5CCC6CCCCC6C5)CCC43)C2)CC1
C1CCC2C(C1)CC(C1CCCC3CCCC31)C1CCCCC21
C1CCC(C2CCC3CC4C(CCC5C6CCCC(CCCC7CC8CCCCC8C7)C6CCC45)CC32)CC1
C1CCC(CCC2CCC3C(CCCC4CC(C5CCCCC5)CCC43)C2)CC1
C1CCC(CCCC2CCC(CCC3CCCCC3)CC2)CC1
C1CCC(CCCCC2CC3CCCCC3C2)CC1
C1CCC(CC2CC3CCCCC3C3CCCCC23)CC1
C1CCC2C(C1)CCC1CC3CC4CCCC4C3CCC12
C1CCC2C(C1)CCC1C2CCC2C3CCCC3CC21
C1CCC(CCC2(CCCC3CC4CCCCC4C3)CCC3C4CCC5CCCCC5C4CCC32)C1
C1CCC(C2CC3CCCCC3C3CCC4CCCCC4C23)CC1
C1CCC(C2CC3CCCC3C3CCC4CCCCC4C23)CC1
C1CCC(CCCC2CCCCC2)CC1
C1CCC(CCCCCC2CCCC3C(C4CCCCC4)CCC23)CC1
C1CCC(CCCCCC2CCCC3C(CC4CCCCC4)CCC23)CC1
C1CCC2CC(C3CCCC4CCCC43)CCC2C1
C1CCC2CCC3C4CCCC4CC(C4CCC(C5CCCC5)CC4)C3C2CC1
C1CCC(C2CC3CCCC3C3CCC4CCCCC4C23)CC1
C1CCC(C2CCC3CCC(C4CCCC4)C3C2)C1
C1CCC2CCC(C3CCCC4CCCC43)CC2CC1
C1CCC2C(C1)CCC1C3CCCC3CCCC21
C1CCC(CCCC2CCCC3CCC(C4CCCC5CCCC54)CC3C2)CC1
C(CCCCC1CCC(C2CCCCC2)C1)CCCC1CCCCC1
C1CCC(CCCC2CCC3C2CCC2C4CC5CCC(C6CCCCC6)C5CCC4CCC32)CC1
C1CCC2CCC(C3CCCC4CCCC43)CC2CC1
C1CCC(CCCCCC2CCCC3C2CCC3C2CCCC(CC3CC3)C2)CC1
C1CCC(C2CC3CCCC3C3CCC4CCCCC4C23)CC1
C(CCC1CCC2CCCCC2C1)CCC1CCCC2CCCCC12
C1CCC2C(C1)CCC1C2CCC2C3CCCC3CC21
C1CCC(CCCCCC2CCC3CCCCC23)CC1
C1CCC(CCCCC2CC3CCCCC3C2)CC1
C1CCC(C2CCC3CC4C(CCC32)CCC42CCCC2)CC1
C1CCC2C(C1)CCCC1CCCCC12
C1CCC(CCCCCC2CC3CCCCC3C2)CC1
C1CCC(CCCCC2CC3CCCCC3C2)CC1
C1CCC(C2CC3CCCC3C3CCC4CCCCC4CC23)CC1
C1CCC(CCC2CCC3C(CCC3C3CCCC(CC4CCCC4)C3)C2)CC1
C1CCC(CCCCCC2CCCC3C(C4CCCCC4)CCC23)CC1
C(CCC1CCCC2CCCCC12)CC1CCCC2CCCCC12
C1CCC(CCCCC2CCC3CCCCC23)CC1
C1CCC2C(C1)CCCC1C3CCCC3CCC21
C1CCC2CCC3C4CCC(CCCC5CC6CCCCC6C5)C4CCC3C2CC1
C1CCC2CCC3C4CCCCC4CCC3C2CC1
C1CCC(CCC2CCCC3CC4C(CCC4C4CCCCC4)CC23)CC1
C(CCC1CCCC2CCCC12)CC1CC2CCCCC2C1
C1CCC(CCCCC2CC3CCCCC3C2)CC1
C1CCC(C2CC3CCCC3C3CCC4CCCCC4C23)CC1
C1CCC(CC2CCC3C(CCC3C3CCCCC3)C2)CC1
C1CCC(CCCCCC2CCC3CCCCC23)CC1
C1CCC(C2CCC3C(CCCCCC4CCC(C5CCCC5)C4)CCCC23)CC1
C(CCC1CCCC2CCCCC12)CC1CCC2CCCCC2C1
C1CCC(CCCCC2CCC3CCCCC23)CC1
C1CCC(C2CC3CCCC3C3CCC4CCCCC4C23)CC1
C(CCC1CCCC2CCCCC12)CC1CCC2CCCCC2C1
C1CCC(C2CC3CCCCC3CC3CCC(CCC4CCCC4)CC32)CC1
C1CCC(CCC(CCC2CCCCC2)CCC2CCC3CCCC3C2)CC1
C1CCC(C2CC3CCCC3C3CCCC4CCCCC4C23)CC1
C1CCC(CCCCCC2CCC3CCCCC23)CC1
C(CCCC1CCCC2CCCCC12)CCC1CCC(C2CCCCC2)C1
C1CCC(CC2CC3CCCCC3C3CCC4CCCCC4C23)CC1
C1CCC2C(C1)CCC1C3CCCCC3CCC21
C(CCCC1CCC2C(CCC2C2CCCCC2)C1)CCC1CCCCC1
C1CCC(CC2CCC3CC4C(CCC45CCCCC5)CC23)CC1
C1CCC(C2CCC3CC4C(CCC32)CCC42CCCCC2)CC1
C(CCCCC1CCC(C2CCCCC2)C1)CCCC1CCCCC1
C(CCCC1CCCCC1)CCCC1CCC(C2CCCCC2)C1
C1CCC(CCCCCC2CCC3CCCCC23)CC1
C1CCC(C2CCC3CC4C(CCC5C6CCCC(CCCC7CCC8CCCCC8C7)C6CCC45)CC32)CC1
C1CCC(C2CCC3CC4C(CCCC45CCCC5)CCC32)CC1
C1CCC(CCC2CCC3C(CCC3C3CCCCC3)C2)CC1
C1CCC(CCCCCC2CCC3CCCCC23)CC1
C1CCC(CC2CC3CCCCC3C3CCC4CCCCCC4C23)CC1
C(CCCCC1CCC(C2CCCCC2)C1)CCCC1CCCCC1
C1CCC(C2CCC3C(CCC3C3CCCCC3)C2)CC1
C1CCC(C2CC3CCCC3C3CCC4CCCCCC4C23)CC1
C1CCC(CCCCC2CC3CCCCC3C2)CC1
C(CCC1CCCC2CCCCC12)CC1CCCC2CCCCC12
C1CCCC(C2CCC3CC4C(CCC5C6CCCC6CCC45)CC32)CC1
C1CCC(CCCCC2CC3CCCCC3C2)CC1
C(CCCC1CCCC2C(C3CCCCC3)CCC12)CCC1CCCCC1
C1CCC(CCCCC2CCC3CCC(C4CCCC5CCCC54)CC3C2)CC1
C1CCC2CCC(C3CCCC4CCCC43)CC2CC1
C1CCC(CCCCC2CC3CCCCC3C2)CC1
C1CCC(C2CC3CCCC3C3CCC4CCCCC4C23)CC1
C1CCC(CC2CC3CCCCC3C3CCC4CCCCC4C23)CC1
C1CCC(CCCCCC2CCCC3C(C4CCCCC4)CCC23)CC1
C1CCC2CC3CCC4C(CCCC5CC6CCCCC6C5)CCC4C3CCC2C1
C1CCC2C(C1)CCCC2CCCC1CCCC2CCCCC21
C(CCCC1CCCC2CCCC12)CCC1CCC2CCCCC2C1
C1CCC(CCCC2CC3CCCCC3C2CC2CCCCC2)CC1
C1CCC(C2CCC3CC4C(CCCC45CCCC5)CC32)CC1
C1CCC(CCC2CC3CCCCC3C3CCC4CCCCC4C23)C1
C1CCC2CCC(C3CCCC4CCCC43)CC2CC1
C1CCC2CC(C3CCCC4CCCC43)CCC2C1
C1CCC(CCCCCC2CCC3CCCCC23)CC1
C1CCC2C(C1)CCC1CCCCC12
C1CCC(CCC2CCC3C(CC4CCCCC4)CCC3C2)CC1
C1CCC2CC(C3CCCC4CCCC43)CCC2C1
C1CCC(CCC2CCC(CCC3CCCCC(CC4CCCC4)C3)CC2)CC1
C1CCC(C2CC3CCCC3C3CCC4CCCCC4C23)CC1
C1CCC(CCCCCC2CCCCC2)CC1
C1CCC(CCCCC2CCC3CCCCC23)CC1
C1CCC2CCC(C3CCCC4CCCC43)CC2CC1
C1CCC2CCC(C3CCCC4CCCC43)CC2CC1
C1CCC(CC2CC3CCCCC3C3CCC4CCCCC4C23)CC1
C1CCC(CCCCC2CC3CCCCC3C2C2CCCCC2)CC1
C1CCC(CCC2CCC(C3CCC4C(CCC4C4CCCCC4)C3)CC2)CC1
C(CCC1CCCC2CCCC12)CC1CC2CCCCC2C1
C1CCC(CCCCCC2CC3CCCCC3C2)CC1
C1CCC(C2CCC3CC4(CCCCCCC4C4CCCCC4)CCC32)CC1
C(CCC1CCCC2CCCC12)CC1CC2CCCCC2C1
C1CCC(CCC2CCC3C(CCC4C5CCCC5CCC34)C2)CC1
C1CCC(C2CC3CCCC3C3CCC4CCCCC4C23)CC1
C1CCC(CC2CCC(C3CC4CCCC4C4CCC5CCCCCC5C34)CC2)CC1
C1CCC(CC2CC3CCCCC3C3CCC4CCCCCC4C23)CC1
C1CCC(CCCC2CCC3C(CCC4CCCCC43)C2)CC1
C1CCC2C(C1)CCC1C3CCCC3CCC21
C1CCC(CCC2(CCCC3CC4CCCCC4C3)CCC3C4CCCC5CCCCC5C4CCC32)C1
C1CCC(CCC(CC2CC3CCCCC3C2)C2CCCCC2)CC1
C1CCC(CCCC2CCC3C2CCCC2C4CC5CCC(C6CCCCC6)C5CC4CCC32)CC1
C1CCC(C2CCC3CC4C(CCCC45CCCC5)CC32)CC1
C1CCC(C2CC3CCCCC3C3CCC4CCCCC4C23)CC1
C1CCC2C(C1)CCC1C3CCCC3CCC21
C1CCC(CC2CC3CCCCC3C3CCCCC23)CC1
C1CCC(CC2CCC(CC(CC3CCCCC3)C3CCCCC3)CC2)CC1
C1CCC2C(C1)CCC1C3CCCC3CCCC21
C1CCC(CCCCC2CC3CCCCC3C2)CC1
C1CCC(CC23CCCCC2CCC2C4CCCC4CCCC23)CC1
C1CCC2C(C1)CCC1C2CCC2CCC3CC3C21
C(CCC1CCCC2CCCCC12)CC1CCC2CCCCC2C1
C1CCC2CC(C3CCCC4CCCC43)CCC2C1
C1CCC(CCCCCC2CC3CCCCC3C2)CC1
C(CCCC1CCCCC1)CCCC1CCC(C2CCCCC2)C1
C1CCC(C2CCC(C3CC4CCCC4C4CCC5CCCCC5C34)CC2)C1
C(CCC1CCCC2CCCC12)CC1CC2CCCCC2C1
C1CCC2C(C1)CCC1C2CCC2C3CCCC3CC21
C(CCC1CCC2C1CCC1C3CCCCC3CCC21)CC1CC2CCCCC2C1
C(CCCC1CCCC2C(C3CCCCC3)CCC12)CCC1CCCCC1
C1CCC2CCC(C3CCCC4CCCC43)CC2CC1
C1CC2CCC3C(CCC4CCCCC43)CC2C1
C1CCC(C2CCC3CCCCC3C3CCC4CCCCC4C23)CC1
C1CCC(CC2CCC3C(CCC3C3CCCCC3)C2)CC1
C1CCC(CCCCC2CCC3C2CCC2C4CC5CCC(C6CCCCC6)C5CC4CCC32)CC1
C1CCC2C(C1)CCC1C3CCCC3CCC21
C1CCC(C2CCC(CC3CC4CCCCC4C4CCC5CCCCCC5C34)CC2)CC1
C1CCC2CC3CCC4CCCCC4C3CCC2C1
C1CCC(CCCCCC2CCCC3C(CC4CCCCC4)CCC23)CC1
C1CCC(CCCCCC2CCCC3C(C4CCCCC4)CCC23)CC1
C(CCCC1CCCC2C1CCC2C1CCC(CC2CC2)CC1)CCC1CCCCC1
C1CCC(CCC2CCC(C3CCC4C(CCC4C4CCCCC4)C3)CC2)CC1
C(CCCC1CCCCC1)CCCC1CCC(C2CCCCC2)C1
C(CCC1CCCC2CCCCC12)CC1CC2CCCCC2C1
C1CCC(CCCC2CCCC(C3CCC4CC(CCC5CCC6CCCCC6C5)CCC43)C2)CC1
C1CCC(C2CCC3(CCC4CCC5C(CCC5C5CCCCC5)CC43)C2)CC1
C(CCC1CCCC2CCCC12)CC1CC2CCCCC2C1
C1CCC2CCC(C3CCCC4CCCC43)CC2CC1
C1CCC(CCC2(CCCC3CCC4CCCCC4C3)CCCC3C4CCC5CCCCC5C4CCC32)C1
C1CCC(C2CCC3CCC4(CCCCC4)C3C2)CC1
C1CCC(CCCCC2CCC3CCCCC23)CC1
C1CCC(CCCC23CCCC2CC2C4CCC5CCCCC5C4CCCC23)C1
C1CCC(CC2CC3CCCCC3C3CCC4CCCCC4C23)CC1
C1CCC(CCCCCC2CCCC3C(C4CCCCC4)CCC23)CC1
C1CCC(CCC2(CCCC3CC4CCCCC4C3)CCC3C4CCC5CCCCC5C4CCC32)C1
C1CCC(CCCCCC2CCCC3C(C4CCCCC4)CCC23)CC1
C1CCC2CC(CC3CCCC4CCCC43)CCC2C1
C1CCC(C2CC3CCCC3C3CCC4CCCCCC4C23)CC1
C1CCC2CCC3C4CCC(CCCC5CC6CCCCC6C5)C4CCC3C2CC1
C1CCC(CCCCC2CC3CCCCC3C2)CC1
C1CCC(CCC2CC3CCCCC3C2C2CCCCC2)CC1
C1CCC(CCCC2(CCCC3CCCC3)CCC3C4CCC5CCCCC5C4CCC32)C1
C1CCC(CCC2CCC3C(CC4CCCCC4)CCC3C2)CC1
C1CCC(CCCC2(CCC3CCCC3)CCC3C4CCC5CCCCC5C4CCC32)C1
C1CCC(CC2CCCC(C3CCC4CC(CCC5CCC6CCCCC6C5)CCC43)C2)C1
C1CCC2C(C1)CCC1C3CCCCC3CCC21
C1CCC2CC(CCCC3CCC4C3CCC3C5CCCCC5CCC43)CC2C1
C(CCC1CCCC2CCCCC12)CC1CC2CCCCC2C1
C1CCC(CCCC2CCC3CCC(CC4CCCC5CCCC54)CC3C2)CC1
C1CCC(CCC2CCCCC2)CC1
C1CCC(C2CC3CCCC3C3CCC4CCCCCC4C23)CC1
C1CCC(CCCCCC2CCCC3C(C4CCCCC4)CCC23)CC1
C(CC1CCCC2CCCCC2C1)CC1CC2CCCCC2C1
C(CCCC1CCCC2C(C3CCCCC3)CCC12)CCC1CCC(C2CCCC2)C1
C1CCC2CC(C3CCCC4CCCC43)CCC2C1
C1CCC(C2CC3CCCC3C3CCC4CCCCC4CC23)CC1
C1CCC2C(C1)CC(C1CCCC1)C1CCCCC21
C1CCC(C2CCCC3CCCC3C3CCC4CCCCC4C23)CC1
C1CCC(CCC(CC2CC3CCCCC3C2)C2CCC2)CC1
C1CCC(CCCCCC2CCCC3C(C4CCCCC4)CCC23)CC1
C1CCC(C2CCC3CC4C(CCC32)CCC42CCCCC2)CC1
C1CCC(C2CC3CCCC3C3CCC4CCCCCC4C23)CC1
C1CCC2CC(CCCC3CCC4C3CCC3C5CCCCC5CCC43)CCC2C1
C1CCC(CC2CCC(CC(CC3CCCCC3)C3CCCCC3)CC2)CC1
C1CCC(CCCCCC2CC3CCCCC3C2)CC1
C(CCCCC1CCC(C2CCCCC2)C1)CCCC1CCCCC1
C1CCC(C2CCC3C(CCC34CCCC4)C3CCC4CCCCC4C23)CC1
C1CCC(CC2CCC(CC(CC3CCCCC3)C3CCCCC3)CC2)CC1
C1CCC2CC3CCC4CCCCC4C3CCC2C1
C1CCC2C(C1)CC(C1CCCC3CCCC31)C1CCCC21
C1CCC(CC2CC3CCCCC3C3CCC4CCCCCC4C23)CC1
C1CCC(CC2CC3CCCCC3CC3CCC4CCCCC4C32)C1
C(CCC1CCCC2CCCCC12)CC1CCC2CCCCC2C1
C1CCC(CC2CCC3C(CCC3C3CCCCC3)C2)CC1
C1CCC(CCCCCC2CCCC3C2CCC3C2CCC(CC3CC3)CC2)CC1
C1CCC2C(C1)CCC1C3CCCC3CCC21
C1CCC2CCC3C4CCCCC4CC(CC4CCCC(C5CCCC5)C4)C3C2CC1
C(CCCC1CCCCC1)CCCC1CCC(C2CCCCC2)C1
C1CCC(C2CCC3CC4C(CC5CC6CCCCC6C5)CCCCC4CC32)CC1
C1CCC(CCC2CCC3C(CCC3C3CCCC(CCC4CCCC4)C3)C2)CC1
C1CCC(CCCCCC2CCCC3C(C4CCCCC4)CCC23)CC1
C1CCC(C2CC3CCCC3C3CCCC4CCCCC4C23)CC1
C1CCC(CCCCC2CCC3CCCCC23)CC1
C(CCC1CCCC2CCCC12)CC1CC2CCCCC2C1
C1CCC(CC2CCC3C(CCCCCC4CCC(C5CCCC5)C4)CCCC23)CC1
C1CCC(C2CCC3CC4C(CCCC45CCCC5)CCC32)CC1
C1CCC(CC2CC3CCCCC3CC3CCC4CCCCC4C32)C1
C1CCC(CCCCC2CCC3CCCCC23)CC1
C1CCC(CCCCC2CC3CCCCC3C2)CC1
C1CCC2C(C1)CCCC1C2CCC2C3CCCC3CC21
C1CCC(CCC2(CCCC3CC4CCCCC4C3)CCC3C4CCC5CCCCC5C4CCC32)C1
C1CCC(CCCCCC2CC3CCCCC3C2)CC1
C1CCC2CC(C3CCCC4CCCC43)CCC2C1
C(CCCC1CCCC2CCCCC12)CCC1CCC(C2CCCCC2)C1
C(CCCCC1CCC(C2CCCCC2)C1)CCCC1CCCCC1
C1CCC2C(C1)CCC1C3CCCC3CCC21
C(CCCC1CCCCC1)CCCC1CCC(C2CCCCC2)C1
C1CC2CCCC2C(CC2CC3CCCCC3C3CCCC23)C1
C1CCC(CCCCC2CCC3CCCCC3C2)CC1
C1CCC(C2CCC3(CCC4CC5C(CCC5C5CCCCC5)CC43)C2)CC1
C1CCC2C(C1)CCC1C3CCCC3CCC21
C(CCC1CCC2CCCCC2C1)CC1CCCC2CCCCC2C1
C1CCC(CCCC2CCCC3CCC(C4CCCC5CCCC54)CC23)CC1
C1CCC(C2CCC(CCCCCC3CCCC4CCCCC34)C2)CC1
C(CCCC1CCCC2C(C3CCCCC3)CCC12)CCC1CCCCC1
C1CCC(CCCCC2CCC3CCCCC23)CC1
C1CCC(C2CC3C(CCCC34CCCC4)C3CCC4CCCCC4C23)CC1
C1CCC(C2CCC3C(CCC4CC4)CCC3C3CCC4CCCCC4C23)CC1
C1CCC(CCCCC2CC3CCCCC3C2)CC1
C1CCC(C2CCC3CC4C(CCC32)CCC2C3CCC(CCCC5CCC6CCCCC6C5)C3CCC42)CC1
C1CCC2C(C1)CCC1CCCCC12
C1CCC(CCCC2CCC3C(CCC4C5CCCC5CC(CCC5CCCCC5)C34)C2)CC1
C1CCC(C2CCC3CC4C(CCCC5C6CCC(CCCC7CC8CCCCC8C7)C6CCC45)CC32)CC1
C1CCC2CCC(C3CCCC4CCCC43)CC2CC1
C1CCC(C2CC3CCCC3C3CCC4CCCCC4C23)CC1
C1CCC2C(C1)CCC1C2CCC2C3CCCC3CC21
C1CCC(CC2CC3CCCCC3C3CCC4CCCCCC4C23)CC1
C1CCC2CCC(C3CCCC4CCCC43)CC2CC1
C1CCC(C2CC3CCCC3CC3CCC4CCCCC4C32)CC1
C(CCCC1CCCCC1)CCCC1CCC(C2CCCCC2)C1
C(CCCC1CCCCC1)CCCC1CCC(C2CCCCC2)C1
C1CCC2CC(C3CCCC4CCCC43)CCC2C1
C1CCC2C(C1)CCCC1CCCCC12
C1CCC(CC2CC3CCCCC3C3CCC4CCCCC4C23)C1
C(CCCC1CCCC2C(C3CCCCC3)CCC12)CCC1CC1
C1CCC2C(C1)CCC1C3CCCCC3CCCC21
C1CCC(C2CC3CCCC3C3CCCC4CCCCC4C23)CC1
C1CCC(CCC2CCC3C(CCC3C3CCCC(CCC4CCCCC4)C3)C2)CC1
C1CCC(CCC2CCC3C(CCC3C3CCCCC3)C2)CC1
C1CCC(CCCCC2CC3CCCCC3C2)CC1
C1CCC(CCC2CCC3C(CCC3C3CCCCC3)C2)CC1
C1CCC(CC2CCC(CCC(CC3CCCCC3)C3CCCCC3)CC2)CC1
C1CCC(CCC2(CCCC3CC4CCCCC4C3)CCCC3C4CCC5CCCCC5C4CCC32)C1
C1CCC(CCCCC2CC3CCCCC3C2)CC1
C1CCC(CC2CCC(CCCCCC3CCCC4CCCCC34)C2)CC1
C1CCC(C2CCC3CC4C(CCCC45CCCC5)CC32)CC1
C1CCC(CCCCCC2CC3CCCCC3C2)CC1
C1CCC(CCCCC2CCC3CCCCC23)CC1
C1CCC2CCC3C(CCC4C3CCC4(CCCC3CC4CCCCC4C3)CCC3CCCC3)C2CC1
C1CCC2CCC3C4CCC(CCCC5CC6CCCCC6C5)C4CCC3C2CC1
C1CCC(CCCCC2CC3CCCCC3C2)CC1
C1CCC(CCCCC2CC3CCCCC3C2)CC1
C1CCC(C2CCC(CCCCCC3CCCC4C(C5CCCCC5)CCC34)C2)CC1
C1CCC(C2CCC3CC4C(CCC5C6CCC(CCCCC7CC8CCCCC8C7)C6CCC45)CC32)CC1
C1CCC(CC2CC3CCCCC3C3CCC4CCCCC4C23)CC1
C1CCC(CCC2CCC3C(CCCC4C5CCCC5CC(CCC5CCCCC5)C34)C2)CC1
C1CCC(CC2CCC(C3CC4CCCC4C4CCCC5CCCCC5C34)CC2)CC1
C1CCC(CCC(CC2CCC3C(CCC3C3CCCCC3)C2)C2CCCCC2)CC1
C1CCC(CC2CC3CCCCC3C3CCC4CCCCC4C23)C1
C1CCC(C2CCC3CC4C(CCC5C6CCC(CCCC7CCC8CCCCC8C7)C6CCC45)CC32)CC1
C1CCC(CCC2CCC3C(CCC3C3CCCCC3)C2)CC1
C1CCC2CC(C3CCCC4CCCC43)CCC2C1
C1CCC(C2CC3CCCC3C3CCC4CCCCCC4C23)CC1
C1CCC2C(C1)CCC1C3CCCC3CCC21
C1CCC2C(C1)CCCC1C3CCCC3CCC21
C1CCC(CCCCC2CC3CCCCC3C2)CC1
C(CCCCCCC1CCC2C1CCC1C3CCCCC3CCC21)CCCCCC1CCC(CCC2CCC(CCC3CCCC3)C2)C1
C(CCCCC1CCC(C2CCCCC2)C1)CCCC1CCCCC1
C1CCC(CCC2CC3CCCCC3C3CCC4CCCCC4C23)CC1
C1CCC(C2CC3CCCC3C3CCC4CCCCC4C23)CC1
C(CC1CCC2CCCC2C1)CC1CCC2CCC(C3CCCC4CCCC43)CC2C1
C1CCC2C(C1)CCC1C3CCCC3CCC21
C1CCC2CCC(C3CCCC4CCCC43)CC2CC1
C1CCC(CCCCC2CC3CCCCC3C2)CC1
C1CCC(CCCCC2CC3CCCCC3C2)CC1
C1CCC2CCC3CCCCC3C2CC1
C1CCC2CC(C3CCCC4CCCC43)CCC2C1
C1CCC(CCCCC2CCCC3CCCCC23)CC1
C(CC1CCC2CCCC2C1)CC1CCC2CCC(CC3CCCC4CCCC43)CC2C1
C1CCC(CC2CCC3CCCCC3C3CCC4CCCCC4C23)CC1
C1CCC(CCC2CCC3C(CCC4C5CCCC5CCC34)C2)CC1
C1CCC2C(C1)CCC1C2CCC2C3CCCC3CCC21
C1CCC2C(C1)CCC1C3CCCC3CCC21
C1CCC2C(C1)CCC1C2CCC2C3CCCC3CC21
C1CCC(CCC2(CCCC3CC4CCCCC4C3)CCC3C4CCC5CCCCC5C4CCC32)C1
C1CCC2CC(C3CCCC4CCCC43)CCC2C1
C1CCC(CC2CCC3(CCC4CC5C(CCC5C5CCCCC5)CC43)C2)CC1
C1CCC(CCC2CCC3C(CCC3C3CCCCC3)C2)CC1
C1CCC(C2CC3CCCC3C3CCC4CCCCC4C23)CC1
C1CCC(C2CCC3CC4C(CCC45CCCC5)CC32)CC1
C1CCC2C(C1)CCC1CCCCC12
C1CCC(CCCCCC2CCCC3C(C4CCCCC4)CCC23)CC1
C1CCC(CCCCCC2CC3CCCCC3C2)CC1
C1CCC2CC(C3CCCC4CCCC43)CCC2C1
C1CCC(C2CC3CCCC3CC3CCC4CCCCC4C32)CC1
C1CCC2CCC(C3CCCC4CCCC43)CC2CC1
C1CCC2C(C1)CCC1C3CCCC3CCC21
C1CCC(CCCCC2CC3CCCCC3C2)CC1
C1CCC(C2CCC3CC4C(CCCC5C6CCC(CCCC7CCC8CCCCC8C7)C6CCC45)CC32)CC1
C1CCC(CCCC2CCC(C3CCC4C(CCC4C4CCCCC4)C3)CC2)CC1
C1CCC(C2CCC3CC4C(CCC45CCCCC5)CC32)CC1
C1CCC(CC2CCC3C(CCC3C3CCCCC3)C2)CC1
C1CCC(C2CCC3CCC4C(CCC5C6CCC(CCCC7CCC8CCCCC8C7)C6CCC45)CC32)CC1
C1CCC(C2CCC3CCCCC3C3CCCCC23)CC1
C1CCC2CC(CCCC3CCC4C3CCC3C5CCCCC5CCC43)CC2C1
C1CCC(CC2CCC3CC4(CCCCC4C4CCCCC4)CCC23)CC1
C1CCC(C2CC3CCCC3C3CCC4CCCCCC4C23)CC1
C1CCC(C2CCC3CCC4C(CCC45CCCCC5)CC32)CC1
C(CCCC1CCCC2C(C3CCCCC3)CCC12)CCC1CCCCC1
C1CCC(C2CC3CCCC3C3CCC4CCCCCC4C23)CC1
C1CCC(C2CC3CCCC3C3CCC4CCCCCC4C23)CC1
C1CCC(CCC2(CCCCC3CC4CCCCC4C3)CCC3C4CCC5CCCCC5C4CCC32)C1
C1CCC(C2CC3C(CCC34CCCC4)C3CCC4CCCCC4C23)CC1
C1CCC(CCCC(CCC2CCC3CCCC3C2)CC2CCCCC2)CC1
C1CCC(CCCC2CCC3CCC(C4CCCC5CCCC54)CC3C2)CC1
C1CCC2C(C1)CCC1C3CCCC3CCC21
C1CCC(CCCCCC2CCCC3C(C4CCCCC4)CCC23)CC1
C(CCCC1CCCC2C(C3CCCCC3)CCC12)CCC1CCCCC1
C1CCC2CCC(C3CCCC4CCCC43)CC2CC1
C1CCC(C2CCC3C(CCCCCC4CCC(C5CCCC5)C4)CCCC23)CC1
C1CCC(CCC2CCC3C(CCC3C3CCCCC3)C2)CC1
C1CCC(CC2CCC3CC4C(CCC5C6CCC(CCCC7CC8CCCCC8C7)C6CCC45)CC23)CC1
C1CCC(CCC2(CCCC3CC4CCCCC4C3)CCC3C4CCCC5CCCCC5C4CCC32)C1
C1CCC(C2CCC3CC4C(CCCC4CC4CCC5CCCCC54)CCC32)CC1
C(CCCC1CCCCC1)CCCC1CCC(C2CCCCC2)C1
C1CCC2C(C1)CCC1C2CCCC2C3CCCC3CC21
C1CCC(CCC2CCC3C2CCC(C2CCCCC2)C2C4CCCCCC4CCC32)CC1
C1CCC(C2CC3CCCC3C3CCCC4CCCCC4C23)CC1
C1CCC(CCCCCC2CCC3CCCCC23)CC1
C1CCC(CCC2CCC(CCC3CCCC(CC4CCCCC4)C3)CC2)CC1
C1CCC(CCCCC2CCC3CCC(C4CCCC5CCCC54)CC3C2)CC1
C1CCC(CCC2CCC3C(CCC3C3CCCCC3)C2)CC1
C1CCC2C(C1)CCCC1C3CCCC3CCC21
C1CCC(CCC2CCCC2CC2CC3CCCCC3C3CCC4CCCCC4C23)CC1
C1CCC2CC(CCCC3CCC4C3CCC3C5CCCCC5CCCC43)CC2C1
C1CCC(C2CCC3C(CCC4CCCCC43)C2)CC1
C1CCC(C2CCC3CCC4C(CCC5C6CCC(CCCC7CCC8CCCCC8C7)C6CCC45)CC32)CC1
C(CCCC1CCCC2C(C3CCCCC3)CCC12)CCC1CCCCC1
C1CCC2CC(C3CCCC4CCCC43)CCC2C1
C1CCC2C(C1)CCC1CCCCC12
C1CCC(CCCCCC2CC3CCCCC3C2)CC1
C1CCC(CCC2CCC3C(CCC3C3CCCCC3)C2)CC1
C1CCC(CCC2CCC(C3CCC4C(CC5CCCCC5)CCC4C3)CC2)CC1
C1CCC(C2CC3CCCC(C3)C3CCC4CCCCC4C32)CC1
C1CCC2CC(C3CCCC4CCCC43)CCC2C1
C(CCCC1CCCC2CCCCC12)CCC1CCCC1
C1CCC(CC(CC2CCCCC2)C2CCCCC2)CC1
C1CCC(CCC2(CCCCC3CCC4CCCCC4C3)CCC3C4CCC5CCCCC5C4CCC32)C1
C1CCC(CCC2CCCC2CC2CC3CCCCC3C3CCC4CCCCC4C23)CC1
C1CCC(CC2CC3CCCCC3CC3CCC4CCCCC4C32)CC1
C1CCC(CC2CC3CCCCC3CC3CCC4CCCCC4C32)CC1
C1CCC2CC(C3CCCC4CCCC43)CCC2C1
C(CCC1CCCC2CCCCC12)CC1CC2CCCCC2C1
C1CCC(CCC2CCC3C(CCC4CC(CC5CCCCC5)CCC43)C2)CC1
C1CCC2C(C1)CCC1C2CCC2C3CCCC3CC21
C1CCC2C(C1)CC(C1CCCC3CCCC31)C1CCCC21
C1CCC(CCCCCC2CC3CCCCC3C2)CC1
C1CCC2CC(CCCC3CCC4C3CCC3C5CCCCC5CCC43)CC2C1
C1CCC(CC2CC3CCCCC3C3CCC4CCCCC4C23)C1
C1CCC(CC2CCCCC2CC2CCC3CCCCC3C3CCC4CCCCC4C23)CC1
C1CCC(C2CC3CCCCC3C3CCC4CCCCC4C23)CC1
C1CCC2C(C1)CCC1CCCCC12
C(CCCC1CCCC2C(C3CCCCC3)CCC12)CCC1CCCCC1
C1CCC(CCCCCC2CCCC3C(CC4CCCCC4)CCC23)CC1
C1CCC(CCCCC2CC3CCCCC3C2)CC1
C1CCC2CC(CCCC3CCC4C3CCC3C5CCCCC5CCC43)CC2C1
C1CCC(CCCCC2CC3CCCCC3C2)CC1
C1CCC(CCCCCC2CCCCC2)CC1
C1CCC(CC2CC3CCCCC3C3CCC4CCCCC4C23)C1
C1CCC(CCC2CCC3C(CCC3C3CCCCC3)C2)CC1
C(CCC1CCC2CCCCC2C1)CCC1(C2CCCC2)CCCC2CCCCC21
C(CCC1CCCC2CCCCC12)CC1CCCC2CCCCC2C1
C1CCC(C2CC3CCCC3C3CCC4CCCCC4C23)CC1
C1CCC(C2CCC(CCCCCC3CCCC4CCCCC34)C2)CC1
C1CCC2CCC3C4CCCCC4CC(CC4CCCC4)C3C2CC1
C1CCC2C(C1)CCC1C3CCCC3CCC21
C1CCC2CC(C3CCCC4CCCCC43)C3CCCC3C2CC1
C1CCC(CCC2CCC3C(CCC4CC(C5CCCCC5)CCC43)C2)CC1
C1CCC(CCC2CCC3C(CCC3C3CCCCC3)C2)CC1
C1CCC(CCCCCC2CCC3CCCCC23)CC1
C1CCC(CCCCC2CC3CCCCC3C2)CC1
C1CCC(C2CC3CCCCC3C3CCCCC23)CC1
C1CCC(CCCCC2CCC3CCC(C4CCCC5CCCC54)CC3C2)CC1
C1CCC(CCCC2(CCCC3CCC4CCCCC4C3)CCC3C4CCC5CCCCC5C4CCC32)C1
C1CCC2CCC(C3CCCC4CCCC43)CC2CC1
C1CCC(C2CC3CCCC3C3CCC4CCCCC4C23)CC1
C1CCC2CCC3C4CCCC4CCC3C2CC1
C1CCC(CCC2CCC3C(CCC4C5CCCC5CCC34)C2)CC1
C1CCC(CCC(CCC2CCC3CCCCC3C2)CC2CCCCC2)CC1
C1CCC(CCCC(CC2CCC3C(CCC3C3CCCCC3)C2)C2CCCCC2)CC1
C1CCC(CCC2CCC(CCC3CCCC(CC4CCCCC4)C3)CC2)CC1
C1CCC(C2CCC3CC4C(CCCC45CCCC5)CC32)CC1
C1CCC(CCCC(CC2CC3CCCCC3C2)C2CC2)CC1
C1CCC(C2CC3CCCC3C3CCC4CCCCCC4C23)CC1
C1CCC(CCC2CCC3C(CCC3C3CCCCC3)C2)CC1
C1CCC(C2CC3CCCC3C3CCC4CCCCC4C23)CC1
C(CCCC1CCCC2CCCC12)CCC1CCCCC1
C1CCC(CCC2CCC3C(CCC3C3CCCCC3)C2)CC1
C1CCC2CCC3C4CCCC4CCC3C2CC1
C1CCC(CC2CC3CCCCC3C3CCC4CCCCCC4C23)CC1
C(CCC1CCCC2CCCC12)CC1CC2CCCCC2C1
C1CCC(C2CC3CCCC3C3CCC4CCCCC4C23)CC1
C1CCC(C2CC3CCCC3C3CCC4CCCCC4C23)CC1
C(CCC1CCCC2CCCC12)CC1CC2CCCCC2C1
C1CCC(CCCCC2CC3CCCCC3C2)CC1
C1CCC(CC2CCC3CC4C(CCC45CCC(C4CCCCC4)C5)CC23)CC1
C1CCC(C2CC3CCCC3C3CCCC4CCCCC4C23)CC1
C(CCC1CC2CCCCC2C1)CCC1CCCC2CCCC12
C1CCC2C(C1)CCC1C3CCCC3CCC21
C1CCC(CCC(CCC2CCC3CCCC3C2)CC2CCCCC2)CC1
C1CCC(C2CC3CCCC3C3CCC4CCCCC4C23)CC1
C1CCC2C(C1)CCC1CCCCC12
C1CC2CCCC2C(CC2CC3CCCCC3C3CCCC23)C1
C1CCC(CC2CCCC2CC2CC3CCCCC3C3CCC4CCCCCC4C23)CC1
C(CCCC1CCCC2C(C3CCCCC3)CCC12)CCC1CCC(C2CCCC2)C1
C1CCC(CCCCC2CC3CCCCC3C2)CC1
C1CCC2C(C1)CC(C1CCCC3CCCC31)C1CCCC21
C1CCC(CCCCCC2CCCCC2)CC1
C1CCC(CCCCC2CCC3CCCCC23)CC1
C1CCC(C2CCCC3CCCC3C3CCC4CCCCC4C23)CC1
C1CCC(CCCCCC2CCC3CCCCC23)CC1
C1CCC(CC2CCC3CC4CCCCC4CC23)CC1
C1CCC(C2CCC3CC4C(CCCC45CCCC5)CC32)CC1
C1CCC(CCC2CCC(CCC3CCCC(CC4CCCC4)C3)CC2)CC1
C1CCC(C2CCC3CC4C(CCC45CCCCCC5)CC32)CC1
C1CCC(C2CC3CCCC3C3CCC4CCCCC4C23)CC1
C1CCC2C(C1)CCC1CCCCC12
C1CCC(C2CCC3CC4C(CCC5C6CCCC(CCCC7CCC8CCCCC8C7)C6CCC45)CC32)CC1
C1CCC(C2CC3CCCC3C3CCC4CCCCC4C23)CC1
C1CCC(CCCC2CC3CCCCC3C2C2CCCCC2)CC1
C1CCC(C2CCC3CC4C(CCC32)CCC42CCCC2)CC1
C(CCCC1CCCC2C(C3CCCCC3)CCC12)CCC1CCC(C2CCCC2)C1
C1CCC(CC2CCC3C(CCC3C3CCCCC3)C2)CC1
C1CCC(C2CCC3CC4C(CCC45CCCC5)CC32)CC1
C1CCC(CCC2(CCCCC3CC4CCCCC4C3)CCC3C4CCC5CCCCC5C4CCC32)C1
C1CCC2CCC(C3CCCC4CCCC43)CC2CC1
C1CCC(C2CC3CCCCC3C3CCC4CCCCC4C23)CC1
C1CCC(CCC(CC2CC3CCCCC3C2)C2CC2)CC1
C1CCC(CCCCC2CC3CCCCC3C2)CC1
C1CCC(C2CC3CCCCC3C3CCC4CCCCC4C23)CC1
C1CCC(CCC2CCC(CCC3CCCCC(CC4CCCC4)C3)CC2)CC1
C1CCC(C2CCC3CC4(CCCCC4C4CCCCC4)CCC32)CC1
C1CCC(CCCCC2CCCCC3CCC(C4CCCCC4)CC23)CC1
C(CCC1CCCC2CCCCC12)CC1CCCC2CCCCC12
C1CCC(C2CCC3CC4C(CCCC45CCCC5)CC32)CC1
C1CCC(CCCC2CCC3CCC(C4CCCC5CCCC54)CC3CC2)CC1
C1CCC2CC(CCCC3CCCC4C3CCC3C5CCCCC5CCC43)CCC2C1
C(CCC1CCCC2CCCCC12)CC1CC2CCCCC2C1
C1CCC(CC(CC2CCCCC2)C2CCCCC2)CC1
C(CCC1CCC2CCCCC2C1)CCC1CCCC2CCCCC12
C1CCC(CCCCC2CCC3CCCCC23)CC1
C1CCC(C2CCC3C(CCC4CCCCC43)C2)CC1
C(CCCC1CCCCC1)CCCC1CCC(CC2CCCCC2)C1
C1CCC2CCC3C4CCCCC4CC(CC4CCCC4)C3C2CC1
C1CCC(CC(CC2CCCCC2)C2CCCCC2)CC1
C1CCC(CCCCC2CCC3CCCCC23)CC1
C(CCCC1CCCC2C(C3CCCCC3)CCC12)CCC1CCCCC1
C1CCC(CCC2CCC3CC2CCC(C2CCCCC2)C2C4CCCCC4CCC32)CC1
C1CCC2CCC3C4CCCC4CCC3C2CC1
C(CCCC1CCCC2C1CCC2C1CCC(CC2CC2)CC1)CCC1CCCCC1
C1CCC2C(C1)CC(C1CCCC1)C1CCCC21
C1CCC(CC2CC3CCCCC3C3CCC4CCCCCC4C23)CC1
C1CCC(CC2CC3CCCCC3C3CCC4CCCCCC4C23)CC1
C1CCC(C2CCC3CC4C(CCC45CCCC5)CC32)CC1
C1CCC(CC2CC3CCCCC3C3CCC4CCCCC4C23)C1
C1CCC2C(C1)CCC1C3CCCC3CCC21
C1CCC(CCCCC2CC3CCCCC3C2)CC1
C(CCC1CCCC2CCCCC12)CC1CCCC2CCCCC12
C1CCC(C2CC3C(CCCC4CC4)CCC3C3CCC4CCCCC4C23)CC1
C1CCC(C2CCC3C(CCC3C3CCCCC3)C2)CC1
C(CCC1CC2CCCCC2C1)CCC1CCCC2CCCC12
C1CCC(C2CCC3CCCC3C3CCC4CCCCC4C23)CC1
C1CCC(CC(CC2CCCCC2)C2CCCCC2)CC1
C1CCC(C2CCC3CC4C(CCC32)CCC42CCCCC2)CC1
C1CCC(CCC2(CCCC3CC4CCCCC4C3)CCC3C4CCC5CCCCC5C4CCC32)C1
C1CCC(CCCCCC2CC3CCCCC3C2)CC1
C1CCC(CCCCCC2CC3CCCCC3C2)CC1
C1CCC2CCC3C4CCCC4CCC3C2CC1
C1CCC2C(C1)CCC1C3CCCC3CCC21
C1CCC(CCC2CCC3C(CCC3C3CCCCC3)C2)CC1
C1CCC(C2CC3CCCC3C3CCC4CCCCCC4C23)CC1
C1CCC(CC2CC3CCCCC3C3CCC4CCCCCC4C23)CC1
C1CCC(C2CC3CCCC3C3CCC4CCCCCC4C23)CC1
C1CCC(C2CC3C(CCC4CC4)CCC3C3CCC4CCCCCC4C23)CC1
C1CCC(CCCCCC2CC3CCCCC3C2)CC1
C1CCC(C2CC3CCCCC3C3CCC4CCCCC4C23)CC1
C1CCC(CC2CCCC(C3CCC4CC(CCC5CCC6CCCCC6C5)CCC43)C2)C1
C1CCC(C2CCC3CC4C(CCC32)CCC2C3CCC(CCCC5CC6CCCCC6C5)C3CCC42)CC1
C1CCC(CCCCC2CC3CCCCC3C2)CC1
C1CCC2C(C1)CC(C1CCCC3CCCC31)C1CCCCC21
C1CCC2CCC3C4CCC(CCCC5CC6CCCCC6C5)C4CCC3C2CC1
C1CC2CCC3C(CCC4CCC5CC5C43)C2C1
C1CCC(C2CC3C(CCC4CC4)CCC3C3CCC4CCCCCC4C23)CC1
C1CCC2CCC3C4CCC(CCCC5CC6CCCCC6C5)C4CCC3C2CC1
C1CCC2C(C1)CCCC1C3CCCC3CCC21
C1CCC(CCCCCC2CC3CCCCC3C2)CC1
C1CCC2CC(CCCC3CCC4C3CCC3C5CCCCC5CCC43)CC2C1
C1CC(C2CCC(C3CC4CCCC4C4CCC5CCCCC5C34)CC2)C1
C1CCC(C2CC3CCCCC3C3CCC4CCCCC4C23)CC1
C1CCC2CC(C3CCCC4CCCC43)CCC2C1
C1CCC(CCCCC2CC3CCCCC3C2C2CCCCC2)CC1
C1CCC(C2CC3CCCC3C3CCC4CCCCC4C23)CC1
C1CCC(CCCCC2CCC3CCC(C4CCCC5CCCC54)CC3C2)CC1
C1CCC(CCCCC2CC3CCCCC3C2)CC1
C(CCC1CCCC2CCCCC12)CCC1CCCC2CCCCC12
C1CCC(CCCCC2CC3CCCCC3C2)CC1
C1CCC(C2CCC3CC4C(CCCC5C6CCC(CCCC7CCC8CCCCC8C7)C6CCC45)CC32)CC1
C1CCC(CCC2CCC(CCC3CCCCC3)CC2)CC1
C1CCC(CCC2CCC3C(CCC3C3CCCCC3)C2)CC1
C1CCC2CC(CC3CCCC4CCCC43)CCC2C1
C1CCC(C2CCC3CCCC3C3CCC4CCCCC4C23)CC1
C1CCC(CCCCC2CCC3CCCCC23)CC1
C1CCC(C2CCC3C(CCCCCC4CCC(C5CCCC5)C4)CCCC23)CC1
C1CCC(CC2CCCC(C3CCC4CC(CCC5CCC6CCCCC6C5)CCC43)C2)C1
C(CCCCC1CCC(C2CCCCC2)C1)CCCC1CCCCC1
C1CCC(CCCCCC2CCC3CCCCC23)CC1
C1CCC(CCCCC2CCC3CCCCC23)CC1
C1CCC2CCC3CCCCC3C2CC1
C1CCC(CCCCC2CC3CCCCC3C2)CC1
C1CCC(C2CC3C(CCC34CCCCC4)C3CCC4CCCCC4C23)CC1
C1CCC2C(C1)CCC1C3CCCC3CCC21
C1CCC(CCCC(CCC2CCC3CCCC3C2)CC2CCCCC2)CC1
C1CCC(CCC2CCC3C(CCC3C3CCCCC3)C2)CC1
C(CCCC1CCCC2CCCC12)CCC1CCCCC1
C1CCC2CCC(C3CCCC4CCCC43)CC2CC1
C1CCC(CCC2CCC(C3CC3)CC2)CC1
C1CCC(C2CCC3CCCC3C3CCCC4CCCCC4C23)CC1
C1CCC2C(C1)CC(C1CCCC1)C1CCCCC21
C1CCC(CCCC23CCCC2CCC2C4CCC5CCCCC5C4CCC23)C1
C1CCC2CCC3C4CCC(CCCC5CCCC5)C4CCC3C2CC1
C1CCC(CCCCCC2CCC3CCCCC23)CC1
C1CCC(CCCC2CCC3CCC(C4CCCC5CCCC54)CC3CC2)CC1
C1CCC(C2CC3CCCC3C3CCC4CCCCCC4C23)CC1
C1CCC(C2CCC3CC4C(CCC32)CCC2C3CCC(CCCC5CCC6CCCCC6C5)C3CCC42)CC1
C(CCCC1CCCCC1)CCCC1CCC(CC2CCCCC2)C1
C1CCC(C2CCC3CCCC3C3CCC4CCCCCC4C23)CC1
C1CCC(CC2CC3CCCCC3C3CCC4CCCCCC4C23)CC1
C1CCC(CCCC2CC3CCCC3C3CCC4CC(CCC5CCCCC5)CCC4C23)CC1
C1CCC(CCCCCC2CCC3CCCCC23)CC1
C(CCCC1(C2CCCC2)CCCC2CCCCC21)CCC1CCC(C2CCCCC2)C1
C1CCC(CCC(CC2CC3CCCCC3C2)C2CCC2)CC1
C1CCC(C2CC3C(CCC34CCCC4)C3CCC4CCCCC4CC23)CC1
C1CCC2C(C1)CCCC1CCCCC12
C1CCC(CCC2CCC3C(CCC3C3CCCCC3)C2)CC1
C1CCC2C(C1)CCC1C3CCCC3CCCC21
C1CCC2C(C1)CCC1CCCCC12
C1CCC(C2CCC3CCCC3C3CCC4CCCCC4C23)CC1
C1CCC(CCC2CCCCC2)CC1
C1CCC(CCCC2(CCC3CCCC3)CCC3C4CCC5CCCCCC5C4CCC32)CC1
C1CCC(CCC2CCC3C(CCC3C3CCCCC3)C2)CC1
C1CCC(CCCCC2CCC3CCCCC23)CC1
C(CCC1CCCC2CCCC12)CC1CC2CCCCC2C1
C1CCC(CCCCC2CCCC3CCCC23)CC1
C1CCC(CCCCCC2CC3CCCCC3C2)CC1
C1CCC(CCCCC2CCC3CCC(C4CCCC5CCCC54)CC3C2)CC1
C1CCC2C(C1)CCC1CCCCC12
C1CCC(C2CCC3CC4C(CCC5C6CCC(CCCC7CCC8CCCCC8C7)C6CCCC45)CC32)CC1
C1CCC(CCC2CCCCC3CCC(C4CCCC5CCCC54)CC23)CC1
C1CCC(CCCCCC2CCC3CCCCC23)CC1
C1CCC(C2CC3CCCC3C3CCC4CCCCCC4C23)CC1
C1CCC(C2CC3CCCC3C3CCC4CCCCC4C23)CC1
C1CCC(CCCCC2CC3CCCCC3C2)CC1
C1CCC2CC(CCCC3CCC4C3CCC3C5CCCCC5CCC43)CC2C1
C1CCC2CC(CCCC3CCC4C3CCC3C5CCCCC5CCC43)CC2C1
C1CCC(C2CCC3C(CCC4CCCCC43)C2)CC1
C1CCC(CCC2CCC3CC4CCCCC4CCC3C2)CC1
C1CCC(CC2CC3CCCCC3C3CCC4CCCCC4C23)CC1
C1CCC2CCC3C4CCC(CCCC5CCC6CCCCC6C5)C4CCC3C2CC1
C1CCC(CCCC2CCC3C(CCC3C3CCCCC3)C2)CC1
C1CCC(C2CCC3CC4C(CCCC45CCCCC5)CC32)CC1
C1CCC(CCCCCC2CCC3CCCCC23)CC1
C1CCC2C(C1)CCC1C3CCCC3CCC21
C1CCC2CCC3CCCCC3C2CC1
C1CCC(C2CCC3CC4C(CCCC45CCCCC5)CC32)CC1
C(CCCC1CCCCC1)CCCC1CCC(C2CCCCC2)C1
C1CCC(CCCC2CCCC(C3CCC4CC(CCC5CCC6CCCCC6C5)CCC43)C2)CC1
C1CCC(CCCCCC2CCC3CCCCC23)CC1
C1CCC(CCCCC2CCC3CCCCC23)CC1
C1CCC(C2CCC3CC4C(CCC5C6CCC(CCCC7CCC8CCCCC8C7)C6CCCC45)CC32)CC1
C1CCC2CCC(C3CCC4CCCCC43)CC2CC1
C1CCC(C2CCC3CC4(CCCCCC4C4CCCCC4)CCCC32)CC1
C1CCC(C2CCC3CCCC3C3CCC4CCCCCC4C23)CC1
C1CCC(C2C3CCCCC3CC3CC4CCCC4CC32)CC1
C1CCC2C(C1)CCCC2CCCC1CCC2C1CCC1C3CCCCC3CCCC21
C1CCC2CC(CC3CCCC4CCCC43)CCC2C1
C1CCC2C(C1)CCCC1C3CCCC3CCC21
C1CCC(CCC2CCC(CCC3CCCCC3)CC2)CC1
C1CCC(CCCCCC2CC3CCCCC3C2)CC1
C1CCC(CC2CC3CCCCC3C3CCC4CCCCCC4C23)CC1
C1CCC(CC2CC3CCCCC3C3CCC4CCCCCC4C23)CC1
C1CCC(CCCCC2CCC3CCCCC23)CC1
C1CCC2CCC(C3CCCC4CCCC43)CC2CC1
C1CCC(C2CC3CCCC3C3CCC4CCCCCC4C23)CC1
C1CCC(CCCC2CCC(CCC3CCCCC3)CC2)CC1
C1CCC(CCCCC2CC3CCCCC3C2)CC1
C1CCC2CCC3C4CCCCC4CC(CC4CCCC4)C3C2CC1
C1CCC(CCCCCC2CCCC3C(C4CCCCC4)CCC23)CC1
C1CCC(CCCCCC2CC3CCCCC3C2)CC1
C1CCC(CCCC2CCC(CCC3CCCCC3)CC2)CC1
C1CCC(CCCCC2CCC3CCCCC23)CC1
C1CCC2C(C1)CCCC1C3CCCC3CCC21
C1CCC(CCCC2(CCCC3CC4CCCCC4C3)CCC3C4CCC5CCCCC5C4CCC32)C1
C1CCC(C2CC3CCCC3C3CCC4CCCCC4C23)CC1
C1CCC(CCCCCC2CC3CCCCC3C2)CC1
C1CCC2C(C1)CC(C1CCCC3CCCC31)C1CCCC21
C1CCC2CC(C3CCCC4CCCC43)CCC2C1
C1CCC(CCCC2CCC3CCCC3C2)CC1
C1CCC(C2CC3CCCC3C3CCC4CCCCC4C3C2)CC1
C1CCC(CC2CCCCC2CC2CCC3CCCCC3C3CCC4CCCCC4C23)CC1
C1CCC2C(C1)CCCC1C3CCCC3CCC21
C1CCC(C2CC3CCCCC3CC3CCCCC32)CC1
C1CCC2CCC(C3CCCC4CCCC43)CC2CC1
C1CCC(CCCCC2CC3CCCCC3C2)CC1
C(CCC1CCC(CC2CCCC2)C1)CCC1CCCC2CCCCC12
C1CCC(CCCCCC2CCCC3C(C4CCCCC4)CCC23)CC1
C1CCC(CCC2CCCCC3CC4C(CCC4C4CCCCC4)CC23)CC1
C1CCC(CCCC2CCC3CCCC3C2)CC1
C1CCC(CCCCCC2CCC3CCCCC23)CC1
C1CCC(CCCCCC2CCCC3C(C4CCCCC4)CCC23)CC1
C1CCC2CC(CCCC3CCC4C3CCCC3C5CCCCC5CCC34)CCC2C1
C1CCC2CCC3C4CCC(CCCC5CC6CCCCC6C5)C4CCC3C2CC1
C(CCC1CCCC2CCCC12)CC1CC2CCCCC2C1
C1CCC(CCC2CCCCC2)CC1
C1CCC(CCCC2CCCC(C3CCC4CC(CCC5CCC6CCCCC6C5)CCC43)C2)CC1
C1CCC(CCC2CCC(C3CCC3)CC2)CC1
C(CCCC1CCCCC1)CCCC1CCC(C2CCCCC2)C1
C1CCC(CCCCC2CC3CCCCC3C2)CC1
C1CCC(CCC2CCC3C(CCC3C3CCCCC3)C2)CC1
C1CCC(C2CCC3CC4C(CCCCC45CC(C4CCCCC4)C(C4CCCCC4)C5)CC32)CC1
C1CCC2CC(C3CCCC4CCCC43)CCC2C1
C1CCC(CCCCC2CC3CCCCC3C2)CC1
C1CCC(CCCCCC2CCC3CCCCC23)CC1
C1CCC(CC2CCCC2CC2CC3CCCCC3C3CCC4CCCCCC4C23)CC1
C1CCC(CCCC2CCC3CCC(C4CCCC5CCCC54)CC3C2)CC1
C1CCC(CC2CC3CCCCC3CC3CCC4CCCCC4C32)C1
C1CCC2CC(CCCC3CCC4C3CCC3C5CCCCC5CCC43)CC2C1
C1CCC(C2CC3CCCC3C3CCC4CCCCC4CC23)CC1
C1CCC(C2CCC3CC4C(CCC5C6CCCC(CCCC7CCC8CCCCC8C7)C6CCC45)CC32)CC1
C1CCC(C2CC3CCCCC3CC3CCCCC32)CC1
C1CCC2CC(C3CCCC4CCCC43)CCC2C1
C1CCC2CC(CCCC3CCC4C3CCC3C5CCCCC5CCC43)CC2C1
C(CCC1CCC2C1CCC1C3CCCCC3CCC21)CC1CC2CCCCC2C1
C1CCC2CC(C3CCCC4CCCC43)CCC2C1
C(CCCC1CCCC2C(C3CCCCC3)CCC12)CCC1CCCCC1
C1CCC2CCC(C3CCCC4CCCC43)CC2CC1
C1CCC(CCC(CC2CCC(CC3CCCCC3)CC2)C2CCCCC2)CC1
C1CCC2CC3CCC(C4CCCCC4)C3CC2CC1
C(CCC1CCC2CCCCC2C1)CCC1CCCC2CCCC12
C1CCC2CCC3C4CCCCC4CCC3C2CC1
C1CCC(CCC2CCC3C(CCC3C3CCCCC3)C2)CC1
C(CCCC1CCCC2C(C3CCCCC3)CCC12)CCC1CCCCC1
C(CCCC1CCCC2CCCCC12)CCC1CCC(C2CCCCC2)C1
C1CCC2CCC(C3CCCC4CCCC43)CC2CC1
C1CCC(C2CC3CCCC3C3CCC4CCCCC4C23)CC1
C1CCC2CC(C3CCCC4CCCC43)CCC2C1
C1CCC(CC2CCC3C(CCC3C3CCCCC3)C2)CC1
C1CCC(CCCCCC2CCCC3C(CC4CCCCC4)CCC23)CC1
C1CCC(C2CCC3C(CCC4CCCCC43)C2)CC1
C1CCC(CCCC2CCCC3CC4C(CCC4C4CCCCC4)CC23)CC1
C1CCC2CCC3C(CCC4C5CCCC5CC43)C2CC1
C1CCC2CC(CCCC3CCC4C3CCC3C5CCCCC5CCC43)CC2C1
C1CCC(C2CCC3(CCC4CCC5C(CCC5C5CCCCC5)CC43)C2)CC1
C1CCC2CC(CCCC3CCC4C3CCC3C5CCCCC5CCC43)CC2C1
C1CCC(C2CCC3CC4(CCCCCCC4C4CCCCC4)CCC32)CC1
C1CCC(CCCCCC2CCCC3C(C4CCCCC4)CCC23)CC1
C(CCC1CCCC2CCCCC12)CC1CCCC2CCCCC12
C1CCC(C2CC3CCCC3CC3CCC4CCCCC4C32)CC1
C1CCC(CCC2CCC3C(CCC3C3CCCCC3)C2)CC1
C1CCC2CC(C3CCCC4CCCC43)CCC2C1
C1CCC(CCC2CCC3C(CCC3C3CCCCC3)C2)CC1
C(CCCC1CCCC2C(C3CCCCC3)CCC12)CCC1CCCCC1
C1CCC(CCC2CCC(CCC3CCCC(CC4CCCC4)C3)CC2)CC1
C1CCC2C(C1)CCC1CCCCC12
C1CCC(CCCCC2CC3CCCCC3C2)CC1
C(CCC1CCCC2CCCC12)CC1CC2CCCCC2C1
C1CCC(CC2CCC3C(CCCCCC4CCC(C5CCCC5)C4)CCCC23)CC1
C1CCC(C2CCC(CCCCCC3CCCC4CCCCC34)C2)CC1
C1CCC(CCCCCC2CC3CCCCC3C2)CC1
C1CCC(C2CC3CCCC3C3CCC4CCCCC4C23)CC1
C1CCC(CCC2CCC(CCC3CCCCC3)CC2)CC1
C1CCC(CCCCCC2CCC3CCCCC23)CC1
C1CCC2CCC3C4CCCCC4CC(CC4CCCC4)C3C2CC1
C1CCC(CCC2CCC3C(CCC3C3CCCCC3)C2)CC1
C1CCC(CCC2CCCCC2)CC1
C1CCC(CC2CCC3CC4C(CCCC45CCCC5)CC23)CC1
C1CCC2C(C1)CCCC1CCCCC12
C1CCC2CCC3C4CCC(CCCC5CC6CCCCC6C5)C4CCC3C2CC1
C1CCC2CC(CC3CCCC4CCCC43)CCC2C1
C1CCC(CCC2CCCCC2)CC1
C1CCC2CC(CCCC3CCCC4CCCCC43)CC2C1
C1CCC(CC2CCCCCCC23CCC2C(CCC2C2CCCCC2)C3)CC1
C1CCC(CC2CC3CCCCC3C3CCC4CCCCCC4C23)CC1
C1CCC(CCCCC2CC3CCCCC3C2)CC1
C1CCC(CC2CC3CCCCC3C3CCC4CCCCCC4C23)CC1
C(CCC1CCCCC2CCCCC12)CC1CCC2CCCCC2C1
C1CCC(CCCCC2CCC3CCC(C4CCCC5CCCC54)CC3C2)CC1
C1CCC(CCCC2CC3CCCCC3C2C2CCCCC2)CC1
C1CCC2CC(CCCC3CCC4C3CCCC3C5CCCCC5CCC34)CC2C1
C(CCCC1CCC2C(CCC2C2CCCCC2)C1)CCC1CCCCC1
C1CCC2CCC3C4CCCCC4CC(CC4CCCC4)C3C2CC1
C1CCC(CCC2CCC3C(CCC3C3CCCCC3)C2)CC1
C1CCC(CC2CCC3CCCCC3C3CCC4CCCCC4C23)CC1
C1CCC(CCCCC2CC3CCCCC3C2)CC1
C1CCC(C2CC3C(CCC34CCCC4)C3CCCC4CCCCC4C23)CC1
C(CCCCC1CCC(C2CCCCC2)C1)CCCC1CCCCC1
C1CCC(C2C3CCCC3CC3CC4CCCCC4CC32)CC1
C1CCC(C2CCC3CC4C(CCCCC45CCCC5)CC32)CC1
C1CCC2CCC3C4CCCCC4CC(CC4CCCC4)C3C2CC1
C(CCCC1CCCC2C(C3CCCCC3)CCC12)CCC1CCCCC1
C1CCC(C2CCC3CC4C(CCC5C6CCC(CCCCC7CC8CCCCC8C7)C6CCC45)CC32)CC1
C1CCC(C2CCC3(CCC4CC5C(CCC5C5CCCCC5)CC43)C2)CC1
C1CCC(C2CC3CCCC3C3CCC4CCCCC4C23)CC1
C1CCC2CC(C3CCCC4CCCC43)CCC2C1
C1CCC(CC2CC3CCCCC3C3CCC4CCCCC4C23)CC1
C(CCCC1CCCC2CCCCC12)CCC1CCCC1
C1CCC(CCC2CCC(C3CC4CCCC4C4CCC5CCCCC5C34)CC2)CC1
C1CCC2CC(C3CCCC4CCCC43)CCC2C1
C1CCC(CCCC2CCCC3CCC(C4CCCC5CCCC54)CC3C2)CC1
C(CCC1CCCC2CCCCC12)CC1CCCC2CCCCC12
C1CCC(C2CCC(CCCCCC3CCCC4CCCCC34)C2)CC1
C1CCC2C(C1)CCC1C3CCCC3CCC21
C(CCC1CCCC2CCCCC12)CC1CCCC2CCCCC12
C1CCC2C(C1)CCC1C2CCC2C3CCCC3CC21
C1CCC(CC23CCCCC2CCC2C4CCCC4CCCC23)CC1
C1CCC2CCC3C4CCCCC4CCC3C2CC1
C1CCC2C(C1)CCC1C3CCCC3CCC21
C1CCC(CCC2CCC3C(CCC4C5CCCC5CC(CCC5CCCCC5)C34)C2)CC1
C(CCCCC1CCC(C2CCCCC2)C1)CCCC1CCCCC1
C1CCC(CCC2CCC3C(CCC3C3CCCCC3)C2)CC1
C1CCC(C2CCC3CC4C(CCCC5C6CCC(CCCC7CCC8CCCCC8C7)C6CCC45)CC32)CC1
C1CCC2C(C1)CCC1C3CCCC3CCC21
C1CCC(CCCCCC2CCC3CCCCC23)CC1
C1CCC(CCC2CCC3C(CCC3C3CCCCC3)C2)CC1
C(CCCCC1CCC(C2CCCCC2)C1)CCCC1CCCCC1
C1CCC(CCCCC2CCC3CCCCC23)CC1
C1CCC(CCCCCC2CCC3CCCCC3C2)CC1
C1CCC(CCC2CCC3C2CCC2C4CCCCC4CCC32)C1
C1CCC(C2CCC3CC4C(CCCC45CCCC5)CC32)CC1
C1CCC(CCCCCC2CCCC3C(CC4CCCCC4)CCC23)CC1
C1CCC2CC(CCCC3CCCC4CCCCC43)CC2C1
C1CCC2CCC3C4CCC(CCCC5CC6CCCCC6C5)C4CCC3C2CC1
C(CCCC1CCCCC1)CCCC1CCC(C2CCCCC2)C1
C1CCC(CCCCC2CC3CCCCC3C2)CC1
C1CCC(CCCCCC2CCCC3C(C4CCCCC4)CCC23)CC1
C1CCC2C(C1)CCC1CCCCC12
C1CCC(CC2CC3CCCC3C3CCC4CCCCC4C23)CC1
C1CCC2C(C1)CCCC1C2CCC2C3CCCC3CC21
C1CCC2CC(CCCC3CCC4C3CCC3C5CCCCC5CCC43)CC2C1
C1CCC(C2CCC3CC4C(CCC5C6CCC(CCCC7CC8CCCCC8C7)C6CCC45)CC32)CC1
C1CCC2C(C1)CCC1C3CCCC3CCC21
C1CCC2CC(CC3CCCC4CCCC43)CCC2C1
C1CCC(C2CCC3CCC4(CCCCC4)CC3C2)CC1
C1CCC(C2CCC3CC4C(CCCC45CCCC5)CC32)CC1
C1CCC(C2CCC3CC4C(CCCCC45CCCC5)CC32)CC1
C1CCC(CCC2CCC3C(CCC3C3CCCCC3)C2)CC1
C1CCC(CCCCC2CC3CCCCC3C2)CC1
C1CCC(CCC2CCC(CCC3CCCC(CC4CCCC4)C3)CC2)CC1
C1CCC(C2CCC3CC4C(CCCC45CCCCC5)CC32)CC1
C1CCC(CCCCC2CCC3CCCCC23)CC1
C1CCC(CC2CC3CCCCC3C3CCCCC23)CC1
C1CCC(CCCCC2CC3CCCCC3C2)CC1
C(CCCCC1CCC2C(CCC3C4CCCC4CCC23)C1)CCCC1CCCC(CC(CC2CCC(CC3CCCCC3)CC2)C2CCCCC2)C1
C1CCC(CC2CC3CCCCC3C3CCC4CCCCC4C23)CC1
C1CCC(C2CCC3CCC4(CCCCC4C4CCCCC4)CCC32)CC1
C1CCC(C2CC3CCCC3C3CCCC4CCCCC4C23)CC1
C1CCC2C(C1)CCCC1C3CCCC3CCC21
C1CC2CCC3C(CCCC4CCC5CC5C43)C2C1
C1CCC(CCCCC2CC3CCCCC3C2)CC1
C1CCC(CC2CC3CCCCC3CC3CCC4CCCCC4C32)CC1
C(CCC1CCCC2CCCCC12)CC1CCC2CCCCC2C1
C1CCC(C2CC3CCCC3C3CCC4CCCCCC4C23)CC1
C(CCC1CCC2C(CCC3C4CCCC4CCC23)C1)CC1CCC(C2CCC(C3CCC4CCCC4C4CCC5CCCCC5C34)CC2)CC1
C1CCC2C(C1)CCC1C3CCCCC3CCC21
C1CCC(C2CC3CCCC3C3CCC4CCCCC4C23)CC1
C1CCC(C2CCC3CC4C(CCCC45CCCC5)CCC32)CC1
C1CCC(C2CCC3C(CCCCCC4CCC(C5CCCC5)C4)CCCC23)CC1
C1CCC2CCC(C3CCCC4CCCC43)CC2CC1
C1CCC2C(C1)CCC1C2CCC2C3CCCC3CC21
C(CCCC1CCCC2C(C3CCCCC3)CCC12)CCC1CCCCC1
C1CCC(C2CCC3CCCC3C3CCC4CCCCC4C3C2)CC1
C1CCC2CCC3C4CCC(CCCC5CC6CCCCC6C5)C4CCC3C2CC1
C1CCC2C(C1)CCC1C3CCCC3CCC21
C1CCC(CCC2(CCCCC3CCC4CCCCC4C3)CCC3C4CCC5CCCCC5C4CCC32)C1
C(CCC1CCC2C1CCC1C3CCCCC3CCC21)CC1CC2CCCCC2C1
C1CCC(CC2CC3CCCCC3C3CCC4CCCCC4C23)CC1
C1CCC2CCC3C4CCCC4CCC3C2CC1
C1CCC2CC(C3CCCC4CCCC43)CCC2C1
C1CCC(C2CCC(CCCC3CCCC4C3CCC3C5CCCCC5CCC43)C2)CC1
C1CCC2CCC3CCCCC3C2CC1
C1CCC(CCCC2CCC3C(CCC3C3CCCCC3)C2)CC1
C1CCC(C2CC3CCCC3C3CCCC4CCCCC4C23)CC1
C1CCC(CCCC2CCCC3CCC(C4CCCC5CCCC54)CC3C2)CC1
C1CCC2CCC3C4CCCC4CCC3C2CC1
C1CCC(CCCCC2CCC3CCC(C4CCCC5CCCC54)CC3C2)CC1
C(CCC1CCCC2CCCCC12)CC1CCC2CCCCC2C1
C1CCC2CC(CCCC3CCCC4C3CCC3C5CCCCC5CCC43)CC2C1
C1CCC(CCCCC2CC3CCCCC3C2)CC1
C1CCC(CCC2CCC3C(CCC3C3CCCCC3)C2)CC1
C1CCC(CC2CC3CCCCC3C3CCC4CCCCC4C23)CC1
C1CCC(C2CC3CCCCC3C3CCCCC23)CC1
C1CCC(CC2CCC3C(CC4CCCCC4)CCC3C2)CC1
C1CCC(CC2CCC3C(CCC3C3CCCCC3)C2)CC1
C1CCC(CCC2CCC3C(CCC3C3CCCC(CC4CCCC4)C3)C2)CC1
C1CCC(CCCCCC2CC3CCCCC3C2)CC1
C1CCC(C2CC3CCCC3C3CCC4CCCCC4C23)CC1
C1CCC(CCC2CCC3C(CCC4CC(C5CCCCC5)CCCC43)C2)CC1
C1CCC2CCC3C4CCCCC4CC(CC4CCCC4)C3C2CC1
C1CCC(CCCCC2CCC3CCCCC3C2)CC1
C1CCC(C2CCC3CCC4C(CCC45CCCC5)CC32)CC1
C1CCC(C2CCC3CC4C(CCC32)CCC2C3CCC(CCCC5CC6CCCCC6C5)C3CCC42)CC1
C1CCC(CCCCCC2CCCC3C(C4CCCCC4)CCC23)CC1
C1CCC(C2CC3CCCCC3C3CCC4CCCCC4C23)CC1
C1CCC(CC2CC3CCCCC3CC3CCC4CCCCC4C32)C1
C1CCC(CC2CC3CCCCC3C3CCC4CCCCC4C23)CC1
C1CCC(CC2CC3CCCCC3C3CCC4CCCCC4C23)CC1
C1CCC(CCCC2CCCC3CCC(C4CCCC5CCCC54)CC3C2)CC1
C1CCC2C(C1)CCC1CCCCC12
C1CCC(CC2CC3CCCCC3CC3CCC4CCCCC4C32)CC1
C1CCC(C2CCC(CCCCCC3CCCC4CCCCC34)C2)CC1
C(CCCC1CCCCC1)CCC1CCCCC1
C(CCCC1CCCCC1)CCCC1CCC(C2CCCCC2)C1
C1CCC(CC2CCCC(C3CCC4CC(CCCC5CCC6CCCCC6C5)CCC43)C2)C1
C1CCC(CCCCC2CC3CCCCC3C2)CC1
C1CCC(CC2CC3CCCCC3C3CCC4CCCCC4C23)CC1
C1CCC(C2CCC3C(CCCC4CCCCC43)C2)CC1
C(CCCC1CCCC2C(C3CCCCC3)CCC12)CCC1CCCCC1
C1CCC(CCCCC2CC3CCCCC3C2)CC1
C1CCC(CCCCC(CC2CCC3C(CCC3C3CCCCC3)C2)C2CCCCC2)CC1
C(CCCC1CCCCC1)CCC1CCCCC1
C(CCCC1CCCC2C(C3CCCCC3)CCC12)CCC1CCCCC1
C1CCC(CCCCCC2CCCC3C2CCC3C2CCCC(CC3CC3)C2)CC1
C1CCC(CCCCCC2CC3CCCCC3C2)CC1
C(CCCCC1CCC(C2CCCCC2)C1)CCCC1CCCCC1
C1CCC(C2CCC3CCC4C(CCC45CCCCC5)CC32)CC1
C1CCC(CCCCC2CCC3C2CCC2C4CCCCCC4CCC32)CC1
C(CCC1CCC2CCCCC2C1)CCC1CCCC2CCCCC12
C1CCC(C2CCC(CCCCCC3CCCC4CCCCC34)C2)CC1
C1CCC(C2CCC3CC4C(CCC5C6CCC(CCCC7CC8CCCCC8C7)C6CCC45)CC32)CC1
C1CCC(C2CCCC3CCCC3C3CCC4CCCCC4C23)CC1
C1CCC(CCCCCC2CC3CCCCC3C2)CC1
C1CCC(C2CCCC3C(CCC4CCCCC43)C2)CC1
C1CCC(C2CCC3C(CCCCCC4CCC(C5CCCC5)C4)CCCC23)CC1
C1CCC(CC2CCC3CCCCC3C3CCC4CCCCC4C23)CC1
C1CCC(CCCC2CCC3CCC(C4CCCC5CCCC54)CC3C2)CC1
C1CCC2CC3CCC4CCCC4C3CCC2C1
C1CCC(CC2CCC3CC4CCCCC4CC23)CC1
C1CCC(C2CCC3CC4C(CCCC5C6CCC(CCCC7CCC8CCCCC8C7)C6CCC45)CC32)CC1
C1CCC(CCCCCC2CC3CCCCC3C2)CC1
C1CCC(C2CCC3CC4C(CCC5C6CCC(CCCCC7CC8CCCCC8C7)C6CCC45)CC32)CC1
C1CCC(CCCCCC2CCCC3C(C4CCCCC4)CCC23)CC1
C1CCC2CC(CCCC3CCC4C3CCCC3C5CCCCC5CCC34)CC2C1
C(CCCC1CCCCC1)CCCC1CCC(C2CCCCC2)C1
C1CCC2CCC(C3CCCC4CCCC43)CC2CC1
C1CCC2CC(CCCC3CCC4C3CCCC3C5CCCCC5CCC34)CC2C1
C1CCC2C(C1)CCC1C3CCCC3CCCC21
C(CCCCC1CCC(C2CCCCC2)C1)CCCC1CCCCC1
C1CCC2CC(CC3CCCC4CCCC43)CCC2C1
C1CCC(C2CC3CCCC3C3CCC4CCCCCC4C23)CC1
C(CCC1CCCC2CCCC12)CC1CC2CCCCC2C1
C(CCCC1CCCC2C(C3CCCCC3)CCC12)CCC1CCC(C2CCCC2)C1
C1CCC(C2CC3CCCCC3C3CCC4CCCCC4C23)CC1
C1CCC(CCC2CCC3C(CCC3C3CCCC(CC4CCCCC4)C3)C2)CC1
C1CCC(CCC2CCC(C3CC3)CC2)CC1
C1CCC2CC(C3CCCC4CCCC43)CCC2C1
C1CCC2CC(CC3CCCC4CCCC43)CCC2C1
C1CCC(CC2CC3CCCCC3C3CCC4CCCCC4C23)CC1
C1CCC2CCC(C3CCCC4CCCC43)CC2CC1
C1CCC(CCCCC2CCC3CCCCC23)CC1
C1CCC(CCCCC2CCCC3CCC(C4CCCCC4)CC23)CC1
C1CCC(CCCCCC2CC3CCCCC3C2)CC1
C(CCC1(C2CCCC2)CCCC2CCCCC2C1)CC1CCC2CCCCC2C1
C1CCC(CCCCCC2CCCC3C(C4CCCCC4)CCC23)CC1
C1CCC(CC2CCC(CC(CC3CCCCC3)C3CCCCC3)CC2)CC1
C1CCC(CCC2CCC3C(CCC3C3CCCCC3)C2)CC1
C1CCC2CCC3C4CCCCC4CC(CC4CCCC4)C3C2CC1
C(CCC1CCCC2CCCC12)CC1CC2CCCCC2C1
C1CCC2CCC(C3CCCC4CCCC43)CC2CC1
C1CC2CCC3C(CCC4CCCCC43)CC2C1
C1CCC(CCC2CCC3C(CCC3C3CCCCC3)C2)CC1
C(CCC1CCCC2CCCCC12)CC1CCC2CCCCC2C1
C1CCC2C(C1)CC(C1CCCC3CCCC31)C1CCCC21
C1CCC2C(C1)CCCC1C3CCCC3CCC21
C1CCC(CCCCC2CCC3C2CCC2C4CCCCC4CCCC32)CC1
C1CCC(CC2CCC(CC(CC3CCCCC3)C3CCCCC3)CC2)CC1
C(CCCC1CCCCC1)CCCC1CCC(C2CCCCC2)C1
C1CCC(CCCCC2CC3CCCCC3C2)CC1
C(CCCC1CCCCC1)CCC1CCCCC1
C1CCC(CC2CCC(CC(CC3CCCCC3)C3CCCCC3)CC2)CC1
C1CCC(CCCC2CC3CCCCC3C2CC2CCCCC2)CC1
C1CCC(CCCCCC2CCCC3C(C4CCCCC4)CCC23)CC1
C1CCC2CCC3C4CCC(CCC5CCCC5)C4CCC3C2CC1
C(CCC1CCCC2CCCC12)CC1CC2CCCCC2C1
C1CCC(CCC2CCC(C3CCC4C(CC5CCCCC5)CCC4C3)CC2)CC1
C1CCC(C2CC3CCCC3C3CCC4CCCCC4C23)CC1
C1CCC(C2CC3CCCC3C3CCC4CCCCC4C23)CC1
C1CCC(CCCCCC2CCCC3C2CCC3C2CCCC(CCC3CCCC3)C2)CC1
C1CCC(C2CC3CCCC3C3CCC4CCCCC4C23)CC1
C1CCC(CCC2CCC(CCC3CCCC(CC4CCCCC4)C3)CC2)CC1
C1CCC(CCC2CCC3C(CCC4C5CCCC5CCC(CCC5CCCCC5)C34)C2)CC1
C1CCC(CCCCC2CC3CCCCC3C2)CC1
C1CCC(CCCCC2CCC3CCC(C4CCCC5CCCC54)CC3C2)CC1
C1CCC(C2CCC3CC4C(CCCC45CCCCC5)CC32)CC1
C(CCCC1CCCCC1)CCCC1CCC(C2CCCCC2)C1
C1CCC(C2CC3CCCC3C3CCC4CCCCC4CC23)CC1
C1CCC(CCC2CCC(CCC3CCCC(CC4CCCC4)C3)CC2)CC1
C1CCC(CCCCC2CC3CCCCC3C2)CC1
C1CCC2CCC3C4CCCCC4CC(CC4CCCC4)C3C2CC1
C(CCC1CCCC2CCCCC12)CC1CCC2CCCCC2C1
C1CCC(C2CCC3CC4C(CCC32)CCC2C3CCC(CCCC5CCC6CCCCC6C5)C3CCC42)CC1
C1CCC2CC(C3CCCC4CCCC43)CCC2C1
C1CCC(C2CCC3CC4C(CCC45CCCCC5)CC32)CC1
C1CCC(CCCC2CCCC(C3CCC4CC(CCC5CCC6CCCCC6C5)CCC43)C2)CC1
C1CCC2CCC(C3CCCC4CCCC43)CC2CC1
C1CCC(CC2CCC3C(CCC3C3CCCCC3)C2)CC1
C1CCC(CCC2CCC3C(CCC3C3CCCCC3)C2)CC1
C1CCC(C2CC3CCCC3C3CCC4CCCCC4C23)CC1
C1CCC2CC(C3CCCC4CCCC43)CCC2C1
C1CCC(CCC2CCCCC2)CC1
C(CCC1CCC(C2CC3CCCC3C3CCC4CCCCC4C23)CC1)CCC1CCC2C(CCC3C4CCCC4CCC23)C1
C1CCC(CCCCC2CCC3CCCCC23)CC1
C1CCC2CCC3C(CCC4C5CCCC5CC43)C2CC1
C1CCC2CC(CCCC3CCC4C3CCC3C5CCCCC5CCC43)CC2C1
C1CCC(CCCCC2CCC(C3CCC4C(CCC4C4CCCCC4)C3)CC2)CC1
C1CCC2C(C1)CCCC1C2CCC2C3CCCC3CC21
C1CCC(C2CCC3CC4C(CCCC45CCCC5)CC32)CC1
C1CCC(C2CCC3CC4C(CCC32)CCC2C3CCC(CCCC5CCC6CCCCC6C5)C3CCC42)CC1
C1CCC(CCC2(CCCC3CCC4CCCCC4C3)CCC3C4CCC5CCCCC5C4CCC32)C1
C1CCC2CCC(C3CCCC4CCCC43)CC2CC1
C1CCC(CCC2(CCCC3CC4CCCCC4C3)CCC3C4CCC5CCCCC5C4CCC32)C1
C1CCC(CC2CCC3C(CCC3C3CCCCC3)C2)CC1
C1CCC(CCC2CCC3C(CCC3C3CCCCC3)C2)CC1
C1CCC(CCC2CCC3C(CCC3C3CCCCC3)C2)CC1
C(CCC1CCCC2CCCCC12)CC1CCC2CCCCC2C1
C1CCC(CCCCCC2CCC3CCCCC23)CC1
C1CCC(CCCCC2CC3CCCCC3C2)CC1
C1CCC(CC2CCC(C3CC4CCCC4C4CCC5CCCCC5C34)CC2)CC1
C1CCC2CC(C3CCCC4CCCC43)CCC2C1
C(CCCC1CCCC2C(C3CCCCC3)CCC12)CCC1CCC(C2CCCC2)C1
C1CCC(C2C3CCCC3CC3CC4CCCC4CC32)CC1
C1CCC(C2CCC(C3CC4CCCC4C4CCCC5CCCCC5C34)CC2)C1
C(CCC1CCC2CCCCC2C1)CCC1CCCCC2CCCCC12
C1CCC2C(C1)CCCC1C3CCCC3CCC21
C1CCC(C2CCC3(CCCC4CC5C(CCC5C5CCCCC5)CC43)C2)CC1
C1CCC(C2CCC3C(CCC4CCCCC43)C2)CC1
C1CCC(C2CC3C(CCC4CC4)CCC3C3CCC4CCCCCC4C23)CC1
C1CCC(CCC2CCC3C(CCC3C3CCCCC3)C2)CC1
C1CCC2CCC3C4CCCCC4CC(CC4CCCC4)C3C2CC1
C1CCC2CC(C3CCCC4CCCC43)CCC2C1
C1CCC2CCC(C3CCCC4CCCC43)CC2CC1
C(CCCC1CCCCC1)CCCC1CCC(C2CCCCC2)C1
C(CCCC1CCC(C2CCCCC2)C1)CCC1CCCCC1
C1CCC2C(C1)CCCC1CCCCC12
C1CCC(CCCCC2CC3CCCCC3C2)CC1
C1CCC2C(C1)CCC1C3CCCC3CCCC21
C1CCC(C2CCC(C3CC4CCCC4C4CCC5CCCCC5C34)CC2)C1
C(CCC1CCCC2CCCC12)CC1CC2CCCCC2C1
C(CCC1CCCC2CCCCC12)CC1CCCC2CCCCC12
C1CCC2CC3CCCCC3CCC2C1
C1CCC(C2CCC3CCCC3C3CCC4CCCCC4C23)CC1
C1CCC2CC(C3CCCC4CCCC43)CCC2C1
C1CCC(CCCCCC2CC3CCCCC3C2)CC1
C1CCC2CC(CC3CCCC4CCCC43)CCC2C1
C(CCCC1CCCCC1)CCCC1CCC(C2CCCCC2)C1
C1CCC2C(C1)CCC1C3CCCC3CCCC21
C1CCC(CCCCC2CC3CCCCC3C2)CC1
C(CCC1CCCC2CCCC12)CC1CC2CCCCC2C1
C1CCC2C(C1)CCCC2CCCC1CCCC2CCCCC21
C1CCC2CC(CCCC3CCC4C3CCC3C5CCCCC5CCC43)CCC2C1
C1CCC(CC23CCCCC2CCC2C4CCCC4CCC23)CC1
C1CCC(C2CCC3CC4C(CCC5CCCCCC54)CC32)CC1
C1CCC(C2CC3CCCCC3C3CCC4CCCCC4C23)CC1
C1CCC(CCCCC2CC3CCCCC3C2)CC1
C1CCC(CCCCCC2CC3CCCCC3C2)CC1
C1CCC(C2CC3CCCCC3C3CCC(CCC4CCCC4)CC23)CC1
C1CCC2CCC(C3CCCC4CCCC43)CC2CC1
C1CCC(CC2CCC3C(CCC3C3CCCCC3)C2)CC1
C1CCC(CCCCCC2CC3CCCCC3C2)CC1
C1CCC(CCCCCC2CC3CCCCC3C2)CC1
C1CCC(C2CCC3C(CCC4CCCCC43)C2)C1
C1CCC(C2CCC3CC4C(CCC45CCCCC5)CC32)CC1
C1CCC(CCC(CC2CCC(CC3CCCCC3)CC2)C2CCCCC2)CC1
C1CCC(C2CCC3CC4C(CCC5C6CCC(CCCC7CCC8CCCCC8C7)C6CCC45)CC32)CC1
C1CCC(CCCCC2CC3CCCCC3C2)CC1
C1CCC(CCCCC2CC3CCCCC3C2)CC1
C1CCC(C2CC3CCCC3C3CCC4CCCCC4CC23)CC1
C1CCC(C2CCC3CC4C(CCC45CCCC5)CC32)CC1
C1CCC(C2CC3C(CCC34CCCC4)C3CCCC4CCCCC4C23)CC1
C1CCC(CCC2(CCCC3CCC4CCCCC4C3)CCC3C4CCC5CCCCC5C(CCC32)C4)C1
C1CCC(C2CC3CCCC3C3CCC4CCCCCC4C23)CC1
C1CCC(C2CCC3CC4C(CCCC45CCCCC5)CC32)CC1
C(CCCCC1CCC(C2CCCCC2)C1)CCCC1CCCCC1
C1CCC(CC2CC3CCCCC3C3CCC4CCCCCC4C23)CC1
C(CCCCC1CCC(C2CCCCC2)C1)CCCC1CCCCC1
C1CCC2C(C1)CCCC1C3CCCC3CCC21
C1CCC(CC2CCC3CCCCC3C3CCC4CCCCC4C23)CC1
C1CCC(CCCCC2CC3CCCCC3C2)CC1
C1CCC(CCC2CCC(CCC3CCCC(CC4CCCCC4)C3)CC2)CC1
C(CCCC1CCCC2C(C3CCCCC3)CCC12)CCC1CCCCC1
C1CCC(CC2CCC(CCCC3CCC4CCCC4C3)CC2)C1
C1CCC(CC2CCC3C(CCC3C3CCCCC3)C2)CC1
C1CCC2CC(C3CCCC4CCCC43)CCC2C1
C1CCC2C(C1)CCCC2CCCC1CCCC2CCCCC21
C1CCC(CCCC2CCC3C2CCC2C4CC5CCC(C6CCCCCC6)C5CC4CCC32)CC1
C1CCC(CCCCC2CC3CCCCC3C2)CC1
C1CCC(CC2CCC3CC4C(CCC45CCC(C4CCCCC4)C5)CC23)CC1
C1CCC(C2CC3CCCC3C3CCC4CCCCC4CC23)CC1
C1CCC2CCC3C(CCC4C5CCCC5CC43)C2CC1
C1CCC(CCC(CCC2CCC3CCCC3C2)CC2CCCCC2)CC1
C1CCC(C2CC3CCCC3C3CCC4CCCCC4C23)CC1
C1CCC(CCC2CCCC3CC4C(CCC23)CCC4C2CCCCC2)CC1
C1CCC(CC2CC3CCCCC3C3CCCC23)C1
C1CC2CC2C2C(C1)CCC1C3CCCC3CCC12
C(CCC1CCCC2CCCCC12)CC1CC2CCCCC2C1
C(CCC1CCCCC2CCCCC12)CC1CCC2CCCCC2C1
C1CCC(C2CCC3CC4C(CCC45CCCCCC5)CC32)CC1
C1CCC(CCCCCC2CCCC3C(C4CCCCC4)CCC23)CC1
C1CCC(CC2CC3CCCCC3C3CCC4CCCCC4C23)C1
C1CCC(CCCC2CCCC(C3CCC4CC(CCC5CCC6CCCCC6C5)CCC43)C2)CC1
C1CCC(CC2CCC3CC4C(CCC45CCC(C4CCCCC4)C5)CC23)CC1
C1CCC2CCC3C4CCCC4CCC3C2CC1
C1CCC2CCC3C(CCC4C3CCC4(CCCC3CC4CCCCC4C3)CCC3CCCC3)C2CC1
C1CCC(C2CCC3CCC4C(CC5CCC6CCCCC65)CCCC4CC32)CC1
C1CCCC(C2CCC3CC4C(CCC5C6CCC(CCCC7CC8CCCCC8C7)C6CCC45)CC32)CC1
C1CCC2CC(CC3CCCC4CCCC43)CCC2C1
C1CCC(CCCCCC2CC3CCCCC3C2)CC1
C1CCCC(C2CCC3CC4C(CCC5C6CCC(CCCC7CC8CCCCC8C7)C6CCC45)CC32)CC1
C1CCC(CC2CCC3C(CC4CCCCC4)CCC3C2)CC1
C(CCC1CCC2C1CCC1C3CCCCC3CCC21)CC1CC2CCCCC2C1
C1CCC2CCC(C3CCCC4CCCC43)CC2CC1
C1CCC2CCC3C4CCCC4CCC3C2CC1
C(CCCC1CCCCC1)CCCC1CCC(C2CCCCC2)C1
C1CCC(CCC2CCC3C(CCC4CC5CCCC5CC(CCC5CCCCC5)C43)C2)CC1
C1CCC(CCCCC2CCC3CCC(C4CCCC5CCCC54)CC3C2)CC1
C1CCC(CCCC2CCC3C(CCC4CCCCC43)C2)CC1
C1CCC2C(C1)CCC1C3CCCC3CCC21
C1CCC(CC2CCC3CC4C(CCCC45CCCC5)CC23)CC1
C1CCC2C(C1)CCC1C3CCCC3CCCC21
C1CCC(C2CC3CCCC3C3CCC4CCCCC4C23)CC1
C1CCC(C2CCC3CC4C(CC5CCC6CCCCC65)CCCCC4CC32)CC1
C1CCC(CCCCC2CC3CCCCC3C2)CC1
C1CCC(C2CC3CCCC3CC3CCC4CCCCC4C32)CC1
C1CCC(CCC2(CCCC3CC4CCCCC4C3)CCC3C4CCC5CCCCC5C4CCC32)C1
C1CCC(CCCCC2CC3CCCCC3C2)CC1
C1CCC(CCC2CCC(C3CCC4C(CCC4C4CCCCC4)C3)CC2)CC1
C(CCC1CCCC2CCCC12)CC1CC2CCCCC2C1
C1CCC(CCCCCC2CC3CCCCC3C2)CC1
C1CCC(C2CCC3CC4C(CCC5C6CCC(CCCCC7CC8CCCCC8C7)C6CCC45)CC32)CC1
C(CCC1CCCC2CCCCC12)CC1CCCC2CCCCC12
C1CCC2C(C1)CCC1CCCCC12
C1CCC(CCCCC2CCC3CCCCC23)CC1
C1CCC(C2CCC3C(CCC4CCCCC43)C2)CC1
C(CCC1CCC2CCCCC2C1)CC1CCCC2CCCCC2C1
C1CCC2CCC3C4CCC(CCCC5CC6CCCCC6C5)C4CCC3C2CC1
C1CCC(CCC2CCC(CC3CC3)CC2)CC1
C(CCC1CCCC2CCCCC12)CC1CCC2CCCCC2C1
C(CCCC1CCCC2CCCCC12)CCC1CCCC1
C1CCC(CC2CC3CCCCC3C3CCC4CCCCCC4C23)CC1
C1CCC(CC2CCCC(C3CCC4CC(CCC5CCC6CCCCC6C5)CCC43)C2)CC1
C1CCC(C2CCC3CC4C(CCC45CCCCCC5)CC32)CC1
C(CCCC1CCCCC1)CCCC1CCC(C2CCCCC2)C1
C1CCC(CCC2CCC3C(CC4CCCCC4)CCC3C2)CC1
C1CCC2CCC(C3CCCC4CCCC43)CC2CC1
C(CCCC1CCCC2C(C3CCCCC3)CCC12)CCC1CCCCC1
C1CCC(CCCCC2CCC3CCCCC23)CC1
C1CCC(CCC2CCC3C(CCC3C3CCCCC3)C2)CC1
C1CCC(CCC2CCC3C(CCC4C5CCCC(CCC34)C5)C2)CC1
C1CCC2CC(C3CCCC4CCCC43)CCC2C1
C1CCC2C(C1)CCC1C3CCCC3CCC21
C1CCC(C2CC3CCCC3C3CCC4CCCCCC4C23)CC1
C(CCC1CCCC2CCCCC12)CCC1CCCC2CCCCC12
C1CCC2C(C1)CCCC1C3CCCC3CCC21
C1CCC(CCC2CCC(C3CC3)CC2)CC1
C1CCC(CCCCC2CC3CCCCC3C2)CC1
C1CCC(C2CCC3CC4C(CCC5C6CCC(CCCCC7CCC8CCCCC8C7)C6CCC45)CC32)CC1
C1CCC(CC2CC3CCCCC3C3CCC4CCCCC4C23)C1
C1CCC(CCC2CCC3C(CCC3C3CCCC3)C2)CC1
C1CCC(CCCCCC2CC3CCCCC3C2)CC1
C1CCC(CCCCCC2CCC3CCCCC23)CC1
C1CCC(CCCCC2CC3CCCCC3C2)CC1
C1CCC2CCC(C3CCCC4CCCC43)CC2CC1
C1CCC(C2CC3CCCCC3C3CCC4CCCCC4C23)CC1
C1CCC(CCC2CCC(C3CCC4C(CC5CCCCC5)CCC4C3)CC2)CC1
C1CCC(C2CCC3CC4C(CCCC45CC(C4CCCCC4)C(C4CCCCC4)C5)CC32)CC1
C1CCC2CCC(C3CCCC4CCCC43)CC2CC1
C1CCC(CCCC2CC3CCCCC3C2C2CCCCC2)CC1
C1CCC(CC2CC3CCCCC3C3CCC4CCCCC4C23)CC1
C1CCC(CCC2CCC(C3CCC4C(CCC4C4CCCCC4)C3)CC2)CC1
C(CCC1CCC2CCCCC2C1)CCC1CCCCC2CCCCC12
C1CCC(C2CC3C(CCC4CC4)CCC3C3CCC4CCCCCC4C23)CC1
C(CCCC1CCCC2C(C3CCCCC3)CCC12)CCC1CCC(C2CCCC2)C1
C1CCC(CCCCC2CCC3CCC(C4CCCC5CCCC54)CC3C2)CC1
C1CCC2C(C1)CCC1CCCCC12
C(CCCCCCC1CCC(CCC2CCC(CCC3CCCC3)C2)C1)CCCCCCC1CCC2C1CCC1C3CCCCC3CCC21
C1CCC(CCC2CCC(CCCC3CCCC(CC4CCCC4)C3)CC2)CC1
C1CCC2CCC3C4CCCC4CCC3C2CC1
C1CCC(CCC2CCC3C(CCC3C3CCCCC3)C2)CC1
C1CCC(CCC2CCC3C(CC4CCCCC4)CCC3C2)CC1
C1CCC2C(C1)CCCC1C3CCCC3CCC21
C1CCC(C2CC3CCCC3C3CCCC4CCCCC4C23)CC1
C1CCC(CC2CC3CCCCC3C3CCC4CCCCC4C23)CC1
C1CCC(C2CCC(CCCCCC3CCCCC4CCCCC34)C2)CC1
C1CCC(CCCC2CCC3CCC(C4CCCC5CCCC54)CC3C2)CC1
C1CCC(CCCC2CCC3C2CCC2C4CC5CCC(C6CCCCCC6)C5CC4CCC32)CC1
C1CCC(CCC2CCC3C(CCC3C3CCCCC3)C2)CC1
C1CCC2C(C1)CCC1C3CCCC3CCC21
C1CCC(CCC2CCC3C(CCC3C3CCCCC3)C2)CC1
C1CCC(CCC2CCC(C3CCC4C(CCC4C4CCCCC4)C3)CC2)CC1
C1CCC(C2CC3CCCC3C3CCC4CCCCC4C23)CC1
C1CCC2CC(CCCC3CCC4CC5CCC6CCCCC6C5CCC34)CC2C1
C1CCC2CC(C3CCCC4CCCC43)CCC2C1
C1CCC(C2CCC3C(CCC4CCCCC43)C2)CC1
C1CCC(C2CC3CCCC3C3CCC4CCCCCC4C23)CC1
C1CCC2CCC3C(CCC4C3CCC4(CCCC3CC4CCCCC4C3)CCC3CCCC3)C2CC1
C1CCC2CCC(C3CCCC4CCCC43)CC2CC1
C1CCC2CCC3C4CCC(CCCC5CC6CCCCC6C5)C4CCC3C2CC1
C1CCC2CCC3C4CCCC4CCC3C2CC1
C1CCC(C2CCC3CC4C(CCCC45CCCCC5)CC32)CC1
C1CCC(CC2CC3CCCCC3C3CCC4CCCCC4C3C2)CC1
C1CCC(CCCCC2CCC3CCCCC23)CC1
C1CCC(CC2CC3CCCCC3C3CCC4CCCCCC4C23)CC1
C1CCC(CCC2CCC3C(CCC4C5CCCC5CCCC34)C2)CC1
C1CCC(CCCCC2CC3CCCCC3C2)CC1
C1CCC(CCCCCC2CC3CCCCC3C2)CC1
C1CCC(C2CCC(CCCC3CCC4C3CCC3C5CCCCC5CCCC43)C2)CC1
C1CCC(C2CC3CCCC3C3CCC4CCCCCC4C23)CC1
C1CCC(C2CC3CCCC3CC3CCC4CCCCC4C32)CC1
C1CCC(CCCCCC2CC3CCCCC3C2)CC1
C(CCC1CCC2CCCCC2C1)CCC1CCCC2CCCCC12
C1CCC(CCCCCC2CC3CCCCC3C2)CC1
C1CCC(CCC2CCC3C(CCC3C3CCCCC3)C2)CC1
C1CCC(CCC2CCC3C(CCC4C5CCCC5CC(CCC5CCCCC5)C34)C2)CC1
C1CCC(CCCCC2CC3CCCCC3C2)CC1
C1CCC(C2CCC3CC4C(CCC45CCCC5)CC32)CC1
C1CCC(CC2CC3CCCCC3C3CCC4CCCCCC4C23)CC1
C1CCC(CCCCC2CCC3CCCCC23)CC1
C1CCC(CCCC2CCCC(C3CCC4CC(CCCC5CCC6CCCCC6C5)CCC43)C2)CC1
C1CCC(CCC(CCC2CCCCC2)CCC2CCC3CCCC3C2)CC1
C1CCC(CC2CC3CCCCC3C3CCC4CCCCCC4C23)CC1
C1CCC(C2CC3CCCC3C3CCC4CCCCC4C23)CC1
C1CCC2CC(C3CCCC4CCCC43)CCC2C1
C1CCC2CCC3C(CCC4C5CCCC5CC43)C2CC1
C1CCC2CC(C3CCCC4CCCC43)CCC2C1
C1CCC(CCC2CCC3C(CCC4C5CCCCC5CC(CCC5CCCCC5)C34)C2)CC1
C1CCC(CCCCCC2CC3CCCCC3C2)CC1
C1CC2CCC3C(CCC4CCCCC43)CC2C1
C1CCC2CCC3C4CCC(CCCC5CC6CCCCC6C5)C4CCC3C2CC1
C1CCC(CCC2CCCCC3CCC(C4CCCC5CCCC54)CC23)CC1
C1CCC2CCC3C4CCC(CCCC5CC6CCCCC6C5)C4CCC3C2CC1
C(CCCC1CCCC2C(C3CCCCC3)CCC12)CCC1CCCCC1
C1CCC(C2CC3CCCC3C3CCC4CCCCC4C23)CC1
C1CCC(CCC2CCCC3CC4C(CC5CCCCC5)CCC4CC23)CC1
C1CCC(CCCCC2CC3CCCCC3C2)CC1
C1CCC(CCCCC2CCC3C2CCCC2C4CCCCC4CCC23)CC1
C1CCC(C2CCC3C(CCCC4CCCCC43)C2)CC1
C1CC2CCCC2C(CC2CC3CCCCC3C3CCCC23)C1
C1CCC(C2CC3CCCC3C3CCC4CCCCC4C23)CC1
C1CCC(CCC2CCC3C(CCC3C3CCCCC3)C2)CC1
C(CCC1CCCC2CCCC12)CC1CC2CCCCC2C1
C1CCC(C2CCC(CCCC3CCC4C3CCC3C5CCCCC5CCC43)C2)CC1
C1CCC2CCC(C3CCCC4CCCC43)CC2CC1
C1CCC(CCC2CCC(CCC3CCCC(CC4CCCC4)C3)CC2)CC1
C1CCC(CCC2CCC3C(CC4CCCCC4)CCC3C2)CC1
C1CCC(CCC2CCC3C(CCC3C3CCCC(CC4CCCC4)C3)C2)CC1
C1CCCC(CC2CCCC2CC2CC3CCCCC3C3CCC4CCCCC4C23)CC1
C(CCCCC1CCC2C(CCC3C4CCCCC4CCC23)C1)CCCC1CCCC(CC(CC2CCC(CC3CCCCC3)CC2)C2CCCCC2)C1
C1CCC2CCC3C4CCCC4CCC3C2CC1
C1CCC(CCCC2CCC3C(CCC3C3CCCCC3)C2)CC1
C1CCC(CCC(CC2CC3CCCCC3C2)C2CCCCC2)CC1
C1CCC(CCCCC2CCC3CCCCC23)CC1
C1CCC2CCC3C4CCCCC4CCC3C2CC1
C1CCC2CCC(C3CCCC4CCCC43)CC2CC1
C1CCC2C(C1)CCC1C2CCC2C3CCCC3CC21
C1CCC(C2CCC3(CCC4CCC5C(CCC5C5CCCCC5)CC43)C2)CC1
C1CCC(C2CCC3C(CCC4CCCCC43)C2)CC1
C1CCC(C2CCC3CC4C(CC5CC6CCCCC6C5)CCCC4CC32)CC1
C1CCC(C2CCC3C(CCC4CCCCC43)C2)CC1
C1CCC(C2CCC3CCC4C(CCC45CCCC5)CC32)CC1
C1CCC(CCC2(CCCC3CC4CCCCC4C3)CCCC3C4CCC5CCCCC5C4CCC32)C1
C1CCC(CCCCC2CCC3CCCCC23)CC1
C1CCC(C2CCC3CC4C(CCCC45CCCCC5)CC32)CC1
C1CCC(CCC(CC2CCCCC2)C2CCCCC2)CC1
C1CCC(CC2CC3CCCCC3C3CCC4CCCCC4C23)C1
C1CCC(CCCCC2CC3CCCCC3C2)CC1
C1CCC(CCC2CCC3C(CCC4CCCCC43)C2)CC1
C1CCC(CCCC2CCCC3C2CCC2C4CC5CCC(C6CCCCC6)C5CC4CCC32)CC1
C1CCC(CCC(CCC2CCC3CCCC3C2)CC2CCCCC2)CC1
C(CCC1CCCC2CCCC12)CC1CC2CCCCC2C1
C1CCC(C2CC3CCCC3C3CCC4CCCCC4C23)CC1
C1CCC2CC(C3CCCC4CCCC43)CCC2C1
C1CCC(CC2CC3CCCCC3C3CCC4CCCCCC4C23)CC1
C(CCCCCCC1CCC2C1CCC1C3CCCCC3CCC21)CCCCCC1CCC(CCC2CCC(CCC3CCCC3)C2)C1
C1CCC2C(C1)CCC1C3CCCC3CCC21
C1CCC(CCCCC2CCC3CCCCC23)CC1
C1CCC(CCCCCC2CCC3CCCC3C2)CC1
C1CCC(CCC(CCC2CCC3CCCC3C2)CC2CCCCC2)CC1
C1CCC(C2CCC3CC4C(CCCC45CCCCC5)CC32)CC1
C1CCC(C2CC3CCCC3C3CCC4CCCCCC4C23)CC1
C1CCC2C(C1)CCCC1C3CCCC3CCC21
C1CCC(C2CCC3CC4C(CC5CCC6CCCCC65)CCCCC4CC32)CC1
C1CCC(C2CCC3CC4C(CCC45CCCCCC5)CC32)CC1
C1CCC(CCCCC2CC3CCCCC3C2)CC1
C1CCC(CCCCCC2CCCC3C(C4CCCCC4)CCC23)CC1
C1CCC(CCCCC2CC3CCCCC3C2)CC1
C1CCC(C2CCC3CCCC3C3CCC4CCCCC4C23)CC1
C1CCC(CCCC2CCCC3C2CCC2C4CC5CCC(C6CCCCC6)C5CC4CCC32)CC1
C1CCC2C(C1)CCC1C3CCCC3CCC21
C1CCC(CCC2CCC3C(CCC3C3CCCCC3)C2)CC1
C(CCCC1CCCC2C(C3CCCCC3)CCC12)CCC1CCCCC1
C1CCC2CC(C3CCCC4CCCC43)CCC2C1
C(CC1CCCC2CCCCC2C1)CC1CC2CCCCC2C1
C1CCC(CCC2CCC(C3CC3)CC2)CC1
C1CCC(CCCCCC2CC3CCCCC3C2)CC1
C1CCC(C2CCC3CC4C(CCC5C6CCCC6CCCC45)CC32)CC1
C1CCC(CC2CCC3CCC4(CCCCC4)C3C2)CC1
C(CCC1CCCC2CCCC12)CC1CC2CCCCC2C1
C(CCC1CCCC2CCCCC12)CC1CCCC2CCCCC12
C1CCC(CCCCCC2CC3CCCCC3C2)CC1
C1CCC(CCC2CCC(CCC3CCCC(CC4CCCC4)C3)CC2)CC1
C1CCC2CC(C3CCCC4CCCC43)CCC2C1
C1CCC(CCCCCC2CC3CCCCC3C2)CC1
C1CCC2CC(CCCC3CCC4C3CCC3C5CCCCC5CCC43)CC2C1
C1CCC(C2CC3CCCC3C3CCCC4CCCCC4C23)CC1
C1CCC(CCCCCC2CCC3CCCCC23)CC1
C1CCC(C2CCC3CCCC3C3CCC4CCCCCC4C23)CC1
C1CCC(C2CCC3CCCC3C3CCC4CCCCC4C23)CC1
C(CCC1CCC2C(CCC3C4CCCC4CCC23)C1)CC1CCC(C2CCC(C3CC4CCCC4C4CCC5CCCCC5C34)CC2)CC1
C1CCC2CCC(C3CCCC4CCCC43)CC2CC1
C1CCC(CCCCCC2CC3CCCCC3C2)CC1
C1CCC2CCC3C4CCC(CCCC5CC6CCCCC6C5)C4CCC3C2CC1
C1CCC(C2CCC3C(CCC4CCCCC43)C2)CC1
C1CCC2CC(C3CCCC4CCCC43)CCC2C1
C1CCC(C2CC3CCCC3C3CCC4CCCCC4C23)CC1
C1CCC(C2CC3CCCC3C3CCC4CCCCC4C23)CC1
C1CCC2C(C1)CCC1C3CCCC3CCC21
C(CCC1CCCC2CCCCC12)CC1CCC2CCCCC2C1
C1CCC(CCCCC2CCC3C2CCC2C4CC5CCC(C6CCCCC6)C5CC4CCC32)CC1
C1CCC2C(C1)CCCC1C3CCCC3CCC21
C1CCC(CCC2CCC(CCC3CCCC(CC4CCCC4)C3)CC2)CC1
C1CCC(CCCCCC2CC3CCCCC3C2)CC1
C1CCC(CCCCCC2CCCC3C(CC4CCCCC4)CCC23)CC1
C1CCC(C2CCC3CC4C(CCC45CCCCC5)CC32)CC1
C1CCC(CCCCCC2CC3CCCCC3C2)CC1
C1CCC(CCC2CCC3C(CCC4C5CCCC5CC(CCC5CCCCC5)C34)C2)CC1
C1CCC(CCCCCC2CCC3CCCCC23)CC1
C1CCC(CCC2CCC3C(CCC4C5CCCC5CCC34)C2)CC1
C1CCC(C2CC3CCCC3C3CCC4CCCCCC4C23)CC1
C1CCC(CC2CCCCCC23CCC2CCC(C4CCCCC4)C2CC3)CC1
C1CCC(CCCC2CCC(C3CCC4C(CCC4C4CCCCC4)C3)CC2)CC1
C1CCC(C2CC3CCCCC3C3CCCCC23)CC1
C1CCC2CCC(C3CCCC4CCCC43)CC2CC1
C1CCC(CCCCCC2CCCC3C(C4CCCCC4)CCC23)CC1
C1CCC(CCC2CCCCC2CC2CC3CCCCC3C3CCC4CCCCC4C23)CC1
C(CCC1(C2CCCC2)CCCC2CCCCC21)CC1CCC2CCCCC2C1
C1CCC2C(C1)CCC1CCCCC12
C1CCC(C2CCCC3C(CCC4CCCCC43)C2)CC1
C1CCC(CCCC2CCCC3C2CCC2C4CC5CCC(C6CCCCC6)C5CC4CCC32)CC1
C1CCC2CC(C3CCCC4CCCC43)CCC2C1
C1CCC(CCCCCC2CCC3CCCCC23)CC1
C1CCC(CCCCCC2CCC3CCCCC3C2)CC1
C1CC2CCC3C(CCC4CCCCC43)CC2C1
C(CCCCC1CCC(C2CCCCC2)C1)CCCC1CCCCC1
C1CCC(CCCCC2CC3CCCCC3C2)CC1
C1CCC(CCCCCC2CCC3CCC(C4CCCC5CCCC54)CC3C2)CC1
C1CCC(C2CCC3CC4C(CCC45CCCCC5)CC32)CC1
C1CCC(C2CC3CCCC3C3CCC4CCCCC4C3C2)CC1
C1CCC2C(C1)CCC(C1CCCC1)C1CCCCC21
C1CCC(C2CC3CCCC3C3CCC4CCCCCC4C23)CC1
C1CCC(CCCCCC2CCC3CCCCC23)CC1
C1CCC2CC(C3CCCC4CCCC43)CCC2C1
C1CCC(C2CC3CCCC3C3CCC4CCCCC4CC23)CC1
C1CCC(C2CCC(CCCCCC3CCCC4CCCCC34)C2)CC1
C1CCC(CCC2CCCCC2)CC1
C1CCC(C2CC3CCCCC3C3CCCCC23)CC1
C(CCC1(C2CCCC2)CCCCC2CCCCC21)CC1CCC2CCCCC2C1
C1CCC(CCC2CCC3CC4CCCCC4CCC3C2)CC1
C1CCC(CC2CC3CCCCC3C3CCC4CCCCC4C23)CC1
C1CCC2C(C1)CCC1C3CCCC3CCC21
C1CCC(CCCCC2CC3CCCCC3C2)CC1
C1CCC(CCC(CC2CCCC2)CC2CC3CCCCC3C2)CC1
C1CCC(C2CC3CCCCC3C3CCCCC23)CC1
C(CCC1CCCC2CCCC12)CC1CC2CCCCC2C1
C1CCC(CCC2CCC3C(CCC3C3CCCCC3)C2)CC1
C(CCC1CCC2C1CCC1C3CCCCC3CCC21)CC1CCC2CCCCC2C1
C1CCC2C(C1)CCC1C3CCCC3CCC21
C1CCC(CC2CCC3CC4(CCCCC4C4CCCCC4)CCC23)CC1
C1CCC(CC2CCC3CCCCC3C3CCC4CCCCC4C23)CC1
C1CCC2C(C1)CCC1C3CCCC3CCC21
C1CCC(CC2CCC(CC(CC3CCCCC3)C3CCCCC3)CC2)CC1
C1CCC(CCC2CCC3C(CCC3C3CCCCC3)C2)CC1
C1CCC(CCC2CCCC3CCC4C(CCC4C4CCCCC4)CC23)CC1
C1CCC(CCC2CCC3C2CCC2C4CCCCC4CCC32)C1
C1CCC(CCCCCC2CCC3CCCCC23)CC1
C1CCC(CCC2CCC3C(CCC3C3CCCCC3)C2)CC1
C1CCC(C2CCC3CCC4C(CCC45CCCC5)CC32)CC1
C1CCC(CCCCC2CC3CCCCC3C2)CC1
C1CCC2CCCCC2C(CCCCC2CCCC3CCCCC23)C1
C1CCC2C(C1)CCC1C3CCCC3CCC21
C1CCC(CCCCCC2CC3CCCCC3C2)CC1
C1CCC(C2CCC3CC4C(CCC45CCCCC5)CC32)CC1
C1CCC(C2CC3CCCCC3C3CCCCC23)CC1
C1CCC(CCCCC2CCCCC3CCC(C4CCCCC4)CC23)CC1
C1CCC(CCCC2CCC3C(CCC3C3CCCCC3)C2)CC1
C1CCC2C(C1)CCCC2CCCC1CCCC2CCCCC21
C1CCC(C2CC3CCCC3C3CCC4CCCCC4C23)CC1
C1CCC2CCC3C4CCCC4CCC3C2CC1
C1CCC(CCC2CCC3C(CCC3C3CCCCC3)C2)CC1
C1CCC(CCCCC2CC3CCCCC3C2)CC1
C(CCCC1CCCCC1)CCCC1CCC(C2CCCCC2)C1
C1CCC(CC2CC3CCCCC3C3CCC4CCCCC4C23)CC1
C1CCC2C(C1)CCCC2CCCC1CCCC2CCCCC21
C(CCC1CCC2CCCCC2C1)CCC1CCCC2CCCCC12
C1CCC2CC(C3CCCC4CCCC43)CCC2C1
C1CCC(CCCCCC2CCCCC2)CC1
C1CCC2C(C1)CC(C1CCCC1)C1CCCC21
C1CCC(CC2CC3CCCCC3C2C2CCCCC2)CC1
C1CCC(CCCCC2CC3CCCCC3C2)CC1
C1CCC(CCCCC2CC3CCCCC3C2)CC1
C1CCC(C2CC3C(CCCC34CCCC4)C3CCC4CCCCC4C23)CC1
C(CCC1CCCC2CCCCC12)CC1CCC2CCCCC2C1
C1CCC(CCCCCC2CCC3CCCCC23)CC1
C1CCC(C2CCC3CC4C(CCC45CCCC5)CC32)CC1
C1CCC2CCC3C4CCCCC4CC(CC4CCCC4)C3C2CC1
C1CCC2C(C1)CCCC1CCCCC12
C(CCCCC1CCC(C2CCCCC2)C1)CCCC1CCCCC1
C1CCC(CCCCCC2CCCC3C(C4CCCCC4)CCC23)CC1
C1CCC(CCC2CCC(CC3CC3)CC2)CC1
C1CCC(CCCCCC2CCC3CCCCC23)CC1
C1CCC2CC(CC3CCCC4CCCC43)CCC2C1
C1CCC2CC(C3CCCC4CCCC43)CCC2C1
C1CCC2CCC(C3CCCC4CCCC43)CC2CC1
C1CCC(CC2CCC3CC4C(CC5CC6CCCCC6C5)CCCC4CC23)CC1
C1CCC(CCC2CCC(CCC3CCCC(CC4CCCCC4)C3)CC2)CC1
C1CCC2CCC3C(CCC4C5CCCC5CC43)C2CC1
C1CCC(CCCCC2CCC3CCC(C4CCCC5CCCC54)CC3C2)CC1
C(CCCC1CCC2C(CCC2C2CCCCC2)C1)CCC1CCCCC1
C1CCC(CC2CCC3CCCCC3C3CCC4CCCCC4C23)CC1
C1CCC(CC2CC3CCCCC3C2C2CCCCC2)CC1
C1CCC(CC2CCC3CC4C(CCC45CCCCC5)CC23)CC1
C1CCC(CCCCCC2CC3CCCCC3C2)CC1
C1CCC(CC2CC3CCCCC3C3CCC4CCCCC4C23)CC1
C1CCC2CC(CCCC3CCCC4CCCCC43)CC2C1
C1CCC2CC(CCCC3CCC4C3CCC3C5CCCCC5CCCC43)CC2C1
C1CCC(C2CCC3CC4(CCCCCCC4C4CCCCC4)CCC32)CC1
C(CCCCC1CCC(C2CCCCC2)C1)CCCC1CCCCC1
C1CCC(C2CCC3CC4C(CCC5C6CCC(CCCC7CCC8CCCCC8C7)C6CCCC45)CC32)CC1
C(CCC1CC2CCCCC2C1)CCC1CCCC2CCCC12
C1CCC(CCCCCC2CC3CCCCC3C2)CC1
C1CCC2C(C1)CCCC2CCCC1CCC2C1CCC1C3CCCCC3CCC21
C1CCC(CCCC2CCC3C2CCC2C4CC5CCC(CC6CCCCC6)C5CC4CCC32)CC1
C1CCC(CCCCC2CC3CCCCC3C2)CC1
C1CCC(CCCCC2CCC3CCCCC23)CC1
C1CCC(CCCCC2CC3CCCCC3C2)CC1
C(CCC1CCCC2CCCCC12)CC1CCC2CCCCC2C1
C1CCC(CC2CC3CCCCC3C3CCC4CCCCCC4C23)CC1
C(CCC1CCCC2CCCCC12)CC1CCC2CCCCC2C1
C1CCC(C2CC3C(CCC34CCCC4)C3CCC4CCCCC4C23)CC1
C1CCC(CC2CC3CCCCC3C2C2CCCCC2)CC1
C1CCC(C2CCC(CCCCCC3(C4CCCC4)CCCC4CCCCC43)C2)CC1
C1CCC(C2CCC3CC4C(CCC5C6CCC(CCCCC7CC8CCCCC8C7)C6CCC45)CC32)CC1
C1CCC(C2CCC(CCCCCC3CCCC4CCCCC34)C2)CC1
C1CCC2CCC3C4CCC(CCCC5CC6CCCCC6C5)C4CCC3C2CC1
C1CCC2CC(CCCC3CCCCC4CCCCC43)CC2C1
C(CCCC1CCCCC1)CCCC1CCC(C2CCCCC2)C1
C1CCC2CCC(C3CCCC4CCCC43)CC2CC1
C1CCC2C(C1)CCC1CCCCC12
C1CCC(C2CCC3CC4C(CCCC45CCCCC5)CC32)CC1
C1CCC(CCCC2CCC3CCC(C4CCCC5CCCC54)CC3C2)CC1
C1CCC(CCCCC2CCC3CCCCC23)CC1
C1CCC2CC(C3CCCC4CCCC43)CCC2C1
C1CCC(C2CCC3CC4C(CCC45CCCCC5)CC32)CC1
C1CCC(C2CC3CCCC3C3CCC4CCCCCC4C23)CC1
C1CCC(CCC2CCC3C(CCC3C3CCCCC3)C2)CC1
C1CCC2CC(CCCC3CCC4C3CCC3C5CCCCC5CCC43)CC2C1
C(CCC1CCCC2CCCC12)CC1CC2CCCCC2C1
C1CCC(C2CC3CCCCC3C3CCC4CCCCC4C23)CC1
C1CCC(CCCCC2CCC3C2CCC2C4CCCCC4CCC32)CC1
C(CCCC1CCCCC1)CCCC1CCC(CC2CCCCC2)C1
C1CCC(CCCCC2CC3CCCCC3C2)CC1
C1CCC(CCCC2CC3CCCCC3C2C2CCCCC2)CC1
C1CCC(CC2CCC(CCCCCC3(C4CCCCC4)CCC3)C2)CC1
C1CCC(CCCCCC2CCCC3C(CC4CCCCC4)CCC23)CC1
C1CCC(C2CCC3CCCC3C3CCC4CCCCC4C23)CC1
C1CCC(C2CC3CCCC3C3CCC4CCCCC4C23)CC1
C1CCC(CC2CC3CCCCC3C3CCC4CCCCC4C23)CC1
C1CCC(C2CCC3C(CCC4CCCCC43)C2)CC1
C1CCC(CCCC2CCC3CCCC3C2)CC1
C1CCC2CCC(C3CCCC4CCCC43)CC2CC1
C1CCC(CCCCC2CCC3CCC(C4CCCC5CCCC54)CC3C2)CC1
C1CCC(CCC2CCC(CCC3CCCC(CC4CCCC4)C3)CC2)CC1
C1CCC(C2CCC3CCCC3C3CCC4CCCCC4C23)CC1
C1CCC(CCC2(CCCC3CC4CCCCC4C3)CCC3C4CCC5CCCCC5C4CCC32)C1
C(CCCC1CCCC2C(C3CCCCC3)CCC12)CCC1CCCCC1
C1CCC2CCC(C3CCCC4CCCC43)CC2CC1
C1CCC(CCCCC2CC3CCCCC3C2)CC1
C1CCC(C2CCC3C(CCC34CCCC4)C3CCC4CCCCC4C23)CC1
C1CCC2C(C1)CCC1CCCCC12
C(CCC1CCCC2CCCCC12)CC1CCCC2CCCCC12
C1CCC(CCCCCC2CC3CCCCC3C2)CC1
C1CCC(CC2CC3CCCCC3C3CCC4CCCCC4C23)C1
C1CCC(CCCCCC2CC3CCCCC3C2)CC1
C1CCC(CC2CC3CCCCC3C3CCC4CCCCC4C3C2)CC1
C(CCCCC1CCC(C2CCCCC2)C1)CCCC1CCCCC1
C1CCC2CCC3C4CCC(CCCC5CC6CCCCC6C5)C4CCC3C2CC1
C1CC(C2CCC(C3CC4CCCC4C4CCC5CCCCC5C34)CC2)C1
C1CCC2CC(CC3CCC4CCCCC43)CCC2C1
C(CCC1CCCCC2CCCCC12)CC1CCC2CCCCC2C1
C1CCC(CCC2CCCC3C2CCC(C2CCCCC2)C2C4CCCCC4CCC32)CC1
C1CCC2C(C1)CCCC2CC1CC2CCCCC2C2CCC3CCCCC3C12
C1CCC(CCCCC2CCC3CCC(C4CCCC5CCCC54)CC3C2)CC1
C1CCC(CCCCCC2CC3CCCCC3C2)CC1
C1CCC(CCC2CCC(CCC3CCCC(CC4CCCC4)C3)CC2)CC1
C1CCC(C2CCC3CC4C(CCC45CCCCC5)CC32)CC1
C1CCC(CCCCC2CC3CCCCC3C2)CC1
C1CCC(C2CCC3CC4C(CCC5C6CCCC(CCCC7CC8CCCCC8C7)C6CCC45)CC32)CC1
C1CCC(CC2CCC3C(CC4CCCCC4)CCC3C2)CC1
C(CCC1CCCC2CCCC12)CC1CC2CCCCC2C1
C1CCC(C2CCC3CC4C(CCC32)CCC42CCCCC2)CC1
C1CCC(CC2CCC(CC3CC4CCCCC4C4CCC5CCCCC5C34)CC2)CC1
C1CCC2CC(C3CCCC4CCCC43)CCC2C1
C1CCC(CCCC(CCC2CCC3CCCC3C2)CC2CCCCC2)CC1
C1CCC(C2CCC3CC4C(CCC32)CCC42CCCCC2)CC1
C1CCC(CCC2CCC3C(CCC3C3CCCCC3)C2)CC1
C1CCC(CCC(CC2CCC(CC3CCCCC3)CC2)C2CCCCC2)CC1
C1CCC(C2CCC3CC4C(CCC5C6CCC(CCCCC7CCC8CCCCC8C7)C6CCC45)CC32)CC1
C(CCC1CCCC2CCCC12)CC1CC2CCCCC2C1
C1CCC(CC2CCC3C(CCC3C3CCCCC3)C2)CC1
C1CCC(CCCCCC2CC3CCCCC3C2)CC1
C1CCC(CCCC2CCC3C2CCC2C4CC5CCC(C6CCCCC6)C5CC4CCC32)CC1
C1CCC(CCCCC2CC3CCCCC3C2)CC1
C1CCC2C(C1)CC(C1CCCC1)C1CCCCC21
C(CCC1CCCCC2CCCCC12)CC1CCC2CCCCC2C1
C1CCC(CCC2CCC(CCC3CCCCC3)CC2)CC1
C1CCC2C(C1)CCC1CCCCC12
C1CCC(CCCCCC2CCCC3C(CC4CCCCC4)CCC23)CC1
C1CCC(CC2CCC3C(CCC3C3CCCCC3)C2)CC1
C1CCC(CC2CC3CCCCC3CC3CCC4CCCCC4C32)CC1
C1CCC(CCCCC2CC3CCCCC3C2)CC1
C1CCC2CC(CCCC3CCC4C3CCCC3C5CCCCC5CCC34)CCC2C1
C1CCC(C2CCC(CCCC3CCC4C3CCC3C5CCCCC5CCC43)C2)CC1
C1CCC(CCCC2CCC3C(CCC3C3CCCCC3)C2)CC1
C(CCCC1CCCCC1)CCCC1CCC(C2CCCCC2)C1
C1CCC(CCC2CCC3C(CCC3C3CCCCC3)C2)CC1
C1CCC(CCCCC2CC3CCCCC3C2)CC1
C(CCCC1CCCC2CCCCC12)CCC1CCC(C2CCCCC2)C1
C1CCC(CCCCC2CC3CCCCC3C2)CC1
C(CCCCC1CCC(C2CCCCC2)C1)CCCC1CCCCC1
C1CCC2CC(C3CCCC4CCCC43)CCC2C1
C1CCC(C2CC3CCCCC3C3CCCCC23)CC1
C1CCC(C2CCC3C(CCC3C3CCCCC3)C2)CC1
C1CCC(CCCCCC2CCC3CCCCC23)CC1
C1CCC(CCCCC2CCC3CCCCC23)CC1
C(CCC1CCCC2CCCC12)CC1CC2CCCCC2C1
C1CCC(C2CCC3CC4C(CCC5C6CCC(CCCCC7CCC8CCCCC8C7)C6CCC45)CC32)CC1
C1CCC(C2CCC3CCC(C4CCCC4)C3C2)C1
C1CCC(C2CC3CCCC3C3CCC4CCCCC4C23)CC1
C1CCC(CCCC2CCCC3CC4C(CCC4C4CCCCC4)CC23)CC1
C1CCC2CC(C3CCCC4CCCC43)CCC2C1
C1CCC(C2CCC(CCCCCC3CCCC4CCCCC34)C2)CC1
C1CCC(CCCCCC2CCCC3C(C4CCCCC4)CCC23)CC1
C1CCC2CC(CCCC3CCC4C3CCC3C5CCCCC5CCCC43)CC2C1
C1CCC2C(C1)CCC1C3CCCC3CCC21
C1CCC(CCCCC2CC3CCCCC3C2)CC1
C1CCC(CC2CCCCC2CC2CCC3CCCCC3C3CCC4CCCCC4C23)CC1
C1CCC(C2CCC3CC4C(CCC45CCCCC5)CC32)CC1
C1CCC(CC2CCCCC23CCC2C(CCC2C2CCCCC2)C3)CC1
C1CCC(C2CC3CCCCC3C3CCC4CCCCC4C23)CC1
C1CCC(CCCCCC2CCCC3C(C4CCCCC4)CCC23)CC1
C1CCC2CC3CCCCC3CCC2C1
C1CCC(CCCC2CCC3C(CCC3C3CCCCC3)C2)CC1
C1CCC(CCCCC2CCC3CCC(C4CCCC5CCCC54)CC3CC2)CC1
C1CCC2C(C1)CCC1C3CCCC3CCC21
C1CCC(CCCC2CCCC3CCC(C4CCCC5CCCC54)CC3C2)CC1
C1CCC(CCCCC2CCC3CCCCC23)CC1
C(CCCC1CCCC2C(C3CCCCC3)CCC12)CCC1CCCCC1
C1CCC(C2CC3CCCC3C3CCC4CCCCC4C23)CC1
C1CCC(C2CCC3CCC4C(CCC45CCCC5)CC32)CC1
C(CCC1CCCCC2CCCCC12)CC1CCC2CCCCC2C1
C1CCC(CC2CC3CCCCC3C3CCC4CCCCCC4C23)CC1
C1CCC(CCCCC2CCC3CCCCC23)CC1
C1CCC(C2CC3CCCCC3C3CCC4CCCCC4C23)CC1
C1CCC2C(C1)CCC1C3CCCC3CCC21
C1CCC2CC(C3CCCC4CCCC43)CCC2C1
C1CCC(C2CC3CCCC3C3CCC4CCCCC4C23)CC1
C1CCC(CCCCCC2CC3CCCCC3C2)CC1
C1CCC(CCC2CCC(C3CC3)CC2)CC1
C1CCC2CCC(C3CCCC4CCCC43)CC2CC1
C1CCC(CCCCC2CCCC3CCCC23)CC1
C1CCC(C2CCC3CCC4C(CCC45CCCC5)CC32)CC1
C1CCC(CCCCCC2CC3CCCCC3C2)CC1
C1CCC(CCCC2CCC3C2CCC2C4CCCCC4CCCC32)C1
C1CCC(CCCCCC2CCCC3C(C4CCCCC4)CCC23)CC1
C1CCC(C2CCC3CCC4C(CCC45CCCC5)CC32)CC1
C(CCC1CCCC2CCCC12)CC1CC2CCCCC2C1
C1CCC2C(C1)CCC1C3CCCC3CCC21
C1CCC2CCC3C4CCC(CCCC5CCC6CCCCC6C5)C4CCC3C2CC1
C1CCC(CC2CCC3CC4C(CCC5C6CCC(CCCC7CC8CCCCC8C7)C6CCC45)CC23)CC1
C1CCC(CCCC2CCC3CCC(C4CCCC5CCCC54)CC3C2)CC1
C1CCC(CCCCC2CC3CCCCC3C2)CC1
C1CCC(CCCCC2CC3CCCCC3C2)CC1
C1CCC(C2CCC3CCC4C(CCCC5CC5)CCCC4CC32)CC1
C(CCCC1CCCCC1)CCCC1CCC(C2CCCCC2)C1
C1CCC(CCC(CCC2CCCCC2)CCC2CCC3CCCC3C2)CC1
C1CCC(CCC2CCCC3CCC4C(CCC4C4CCCCC4)CC23)CC1
C1CCC(CCCCCC2CCCC3CCCC23)CC1
C1CCC(C2CCC3CC4CCCCC4CCC32)CC1
C1CCC(C2CCC3CCCC3C3CCC4CCCCC4C23)CC1
C(CCCC1CCCCC1)CCCC1CCC(C2CCCCC2)C1
C1CCC(CCCCC2CC3CCCCC3C2)CC1
C1CCC2C(C1)CCC1C3CCCC3CCC21
C1CCC2CCC3C(CCC4C3CCC4(CCCC3CC4CCCCC4C3)CCC3CCCC3)C2CC1
C1CCC2CC(C3CCCC4CCCC43)CCC2C1
C(CCCC1CCCC2C(C3CCCCC3)CCC12)CCC1CCCCC1
C(CCC1CCC2C(CCC3C4CCCC4CCC23)C1)CC1CCC(C2CC3CCCC3C3CCC4CCCCC4C23)CC1
C1CCC(CCC2CCCC3CC4C(CCC4C4CCCCC4)CC23)CC1
C1CCC(CCCCCC2CCCC3C(C4CCCCC4)CCC23)CC1
C1CCC(C2CCC3CC4C(CCC32)CCC42CCCC2)CC1
C1CC2CCC3C(CCC4CCCCC43)CC2C1
C1CCC(CCC2CCC3C(CCC3C3CCCCC3)C2)CC1
C1CCC(CCC2CCC3C(CCC3C3CCCCC3)C2)CC1
C1CCC(CCCCC2CC3CCCCC3C2)CC1
C1CCC2CC(C3CCCC4CCCC43)CCC2C1
C1CCC(C2CC3CCCC3C3CCC4CCCCC4C23)CC1
C1CCC2C(C1)CCC1CCCCC12
C1CCC(CCCCC2CCC3CCCCC23)CC1
C1CCC(C2CC3CCCCC3CC3CCCCC32)CC1
C1CCC(C2CCC3C(CCC4CCCCC43)C2)CC1
C1CCC(CC2CCC3CCCCC3C3CCC4CCCCC4C23)C1
C1CCC(CCC2(CCCCC3CC4CCCCC4C3)CCC3C4CCC5CCCCC5C4CCC32)C1
C1CCC2CCC(C3CCCC4CCCC43)CC2CC1
C1CCC(C2CC3C(CCC4CC4)CCC3C3CCC4CCCCCC4C23)CC1
C(CCCC1CCCC2C(C3CCCCC3)CCC12)CCC1CCCCC1
C1CCC(CCCCC2CC3CCCCC3C2)CC1
C1CCC(C2CC3CCCCC3CC3CCCCC32)CC1
C(CCC1CC2CCCCC2C1)CCC1CCCC2CCCC12
C(CCCC1CCCC2C(C3CCCCC3)CCC12)CCC1CCCCC1
C1CCC2CCC3C4CCCCC4CC(CC4CCCC4)C3C2CC1
C1CCC(CC2CCCCC2CC2CC3CCCCC3CC3CCC4CCCCC4C32)CC1
C1CCC(CCCCC2CCC3CCC(C4CCCC5CCCC54)CC3C2)CC1
C1CCC(CCCC2CCCC(C3CCC4CC(CCC5CCC6CCCCC6C5)CCC43)C2)CC1
C(CCC1CCC2C1CCC1C3CCCCC3CCC21)CC1CCCC2CCCCC12
C1CCC(C2CCC3CCC4C(CCCC45CCCC5)CC32)CC1
C1CCC(CC2CCC(CC(CC3CCCCC3)C3CCCCC3)CC2)CC1
C(CC1CCC(C2CCCC2)CC1)CC1CCC2CCCC2C1
C1CCC2C(C1)CCC1C3CCCC3CCC21
C1CCC2CC(CCCC3CCCC4C3CCC3C5CCCCC5CCC43)CCC2C1
C1CCC(C2CCC3C(CCC4CCCCC43)C2)C1
C1CCC(CCC2CCC3C(CCC3C3CCCCC3)C2)CC1
C1CCC2CC(CCCC3CCC4C3CCC3C5CCCCC5CCC43)CC2C1
C1CCC(CCC2CCC3C(CC4CCCCC4)CCC3C2)CC1
C1CCC(C2CCC3CC4C(CCC5C6CCCC(CCCC7CCC8CCCCC8C7)C6CCC45)CC32)CC1
C1CCC(C2CC3C(CCC4CC4)CCC3C3CCC4CCCCC4CC23)CC1
C1CCC(C2CCC3CC4C(CCC45CCCCC5)CC32)CC1
C1CCC(CCCCC2CC3CCCCC3C2)CC1
C1CCC(CCC2CCC3C2CCCC2C4CCCCC4CCC23)C1
C(CCCC1CCCCC1)CCC1CCCCC1
C1CCC2CC(CCCC3CCC4C3CCC3C5CCCCC5CCC43)CC2C1
C1CCC2CC3CCC(C4CCCCC4)C3CC2CC1
C1CCC(CCCCC(CC2CCC3C(CCC3C3CCCCC3)C2)C2CCCCC2)CC1
C1CCC2C(C1)CCC1CCCCC12
C1CCC2C(C1)CCC1C3CCCC3CCC21
C1CCC(CCCC2CCC(C3CCC4C(CCC4C4CCCCC4)C3)CC2)CC1
C1CCC(CCCCCC2CCCC3C(C4CCCCC4)CCC23)CC1
C1CCC(CC2CCCCC2CCC2CC3CCCCC3C3CCC4CCCCC4C23)CC1
C1CCC2CC(C3CCCC4CCCC43)CCC2C1
C1CCC(CC2CCC3C(CCC3C3CCCCC3)C2)CC1
C1CCC2C(C1)CCC1C3CCCC3CCC21
C1CCC(C2CC3CCCCC3C3CCCCC3C2)CC1
C(CCC1CC2CCCCC2C1)CCC1CCCC2CCCC12
C1CCC(C2CCC3CCCC3C3CCC4CCCCCC4C23)CC1
C1CCC(CCCCC2CC3CCCCC3C2)CC1
C1CCC2C(C1)CCC1C3CCCCC3CCC21
C1CCC(CCCCC2CCC3CCCCC23)CC1
C1CCC2CC(C1)CCC1C2CCC2C(CCCC3CC4CCCCC4C3)CCC21
C1CCC(CC2CCC3CCCCC3C3CCC4CCCCC4C23)CC1
C(CCC1CCC2CCCCC2C1)CCC1(C2CCCC2)CCCC2CCCCC21
C1CCC(CC2CC3CCCCC3C3CCC4CCCCC4C23)CC1
C1CCC(C2CCC3(CCC4CC5C(CCC5C5CCCCC5)CCC43)C2)CC1
C1CCC(C2CCC3C(CCC4CCCCC43)C2)CC1
C1CCC(C2CC3CCCC3C3CCC4CCCCC4C23)CC1
C1CCC(C2CC3CCCC(C3)C3CCC4CCCCC4C32)CC1
C1CCC2CC(CCCC3CCC4C3CCC3C5CCCCC5CCCC43)CC2C1
C1CCC(CCC2CCC(C3CC3)CC2)CC1
C1CCC(CCCCCC2CCC3CCCC3C2)CC1
C1CCC2C(C1)CCC1C3CCCCC3CCC21
C1CCC(CCCC2CCC3CCC(CC4CCCC5CCCC54)CC3C2)CC1
C1CCC(C2CCC3CC4C(CC5CCC6CCCCC65)CCCC4CC32)CC1
C(CCCC1CCCC2C(C3CCCCC3)CCC12)CCC1CCCCC1
C(CCCC1CCCC2C(C3CCCCC3)CCC12)CCC1CCCCC1
C1CCC(CCCCCC2CCC3CCCCC23)CC1
C1CCC(CCCCCC2CCC3CCCCC23)CC1
C(CCC1CCCC2CCCC12)CC1CC2CCCCC2C1
C1CCC(C2CCC3CC4C(CCCC45CCCC5)CC32)CC1
C1CCC2CCC(C3CCCC4CCCC43)CC2CC1
C1CCC2C(C1)CC(C1CCCC3CCCC31)C1CCCC21
C1CCC2C(C1)CCC1C3CCCC3CCC21
C1CCC(C2CCC3CC4C(CCC45CCCC5)CC32)CC1
C1CCC(CCCCCC2CCCC3C(C4CCCCC4)CCC23)CC1
C1CCC(CCCC2CCC3C2CCC2C4CC5CCC(C6CCCCCC6)C5CC4CCC32)CC1
C1CCC2CCC3C(CCC4C3CCC4(CCCC3CC4CCCCC4C3)CCC3CCCC3)C2CC1
C(CCC1CCCC2CCCCC12)CC1CC2CCCCC2C1
C(CCCC1CCCCC1)CCCC1CCC(C2CCCCC2)C1
C(CCC1CCC2C(CCC3C4CCCC4CCC23)C1)CC1CCC(C2CCC(C3CC4CCCCC4C4CCC5CCCCC5C34)CC2)CC1
C1CCC2CC(C3CCCC4CCCC43)CCC2C1
C1CCC(CCC2CCC3C(CCC3C3CCCCC3)C2)CC1
C1CCC(C2CCC3CCCC3C3CCC4CCCCC4C23)CC1
C1CCC2C(C1)CCCC1C2CCC2C3CCCC3CC21
C1CCC(CCC2CCC3C(CCC3C3CCCCC3)C2)CC1
C1CCC2CCC3C4CCCC4CCC3C2CC1
C1CCC2C(C1)CCCC1C3CCCC3CCC21
C(CCC1CCCC2CCCC12)CC1CC2CCCCC2C1
C1CCC(CC2CC3CCCCC3C3CCC4CCCCC4C23)CC1
C(CCC1CCCC2CCCC12)CC1CC2CCCCC2C1
C1CCC2CC(C3CCCC4CCCC43)CCC2C1
C1CCC2CCC(C3CCCC4CCCC43)CC2CC1
C1CCC(CCCCCC2CCCC3C(C4CCCCC4)CCC23)CC1
C1CCC2CCC(C3CCCC4CCCC43)CC2CC1
C(CCCC1CCCC2C(C3CCCCC3)CCC12)CCC1CCCCC1
C1CCC(CCC2CCC3C(CCC4C5CCCC5CC(CCC5CCCCC5)C34)C2)CC1
C1CCC(CCC2CCCC3C2CCC(C2CCCCC2)C2C4CCCCC4CCC32)CC1
C1CCC(CC2CCC3CC4C(CCC45CCCC5)CC23)CC1
C1CCC2CC(CCCC3CCC4C3CCCC3C5CCCCC5CCC34)CC2C1
C1CCC(CCC2CCC3C(CCC3C3CCCCC3)C2)CC1
C1CCC2CCC(C3CCCC4CCCC43)CC2CC1
C1CCC(CCC2CCC(C3CCC4C(CCC4C4CCCCC4)C3)CC2)CC1
C1CCC(CCCCC2CC3CCCCC3C2)CC1
C1CCC(C2CC3CCCCC3C3CCC4CCCCC4C23)CC1
C1CCC2CCC(C3CCCC4CCCC43)CC2CC1
C1CCC(CC2CC3CCCCC3C3CCC4CCCCC4C23)C1
C1CCC2CCC3C4CCCCC4CC(CC4CCCC5CCCCC54)C3C2CC1
C1CCC2C(C1)CCC1C3CCCCC3CCC21
C1CCC2C(C1)CCC1C3CCCC3CCC21
C1CCC2C(C1)CCC1C3CCCCC3CCC21
C(CCCC1CCCCC1)CCCC1CCC(C2CCCCC2)C1
C1CCC2CC(C3CCCC4CCCC43)CCC2C1
C1CCC(CCCCC2CC3CCCCC3C2)CC1
C1CCC(C2CCC3CCCC3C3CCC4CCCCC4C23)CC1
C1CCC(CCC2CCC3C(CCCC4CC(C5CCCCC5)CCC43)C2)CC1
C1CCC(CCC2CCCCC3CCC(C4CCCC5CCCC54)CC23)CC1
C(CCC1CCCC2CCCCC12)CCC1CCCC2CCCCC12
C1CCC(CCC2CCC3C(CCC3C3CCCCC3)C2)CC1
C1CCC(CCCCC2CCC3C2CCC2C4CC5CCC(C6CCCCC6)C5CC4CCC32)CC1
C1CCC(C2CCC3(CCC4CC5C(CCC5C5CCCCC5)CC43)C2)CC1
C1CCC2C(C1)CCCC1C2CCC2C3CCCC3CC21
C1CCC(CCC(CC2CCCCC2)C2CCCCC2)CC1
C1CCC(C2CC3CCCC3C3CCC4CCCCC4C23)CC1
C1CCC(CC2CCC3CC4(CCCCC4C4CCCCC4)CCC23)CC1
C1CCC(C2CCC(CC3CCC4CCCCC4C4CCC5CCCCC5C34)CC2)CC1
C(CCC1CCCC2CCCC12)CC1CC2CCCCC2C1
C1CCC(CCCCCC2CC3CCCCC3C2)CC1
C1CCC(CC2CC3CCCCC3C3CCC4CCCCC4C23)C1
C1CCC2C(C1)CCC1C3CCCC3CCC21
C1CCC(CCCCCC2CCCC3C(C4CCCCC4)CCC23)CC1
C(CCC1(C2CCCC2)CCCCC2CCCCC21)CC1CCC2CCCCC2C1
C1CCC2CC(C3CCCC4CCCC43)CCC2C1
C1CCC(CCCCCC2CCC3CCCCC23)CC1
C1CCC(CCCCC2CCC3CCCCC23)CC1
C1CCC(C2CC3CCCC3C3CCC4CCCCC4CC23)CC1
C1CCC(CCCC2CCC3CCC(C4CCCC5CCCC54)CC3C2)CC1
C1CCC2C(C1)CCC1C3CCCC3CCC21
C1CCC(CC2CC3CCCCC3C3CCC4CCCCCC4C23)CC1
C1CCC(CCC2CCC(CCC3CCCC(CC4CCCC4)C3)CC2)CC1
C1CCC(CC2CC3CCCCC3C3CCC4CCCCC4C23)C1
C1CCC(CCCC2CCCC3CCC(C4CCCC5CCCC54)CC3C2)CC1
C1CCC(C2CCC3CCCC3C3CCC4CCCCCC4C23)CC1
C1CCC(CCC2CCC3C(CCCC4C5CCCC5CCC34)C2)CC1
C(CCC1CCCC2CCCC12)CC1CC2CCCCC2C1
C(CCCC1CCCCC1)CCC1CCCCC1
C1CCC(CC2CC3CCCCC3C3CCC4CCCCCC4C23)CC1
C1CCC(CCC2CCC(C3CC3)CC2)CC1
C1CCC2C(C1)CCC1C3CCCC3CCC21
C1CCC(C2CC3CCCC3C3CCC4CCCCC4C23)CC1
C1CCC(CCCC2CCCC3CCC(C4CCCC5CCCC54)CC23)CC1
C1CCC(CCCCCC2CCCC3C(C4CCCCC4)CCC23)CC1
C1CCC(C2CCC3CC4C(CCC45CCCCC5)CC32)CC1
C1CCC(C2CC3C(CCC4CC4)CCC3C3CCC4CCCCC4C23)CC1
C1CCC2CC(CC3CCCC4CCCC43)CCC2C1
C1CCC(CCCC2CCC3CCC(C4CCCC5CCCC54)CC3CC2)CC1
C1CCC(CCCCC2CC3CCCCC3C2)CC1
C(CCC1CCCC2CCCCC2C1)CCC1CCC(C2CCCCC2)C1
C(CCCC1CCCC2C(C3CCCCC3)CCC12)CCC1CCCCC1
C(CCC1CCCC2CCCC12)CC1CC2CCCCC2C1
C1CCC(CC2CCC3C(CCC3C3CCCCC3)C2)CC1
C1CCC(CCC2CCC(C3CC3)CC2)CC1
C1CCC(CCCC2CCC3CCC(C4CCCC5CCCC54)CC3C2)CC1
C1CCC(C2CCC3CC4(CCCCCCC4C4CCCCC4)CCC32)CC1
C1CCC2CC(C3CCCC4CCCC43)CCC2C1
C(CCC1CC2CCCCC2C1)CCC1CCCC2CCCC12
C1CCC(CCC2CCC3C(CCC3C3CCCCC3)C2)CC1
C1CCC2C(C1)CCC1C2CCC2C3CCCC3CC21
C1CCC(C2CCC3CC4C(CCCC5CC5)CCCC4CC32)CC1
C1CCC(C2CCC3C(CCCCCC4CCC(CC5CCCC5)C4)CCCC23)CC1
C1CCC(C2CCC3CC4C(CCC45CCCCC5)CC32)CC1
C1CCC2C(C1)CCC1C3CCCC3CCCC21
C1CCC(C2CCC3CC4(CCCCCCC4C4CCCCC4)CCC32)CC1
C1CCC2CC(C3CCCC4CCCC43)CCC2C1
C1CCC(CCC2CCCCC2)CC1
C(CCC1CCCC2CCCCC12)CC1CCC2CCCCC2C1
C1CCC(C2CCC(C3CC4CCCC4CC4CCC5CCCCC5C43)CC2)C1
C1CCC2CCC3CCCCC3C2CC1
C1CCC(C2CCC3(CCC4CC5C(CCC5C5CCCCC5)CCC43)C2)CC1
C1CCC(CCC2CCC3C(CCCC4C5CCCC5CCC34)C2)CC1
C1CCC(C2CCC3CC4C(CCC5C6CCC(CCCC7CCC8CCCCC8C7)C6CCCC45)CC32)CC1
C1CCC2CCC(C3CCC4CCCCC43)CC2CC1
C1CCC(CCC2CCCC(C3CCC4CC(CCC5CCC6CCCCC6C5)CCC43)C2)C1
C1CCC(CCCCC2CC3CCCCC3C2)CC1
C1CCC2CCC3C4CCCC4CCC3C2CC1
C1CCC(CCC2CCCCC3CC4C(CCC4C4CCCCC4)CC23)CC1
C1CCC(CCCC(CC2CC3CCCCC3C2)C2CCCC2)CC1
C1CCC(CCC2CCC3C(CCC3C3CCCCC3)C2)CC1
C1CCC(CCC2CCC3C(CCC3C3CCCCC3)C2)CC1
C1CCCC(C2CCC3CC4C(CCC5C6CCC(CCCC7CC8CCCCC8C7)C6CCC45)CC32)CC1
C1CCC2CC(CCCC3CCCC4C3CCC3C5CCCCC5CCC43)CCC2C1
C1CCC2CCC3C4CCC(CCCC5CCCC6CCCCC65)C4CCC3C2CC1
C1CCC(CC2CCC(CC(CC3CCCCC3)C3CCCCC3)CC2)CC1
C1CCC2CCC(C3CCCC4CCCC43)CC2CC1
C(CCC1CCCC2CCCC12)CC1CC2CCCCC2C1
C1CCC(CC2CCC(C3CC4CCCC4C4CCC5CCCCC5CC34)CC2)CC1
C1CCC(C2CCC3CC4C(CCC5C6CCC(CCCCC7CC8CCCCC8C7)C6CCC45)CC32)CC1
C1CCC(CCC2CCC(CCC3CCCC(CC4CCCC4)C3)CC2)CC1
C(CCC1CCCC2CCCCC12)CC1CCC2CCCCC2C1
C1CCC(CCCCC2CCC3CCC(C4CCCC5CCCC54)CC3C2)CC1
C1CCC2C(C1)CCC1C3CCCC3CCC21
C1CCC2CC(C3CCCC4CCCC43)CCC2C1
C1CCC2CC(C3CCCC4CCCC43)CCC2C1
C(CCCC1CCCCC1)CCCC1CCC(C2CCCCC2)C1
C1CCC(C2CCC3CC4C(CCC5C6CCC(CCCC7CC8CCCCC8C7)C6CCC45)CC32)CC1
C1CCC(C2CCC3C(CCCCCC4CCC(CC5CCCC5)C4)CCCC23)CC1
C(CCC1CCC2C1CCC1C3CCCCC3CCC21)CC1CC2CCCCC2C1
C1CCC(CCC2CCC3C(CC4CCCCC4)CCC3C2)CC1
C1CCC(CCC2CCC3C(CCC3C3CCCCC3)C2)CC1
C(CCCC1CCCC2C(C3CCCCC3)CCC12)CCC1CCC(C2CCCC2)C1
C1CCC(CC2CC3CCCCC3C3CCC4CCCCCC4C23)CC1
C1CCC(CCC2CCC3C(CCC3C3CCCCC3)C2)CC1
C1CCC(CCCCC2CCC3CCCCC23)CC1
C1CCC(CCCCCC2CC3CCCCC3C2)CC1
C1CCC(CCC(CCC2CCC3CCCCC3C2)CC2CCCCC2)CC1
C1CCC2C(C1)CCCC1C3CCCC3CCC21
C1CCC2CC(CCCC3CCC4C3CCC3C5CCCCC5CCC43)CC2C1
C1CCC(CCCCCC2CC3CCCCC3C2)CC1
C1CCC(CCC2CCCCC2)CC1
C1CCC(C2CCC3CCCC3C3CCC4CCCCCC4C23)CC1
C1CCC(CCCC2CCC(CCC3CCCCC3)CC2)CC1
C1CCC(CCCCC2CC3CCCCC3C2)CC1
C1CCC(C2CCC3C(CCC4CCCCC43)C2)CC1
C1CCC(C2CCC3CC4C(CCCC5CCC5)CCCC4CC32)CC1
C1CCC(CCCCC2CC3CCCCC3C2)CC1
C1CCC(C2CCC3CCC4C(CCC45CCCCC5)CC32)CC1
C1CCC(CCCCC2CCC3CCCCC23)CC1
C1CCC(CCCCC2CC3CCCCC3C2)CC1
C1CCC(CCCCC2CC3CCCCC3C2)CC1
C1CCC2C(C1)CCC1C3CCCC3CCC21
C1CCC2C(C1)CCCC2CCCC1CCCC2CCCCC21
C1CCC(CC2CCC(CCCCCC3CCCC4CCCCC34)C2)CC1
C1CCC(C2CC3CCCC3C3CCC4CCCCC4CC23)CC1
C1CCC2C(C1)CCC1C3CCCC3CCC21
C1CCC(C2CCC3CC4CCCCC4CC32)CC1
C1CCCC(C2CCC3CC4C(CCC5C6CCCC6CCC45)CC32)CC1
C(CCCC1CCCC2CCCCC12)CCC1CCC(C2CCCCC2)C1
C1CCC(CCCCCC2CC3CCCCC3C2)CC1
C1CCC(CCCCC2CC3CCCCC3C2)CC1
C1CCC2CCC(C3CCCC4CCCC43)CC2CC1
C1CCC2C(C1)CCC1C3CCCC3CCC21
C1CCC2CCC(C3CCCC4CCCC43)CC2CC1
C1CCC(CC2CCC3C(CC4CCCCC4)CCC3C2)CC1
C1CCC(C2CCC3CC4C(CCC5C6CCCC6CCC45)CC32)CC1
C1CCC(CC2CCC3CCCCC3C3CCC4CCCCC4C23)CC1
C1CCC(CCC2CCC3C(CCC3C3CCCCC3)C2)CC1
C1CCC2C(C1)CCCC2CC1CC2CCCCC2C2CCC3CCCCC3C12
C1CCC(CCCCCC2CC3CCCCC3C2)CC1
C1CCC(C2CC3CCCC3C3CCC4CCCCC4C23)CC1
C1CCC(CC2CCC3C(CC4CCCCC4)CCC3C2)CC1
C1CCC2CC(C3CCCC4CCCC43)CCC2C1
C1CCC(CCC2CCCC3CC4C(CCC4C4CCCCC4)CC23)CC1
C1CCC(CC2CC3CCCCC3C3CCC4CCCCC4C23)C1
C1CCC(C2CCC3CC4C(CCCC45CCCCC5)CC32)CC1
C1CCC(CCCC2CCCC(C3CCC4CC(CCC5CCC6CCCCCC6C5)CCC43)C2)CC1
C1CCC(C2CCC3CC(C4CCC(CCC5CCCC5)CC4)CCC32)CC1
C1CCC(CCCCC2CC3CCCCC3C2)CC1
C(CCCC1CCCC2C(C3CCCCC3)CCC12)CCC1CCC(C2CCCC2)C1
C1CCC(C2CCC3CC4C(CCC5C6CCC(CCCC7CCC8CCCCC8C7)C6CCCC45)CC32)CC1
C1CCC2CCC(C3CCCC4CCCC43)CC2CC1
C1CCC(CCCCCC2CCC3CCCCC23)CC1
C(CCC1CCCC2CCCC12)CC1CC2CCCCC2C1
C1CCC(C2CCC3CC4C(CCCC45CCCC5)CC32)CC1
C1CCC(CCCC(CCC2CCC3CCCC3C2)CC2CCCCC2)CC1
C1CCC(CC2CC3CCCCC3C3CCC4CCCCC4C23)C1
C(CCC1CCCC1)CCC1CCCC2CCCCC12
C(CCC1CCCC2CCCCC12)CCC1CCCC2CCCCC12
C1CCC(C2CC3CCCCC3C3CCCCC23)CC1
C1CCC(CCCC2(CCCC3CC4CCCCC4C3)CCC3C4CCC5CCCCC5C4CCC32)C1
C1CCC(CCCC23CCCC2CC2C4CCC5CCCCC5C4CCC23)C1
C1CCC(CCCCC2CCC3CCCCC23)CC1
C1CCC(C2CCC3CC4C(CCC5C6CCCC(CCCC7CC8CCCCC8C7)C6CCC45)CC32)CC1
C1CCC2CCC3C4CCCC4CCC3C2CC1
C1CCC(CCCCCC2CCCC3C(C4CCCCC4)CCC23)CC1
C1CCC(C2CC3CCCCC3C3CCCCC23)CC1
C1CCC(CCCCC2CCC3CCCCC23)CC1
C1CCC(CC2CCC3C(CCCCCC4CC4)CCCC23)CC1
C1CCC2CC(C3CCCC3)CCC2C1
C1CCC2C(C1)CCC1C3CCCC3CCC21
C1CCC(C2CC3CCCCC3C3CCCCC23)CC1
C1CCC(CCC2CCC3C(CCC4CCCCC43)C2)CC1
C1CCC(C2CCC(CCCCCC3(C4CCCCC4)CCC3)C2)CC1
C1CCC(CCCCC2CC3CCCCC3C2)CC1
C1CCC(CCC2CCC3C(CCC3C3CCCC(CCC4CCCC4)C3)C2)CC1
C(CCCC1CCCC2C(C3CCCCC3)CCC12)CCC1CCCCC1
C1CCC(CCCCC2CCC3C2CCC2C4CCCCC4CCC32)CC1
C1CCC2CCC(C3CCCC4CCCC43)CC2CC1
C(CCCC1CCCCC1)CCCC1CCC(C2CCCCC2)C1
C1CCC(C2CC3CCCCC3C3CCC(CCC4CCCC4)CC23)CC1
C1CCC(C2CC3CCCC3C3CCC4CCCCC4C23)CC1
C1CCC(CCC2CCC3C(CCCC4CCCCC43)C2)CC1
C1CCC(CCCC2CCC3CCC(CC4CCCC5CCCC54)CC3C2)CC1
C1CCC2CCC(C3CCCC4CCCC43)CC2CC1
C1CCC(C2CCC3C(CCCCCC4CCC(C5CCCC5)C4)CCCC23)CC1
C(CCCC1CCCC2C(C3CCCCC3)CCC12)CCC1CCCCC1
C1CCC(CCC2CCCC3CC4C(CCC4C4CCCCC4)CC23)CC1
C1CCC(CCCC2CCC3CC4CCC5CCCCC5C4CCC23)C1
C1CCC(CCCCC2CCC3CCCCC23)CC1
C1CCC(CCCCCC2CC3CCCCC3C2)CC1
C(CCC1CCCC2CCCC12)CC1CC2CCCCC2C1
C1CCC(CCC2CCC3C(CCC3C3CCCC(CCC4CCCC4)C3)C2)CC1
C1CCC(CC2CCC(CC(CC3CCCCC3)C3CCCCC3)CC2)CC1
C1CCC(CCC2CCC(CCC3CCCCC3)CC2)CC1
C1CCC(CCCCCC2CCC3CCCCC23)CC1
C1CCC(CCCCCC2CCC3CCCC3C2)CC1
C1CCC(CC2CCC(CC(CC3CCCCC3)C3CCCCC3)CC2)CC1
C1CCC(CCCCC2CCC3C2CCC2C4CC5CCC(C6CCCCC6)C5CC4CCC32)CC1
C1CCC(CCCCC2CCC3CCCCC23)CC1
C1CCC2CC(CCCC3CCC4C3CCC3C5CCCCC5CCC43)CC2C1
C1CCC(CCC2CCC3C(CCC3C3CCCCC3)C2)CC1
C1CCC2C(C1)CCCC2CCCC1CCCC2CCCCC21
C1CCC(C2CC3CCCC3C3CCC4CCCCC4C23)CC1
C(CCCC1CCCC2C(C3CCCCC3)CCC12)CCC1CCCCC1
C1CCC(C2CCC(CCCCCC3CCCC4C(C5CCCCC5)CCC34)C2)CC1
C1CCC2CC(CC3CCCC4CCCC43)CCC2C1
C1CCC(CC2CC3CCCCC3C3CCC4CCCCC4C23)CC1
C1CCC2C(C1)CCC1CC3CC4CCCC4C3CCC12
C(CCCCC1CCC(C2CCCCC2)C1)CCCC1CCCCC1
C1CCC(C2CCC3CC4C(CCCC4CC4CCC5CCCCC54)CCC32)CC1
C1CCC(CC2CCC(CC(CC3CCCCC3)C3CCCCC3)CC2)CC1
C1CCC(C2CCC3CC4C(CCC5C6CCC(CCCCC7CC8CCCCC8C7)C6CCC45)CC32)CC1
C1CCC(C2CCC3(CCCC4CC5C(CCC5C5CCCCC5)CC43)C2)CC1
C1CCC2CCC(C3CCCC4CCCC43)CC2CC1
C1CCC(CCCCC2CC3CCCCC3C2)CC1
C1CCCC(CC2CCCC2CC2CC3CCCCC3C3CCC4CCCCC4C23)CC1
C1CCC2C(C1)CCC1C3CCCC3CCC21
C1CCC2C(C1)CCC1C3CCCC3CCCC21
C1CCC(CCCC2CCCC3CCC(C4CCCC5CCCC54)CC3C2)CC1
C(CCC1CCCC2CCCC12)CC1CC2CCCCC2C1
C1CCC(CCCCCC2CCCC3C2CCC3C2CCCC(CC3CCCC3)C2)CC1
C1CCC(CCC2CCC3C(CCC3C3CCCCC3)C2)CC1
C1CCC(C2CC3CCCCC3CC3CCCCC32)CC1
C1CCC(C2CCC3CCC4C(CCC45CCCCC5)CC32)CC1
C(CCCC1CCC2CCCC2C1)CCCC1CCC(C2CCCCC2)C1
C1CCC(CCC(CC2CC3CCCCC3C2)C2CC2)CC1
C1CCC(C2CCC3CC4C(CCC5C6CCC(CCCCC7CC8CCCCC8C7)C6CCC45)CC32)CC1
C1CCC(CCC2CCC(CCC3CCCC(CC4CCCC4)C3)CC2)CC1
C1CCC(CCC(CCC2CCCCC2)CCC2CCC3CCCC3C2)CC1
C1CCC(CC2CCC3CC4C(CC5CCC6CCCCC65)CCCC4CC23)CC1
C1CCC2CCC3C4CCCC4CCC3C2CC1
C1CCC(C2CC3CCCCC3C3CCC4CCCCC4C23)CC1
C1CCC(C2CCC3CC4C(CCC5C6CCC(CCCC7CC8CCCCC8C7)C6CCC45)CC32)CC1
C1CCC2CCCCC2C(CCCCC2CCCC3CCCCC23)C1
C1CCC2C(C1)CCCC1C3CCCC3CCC21
C1CCC(C2CCC3CC4C(CCC45CCCC5)CC32)CC1
C1CCC(CCC2CCC(CCC3CCCCC3)CC2)CC1
C1CCC(CCCCC2(CCC3CCCC3)CCC3C4CCC5CCCCC5C4CCC32)CC1
C1CCC2C(C1)CCC1C3CCCC3CCC21
C1CCC(CCCCCC2CC3CCCCC3C2)CC1
C1CCC2C(C1)CCC1C3CCCC3CCC21
C1CCC(C2CC3CCCC3C3CCC4CCCCC4C23)CC1
C1CCC2CC(C3CCCC4CCCC43)CCC2C1
C(CCCC1CCCCC1)CCCC1CCC(CC2CCCCC2)C1
C1CCC2CC(CC3CCCC4CCCC43)CCC2C1
C1CCC2CCC3C4CCCCC4CC(CC4CCCC4)C3C2CC1
C1CCC(CCCCC2CC3CCCCC3C2)CC1
C1CCC2C(C1)CCC1CCCCC12
C1CCC(C2CC3CCCC3C3CCC4CCCCC4C23)CC1
C1CCC(C2CC3CCCC3CC3CCC4CCCCC4C32)CC1
C1CCC(C2CCC3CC4C5CCC6C(CCCC7CCC8CCCCC8C7)CCC6C(CCC4CC32)C5)CC1
C1CCC(C2CC3CCCC3C3CCC4CCCCC4C23)CC1
C1CCC(CCCCC2CC3CCCCC3C2)CC1
C1CCC(C2CC3CCCC3C3CCC4CCCCC4C23)CC1
C1CCC(CC2CCCC2CC2CC3CCCCC3C3CCC4CCCCCC4C23)CC1
C1CCC(C2CC3CCCC3C3CCC4CCCCC4C23)CC1
C(CCC1CCC2C1CCC1C3CCCCC3CCC21)CC1CC2CCCCC2C1
C1CCC(CCCCCC2CCC3C(CCC3C3CCCCC3)C2)CC1
C1CCC(CC2CC3CCCCC3CC3CCC4CCCCC4C32)CC1
C1CCC(CCCCCC2CC3CCCCC3C2)CC1
C1CCC(CCCCC2CCC3CCCCC23)CC1
C(CCC1CC2CCCCC2C1)CCC1CCCC2CCCC12
C1CCC(CCC(CCC2CCC3CCCC3C2)CC2CCCCC2)CC1
C1CCC(C2CCCCC2CC2CC3CCCCC3C3CCC4CCCCC4C23)CC1
C(CCCCC1CCC(C2CCCCC2)C1)CCCC1CCCCC1
C1CCC(C2CCC3CCCCC3C3CCC4CCCCC4C23)CC1
C1CCC(CCC2CCC(CCC3CCCC(CC4CCCC4)C3)CC2)CC1
C(CCC1CC2CCCCC2C1)CCC1CCCC2CCCC12
C1CCC(C2CC3CCCC3C3CCC4CCCCC4CC23)CC1
C1CCC2CCC3C4CCCCC4CC(CC4CCCC4)C3C2CC1
C1CCC2CC(CCCC3CCC4CC5CCC6CCCCC6C5CCC34)CCC2C1
C1CCC(CC2CC3CCCCC3C3CCC4CCCCCC4C23)CC1
C1CCC2C(C1)CCC1C3CCCC3CCCC21
C(CCC1CCCC2CCCCC12)CC1CC2CCCCC2C1
C1CCC(CCC2CCCC3CC4C(CCC4C4CCCCC4)CC23)CC1
C1CCC(CCCC(CC2CC3CCCCC3C2)C2CC2)CC1
C1CCC(CC23CCCCC2CCCC2C4CCCC4CCC23)CC1
C1CCC2CCC(C3CCCC3)CC2CC1
C(CCCC1CCCC2C(C3CCCCC3)CCC12)CCC1CCCCC1
C1CCC(C2CCC3CC4C(CCC32)CCC2C3CCCC3CCC42)CC1
C1CCC(CCCCC2C3CCCCCC3CCC2C2CCCC3CCCC32)CC1
C1CCC2CCC3C4CCCC4CC(C4CCC(C5CCCC5)CC4)C3C2CC1
C1CCC(C2CCC3CC4C(CCC45CCCCC5)CC32)CC1
C1CCC(CCCCC2CC3CCCCC3C2)CC1
C1CCC(C2CCC(CCCCCC3CCCCC4CCCCC34)C2)CC1
C1CCC(C2CC3CCCC3C3CCC4CCCCC4C23)CC1
C1CCC(C2CCC(CCCCCC3CCCC4CCCCC34)C2)CC1
C1CCC2CCC(C3CCCC4CCCC43)CC2CC1
C1CCC2C(C1)CCC1C3CCCC3CCC21
C(CCC1CCC2CCCCC2C1)CCC1CCCC2CCCCC12
C1CCC(CC2CCC(C3CC4CCCC4C4CCC5CCCCC5CC34)CC2)CC1
C1CCC(C2CCC3CCC4C(CCC5C6CCC(CCCC7CC8CCCCC8C7)C6CCC45)CC32)CC1
C1CCC2C(C1)CCC1C3CCCC3CCC21
C1CCC2C(C1)CCCC2CCCC1CCCC2CCCCC21
C(CCC1(C2CCCC2)CCCCC2CCCCC21)CC1CCC2CCCCC2C1
C1CCC(CC2CC3CCCCC3C3CCC4CCCCCC4C23)CC1
C1CCC2CCC3C4CCC(CCCC5CC6CCCCC6C5)C4CCC3C2CC1
C1CCC(CCCCCC2CCCC3C(C4CCCCC4)CCC23)CC1
C1CCC(CCCC2CCCC(C3CCC4CC(CCC5CCC6CCCCCC6C5)CCC43)C2)CC1
C(CCC1CCCC2CCCCC12)CC1CCC2CCCCC2C1
C1CCC(CCCC2CCCC(C3CCC4CC(CCC5CCC6CCCCCC6C5)CCC43)C2)CC1
C1CCC2CCC(C3CCCC4CCCC43)CC2CC1
C1CCC2CCC3C(CCC4C3CCC4(CCCC3CC4CCCCC4C3)CCC3CCCC3)C2CC1
C1CCC(CCCCC2CCC3CCCCC23)CC1
C1CCC2C(C1)CCC1C3CCCCC3CCC21
C1CCC2CCC3C4CCCC4CCC3C2CC1
C1CCC(CCC2(CCCC3CCC4CCCCC4C3)CCCC3C4CCC5CCCCC5C4CCC32)C1
C1CCC(CC2CC3CCCCC3CC3CCC4CCCCC4C32)C1
C1CCC(C2CCC3CC4C(CCC45CCCCC5)CC32)CC1
C1CCC(CC2CCC(CC(CC3CCCCC3)C3CCCCC3)CC2)CC1
C1CCC(C2CCCC3C(CCC4CCCCC43)C2)CC1
C1CCC(CCCC2CCC3CCC(C4CCCC5CCCC54)CC3C2)CC1
C1CCC(C2CCC3CCC4C(CCCC45CCCCC5)CC32)CC1
C1CCC(CCC(CCC2CCC3CCCCC3C2)CC2CCCCC2)CC1
C1CCC(CC2CC3CCCCC3C3CCC4CCCCC4C23)CC1
C(CCC1CCCC2CCCCC12)CC1CC2CCCCC2C1
C1CCC(CC2CC3CCCCC3C3CCC4CCCCCC4C23)CC1
C(CCC1CCCC2CCCCC12)CC1CCCC2CCCCC12
C1CCC2CC(CC3CCCC4CCCC43)CCC2C1
C1CCC(CCCCC2CC3CCCCC3C2)CC1
C1CCC2CCC3C4CCCCC4CCC3C2CC1
C1CCC2CC(C3CCCC4CCCC43)CCC2C1
C(CCCC1CCC2CCCC2C1)CCCC1CCC(C2CCCCC2)C1
C1CCC2CCC3C(CCC4C5CCCC5CC43)C2CC1
C1CCC(CC2CCCC(CCC3CCC(CCC4CCC(CC5CC5)CC4)CC3)C2)C1
C1CCC(CCCCC2CC3CCCCC3C2)CC1
C1CCC2C(C1)CCC1CCCCC12
C1CCC(CC2CC3CCCCC3CC3CCC4CCCCC4C32)C1
C1CCC(C2CCC3CC4C(CCC45CCCC5)CC32)CC1
C1CCC(CCC2CCC3C(CCC4CCCCC43)C2)CC1
C1CCC(CC2CCC3C(CCC3C3CCCCC3)C2)CC1
C1CCC(CC2CCCC2CC2CC3CCCCC3C3CCC4CCCCCC4C23)CC1
C1CCC(CCCCC2CC3CCCCC3C2)CC1
C1CCC2C(C1)CCC1C3CCCC3CCC21
C1CCC(CCCCCC2CC3CCCCC3C2)CC1
C1CCC(CCCC2CCC3CCCC3C2)CC1
C(CCC1CCC2CCCC2C1)CC1CCC(C2CCCC2)CC1
C1CCC2CCC(C3CCCC4CCCC43)CC2CC1
C1CCC(CCCCCC2CC3CCCCC3C2)CC1
C1CCC(C2CCC3CC4C(CCC5C6CCCC(CCCC7CC8CCCCC8C7)C6CCC45)CC32)CC1
C(CCCC1CCCC2C(C3CCCCC3)CCC12)CCC1CCC(C2CCCC2)C1
C1CCC(CCCCCC2CCCC3C(C4CCCCC4)CCC23)CC1
C1CCC2CC(CCCC3CCC4C3CCC3C5CCCCC5CCC43)CC2C1
C1CCC(CC2CCC3CCC(C4CCCC4)C3C2)C1
C1CCC(CCCC2(CCC3CCCC3)CCC3C4CCC5CCCCC5CC4CCC32)CC1
C1CCC(CCC2CCCCC2)CC1
C1CCC(C2CCC3CC4C(CCC5C6CCC(CCCCC7CC8CCCCC8C7)C6CCC45)CC32)CC1
C1CCC(CCCC2CCC3C2CCC2C4CC5CCC(C6CCCCCC6)C5CC4CCC32)CC1
C1CCC(C2CC3CCCCC3C3CCCCC23)CC1
C1CCC(CCCCC2CC3CCCCC3C2)CC1
C1CCC(CC2CC3CCCCC3C3CCC4CCCCC4C23)CC1
C1CC(C2CCC(C3CC4CCCCC4C4CCC5CCCCC5C34)CC2)C1
C1CCC2CC(C3CCCC4CCCC43)CCC2C1
C1CCC(CCCCC2CC3CCCCC3C2)CC1
C1CCC(CCC2CCC(C3CCC4C(CCC4C4CCCCC4)C3)CC2)CC1
C1CCC(CC2CC3CCCCC3C3CCC(CCC4CCCC4)CC23)CC1
C1CCC(CCC2CCC3C2CCC(C2CCCCC2)C2C4CCCCC4CCC32)CC1
C1CCC2CCC(C3CCC4CCCCC43)CC2CC1
C1CCC(C2CCC3CCCC3C3CCC4CCCCC4C23)CC1
C1CCC(C2CC3CCCCC3C3CCC4CCCCC4C23)CC1
C1CCC(C2CC3CCCC3C3CCCC4CCCCC4C23)CC1
C1CCC2CC(C3CCCC4CCCC43)CCC2C1
C1CCC(CCC2CCC3C(CCC4CC(C5CCCCC5)CCC43)C2)CC1
C1CCC(CCCC2CCC3CCC(C4CCCC5CCCC54)CC3C2)CC1
C1CCC2C(C1)CCC1C2CCC2C3CCCC3CC21
C(CCC1CCC2CCCCC2C1)CCC1CCCC2CCCCC12
C1CCC(CCC2CCC3C(CCCC4C5CCCC5CCC34)C2)CC1
C1CCC(C2CCC3C(CCCC4CCCCC43)C2)CC1
C1CCC2C(C1)CCC1C3CCCC3CCC21
C1CCC(CCCCCC2CC3CCCCC3C2)CC1
C1CCC(CCC2CCC(C3CC3)CC2)CC1
C1CCC(CC2CC3CCCCC3C3CCC4CCCCC4C23)CC1
C1CCC2CCC(C3CCCC4CCCC43)CC2CC1
C(CCCC1CCCCC1)CCCC1CCC(C2CCCCC2)C1
C(CCC1CCCC2CCCCC12)CCC1CCCC2CCCCC12
C1CCC(C2CC3CCCC3C3CCC4CCCCCC4C23)CC1
C1CCC(CCC2CCC(CCC3CCCC(CCC4CCCC4)C3)CC2)CC1
C(CCCCC1CCC(C2CCCCC2)C1)CCCC1CCCCC1
C1CCC2CCC(C3CCCC3)CC2CC1
C(CCC1CCCC2CCCC12)CC1CC2CCCCC2C1
C1CCC(CCCCCC2CCC3CCCCC23)CC1
C1CCC(CCCCC2CCC3CCCCC23)CC1
C1CCC(C2CCC(C3CC4CCCC4C4CCC5CCCCC5C34)CC2)C1
C1CCC(C2CCC3CC4C(CCCC45CCCCC5)CC32)CC1
C1CCC2C(C1)CCC1C3CCCC3CCC21
C1CCC2CCC3C4CCCC4CCC3C2CC1
C1CCC(CCCCC2CC3CCCCC3C2)CC1
C1CCC2CCC(C3CCCC4CCCC43)CC2CC1
C1CCC2CC(CC3CCCC4CCCC43)CCC2C1
C(CCCC1CCCCC1)CCCC1CCC(C2CCCCC2)C1
C1CCC(CCC2CCCC3CC4C(CC5CCCCC5)CCC4CC23)CC1
C1CCC(CCCCC2CC3CCCCC3C2)CC1
C1CCC(CC2CC3CCCC3C3CCC4CCCCC4C23)CC1
C1CCC(CCCCCC2CCCC3CCCC23)CC1
C(CCC1CCCC2CCCCC12)CC1CCCC2CCCCC12
C1CCC(C2CC3C(CCC34CCCCC4)C3CCC4CCCCC4C23)CC1
C1CCC(CCCC2CCCC3CCC(C4CCCC5CCCC54)CC3C2)CC1
C1CCC(CCCCCC2CC3CCCCC3C2)CC1
C1CCC2CCC(C3CCCC4CCCC43)CC2CC1
C1CCC(C2CCC3(CC2)CCC2CC4C(CCC4C4CCCCC4)CC23)CC1
C1CCC(CCC2CCC3C(CCC4C5CCCC5CCC34)C2)CC1
C1CCC(CCCCC2CCC3CCC(C4CCCC5CCCC54)CC3C2)CC1
C1CCC(C2CCC3CC4C(CCCC4CC4CC5CCCCC5C4)CCC32)CC1
C1CCC(C2CC3CCCC3C3CCC4CCCCCC4C23)CC1
C1CCC(CCC2CCC(CCC3CCCC(CC4CCCC4)C3)CC2)CC1
C1CCC(CCCCC2CC3CCCCC3C2)CC1
C1CCC(CCCCCC2CCCC3CCC(C4CCCCC4)CC23)CC1
C1CCC2CCC(C3CCCC4CCCC43)CC2CC1
C1CCC(CCC2CCC(CCCC3CCCC(CC4CCCC4)C3)CC2)CC1
C1CCC(CCC2CCC3C(CCC3C3CCCCC3)C2)CC1
C1CCC(CCC(CCC2CCC3CCCC3C2)CC2CCCCC2)CC1
C1CCC2C(C1)CC(C1CCCC1)C1CCCCC21
C1CCC(C2CCC3CCCC3C3CCC4CCCCC4C23)CC1
C1CCC(CCCCC2CCC3CCCCC23)CC1
C1CCC(C2CC3CCCC3C3CCC4CCCCC4C23)CC1
C1CCC(CCCC2CCC(C3CC3)CC2)CC1
C1CCC(CCCC2(CCCC3CCC4CCCCC4C3)CCC3C4CCC5CCCCC5C4CCC32)C1
C1CCC2C(C1)CCCC1C3CCCC3CCC21
C(CCCC1CCCC2C(C3CCCCC3)CCC12)CCC1CCC(C2CCCC2)C1
C1CCC(C2CC3CCCC3C3CCC4CCCCCC4C23)CC1
C1CCC(CCCCC2CCC3CCCCC23)CC1
C1CCC2CC(C3CCCC4CCCC43)CCC2C1
C1CCC(CC2CCC3CC4C(CCC5C6CCC(CCCC7CC8CCCCC8C7)C6CCC45)CC23)CC1
C1CCC(CCCCCC2CC3CCCCC3C2)CC1
C1CCC2C(C1)CCC1C3CCCC3CCCC21
C1CCC2CC(C3CCCC4CCCC43)CCC2C1
C1CCC2CC(CCCC3CCC4C3CCC3C5CCCCC5CCC43)CCC2C1
C1CCC2CC(CCCC3CCC4C3CCC3C5CCCCC5CCC43)CC2C1
C1CCC(C2CCC3CC4C(CCCC45CCCC5)CC32)CC1
C1CCC(CCCC(CCC2CCC3CCCC3C2)CC2CCCCC2)CC1
C1CCC(CCCCCC2CC3CCCCC3C2)CC1
C1CCC(CCCCC2CCC3CCCCC23)CC1
C1CCC(CCC2CCC(C3CCC4C(CCC4C4CCCCC4)C3)CC2)CC1
C1CCC(CCCCCC2CCC3CCCC3C2)CC1
C1CCC(CCC2CCC(CC(CC3CCCCC3)C3CCCCC3)CC2)CC1
C1CCC2C(C1)CCC1C3CCCC3CCC21
C1CCC(C2CCC3C(CCCC4CCCCC43)C2)CC1
C(CCCC1CCCCC1)CCCC1CCC(C2CCCCC2)C1
C1CCC(C2CC3CCCC3C3CCCC4CCCCC4C23)CC1
C1CCC2CCC(C3CCCC4CCCC43)CC2CC1
C1CCC(CCCCCC2CCCC3C(C4CCCCC4)CCC23)CC1
C1CCC(C2CC3CCCC3C3CCC4CCCCC4C23)CC1
C(CCC1CCC2C1CCC1C3CCCCC3CCC21)CC1CC2CCCCC2C1
C1CCC(CCCCCC2CCC3CCCCC23)CC1
C(CCC1CCC2CCCCC2C1)CCC1CCCC2CCCCC12
C1CCC2CCC(C3CCCC4CCCC43)CC2CC1
C1CCC(CCC2(CCCC3CCC4CCCCC4C3)CCC3C4CCC5CCCCC5C4CCCC32)C1
C1CCC(CCCCCC2CCC3CCCCC3C2)CC1
C1CCC(CCCC2CCCC3CCC(C4CCCC5CCCC54)CC3C2)CC1
C1CCC(C2CCC3CC4C(CCC5C6CCC(CCCC7CC8CCCCC8C7)C6CCCC45)CC32)CC1
C1CCC(CC2CCC3C(CCC3C3CCCCC3)C2)CC1
C1CCC2C(C1)CCCC1C3CCCC3CCC21
C(CCC1CCCC2CCCCC12)CC1CC2CCCCC2C1
C1CCC(CCCC2CCC3CCCC3C2)CC1
C(CCC1CCC2CCCCC2C1)CCC1(C2CCCC2)CCCC2CCCCC21
C1CCC2CCCCC2C(CCCCC2CCCC3CCCCC23)C1
C1CCC(C2CC3CCCCC3C3CCCCC3C2)CC1
C1CCC(CCC2CCC3C(CCC3C3CCCCC3)C2)CC1
C1CCC(CC2CC3CCCCC3C3CCC4CCCCCC4C23)CC1
C1CCC(C2CCC3C(CCCCCC4CCC(C5CCCC5)C4)CCCC23)CC1
C(CCC1CCCC2CCCCC12)CC1CC2CCCCC2C1
C1CCC(C2CCCC3C(CCC4CCCCC43)C2)CC1
C1CCC(CCCCC2CC3CCCCC3C2)CC1
C1CCC(CCC2CCC3C(CCC4CC5CCCC5CC(CCC5CCCCC5)C43)C2)CC1
C1CCC(CC2CCC3CCCCC3C3CCC4CCCCC4C23)CC1
C1CCC2C(C1)CCC1C3CCCC3CCC21
C1CCC(CCCCCC2CC3CCCCC3C2)CC1
C1CCC(CCC2CCC(CCC3CCCC(CCC4CCCC4)C3)CC2)CC1
C1CCC(C2CCC3CC4C(CCCC5C6CCC(CCCC7CC8CCCCC8C7)C6CCC45)CC32)CC1
C1CCC(C2CCC3C(CCCCCC4CC4)CCCC23)CC1
C1CCC(CCCC2CC3CCCCC3C2C2CCCCC2)CC1
C1CCC(CCCC23CCCC2CC2C4CCC5CCCCC5C4CCCC23)C1
C1CCC(CC2CC3CCCC3C3CCC4CCCCC4C23)CC1
C1CCC(C2CCC3C(CCCC4CCCCC43)C2)C1
C1CCC(C2CC3CCCC3C3CCC4CCCCCC4C23)CC1
C1CCC(CCCCCC2CCC3CCCCC23)CC1
C1CCC2CCC(C3CCCC4CCCC43)CC2CC1
C(CCCC1CCCC2C1CCC2C1CCCC(CC2CC2)C1)CCC1CCCCC1
C1CCCC(C2CCC3CC4C(CCC5C6CCC(CCCC7CC8CCCCC8C7)C6CCC45)CC32)CC1
C1CCC(C2CC3CCCC3C3CCC4CCCCC4C23)CC1
C1CCC2C(C1)CCCC2CCCC1CCCC2CCCCC21
C1CCC(CC2CCC(CCCCCC3(C4CCCC4)CCCC4CCCCC43)C2)CC1
C1CCC(C2CCC3CCC4C(CCC45CCCCC5)CC32)CC1
C1CCC(CCCCCC2CCCC3C(C4CCCCC4)CCC23)CC1
C1CCC(CCCCCC2CCCC3C(C4CCCCC4)CCC23)CC1
C(CCCC1CCC(C2CCCCC2)C1)CCC1CCCCC1
C(CCCC1CCCC2C(C3CCCCC3)CCC12)CCC1CCCCC1
C1CCC(C2CC3CCCCC3C3CCCCC23)CC1
C(CCC1(C2CCCC2)CCCCC2CCCCC21)CC1CCC2CCCCC2C1
C1CCC2CC(CC3CCCC4CCCC43)CCC2C1
C1CCC(CCCCCC2CCC3CCCCC23)CC1
C1CCC2CCC3C4CCCCC4CCC3C2CC1
C1CCC2CCC(C3CCCC4CCCC43)CC2CC1
C1CCC(CCCCC2CC3CCCCC3C2)CC1
C1CCC2C(C1)CC(C1CCCC1)C1CCCC21
C1CCC(C2CC3CCCC3C3CCC4CCCCCC4C23)CC1
C1CCC(CCCC2CCCC(C3CCC4CC(CCC5CCC6CCCCC6C5)CCC43)C2)CC1
C1CCC(C2CCC3CC4(CCCCCC4C4CCCCC4)CCCC32)CC1
C1CCC(C2CC3CCCC3C3CCC4CCCCC4C23)CC1
C1CCC(CC2CC3CCCCC3C3CCC4CCCCC4C23)CC1
C1CCC(C2CCC3CC4C(CCC32)CCC2C3CCC(CCCC5CC6CCCCC6C5)C3CCC42)CC1
C1CCC(CCCCC2CC3CCCCC3C2)CC1
C1CCC2C(C1)CCC1C3CCCCC3CCC21
C1CCC2CCC3C(CCC4C5CCCC5CC43)C2CC1
C(CCCC1CCCC2C(C3CCCCC3)CCC12)CCC1CCCCC1
C1CCC(CCCC2(CCC3CCCC3)CCC3C4CCC5CCCCCC5C4CCC32)CC1
C1CCC2C(C1)CCC1C3CCCCC3CCC21
C(CCC1CCC2C1CCC1C3CCCCC3CCC21)CC1CCC2CCCCC2C1
C1CCC(CCCCC2CC3CCCCC3C2)CC1
C1CCC(CC2CCC3CC4C(CCC45CCC(C4CCCCC4)C5)CC23)CC1
C1CCC(C2CC3CCCCC3C3CCC4CCCCC4C23)CC1
C1CCC(CC2CCC3C(CC4CCCCC4)CCC3C2)CC1
C1CCC(CCCCC2CC3CCCCC3C2)CC1
C1CCC(CCCC(CC2CCC3C(CC4CCCCC4)CCC3C2)C2CCCCC2)CC1
C(CCCC1CCCCC1)CCCC1CCC(C2CCCCC2)C1
C1CCC(CCCCCC2CC3CCCCC3C2)CC1
C1CCC(CCCCC2CCCC3CCCCC23)CC1
C1CCC2CC(C3CCCC4CCCC43)CCC2C1
C1CCC2C(C1)CCC1C3CCCC3CCC21
C1CCC(C2CC3CCCC3C3CCC4CCCCC4C23)CC1
C1CCC(C2C3CCCC3CC3CC4CCCC4CC32)CC1
C1CCC2C(C1)CCC1C2CCC2C3CCCC3CC21
C1CCC2C(C1)CCC1C3CCCCC3CCC21
C1CCC(CCC2CCC3C(CC4CCCCC4)CCC3C2)CC1
C1CCC(C2CC3CCCC3C3CCC4CCCCC4C23)CC1
C(CCCC1CCCC2C(C3CCCCC3)CCC12)CCC1CCC(C2CCCC2)C1
C1CCC2CC(CCCC3CCCCC4CCCCC43)CC2C1
C1CCC(CCC2CCC3C(CCC3C3CCCCC3)C2)CC1
C1CCC2CCC3C(CCC4C3CCC4(CCCC3CCC4CCCCC4C3)CCC3CCCC3)C2CC1
C1CCC2CCC(C3CCCC4CCCC43)CC2CC1
C1CCC(CC23CCCCC2CCC2C4CCCCC4CCC23)CC1
C1CCC2CC(C3CCCC4CCCC43)CCC2C1
C1CCC(C2CCC3CC4C(CCC32)CCC42CCCC2)CC1
C(CCCC1CCCC2CCCC12)CCC1CCCCC1
C1CCC2C(C1)CCC1C3CCCC3CCC21
C1CCC2CC(CC3CCCC4CCCC43)CCC2C1
C(CCCC1(C2CCCC2)CCCC2CCCCC21)CCC1CCC(C2CCCCC2)C1
C1CCC(CCCCCC2CC3CCCCC3C2)CC1
C1CCC2CCC3C4CCCCC4CCC3C2CC1
C1CCC(CCCCC2CCC3C2CCC2C4CCCCC4CCC32)CC1
C1CCC2CCC3C4CCCC4CCC3C2CC1
C(CCC1CC2CCCCC2C1)CCC1CCCC2CCCC12
C1CCC(CCC2CCCC(C3CCC4CC(CCC5CCC6CCCCC6C5)CCC43)C2)C1
C1CCC(C2CC3CCCC3C3CCCC4CCCCC4C23)CC1
C1CCC(CCCCC2CC3CCCCC3C2)CC1
C1CCC(CCC(CCC2CCC3CCCC3C2)CC2CCCCC2)CC1
C1CCC2CCC3C4CCCC4CC(C4CCC(C5CCC5)CC4)C3C2CC1
C(CCCC1CCCC2C(C3CCCCC3)CCC12)CCC1CCCCC1
C1CCC(C2CCC3CCC4CCCCC4C3CC2)CC1
C1CCC(C2CCCC3C(CCC4CCCCC43)C2)CC1
C1CCC(CC2CCC3(CCC4CC5C(CCC5C5CCCCC5)CC43)C2)CC1
C1CCC(CC2CCCC2CC2CC3CCCCC3C3CCC4CCCCCC4C23)CC1
C1CCC(C2CCC3C(CCC4CCCCC43)C2)C1
C1CCC(C2CC3CCCC3C3CCC4CCCCCC4C23)CC1
C1CCC2CCC(C3CCCC4CCCC43)CC2CC1
C1CCC(C2CCC(CCCCCC3(C4CCCC4)CCCCC4CCCCC43)C2)CC1
C1CCC(CCCCCC2CC3CCCCC3C2)CC1
C1CCC(CC2CC3CCCCC3CC3CCC4CCCCC4C32)C1
C1CCC(CCCCC2CCC3CCCCC23)CC1
C(CCC1CCCC2CCCCC12)CC1CCC2CCCCC2C1
C1CCC2CC(C3CCCC4CCCC43)C3CCCC3C2CC1
C(CCC1CCCC2CCCC12)CC1CC2CCCCC2C1
C1CCC(CCCC2CCC3CCCC3C2)CC1
C1CCC(C2CCC3CC4C(CCC5C6CCC(CCCCC7CCCC8CCCCC78)C6CCC45)CC32)CC1
C1CCC(CCC2CCC3C(CCC3C3CCCCC3)C2)CC1
C1CCC(CC2CC3CCCCC3C3CCC4CCCCC4C23)C1
C1CCC(CCCCCC2CCC3CCCCC23)CC1
C1CCC(C2(CCCCC3CCC4CCCCC4C3)CCCC3CCCCC32)CC1
C1CCC(CC2CC3CCCCC3C3CCC4CCCCC4C23)C1
C1CCC2CCC3C4CCCC4CCC3C2CC1
C1CCC(CCC2CCC3C(CCC3C3CCCCC3)C2)CC1
C1CCC(CCC2CCC3C(CCC3C3CCCCC3)C2)CC1
C1CCC(C2CCC3CCCC3C3CCC4CCCCC4C23)CC1
C1CCC(CCCCC2CC3CCCCC3C2)CC1
C1CCC2CCC(C3CCCC4CCCC43)CC2CC1
C1CCC(CCCC2CCC(CCC3CCCCC3)CC2)CC1
C1CCC(CC2CC3CCCCC3C3CCC4CCCCCC4C23)CC1
C1CCC2C(C1)CCC1C3CCCC3CCC21
C(CCC1CCCC2CCCC12)CC1CC2CCCCC2C1
C1CCC2CCC3C(CCC4C5CCCC5CC43)C2CC1
C(CCCC1CCCCC1)CCCC1CCC(C2CCCCC2)C1
C1CCC(CCCCC2CCC3CCCCC23)CC1
C1CCC2CCC(C3CCCC4CCCC43)CC2CC1
C1CCC(CCC2CCCCC3CC4C(CCC4C4CCCCC4)CC23)CC1
C1CCC(CCC2CCC3C(CCC4C5CCCC5CC(CCC5CCCCC5)C34)C2)CC1
C1CCC(CC2CCC3CCCCC3C3CCC4CCCCC4C23)CC1
C1CCC(CCCC2CCC3C2CCC2C4CCCCC4CCC32)C1
C1CCC(CC2CCC3C(CCC3C3CCCCC3)C2)CC1
C1CCC(CCCC2CCCC3C2CCC2C4CC5CCC(C6CCCCC6)C5CC4CCC32)CC1
C1CCC(CCCCC2CCC3CCC(C4CCCC5CCCC54)CC3C2)CC1
C1CCC(C2C3CCCC3CC3CC4CCCC4CC32)CC1
C1CCC(C2CC3CCCC3C3CCC4CCCCC4C23)CC1
C1CCC(CCCCC2CCC3C2CCC2C4CCCCC4CCC32)CC1
C1CCC(CC2CC3CCCCC3C3CCC4CCCCCC4C23)CC1
C1CCC(CCC(CCC2CCC3CCCCC3C2)CC2CCCCC2)CC1
C1CCC2C(C1)CCCC2CCCC1CCCC2CCCCC21
C1CCC(C2CCC3CC4(CCCCC4C4CCCCC4)CCCC32)CC1
C1CCC(CC2CC3CCCCC3C3CCC4CCCCC4C23)C1
C1CCC(CCCCCC2CCCC3C(C4CCCCC4)CCC23)CC1
C1CCC(CC2CCC(CCCCCC3(C4CCCC4)CCCC4CCCCC43)C2)CC1
C1CCC2C(C1)CCCC1C3CCCC3CCC21
C1CCC2C(C1)CCCC1C2CCC2C3CCCC3CC21
C1CCC2CCC3C4CCC(CCCC5CC6CCCCC6C5)C4CCC3C2CC1
C1CCC2CCC(C3CCCC4CCCC43)CC2CC1
C1CCC(CCCC2CCCCC3CCC(C4CCCC5CCCC54)CC23)CC1
C1CCC2CC(C3CCCC4CCCC43)CCC2C1
C1CCC(CCCCCC2CCCC3C(C4CCCCC4)CCC23)CC1
C1CCC(CC2CC3CCCCC3C3CCC4CCCCC4C23)C1
C1CCC2CC(CCCC3CCC4C3CCC3C5CCCCC5CCC43)CC2C1
C1CCC(CCCC2(CCCC3CCC4CCCCC4C3)CCC3C4CCC5CCCCC5C4CCC32)C1
C1CCC(CCC2CCC3C(CC4CCCCC4)CCC3C2)CC1
C1CCC(C2CCC3C(CCCCCC4CCC(C5CCCC5)C4)CCCC23)CC1
C(CCCCC1CCC(C2CCCCC2)C1)CCCC1CCCCC1
C1CCC(C2CCC3CC4C(CCCC5CC5)CCCC4CC32)CC1
C1CCC2CC(CC3CCCC4CCCC43)CCC2C1
C(CCC1CCC2CCCCC2C1)CCC1CCCC2CCCCC12
C1CCC(CCC2CCC3C(CC4CCCCC4)CCC3C2)CC1
C(CC1CCC2CCCCC2C1)CC1CCC2C(CCC3C4CCCCC4CCC23)C1
C(CCC1CCCC2CCCCC12)CC1CCCC2CCCCC12
C1CCC(C2CCCC3CCCC3C3CCC4CCCCC4C23)CC1
C(CCCC1CCCCC1)CCCC1CCC(C2CCCCC2)C1
C1CCC(CCC2CCC(CCC3CCCC(CC4CCCC4)C3)CC2)CC1
C1CCC(CC2CC3CCCCC3C2C2CCCCC2)CC1
C1CCC(CCCCCC2CC3CCCCC3C2)CC1
C1CCC(CCCCC2CC3CCCCC3C2)CC1
C1CCC(C2CCC(CCCCCC3CCCC4C(C5CCCCC5)CCC34)C2)CC1
C1CCC2C(C1)CCC1C2CCCC2C3CCCC3CC21
C1CCC(CCCCC2CC3CCCCC3C2)CC1
C1CCC(C2CCC(CCCC3CCC4C3CCCC3C5CCCCC5CCC34)C2)CC1
C1CCC(CCCCCC2CCCC3C(C4CCCCC4)CCC23)CC1
C1CCC(CCC2CCCC3CC4C(CCC23)CCC4C2CCCCC2)CC1
C1CCC(CCCCC2CCC3CCC(C4CCCC5CCCC54)CC3C2)CC1
C1CCC2CC3CCC4C(CCCC5CC6CCCCC6C5)CCC4C3CCC2C1
C1CCC(CCC2CCC3C(CCC3C3CCCCC3)C2)CC1
C1CCC(CCC2CCC3C(CCC4CC(C5CCCCC5)CCC43)C2)CC1
C(CCCC1CCCC2C(C3CCCCC3)CCC12)CCC1CCC(C2CCCC2)C1
C1CCC(C2CCC3CCCC3C3CCC4CCCCC4C23)CC1
C1CCC2CCC3C4CCCC4CCC3C2CC1
C(CCCC1CCCCC1)CCCC1CCC(CC2CCCCC2)C1
C1CCC2CC(C3CCCC4CCCC43)CCC2C1
C(CCC1CCCC2CCCC12)CC1CC2CCCCC2C1
C1CCC(CCCCCC2CC3CCCCC3C2)CC1
C1CCC(C2CC3CCCCC3C3CCC4CCCCC4C23)CC1
C1CCC(C2CCC3(CCC4CC5C(CCC5C5CCCCC5)CC43)C2)CC1
C1CCC(C2CCC3CC4C(CCC45CCCCC5)CC32)CC1
C1CCC2CCC3C(CCC4C3CCC4(CCCC3CC4CCCCC4C3)CCC3CCCC3)C2CC1
C(CCCC1CCCC2C(C3CCCCC3)CCC12)CCC1CCCCC1
C1CCC(C2CCC3C(CCCC4CCCCC43)C2)CC1
C1CCC(CCCCCC2CCCC3CCCC23)CC1
C1CCC(C2CCC3(CCC4CCC5C(CCC5C5CCCCC5)CC43)C2)CC1
C1CCC(CCCCC2CCC3CCCCC3C2)CC1
C(CCCC1CCCC2C1CCC2C1CCCC(CC2CC2)C1)CCC1CCCCC1
C1CCC(C2CC3CCCC3C3CCC4CCCCCC4C23)CC1
C(CCCC1CCCCC1)CCCC1CCC(C2CCCCC2)C1
C1CCC2CCC(C3CCCC4CCCC43)CC2CC1
C1CCC(CCCC(CCC2CCCCC2)CCC2CCC3CCCC3C2)CC1
C1CCC(CCCCCC2C3CCCCC3CCC2C2CCCC3CCCC32)CC1
C1CCC2C(C1)CCC1C3CCCC3CCC21
C1CCC(CCC2CCC3C(CCC3C3CCCC(CC4CCCC4)C3)C2)CC1
C1CCC(CC2CCCC(C3CCC4CC(CCC5CCC6CCCCC6C5)CCC43)C2)C1
C1CCC(CCCC2CCC(CCC3CCCC(CC4CCCC4)C3)CC2)CC1
C1CCC(CCCC2CCC3CCC(C4CCCC5CCCC54)CC3C2)CC1
C1CCC2C(C1)CCC1C3CCCC3CCC21
C1CCC2CC(CCCC3CCC4C3CCC3C5CCCCC5CCCC43)CCC2C1
C1CCC(CCCCC2CCC3C2CCC2C4CCCCC4CCC32)CC1
C1CCC(CCCC2CCC3CCC(C4CCCC5CCCC54)CC3C2)CC1
C1CCC2CC(CCCC3CCC4C3CCCC3C5CCCCC5CCC34)CC2C1
C1CCC(CCCC2CCC3C(CCC3C3CCCCC3)C2)CC1
C1CCC(C2CC3CCCC3C3CCC4CCCCCC4C23)CC1
C(CCCC1CCCC2C(C3CCCCC3)CCC12)CCC1CCCCC1
C1CCC(CC2CC3CCCCC3C3CCC4CCCCC4C23)CC1
C1CCC2CC(CC3CCCC4CCCC43)CCC2C1
C1CCC(CCC2CCC(CC(CC3CCCCC3)C3CCCCC3)CC2)CC1
C1CCC2C(C1)CCC1C3CCCC3CCCC21
C1CCC2CCC(C3CCCC4CCCC43)CC2CC1
C1CCC(CC2CC3CCCCC3C3CCC4CCCCC4C23)CC1
C(CCCC1CCCC2C(C3CCCCC3)CCC12)CCC1CCCCC1
C1CCC2CC(C3CCCC4CCCC43)CCC2C1
C1CCC(CCC2CCC3C2CCC(C2CCCCC2)C2C4CCCCC4CCC32)CC1
C1CCC(C2CCC(CCCC3CCC4C3CCC3C5CCCCC5CCCC43)C2)CC1
C1CCC2CC(CC3CCCC4CCCC43)CCC2C1
C1CCC2C(C1)CCCC1C3CCCC3CCC21
C1CCC(CCCCCC2CCCC3C(C4CCCCC4)CCC23)CC1
C1CCC2CCC(C3CCCC4CCCC43)CC2CC1
C1CCC(CCCCC2CC3CCCCC3C2)CC1
C(CCCC1CCCC2C(C3CCCCC3)CCC12)CCC1CCCCC1
C(CCCC1CCCC2C(C3CCCCC3)CCC12)CCC1CCC(C2CCCC2)C1
C1CCC(C2CCC3CCCC3C3CCC4CCCCC4C23)CC1
C1CCC2CCC3C4CCCCC4CC(CC4CCCC4)C3C2CC1
C1CCC(C2CC3C(CCC4CCC4)CCC3C3CCC4CCCCC4C23)CC1
C1CCC(CC2CCC3CC4(CCCCCC4C4CCCCC4)CCC23)CC1
C1CCC(CCCCC2CC3CCCCC3C2)CC1
C1CCC(CCC2CCCC3CCC4C(CCC4C4CCCCC4)CC23)CC1
C1CCC(CCCC2CCC3CCC(C4CCCC5CCCC54)CC3C2)CC1
C1CCC(CCC2CCC3C(CCC3C3CCCCC3)C2)CC1
C1CCC(CCCCC2CC3CCCCC3C2)CC1
C1CCC(CCC2CCC(C3CC3)CC2)CC1
C1CCC(CCC2CCC3C(CCC4C5CCCC5CC(CCC5CCCCC5)CC34)C2)CC1
C1CCC(C2CC3CCCC3C3CCC4CCCCC4C23)CC1
C1CCC(C2CC3CCCC3C3CCC4CCCCC4C23)CC1
C1CCC(C2CC3CCCC3C3CCC4CCCCC4C23)CC1
C1CCC2CCC3C4CCCCC4CC(CC4CCCC4)C3C2CC1
C1CCC(CCCCCC2CC3CCCCC3C2)CC1
C1CCC(C2CC3CCCC3C3CCC4CCCCC4C23)CC1
C1CCC(CCCCCC2CC3CCCCC3C2)CC1
C1CCC(CC2CCC3CC4C(CCC45CCCC5)CC23)CC1
C1CCC(CCCCCC2CC3CCCCC3C2)CC1
C1CCC(CC2CCCCC2CC2CCC3CCCCC3C3CCC4CCCCC4C23)CC1
C1CCC2CC(CC3CCCC4CCCC43)CCC2C1
C1CCC(CCC2CCC3C(CCC4C5CCCCC5CCC34)C2)CC1
C1CCC2CC(CC3CCCC4CCCC43)CCC2C1
C1CCC(CCC2CCCC3CC4C(CCC4C4CCCCC4)CC23)CC1
C(CCC1CCCC2CCCC12)CC1CC2CCCCC2C1
C1CCC2CCC(C3CCCC4CCCC43)CC2CC1
C1CCC2CC(C3CCCC4CCCC43)CCC2C1
C(CCC1CCCC2CCCCC12)CC1CCCC2CCCCC2C1
C1CCC2CC3CCCCC3CCC2C1
C1CCC2C(C1)CCCC2CCCC1CCC2C1CCC1C3CCCCC3CCCC21
C1CCC(CC2CC3CCCCC3C3CCC4CCCCC4C23)C1
C(CCC1CCCC2CCCCC12)CC1CCC2CCCCC2C1
C1CCC(CCC2CCCCC3CCC(C4CCCC5CCCC54)CC23)CC1
C(CCC1CC2CCCCC2C1)CCC1CCCC2CCCC12
C1CCC(C2CCC(CC3CC4CCCCC4C4CCC5CCCCCC5C34)CC2)CC1
C1CCC(CCCCC2CC3CCCCC3C2)CC1
C1CCC(CC2CC3CCCCC3C3CCC4CCCCC4C23)C1
C1CCC2C(C1)CCC1C3CCCC3CCC21
C1CCC2CCC(C3CCCC4CCCC43)CC2CC1
C1CCC(CCCCCC2CCC3CCCCC3C2)CC1
C1CCC(C2CCC3C(CCC4CCCCC43)C2)C1
C(CCCC1CCCCC1)CCCC1CCC(C2CCCCC2)C1
C1CCC(C2CCC3CC4C(CCC32)CCC42CCCC2)CC1
C1CCC2C(C1)CCC1C3CCCC3CCCC21
C1CCC(CC2CC3CCCCC3C3CCC4CCCCC4C23)CC1
C1CCC(CCCCCC2CCCC3C(C4CCCCC4)CCC23)CC1
C1CCC2C(C1)CCCC1C3CCCC3CCC21
C1CCC2CC(C3CCCC4CCCC43)CCC2C1
C1CCC(CCCCCC2CCCC3C(CC4CCCCC4)CCC23)CC1
C1CCC2CC(C3CCCC4CCCC43)CCC2C1
C1CCC2CC(CCCC3CCC4C3CCC3C5CCCCC5CCC43)CC2C1
C1CCC2CCC3C4CCCCC4CC(CC4CCCC4)C3C2CC1
C1CCC(CCC2(CCCC3CC4CCCCC4C3)CCC3C4CCC5CCCCC5C(CCC32)C4)C1
C1CCC(CCCC2CCC3C2CCC2C4CC5CCC(C6CCCCC6)C5CC4CCCC32)CC1
C1CCC(CCCCC2CC3CCCCC3C2)CC1
C1CCC(C2CC3CCCC3C3CCC4CCCCCC4C23)CC1
C(CCC1CCC2CCCCC2C1)CC1CCCC2CCCCC2C1
C1CCC(CCCCCC2CCCC3C(C4CCCCC4)CCC23)CC1
C1CCC(CCCCCC2CC3CCCCC3C2)CC1
C(CCCC1CCCC2C1CCC2C1CCC(CC2CC2)CC1)CCC1CCCCC1
C1CCC(CCCCCC2CC3CCCCC3C2)CC1
C1CCC2CCC3C(CCC4C3CCC4(CCCC3CC4CCCCC4C3)CCC3CCCC3)C2CC1
C1CCC2CC(C3CCCC4CCCC43)CCC2C1
C1CCC(C2CCC3C(CCC3C3CCCCC3)C2)CC1
C1CCC(CCCC2CCCC3CCC(C4CCCC5CCCC54)CC3C2)CC1
C(CCC1CCC2C1CCC1C3CCCCC3CCC21)CC1CC2CCCCC2C1
C1CCC2CC(CC3CCCC4CCCC43)CCC2C1
C1CCC(CCCCCC2CCCC3C(C4CCCCC4)CCC23)CC1
C(CCCC1CCCC2C(C3CCCCC3)CCC12)CCC1CCCCC1
C1CCC2CC(CC3CCCC4CCCC43)CCC2C1
C(CCC1CCCC2CCCCC12)CC1CCC2CCCCC2C1
C1CCC(CCC(CC2CCCCC2)C2CCCCC2)CC1
C1CCC(CC2CC3CCCCC3C3CCC4CCCCCC4C23)CC1
C1CCC(C2CC3CCCC3CC3CCC4CCCCC4C32)CC1
C1CCC(CCC2CCC(CC(CC3CCCCC3)C3CCCCC3)CC2)CC1
C1CCC(CCCCCC2CCC3CCCCC23)CC1
C1CCC(C2CC3CCCC3C3CCCC4CCCCC4C23)CC1
C1CCC(CCCCC2CC3CCCCC3C2)CC1
C1CCC(CCC2CCC3C(CC4CCCCC4)CCC3C2)CC1
C1CCC(C2CCC3CC4C(CCC45CCCCC5)CC32)CC1
C1CCC(CCCCC2CCC3CCC(C4CCCC5CCCC54)CC3C2)CC1
C1CCC2CCC(C3CCCC4CCCC43)CC2CC1
C1CCC(CCC2CCC3C(CCC4C5CCCC5CCC34)C2)CC1
C1CCC2CCC(C3CCCC4CCCC43)CC2CC1
C1CCC2CCC(C3CCCC4CCCC43)CC2CC1
C1CCC(CC2CC3CCCCC3C3CCCC23)C1
C1CCC(CC2CC3CCCCC3C3CCC4CCCCCC4C23)CC1
C1CCC2C(C1)CCC1CCCCC12
C1CCC(CCCCC2(CCC3CCCC3)CCC3C4CCC5CCCCC5C4CCC32)CC1
C(CCCCC1CCC(C2CCCCC2)C1)CCCC1CCCCC1
C1CCC(C2CCC(CCCCCC3(CC4CCCC4)CCCC4CCCCC43)C2)CC1
C(CCCC1(C2CCCC2)CCCC2CCCCC21)CCC1CCC(C2CCCCC2)C1
C1CCC(C2CCC3CCC4C(CCC45CCCC5)CC32)CC1
C1CCC2CC(CCCC3CCCC4CCCCC43)CC2C1
C(CCC1CCCC2CCCC12)CC1CC2CCCCC2C1
C1CCC2CC(C3CCCC4CCCC43)C3CCCC3C2CC1
C1CCC(CCC2CCC(C3CCC4C(CCC4C4CCCCC4)C3)CC2)CC1
C1CCC(CCCCC2CC3CCCCC3C2)CC1
C1CCC(CCCCCC2CC3CCCCC3C2)CC1
C1CCC(CCC2CCC3C(CCC4C5CCCCC5CC(CCC5CCCCC5)C34)C2)CC1
C1CCC(CCCCC2CC3CCCCC3C2)CC1
C(CCCC1CCCC2C(C3CCCCC3)CCC12)CCC1CCCCC1
C1CCC(CCCCC2CC3CCCCC3C2)CC1
C1CCC2CCC(C3CCCC4CCCC43)CC2CC1
C1CCC(CCCCC2CCCCC3CCC(C4CCCCC4)CC23)CC1
C1CCC(CCCCCC2CC3CCCCC3C2)CC1
C1CCC(CCCCCC2CC3CCCCC3C2)CC1
C1CCC(CCC(CC2CC3CCCCC3C2)C2CCCC2)CC1
C1CCC(C2CCC3CC4C(CCC5C6CCCC(CCCC7CC8CCCCC8C7)C6CCC45)CC32)CC1
C1CCC(CCC2CCCCC2)CC1
C1CCC(CCC2CCC3C(CCCC4CCCCC43)C2)CC1
C1CCC(CCCCC2CCC3CCC(C4CCCC5CCCC54)CC3C2)CC1
C1CCC2C(C1)CCC1CC2CCC2CCCC21
C1CCC(CCCCC2CC3CCCCC3C2)CC1
C1CC2CCC3C(CCC4CCCCC43)CC2C1
C1CCC2CCC3C4CCCC4CCC3C2CC1
C1CCC(C2CC3CCCCC3C3CCC4CCCCC4C23)CC1
C1CCC2CCC(C3CCCC4CCCC43)CC2CC1
C1CCC(CCCCC2(CCC3CCCC3)CCC3C4CCC5CCCCC5C4CCC32)CC1
C1CCC(CCC2CCC3C(CC4CCCCC4)CCC3C2)CC1
C1CCC2C(C1)CCCC1C3CCCC3CCC21
C1CCC(C2CCC3CCCC3C3CCC4CCCCC4C23)CC1
C1CCC2C(C1)CCCC1C3CCCC3CCC21
C1CCC(CCC2(CCCC3CCC4CCCCC4C3)CCC3C4CCC5CCCCC5C4CCCC32)C1
C1CCC(CCCCC2CCC3CCC(C4CCCC5CCCC54)CC3C2)CC1
C1CCC(C2CCC3(CCC4CCC5C(CCC5C5CCCCC5)CC43)C2)CC1
C1CCC(C2CC3CCCCC3C3CCCCC3C2)CC1
C1CCC(CCCC2CCC(C3CCC4C(CCC4C4CCCCC4)C3)CC2)CC1
C1CCC(CCC2CCC3C(CCC3C3CCCCC3)C2)CC1
C1CCC(CCC(CCC2CCC3CCCC3C2)CC2CCCCC2)CC1
C1CCC2C(C1)CCC1C3CCCC3CCCC21
C1CCC(C2CCC3CC4C(CCC32)CCC2C3CCC(CCCC5CCC6CCCCC6C5)C3CCC42)CC1
C1CCC(C2CCC3CC4CCCCC4CC32)CC1
C1CCC(C2CCC(CCCC3CCC4CC5CCC6CCCCC6C5CCC34)C2)CC1
C1CCC(CCCCCC2CCC3C(CCC3C3CCCCC3)C2)CC1
C1CCC(CCCCC2CCCCC3CCC(C4CCCCC4)CC23)CC1
C(CCCC1CCCCC1)CCC1CCCCC1
C1CCC(C2CCC3C(CCC34CCCC4)C3CCC4CCCCC4C23)CC1
C1CCC2C(C1)CCC1C3CCCC3CCC21
C(CCC1(C2CCCC2)CCCCC2CCCCC21)CC1CCC2CCCCC2C1
C1CCC2CC(C3CCCC4CCCC43)CCC2C1
C1CCC(CCC2CCC(C3CC3)CC2)CC1
C1CCC2C(C1)CCCC2CCCC1CCC2C1CCC1C3CCCCC3CCCC21
C1CCC(CC2CCC(CC(CC3CCCCC3)C3CCCCC3)CC2)CC1
C1CCC2C(C1)CCC1C3CCCC3CCC21
C1CCC(CCC2CCC3C2CCCC(C2CCCCC2)C2C4CCCCC4CCC32)CC1
C1CCC(CC2CCCCCCC23CCC2C(CCC2C2CCCCC2)C3)CC1
C1CCC(CC2CCC3CC4C(CCC5C6CCC(CCCC7CCC8CCCCC8C7)C6CCC45)CC23)CC1
C1CCC(CC2CC3CCCCC3C3CCC4CCCCC4C23)CC1
C(CCCC1CCCC2CCCC12)CCC1CCCCC1
C(CCC1CCC2CCCCC2C1)CCC1CCCC2CCCCC12
C1CCC(CCC2(CCCCC3CC4CCCCC4C3)CCC3C4CCC5CCCCC5C4CCC32)C1
C1CCC(CCCCC2CCC3CCC(C4CCCC5CCCC54)CC3C2)CC1
C1CCC(CCC2(CCCC3CCC4CCCCC4C3)CCC3C4CCC5CCCCC5C4CCC32)C1
C1CCC(CCCCC2CC3CCCCC3C2)CC1
C(CCCC1CCCC2C(C3CCCCC3)CCC12)CCC1CCC(C2CCCC2)C1
C1CCC2C(C1)CCC1C3CCCC3CCC21
C1CCC(CCCC2CCC3C(CCC3C3CCCCC3)C2)CC1
C(CCC1CC2CCCCC2C1)CCC1CCCC2CCCC12
C1CCC(CCCCC2CC3CCCCC3C2)CC1
C1CCC(CC2CCC3CCC(C4CCCC4)CC32)C1
C1CCC2CCC(C3CCCC4CCCC43)CC2CC1
C1CCC(CCCCC2CC3CCCCC3C2)CC1
C1CCC(C2CCC3CC4C(CCCCC45CCCC5)CC32)CC1
C1CCC(CC2CC3CCCCC3C3CCC4CCCCCC4C23)CC1
C1CCC(C2CCC(CCCC3CCC4C3CCC3C5CCCCCC5CCC43)C2)CC1
C1CCC(CCC(CCC2CCC3CCCCC3C2)CC2CCCCC2)CC1
C1CCC(C2CCC3CC4C(CCC5C6CCCC(CCCC7CC8CCCCC8C7)C6CCC45)CC32)CC1
C1CCC(CCCCC2CC3CCCCC3C2)CC1
C1CCC2C(C1)CCC1C3CCCCC3CCC21
C1CCC(CCC2CCC(CCC3CCCC(CC4CCCCC4)C3)CC2)CC1
C1CCC(CCC2CCCCC2)CC1
C1CCC(CCCCCC2CCCC3C(CC4CCCCC4)CCC23)CC1
C1CCC2CCC3C(CCC4C3CCC4(CCCC3CCC4CCCCC4C3)CCC3CCCC3)C2CC1
C1CCC(C2CC3CCCC3C3CCC4CCCCC4C23)CC1
C1CCC2CC(CCCC3CCC4C3CCC3C5CCCCC5CCCC43)CC2C1
C1CCC(CCCCCC2CC3CCCCC3C2)CC1
C1CCC(CC2CC3CCCCC3C3CCC4CCCCCC4C23)CC1
C1CCC(CCC2CCC3C(CCC4C5CCCC5CC(CCC5CCCCC5)C34)C2)CC1
C1CCC(CCC2CCC3C(CCC3C3CCCCC3)C2)CC1
C1CCC(C2CCC3CC4(CCCCCC4C4CCCCC4)CCC32)CC1
C1CCC(CC2CCC3C(CCC3C3CCCCC3)C2)CC1
C1CCC(C2CC3CCCC3C3CCCC4CCCCC4C23)CC1
C1CCC(CC2CC3CCCCC3C3CCC4CCCCCC4C23)CC1
C1CCC(CCCCCC2CCC3CCCCC3C2)CC1
C1CCC(CC2CC3CCCCC3C3CCC4CCCCCC4C23)CC1
C1CCC(C2CCC(CCCCCC3(C4CCCCC4)CCC3)C2)CC1
C1CCC2C(C1)CCC1C2CCC2C3CCCCC3CC21
C(CCC1CCC2C1CCC1C3CCCCC3CCC21)CC1CC2CCCCC2C1
C1CCC(C2CC3CCCCC3CC3CCCCC32)CC1
C1CCC(CCCCCC2CCCC3C(C4CCCCC4)CCC23)CC1
C1CCC(C2CCC3CCC(C4CCCC4)CC32)CC1
C1CCC(CCCCCC2CC3CCCCC3C2)CC1
C1CCC2C(C1)CC(C1CCCC3CCCC31)C1CCCCC21
C1CCC(CCCCCC2CCCC3C(CC4CCCCC4)CCC23)CC1
C1CCC(CCC(CC2CCC(CC3CCCCC3)CC2)C2CCCCC2)CC1
C1CCC(CCC2CCC3C(CC4CCCCC4)CCC3C2)CC1
C1CCC(CCCCC2CCC3C2CCC2C4CCCCC4CCC32)CC1
C1CCC2CCC(C3CCCC4CCCC43)CC2CC1
C(CCC1CCCC2CCCC12)CC1CC2CCCCC2C1
C(CCCC1CCCCC1)CCCC1CCC(C2CCCCC2)C1
C1CCC(C2CCC3CC4C(CCC32)CCC2C3CCC(CCCC5CC6CCCCC6C5)C3CCC42)CC1
C1CCC(CCCCC2CCC3CCCCC23)CC1
C1CCC(CC(CC2CCCCC2)C2CCCCC2)CC1
C1CCC2C(C1)CC(C1CCCC3CCCC31)C1CCCC21
C1CCC(CCCC(CCC2CCC3CCCC3C2)CC2CCCCC2)CC1
C(CCC1CCC2C1CCC1C3CCCCC3CCC21)CC1CC2CCCCC2C1
C1CCC(CCCCCC2CCC3CCCC3C2)CC1
C1CCC2C(C1)CCC1C3CCCCC3CCCC21
C1CCC(C2CCC3CCCCC3C3CCCCC23)CC1
C1CCC2C(C1)CCCC2CCCC1CCCC2CCCCC21
C(CCCC1CCCCC1)CCCC1CCC(C2CCCCC2)C1
C1CCC(CCCCCC2CCCC3CCCC23)CC1
C1CCC(CCCCCC2CCC3CCCCC23)CC1
C1CCC(CC(CC2CCCCC2)C2CCCCC2)CC1
C1CCC2CCC3C4CCCC4CCC3C2CC1
C1CCC(CCC2CCC3C(CCC3C3CCCCC3)C2)CC1
C1CCC(CC2CCC3C(CCC3C3CCCCC3)C2)CC1
C1CCC(CCC2CCC(CCC3CCCCC(CC4CCCC4)C3)CC2)CC1
C1CCC2C(C1)CCC1C3CCCC3CCC21
C(CCC1CCC2CC(CCC3C4CCCC4CCC23)C1)CC1CCC(C2CC3CCCC3C3CCC4CCCCC4C23)CC1
C1CCC2CC(C3CCCC4CCCC43)CCC2C1
C1CCC(CCC2CCC3C(CCC3C3CCCC(CCC4CCCC4)C3)C2)CC1
C(CCCC1CCCC2C(C3CCCCC3)CCC12)CCC1CCCCC1
C1CCC(CCCC2CCC(CCC3CCCC(CC4CCCC4)C3)CC2)CC1
C1CCC(CCCCC2CCC3CCCCC23)CC1
C1CCC(C2CCC3CC4C(CCC5C6CCC(CCCC7CC8CCCCC8C7)C6CCC45)CC32)CC1
C(CCC1CCCC2CCCCC12)CC1CCCC2CCCCC12
C1CCC(C2CCC(CCCCCC3CCCC4C(C5CCCCC5)CCC34)C2)CC1
C1CCC(CCCCCC2CCC3CCCCC23)CC1
C(CCCC1CCCC2C(C3CCCCC3)CCC12)CCC1CCCCC1
C1CCC(CCCCC2CCC3CCCCC23)CC1
C1CCC(CCCCC2CCC3CCCCC23)CC1
C1CCC(CCC2CCC3C(CCC3C3CCCCC3)C2)CC1
C1CCC(C2CCC3CC4(CCCCCCC4C4CCCCC4)CCC32)CC1
C1CCC(CCCC2CCC(C3CC3)CC2)CC1
C1CCC(C2CCC3C(CCC4CCCCC43)C2)C1
C1CCC(CCCC2CCC3CCC(C4CCCC5CCCC54)CC3C2)CC1
C1CCC(CCCCCC2CCCC3C(CC4CCCCC4)CCC23)CC1
C1CCC(CCC2CCC(CCCC3CCCC(CC4CCCC4)C3)CC2)CC1
C(CCC1CC2CCCCC2C1)CCC1CCCC2CCCC12
C1CCC(CCCCCC2CCCC3C(C4CCCCC4)CCC23)CC1
C(CCCCC1CCC(C2CCCCC2)C1)CCCC1CCCCC1
C1CCC(C2CCC3CC4C(CCC45CCCC5)CC32)CC1
C1CCC2CCC(C3CCCC4CCCC43)CC2CC1
C1CCC(CCCCCC2CCC3CCCC3C2)CC1
C1CCC(CCC2CCC3C(CCC4CCC(C5CCCCC5)CCC43)C2)CC1
C(CCC1CCCC2CCCCC12)CC1CC2CCCCC2C1
C1CC2CCC3C(CCC4CCCCC43)CC2C1
C(CCCC1CCCC2C(C3CCCCC3)CCC12)CCC1CCC(C2CCCC2)C1
C1CCC2CCC(C3CCCC4CCCC43)CC2CC1
C1CCC(CCCC2CCCC3CC4C(CCC4C4CCCCC4)CC23)CC1
C1CCC2C(C1)CCCC1C3CCCC3CCC21
C1CCC(CC2CC3CCCCC3C3CCC4CCCCC4C23)C1
C1CCC(CCCCCC2CCC3C(CCC3C3CCCCC3)C2)CC1
C1CCC2CC(CCCC3CCC4C3CCC3C5CCCCC5CCC43)CCC2C1
C1CCC(CCCCCC2CCC3CCCCC23)CC1
C1CCC(C2CCC3C(CCC34CCCC4)C3CCC4CCCCC4C3C2)CC1
C1CCC(CC(CC2CCCCC2)C2CCCCC2)CC1
C1CCC(CCC2CCC(C3CC3)CC2)CC1
C1CCC(C2CCC3CC4C(CCCCC45CCCC5)CC32)CC1
C1CCC2CC(CC3CCCC4CCCC43)CCC2C1
C1CCC(C2CCC3C(CCC4CCCCC43)C2)CC1
C1CCC2CC(CCCC3CCCC4C3CCC3C5CCCCC5CCC43)CCC2C1
C1CCC(C2CC3CCCC3C3CCC4CCCCC4C23)CC1
C1CCC2C(C1)CCCC2CCCC1CCCC2CCCCC21
C1CCC(CCCCC2CC3CCCCC3C2)CC1
C1CCC(CC2CCC3CC4C(CCC45CCCCC5)CC23)CC1
C1CCC(CCC2CCC3C(CCC3C3CCCCC3)C2)CC1
C1CCC(CCCCC2CC3CCCCC3C2)CC1
C1CCC(C2CC3CCCC3C3CCC4CCCCCC4C23)CC1
C1CCC2CC(C3CCCC4CCCC43)C3CCCC3C2CC1
C1CCC2CCC(C3CCCC4CCCC43)CC2CC1
C1CCC(C2CC3CCCC3C3CCC4CCCCC4C23)CC1
C1CCC2C(C1)CC(C1CCCC3CCCC31)C1CCCC21
C1CCC(CCCCC2CC3CCCCC3C2)CC1
C1CCC(CC2CCC(CC(CC3CCCCC3)C3CCCCC3)CC2)CC1
C1CCC(CC2CCCCC2CC2CC3CCCCC3C3CCC4CCCCC4C23)CC1
C1CCC(CC2CCC3C(CCC3C3CCCCC3)C2)CC1
C1CCC(C2CCC3CC4C(CCCC5C6CCCC6CCC45)CC32)CC1
C1CCC(CCC2CCC3C(CCC3C3CCCCC3)C2)CC1
C1CCC(C2CC3CCCC3C3CCC4CCCCC4C23)CC1
C1CCC2CC(C3CCCC4CCCC43)C3CCCC3C2CC1
C1CCC(C2CC3CCCC3C3CCC4CCCCCC4C23)CC1
C1CCC(CCCCCC2CCCC3C(C4CCCCC4)CCC23)CC1
C1CCC(CCC2CCC(CCC3CCCC(CC4CCCCC4)C3)CC2)CC1
C1CCC(CCCCCC2CC3CCCCC3C2)CC1
C1CCC2C(C1)CCCC2CCCC1CCCC2CCCCC21
C1CCC(CCC2CCC3C(CCC4C5CCCCC5CCC34)C2)CC1
C1CCC(CC2CCC3C(CCC3C3CCCCC3)C2)CC1
C(CCCC1CCCC2C(C3CCCCC3)CCC12)CCC1CCCCC1
C1CCC(C2CC3CCCC3C3CCC4CCCCC4C23)CC1
C1CCC(CCCC2CCC3C(CCC3C3CCCCC3)C2)CC1
C1CCC2C(C1)CC(C1CCCC1)C1CCCCC21
C1CCC(C2CC3CCCC3C3CCC4CCCCC4C23)CC1
C1CCC(CC23CCCCC2CCC2C4CCCC4CCCC23)CC1
C1CCC(CCCCC2CC3CCCCC3C2)CC1
C1CCC2CC(CC3CCCC4CCCC43)CCC2C1
C1CCC(CCC2CCC3C(CCC4C5CCCC5CC(CCC5CCCCC5)CC34)C2)CC1
C1CCC2C(C1)CCC1C3CCCC3CCC21
C1CCC2CCC3C4CCCC4CCC3C2CC1
C1CCC(CCC2CCC3C(CCC3C3CCCC3)C2)CC1
C1CCC(C2CCC3CCC(C4CCCC4)C3C2)C1
C1CCC2C(C1)CCC1C3CCCCC3CCCC21
C1CCC2CC(CCCC3CCC4CC5CCC6CCCCC6C5CCC34)CC2C1
C1CCC(CCCCC2CC3CCCCC3C2)CC1
C(CCC1CCCCC2CCCCC12)CC1CCC2CCCCC2C1
C1CCC2CCC(C3CCCC4CCCC43)CC2CC1
C1CCC(CCCC(CC2CC3CCCCC3C2)C2CCCC2)CC1
C1CCC(CCC2CCC3C(CCC3C3CCCCC3)C2)CC1
C1CCC(CC2CC3CCCCC3C3CCC4CCCCC4C23)CC1
C1CCC(CCC2CCC3C(CCC3C3CCCCC3)C2)CC1
C1CCC(CCCCCC2CCC3CCC(C4CCCC5CCCC54)CC3C2)CC1
C1CCC2CC(CC3CCCC4CCCC43)CCC2C1
C1CCC(CCCCCC2CCC3CCCCC23)CC1
C1CCC(C2CC3CCCC3C3CCC4CCCCCC4C23)CC1
C1CCC(C2CCC3CC(C4CCC(CCC5CCCC5)CC4)CCC32)CC1
C1CCC2CCC3C4CCC(CCCC5CCC6CCCCC6C5)C4CCC3C2CC1
C1CCC(C2CCC3CC4C(CCC45CCCCCC5)CC32)CC1
C1CCC2CC(C3CCCC4CCCC43)CCC2C1
C1CCC2C(C1)CCC1C3CCCC3CCC21
C1CCC(CC2CCC(CC(CC3CCCCC3)C3CCCCC3)CC2)CC1
C1CCC2CCC3C4CCCCC4CC(CC4CCCC4)C3C2CC1
C1CCC(CC2CCCC(C3CCC4CC(CCC5CCC6CCCCC6C5)CCC43)C2)C1
C1CCC(C2CCC3CC4C(CCCC45CCCC5)CC32)CC1
C1CCC(C2CCC3CCCC(C3)C3CCC4CCCCC4C23)CC1
C1CCC2C(C1)CCCC1C3CCCC3CCC21
C1CCC(CCC2CCC3C(CCC3C3CCCCC3)C2)CC1
C1CCC(CCC2CCC(C3CC3)CC2)CC1
C1CCC(CCC2CCC3C(CCC4CC5CCCC5CC(CCC5CCCCC5)C43)C2)CC1
C1CCC2CC(C3CCCC3)CCC2C1
C1CCC(C2CCC3C(CCC4CCCCC43)C2)CC1
C1CCC(C2CC3CCCCC3C3CCC4CCCCC4C23)CC1
C1CCC(C2CC3CCCC3C3CCC4CCCCCC4C23)CC1
C1CCC(CCCCC2CC3CCCCC3C2)CC1
C1CCC(CCCCC2CCC3CCCCC23)CC1
C(CCC1CC2CCCCC2C1)CCC1CCCC2CCCC12
C(CCC1CCC2C1CCC1C3CCCCC3CCC21)CC1CC2CCCCC2C1
C1CCC2CC(C3CCCC4CCCC43)CCC2C1
C1CCC(CC2CCCC(CCC3CCC(CCC4CCC(C5CC5)CC4)CC3)C2)C1
C1CCC(C2CC3CCCC3C3CCC4CCCCC4C23)CC1
C1CCC2C(C1)CCC1C3CCCC3CCC21
C1CCC(C2CCC3CC4C(CC5CCC6CCCCC65)CCCC4CC32)CC1
C(CCCCC1CCC(C2CCCCC2)C1)CCCC1CCCCC1
C1CCC(CCCCCC2CCCC3C(C4CCCCC4)CCC23)CC1
C(CCC1CCCCC2CCCCC12)CC1CCC2CCCCC2C1
C1CCC2CC(C3CCCC4CCCC43)CCC2C1
C1CCC2CCC(C3CCCC4CCCC43)CC2CC1
C1CCC(C2CCC3CCCC3C3CCC4CCCCC4C3C2)CC1
C1CCC(CCCCCC2CC3CCCCC3C2)CC1
C1CCC(CC(CC2CCCCC2)C2CCCCC2)CC1
C1CCC(C2CCC3CCCC3C3CCC4CCCCC4C23)CC1
C1CCC(C2CC3CCCC3CC3CCC4CCCCC4C32)CC1
C1CCC(CCCC(CCC2CCC3CCCC3C2)CC2CCCCC2)CC1
C1CCC(CCCCC2CC3CCCCC3C2)CC1
C1CCC2CCC3C4CCCCC4CC(CC4CCCC4)C3C2CC1
C1CCC(CCC2CCC3C(CCC4C5CCCC5CCC(CCC5CCCCC5)C34)C2)CC1
C1CCC(CC2CC3CCCCC3C3CCC4CCCCCC4C23)CC1
C1CCC(C2CC3CCCC3C3CCC4CCCCC4CC23)CC1
C1CCC2C(C1)CCC1C3CCCCC3CCC21
C1CCC(C2CCC3CC4C(CCC5C6CCC(CCCC7CC8CCCCC8C7)C6CCC45)CC32)CC1
C(CCCC1CCCC2C(C3CCCCC3)CCC12)CCC1CCCCC1
C1CCC2CC(CC3CCCC4CCCC43)CCC2C1
C1CCC(C2CCC3C(CCC3C3CCCCC3)C2)CC1
C1CCC(CCCC(CC2CC3CCCCC3C2)C2CC2)CC1
C1CCC(CCCC2CCC3CCCC3C2)CC1
C1CCC(C2CC3CCCC3C3CCCC4CCCCC4C23)CC1
C1CCC(CCCCCC2CCCCC2)CC1
C1CCC(CCC2CCC3C(CCC3C3CCCCC3)C2)CC1
C1CCC(C2(CCCCC3CCC4CCCCC4C3)CCCC3CCCCC32)CC1
C1CCC2CC(CC3CCCC4CCCC43)CCC2C1
C1CCC(C2CCC3CC4C(CCCC45CCCCC5)CC32)CC1
C(CCCC1CCCCC1)CCCC1CCC(C2CCCCC2)C1
C1CCC2C(C1)CCC1C2CCCC2C3CCCC3CC21
C1CCC(CCCC2CCC3C2CCC2C4CC5CCC(C6CCCCC6)C5CC4CCCC32)CC1
C1CCC2CCC(C3CCCC4CCCC43)CC2CC1
C(CCCC1CCCC2CCCC12)CCC1CCCCC1
C1CCC(CCCCCC2CC3CCCCC3C2)CC1
C1CCC(CCC2CCCC3CC4C(CCC4C4CCCCC4)CC23)CC1
C1CCC(C2CC3C(CCCC34CCCC4)C3CCC4CCCCC4C23)CC1
C1CCC2CCC3C4CCCC4CCC3C2CC1
C1CCC(C2CC3CCCC3CC3CCC4CCCCC4C32)CC1
C(CCCC1CCCCC1)CCCC1CCC(CC2CCCCC2)C1
C1CCC(CCCCC2CCC3CCCCC23)CC1
C1CCC(CCCC2CCC3C(CCC3C3CCCCC3)C2)CC1
C(CCCC1CCCC2C(C3CCCCC3)CCC12)CCC1CCCCC1
C1CCC(CCC2CCC3C(CCC3C3CCCCC3)C2)CC1
C(CCCC1CCCCC1)CCCC1CCC(C2CCCCC2)C1
C1CCC2C(C1)CCC1CCCCC12
C(CCC1CCC2C1CCC1C3CCCCC3CCC21)CC1CC2CCCCC2C1
C(CCC1CCC2C1CCC1C3CCCCC3CCC21)CC1CCC2CCCCC2C1
C1CCC(C2CCC3CCCCC3C3CCCCC23)CC1
C1CCC(CCCCCC2CCCC3C(C4CCCCC4)CCC23)CC1
C1CCC(CCCCCC2CCCC3C(CC4CCCCC4)CCC23)CC1
C1CCC(CCC(CCC2CCC3CCCC3C2)CC2CCCCC2)CC1
C1CCC(C2CC3CCCC3C3CCC4CCCCCC4C23)CC1
C1CCC(CCC2CCC3C(CC4CCCCC4)CCC3C2)CC1
C1CCC2C(C1)CC(C1CCCC1)C1CCCCC21
C1CCC(CCCCCC2CC3CCCCC3C2)CC1
C1CCC(CCCC(CC2CCC3C(CCC3C3CCCCC3)C2)C2CCCCC2)CC1
C1CCC(CCCCC2CC3CCCCC3C2)CC1
C1CCC(CCCCC2CCC3CCCCC23)CC1
C1CCC(C2CCC3CCC4(CCCCC4C4CCCCC4)CCC32)CC1
C1CCC(CCC2CCC3C(CCC4CC(C5CCCCC5)CCCC43)C2)CC1
C1CCC(CCC2CCC3C(CCC4C5CCCC5CCC(CCC5CCCCC5)C34)C2)CC1
C(CCCC1CCCCC1)CCCC1CCC(C2CCCCC2)C1
C1CCC(CCCCC2CCC3CCCCC23)CC1
C1CCC2C(C1)CCC1CCCCC12
C1CCC2C(C1)CCC1C3CCCC3CCC21
C1CCC2C(C1)CCC1CCCCC12
C1CCC2CC(C3CCCC4CCCC43)CCC2C1
C1CCC(CCCCC2CCC3CCCCC23)CC1
C1CCC2CC(C3CCCC4CCCC43)CCC2C1
C1CCC(CCCC2CCCC3CC4C(CCC4C4CCCCC4)CC23)CC1
C1CCC(C2CCC3C(CCC3C3CCCCC3)C2)CC1
C1CCC2CC(CCCC3CCC4C3CCC3C5CCCCC5CCC43)CC2C1
C1CCC(CCCC2CCC3CCC(C4CCCC5CCCC54)CC3C2)CC1
C1CCC(C2CC3CCCC3C3CCC4CCCCCC4C23)CC1
C1CCC(C2CC3CCCC3C3CCC4CCCCC4C23)CC1
C1CCC2CCC(C3CCCC4CCCC43)CC2CC1
C1CCC(CCCC2CC3CCCCC3C2C2CCCCC2)CC1
C1CCC(CCCC2CC3CCCCC3C2C2CCCCC2)CC1
C1CCC(CCCC2CCCC3CCC(C4CCCC5CCCC54)CC3C2)CC1
C1CCC2CC(CCCC3CCC4C3CCC3C5CCCCC5CCC43)CC2C1
C1CCC2C(C1)CCC1CCCCC12
C1CCC(CCCCC2CCC3CCCCC23)CC1
C1CCC(C2CC3CCCC3C3CCC4CCCCC4C23)CC1
C1CCC(CC2CCCC(CCCC3CCC(CCC4CCC(C5CC5)CC4)CC3)C2)C1
C1CCC2CCC3C4CCCCC4CC(CC4CCCC4)C3C2CC1
C1CCC(CC2CC3CCCCC3C3CCC4CCCCC4C23)CC1
C1CCC(C2CCCC3(CCC4CC5C(CCC5C5CCCCC5)CC43)C2)CC1
C1CCC(CCC2CC3CCCCC3C2C2CCCCC2)CC1
C1CCC2CCC(C3CCCC4CCCC43)CC2CC1
C1CCC(CCC(CCC2CCC3CCCCC3C2)CC2CCCCC2)CC1
C1CCC(CCCCC2CC3CCCCC3C2)CC1
C1CCC2CC(C3CCCC3)CCC2C1
C1CCC(CCCC2CCCC3CCC(C4CCCC5CCCC54)CC3C2)CC1
C1CCC(C2CC3CCCCC3C3CCCCC23)CC1
C1CCC(CCCCC2CC3CCCCC3C2)CC1
C1CCC(CCC2CCC3C(CCC3C3CCCCC3)C2)CC1
C1CCC(CCC2CCCCC2)CC1
C1CCC(C2CCC3CC4C(CCC45CCCCCC5)CC32)CC1
C1CCC(CCCCCC2CCCC3C(C4CCCCC4)CCC23)CC1
C1CCC(CCCC2CCCCC3CCC(C4CCCC5CCCC54)CC23)CC1
C1CCC(C2CCC(CCCC3CCC4C3CCC3C5CCCCC5CCCC43)C2)CC1
C1CCC2C(C1)CCC1C3CCCC3CCCC21
C1CCC(C2CCC3CCC4C(CCC5C6CCC(CCCC7CCC8CCCCC8C7)C6CCC45)CC32)CC1
C1CCC2CC(C3CCCC4CCCC43)CCC2C1
C1CCC2CC(C3CCCC4CCCC43)CCC2C1
C1CCC(C2CCC3CCCC3C3CCC4CCCCC4C23)CC1
C1CCC2CC(C3CCCC4CCCC43)CCC2C1
C1CCC(CC2CCC(CC(CC3CCCCC3)C3CCCCC3)CC2)CC1
C1CCC(C2CCC3CCCC3C3CCC4CCCCC4C23)CC1
C1CCC(CCC2CC3CCCCC3C3CCC4CCCCC4C23)CC1
C1CCC(CCC(CC2CCCCC2)C2CCCCC2)CC1
C1CCC(CCCCC2CC3CCCCC3C2)CC1
C1CCC(C2CCC3CCCC3C3CCCC4CCCCC4C23)CC1
C1CCC(C2CC3CCCC3C3CCC4CCCCC4C23)CC1
C1CCC(C2CCC3CC4C(CCC5C6CCC(CCCC7CCC8CCCCC8C7)C6CCC45)CC32)CC1
C(CCC1CCCCC2CCCCC12)CC1CCC2CCCCC2C1
C1CCC(C2CCC3CCC4C(CCC45CCCCC5)CC32)CC1
C1CCC2C(C1)CCC1C3CCCCC3CCC21
C1CCC(CCCC2CC3CCCCC3C2C2CCCCC2)CC1
C1CCC(CCCCC2CC3CCCCC3C2)CC1
C(CCCC1CCCC2CCCCC12)CCC1CCC(C2CCCCC2)C1
C(CCC1CCCC2CCCC12)CC1CC2CCCCC2C1
C1CCC(C2CCC(CCCCCC3(C4CCCCC4)CCC3)C2)CC1
C1CCC(C2CCC3CC4C(CCC32)CCC42CCCCC2)CC1
C1CCC2CCC(C3CCCC4CCCC43)CC2CC1
C1CCC(CC2CCC3CC4C(CCC45CCCCC5)CC23)CC1
C1CCC(CCCC2(CCC3CCCC3)CCC3C4CCC5CCCCCC5C4CCC32)CC1
C(CCCCC1CCC(C2CCCCC2)C1)CCCC1CCCCC1
C1CCC(CCCC2CC3CCCCC3C2CC2CCCCC2)CC1
C1CCC(C2CCCC3CCCC3C3CCC4CCCCC4C23)CC1
C1CCC(CCCCCC2CCCC3C(C4CCCCC4)CCC23)CC1
C1CCC(CCCCCC2CC3CCCCC3C2)CC1
C1CCC(C2CCC3CC4C(CC5CCC6CCCCC65)CCCCC4CC32)CC1
C1CCC(CCCC2CCC(CCC3CCCC(CC4CCCC4)C3)CC2)CC1
C1CCC(C2CCC3CCCCC3C3CCC4CCCCC4C23)CC1
C1CCC(CCCCCC2CCCC3C(C4CCCCC4)CCC23)CC1
C1CCC2CC3CCC(C4CCCCC4)C3CC2CC1
C(CCC1CC2CCCCC2C1)CCC1CCCC2CCCC12
C(CC1CCC2CCCC2C1)CC1CCC2CCC(C3CCCC4CCCC43)CC2C1
C1CCC(CCCCC2CCC3CCCCC23)CC1
C1CCC(C2CCC3CC4C(CCCC45CCCC5)CC32)CC1
C1CCC(CCCCC2CC3CCCCC3C2)CC1
C1CCC(C2CCC3CC4C(CCC45CCCC5)CC32)CC1
C1CCC(CC2CCC(CC(CC3CCCCC3)C3CCCCC3)CC2)CC1
C1CCC2CCC3C4CCCC4CCC3C2CC1
C1CCC(CCCCC2CCC3C2CCC2C4CCCCC4CCC32)C1
C(CCC1CCCC2CCCC12)CC1CC2CCCCC2C1
C1CCC(C2CCC3CCCC3C3CCC4CCCCC4CC23)CC1
C1CCC2C(C1)CC(C1CCCC3CCCC31)C1CCCCC21
C1CCC(CC2CC3CCCCC3C3CCCC23)C1
C1CCC(C2CC3CCCC3C3CCC4CCCCC4CC23)CC1
C1CCC2CC(C3CCCC4CCCC43)CCC2C1
C1CCC2C(C1)CCC1C3CCCC3CCC21
C1CCC(CC2CC3CCCCC3C3CCC4CCCCCC4C23)CC1
C1CCC(CCC2CCC3C(CCC3C3CCCC(CCCC4CCCC4)C3)C2)CC1
C1CCC(CCCCCC2CCCC3C2CCC3C2CCC(CC3CC3)CC2)CC1
C(CCC1CCCC2CCCC12)CC1CC2CCCCC2C1
C1CCC(CCC(CCC2CCC3CCCC3C2)CC2CCCCC2)CC1
C1CCC(CCCCC2CC3CCCCC3C2)CC1
C1CCC(C2CCC3CCC4C(CCC45CCCC5)CC32)CC1
C1CCC(CCC2CCC3C(CCC3C3CCCCC3)C2)CC1
C1CCC(CCC2CCC3C(CCC3C3CCCCC3)C2)CC1
C1CCC(CCCC2CCC3C(CCC3C3CCCCC3)C2)CC1
C1CCC(C2CCC3CC4C(CCC32)CCC2C3CCC(CCCC5CC6CCCCC6C5)C3CCC42)CC1
C1CCC2C(C1)CCC1C3CCCCC3CCC21
C1CCC2CC(CC3CCCC4CCCC43)CCC2C1
C1CCC(CC2CC3CCCCC3C3CCC4CCCCC4C23)C1
C1CCC(CCCCCC2CC3CCCCC3C2)CC1
C1CCC(CCCC2CCC3C2CCC(C2CCCCC2)C2C4CCCCC4CCC32)CC1
C1CCC(CCCCCC2CCCC3C(CC4CCCCC4)CCC23)CC1
C1CCC(C2CCC3(CCCC4CC5C(CCC5C5CCCCC5)CC43)C2)CC1
C1CCC2C(C1)CCC1C3CCCCC3CCC21
C1CCC(CCC2CCC(CCC3CCCC(CC4CCCCC4)C3)CC2)CC1
C1CCC(CC2CCC(CC(CC3CCCCC3)C3CCCCC3)CC2)CC1
C1CCC2CCC3C4CCC(CCCC5CC6CCCCC6C5)C4CCC3C2CC1
C(CCC1CCC2CCCCC2C1)CCC1CCCCC2CCCCC12
C1CCC(CCCC2CC3CCCC3C3CCC4CC(CCC5CCCCC5)CCC4C23)CC1
C1CCC(C2CCC3CC4C(CCC32)CCC2C3CCC(CCCC5CCC6CCCCC6C5)C3CCC42)CC1
C1CCC(C2CC3CCCC3C3CCC4CCCCC4C23)CC1
C1CCC2C(C1)CCC1CCCCC12
C1CCC(CCC(CCC2CCC3CCCC3C2)CC2CCCCC2)CC1
C1CCC2CC(C3CCCC4CCCC43)CCC2C1
C1CCC(CCCCCC2CC3CCCCC3C2)CC1
C1CCC2CC(C3CCCC4CCCC43)CCC2C1
C1CCC(C2CCC(CCCC3CCC4C3CCC3C5CCCCC5CCC43)C2)CC1
C1CCC2CCC(C3CCCC4CCCC43)CC2CC1
C1CCC2CCC3C4CCC(CCCC5CC6CCCCC6C5)C4CCC3C2CC1
C(CCCC1CCCCC1)CCCC1CCC(C2CCCCC2)C1
C1CCC2CCC3C4CCCC4CCC3C2CC1
C1CCC2CCC(C3CCCC4CCCC43)CC2CC1
C1CCC(C2CC3CCCC3C3CCC4CCCCCC4C23)CC1
C1CCC(CCC2CCC(C3CCC3)CC2)CC1
C1CCC2C(C1)CCC1CCCCC12
C1CCC(CCCCCC2CCCC3C(C4CCCCC4)CCC23)CC1
C1CC(C2CCC(C3CC4CCCC4C4CCC5CCCCC5C34)CC2)C1
C1CCC(CCCCCC2CCCC3C2CCC3C2CCC(CC3CC3)CC2)CC1
C1CCC2CCC3C4CCCC4CCC3C2CC1
C1CCC2C(C1)CCC1C3CCCC3CCC21
C1CCC(CCC(CCC2CCCCC2)CCC2CCC3CCCC3C2)CC1
C1CCC(C2CCC3CCCC3C3CCC4CCCCC4C23)CC1
C1CCC2C(C1)CCC1C3CCCCC3CCC21
C1CCC(CCC2CCC3C(CC4CCCCC4)CCC3C2)CC1
C1CCCC(CC2CCCCC2CC2CC3CCCCC3C3CCC4CCCCC4C23)CC1
C1CCC(C2CC3CCCC3C3CCCC4CCCCC4C23)CC1
C1CCC(CC2CCC3C(CCCCCC4CCC(C5CCCC5)C4)CCCC23)CC1
C1CCC(C2CCC3CCCC3C3CCC4CCCCC4C23)CC1
C1CCC(CCC2CCC(C3CCC4C(CCC4C4CCCCC4)C3)CC2)CC1
C1CCC(C2CCCC(CC3CCC4CCCCC4C4CCC5CCCCC5C34)C2)C1
C1CCC2C(C1)CCC1C2CCC2C3CCCC3CC21
C1CCC(CC2CC3CCCCC3C3CCC4CCCCC4C23)CC1
C1CCC(CC2CC3CCCCC3C3CCC4CCCCCC4C23)CC1
C1CCC(CCCCCC2CC3CCCCC3C2)CC1
C1CCC(CC2CCC3C(CCC3C3CCCCC3)C2)CC1
C1CCC(CCCC2CCC3C(CCC4CC(C5CCCCC5)CCC43)C2)CC1
C1CCC(CCCC(CCC2CCC3CCCC3C2)CC2CCCCC2)CC1
C1CCC(C2CC3C(CCC34CCCC4)C3CCC4CCCCC4C23)CC1
C1CCC(CCCCCC2CC3CCCCC3C2)CC1
C1CCC(CCCCCC2CCCC3C(C4CCCCC4)CCC23)CC1
C1CCC(CC2CCC3CCCCC3C3CCC4CCCCC4C23)CC1
C1CCC2CCC(C3CCCC4CCCC43)CC2CC1
C(CCC1CCC2C(CCC3C4CCCC4CCCC23)C1)CC1CCC(C2CCC(C3CC4CCCC4C4CCC5CCCCC5C34)CC2)CC1
C1CCC(CCCCC2CC3CCCCC3C2)CC1
C1CCC2C(C1)CCC1C3CCCC3CCC21
C1CCC(C2CC3CCCC3C3CCC4CCCCC4C23)CC1
C1CCC(C2CCC3CC4C(CCC5C6CCC(CCCC7CC8CCCCC8C7)C6CCC45)CC32)CC1
C1CCC(C2CCC3CC4C(CCC45CCCC5)CC32)CC1
C1CCC(C2C3CCCCC3CC3CC4CCCC4CC32)CC1
C1CCC(CCCCC2CCCC3CCC(C4CCCCC4)CC23)CC1
C1CCC(C2CCC3C(CCCCCC4CCC4)CCCC23)CC1
C1CCC(C2CCC3CC(C4CCC(CCC5CCCC5)CC4)CCC32)CC1
C(CCCC1CCCCC1)CCCC1CCC(C2CCCCC2)C1
C1CCC2CCC3C4CCCC4CC(C4CCC(C5CCC5)CC4)C3C2CC1
C1CCC(C2CCC(CC3CC4CCCCC4C4CCC5CCCCCC5C34)CC2)CC1
C1CCC(C2CCC3CC4C(CCC45CCCCC5)CC32)CC1
C1CCC(CCC2CCC(CCC3CCCC(CCC4CCCC4)C3)CC2)CC1
C1CCC(CCC2CCC3C(CCC3C3CCCCC3)C2)CC1
C1CCC2CC(CCCC3CCCC4CCCCC43)CC2C1
C1CCC(C2CCC3CC4(CCCCCC4C4CCCCC4)CCC32)CC1
C1CCC(C2CC3CCCC3C3CCC4CCCCC4C23)CC1
C1CCC(C2CCC3CCCC3C3CCC4CCCCC4C23)CC1
C1CCC(C2CCC(CC3CC4CCCCC4C4CCC5CCCCC5C34)CC2)CC1
C1CCC(C2CC3CCCC3C3CCC4CCCCC4C23)CC1
C1CCC(C2CC3CCCCC3C3CCCCC23)CC1
C1CCC2CCC(C3CCCC3)CC2CC1
C(CCC1CCCC2CCCCC12)CC1CC2CCCCC2C1
C1CCC(C2CCCC3C(CCC4CCCCC43)C2)CC1
C1CCC(C2CC3CCCC3C3CCC4CCCCC4C23)CC1
C1CCC(CC2CCC(CC(CC3CCCCC3)C3CCCCC3)CC2)CC1
C1CCC(CCC2(CCCC3CC4CCCCC4C3)CCC3C4CCCC5CCCCC5C4CCC32)C1
C1CCC(CCCCC2CC3CCCCC3C2)CC1
C(CCCC1CCCC2C(C3CCCCC3)CCC12)CCC1CCCCC1
C1CCC(CCC2(CCCC3CCC4CCCCC4C3)CCC3C4CCC5CCCCC5C4CCCC32)C1
C1CCC(CCC2CCCC3CC4C(CC5CCCCC5)CCC4CC23)CC1
C1CCC(CC2CCC3CCCCC3C3CCC4CCCCC4C23)C1
C1CCC(CC23CCCCC2CCC2C4CCCC4CCC23)CC1
C1CCC(CCC2(CCCC3CC4CCCCC4C3)CCC3C4CCC5CCCCC5C4CCC32)C1
C1CCC(CCC2CCC3C(CCC3C3CCCCC3)C2)CC1
C1CCC(CCC2CCC3C(CCC3C3CCCCC3)C2)CC1
C1CCC2C(C1)CCCC1C3CCCC3CCC21
C1CCC(CC2CC3CCCCC3CC3CCC4CCCCC4C32)C1
C1CCC(C2CCC3CC(C4CCC(CCCC5CCCC5)CC4)CCC32)CC1
C1CCC(C2CCC3CC4C(CCC45CCCC5)CC32)CC1
C1CCC(C2CC3CCCCC3C3CCC4CCCCC4C23)CC1
C1CCC(CCC2CCC3C(CCC3C3CCCC(CCC4CCCC4)C3)C2)CC1
C1CCC(C2CC3CCCC3C3CCC4CCCCC4CC23)CC1
C1CCC(CC2CC3CCCCC3CC3CCC4CCCCC4C32)CC1
C1CCC(CC2CC3CCCCC3C3CCC4CCCCC4C23)CC1
C1CCC(CCC2(CCCC3CC4CCCCC4C3)CCC3C4CCC5CCCCC5C(CCC32)C4)C1
C(CCCC1CCCCC1)CCCC1CCC(C2CCCCC2)C1
C(CCCC1CCCCC1)CCCC1CCC(C2CCCCC2)C1
C1CCC2CC(C3CCCC4CCCC43)CCC2C1
C(CCC1CCCC2CCCC12)CC1CC2CCCCC2C1
C1CCC(CCCCC2C3CCCCC3CCC2C2CCCC3CCCC32)CC1
C1CCC(CCC2CCC3C(CCC3C3CCCCC3)C2)CC1
C(CCC1CCCC2CCCCC12)CC1CCCC2CCCCC12
C1CCC2CCC(C3CCCC3)CC2CC1
C(CCCC1CCCCC1)CCC1CCCCC1
C1CCC(CCC2CCC(CCC3CCCC(CC4CCCC4)C3)CC2)CC1
C1CCC(C2CCC3CC4C(CCCC45CCCC5)CCC32)CC1
C1CCC(CCC2CCC3C(CCCC4CC(C5CCCCC5)CCC43)C2)CC1
C1CCC(C2CC3CCCC3C3CCC4CCCCC4C23)CC1
C1CCC(C2CCC3CC4C(CCC5C6CCCC6CCC45)CC32)CC1
C1CCC(CCCC2CCC3C(CCC4CC(C5CCCCC5)CCC43)C2)CC1
C1CCC2CCC3C4CCCC4CCC3C2CC1
C1CCC2C(C1)CCC1C3CCCC3CCC21
C1CCC(CC23CCCCC2CCC2C(CCC4CCCC42)C3)CC1
C(CCCC1CCCC2C(C3CCCCC3)CCC12)CCC1CCCCC1
C1CCC2C(C1)CCC1CCCCC12
C1CCC(CCC2CCC3C(CCC4CCCCC43)C2)CC1
C1CCC(C2CCC3(CCCC4CC5C(CCC5C5CCCCC5)CC43)C2)CC1
C1CCC2CC(C3CCCC4CCCC43)CCC2C1
C1CCC(C2CCCCC2CC2CC3CCCCC3C3CCC4CCCCCC4C23)CC1
C(CCCC1CCCC2CCCCC12)CCC1CCC(C2CCCCC2)C1
C1CCC(CCCCCC2CCC3CCCCC23)CC1
C1CCC(CCCCCC2CC3CCCCC3C2)CC1
C1CCC(CC2CC3CCCCC3C3CCC4CCCCCC4C23)CC1
C1CCC(CC2CCC3C(CCC3C3CCCCC3)C2)CC1
C1CCC(CCCCCC2CCC3CCCCC23)CC1
C1CCC(CC2CCC(C3CCC4CCCC4C4CCC5CCCCC5C34)CC2)CC1
C1CCC2CCC3C4CCC(CCCC5CC6CCCCC6C5)C4CCC3C2CC1
C1CCC(CC2CCC3C(CCC3C3CCCCC3)C2)CC1
C1CCC2CCC3C(CCC4C5CCCC5CC43)C2CC1
C1CCC(CC2CC3CCCCC3C3CCCCC23)CC1
C1CCC(CCC2CCC3C(CCC4CCCCC43)C2)CC1
C1CCC(CC2CC3CCCCC3C3CCC4CCCCCC4C23)CC1
C1CCC(CC2CC3CCCCC3C3CCC4CCCCC4C3C2)CC1
C1CCC(CCCCC2(CCC3CCCC3)CCC3C4CCC5CCCCC5C4CCC32)CC1
C1CCC(C2CCC(CCCCCC3CCCC4C(C5CCCCC5)CCC34)C2)CC1
C1CCC(CCCCCC2CCCC3C(C4CCCCC4)CCC23)CC1
C(CCCC1CCCC2CCCC12)CCC1CCC2CCCCC2C1
C1CCC2CC(CCCC3CCC4C3CCC3C5CCCCC5CCC43)CC2C1
C1CCC(CCC2(CCCC3CC4CCCCC4C3)CCC3C4CCC5CCCCC5C4CCC32)C1
C1CCC(C2CCC3CC4C(CCCC45CCCC5)CC32)CC1
C1CCC(CCC2CCC3C(CC4CCCCC4)CCC3C2)CC1
C1CC2CCCC2C(CC2CC3CCCCC3C3CCCC23)C1
C1CCC(CCCCCC2CC3CCCCC3C2)CC1
C1CCC(CCCC2CCCCC2)CC1
C1CCC(C2CC3C(CCC34CCCC4)C3CCCC4CCCCC4C23)CC1
C1CCC2C(C1)CC(C1CCCC1)C1CCCC21
C1CCC(C2CCC3CC4C(CCC5CC6CCCCC6C5)CCCC4CC32)CC1
C1CCC(C2CCC3CC4CCCCC4CC32)CC1
C1CCC(CCCCC2CC3CCCCC3C2)CC1
C1CCC2CCC3C4CCC(CCCC5CCC6CCCCC6C5)C4CCC3C2CC1
C(CCC1CCCC2CCCC12)CC1CC2CCCCC2C1
C1CCC(CCCC2CC3CCCC3C3CCC4CC(CCC5CCCCC5)CCC4C23)CC1
C1CCC(C2CCC3CC4C(CCC32)CCC2C3CCC(CCCC5CC6CCCCC6C5)C3CCC42)CC1
C1CCC(C2(CCCCC3CCC4CCCCC4C3)CCCC3CCCCC32)CC1
C1CCC(CCCCC2CC3CCCCC3C2)CC1
C(CCC1CCCC1)CCC1CCCC2CCCCC12
C1CCC(C2CC3CCCCC3C3CCCCC23)CC1
C(CCCC1CCCC2CCCC12)CCC1CCC2CCCCC2C1
C1CCC2C(C1)CC(C1CCCC1)C1CCCCC21
C1CCC2C(C1)CCC1C3CCCC3CCCC21
C1CCC(CC2CC3CCCCC3C3CCCCC23)CC1
C1CCC(C2CCC3CC4C(CCC45CCCCC5)CC32)CC1
C1CCC2CCC(C3CCCC4CCCC43)CC2CC1
C1CCC(C2CCC3C(CCC4CCCCC43)C2)CC1
C1CCC(CCCC2CCC3CCC(C4CCCC5CCCC54)CC3C2)CC1
C1CCC(CCC2CCC3C(CCC3C3CCCCC3)C2)CC1
C1CCC(C2CCC3CC4C(CCC32)CCC42CCCC2)CC1
C1CCC(CCCCC2CC3CCCCC3C2)CC1
C1CCC(CCC(CCC2CCC3CCCCC3C2)CC2CCCCC2)CC1
C1CCC2C(C1)CCC1C2CCCC2C3CCCC3CC21
C1CCC(CCCC2CCC3CCCC3C2)CC1
C1CCC(CC2CCC(C3CC4CCCC4C4CCC5CCCCCC5C34)CC2)CC1
C1CCC(CC2CC3CCCCC3C3CCC4CCCCC4C23)CC1
C1CCC(CCC2CCC3C(CCC3C3CCCCC3)C2)CC1
C1CCC(C2CCC3CC4C(CCC32)CCC42CCCCC2)CC1
C1CCC(CCCCCC2CCCC3CCC(C4CCCCC4)CC23)CC1
C1CCC(C2CCC3CC4C(CCCC4CC4CC5CCCCC5C4)CCC32)CC1
C1CCC(CCCCCC2CC3CCCCC3C2)CC1
C1CCC(CC2CC3CCCCC3C3CCC4CCCCCC4C23)CC1
C1CCC2C(C1)CCCC1C3CCCC3CCC21
C(CCCC1CCCCC1)CCCC1CCC(C2CCCCC2)C1
C1CCC(CCCC2CCC(CCC3CCCCC3)CC2)CC1
C1CCC(CCCCCC2CC3CCCCC3C2)CC1
C1CCC(CCCCC2CC3CCCCC3C2)CC1
C1CCC(C2CC3CCCC3C3CCCC4CCCCC4C23)CC1
C1CCC(C2CCC3CC4C(CCC45CCCC5)CC32)CC1
C1CCC(CCC2(CCCC3CC4CCCCC4C3)CCC3C4CCCC5CCCCC5C4CCC32)C1
C1CCC(CCCCCC2CCCC3C(C4CCCCC4)CCC23)CC1
C1CCC(CCCCCC2CC3CCCCC3C2)CC1
C(CCC1CCC2C1CCC1C3CCCCC3CCC21)CC1CC2CCCCC2C1
C1CCC(CCCCCC2CC3CCCCC3C2)CC1
C1CCC(CCC2CCC3C(CCC4C5CCCC5CC(CCC5CCCCC5)C34)C2)CC1
C1CCC(CCC2CCC3C(CCC3C3CCCCC3)C2)CC1
C1CCC2CCC3C4CCCC4CCC3C2CC1
C1CCC2C(C1)CCCC2CCCC1CCCC2CCCCC21
C1CCC(C2CCC(CCCCCC3CCCC4CCCCC34)C2)CC1
C1CCC2C(C1)CCC1C3CCCC3CCC21
C1CCC(CCCCCC2C3CCCCC3CCC2C2CCCC3CCCC32)CC1
C1CCC2CC(CC3CCCC4CCCC43)CCC2C1
C1CCC(CCC2CCCC3CCC4C(CCC4C4CCCCC4)CC23)CC1
C1CCC2CCC3C4CCC(CCCC5CCCC5)C4CCC3C2CC1
C1CCC2CC(CCCC3CCC4C3CCC3C5CCCCC5CCCC43)CCC2C1
C1CCC(CCC2CCC3C(CCC3C3CCCCC3)C2)CC1
C1CCC(CCC2(CCCC3CC4CCCCC4C3)CCC3C4CCCC5CCCCC5C4CCC32)C1
C1CCC(CCC2CCC3C(CCC3C3CCCCC3)C2)CC1
C1CCC2CCC3C4CCCCC4CC(CC4CCCC4)C3C2CC1
C1CCC(C2CC3CCCC3C3CCC4CCCCC4C23)CC1
C1CCC(CCCC2CCC3CCC(C4CCCC5CCCC54)CC3C2)CC1
C1CCC(C2CCC3CCC4(CCCCC4C4CCCCC4)CCC32)CC1
C1CCC(CCC(CCC2CCCCC2)CCC2CCC3CCCC3C2)CC1
C1CCC2CCC(C3CCCC4CCCC43)CC2CC1
C1CCC(C2CC3CCCC(C3)C3CCC4CCCCC4C32)CC1
C1CCC(C2CCC3(CCC4CC5C(CCC5C5CCCCC5)CCC43)C2)CC1
C1CCC(CCC2CCC(C3CCC4C(CCC4C4CCCCC4)C3)CC2)CC1
C(CCC1CCCC2CCCCC12)CC1CCC2CCCCC2C1
C1CCC(C2CC3CCCC3C3CCCC4CCCCC4C23)CC1
C1CCC2C(C1)CCC1C3CCCCC3CCC21
C1CCC(C2CCC3CC4C(CCCC45CCCC5)CC32)CC1
C1CCC2CCC(C3CCCC4CCCC43)CC2CC1
C1CCC(CC2CC3CCCCC3C3CCC4CCCCC4C3C2)CC1
C1CCC2C(C1)CCC1C3CCCC3CCCC21
C1CCC(CCCCCC2CC3CCCCC3C2)CC1
C1CCC2CCC(C3CCCC4CCCC43)CC2CC1
C1CCC(CCC2CCC(C3CCC3)CC2)CC1
C1CCC(C2CCC3CC4C(CCC32)CCC2C3CCC(CCCC5CCC6CCCCC6C5)C3CCC42)CC1
C1CCC(CC2CCC(CC(CC3CCCCC3)C3CCCCC3)CC2)CC1
C1CCC(CC2CC3CCCCC3C3CCC4CCCCC4C23)CC1
C(CCCC1CCCCC1)CCCC1CCC(C2CCCCC2)C1
C(CCC1CCCC2CCCC12)CC1CC2CCCCC2C1
C1CCC(C2CC3CCCC3C3CCC4CCCCCC4C23)CC1
C1CCC(CCC2CCC3C(CCC3C3CCCCC3)C2)CC1
C1CCC(CCCCCC2CCCC3C2CCC3C2CCC(CC3CCC3)CC2)CC1
C1CCC(C2CC3CCCC3C3CCC4CCCCC4C23)CC1
C1CCC(CCCCC2CC3CCCCC3C2)CC1
C(CCC1CCCC2CCCCC12)CC1CCC2CCCCC2C1
C1CCC(CCC(CCC2CC3CCCCC3C2)C2CC2)CC1
C1CCC(CCCCCC2CCCC3C(C4CCCCC4)CCC23)CC1
C1CCC(CCC2CCC3C(CCC4C5CCCC5CC(CCC5CCCCC5)C34)C2)CC1
C(CCCC1CCCCC1)CCCC1CCC(C2CCCCC2)C1
C1CCC(CCCCCC2CCCC3C(CC4CCCCC4)CCC23)CC1
C1CCC(CCCCCC2CCC3CCCCC23)CC1
C1CCC(C2CCC3CC4C(CC5CCC6CCCCC65)CCCC4CC32)CC1
C(CCCC1CCCC2C(C3CCCCC3)CCC12)CCC1CCC(C2CCCC2)C1
C1CCC2CCC(C3CCCC4CCCC43)CC2CC1
C1CCC(C2CCC3CC4C(CCCCC5CC5)CCCC4CC32)CC1
C1CCC(CCC2CCC3C(CCC3C3CCCCC3)C2)CC1
C1CCC(CC2CCC3C(CCC3C3CCCCC3)C2)CC1
C1CCC(C2CCC3CC4C(CCC45CCCCC5)CC32)CC1
C1CCC2C(C1)CC(C1CCCC1)C1CCCC21
C1CCC(CCCC2CCC3CCCC3C2)CC1
C1CCC(CCCCCC2CCCC3C2CCC3C2CCCC(CC3CCCC3)C2)CC1
C1CCC(CCC2CCC3C2CCC(C2CCCCC2)C2C4CCCCC4CCCC32)CC1
C1CCC(CCC2CCC3C(CCC3C3CCCCC3)C2)CC1
C1CCC(CCC2CCC3C(CCC3C3CCCC(CCCC4CCCC4)C3)C2)CC1
C1CCC(CC2CC3CCCCC3C3CCC4CCCCCC4C23)CC1
C1CCC(C2CC3CCCC3C3CCC4CCCCCC4C23)CC1
C(CCCC1CCCC2C(C3CCCCC3)CCC12)CCC1CCCCC1
C1CCC(C2CC3CCCC3C3CCC4CCCCC4C23)CC1
C1CCC2CC(CCCC3CCC4C3CCCC3C5CCCCC5CCC34)CC2C1
C1CCC2CCC(C3CCCC4CCCC43)CC2CC1
C1CCC(CCCCC2CC3CCCCC3C2)CC1
C(CCCC1CCCCC1)CCCC1CCC(C2CCCCC2)C1
C1CCC(CCC2CCC3C(CC4CCCCC4)CCC3C2)CC1
C1CCC(CCC2CCC3C(CCC3C3CCCCC3)C2)CC1
C1CCC(CCCCCC2CC3CCCCC3C2)CC1
C1CCC(CCCCCC2CCCC3C(C4CCCCC4)CCC23)CC1
C1CCC(C2CCC3CC4C(CCC45CCCCC5)CC32)CC1
C1CCC(CCCCCC2CC3CCCCC3C2)CC1
C1CCC(CCCCC2CCC3CCCCC23)CC1
C(CCCCC1CCC(C2CCCCC2)C1)CCCC1CCCCC1
C(CCCC1CCCC2C(C3CCCCC3)CCC12)CCC1CCCCC1
C1CCC(C2CC3CCCCC3C3CCC4CCCCC4C23)CC1
C(CCCC1CCCC2C(C3CCCCC3)CCC12)CCC1CCCCC1
C1CCC(C2CC3CCCC3C3CCC4CCCCC4C23)CC1
C1CCC2C(C1)CCC1C3CCCC3CCC21
C1CCC(C2CC3CCCC3C3CCCC4CCCCC4C23)CC1
C1CCC(C2CC3CCCC3C3CCC4CCCCCC4C23)CC1
C1CCC(CCC2CCC3C(CCC3C3CCCC(CCC4CCCCC4)C3)C2)CC1
C1CCC(C2CCC3CC4C(CCC5CC6CCC(CCCC7CC8CCCCC8C7)C6CCC54)CC32)CC1
C1CCC(CCCC2CCC3C(CCC3C3CCCCC3)C2)CC1
C1CCC(CCC2CCC3C(CCC4C5CCCCC5CCC34)C2)CC1
C(CCCC1CCCCC1)CCCC1CCC(C2CCCCC2)C1
C1CCC(CCCCC2CC3CCCCC3C2)CC1
C1CCC(CCC2CCC3C(CCC3C3CCCCC3)C2)CC1
C1CCC2CCC(C3CCCC4CCCC43)CC2CC1
C1CCC(CCCCCC2CC3CCCCC3C2)CC1
C1CCC(C2CC3CCCC3C3CCC4CCCCC4C23)CC1
C1CCC(C2CC3CCCC3C3CCC4CCCCC4C23)CC1
C1CCC(CCC2CCC3C(CCC3C3CCCCC3)C2)CC1
C1CCC2CC(C3CCCC4CCCC43)CCC2C1
C(CCC1CCCC2CCCCC12)CC1CCCC2CCCCC12
C1CCC(CCCC2CCCC3CC4C(CCC4C4CCCCC4)CC23)CC1
C1CCC2C(C1)CCC1C3CCCC3CCC21
C1CCC(CCCCC2CC3CCCCC3C2)CC1
C1CCC2C(C1)CCC1C2CCC2C3CCCC3CC21
C1CCC(CCCCCC2CCCC3CCCC23)CC1
C1CCC(C2CCC3CC4C(CCC5C6CCC(CCCCC7CC8CCCCC8C7)C6CCC45)CC32)CC1
C1CCC2CC(CCCC3CCCC4C3CCC3C5CCCCC5CCC43)CC2C1
C1CCC(CCC(CC2CC3CCCCC3C2)C2CC2)CC1
C1CCC(CCCCCC2CCCC3C(C4CCCCC4)CCC23)CC1
C1CCC(CC2CCC3C(CCC3C3CCCCC3)C2)CC1
C1CCC(CC2CCC3CCCCC3C3CCC4CCCCC4C23)CC1
C1CCC(CCC2CCC(CCC3CCCC(CC4CCCCC4)C3)CC2)CC1
C1CCC(CCC2CCC3C(CC4CCCCC4)CCC3C2)CC1
C(CCC1CCCC2CCCC12)CC1CC2CCCCC2C1
C(CCCC1CCCC2CCCCC12)CCC1CCC(C2CCCCC2)C1
C1CCC2C(C1)CCCC1C3CCCC3CCC21
C(CCC1CCC2CCCCC2C1)CCC1(C2CCCC2)CCCC2CCCCC21
C1CCC(C2CC3CCCCC3C3CCC4CCCCC4C23)CC1
C1CCC(C2CC3CCCC3C3CCC4CCCCCC4C23)CC1
C1CCC2C(C1)CCC1C2CCC2C3CCCC3CC21
C1CCC(CC2CC3CCCCC3C3CCC4CCCCC4C23)CC1
C1CCC(CCCCC2CCC3CCCCC23)CC1
C1CCC(CCC2CCCC3CC4C(CCC23)CCC4C2CCCCC2)CC1
C1CCC(CC2CC3CCCCC3C3CCCCC23)CC1
C1CCC(CCCC2CCCC3CCC(C4CCCC5CCCC54)CC3C2)CC1
C1CCC2CC(CCCC3CCC4C3CCC3C5CCCCC5CCCC43)CCC2C1
C(CCCC1CCCC2C(C3CCCCC3)CCC12)CCC1CCCCC1
C1CCC(C2CCC3C(CCC4CCCCC43)C2)CC1
C1CCC2CCC3C4CCC(CCCC5CC6CCCCC6C5)C4CCC3C2CC1
C1CCC(CCCCCC2CCCC3C(C4CCCCC4)CCC23)CC1
C1CCC(C2CCC3CC4C(CCC5C6CCC(CCCC7CCC8CCCCC8C7)C6CCCC45)CC32)CC1
C1CCC(CCCCCC2CCCC3C(C4CCCCC4)CCC23)CC1
C1CCC2CCC(C3CCCC4CCCC43)CC2CC1
C1CCC(C2CCCC(CC3CC4CCCCC4C4CCC5CCCCC5C34)C2)C1
C1CCC(CCCCCC2CC3CCCCC3C2)CC1
C1CCC(C2CC3CCCCC3C3CCCCC23)CC1
C1CCC(C2CCC3C(CCC4CCCCC43)C2)CC1
C1CCC(CCC2CC3CCCCC3C3CCC4CCCCC4C23)C1
C1CCC(CCCCCC2CC3CCCCC3C2)CC1
C1CCC2CCC(C3CCCC4CCCC43)CC2CC1
C1CCC2CCC3C4CCCCC4CC(CC4CCCC4)C3C2CC1
C1CCC(CCCC2CCC3CCC(C4CCCC5CCCC54)CC3C2)CC1
C1CCC2CCC3C(CCC4C3CCC4(CCCC3CCCC3)CCC3CCCC3)C2CC1
C1CCC(C2CCC3CCC4C(CCC5C6CCC(CCCC7CCC8CCCCC8C7)C6CCC45)CC32)CC1
C1CCC(C2CCC3CC4C(CCC32)CCC2C3CCC(CCCC5CCC6CCCCC6C5)C3CCC42)CC1
C1CCC(CCCCCC2CCCC3C(CC4CCCCC4)CCC23)CC1
C1CCC(C2CC3CCCC3C3CCCC4CCCCC4C23)CC1
C1CCC2C(C1)CCC1C3CCCC3CCC21
C(CCCC1CCCCC1)CCC1CCCCC1
C1CCC2CCC(C3CCCC4CCCC43)CC2CC1
C1CCC(C2CCC3C(CCCCCC4CC4)CCCC23)CC1
C1CCC(C2CCCC3C(CCC4CCCCC43)C2)CC1
C1CCC(C2CCC3CC4C(CCC32)CCC42CCCCC2)CC1
C1CCC(CCCCCC2CC3CCCCC3C2)CC1
C1CCC(CCCC2CCC3C2CCC2C4CC5CCC(C6CCCCC6)C5CC4CCC32)CC1
C(CCC1CCCC2CCCCC12)CC1CCC2CCCCC2C1
C1CCC2CC(C3CCCC4CCCC43)CCC2C1
C1CCC(C2CC3CCCC3C3CCC4CCCCC4C23)CC1
C1CCC(CCC2CCC3C(CCC3C3CCCCC3)C2)CC1
C1CCC(CC2CC3CCCCC3C3CCC4CCCCC4C3C2)C1
C(CCCC1CCCC2C(C3CCCCC3)CCC12)CCC1CCCCC1
C1CCC(CC2CCCCC2CC2CC3CCCCC3C3CCC4CCCCCC4C23)CC1
C1CCC(CCCCC2CCC3CCCCC3C2)CC1
C1CCC(CCC2CCC(C3CCC4C(CCC4C4CCCCC4)C3)CC2)CC1
C1CCC(C2CCC3C(CCC4CCCCC43)C2)CC1
C1CCC(CCCCC2C3CCCCC3CCC2C2CCCC3CCCC32)CC1
C1CCC(C2CC3CCCC3C3CCCC4CCCCC4C23)CC1
C1CCC(C2CCC3CC4(CCCCCCC4C4CCCCC4)CCC32)CC1
C1CCC(C2CCC3C(CCC4CCCCC43)C2)CC1
C1CCC(CCCCCC2CC3CCCCC3C2)CC1
C1CCC(CCCCCC2CCC3CCCC3C2)CC1
C1CCC(C2CC3CCCC3C3CCC4CCCCC4C23)CC1
C1CCC2C(C1)CCC1C2CCC2C3CCCC3CC21
C1CCC(CCC(CCC2CCCCC2)CCC2CCC3CCCC3C2)CC1
C1CCC(CC(CC2CCCCC2)C2CCCCC2)CC1
C1CCC(CCCCC2CC3CCCCC3C2)CC1
C1CCC2CCC(C3CCCC4CCCC43)CC2CC1
C1CCC(C2CC3CCCC3C3CCC4CCCCC4C23)CC1
C1CCC(CCCCC2CC3CCCCC3C2)CC1
C1CCC(CC2CC3CCCCC3C3CCC4CCCCCC4C23)CC1
C1CCC2CCC(C3CCCC4CCCC43)CC2CC1
C1CCC(CCCCCC2CCCC3C(C4CCCCC4)CCC23)CC1
C1CCC(C2CCC3CCC4CCCCC4C3CC2)CC1
C1CCC(CCCC2CCCC3CCC(C4CCCC5CCCC54)CC3C2)CC1
C1CCC(C2CCC3CC4CCCCC4CCC32)CC1
C(CCC1CCC2C(CCC3C4CCCC4CCC23)C1)CC1CCC(CC2CCC(C3CC4CCCC4C4CCC5CCCCC5C34)CC2)CC1
C1CCC(CC2CC3CCCCC3C3CCC4CCCCC4C23)C1
C1CCC(CC2CC3CCCCC3C2C2CCCCC2)CC1
C(CCCC1CCCC2CCCCC12)CCC1CCC(C2CCCCC2)C1
C1CCC(C2CC3CCCCC3C3CCC4CCCCC4C23)CC1
C1CCC(CC2CCC3C(CCC4CCCCC43)C2)CC1
C1CCC(C2CCC3CC4C(CCCCC45CCCC5)CC32)CC1
C1CCC2CCC3CCCCC3C2CC1
C1CCC2CC(CCCC3CCC4C3CCC3C5CCCCC5CCC43)CC2C1
C1CCC(C2CCC3C(CCCC4CCCCC43)C2)CC1
C1CCC(CCC2CCC3C(CCC3C3CCCCC3)C2)CC1
C1CCC(CCCC2CCCC(C3CCC4CC(CCCC5CCC6CCCCC6C5)CCC43)C2)CC1
C1CCC(CCC2CCC(CCCC3CCCC(CC4CCCC4)C3)CC2)CC1
C1CCC(C2CCC3CCCC3C3CCC4CCCCC4CC23)CC1
C1CCC(CC2CCC(C3CC4CCCC4C4CCCC5CCCCC5C34)CC2)CC1
C(CCC1CCCC2CCCCC12)CC1CCCC2CCCCC12
C1CCC2CCC3C4CCCC4CCC3C2CC1
C1CCC(CCCCC2CC3CCCCC3C2)CC1
C1CCC(CCCCC2CCC3CCCCC3C2)CC1
C1CCC(C2CCC3CC(C4CCC(CCC5CCCC5)CC4)CCC32)CC1
C1CCC(C2CCC3CC4C(CCC45CCCC5)CC32)CC1
C1CCC2CC(CCCC3CCC4C3CCC3C5CCCCC5CCC43)CC2C1
C1CCC(C2CC3CCCCC3C3CCCCC23)CC1
C(CCCC1CCCC2C(C3CCCCC3)CCC12)CCC1CCCCC1
C1CCC2CCC(C3CCCC4CCCC43)CC2CC1
C1CCC2CC(C3CCCC4CCCC43)CCC2C1
C1CCC(CCC2(CCCC3CCC4CCCCC4C3)CCC3C4CCCC5CCCCC5C4CCC32)C1
C1CCC(CCC2CCC3C(CCC3C3CCCCC3)C2)CC1
C1CCC(C2CCC3CCC(C4CCCC4)CC32)CC1
C(CCCC1CCCC2C(C3CCCCC3)CCC12)CCC1CCCCC1
C(CCC1CCC2C(CCC3C4CCCC4CCC23)C1)CC1CCC(C2CC3CCCCC3C3CCC4CCCCC4C23)CC1
C1CCC(C2CCC3CC4(CCCCCC4C4CCCCC4)CCC32)CC1
C1CCC(CCCCCC2CC3CCCCC3C2)CC1
C1CCC(C2CCC(C3CC4CCCC4C4CCC5CCCCC5C34)CC2)C1
C1CCC(CCC2CCC3C(CCC3C3CCCCC3)C2)CC1
C1CCC2CCC3C4CCCCC4CC(CC4CCCC4)C3C2CC1
C1CCC(CC2CCCCCC23CCCC2C(CCC2C2CCCCC2)C3)CC1
C1CCC(C2CCC3C(CCC4CCCCC43)C2)CC1
C1CCC2CCC(C3CCCC4CCCC43)CC2CC1
C1CCC2CCC3C4CCCCC4CC(CC4CCCC4)C3C2CC1
C1CCC(C2CC3CCCC3C3CCC4CCCCC4C23)CC1
C(CCCCC1CCC(C2CCCCC2)C1)CCCC1CCCCC1
C1CCC(CCCCC2CCC3CCCCC23)CC1
C1CCC(CC2CCC3CC4C(CCCC45CCCC5)CC23)CC1
C(CCCCC1CCC(C2CCCCC2)C1)CCCC1CCCCC1
C1CCC(CCC(CCC2CCC3CCCC3C2)CC2CCCCC2)CC1
C1CCC(C2CC3C4CCCCC4CCC3C3CCC4(CCCC4)C3C2)CC1
C1CCC(C2CC3CCCC3C3CCC4CCCCCC4C23)CC1
C1CCC(CC2CC3CCCCC3C3CCC4CCCCCC4C23)CC1
C(CCC1CCCC2CCCCC12)CCC1CCCC2CCCCC12
C1CCC2C(C1)CCC1CCCCC12
C1CCC(CCCCCC2CCCC3CCC(C4CCCCC4)CC23)CC1
C1CCC2CC(CCCC3CCC4C3CCCC3C5CCCCC5CCC34)CC2C1
C(CCCC1CCCC2C(C3CCCCC3)CCC12)CCC1CCCCC1
C(CCCC1CCCCC1)CCC1CCCCC1
C1CCC(C2CC3CCCC3C3CCC4CCCCCC4C23)CC1
C1CCC(CCCCC2CCC3CCCCC23)CC1
C1CCC(CCC(CCC2CCC3CCCC3C2)CC2CCCCC2)CC1
C(CCC1CC2CCCCC2C1)CCC1CCCC2CCCC12
C1CCC(CCCCCC2CCCC3C(C4CCCCC4)CCC23)CC1
C1CCC2CC(CC3CCCC4CCCC43)CCC2C1
C(CCC1CCCC2CCCCC12)CC1CCCC2CCCCC2C1
C1CCC(C2CCC3CC4C(CCC45CCCCC5)CC32)CC1
C1CCC(CCCCC2CC3CCCCC3C2)CC1
C1CCC(CCC2CCC3C(CCC3C3CCCCC3)C2)CC1
C1CCC(CCCCCC2CCCC3C(CC4CCCCC4)CCC23)CC1
C1CCC(CCCC2CCCC(C3CCC4CC(CCC5CCC6CCCCC6C5)CCC43)C2)CC1
C1CCC(CCC(CCC2CCC3CCCC3C2)CC2CCCCC2)CC1
C1CCC(CCC(CC2CCC3C(CCC3C3CCCCC3)C2)C2CCCCC2)CC1
C1CCC(C2CC3CCCCC3CC3CCCCC32)CC1
C(CCC1CCCC2CCCCC12)CC1CCC2CCCCC2C1
C1CCC(C2CCC3CCCC3C3CCC4CCCCCC4C23)CC1
C(CCC1CCCC2CCCCC12)CC1CCC2CCCCC2C1
C(CCC1CC2CCCCC2C1)CCC1CCCC2CCCC12
C1CCC2CCC(C3CCCC4CCCC43)CC2CC1
C1CCC2C(C1)CC(C1CCCC3CCCC31)C1CCCC21
C1CCC(CCCC2CCC3CCC(C4CCCC5CCCC54)CC3C2)CC1
C1CCC2CCC3C4CCCCC4CC(CC4CCCC4)C3C2CC1
C1CCC(CCC2CCC3C(CC4CCCCC4)CCC3C2)CC1
C1CC2CCC3C(CCC4CCC5CCC5C43)C2C1
C1CCC2CC(C3CCCC4CCCC43)CCC2C1
C1CCC(CCC2CCC3C(CCC4C5CCCC5CC(CCC5CCCCC5)C34)C2)CC1
C1CCC2CCC3C4CCC(CCCC5CC6CCCCC6C5)C4CCC3C2CC1
C1CCC(CCCC2CCCC3CCC(C4CCCC5CCCC54)CC3C2)CC1
C1CCC(CCC2CCC3C(CCC4C5CCCC5CCC34)C2)CC1
C1CCC(C2CCC3CCC(C4CCCC4)CC32)CC1
C1CCC2C(C1)CCC1C2CCC2C3CCCCC3CC21
C1CCC2CC(CCCC3CCC4C3CCCC3C5CCCCC5CCC34)CC2C1
C1CCC(CCC2CCC(CCC3CCCC(CC4CCCC4)C3)CC2)CC1
C1CCC(C2CC3CCCC3C3CCC4CCCCCC4C23)CC1
C1CCC(C2CCC3CC4C(CCCC4CC4CCC5CCCCC54)CCC32)CC1
C1CCC(CCC2CCCC3CCC4C(CCC4C4CCCCC4)CC23)CC1
C(CCCC1CCCCC1)CCCC1CCC(C2CCCCC2)C1
C1CCC2C(C1)CCCC1C3CCCC3CCC21
C1CCC(CCCCC2CCC3CCC(C4CCCC5CCCC54)CC3C2)CC1
C1CCC2CC(CC3CCCC4CCCC43)CCC2C1
C(CCCC1CCCCC1)CCCC1CCC(C2CCCCC2)C1
C1CCC(CCC(CCC2CCC3CCCC3C2)CC2CCCCC2)CC1
C(CCCC1CCCC2C(C3CCCCC3)CCC12)CCC1CCC(C2CCCC2)C1
C(CCCCC1CCC(C2CCCCC2)C1)CCCC1CCCCC1
C1CCC(CCCCC2CCC3CCCCC23)CC1
C(CCCC1CCCC2C(C3CCCCC3)CCC12)CCC1CC1
C1CCC2CCC(C3CCCC4CCCC43)CC2CC1
C1CCC2C(C1)CC(C1CCCC1)C1CCCCC21
C1CCC(CCCCC2CC3CCCCC3C2)CC1
C1CCC2C(C1)CCC1C3CCCC3CCC21
C1CCC(CCC2CCCCC3CCC(C4CCCC5CCCC54)CC23)CC1
C1CCC(CCCCC2CCC3CCCCC23)CC1
C1CCC(C2CCC3CC4C(CCC5C6CCC(CCCCC7CC8CCCCC8C7)C6CCC45)CC32)CC1
C1CCC(CCCCC2CC3CCCCC3C2)CC1
C1CCC2C(C1)CCCC1C3CCCC3CCC21
C1CCC(CC2CC3CCCCC3CC3CCC4CCCCC4C32)CC1
C1CCC2CCC3C4CCCC4CCC3C2CC1
C1CCC2C(C1)CCC1C3CCCC3CCCC21
C1CCC2C(C1)CCC1C3CCCC3CCC21
C1CCC2CC(C3CCCC3)CCC2C1
C1CCC(CCC(CC2CC3CCCCC3C2)C2CCC2)CC1
C1CCC(CCC2CCC3C(CCC3C3CCCCC3)C2)CC1
C1CCC(C2CC3CCCCC3C3CCC4CCCCC4C23)CC1
C1CCC(CCC2CCCCC2)CC1
C1CCC(CCCCCC2CCCC3C(C4CCCCC4)CCC23)CC1
C1CCC(CC2CC3CCCCC3C3CCC4CCCCC4C23)C1
C1CCC(CC2CCCC2CC2CC3CCCCC3C3CCC4CCCCCC4C23)CC1
C1CCC(C2CC3CCCC3C3CCC4CCCCC4C23)CC1
C1CCC(CCC2CCC(C3CC3)CC2)CC1
C1CCC2CC(CCCC3CCC4C3CCC3C5CCCCC5CCC43)CC2C1
C1CCC(CCCCC2CCC3CCCCC23)CC1
C1CCC2C(C1)CCCC1C2CCC2C3CCCC3CC21
C1CCC(CCCC2CCC3C2CCCC2C4CC5CCC(C6CCCCC6)C5CC4CCC32)CC1
C(CCCC1CCCC2C(C3CCCCC3)CCC12)CCC1CCCCC1
C1CCC2CCC3CCCCC3C2CC1
C1CCC2C(C1)CCC1C2CCC2C3CCCCC3CC21
C1CCC(CCCCCC2CCCC3C(C4CCCCC4)CCC23)CC1
C1CCC(CCC(CC2CC2)CC2CC3CCCCC3C2)CC1
C1CCC(C2CC3CCCCC3C3CCCCC23)CC1
C1CCC(CCCCCC2CCCC3C(CC4CCCCC4)CCC23)CC1
C1CCC(CCC2CCCC3CCC(C4CCCC5CCCC54)CC23)CC1
C1CCC2C(C1)CCCC1C3CCCC3CCC21
C(CCCC1CCCC2C(C3CCCCC3)CCC12)CCC1CCCCC1
C1CCC2C(C1)CCC1C3CCCCC3CCC21
C1CCC2CC(CCCC3CCC4C3CCC3C5CCCCC5CCCC43)CC2C1
C1CCC(CCCCCC2CCCC3C(C4CCCCC4)CCC23)CC1
C1CCC(C2CCC3CCCC3C3CCC4CCCCC4C23)CC1
C(CCCC1CCCC2CCCCC12)CCC1CCC(C2CCCCC2)C1
C1CCC(C2CCC3(CCC4CCC5C(CCC5C5CCCCC5)CC43)C2)CC1
C1CCC2CC(CCCC3CCCC4CCCCC43)CC2C1
C1CCC2CCC3C(CCC4C5CCCC5CC43)C2CC1
C1CCC(CCCC2CCC3CCC(CC4CCCC5CCCC54)CC3C2)CC1
C1CCC(CCCCCC2CC3CCCCC3C2)CC1
C1CCC(CCCCCC2CC3CCCCC3C2)CC1
C1CCC(CCCCCC2CC3CCCCC3C2)CC1
C1CCC(C2CCC3CC4C(CCC45CCCC5)CC32)CC1
C1CCC2CC(CC3CCCC4CCCC43)CCC2C1
C1CCC(C2CCC3CCCC3C3CCC4CCCCC4C23)CC1
C1CCC(CCC2CCC3C(CCC3C3CCCCC3)C2)CC1
C(CCCC1CCCC2CCCC12)CCC1CCCCC1
C1CCC(CCCC2CCC3C2CCC2C4CCCCC4CCCC32)C1
C1CCC(C2CCC3CCC4(CCCCC4C4CCCCC4)CCC32)CC1
C(CCC1CCCC2CCCCC12)CC1CCCC2CCCCC12
C(CCC1CC2CCCCC2C1)CCC1CCCC2CCCC12
C1CCC(CCCCC2CC3CCCCC3C2)CC1
C1CCC(C2CCC3CC4C(CCC5C6CCC(CCCC7CCC8CCCCC8C7)C6CCCC45)CC32)CC1
C1CCC2CC(C3CCCC4CCCC43)CCC2C1
C1CCC(CCCCCC2CCCC3C(CC4CCCCC4)CCC23)CC1
C(CCCCC1CCC(C2CCCCC2)C1)CCCC1CCCCC1
C(CCCC1CCC2CCCC2C1)CCCC1CCC(C2CCCCC2)C1
C1CCC(C2CCC3CCCCC3C3CCC4CCCCC4C23)CC1
C1CCC2C(C1)CCCC1C3CCCC3CCC21
C(CCC1CCC(C2CCCC2)C1)CCC1CCCC2CCCCC12
C1CCC2CC(CC3CCCC4CCCC43)CCC2C1
C1CCC2CCC3C4CCCCC4CC(CC4CCCC4)C3C2CC1
C1CCC(C2CC3CCCC3C3CCC4CCCCC4C23)CC1
C1CCC(CCC2CCC(CCC3CCCC(CC4CCCC4)C3)CC2)CC1
C1CCC2CCC3C4CCCCC4CCC3C2CC1
C(CCCCCCC1CCC2C1CCC1C3CCCCCC3CCC21)CCCCCC1CCC(CCC2CCC(CCC3CCCC3)C2)C1
C(CCC1CCC2C(CCC3C4CCCC4CCC23)C1)CC1CCC(C2CC3CCCC3C3CCC4CCCCC4C23)CC1
C1CCC2C(C1)CCC1C2CCC2CCC3CC3C21
C1CCC2C(C1)CCC1C2CCC2C3CCCC3CCC21
C1CCC(CC2CC3CCCCC3CC3CCC4CCCCC4C32)CC1
C1CCC(C2CC3CCCC3C3CCC4CCCCC4C23)CC1
C1CCC(C2CCC3CCCC3C3CCC4CCCCC4C23)CC1
C1CCC(C2CCC(C3CC4CCCC4C4CCC5CCCCC5C34)CC2)CC1
C1CCC(CCC2CCC3C(CCC3C3CCCCC3)C2)CC1
C1CCC(CCC2CCC(CCC3CCCCC(CC4CCCC4)C3)CC2)CC1
C1CCC(CCC2CCCC3CC4C(CCC4C4CCCCC4)CC23)CC1
C1CCC(CC2CC3CCCCC3C3CCC4CCCCCC4C23)CC1
C1CCC2C(C1)CCC1C3CCCC3CCC21
C1CCC(C2CCC3CC4C(CCC5C6CCCC(CCCC7CC8CCCCC8C7)C6CCC45)CC32)CC1
C1CCCC(C2CCC3CC4C(CCC5C6CCC(CCCC7CC8CCCCC8C7)C6CCC45)CC32)CC1
C1CCC(C2CCC3CC4(CCCCCCC4C4CCCCC4)CCC32)CC1
C1CCC(CCCCC2CC3CCCCC3C2)CC1
C1CCC(CCC2CCC3C(CCC3C3CCCCC3)C2)CC1
C1CCC(CCCCC2CC3CCCCC3C2)CC1
C1CCC(CCCCCC2C3CCCCC3CCC2C2CCCC3CCCC32)CC1
C1CCC(CCCCC(CC2CCC3C(CCC3C3CCCCC3)C2)C2CCCCC2)CC1
C1CCC2CCC(C3CCCC4CCCC43)CC2CC1
C1CCC(C2CCC3CC4C(CCC5C6CCC(CCCC7CCC8CCCCC8C7)C6CCC45)CC32)CC1
C1CCC(CC2CC3CCCCC3C3CCC4CCCCC4C23)C1
C1CCC(C2CC3CCCC3C3CCC4CCCCC4C23)CC1
C1CCC2CC(C3CCCC4CCCC43)CCC2C1
C1CCC(CC2CC3CCCCC3C3CCC4CCCCC4C23)C1
C(CCC1CCCC2CCCC12)CC1CC2CCCCC2C1
C1CCC(CCCCCC2CC3CCCCC3C2)CC1
C1CCC(CCCCCC2CC3CCCCC3C2)CC1
C1CCC(CCCCCC2CCCC3C(C4CCCCC4)CCC23)CC1
C1CCC(CCC2CCC3C(CCC3C3CCCCC3)C2)CC1
C1CCC(CC2CCC(CC(CC3CCCCC3)C3CCCCC3)CC2)CC1
C1CCC(CC2CC3CCCCC3C3CCC4CCCCCC4C23)CC1
C1CCC(C2CC3CCCC3C3CCC4CCCCC4C23)CC1
C1CCC(C2CCC3CC4C(CCCC45CCCCC5)CC32)CC1
C1CCC(CCCCCC2CCCC3C(CC4CCCCC4)CCC23)CC1
C1CCC(C2CCC3C(CCC34CCCC4)C3CCC4CCCCCC4C23)CC1
C(CCC1CC2CCCCC2C1)CCC1CCCC2CCCC12
C1CCC2CCC(C3CCCC4CCCC43)CC2CC1
C1CCC(CCC2(CCCC3CCC4CCCCC4C3)CCC3C4CCC5CCCCC5C4CCC32)C1
C1CCC(CCCCCC2CCC3CCCCC23)CC1
C1CCC(C2CC3CCCC3C3CCC4CCCCC4CC23)CC1
C1CCC2CC(CCCC3CCC4C3CCCC3C5CCCCC5CCC34)CC2C1
C1CCC(C2CCC3CC4C(CCCC45CCCCC5)CC32)CC1
C(CCC1CCCC2CCCCC12)CC1CC2CCCCC2C1
C1CCC(C2CCC3CCC4C(CCC5C6CCC(CCCC7CCC8CCCCC8C7)C6CCC45)CC32)CC1
C1CCC(CCCC2(CCCC3CC4CCCCC4C3)CCC3C4CCC5CCCCC5C4CCC32)C1
C(CCC1(C2CCCC2)CCCCC2CCCCC21)CC1CCC2CCCCC2C1
C1CCC2C(C1)CCC1C2CCC2C3CCCC3CC21
C1CCC(C2CCC3CC4CCCCC4CC32)CC1
C1CCC(CCC2CCC(C3CC3)CC2)CC1
C1CCC(C2CCC3CC4C(CCCC5C6CCC(CCCC7CCC8CCCCC8C7)C6CCC45)CC32)CC1
C1CCC2C(C1)CCC1CCCCC12
C1CCC(CCC2CCC3C(CCC3C3CCCCC3)C2)CC1
C1CCC(C2CC3CCCC3C3CCC4CCCCCC4C23)CC1
C1CCC(CCCCC2CCC3CCCCC23)CC1
C1CCC2CCC3C4CCCC4CCC3C2CC1
C1CCC(C2CCCC3C(CCC4CCCCC43)C2)CC1
C1CCC(CCCC(CC2CC3CCCCC3C2)C2CC2)CC1
C1CCC2CCC3C4CCCC4CCC3C2CC1
C1CCC(CC2CC3CCCCC3C3CCC4CCCCCC4C23)CC1
C1CCC2CCC3C4CCCC4CCC3C2CC1
C1CCC2CC(C3CCCC4CCCC43)CCC2C1
C1CCC(CCCCC2CC3CCCCC3C2)CC1
C1CCC(CCCCCC2CC3CCCCC3C2)CC1
C1CCC2C(C1)CCCC1C2CCC2C3CCCC3CC21
C1CCC2CCC3C4CCC(CCCC5CC6CCCCC6C5)C4CCC3C2CC1
C1CCC2C(C1)CCC1C3CCCC3CCC21
C1CCC2CCC(C3CCCC4CCCC43)CC2CC1
C1CCC(CCC2CCC3C(CCCC4C5CCCC5CC(CCC5CCCCC5)C34)C2)CC1
C1CCC(CCCCC2CCC3CCCCC23)CC1
C1CCC(C2CCC3C(CCCCCC4CC4)CCCC23)CC1
C1CCC2CCC(C3CCCC4CCCC43)CC2CC1
C1CCC(C2CCC3CC4C(CCCCC45CCCC5)CC32)CC1
C1CCC(CCCCC2CC3CCCCC3C2)CC1
C1CCC(C2CCC3CC4C(CCC5CCCCCC54)CC32)CC1
C1CCC(CCCCC2CC3CCCCC3C2)CC1
C1CCC(CCC2CCC(C3CCC4C(CC5CCCCC5)CCC4C3)CC2)CC1
C1CCC(CC2CCC3CCCCC3C2)C1
C1CCC(CC(CC2CCCCC2)C2CCCCC2)CC1
C1CCC(CCCCCC2CC3CCCCC3C2)CC1
C1CCC2CCC(C3CCCC4CCCC43)CC2CC1
C1CCC(CCCC2(CCC3CCCC3)CCC3C4CCC5CCCCC5C4CCCC32)C1
C(CCC1CCCCC2CCCCC12)CC1CCC2CCCCC2C1
C1CCC2CCC(C3CCCC4CCCC43)CC2CC1
C1CCC(C2CCC3C(CCC4CCCCC43)C2)CC1
C1CCC(CCCCC2CC3CCCCC3C2)CC1
C1CCC(CCCCC2CC3CCCCC3C2)CC1
C1CCC(CCC2CCC3C(CCC4C5CCCC5CC(CCC5CCCCC5)C34)C2)CC1
C1CCC(C2CCC3CCC(C4CCCC4)C3C2)C1
C1CCC2CCC3C4CCCCC4CC(CC4CCCC4)C3C2CC1
C1CCC(C2CCC(CCCCCC3CCCC4C(C5CCCCC5)CCC34)C2)CC1
C(CCC1CCC2C(CCC3C4CCCC4CCC23)C1)CC1CCC(C2CCC(C3CC4CCCC4C4CCC5CCCCC5C34)CC2)CC1
C1CCC(CCC2(CCCC3CC4CCCCC4C3)CCCC3C4CCC5CCCCC5C4CCC32)C1
C1CCC(C2CC3CCCC3C3CCC4CCCCC4CC23)CC1
C1CCC2CC(CCCC3CCC4C3CCC3C5CCCCC5CCC43)CC2C1
C1CCC(CCCCC2CC3CCCCC3C2)CC1
C1CCC(CCCCC2CC3CCCCC3C2)CC1
C1CCC(C2CCC3CC4(CCCCCC4C4CCCCC4)CCC32)CC1
C1CCC(CCCCC2CC3CCCCC3C2)CC1
C1CCC(CCC2CCC3C(CCC3C3CCCC(CC4CCCCC4)C3)C2)CC1
C1CCC(C2CC3CCCC3C3CCC4CCCCC4C23)CC1
C(CCC1CCC2CC(CCC3C4CCCC4CCC23)C1)CC1CCC(C2CC3CCCC3C3CCC4CCCCC4C23)CC1
C1CCC(CCCCC2CCC3CCCCC23)CC1
C1CCC(CC2CCC3C(CCCCCC4CCC(C5CCCC5)C4)CCCC23)CC1
C(CC1CCC2CCCCC2C1)CC1CCC2C(CCC3C4CCCCC4CCC23)C1
C1CCC(C2CC3CCCC3C3CCC4CCCCC4C23)CC1
C1CCC(CCCCCC2CCC3CCCCC23)CC1
C(CCC1CCC2C(CCC3C4CCCC4CCC23)C1)CC1CCC(C2CCC3CCCC3C3CCC4CCCCC4C23)CC1
C1CCC2CCC3C4CCCC4CCC3C2CC1
C1CCC(C2CCC3CCC4C(CCC45CCCC5)CC32)CC1
C1CCC(CC2CC3CCCCC3C3CCC4CCCCC4C23)CC1
C1CCC(C2CCC3CC4C(CCCC45CCCCC5)CC32)CC1
C1CCC(C2CC3CCCC3C3CCCC4CCCCC4C23)CC1
C1CCC(CCCCCC2CC3CCCCC3C2)CC1
C1CCC(CCCC2CCC3C2CCC2C4CCCCC4CCC32)C1
C1CCC(CC2CCCCCC23CCC2C(CCC2C2CCCCC2)C3)CC1
C1CCC2C(C1)CCCC1CCCCC12
C1CCC(CCCCCC2CCC3CCCCC23)CC1
C1CCC(C2CCC3CC4C(CCC5C6CCC(CCCC7CCC8CCCCC8C7)C6CCC45)CC32)CC1
C1CCC(CCC2CCC(CCC3CCCCC3)CC2)CC1
C1CCC2CCC3C4CCCC4CCC3C2CC1
C(CCCC1CCC2C(CCC2C2CCCCC2)C1)CCC1CCCCC1
C1CCC(CCCCC2CC3CCCCC3C2C2CCCCC2)CC1
C1CCC2C(C1)CCC1CCCCC12
C(CCC1CCCC2CCCCC12)CC1CCCC2CCCCC12
C1CCC2CC(CC3CCCC4CCCC43)CCC2C1
C1CCC(CCCC2(CCC3CCCC3)CCCC3C4CCC5CCCCC5C4CCC32)C1
C1CCC(CCCCCC2CC3CCCCC3C2)CC1
C1CCC2C(C1)CCC1C3CCCC3CCC21
C1CCC(CCC2CCC(CCCC3CCCC(CC4CCCC4)C3)CC2)CC1
C1CCC(CCCCC2C3CCCCC3CCC2C2CCCC3CCCC32)CC1
C1CCC(CCCCC2CC3CCCCC3C2)CC1
C1CCC(C2CCC3CC4C(CCCC5C6CCC(CCCC7CCC8CCCCC8C7)C6CCC45)CC32)CC1
C1CCC(CCCCC2C3CCCCCC3CCC2C2CCCC3CCCC32)CC1
C1CCC(CC2CC3CCCCC3C3CCC4CCCCCC4C23)CC1
C1CCC(C2CCC(CCCCCC3CCCC4C(C5CCCCC5)CCC34)C2)CC1
C1CCC(CCCC2CCC3CCC(C4CCCC5CCCC54)CC3C2)CC1
C1CCC(CCC2CCCCC3CC4C(CCC4C4CCCCC4)CC23)CC1
C1CCC(C2CCC3CCC4C(CCC5C6CCC(CCCC7CC8CCCCC8C7)C6CCC45)CC32)CC1
C1CCC(CCC2CCC3C(CCC3C3CCCCC3)C2)CC1
C1CCC(CCCCC2CCC3CCC(C4CCCC5CCCC54)CC3C2)CC1
C1CCC2CCC(C3CCCC4CCCC43)CC2CC1
C1CCC(C2CC3CCCCC3C3CCC(CCC4CCCC4)CC23)CC1
C(CCCCCCC1CCC2C1CCC1C3CCCCC3CCC21)CCCCCC1CCC(CCC2CCC(CCC3CCCC3)C2)C1
C1CCC(C2CCC3C(CCCCCC4CCC(C5CCCC5)C4)CCCC23)CC1
C1CCC(CCCCC2CC3CCCCC3C2)CC1
C1CCC(CCC2CCC3C(CCC4C5CCCCC5CCC34)C2)CC1
C1CCC(CC2CC3CCCCC3C3CCC4CCCCC4C23)CC1
C1CCC(C2CCC3CCCC3C3CCCC4CCCCC4C23)CC1
C1CCC(CCC2CCCC3CC4C(CCC4C4CCCCC4)CC23)CC1
C1CCC(C2CC3CCCC3C3CCC4CCCCCC4C23)CC1
C(CCCC1CCCC2C(C3CCCCC3)CCC12)CCC1CCC(C2CCCC2)C1
C1CCC(CCCCC2CC3CCCCC3C2)CC1
C1CCC(C2CC3CCCC3C3CCC4CCCCC4C23)CC1
C1CCC(C2CCC3CC4C(CCC45CCCC5)CC32)CC1
C1CCC2CC(C3CCCC4CCCC43)CCC2C1
C1CCC(C2CCC(CCCCCC3CCCC4C(C5CCCCC5)CCC34)C2)CC1
C1CCC(CCC2CCC3C2CCCC2C4CCCCC4CCC23)C1
C1CCC2CCC3C4CCCCC4CC(CC4CCCC4)C3C2CC1
C1CCC(CCC2CCC(CCC3CCCC(CCC4CCCC4)C3)CC2)CC1
C1CCC(C2CCC3CC4C(CCC45CCCCC5)CC32)CC1
C1CCC(CCCC2CC3CCCCC3C2C2CCCCC2)CC1
C1CCC(C2CCCC3C(CCC4CCCCC43)C2)CC1
C1CCC(CCCCCC2CC3CCCCC3C2)CC1
C1CCC(CCC2CCC3C(CCC3C3CCCCC3)C2)CC1
C1CCC(CCCCC2CCCC3CCCC23)CC1
C1CCC2CC3CCC4CCCCC4C3CCC2C1
C1CCC(CCCCC2CCC3CCCCC23)CC1
C1CCC2CC(CCCC3CCC4C3CCC3C5CCCCC5CCC43)CC2C1
C(CCC1CCCCC2CCCCC12)CC1CCC2CCCCC2C1
C1CCC(C2CC3CCCCC3C3CCCCC23)CC1
C1CCC(CCC2CCC3C(CCC3C3CCCCC3)C2)CC1
C1CCC2CC(C3CCCC3)C3CCCC3C2CC1
C1CCC(CCC2CCC3C(CCC3C3CCCC(CCC4CCCC4)C3)C2)CC1
C1CCC(CCCCCC2CCC3CCCCC23)CC1
C(CCC1CCCC2CCCC12)CC1CC2CCCCC2C1
C1CCC(CC2CCC3CC4C(CCC5C6CCC(CCCC7CCC8CCCCC8C7)C6CCC45)CC23)CC1
C1CCC(CCCCC2CC3CCCCC3C2)CC1
C1CCC(CC2CC3CCCCC3C3CCC4CCCCC4C23)C1
C1CCC2CCC(C3CCCC4CCCC43)CC2CC1
C1CCC2CC3CCC4CCCC4C3CCC2C1
C1CCC(CCC2CCC(C3CC3)CC2)CC1
C1CCC2C(C1)CCC1C3CCCC3CCC21
C1CCC2C(C1)CCCC2CCCC1CCCC2CCCCC21
C1CCC2C(C1)CCC1CCCCC12
C1CCC2C(C1)CCC1C3CCCC3CCC21
C1CCC(CCC2CCC3C(CCC3C3CCCCC3)C2)CC1
C1CCC(C2CCC3CC4C(CCCC4CC4CCC5CCCCC54)CCC32)CC1
C1CCC(CCCCC2CC3CCCCC3C2)CC1
C1CCC(C2CC3CCCCC3C3CCC(CCC4CCCC4)CC23)CC1
C1CCC(CCC2CCC3C(CCC3C3CCCC(CC4CCCCC4)C3)C2)CC1
C1CCC(CCCCC2CC3CCCCC3C2)CC1
C1CCC(CCCCCC2CCCC3C(CC4CCCCC4)CCC23)CC1
C(CCCCC1CCC2C(CCC3C4CCCCC4CCC23)C1)CCCC1CCCC(CC(CC2CCC(CC3CCCCC3)CC2)C2CCCCC2)C1
C1CCC(CCCCC2CC3CCCCC3C2)CC1
C1CCC(CCCCCC2CCCC3C(C4CCCCC4)CCC23)CC1
C1CCC(C2CCC3CC4C(CCC5C6CCC(CCCC7CC8CCCCC8C7)C6CCC45)CC32)CC1
C1CCC(CCCCC2CCCC3C2CCC2C4CCCCC4CCC32)CC1
C(CCC1CCCC2CCCC12)CC1CC2CCCCC2C1
C1CCC(CCCCC2CCCCC3CCC(C4CCCCC4)CC23)CC1
C1CCC(CCCCCC2CCCC3C(C4CCCCC4)CCC23)CC1
C1CCC(CCCCC2CCC3CCCCC23)CC1
C1CCC(C2CCC3CC4C(CCCCC5CC5)CCCC4CC32)CC1
C1CCC2C(C1)CCCC2CCCC1CCCC2CCCCC21
C(CCCC1CCCCC1)CCCC1CCC(C2CCCCC2)C1
C1CCC(CCC2CCCC3CC4C(CCC4C4CCCCC4)CC23)CC1
C1CCC(CCCCCC2CCCC3C(C4CCCCC4)CCC23)CC1
C1CCC(CCCC2CCCC3C2CCC2C4CCCCC4CCC32)C1
C1CCC(CCCC(CCC2CCC3CCCC3C2)CC2CCCCC2)CC1
C1CCC(CCC2CCC3C(CCC4C5CCCC5CCCC34)C2)CC1
C1CCC(CC2CC3CCCC3C3CCC4CCCCC4C23)CC1
C1CCC(CCCCC2CC3CCCCC3C2)CC1
C1CCC(CCCC2CCC3C(CCC4C5CCCCC5CCC34)C2)C1
C1CCC(CCC2CCCC3CC4C(CC5CCCCC5)CCC4CC23)CC1
C1CCC(CC(CC2CCCCC2)C2CCCCC2)CC1
C1CCC(CCC2CCC(CCC3CCCC(CCC4CCCC4)C3)CC2)CC1
C1CCC(CCCCCC2CCC3CCCCC23)CC1
C1CCC2C(C1)CC(C1CCCC1)C1CCCCC21
C1CCC2C(C1)CCC1C3CCCCC3CCC21
C1CCC(C2CC3CCCCC3C3CCC4CCCCC4C23)CC1
C1CCC2CC(CC3CCCC4CCCC43)CCC2C1
C1CCC(CCCCC2CC3CCCCC3C2)CC1
C(CCC1CCCC2CCCCC12)CC1CCC2CCCCC2C1
C1CCC(C2CCC(CC3CC4CCCCC4C4CCC5CCCCCC5C34)CC2)CC1
C1CCC(CCCCCC2CC3CCCCC3C2)CC1
C1CCC(CC2CC3CCCCC3C3CCC4CCCCCC4C23)CC1
C1CCC(CC2CC3CCCCC3C3CCC4CCCCCC4C23)CC1
C1CCC(C2CCC3CC4C(CC5CC6CCCCC6C5)CCCCC4CC32)CC1
C1CCC(CCC2CCCC3CCC4C(CCC4C4CCCCC4)CC23)CC1
C1CCC(C2CC3CCCC3C3CCC4CCCCC4C23)CC1
C(CCC1CCCC2CCCCC12)CC1CCC2CCCCC2C1
C1CCC2CC3CCC(C4CCCCC4)C3CC2CC1
C1CCC(C2CCC3CC4C5CCC6C(CCCC7CCC8CCCCC8C7)CCC6C(CCC4CC32)C5)CC1
C1CCC(CCC2CCC3C(CCC3C3CCCCC3)C2)CC1
C1CCC2CC3CCCCC3CCC2C1
C1CCC(CC2CC3CCCCC3C3CCC4CCCCC4C23)CC1
C1CCC(CCCCCC2CC3CCCCC3C2)CC1
C1CCC(CCCCCC2CC3CCCCC3C2)CC1
C1CCC(C2CC3CCCCC3CC3CCCCC32)CC1
C1CCC(CCCC2CCC3C2CCCC2C4CC5CCC(C6CCCCC6)C5CC4CCC32)CC1
C(CCCC1CCCC2C(C3CCCCC3)CCC12)CCC1CCCCC1
C1CCC(C2CCC3CCCC3C3CCC4CCCCC4C23)CC1
C1CCC(CCC2CCC3C(CCC4C5CCCC5CC(CCC5CCCCC5)C34)C2)CC1
C1CCC(CCCC2CCCC3CCC(C4CCCC5CCCC54)CC3C2)CC1
C1CCC(CCCC2CCCC3CCC(C4CCCC5CCCC54)CC3C2)CC1
C1CCC(CCC2CCC3C(CCC3C3CCCCC3)C2)CC1
C1CCC(CC2CC3CCCCC3C3CCC4CCCCCC4C23)CC1
C1CCC2CCCCC2C(CCCCC2CCCC3CCCCC23)C1
C1CCC(CCC2(CCCC3CC4CCCCC4C3)CCC3C4CCC5CCCCC5C4CCC32)C1
C1CCC(CCCCCC2CC3CCCCC3C2)CC1
C1CCC(CCCCC2CC3CCCCC3C2)CC1
C1CCC(CCC2CCCC3CC4C(CCC4C4CCCCC4)CC23)CC1
C1CCC2CC(CCCC3CCC4C3CCC3C5CCCCC5CCCC43)CC2C1
C1CCC(CCCCCC2CCCC3C(C4CCCCC4)CCC23)CC1
C1CCC2CCC3C4CCC(CCC5CCCC5)C4CCC3C2CC1
C1CCC2C(C1)CCC1C3CCCC3CCCC21
C1CCC(CCC2CCC(CCCC3CCCC(CC4CCCC4)C3)CC2)CC1
C1CCC(CCCCC23CCCC2CC2C4CCC5CCCCC5C4CCC23)C1
C1CCC2CCC(C3CCCC4CCCC43)CC2CC1
C1CCC(CCCCCC2CC3CCCCC3C2)CC1
C1CCC(CCCCC2CC3CCCCC3C2)CC1
C1CCC(CCC2CCC(C3CC3)CC2)CC1
C1CCC2CC(C3CCCC4CCCC43)CCC2C1
C1CCC(CCC2CCC3C(CCC3C3CCCCC3)C2)CC1
C(CCCC1CCCCC1)CCCC1CCC(C2CCCCC2)C1
C1CCC(C2CCC(CCCCCC3CCCCC4CCCCC34)C2)CC1
C1CCC2C(C1)CCC1CCCCC12
C(CCC1CCC2C1CCC1C3CCCCC3CCC21)CC1CC2CCCCC2C1
C1CCC(C2CCC3CC4C(CCC45CCCCCC5)CC32)CC1
C1CCC(CCC2CCC3C(CCC3C3CCCCC3)C2)CC1
C1CCC(CCCCC2CCC3CCCCC23)CC1
C1CCC2CC(C3CCCC4CCCC43)CCC2C1
C1CCC2C(C1)CCC1C3CCCC3CCC21
C1CCC(C2CC3CCCC3C3CCC4CCCCCC4C23)CC1
C1CCC(CCCCC2CC3CCCCC3C2)CC1
C1CCC(C2CCC3CCCC3C3CCC4CCCCC4C23)CC1
C1CCC(CC2CCC3CCC(C4CCCC4)C3C2)C1
C1CCC(CCCCCC2CCCC3C(C4CCCCC4)CCC23)CC1
C1CCC(CC2CCC(CC(CC3CCCCC3)C3CCCCC3)CC2)CC1
C1CCC(CCC2CCC3C(CCC3C3CCCCC3)C2)CC1
C1CCC(C2CCC3C(CCCC4CCCCC43)C2)CC1
C1CCC(CC2CCC3CC4C(CCC45CCCCC5)CC23)CC1
C1CCC(C2CC3C(CCCC4CC4)CCC3C3CCC4CCCCC4C23)CC1
C(CCC1CC2CCCCC2C1)CCC1CCCC2CCCC12
C1CCC(CCCC2CC3CCCCC3C2C2CCCCC2)CC1
C1CCC(CCCCCC2CC3CCCCC3C2)CC1
C1CCC(CC2CC3CCCCC3C3CCC4CCCCC4C23)C1
C1CCC(C2CC3CCCC3C3CCC4CCCCC4CC23)CC1
C1CCC(CC2CCC3CCC(C4CCCC4)CC32)C1
C1CCC2C(C1)CCCC1C3CCCC3CCC21
C1CCC(CCCCC2CCC3CCCCC23)CC1
C1CCC(CC2CCC3C(CCC3C3CCCCC3)C2)CC1
C1CCC(CCCC2CCC3CCC(CC4CCCC5CCCC54)CC3C2)CC1
C1CCC2CC(C3CCCC4CCCC43)CCC2C1
C1CCC(CCCC2CCC3CCC(C4CCCC5CCCC54)CC3C2)CC1
C1CCC(CCC2CCC3C(CCC3C3CCCCC3)C2)CC1
C1CCC(CCC2CCC3C(CCC4CC(C5CCCCC5)CCC43)C2)CC1
C1CCC(C2CC3CCCCC3C3CCCCC23)CC1
C1CCC(CCC(CCC2CCC3CCCC3C2)CC2CCCCC2)CC1
C1CCC(CCCC(CCC2CCC3CCCC3C2)CC2CCCCC2)CC1
C1CCC(CC2CCC3CC4C(CCC45CCC(C4CCCCC4)C5)CC23)CC1
C1CCC2CC(CCCC3CCC4C3CCCC3C5CCCCC5CCC34)CC2C1
C1CCC(C2CC3CCCC3C3CCCC4CCCCC4C23)CC1
C1CCC(CC2CCC3C(CC4CCCCC4)CCC3C2)CC1
C1CCC(C2CCC3CC4C(CCCC45CCCCC5)CC32)CC1
C1CCC(C2CCC3C(CCC4CCCCC43)C2)C1
C1CCC(CCC2CCC3C(CCC3C3CCCCC3)C2)CC1
C1CCC(CCC2CCC(CCC3CCCC(CC4CCCC4)CC3)CC2)CC1
C1CCC(CCCCC2CCC3CCCCC23)CC1
C1CCC(CCCCCC2CCC3CCCC3C2)CC1
C1CCC(CC2CCC3CCCCC3C2)C1
C1CCC(CCCCCC2CCC3CCCCC23)CC1
C1CCC(C2CCC3CC4(CCCCCC4C4CCCCC4)CCC32)CC1
C1CCC(CCC2CCCC3CC4C(CCC23)CCC4C2CCCCC2)CC1
C(CCC1CCCC2CCCCC12)CC1CC2CCCCC2C1
C(CCC1CCCC2CCCCC12)CC1CCC2CCCCC2C1
C1CCC2C(C1)CCCC2CCCC1CCCC2CCCCC21
C1CCC(C2CCC3CC4C(CCCC45CCCCC5)CC32)CC1
C1CCC(C2CCCC3C(CCC4CCCCC43)C2)CC1
C1CCC(CC2CC3CCCCC3C3CCC4CCCCC4C23)CC1
C1CCC2CC(C3CCCC4CCCC43)CCC2C1
C1CCC(CCCC23CCCC2CCC2C4CCC5CCCCC5C4CCC23)C1
C1CCC(CCCCCC2CC3CCCCC3C2)CC1
C1CCC2C(C1)CCC1C2CCCC2C3CCCC3CC21
C1CCC(C2CC3CCCC3C3CCCC4CCCCC4C23)CC1
C1CCC2CC(C3CCCC4CCCC43)CCC2C1
C1CCC2CC(CCCC3CCCC4CCCCC43)CC2C1
C1CCC2C(C1)CCC(C1CCCC1)C1CCCCC21
C1CCC(C2CCC3CC4(CCCCC4C4CCCCC4)CCCC32)CC1
C1CCC(CCC2CC3CCCC3C3CCC4CCCCCC4C23)CC1
C1CCC2CCC(C3CCCC3)CC2CC1
C1CCC(CCC2CCC(CCC3CCCC(CC4CCCC4)C3)CC2)CC1
C1CCC2CCC(C3CCCC4CCCC43)CC2CC1
C1CCC(CC2CCCC(C3CCC4CC(CCC5CCC6CCCCC6C5)CCC43)C2)CC1
C1CCC(CCCCCC2CCCC3C(C4CCCCC4)CCC23)CC1
C1CCC(CCCC2CCCC(C3CCC4CC(CCC5CCC6CCCCC6C5)CCC43)C2)CC1
C1CCC2C(C1)CCC1CCCCC12
C1CCC(CCC2CCC3C(CC4CCCCC4)CCC3C2)CC1
C1CCC(C2CC3CCCC3C3CCC4CCCCC4C23)CC1
C1CCC2C(C1)CCCC2CC1CCC2CCCCC2C2CCC3CCCCC3C12
C1CCC2C(C1)CCC1C3CCCCC3CCC21
C1CCC2CC(CC3CCCC4CCCC43)CCC2C1
C1CCC2C(C1)CCC1C3CCCC3CCC21
C1CC2CCC3C(CCCC4CCC5CC5C43)C2C1
C1CCC(C2CC3CCCC3C3CCC4CCCCC4C23)CC1
C1CCC2C(C1)CCC1C3CCCC3CCCC21
C(CCCC1CCCC2C(C3CCCCC3)CCC12)CCC1CCCCC1
C1CCC(CCCCC2CC3CCCCC3C2)CC1
C1CCC(C2CC3CCCC3C3CCC4CCCCC4CC23)CC1
C1CCC(CCC(CCC2CCC3CCCC3C2)CC2CCCCC2)CC1
C1CCC2C(C1)CCC1C3CCCCC3CCC21
C(CCCCC1CCC(C2CCCCC2)C1)CCCC1CCCCC1
C1CCC(CCCCCC2CCCCC2)CC1
C1CCC(CC2CCC3CC4C(CCCC45CC(C4CCCCC4)C(C4CCCCC4)C5)CC23)CC1
C1CCC(C2CC3CCCC3C3CCC4CCCCC4C23)CC1
C1CCC(C2CC3CCCC3C3CCC4CCCCC4C3C2)CC1
C1CCC(C2CCC3C(CCC4CCCCC43)C2)CC1
C1CCC2CC(CCCC3CCC4C3CCC3C5CCCCC5CCC43)CC2C1
C1CCC2CCC(C3CCCC4CCCC43)CC2CC1
C1CCC2C(C1)CCCC1CCCCC12
C1CCC(CCC2CCC3C(CCC3C3CCCCC3)C2)CC1
C1CCC2CCC3C4CCCC4CCC3C2CC1
C1CCC2CC(C3CCCC4CCCC43)CCC2C1
C1CCC(CCCCCC2CC3CCCCC3C2)CC1
C1CCC(C2CC3CCCC3CC3CCC4CCCCC4C32)CC1
C(CCCC1CCCC2C(C3CCCCC3)CCC12)CCC1CCCCC1
C1CCC(C2CCC(CCCCCC3CCCCC4CCCCC34)C2)CC1
C1CCC2CC(CCCC3CCC4C3CCC3C5CCCCC5CCC43)CC2C1
C1CCC(CC2CC3CCCCC3C3CCC4CCCCC4C23)C1
C1CCC(CC2CC3CCCCC3C3CCC4CCCCC4C23)CC1
C1CCC(C2CCCC3C(CCC34CCCC4)C3CCC4CCCCC4C23)CC1
C1CCC(CCCCCC2CC3CCCCC3C2)CC1
C1CCC(CCCCCC2CCC3CCCC3C2)CC1
C1CCC2CCC(C3CCCC4CCCC43)CC2CC1
C1CCC(CCC2CCC3C(CCC4C5CCCC5CC(CCC5CCCCC5)C34)C2)CC1
C(CCCC1CCCC2C(C3CCCCC3)CCC12)CCC1CCCCC1
C1CCC(CCCCCC2CCCC3C(C4CCCCC4)CCC23)CC1
C1CCC(CCC2CCC(CCC3CCCC(CC4CCCC4)C3)CC2)CC1
C1CCC(C2CCC(CCCC3CCC4C3CCC3C5CCCCCC5CCC43)C2)CC1
C1CCC(CC(CC2CCCCC2)C2CCCCC2)CC1
C1CCC(CCCC(CC2CCC3C(CCC3C3CCCCC3)C2)C2CCCCC2)CC1
C1CCC(CC2CC3CCCCC3C3CCC4CCCCCC4C23)CC1
C1CCC2C(C1)CCC1C3CCCC3CCC21
C1CCC2C(C1)CCC1C3CCCC3CCC21
C1CCC(CCCCCC2CC3CCCCC3C2)CC1
C1CCC(C2CCC3CCCCC3C3CCCCC23)CC1
C1CCC(C2CCC(CCCC3CCC4C3CCC3C5CCCCC5CCCC43)C2)CC1
C(CCC1CCC2C(CCC3C4CCCC4CCC23)C1)CC1CCC(C2CCC(C3CC4CCCC4C4CCC5CCCCC5C34)CC2)CC1
C1CCC2C(C1)CCC1CCCCC12
C1CCC(CC2CCC3CCCCC3C3CCC4CCCCC4C23)CC1
C(CCCCC1CCC(C2CCCCC2)C1)CCCC1CCCCC1
C1CCC2CCC3C4CCCC4CCC3C2CC1
C1CCC2CCC(C3CCC4CCCCC43)CC2CC1
C(CCCC1CCCC2C(C3CCCCC3)CCC12)CCC1CCCCC1
C1CCC2C(C1)CCCC1CCCCC12
C1CCC2CCC3C4CCCC4CCC3C2CC1
C1CCC(C2CCC3CC4C(CCC45CCCC5)CC32)CC1
C1CCC(CC2CCC3C(CCC3C3CCCCC3)C2)CC1
C1CCC(CC2CCC3CC4C(CCC5C6CCC(CCCC7CC8CCCCC8C7)C6CCC45)CC23)CC1
C1CCC(CCC2CCC(CC3CC3)CC2)CC1
C1CCC(CCC2CCC(C3CCC4C(CCC4C4CCCCC4)C3)CC2)CC1
C1CCC(CCCCC2CCC3C2CCC2C4CCCCC4CCC32)CC1
C1CCC(CCCCC2CCC3CCCCC23)CC1
C1CCC2CCC(C3CCCC4CCCC43)CC2CC1
C1CCC(C2CCC3C(CCC34CCCCC4)C3CCC4CCCCC4C23)CC1
C1CCC2CCC3C4CCCC4CCC3C2CC1
C1CCC(C2CCC3CC4C(CCCC4CC4CCC5CCCCC54)CCC32)CC1
C1CCC(C2CCC3C(CCC4CCCCC43)C2)CC1
C1CCC(CCC2CCC3C(CCC3C3CCCCC3)C2)CC1
C1CCC2C(C1)CCC1C3CCCC3CCC21
C1CC(C2CCC(C3CC4CCCC4C4CCCC5CCCCC5C34)CC2)C1
C1CCC2C(C1)CCCC1C3CCCC3CCC21
C1CCC2C(C1)CC(C1CCCC3CCCC31)C1CCCCC21
C1CCC2C(C1)CCC1CCCCC12
C1CCC(C2CC3CCCC3C3CCC4CCCCC4C23)CC1
C1CCC(CCCCCC2CCCC3C(C4CCCCC4)CCC23)CC1
C1CCC(C2CCC3CC4C(CCC32)CCC42CCCC2)CC1
C1CCC(CCC2CCC3C2CCC(C2CCCCC2)C2C4CCCCCC4CCC32)CC1
C1CCC(C2CC3CCCC3C3CCC4CCCCC4CC23)CC1
C1CCC2CCC(C3CCCC4CCCC43)CC2CC1
C1CC2CC3CCC4C5CCCCC5CCC4C3CC2C1
C1CCC(C2CCC3CC4(CCCCCCC4C4CCCCC4)CCC32)CC1
C1CCC(CCC2CCC3C(CCC3C3CCCCC3)C2)CC1
C1CCC(CCC2CCC3C(CCC3C3CCCCC3)C2)CC1
C1CCC(CC2CCC(CC(CC3CCCCC3)C3CCCCC3)CC2)CC1
C1CCC(C2CCC3CCC4C(CCC5C6CCC(CCCC7CCC8CCCCC8C7)C6CCC45)CC32)CC1
C1CCC(C2CCC3C(CCCCCC4CCC(C5CCCC5)C4)CCCC23)CC1
C1CCC2CC(C3CCCC4CCCC43)CCC2C1
C1CCC(CCCCCC2CC3CCCCC3C2)CC1
C1CCC2C(C1)CCCC1C3CCCC3CCC21
C1CCC(CCCCC2CCC3CCC(C4CCCC5CCCC54)CC3C2)CC1
C1CCC(CCCC(CC2CC3CCCCC3C2)C2CC2)CC1
C1CCC2C(C1)CCC1C3CCCC3CCC21
C(CCC1CCCC2CCCCC12)CC1CCCC2CCCCC12
C1CCC(CCC2CCC(CC3CCCC4C(C5CCCCC5)CCC34)C2)CC1
C1CCC(CCCCCC2CC3CCCCC3C2)CC1
C1CCC(CC2CCC(CC(CC3CCCCC3)C3CCCCC3)CC2)CC1
C(CCC1CCCC2CCCCC12)CC1CCCC2CCCCC12
C1CCC2C(C1)CCC1C2CCC2C3CCCC3CC21
C1CCC(C2CCC3CCC4C(CCC5C6CCC(CCCC7CCC8CCCCC8C7)C6CCC45)CC32)CC1
C(CCC1CCCC2CCCCC12)CC1CCC2CCCCC2C1
C1CCC(C2CC3CCCCC3C3CCC4CCCCC4C23)CC1
C1CCC2CCC3C4CCCCC4CC(CC4CCCC4)C3C2CC1
C1CCC(C2CCC3CCCC3C3CCC4CCCCC4C23)CC1
C1CCC(CCCC2(CCC3CCCC3)CCC3C4CCC5CCCCC5C4CCC32)C1
C1CCC(CCC2CCC3C(CCC3C3CCCCC3)C2)CC1
C1CCC(CCC2CCCC3C2CCC2C4CCCCC4CCC32)C1
C1CCC2C(C1)CCC1C3CCCC3CCC21
C1CCC(C2CC3CCCCC3C3CCC(CCCC4CCCC4)CC23)CC1
C1CCC(CCCC2CCCC(C3CCC4CC(CCC5CCC6CCCCCC6C5)CCC43)C2)CC1
C(CCC1CCC2C1CCC1C3CCCCC3CCC21)CC1CC2CCCCC2C1
C1CCC(CC2CC3CCCCC3C3CCC4CCCCC4C23)CC1
C1CCC(CC2CC3CCCCC3C3CCCCC23)CC1
C(CC1CCCC2CCCCC2C1)CC1CC2CCCCC2C1
C(CCC1CC2CCCCC2C1)CCC1CCCC2CCCC12
C1CCC2C(C1)CCCC1C2CCC2C3CCCC3CC21
C1CCC(CC2CC3CCCCC3C3CCC4CCCCC4C23)CC1
C1CCC(CCC2CCC3C(CCC4CCCCC43)C2)CC1
C1CCC2C(C1)CCC1C3CCCC3CCC21
C1CCC(C2CC3CCCC3C3CCCC4CCCCC4C23)CC1
C1CCC(CC2CC3CCCCC3C3CCC4CCCCC4C23)CC1
C1CCC(CC2CC3CCCCC3C3CCC4CCCCCC4C23)CC1
C1CCC(C2CCC3CC4C(CCC5C6CCC(CCCCC7CCC8CCCCC8C7)C6CCC45)CC32)CC1
C1CCC(CCCCC2CC3CCCCC3C2)CC1
C1CCC2CC(C3CCCC4CCCC43)CCC2C1
C(CCC1CCCC2CCCCC12)CC1CCC2CCCCC2C1
C1CCC(C2CCC3(CCC4CC5C(CCC5C5CCCCC5)CC43)C2)CC1
C(CCC1CCC2C1CCC1C3CCCCC3CCC21)CC1CC2CCCCC2C1
C1CCC2CC(CCCC3CCCC4C3CCC3C5CCCCC5CCC43)CC2C1
C1CCC(C2CCC3CC4C(CCC45CCCCC5)CC32)CC1
C1CCC(CC2CCC(C3CC4CCCC4C4CCC5CCCCC5C34)CC2)C1
C1CCC2CCC(C3CCCC4CCCC43)CC2CC1
C1CCC(C2CC3CCCC3C3CCC4CCCCC4CC23)CC1
C(CCCC1CCCC2C(C3CCCCC3)CCC12)CCC1CCCCC1
C1CCC(CCC2CCC(C3CCC4C(CCC4C4CCCCC4)C3)CC2)CC1
C(CCCCC1CCC(C2CCCCC2)C1)CCCC1CCCCC1
C1CCC(CC2CCC(C3CC4CCCC4C4CCC5CCCCCC5C34)CC2)CC1
C1CCC(CCCCCC2CCC3CCCCC23)CC1
C1CCC2C(C1)CC(C1CCCC1)C1CCCCC21
C1CCC2CCC3C4CCCC4CC(C4CCC(C5CCCC5)CC4)C3C2CC1
C1CCC(C2CC3CCCC3CC3CCC4CCCCC4C32)CC1
C1CCC2CCC3C4CCCC4CCC3C2CC1
C1CCC(C2CCC3CC4C(CCCCC45CCCC5)CC32)CC1
C1CCC2CCC3C4CCCC4CCC3C2CC1
C1CCC(CCCCCC2CCCCC2)CC1
C1CCC(CCC2CCC3C(CCC3C3CCCCC3)C2)CC1
C1CCC(C2CCC3CC4C(CCCCC45CCCC5)CC32)CC1
C1CCC(CCC(CC2CCC3C(CC4CCCCC4)CCC3C2)C2CCCCC2)CC1
C1CCC2CC(C3CCCC4CCCC43)CCC2C1
C1CCC2C(C1)CCC1C3CCCC3CCC21
C1CCC(CCCCC2CC3CCCCC3C2)CC1
C1CCC(CCCC2CCC3C(CCC3C3CCCCC3)C2)CC1
C1CCC(CC2CC3CCCCC3C3CCC4CCCCC4C23)C1
C1CCC(CC2CCC3C(CCC3C3CCCCC3)C2)CC1
C1CCC(CCCCCC2CCCC3C(C4CCCCC4)CCC23)CC1
C1CCC2C(C1)CCC1C3CCCC3CCC21
C1CCC(C2CCC3CC4C(CCCC45CCCC5)CC32)CC1
C1CCC(CCC2CCC(CCC3CCCC(CC4CCCC4)C3)CC2)CC1
C(CCCCC1CCC(C2CCCCC2)C1)CCCC1CCCCC1
C1CCC2CC(C3CCCC4CCCC43)CCC2C1
C1CCC(CC2CCC(CC(CC3CCCCC3)CC3CCCCC3)CC2)CC1
C1CCC(C2CC3CCCCC3C3CCC4CCCCC4C23)CC1
C1CCC(C2CC3CCCC3C3CCC4CCCCCC4C23)CC1
C1CCC(CCC2CCCC3CCC4C(CCC4C4CCCCC4)CC23)CC1
C1CCC(CC2CC3CCCCC3CC3CCC4CCCCC4C32)C1
C1CCC(C2CCC3CCCC3C3CCC4CCCCCC4C23)CC1
C1CCC2C(C1)CC(C1CCCC1)C1CCCC21
C1CCC2C(C1)CCC1CCCCC12
C1CCC(CCCCC2CCCC3CCCC23)CC1
C1CCC(CCCCCC2CC3CCCCC3C2)CC1
C1CCC(C2CCC3CC4(CCCCCC4C4CCCCC4)CCC32)CC1
C1CCC(CCC2CCCC3CC4C(CCC4C4CCCCC4)CC23)CC1
C(CCCC1CCCC2C(C3CCCCC3)CCC12)CCC1CCCCC1
C1CCC(C2CC3CCCC3C3CCC4CCCCCC4C23)CC1
C1CCC(C2CCC3CC4C(CCC45CCCCC5)CC32)CC1
C(CCC1CCCC2CCCCC12)CC1CCC2CCCCC2C1
C(CCC1CC2CCCCC2C1)CCC1CCCC2CCCC12
C1CCC2CCC3C4CCCCC4CCC3C2CC1
C(CCC1CCCC2CCCCC12)CC1CC2CCCCC2C1
C1CCC(CC2CCCC(CC3CC4CCCCC4C4CCC5CCCCC5C34)C2)CC1
C1CCC(CCCCC2CCC3C2CCC2C4CCCCC4CCCC32)CC1
C1CCC(CCCCC2CC3CCCCC3C2)CC1
C(CCC1CCC2CCCCC2C1)CCC1CCCC2CCCCC12
C1CCC(CCCCC2CC3CCCCC3C2)CC1
C1CCC(C2CC3CCCC3C3CCC4CCCCCC4C23)CC1
C(CCC1CC2CCCCC2C1)CCC1CCCC2CCCC12
C1CCC(CCCCC2CCC(C3CCC4C(CCC4C4CCCCC4)C3)CC2)CC1
C1CCC(CCC2CCC3C(CCC4C5CCCCC5CCC34)C2)CC1
C1CCC2CCC3C4CCCC4CCC3C2CC1
C1CCC(CCC(CC2CCC3C(CCC3C3CCCCC3)C2)C2CCCCC2)CC1
C1CCC(CCCCCC2CC3CCCCC3C2)CC1
C1CCC(CCCCC2CCC3C2CCC2C4CCCCC4CCC32)C1
C1CCC2CCC(C3CCCC4CCCC43)CC2CC1
C1CCC(CCCCCC2CC3CCCCC3C2)CC1
C1CCC(CCCC2CCC3C2CCC2C4CCC5CCC(C6CCCCC6)C5CC4CCC32)CC1
C1CCC(CCC(CCC2CCC3CCCCC3C2)CC2CCCCC2)CC1
C1CCC2C(C1)CCCC1C3CCCC3CCC21
C1CCC(CC(CC2CCCCC2)C2CCCCC2)CC1
C1CCC2CC(C3CCCC4CCCC43)CCC2C1
C1CCC2C(C1)CC(C1CCCC3CCCC31)C1CCCCC21
C1CCC(CCC2CCC3C(CCC3C3CCCCC3)C2)CC1
C1CCC(CCCC2CCCCC3CCC(C4CCCC5CCCC54)CC23)CC1
C(CCC1CCC2C(CCC3C4CCCC4CCC23)C1)CC1CCC(C2CC3CCCC3C3CCC4CCCCC4C23)CC1
C1CCC(CCCCCC2CCCCC2)CC1
C1CCC(CCC2CCC3C(CCC3C3CCCCC3)C2)CC1
C1CCC(CC2CCCC(C3CCC4CC(CCC5CCC6CCCCC6C5)CCC43)C2)C1
C1CCC(C2CC3CCCC3C3CCC4CCCCC4C23)CC1
C1CCC(CCC2CCC3C(CCC3C3CCCCC3)C2)CC1
C1CCC(C2CCCC3C(CCC4CCCCC43)C2)CC1
C1CCC2CCC3C4CCCC4CCC3C2CC1
C1CCC(C2CCC3CC4C(CCCC45CC(C4CCCCC4)C(C4CCCCC4)C5)CCC32)CC1
C(CCCC1CCCC2C(C3CCCCC3)CCC12)CCC1CCCCC1
C1CCC(C2CCC(CCCCCC3CCCCC4CCCCC34)C2)CC1
C1CCC(CCCCCC2CC3CCCCC3C2)CC1
C1CCC(C2CCC3CC4C(CCC32)CCC42CCCC2)CC1
C1CCC2CC(C3CCCC4CCCC43)CCC2C1
C1CCC(CCCC23CCCC2CC2C4CCC5CCCCC5C4CCC23)C1
C1CCC(CCCCC2CCC3CCC(C4CCCC5CCCC54)CC3C2)CC1
C1CCC(CCCCCC2CCC3CCCCC23)CC1
C(CCCC1CCCC2C(C3CCCCC3)CCC12)CCC1CCCCC1
C1CCC2CC(C3CCCC4CCCC43)CCC2C1
C1CCC(CCCCCC2CC3CCCCC3C2)CC1
C1CCC(C2CC3CCCC3C3CCCC4CCCCC4C23)CC1
C1CCC(CCCCC2CCCC3CCC(C4CCCCC4)CC23)CC1
C1CCC(C2CC3CCCC3C3CCC4CCCCC4C23)CC1
C1CCC(CCC2CCC3C(CCC3C3CCCCC3)C2)CC1
C1CCC(C2CCC3CC4(CCCCCC4C4CCCCC4)CCC32)CC1
C1CCC2CC(C3CCC4CCCCC43)CCC2C1
C(CCCC1CCCC2C(C3CCCCC3)CCC12)CCC1CCCCC1
C1CCC(CCC(CCC2CCC3CCCC3C2)CC2CCCCC2)CC1
C1CCC(CCCCCC2CCCC3C(C4CCCCC4)CCC23)CC1
C1CCC(CCC2CCC3C(CCC3C3CCCCC3)C2)CC1
C1CC(CC2CCC(C3CC4CCCC4C4CCC5CCCCC5C34)CC2)C1
C(CCC1CCCC2CCCCC12)CC1CCC2CCCCC2C1
C1CCC(C2CCC3C(CCCCCC4CCC(C5CCCC5)C4)CCCC23)CC1
C1CCC(CCCCCC2CCCC3C(C4CCCCC4)CCC23)CC1
C1CCC2CCC(C3CCCC4CCCC43)CC2CC1
C1CCC(C2CC3CCCC3C3CCC4CCCCC4C3C2)CC1
C1CCC(CCCCCC2CCCC3C(C4CCCCC4)CCC23)CC1
C1CCC(CCCCCC2CCCC3CCC(C4CCCCC4)CC23)CC1
C1CCC(CCCC2CCCC3CCC(C4CCCC5CCCC54)CC3C2)CC1
C1CCC(CCCCCC2CCC3C2CCC2C4CCCCC4CCC32)CC1
C1CCC(CCCC2(CCC3CCCC3)CCCC3C4CCC5CCCCC5C4CCC32)C1
C1CCC2CCC3C4CCC(CCCC5CC6CCCCC6C5)C4CCC3C2CC1
C1CCC(CCCCC2CCC3CCCCC23)CC1
C1CCC(C2CC3CCCC3C3CCC4CCCCC4CC23)CC1
C1CCC(C2CC3CCCC3C3CCC4CCCCCC4C23)CC1
C(CCC1CCCC2CCCCC12)CC1CCC2CCCCC2C1
C1CCC2CC(CCCC3CCC4C3CCC3C5CCCCC5CCC43)CCC2C1
C1CCC(CCC2CCCC3CCC(C4CCCC5CCCC54)CC3C2)CC1
C1CCC(CC2CCCC(C3CCC4CC(CCC5CCC6CCCCC6C5)CCC43)C2)CC1
C1CCC(C2CCC3CC4C(CCC45CCCCCC5)CC32)CC1
C1CCC2CC(C3CCCC4CCCC43)CCC2C1
C1CCC(C2CCC3C(CCC4CCCCC43)C2)CC1
C1CCC2CCC(C3CCCC4CCCC43)CC2CC1
C1CCC2C(C1)CCC1CCCCC12
C1CCC(C2CCC(CCCCCC3CCCC4C(C5CCCCC5)CCC34)C2)CC1
C1CCC(CCC2CCC3C(CCC3C3CCCCC3)C2)CC1
C1CCC2CCC(C3CCCC4CCCC43)CC2CC1
C1CCC2CC(C3CCCC4CCCC43)CCC2C1
C1CCC(C2CCC3CCC4C(CCC45CCCC5)CC32)CC1
C1CCC(C2CC3CCCC3C3CCC4CCCCC4C23)CC1
C1CCC(C2CC3C(CCC4CC4)CCC3C3CCCC4CCCCC4C23)CC1
C1CCC(CCC(CC2CCC3C(CCC3C3CCCCC3)C2)C2CCCCC2)CC1
C1CCC2CC(C3CCCC4CCCC43)CCC2C1
C1CCC2CCC3CCCCC3C2CC1
C1CCC(CC23CCCCC2CCC2C4CCCC4CCC23)CC1
C1CCC(C2CC3CCCCC3C3CCC4CCCCC4C23)CC1
C1CCC2CCC(C3CCC4CCCCC43)CC2CC1
C(CCC1CC2CCCCC2C1)CCC1CCCC2CCCC12
C1CCC2CCC3C4CCC(CCCC5CCCC5)C4CCC3C2CC1
C1CCC2CCC(C3CCCC4CCCC43)CC2CC1
C(CCCC1CCCCC1)CCCC1CCC(C2CCCCC2)C1
C1CCC(C2CCC3CCCC3C3CCC4CCCCCC4C23)CC1
C1CCC(CCC2CCC3C(CCC3C3CCCCC3)C2)CC1
C1CCC(C2CC3CCCC3C3CCC4CCCCCC4C23)CC1
C1CCC(CCCCCC2CC3CCCCC3C2)CC1
C1CCC(C2CCC3CC4(CCCCCC4C4CCCCC4)CCCC32)CC1
C1CCC2C(C1)CC(C1CCCC3CCCC31)C1CCCC21
C1CCC2CCC3C4CCCCC4CC(CC4CCCC4)C3C2CC1
C1CCC2CCC(C3CCCC4CCCC43)CC2CC1
C1CCC(CCCCCC2CCCC3C2CCC3C2CCCC(CC3CCCCC3)C2)CC1
C1CCC2CCC(C3CCCC4CCCC43)CC2CC1
C1CCC(CC2CC3CCCCC3CC3CCC4CCCCC4C32)C1
C1CCC(CCC2CCC3C(CCC3C3CCCCC3)C2)CC1
C1CCC2C(C1)CCC1C3CCCC3CCC21
C1CCC(CCCCCC2CCCC3C(C4CCCCC4)CCC23)CC1
C1CCC(C2CCC(CCCC3CCC4C3CCC3C5CCCCCC5CCC43)C2)CC1
C(CCCC1CCCCC1)CCCC1CCC(C2CCCCC2)C1
C1CCC(CCCC2CCCCC2)CC1
C1CCC(CC2CCCC(CC3CC4CCCCC4C4CCC5CCCCCC5C34)C2)CC1
C1CCC2CCC(C3CCCC4CCCC43)CC2CC1
C1CCC(C2CC3CCCC3C3CCCC4CCCCC4C23)CC1
C1CCC2C(C1)CCC1C3CCCCC3CCC21
C1CCC(CCCCCC2CCCC3C2CCC3C2CCCC(CC3CC3)C2)CC1
C1CCC(C2CCC(CCCCCC3CCCC4CCCCC34)C2)CC1
C1CCC2CC(CC3CCCC4CCCC43)CCC2C1
C1CCC(C2CC3CCCCC3C3CCC(CCCC4CCCC4)CC23)CC1
C1CCC(C2CCC3CC4C(CCC5C6CCC(CCCC7CC8CCCCC8C7)C6CCCC45)CC32)CC1
C1CCC(CCC2CCC3C(CCC3C3CCCCC3)C2)CC1
C1CCC2C(C1)CCC1C3CCCC3CCC21
C1CCC2CC(CCCC3CCCC4CCCCC43)CC2C1
C1CCC(CCC2(CCCC3CC4CCCCC4C3)CCC3C4CCC5CCCCC5C4CCC32)C1
C1CCC2CCC3C4CCC(CCCC5CC6CCCCC6C5)C4CCC3C2CC1
C(CCC1CCCCC2CCCCC12)CC1CCC2CCCCC2C1
C1CC2CCC3C(CCC4CCCCC43)CC2C1
C1CCC2C(C1)CCC1C3CCCC3CCCC21
C1CCC2C(C1)CCC1C3CCCC3CCC21
C1CCC(C2CC3CCCC3C3CCC4CCCCC4C23)CC1
C1CCC(C2CCC(C3CC4CCCC4C4CCCC5CCCCC5C34)CC2)C1
C1CCC(CCCC2CCCC3CCC(C4CCCC5CCCC54)CC3C2)CC1
C1CCC(CCC2CCC(CCC3CCCC(CC4CCCC4)CC3)CC2)CC1
C1CCC(C2CC3CCCCC3C3CCC4CCCCC4C23)CC1
C1CCC(C2CCC3(CCC4CCC5C(CCC5C5CCCCC5)CC43)C2)CC1
C1CCC2CCC3C4CCC(CCCC5CC6CCCCC6C5)C4CCC3C2CC1
C1CCC2CC(C3CCCC3)CCC2C1
C(CCC1(C2CCCC2)CCCC2CCCCC21)CC1CCC2CCCCC2C1
C1CCC2CC(CC3CCCC4CCCC43)CCC2C1
C(CCCC1CCCC2C(C3CCCCC3)CCC12)CCC1CCCCC1
C1CCC(C2CC3CCCC3C3CCC4CCCCC4CC23)CC1
C1CCC(CCCCC2CCCC3C2CCC2C4CCCCC4CCC32)CC1
C1CCC(CC2CC3CCCCC3C3CCC4CCCCC4C23)CC1
C1CCC(CCCCCC2CC3CCCCC3C2)CC1
C1CCC2C(C1)CCCC1C2CCC2C3CCCC3CC21
C1CCC2C(C1)CCCC1CCCCC12
C1CCC(CCCCCC2CCC3CCCCC23)CC1
C1CCC(C2CCC3CC4C(CCC5C6CCC(CCCC7CC8CCCCC8C7)C6CCCC45)CC32)CC1
C1CCC(C2CC3CCCCC3C3CCCCC3C2)CC1
C1CCC(CCCCCC2CCC3C(CCC3C3CCCCC3)C2)CC1
C1CCC(CC2CCC(CCCC3CCC4C3CCC3C5CCCCC5CCC43)C2)CC1
C1CCC(CCC2CCC(CCC3CCCC(CC4CCCCC4)C3)CC2)CC1
C1CCC2C(C1)CCC1C3CCCC3CCC21
C1CCC2CCC3C4CCC(CCCC5CCC6CCCCC6C5)C4CCC3C2CC1
C(CCCC1CCCC2CCCCC12)CCC1CCC(C2CCCCC2)C1
C1CCC(CCC2CCC3C(CCC3C3CCCCC3)C2)CC1
C1CCC(CCCC2CCCC3CCC(C4CCCC5CCCC54)CC3C2)CC1
C1CCC2CC(C3CCCC4CCCC43)C3CCCC3C2CC1
C(CCCC1CCCCC1)CCCC1CCC(C2CCCCC2)C1
C1CCC(C2CCC3CCCC3C3CCC4CCCCC4C23)CC1
C1CCC(CC2CCC3C(CCC4CCCCC43)C2)CC1
C1CCC(CCCCC2CCC3CCCCC23)CC1
C1CCC2C(C1)CCC1CCCCC12
C1CCC2CC(C3CCCC4CCCC43)C3CCCC3C2CC1
C1CCC(CC2CC3CCCCC3C3CCC4CCCCCC4C23)CC1
C(CCCC1CCCC2C(C3CCCCC3)CCC12)CCC1CCCCC1
C1CCC(CC2CC3CCCCC3C3CCC4CCCCCC4C23)CC1
C(CCC1CCCCC2CCCCC12)CC1CCC2CCCCC2C1
C1CCC(C2CCC3CC4C(CCCC45CCCCC5)CC32)CC1
C(CCCC1(C2CCCCC2)CCC1)CCC1CCC(C2CCCCC2)C1
C1CCC(CCCCCC2CCC3CCCCC23)CC1
C(CCC1CCCC2CCCC12)CC1CC2CCCCC2C1
C1CCC2C(C1)CCCC2CC1CC2CCCCC2C2CCC3CCCCC3C12
C1CCC(C2CC3CCCC3C3CCC4CCCCCC4C23)CC1
C1CCC(C2CC3C(CCC34CCCC4)C3CCC4CCCCCC4C23)CC1
C1CCC(CCC(CCC2CCC3CCCCC3C2)CC2CCCCC2)CC1
C1CCC(CCC(CC2CC3CCCCC3C2)C2CCCCC2)CC1
C1CCC(CCC2CCCCC2)CC1
C1CCC(CCCCC2CCC3CCCCC23)CC1
C1CCC(C2CCC(CCCCCC3CCCC4C(C5CCCCC5)CCC34)C2)CC1
C1CCC2CC(CCCC3CCC4C3CCC3C5CCCCC5CCC43)CC2C1
C1CCC(CCC(CCC2CCC3CCCCC3C2)CC2CCCCC2)CC1
C1CCC(C2CC3CCCC3CC3CCC4CCCCC4C32)CC1
C1CCC(CCCC2CCC3C(CCC3C3CCCCC3)C2)CC1
C1CCC2CCC3C4CCCCC4CC(CC4CCCC4)C3C2CC1
C1CCC2CC(CC3CCCC4CCCCC43)C3C(CCC4CCCCC43)CC2C1
C1CCC(CCCC2CCCC(C3CCC4CC(CCC5CCC6CCCCC6C5)CCC43)C2)CC1
C1CCC2CC(CCCC3CCC4C3CCC3C5CCCCC5CCCC43)CC2C1
C1CCC2CC(CCCC3CCC4C3CCC3C5CCCCC5CCC43)CC2C1
C1CCC(C2CC3CCCC3C3CCC4CCCCCC4C23)CC1
C1CCC(CC2CC3CCCCC3C3CCC4CCCCC4C23)C1
C1CCC(C2CCC3CCC4CCCCC4C3CC2)CC1
C1CCC2C(C1)CCC1C3CCCC3CCC21
C1CCC(CC2CCC(CCCCCC3(C4CCCC4)CCCC4CCCCC43)C2)CC1
C1CCC(CC2CCC(CC(CC3CCCCC3)C3CCCCC3)CC2)CC1
C1CCC2CC(C3CCCC4CCCC43)CCC2C1
C1CCC(CCCCC2CC3CCCCC3C2)CC1
C1CCC(C2CC3CCCC3C3CCC4CCCCC4C23)CC1
C1CCC(CC2CCCCC2CC2CC3CCCCC3C3CCC4CCCCC4C23)CC1
C1CCC(CCCCCC2CCCC3C(C4CCCCC4)CCC23)CC1
C1CCC(CCC2CCCCC2)CC1
C1CCC(C2CC3CCCC3C3CCC4CCCCC4C23)CC1
C(CCCC1CCCCC1)CCCC1CCC(C2CCCCC2)C1
C1CCC(CCCCCC2CCCC3C(C4CCCCC4)CCC23)CC1
C1CCC(CCC2CCC3C(CCC3C3CCCCC3)C2)CC1
C1CCC(C2CCC3C(CCC34CCCC4)C3CCC4CCCCC4C23)CC1
C1CCC2CC(C3CCCC4CCCC43)CCC2C1
C1CCC(C2CC3CCCC3C3CCC4CCCCC4C23)CC1
C1CCC2CC(C3CCCC4CCCC43)CCC2C1
C1CCC(CCCC2CCC3CCC(C4CCCC5CCCC54)CC3C2)CC1
C1CCC(CCC2CCC3C(CCC3C3CCCCC3)C2)CC1
C1CCC2C(C1)CCCC1C3CCCC3CCC21
C1CCC2C(C1)CCCC1C3CCCC3CCC21
C(CCCC1CCCC2C(C3CCCCC3)CCC12)CCC1CCCCC1
C1CCC(CCCC2CCC3C2CCC2C4CCCCC4CCC32)C1
C1CCC2CC(C3CCCC4CCCC43)CCC2C1
C1CCC(CCCCCC2CC3CCCCC3C2)CC1
C1CCC(CCC2CCC(C3CC3)CC2)CC1
C1CCC2C(C1)CCC1C3CCCC3CCC21
C1CCC2CC(C3CCCC4CCCC43)CCC2C1
C1CCC(CCCC(CC2CCC3C(CCC3C3CCCCC3)C2)C2CCCCC2)CC1
C1CCC(CCCC2CCC3CCC(C4CCCC5CCCC54)CC3CC2)CC1
C(CCCC1CCCCC1)CCCC1CCC(C2CCCCC2)C1
C(CCC1CCCC2CCCCC12)CC1CCCC2CCCCC12
C1CCC(C2CC3CCCC3C3CCC4CCCCC4C23)CC1
C1CCC(CCCCC2CC3CCCCC3C2)CC1
C1CCC(CC2CC3CCCCC3C3CCC4CCCCCC4C23)CC1
C1CCC(CCC2CCC3C(CCC3C3CCCCC3)C2)CC1
C1CCC(CCC2CCC3C(CCC4C5CCCC5CCC34)C2)CC1
C1CCC(CC2CCC3C(CCC3C3CCCCC3)C2)CC1
C(CCCC1CCCC2C(C3CCCCC3)CCC12)CCC1CCCCC1
C1CCC(CCCCCC2CCCC3C(C4CCCCC4)CCC23)CC1
C1CCC(C2CCC3CCCC3C3CCC4CCCCC4C23)CC1
C1CCC2C(C1)CCCC2CCCC1CCCC2CCCCC21
C1CCC(C2CCC(C3CC4CCCC4C4CCC5CCCCC5C34)CC2)C1
C1CCC2C(C1)CCCC1C3CCCC3CCC21
C1CCC(CCCC2CC3CCCC3C3CCC4CC(CCC5CCCCC5)CCC4C23)CC1
C1CCC(CCCCC2CC3CCCCC3C2)CC1
C(CCC1CCC2CCCCC2C1)CCC1(C2CCCC2)CCCC2CCCCC21
C1CCC(CCCCC2CCC3CCCCC23)CC1
C(CCCC1CCCC2C(C3CCCCC3)CCC12)CCC1CCCCC1
C(CCCC1CCCC2C(C3CCCCC3)CCC12)CCC1CCCCC1
C1CCC(CCCC2CCC3CCC(C4CCCC5CCCC54)CC3C2)CC1
C1CCC(CCC(CC2CC3CCCCC3C2)C2CC2)CC1
C1CCC2CCC(C3CCCC4CCCC43)CC2CC1
C1CCC(CC2CCCCCC23CCC2C(CCC2C2CCCCC2)C3)CC1
C1CCC(CCC2CCC(CCC3CCCCC3)CC2)CC1
C1CCC(C2CC3CCCC3C3CCC4CCCCC4C23)CC1
C1CCC(C2CCC3CC4C(CCC5C6CCC(CCCCC7CC8CCCCC8C7)C6CCC45)CC32)CC1
C(CCC1CCC(CC2CCCC2)C1)CCC1CCCC2CCCCC12
C1CCC(CCCCCC2CC3CCCCC3C2)CC1
C1CCC2CCC(C3CCCC4CCCC43)CC2CC1
C1CCC(C2CCC3CCC4C(CCC45CCCC5)CC32)CC1
C1CCC2CCC(C3CCCC4CCCC43)CC2CC1
C1CCC(CCCC2CCC3C2CCC(C2CCCCC2)C2C4CCCCC4CCC32)CC1
C(CCC1CCC2CCCCC2C1)CCC1CCCC2CCCCC12
C1CCC(CCC2(CCCC3CC4CCCCC4C3)CCC3C4CCCC5CCCCC5C4CCC32)C1
C1CCC(CCC2CCC(C3CC3)CC2)CC1
C1CCC(C2CCC3CC4C(CCC45CCCC5)CC32)CC1
C1CCC(C2CCC3CCC4C(CCC5C6CCCC6CCC45)CC32)CC1
C(CCCC1CCCCC1)CCCC1CCC(C2CCCCC2)C1
C1CCC2CC(CC3CCCC4CCCC43)CCC2C1
C1CCC(C2CCC3CC4C(CCC45CCCCC5)CC32)CC1
C1CCC(C2CCC(CCCCCC3CCCC4C(C5CCCCC5)CCC34)C2)CC1
C1CCC(CCCC2CCCC3C2CCC2C4CC5CCC(C6CCCCC6)C5CC4CCC32)CC1
C1CCC(CCC2CCC(C3CCC4C(CCC4C4CCCCC4)C3)CC2)CC1
C(CCCC1CCCCC1)CCC1CCCCC1
C1CCC2CC(C3CCCC4CCCC43)CCC2C1
C(CCCCC1CCC(C2CCCCC2)C1)CCCC1CCCCC1
C(CCCC1CCCC2C(C3CCCCC3)CCC12)CCC1CCCCC1
C1CCC2C(C1)CCC1CCCCC12
C1CCC(CCCCC2CCC3CCCCC23)CC1
C1CCC(CCC2CCC(CCC3CCCC(CC4CCCC4)C3)CC2)CC1
C1CCC(CCC2CCC3C(CCC3C3CCCCC3)C2)CC1
C1CCC2CCC3C4CCCCC4CC(CC4CCCC4)C3C2CC1
C1CCC(C2CC3CCCC3C3CCC4CCCCCC4C23)CC1
C1CCC2CC(CCCC3CCC4C3CCCC3C5CCCCC5CCC34)CC2C1
C1CCC(C2CCC3CC4C(CCC45CCCCC5)CC32)CC1
C1CCC2CC(CCCC3CCC4C3CCC3C5CCCCC5CCCC43)CC2C1
C1CCC(CCCCCC2CCC3CCCCC23)CC1
C1CCC(CCCCCC2CCC3CCCCC23)CC1
C1CCC2C(C1)CC(C1CCCC1)C1CCCCC21
C1CCC(CCCCCC2CCCC3C(C4CCCCC4)CCC23)CC1
C1CCC(CCCCCC2CCCC3C(C4CCCCC4)CCC23)CC1
C1CCC(CCCCCC2CC3CCCCC3C2)CC1
C1CCC(C2CC3CCCC3C3CCC4CCCCC4C23)CC1
C(CCCCCCC1CCC2C1CCC1C3CCCCCC3CCC21)CCCCCC1CCC(CCC2CCC(CCC3CCCC3)C2)C1
C1CCC(C2CC3CCCC3C3CCC4CCCCC4C23)CC1
C1CCC(C2CCC3CC4(CCCCCC4C4CCCCC4)CCCC32)CC1
C1CCC2C(C1)CCCC1CCCCC12
C(CCCC1CCCCC1)CCCC1CCC(C2CCCCC2)C1
C(CCC1CCCC2CCCCC12)CCC1CCCC2CCCCC12
C1CCC(C2CCC(CCCCCC3(C4CCCC4)CCCC4CCCCC43)C2)CC1
C1CCC2CC(CC3CCCC4CCCC43)CCC2C1
C1CCC(CCCCC2CC3CCCCC3C2)CC1
C(CCCC1CCCC2CCCCC12)CCC1CCC(C2CCCCC2)C1
C1CCC(CCCCC2CCC3CCCCC23)CC1
C1CCC(CCCCC2CCC3CCCCC23)CC1
C1CCC(CCCC2(CCC3CCCC3)CCC3C4CCC5CCCCC5C4CCC32)CC1
C1CCC(CCC(CC2CCC3C(CCC3C3CCCCC3)C2)C2CCCCC2)CC1
C1CCC2C(C1)CCCC1C3CCCC3CCC21
C1CCC(CCCCC2C3CCCCC3CCC2C2CCCC3CCCC32)CC1
C1CCC2C(C1)CCCC1C3CCCC3CCC21
C1CCC(CCCCC2CCC3CCCCC23)CC1
C1CCC(C2CCC(CCCCC3CCC4C3CCC3C5CCCCC5CCC43)C2)CC1
C1CCC(C2CCC3CC4C(CCCC45CC(C4CCCCC4)C(C4CCCCC4)C5)CCC32)CC1
C1CCC2CC(CCCC3CCCC4C3CCC3C5CCCCC5CCC43)CC2C1
C1CCC(CCCC(CCC2CCC3CCCC3C2)CC2CCCCC2)CC1
C1CCC(CCCC2CCC3CCC(C4CCCC5CCCC54)CC3CC2)CC1
C1CCC2C(C1)CCC1CCCCC12
C1CCC(CCC2CCC3C(CCC3C3CCCCC3)C2)CC1
C1CCC2CC(C3CCCC4CCCC43)CCC2C1
C1CCC(CCC2CCC(CC(CC3CCCCC3)C3CCCCC3)CC2)CC1
C1CCC(CCCCCC2CCCC3C(C4CCCCC4)CCC23)CC1
C1CCC(C2CCC3C(CCC4CCCCC43)C2)CC1
C1CCC(CCC2CC3CCCCC3C3CCC4CCCCC4C23)CC1
C1CCC(CCCC2CCC(C3CC3)CC2)CC1
C1CCC(CCC2CCC3C(CCC4C5CCCC5CCC34)C2)CC1
C1CCC2CC(C3CCCC4CCCC43)CCC2C1
C1CCC2CC(CCCC3CCC4C3CCCC3C5CCCCC5CCC34)CCC2C1
C1CCC(CCCCCC2CCCC3C(CC4CCCCC4)CCC23)CC1
C1CCC(C2CCC(CCCCCC3CCCC4CCCCC34)C2)CC1
C1CCC(C2CCC3CC4C(CCC45CCCC5)CC32)CC1
C1CCC(CC2CCC3C(CCC3C3CCCCC3)C2)CC1
C1CCC(C2CCC3CC4C(CCCC5C6CCC(CCCC7CCC8CCCCC8C7)C6CCC45)CC32)CC1
C1CCC(CCC2CCCC3CCC(CC4CCCC5CCCC54)CC23)CC1
C1CCC(C2CC3C(CCC34CCCCC4)C3CCC4CCCCC4C23)CC1
C1CCC(CC2CCCCCC23CCC2C(CCC2C2CCCCC2)C3)CC1
C1CCC2CCC3C4CCCCC4CCC3C2CC1
C1CCC2CC(C3CCC4CCCCC43)CCC2C1
C1CCC2CCC(C3CCCC3)CC2CC1
C1CCC(C2CCC3CC4C(CCC45CCCC5)CC32)CC1
C1CCC(C2CCC3C(CCC4CCCCC43)C2)CC1
C1CCC(C2CCC3CC4C(CCC5C6CCCC6CCC45)CC32)CC1
C1CCC(CC2CC3CCCCC3CC3CCC4CCCCC4C32)C1
C1CCC(CC2CC3CCCCC3C3CCC4CCCCCC4C23)CC1
C(CCC1CCCC2CCCCC12)CC1CCCC2CCCCC2C1
C(CCC1CCCC2CCCCC12)CC1CC2CCCCC2C1
C1CCC(CC2CCCCCCC23CCC2C(CCC2C2CCCCC2)C3)CC1
C1CCC2CC(CC3CCCC4CCCC43)CCC2C1
C(CCCC1CCCC2C(C3CCCCC3)CCC12)CCC1CCCCC1
C1CCC(CC2CCC(CC(CC3CCCCC3)C3CCCCC3)CC2)CC1
C1CCC(CCCCC2C3CCCCCC3CCC2C2CCCC3CCCC32)CC1
C1CCC2CC(CCCC3CCC4C3CCC3C5CCCCC5CCC43)CC2C1
C1CCC(CCCCC2CC3CCCCC3C2)CC1
C1CCC(C2CCC(CCCCCC3(C4CCCCC4)CCCC3)C2)CC1
C1CCC(CCC2CCCC(C3CCC4CC(CCC5CCC6CCCCC6C5)CCC43)C2)C1
C1CCC(C2CC3CCCC3C3CCCC4CCCCC4C23)CC1
C1CCC(C2CC3CCCC3CC3CCC4CCCCC4C32)CC1
C1CCC(C2CCC3C(CCCCCC4CCC(C5CCCC5)C4)CCCC23)CC1
C1CCC(C2CCC3C(CCC3C3CCCCC3)C2)CC1
C1CCC(CCCCCC2CCC3CCCCC23)CC1
C1CCC(C2CC3CCCC3C3CCC4CCCCC4C23)CC1
C(CC1CCC2CCCC2C1)CC1CCC2CCC(C3CCCC4CCCC43)CC2C1
C1CCC2CCC3C4CCCC4CCC3C2CC1
C1CCC2CCC(C3CCCC3)CC2CC1
C(CCCC1CCCC2CCCCC12)CCC1CCC(C2CCCCC2)C1
C1CCC(C2CCC3C(CCC4CCCCC43)C2)CC1
C(CCCC1CCCCC1)CCCC1CCC(C2CCCCC2)C1
C1CCC(CCCCC2CCC3CCCCC23)CC1
C1CCC(CCCC2CCC3C(CCC3C3CCCCC3)C2)CC1
C1CCC(CCCCC2CCC3C2CCC2C4CC5CCC(C6CCCCC6)C5CC4CCC32)CC1
C1CCC(CC2CCCCCC23CCC2C(CCC2C2CCCCC2)C3)CC1
C1CCC(CCCCC2CC3CCCCC3C2)CC1
C1CCC(CCC2CCC(CCC3CCCC(CC4CCCC4)CC3)CC2)CC1
C1CCC(CCC2CCC3C(CCC3C3CCCCC3)C2)CC1
C1CCC2C(C1)CCC1CCCCC12
C1CCC(CCCC2CCCC3C2CCC2C4CC5CCC(C6CCCCC6)C5CC4CCC32)CC1
C1CCC2C(C1)CCCC1C3CCCC3CCC21
C1CCC(CCCC2CCCC(C3CCC4CC(CCC5CCC6CCCCC6C5)CCC43)C2)CC1
C1CCC(C2CC3CCCCC3C3CCCCC23)CC1
C1CCC(CCCC2CCCC(C3CCC4CC(CCC5CCC6CCCCC6C5)CCC43)C2)CC1
C1CCC2C(C1)CC(C1CCCC1)C1CCCC21
C1CCC2CC(CCCC3CCCC4C3CCC3C5CCCCC5CCC43)CC2C1
C1CCC2CC(C3CCCC4CCCC43)CCC2C1
C1CCC(C2CCC3CCC(C4CCCC4)CC32)CC1
C1CCC2C(C1)CCC1C2CCC2C3CCCC3CC21
C1CCC(CCC2CCCC3CC4C(CCC4C4CCCCC4)CC23)CC1
C1CCC2C(C1)CCC1C3CCCC3CCC21
C1CCC(CCC2CCC3C(CCC3C3CCCCC3)C2)CC1
C1CCC(C2C3CCCC3CC3CC4CCCCC4CC32)CC1
C1CCC(C2C3CCCCC3CC3CC4CCCC4CC32)CC1
C1CCC(CCC2CCC3C(CCC3C3CCCCC3)C2)CC1
C1CCC2CC(C3CCCC4CCCC43)CCC2C1
C1CCC2CC(C3CCCC3)C3CCCC3C2CC1
C1CCC(CCC2CCC3C(CCC3C3CCCC(CCC4CCCC4)C3)C2)CC1
C1CCC(CC2CC3CCCCC3C3CCC4CCCCCC4C23)CC1
C1CCC(CCCCCC2CCC3CCCCC23)CC1
C(CCC1CCCC2CCCCC12)CC1CCC2CCCCC2C1
C1CCC(CCCCC2CC3CCCCC3C2)CC1
C1CCC(CCCCC2CCCC3CCC(C4CCCCC4)CC23)CC1
C1CCC(CCCCCC2CCCC3C(CC4CCCCC4)CCC23)CC1
C1CCC(C2CCC3C(CCCC4CCCCC43)C2)CC1
C1CCC(CCC2CC3CCCCC3C3CCC4CCCCC4C23)CC1
C1CCC2CCC(CCC3CCC4C(CCC4C4CCCC(CC5CCCC5)C4)C3)CC2CC1
C1CCC(CCCCCC2CC3CCCCC3C2)CC1
C(CCCC1CCCC2C(C3CCCCC3)CCC12)CCC1CCCCC1
C1CCC2CC(CCCC3CCC4C5CCC6CCCCC6C(CCC34)C5)CCC2C1
C1CCC(CCC(CCC2CCC3CCCCC3C2)CC2CCCCC2)CC1
C(CCC1CCC2C1CCC1C3CCCCC3CCC21)CC1CCCC2CCCCC12
C1CCC2CCC(C3CCCC4CCCC43)CC2CC1
C(CCCCC1CCC(C2CCCCC2)C1)CCCC1CCCCC1
C1CCC(C2CCC3CC4C(CCCC5C6CCC(CCCC7CC8CCCCC8C7)C6CCC45)CC32)CC1
C1CCC(C2CC3CCCC3C3CCC4CCCCC4C23)CC1
C(CCC1CCC2CCCCC2C1)CCC1CCCC2CCCCC12
C1CCC2CCC(C3CCCC4CCCC43)CC2CC1
C1CCC(C2CCC3CC4C(CCCC45CCCC5)CC32)CC1
C1CCC2CCC3C4CCC(CCC5CCCC5)C4CCC3C2CC1
C1CCC(CCCCC2CC3CCCCC3C2)CC1
C1CCC2CC(C3CCCC4CCCC43)CCC2C1
C1CCC(CCC2CCC3C(CCC3C3CCCCC3)C2)CC1
C1CCC(CCCCCC2CCCCC2)CC1
C1CCC2C(C1)CCC1C2CCCC2C3CCCC3CC21
C1CCC(CCC2CCC3C(CCCC4C5CCCC5CCC34)C2)CC1
C1CCC(C2CC3CCCC3C3CCC4CCCCCC4C23)CC1
C1CCC(C2CCC3CCCC3C3CCC4CCCCC4C23)CC1
C1CCC2CC(C3CCCC4CCCC43)CCC2C1
C1CCC(CC2CC3CCCCC3C3CCC4CCCCCC4C23)CC1
C(CCCC1CCCC2CCCC12)CCC1CCCCC1
C1CCC(CCC2CCC3C(CCC3C3CCCCC3)C2)CC1
C1CCC(CCCCCC2CCCC3C(CC4CCCCC4)CCC23)CC1
C1CCC(CCC(CCC2CCC3CCCC3C2)CC2CCCCC2)CC1
C1CCC(CC2CCC3CCC(C4CCCC4)CC32)C1
C(CCCC1CCCC2C1CCC2C1CCC(CC2CC2)CC1)CCC1CCCCC1
C(CCC1CCCC2CCCCC12)CC1CCC2CCCCC2C1
C1CCC2CCC(C3CCCC4CCCC43)CC2CC1
C1CCC(CCCCCC2CCC3C(CCC3C3CCCCC3)C2)CC1
C1CCC2CC(CC3CCCC4CCCC43)CCC2C1
C(CCC1(C2CCCC2)CCCCC2CCCCC21)CC1CCC2CCCCC2C1
C1CCC(C2CC3CCCC3C3CCC4CCCCC4C23)CC1
C1CCC2C(C1)CCCC2CCCC1CCCC2CCCCC21
C1CCC2CCC3C4CCC(CCCC5CC6CCCCC6C5)C4CCC3C2CC1
C1CCC2CCC(C3CCCC4CCCC43)CC2CC1
C1CCC2CCC3C4CCCCC4CC(CC4CCCC4)C3C2CC1
C1CCC(CCC2CCC3C(CCC4C5CCCC5CCC34)C2)CC1
C1CCC(CC2CCCC2CC2CC3CCCCC3C3CCC4CCCCCC4C23)CC1
C1CCC(C2CCC(CCCCCC3CCCC4CCCCC34)C2)CC1
C1CCC2CC(CCCC3CCC4C3CCC3C5CCCCC5CCC43)CCC2C1
C1CCC(C2CCC3CC4C(CC5CC6CCCCC6C5)CCCC4CC32)CC1
C(CCCC1CCCC2C(C3CCCCC3)CCC12)CCC1CCCCC1
C1CCC2C(C1)CCCC2CCCC1CCC2C1CCC1C3CCCCC3CCC21
C(CCCC1CCCC2CCCCC12)CCC1CCC(C2CCCCC2)C1
C1CCC(C2CCC3C(CCCCCC4CC4)CCCC23)CC1
C1CCC(CCCC23CCCC2CC2C4CCC5CCCCC5C4CCC23)C1
C1CCC(C2CC3CCCC3C3CCC4CCCCC4C23)CC1
C1CCC(CCCC2CCC3CCC(C4CCCC5CCCC54)CC3C2)CC1
C1CCC(C2CC3CCCC3C3CCC4CCCCC4C23)CC1
C1CCC(C2CCC3CC4C(CCC5C6CCC(CCCC7CC8CCCCC8C7)C6CCC45)CC32)CC1
C1CCC(CC2CCCC2CC2CC3CCCCC3C3CCC4CCCCCC4C23)CC1
C1CCC(CCC(CC2CC3CCCCC3C2)C2CCC2)CC1
C1CCC(C2CCC3C(CCC34CCCCC4)C3CCC4CCCCC4C23)CC1
C1CCC(CC2CCC3C(CCC3C3CCCCC3)C2)CC1
C1CCC2CCCC(CC3CC4CCCCC4C4CCC5CCCCC5C34)C2CC1
C1CCC2C(C1)CCCC2CCCC1CCCC2CCCCC21
C1CCC(CC2CCC3C(CCC3C3CCCCC3)C2)CC1
C1CCC(C2CCC3CC4C(CCCC4CC4CCC5CCCCC54)CCC32)CC1
C1CCC(C2CCC3CC4(CCCCCC4C4CCCCC4)CCC32)CC1
C1CCC(CC2CC3CCCCC3C3CCC4CCCCCC4C23)CC1
C1CCC2CCC3C4CCCC4CCC3C2CC1
C1CCC(CCCCCC2CCCC3C(C4CCCCC4)CCC23)CC1
C1CCC2CC(C3CCCC3)CCC2C1
C1CCC2CCC3C4CCCC4CCC3C2CC1
C1CCC(CC2CCC3CC4C(CCC5C6CCC(CCCC7CC8CCCCC8C7)C6CCC45)CC23)CC1
C1CCC(CC2CCCCCC23CCCC2C(CCC2C2CCCCC2)C3)CC1
C1CCC(CCC2CCC3C(CCC3C3CCCCC3)C2)CC1
C1CCC(CCC2CCC(CCC3CCCC(CC4CCCC4)C3)CC2)CC1
C1CCC2C(C1)CCC1C2CCC2C3CCCCC3CC21
C1CCC2CCC(C3CCCC4CCCC43)CC2CC1
C1CCC(CCC2CCC3C(CCC3C3CCCCC3)C2)CC1
C(CCC1CCC2C1CCC1C3CCCCC3CCC21)CC1CC2CCCCC2C1
C(CC1CCC(C2CCCC2)CC1)CC1CCC2CCCC2C1
C1CCC2CCC(C3CCCC4CCCC43)CC2CC1
C1CCC(CCCCCC2CCC3CCCCC23)CC1
C1CCC(C2CC3CCCC3CC3CCC4CCCCC4C32)CC1
C1CCC(CCCCCC2CCC3CCCCC23)CC1
C1CCC(CC2CCCCC2CC2CC3CCCCC3C3CCC4CCCCC4C3C2)CC1
C1CCC(C2CCC3CCCCC3C3CCC4CCCCC4C23)CC1
C1CCC(CCCC(CCC2CCC3CCCC3C2)CC2CCCCC2)CC1
C1CCC(C2CCC(CCCC3CCC4C3CCC3C5CCCCC5CCCC43)C2)CC1
C1CCC(C2C3CCCC3CC3CC4CCCC4CC32)CC1
C1CCC2CC(CCCC3CCC4C3CCCC3C5CCCCC5CCC34)CC2C1
C1CCC(C2CCCC3C(CCC4CCCCC43)C2)CC1
C1CCC(C2CCCCC2CCC2CC3CCCCC3C3CCC4CCCCC4C23)CC1
C1CCC2CC(CCCC3CCCCC4CCCCC43)CC2C1
C1CCC2C(C1)CCC1C3CCCC3CCC21
C(CCC1CCCCC2CCCCC12)CC1CCC2CCCCC2C1
C1CCC(C2CC3CCCC3C3CCCC4CCCCC4C23)CC1
C1CCC2CC(CC3CCCC4CCCC43)CCC2C1
C1CCC(CCCCCC2CC3CCCCC3C2)CC1
C1CCC2CC(CCCC3CCC4C3CCC3C5CCCCC5CCC43)CC2C1
C1CCC(CCCCCC2CCC3CCCCC23)CC1
C1CCC2CCC3C4CCCC4CCC3C2CC1
C1CCC(CCCC(CC2CC3CCCCC3C2)C2CCCC2)CC1
C1CCC(C2CC3CCCC3C3CCC4CCCCCC4C23)CC1
C1CCC(CCCC(CCC2CCCCC2)CCC2CCC3CCCC3C2)CC1
C(CCC1CCCC2CCCC12)CC1CC2CCCCC2C1
C1CCC(CCCCCC2CCC3CCCCC3C2)CC1
C(CCCC1CCCC2C(C3CCCCC3)CCC12)CCC1CCCCC1
C(CCC1CCC2C1CCC1C3CCCCC3CCC21)CC1CC2CCCCC2C1
C1CCC2CCC(C3CCCC4CCCC43)CC2CC1
C1CCC(CC2CCCC(CCC3CCC(CCC4CCC(C5CC5)CC4)CC3)C2)C1
C1CCC(CC2CC3CCCCC3C3CCC4CCCCC4C23)C1
C1CCC(C2CCC3CC(C4CCC(CCCC5CCCC5)CC4)CCC32)CC1
C1CCC2C(C1)CC(C1CCCC3CCCC31)C1CCCC21
C1CCC2CC(CCCC3CCC4C3CCC3C5CCCCC5CCC43)CC2C1
C(CCCC1CCCC2C(C3CCCCC3)CCC12)CCC1CCCCC1
C1CCC2CC(C3CCCC4CCCC43)CCC2C1
C1CCC(C2CCC3CCCC3C3CCC4CCCCC4C23)CC1
C1CCC2CCC3C4CCCC4CCC3C2CC1
C1CCC(CCC2CCC3C(CCC3C3CCCCC3)C2)CC1
C1CCC(CCC2CCC3C(CCC4CC5CCCC5CC(CCC5CCCCC5)C43)C2)CC1
C1CCC2C(C1)CCC1C2CCC2C3CCCC3CC21
C1CCC(CCCCC2CC3CCCCC3C2)CC1
C1CCC2CCC(C3CCCC4CCCC43)CC2CC1
C1CCC(CCCCC2CC3CCCCC3C2)CC1
C1CCC2CC3CCC(C4CCCCC4)C3CC2CC1
C(CCCC1CCCC2C(C3CCCCC3)CCC12)CCC1CCCCC1
C1CCC(C2CCC3CCCCC3C3CCC4CCCCC4C23)CC1
C1CCC(CCCCCC2CC3CCCCC3C2)CC1
C1CCC(C2CC3C(CCCC4CC4)CCC3C3CCC4CCCCC4C23)CC1
C1CCC(CCCCCC2CC3CCCCC3C2)CC1
C1CCC2CCC3C4CCCCC4CCC3C2CC1
C1CCC(CCCCC2CC3CCCCC3C2)CC1
C1CCC(CCCC(CC2CCC3C(CCC3C3CCCCC3)C2)C2CCCCC2)CC1
C1CCC2C(C1)CC(C1CCCC1)C1CCCCC21
C(CCCCC1CCC2C(CCC3C4CCCC4CCCC23)C1)CCCC1CCCC(CC(CC2CCC(CC3CCCCC3)CC2)C2CCCCC2)C1
C1CCC(CCCCCC2CCCCC2)CC1
C(CCCC1CCCC2CCCCC12)CCC1CCC(C2CCCCC2)C1
C1CCC(CCC2CCC3C(CCC3C3CCCC(CCC4CCCC4)C3)C2)CC1
C1CCC(CCCCCC2CCCC3C2CCC3C2CCCC(CC3CCCC3)C2)CC1
C1CCC(C2CC3CCCC3C3CCCC4CCCCC4C23)CC1
C(CCC1CCC2CCCC2C1)CC1CCC(C2CCCC2)CC1
C1CCC(CCC2(CCCC3CC4CCCCC4C3)CCC3C4CCC5CCCCC5C4CCC32)C1
C1CCC(C2CCC3CC4C(CCCC45CCCCC5)CC32)CC1
C1CCC(CCC2CC3CCCCC3C2C2CCCCC2)CC1
C1CCC(CC2CC3CCCCC3C3CCC4CCCCCC4C23)CC1
C1CCC(C2CCC3C(CCCC4CCCCC43)C2)CC1
C1CCC(CCCC2CCC3CCCC3C2)CC1
C1CCC(CCCCCC2CCCCC2)CC1
C1CCC2CCC3C4CCC(CCCC5CCCC6CCCCC65)C4CCC3C2CC1
C1CCC2CC(CC3CCCC4CCCC43)CCC2C1
C1CCC(C2CC3CCCC3C3CCC4CCCCC4C23)CC1
C(CCCC1CCCC2C(C3CCCCC3)CCC12)CCC1CC1
C1CCC2CC3CCC4CCCC4C3CCC2C1
C1CCC(C2CCC3CC4CCCCC4CC32)CC1
C1CCC(CCCCC2CC3CCCCC3C2)CC1
C1CCC2C(C1)CCC1C3CCCCC3CCCC21
C1CCC(CCCCCC2CCC3CCCC3C2)CC1
C1CCC(C2CC3CCCC3C3CCCC4CCCCC4C23)CC1
C1CCC(C2CC3CCCC3C3CCC4CCCCCC4C23)CC1
C(CCCC1CCCCC1)CCCC1CCC(C2CCCCC2)C1
C(CCCC1CCCC2C(C3CCCCC3)CCC12)CCC1CCCCC1
C(CCCC1CCCCC1)CCCC1CCC(C2CCCCC2)C1
C1CCC(CCCC2CCC3CCCC3C2)CC1
C1CCC(CCCCCC2CCC3CCCCC23)CC1
C1CCC(CC2CC3CCCCC3C3CCC4CCCCCC4C23)CC1
C(CCC1CCC2CCCCC2C1)CCC1CCCC2CCCCC12
C1CCC2CCC(C3CCCC4CCCC43)CC2CC1
C1CCC2CC3CCCCC3CCC2C1
C1CCC(CCC2CCCC3CCC(CC4CCCC5CCCC54)CC23)CC1
C1CCC(C2CCC3CC4C(CCCC4CC4CCC5CCCCC54)CCC32)CC1
C(CCCC1CCCCC1)CCC1CCCCC1
C1CCC(CCCCCC2CCCCC2)CC1
C1CCC(CCC2CCC3C(CC4CCCCC4)CCC3C2)CC1
C1CCC(CCCCC2CCC3C2CCC2C4CCCCC4CCC32)CC1
C1CCC(C2CCC3CCCC3C3CCC4CCCCC4C23)CC1
C(CCCC1CCCCC1)CCCC1CCC(C2CCCCC2)C1
C1CCC2C(C1)CCC1C2CCC2C3CCCC3CC21
C1CCC(C2CCC(C3CC4CCCC4C4CCC5CCCCC5C34)CC2)C1
C1CCC(CCCCCC2CC3CCCCC3C2)CC1
C(CCC1CCCCC2CCCCC12)CC1CCC2CCCCC2C1
C1CCC(CC2CCC3CC4C(CCC45CCCC5)CC23)CC1
C(CCCC1CCCC2C(C3CCCCC3)CCC12)CCC1CCCCC1
C1CCC(CCC2CCC(C3CC3)CC2)CC1
C1CCC(CCCC2(CCC3CCCC3)CCC3C4CCC5CCCCC5C4CCCC32)C1
C1CCC2CC(CC3CCCC4CCCC43)CCC2C1
C1CCC2CC(C3CCCC4CCCC43)CCC2C1
C1CCC(CCCC2CCC3C(CCC3C3CCCCC3)C2)CC1
C1CCC(CCC2CCCCC3CC4C(CCC4C4CCCCC4)CC23)CC1
C1CCC(C2CCC(CCCCCC3(C4CCCCC4)CCCC4CCCCC43)C2)CC1
C1CCC(CCCCCC2CCCC3C2CCC3C2CCCC(CC3CCCCC3)C2)CC1
C1CCC(CCCCC2CCCC(C3CCC4CC(CCC5CCC6CCCCC6C5)CCC43)C2)CC1
C1CCC2C(C1)CCC1C3CCCCC3CCC21
C1CCC(CCC2CCC3C(CCC3C3CCCCC3)C2)CC1
C1CCC(CC2CCC3C(CCC3C3CCCCC3)C2)CC1
C(CCC1CC2CCCCC2C1)CCC1CCCC2CCCC12
C1CCC(CCC2CCC3C(CCC3C3CCCCC3)C2)CC1
C(CCC1CCC2CCCCC2C1)CCC1CCCC2CCCCC12
C1CCC(CCCCCC2CCC3C(CCC3C3CCCCC3)C2)CC1
C1CCC(C2CCC3CCC4(CCCCCC4)C3C2)CC1
C(CCCC1CCCC2C(C3CCCCC3)CCC12)CCC1CCCCC1
C(CCCC1CCCCC1)CCCC1CCC(C2CCCCC2)C1
C1CCC(C2CCC3CC4C(CCC5C6CCC(CCCC7CC8CCCCC8C7)C6CCC45)CC32)CC1
C1CCC(CCCC2CCC3CCC(C4CCCC5CCCC54)CC3C2)CC1
C1CCC(CCCCC2CC3CCCCC3C2)CC1
C1CCC(C2CC3CCCC3C3CCC4CCCCC4C23)CC1
C1CCC(CCC2CCC3C(CCC3C3CCCCC3)C2)CC1
C1CCC(C2CCCC3CCCC3C3CCC4CCCCC4C23)CC1
C1CCC(C2CCC3CC4C(CCC32)CCC42CCCC2)CC1
C1CCC2CC(CCCC3CCC4C3CCC3C5CCCCC5CCC43)CCC2C1
C(CCCC1CCCC2C(C3CCCCC3)CCC12)CCC1CCCCC1
C1CCC(CCC2CCCCC2)CC1
C1CCC(CCC2CCC3C(CCC3C3CCCCC3)C2)CC1
C(CCCC1CCCCC1)CCC1CCCCC1
C1CCC2CC3CCC4C(CCCC5CC6CCCCC6C5)CCC4C3CCC2C1
C1CCC(C2CC3CCCCC3C3CCCCC23)CC1
C1CCC2C(C1)CCC1CCCCC12
C1CCC(CCCCCC2CCC3CCCCC23)CC1
C1CCC2C(C1)CCC1C3CCCCC3CCC21
C1CCC2C(C1)CCC1C2CCC2C3CCCC3CC21
C(CCCC1(C2CCCC2)CCCC2CCCCC21)CCC1CCC(C2CCCCC2)C1
C1CCC(CC2CCC3CC4C(CCCC45CCCC5)CC23)CC1
C1CCC2CCC(C3CCCC4CCCC43)CC2CC1
C1CCC(CCCCC2CC3CCCCC3C2)CC1
C1CCC(CC2CC3CCCCC3C3CCC4CCCCCC4C23)CC1
C1CCC(C2CC3CCCC3C3CCC4CCCCC4C23)CC1
C1CCC(CC2CCC(CCCCCC3CCCC4CCCCC34)C2)CC1
C1CCC2CC(CCCC3CCCC4C3CCC3C5CCCCC5CCC43)CC2C1
C1CCC(CC2CCC3C(CCCCCC4CCC(C5CCCC5)C4)CCCC23)CC1
C1CCC(CCCCCC2CC3CCCCC3C2)CC1
C(CCC1CCCC2CCCCC12)CC1CCC2CCCCC2C1
C1CCC(C2CCC3CC4C(CCC5C6CCCC(CCCC7CCC8CCCCC8C7)C6CCC45)CC32)CC1
C1CCC(CC2CCC3CC4C(CCC45CCCC5)CC23)CC1
C1CCC(CCCC2CCCC(C3CCC4CC(CCC5CCC6CCCCC6C5)CCC43)C2)CC1
C1CCC(C2CCC3C(CCC34CCCCC4)C3CCC4CCCCC4C23)CC1
C1CCC(CCC2CCC3C(CCC3C3CCCCC3)C2)CC1
C1CCC(CCC2(CCCC3CC4CCCCC4C3)CCC3C4CCC5CCCCC5C4CCC32)C1
C1CCC2CCC(C3CCCC4CCCC43)CC2CC1
C1CCC(CCCCCC2CC3CCCCC3C2)CC1
C1CCC2C(C1)CCC1C2CCC2C3CCCC3CC21
C1CCC(CCCCCC2CC3CCCCC3C2)CC1
C1CCC2CC(CCCC3CCC4C3CCC3C5CCCCC5CCC43)CC2C1
C1CCC(CC2CC3CCCCC3C3CCC4CCCCC4C23)C1
C1CCC(C2CCC3CC4C(CCC45CCCC5)CC32)CC1
C1CCC2CCC(C3CCCC4CCCC43)CC2CC1
C1CCC(C2CCC3CC4CCCCC4CCC32)CC1
C1CCC2CCC(C3CCCC4CCCC43)CC2CC1
C1CCC(CC2CC3CCCCC3C3CCCCC23)CC1
C(CCC1CCCC2CCCC12)CC1CC2CCCCC2C1
C(CCCC1CCCC2C(C3CCCCC3)CCC12)CCC1CCCCC1
C1CCC(CCC2CCC3C(CCC4CC(C5CCCCC5)CCC43)C2)CC1
C1CCC(CCCCCC2CC3CCCCC3C2)CC1
C1CCC2C(C1)CC(C1CCCC3CCCC31)C1CCCC21
C(CCC1CCC2CCCCC2C1)CCC1CCCC2CCCC12
C1CCC(C2CCC3CCC4(CCCCCC4)C3C2)CC1
C1CCC2C(C1)CCCC1C3CCCC3CCC21
C1CCC2C(C1)CCCC1CCCCC12
C1CCC(CCCCC2CC3CCCCC3C2)CC1
C1CCC(CCC2CCC3C(CCC4CC(C5CCCCC5)CCC43)C2)CC1
C1CCC(C2CC3CCCC3C3CCC4CCCCCC4C23)CC1
C1CCC2CC(C3CCCC4CCCC43)CCC2C1
C1CCC(CCCCC2CC3CCCCC3C2)CC1
C1CCC2CCC3C4CCC(CCCC5CCCC5)C4CCC3C2CC1
C1CCC(CCCC2CCC3C2CCC2C4CC5CCC(C6CCCCCC6)C5CC4CCC32)CC1
C1CCC(CCCCC2(CCC3CCCC3)CCC3C4CCC5CCCCC5C4CCC32)C1
C1CCC(CCCCCC2CCCC3C(C4CCCCC4)CCC23)CC1
C1CCC2CCC3C4CCCCC4CC(CC4CCCC4)C3C2CC1
C1CCC(C2CC3CCCCC3CC3CCC(CCC4CCCC4)CC32)CC1
C1CCC(C2CCC3CC(C4CCC(CCC5CCCC5)CC4)CCC32)CC1
C1CCC(CC2CC3CCCCC3C3CCC4CCCCCC4C23)CC1
C1CCC(CCC2CCC3C(CCC4C5CCCC5CC(CCC5CCCCC5)C34)C2)CC1
C1CCC(C2CC3CCCC3C3CCC4CCCCCC4C23)CC1
C(CCCC1CCCC2C(C3CCCCC3)CCC12)CCC1CCCCC1
C1CCC(CCC2(CCCC3CCC4CCCCC4C3)CCC3C4CCCC5CCCCC5C4CCC32)C1
C1CCC(C2CC3CCCC3C3CCC4CCCCC4C23)CC1
C1CCC(CCCCC2CC3CCCCC3C2)CC1
C1CCC(C2CCC3CC4C(CCC5CCC6CCCCC65)CCCC4CC32)CC1
C1CCC(CCCCCC2CCCCC2)CC1
C1CCC(CCCCCC2CCC3CCCCC23)CC1
C1CCC(C2CCC3CCC4CCCCC4C3CC2)CC1
C1CCC(CCCCC2CC3CCCCC3C2)CC1
C1CCC(CC2CCC3CC4C(CCC45CCCCC5)CC23)CC1
C1CCC(C2CCC3CC4C(CCCC45CCCC5)CC32)CC1
C1CCC2CCC(C3CCCC4CCCC43)CC2CC1
C1CCC2C(C1)CCC1C3CCCC3CCC21
C1CCC(C2CCC3CC4C(CCC45CCCCCC5)CC32)CC1
C1CCC(CCCCC2CC3CCCCC3C2)CC1
C1CC(C2CCC(C3CC4CCCC4CC4CCC5CCCCC5C43)CC2)C1
C1CCC(CCCCC2CC3CCCCC3C2)CC1
C1CCC(C2CCC3CC4C(CCC45CCCCC5)CC32)CC1
C1CCC(C2CCC(CCCCCC3CCCC4CCCCC34)C2)CC1
C1CCC2CC(CCCC3CCC4C3CCCC3C5CCCCC5CCC34)CCC2C1
C1CCC2C(C1)CCC1C2CCC2C3CCCC3CC21
C1CCC(CCCC2CCCC3CCC(C4CCCC5CCCC54)CC3C2)CC1
C1CCC(CCC2CCC3C(CCC3C3CCCCC3)C2)CC1
C1CCC2C(C1)CCC1CCCCC12
C1CCC2CC(CCCC3CCC4C3CCC3C5CCCCC5CCC43)CC2C1
C1CCC2C(C1)CCCC1C3CCCC3CCC21
C1CCC(CCCCC2CC3CCCCC3C2)CC1
C1CCC(CCC(CCC2CCC3CCCCC3C2)CC2CCCCC2)CC1
C1CCC(CC2CCC3CCCCC3C3CCC4CCCCC4C23)CC1
C(CCCC1CCCC2C(C3CCCCC3)CCC12)CCC1CCCCC1
C1CCC(CCC2CCC3C(CCC3C3CCCCC3)C2)CC1
C1CCC(C2CCC3CC4C(CCC5C6CCCC(CCCC7CCC8CCCCC8C7)C6CCC45)CC32)CC1
C1CCC2C(C1)CCC1C3CCCC3CCCC21
C1CCC2CC(CCCC3CCC4C3CCC3C5CCCCC5CCC43)CCC2C1
C(CCCC1CCCCC1)CCCC1CCC(C2CCCCC2)C1
C1CCC(C2CC3CCCC3C3CCC4CCCCC4CC23)CC1
C(CCCC1CCCC2CCCCC12)CCC1CCC(C2CCCCC2)C1
C1CCC(CC2CCCCCCC23CCC2C(CCC2C2CCCCC2)C3)CC1
C1CCC(CCCCC2CC3CCCCC3C2)CC1
C1CCC(CCC2CCC3C(CCC3C3CCCCC3)C2)CC1
C1CCC(CCC2CCC3C(CCC3C3CCCCC3)C2)CC1
C1CCC(CC2CCCC2CC2CC3CCCCC3C3CCC4CCCCC4C23)CC1
C1CCC(CCCC2CC3CCCCC3C2C2CCCCC2)CC1
C1CCC(C2CCC3CC4C(CCC5C6CCC(CCCCC7CCCC8CCCCC78)C6CCC45)CC32)CC1
C1CCC(CCC2CCCCC2)CC1
C1CCC2C(C1)CCC1CCCCC12
C1CCC2CC(CC3CCCC4CCCC43)CCC2C1
C1CCC(C2CC3CCCC3C3CCC4CCCCC4C23)CC1
C1CCC(CCC2CCC(CCC3CCCC(CC4CCCC4)C3)CC2)CC1
C1CCC(CCCCC2CC3CCCCC3C2)CC1
C1CCC(CCCCC2CCC3CCCC3C2)CC1
C1CCC(CCC2CCC(CCC3CCCCC(CC4CCCC4)C3)CC2)CC1
C1CCC2CCC3C4CCCCC4CC(CC4CCCC4)C3C2CC1
C1CCC2CCC3C4CCCCC4CC(CC4CCCC4)C3C2CC1
C1CCC(C2CC3C(CCC4CC4)CCC3C3CCC4CCCCCC4C23)CC1
C1CCC(CCC(CCC2CCCCC2)CCC2CCC3CCCC3C2)CC1
C1CCC2C(C1)CCC1C3CCCC3CCCC21
C(CCC1CC2CCCCC2C1)CCC1CCCC2CCCC12
C1CCC(CCCCCC2CCCC3C(C4CCCCC4)CCC23)CC1
C(CCCC1CCCC2C(C3CCCCC3)CCC12)CCC1CCCCC1
C1CCC(C2CC3CCCC3C3CCC4CCCCC4C23)CC1
C1CCC(CCC2CCC3C(CCC4C5CCCC5CC(CCC5CCCCC5)C34)C2)CC1
C1CCC(C2CCC3CC4C(CCC5C6CCC(CCCC7CC8CCCCC8C7)C6CCC45)CC32)CC1
C1CCC(CCC2CCC3C(CC4CCCCC4)CCC3C2)CC1
C1CCC(CC23CCCCC2CCC2C4CCCC4CCC23)CC1
C1CCC2C(C1)CCC1C3CCCC3CCCC21
C(CCC1CCC2C1CCC1C3CCCCC3CCC21)CC1CC2CCCCC2C1
C1CCC(C2CC3CCCC3C3CCC4CCCCC4C23)CC1
C1CCC(CCC2CCCCC2)CC1
C1CCC(C2CCC3(CCC4CC5C(CCC5C5CCCCC5)CC43)C2)CC1
C1CCC(CCCCCC2CC3CCCCC3C2)CC1
C1CCC2C(C1)CCC1C3CCCCC3CCC21
C(CCCC1CCCCC1)CCCC1CCC(C2CCCCC2)C1
C1CCC2CC(CC3CCCC4CCCC43)CCC2C1
C1CCC2CC(CC3CCCC4CCCC43)CCC2C1
C1CCC2C(C1)CCCC1C3CCCC3CCC21
C1CCC(CCC2CCC3C(CCC4C5CCCC5CCC(CCC5CCCCC5)C34)C2)CC1
C1CCC(C2CC3CCCC3C3CCC4CCCCC4C3C2)CC1
C1CCC(CCCC2CCC(CCC3CCCCC3)CC2)CC1
C1CCC(CCCCCC2CC3CCCCC3C2)CC1
C1CCC(CC23CCCCC2CCC2C4CCCC4CCC23)CC1
C1CCC(CC2CCCCC23CCC2C(CCC2C2CCCCC2)C3)CC1
C1CCC(CCCCCC2CCCC3C(CC4CCCCC4)CCC23)CC1
C1CCC2CCC3C4CCCC4CCC3C2CC1
C1CCC(CCCCC2CCC3C2CCC2C4CCCCCC4CCC32)CC1
C1CCC(C2CC3C(CCC34CCCC4)C3CCCC4CCCCC4C23)CC1
C(CCC1CCCC1)CCC1CCCC2CCCCC12
C1CCC(C2CCC(CCC3CC4CCCCC4C4CCC5CCCCC5C34)CC2)CC1
C(CCCCC1CCC(C2CCCCC2)C1)CCCC1CCCCC1
C1CCC(CCCC2CCC3C(CCC4C5CCCC5CCC34)C2)CC1
C1CCC(C2CC3CCCC3C3CCC4CCCCC4CC23)CC1
C(CCC1CCCC2CCCCC12)CCC1CCCC2CCCCC12
C1CCC(CCCCCC2CCCC3C(C4CCCCC4)CCC23)CC1
C1CCC(CCC2CCC3C(CCCC4C5CCCC5CCC34)C2)CC1
C(CCC1CCC2C1CCC1C3CCCCC3CCC21)CC1CC2CCCCC2C1
C1CCC(CCC(CC2CC3CCCCC3C2)C2CCC2)CC1
C1CCC2CCC(C3CCCC4CCCC43)CC2CC1
C(CCC1CCCC2CCCC12)CC1CC2CCCCC2C1
C1CCC(CCCC2CCCC3CCC(C4CCCC5CCCC54)CC3C2)CC1
C1CCC(CCCCCC2CC3CCCCC3C2)CC1
C1CCC(C2CC3CCCCC3CC3CCCCC32)CC1
C(CCC1CCCC2CCCC12)CC1CC2CCCCC2C1
C1CCC(CCCCCC2CCCC3C(C4CCCCC4)CCC23)CC1
C1CCC(CCC2CCC3C(CCC3C3CCCC(CCC4CCCC4)C3)C2)CC1
C1CCC2C(C1)CCC1C3CCCC3CCC21
C1CCC(CCCCCC2CC3CCCCC3C2)CC1
C1CCC(CCCCC2CC3CCCCC3C2)CC1
C1CCC(CC(CC2CCCCC2)C2CCCCC2)CC1
C1CCC(C2CCC3CC4C(CCC5C6CCCC(CCCC7CCC8CCCCC8C7)C6CCC45)CC32)CC1
C(CCCC1CCCC2C(C3CCCCC3)CCC12)CCC1CCCCC1
C1CCC(CCCCC2CCC3CCC(C4CCCC5CCCC54)CC3C2)CC1
C(CCCC1CCCC2C(C3CCCCC3)CCC12)CCC1CCCCC1
C1CCC(C2CCC3CC4C(CCC45CCCC5)CC32)CC1
C1CCC2CC(CC3CCCC4CCCC43)CCC2C1
C1CCC(C2CCC3CC4C(CCCCC45CCCCC5)CC32)CC1
C1CCC(C2CC3CCCC3C3CCC4CCCCC4C23)CC1
C1CCC2C(C1)CCC1C3CCCC3CCC21
C(CCC1CC2CCCCC2C1)CCC1CCCC2CCCC12
C1CCC2C(C1)CCC1C3CCCC3CCCC21
C1CCC2CC(C3CCCC4CCCC43)CCC2C1
C1CCC2CC(CCCC3CCC4C3CCC3C5CCCCC5CCC43)CC2C1
C1CCC(CCCC2CCC3C(CCC3C3CCCCC3)C2)CC1
C(CCCC1CCCCC1)CCCC1CCC(C2CCCCC2)C1
C(CCCC1CCCC2C(C3CCCCC3)CCC12)CCC1CCC(C2CCCC2)C1
C(CCC1CCCC2CCCC12)CC1CC2CCCCC2C1
C1CCC2CCC3C4CCCCC4CCC3C2CC1
C1CCC(C2CCC3C(CCC4CCCCC43)C2)CC1
C1CCC(CCC2CCC(CCCC3CCCC(CC4CCCC4)C3)CC2)CC1
C1CCC(CCC2CCCC(C3CCC4CC(CCC5CCC6CCCCC6C5)CCC43)C2)C1
C1CCC(CCCC2CCC3C(CCC4C5CCCC5CCC34)C2)CC1
C1CCC(CCCC2CCC3CCCC3C2)CC1
C1CCC(CCCC2CCC3C(CCC3C3CCCCC3)C2)CC1
C1CCC(CCCCCC2CC3CCCCC3C2)CC1
C1CCC2CC(C3CCCC4CCCC43)CCC2C1
C1CCC2CC(C3CCCC4CCCC43)CCC2C1
C1CCC(CCCCCC2CCCC3C2CCC3C2CCCC(CC3CCCC3)C2)CC1
C1CCC(CCCC2CCCC(C3CCC4CC(CCC5CCC6CCCCC6C5)CCC43)C2)CC1
C1CCC(C2CCC3CC4(CCCCCC4C4CCCCC4)CCCC32)CC1
C1CCC(C2CCC3CCCCC3C3CCCCC23)CC1
C1CCC(CCC2CCC3C(CCC4C5CCCC5CCC34)C2)CC1
C1CCC(CCCCCC2CC3CCCCC3C2)CC1
C1CCC(CCCCCC2CCC3CCCCC23)CC1
C1CCC(CCC2CCC3C(CC4CCCCC4)CCC3C2)CC1
C1CCC(CCC2CCCC3CC4C(CCC4C4CCCCC4)CC23)CC1
C1CCC2CC(C3CCCC4CCCC43)CCC2C1
C1CCC2CC(CCCC3CCCC4C3CCC3C5CCCCC5CCC43)CC2C1
C1CCC2CCC3C(CCC4C3CCC4(CCCC3CC4CCCCC4C3)CCC3CCCC3)C2CC1
C1CCC2CCC(C3CCCC4CCCC43)CC2CC1
C1CCC(CCCC2CCC3CCC(C4CCCC5CCCC54)CC3C2)CC1
C1CCC(CCCCCC2CC3CCCCC3C2)CC1
C1CCC2CCC3C4CCC(CCCC5CC6CCCCC6C5)C4CCC3C2CC1
C1CCC(CCCCC2CCC3CCCCC23)CC1
C1CC2CCC3C(CCC4CCCCC43)CC2C1
C1CCC2C(C1)CCC1C3CCCCC3CCC21
C1CCC(C2CC3CCCC3C3CCC4CCCCC4C23)CC1
C(CCCC1CCCC2CCCCC12)CCC1CCC(C2CCCCC2)C1
C1CCC(CCCCC2CCC3CCCCC23)CC1
C1CCC(C2CC3CCCC3C3CCC4CCCCC4CC23)CC1
C1CCC(C2CCC3CCCC3C3CCCC4CCCCC4C23)CC1
C1CCC2CC(CCCC3CCC4C3CCC3C5CCCCC5CCC43)CC2C1
C1CCC2C(C1)CCC1CCCCC12
C1CCC(CCCCC2CCC3CCCCC23)CC1
C1CCC(CCC2CCC3C(CCC4CC5CCCC5CC(CCC5CCCCC5)C43)C2)CC1
C1CCC(CCCC(CC2CC3CCCCC3C2)C2CCCC2)CC1
C1CCC(C2CCC3CCCCC3C3CCC4CCCCC4C23)CC1
C1CCC2C(C1)CC(C1CCCC3CCCC31)C1CCCCC21
C1CCC(C2CC3CCCC3C3CCC4CCCCC4C23)CC1
C1CCC(C2CCC3CCCC3C3CCC4CCCCC4C23)CC1
C1CCC(CCCC2CCCC(C3CCC4CC(CCC5CCC6CCCCC6C5)CCC43)C2)CC1
C1CCC(CC2CCCC2CC2CC3CCCCC3C3CCC4CCCCCC4C23)CC1
C(CCC1CCCC2CCCCC12)CC1CCC2CCCCC2C1
C1CCC(CCCCC2CC3CCCCC3C2)CC1
C1CCC2C(C1)CCC1C3CCCC3CCC21
C1CCC(C2CC3CCCC(C3)C3CCC4CCCCC4C32)CC1
C1CCC2CCC3C4CCCC4CCC3C2CC1
C1CCC(CCCC2(CCC3CCCC3)CCCC3C4CCC5CCCCC5C4CCC32)CC1
C1CCC(CC2CC3CCCCC3C3CCC4CCCCCC4C23)CC1
C1CCC(CCCCC2CC3CCCCC3C2)CC1
C1CCC(C2CC3CCCC3C3CCC4CCCCC4C23)CC1
C1CCC(CCCCCC2CC3CCCCC3C2)CC1
C1CCC(CC2CCC3C(CCC3C3CCCCC3)C2)CC1
C1CCC(CCC2(CCCC3CC4CCCCC4C3)CCC3C4CCC5CCCCC5C(CCC32)C4)C1
C1CCC(CCCCC2CC3CCCCC3C2)CC1
C1CCC(CCCCC2CC3CCCCC3C2)CC1
C1CCC(C2CCC3CC4C(CCCC45CCC(C4CCCCC4)C(C4CCCCC4)C5)CC32)CC1
C1CCC(CCC2CCC3C(CCC3C3CCCCC3)C2)CC1
C(CCCCC1CCC(C2CCCCC2)C1)CCCC1CCCCC1
C1CCC(CC2CCC3CCCCC3C3CCC4CCCCC4C23)CC1
C1CCC2CC(C3CCCC3)C3CCCC3C2CC1
C1CCC(CCC2CCC3C(CCC3C3CCCCC3)C2)CC1
C1CCC2C(C1)CCC1CCCCC12
C(CCC1CCC2C1CCC1C3CCCCC3CCC21)CC1CC2CCCCC2C1
C1CCC(CCC(CCC2CCC3CCCC3C2)CC2CCCCC2)CC1
C(CCC1CCC2C(CCC3C4CCCC4CCC23)C1)CC1CCC(C2CC3CCCC3C3CCC4CCCCC4C23)CC1
C1CCC(CCCCCC2CCC3CCCCC3C2)CC1
C1CCC(C2CCC(C3CCC4CCCC4C4CCC5CCCCC5C34)CC2)C1
C1CCC(C2CCC3CCCC3C3CCC4CCCCC4C23)CC1
C1CCC2CC(CCCC3CCC4C3CCCC3C5CCCCC5CCC34)CC2C1
C(CCCCC1CCC(C2CCCCC2)C1)CCCC1CCCCC1
C1CCC(CCC2CCC3C(CCC3C3CCCCC3)C2)CC1
C(CCC1(C2CCCC2)CCCCC2CCCCC21)CC1CCC2CCCCC2C1
C1CCC(C2CC3CCCC3C3CCC4CCCCC4CC23)CC1
C1CCC(CC2CCCCCCC23CCC2C(CCC2C2CCCCC2)C3)CC1
C1CCC(CCCC2CCCC(CC3CCC4CC(CCC5CCC6CCCCC6C5)CCC43)C2)CC1
C1CCC(CCCC2CCCC(C3CCC4CC(CCC5CCC6CCCCC6C5)CCC43)C2)CC1
C1CCC(C2CCCC3C(CCC4CCCCC43)C2)CC1
C1CCC2C(C1)CCC1C3CCCC3CCCC21
C1CCC2CC(C3CCCC4CCCC43)CCC2C1
C1CCC(C2CC3CCCC3C3CCCC4CCCCC4C23)CC1
C1CCC2CCC(C3CCCC4CCCC43)CC2CC1
C1CCC2CC3CCC4CCCC4C3CCC2C1
C1CCC2C(C1)CCC1C3CCCCC3CCC21
C1CCC(CCC2CCC3C(CCC3C3CCCCC3)C2)CC1
C1CCC(CCCC(CCC2CCC3CCCC3C2)CC2CCCCC2)CC1
C1CCC(CCC2CCC3C(CCC4C5CCCC5CCC34)C2)CC1
C1CCC(CCCCC2CC3CCCCC3C2)CC1
C1CCC(CC2CC3CCCCC3C3CCC4CCCCC4C23)CC1
C1CCC2CCC3C(CCC4C3CCC4(CCCC3CC4CCCCC4C3)CCC3CCCC3)C2CC1
C1CCC2CC(C3CCCC4CCCC43)CCC2C1
C1CCC(CCC2CCC3C(CCC4CCCCC43)C2)CC1
C1CCC(C2CC3CCCC3C3CCC4CCCCCC4C23)CC1
C1CCC(C2CCC3CC4C(CCCC45CCCCC5)CC32)CC1
C1CCC(CCCCCC2CC3CCCCC3C2)CC1
C1CCC(CC2CCC3CCCCC3C3CCC4CCCCC4C23)CC1
C(CCC1CCC2CCCCC2C1)CCC1CCCC2CCCCC12
C1CCC2CC3CCC4CCCC4C3CCC2C1
C(CCCC1CCCCC1)CCCC1CCC(C2CCCCC2)C1
C1CCC(CCCC2CCC3CCC(C4CCCC5CCCC54)CC3C2)CC1
C1CCC2CCC3C4CCC(CCCC5CCC6CCCCC6C5)C4CCC3C2CC1
C1CCC(CC(CC2CCCCC2)C2CCCCC2)CC1
C(CCC1CCC2CCCC2C1)CC1CCC(C2CCCC2)CC1
C1CCC(C2CC3CCCC3C3CCC4CCCCC4C23)CC1
C1CCC2CC(CCCC3CCCC4C3CCC3C5CCCCC5CCC43)CCC2C1
C1CCC(CCC2CCCCC2)CC1
C1CCC(CC2CCC3C(CCC3C3CCCCC3)C2)CC1
C(CCC1CCC2C1CCC1C3CCCCC3CCC21)CC1CC2CCCCC2C1
C1CCC(CCCCC2CCC3CCC(C4CCCC5CCCC54)CC3C2)CC1
C1CCC(C2CCC(C3CC4CCCC4C4CCC5CCCCC5C34)CC2)C1
C1CCC(CCCCCC2CCC3CCCCC23)CC1
C1CCC(C2CC3CCCC3C3CCC4CCCCC4C23)CC1
C1CCC2CCC3C4CCCC4CCC3C2CC1
C1CCC(C2CCC3CC4C(CCC5C6CCC(CCCC7CC8CCCCC8C7)C6CCCC45)CC32)CC1
C(CCC1CCCCC2CCCCC12)CC1CCC2CCCCC2C1
C(CCC1(CC2CCCC2)CCCC2CCCCC21)CC1CCC2CCCCC2C1
C1CCC(CCCCC2CC3CCCCC3C2)CC1
C1CCC(C2CCC3C(CCC4CCCCC43)C2)CC1
C1CCC(CCC2CCC3C(CCC4CCCCCC43)C2)CC1
C1CCC(CCC2CCC3C(CCC3C3CCCCC3)C2)CC1
C1CCC(C2CCC3CCC4C(CCCC45CCCC5)CC32)CC1
C(CCCC1CCCC2C(C3CCCCC3)CCC12)CCC1CCCCC1
C1CCC2CC(C3CCCC4CCCC43)C3CCCC3C2CC1
C1CCC(CCC2CCC(CCC3CCCC(CCC4CCCC4)C3)CC2)CC1
C(CCCC1CCC(CC2CCCCC2)C1)CCC1CCCCC1
C1CCC2CC(C3CCCC4CCCC43)CCC2C1
C1CCC(CCC2CCCCC3CC4C(CCC4C4CCCCC4)CC23)CC1
C1CCC2CC(CCCC3CCC4C3CCC3C5CCCCC5CCC43)CC2C1
C1CCC(CCC2CCC3C(CCC3C3CCCCC3)C2)CC1
C1CCC2CCC3C4CCCCC4CC(CC4CCCC(C5CCCC5)C4)C3C2CC1
C1CCC(CCCC2CCCC3CCC(C4CCCC5CCCC54)CC23)CC1
C1CCC(C2CC3CCCC3C3CCCC4CCCCC4C23)CC1
C1CCC(C2CCC3CCCC3C3CCC4CCCCC4C23)CC1
C1CCC(CCC2CCC(CCC3CCCC(CC4CCCCC4)C3)CC2)CC1
C1CCC(C2CCC3CC4C(CCC5C6CCC(CCCC7CC8CCCCC8C7)C6CCC45)CC32)CC1
C1CCC(CC2CCC3CCCCC3C3CCC4CCCCC4C23)CC1
C1CCC(CCC2CCC3C(CCC3C3CCCCC3)C2)CC1
C1CCC2C(C1)CCC1C3CCCC3CCC21
C(CCCC1CCCC2C(C3CCCCC3)CCC12)CCC1CCCCC1
C1CCC(CCCCC2CCC3C2CCCC2C4CCCCC4CCC23)CC1
C1CCC(CCCCC2(CCC3CCCC3)CCC3C4CCC5CCCCC5C4CCC32)C1
C1CCC(CCCCC2CC3CCCCC3C2)CC1
C1CCC(CCC2CCC(C3CCC4C(CCC4C4CCCCC4)C3)CC2)CC1
C1CCC(CC2CC3CCCCC3C3CCC4CCCCC4C23)C1
C1CCC2C(C1)CC(C1CCCC1)C1CCCC21
C(CCCC1CCCC2CCCC12)CCC1CCC2CCCCC2C1
C1CCC(C2CCC3CC4C(CCCC45CCCC5)CC32)CC1
C(CCC1CCCC2CCCC12)CC1CCCC2CCCCC12
C1CCC(CCCCC2CCC3CCCCC23)CC1
C1CCC(CCC2CCC(C3CCC4C(CCC4C4CCCCC4)C3)CC2)CC1
C(CCCC1CCCCC1)CCCC1CCC(C2CCCCC2)C1
C1CCC2CCC3C(CCC4C3CCC4(CCCC3CCC4CCCCC4C3)CCC3CCCC3)C2CC1
C(CCCC1CCCCC1)CCC1CCCCC1
C1CCC(CCC2CCC3C(CCC3C3CCCCC3)C2)CC1
C1CCC(CCCC2CCCC(C3CCC4CC(CCC5CCC6CCCCC6C5)CCC43)C2)CC1
C(CCC1CC2CCCCC2C1)CCC1CCCC2CCCC12
C1CCC(CCCC2CCC(C3CCCC4C(C5CCCCC5)CCC34)C2)CC1
C(CCCC1CCCC2CCCCC12)CCC1CCCC1
C1CCC(CCC2CCC3C(CCC4C5CCCC5CCCC34)C2)CC1
C1CCC(CCCCC2CCC3CCCCC23)CC1
C1CCC2CC(C3CCCC4CCCC43)CCC2C1
C1CCC(CCC2CCC(CCC3CCCC(CC4CCCCC4)C3)CC2)CC1
C1CCC(C2CCC3C(CCCC4CCCCC43)C2)CC1
C1CCC2CC(C3CCCC4CCCC43)CCC2C1
C1CCC(CCCCC2CCC3CCCCC23)CC1
C(CCCC1CCCC2C(C3CCCCC3)CCC12)CCC1CCCCC1
C1CCC(CCCCC2CCC3CCCCC23)CC1
C1CCC(CCC2CCC3C(CCC3C3CCCCC3)C2)CC1
C1CCC(C2CCC(CCCCCC3(CC4CCCC4)CCCC4CCCCC43)C2)CC1
C1CCC(CCC2CCC3C(CC4CCCCC4)CCC3C2)CC1
C1CCC(CCC2CCC3C(CCC3C3CCCC(CCC4CCCC4)C3)C2)CC1
C1CCC(C2CCC3CCC4C(CCC5C6CCCC6CCC45)CC32)CC1
C1CCC(C2CCC(C3CC4CCCC4C4CCC5CCCCC5C34)CC2)C1
C1CCC(CC2CC3CCCCC3C3CCC4CCCCC4C23)C1
C1CCC2C(C1)CCC1C2CCC2C3CCCC3CC21
C1CCC(C2CC3CCCCC3C3CCCCC23)CC1
C(CCCC1CCCCC1)CCCC1CCC(C2CCCCC2)C1
C(CCCC1CCC2CCCC2C1)CCC1CCCCC1
C1CCC(CCC2CCC3C(CCC3C3CCCC3)C2)CC1
C(CCCC1CCCC2C(C3CCCCC3)CCC12)CCC1CCCCC1
C1CCC(C2CCC3CC4(CCCCC4C4CCCCC4)CCC32)CC1
C1CCC2C(C1)CCCC1C3CCCC3CCC21
C1CCC(CCCCC2CCC3CCCCC23)CC1
C1CCC(CC2CCC3CCCCC3C3CCC4CCCCC4C23)CC1
C1CCC(CCC2CCC3C(CCC4CCCCC43)C2)CC1
C1CCC(CCC(CCC2CC3CCCCC3C2)C2CC2)CC1
C1CCC(CC2CC3CCCCC3C3CCC4CCCCC4C23)CC1
C1CCC(CCCC2CCC3CCC(C4CCCC5CCCC54)CC3C2)CC1
C1CCC(C2CC3CCCC3C3CCC4CCCCCC4C23)CC1
C1CCC(CCC(CCC2CCC3CCCCC3C2)CC2CCCCC2)CC1
C1CCC(C2CC3CCCC3C3CCC4CCCCCC4C23)CC1
C1CCC(CC2CC3CCCCC3C3CCC4CCCCC4C23)CC1
C1CCC(CCC2CCC(CCC3CCCCC3)CC2)CC1
C1CCC2C(C1)CCC1C3CCCCC3CCC21
C1CCC(C2CCC3C(CCCCCC4CCC(CC5CCCC5)C4)CCCC23)CC1
C1CCC(C2CCC3CC4C(CCCC45CCCC5)CC32)CC1
C1CCC2CC(CCCC3CCC4C3CCCC3C5CCCCC5CCC34)CC2C1
C1CCC2CCC(C3CCCC4CCCC43)CC2CC1
C1CCC(CC2CCC(CC(CC3CCCCC3)C3CCCCC3)CC2)CC1
C1CCC2C(C1)CCCC1C3CCCC3CCC21
C1CCC(C2CC3CCCC3C3CCC4CCCCC4C23)CC1
C1CC2CCC3C(CCC4CCCCC43)CC2C1
C(CCC1CCC2CCCCC2C1)CCC1CCCC2CCCCC12
C1CCC(CCCCC2CCC3C2CCC2C4CCCCC4CCC32)C1
C1CCC2C(C1)CCC1C3CCCC3CCC21
C1CCC(CCCCC2CC3CCCCC3C2)CC1
C(CCCC1CCCC2C(C3CCCCC3)CCC12)CCC1CCCCC1
C1CCC(CC2CC3CCCCC3C3CCC4CCCCCC4C23)CC1
C1CCC(CCC2CCC3C2CCC2C4CCCCC4CCC32)C1
C1CCC2CC(C3CCCC4CCCC43)CCC2C1
C1CCC(C2CCC3CC4C(CCC45CCCC5)CC32)CC1
C1CCC(CCC2CCC3C(CCC4C5CCCC5CCC34)C2)CC1
C1CCC2C(C1)CCC1CCCCC12
C(CCC1CCCC2CCCC12)CC1CCCC2CCCCC12
C1CCC(CC2CCC3CC4C(CCC45CCCC5)CC23)CC1
C1CCC2CCC3C4CCC(CCCC5CC6CCCCC6C5)C4CCC3C2CC1
C1CCC(CCC2CCC(CCC3CCCC(CC4CCCC4)C3)CC2)CC1
C1CCC(CCCCC2CC3CCCCC3C2)CC1
C1CCC(CCCCC2CC3CCCCC3C2)CC1
C1CCC(CCCC2CCC3CCC(C4CCCC5CCCC54)CC3C2)CC1
C1CCC2C(C1)CCC1CCCCC12
C1CCC(CCC2CCC3C(CCC3C3CCCCC3)C2)CC1
C1CCC(CCCCC2CCC3CCCCC3C2)CC1
C1CCC(CCCCC2CC3CCCCC3C2)CC1
C(CCC1CCCC2CCCC12)CC1CC2CCCCC2C1
C(CC1CCC2CCCC2C1)CC1CCC2CCC(CC3CCCC4CCCC43)CC2C1
C1CCC(CCCCCC2CC3CCCCC3C2)CC1
C(CCC1CC2CCCCC2C1)CCC1CCCC2CCCC12
C1CCC2CC(C3CCCC3)CCC2C1
C1CCC2CC(CCCC3CCC4C3CCCC3C5CCCCC5CCC34)CC2C1
C1CCC(CCC2CCC3C(CCC3C3CCCCC3)C2)CC1
C1CCC(CCCC2(CCC3CCCC3)CCC3C4CCC5CCCCC5C4CCC32)CC1
C1CCC(CCCCCC2CCC3CCCCC3C2)CC1
C1CCC2CC(CCCC3CCC4C3CCC3C5CCCCC5CCC43)CC2C1
C1CCC(CCCCC2CC3CCCCC3C2)CC1
C1CCC(C2CCC(CCCCCC3CCCC4C(C5CCCCC5)CCC34)C2)CC1
C1CCC(C2CC3CCCC3C3CCC4CCCCC4C3C2)CC1
C1CCC(CC2CCC3C(CCC3C3CCCCC3)C2)CC1
C1CCC(CCCC(CCC2CCCCC2)CCC2CCC3CCCC3C2)CC1
C1CCC2CC3CCC4C(CCCC5CC6CCCCC6C5)CCC4C3CCC2C1
C1CCC2CCC(C3CCCC4CCCC43)CC2CC1
C(CCC1CCC2C1CCC1C3CCCCC3CCC21)CC1CC2CCCCC2C1
C1CCC2C(C1)CCCC1C3CCCC3CCC21
C(CCC1CCCC2CCCCC12)CC1CCC2CCCCC2C1
C(CCCC1CCCC2C(C3CCCCC3)CCC12)CCC1CCCCC1
C1CCC(CC2CC3CCCCC3C3CCC4CCCCCC4C23)CC1
C(CCC1CCCC2CCCCC12)CC1CC2CCCCC2C1
C1CCC2CC(C3CCCC4CCCC43)CCC2C1
C1CCC2CCC3C4CCCCC4CCC3C2CC1
C1CCC2CC(CC3CCCC4CCCC43)CCC2C1
C1CCC(CCCCCC2CCCC3C(C4CCCCC4)CCC23)CC1
C1CCC(CC2CCC3C(CCC3C3CCCCC3)C2)CC1
C(CCC1CCCC2CCCCC12)CC1CCC2CCCCC2C1
C1CCC2C(C1)CCC1C3CCCC3CCC21
C1CCC(CCC2CCC3C(CCC3C3CCCCC3)C2)CC1
C(CCC1CCCC2C(CCC3C4CCCC4CCC23)C1)CC1CCC(C2CCC(C3CC4CCCC4C4CCC5CCCCC5C34)CC2)CC1
C(CCC1CCCC2CCCC12)CC1CC2CCCCC2C1
C(CCCC1CCCCC1)CCCC1CCC(C2CCCCC2)C1
C1CCC(CC2CC3CCCCC3C3CCC4CCCCC4C23)CC1
C(CCCC1CCCC2C(C3CCCCC3)CCC12)CCC1CCCCC1
C1CCC2C(C1)CCC1C3CCCCC3CCC21
C(CCCC1CCCC2CCCCC12)CCC1CCC(C2CCCC2)C1
C1CCC(CCCCCC2CC3CCCCC3C2)CC1
C1CCC(C2C3CCCC(CC4CC5CCCC5CC42)C3)CC1
C1CCC(CCC2CCC3C(CCC3C3CCCCC3)C2)CC1
C1CCC(C2CC3CCCCC3CC3CCCCC32)CC1
C1CCC(CCCCCC2CC3CCCCC3C2)CC1
C(CCC1CCCC2CCCCC12)CC1CCCC2CCCCC12
C(CCCC1CCCC2C(C3CCCCC3)CCC12)CCC1CCCCC1
C1CCC(CCC2CCC3C(CCC3C3CCCC(CCC4CCCCC4)C3)C2)CC1
C1CCC(C2CCC3CC4C(CCCC45CCCC5)CCC32)CC1
C1CCC(CC2CC3CCCCC3C3CCC4CCCCC4C23)C1
C1CCC(CCC(CCC2CCCCC2)CCC2CCC3CCCC3C2)CC1
C1CCC2CC(C3CCCC4CCCC43)CCC2C1
C1CCC2C(C1)CCC1C3CCCC3CCC21
C1CCC(CC2CC3CCCCC3C3CCC4CCCCC4C23)C1
C1CCC(CC2CCCC(C3CCC4CC(CCC5CCC6CCCCC6C5)CCC43)C2)C1
C1CCC(C2CCC3C(CCC4CCCCC43)C2)CC1
C1CCC(CCCCC2CC3CCCCC3C2)CC1
C1CCC2CCC3C4CCCC4CCC3C2CC1
C1CCC(CCCCCC2CCC3CCCCC23)CC1
C1CCC(C2CC3CCCC3C3CCC4CCCCCC4C23)CC1
C1CCC2CC3CCC4CCCC4C3CCC2C1
C(CCC1CCCC1)CCC1CCCCC2CCCCC12
C1CCC(C2CCC3CC4C(CCC5C6CCCC(CCCC7CCC8CCCCC8C7)C6CCC45)CC32)CC1
C1CCC(CCC2CC3CCCCC3C3CCC4CCCCC4C23)CC1
C1CCC(CCCCCC2CCCC3C(C4CCCCC4)CCC23)CC1
C1CCC2C(C1)CCC1C3CCCCC3CCC21
C1CCC(CC2CC3CCCC3C3CCC4CCCCC4C23)CC1
C1CCC(CC2CCC(CC(CC3CCCCC3)C3CCCCC3)CC2)CC1
C1CCC2CCC3C4CCCC4CCC3C2CC1
C1CCC2CCC3C4CCC(CCCC5CC6CCCCC6C5)C4CCC3C2CC1
C(CCC1CCC2CCCCC2C1)CCC1CCCC2CCCCC12
C1CCC(CCC(CCC2CCC3CCCC3C2)CC2CCCCC2)CC1
C1CCC(CCC2CCC3C(CCC3C3CCCCC3)C2)CC1
C1CCC(CCCCC2CCC3CCCCC23)CC1
C1CCC2CC(C3CCCC4CCCC43)CCC2C1
C1CCC2C(C1)CCC1C3CCCCC3CCC21
C1CCC2CCC3C4CCCCC4CC(CC4CCCC4)C3C2CC1
C1CCC(CC2CCC(CC(CC3CCCCC3)C3CCCCC3)CC2)CC1
C(CCC1CCCC2CCCC12)CC1CC2CCCCC2C1
C(CCCC1CCCC2C(C3CCCCC3)CCC12)CCC1CCCCC1
C1CCC(C2CC3CCCC3C3CCC4CCCCC4C23)CC1
C1CCC(C2CC3CCCC3C3CCCC4CCCCC4C23)CC1
C1CCC2CCC3C4CCCC4CCC3C2CC1
C1CCC2C(C1)CCC1C2CCC2C3CCCC3CC21
C1CCC(CCCCC2CC3CCCCC3C2)CC1
C1CCC(CCC2CCC3C(CCC3C3CCCCC3)C2)CC1
C(CCCC1CCCCC1)CCCC1CCC(C2CCCCC2)C1
C1CC2CC3CCC4C5CCCCC5CCC4C3CC2C1
C1CCC(CCCCC2CCC3CCCCC23)CC1
C1CCC(CC2CCCC(CC3CC4CCCCC4CC4CCC5CCCCC5C43)C2)CC1
C1CCC(CCCCC2CC3CCCCC3C2)CC1
C1CCC2CCC(C3CCCC4CCCC43)CC2CC1
C1CCC(CCC2CCC3C(CCC4C5CCCC5CCC34)C2)CC1
C1CCC(C2CC3CCCCC3C3CCCCC3C2)CC1
C1CCC(CCCCCC2CC3CCCCC3C2)CC1
C1CCC(CCC2CCC(CCC3CCCCC(CC4CCCC4)C3)CC2)CC1
C(CCCC1CCCC2C(C3CCCCC3)CCC12)CCC1CCCCC1
C1CCC2CC(CCCC3CCCC4C3CCC3C5CCCCC5CCC43)CC2C1
C1CCC(C2CC3CCCC3C3CCC4CCCCC4C23)CC1
C1CCC2C(C1)CCC1C3CCCC3CCC21
C1CCC(CC2CCC3C(CCC3C3CCCCC3)C2)CC1
C1CCC2CCC(C3CCCC4CCCC43)CC2CC1
C1CCC(CCCC2CCC3C(CCC3C3CCCCC3)C2)CC1
C1CCC(CCCCC2CCC3C2CCC2C4CC5CCC(C6CCCCC6)C5CC4CCC32)CC1
C1CCC(C2CC3CCCC3C3CCC4CCCCCC4C23)CC1
C1CCC(C2CCC3CC(C4CCC(CCC5CCCC5)CC4)CCC32)CC1
C1CCC2C(C1)CCC1CCCCC12
C1CCC(CCCCC2CCC3CCC(C4CCCC5CCCC54)CC3C2)CC1
C1CCC2C(C1)CCC1C3CCCC3CCC21
C1CCC(CCC2CCC(C3CCC4C(CCC4C4CCCCC4)C3)CC2)CC1
C(CCC1CCC2CCCCC2C1)CCC1CCCC2CCCC12
C1CCC(C2CCC3CCCC3C3CCC4CCCCC4C23)CC1
C1CCC2CC(C3CCCC4CCCC43)CCC2C1
C1CCC(C2CCC(CCCCCC3CCCC4CCCCC34)C2)CC1
C1CCC2C(C1)CCC1C3CCCC3CCC21
C1CCC(CCCCC2CC3CCCCC3C2)CC1
C1CCC(CCC2CCC3C(CCC3C3CCCCC3)C2)CC1
C1CCC(CCCCC2CC3CCCCC3C2)CC1
C1CCC2C(C1)CCC1C2CCC2C3CCCC3CC21
C1CCC2CCC(C3CCCC4CCCC43)CC2CC1
C1CCC(C2CC3CCCC3C3CCC4CCCCC4C23)CC1
C1CCC(C2CCC3CC4C(CCC5C6CCC(CCCC7CC8CCCCC8C7)C6CCCC45)CC32)CC1
C1CCC2CC(CCCC3CCC4C3CCC3C5CCCCC5CCCC43)CC2C1
C1CCC(C2CC3CCCC3C3CCC4CCCCCC4C23)CC1
C1CCC(CC2CCC3CCCC3C3CCC4CCCCC4C23)CC1
C1CCC(CCC2CCCC(C3CCC4CC(CCC5CCC6CCCCC6C5)CCC43)C2)C1
C1CCC(CCC2CCC(CCC3CCCCC(CC4CCCC4)C3)CC2)CC1
C1CCC(CCCC2CC3CCCC3C3CCC4CCCCC4C23)CC1
C1CCC(C2CCC3CC4C(CCCC5C6CCC(CCCC7CC8CCCCC8C7)C6CCC45)CC32)CC1
C1CCC(CC2CCC3C(CCC3C3CCCCC3)C2)CC1
C1CCC(CC2CCC(CCCCCC3CCCC4CCCCC34)C2)CC1
C1CCC(C2CC3CCCCC3C3CCC4CCCCC4C23)CC1
C1CCC(CCC2CCC3C(CCC4C5CCCC5CC(CCC5CCCCC5)C34)C2)CC1
C1CCC2CC(CC3CCCC4CCCC43)CCC2C1
C1CCC2CCC3C4CCC(CCCC5CCCC6CCCCC65)C4CCC3C2CC1
C1CCC(CCCC2CCC3C(CCC3C3CCCCC3)C2)CC1
C1CCC(CC2CCCC(C3CCC4CC(CCC5CCC6CCCCC6C5)CCC43)C2)C1
C1CCC(CCCCCC2CC3CCCCC3C2)CC1
C1CCC(CCCCCC2CCCC3C(C4CCCCC4)CCC23)CC1
C1CCC(C2C3CCCC3CC3CC4CCCC4CC32)CC1
C1CCC2CCC3CCCCC3C2CC1
C1CCC(CCCC2CCC(CCC3CCCC(CC4CCCC4)C3)CC2)CC1
C1CCC(C2CC3CCCCC3C3CCC4CCCCC4C23)CC1
C1CCC(C2CC3CCCC3C3CCC4CCCCC4C23)CC1
C(CCC1CCC2CCCCC2C1)CC1CCCC2CCCCC2C1
C1CCC2CCC(C3CCCC4CCCC43)CC2CC1
C1CCC(CCC2CCC3C(CCC3C3CCCC(CCC4CCCC4)C3)C2)CC1
C1CCC(CCCCCC2CCCC3C(C4CCCCC4)CCC23)CC1
C1CCC(C2CCC3(CCC4CCC5C(CCC5C5CCCCC5)CC43)C2)CC1
C1CCC(CC2CCC(CC(CC3CCCCC3)C3CCCCC3)CC2)CC1
C1CCC2CC(CCCC3CCC4C3CCC3C5CCCCC5CCC43)CC2C1
C1CCC(C2CC3CCCC3C3CCC4CCCCCC4C23)CC1
C1CCC2CC(CC3CCCC4CCCC43)CCC2C1
C1CCC2CCC3C4CCCC4CC(C4CCC(C5CCCC5)CC4)C3C2CC1
C1CCC(CCCCCC2CCCC3C2CCC3C2CCC(CCC3CC3)CC2)CC1
C1CCC(CCCCCC2CC3CCCCC3C2)CC1
C1CCC(C2CC3C(CCC34CCCC4)C3CCC4CCCCC4C23)CC1
C1CCC2C(C1)CC(C1CCCC3CCCC31)C1CCCCC21
C1CCC(CCCCCC2CC3CCCCC3C2)CC1
C1CCC2CCC(C3CCCC4CCCC43)CC2CC1
C1CCC2CCC(C3CCCC4CCCC43)CC2CC1
C1CCC(C2CC3CCCC3C3CCC4CCCCCC4C23)CC1
C1CCC(CCCCCC2CCCC3C2CCC3C2CCCC(CC3CCCC3)C2)CC1
C1CCC2CC(CC3CCCC4CCCC43)CCC2C1
C1CCC2CCC3C4CCCC4CC(C4CCC(CCCCC5CCC6C(CCC7C8CCCC8CCC67)C5)CC4)C3C2CC1
C1CCC(CCC2CCC3C(CCC3C3CCCCC3)C2)CC1
C1CCCC(CC2CCCC2CC2CC3CCCCC3C3CCC4CCCCC4C23)CC1
C1CCC(CC2CC3CCCCC3C3CCC4CCCCC4C23)CC1
C1CCC(CCC2CCC3C(CCC3C3CCCC(CCCC4CCCC4)C3)C2)CC1
C1CCC(CCCCCC2CC3CCCCC3C2)CC1
C1CCC(C2CCC3CC4C(CCC5C6CCC(CCCC7CC8CCCCC8C7)C6CCC45)CC32)CC1
C1CCC2C(C1)CCC1C3CCCC3CCC21
C1CCC(C2CCC3CC4C(CCC45CCCCC5)CC32)CC1
C1CCC(C2CC3CCCCC3C3CCCCC23)CC1
C1CCC(CCCCCC2CC3CCCCC3C2)CC1
C1CCC(CCC2CCC(C3CCC4C(CCC4C4CCCCC4)C3)CC2)CC1
C1CCC(CC2CCCC(CC3CC4CCCCC4C4CCC5CCCCCC5C34)C2)CC1
C1CCC(CCC2CCC3C(CCC3C3CCCCC3)C2)CC1
C1CCC(CC2CC3CCCC3C3CCC4CCCCC4C23)CC1
C1CCC2CCC3C4CCCC4CCC3C2CC1
C(CCCC1CCCC2CCCCC12)CCC1CCC(C2CCCCC2)C1
C1CCC(CCC2CCC3C(CCC3C3CCCC3)C2)CC1
C1CCC(CCC(CCC2CCC3CCCC3C2)CC2CCCCC2)CC1
C1CCC(C2CCC(CCCC3CCC4CC5CCC6CCCCC6C5CCC34)C2)CC1
C1CCC(CCCCCC2CCCC3C(CC4CCCCC4)CCC23)CC1
C1CCC(CCC2CCC3C(CCC3C3CCCCC3)C2)CC1
C1CCC(CCC(CCCC2CCC3CCCC3C2)CC2CCCCC2)CC1
C1CCC2C(C1)CC(C1CCCC1)C1CCCCC21
C1CCC(C2CC3CCCCC3C3CCCCC23)CC1
C1CCC(C2CCC3CC4C(CCC45CCCCC5)CC32)CC1
C1CCC(CCCCC2CCCC3CCC(CC4CCCCC4)CC23)CC1
C1CCC(CCCC2CCC3C2CCCC2C4CC5CCC(C6CCCCC6)C5CC4CCC32)CC1
C1CCC(CC2CC3CCCCC3C3CCC4CCCCC4C23)CC1
C1CCC(CC2CC3CCCCC3C3CCC4CCCCCC4C23)CC1
C1CCC(CCCC2CCC3CCC(C4CCCC5CCCC54)CC3C2)CC1
C1CCC(C2CCC3CC4C(CCC5C6CCCC6CCC45)CC32)CC1
C1CCC(CCCCCC2CCCC3C(C4CCCCC4)CCC23)CC1
C1CCC(CCC2CCC(C3CCC4C(CC5CCCCC5)CCC4C3)CC2)CC1
C(CCCC1CCCC2C(C3CCCCC3)CCC12)CCC1CCC(C2CCCC2)C1
C(CCCC1CCCCC1)CCCC1CCC(C2CCCCC2)C1
C(CCCC1CCC2CCCC2C1)CCCC1CCC(C2CCCCC2)C1
C1CCC(CCCC2CCC3C(CCC4C5CCCC5CC(CCC5CCCCC5)C34)C2)CC1
C(CCC1CCC2CCCCC2C1)CCC1CCCC2CCCCC12
C1CCC(C2CC3CCCC3C3CCC4CCCCC4C23)CC1
C(CCC1CCC2CCCCC2C1)CCC1CCCC2CCCCC12
C1CCC(C2CCC3CC4C(CCC5C6CCC(CCCC7CCCC8CCCCC87)C6CCCC45)CC32)CC1
C(CCC1CCCC2CCCCC12)CC1CCCC2CCCCC12
C1CCC2CC(C3CCCC3)C3CCCC3C2CC1
C1CCC(CC2CCC(CC(CC3CCCCC3)C3CCCCC3)CC2)CC1
C1CCC2CC3CCC4CCCC4C3CCC2C1
C1CCC(CCCC(CC2CC3CCCCC3C2)C2CC2)CC1
C1CCC(CC2CC3CCCCC3C3CCC4CCCCCC4C23)CC1
C1CCC2CC(C3CCCC3)C3CCCC3C2CC1
C1CCC(CCCC2CCC(C3CCC4C(CCC4C4CCCCC4)C3)CC2)CC1
C1CCC(CCCCCC2CCC3CCCCC23)CC1
C1CCC(C2CCC3(CCC4CC5C(CCC5C5CCCCC5)CCC43)C2)CC1
C1CCC(CCC2CCC(C3CCC4C(CCC4C4CCCCC4)C3)CC2)CC1
C1CCC2C(C1)CCCC1CCCCC12
C1CCC(C2CCC3CC4C(CCC45CCCC5)CC32)CC1
C1CCC2CCC(C3CCCC4CCCC43)CC2CC1
C1CCC(CCCCCC2CC3CCCCC3C2)CC1
C1CCCC(C2CCC3CC4C(CCC5C6CCC(CCCC7CC8CCCCC8C7)C6CCC45)CC32)CC1
C1CCC(CCC2CCC(CCC3CCCCC(CC4CCCC4)C3)CC2)CC1
C(CCC1CCC2CCCCC2C1)CCC1CCCC2CCCCC12
C1CCC(CCCCC2CC3CCCCC3C2)CC1
C1CCC(CCC2CCC3C(CCC3C3CCCCC3)C2)CC1
C1CCC2CCC3C4CCCCC4CCC3C2CC1
C1CCC(CCCCCC2CCCCC2)CC1
C1CCC(CCCCCC2CC3CCCCC3C2)CC1
C1CCC2C(C1)CCC1CCCCC12
C1CCC(CCC2CCC3C(CCC3C3CCCCC3)C2)CC1
C1CCC(CC2CCC(CCCC3CCC4C3CCC3C5CCCCC5CCC43)C2)CC1
C(CCCCC1CCC2C(CCC3C4CCCC4CCC23)C1)CCCC1CCCC(CC(CC2CCC(CC3CCCCC3)CC2)C2CCCCC2)C1
C1CCC(C2CC3CCCC3C3CCC4CCCCC4CC23)CC1
C1CCC(CC2CCC(CC(CC3CCCCC3)C3CCCCC3)CC2)CC1
C1CCC(C2CCC3C(CCC4CCCCC43)C2)CC1
C1CCC(CCCC2CCCC(C3CCC4CC(CCC5CCC6CCCCC6C5)CCC43)C2)CC1
C1CCC(CCCC(CCC2CCC3C(CCC3C3CCCCC3)C2)C2CCCCC2)CC1
C1CCC(C2CC3CCCC3C3CCC4CCCCCC4C23)CC1
C1CCC(CCCCC2CCC3CCCCC23)CC1
C1CCC(CCCC2CCC3C2CCC2C4CCCCC4CCCC32)C1
C(CCC1CCCC2CCCCC12)CC1CCCC2CCCCC12
C1CCC(C2CC3CCCC3C3CCCC4CCCCC4C23)CC1
C1CCC(C2CC3CCCC3C3CCCC4CCCCC4C23)CC1
C1CCC2C(C1)CCC1C3CCCC3CCC21
C1CCC(C2CCC3CC4C(CCCC45CCCC5)CC32)CC1
C1CCC2C(C1)CCC1C3CCCCC3CCC21
C(CCC1CCCC2CCCCC12)CCC1CCCC2CCCCC12
C1CCC(C2CCC3CCCCC3C3CCCCC23)CC1
C1CCC(C2CCC3CCCC3C3CCC4CCCCC4C23)CC1
C1CCC(C2CC3CCCCC3C3CCCCC23)CC1
C1CCC(C2CC3CCCC3C3CCC4CCCCC4C23)CC1
C1CCC2C(C1)CC(C1CCCC3CCCC31)C1CCCC21
C(CCC1CCCC2CCCCC12)CC1CC2CCCCC2C1
C1CCC2CC(C3CCCC4CCCC43)CCC2C1
C1CCC(C2CCC3CCC4CCCCC4C3CC2)CC1
C1CCC(CCCCC2CCC3CCC(C4CCCC5CCCC54)CC3C2)CC1
C1CCC(C2CCC3CC4C(CCC5C6CCCC(CCCC7CC8CCCCC8C7)C6CCC45)CC32)CC1
C(CCC1CCCC2CCCCC12)CC1CCC2CCCCC2C1
C1CCC(CCC2CCC3C(CC4CCCCC4)CCC3C2)CC1
C(CCC1CC2CCCCC2C1)CCC1CCCC2CCCC12
C1CCC(CCCCC2CC3CCCCC3C2)CC1
C1CCC(C2CC3CCCC3C3CCC4CCCCC4C23)CC1
C1CCC(C2CC3CCCC3C3CCCC4CCCCC4C23)CC1
C1CCC(C2CC3CCCC3C3CCC4CCCCC4C23)CC1
C1CCC(CC2CCC3C(CCC3C3CCCCC3)C2)CC1
C1CCC(CCC(CCC2CC3CCCCC3C2)C2CC2)CC1
C1CCC(C2CC3CCCCC3C3CCCCC23)CC1
C1CCC(CC2CC3CCCCC3C3CCC4CCCCC4C23)CC1
C(CCCC1CCCC2CCCCC12)CCC1CCC(C2CCCCC2)C1
C1CCC(CCCCC2CC3CCCCC3C2)CC1
C1CCC(C2CC3CCCC3C3CCC4CCCCC4C23)CC1
C1CCC(CCCCC2CCC3CCCCC23)CC1
C1CCC(CCCCC2CC3CCCCC3C2)CC1
C1CCC2C(C1)CCC1C3CCCCC3CCC21
C1CCC(CCCCC2CCC3CCC(C4CCCC5CCCC54)CC3C2)CC1
C1CCC(C2CCC3CC4CCCCC4CC32)CC1
C1CCC2CC(CC3CCCC4CCCC43)CCC2C1
C1CCC(C2CC3CCCCC3C3CCCCC23)CC1
C1CCC2CC(C3CCCC4CCCC43)C3CCCC3C2CC1
C1CCC(CC23CCCCCC2CCC2C4CCCC4CCC23)CC1
C1CCC(C2CC3CCCCC3CC3CCCCC32)CC1
C1CCC(CCC2CCC3C(CCC3C3CCCCC3)C2)CC1
C1CCC(C2CCCC3(CCC4CC5C(CCC5C5CCCCC5)CC43)C2)CC1
C1CCC(CCC2CCC3C(CCC3C3CCCCC3)C2)CC1
C1CCC2CCC(C3CCCC4CCCC43)CC2CC1
C1CCC2CC(C3CCCC4CCCC43)CCC2C1
C1CCC(CCCCC2CC3CCCCC3C2)CC1
C1CCC2CC(CC3CCCC4CCCCC43)C3C(CCC4CCCCC43)CC2C1
C1CCC(CCC2CCC3C(CCCC4CC(C5CCCCC5)CCC43)C2)CC1
C1CCC(CC2CCC3CC4C(CCCC45CCCC5)CC23)CC1
C1CCC(C2CCC3CC(C4CCC(CCC5CCCC5)CC4)CCC32)CC1
C1CCC(C2CC3CCCC3C3CCC4CCCCC4C23)CC1
C1CCC2CCCCC2C(CCCCC2CCCC3CCCCC23)C1
C1CCC(CCCCCC2CCCC3C(C4CCCCC4)CCC23)CC1
C1CCC(C2CC3CCCCC3C3CCCCC23)CC1
C1CCC(CCCC2CCC3CCC(C4CCCC5CCCC54)CC3C2)CC1
C1CCC(C2CCC3CCCC3C3CCC4CCCCC4C23)CC1
C1CCC(C2CCCC3C(CCC4CCCCC43)C2)CC1
C1CCC2C(C1)CCC1CCCCC12
C(CCCCC1CCC(C2CCCCC2)C1)CCCC1CCCCC1
C1CCC(CCCCCC2CCCC3C(C4CCCCC4)CCC23)CC1
C1CCC(CC2CCCC(C3CCC4CC(CCCC5CCC6CCCCC6C5)CCC43)C2)C1
C1CCC(C2CC3CCCCC3C3CCC4CCCCC4C23)CC1
C1CCC2CCC(C3CCCC4CCCC43)CC2CC1
C1CCC(C2CCC(CCCC3CCC4C3CCCC3C5CCCCC5CCC34)C2)CC1
C1CCC(CCCCC2CC3CCCCC3C2)CC1
C1CCC(CCC2CCC3C(CCC4C5CCCC5CCC34)C2)CC1
C1CCC(CCCCC2CC3CCCCC3C2)CC1
C1CCC2C(C1)CCC1C3CCCC3CCC21
C1CCC2CCC3C4CCC(CCCC5CCC6CCCCC6C5)C4CCC3C2CC1
C1CCC(CCC2CCC(C3CCC4C(CCC4C4CCCCC4)C3)CC2)CC1
C1CCCC(CCC2CCC(CCC3CCCCC3)CC2)CC1
C(CCC1CCCC2CCCCC12)CCC1CCCC2CCCCC12
C1CCC(C2CCC(CCCCCC3CCCC4CCCCC34)C2)CC1
C1CCC(C2CC3CCCC3C3CCCC4CCCCC4C23)CC1
C1CCC(CCC2CCC3C(CCC3C3CCCCC3)C2)CC1
C1CCC(CCC2CCC(C3CCCC4C(C5CCCCC5)CCC34)C2)CC1
C1CCC(CCC2CCC3C(CCC3C3CCCCC3)C2)CC1
C(CCCC1CCCCC1)CCCC1CCC(C2CCCCC2)C1
C1CCC(CC2CC3CCCCC3C3CCC4CCCCC4C23)C1
C1CCC2C(C1)CCC1C3CCCCC3CCC21
C(CCCC1CCCC2C(C3CCCCC3)CCC12)CCC1CCCCC1
C1CCC2CCC(C3CCCC4CCCC43)CC2CC1
C(CCC1CCCC2CCCC12)CC1CC2CCCCC2C1
C1CCC(CCC2CCC(CCC3CCCC(CC4CCCC4)C3)CC2)CC1
C1CCC(CCC2CCCCC2)CC1
C1CCC(CCC2CCC3C(CCC4CC3CCC3CCCC34)C2)CC1
C1CCC(CC2CC3CCCCC3C3CCC4CCCCC4C23)CC1
C1CCC(C2CCC3CC4C(CCC45CCCC5)CC32)CC1
C1CCC2CC(CCCC3CCC4C3CCC3C5CCCCC5CCC43)CC2C1
C1CCC2CCC(C3CCCC4CCCC43)CC2CC1
C(CCCC1CCCCC1)CCC1CCCCC1
C1CCC(CCCCCC2CCC3CCCCC23)CC1
C1CCC(CCC2CCCCC2)CC1
C(CCCC1CCCCC1)CCCC1CCC(CC2CCCCC2)C1
C1CCC(CCCCC2CCC3CCCCC23)CC1
C1CCC(CC2CC3CCCCC3C3CCC4CCCCC4C23)CC1
C1CCC2CC(C3CCCC4CCCC43)CCC2C1
C1CCC(C2CC3CCCCC3C3CCC4CCCCC4C23)CC1
C(CCCC1CCCC2CCCCC12)CCC1CCCC1
C(CCC1CCCC2CCCCC12)CC1CCCC2CCCCC12
C1CCC2CCC3C4CCCCC4CC(CC4CCCC4)C3C2CC1
C(CCC1CCCC2CCCC12)CC1CC2CCCCC2C1
C1CCC(CCC2CCC3C(CCC3C3CCCCC3)C2)CC1
C1CCC2CCC3C4CCCC4CCC3C2CC1
C1CCC(C2CCCC3(CCC4CC5C(CCC5C5CCCCC5)CC43)C2)CC1
C1CCC2CC(CC3CCC4CCCCC43)CCC2C1
C1CCC(CC23CCCCCC2CCC2C4CCCC4CCC23)CC1
C1CCC(CC2CC3CCCCC3CC3CCC4CCCCC4C32)CC1
C1CCC(C2CCC3CC4C(CCCC45CCCC5)CCC32)CC1
C1CCC(CCC2CCC(CCC3CCCCC3)CC2)CC1
C1CCC(C2CCC3CCC4C(CC5CCC6CCCCC65)CCCC4CC32)CC1
C1CCC(CCCCCC2CCCCC2)CC1
C1CCC(C2CCC3CC4C(CCC45CCCCCC5)CC32)CC1
C1CCC(CCCCC2CC3CCCCC3C2)CC1
C1CCC(C2CCC3CC4C(CCC5C6CCC(CCCC7CC8CCCCC8C7)C6CCC45)CC32)CC1
C1CCC2C(C1)CCC1C3CCCCC3CCC21
C1CCC(C2CCC(CCCC3CCC4C3CCCC3C5CCCCC5CCC34)C2)CC1
C(CCCC1CCCC2C(C3CCCCC3)CCC12)CCC1CCCCC1
C1CCC(CCC2CCC(C3CCC4C(CCC4C4CCCCC4)C3)CC2)CC1
C1CCC2C(C1)CCC1C3CCCC3CCC21
C1CCC(CCCCCC2CCCC3C(C4CCCCC4)CCC23)CC1
C1CCC(CCC2CCC3C(CC4CCCCC4)CCC3C2)CC1
C(CCCC1CCCCC1)CCCC1CCC(C2CCCCC2)C1
C1CCC(CCCCC2CCC3CCCCC23)CC1
C1CCC(CCC(CC2CC3CCCCC3C2)C2CCCCC2)CC1
C1CCC(C2CCC3CC4C(CC5CC6CCCCC6C5)CCCCC4CC32)CC1
C1CCC(CCCCC2CC3CCCCC3C2)CC1
C1CCC(C2CCC3CC4C(CCCC45CCCCC5)CC32)CC1
C1CCC(CCC2CCC(C3CCC4C(CCC4C4CCCCC4)C3)CC2)CC1
C1CCC(CCCCCC2CC3CCCCC3C2)CC1
C1CCC(CCCCCC2CC3CCCCC3C2)CC1
C1CCC(CCC2CCC(C3CCCC4C(C5CCCCC5)CCC34)C2)CC1
C1CCC2C(C1)CCC1C3CCCC3CCC21
C1CCC(CCC2CCC3C(CCC3C3CCCCC3)C2)CC1
C1CCC(CCC(CC2CCC3C(CCC3C3CCCCC3)C2)C2CCCCC2)CC1
C1CCC(CCC2CCC3C(CCC3C3CCCCC3)C2)CC1
C1CCC(CCCCC2CCC(C3CCC4C(CCC4C4CCCCC4)C3)CC2)CC1
C1CCC(C2CCC3CC4C(CCCC45CCCCC5)CCC32)CC1
C1CCC(CCCC2CCC3CCC(C4CCCC5CCCC54)CC3CC2)CC1
C1CCC(C2CCC3CC4C(CCC32)CCC42CCCC2)CC1
C1CCC(CCC(CCC2CCC3CCCCC3C2)CC2CCCCC2)CC1
C1CCC(CCC2CCC3C(CCC3C3CCCC(CCC4CCCC4)C3)C2)CC1
C1CCC2C(C1)CCC1C2CCC2C3CCCC3CC21
C1CCC(CC2CC3CCCCC3C3CCC4CCCCC4C23)C1
C1CCC(CCC2CCC(C3CC3)CC2)CC1
C1CCC2CCC(C3CCCC4CCCC43)CC2CC1
C1CCC(C2CCC3CC4C(CCC45CCCC5)CC32)CC1
C1CCC(CCCC2(CCC3CCCC3)CCC3C4CCC5CCCCC5C4CCC32)CC1
C(CCC1CCCCC2CCCCC12)CC1CCC2CCCCC2C1
C1CCC(C2CCC3CC4C(CCC45CCCCC5)CC32)CC1
C1CCC(C2CCC3CC4C(CCC45CCCC5)CC32)CC1
C1CCC(C2CCC3C(CCC4CCCCC43)C2)CC1
C1CCC(CC2CC3CCCCC3C3CCC4CCCCCC4C23)CC1
C1CCC(CCCCCC2CCC3CCCCC23)CC1
C(CCCCC1CCC(C2CCCCC2)C1)CCCC1CCCCC1
C1CCC(CCCC2CCC3CCC(C4CCCC5CCCC54)CC3C2)CC1
C1CCC2CC(CCCC3CCCC4CCCCC43)CC2C1
C1CCC(C2CCC3C(CCC4CCCCC43)C2)CC1
C1CCC(CC2CCC3C(CCC3C3CCCCC3)C2)CC1
C1CCC(CC2CCCC(CC3CCC4CCCCC4C4CCC5CCCCC5C34)C2)CC1
C1CCC(C2CC3CCCC3C3CCC4CCCCC4C23)CC1
C1CCC(CCC2CCC3C(CCC3C3CCCCC3)C2)CC1
C(CCCC1CCC(C2CCCCC2)C1)CCC1CCCCC1
C(CCC1CCCC2CCCCC12)CC1CCC2CCCCC2C1
C1CCC(CCCCCC2CCCC3C2CCC3C2CCC(CCC3CC3)CC2)CC1
C1CCC(C2CCC3C(CCCCCC4CCC(C5CCCC5)C4)CCCC23)CC1
C1CCC(CCC2CCC3C(CCC3C3CCCCC3)C2)CC1
C1CCC(CCCCCC2CCC3CCCCC23)CC1
C1CCC(CCCC2CCCC3CCC(C4CCCC5CCCC54)CC3C2)CC1
C1CCC(CCCCC2CCC3CCC(C4CCCC5CCCC54)CC3C2)CC1
C1CCC(CCC2CCCCC2)CC1
C1CCC(CCCCC2CC3CCCCC3C2)CC1
C1CCC(CCC2CCCC3CCC4C(CCC4C4CCCCC4)CC23)CC1
C1CCC(CC2CC3CCCCC3C3CCC4CCCCC4C23)CC1
C1CCC(C2CCC3CC4CCCCC4CC32)CC1
C1CCC(CCCCCC2CCC3CCCCC23)CC1
C1CCC2CCC3CCCCC3C2CC1
C1CCC2C(C1)CC(C1CCCC1)C1CCCCC21
C1CCC2CCC(C3CCCC4CCCC43)CC2CC1
C(CCC1CCC(C2CC3CCCC3C3CCC4CCCCC4C23)CC1)CCC1CCC2C(CCC3C4CCCC4CCC23)C1
C1CCC(CCCCCC2CCCC3C(C4CCCCC4)CCC23)CC1
C1CCC2C(C1)CCC1C3CCCC3CCC21
C(CCC1CCC2C(CCC3C4CCCC4CCC23)C1)CC1CCC(C2CCC(C3CC4CCCC4C4CCC5CCCCC5C34)CC2)CC1
C1CCC(CCCCC2CC3CCCCC3C2)CC1
C1CCC(CCCCCC2CCCC3C(C4CCCCC4)CCC23)CC1
C1CCC2C(C1)CCC1CCCCC12
C1CCC(CCCC2CCCCC3CCC(C4CCCC5CCCC54)CC23)CC1
C1CCC(CC2CC3CCCCC3C3CCC4CCCCC4C3C2)CC1
C1CCC(CC2CC3CCCCC3C2C2CCCCC2)CC1
C1CCC(CCCCCC2CCCC3C2CCC3C2CCCC(CC3CCCC3)C2)CC1
C1CCC2C(C1)CCC1CCCCC12
C1CCC(CCCC2CCC3CCC(C4CCCC5CCCC54)CC3CC2)CC1
C1CCC(CCC2CC3CCCCC3C3CCC4CCCCC4C23)CC1
C1CCC2C(C1)CCCC1C3CCCC3CCC21
C1CCC2C(C1)CCC1C2CCC2C3CCCC3CCC21
C1CCC(CCCCCC2CCC3CCCCC23)CC1
C(CCC1CCCC2CCCC12)CC1CC2CCCCC2C1
C1CCC(CCCCCC2CCCC3C2CCC3C2CCCC(CC3CC3)C2)CC1
C(CCC1CCC2C1CCC1C3CCCCC3CCC21)CC1CCC2CCCCC2C1
C1CCC(C2CC3CCCC3C3CCC4CCCCC4C23)CC1
C(CCCC1CCCC2CCCCC12)CCC1CCC(C2CCCCC2)C1
C1CCC2CC(C3CCCC4CCCC43)C3CCCC3C2CC1
C1CCC(CCCCCC2CCC3CCCCC23)CC1
C1CCC(CCC2CCC3C(CCC3C3CCCCC3)C2)CC1
C1CCC2CC(CCCC3CCCC4CCCCC43)CC2C1
C(CCC1CCCC2CCCCC12)CC1CCCC2CCCCC12
C1CCC(CCCCC2CCCC(C3CCC4CC(CCC5CCC6CCCCC6C5)CCC43)C2)CC1
C1CCC2CC(C3CCCC4CCCC43)CCC2C1
C1CCC(CC2CC3CCCCC3C3CCC4CCCCCC4C23)CC1
C(CCC1CCCC2CCCC12)CC1CC2CCCCC2C1
C1CCC(CCCCCC2CCCC3C(CC4CCCCC4)CCC23)CC1
C1CCC2CCC3C4CCCC4CCC3C2CC1
C1CCC(CCC2CCC3C(CCCC4C5CCCC5CC(CCC5CCCCC5)C34)C2)CC1
C1CCC2CCC(C3CCCC3)CC2CC1
C(CCC1CCC2CCCC2C1)CC1CCC(C2CCCC2)CC1
C1CCC2CC(CCCC3CCC4C3CCC3C5CCCCC5CCCC43)CC2C1
C1CCC(C2CC3CCCC3C3CCC4CCCCC4CC23)CC1
C1CCC2CC(CCCC3CCC4C3CCC3C5CCCCC5CCCC43)CC2C1
C1CCC(C2CC3CCCC3CC3CCC4CCCCC4C32)CC1
C1CCC(C2CCC3CC4C(CCC45CCCCC5)CC32)CC1
C1CCC2CCCCC2C(CCCCC2CCCC3CCCCC23)C1
C1CCC(CCCCCC2CC3CCCCC3C2)CC1
C1CCC(CCC2CCC3C(CCC4CCCCCC43)C2)CC1
C1CCC(CCCCC2CC3CCCCC3C2)CC1
C1CCC(CCCC2CCCCC3CCC(C4CCCC5CCCC54)CC23)CC1
C1CCC(C2CCC3CC4C(CCC45CCCCC5)CC32)CC1
C1CCC(CCC2CC3CCCC3C3CCC4CCCCC4C23)CC1
C1CCC2CC(C3CCCC4CCCC43)CCC2C1
C1CCC(CCCCC2CCC3CCCCC23)CC1
C1CCC(CC2CCC(CC(CC3CCCCC3)C3CCCCC3)CC2)CC1
C(CCC1CCCC2CCCC12)CC1CC2CCCCC2C1
C1CCC(CCC2CCC3C(CC4CCCCC4)CCC3C2)CC1
C1CCC(CCC2CCC(CCC3CCCC(CC4CCCC4)CC3)CC2)CC1
C1CCC(C2CC3CCCC3C3CCC4CCCCC4CC23)CC1
C1CCC2CC(C3CCCC4CCCC43)CCC2C1
C(CCC1CCC2CCCCC2C1)CCC1CCCC2CCCCC12
C1CCC(C2CCC3CC4C(CCC5C6CCC(CCCC7CCC8CCCCC8C7)C6CCC45)CC32)CC1
C1CCC(CC2CCC(C3CC4CCCC4C4CCC5CCCCCC5C34)CC2)CC1
C1CCC2CC(CCCC3CCC4C3CCC3C5CCCCC5CCCC43)CC2C1
C1CCC(CCCC2CCCC3C2CCC2C4CC5CCC(C6CCCCC6)C5CC4CCC32)CC1
C(CCC1CCCC2CCCCC12)CC1CCC2CCCCC2C1
C1CCC(C2CCC(C3CC4CCCCC4C4CCC5CCCCC5C34)CC2)C1
C1CCC(CCCCCC2CC3CCCCC3C2)CC1
C1CCC(CCCCC2CC3CCCCC3C2)CC1
C1CCC(C2CC3CCCC3C3CCC4CCCCCC4C23)CC1
C1CCC(CCCCCC2CCC3CCCCC23)CC1
C1CCC(C2CCC3(CCC4CCC5C(CCC5C5CCCCC5)CC43)C2)CC1
C(CCCC1CCCC2C(C3CCCCC3)CCC12)CCC1CCCCC1
C1CCC2C(C1)CCC1C3CCCC3CCC21
C1CCC(C2CC3CCCC3C3CCCC4CCCCC4C23)CC1
C1CCC2CCC(C3CCCC4CCCC43)CC2CC1
C1CCC(C2CCC3CC4C(CCC5C6CCC(CCCC7CC8CCCCC8C7)C6CCCC45)CC32)CC1
C1CCC(CCCCC2CC3CCCCC3C2)CC1
C(CCC1CCCCC2CCCCC12)CC1CCC2CCCCC2C1
C1CCC(CCCCCC2CC3CCCCC3C2)CC1
C1CCC2CCC3C4CCC(CCCC5CCCC6CCCCC65)C4CCC3C2CC1
C1CCC(C2CCC(CCCCCC3(C4CCCC4)CCCCC4CCCCC43)C2)CC1
C1CCC2CC(CC3CCCC4CCCC43)CCC2C1
C1CCC(CC2CCC(CC(CC3CCCCC3)C3CCCCC3)CC2)CC1
C1CCC(C2CC3CCCC3C3CCC4CCCCC4C23)CC1
C1CCC2CCC3C(CCC4C5CCCC5CC43)C2CC1
C1CCC(CC2CCCCC2CC2CC3CCCCC3C3CCC4CCCCC4C23)CC1
C1CCC(CCCCC2CC3CCCCC3C2)CC1
C1CCC(C2CCC3CC4C(CCCC5C6CCC(CCCC7CC8CCCCC8C7)C6CCC45)CC32)CC1
C1CCC2C(C1)CCCC1C3CCCC3CCC21
C1CCC(C2CCC3CC4C(CCCC45CCCC5)CC32)CC1
C1CCC2C(C1)CCC1CCCCC12
C1CCC(CCCCCC2CCCC3C(CC4CCCCC4)CCC23)CC1
C1CCC(CCC2CCC(CC3CC3)CC2)CC1
C1CCCC(CCC2CCC(CCC3CCCCC3)CC2)CC1
C1CCC2C(C1)CCC(C1CCCC1)C1CCCCC21
C1CCC2C(C1)CCC(C1CCCC1)C1CCCCC21
C1CCC(CC(CC2CCCCC2)C2CCCCC2)CC1
C1CCC(C2CC3CCCC3C3CCC4CCCCCC4C23)CC1
C(CCC1CCC2C(CCC3C4CCCC4CCC23)C1)CC1CCC(C2CCC(C3CC4CCCC4C4CCCC5CCCCC5C34)CC2)CC1
C1CCC(CCCCC2CCC3CCCCC23)CC1
C1CCC(C2CCC3CC4C(CCC45CCCCCC5)CC32)CC1
C1CCC(CCCCC2CC3CCCCC3C2)CC1
C1CCC2CC(CCCC3CCC4CC5CCC6CCCCC6C5CCC34)CC2C1
C1CCC(C2CCC3CC4C(CCC45CCCC5)CC32)CC1
C1CCC(CCC2CCC3C(CCC3C3CCCCC3)C2)CC1
C1CCC(CCCCC2CCC3CCC(C4CCCC5CCCC54)CC3C2)CC1
C1CCC(C2CCC3CCC4(CCCCC4C4CCCCC4)CCC32)CC1
C1CCC2C(C1)CCCC1C3CCCC3CCC21
C(CCC1CCCC2CCCC12)CC1CC2CCCCC2C1
C1CCC(CC2CC3CCCCC3C3CCC4CCCCC4C23)C1
C1CCC2CCC(C3CCCC4CCCC43)CC2CC1
C1CCC(CCCCCC2CC3CCCCC3C2)CC1
C1CCC2C(C1)CCC1C3CCCC3CCC21
C1CCC(CCCC2CCC3C(CCC4C5CCCC5CCC34)C2)CC1
C1CCC2CCC3C4CCC(CCCC5CC6CCCCC6C5)C4CCC3C2CC1
C1CCC(C2CCC3CC4(CCCCCC4C4CCCCC4)CCCC32)CC1
C1CCC2CCC3C4CCC(CCCC5CC6CCCCC6C5)C4CCC3C2CC1
C1CCC(C2CCC3CC4C(CCC32)CCC42CCCC2)CC1
C1CCC(C2CCC3C(CCC4CCCCC43)C2)C1
C1CCC(CC2CCC3CC4(CCCCCC4C4CCCCC4)CCC23)CC1
C1CCC(C2CCC3CC4C(CCCCC45CC(C4CCCCC4)C(C4CCCCC4)C5)CC32)CC1
C1CCC(CC2CCC3CCCCC3C2)C1
C1CCC2C(C1)CCC1C3CCCC3CCC21
C1CCC2CCC(C3CCCC4CCCC43)CC2CC1
C(CCCC1CCCCC1)CCCC1CCC(C2CCCCC2)C1
C1CCC(CCCCCC2CCCC3C(C4CCCCC4)CCC23)CC1
C1CCC(CCCCCC2CCCC3C(C4CCCCC4)CCC23)CC1
C1CCC(CC2CC3CCCCC3CC3CCC4CCCCC4C32)CC1
C1CCC(C2CC3CCCC3C3CCC4CCCCC4C23)CC1
C1CCC2CC(CCCC3CCC4C3CCC3C5CCCCC5CCC43)CC2C1
C1CCC2CC(CCCC3CCC4C3CCCC3C5CCCCC5CCC34)CC2C1
C(CCCC1CCCC2C(C3CCCCC3)CCC12)CCC1CCCCC1
C1CCC(C2CCC3CC4C(CC5CCC6CCCCC65)CCCC4CC32)CC1
C1CCC(CCC2CCC3C(CCC3C3CCCCC3)C2)CC1
C1CCC(CC2CCC3C(CCC3C3CCCCC3)C2)CC1
C1CCC(CCCCCC2CC3CCCCC3C2)CC1
C1CCC2CC(CCCC3CCC4C3CCC3C5CCCCC5CCC43)CC2C1
C1CCC(CCC(CCC2CCC3CCCC3C2)CC2CCCCC2)CC1
C1CCC2C(C1)CCC1C3CCCCC3CCC21
C1CCC(CCCCC2CCC3CCCCC23)CC1
C1CCC(C2CC3CCCC3C3CCC4CCCCC4C23)CC1
C1CCC(CCCC2CCC3CCC(C4CCCC5CCCC54)CC3C2)CC1
C1CCC(C2CCC3CCCC3C3CCC4CCCCC4C23)CC1
C(CCC1CCC2C1CCC1C3CCCCC3CCC21)CC1CC2CCCCC2C1
C1CCC(C2CCC3C(CCC4CCCCC43)C2)CC1
C1CCC(CCC(CC2CCC3C(CCC3C3CCCCC3)C2)C2CCCCC2)CC1
C1CCC2CC(CCCC3CCC4C3CCC3C5CCCCC5CCC43)CCC2C1
C1CCC(CCCCC2CCC3CCCCC23)CC1
C1CC(C2CCC(C3CC4CCCC4C4CCC5CCCCC5C34)CC2)C1
C(CCCC1CCCC2C(C3CCCCC3)CCC12)CCC1CCCCC1
C1CCC(C2CCC3CC4C(CCC45CCCCCC5)CC32)CC1
C1CCC(CCCCCC2CCCC3C(C4CCCCC4)CCC23)CC1
C1CC2CCCC2C(CC2CC3CCCCC3C3CCCC23)C1
C1CCC(C2CC3CCCC(C3)C3CCC4CCCCC4C32)CC1
C1CCC2C(C1)CCC1CCCCC12
C1CCC(CCCCCC2CCC3CCCCC23)CC1
C1CCC2C(C1)CC(C1CCCC1)C1CCCCC21
C1CCC(C2CCC3CC4C(CCCC4CC4CCC5CCCCC54)CCC32)CC1
C1CCC2CCC3C4CCCCC4CC(CC4CCCC4)C3C2CC1
C1CCC(CC2CC3CCCCC3C3CCC4CCCCCC4C23)CC1
C1CCC(C2CCC3CC4C(CCC45CCCCC5)CC32)CC1
C1CCC2CCC(CCC3CCC4C(CCC4C4CCCC(CC5CCCC5)C4)C3)CC2CC1
C1CCC(CCCCCC2CCC3CCCCC23)CC1
C1CCC(C2CCC3CC4C(CCCC45CCCC5)CC32)CC1
C1CCC(C2CCC3CC4C(CCC5C6CCC(CCCC7CCC8CCCCC8C7)C6CCC45)CC32)CC1
C1CCC(CCCCCC2CCCC3C(C4CCCCC4)CCC23)CC1
C1CCC(C2CCC3CC4C(CCC32)CCC42CCCC2)CC1
C1CCC(CCC2CCCC3CC4C(CCC23)CCC4C2CCCCC2)CC1
C1CCC(CCC2CCC3C(CCC3C3CCCCC3)C2)CC1
C(CCC1CC2CCCCC2C1)CCC1CCCC2CCCC12
C1CCC(C2CCC3CC4C(CCCC45CCCC5)CC32)CC1
C(CCCC1CCCCC1)CCCC1CCC(C2CCCCC2)C1
C1CCC2C(C1)CCC1C3CCCC3CCCC21
C1CCC(C2CC3CCCC3C3CCC4CCCCC4CC23)CC1
C1CCC(CCC2CCC3C(CCC3C3CCCCC3)C2)CC1
C1CCC(C2CCC3CCC4(CCCCC4)C3C2)CC1
C(CCC1CCCC2CCCC12)CC1CC2CCCCC2C1
C1CCC(CCCCCC2CC3CCCCC3C2)CC1
C1CCC2C(C1)CCC1C3CCCC3CCC21
C1CCC(C2CC3CCCC3C3CCC4CCCCC4C23)CC1
C1CCC(CCC2CCC(C3CC3)CC2)CC1
C(CCC1CCCC2CCCCC12)CC1CCCC2CCCCC12
C(CCC1CC2CCCCC2C1)CCC1CCCC2CCCC12
C1CCC(CCCCCC2CCCC3C(C4CCCCC4)CCC23)CC1
C1CCC(C2CCC3(CCC4CCC5C(CCC5C5CCCCC5)CC43)C2)CC1
C(CCC1CCC2CCCCC2C1)CCC1CCCC2CCCCC12
C1CCC(CCC2CCC3C(CCC3C3CCCCC3)C2)CC1
C1CCC(CCCCCC2CC3CCCCC3C2)CC1
C1CCC(CCCCC2CCC3CCCCC23)CC1
C1CCC2CC(C3CCC4CCCCC43)CCC2C1
C1CCC2CC(C3CCCC4CCCC43)CCC2C1
C1CCC(C2CC3CCCCC3C3CCC4CCCCC4C23)CC1
C1CCC(CCC2CCC(C3CCCC4C(C5CCCCC5)CCC34)C2)CC1
C1CCC2CC(CCCC3CCC4C5CCC6CCCCC6C(CCC34)C5)CCC2C1
C(CCC1CCCC2CCCCC12)CC1CCC2CCCCC2C1
C(CCC1CCC2C(CCC3C4CCCC4CCC23)C1)CC1CCC(C2CC3CCCC3C3CCC4CCCCC4C23)CC1
C1CCC(CCCCC2CCC3CCCCC23)CC1
C1CCC(C2CCC3C(CCC4CCCCC43)C2)CC1
C1CCC(CCC(CCC2CCC3CCCC3C2)CC2CCCCC2)CC1
C1CCC(C2CC3CCCC3C3CCC4CCCCC4C23)CC1
C(CCCC1CCCC2C(C3CCCCC3)CCC12)CCC1CCCCC1
C1CCC(CCCC2CCC(C3CCC4C(CCC4C4CCCCC4)C3)CC2)CC1
C(CCCC1CCCC2C(C3CCCCC3)CCC12)CCC1CCCCC1
C1CCC2C(C1)CCCC1C3CCCC3CCC21
C1CCC2CC(C3CCCC3)C3CCCC3C2CC1
C1CCC(CC2CC3CCCCC3C3CCC4CCCCCC4C23)CC1
C(CCCC1CCCC2C(C3CCCCC3)CCC12)CCC1CC1
C1CCC(CCCC2CCC3C2CCC2C4CC5CCC(C6CCCCC6)C5CC4CCCC32)CC1
C1CCC2CCC(C3CCCC4CCCC43)CC2CC1
C1CCC(C2CCC3CC4C(CCCC45CCCCCC5)CC32)CC1
C1CCC(CCC2CCC3C(CCC3C3CCCCC3)C2)CC1
C1CCC(CCCCCC2CC3CCCCC3C2)CC1
C1CCC2CC(C3CCCC4CCCC43)CCC2C1
C1CCC(CCC2CCCC3CC4C(CC5CCCCC5)CCC4CC23)CC1
C1CCC(C2CCC3CCC4CCCCC4C3CC2)CC1
C1CCC2CC3CCC(C4CCCCC4)C3CC2CC1
C1CCC(C2CCCCC2CC2CC3CCCCC3C3CCC4CCCCCC4C23)CC1
C1CCC(C2CCC3CC4CCCCC4CC32)CC1
C1CCC(CCCCCC2CCC3CCCC3C2)CC1
C(CCC1CCC2CCCCC2C1)CCC1CCCC2CCCCC12
C1CCC(CCCCC2CC3CCCCC3C2)CC1
C1CCC(CCCC2CCC3C(CCC4CC(C5CCCCC5)CCC43)C2)CC1
C(CCCCC1CCC(C2CCCCC2)C1)CCCC1CCCCC1
C1CCC2CC(C3CCCC4CCCC43)CCC2C1
C1CCC(CCC2CCC3C(CCC3C3CCCCC3)C2)CC1
C1CCC(C2CC3CCCC3C3CCC4CCCCC4C23)CC1
C(CCCC1CCCCC1)CCCC1CCC(C2CCCCC2)C1
C1CCC(CCCC2CCCCC2)CC1
C1CCC(CCC2CCC3C(CCC3CC3CCCC(CC4CCCC4)C3)C2)CC1
C1CCC(CCCCC2CCC3C2CCC2C4CCCCC4CCCC32)CC1
C(CCCC1CCCC2CCCC12)CCC1CCCCC1
C1CCC(CCCCCC2CCCC3C(C4CCCCC4)CCC23)CC1
C1CCC2CC(CCCC3CCC4C3CCC3C5CCCCC5CCCC43)CC2C1
C1CCC2CCC3C(CCC4C3CCC4(CCCC3CCC4CCCCC4C3)CCC3CCCC3)C2CC1
C1CCC(CCCC2CCCC3C2CCC2C4CCCCC4CCC32)C1
C1CCC2CC(C3CCCC4CCCC43)CCC2C1
C1CCC2CCC(C3CCCC4CCCC43)CC2CC1
C1CCC(C2CC3CCCC3C3CCC4CCCCCC4C23)CC1
C1CCC(CCCCCC2CCC3CCCCC23)CC1
C1CCC(CC2CC3CCCCC3C3CCC4CCCCC4C23)CC1
C1CCC(CCCCC2CCC3CCC(C4CCCC5CCCC54)CC3C2)CC1
C1CCC2CC(C3CCCC4CCCC43)CCC2C1
C1CCC(CCCCCC2CC3CCCCC3C2)CC1
C1CCC(C2CCC3CCCCC3C3CCC(CCC4CCCC4)CC23)CC1
C(CCCC1CCCC2C(C3CCCCC3)CCC12)CCC1CCCCC1
C1CCC2CCC3C4CCCC4CCC3C2CC1
C1CCC(CCC2(CCCC3CCC4CCCCC4C3)CCCC3C4CCC5CCCCC5C4CCC32)C1
C1CCC(CC2CCC3CC4C(CCC45CCCC5)CC23)CC1
C1CCC(C2CCC3CCC(C4CCCC4)CC32)CC1
C1CCC(CC2CCC3C(CCC3C3CCCCC3)C2)CC1
C1CCC2CCC(C3CCCC4CCCC43)CC2CC1
C1CCC2CCC(C3CCCC4CCCC43)CC2CC1
C1CCC(C2CCC3CC4C(CCC45CCCCCC5)CC32)CC1
C1CCC2C(C1)CCC1C3CCCC3CCCC21
C1CCC(CC2CC3CCCCC3C3CCC4CCCCCC4C23)CC1
C1CCC2CCC(C3CCCC4CCCC43)CC2CC1
C1CCC(CC2CCC3CCC4(CCCCC4)C3C2)CC1
C1CCC(C2CCC3CC4C(CCC45CCCCC5)CC32)CC1
C(CCC1CCCC2CCCCC12)CC1CC2CCCCC2C1
C(CCC1CCCC2CCCCC12)CC1CCC2CCCCC2C1
C1CCC(CCCCC2CC3CCCCC3C2)CC1
C1CCC(CC2CC3CCCCC3C3CCC4CCCCC4C23)C1
C1CCC(C2CC3CCCC(C3)C3CCC4CCCCC4C32)CC1
C1CCC(CCCCCC2CC3CCCCC3C2)CC1
C1CCC2CCC(C3CCCC4CCCC43)CC2CC1
C1CCC2CC(C3CCCC4CCCC43)CCC2C1
C1CCC(C2CC3CCCC3C3CCC4CCCCC4C23)CC1
C1CCC2CC3CCC4CCCC4C3CCC2C1
C(CCCC1CCCC2C(C3CCCCC3)CCC12)CCC1CCCCC1
C1CCC(CC2CCC(CC(CC3CCCCC3)C3CCCCC3)CC2)CC1
C1CCC(CCCC2CCC3C2CCC2C4CC5CCC(C6CCCCC6)C5CCC4CCC32)CC1
C1CCC(CCCCC2CC3CCCCC3C2)CC1
C1CCC(CCC2CCC(CCC3CCCC(CC4CCCC4)C3)CC2)CC1
C1CCC(C2CC3CCCC3C3CCC4CCCCC4C23)CC1
C1CCC(C2CCC3CCC4C(CCCC45CCCC5)CC32)CC1
C1CCC2CCC(CCC3CCC4C(CCC4C4CCCC(CC5CCCC5)C4)C3)CC2CC1
C1CCC(C2CCC3CC4C(CCCC45CCCC5)CC32)CC1
C1CCC(CCCCC2CCC3CCCCC23)CC1
C1CCC(CCC2CCC(CCC3CCCCC3)CC2)CC1
C1CCC(CCCCC2CCCC3CCC(C4CCCC5CCCC54)CC23)CC1
C1CCC2CCC(C3CCCC4CCCC43)CC2CC1
C1CCC2CC(CCCC3CCC4C3CCC3C5CCCCC5CCC43)CC2C1
C1CCC(C2CC3CCCC3C3CCC4CCCCC4CC23)CC1
C(CCCC1CCCC2C1CCC2C1CCC(CC2CC2)CC1)CCC1CCCCC1
C1CCC(CCCCCC2CCCCC2)CC1
C1CCC(C2CC3CCCC3C3CCC4CCCCC4C23)CC1
C1CCC(CCCC2CCC3C2CCC2C4CCCCC4CCC32)C1
C1CCC(C2CCC3CCC4CCCCC4C3CC2)CC1
C1CCC(CCCCC2CCCC(C3CCC4CC(CCC5CCC6CCCCC6C5)CCC43)C2)CC1
C(CCCC1CCCCC1)CCCC1CCC(C2CCCCC2)C1
C1CCC(CCCCC2CCC3CCCCC23)CC1
C1CCC(CCCCC2CCC3CCCCC23)CC1
C1CCC(CC2CCCC(CCC3CCC(CCC4CCC(C5CC5)CC4)CC3)C2)C1
C1CCC(C2CCC3C(CCC4CCCCC43)C2)CC1
C1CCC(C2CCC3CCCC3C3CCC4CCCCC4C23)CC1
C1CCC(C2CC3CCCC3C3CCC4CCCCC4C23)CC1
C1CCC(CCCCCC2CC3CCCCC3C2)CC1
C1CCC2C(C1)CCC1C3CCCC3CCC21
C1CCC2C(C1)CCCC1CCCCC12
C1CCC(CCCCC2CC3CCCCC3C2)CC1
C1CCC(CCCC2CCC3C2CCC2C4CCCCC4CCC32)CC1
C1CCC2C(C1)CCC1C2CCCC2C3CCCC3CC21
C1CCC(CC2CCC3CC4C(CCCC45CCCCC5)CC23)CC1
C1CCC(C2CC3CCCCC3C3CCCCC23)CC1
C1CCC2CCC3C4CCC(CCCC5CC6CCCCC6C5)C4CCC3C2CC1
C1CCC(C2CCC3(CCC4CCC5C(CCC5C5CCCCC5)CC43)C2)CC1
C1CCC2CCC(C3CCCC4CCCC43)CC2CC1
C(CCCC1CCCC2C(C3CCCCC3)CCC12)CCC1CCCCC1
C1CCC2CCC(C3CCCC4CCCC43)CC2CC1
C1CCC(C2CC3CCCC3C3CCC4CCCCCC4C23)CC1
C(CCCCC1CCC2C(CCC3C4CCCC4CCC23)C1)CCCC1CCCC(CC(CC2CCC(CC3CCCCC3)CC2)C2CCCCC2)C1
C(CCCC1CCCCC1)CCCC1CCC(C2CCCCC2)C1
C(CCCC1CCCC2C1CCC2C1CCC(CC2CC2)CC1)CCC1CCCCC1
C(CCC1CCC2CCCCC2C1)CC1CCCC2CCCCC2C1
C(CCCCCCC1CCC2C1CCC1C3CCCCC3CCC21)CCCCCC1CCC(CCC2CCC(CCC3CCCC3)C2)C1
C1CCC(CCCCC2CCCC(C3CCC4CC(CCC5CCC6CCCCC6C5)CCC43)C2)CC1
C1CCC2CC(CCCC3CCC4C3CCC3C5CCCCC5CCCC43)CC2C1
C1CCC2CC(CC3CCCC4CCCC43)CCC2C1
C1CCC(C2CC3CCCCC3C3CCC4CCCCC4C23)CC1
C1CCC(C2CCC3CC4C(CCCC5C6CCC(CCCC7CCC8CCCCC8C7)C6CCC45)CC32)CC1
C1CCC(CC2CC3CCCCC3CC3CCC4CCCCC4C32)C1
C1CCC(C2CCC3C(CCCC4CCCCC43)C2)CC1
C(CCCC1CCCC2C(C3CCCCC3)CCC12)CCC1CCCCC1
C1CCC(CC2CCC3CCCCC3C3CCC4CCCCC4C23)CC1
C1CCC(CCC2CCC(CCC3CCCCC3)CC2)CC1
C1CCC(CC2CCCC(CC3CC4CCCCC4C4CCC5CCCCCC5C34)C2)CC1
C1CCC2CC(C3CCCC4CCCC43)CCC2C1
C1CCC(CCC2CCC3C(CCC4C5CCCC5CCCC34)C2)CC1
C1CCC(C2CCC3CCCC3C3CCC4CCCCC4C23)CC1
C1CCC(CC2CCC(C3CC4CCCC4C4CCC5CCCCCC5C34)CC2)CC1
C(CCC1CCCC2CCCC12)CC1CC2CCCCC2C1
C1CCC(C2CC3CCCC3C3CCC4CCCCC4CC23)CC1
C1CCC(CCC(CCC2CCC3CCCC3C2)CC2CCCCC2)CC1
C1CCC2CC(C3CCCC4CCCC43)CCC2C1
C1CCC(CCC2CCC3C(CCC3C3CCCCC3)C2)CC1
C1CCC(C2CC3CCCC3C3CCCC4CCCCC4C23)CC1
C1CCC(CCC2CCC3C(CCC3C3CCCC(CC4CCCC4)C3)C2)CC1
C1CCC(CC2CC3CCCCC3C3CCC4CCCCC4C23)C1
C(CCCC1CCCCC1)CCCC1CCC(C2CCCCC2)C1
C1CCC(CCCC2CCC3CCC(C4CCCC5CCCC54)CC3C2)CC1
C1CCC2C(C1)CCC1CCCCC12
C1CCC(C2CC3CCCC3C3CCC4CCCCC4C23)CC1
C1CCC(CCC2CCC3C(CCC3C3CCCCC3)C2)CC1
C1CCC(CCC2CCC3C(CCC3C3CCCCC3)C2)CC1
C1CCC(CC2CCC3C(CCC3C3CCCCC3)C2)CC1
C1CCC(C2CC3CCCC3C3CCC4CCCCC4C23)CC1
C1CCC2CCC3C4CCCCC4CC(CC4CCCC4)C3C2CC1
C1CCC2C(C1)CC(C1CCCC3CCCC31)C1CCCC21
C1CCC(CCCCC2CCC3CCCCC3C2)C2CCCCC2CC1
C1CCC(CC2CCC3C(CCC3C3CCCCC3)C2)CC1
C1CCC(CCCCCC2CC3CCCCC3C2)CC1
C1CCC2CC(C3CCCC4CCCC43)CCC2C1
C1CCC(CCCCC2CCC3CCC(C4CCCC5CCCC54)CC3C2)CC1
C1CCC2CCC3C4CCC(CCCC5CC6CCCCC6C5)C4CCC3C2CC1
C1CCC(CCC2CCC3C(CCC3C3CCCC(CCC4CCCC4)C3)C2)CC1
C1CCC(CCC2CCCCC2)CC1
C1CCC(CC2CC3C(CCC34CCCC4)C3CCC4CCCCC4C23)CC1
C1CCC2C(C1)CCC1C3CCCC3CCC21
C1CCC2CC(CCCC3CCC4C3CCC3C5CCCCC5CCC43)CC2C1
C1CCC(C2CC3CCCC3C3CCC4CCCCCC4C23)CC1
C1CCC(CCCCCC2CC3CCCCC3C2)CC1
C(CCC1(C2CCCC2)CCCC2CCCCC21)CC1CCC2CCCCC2C1
C1CCC2CCCCC2C(CCCCC2CCCC3CCCCC23)C1
C1CCC2CC(CCCC3CCC4C3CCC3C5CCCCC5CCCC43)CCC2C1
C1CCC(C2CCC3CC4C(CCCC45CCCCC5)CC32)CC1
C1CCC(CCCCCC2CC3CCCCC3C2)CC1
C1CCC(C2CCC3CC4C(CCC5C6CCC(CCCC7CCC8CCCCC8C7)C6CCCC45)CC32)CC1
C1CCC2CC(C3CCCC4CCCC43)CCC2C1
C(CCCCC1CCC2C(CCC3C4CCCC4CCC23)C1)CCCC1CCCC(CC(CC2CCC(CC3CCCCC3)CC2)C2CCCCC2)C1
C(CCCC1CCCC2C(C3CCCCC3)CCC12)CCC1CCC(C2CCCC2)C1
C1CCC(CC2CCCCC2CC2CC3CCCCC3C3CCC4CCCCCC4C23)CC1
C1CCC(CCCC2CCC3CCC(CC4CCCC5CCCC54)CC3C2)CC1
C1CCC2CC(C3CCCC4CCCC43)CCC2C1
C1CCC2CC(C3CCCC4CCCCC43)C3CCCC3C2CC1
C1CCC(CCC2CCC(CCC3CCCCC(CC4CCCC4)C3)CC2)CC1
C1CCC2C(C1)CCCC1C3CCCC3CCC21
C1CCC(C2CC3C(CCC34CCCC4)C3CCC4CCCCC4C23)CC1
C1CCC2CC(CC3CCCC4CCCC43)CCC2C1
C1CCC(CCCCCC2CCC3CCCCC23)CC1
C1CCC2C(C1)CCC1C2CCC2CCC3CC3C21
C1CCC(C2CC3CCCC3C3CCC4CCCCC4C23)CC1
C1CCC(CCC2CCC3C(CCC3C3CCCCC3)C2)CC1
C1CCC2CC(CC3CCCC4CCCC43)CCC2C1
C1CCC2C(C1)CCC1C2CCC2C3CCCCC3CC21
C1CCC(CCCC2CCC3C2CCC(C2CCCCC2)C2C4CCCCC4CCC32)CC1
C1CCC(C2CCC3CCCCC3C3CCCCC23)CC1
C1CCC(CCCC2CCC3CCC(C4CCCC5CCCC54)CC3C2)CC1
C1CCC2C(C1)CCCC2CCCC1CCCC2CCCCC21
C1CCC(C2CCC3CC4C(CCC5C6CCC(CCCCC7CC8CCCCC8C7)C6CCC45)CC32)CC1
C1CCC(C2CC3CCCCC3C3CCC4CCCCC4C23)CC1
C1CCC2CC(C3CCCC4CCCC43)CCC2C1
C1CCC(CCC2CCC(CCC3CCCCC(CC4CCCC4)C3)CC2)CC1
C1CCC(CCC2CCC3C(CCC3C3CCCCC3)C2)CC1
C(CCCC1CCC2CCCC2C1)CCCC1CCC(C2CCCCC2)C1
C(CCC1CC2CCCCC2C1)CCC1CCCC2CCCC12
C1CCC2CC(CCCC3CCC4C3CCC3C5CCCCC5CCC43)CC2C1
C1CCC(CC2CC3CCCCC3C3CCC4CCCCC4C3C2)CC1
C1CCC(CCCCCC2CCC3C(CCC3C3CCCCC3)C2)CC1
C1CCC(C2CCC3CC4C(CCCCC45CCCC5)CC32)CC1
C(CCC1CCC2CCCC2C1)CC1CCC(C2CCCC2)CC1
C1CCC2CC(CCCC3CCC4C3CCC3C5CCCCC5CCC43)CC2C1
C1CCC(CCC2CCC3C(CCC4CCCCC43)C2)CC1
C1CCC(C2CCC3CC4C(CCCC45CCCCC5)CC32)CC1
C1CCC(CCCC2(CCC3CCCC3)CCC3CC4CCC5CCCCC5C4CCC32)C1
C1CCC(CC2CC3CCCCC3C3CCC4CCCCC4C23)CC1
C1CCC(CC2CCC3CC4C(CCCC45CCCC5)CC23)CC1
C1CCC(C2CC3CCCC3C3CCC4CCCCC4C23)CC1
C1CCC(CCCCCC2CC3CCCCC3C2)CC1
C1CCCC(CCCC2CCC3CCC(C4CCCC5CCCC54)CC3C2)CC1
C1CCC(CC2CC3CCCCC3C3CCC4CCCCC4C23)C1
C(CCC1CCCCC2CCCCC12)CC1CCC2CCCCC2C1
C1CCC(CCC(CCC2CCC3CCCC3C2)CC2CCCCC2)CC1
C1CCC(CCC2CCC(CCC3CCCC(CC4CCCCC4)C3)CC2)CC1
C1CCC(C2CCC(CCCCC3CCC4C3CCC3C5CCCCC5CCC43)C2)CC1
C1CCC(CCCCC2CC3CCCCC3C2)CC1
C1CCC2C(C1)CCC1CCCCC12
C1CCC(CCCCCC2CCC3CCCCC23)CC1
C1CCC(CCC2CCC(CC(CC3CCCCC3)C3CCCCC3)CC2)CC1
C1CCC(CCCCC2CC3CCCCC3C2)CC1
C1CCC(CC2CCC3C(CCC3C3CCCCC3)C2)CC1
C1CCC(CCC(CCC2CCC3CCCC3C2)CC2CCCCC2)CC1
C1CCC(C2CCC3CC4C(CCCC45CCCCC5)CC32)CC1
C1CCC2CCC(C3CCCC4CCCC43)CC2CC1
C1CCC(CCCC2CC3CCCC3C3CCC4CC(CCC5CCCCC5)CCC4C23)CC1
C1CCC(CCCCCC2CCCC3C2CCC3C2CCC(CC3CC3)CC2)CC1
C(CCCC1CCCC2C(C3CCCCC3)CCC12)CCC1CCCCC1
C1CCC(CC2CC3CCCCC3C3CCC4CCCCCC4C23)CC1
C1CCC(CCCC2CCC3C(CCC4C5CCCC5CC(CCC5CCCCC5)C34)C2)CC1
C1CCC(C2CCC3(CCC4CCC5C(CCC5C5CCCCC5)CC43)C2)CC1
C1CCC(C2CC3CCCC3C3CCC4CCCCC4CC23)CC1
C1CCC(CCC(CC2CCC3C(CCC3C3CCCCC3)C2)C2CCCCC2)CC1
C(CCCC1CCCC2C1CCC2C1CCC(CC2CC2)CC1)CCC1CCCCC1
C1CCC(CCCC2CCC3CCC(C4CCCC5CCCC54)CC3C2)CC1
C1CCC(CC2CCC(C3CC4CCCCC4C4CCC5CCCCC5C34)CC2)CC1
C1CCC(CCCCC2CCC3CCCCC23)CC1
C1CCC(CCC2CCC3C(CCC4CCC(C5CCCCC5)CCC43)C2)CC1
C1CCC(C2CCC(CCCC3CCC4C3CCC3C5CCCCCC5CCC43)C2)CC1
C1CCC2C(C1)CCC1C3CCCC3CCC21
C1CCC(CC2CCC3CCCCC3C3CCC4CCCCC4C23)CC1
C1CCC(C2(CCCCC3CCC4CCCCC4C3)CCCC3CCCCC32)CC1
C1CCC(CCCCC2CC3CCCCC3C2)CC1
C1CCC2C(C1)CCC1C3CCCC3CCC21
C1CCC(C2CCC3CC(CC4CCC(CCC5CCCC5)CC4)CCC32)CC1
C1CCC2C(C1)CCC1C3CCCC3CCC21
C1CCC2C(C1)CCC1C3CCCC3CCCC21
C1CCC(CCCC2CCCC3C2CCC2C4CC5CCC(C6CCCCC6)C5CC4CCC32)CC1
C1CCC(CCC2CCCCC3CC4C(CCC4C4CCCCC4)CC23)CC1
C1CCC(C2CCC3CC4C5CCC6C(CCCC7CCC8CCCCC8C7)CCC6C(CCC4CC32)C5)CC1
C1CCC(CCC2CCC3C(CCC3C3CCCCC3)C2)CC1
C1CCC(C2CC3CCCCC3C3CCCCC23)CC1
C1CCC2C(C1)CCC1C3CCCC3CCC21
C1CCC2CC(CCCC3CCC4C3CCC3C5CCCCC5CCCC43)CC2C1
C1CCC(C2CCC3C(CCCC4CCCCC43)C2)CC1
C1CCC(CCCCCC2CC3CCCCC3C2)CC1
C1CCC(C2CCC3CC4C(CCC5C6CCCC(CCCC7CCC8CCCCC8C7)C6CCC45)CC32)CC1
C1CCC(CC2CC3CCCCC3C3CCC4CCCCCC4C23)CC1
C1CCC2C(C1)CCC1C3CCCC3CCC21
C1CCC(CCC2CCC3C(CCC3C3CCCCC3)C2)CC1
C1CCC(C2CCCC3C(CCC4CCCCC43)C2)CC1
C1CCC2C(C1)CCC1C3CCCC3CCC21
C1CCC(C2CC3CCCC3C3CCC4CCCCCC4C23)CC1
C1CCC2CCC3C4CCCC4CCC3C2CC1
C1CCC(C2CCC3CCCC3C3CCC4CCCCC4C23)CC1
C1CCC(C2CC3CCCC3C3CCC4CCCCC4C23)CC1
C1CCC(CCCCCC2CCCC3C(C4CCCCC4)CCC23)CC1
C1CC(C2CCC(C3CC4CCCC4C4CCCC5CCCCC5C34)CC2)C1
C1CCC(CCCCCC2CC3CCCCC3C2)CC1
C(CCCC1CCCC2CCCCC12)CCC1CCC(C2CCCC2)C1
C1CCC(C2CC3C(CCC34CCCCC4)C3CCC4CCCCC4C23)CC1
C1CCC(C2CCC(CCCC3CCC4C3CCC3C5CCCCCC5CCC43)C2)CC1
C1CCC(C2CCC3C(CCC4CCCCC43)C2)CC1
C1CCC(CCC2CCC3C(CCC4C5CCCC5CC(CCC5CCCCC5)C34)C2)CC1
C1CCC2C(C1)CCC1CCCCC12
C1CCC(CCC2CCCC3CC4C(CCC4C4CCCCC4)CC23)CC1
C(CCCC1CCCC2CCCCC12)CCC1CCC(C2CCCCC2)C1
C1CCC2CC(C3CCCC4CCCC43)CCC2C1
C1CCC(CCCCCC2CCCC3C(CC4CCCCC4)CCC23)CC1
C1CCC2CCC3C4CCC(CCCC5CC6CCCCC6C5)C4CCC3C2CC1
C1CCC(CCCCCC2CC3CCCCC3C2)CC1
C1CCC(CCC(CCC2CCCCC2)CCC2CCC3CCCC3C2)CC1
C(CCCC1CCCCC1)CCCC1CCC(C2CCCCC2)C1
C1CCC(CCCC2CCC3C(CCC3C3CCCCC3)C2)CC1
C1CCC(CCC2CCC3C(CCC3C3CCCC(CCC4CCCCC4)C3)C2)CC1
C1CCC(CCC2CCC(CCCC3CCCC(CC4CCCC4)C3)CC2)CC1
C1CCC(CCCC2CCCC3CC4C(CCC4C4CCCCC4)CC23)CC1
C1CCC2C(C1)CCC1C3CCCC3CCCC21
C1CCCC(C2CC3CCCC3C3CCC4CCCCC4C23)CC1
C1CCC(C2CC3CCCC3C3CCC4CCCCC4C23)CC1
C1CCC(CCCCC2CC3CCCCC3C2)CC1
C1CCC(C2CC3CCCC3C3CCC4CCCCC4C23)CC1
C1CCC(C2CC3CCCC3C3CCC4CCCCCC4C23)CC1
C1CCC(CCCC(CCC2CCC3CCCC3C2)CC2CCCCC2)CC1
C1CCC(C2CCC3CCCC3C3CCC4CCCCCC4C23)CC1
C1CCC2CCC3C(CCC4C5CCCC5CC43)C2CC1
C1CCC(C2CC3C(CCC4CC4)CCCC3C3CCC4CCCCC4C23)CC1
C1CCC2C(C1)CC(C1CCCC3CCCCC31)C1CCCC21
C1CCC2CCC3C4CCCC4CCC3C2CC1
C1CCC2CCC3C4CCCC4CCC3C2CC1
C1CCC2CC3CCC(C4CCCCC4)C3CC2CC1
C1CCC(C2CC3C(CCC4CC4)CCC3C3CCC4CCCCCC4C23)CC1
C1CCC(CC2CCC3C(CCC3C3CCCCC3)C2)CC1
C(CCC1CCCCC2CCCCC12)CC1CCC2CCCCC2C1
C1CCC(CCCCC2CCC3C2CCC2C4CCCCC4CCC32)CC1
C1CCC(C2CCC3CCCC3C3CCC4CCCCC4C23)CC1
C1CCC(C2CC3CCCC3C3CCC4CCCCC4C23)CC1
C1CCC(CCCC2CCCC3C2CCC2C4CC5CCC(C6CCCCC6)C5CC4CCC32)CC1
C1CCC2CCC3C4CCCCC4CC(CC4CCCC4)C3C2CC1
C1CCC(C2CCC3C(CCCCCC4CCC(C5CCCC5)C4)CCCC23)CC1
C1CCC(CCC2CCC3C(CCC4C5CCCCC5CCC34)C2)CC1
C1CCC2C(C1)CCCC2CC1CC2CCCCC2C2CCC3CCCCC3C12
C1CCC(C2CC3CCCC3C3CCCC4CCCCC4C23)CC1
C1CCC(CCCCC2CCC3CCCCC23)CC1
C1CCC(CCCC2CCC3C(CCC3C3CCCCC3)C2)CC1
C1CCC(CCCC2CCCC3C2CCC2C4CC5CCC(C6CCCCC6)C5CC4CCC32)CC1
C1CCC(C2CCC3CC4C(CCC45CCCCCC5)CC32)CC1
C1CCC2CCC3C4CCCCC4CC(CC4CCCC4)C3C2CC1
C(CCCC1CCCC2C(C3CCCCC3)CCC12)CCC1CCC(C2CCCC2)C1
C1CCC(C2CCC3C(CCC4CCCCC43)C2)CC1
C1CCC(C2CCC3CCC4C(CCC45CCCCC5)CC32)CC1
C1CCC(C2CC3CCCC3C3CCC4CCCCC4C23)CC1
C1CCC(C2CCCC(CC3CC4CCCCC4C4CCC5CCCCC5C34)C2)C1
C1CCC(C2CC3CCCC3C3CCC4CCCCC4C23)CC1
C1CCC2CCC3C4CCC(CCCC5CC6CCCCC6C5)C4CCC3C2CC1
C1CCC(C2CC3CCCC3C3CCC4CCCCC4C23)CC1
C1CCC(CCCC(CC2CCC3C(CCC3C3CCCCC3)C2)C2CCCCC2)CC1
C1CCC(C2CCC3CCC4(CCCCCC4C4CCCCC4)CCC32)CC1
C1CCC(CC(CC2CCCCC2)C2CCCCC2)CC1
C1CCC2CC(CCCC3CCC4C3CCCC3C5CCCCC5CCC34)CC2C1
C1CCC2CC(C3CCCC4CCCC43)CCC2C1
C1CCC(C2CC3CCCC3C3CCC4CCCCCC4C23)CC1
C1CCC(CCCCCC2CCCC3C(C4CCCCC4)CCC23)CC1
C1CCC(CCC2CCC3C(CCC3C3CCCCC3)C2)CC1
C1CCC(CC2CCC3C(CCC3C3CCCCC3)C2)CC1
C1CCC(CCCCC2CC3CCCCC3C2)CC1
C(CCC1CCC2C1CCC1C3CCCCC3CCC21)CC1CC2CCCCC2C1
C1CCC(CCCCCC2CCC3CCCC3C2)CC1
C1CCC(CC2CCCCC2CC2CC3CCCCC3C3CCC4CCCCC4C23)CC1
C1CCC(C2CCC3CCC4C(CCCC45CCCC5)CC32)CC1
C(CCC1CCCC2CCCCC12)CC1CCCC2CCCCC12
C1CCC(C2CC3CCCC3C3CCCC4CCCCC4C23)CC1
C1CCC(C2CCC3CCC4CCCCC4CC32)CC1
C1CCC(CCCCCC2CCCC3C2CCC3C2CCCC(CC3CCCC3)C2)CC1
C1CCC2CC(CC3CCCC4CCCC43)CCC2C1
C1CCC(CC2CC3CCCCC3C3CCC4CCCCC4C23)CC1
C1CCC(CCCCC2CC3CCCCC3C2)CC1
C1CCC(CCCCC2CC3CCCCC3C2)CC1
C1CCC(CCCCC2CC3CCCCC3C2)CC1
C1CCC2CC(CCCC3CCC4C3CCC3C5CCCCC5CCC43)CC2C1
C1CCC(C2CCC3CC4(CCCCCC4C4CCCCC4)CCC32)CC1
C1CCC(C2CCC3CC4C(CCC45CCCCC5)CC32)CC1
C1CCC(CCCCC2CC3CCCCC3C2)CC1
C1CCC(CCC2CCCC3CC4C(CC5CCCCC5)CCC4CC23)CC1
C1CCC(CC2CCC(CC(CC3CCCCC3)C3CCCCC3)CC2)CC1
C(CCCCC1CCC(C2CCCCC2)C1)CCCC1CCCCC1
C1CCC(CCC2CCC3C(CCC3C3CCCCC3)C2)CC1
C(CCC1CCCC2CCCCC12)CC1CC2CCCCC2C1
C1CCC2CC(CCCC3CCC4C3CCC3C5CCCCC5CCC43)CC2C1
C1CCC(CC(CC2CCCCC2)C2CCCCC2)CC1
C1CCC2CCC(C3CCCC4CCCC43)CC2CC1
C(CCCC1CCCC2C(C3CCCCC3)CCC12)CCC1CCCCC1
C1CCC(CCCCC2CCC3CCC(C4CCCC5CCCC54)CC3C2)CC1
C1CCC(CCC2CCCC3CCC4C(CCC4C4CCCCC4)CC23)CC1
C1CCC(CCCCCC2CCCCC2)CC1
C1CCC(CCC2CCC3C(CC4CCCCC4)CCC3C2)CC1
C(CCCC1CCCC2C(C3CCCCC3)CCC12)CCC1CCCCC1
C1CCC(CCC2CCC3C(CCC3C3CCCCC3)C2)CC1
C1CCC(C2CCC3CC4C(CCC5CCCCCC54)CC32)CC1
C1CCC2C(C1)CCC1C3CCCC3CCC21
C(CCCCC1CCC(C2CCCCC2)C1)CCCC1CCCCC1
C1CCC(CC2CCC3C(CCC3C3CCCCC3)C2)CC1
C1CCC2CCC(C3CCCC4CCCC43)CC2CC1
C1CCC(CCCCC2CC3CCCCC3C2)CC1
C1CCC2C(C1)CCC1C3CCCC3CCC21
C(CCC1CC2CCCCC2C1)CCC1CCCC2CCCC12
C1CCC(CCCC2CCC3CCCC3C2)CC1
C1CCC(CCCCCC2CCC3CCCCC23)CC1
C1CCC(CCCCCC2CCC3CCCCC23)CC1
C1CCC2CCC3C4CCCCC4CC(CC4CCCC4)C3C2CC1
C1CCC2CC(CC3CCCC4CCCC43)CCC2C1
C1CCC(CCC2CCC(C3CC3)CC2)CC1
C1CCC(C2CCC3CC4C(CCCC5CC5)CCCCC4CC32)CC1
C1CCC(CC2CC3CCCCC3C3CCC4CCCCCC4C23)CC1
C1CCC(CCC2CCC3C(CCC3C3CCCC(CCCC4CCCC4)C3)C2)CC1
C1CCC(CCCCC2CCC3CCC(C4CCCC5CCCC54)CC3C2)CC1
C1CCC2C(C1)CCC1C3CCCC3CCC21
C1CCC(CC2CCC3C(CCC3C3CCCCC3)C2)CC1
C1CCC(C2CC3CCCC3C3CCCC4CCCCC4C23)CC1
C(CCCC1CCCC2CCCC12)CCC1CCCCC1
C1CCC2CCC3C4CCCCC4CCC3C2CC1
C1CCC(C2CC3CCCC(C3)C3CCC4CCCCC4C32)CC1
C1CCC(CCC(CC2CC3CCCCC3C2)C2CC2)CC1
C1CCC(CCCCCC2CC3CCCCC3C2)CC1
C1CCC(CCC2CCC3C(CCC4C5CCCC5CC(CCC5CCCCC5)C34)C2)CC1
C1CCC(CCCCC2CC3CCCCC3C2)CC1
C1CCC2C(C1)CCC1C2CCC2C3CCCC3CC21
C(CCCC1CCCC2C(C3CCCCC3)CCC12)CCC1CCCCC1
C1CCC(CCC2CCC3C(CCC3C3CCCC3)C2)CC1
C1CCC(CC2CCCC(C3CCC4CC(CCC5CCC6CCCCC6C5)CCC43)C2)CC1
C1CCC(C2CCC3CC(C4CCC(CCC5CCCC5)CC4)CCC32)CC1
C1CCC2CC(CCCC3CCC4CC5CCC6CCCCC6C5CCC34)CC2C1
C(CCCC1CCCC2C(C3CCCCC3)CCC12)CCC1CCCCC1
C1CCC(CCC(CCC2CCC3CCCC3C2)CC2CCCCC2)CC1
C1CCC(CCCCCC2CCC3CCCCC23)CC1
C1CCC(CC2CC3CCCCC3CC3CCC4CCCCC4C32)C1
C1CCC(CCCCC2CCC3CCCCC23)CC1
C(CCCC1CCCC2C(C3CCCCC3)CCC12)CCC1CCCCC1
C1CCC(CCCCCC2CC3CCCCC3C2)CC1
C1CCC(CC2CCC3CCCCC3C3CCC4CCCCC4C23)CC1
C1CCC2CC(CCCC3CCCC4CCCCC43)CC2C1
C(CCC1CCCCC2CCCCC12)CC1CCC2CCCCC2C1
C1CC2CCC3C(CCC4CCCCC43)CC2C1
C1CCC2CC(C3CCCC4CCCC43)CCC2C1
C1CCC(CCCCCC2CCCC3C(C4CCCCC4)CCC23)CC1
C1CCC2C(C1)CCC1C3CCCC3CCC21
C1CCC(CCCCC2CCC3CCCCC23)CC1
C1CCC(CCC(CC2CC3CCCCC3C2)C2CC2)CC1
C1CCC(CCCC2(CCC3CCCC3)CCCC3C4CCC5CCCCC5C4CCC32)CC1
C(CCCC1CCCC2C(C3CCCCC3)CCC12)CCC1CCCCC1
C(CCC1CCC(CC2CCCC2)C1)CCC1CCCC2CCCCC12
C1CCC(CC2CCCCC2CC2CC3CCCCC3C3CCC4CCCCCC4C23)CC1
C1CCC(CCCCCC2CCCC3C(C4CCCCC4)CCC23)CC1
C1CCC(CCCCC2CCC3CCCCC23)CC1
C1CCC(C2CC3CCCC3C3CCC4CCCCC4C23)CC1
C(CCCC1CCCCC1)CCCC1CCC(C2CCCCC2)C1
C1CCC(C2CCC3CC4(CCCCC4C4CCCCC4)CCC32)CC1
C1CCC2C(C1)CCC1C3CCCC3CCC21
C1CCC(C2CCC3CCC4(CCCCC4C4CCCCC4)CCC32)CC1
C1CCC(CCC(CCC2CCCCC2)CCC2CCC3CCCC3C2)CC1
C1CCC(C2CC3CCCC3C3CCC4CCCCC4C23)CC1
C1CCC(C2CC3CCCC3C3CCC4CCCCC4C23)CC1
C(CCCCC1CCC(C2CCCCC2)C1)CCCC1CCCCC1
C(CCC1CC2CCCCC2C1)CCC1CCCC2CCCC12
C1CCC(CCCCC2CC3CCCCC3C2)CC1
C1CCC(C2CC3CCCC3C3CCC4CCCCC4C23)CC1
C1CCC2C(C1)CCCC2CCCC1CCC2C1CCC1C3CCCCC3CCCC21
C1CCC(CC2CC3CCCCC3C3CCC4CCCCC4C23)CC1
C1CCC(CCCC2CCC3CCC(C4CCCC5CCCC54)CC3CC2)CC1
C1CCC(CC2CC3CCCCC3C3CCC4CCCCC4C23)CC1
C1CCC(C2CCC3CC4C(CCC5C6CCC(CCCC7CCC8CCCCC8C7)C6CCC45)CC32)CC1
C1CCC(CC2CC3CCCCC3C3CCC4CCCCCC4C23)CC1
C1CCC2C(C1)CCCC2CCCC1CCCC2CCCCC21
C1CCC(C2CC3CCCC3C3CCC4CCCCC4CC23)CC1
C1CCC(CCCCCC2CC3CCCCC3C2)CC1
C1CCC2CCC3C4CCCCC4CC(CC4CCCC4)C3C2CC1
C1CCC(C2CC3CCCC3C3CCC4CCCCCC4C23)CC1
C1CCC(CCCCC2CCC3C2CCC2C4CCCCCC4CCC32)CC1
C1CCC(CCCCC2CC3CCCCC3C2)CC1
C1CCC(CCC2CCC3C(CCC3C3CCCCC3)C2)CC1
C1CCC(CCCCCC2CCCC3C(C4CCCCC4)CCC23)CC1
C1CCC(CCCCC2CC3CCCCC3C2)CC1
C1CCC(CC2CC3CCCCC3C3CCC4CCCCCC4C23)CC1
C1CCC(CCCCCC2CCCC3C(CC4CCCCC4)CCC23)CC1
C1CCC(CCCCCC2CCC3CCC(C4CCCC5CCCC54)CC3C2)CC1
C1CCC(CC2CC3CCCCC3C3CCC4CCCCC4C23)CC1
C(CCC1(C2CCCC2)CCCCC2CCCCC21)CC1CCC2CCCCC2C1
C1CCC(CCCCC2CCC3CCCC3C2)CC1
C1CCC(CC23CCCCCC2CCC2C4CCCC4CCC23)CC1
C1CCC2CC(CCCC3CCC4C3CCC3C5CCCCC5CCC43)CC2C1
C1CCC(CCCCCC2CC3CCCCC3C2)CC1
C1CCC(CCCCCC2CCCC3C(C4CCCCC4)CCC23)CC1
C1CCC(CCCCCC2CC3CCCCC3C2)CC1
C1CCC2C(C1)CCC1C3CCCCC3CCC21
C1CCC(CC2CC3CCCCC3C3CCC4CCCCC4C23)CC1
C1CCC(CCCCCC2CC3CCCCC3C2)CC1
C1CCC(C2CC3CCCC3C3CCC4CCCCC4C23)CC1
C1CCC(CCCCC2CC3CCCCC3C2)CC1
C1CCC2CC(C3CCCC4CCCC43)CCC2C1
C1CCC(C2CC3CCCC3C3CCC4CCCCCC4C23)CC1
C1CCC(CCCCCC2CCCC3C(C4CCCCC4)CCC23)CC1
C1CCC(CCCC2(CCC3CCCC3)CCC3C4CCC5CCCCC5C4CCCC32)CC1
C1CCC(CC2CC3CCCCC3C3CCC4CCCCC4C23)CC1
C1CCC(C2CC3CCCCC3C3CCCCC23)CC1
C1CCC(C2CC3CCCC3C3CCC4CCCCC4C23)CC1
C(CCC1CCC2CCCCC2C1)CC1CCCC2CCCCC2C1
C(CCCC1CCCC2C1CCC2C1CCC(CC2CC2)CC1)CCC1CCCCC1
C1CCC(CCCCCC2CCC3CCCCC3C2)CC1
C1CCC(C2CCC3CCC4CCCCC4C3CC2)CC1
C1CCC(C2CCC3CC4C(CCCC45CCCC5)CC32)CC1
C1CCC2CC(C3CCCC4CCCC43)CCC2C1
C1CCC2C(C1)CCCC1C2CCC2C3CCCC3CC21
C1CCC2CC(CCCC3CCC4C3CCC3C5CCCCC5CCCC43)CC2C1
C1CCC(C2CC3CCCC3CC3CCC4CCCCC4C32)CC1
C1CCC(CCC2CCC(CCC3CCCC(CCC4CCCC4)C3)CC2)CC1
C1CCC(C2CCC3CC4(CCCCCC4C4CCCCC4)CCC32)CC1
C(CCC1CCC2CCCCC2C1)CCC1CCCC2CCCCC12
C1CCC2CC(C3CCCC4CCCC43)CCC2C1
C1CCC(CCCCC2CC3CCCCC3C2)CC1
C1CCC(CCC2CCC3C(CCC3C3CCCC(CCC4CCCC4)C3)C2)CC1
C1CCC(CC2CC3CCCCC3C3CCC4CCCCC4C23)CC1
C1CCC(C2CC3CCCCC3CC3CCCCC32)CC1
C1CCC(C2CCC(CCCCCC3CCCC4C(C5CCCCC5)CCC34)C2)CC1
C1CCC(C2CCC(CCCCCC3CCCC4C(C5CCCCC5)CCC34)C2)CC1
C1CCC(CCCCC2CCC3CCC(C4CCCC5CCCC54)CC3C2)CC1
C1CCC2CC(C3CCCC3)C3CCCC3C2CC1
C1CCC(C2CCC(CCCCCC3CCCC4CCCCC34)C2)CC1
C1CCC(C2CCC3CC4C(CCC5C6CCC(CCCCC7CCC8CCCCC8C7)C6CCC45)CC32)CC1
C1CCC2C(C1)CCCC1C3CCCC3CCC21
C1CCC2C(C1)CCC(C1CCCC1)C1CCCCC21
C1CCC(C2CCC3CC4C(CCC45CCCCC5)CC32)CC1
C1CCC(CC2CC3CCCCC3C3CCC4CCCCCC4C23)CC1
C(CCC1CCCC2CCCCC12)CC1CCCC2CCCCC12
C1CCC(C2C3CCCC3CC3CC4CCCC4CC32)CC1
C(CC1CCC2CCCC2C1)CC1CCC2CCC(CC3CCCC4CCCC43)CC2C1
C1CCC(C2CC3CCCC3C3CCC4CCCCC4C23)CC1
C1CCC(CC2CCC3C(CC4CCCCC4)CCC3C2)CC1
C(CCC1CCC2CCCCC2C1)CCC1CCCC2CCCCC12
C1CCC2CC(CC3CCCC4CCCC43)CCC2C1
C1CCC2C(C1)CCC1C3CCCC3CCC21
C1CCC(C2CCCC(CC3CC4CCCCC4CC4CCC5CCCCC5C43)C2)C1
C1CCC2CCC3C4CCCCC4CCC3C2CC1
C1CCC(CCCCC2CC3CCCCC3C2)CC1
C1CCC(CCCCC2CCC3CCCCC23)CC1
C1CCC(C2CCC3CC4C(CCC5C6CCC(CCCCC7CC8CCCCC8C7)C6CCC45)CC32)CC1
C1CCC2C(C1)CCC1C2CCCC2C3CCCC3CC21
C1CCC(CCC(CCC2CCC3CCCCC3C2)CC2CCCCC2)CC1
C(CCCC1CCCC2C(C3CCCCC3)CCC12)CCC1CCCCC1
C1CCC(CCCCCC2CCCC3C(C4CCCCC4)CCC23)CC1
C1CC2CCC3C(CCC4CCCCC43)CC2C1
C1CCC(C2CCC3CCC4C(CCC45CCCCC5)CC32)CC1
C1CCC(CCCCC2CCC3CCCCC23)CC1
C1CCC(C2CC3CCCC3C3CCC4CCCCC4C23)CC1
C1CCC(C2CCC3CC4C(CCCCC45CCCC5)CC32)CC1
C1CCC(CCCCC2CCC3CCCCC23)CC1
C1CCC(C2CC3CCCCC3C3CCCCC23)CC1
C1CCC2CCC3C(CCC4C5CCCC5CC43)C2CC1
C(CCCC1CCCCC1)CCCC1CCC(C2CCCCC2)C1
C(CCCC1CCCC2C(C3CCCCC3)CCC12)CCC1CCCCC1
C1CCC(C2CCC3CC4C(CCCC45CCCCC5)CC32)CC1
C1CCC2CC(CCCC3CCC4C3CCC3C5CCCCC5CCCC43)CC2C1
C1CCC2CCC3C4CCCCC4CC(CC4CCCC5CCCCC54)C3C2CC1
C(CCCC1CCCCC1)CCCC1CCC(C2CCCCC2)C1
C1CCC(C2CC3CCCC3C3CCC4CCCCC4C23)CC1
C1CCC2C(C1)CCC1C3CCCC3CCC21
C1CCC(CCCC2CCC3C(CCC4CCCCC43)C2)CC1
C1CCC(C2CCC3CCC4C(CCC45CCCC5)CC32)CC1
C1CCC(CCCCC2CC3CCCCC3C2)CC1
C1CCC(CCC2(CCCC3CCC4CCCCC4C3)CCC3C4CCC5CCCCC5C4CCC32)C1
C1CCC(CC2CCC3C(CCC3C3CCCCC3)C2)CC1
C1CCC(CC2CC3CCCCC3C3CCC4CCCCC4C3C2)CC1
C1CCC2CC(CCCC3CCC4C3CCCC3C5CCCCC5CCC34)CC2C1
C1CCC(CCCCCC2CCCC3C(C4CCCCC4)CCC23)CC1
C1CCC2CCC(C3CCCC4CCCC43)CC2CC1
C1CCC(C2CCC3CC4C(CCC5C6CCCC(CCCC7CCC8CCCCC8C7)C6CCC45)CC32)CC1
C1CCC2C(C1)CCC1C2CCC2C3CCCC3CC21
C(CCCC1CCCCC1)CCCC1CCC(C2CCCCC2)C1
C1CCC(CC2CC3CCCCC3C3CCC4CCCCC4C23)CC1
C1CCC2CCC(C3CCCC4CCCC43)CC2CC1
C1CCC(CCCCC2CC3CCCCC3C2)CC1
C1CCC(CCCCC2CCC3CCCCC23)CC1
C1CCC2CC(CCCC3CCC4C3CCC3C5CCCCC5CCC43)CC2C1
C1CCC2C(C1)CCC1C3CCCC3CCCC21
C1CCC(CCCCCC2CCC3CCCCC23)CC1
C1CCC(C2CCC3CC4(CCCCCC4C4CCCCC4)CCC32)CC1
C1CCC(CCCCC2CCC3CCCCC23)CC1
C(CCC1CC2CCCCC2C1)CCC1CCCC2CCCC12
C1CCC(CCC(CCC2CCC3CCCC3C2)CC2CCCCC2)CC1
C1CCC(CCCCC2CC3CCCCC3C2)CC1
C1CCC(CCCC2CCCCC3CCC(C4CCCC5CCCC54)CC23)CC1
C1CCC2CCC(C3CCC4CCCCC43)CC2CC1
C1CCC(CCC2CCC3C(CCC3C3CCCCC3)C2)CC1
C1CCC(CC2CCC(CC(CC3CCCCC3)C3CCCCC3)CC2)CC1
C1CCC(CCCCCC2CC3CCCCC3C2)CC1
C1CCC(C2CCC3CCC4(CCCCC4)C3C2)CC1
C1CCC(C2CCC3(CCC4CC5C(CCC5C5CCCCC5)CC43)C2)CC1
C(CCCC1CCCCC1)CCCC1CCC(C2CCCCC2)C1
C1CCC(CC2CCCC(CCC3CC4CCCCC4C4CCC5CCCCC5C34)C2)CC1
C1CCC2CC3CCC(C4CCCCC4)C3CC2CC1
C1CCC(CCCC2CCCC3C2CCC2C4CC5CCC(C6CCCCC6)C5CC4CCC32)CC1
C1CCC(CCCC2CCCC3CCC(C4CCCC5CCCC54)CC3C2)CC1
C1CCC(CCCCCC2CC3CCCCC3C2)CC1
C1CCC(CCCCC2CC3CCCCC3C2)CC1
C1CCC(C2CCC3CC4C(CCC5C6CCC(CCCC7CC8CCCCC8C7)C6CCC45)CC32)CC1
C1CCC2C(C1)CCC1C3CCCC3CCC21
C1CCC(CC2CC3CCCC3C3CCC4CCCCC4C23)CC1
C1CCC(C2CCC(C3CC4CCCC4C4CCC5CCCCC5C34)CC2)C1
C1CCC(CCCC2CCCC3CC4C(CCC4C4CCCCC4)CC23)CC1
C1CCC(C2CCC3CCCC3C3CCC4CCCCC4C23)CC1
C1CCC2CCC(C3CCCC4CCCC43)CC2CC1
C1CCC(C2CCC3(CCC4CCC5C(CCC5C5CCCCC5)CC43)C2)CC1
C1CCC2CCC3C4CCCCC4CC(CC4CCCC4)C3C2CC1
C1CCC(CC2CCC3CC4(CCCCCC4C4CCCCC4)CCC23)CC1
C(CCC1CCCC2CCCC12)CC1CC2CCCCC2C1
C(CCC1CC2CCCCC2C1)CCC1CCCC2CCCC12
C(CCCC1CCCCC1)CCCC1CCC(C2CCCCC2)C1
C1CCC(C2CC3CCCCC3C3CCC4CCCCC4C23)CC1
C1CCC(CCC2CCC(CC3CCCC4C(C5CCCCC5)CCC34)C2)CC1
C1CCC(CC2CCC3CC4C(CCC45CCCCC5)CC23)CC1
C1CCC(C2CC3CCCC3C3CCC4CCCCC4C23)CC1
C(CCCC1CCCCC1)CCCC1CCC(C2CCCCC2)C1
C1CCC2C(C1)CC(C1CCCC3CCCC31)C1CCCC21
C(CCC1CC2CCCCC2C1)CCC1CCCC2CCCC12
C1CCC(C2CC3CCCC3C3CCC4CCCCC4C23)CC1
C1CCC(CCCCC2CC3CCCCC3C2)CC1
C1CCC(CCC2CCC3C(CCC3C3CCCCC3)C2)CC1
C1CCC(C2CCC3CCCCC3C3CCCCC23)CC1
C1CCC(CCCCC2CCC3CCC(C4CCCC5CCCC54)CC3C2)CC1
C1CCC2CC(CCCC3CCC4C3CCC3C5CCCCC5CCCC43)CC2C1
C1CCC(CCCCC2CC3CCCCC3C2)CC1
C1CCC2CC(C3CCCC4CCCC43)CCC2C1
C1CCC(CC2CC3CCCCC3C3CCC4CCCCC4C23)C1
C(CCCC1CCCC2C(C3CCCCC3)CCC12)CCC1CCCCC1
C1CCC(CCCCC2CC3CCCCC3C2)CC1
C1CCC2CCC3C4CCCC4CCC3C2CC1
C1CCC(CC2CCCCCC23CCCC2C(CCC2C2CCCCC2)C3)CC1
C1CCC(C2CC3CCCC3C3CCC4CCCCCC4C23)CC1
C1CCC(CCC2CCC3C(CCC3C3CCCCC3)C2)CC1
C1CCC(C2CC3CCCC3C3CCC4CCCCC4C23)CC1
C1CCC(CCCCC2CCC3CCCCC23)CC1
C1CCC2CCC(C3CCCC4CCCC43)CC2CC1
C1CCC(CCCCCC2CC3CCCCC3C2)CC1
C1CCC(CCC2CCC3C(CCC4CCCCC43)C2)CC1
C1CCC(CCCCC2CC3CCCCC3C2)CC1
C1CCC2CC(CCCC3CCCC4CCCCC43)CC2C1
C(CCCC1CCCCC1)CCCC1CCC(C2CCCCC2)C1
C1CCC(C2CCC3C(CCCC4CCCCC43)C2)CC1
C1CCC(CCC2CCC3C(CCC3C3CCCCC3)C2)CC1
C1CCC(CC2CC3CCCCC3CC3CCC4CCCCC4C32)C1
C1CCC(CC2CCCC(C3CCC4CC(CCC5CCC6CCCCC6C5)CCC43)C2)C1
C1CCC(C2CC3CCCCC3C3CCCCC23)CC1
C1CCC(CCC2CCC3C(CCC4C5CCCC5CCC34)C2)CC1
C1CCC(CC2CCC3C(CCC3C3CCCCC3)C2)CC1
C1CCC(CCCCC2CC3CCCCC3C2)CC1
C1CCC(CCC2CCC3C(CCC3C3CCCCC3)C2)CC1
C1CCC(C2CCC3CC4C(CCCC45CCCCC5)CC32)CC1
C(CCCC1CCCC2C(C3CCCCC3)CCC12)CCC1CCCCC1
C1CCC(CCCC2CC3CCCC3C3CCC4CC(CCC5CCCCC5)CCC4C23)CC1
C1CC2CCCC2C(CC2CC3CCCCC3C3CCCC23)C1
C1CCC2CC(CCCC3CCC4C3CCCC3C5CCCCC5CCC34)CC2C1
C1CCC(CCC2CCC3C(CC4CCCCC4)CCC3C2)CC1
C1CCC(C2CCC(CCCC3CCC4C(CCC5C6CCCCC6CCC45)C3)C2)CC1
C(CCCC1CCCCC1)CCCC1CCC(CC2CCCCC2)C1
C1CCC(CCC2CCC(CCC3CCCC(CC4CCCC4)C3)CC2)CC1
C1CCC(CCCCCC2CCC3CCCCC23)CC1
C1CCC(CC2CCC(CC(CC3CCCCC3)C3CCCCC3)CC2)CC1
C1CCC(CCC2CCC(C3CCC4C(CC5CCCCC5)CCC4C3)CC2)CC1
C1CCC(CCCC2CCC(CCC3CCCCC3)CC2)CC1
C1CCC(CC2CCC3CC4C(CCC45CCC(C4CCCCC4)C5)CC23)CC1
C1CCC(CCCCC2CCC3CCCCC23)CC1
C1CCC(CCC2CCC(CCC3CCCC(CC4CCCC4)C3)CC2)CC1
C1CCC(CC2CC3CCCC3C3CCC4CCCCC4C23)CC1
C1CCC(CCCCCC2CC3CCCCC3C2)CC1
C1CCC2CC3CCCCC3CCC2C1
C1CCC2C(C1)CC(C1CCCC3CCCC31)C1CCCC21
C1CCC2CCC3C4CCCCC4CC(CC4CCCC4)C3C2CC1
C1CCC2CC(CCCC3CCCC4C3CCC3C5CCCCC5CCC43)CCC2C1
C1CCC(CCCCCC2CCCC3C(C4CCCCC4)CCC23)CC1
C1CCC(CCCCCC2CCCC3C2CCC3C2CCC(CC3CC3)CC2)CC1
C1CCC(CC2CCC3CC4(CCCCCC4C4CCCCC4)CCC23)CC1
C1CCC(C2CCC(CC3CC4CCCCC4C4CCC5CCCCC5C34)CC2)CC1
C1CCC(C2CCC3CC4C(CCC5C6CCC(CCCC7CC8CCCCC8C7)C6CCC45)CC32)CC1
C1CCC(C2CCC3CC4C(CCCC5CC5)CCCCC4CC32)CC1
C1CCC(C2CCC3CCCC3C3CCC4CCCCCC4C23)CC1
C1CCC(CC2CCCCC2CC2CC3CCCCC3C3CCC4CCCCC4C23)CC1
C1CCC(C2CCC3CC4C5CCC6CCCC6C(CCC4CC32)C5)CC1
C1CCC(CC2CC3CCCCC3CC3CCC4CCCCC4C32)CC1
C1CCC(CC2CC3CCCCC3C3CCC4CCCCC4C23)CC1
C1CCC(C2CC3CCCC3C3CCCC4CCCCC4C23)CC1
C1CCC(C2CCC3CCC4C(CCC45CCCC5)CC32)CC1
C1CCC(CC2CCC(CC(CC3CCCCC3)C3CCCCC3)CC2)CC1
C1CCC2C(C1)CCC1CCCCC12
C1CCC2C(C1)CCCC1C3CCCC3CCC21
C(CCCC1CCCCC1)CCCC1CCC(C2CCCCC2)C1
C1CCC(CC2CC3CCCCC3CC3CCC4CCCCC4C32)C1
C1CCC(CCC2CCC3C(CCC3C3CCCCC3)C2)CC1
C(CCCC1CCCC2C(C3CCCCC3)CCC12)CCC1CCCCC1
C1CCC2CC(C3CCCC4CCCC43)C3CCCC3C2CC1
C1CCC(CCCCCC2CCC3CCCCC23)CC1
C1CCC(CCCCCC2CC3CCCCC3C2)CC1
C1CCC(CC2CC3CCCCC3C3CCC4CCCCC4C23)CC1
C1CCC(CCC2CCC3C(CCC3C3CCCCC3)C2)CC1
C1CCC(C2CC3CCCC3C3CCC4CCCCC4C23)CC1
C1CCC(CCC2CCC3C(CCC4CCCCC43)C2)CC1
C1CCC(C2CCC3CC4C(CCC5C6CCC(CCCC7CCC8CCCCC8C7)C6CCC45)CC32)CC1
C1CCC(CCCC2CCC3CCC(C4CCCC5CCCC54)CC3C2)CC1
C1CCC(CCC2CCC(C3CC3)CC2)CC1
C(CCC1CC2CCCCC2C1)CCC1CCCC2CCCC12
C1CCC(C2CCCC3(CCC4CC5C(CCC5C5CCCCC5)CC43)C2)CC1
C1CCC(C2CCC3CC4C5CCC6C(CCCC7CCCC8CCCCC87)CCC6C(CCC4CC32)C5)CC1
C1CCC(CCCCC2CCCC3CCCC23)CC1
C1CCC(CC2CC3CCCCC3CC3CCC4CCCCC4C32)CC1
C1CCC2CC(C3CCCC4CCCC43)CCC2C1
C1CCC(CCCCCC2CCC3CCCCC23)CC1
C1CCC(CC2CCC3CC4C(CCC5C6CCC(CCCC7CC8CCCCC8C7)C6CCC45)CC23)CC1
C1CCC(CC2CCC3C(CCC3C3CCCCC3)C2)CC1
C1CCC(CCC2CCC3C(CCC4C5CCCC5CCC34)C2)CC1
C1CCC(CCCCC2CC3CCCCC3C2)CC1
C1CCC2CC(C3CCCC4CCCC43)CCC2C1
C1CCC(CCC2CCC3C(CCC4CC(C5CCCCC5)CCCC43)C2)CC1
C1CCC(C2CCC3CC4(CCCCC4C4CCCCC4)CCCC32)CC1
C(CCC1CCCC2CCCCC12)CC1CCC2CCCCC2C1
C1CCC(CCC2(CCCC3CC4CCCCC4C3)CCC3C4CCC5CCCCC5C4CCC32)C1
C1CCC(CCC2CCC3C(CCC4CCCCC43)C2)CC1
C1CCC(C2CCC3CC4C(CCC5C6CCC(CCCC7CCC8CCCCC8C7)C6CCC45)CC32)CC1
C1CCC(C2CCC3CC4C(CCC32)CCC42CCCC2)CC1
C1CCC(CCCCCC2CC3CCCCC3C2)CC1
C1CCC(CCCC2CCC3CCC(C4CCCC5CCCC54)CC3C2)CC1
C1CCC(CC2CCC(C3CC4CCCC4C4CCC5CCCCC5CC34)CC2)CC1
C1CCC(C2CCC3(CCC4CCC5C(CCC5C5CCCCC5)CC43)C2)CC1
C1CCC(CCC2CCC3C(CCC4C5CCCC5CCC34)C2)CC1
C1CCC(CCC2CCC3C(CC4CCCCC4)CCC3C2)CC1
C1CCC(CC2CCCC(C3CCC4CC(CCC5CCC6CCCCC6C5)CCC43)C2)CC1
C1CCC(C2CCC3C(CCC4CCCCC43)C2)C1
C1CCC2CCC(C3CCCC4CCCC43)CC2CC1
C1CCC(CCC2CC3CCCCC3C3CCC4CCCCC4C23)C1
C1CCC(CCCCCC2CCCC3C(CC4CCCCC4)CCC23)CC1
C(CCCC1CCCCC1)CCCC1CCC(CC2CCCCC2)C1
C(CCC1CCCCC2CCCCC12)CC1CCC2CCCCC2C1
C(CCCC1CCCC2CCCCC12)CCC1CCC(C2CCCCC2)C1
C1CCC(C2CC3CCCCC3CC3CCCCC32)CC1
C1CCC2CCC3C4CCCC4CCC3C2CC1
C(CCC1CCCC2CCCC12)CC1CC2CCCCC2C1
C(CCC1CCCC2CCCCC2C1)CCC1CCC(C2CCCCC2)C1
C1CCC(C2CC3CCCC3C3CCC4CCCCC4CC23)CC1
C1CCC2CCC3C4CCCCC4CC(CC4CCCC4)C3C2CC1
C1CCC(C2CC3CCCCC3C3CCC4CCCCC4C23)CC1
C1CCC(CCCC2(CCC3CCCC3)CCC3C4CCC5CCCCC5C4CCC32)CC1
C1CCC(C2CCC3CC4C(CC5CCC6CCCCC65)CCCC4CC32)CC1
C1CCC(C2CCC3CC4C(CCC32)CCC42CCCC2)CC1
C1CCC2CC(CCCC3CCC4C3CCC3C5CCCCC5CCC43)CC2C1
C1CCC2CCC(C3CCCC4CCCC43)CC2CC1
C1CCC(C2CC3CCCCC3C3CCCCC3C2)CC1
C1CCC(CCCCC2CCC3CCC(C4CCCC5CCCC54)CC3C2)CC1
C1CCC(C2CCC3(CCC4CC5C(CCC5C5CCCCC5)CC43)C2)CC1
C(CCCC1CCC2CCCC2C1)CCCC1CCC(C2CCCCC2)C1
C1CCC(CCCCC2CC3CCCCC3C2)CC1
C1CCC2C(C1)CCC1C3CCCC3CCC21
C1CCC(C2CCC(CCCCCC3(CC4CCCC4)CCCC4CCCCC43)C2)CC1
C1CCC2CCC3C(CCC4C5CCCC5CC43)C2CC1
C1CCC2CCC(C3CCCC4CCCC43)CC2CC1
C1CCCC(CC2CCCCC2CC2CC3CCCCC3C3CCC4CCCCC4C23)CC1
C1CCC(CC2CCC3CC4C(CCC5C6CCC(CCCC7CCC8CCCCC8C7)C6CCC45)CC23)CC1
C1CCC(CCCCCC2CC3CCCCC3C2)CC1
C1CCC2CCC3C4CCCCC4CC(CC4CCCC4)C3C2CC1
C1CCC2CC(C3CCCC4CCCC43)CCC2C1
C(CCCC1CCCC2C(C3CCCCC3)CCC12)CCC1CCCCC1
C1CCC(C2CC3CCCC3C3CCC4CCCCCC4C23)CC1
C(CCC1CCCC2CCCCC12)CC1CCC2CCCCC2C1
C(CCCCC1CCC(C2CCCCC2)C1)CCCC1CCCCC1
C1CCC(C2CCC(C3CC4CCCC4C4CCC5CCCCC5C34)CC2)C1
C1CCC2CC3CCC(C4CCCCC4)C3CC2CC1
C(CCC1CCC2C1CCC1C3CCCCC3CCC21)CC1CC2CCCCC2C1
C1CCC(CCC2CCCCC2)CC1
C1CCC(CCC2CCCCC3CC4C(CCC4C4CCCCC4)CC23)CC1
C1CCC(C2CCC3CC4C(CCC45CCCCCC5)CC32)CC1
C1CCC(CCCC2CCC3CCC(C4CCCC5CCCC54)CC3CC2)CC1
C1CCC(C2CCC3C(CCC4CCCCC43)C2)CC1
C1CCC(CCC2CCC3C(CCCC4C5CCCC5CCC34)C2)CC1
C1CCC(CCCCC2CCC3C2CCC2C4CCCCC4CCC32)CC1
C(CCC1CCCC2CCCC12)CC1CC2CCCCC2C1
C1CCC(C2CCC3CC4C(CCC5C6CCC(CCCC7CC8CCCCC8C7)C6CCCC45)CC32)CC1
C1CCC(CCC2CCC3C(CCC4CC(C5CCCCC5)CCC43)C2)CC1
C1CCC(C2CCC3CCCC3C3CCCC4CCCCC4C23)CC1
C1CCC(CCC2CCC3C(CCC3C3CCCCC3)C2)CC1
C1CCC(CCCC2(CCC3CCCC3)CCC3C4CCCC5CCCCC5C4CCC32)CC1
C(CCCC1CCCCC1)CCCC1CCC(CC2CCCCC2)C1
C1CCC(C2CC3CCCC3CC3CCC4CCCCC4C32)CC1
C1CCC2C(C1)CCC1C2CCC2C3CCCC3CCC21
C1CCC(C2CC3CCCC3C3CCCC4CCCCC4C23)CC1
C1CCC(CC2CCC3CC4C(CCC45CCCCC5)CC23)CC1
C1CCC2CC(CC3CCCC4CCCC43)CCC2C1
C(CCCC1CCCCC1)CCCC1CCC(C2CCCCC2)C1
C1CCC(C2CCC3CCC4(CCCCC4)C3C2)CC1
C1CCC(CC2CC3CCCCC3C3CCC4CCCCCC4C23)CC1
C(CCC1CCCC2CCCC12)CC1CC2CCCCC2C1
C1CCC2CC(C3CCCC4CCCC43)CCC2C1
C1CCC(CCCC2CCCC3CC4C(CCC4C4CCCCC4)CC23)CC1
C1CCC(CCC2CCC(C3CCCC4C(CC5CCCCC5)CCC34)C2)CC1
C(CCC1CCC2C1CCC1C3CCCCC3CCC21)CC1CC2CCCCC2C1
C1CCC(CCCCC2CC3CCCCC3C2)CC1
C1CCC(C2CCC(C3CC4CCCC4C4CCCC5CCCCC5C34)CC2)C1
C(CCCC1CCCC2CCCC12)CCC1CCC2CCCCC2C1
C1CCC(CCCCCC2CCC3CCCCC23)CC1
C1CCC(CCCC2CCC3CCCC3C2)CC1
C1CCC(CCCCC2CC3CCCCC3C2)CC1
C1CCC2C(C1)CCC1C3CCCC3CCC21
C1CCC(C2CCC3CC4C(CCC5C6CCC(CCCCC7CCC8CCCCC8C7)C6CCC45)CC32)CC1
C(CCC1CCCC2CCCCC12)CC1CCC2CCCCC2C1
C1CCC(CCC2CCC3C2CCC2C4CCCCC4CCC32)C1
C1CCC2C(C1)CCC1C3CCCC3CCCC21
C1CCC(C2CCC3CCCC3C3CCC4CCCCCC4C23)CC1
C1CCC(CCCCC2CCC3CCC(C4CCCC5CCCC54)CC3C2)CC1
C1CCC(CC2CC3CCCCC3C3CCC4CCCCC4C3C2)CC1
C(CCCC1CCCCC1)CCCC1CCC(C2CCCCC2)C1
C1CCC(CCCCC2CC3CCCCC3C2)CC1
C1CCC2CC(C3CCCC4CCCC43)CCC2C1
C1CCC(CCCCC2CCC3CCCCC23)CC1
C1CCC(CC2CCCC(CCC3CCC(CCC4CCC(CC5CC5)CC4)CC3)C2)C1
C1CCC(CCC2CCC3C(CCC3C3CCCCC3)C2)CC1
C1CCC(C2CCC3CC4(CCCCCCC4C4CCCCC4)CCC32)CC1
C(CCC1CCCC2CCCC12)CC1CC2CCCCC2C1
C(CCC1CCCC2CCCC12)CC1CC2CCCCC2C1
C1CCC(CCCCC2C(CC3CCCC4CCCC43)CCC3CCCCC32)CC1
C1CCC(C2CCC3CCCC3C3CCC4CCCCC4C23)CC1
C1CCC2C(C1)CCC1C3CCCC3CCC21
C1CCC(C2CCC3CC4C(CCC5C6CCC(CCCC7CCC8CCCCC8C7)C6CCC45)CC32)CC1
C1CCC(CC2CCC3CC4CCCCC4CC23)CC1
C1CCC2C(C1)CCC1C2CCC2C3CCCCC3CC21
C1CCC2CC(C3CCCC4CCCC43)CCC2C1
C1CCC2C(C1)CCC1C2CCC2C3CCCC3CC21
C1CCC(CC2CCCC(CC3CC4CCCCC4C4CCC5CCCCCC5C34)C2)CC1
C1CCC(CCC2(CCCCC3CCC4CCCCC4C3)CCC3C4CCC5CCCCC5C4CCC32)C1
C1CCC2C(C1)CCC1C3CCCC3CCCC21
C1CCC(CCC2CCC(C3CC3)CC2)CC1
C1CCC(C2CCC3CC4C(CCCC45CC(C4CCCCC4)C(C4CCCCC4)C5)CC32)CC1
C1CCC(CCCCCC2CCC3C(CCC3C3CCCCC3)C2)CC1
C1CCC(CCCCC2CC3CCCCC3C2)CC1
C1CCC2CCC3C4CCCCC4CC(CC4CCCC4)C3C2CC1
C1CCC2CCC(C3CCCC4CCCC43)CC2CC1
C1CCC(C2CCC3C(CCC4CCCCC43)C2)CC1
C1CCC(CCCCCC2CC3CCCCC3C2)CC1
C(CCC1CCCC2CCCC12)CC1CC2CCCCC2C1
C1CCC(CCCCC2CC3CCCCC3C2)CC1
C1CCC2CC(C3CCCC4CCCC43)CCC2C1
C(CCCC1CCC(C2CCCCC2)C1)CCC1CCCCC1
C1CCC(C2CC3CCCCC3C3CCC(CCCC4CCCC4)CC23)CC1
C1CCC(CCCCCC2CCC3CCCCC23)CC1
C1CCC(CCCCC2CC3CCCCC3C2)CC1
C1CCC(CCC(CC2CCCCC2)C2CCCCC2)CC1
C1CCC(C2CC3CCCC3C3CCCC4CCCCC4C23)CC1
C(CCCC1CCCC2C(C3CCCCC3)CCC12)CCC1CCCCC1
C(CCCC1CCCC2C(C3CCCCC3)CCC12)CCC1CCCCC1
C(CCCCC1CCC(C2CCCCC2)C1)CCCC1CCCCC1
C1CCC(C2CCC3CC4C(CCC32)CCC42CCCC2)CC1
C1CCC2C(C1)CC(C1CCCC3CCCC31)C1CCCC21
C1CCC2C(C1)CCC1C3CCCC3CCCC21
C(CCCC1CCCC2CCCCC12)CCC1CCC(C2CCCCC2)C1
C1CCC(CC2CCCCCCC23CCC2C(CCC2C2CCCCC2)C3)CC1
C1CCC(CCCCC2CC3CCCCC3C2)CC1
C1CCC(CC2CCC3CC4C(CCCC45CCCC5)CC23)CC1
C1CCC(CC2CC3CCCCC3C3CCCCC23)C1
C1CCC(CCCCCC2CCCC3C(CC4CCCCC4)CCC23)CC1
C1CCC(CC2CC3CCCCC3C3CCC4CCCCC4C23)C1
C1CCC(CCCCC2CCC3CCCCC23)CC1
C1CCC2CC(CC3CCCC4CCCC43)CCC2C1
C1CCC(C2CC3CCCC3C3CCC4CCCCC4C23)CC1
C1CCC(CCCCC2CC3CCCCC3C2)CC1
C1CCC(CCC2CCC3C(CCC3C3CCCC(CCC4CCCC4)C3)C2)CC1
C1CCC2CCC(C3CCCC4CCCC43)CC2CC1
C1CCC2C(C1)CCC1C3CCCC3CCC21
C(CCCC1CCCC2C(C3CCCCC3)CCC12)CCC1CCCCC1
C1CCC(CCCCC2CC3CCCCC3C2)CC1
C(CCCC1CCCC2CCCC12)CCC1CCCCC1
C(CCCC1CCCCC1)CCCC1CCC(C2CCCCC2)C1
C1CCC(CC2CC3CCCCC3CC3CCC4CCCCC4C32)C1
C1CCC(CCCC2CCC(C3CCC4C(CCC4C4CCCCC4)C3)CC2)CC1
C1CCC2CCC(C3CCCC4CCCC43)CC2CC1
C1CCC(C2CCC3CC4C(CCC5C6CCC(CCCC7CC8CCCCC8C7)C6CCC45)CC32)CC1
C1CCC(CC2CCC3C(CCC3C3CCCCC3)C2)CC1
C1CCC2CC(CCCC3CCC4C3CCC3C5CCCCC5CCC43)CC2C1
C1CCC2C(C1)CC(C1CCCC1)C1CCCCC21
C1CCC(C2CCC(C3CC4CCCC4C4CCC5CCCCC5C34)CC2)CC1
C1CCC(C2CC3CCCC3C3CCC4CCCCC4C23)CC1
C1CCC(C2CCC3CC4C(CCCC5C6CCC(CCCC7CCC8CCCCC8C7)C6CCC45)CC32)CC1
C1CCC(C2CC3CCCC3C3CCC4CCCCCC4C23)CC1
C1CCC2C(C1)CCC1C3CCCCC3CCC21
C1CCC(CCC2CCC(C3CC3)CC2)CC1
C1CCC(C2CCC3CC4C(CCCC45CCCCC5)CC32)CC1
C1CCC(CC2CCC(C3CC4CCCC4C4CCC5CCCCCC5C34)CC2)CC1
C1CCC(C2CC3CCCC3C3CCCC4CCCCC4C23)CC1
C1CCC(CCCCC2CC3CCCCC3C2)CC1
C1CCC(CC(CC2CCCCC2)C2CCCCC2)CC1
C1CCC2CC(CC3CCCC4CCCC43)CCC2C1
C1CCC(CCCCCC2CCCC3C(C4CCCCC4)CCC23)CC1
C1CCC(CCCCCC2CCCC3CCC(C4CCCCC4)CC23)CC1
C1CCC(C2CC3CCCC3C3CCC4CCCCC4C23)CC1
C1CCC2CC(C3CCCC4CCCC43)CCC2C1
C1CCC(C2CC3CCCC3C3CCC4CCCCC4C23)CC1
C(CCCC1CCCCC1)CCCC1CCC(C2CCCCC2)C1
C1CCC(C2CC3CCCCC3CC3CCCCC32)CC1
C1CCC(CCCC2CCC3CCC(C4CCCC5CCCC54)CC3C2)CC1
C(CCCC1CCCC2CCCC12)CCC1CCC2CCCCC2C1
C1CCC(C2CCC3CC4C(CCC45CCCCC5)CC32)CC1
C1CCC2CCC3C4CCC(CCCC5CC6CCCCC6C5)C4CCC3C2CC1
C1CCC(C2CC3CCCCC3C3CCC4CCCCC4C23)CC1
C1CCC(C2CC3CCCC3CC3CCC4CCCCC4C32)CC1
C1CCC(CCCCCC2CC3CCCCC3C2)CC1
C1CCC(CCCCC2CC3CCCCC3C2)CC1
C1CCC(CCC2CCCCC2)CC1
C1CCC(CCCC2CCC(CCC3CCCCC3)CC2)CC1
C1CCC(CCCCC2CCC3CCCCC23)CC1
C1CCC(C2CCC3CC4C(CCC45CCCCC5)CC32)CC1
C1CCC(CCC2CCCCC2)CC1
C(CCC1CC2CCCCC2C1)CCC1CCCC2CCCC12
C1CCC(CCCCC2CCC3CCCCC23)CC1
C1CCC(CCC2CCC3C(CCC3C3CCCCC3)C2)CC1
C1CCC2CC(CCCC3CCC4C3CCC3C5CCCCC5CCCC43)CC2C1
C1CCC(CCC2CCC3C2CCC(C2CCCCC2)C2C4CCCCC4CCCC32)CC1
C1CCC(CC2CCCCC2CC2CC3CCCCC3C3CCC4CCCCCC4C23)CC1
C1CC2CCC3C(CCC4CCCCC43)CC2C1
C1CCC(CC23CCCCC2CCC2C4CCCC4CCC23)CC1
C1CCC(C2CC3CCCC3C3CCC4CCCCC4C23)CC1
C1CCC(CCCC2CCC3C2CCC2C4CC5CCC(C6CCCCC6)C5CCC4CCC32)CC1
C1CCC2C(C1)CC(C1CCCC1)C1CCCCC21
C1CCC2CC(CC3CCCC4CCCC43)CCC2C1
C1CCC(C2CCC3(CCCC4CC5C(CCC5C5CCCCC5)CC43)C2)CC1
C1CCC(CCC2CCC(C3CC3)CC2)CC1
C1CCC(CCCCC2CCC3CCCCC3C2)C2CCCCC2CC1
C1CCC(C2CCC3C(CCC4CCCCC43)C2)C1
C1CC(C2CCC(C3CC4CCCC4C4CCCC5CCCCC5C34)CC2)C1
C1CCC(CCC(CCC2CCC3CCCC3C2)CC2CCCCC2)CC1
C1CCC(CCCCC2CC3CCCCC3C2)CC1
C(CCC1CCC2CCCCC2C1)CCC1(C2CCCC2)CCCC2CCCCC21
C(CCCCC1CCC2C(CCC3C4CCCC4CCC23)C1)CCCC1CCCC(CC(CC2CCC(CC3CCCCC3)CC2)C2CCCCC2)C1
C1CCC(CCC2CC3CCCCC3C3CCC4CCCCC4C23)CC1
C1CCC2C(C1)CCC1C3CCCC3CCCC21
C1CCC(C2CCC3CC4C(CCC45CCCC5)CC32)CC1
C1CCC(C2CCC3CC4C(CCC32)CCC42CCCCC2)CC1
C1CCC(CCCCC2CC3CCCCC3C2)CC1
C1CCC2C(C1)CCC1C3CCCCC3CCCC21
C1CCC(CCCC2CCCC3CCC(C4CCCC5CCCC54)CC3C2)CC1
C(CCCCC1CCC(C2CCCCC2)C1)CCCC1CCCCC1
C(CCC1CCCC2CCCCC12)CC1CCCC2CCCCC12
C1CCC(CCC2CCC3C(CCC4C5CCCCC5CCC34)C2)CC1
C1CCC(CCC2CCC3C(CCC3C3CCCCC3)C2)CC1
C1CCC(CC2CCC3CCCCC3C3CCC4CCCCC4C23)C1
C1CCC(CCC2CCC3C(CCC3C3CCCC3)C2)CC1
C1CCC(C2CCC3CCCC3C3CCCC4CCCCC4C23)CC1
C1CCC(C2CCC3CC4C(CCC45CCCCCC5)CC32)CC1
C1CCC(CCCCCC2CCC3CCCCC23)CC1
C1CCC(CCC2CCC3C(CCC3C3CCCCC3)C2)CC1
C1CCC2CCC3C4CCCCC4CC(CC4CCCC4)C3C2CC1
C1CCC(CCC2CCC3C(CCC3C3CCCCC3)C2)CC1
C1CCC(CC2CC3CCCCC3C3CCC4CCCCCC4C23)CC1
C(CCC1CCC2CCCCC2C1)CCC1CCCC2CCCCC12
C(CCCC1CCCC2C(C3CCCCC3)CCC12)CCC1CCCCC1
C1CCC(CCC2CCC3C(CCC3C3CCCCC3)C2)CC1
C1CCC(CCC2CCC3C(CCCC4C5CCCC5CCC34)C2)CC1
C1CCC(C2CC3CCCC3C3CCC4CCCCC4CC23)CC1
C1CCC(C2CC3CCCC3C3CCC4CCCCC4C23)CC1
C(CCC1CCCC2CCCCC12)CC1CC2CCCCC2C1
C1CCC(CC23CCCCC2CCC2C4CCCC4CCC23)CC1
C1CCC2CCC(C3CCCC4CCCC43)CC2CC1
C1CCC(CCC2CCC3C(CC4CCCCC4)CCC3C2)CC1
C1CCC2CCC3C4CCCCC4CC(CC4CCCC4)C3C2CC1
C1CCC(CC2CC3CCCCC3C3CCC4CCCCC4C23)C1
C1CCC(CCCCCC2CCC3CCCCC23)CC1
C(CCC1CCC2CCCCC2C1)CCC1CCCC2CCCCC12
C1CCC2CCC(C3CCCC4CCCC43)CC2CC1
C1CCC2C(C1)CCCC2CCCC1CCC2C1CCC1C3CCCCC3CCCC21
C1CCC(CCC2(CCCCC3CC4CCCCC4C3)CCC3C4CCC5CCCCC5C4CCC32)C1
C1CCC2CCC(C3CCCC4CCCC43)CC2CC1
C1CCC(CCC2CCC3C(CCC3C3CCCC(CC4CCCC4)C3)C2)CC1
C1CCC(CCCC2CCCCC2)CC1
C1CCC(C2CC3CCCCC3C3CCCCC23)CC1
C1CCC(C2CCC3CC4C(CCCC5C6CCC(CCCC7CC8CCCCC8C7)C6CCC45)CC32)CC1
C1CCC(C2CCC(CCCCCC3CCCC4C(C5CCCCC5)CCC34)C2)CC1
C1CCC(CC2CCC(CC(CC3CCCCC3)C3CCCCC3)CC2)CC1
C(CCCC1CCC2CCCC2C1)CCC1CCCCC1
C(CCCC1CCCC2C1CCC2C1CCCC(CC2CC2)C1)CCC1CCCCC1
C1CCC(C2CCC3CC4(CCCCC4C4CCCCC4)CCCC32)CC1
C1CCC(CC2CCC3C(CCC3C3CCCCC3)C2)CC1
C1CCC(C2CCC3CC4C(CC5CCC6CCCCC65)CCCCC4CC32)CC1
C1CCC(CCCCC2CCC3CCC(C4CCCC5CCCC54)CC3C2)CC1
C1CCC2CCC(C3CCCC4CCCC43)CC2CC1
C1CCC2CCC(C3CCCC4CCCC43)CC2CC1
C(CCC1CCCC2CCCCC12)CC1CCC2CCCCC2C1
C1CCCC(C2CCC3CC4C(CCC5C6CCC(CCCC7CC8CCCCC8C7)C6CCC45)CC32)CC1
C1CCC2C(C1)CCC1C3CCCC3CCC21
C1CCC(CCCCCC2CC3CCCCC3C2)CC1
C1CCC(CCCCCC2CC3CCCCC3C2)CC1
C1CCC2C(C1)CCC1C3CCCC3CCC21
C1CCC(CCC(CC2CCCC2)CC2CC3CCCCC3C2)CC1
C1CCC(C2CC3CCCC3C3CCC4CCCCC4C23)CC1
C1CCC(C2CCC3CC4(CCCCCC4C4CCCCC4)CCC32)CC1
C1CCC2CC(CCCC3CCC4C3CCC3C5CCCCC5CCC43)CCC2C1
C1CCC2C(C1)CCC1C3CCCC3CCC21
C1CCC(CCCCC2CCC3CCCCC23)CC1
C1CCC(C2CCC3CC4C(CCCC45CCCCC5)CC32)CC1
C(CCCC1CCC(CC2CCCCC2)C1)CCC1CCCCC1
C1CCC(CCCCCC2CC3CCCCC3C2)CC1
C1CCC(CCCC2CCC3C(CCC3C3CCCC(CCC4CCCC4)C3)C2)CC1
C1CCC(CCC2CCC(C3CC3)CC2)CC1
C1CCC2CC(CCCC3CCC4C3CCCC3C5CCCCC5CCC34)CC2C1
C1CCC(CCCCCC2CCCC3C2CCC3C2CCCC(CC3CCCC3)C2)CC1
C1CCC2CCC(C3CCCC4CCCC43)CC2CC1
C1CCC(C2CC3CCCC3C3CCC4CCCCC4C23)CC1
C1CCC2CCC(C3CCCC4CCCC43)CC2CC1
C1CCC(C2CCC3CCCC3C3CCC4CCCCCC4C23)CC1
C1CCC2C(C1)CCC1C2CCC2C3CCCCC3CC21
C1CCC2CCC3C4CCCCC4CC(CC4CCCC4)C3C2CC1
C1CCC(CCCCCC2CCC3CCCCC23)CC1
C1CCC2CC(C3CCCC4CCCC43)CCC2C1
C1CCC(CC2CC3CCCCC3C3CCC4CCCCCC4C23)CC1
C1CCC(C2CCC3CC4C(CCC45CCCCCC5)CC32)CC1
C1CCC2C(C1)CCCC1C2CCC2C3CCCC3CC21
C(CCC1CCCC1)CCC1CCCCC2CCCCC12
C1CCC2CCC3C4CCCCC4CC(CC4CCCC4)C3C2CC1
C1CCC2C(C1)CC(C1CCCC3CCCC31)C1CCCC21
C1CCC(CCCC2CCCC3C2CCC2C4CC5CCC(C6CCCCC6)C5CC4CCC32)CC1
C1CCC(CC2CCC3CC(C4CCC(CCC5CCCC5)CC4)CCC23)CC1
C1CCC2CCCCC2C(CCCCC2CCCC3CCCCC23)C1
C1CCC(CCC(CCC2CCCCC2)CCC2CCC3CCCC3C2)CC1
C1CCC(CC(CC2CCCCC2)C2CCCCC2)CC1
C1CCC2C(C1)CCC1CCCCC12
C(CCC1CCCC2CCCCC12)CC1CCCC2CCCCC12
C1CCC(CCCCCC2CC3CCCCC3C2)CC1
C1CCC2CCC3C(CCC4C3CCC4(CCCC3CCCC3)CCC3CCCC3)C2CC1
C1CCC(CC(CC2CCCCC2)C2CCCCC2)CC1
C1CCC(C2CC3CCCC3C3CCC4CCCCC4C23)CC1
C1CCC2C(C1)CCC1C3CCCC3CCC21
C1CCC(CCCCC2CCC3CCCCC23)CC1
C1CCC(CCC(CCC2CCC3CCCCC3C2)CC2CCCCC2)CC1
C1CCC(CCCCC2CC3CCCCC3C2C2CCCCC2)CC1
C1CCC(CCCCCC2CCCC3C(C4CCCCC4)CCC23)CC1
C1CCC(CCCCC2CC3CCCCC3C2)CC1
C1CCC(C2CCC3CC4(CCCCCC4C4CCCCC4)CCC32)CC1
C1CCC(CCC2CCCCC2)CC1
C1CCC(CC2CC3CCCCC3C3CCC4CCCCC4C23)CC1
C1CCC(CC2CCCC(CC3CC4CCCCC4C4CCC5CCCCC5C34)C2)C1
C(CCCCC1CCC(C2CCCCC2)C1)CCCC1CCCCC1
C1CCC2CCC3CCCCC3C2CC1
C1CCC2CC(C3CCCC4CCCC43)CCC2C1
C1CCC(CC(CC2CCCCC2)C2CCCCC2)CC1
C1CCC(CC2CCC3CC4C(CCC5C6CCC(CCCC7CCC8CCCCC8C7)C6CCC45)CC23)CC1
C(CCC1CCC2CCCCC2C1)CCC1CCCC2CCCCC12
C1CCC(CCC2CCCCC2)CC1
C(CCCC1(C2CCCCC2)CCC1)CCC1CCC(C2CCCCC2)C1
C1CCC(CC2CCC3C(CCC3C3CCCCC3)C2)CC1
C1CCC(C2CC3CCCC3CC3CCC4CCCCC4C32)CC1
C1CCC(CCCCCC2CC3CCCCC3C2)CC1
C1CCC(CCC2CCC3C(CCC3C3CCCC(CCCC4CCCC4)C3)C2)CC1
C1CCCC(C2CCC3CC4C(CCC5C6CCC(CCCC7CC8CCCCC8C7)C6CCC45)CC32)CC1
C1CCC2C(C1)CC(C1CCCC3CCCC31)C1CCCCC21
C1CCC(CCC2CCCC3CC4C(CCC4C4CCCCC4)CC23)CC1
C1CCC(CC2CCC(CC(CC3CCCCC3)C3CCCCC3)CC2)CC1
C1CCC2CC(CCCC3CCC4C3CCC3C5CCCCC5CCCC43)CCC2C1
C(CCCC1CCCCC1)CCCC1CCC(C2CCCCC2)C1
C1CCC(CC2CCCCC2CC2CC3CCCCC3C3CCC4CCCCCC4C23)CC1
C1CCC(CCC2(CCCC3CC4CCCCC4C3)CCC3C4CCC5CCCCC5C4CCC32)C1
C1CCC(CCC2CCC3C(CCC3C3CCCCC3)C2)CC1
C1CCC(C2CC3CCCC3C3CCCC4CCCCC4C23)CC1
C1CCC(C2CCC3CC4C(CCC5C6CCC(CCCC7CC8CCCCC8C7)C6CCCC45)CC32)CC1
C1CCC(CCC(CC2CCC3C(CCC3C3CCCCC3)C2)C2CCCCC2)CC1
C(CCCC1CCCCC1)CCCC1CCC(C2CCCCC2)C1
C1CCC(CCC2CCCCC3CC4C(CCC4C4CCCCC4)CC23)CC1
C1CCC(CCCCCC2CCC3CCCCC23)CC1
C1CCC(CCC2CCC(C3CCC3)CC2)CC1
C1CCC(CCCCC2CCC3CCCC3C2)CC1
C1CCC(CCCC2CCC3CCC(C4CCCC5CCCC54)CC3C2)CC1
C1CCC2CC(CCCC3CCC4C3CCC3C5CCCCC5CCC43)CC2C1
C1CCC(CCCCCC2CC3CCCCC3C2)CC1
C1CCC(C2CCC3CCC4(CCCCC4)CC3C2)CC1
C1CCC(CCCCC2CC3CCCCC3C2)CC1
C1CCC2C(C1)CCC1CC2CCC2CCCC21
C1CCC2C(C1)CCCC1CCCCC12
C1CCC(C2CCC3C(CCC3C3CCCCC3)C2)CC1
C1CCC(C2CCC3CC4C(CCC5C6CCCC(CCCC7CCC8CCCCC8C7)C6CCC45)CC32)CC1
C1CCC(C2CCC3CCCC3C3CCC4CCCCC4C23)CC1
C1CCC(CC2CC3CCCCC3C3CCC4CCCCCC4C23)CC1
C1CCC(CCCC2CCC3CCC(C4CCCC5CCCC54)CC3C2)CC1
C1CCC(CCC2CCC(C3CCC4C(CCC4C4CCCCC4)C3)CC2)CC1
C1CCC2CCC3C4CCCCC4CC(CC4CCCC4)C3C2CC1
C1CCC(CC2CCCC(CC3CCC4CCCCC4C4CCC5CCCCC5C34)C2)CC1
C(CCCC1CCCC2C(C3CCCCC3)CCC12)CCC1CCCCC1
C(CCCC1CCCC2C(C3CCCCC3)CCC12)CCC1CCCCC1
C1CCC(C2CCC3CC4CCCCC4CC32)CC1
C1CCC(CCCCC2CC3CCCCC3C2)CC1
C(CCCCC1CCCC(CC(CC2CCC(CC3CCCCC3)CC2)C2CCCCC2)C1)CCCCC1CCC2C(CCC3C4CCCC4CCC23)C1
C1CCC(CCCCC2CC3CCCCC3C2)CC1
C1CCC(C2CCC(CCCCCC3CCCC4CCCCC34)C2)CC1
C1CCC(CCCCCC2CC3CCCCC3C2)CC1
C(CCC1CCCC2CCCC12)CC1CC2CCCCC2C1
C1CCC(CCC2CCC3C(CCC3C3CCCCC3)C2)CC1
C1CCC(C2CCC3CC4C(CCCC45CCCC5)CC32)CC1
C1CCC(CCC2CCCC3CCC4C(CCC4C4CCCCC4)CC23)CC1
C1CCC(CC2CC3CCCCC3C3CCC4CCCCC4C23)CC1
C1CCC(CCCC2CCC3CCC(C4CCCC5CCCC54)CC3C2)CC1
C1CCC(C2CCC(CCCCCC3CCCC4CCCCC34)C2)CC1
C(CCCC1CCCC2C(C3CCCCC3)CCC12)CCC1CCCCC1
C1CCC(CCC2CCC3C(CCC3C3CCCC(CCCC4CCCC4)C3)C2)CC1
C1CCC(CCCC2CCCC3C2CCC2C4CCCCC4CCC32)C1
C1CCC(CCCCC2CCC3CCC(C4CCCC5CCCC54)CC3C2)CC1
C1CCC2C(C1)CCC1C3CCCCC3CCC21
C1CCC(CCC(CC2CC3CCCCC3C2)C2CCCCC2)CC1
C(CCC1CCCC2CCCCC12)CCC1CCCC2CCCCC12
C1CCC2CC(CCCC3CCC4C3CCC3C5CCCCC5CCC43)CC2C1
C1CCC2CC(CCCC3CCCC4CCCCC43)CC2C1
C1CCC(CC2CCCC2CC2CC3CCCCC3C3CCC4CCCCC4C23)CC1
C1CCC(C2CC3CCCC3C3CCC4CCCCCC4C23)CC1
C1CCC(C2CC3CCCC3C3CCC4CCCCCC4C23)CC1
C1CCC(CCCC2CCC3CCC(C4CCCC5CCCC54)CC3C2)CC1
C1CCC(C2CCC3CCCC3C3CCC4CCCCC4C23)CC1
C1CCC2C(C1)CCC1C3CCCC3CCCC21
C1CCC(CCCCCC2CCC3CCCCC23)CC1
C1CCC(C2CC3CCCC3CC3CCC4CCCCC4C32)CC1
C1CCC(CCC2CCCC(C3CCC4CC(CCC5CCC6CCCCC6C5)CCC43)C2)C1
C1CCC2CCC3C4CCCCC4CCC3C2CC1
C1CCC2CCC3CCCCC3C2CC1
C1CCC2CCC(C3CCCC4CCCC43)CC2CC1
C1CCC2CC(C3CCCC4CCCC43)CCC2C1
C1CCC2C(C1)CCC1C3CCCC3CCC21
C1CCC(CCCCC2CCC3CCC(C4CCCC5CCCC54)CC3C2)CC1
C1CCC2CC(C3CCCC4CCCC43)CCC2C1
C1CCC(C2CC3CCCCC3C3CCCCC3C2)C1
C1CCC2C(C1)CCCC1C3CCCC3CCC21
C1CCC(CC2CCCC(CC3CC4CCCCC4C4CCC5CCCCC5C34)C2)CC1
C1CCC(C2CCC3CCC4(CCCCC4C4CCCCC4)CCC32)CC1
C1CCC(C2CCC3CC4C(CC5CCC6CCCCC65)CCCC4CC32)CC1
C1CCC(C2CCC3CCC4C(CCC45CCCC5)CC32)CC1
C1CCC(CCCCCC2CCCC3C(C4CCCCC4)CCC23)CC1
C1CC2CCC3C(CCC4CCCCC43)CC2C1
C1CCC2CCC(C3CCCC4CCCC43)CC2CC1
C1CCC(CC2CCC3CC4C(CCC5C6CCCC6CCC45)CC23)CC1
C1CCC(CCCCC2CC3CCCCC3C2)CC1
C(CCCCC1CCC(C2CCCCC2)C1)CCCC1CCCCC1
C1CCC(CCCCCC2CCCC3CCCC23)CC1
C1CCC(C2CCC3(CCC4CC5C(CCC5C5CCCCC5)CC43)C2)CC1
C(CCC1CCCCC2CCCCC12)CC1CCC2CCCCC2C1
C1CCC2C(C1)CCC1C3CCCC3CCC21
C(CCC1CCCC2CCCCC12)CC1CCC2CCCCC2C1
C1CCC(C2CC3CCCCC3C3CCC4CCCCC4C23)CC1
C1CCC(CCC(CC2CC2)CC2CC3CCCCC3C2)CC1
C1CCC(CCC(CC2CCC(CC3CCCCC3)CC2)C2CCCCC2)CC1
C1CCC(CCCCCC2CC3CCCCC3C2)CC1
C1CCC2CCC3CCCCC3C2CC1
C1CCC(CCCCCC2CCCC3C(C4CCCCC4)CCC23)CC1
C1CCC2C(C1)CCC1C3CCCC3CCC21
C1CCC(CCCC2CCCC(C3CCC4CC(CCC5CCC6CCCCC6C5)CCC43)C2)CC1
C1CCC(C2CCC3CC4C(CCC32)CCC2C3CCC(CCCC5CC6CCCCC6C5)C3CCC42)CC1
C1CCC(C2CCC3CC4C(CCC5C6CCC(CCCC7CCC8CCCCC8C7)C6CCC45)CC32)CC1
C1CCC(CC2CC3CCCCC3C3CCC4CCCCCC4C23)CC1
C(CCC1CCCC2CCCCC12)CC1CCCC2CCCCC12
C1CCC(C2CCC3CC4C(CCCC45CC(C4CCCCC4)C(C4CCCCC4)C5)CCC32)CC1
C1CCC2CC(C3CCCC4CCCC43)CCC2C1
C1CCC2C(C1)CCCC1CCCCC12
C1CCC(CCCCC2CCC3C2CCC2C4CCCCC4CCC32)CC1
C1CCC(CCCCCC2CCCC3C(C4CCCCC4)CCC23)CC1
C1CCC(C2CC3CCCC3C3CCC4CCCCC4CC23)CC1
C1CCC(CCCCC2CC3CCCCC3C2)CC1
C1CCC(CCC2CCC(C3CC3)CC2)CC1
C1CCC2CCC3C4CCCCC4CCC3C2CC1
C1CCC(C2CCC3CC4C(CCCC5C6CCC(CCCC7CC8CCCCC8C7)C6CCC45)CC32)CC1
C1CCC(CCC(CCC2CCC3CCCC3C2)CC2CCCCC2)CC1
C1CCC(CCCCCC2CC3CCCCC3C2)CC1
C1CCC(C2CCC3C(CCC4CCCCC43)C2)CC1
C1CCC2CC(C3CCCC4CCCC43)CCC2C1
C(CCCC1CCCC2C(C3CCCCC3)CCC12)CCC1CCCCC1
C1CCC2CCC3C4CCCC4CCC3C2CC1
C(CCCC1CCCC2C(C3CCCCC3)CCC12)CCC1CCCCC1
C1CCC(CCCC(CCC2CCC3CCCC3C2)CC2CCCCC2)CC1
C1CCC(C2CCC3CC4C(CCC32)CCC42CCCC2)CC1
C1CCC(C2CC3CCCC3C3CCC4CCCCC4C23)CC1
C1CCC(C2CCC3CC4C(CCC5C6CCC(CCCC7CCC8CCCCC8C7)C6CCC45)CC32)CC1
C(CCC1CC2CCCCC2C1)CCC1CCCC2CCCC12
C1CCC(CC(CC2CCCCC2)C2CCCCC2)CC1
C(CCCC1CCCC2C(C3CCCCC3)CCC12)CCC1CCCCC1
C1CCC2CCC(C3CCCC4CCCC43)CC2CC1
C1CCC(C2CCC3CC4C(CCCC45CCCC5)CC32)CC1
C1CCC2CC(CC3CCCC4CCCC43)CCC2C1
C1CCC(CCC2CCC3C(CC4CCCCC4)CCC3C2)CC1
C1CCC(CCCCCC2CC3CCCCC3C2)CC1
C1CCC2CC(C3CCCC4CCCC43)CCC2C1
C1CCC(C2CCC3CCCC3C3CCC4CCCCCC4C23)CC1
C1CCC(CCCC2CCC3C(CCC3C3CCCCC3)C2)CC1
C1CCC2CC(C3CCCC4CCCC43)CCC2C1
C1CCC(CCCCCC2CC3CCCCC3C2)CC1
C1CCC(C2CCC3CC4C(CCC45CCCC5)CC32)CC1
C1CCC(CC2CCCCC2CC2CC3CCCCC3C3CCC4CCCCCC4C23)CC1
C(CCC1CCCC2CCCC12)CC1CC2CCCCC2C1
C1CCC(C2CCCC3C(CCC4CCCCC43)C2)CC1
C1CCC2CCC3C4CCCC4CCC3C2CC1
C1CCC2CC(C3CCCC4CCCC43)CCC2C1
C1CCC2C(C1)CCC1C3CCCCC3CCC21
C1CCC2CC(C3CCCC4CCCC43)CCC2C1
C(CCCC1CCCCC1)CCCC1CCC(C2CCCCC2)C1
C1CCC(C2CCC3C(CCC4CCCCC43)C2)CC1
C1CCC(C2CC3CCCC3C3CCC4CCCCC4C23)CC1
C1CCC(CCCCCC2CC3CCCCC3C2)CC1
C1CCC(CC2CC3CCCCC3C3CCC4CCCCCC4C23)CC1
C(CCC1CCCC2CCCCC12)CC1CCC2CCCCC2C1
C1CCC(CC2CCC3CC4CCCCC4CC23)CC1
C1CCC2C(C1)CC(C1CCCC3CCCC31)C1CCCCC21
C1CCC(CCCCC2CC3CCCCC3C2)CC1
C1CCC2C(C1)CCC1C3CCCC3CCC21
C1CCC(CCCCC2CCCC(C3CCC4CC(CCC5CCC6CCCCC6C5)CCC43)C2)CC1
C1CCC(CC(CC2CCCCC2)C2CCCCC2)CC1
C1CCC(CC2CCC3CC(C4CCCCC4)CCC23)CC1
C1CCC(CCC2CCC3C(CCC3C3CCCCC3)C2)CC1
C(CCC1CCCC1)CCC1CCCC2CCCCC12
C1CCC(CCCCCC2CCCC3C(C4CCCCC4)CCC23)CC1
C1CCC(C2CC3CCCC3C3CCC4CCCCC4C23)CC1
C1CCC(CCCCC2CCC3CCCCC23)CC1
C1CCC(CCCCC2CCCC(C3CCC4CC(CCC5CCC6CCCCC6C5)CCC43)C2)CC1
C1CCC(C2CCC3CC4C(CCC5C6CCC(CCCC7CC8CCCCC8C7)C6CCC45)CC32)CC1
C1CCC(C2CC3CCCCC3C3CCCCC23)CC1
C1CCC(CCC2CCC3C(CCC3C3CCCCC3)C2)CC1
C(CCC1CC2CCCCC2C1)CCC1CCCC2CCCC12
C1CCC2CC(C3CCCC4CCCC43)CCC2C1
C1CCC2CCC3C4CCC(CCCC5CCCC5)C4CCC3C2CC1
C1CCC(CCCCCC2CCCC3C(CC4CCC(CC5CC5)CC4)CCC23)CC1
C1CCC(C2CC3CCCCC3C3CCCCC23)CC1
C1CCC(CCCCC2CCC3CCCCC23)CC1
C1CCC(CCCC2CCC3CCC(CC4CCCC5CCCC54)CC3C2)CC1
C1CCC(CCCCCC2CCCC3C2CCC3C2CCCC(CCC3CC3)C2)CC1
C1CCC(C2CC3CCCC3C3CCC4CCCCC4C23)CC1
C1CCC(CCCCC2C3CCCCC3CCC2C2CCCC3CCCC32)CC1
C1CCC(CCCCCC2CCCC3C(C4CCCCC4)CCC23)CC1
C1CCC(CCCCCC2CCCC3C(C4CCCCC4)CCC23)CC1
C1CCC(CCC2CCC(CCC3CCCC(CC4CCCC4)C3)CC2)CC1
C1CCC(CC2CCC3C(CCC3C3CCCCC3)C2)CC1
C1CCC(C2CCC3CC4C(CCCC5C6CCCC6CCC45)CC32)CC1
C1CCC(CC2CCC3CC4C(CCC45CCCC5)CC23)CC1
C1CCC2CCC(C3CCCC4CCCC43)CC2CC1
C1CCC2CCC3C4CCC(CCCC5CC6CCCCC6C5)C4CCC3C2CC1
C1CCC(C2CCC3(CCCC4CC5C(CCC5C5CCCCC5)CC43)C2)CC1
C(CCCC1CCCCC1)CCCC1CCC(C2CCCCC2)C1
C1CCC(CCCCC2CC3CCCCC3C2)CC1
C1CCC(CCCCC2CC3CCCCC3C2)CC1
C1CCC2CC(C3CCCC4CCCC43)CCC2C1
C1CCC2CCC3C4CCC(CCCC5CC6CCCCC6C5)C4CCC3C2CC1
C1CCC(CCC2CCCC3CCC(CC4CCCC5CCCC54)CC23)CC1
C1CCC(CCCCC2CCC3CCC(C4CCCC5CCCC54)CC3C2)CC1
C1CCC(C2CCC3CC4C(CCC45CCCCC5)CC32)CC1
C1CCC(CCC2CCC3C(CCC3C3CCCCC3)C2)CC1
C1CCC(CCCCC2CCC3CCCCC23)CC1
C1CCC(C2CCC3CC4C(CCCC45CCCCC5)CC32)CC1
C1CCC2CCC(C3CCCC4CCCC43)CC2CC1
C(CCC1CCCC2CCCC12)CC1CC2CCCCC2C1
C1CCC(CCCC2CCC3C(CCC3C3CCCCC3)C2)CC1
C1CCC(C2CC3CCCCC3C3CCCCC3C2)CC1
C1CCC(CCCC2CCC3CCCC3C2)CC1
C1CCC2C(C1)CCCC2CCC1CC2CCCCC2C2CCC3CCCCC3C12
C1CCC(CC2CC3CCCCC3C3CCC4CCCCC4C23)C1
C1CCC(C2CCC3C(CCC4CCCCC43)C2)CC1
C1CCC2C(C1)CCC1C3CCCC3CCC21
C(CCC1CC2CCCCC2C1)CCC1CCCC2CCCC12
C1CCC2CCC3C4CCC(CCCC5CCCC6CCCCC65)C4CCC3C2CC1
C1CCC(CCCCC2CCC3CCC(C4CCCC5CCCC54)CC3C2)CC1
C1CCC2CC(C3CCCC4CCCC43)CCC2C1
C1CCC(C2CCC(CCCC3CCC4C3CCC3C5CCCCCC5CCC43)C2)CC1
C1CCC(CCC2CCC(C3CCC4C(CCC4C4CCCCC4)C3)CC2)CC1
C1CCC(CCC2CCC3C(CCCC4C5CCCC5CCC34)C2)CC1
C1CCC2CC(CCCC3CCC4C3CCC3C5CCCCC5CCC43)CC2C1
C1CCC(C2CC3CCCC3C3CCC4CCCCCC4C23)CC1
C1CCC2CCC(C3CCCC4CCCC43)CC2CC1
C1CCC2C(C1)CCC1C3CCCC3CCC21
C1CCC(CC2CC3CCCC3C3CCC4CCCCC4C23)CC1
C1CCC2CC(C3CCCC4CCCC43)CCC2C1
C1CCC(CCC2CCC3C(CCC3C3CCCCC3)C2)CC1
C1CCC(C2CC3CCCCC3C3CCC4CCCCC4C23)CC1
C1CCC(CC2CCC3CCCCC3C3CCC4CCCCC4C23)CC1
C1CCC2CCCCC2C(CCCCC2CCCC3CCCCC23)C1
C1CCC(CCC2CCC3C(CCC3C3CCCCC3)C2)CC1
C1CCC2CC3CCC4CCCC4C3CCC2C1
C1CCC(C2CC3CCCC3C3CCC4CCCCC4C23)CC1
C(CCC1CCCCC2CCCCC12)CC1CCC2CCCCC2C1
C(CCCCCCC1CCC2C1CCCC1C3CCCCC3CCC12)CCCCCC1CCC(CCC2CCC(CCC3CCCC3)C2)C1
C(CCC1CCCC2CCCC12)CC1CC2CCCCC2C1
C1CCC(C2CCC3CC4C(CCC32)CCC2C3CCC(CCCC5CC6CCCCC6C5)C3CCC42)CC1
C1CCC(C2CC3CCCCC3C3CCCCC3C2)CC1
C(CCCC1CCCCC1)CCCC1CCC(C2CCCCC2)C1
C(CCCCC1CCC(C2CCCCC2)C1)CCCC1CCCCC1
C1CCC(CCC2CCC3C(CCC3C3CCCCC3)C2)CC1
C1CCC(C2CCC3CCC4C(CCC45CCCCC5)CC32)CC1
C1CCC(CCCCC2CCC3CCCCC23)CC1
C1CCC2CC(C3CCCC4CCCC43)CCC2C1
C(CCCC1CCCC2C(C3CCCCC3)CCC12)CCC1CCCCC1
C1CCC(CC2CCC3C(CCC4CCCCC43)C2)CC1
C1CCC2CCC3CCCCC3C2CC1
C1CCC(CCC2CCC3C(CCC3C3CCCCC3)C2)CC1
C1CCC(C2CCC3CCCC3CC3CCC4CCCCC4C32)CC1
C(CCC1CCC2C1CCC1C3CCCCC3CCC21)CC1CCC2CCCCC2C1
C1CCC(CC2CCC(CCCCCC3CCCC4CCCCC34)C2)CC1
C1CCC2CCC(C3CCCC4CCCC43)CC2CC1
C1CCC(CC2CC3CCCCC3C3CCC4CCCCCC4C23)CC1
C1CCC(CCCCC2CC3CCCCC3C2)CC1
C1CCC(CCCC2CCC3CCCC3C2)CC1
C1CCC(CCC2CCC(CCC3CCCC(CC4CCCCC4)C3)CC2)CC1
C1CCC(CCC2(CCCC3CC4CCCCC4C3)CCC3C4CCC5CCCCC5C4CCC32)C1
C1CCC2C(C1)CCC1C2CCC2C3CCCC3CC21
C1CCC2C(C1)CCC1C3CCCCC3CCC21
C1CCC2CC(CCCC3CCC4C3CCC3C5CCCCC5CCC43)CC2C1
C1CCC(CCCC2CCC(C3CC3)CC2)CC1
C1CCC2CC3CCC4C(CCCC5CC6CCCCC6C5)CCC4C3CCC2C1
C1CCC2CC(CCCC3CCC4C3CCCC3C5CCCCC5CCC34)CCC2C1
C1CCC(CC2CCC3C(CCC3C3CCCCC3)C2)CC1
C1CCC(C2CCC(CCCCCC3CCCC4C(C5CCCCC5)CCC34)C2)CC1
C1CCC(CCCC2CCC3C(CCC3C3CCCCC3)C2)CC1
C1CCC(C2CCC3CC4C(CCCC45CCCCC5)CC32)CC1
C(CC1CCC(C2CCCC2)CC1)CC1CCC2CCCC2C1
C1CCC(C2CC3CCCC3C3CCC4CCCCCC4C23)CC1
C1CCC(CCC(CCC2CC3CCCCC3C2)C2CC2)CC1
C(CCCC1CCCC2C1CCC2C1CCCC(CC2CC2)C1)CCC1CCCCC1
C1CCC2CC(CCCC3CCC4C3CCC3C5CCCCC5CCC43)CC2C1
C(CC1CCC2CCCC2C1)CC1CCCC2CCC(C3CCCC4CCCC43)CC2C1
C1CCC(C2CCC3C(CCC4CCCCC43)C2)CC1
C1CCC2CCC(C3CCCC4CCCC43)CC2CC1
C1CCC(C2CCC3C(CCC4CCCCC43)C2)CC1
C1CCC2CC(C3CCCC4CCCC43)CCC2C1
C1CCC(C2CC3CCCC3C3CCC4CCCCC4CC23)CC1
C1CCC2CC(C3CCCC4CCCC43)CCC2C1
C1CCC(CCCCC2CC3CCCCC3C2)CC1
C1CCC2CCC3C(CCC4C3CCC4(CCCC3CC4CCCCC4C3)CCC3CCCC3)C2CC1
C1CCC(CCCC2(CCCC3CC4CCCCC4C3)CCC3C4CCC5CCCCC5C4CCC32)C1
C1CCC(C2CC3CCCC3C3CCC4CCCCCC4C23)CC1
C1CCC(CCCCC2CC3CCCCC3C2)CC1
C1CCC2CCC(C3CCCC4CCCC43)CC2CC1
C1CCC(CCC(CC2CC3CCCCC3C2)C2CC2)CC1
C1CCC(CCCCC2CC3CCCCC3C2)CC1
C(CCC1CCCC2CCCCC12)CCC1CCCC2CCCCC12
C1CCC(CCCCC2CCC3CCCCC23)CC1
C1CCC2CC(C3CCCC4CCCC43)CCC2C1
C1CCC(CCC2CCC3C(CCC3C3CCCCC3)C2)CC1
C1CCC(C2CC3CCCC3C3CCC4CCCCC4CC23)CC1
C1CCC(CCC2CCC(CCCC3CCCC(CC4CCCC4)C3)CC2)CC1
C1CCC(CC(CC2CCCCC2)C2CCCCC2)CC1
C1CCC(CCC2CC3CCCCC3C3CCC4CCCCC4C23)CC1
C1CCC(CCCCC2CC3CCCCC3C2)CC1
C1CCC(CCCCCC2CCCC3C(C4CCCCC4)CCC23)CC1
C(CCC1CCC2C1CCC1C3CCCCC3CCC21)CC1CC2CCCCC2C1
C1CCC2CC(CCCC3CCCC4C3CCC3C5CCCCC5CCC43)CCC2C1
C1CCC(C2CC3CCCCC3C3CCCCC23)CC1
C1CCC2CC(C3CCCC4CCCC43)CCC2C1
C1CCC2CCC3CCCCC3C2CC1
C1CCC2CC(C3CCCC4CCCC43)CCC2C1
C1CCC2C(C1)CCC1C3CCCC3CCCC21
C1CCC(CC2CCCCC(CCC3CCC(CCC4CCC(C5CC5)CC4)CC3)C2)C1
C1CCC(C2CCC(CC3CCC4CCCCC4C4CCC5CCCCC5C34)CC2)CC1
C1CCC(C2CC3CCCCC3C3CCC4CCCCC4C23)CC1
C1CCC(CCC2(CCCC3CC4CCCCC4C3)CCCC3C4CCC5CCCCC5C4CCC32)C1
C(CCCC1CCCCC1)CCCC1CCC(C2CCCCC2)C1
C1CCC(C2CCC3C(CCCC4CCCCC43)C2)CC1
C(CCC1CCC2C(CCC3C4CCCC4CCC23)C1)CC1CCC(C2CC3CCCC3C3CCC4CCCCC4C23)CC1
C1CCC2CC(CC3CCCC4CCCC43)CCC2C1
C1CCC(CC2CCC3CCCCC3C3CCC4CCCCC4C23)CC1
C(CCCC1CCCCC1)CCCC1CCC(C2CCCCC2)C1
C1CCC(CCC2CCC3C(CCC4CCCCC43)C2)CC1
C1CCC(C2CCC3CC4C(CCCC45CCCC5)CCC32)CC1
C(CCC1CCCC2CCCCC12)CC1CCC2CCCCC2C1
C1CCC2C(C1)CCC1CCCCC12
C1CCC2CCC3CCCCC3C2CC1
C1CCC(CCC2CCC3C(CCC3C3CCCCC3)C2)CC1
C(CC1CCC(C2CCCC2)CC1)CC1CCC2CCCC2C1
C1CCC(CCCC2(CCCC3CC4CCCCC4C3)CCC3C4CCC5CCCCC5C4CCC32)C1
C1CCC(CCC(CC2CC3CCCCC3C2)C2CCCC2)CC1
C(CCCC1CCCCC1)CCC1CCCCC1
C1CCC(CC2CCC3CCCCC3C3CCC4CCCCC4C23)C1
C1CCC(C2CCC3CC4C(CCC5C6CCC(CCCC7CC8CCCCC8C7)C6CCC45)CC32)CC1
C1CCC(CCCCC2CC3CCCCC3C2)CC1
C1CCC(C2CCC3(CC2)CCC2CC4C(CCC4C4CCCCC4)CC23)CC1
C1CCC(CCC(CCC2CCC3CCCCC3C2)CC2CCCCC2)CC1
C(CCC1(C2CCCC2)CCCC2CCCCC21)CC1CCC2CCCCC2C1
C1CCC(CCCCC2CCC3CCCCC23)CC1
C1CCC2CCC3CCCCC3C2CC1
C1CCC2C(C1)CCCC1C2CCC2C3CCCC3CC21
C1CCC(CCC2CCCCC3CC4C(CCC4C4CCCCC4)CC23)CC1
C1CCC(C2CCC3C(CCCCCC4CCC(C5CCCC5)C4)CCCC23)CC1
C1CCC2C(C1)CCCC1C3CCCC3CCC21
C1CCC(CCC(CCC2CCC3C(CCC3C3CCCCC3)C2)C2CCCCC2)CC1
C1CCC(C2CCC3CC4C(CCC45CCCCC5)CC32)CC1
C1CCC(CCC2CCC(CCC3CCCCC(CC4CCCC4)C3)CC2)CC1
C1CCC(CCC2CCC(C3CCC4C(CCC4C4CCCCC4)C3)CC2)CC1
C1CCC(CC2CC3CCCCC3C3CCC4CCCCCC4C23)CC1
C1CCC(CCCC2CCCC3CCC(C4CCCC5CCCC54)CC3C2)CC1
C1CCC2CC(CCCC3CCC4C3CCC3C5CCCCC5CCC43)CC2C1
C1CCC(CCC2CCC3C(CCC3C3CCCCC3)C2)CC1
C1CCC2CC(C3CCCC4CCCC43)CCC2C1
C1CCC(CCC2CCC(C3CCC4C(CCC4C4CCCCC4)C3)CC2)CC1
C1CCC(C2CCC3CC4CCCCC4CCC32)CC1
C1CCC(CCC2CC3CCCC3C3CCCC4CCCCC4C23)CC1
C1CCC2CCC(C3CCCC4CCCC43)CC2CC1
C(CCC1CCCC2CCCC12)CC1CC2CCCCC2C1
C1CCC(CC(CC2CCCCC2)C2CCCCC2)CC1
C1CCC(CC2CC3CCCCC3C3CCC4CCCCC4C23)CC1
C1CCC(C2CCC3CC4C(CCC45CCCC5)CC32)CC1
C(CCCC1CCCC2C(C3CCCCC3)CCC12)CCC1CCCCC1
C(CCC1(C2CCCC2)CCCC2CCCCC2C1)CC1CCC2CCCCC2C1
C1CCC(C2CC3CCCCC3C3CCCCC23)CC1
C1CCC(CCCCCC2CCCC3C(C4CCCCC4)CCC23)CC1
C1CCC(CC2CCC3CC4C(CCC45CCCCC5)CC23)CC1
C1CCC(C2CCC3CC4C(CCC45CCCCCC5)CC32)CC1
C1CCC(CC2CC3CCCCC3C3CCC4CCCCC4C23)CC1
C1CCC(CCCCC2CC3CCCCC3C2)CC1
C1CCC(C2CCC3CCC4C(CCCC45CCCC5)CC32)CC1
C1CCC(C2CCC3CC4CCCCC4CC32)CC1
C(CCCC1CCCCC1)CCC1CCCCC1
C1CCC(C2CC3CCCCC3C3CCC4CCCCC4C23)CC1
C1CCC(CCCC(CCC2CCC3CCCC3C2)CC2CCCCC2)CC1
C1CCC(CCCCC2CCC3CCCCC23)CC1
C1CCC(C2CCC3CC4C(CCC5C6CCC(CCCCC7CC8CCCCC8C7)C6CCC45)CC32)CC1
C1CCC(CCC2CCC3C(CCC3C3CCCCC3)C2)CC1
C1CCC(C2CC3CCCCC3C3CCCCC23)CC1
C1CCC2C(C1)CC(C1CCCC1)C1CCCC21
C1CCC(C2CC3CCCCC3C3CCC4CCCCC4C23)CC1
C1CCC(C2CCC3CC4C(CCC45CCCCC5)CC32)CC1
C1CCC(CC2CC3CCCCC3C3CCC4CCCCC4C23)CC1
C(CCCC1CCCC2C(C3CCCCC3)CCC12)CCC1CCCCC1
C1CCC(CC2CC3CCCCC3C3CCC4CCCCC4C23)C1
C(CCC1CCCC2CCCCC12)CC1CCC2CCCCC2C1
C1CCC2C(C1)CC(C1CCCC3CCCC31)C1CCCCC21
C1CCC(C2CCC3CC4C(CCC45CCCC5)CC32)CC1
C1CCC(CCCCCC2CCC3CCCCC3C2)CC1
C1CCC(CCCCCC2CC3CCCCC3C2)CC1
C1CCC(CCC2CCC3C(CCC3C3CCCCC3)C2)CC1
C1CCC(C2CCC3CC4C(CCCC45CCCC5)CC32)CC1
C1CCC(C2CC3CCCC3C3CCC4CCCCC4C23)CC1
C(CCC1CCCC2CCCCC12)CC1CCCC2CCCCC12
C1CCC(C2CC3CCCC3C3CCC4CCCCC4C23)CC1
C1CCC2CCC(C3CCCC4CCCC43)CC2CC1
C1CCC2CC3CCC(C4CCCCC4)C3CC2CC1
C1CCC(CCC2CCCC3CC4C(CC5CCCCC5)CCC4CC23)CC1
C1CCC(CCCCCC2CCCC3C2CCC3C2CCC(CC3CC3)CC2)CC1
C1CCC(C2CCC3CC4CC5CCC6C(CCCC7CC8CCCCC8C7)CCC6C5CCC4CC32)CC1
C1CCC(CC2CC3CCCCC3C3CCC4CCCCCC4C23)CC1
C1CCC2C(C1)CCC1C3CCCC3CCC21
C1CCC(CCC2CCC(CCC3CCCC(CC4CCCCC4)C3)CC2)CC1
C1CCC2CCC(C3CCC4CCCCC43)CC2CC1
C1CCC2CCC3C4CCCCC4CC(CC4CCCC4)C3C2CC1
C1CCC2CCC3C4CCCC4CCC3C2CC1
C1CCC(CC2CC3CCCCC3C3CCC4CCCCCC4C23)CC1
C1CCC(CCC2CCC3C(CCC3C3CCCCC3)C2)CC1
C(CCC1CCCC2CCCC12)CC1CC2CCCCC2C1
C1CCC(C2CCC(CCCCCC3CCCC4CCCCC34)C2)CC1
C1CCC(CCCCC2CCC3CCCCC23)CC1
C1CCC(CC2CC3CCCCC3CC3CCC4CCCCC4C32)CC1
C1CCC(C2CCCC3C(CCC34CCCC4)C3CCC4CCCCC4C23)CC1
C1CCC(CCC2CCC3C(CCC3C3CCCCC3)C2)CC1
C1CCC(CC2CCC(CCCCCC3CCCC4CCCCC34)C2)CC1
C1CCC(C2CCC3CC4C(CCCC45CCCCC5)CC32)CC1
C1CCC(CC2CCC3C(CC4CCCCC4)CCC3C2)CC1
C1CCC2C(C1)CCCC2CC1CC2CCCCC2C2CCC3CCCCC3C12
C1CCC(C2CCC3CC4C(CCC45CCCC5)CC32)CC1
C1CCC2CC(C3CCCC4CCCC43)CCC2C1
C1CCC2C(C1)CC(C1CCCC3CCCC31)C1CCCCC21
C1CCCC(C2CCC3CC4C(CCC5C6CCCC6CCC45)CC32)CC1
C1CCC(CCCCC2CCCC3CCC(C4CCCC5CCCC54)CC3C2)CC1
C1CCC(CCC2CCC3C(CCC3C3CCCCC3)C2)CC1
C1CCC(C2CCC3CCCC3C3CCC4CCCCC4C23)CC1
C1CCC2CC(CCCC3CCC4C3CCC3C5CCCCC5CCC43)CC2C1
C1CCC2CCC3C4CCC(CCCC5CC6CCCCC6C5)C4CCC3C2CC1
C1CCC(C2CCCC(CC3CC4CCCCC4CC4CCC5CCCCC5C43)C2)C1
C(CCCC1CCCCC1)CCCC1CCC(C2CCCCC2)C1
C1CCC2C(C1)CCC1C3CCCCC3CCC21
C1CCC(C2CCC3C(CCC4CCCCC43)C2)C1
C1CCC(CCC2CCC3C(CCC3C3CCCCC3)C2)CC1
C1CCC(C2CCC3CC4CCCCC4CCC32)CC1
C(CCC1CCCC2CCCCC12)CC1CCCC2CCCCC12
C1CCC(CC2CC3CCCCC3C3CCC4CCCCC4C3C2)CC1
C1CCC(CCC(CC2CC3CCCCC3C2)C2CC2)CC1
C1CCC(C2CCC3(CCC4CC5C(CCC5C5CCCCC5)CC43)C2)CC1
C1CCC(C2CC3CCCC3C3CCC4CCCCC4CC23)CC1
C1CCC(CCC2CCC3C(CCC3C3CCCC(CC4CCCC4)C3)C2)CC1
C1CCC(CCC2CCC(C3CCC4C(CCC4C4CCCCC4)C3)CC2)CC1
C1CCC(C2CC3CCCC3C3CCC4CCCCCC4C23)CC1
C1CCC(CCC2CCC3C(CCC3C3CCCC(CC4CCCCC4)C3)C2)CC1
C1CCC(CCCC(CCC2CCCCC2)CCC2CCC3CCCC3C2)CC1
C1CCC(CCC2CCC3C(CCC3C3CCCCC3)C2)CC1
C1CCC(CC2CCC3C(CC4CCCCC4)CCC3C2)CC1
C1CCC(CCCCC2CC3CCCCC3C2)CC1
C1CCC2CCC(C3CCCC4CCCC43)CC2CC1
C1CCC(CCCCCC2CC3CCCCC3C2)CC1
C1CCC(C2CC3CCCC3C3CCC4CCCCC4C23)CC1
C(CCC1CCC2C(CCC3C4CCCC4CCC23)C1)CC1CCC(C2CC3CCCC3C3CCC4CCCCC4C23)CC1
C1CCC2CCC(C3CCCC4CCCC43)CC2CC1
C1CCC2C(C1)CCCC2CCCC1CCCC2C1CCC1C3CCCCC3CCC21
C1CCC(CC2CC3CCCCC3C3CCC4CCCCC4C23)CC1
C1CCC(C2CCC3CC4C(CCC45CCCC5)CC32)CC1
C1CCC(CCC2CCC3C(CCC4C5CCCC5CCC34)C2)CC1
C(CCCCC1CCC2C(CCC3C4CCCC4CCC23)C1)CCCC1CCCC(CC(CC2CCC(CC3CCCCC3)CC2)C2CCCCC2)C1
C1CCC2CC(CCCC3CCC4C3CCC3C5CCCCC5CCC43)CCC2C1
C1CCC(CCC2CCC3C(CCC4C5CCCCC5CCC34)C2)CC1
C1CCC(CCC2CCC(CCC3CCCC(CC4CCCC4)CC3)CC2)CC1
C1CCC(C2CCC3CC4C(CCC45CCCCCC5)CC32)CC1
C(CCCC1CCCCC1)CCCC1CCC(C2CCCCC2)C1
C1CCC2CC(C3CCCC4CCCC43)CCC2C1
C1CCC2CC(C3CCCC4CCCC43)CCC2C1
C1CCC(CC2CCC(CC(CC3CCCCC3)C3CCCCC3)CC2)CC1
C(CCC1CCCC2CCCCC12)CC1CCC2CCCCC2C1
C1CCC(CCCC2CCC3CCC(C4CCCC5CCCC54)CC3CC2)CC1
C1CCC(C2CCC3CCCC3C3CCC4CCCCC4C23)CC1
C1CCC(C2CC3CCCCC3C3CCCCC23)CC1
C1CCC(CCC2CCC3C2CCC2C4CCCCC4CCCC32)C1
C1CCC(CCCC2(CCC3CCCC3)CCC3C4CCCC5CCCCC5C4CCC32)CC1
C1CCC(C2CCC3C(CCCCCC4CCC(C5CCCC5)C4)CCCC23)CC1
C1CCC(CCC2CCC3C(CCC4C5CCCCC5CC(CCC5CCCCC5)C34)C2)CC1
C1CCC(CCC2CCC3C(CCC3C3CCCCC3)C2)CC1
C1CCC(CCCCC2CCC3CCCCC23)CC1
C1CCC(CCCCC2CC3CCCCC3C2)CC1
C1CCC2C(C1)CC(C1CCCC1)C1CCCC21
C1CCC(CC2CC3CCCCC3C3CCC4CCCCCC4C23)CC1
C1CCC2C(C1)CCC1C2CCC2C3CCCC3CC21
C1CCC(C2CCC3CC4C(CCC5C6CCC(CCCC7CC8CCCCC8C7)C6CCC45)CC32)CC1
C1CCC(C2CCC3CCCC3C3CCC4CCCCC4C23)CC1
C1CCC(CC2CC3CCCCC3C3CCC4CCCCCC4C23)CC1
C1CCC(CCCCC2CC3CCCCC3C2)CC1
C1CCC(CCCCC2CC3CCCCC3C2)CC1
C1CCC(C2CC3CCCC3C3CCC4CCCCC4C23)CC1
C1CCC(CCCCCC2CCC3CCCCC23)CC1
C(CCCC1CCCC2C(C3CCCCC3)CCC12)CCC1CCCCC1
C1CCC2CCC3C4CCCC4CCC3C2CC1
C(CCC1CCC2C1CCC1C3CCCCC3CCC21)CC1CC2CCCCC2C1
C1CCC(C2CC3CCCC3C3CCC4CCCCCC4C23)CC1
C1CCC(CCC2CC3CCCCC3C3CCC4CCCCC4C23)C1
C1CCC(C2CCC(C3CC4CCCC4C4CCC5CCCCC5C34)CC2)C1
C1CCC(C2CC3CCCC(C3)C3CCC4CCCCC4C32)CC1
C(CCCC1CCCC2C(C3CCCCC3)CCC12)CCC1CCCCC1
C1CCC(C2CCC(CC3CC4CCCCC4C4CCC5CCCCC5C34)CC2)CC1
C1CCC(CCCCCC2CCC3CCCCC23)CC1
C1CCC(CCC2CCCCCC23CCC2C(CCC2C2CCCCC2)C3)CC1
C(CCCC1CCCCC1)CCCC1CCC(C2CCCCC2)C1
C1CCC(CCC(CC2CC2)CC2CC3CCCCC3C2)CC1
C1CCC(CCCCC2CC3CCCCC3C2)CC1
C1CCC2C(C1)CCC1C3CCCC3CCC21
C1CCC(CCCCC2CC3CCCCC3C2)CC1
C1CCC2CC(C3CCCC4CCCC43)CCC2C1
C1CCC(CCCCC2CC3CCCCC3C2)CC1
C1CCC2C(C1)CCC1C3CCCC3CCC21
C1CCC(C2CCC3CC4C(CCC5C6CCC(CCCC7CCC8CCCCC8C7)C6CCC45)CC32)CC1
C1CCC(C2CC3CCCCC3C3CCCCC23)CC1
C1CCC(CCC2CCC3C(CCCC4CCCCC43)C2)CC1
C1CCC(C2CCC(CCCCCC3CCCCC4CCCCC34)C2)CC1
C(CCC1CCCC2CCCC12)CC1CC2CCCCC2C1
C1CCC(CCCC2CCCC3CCC(C4CCCC5CCCC54)CC3C2)CC1
C1CCC(CC2CC3CCCCC3C3CCC4CCCCCC4C23)CC1
C1CCC(CCCCCC2CC3CCCCC3C2)CC1
C1CCC2CCC3CCCCC3C2CC1
C1CCC2CC(CCCC3CCC4C3CCC3C5CCCCC5CCC43)CCC2C1
C1CCC(CCCCC2CCC3CCC(C4CCCC5CCCC54)CC3C2)CC1
C1CCC2CC(CCCC3CCCC4C3CCC3C5CCCCC5CCC43)CC2C1
C1CCC(CCCC2(CCC3CCCC3)CCC3C4CCCC5CCCCC5C4CCC32)CC1
C1CCC(CCC2CCC(C3CC3)CC2)CC1
C1CCC2C(C1)CCC1C3CCCC3CCC21
C1CCC(CCCCCC2CCC3CCCCC23)CC1
C1CCC2CCC(C3CCCC4CCCC43)CC2CC1
C1CCC(CC2CCC3CCCCC3C3CCC4CCCCC4C23)CC1
C(CCCC1CCCC2CCCCC12)CCC1CCC(C2CCCC2)C1
C1CCC(CCCC2CCC3C2CCC2C4CCCCC4CCC32)C1
C1CCC(CCCC2CCC3CCC(C4CCCC5CCCC54)CC3CC2)CC1
C1CCC(CC2CCCC2CC2CCC3CCCCC3C3CCC4CCCCC4C23)CC1
C1CCC(CCCCC2CCC3CCCCC23)CC1
C1CCC(C2CCC3CCCC3C3CCC4CCCCC4C23)CC1
C1CCC(C2CC3CCCC3C3CCC4CCCCC4CC23)CC1
C1CCC(CCCC2CCCC(C3CCC4CC(CCCC5CCC6CCCCC6C5)CCC43)C2)CC1
C1CCC(CCCC2CCC3CCC(C4CCCC5CCCC54)CC3C2)CC1
C1CCC(CC2CCCC(CCC3CC4CCCCC4C4CCC5CCCCC5C34)C2)CC1
C1CCC(C2CCC3CC4C(CCCC45CCCCCC5)CC32)CC1
C1CCC(CCC2CCC(C3CCC4C(CCC4C4CCCCC4)C3)CC2)CC1
C1CCC(CC2CC3CCCCC3C3CCC4CCCCC4C23)CC1
C1CCC2C(C1)CCC1CCCCC12
C1CCC(C2CCC3CC4C(CCC5C6CCCCC6CCC45)CC32)CC1
C1CCC(C2CCC3CC(C4CCC(CCC5CCCC5)CC4)CCC32)CC1
C1CCC(CC2CC3CCCCC3C3CCC4CCCCC4C3C2)C1
C1CCC(CCCCCC2CCCC3C(C4CCCCC4)CCC23)CC1
C1CCC(CCC2CCC3C(CCC3C3CCCCC3)C2)CC1
C1CCC(C2CC3CCCC3C3CCC4CCCCC4C23)CC1
C1CCC(CCC2CCC3C(CC4CCCCC4)CCC3C2)CC1
C1CCC2CCC3C4CCCC4CCC3C2CC1
C(CCC1CCCC2CCCCC12)CC1CC2CCCCC2C1
C1CCC2CCC3C4CCCC4CCC3C2CC1
C1CCC(CCC2CCC(C3CCC4C(CCC4C4CCCCC4)C3)CC2)CC1
C1CCC2CC(CCCC3CCC4C3CCC3C5CCCCC5CCC43)CC2C1
C1CCC2C(C1)CCCC2CCCC1CCCC2CCCCC21
C1CCC2CC3CCC4C(CCCC5CC6CCCCC6C5)CCC4C3CCC2C1
C1CCC2CC(CCCC3CCC4C3CCC3C5CCCCC5CCC43)CCC2C1
C(CCC1CC2CCCCC2C1)CCC1CCCC2CCCC12
C1CCC(CCCC2CCC(C3CCC4C(CCC4C4CCCCC4)C3)CC2)CC1
C1CCC(CCC2CCC3C(CCC4CCC(C5CCCCC5)CCC43)C2)CC1
C1CCC(CCCCCC2CCC3CCCCC23)CC1
C1CCC2CCC(C3CCC4CCCCC43)CC2CC1
C1CCC2C(C1)CCC1C3CCCCC3CCC21
C1CCC2C(C1)CCC1CCCCC12
C(CCC1CCC2CCCCC2C1)CCC1CCCC2CCCCC12
C1CCC(C2CC3CCCC3C3CCC4CCCCC4C23)CC1
C(CCC1CCCC2CCCCC12)CC1CC2CCCCC2C1
C1CCC(CCCCC2CCC3CCCCC23)CC1
C1CCC(C2CC3C(CCC34CCCC4)C3CCC4CCCCC4CC23)CC1
C1CCC2CC(CC3CCCC4CCCC43)CCC2C1
C1CCC(CCC2CCC3C(CCC3C3CCCC(CCCC4CCCC4)C3)C2)CC1
C1CCC(C2CC3CCCC3C3CCC4CCCCC4C23)CC1
C1CCC(C2CC3CCCC3C3CCC4CCCCC4C23)CC1
C1CCC(C2CCC3CC4C(CCC5C6CCC(CCCC7CCC8CCCCC8C7)C6CCCC45)CC32)CC1
C1CCC(CCCCCC2CC3CCCCC3C2)CC1
C1CCC(CCCCC2CC3CCCCC3C2C2CCCCC2)CC1
C1CCC(CCCCCC2CCCC3C(C4CCCCC4)CCC23)CC1
C1CCC2CC(C3CCCC4CCCC43)CCC2C1
C1CCC(CC2CC3CCCCC3C2C2CCCCC2)CC1
C1CCC(CCC2CCC3C(CCC3C3CCCC(CCCC4CCCC4)C3)C2)CC1
C1CCC(C2CC3CCCC3C3CCC4CCCCC4C23)CC1
C1CCC2CCC(C3CCCC4CCCC43)CC2CC1
C(CCCC1CCCC2C(C3CCCCC3)CCC12)CCC1CCC(C2CCCC2)C1
C1CCC(C2CC3CCCC3C3CCC4CCCCCC4C23)CC1
C1CCC(CCCC2CCC3C2CCC2C4CCCCC4CCCC32)C1
C1CCC2CC(C3CCCC4CCCC43)CCC2C1
C1CCC(C2CCC3C(CCC34CCCC4)C3CCC4CCCCC4C23)CC1
C1CCC(CCC(CC2CCCCC2)C2CCCCC2)CC1
C1CCC2C(C1)CCC1C2CCC2C3CCCC3CC21
C1CCC2CC(C3CCCC4CCCC43)CCC2C1
C1CCC(CCC2CCC(CCC3CCCCC3)CC2)CC1
C1CCC(C2CC3CCCC3C3CCC4CCCCC4C23)CC1
C1CCC(C2CCC3CC4C(CCC5C6CCC(CCCC7CCC8CCCCC8C7)C6CCC45)CC32)CC1
C1CCC(C2CCC(CCCCCC3(C4CCCCC4)CCC3)C2)CC1
C1CCC(CC2CC3CCCCC3C3CCC4CCCCC4C23)CC1
C1CCC(CCCCCC2CC3CCCCC3C2)CC1
C1CCC2CCC3C4CCCCC4CCC3C2CC1
C1CCC(CCC(CC2CCCCC2)C2CCCCC2)CC1
C1CCC(CCCCC2CC3CCCCC3C2)CC1
C1CCC(CCC2CCC(C3CCC4C(CCC4C4CCCCC4)C3)CC2)CC1
C(CCCC1CCCCC1)CCCC1CCC(C2CCCCC2)C1
C1CCC(CCC2CCC(C3CC3)CC2)CC1
C1CCC(CCC2CCC(CCC3CCCC(CC4CCCC4)CC3)CC2)CC1
C1CCC2CCC(C3CCCC4CCCC43)CC2CC1
C(CCCC1CCCCC1)CCCC1CCC(C2CCCCC2)C1
C1CCC(CC2CC3CCCCC3C3CCC4CCCCCC4C23)CC1
C1CCC(CCCCCC2CCC3CCCCC23)CC1
C1CCC(C2CC3CCCC3C3CCC4CCCCC4C23)CC1
C1CCC2CCC3C(CCC4C3CCC4(CCCC3CC4CCCCC4C3)CCC3CCCC3)C2CC1
C1CCC(CCC2CCC3C(CCCC4C5CCCC5CC(CCC5CCCCC5)C34)C2)CC1
C1CCC(CCC2CCC3C(CCC3C3CCCC(CCC4CCCC4)C3)C2)CC1
C(CCCC1CCCCC1)CCCC1CCC(CC2CCCCC2)C1
C1CCC(CCCCC2CC3CCCCC3C2)CC1
C1CCC2CC(C3CCCC4CCCC43)CCC2C1
C1CCC2C(C1)CCC1CCCCC12
C1CCC(CCCCC2CCCC3CCC(C4CCCC5CCCC54)CC23)CC1
C1CCC(CCCCCC2CCC3CCCCC23)CC1
C1CCC(CC2CCC3C(CCC3C3CCCCC3)C2)CC1
C1CCC2CC(C3CCCC4CCCC43)CCC2C1
C1CCC(CCC2CCC3C(CC4CCCCC4)CCC3C2)CC1
C(CCC1CCCC2CCCCC12)CC1CCCC2CCCCC12
C1CCC(CCC2CCC(C3CCC4C(CCC4C4CCCCC4)C3)CC2)CC1
C1CCC(CCCCC2CC3CCCCC3C2)CC1
C1CCC2CC(CCCC3CCC4C5CCC6CCCCC6C(CCC34)C5)CC2C1
C1CCC(C2CC3CCCC3C3CCC4CCCCCC4C23)CC1
C1CCC(CCCCC2CCCC3CCCC23)CC1
C(CCC1CCCC2CCCCC12)CC1CCC2CCCCC2C1
C(CCCC1CCC2CCCC2C1)CCCC1CCC(C2CCCCC2)C1
C1CCC(CCCCC2CCC3CCCCC3C2)CC1
C1CCC(CC2CC3CCCCC3CC3CCC4CCCCC4C32)CC1
C1CCC(CCCCCC2CC3CCCCC3C2)CC1
C1CCC2C(C1)CC(C1CCCC1)C1CCCC21
C1CCC(CCCC2CCC(C3CCC4C(CCC4C4CCCCC4)C3)CC2)CC1
C(CCCC1CCCCC1)CCCC1CCC(C2CCCCC2)C1
C1CCC(C2CC3CCCC3C3CCC4CCCCC4C23)CC1
C1CCC(C2CCC(CCCC3CCC4C3CCC3C5CCCCCC5CCC43)C2)CC1
C1CCC2C(C1)CCCC1C3CCCC3CCC21
C1CCC(C2CCC3CCCC3C3CCC4CCCCC4C23)CC1
C(CCCC1CCCC2C(C3CCCCC3)CCC12)CCC1CCCCC1
C1CCC(CCC(CC2CCCCC2)C2CCCCC2)CC1
C1CCC(CCC2CCC3C(CCC3C3CCCCC3)C2)CC1
C1CCC2C(C1)CCC1C3CCCC3CCC21
C1CCC(CCC2CCC(CCC3CCCC(CC4CCCC4)C3)CC2)CC1
C1CCC(C2CCC3CC4C(CCC5C6CCCC(CCCC7CC8CCCCC8C7)C6CCC45)CC32)CC1
C1CCC(CCCCCC2CC3CCCCC3C2)CC1
C1CCC(CCC2CCCC3CC4C(CCC4C4CCCCC4)CC23)CC1
C1CCC(CC2CCC3CC4C(CCC45CCCCC5)CC23)CC1
C(CCC1CC2CCCCC2C1)CCC1CCCC2CCCC12
C1CCC(CCCCC2CC3CCCCC3C2)CC1
C1CCC(C2CCC3C(CCC4CCCCC43)C2)CC1
C1CCC(CCCCC2CC3CCCCC3C2)CC1
C1CCC2C(C1)CCCC2CCCC1CCC2C1CCC1C3CCCCC3CCCC21
C1CCC2CC(C3CCCC4CCCC43)CCC2C1
C1CCC(C2CCC3CC4C(CCC32)CCC2C3CCC(CCCC5CC6CCCCC6C5)C3CCC42)CC1
C1CCC(CC2CCC3CCCCC3C3CCC4CCCCC4C23)CC1
C1CCC(CC2CC3CCCCC3C3CCC4CCCCCC4C23)CC1
C(CCC1CCCC2CCCCC12)CC1CC2CCCCC2C1
C1CCC(CCC2CCC(C3CC3)CC2)CC1
C1CCC(C2CC3C(CCC34CCCC4)C3CCC4CCCCCC4C23)CC1
C1CCC(C2CCC3CC4C(CCC32)CCC42CCCC2)CC1
C1CCC2CCC(C3CCCC4CCCC43)CC2CC1
C1CCC(CCCCCC2CCCC3C(C4CCCCC4)CCC23)CC1
C1CCC2CC(CCCC3CCCC4C3CCC3C5CCCCC5CCC43)CC2C1
C1CCC(C2CCC3CC4C(CCC5C6CCC(CCCC7CCC8CCCCC8C7)C6CCCC45)CC32)CC1
C1CCC(CCC2CCC3C2CCC(C2CCCCC2)C2C4CCCCC4CCCC32)CC1
C1CCC(CC2CCC3C(CCC3C3CCCCC3)C2)CC1
C1CCC2C(C1)CCC1C2CCC2C3CCCC3CCC21
C1CCC(CCCCCC2CC3CCCCC3C2)CC1
C1CCC(CCCC23CCCC2CC2C4CCC5CCCCC5C4CCC23)CC1
C1CCC(CCCCCC2CC3CCCCC3C2)CC1
C1CCC(CCCCC2CC3CCCCC3C2)CC1
C1CCC(CCC2CCCC3CC4C(CCC4C4CCCCC4)CC23)CC1
C1CCC(CCCCC2CC3CCCCC3C2)CC1
C(CCC1CCCC2CCCC12)CC1CC2CCCCC2C1
C(CCCC1CCCC2C(C3CCCCC3)CCC12)CCC1CCCCC1
C(CCC1CCCC2CCCCC2C1)CCC1CCC(C2CCCCC2)C1
C1CCC(CCCCC2CCC3CCC(C4CCCC5CCCC54)CC3C2)CC1
C(CCCC1CCCC2C(C3CCCCC3)CCC12)CCC1CCCCC1
C1CCC(C2CCC(CCCCCC3CCCC4CCCCC34)C2)CC1
C1CCC2CCC(C3CCCC4CCCC43)CC2CC1
C1CCC(CCCCC2CC3CCCCC3C2)CC1
C1CCC(CCCCCC2CC3CCCCC3C2)CC1
C1CCC(CCCCC2CC3CCCCC3C2)CC1
C1CCC(C2CC3CCCC3C3CCC4CCCCC4C23)CC1
C1CCC(C2CC3CCCC3C3CCC4CCCCC4C23)CC1
C1CCC(C2CCC3CC4C(CCCC45CCCC5)CCC32)CC1
C1CCC(CCCC2(CCCC3CC4CCCCC4C3)CCC3C4CCC5CCCCC5C4CCC32)C1
C1CCC(CC2CCC(CC(CC3CCCCC3)C3CCCCC3)CC2)CC1
C1CCC2CCC(C3CCCC4CCCC43)CC2CC1
C1CCC(CCCCC2CC3CCCCC3C2)CC1
C1CCC(C2CCC3CC4C(CCCC45CCCC5)CC32)CC1
C1CCC(CC2CC3CCCCC3CC3CCC4CCCCC4C32)C1
C(CCC1CCCC2CCCC12)CC1CC2CCCCC2C1
C1CCC(C2CCC3CC4C(CCCC5CCC5)CCCC4CC32)CC1
C1CCC2C(C1)CCC1C3CCCC3CCC21
C1CCC(CCCC(CC2CCC3C(CC4CCCCC4)CCC3C2)C2CCCCC2)CC1
C1CCC2C(C1)CCC1C3CCCC3CCCC21
C1CCC(CCC(CCC2CCC3CCCC3C2)CC2CCCCC2)CC1
C1CCC2CC(C3CCCC3)CCC2C1
C1CCC2CC3CCC(C4CCCCC4)C3CC2CC1
C1CCC2CCC3C4CCCCC4CC(CC4CCCC4)C3C2CC1
C1CCC(C2CCC3CC4C(CCCC5C6CCC(CCCC7CC8CCCCC8C7)C6CCC45)CC32)CC1
C1CCC(CCCCCC2CC3CCCCC3C2)CC1
C1CCC(CCC2CCC3C(CC4CCCCC4)CCC3C2)CC1
C1CCC(CCCCC2CC3CCCCC3C2)CC1
C1CCC(C2CC3C(CCC4CC4)CCC3C3CCC4CCCCCC4C23)CC1
C1CCC2C(C1)CCC1C3CCCCC3CCC21
C1CCC(CCCCCC2CC3CCCCC3C2)CC1
C(CCCCC1CCC(C2CCCCC2)C1)CCCC1CCCCC1
C1CCC(C2CCC3C(CCCCCC4CCC(C5CCCC5)C4)CCCC23)CC1
C1CCC(CCCCC2CC3CCCCC3C2)CC1
C1CCC(C2CC3CCCC3C3CCC4CCCCCC4C23)CC1
C1CCC(CCCCC2CCC3CCCCC23)CC1
C(CCC1CCCC2CCCCC12)CC1CCC2CCCCC2C1
C1CCC(CCCCCC2CC3CCCCC3C2)CC1
C(CCC1CCCC2CCCCC12)CC1CCC2CCCCC2C1
C1CCC(CC2CCC3CCCCC3C3CCC4CCCCC4C23)C1
C1CCC(CCC2CCC3C(CCC4CCCCC43)C2)CC1
C1CCC2CCC(C3CCCC4CCCC43)CC2CC1
C(CCCC1CCCC2C(C3CCCCC3)CCC12)CCC1CCCCC1
C1CCC(CCC2CCCCC3CC4C(CCC4C4CCCCC4)CC23)CC1
C1CCC(CCCCC2CCC3CCCCC23)CC1
C1CCC2CC(C3CCCC3)C3CCCC3C2CC1
C1CCC2CC(C3CCCC4CCCC43)CCC2C1
C1CCC(CCC2(CCCC3CC4CCCCC4C3)CCC3C4CCC5CCCCC5C4CCC32)C1
C1CCC(C2CCC3CC4C(CCC5C6CCC(CCCC7CC8CCCCC8C7)C6CCC45)CC32)CC1
C1CCC2CC(C3CCCC4CCCC43)CCC2C1
C1CCC(C2CC3CCCCC3C3CCCCC3C2)CC1
C1CCC2CCC(C3CCCC4CCCC43)CC2CC1
C1CCC(CCC2CCC(C3CC3)CC2)CC1
C(CCC1CCC2C1CCC1C3CCCCC3CCC21)CC1CC2CCCCC2C1
C1CCC(CCCC2CC3CCCC3C3CCC4CC(CCC5CCCCC5)CCC4C23)CC1
C1CCC(CCCC2CCCCC2)CC1
C1CCC(CC2CC3CCCCC3C3CCC4CCCCC4C23)CC1
C1CCC(CCCCCC2CC3CCCCC3C2)CC1
C1CCC2CCC3C(CCC4C3CCC4(CCCC3CCC4CCCCC4C3)CCC3CCCC3)C2CC1
C(CCC1CCCC2CCCC12)CC1CC2CCCCC2C1
C1CCC(CCCCC2CCC3CCC(C4CCCC5CCCC54)CC3C2)CC1
C1CCC2C(C1)CCCC1C3CCCC3CCC21
C1CCC2CC(C3CCCC4CCCC43)CCC2C1
C1CCC(CC2CCC3C(CC4CCCCC4)CCC3C2)CC1
C1CCC(CCCCC2CC3CCCCC3C2)CC1
C1CCC(C2CCC3CCC4C(CC5CCC6CCCCC65)CCCC4CC32)CC1
C1CCC(CCC2CC3CCCCC3C3CCC4CCCCC4C23)C1
C1CCC(C2CCC3C(CCCCCC4CC4)CCCC23)CC1
C1CCC(CCCCC2CC3CCCCC3C2)CC1
C1CCC2CC(CC3CCCC4CCCC43)CCC2C1
C1CCC(CCC2CCC(CCC3CCCC(CC4CCCC4)C3)CC2)CC1
C(CCC1CCCC2CCCCC12)CC1CCC2CCCCC2C1
C1CCC(C2CCC3CC4C(CCCC5C6CCC(CCCC7CC8CCCCC8C7)C6CCC45)CC32)CC1
C1CCC2CCC(C3CCC4CCCCC43)CC2CC1
C1CCC(C2CC3CCCC3C3CCC4CCCCC4C23)CC1
C1CCC(CCC2CCC(C3CC3)CC2)CC1
C1CCC(CCC2CCC3C(CCC3C3CCCCC3)C2)CC1
C1CCC(C2CCC(CCCC3CCC4C3CCC3C5CCCCC5CCC43)C2)CC1
C1CCC2C(C1)CC(C1CCCC1)C1CCCCC21
C1CCC(CCC2CCC(C3CCC4C(CCC4C4CCCCC4)C3)CC2)CC1
C1CCC(C2CCC3(CCC4CCC5C(CCC5C5CCCCC5)CC43)C2)CC1
C1CCC(CC2CCCCC2CC2CC3CCCCC3C3CCC4CCCCCC4C23)CC1
C1CCC(CCC2CCCCC3CC4C(CCC4C4CCCCC4)CC23)CC1
C1CCC(CCC2CCC3C(CCC3C3CCCCC3)C2)CC1
C1CCC2C(C1)CCCC1C3CCCC3CCC21
C1CCC(CC2CCC3CC4C(CCC45CCCC5)CC23)CC1
C1CCC2CC(C3CCCC4CCCC43)CCC2C1
C1CCC(C2CC3CCCCC3CC3CCCCC32)CC1
C1CCC2CCC3CCCCC3C2CC1
C1CCC(CC2CC3CCCCC3C3CCC4CCCCCC4C23)CC1
C1CCC(CCCC2CCC3CCC(C4CCCC5CCCC54)CC3CC2)CC1
C1CCC(CCCCC2CCC3CCC(C4CCCC5CCCC54)CC3C2)CC1
C1CCC(CCCCCC2CC3CCCCC3C2)CC1
C1CCC(C2CC3CCCC3C3CCCC4CCCCC4C23)CC1
C1CCC(CC2CC3CCCCC3CC3CCC4CCCCC4C32)CC1
C1CCC(CCC2CCC3C(CCC4C5CCCC5CCC34)C2)CC1
C(CCCC1CCCCC1)CCCC1CCC(C2CCCCC2)C1
C1CCC(CCC(CC2CCC3C(CC4CCCCC4)CCC3C2)C2CCCCC2)CC1
C1CCC2C(C1)CCC1CCCCC12
C1CCC2CCC3CCCCC3C2CC1
C1CCC2CCC3C4CCCC4CCC3C2CC1
C1CCC(C2CC3CCCC3C3CCC4CCCCC4C23)CC1
C(CCC1CCCCC2CCCCC12)CC1CCC2CCCCC2C1
C1CCC(CCC2CCC(CCC3CCCC(CC4CCCC4)C3)CC2)CC1
C(CCCC1CCCCC1)CCCC1CCC(C2CCCCC2)C1
C1CCC(C2CCC(C3CC4CCCC4C4CCC5CCCCC5C34)CC2)C1
C1CCC(CCCC2CCCC(C3CCC4CC(CCC5CCC6CCCCC6C5)CCC43)C2)CC1
C(CCC1CCCC2CCCCC12)CC1CCC2CCCCC2C1
C1CCC(CC2CC3CCCCC3C3CCC4CCCCCC4C23)CC1
C1CCC(CCCC2CCC3C(CCC3C3CCCCC3)C2)CC1
C1CCC(C2CC3CCCCC3CC3CCCCC32)CC1
C1CCC2CCC3C4CCC(CCCC5CC6CCCCC6C5)C4CCC3C2CC1
C1CCC(CCCC2CCC3C(CCC3C3CCCCC3)C2)CC1
C1CCC(CCCC2CCC3C(CCC3C3CCCCC3)C2)CC1
C1CCC(C2CCC3CC4C(CC5CCC6CCCCC65)CCCCC4CC32)CC1
C1CCC(CCCCC2CC3CCCCC3C2)CC1
C1CCC(C2CCC3CC4C(CCC5C6CCC(CCCC7CCC8CCCCC8C7)C6CCC45)CC32)CC1
C1CCC(CCC2CCC(CCC3CCCC(CC4CCCC4)C3)CC2)CC1
C1CCC(CCCCC2CC3CCCCC3C2)CC1
C(CCC1(CC2CCCC2)CCCC2CCCCC21)CC1CCC2CCCCC2C1
C1CCC2CC(CCCC3CCC4C3CCC3C5CCCCC5CCC43)CCC2C1
C1CCC2CCC(C3CCCC4CCCC43)CC2CC1
C(CCC1CCCC2CCCCC12)CC1CCCC2CCCCC12
C1CCC2CCC(C3CCCC3)CC2CC1
C1CCC2CCC(C3CCCC4CCCC43)CC2CC1
C1CCC(CCCCCC2CC3CCCCC3C2)CC1
C1CCC(CCCCCC2CC3CCCCC3C2)CC1
C1CCC2CCC3C(CCC4C3CCC4(CCCC3CCC4CCCCC4C3)CCC3CCCC3)C2CC1
C(CCCCCCC1CCC2C1CCC1C3CCCCC3CCC21)CCCCCC1CCC(CCC2CCC(CCC3CCCC3)C2)C1
C1CCC2CCC(C3CCCC4CCCC43)CC2CC1
C1CCC(CCCC2CCC(C3CCC4C(CCC4C4CCCCC4)C3)CC2)CC1
C1CCC2CCC3C4CCCCC4CCC3C2CC1
C1CCC2CCC3C4CCCCC4CC(CC4CCCC4)C3C2CC1
C1CCC(C2CC3CCCC3C3CCC4CCCCC4C23)CC1
C1CCC(C2CCC3C(CCC4CCCCC43)C2)CC1
C1CCC(C2CCC3C(CCCC4CCCCC43)C2)CC1
C1CCC(CCC2CCC3C(CCC3C3CCCC(CCC4CCCC4)C3)C2)CC1
C1CCC(C2CCC3CC4(CCCCC4C4CCCCC4)CCCC32)CC1
C1CCC2CC3CCC4C(CCCC5CC6CCCCC6C5)CCC4C3CCC2C1
C1CCC(CCC2CCC3C(CCC4C5CCCC5CC(CCC5CCCCC5)C34)C2)CC1
C(CCC1CCCCC2CCCCC12)CC1CCC2CCCCC2C1
C1CCC(C2CCC3CC4C(CCC45CCCCCC5)CC32)CC1
C1CCC(CCC2CCC3C(CCC3C3CCCCC3)C2)CC1
C1CCC2CCC3C4CCCC4CCC3C2CC1
C1CCC2CCC(C3CCCC4CCCC43)CC2CC1
C1CCC2CCC3CCCCC3C2CC1
C1CCC(CCCCC2CCC3CCCC3C2)CC1
C1CCC(C2CCC3C(CCCCCC4CCC(CC5CCCC5)C4)CCCC23)CC1
C1CCC(CCCCC2CC3CCCCC3C2)CC1
C1CCC(CCCCCC2CC3CCCCC3C2)CC1
C1CCC(C2CCC3CCC4C(CCC5C6CCC(CCCC7CC8CCCCC8C7)C6CCC45)CC32)CC1
C1CCC(CCCCC2CC3CCCCC3C2)CC1
C1CCC(C2CCC3CCC4C(CCC45CCCC5)CC32)CC1
C1CCC(C2CCC3CCCC3C3CCC4CCCCC4C23)CC1
C1CCC(C2CC3CCCCC3C3CCCCC23)CC1
C1CCC2C(C1)CCC1C2CCC2C3CCCC3CC21
C1CCC(CCCCCC2CCCC3C(CC4CCCCC4)CCC23)CC1
C(CCC1CCCC2CCCC12)CC1CC2CCCCC2C1
C(CCC1CCC2CCCCC2C1)CCC1(C2CCCC2)CCCC2CCCCC21
C1CCC(CCC2CCC3C(CCC3C3CCCCC3)C2)CC1
C1CCC2CCC(C3CCCC4CCCC43)CC2CC1
C1CCC(CC2CC3CCCCC3CC3CCC4CCCCC4C32)CC1
C1CCC(CCCCC2CC3CCCCC3C2)CC1
C1CCC(C2CCC3CC4C(CCC45CCCC5)CC32)CC1
C1CCC2CC(CCCC3CCC4C3CCCC3C5CCCCC5CCC34)CC2C1
C1CCC2CCC3C4CCCC4CCC3C2CC1
C1CCC2CCC(C3CCCC4CCCC43)CC2CC1
C1CCC(CCCC2CCC(C3CC3)CC2)CC1
C1CCC(C2CCC3CC4(CCCCCCC4C4CCCCC4)CCC32)CC1
C1CCC(CCCCCC2CC3CCCCC3C2)CC1
C1CCC(CCCCC2CC3CCCCC3C2)CC1
C1CCC(CC2CC3CCCCC3C3CCC4CCCCC4C3C2)CC1
C(CCCC1CCC2CCCC2C1)CCC1CCCCC1
C1CCC(CC2CCC3CC(C4CCC(CCC5CCCC5)CC4)CCC23)CC1
C1CCC(CCCC2CCC3C(CCC3C3CCCCC3)C2)CC1
C1CCC2C(C1)CCC1CCCCC12
C1CCC(C2CCC3C(CCC4CCCCC43)C2)CC1
C1CCC2C(C1)CCC1C3CCCC3CCC21
C1CCC(CCCCCC2CCC3CCCCC23)CC1
C1CCC(C2CCC3CC4C(CCC5C6CCC(CCCC7CC8CCCCC8C7)C6CCC45)CC32)CC1
C1CCC(C2CCC3CCC4C(CCC45CCCCC5)CC32)CC1
C(CCCC1CCC2CCCC2C1)CCCC1CCC(C2CCCCC2)C1
C1CCC(CC2CC3CCCCC3C3CCC4CCCCC4C23)C1
C1CCC(CCCCCC2CCC3CCCCC23)CC1
C1CCC2CC(C3CCCC4CCCC43)CCC2C1
C1CCC(CC2CCCC(C3CCC4CC(CCC5CCC6CCCCC6C5)CCC43)C2)C1
C1CCC2CCC(C3CCC4CCCCC43)CC2CC1
C1CCC(CCCCCC2CCCC3C2CCC3C2CCCC(CCC3CC3)C2)CC1
C(CCCC1CCCC2C(C3CCCCC3)CCC12)CCC1CCCCC1
C1CCC(C2CCC3CCCC3C3CCCC4CCCCC4C23)CC1
C1CCC2CCC3C4CCCC4CCC3C2CC1
C1CCC(CCCCCC2CCC3CCCCC23)CC1
C1CCC(CCCCC2CC3CCCCC3C2)CC1
C1CCC(CC2CC3CCCCC3C3CCC4CCCCC4C23)C1
C1CCC(CCCC(CCC2CCC3CCCC3C2)CC2CCCCC2)CC1
C1CCC2C(C1)CCC1C3CCCC3CCC21
C1CCC(CCCC2CCC3CCC(C4CCCC5CCCC54)CC3C2)CC1
C1CCC2CC(CCCC3CCC4C3CCC3C5CCCCC5CCC43)CC2C1
C1CCC(CC2CCC(CC(CC3CCCCC3)C3CCCCC3)CC2)CC1
C1CCC(C2CCC3CCCC3C3CCC4CCCCC4C23)CC1
C1CCC(CC2CCC3(CCC4CC5C(CCC5C5CCCCC5)CC43)C2)CC1
C1CCC(CCC2CCC3C(CCC3C3CCCCC3)C2)CC1
C1CCC(CCC2CCC(CCC3CCCC(CC4CCCC4)C3)CC2)CC1
C1CCC(C2CC3CCCC3C3CCC4CCCCC4C23)CC1
C1CCC2CC(C3CCCC4CCCC43)C3CCCC3C2CC1
C1CCC(CCC2CCC3C(CCC3C3CCCCC3)C2)CC1
C1CCC(CCCCCC2CC3CCCCC3C2)CC1
C1CCC(C2CCC3CCC4C(CCC5C6CCC(CCCC7CCC8CCCCC8C7)C6CCC45)CC32)CC1
C1CCC(CCC(CCC2CCC3CCCC3C2)CC2CCCCC2)CC1
C1CCC(C2CCC3C(CCC4CCCCC43)C2)CC1
C(CCC1CCCC2CCCCC12)CC1CCC2CCCCC2C1
C(CCCC1CCCCC1)CCCC1CCC(C2CCCCC2)C1
C(CCCC1CCCC2CCCCC12)CCC1CCC(C2CCCCC2)C1
C1CCC(CCCCC2CC3CCCCC3C2)CC1
C1CCC(CCCCC2CC3CCCCC3C2)CC1
C1CCC2C(C1)CCC1C3CCCC3CCC21
C1CCC(CCCCCC2CCC3CCCCC23)CC1
C1CCC(C2CC3CCCC3C3CCC4CCCCC4C23)CC1
C1CCC(CCCCC2CCC3CCC(C4CCCC5CCCC54)CC3C2)CC1
C1CCC(CCCCCC2CCCC3C(CC4CCCCC4)CCC23)CC1
C1CCC(CCC(CC2CCC3C(CC4CCCCC4)CCC3C2)C2CCCCC2)CC1
C1CCC(CC2CC3CCCC3C3CCC4CCCCC4C23)CC1
C1CCC(CC2CC3CCCCC3C3CCC4CCCCC4C23)C1
C1CCC(CCCCCC2CC3CCCCC3C2)CC1
C1CCC(CCCCC2CC3CCCCC3C2)CC1
C1CCC(CC2CC3CCCCC3CC3CCC4CCCCC4C32)CC1
C1CCC(C2CCC(CCCCCC3CCCC4C(C5CCCCC5)CCC34)C2)CC1
C1CCC2CC(C3CCC4CCCCC43)CCC2C1
C1CCC(CCCCC2CC3CCCCC3C2)CC1
C1CCC(C2CC3CCCC3C3CCCC4CCCCC4C23)CC1
C1CCC(C2CCC3CC4C(CCC5C6CCC(CCCCC7CCCC8CCCCC78)C6CCC45)CC32)CC1
C1CCC(CCC2CCC3C(CCC3C3CCCC(CC4CCCC4)C3)C2)CC1
C1CCC2C(C1)CCCC1C3CCCC3CCC21
C1CCC(C2CCC3CC4C(CCCC45CCCC5)CC32)CC1
C1CCC2CC(C3CCCC4CCCC43)CCC2C1
C1CCC(CCC2CCC(CCC3CCCC(CC4CCCCC4)C3)CC2)CC1
C1CCC(C2CC3CCCC3C3CCCC4CCCCC4C23)CC1
C1CCC(CCCCC2CCC3CCCCC23)CC1
C1CCC2C(C1)CCCC1CCCCC12
C1CCC2CCC3C4CCCC4CCC3C2CC1
C1CCC(CC2CC3CCCCC3C3CCC4CCCCC4C23)C1
C1CCC(CCC2CCC3C(CCC4CCCCC43)C2)CC1
C1CCC(CCCCC2CC3CCCCC3C2)CC1
C1CCC(CCC2CCC(C3CCC4C(CC5CCCCC5)CCC4C3)CC2)CC1
C1CCC(C2CCC3CC4C(CCC45CCCCCC5)CC32)CC1
C(CCC1CCCC2CCCC12)CC1CCCC2CCCCC12
C1CCC2CCC(C3CCCC4CCCC43)CC2CC1
C1CCC(C2CCC3CC4C(CCCC45CCCC5)CCC32)CC1
C1CCC2CCC3C4CCCCC4CCC3C2CC1
C1CCC(CCCCC2CCC3CCCCC23)CC1
C1CCC(C2CC3CCCC3C3CCC4CCCCC4C23)CC1
C1CC2CCCC2C(CC2CC3CCCCC3C3CCCC23)C1
C1CCC(CCCC2CCC3C2CCC2C4CC5CCC(C6CCCCC6)C5CC4CCC32)CC1
C1CCC(CCC2CCCCC2)CC1
C1CCC(C2CC3CCCC3C3CCC4CCCCCC4C23)CC1
C1CCC2CC(CC3CCCC4CCCC43)CCC2C1
C1CCC2CCC3C4CCCCC4CC(CC4CCCC5CCCCC54)C3C2CC1
C1CCC(CCC2CC3CCCCC3C3CCC4CCCCC4C23)CC1
C1CCC(C2CCC3CC4C(CCCC45CCCC5)CC32)CC1
C1CCC(CCC(CCC2CCC3CCCC3C2)CC2CCCCC2)CC1
C1CCC2CC(C3CCCC4CCCC43)CCC2C1
C(CCC1CCCC2CCCCC12)CC1CC2CCCCC2C1
C1CCC(CCCC(CCC2CCCCC2)CCC2CCC3CCCC3C2)CC1
C1CCC(CCCCCC2CCCC3C(C4CCCCC4)CCC23)CC1
C1CCC(CC2CCCC(C3CCC4CC(CCC5CCC6CCCCC6C5)CCC43)C2)CC1
C1CCC(CCCCC2CC3CCCCC3C2)CC1
C1CCC(CCCCCC2CCCC3C(C4CCCCC4)CCC23)CC1
C1CCC(CCCCCC2CC3CCCCC3C2)CC1
C1CCC(CCCCCC2CCCC3C(C4CCCCC4)CCC23)CC1
C1CCC(C2CCC3CC4C(CCC5C6CCC(CCCCC7CC8CCCCC8C7)C6CCC45)CC32)CC1
C1CCC(CCCC2CCCC(C3CCC4CC(CCC5CCC6CCCCC6C5)CCC43)C2)CC1
C1CCC(CCCC2CCCC(C3CCC4CC(CCC5CCC6CCCCCC6C5)CCC43)C2)CC1
C1CCC2C(C1)CCC1C3CCCC3CCCC21
C1CCC2CCC(C3CCCC4CCCC43)CC2CC1
C1CCC(CCCC2CCCC3CCC(C4CCCC5CCCC54)CC3C2)CC1
C1CCC(C2CC3CCCCC3C3CCCCC23)CC1
C(CCCC1CCCC2C(C3CCCCC3)CCC12)CCC1CCCCC1
C1CCC2C(C1)CCC1C2CCCC2C3CCCC3CC21
C1CCC(CC2CCC3C(CCC3C3CCCCC3)C2)CC1
C1CCC(C2CCC(CCCCCC3CCCC4CCCCC34)C2)CC1
C1CCC(CCC2CC3CCCCC3C3CCC4CCCCC4C23)CC1
C1CCC(C2C3CCCCC3CC3CC4CCCC4CC32)CC1
C1CCC(CC2CC3CCCC3C3CCC4CCCCC4C23)CC1
C1CCC(CCCCCC2CCCC3C(C4CCCCC4)CCC23)CC1
C1CCC(C2CC3CCCCC3C3CCCCC3C2)CC1
C1CCC(C2CCC3CC4CCCCC4CC32)CC1
C1CCC(C2CCC3CCC4(CCCCCC4)C3C2)CC1
C1CCC(CC2CCCC(CCC3CCC(CCC4CCC(C5CC5)CC4)CC3)C2)CC1
C(CCCC1CCCC2C(C3CCCCC3)CCC12)CCC1CCCCC1
C(CCC1CCCC2CCCCC12)CC1CCCC2CCCCC12
C1CCC2CCC(C3CCCC4CCCC43)CC2CC1
C1CCC2CCC3C4CCCCC4CCC3C2CC1
C1CCC2CC(C3CCCC4CCCC43)CCC2C1
C1CCC(CCCCC2CCC3CCCCC23)CC1
C1CCC(CCC2CCC3C(CCC3C3CCCCC3)C2)CC1
C1CCC(CCCCC2CCC3CCCCC3C2)CC1
C1CCC(C2CCC3CCC4C(CCC45CCCCC5)CC32)CC1
C(CCCC1CCCCC1)CCCC1CCC(C2CCCCC2)C1
C1CCC2CCC3C4CCCC4CCC3C2CC1
C1CCC2CCC3C(CCC4C5CCCC5CC43)C2CC1
C1CCCC(C2CCC3CC4C(CCC5C6CCC(CCCC7CC8CCCCC8C7)C6CCC45)CC32)CC1
C1CCC(CC(CC2CCCCC2)C2CCCCC2)CC1
C1CCC(CCC2CCC3C(CCC3C3CCCCC3)C2)CC1
C1CCC(CCCCC2CC3CCCCC3C2)CC1
C1CCC2CCC3C4CCC(CCCC5CCCC5)C4CCC3C2CC1
C1CCC(CCCCC2CC3CCCCC3C2)CC1
C1CCC(C2CC3CCCC3C3CCCC4CCCCC4C23)CC1
C1CCC(CCCCCC2CCCC3C2CCC3C2CCC(CCC3CC3)CC2)CC1
C1CCC(CCCCC2CCC3CCCCC23)CC1
C1CCC(CCC2CCC3C(CCC3C3CCCCC3)C2)CC1
C1CCC(C2CCC3CC4C(CCC45CCCCC5)CC32)CC1
C1CCC2CC(CC3CCCC4CCCC43)CCC2C1
C1CCC(CCC2CCC(CCC3CCCC(CC4CCCC4)C3)CC2)CC1
C1CCC(CCCCC2CCC3CCCCC23)CC1
C1CCC2CCC(C3CCCC4CCCC43)CC2CC1
C1CCC2CC(C3CCCC4CCCC43)CCC2C1
C1CCC(C2CCC3CC4C(CCCC45CCCC5)CCC32)CC1
C1CCC(C2CCC3CC4C(CCCC45CCCC5)CC32)CC1
C1CCC2CCC3C4CCC(CCCC5CCC6CCCCC6C5)C4CCC3C2CC1
C1CCC(CCCCCC2CC3CCCCC3C2)CC1
C1CCC(CCCCCC2CCC3CCCCC23)CC1
C1CCC(CCCCC2CC3CCCCC3C2)CC1
C1CCC(CCC2CCC(C3CCC4C(CCC4C4CCCCC4)C3)CC2)CC1
C1CCC(C2CC3CCCC3C3CCC4CCCCC4C23)CC1
C1CCC2C(C1)CCC1C3CCCCC3CCC21
C1CCC2C(C1)CC(C1CCCC3CCCCC31)C1CCCC21
C1CC2CCC3C(CCC4CCCCC43)CC2C1
C1CCC2CC(CC3CCCC4CCCC43)CCC2C1
C1CCC(CCC2CCC(CCC3CCCC(CC4CCCC4)C3)CC2)CC1
C1CCC(CCCCCC2CCC3CCCCC23)CC1
C1CCC(C2CC3CCCC3C3CCC4CCCCC4CC23)CC1
C1CCC(CCCCCC2CC3CCCCC3C2)CC1
C1CCC(CCC2CCCCC3CC4C(CCC4C4CCCCC4)CC23)CC1
C1CCC2CC(CCCC3CCCC4C3CCC3C5CCCCC5CCC43)CC2C1
C1CCC(CCC2CCC3C(CCCC4CC(C5CCCCC5)CCC43)C2)CC1
C1CCC(CCCCCC2CCCCC2)CC1
C1CCC(CC2CC3CCCCC3C3CCC4CCCCC4C23)CC1
C1CCC(C2CCC3CCCC3C3CCC4CCCCC4C3C2)CC1
C1CCC(CCCC2CCC3CCC(C4CCCC5CCCC54)CC3CC2)CC1
C1CCC(CCCCCC2CCCC3CCCC23)CC1
C(CCC1CCC2CC(CCC3C4CCCC4CCC23)C1)CC1CCC(C2CC3CCCC3C3CCC4CCCCC4C23)CC1
C1CCC(C2CCC3C(CCC4CCCCC43)C2)CC1
C1CCC2C(C1)CCC1CCCCC12
C1CCC2C(C1)CCC1C3CCCC3CCC21
C1CCC(C2CCC3CC4C(CCC45CCCCCC5)CC32)CC1
C1CCC2CC(C3CCCC4CCCC43)CCC2C1
C1CCC2CC(C3CCCC4CCCC43)CCC2C1
C(CCC1CCCC2CCCCC12)CCC1CCCC2CCCCC12
C1CCC2CC3CCC(C4CCCCC4)C3CC2CC1
C(CCC1CCCCC2CCCCC12)CC1CCC2CCCCC2C1
C(CCC1CC2CCCCC2C1)CCC1CCCC2CCCC12
C1CCC(CCCCC2CC3CCCCC3C2)CC1
C1CCC(CCC2CCCC3CC4C(CCC4C4CCCCC4)CC23)CC1
C1CCC(C2CCC3CC4CCCCC4CC32)CC1
C1CCC2CCC3C4CCCC4CCC3C2CC1
C1CCC2C(C1)CCC1C3CCCC3CCC21
C1CCC2CC3CCC(C4CCCCC4)C3CC2CC1
C1CCC(CC2CC3CCCCC3C3CCCC23)C1
C1CCC2CCC3C(CCC4C5CCCC5CC43)C2CC1
C(CCC1CCCC2CCCCC12)CC1CCC2CCCCC2C1
C1CCC(CCC2CCC3C(CCC3C3CCCCC3)C2)CC1
C(CCC1CCCC2CCCCC12)CC1CCC2CCCCC2C1
C1CCC(CC2CC3CCCCC3C3CCC4CCCCCC4C23)CC1
C(CCC1CCC2C1CCC1C3CCCCC3CCC21)CC1CC2CCCCC2C1
C1CCC(CCCCCC2CCCC3C(CC4CCCCC4)CCC23)CC1
C1CCC(C2CCC3C(CCCCCC4CCC(C5CCCC5)C4)CCCC23)CC1
C1CCC(CCC2CCC3C(CCC3C3CCCCC3)C2)CC1
C1CCC(C2CCC3C(CCCCCC4CCC(C5CCCC5)C4)CCCC23)CC1
C1CCC(CCCCC2CCC3CCCCC23)CC1
C1CCC2C(C1)CCC1CCCCC12
C1CCC(CCCC2CCC3CCC(C4CCCC5CCCC54)CC3C2)CC1
C1CCC(CCCC2CCC3C2CCC2C4CC5CCC(C6CCCCCC6)C5CC4CCC32)CC1
C(CCC1CCC2CCC(C3CCCC4CCCC43)CC2C1)CC1CCC2CCCC2C1
C1CCC(CCC2CCC3C(CCC3C3CCCCC3)C2)CC1
C1CCC2CC3CCC(C4CCCCC4)C3CC2CC1
C1CCC(CCCCCC2CCCC3C(C4CCCCC4)CCC23)CC1
C1CCC(CCC2CCC3C(CCC3C3CCCCC3)C2)CC1
C1CCC2C(C1)CCC1C3CCCC3CCC21
C1CCC(CCCC2CC3CCCCC3C2C2CCCCC2)CC1
C1CCC(CCC(CCC2CCC3CCCCC3C2)CC2CCCCC2)CC1
C1CCC(CCCCC2CC3CCCCC3C2)CC1
C1CCC(C2CCC3CC4C(CCCC45CC(C4CCCCC4)C(C4CCCCC4)C5)CCC32)CC1
C1CCC2CCC(C3CCCC4CCCC43)CC2CC1
C1CCC(CCCCCC2CCCCC2)CC1
C1CCC(CC2CCC3CC4(CCCCCC4C4CCCCC4)CCC23)CC1
C1CCC2CC(CC3CCCC4CCCC43)CCC2C1
C1CCC(C2CC3CCCC3C3CCC4CCCCC4C23)CC1
C1CCC(C2CC3CCCC3C3CCC4CCCCC4C23)CC1
C1CCC(CCC2CCC(CCC3CCCC(CC4CCCC4)CC3)CC2)CC1
C1CCC(CCC2CCC(C3CCC4C(CC5CCCCC5)CCC4C3)CC2)CC1
C1CCC2CCC3C4CCC(CCCC5CC6CCCCC6C5)C4CCC3C2CC1
C(CCCC1CCCCC1)CCCC1CCC(C2CCCCC2)C1
C1CCC(CCC2CCC3C(CCC4C5CCCC5CC(CCC5CCCCC5)C34)C2)CC1
C1CCC(C2CCC3CC4C(CCC45CCCCC5)CC32)CC1
C1CCC(CCCC2CCCC3CCCCC32)C2CCCCC2C1
C1CCC(C2CCCC3CCCC3C3CCC4CCCCC4C23)CC1
C1CCC(C2CC3CCCC3C3CCC4CCCCC4C23)CC1
C1CCC2CC(CC3CCCC4CCCC43)CCC2C1
C1CCC(C2CCC3CCC4C(CCC45CCCC5)CC32)CC1
C1CCC2C(C1)CCC1C3CCCC3CCCC21
C(CCC1CCC2CCCCC2C1)CCC1CCCC2CCCCC12
C1CCC(C2CC3CCCCC3C3CCC4CCCCC4C23)CC1
C1CCC(CCCCC2CC3CCCCC3C2)CC1
C1CCC2CCC3C4CCCC4CCC3C2CC1
C1CC2CCC3C(CCC4CCCCC43)CC2C1
C1CCC(C2CCC3C(CCC4CCCCC43)C2)CC1
C1CCC(CCCCC2CCC3CCCCC23)CC1
C1CCC(C2CC3CCCCC3C3CCCCC3C2)CC1
C(CCCC1CCCC2CCCCC12)CCC1CCC(C2CCCCC2)C1
C1CCC(CCCCCC2CCCC3C(C4CCCCC4)CCC23)CC1
C1CCC(C2CC3CCCC3C3CCC4CCCCCC4C23)CC1
C1CCC(CCC2CCC3C(CCC3C3CCCCC3)C2)CC1
C1CCC2CC(C3CCCC4CCCC43)CCC2C1
C1CCC2C(C1)CCCC1C2CCC2C3CCCC3CC21
C1CCC(C2CCC3CC4C(CCC32)CCC42CCCCC2)CC1
C1CCC2CCC3C4CCCCC4CC(CC4CCCC4)C3C2CC1
C1CCC2CC(CCCC3CCC4C3CCCC3C5CCCCC5CCC34)CCC2C1
C(CCC1CCCC1)CCC1CCCC2CCCCC12
C1CCC(CCCCC2CC3CCCCC3C2)CC1
C1CCC(CC2CCC3C(CCC3C3CCCCC3)C2)CC1
C1CCC(C2CCC(C3CC4CCCC4C4CCC5CCCCC5C34)CC2)C1
C1CCC(CCCC2CCC3CCC(C4CCCC5CCCC54)CC3C2)CC1
C1CCC(C2CC3CCCC3C3CCCC4CCCCC4C23)CC1
C1CCC(CCCCCC2CC3CCCCC3C2)CC1
C1CCC(CC2CC3CCCCC3C3CCC4CCCCC4C23)C1
C(CCCC1CCCCC1)CCCC1CCC(C2CCCCC2)C1
C1CCC(CC2CC3CCCCC3C3CCC4CCCCC4C23)CC1
C1CCC(CCCC(CCC2CCC3CCCC3C2)CC2CCCCC2)CC1
C1CCC2CCC(C3CCCC4CCCC43)CC2CC1
C1CCC(C2(CCCCC3CCC4CCCCC4C3)CCCC3CCCCC32)CC1
C1CCC(C2CCC3CC4C(CCC5C6CCCC(CCCC7CCC8CCCCC8C7)C6CCC45)CC32)CC1
C1CCC2CC(CCCC3CCCC4CCCCC43)CC2C1
C(CCC1CCCC2CCCCC12)CC1CCC2CCCCC2C1
C1CCC(CCCCCC2CCCC3CCCC23)CC1
C1CCC(C2CCC3CC4(CCCCCC4C4CCCCC4)CCCC32)CC1
C1CCC(CCCCC2CC3CCCCC3C2)CC1
C1CCC(CCCCC2CC3CCCCC3C2)CC1
C1CCC(CCC2CCCCC2)CC1
C1CCC2C(C1)CCC1C3CCCC3CCC21
C1CCC(CCCC2CCC3C2CCC2C4CC5CCC(C6CCCCC6)C5CC4CCC32)CC1
C1CCC2CCC(CCC3CCC4C(CCC4C4CCCC(CC5CCCC5)C4)C3)CC2CC1
C1CCC(CC2CC3CCCCC3C3CCC4CCCCC4C3C2)CC1
C1CCC(C2CC3CCCC3C3CCC4CCCCC4C23)CC1
C1CCC(C2CC3CCCC3C3CCC4CCCCCC4C23)CC1
C1CCC2C(C1)CCC1C3CCCCC3CCC21
C1CCC(C2CCC3CC4C(CCC5C6CCC(CCCCC7CC8CCCCC8C7)C6CCC45)CC32)CC1
C1CCC(CCCCC2CCC3CCCCC3C2)CC1
C(CCCC1CCCCC1)CCC1CCCCC1
C1CCC(C2CCC3CC4C(CCC5C6CCC(CCCC7CC8CCCCC8C7)C6CCC45)CC32)CC1
C1CCC2C(C1)CCC1C3CCCCC3CCC21
C1CCC(C2CC3CCCC3C3CCC4CCCCCC4C23)CC1
C1CCC(C2CC3CCCCC3C3CCC(CCCC4CCCC4)CC23)CC1
C1CCC2C(C1)CCC1CCCCC12
C1CCC(C2CC3CCCC3C3CCC4CCCCCC4C23)CC1
C1CCC(CCCCC2CC3CCCCC3C2)CC1
C1CCC(CCCC2CCCC3CC4C(CCC4C4CCCCC4)CC23)CC1
C1CCC(CCCCC2CCC3CCCCC23)CC1
C1CCC(CCCC2(CCCC3CCCC3)CCC3C4CCC5CCCCC5C4CCC32)CC1
C1CCC(C2CCC3CC4C(CCC5C6CCC(CCCC7CC8CCCCC8C7)C6CCCC45)CC32)CC1
C1CCC(CCCCCC2CC3CCCCC3C2)CC1
C(CCCC1CCCC2C(C3CCCCC3)CCC12)CCC1CCCCC1
C1CCC(CC2CCC(CC(CC3CCCCC3)C3CCCCC3)CC2)CC1
C(CCCC1CCCCC1)CCCC1CCC(C2CCCCC2)C1
C1CCC2C(C1)CCCC2CCCC1CCC2C1CCC1C3CCCCC3CCC21
C1CCC2C(C1)CCC1C3CCCC3CCC21
C1CCC(C2CC3CCCCC3C3CCCCC23)CC1
C1CCC(CCCCCC2CCCC3C(CC4CCCCC4)CCC23)CC1
C1CCC(CCCC2CC3CCCCC3C2C2CCCCC2)CC1
C(CCCC1CCCC2C(C3CCCCC3)CCC12)CCC1CCCCC1
C1CCC2C(C1)CCC1C3CCCCC3CCC21
C1CCC(CC2CC3CCCCC3C3CCC4CCCCC4C23)CC1
C1CCC2CC(C3CCCC4CCCCC43)C3CCCC3C2CC1
C1CCC2CC(CCCC3CCCC4C3CCC3C5CCCCC5CCC43)CC2C1
C1CCC(CCCCC2CCC3CCCCC3C2)CC1
C1CCC(CCC(CC2CC3CCCCC3C2)C2CCC2)CC1
C1CCC(CCCC2CCC3CCC(C4CCCC5CCCC54)CC3C2)CC1
C1CCC(CC2CC3CCCCC3C3CCC4CCCCC4C23)CC1
C1CCC(C2CC3CCCC3C3CCC4CCCCCC4C23)CC1
C(CCCCC1CCC(C2CCCCC2)C1)CCCC1CCCCC1
C1CCC2CCC3C4CCCC4CCC3C2CC1
C1CCC2C(C1)CCC1C3CCCC3CCC21
C1CCC(CCC(CCC2CCC3CCCC3C2)CC2CCCCC2)CC1
C(CCC1CCCC2CCCCC12)CC1CC2CCCCC2C1
C1CCC(C2CC3CCCC3C3CCC4CCCCC4C23)CC1
C1CCC(CC2CC3CCCCC3C3CCC4CCCCC4C23)CC1
C1CCC(C2CC3C(CCC4CC4)CCC3C3CCC4CCCCCC4C23)CC1
C1CCC2C(C1)CCC1C3CCCC3CCC21
C1CCC(C2CC3CCCC3C3CCC4CCCCCC4C23)CC1
C1CCC(CCCCCC2CCC3CCCCC23)CC1
C1CCC2CCC3C4CCC(CCCC5CC6CCCCC6C5)C4CCC3C2CC1
C1CCC2CCC(C3CCCC4CCCC43)CC2CC1
C(CCCC1CCCC2C(C3CCCCC3)CCC12)CCC1CCC(C2CCCC2)C1
C1CCC(CCCCC2CC3CCCCC3C2)CC1
C1CCC2C(C1)CCC1C3CCCCC3CCC21
C1CCC2CCC3C4CCCCC4CCC3C2CC1
C1CCC(CCCC2CCC3CCC(C4CCCC5CCCC54)CC3C2)CC1
C(CCC1CCCCC2CCCCC12)CC1CCC2CCCCC2C1
C1CCC(CCC2CCCCC2)CC1
C1CCC2CCC(C3CCCC4CCCC43)CC2CC1
C1CCC2CC(CC3CCCC4CCCC43)CCC2C1
C(CCC1CCC2C(CCC3C4CCCC4CCC23)C1)CC1CCC(C2CC3CCCC3C3CCC4CCCCC4C23)CC1
C1CCC(CCCCCC2CC3CCCCC3C2)CC1
C1CCC(C2CCC3CCC4C(CCC5C6CCCC6CCC45)CC32)CC1
C1CCC(CCCCCC2CCC3CCCCC23)CC1
C1CCC2CC(CC3CCCC4CCCC43)CCC2C1
C1CCC(C2CC3CCCCC3C3CCC4CCCCC4C23)CC1
C1CCC(CCC2CCCCC3CC4C(CCC4C4CCCCC4)CC23)CC1
C(CCC1CC2CCCCC2C1)CCC1CCCC2CCCC12
C1CCC2C(C1)CCC1C3CCCCC3CCC21
C1CCC(CCCCCC2CC3CCCCC3C2)CC1
C1CCC(CCC(CCC2CCC3CCCC3C2)CC2CCCCC2)CC1
C(CCCC1CCCCC1)CCC1CCCCC1
C(CCCC1CCCCC1)CCCC1CCC(C2CCCCC2)C1
C1CCC(CCCCC2CC3CCCCC3C2)CC1
C1CCC(CCC2CCC3C(CCC3C3CCCCC3)C2)CC1
C1CCC(CCC2CCC3C(CCC3C3CCCCC3)C2)CC1
C1CCC2C(C1)CCC1C3CCCC3CCC21
C1CCC2CC(CCCC3CCC4C3CCC3C5CCCCC5CCC43)CC2C1
C1CCC2C(C1)CC(C1CCCC1)C1CCCC21
C1CCC(CCCCCC2CCCC3C(C4CCCCC4)CCC23)CC1
C1CCC2C(C1)CCC1C3CCCC3CCC21
C1CCC2CC3CCC(C4CCCCC4)C3CC2CC1
C(CCC1CCC2CCCCC2C1)CCC1CCCC2CCCCC12
C1CCC(C2CC3CCCC3C3CCC4CCCCC4C23)CC1
C1CCC(C2CCC3CC4C(CCCCC45CCCC5)CC32)CC1
C1CCC(C2CCC3CC4C(CCC45CCCCC5)CC32)CC1
C1CCC(C2CCC3CC4(CCCCCC4C4CCCCC4)CCC32)CC1
C(CCC1CCCC2CCCCC12)CCC1CCCC2CCCCC12
C(CCC1CCCC1)CCC1CCCC2CCCCC2C1
C1CCC(C2CC3CCCCC3C3CCCCC3C2)CC1
C1CCC(CCCCC2CC3CCCCC3C2)CC1
C1CCC2CCC3C4CCC(CCCC5CC6CCCCC6C5)C4CCC3C2CC1
C1CCC(CCC2CCC3C(CCC3C3CCCCC3)C2)CC1
C1CCC(CCCCCC2CCC3CCCCC23)CC1
C1CCC(C2CCC3CC4C(CCC45CCCCC5)CC32)CC1
C1CCC(CCC2CCC3C(CCC3C3CCCC3)C2)CC1
C1CCC2C(C1)CCC1C3CCCC3CCC21
C1CCC(CCCC2CCC3C2CCC2C4CC5CCC(C6CCCCC6)C5CC4CCCC32)CC1
C1CCC2CC(CCCC3CCCC4CCCCC43)CC2C1
C1CCC(CCCCCC2CCC3CCCCC3C2)CC1
C(CCC1CCCC2CCCCC12)CC1CCC2CCCCC2C1
C1CCC2C(C1)CCCC1C3CCCC3CCC21
C1CCC(C2CCC3CC4C(CCCC5C6CCC(CCCC7CC8CCCCC8C7)C6CCC45)CC32)CC1
C1CCC2CC(CCCC3CCC4C3CCCC3C5CCCCC5CCC34)CCC2C1
C1CCC(CCC2CCCC3CC4C(CC5CCCCC5)CCC4CC23)CC1
C1CCC(C2CC3CCCC3C3CCC4CCCCC4C23)CC1
C1CCC(C2CCC3CC4C(CCCC45CCCCC5)CC32)CC1
C1CCC2C(C1)CCC1C3CCCC3CCC21
C1CCC(C2CCC3CC4(CCCCCCC4C4CCCCC4)CCC32)CC1
C(CCC1CCC2C(CCC3C4CCCC4CCC23)C1)CC1CCC(C2CCC(C3CC4CCCC4C4CCC5CCCCC5C34)CC2)CC1
C1CCC(CCCC2CCCC(C3CCC4CC(CCC5CCC6CCCCCC6C5)CCC43)C2)CC1
C1CCC(CC2CC3CCCCC3C3CCC4CCCCCC4C23)CC1
C1CCC(CCC(CC2CC3CCCCC3C2)C2CCCC2)CC1
C1CCC(CCCCCC2CC3CCCCC3C2)CC1
C1CC2CCC3C(CCC4CCC5CCC5C43)C2C1
C1CCC2CC(C3CCCC4CCCC43)CCC2C1
C1CCC(CCCC2CCC(C3CCC4C(CCC4C4CCCCC4)C3)CC2)CC1
C1CCC(C2CC3CCCCC3C3CCCCC23)CC1
C1CCC(CCC2CC3CCCCC3C3CCC4CCCCC4C23)CC1
C1CCC(CCC2CCC(C3CCC3)CC2)CC1
C1CCC(C2CCC3CC4C(CCCCC45CCCC5)CC32)CC1
C1CCC2CC(C3CCCC4CCCC43)CCC2C1
C1CCC(C2CCC(CCCCCC3CCCC4CCCCC34)C2)CC1
C1CC(C2CCC(C3CC4CCCC4CC4CCC5CCCCC5C43)CC2)C1
C1CCC2CC(C3CCCC4CCCC43)CCC2C1
C1CCC2C(C1)CCC1C3CCCC3CCCC21
C1CCC(CCCCCC2CCC3CCCCC23)CC1
C1CCC2C(C1)CCC1C2CCC2C3CCCC3CC21
C1CCC(CCCCCC2CCCC3C(CC4CCCCC4)CCC23)CC1
C1CCC2CC(C3CCCC4CCCC43)CCC2C1
C1CCC(CCCCC2CC3CCCCC3C2)CC1
C1CCC(CCCCC2CC3CCCCC3C2)CC1
C1CCC(CC2CC3CCCC3C3CCC4CCCCC4C23)CC1
C1CCC(CCC2CCC3C(CCC3C3CCCCC3)C2)CC1
C1CCC(C2CCC3C(CCC4CCCCC43)C2)CC1
C1CCC(C2CCC3C(CCC4CCCCC43)C2)C1
C1CCC(C2CC3CCCC3C3CCCC4CCCCC4C23)CC1
C1CCC(CCC2CCCC3CCC4C(CCC4C4CCCCC4)CC23)CC1
C1CCC2CC(C3CCCC4CCCC43)CCC2C1
C1CCC(CC2CCC3C(CCC3C3CCCCC3)C2)CC1
C1CCC(CCC2CCC3C(CC4CCCCC4)CCC3C2)CC1
C1CCC(CCC2CCC3C(CCC3C3CCCCC3)C2)CC1
C1CCC(CC2CC3CCCCC3C3CCC4CCCCC4C23)CC1
C1CCC(C2CCC3CCCC3C3CCCC4CCCCC4C23)CC1
C1CCCC(C2CCC3CC4C(CCC5C6CCCC6CCC45)CC32)CC1
C(CCC1CCC2C(CCC3C4CCCC4CCC23)C1)CC1CCC(C2CCC(C3CC4CCCC4C4CCCC5CCCCC5C34)CC2)CC1
C1CCC(CC2CC3CCCCC3C3CCC4CCCCCC4C23)CC1
C1CCC2CCC(CCC3CCC4C(CCC4C4CCCC(CC5CCCC5)C4)C3)CC2CC1
C1CCC(C2CC3CCCC3C3CCCC4CCCCC4C23)CC1
C1CCC2C(C1)CCC1C3CCCC3CCC21
C1CCC(C2CCC3CC4C(CCC5C6CCCC(CCCC7CC8CCCCC8C7)C6CCC45)CC32)CC1
C1CCC(CCCCC2CC3CCCCC3C2)CC1
C1CCC(CCC2CCC3C(CC4CCCCC4)CCC3C2)CC1
C1CCC(C2CCC3CCCCC3C3CCC(CCC4CCCC4)CC23)CC1
C1CCC(CCCCCC2CCCC3C(CC4CCCCC4)CCC23)CC1
C1CCC(CCC2CCC(CCC3CCCC(CC4CCCCC4)C3)CC2)CC1
C1CCC(C2CCC3CC4C(CCCC5C6CCC(CCCC7CCCC8CCCCC87)C6CCC45)CC32)CC1
C(CCCCC1CCC(C2CCCCC2)C1)CCCC1CCCCC1
C1CCC(C2CCC3CCCC3C3CCC4CCCCC4C23)CC1
C1CCC2CC(CCCC3CCC4C3CCC3C5CCCCC5CCCC43)CCC2C1
C1CCC2CCC3C4CCC(CCCC5CC6CCCCC6C5)C4CCC3C2CC1
C1CCC(CCCC2CCC3C(CCC3C3CCCCC3)C2)CC1
C1CCC(CCCCC2CC3CCCCC3C2)CC1
C(CCC1CCCC2CCCCC12)CCC1CCCC2CCCCC12
C1CCC(CC2CC3CCCCC3C3CCC4CCCCC4C23)C1
C1CCC(CCCCC2CC3CCCCC3C2)CC1
C1CCC(CCCCC2CCC3CCCCC23)CC1
C1CCC(CCCCCC2CCCC3C(C4CCCCC4)CCC23)CC1
C1CCC(C2CC3CCCC3C3CCC4CCCCC4C23)CC1
C(CCC1CC2CCCCC2C1)CCC1CCCC2CCCC12
C1CCC2C(C1)CCC1C3CCCC3CCC21
C1CCC(C2CC3CCCC3C3CCC4CCCCCC4C23)CC1
C1CCC(C2CCC3CC4C(CCC5C6CCC(CCCC7CC8CCCCC8C7)C6CCCC45)CC32)CC1
C(CCC1CCCC2CCCCC12)CC1CCCC2CCCCC12
C1CCC(C2CC3CCCC3C3CCC4CCCCC4C23)CC1
C1CCC(CCC2CCC3C(CCC3C3CCCCC3)C2)CC1
C1CCC(C2CCC3CC4C(CCCC45CCCCC5)CC32)CC1
C1CCC2C(C1)CCCC2CC1CC2CCCCC2C2CCC3CCCCC3C2C1
C(CCCC1CCC2CCCC2C1)CCC1CCCCC1
C1CCC2C(C1)CCC1C3CCCC3CCC21
C1CCC(CC2CCC3C(CCC3C3CCCCC3)C2)CC1
C1CCC(CC2CCCC2CC2CC3CCCCC3CC3CCC4CCCCC4C32)CC1
C1CCC(C2CCC3C(CCC4CCCCC43)C2)CC1
C1CCC2C(C1)CCC1C3CCCC3CCC21
C1CCC2CC(C3CCCC4CCCC43)CCC2C1
C1CCC(CCC2CCC3C(CCC3C3CCCCC3)C2)CC1
C1CCC(C2CCCC(CC3CC4CCCCC4CC4CCC5CCCCC5C43)C2)C1
C1CCC(CCCC2CCC3CCC(C4CCCC5CCCC54)CC3C2)CC1
C1CCC(C2CC3CCCC3C3CCCC4CCCCC4C23)CC1
C1CCC(CCCCCC2CCC3CCCCC23)CC1
C1CCC(C2CCCC3CCCC3C3CCC4CCCCC4C23)CC1
C1CCC(CCCC2CCC3C2CCC2C4CCCCC4CCC32)C1
C1CCC2C(C1)CCC1C3CCCC3CCC21
C1CCC(CCC2CCC3C(CCC3C3CCCC(CCC4CCCCC4)C3)C2)CC1
C1CCC2CC(CCCC3CCC4C3CCC3C5CCCCC5CCCC43)CC2C1
C(CCC1CC2CCCCC2C1)CCC1CCCC2CCCC12
C(CCCCC1CCC2C(CCC3C4CCCC4CCCC23)C1)CCCC1CCCC(CC(CC2CCC(CC3CCCCC3)CC2)C2CCCCC2)C1
C(CCCC1CCCCC1)CCCC1CCC(C2CCCCC2)C1
C(CCCC1CCCC2C(C3CCCCC3)CCC12)CCC1CCCCC1
C1CCC(CC2CCCC(CCC3CCC(CCC4CCC(C5CC5)CC4)CC3)CC2)C1
C1CCC(CCCCC2CC3CCCCC3C2)CC1
C1CCC2CC3CCC4CCCC4C3CCC2C1
C1CCC(CC2CC3CCCCC3C3CCC4CCCCC4C23)CC1
C1CCC(CCCCCC2CC3CCCCC3C2)CC1
C1CCC(CCC2CCC3C(CCC3C3CCCC(CCC4CCCCC4)C3)C2)CC1
C1CCC(C2CCC(CCCC3CCC4C3CCCC3C5CCCCC5CCC34)C2)CC1
C1CCC(CCCC(CC2CCC3C(CCC3C3CCCCC3)C2)C2CCCCC2)CC1
C1CCC(CCCCCC2CCCC3C(C4CCCCC4)CCC23)CC1
C1CCC(C2CCC3CC4C(CCCC5C6CCC(CCCC7CC8CCCCC8C7)C6CCC45)CC32)CC1
C1CCC2CCC(C3CCCC4CCCC43)CC2CC1
C1CCC(CCC2(CCCC3CC4CCCCC4C3)CCC3C4CCC5CCCCC5C4CCCC32)C1
C1CCC2C(C1)CCC1C2CCC2C3CCCC3CC21
C1CCC(CCCCCC2CCC3C(CCC3C3CCCCC3)C2)CC1
C1CCC(C2CCCC3C(CCC4CCCCC43)C2)CC1
C1CCC(CCCCCC2CCCC3C(CC4CCCCC4)CCC23)CC1
C(CCCC1(C2CCCC2)CCCC2CCCCC21)CCC1CCC(C2CCCCC2)C1
C1CCC2C(C1)CCC1C3CCCCC3CCC21
C1CCC2CCC(C3CCCC4CCCC43)CC2CC1
C1CCC2CCC(C3CCCC4CCCC43)CC2CC1
C1CCC(C2CCC(CCCCCC3CCCC4C(C5CCCCC5)CCC34)C2)CC1
C1CCC(C2CCC3CC4C(CCC32)CCC42CCCCC2)CC1
C1CCC(C2CC3CCCC3C3CCCC4CCCCC4C23)CC1
C1CCC2CC3CCC4CCCCC4C3CCC2C1
C1CCC(CCCCCC2CC3CCCCC3C2)CC1
C1CCC2CC(CC3CCCC4CCCC43)CCC2C1
C1CCC2CCC3C(CCC4C3CCC4(CCCC3CC4CCCCC4C3)CCC3CCCC3)C2CC1
C1CCC(C2CCC3CCC(C4CCCC4)CC32)CC1
C(CCC1CCCC2CCCCC12)CC1CCCC2CCCCC12
C1CCC(C2CC3CCCC3C3CCC4CCCCC4C23)CC1
C1CCC2CCC(C3CCCC4CCCC43)CC2CC1
C1CCC(CC2CCCCC2CC2CCC3CCCCC3C3CCC4CCCCC4C23)CC1
C1CCC(C2CCC3CC4(CCCCCCC4C4CCCCC4)CCC32)CC1
C1CCC(CCCCC2CCC3C2CCC2C4CCCCC4CCC32)CC1
C(CCCC1CCCC2C(C3CCCCC3)CCC12)CCC1CCCCC1
C(CCCC1CCCCC1)CCCC1CCC(C2CCCCC2)C1
C1CCC2C(C1)CCC1C3CCCC3CCC21
C1CCC(CCC(CCC2CC3CCCCC3C2)C2CC2)CC1
C1CCC(CCC2CCC(C3CC3)CC2)CC1
C1CCC(CCC2CCC3C2CCC(C2CCCCC2)C2C4CCCCCC4CCC32)CC1
C1CCC(CCCCCC2CCCC3C(C4CCCCC4)CCC23)CC1
C1CCC2C(C1)CCC1C2CCC2C3CCCCC3CC21
C1CCC2CC(C3CCCC4CCCC43)CCC2C1
C1CCC(C2CC3CCCC3C3CCC4CCCCCC4C23)CC1
C1CCC(CCC2CCC3C(CCC3C3CCCCC3)C2)CC1
C1CCC(C2CCC3CCCC3C3CCC4CCCCCC4C23)CC1
C1CCC2CC(CCCC3CCC4C3CCCC3C5CCCCC5CCC34)CCC2C1
C1CCC2C(C1)CCC1C2CCC2C3CCCC3CC21
C(CCCC1CCCC2C(C3CCCCC3)CCC12)CCC1CCCCC1
C1CCC(CCCCCC2CC3CCCCC3C2)CC1
C1CCC(CCCCCC2CC3CCCCC3C2)CC1
C1CCC(CCCCCC2CCC3CCCCC23)CC1
C1CCC(CCCCC2CCC3CCC(C4CCCC5CCCC54)CC3C2)CC1
C1CCC(C2CCC3CC4C(CCCC45CCCC5)CCC32)CC1
C(CCCC1CCCCC1)CCCC1CCC(C2CCCCC2)C1
C1CCC(CCCCC2CCC3C2CCC2C4CCCCC4CCC32)CC1
C(CCCC1CCCC2C(C3CCCCC3)CCC12)CCC1CCCCC1
C1CCC(CCCCC2CCC3CCCCC23)CC1
C1CCC(CCCC2CCC3CCC(C4CCCC5CCCC54)CC3C2)CC1
C1CCC(CCCC2CCC3C2CCC2C4CCC5CCC(C6CCCCC6)C5CC4CCC32)CC1
C1CCC(CCCCCC2CCC3CCCCC23)CC1
C1CCC(CC2CCC(CC(CC3CCCCC3)C3CCCCC3)CC2)CC1
C(CCCC1CCCC2C(C3CCCCC3)CCC12)CCC1CCCCC1
C1CCC2CC(C3CCCC4CCCC43)CCC2C1
C(CCCC1CCCCC1)CCC1CCCCC1
C1CCC(CCC2CCC3C(CCC3C3CCCCC3)C2)CC1
C1CCC(CCCCC2CC3CCCCC3C2)CC1
C1CCC2CCC3C4CCC(CCCC5CCC6CCCCC6C5)C4CCC3C2CC1
C1CCC2CCC3C4CCCCC4CCC3C2CC1
C1CCC2CCC(C3CCCC4CCCC43)CC2CC1
C1CCC(CCCCC2CC3CCCCC3C2)CC1
C1CCC2CC(CCCC3CCCCC4CCCCC43)CC2C1
C1CCC2CCC(C3CCCC4CCCC43)CC2CC1
C(CCC1CCC2C1CCC1C3CCCCC3CCC21)CC1CCC2CCCCC2C1
C1CCC2CC(C3CCCC4CCCC43)CCC2C1
C1CCC(C2CCC3CC4C(CCCC45CCCCC5)CC32)CC1
C1CCC(CCC2CCC3C(CCC3C3CCCCC3)C2)CC1
C(CCCC1CCCCC1)CCCC1CCC(C2CCCCC2)C1
C1CCC(CC2CCC3CCCCC3C3CCC4CCCCC4C23)CC1
C1CCC(CCC2CCC3C(CCC3C3CCCCC3)C2)CC1
C1CCC2CC(C3CCCC4CCCC43)CCC2C1
C1CCC(CCC(CC2CC2)CC2CC3CCCCC3C2)CC1
C1CCC(C2CCC3CC4C(CCC45CCCCCC5)CC32)CC1
C1CCC(CC2CC3CCCCC3CC3CCC4CCCCC4C32)C1
C1CCC2C(C1)CCC1C3CCCC3CCC21
C(CCCC1CCCC2C(C3CCCCC3)CCC12)CCC1CCCCC1
C1CCC(CCC2CCC(CC(CC3CCCCC3)C3CCCCC3)CC2)CC1
C1CCC(CCCCCC2CC3CCCCC3C2)CC1
C1CCC(C2CCC3CC4CCCCC4CCC32)CC1
C1CCC2CC(C3CCCC4CCCC43)CCC2C1
C1CCC(CCCCCC2CC3CCCCC3C2)CC1
C1CCC(CCCC2CCC3CCC(C4CCCC5CCCC54)CC3C2)CC1
C1CCC(C2CC3CCCC3C3CCC4CCCCCC4C23)CC1
C1CCC(C2CC3CCCC3C3CCC4CCCCC4C23)CC1
C1CCC(C2CC3CCCC3C3CCC4CCCCC4C23)CC1
C1CCC(CCC2CCC(CC3CCC4C(CCC4C4CCCCC4)C3)CC2)CC1
C1CCC(CCCCCC2CCCC3C2CCC3C2CCCC(CC3CCC3)C2)CC1
C1CCC(CCCCCC2CCCC3C(C4CCCCC4)CCC23)CC1
C1CCC(CC2CCC3C(CC4CCCCC4)CCC3C2)CC1
C1CCC2CCC3C4CCCC4CCC3C2CC1
C(CCC1(C2CCCC2)CCCC2CCCCC21)CC1CCC2CCCCC2C1
C(CCC1CC2CCCCC2C1)CCC1CCCC2CCCC12
C1CCC(CC2CCC3C(CCCCCC4CCC(C5CCCC5)C4)CCCC23)CC1
C1CCC(CC2CC3CCCCC3CC3CCC4CCCCC4C32)C1
C1CCC2CCC(C3CCCC4CCCC43)CC2CC1
C1CCC2CC(CCCC3CCC4C3CCC3C5CCCCC5CCC43)CC2C1
C(CCCC1CCCCC1)CCCC1CCC(C2CCCCC2)C1
C1CCC(CCCCCC2CC3CCCCC3C2)CC1
C1CCC2CC(C3CCCC4CCCC43)CCC2C1
C(CCC1CCCC2CCCCC12)CC1CCCC2CCCCC2C1
C1CCC(CC2CC3CCCCC3C3CCC4CCCCC4C23)CC1
C1CCC(C2CCC3CC4C(CCC5C6CCC(CCCC7CCC8CCCCC8C7)C6CCC45)CC32)CC1
C1CCC(C2CCC3C(CCC4CCCCC43)C2)CC1
C1CCC(CCCC2CCCC(CC3CCC4CC(CCC5CCC6CCCCC6C5)CCC43)C2)CC1
C1CCC(CC2CCC3CCCCC3C3CCC4CCCCC4C23)CC1
C1CCC2CC(C3CCCC4CCCC43)CCC2C1
C1CCC(C2CC3C(CCC34CCCC4)C3CCC4CCCCCC4C23)CC1
C1CCC2CC(CCCC3CCC4C3CCCC3C5CCCCC5CCC34)CC2C1
C1CCC(CCCCCC2CC3CCCCC3C2)CC1
C1CCC(CCCCC2CCC3C2CCC2C4CCCCC4CCCC32)CC1
C1CCC(CCC2CCC3C(CCC4C5CCCC5CC(CCC5CCCCC5)C34)C2)CC1
C1CCC(C2CC3CCCC3C3CCCC4CCCCC4C23)CC1
C1CCC(C2CCC(C3CC4CCCC4C4CCC5CCCCC5C34)CC2)CC1
C1CCC(C2CCC3C(CCC34CCCC4)C3CCC4CCCCC4C23)CC1
C1CCC(CCC2CCC3C(CCC3C3CCCCC3)C2)CC1
C1CCC(CCC2CCC3C(CCC3C3CCCCC3)C2)CC1
C1CCC(C2CC3CCCC3C3CCCC4CCCCC4C23)CC1
C1CCC(C2CCC3CC4C(CCC45CCCC5)CC32)CC1
C1CCC(CCCCC2CCC3CCCCC23)CC1
C(CCC1CCCC2CCCC12)CC1CC2CCCCC2C1
C1CCC2CC(C3CCCC4CCCC43)CCC2C1
C1CCC(C2CC3CCCC3C3CCC4CCCCCC4C23)CC1
C1CCC(CCC2CCC3C(CCCC4CC(C5CCCCC5)CCC43)C2)CC1
C1CCC(C2CCC3CC4C(CCC5C6CCC(CCCC7CC8CCCCC8C7)C6CCC45)CC32)CC1
C1CCC(CCCCCC2CC3CCCCC3C2)CC1
C1CCC(CCC(CCC2CCC3CCCC3C2)CC2CCCCCC2)CC1
C1CCC(CC2CCCC(C3CCC4CC(CCC5CCC6CCCCC6C5)CCC43)C2)C1
C1CCC(CCCCC2CCCCC3CCC(C4CCCCC4)CC23)CC1
C1CCC(CCCC2CCC3CCC(C4CCCC5CCCC54)CC3C2)CC1
C1CCC(CCC2CCC3C(CCC3C3CCCCC3)C2)CC1
C1CCC(CC2CCC3CC4C(CCC45CCCCC5)CC23)CC1
C(CCC1CCC(C2CCCC2)C1)CCC1CCCC2CCCCC12
C1CCC(C2CCC3CC4C(CCC45CCCCC5)CC32)CC1
C(CCC1CC2CCCCC2C1)CCC1CCCC2CCCC12
C1CCC2CCC3C4CCCC4CC(C4CCC(C5CCCC5)CC4)C3C2CC1
C1CCC(CCCCC2CC3CCCCC3C2)CC1
C1CCC(CCCCC2CC3CCCCC3C2)CC1
C(CCCC1CCCC2C(C3CCCCC3)CCC12)CCC1CCCCC1
C1CCC2CC(CCCC3CCC4C3CCC3C5CCCCC5CCC43)CC2C1
C1CCC2CCC3C4CCCCC4CCC3C2CC1
C1CCC2CC(C3CCCC4CCCC43)CCC2C1
C1CCC(CCCCCC2CCCC3C(C4CCCCC4)CCC23)CC1
C1CCC(C2CCC(C3CC4CCCC4C4CCCC5CCCCC5C34)CC2)C1
C1CCC(CCCC2CCC3C(CCC4C5CCCC5CC(CCC5CCCCC5)C34)C2)CC1
C1CCC(C2CC3CCCC3C3CCC4CCCCC4C23)CC1
C1CCC(C2CCC3CC4C(CCCC45CCCC5)CC32)CC1
C(CCC1CCCC2CCCC12)CC1CC2CCCCC2C1
C1CCC(CC2CCC3C(CCC3C3CCCCC3)C2)CC1
C1CCC(C2CC3CCCC3C3CCC4CCCCC4C23)CC1
C1CCC(CCCCCC2CCCC3C(CC4CCCCC4)CCC23)CC1
C1CCC(CC2CCC3C(CCC3C3CCCCC3)C2)CC1
C1CCC(C2CCC3CCCCC3C3CCC4CCCCC4C23)CC1
C1CCC2CCC(C3CCCC4CCCC43)CC2CC1
C1CCC2CC3CCC4CCCC4C3CCC2C1
C1CCC(CC2CCC3CC4C(CCC45CCCCC5)CC23)CC1
C1CCC(C2CC3CCCC3C3CCC4CCCCC4C23)CC1
C1CCC(C2CC3CCCC3C3CCC4CCCCC4C23)CC1
C1CCC(C2CC3CCCC3C3CCC4CCCCC4CC23)CC1
C1CCC2CCC(C3CCCC4CCCC43)CC2CC1
C1CCC(CCCCC2CC3CCCCC3C2)CC1
C1CCC2C(C1)CCC1C3CCCC3CCC21
C1CCC2CC(C3CCCC4CCCC43)CCC2C1
C(CCCC1CCCC2C(C3CCCCC3)CCC12)CCC1CCCCC1
C(CCC1CCCC2CCCCC12)CC1CCC2CCCCC2C1
C1CCC(CCCC2CCC3C(CCC3C3CCCCC3)C2)CC1
C1CCC(C2CCCCC2CC2CC3CCCCC3C3CCC4CCCCCC4C23)CC1
C1CCC(CCC2(CCCC3CC4CCCCC4C3)CCC3C4CCC5CCCCC5C4CCC32)C1
C1CCC(C2CCC3CC4C(CCC5C6CCCC(CCCC7CCC8CCCCC8C7)C6CCC45)CC32)CC1
C1CCC2C(C1)CCC1C3CCCCC3CCC21
C1CCC(C2CCC3(CCC4CCC5C(CCC5C5CCCCC5)CC43)C2)CC1
C1CCC(CCC2CCC(CCC3CCCCC(CC4CCCC4)C3)CC2)CC1
C1CCC2C(C1)CCC1C3CCCCC3CCCC21
C1CCC(CCCCCC2CC3CCCCC3C2)CC1
C1CCC(C2CCC3CCCC3C3CCC4CCCCC4C23)CC1
C(CCC1CCC2C1CCC1C3CCCCC3CCC21)CC1CC2CCCCC2C1
C1CCC(C2CC3CCCC3C3CCC4CCCCC4C23)CC1
C1CCC(CC2CCC3C(CC4CCCCC4)CCC3C2)CC1
C1CCC2CC(C3CCCC4CCCC43)CCC2C1
C1CCC(CCC2CCC(C3CCCC4C(C5CCCCC5)CCC34)C2)CC1
C1CCC(CCCCCC2CC3CCCCC3C2)CC1
C1CCC(CCCCCC2CCCC3C(CC4CCC(CC5CC5)CC4)CCC23)CC1
C1CCC(C2CCC3CC4C(CCC45CCCCC5)CC32)CC1
C1CCC2C(C1)CCC1C3CCCC3CCC21
C1CCC(C2CC3C(CCC4CC4)CCC3C3CCC4CCCCCC4C23)CC1
C1CCC2CC(CCCC3CCC4C3CCC3C5CCCCC5CCC43)CC2C1
C(CCC1CCCC2CCCCC12)CC1CC2CCCCC2C1
C1CCC(CCC2CCC3C(CCCC4C5CCCC5CCC34)C2)CC1
C1CCC2CC(C3CCCC4CCCC43)CCC2C1
C1CCC2CCC(C3CCCC4CCCC43)CC2CC1
C1CCC(CCCCCC2CCCC3C(C4CCCCC4)CCC23)CC1
C1CCC(C2CCC3C(CCCCCC4CCC(C5CCCC5)C4)CCCC23)CC1
C1CCC(CCC2CCC(CCC3CCCC(CC4CCCC4)C3)CC2)CC1
C1CCC2CCC3C4CCCCC4CCC3C2CC1
C1CCC(CCCCCC2CCCC3C(C4CCCCC4)CCC23)CC1
C1CCC(CCC2CCC(CCC3CCCCC(CC4CCCC4)C3)CC2)CC1
C1CCC(C2CCC(CCCCCC3CCCC4CCCCC34)C2)CC1
C1CCC2CCC(C3CCCC4CCCC43)CC2CC1
C(CCC1CCC2C1CCC1C3CCCCC3CCC21)CC1CCC2CCCCC2C1
C1CCC(CCCCC2CC3CCCCC3C2)CC1
C1CCC2C(C1)CCC1C3CCCC3CCC21
C1CCC2CC(CCCC3CCC4C5CCC6CCCCC6C(CCC34)C5)CCC2C1
C(CCCC1CCC2CCCC2C1)CCCC1CCC(C2CCCCC2)C1
C1CCC2CC(C3CCCC4CCCC43)CCC2C1
C(CCCC1CCCC2CCCC12)CCC1CCCCC1
C1CCC(CCCCC2CC3CCCCC3C2)CC1
C1CCC(C2CCC3CC4C(CCC45CCCCCC5)CC32)CC1
C(CCC1CCC2CCCCC2C1)CCC1CCCC2CCCCC12
C1CCC2CCC3C4CCCCC4CC(CC4CCCC4)C3C2CC1
C1CCC2CCC(C3CCCC4CCCC43)CC2CC1
C1CCC(CCCCC2CCC3CCC(C4CCCC5CCCC54)CC3C2)CC1
C(CCCC1(C2CCCCC2)CCC1)CCC1CCC(C2CCCCC2)C1
C(CCCCC1CCC(C2CCCCC2)C1)CCCC1CCCCC1
C1CCC2CCC(C3CCCC4CCCC43)CC2CC1
C1CCC2CC(CC3CCCC4CCCC43)CCC2C1
C1CCC2C(C1)CCC1C3CCCC3CCC21
C1CCC(C2CC3CCCC3C3CCC4CCCCCC4C23)CC1
C1CCC(C2CCC3CCCC3C3CCC4CCCCC4C23)CC1
C1CCC(CCCCCC2CCCC3C(C4CCCCC4)CCC23)CC1
C1CCC(CC2CC3CCCCC3C3CCC4CCCCC4C3C2)C1
C1CCC(C2CC3CCCCC3C3CCC4CCCCC4C23)CC1
C(CCC1CCCC2CCCC12)CC1CC2CCCCC2C1
C1CCC(CCCCC2CC3CCCCC3C2)CC1
C1CCC(CCCCC2CC3CCCCC3C2)CC1
C1CCC(CCCCCC2CCC3CCC(C4CCCC5CCCC54)CC3C2)CC1
C1CCC(CC2CCC3CCCCC3C3CCC4CCCCC4C23)C1
C1CCC(CCCC2CCC3CCC(CC4CCCC5CCCC54)CC3C2)CC1
C1CCC(CC2CCC3CCCCC3C3CCC4CCCCC4C23)CC1
C1CCC(CCCCCC2CCCCC2)CC1
C1CCC(C2CC3CCCC3C3CCCC4CCCCC4C23)CC1
C1CCC2CC(C3CCCC4CCCC43)C3CCCC3C2CC1
C1CCC(CCCC2CCC3C(CCC3C3CCCCC3)C2)CC1
C1CCC2C(C1)CCC1C3CCCC3CCCC21
C(CCCC1CCCC2C(C3CCCCC3)CCC12)CCC1CCCCC1
C1CCC(CCCCCC2CC3CCCCC3C2)CC1
C(CCC1CCCC2CCCCC12)CC1CCC2CCCCC2C1
C(CCCC1CCCCC1)CCCC1CCC(C2CCCCC2)C1
C1CCC(CCCCC2CC3CCCCC3C2)CC1
C1CCC(CCCCCC2CCC3CCCCC23)CC1
C1CCC(C2CC3CCCC3C3CCC4CCCCCC4C23)CC1
C1CCC(CC2CC3CCCCC3C3CCC4CCCCC4C23)CC1
C1CCC(C2CC3CCCCC3C3CCCCC3C2)CC1
C1CCC(CC2CCC3C(CC4CCCCC4)CCC3C2)CC1
C1CCC(CCCCC2CCC3CCC(C4CCCC5CCCC54)CC3C2)CC1
C1CCC(CCC(CCC2CC3CCCCC3C2)C2CCCC2)CC1
C1CCC(C2CC3CCCC3CC3CCC4CCCCC4C32)CC1
C(CCC1CCC2C1CCC1C3CCCCC3CCC21)CC1CC2CCCCC2C1
C1CCC(CCCC2CCC(C3CCCC4C(C5CCCCC5)CCC34)C2)CC1
C1CCC2CC(C3CCCC4CCCC43)CCC2C1
C1CCC(CCCCC2CCC3CCCCC23)CC1
C1CCC(CCCC2CCCCC2)CC1
C1CCC(CCCCC2CC3CCCCC3C2)CC1
C1CCC(CCCCCC2CC3CCCCC3C2)CC1
C1CCC(C2CCC3CC4C(CCC45CCCCC5)CC32)CC1
C1CCC2C(C1)CCC1C3CCCC3CCC21
C1CCC2CCC(C3CCCC4CCCC43)CC2CC1
C(CCCC1CCCC2C(C3CCCCC3)CCC12)CCC1CCCCC1
C1CCC2C(C1)CC(C1CCCC1)C1CCCC21
C1CCC(CCC2CCCC(C3CCC4CC(CCC5CCC6CCCCC6C5)CCC43)C2)C1
C1CCC(CCCCCC2CCCC3C(C4CCCCC4)CCC23)CC1
C1CCC2C(C1)CCCC1C3CCCC3CCC21
C1CCC(CC2CC3CCCCC3C3CCC4CCCCC4C3C2)CC1
C(CCCC1CCCC2C(C3CCCCC3)CCC12)CCC1CCCCC1
C(CCC1CCCC2CCCC12)CC1CC2CCCCC2C1
C1CCC2C(C1)CCC1C3CCCCC3CCC21
C1CCC2C(C1)CCC1C3CCCC3CCCC21
C1CCC(CCC2CCC(C3CCC4C(CCC4C4CCCCC4)C3)CC2)CC1
C1CCC2CC(CC3CCCC4CCCC43)CCC2C1
C1CCC2CCC3C4CCCC4CCC3C2CC1
C1CCC(CCCCCC2CC3CCCCC3C2)CC1
C1CCC(C2CC3CCCC3C3CCCC4CCCCC4C23)CC1
C1CCC2C(C1)CCC1C2CCC2C3CCCCC3CC21
C1CCC(CC2CC3CCCCC3C3CCC4CCCCC4C23)CC1
C1CC2CCC3C(CCC4CCCCC43)CC2C1
C1CCC(CC2CCC3CC4C(CCC45CCCC5)CC23)CC1
C1CCC(CCC2(CCCC3CCC4CCCCC4C3)CCC3C4CCC5CCCCC5C4CCC32)C1
C(CCC1CCCC2CCCC12)CC1CC2CCCCC2C1
C1CCC(CCCCCC2CCC3CCCCC23)CC1
C1CCC2C(C1)CCC1C3CCCC3CCC21
C1CCC(CCCCC2CC3CCCCC3C2)CC1
C1CCC2C(C1)CCC1CCCCC12
C1CCC2CCC(C3CCCC4CCCC43)CC2CC1
C1CCC(CC2CC3CCCCC3CC3CCC4CCCCC4C32)C1
C1CCC(CCCC2CCC3C(CCC4C5CCCC5CC(CCC5CCCCC5)C34)C2)CC1
C1CCC(CCCCCC2CCC3C(CC4CCCCC4)CCC3C2)CC1
C1CCC(C2CCC(CCCCCC3CCCC4CCCCC34)C2)CC1
C1CCC(CCCCCC2CC3CCCCC3C2)CC1
C1CCC(C2CCC3CC4C(CCCC45CCCC5)CC32)CC1
C1CCC(CCCCCC2CCCCC2)CC1
C1CCC(C2CC3CCCC3C3CCC4CCCCC4C23)CC1
C1CCC(CC2CC3CCCCC3C3CCC4CCCCC4C23)CC1
C1CCC(CCC2CCC3C(CCC3C3CCCCC3)C2)CC1
C1CCC2C(C1)CCC1C3CCCC3CCC21
C1CCC(CCCCC2CCC3CCCCC23)CC1
C1CCC(CC2CC3CCCCC3C3CCC4CCCCC4C23)CC1
C1CCC(CCCCCC2CCCC3C(CC4CCCCC4)CCC23)CC1
C1CCC(C2CCC3CCCC3C3CCC4CCCCCC4C23)CC1
C1CCC(CC2CCC3C(CCC3C3CCCCC3)C2)CC1
C1CCC(CCCCCC2CC3CCCCC3C2)CC1
C1CCC2CCC3C4CCC(CCCC5CC6CCCCC6C5)C4CCC3C2CC1
C1CCC(CCCCC2CCC3C2CCC2CC4CCCCC4CCC23)CC1
C1CCC(C2CCC3C(CCC4CCCCC43)C2)CC1
C1CCC(CCC2CCC(CCC3CCCCC(CC4CCCC4)C3)CC2)CC1
C1CCCC(C2CCC3CC4C(CCC5C6CCCC6CCC45)CC32)CC1
C1CCC(CCCC2CCC3C2CCC2C4CC5CCC(C6CCCCC6)C5CC4CCCC32)CC1
C1CCC2CC(C3CCCC4CCCC43)CCC2C1
C(CCC1CCC2CCCC2C1)CC1CCC(C2CCCC2)CC1
C1CCC2CC(C3CCCC4CCCC43)CCC2C1
C1CCC2CCC(C3CCCC4CCCC43)CC2CC1
C1CCC(CC2CC3CCCCC3C3CCC4CCCCCC4C23)CC1
C1CCC(CC2CCC3C(CCC3C3CCCCC3)C2)CC1
C1CCC(C2CC3CCCC3C3CCC4CCCCCC4C23)CC1
C1CCC(C2CCC3CCC4C(CCC5C6CCC(CCCC7CCC8CCCCC8C7)C6CCC45)CC32)CC1
C1CCC(C2CCC3CC4C(CCC45CCCCC5)CC32)CC1
C1CCC2CC(C3CCCC3)C3CCCCC3CC2C1
C1CCC(C2CC3CCCC3C3CCCC4CCCCC4C23)CC1
C1CCC(CC2CC3CCCCC3CC3CCC4CCCCC4C32)CC1
C(CCC1CC2CCCCC2C1)CCC1CCCC2CCCC12
C1CCC(CCC2CCC3C(CCC3C3CCCCC3)C2)CC1
C1CCC(CCCCCC2CCC3CCCC3C2)CC1
C1CCC(C2CC3CCCC3C3CCC4CCCCC4C23)CC1
C1CCC2C(C1)CCC1C3CCCCC3CCC21
C1CCC(C2CCCC3C(CCC4CCCCC43)C2)CC1
C1CCC(C2CCC(CCCCCC3CCCC4CCCCC34)C2)CC1
C1CCC(CC2CCC3CCCCC3C3CCC4CCCCC4C23)CC1
C1CCC(C2CCC3(CCC4CC5C(CCC5C5CCCCC5)CC43)C2)CC1
C(CCCC1CCCC2C(C3CCCCC3)CCC12)CCC1CCCCC1
C(CCC1CCCC2CCCCC12)CCC1CCCC2CCCCC12
C1CCC(CCC2CCC(CCC3CCCC(CCC4CCCC4)C3)CC2)CC1
C1CCC(CCC2CCC3C(CCCC4C5CCCC5CCC34)C2)CC1
C1CCC2CC(CCCC3CCC4C3CCC3C5CCCCC5CCC43)CC2C1
C1CCC(CC2CCC3CC4C(CCC5C6CCC(CCCC7CC8CCCCC8C7)C6CCC45)CC23)CC1
C1CCC(CCCC2CCC(CCC3CCCC(CC4CCCC4)C3)CC2)CC1
C1CCC(C2CC3CCCC3C3CCC4CCCCC4C23)CC1
C1CCC(CCCCCC2CC3CCCCC3C2)CC1
C1CCC(C2CC3CCCCC3C3CCC4CCCCC4C23)CC1
C(CCC1CCCC2CCCCC12)CC1CCC2CCCCC2C1
C1CCC(C2CCC3(CCC4CC5C(CCC5C5CCCCC5)CC43)C2)CC1
C1CCC(CCC2CCC3C(CCC4CC(C5CCCCC5)CCC43)C2)CC1
C1CCC(CCCC2CC3CCCCC3C2CC2CCCCC2)CC1
C1CCC(CCCCC2CCC3CCCCC23)CC1
C1CCC(CCC2(CCCC3CC4CCCCC4C3)CCC3C4CCCC5CCCCC5C4CCC32)C1
C1CCC(C2CCC3CC4C(CCC5C6CCC(CCCC7CCC8CCCCC8C7)C6CCC45)CC32)CC1
C1CCC(C2CCC(CCCC3CCC4C3CCC3C5CCCCC5CCCC43)C2)CC1
C1CCC(CC2CCC(CC(CC3CCCCC3)C3CCCCC3)CC2)CC1
C1CCC(C2CC3CCCC3C3CCC4CCCCC4C23)CC1
C1CCC2C(C1)CCC1C3CCCC3CCC21
C(CCCC1CCCC2C(C3CCCCC3)CCC12)CCC1CCCCC1
C1CCC(CC2CCCC(CC3CC4CCCCC4C4CCC5CCCCCC5C34)C2)CC1
C(CCCC1CCCC2C(C3CCCCC3)CCC12)CCC1CCCCC1
C1CCC(CCCCC2CCC3CCCCC23)CC1
C1CCC(CC2CC3CCCCC3C3CCC4CCCCC4C23)CC1
C1CCC(CC2CCC(CCCC3CCC4C3CCC3C5CCCCC5CCC43)C2)CC1
C1CCC2CC(CC3CCCC4CCCC43)CCC2C1
C1CCC(CC2CC3CCCCC3C3CCC4CCCCCC4C23)CC1
C(CCC1CCCC2CCCC12)CC1CC2CCCCC2C1
C1CCC(CC2CC3CCCCC3C3CCC4CCCCC4C23)C1
C1CCC(C2CCC(CCCCCC3CCCC4CCCCC34)C2)CC1
C(CCCC1CCCCC1)CCCC1CCC(C2CCCCC2)C1
C1CCC(CCCCCC2CCCC3C(C4CCCCC4)CCC23)CC1
C1CCC(C2CC3CCCC(C3)C3CCC4CCCCC4C32)CC1
C1CCC(CCCC2CCCC3CCC(C4CCCC5CCCC54)CC3C2)CC1
C1CCC(C2CC3C(CCC4CC4)CCCC3C3CCC4CCCCC4C23)CC1
C1CCC(CCCC2CC3CCCCC3C2C2CCCCC2)CC1
C1CCC(CCC2CCC3C(CCC3C3CCCC(CCCC4CCCC4)C3)C2)CC1
C1CCC(C2CCC3CCCC3C3CCC4CCCCC4C23)CC1
C1CCC(C2CCC3CC(CC4CCC(CCC5CCCC5)CC4)CCC32)CC1
C1CCC(CCCCC2CCC3CCCC3C2)CC1
C1CCC(CC2CCCC(CCC3CCC(CCC4CCC(C5CC5)CC4)CC3)C2)C1
C1CCC(CCC2CCC(C3CCC4C(CCC4C4CCCCC4)C3)CC2)CC1
C1CCC(C2CCC3CC4C(CCC45CCCCC5)CC32)CC1
C1CCC(CC2CCC3CC4(CCCCC4C4CCCCC4)CCC23)CC1
C1CCC(CCCCCC2CCCC3C(CC4CCCCC4)CCC23)CC1
C1CCC(C2CC3CCCC3C3CCC4CCCCCC4C23)CC1
C1CCC(C2CC3CCCC3C3CCC4CCCCCC4C23)CC1
C1CCC(C2CCCC3C(CCC4CCCCC43)C2)CC1
C(CCC1CCCC2CCCC12)CC1CC2CCCCC2C1
C1CCC2C(C1)CCCC2CCCC1CCCC2CCCCC21
C(CCCC1CCCC2C(C3CCCCC3)CCC12)CCC1CCCCC1
C1CCC2CC(CCCC3CCCC4C3CCC3C5CCCCC5CCC43)CC2C1
C1CCC(CCC2CCC(CCC3CCCC(CC4CCCC4)C3)CC2)CC1
C1CCC2CC(CCCC3CCC4C3CCC3C5CCCCC5CCC43)CC2C1
C1CCC(CCC2CCCCC3CC4C(CCC4C4CCCCC4)CC23)CC1
C1CCC(CCCC2(CCCC3CCCC3)CCC3C4CCC5CCCCC5C4CCC32)C1
C1CCC2C(C1)CCCC2CCCC1CCCC2C1CCC1C3CCCCC3CCC21
C1CCC2CCC3C4CCC(CCCC5CC6CCCCC6C5)C4CCC3C2CC1
C1CCC2CCC(C3CCCC4CCCC43)CC2CC1
C1CCC(CCCCC2CCC3CCCCC23)CC1
C1CCC(CC2CC3CCCCC3C3CCC4CCCCC4C23)CC1
C1CCC(CCCCCC2CCC3CCCCC23)CC1
C1CCC(CCCC2CCCC3CCC(C4CCCC5CCCC54)CC3C2)CC1
C1CCC2CCC3C4CCC(CCCC5CC6CCCCC6C5)C4CCC3C2CC1
C1CCC(CCCC2CCCC(C3CCC4CC(CCC5CCC6CCCCCC6C5)CCC43)C2)CC1
C1CCC(CCCC2CCC(C3CCC4C(CCC4C4CCCCC4)C3)CC2)CC1
C(CCCC1CCCCC1)CCCC1CCC(C2CCCCC2)C1
C1CCC(CCCCC2CC3CCCCC3C2)CC1
C1CCC(C2CCC3CC4C(CCC5C6CCC(CCCCC7CCC8CCCCC8C7)C6CCC45)CC32)CC1
C1CCC(CC2CCC3CC4C(CCCC45CCCC5)CC23)CC1
C(CCC1CCCC2CCCC12)CC1CC2CCCCC2C1
C1CCC(CCCCCC2CCCC3C(C4CCCCC4)CCC23)CC1
C1CCC2CC(CCCC3CCC4C3CCC3C5CCCCC5CCC43)CC2C1
C1CCC(CCCCC2CC3CCCCC3C2)CC1
C1CCC(C2CCC3CC4C(CCC45CCCCC5)CC32)CC1
C(CCCC1CCCC2CCCC12)CCC1CCC2CCCCC2C1
C1CCC(CCCC2CCC3C2CCCC2C4CC5CCC(C6CCCCC6)C5CC4CCC32)CC1
C1CCC(CC2CC3CCCCC3C3CCC4CCCCC4C23)C1
C1CCC(C2CCC3CC4C(CCC45CCCCC5)CC32)CC1
C1CCC(C2CC3CCCC3C3CCC4CCCCC4C23)CC1
C1CCC(C2CCC3CC4C(CCC5C6CCC(CCCCC7CC8CCCCC8C7)C6CCC45)CC32)CC1
C1CCC2CCCC(CC3CC4CCCCC4C4CCC5CCCCC5C34)C2CC1
C1CCC2CC(CC3CCCC4CCCC43)CCC2C1
C1CCC(C2CCCC3C(CCC4CCCCC43)C2)CC1
C1CCC(C2CCC3CCC4CCCCC4C3CC2)CC1
C1CCC(CCC(CC2CC3CCCCC3C2)C2CCCC2)CC1
C1CCC(CCCCCC2CC3CCCCC3C2)CC1
C1CCC(C2CC3CCCC3C3CCC4CCCCC4C23)CC1
C1CCC(C2CCC3CC4C(CCC45CCCC5)CC32)CC1
C1CCC(CCCC(CCC2CCC3CCCC3C2)CC2CCCCC2)CC1
C(CCC1CCC2CCCCC2C1)CCC1CCCC2CCCCC12
C1CCC(C2CCC3CC4CCCCC4CCC32)CC1
C1CCC(CCCC2CCCC(C3CCC4CC(CCC5CCC6CCCCC6C5)CCC43)C2)CC1
C1CCC2C(C1)CCCC1CCCCC12
C1CCC2CCC3C4CCCCC4CC(CC4CCCC4)C3C2CC1
C(CCCC1CCCC2CCCCC12)CCC1CCC(C2CCCCC2)C1
C1CCC2C(C1)CCC1C3CCCCC3CCC21
C1CCC(CCCC2CCC(C3CCCC4C(C5CCCCC5)CCC34)C2)CC1
C1CCC(C2CC3CCCC3C3CCC4CCCCCC4C23)CC1
C1CCC2CC(C3CCCC3)CCC2C1
C1CCC(CC2CCC3CC4C(CCC5C6CCC(CCCC7CC8CCCCC8C7)C6CCC45)CC23)CC1
C1CCC(C2CCC3CCCC(C3)C3CCC4CCCCC4C23)CC1
C1CCC2CC3CCC4CCCC4C3CCC2C1
C1CCC(CCCCC2CCCC(C3CCC4CC(CCC5CCC6CCCCC6C5)CCC43)C2)CC1
C1CCC2C(C1)CCC1C3CCCCC3CCC21
C1CCC(CC2CCC3C(CCC3C3CCCCC3)C2)CC1
C1CCC(CCCCCC2CCC3CCCCC23)CC1
C1CCC(CC2CCCCC(CCC3CCC(CCC4CCC(C5CC5)CC4)CC3)C2)C1
C1CCC(C2CC3CCCC3C3CCCC4CCCCC4C23)CC1
C(CCC1CCC2C1CCC1C3CCCCC3CCC21)CC1CC2CCCCC2C1
C1CCC(CCCCC2CC3CCCCC3C2)CC1
C1CCC2CCC(C3CCCC4CCCC43)CC2CC1
C1CCC(CCCCC2CCC3CCCCC23)CC1
C1CCC(CCC2CCC(C3CCC4C(CCC4C4CCCCC4)C3)CC2)CC1
C1CCC2CC(C3CCCC4CCCC43)CCC2C1
C1CCC(C2CCC3C(CCCCCC4CCC(C5CCCC5)C4)CCCC23)CC1
C1CCC(C2CCC(CCCCCC3CCCC4CCCCC34)C2)CC1
C1CCC(CCCCC2CCCC(C3CCC4CC(CCC5CCC6CCCCC6C5)CCC43)C2)CC1
C1CCC2CCC3C4CCCCC4CC(CC4CCCC4)C3C2CC1
C1CCC(C2CC3CCCC3C3CCC4CCCCC4C23)CC1
C1CCC(C2CC3CCCC3C3CCC4CCCCC4C23)CC1
C1CCC(C2CCC3C(CCCCCC4CCC(C5CCCC5)C4)CCCC23)CC1
C1CCC(C2CCC3C(CCC4CCCCC43)C2)CC1
C1CCC2CC(CC3CCCC4CCCC43)CCC2C1
C1CCC2CC(CCCC3CCC4C3CCCC3C5CCCCC5CCC34)CC2C1
C1CCC(C2CCC(C3CC4CCCC4C4CCC5CCCCC5C34)CC2)C1
C1CCC(C2CCC3CC4C(CCC5C6CCC(CCCC7CC8CCCCC8C7)C6CCC45)CC32)CC1
C1CCC(CCCCC2CC3CCCCC3C2)CC1
C1CCC2C(C1)CCC1CCCCC12
C1CCC2CCC(C3CCCC4CCCC43)CC2CC1
C1CCC(CCC2CCC3CC4CCCCC4CCC3C2)CC1
C(CCC1CCCC2CCCC12)CC1CC2CCCCC2C1
C1CCC(CCC2CCC3C(CCC3C3CCCCC3)C2)CC1
C1CCC(C2CCC3CCCC3C3CCC4CCCCCC4C23)CC1
C1CCC(CCCCCC2CC3CCCCC3C2)CC1
C1CCC(CCCCCC2CCCC3C(C4CCCCC4)CCC23)CC1
C1CCC(CC2CCC3C(CCC3C3CCCCC3)C2)CC1
C1CCC2C(C1)CCC1CCCCC12
C1CCC(C2CCC3CC4C(CCCC45CCCC5)CC32)CC1
C1CCC(CCC2CCC(CCC3CCCCC3)CC2)CC1
C1CCC(C2CC3CCCCC3C3CCC4CCCCC4C23)CC1
C1CCC(CCC2CCC3C(CCC4C5CCCC5CCC34)C2)CC1
C1CCC(CCCC2CCC3C(CCC3C3CCCCC3)C2)CC1
C(CCCCC1CCC(C2CCCCC2)C1)CCCC1CCCCC1
C1CCC(CCCCCC2CC3CCCCC3C2)CC1
C(CCCC1CCCCC1)CCCC1CCC(C2CCCCC2)C1
C1CCC2CCC3C4CCC(CCCC5CC6CCCCC6C5)C4CCC3C2CC1
C1CCC(C2CC3CCCC3C3CCC4CCCCCC4C23)CC1
C1CCC(CCC(CC2CCCCC2)C2CCCCC2)CC1
C1CCC2CCC3C4CCCC4CCC3C2CC1
C1CCC(C2CC3CCCC3C3CCC4CCCCCC4C23)CC1
C1CCC2CCC3C4CCC(CCCC5CC6CCCCC6C5)C4CCC3C2CC1
C1CCC2CCC(C3CCCC4CCCC43)CC2CC1
C1CCC(CC2CC3CCCCC3C3CCC4CCCCCC4C23)CC1
C1CCC(CCCC2CCC3C2CCC2C4CC5CCC(C6CCCCC6)C5CCC4CCC32)CC1
C1CCC2C(C1)CCCC1C2CCC2C3CCCC3CC21
C1CCC(CCC(CCCC2CCC3CCCC3C2)CC2CCCCC2)CC1
C1CCC(CCC(CC2CCCC2)CC2CC3CCCCC3C2)CC1
C1CCC(CCCCCC2CCCC3C(C4CCCCC4)CCC23)CC1
C(CCC1CCCC2CCCC12)CC1CC2CCCCC2C1
C1CCC(CCC2CCC3C(CCC4C5CCCC5CC(CCC5CCCCC5)C34)C2)CC1
C1CCC(CCCC2CCC(CCC3CCCCC3)CC2)CC1
C1CCC(CCCCC2CC3CCCCC3C2)CC1
C1CCC(CCCCCC2CC3CCCCC3C2)CC1
C1CCC(CCCCCC2CC3CCCCC3C2)CC1
C1CCC(CCC2CCC(CCC3CCCC(CC4CCCCC4)C3)CC2)CC1
C1CCC(C2CCC3CC4C(CCC5C6CCC(CCCCC7CCC8CCCCC8C7)C6CCC45)CC32)CC1
C1CCC(C2CC3C(CCC4CC4)CCC3C3CCC4CCCCC4C23)CC1
C1CCC(CCCC2CCCC3CCC(C4CCCC5CCCC54)CC3C2)CC1
C1CCC(CCC(CCCC2CCC3CCCC3C2)CC2CCCCC2)CC1
C1CCC2C(C1)CCC1CCCCC12
C1CCC(CC2CC3CCCCC3C3CCC4CCCCC4C23)CC1
C1CCC(CCCC2CCC3CCC(C4CCCC5CCCC54)CC3C2)CC1
C1CCC(CC2CCC3C(CCC3C3CCCCC3)C2)CC1
C1CCC(C2CC3CCCCC3C3CCCCC23)CC1
C1CCC(C2CCC3CC4C(CCCCC45CCCC5)CC32)CC1
C1CCC(CCCCCC2CCCC3C(C4CCCCC4)CCC23)CC1
C1CCC(C2CCC3CC4C(CCC32)CCC42CCCCC2)CC1
C1CCC(C2CCC3C(CCC34CCCC4)C3CCC4CCCCC4C23)CC1
C1CCC(C2CC3CCCC3C3CCC4CCCCC4C3C2)CC1
C1CCC(C2CCC3CC4C(CCCCC45CC(C4CCCCC4)C(C4CCCCC4)C5)CC32)CC1
C1CCC(CCC2CCC3C(CCC3C3CCCCC3)C2)CC1
C1CCC(CCCCC2CCCC3CCC(C4CCCC5CCCC54)CC23)CC1
C(CCCC1CCCC2C(C3CCCCC3)CCC12)CCC1CCCCC1
C(CCC1CCCC2CCCC12)CC1CC2CCCCC2C1
C1CCC2CC(C3CCCC4CCCC43)CCC2C1
C1CCC(CC2CCC3C(CCC3C3CCCCC3)C2)CC1
C1CCC(CCC2CCC3C(CCC3C3CCCCC3)C2)CC1
C1CCC2CCC3C(CCC4C3CCC4(CCCC3CC4CCCCC4C3)CCC3CCCC3)C2CC1
C1CCC(CCCCC2CCC3CCCCC23)CC1
C1CCC(C2CCC(CCCCCC3(C4CCCCC4)CCCC3)C2)CC1
C1CCC2CCC(C3CCCC4CCCC43)CC2CC1
C1CCC(C2CC3CCCC3C3CCCC4CCCCC4C23)CC1
C1CCC(C2CC3C(CCC4CCC4)CCC3C3CCC4CCCCC4C23)CC1
C1CCC(CC2CCC3CCCCC3C3CCC4CCCCC4C23)CC1
C1CCC(CCCCC2CCC3CCCCC23)CC1
C1CC2CCCC2C(CC2CC3CCCCC3C3CCCC23)C1
C1CCC(C2CCC3CC4C(CCC45CCCC5)CC32)CC1
C1CCC2CCC(C3CCCC4CCCC43)CC2CC1
C(CCCC1CCCC2C(C3CCCCC3)CCC12)CCC1CCCCC1
C1CCC(CCCCC2CC3CCCCC3C2)CC1
C1CCC(CCC2CCC3C2CCC(C2CCCCC2)C2CC4CCCCC4CCC32)CC1
C(CCC1CCCC2CCCC12)CC1CC2CCCCC2C1
C1CCC(C2CCC3CC4C(CCCC45CCCCC5)CC32)CC1
C(CCCC1CCCCC1)CCCC1CCC(C2CCCCC2)C1
C1CCC(CC2CCC3C(CCC3C3CCCCC3)C2)CC1
C1CCC2C(C1)CC(C1CCCC3CCCC31)C1CCCC21
C1CCC(C2CCC3CC4C(CC5CC6CCCCC6C5)CCCCC4CC32)CC1
C1CCC(CCCCC2CCC3CCCCC23)CC1
C1CCC2CCC(C3CCCC4CCCC43)CC2CC1
C1CCC(CCC2CCC3C(CCC3C3CCCCC3)C2)CC1
C1CCC2C(C1)CCCC1C3CCCC3CCC21
C1CCC2CC(C3CCCC4CCCC43)CCC2C1
C(CCC1CCC2C(CCC3C4CCCC4CCC23)C1)CC1CCC(C2CC3CCCC3C3CCC4CCCCC4C23)CC1
C(CCCC1CCCCC1)CCCC1CCC(C2CCCCC2)C1
C1CCC(C2CCC3CC4C(CCC5CC6CCC(CCCC7CC8CCCCC8C7)C6CCC54)CC32)CC1
C1CCC(C2CCC3CC4C(CCC45CCCCC5)CC32)CC1
C1CCC(C2CC3CCCC3C3CCC4CCCCCC4C23)CC1
C(CCC1CCCC2CCCC12)CC1CC2CCCCC2C1
C1CCC(CCC2CC3CCCCC3C3CCC4CCCCC4C23)C1
C1CCC(CCC2CCCCC2)CC1
C1CCC(CCC2CCC3C(CC4CCCCC4)CCC3C2)CC1
C1CCC2CCC(C3CCC4CCCCC43)CC2CC1
C1CCC(CCCC2CCC3C2CCC2C4CC5CCC(C6CCCCC6)C5CC4CCC32)CC1
C(CCCC1CCCCC1)CCCC1CCC(C2CCCCC2)C1
C1CCC2CCC3C4CCCC4CCC3C2CC1
C1CCC(CC2CCC(CCCCCC3(C4CCCCC4)CCC3)C2)CC1
C1CCC(CC2CCCC(CCC3CCC(CCC4CCC(C5CCC5)CC4)CC3)C2)C1
C1CCC(CCCC2CC3CCCCC3C2CC2CCCCC2)CC1
C1CCC(CCCCCC2CCC3CCCCC23)CC1
C(CCC1CCC2C1CCC1C3CCCCC3CCC21)CC1CC2CCCCC2C1
C1CCC(C2CC3CCCC3C3CCC4CCCCC4C23)CC1
C1CCC2CCC(C3CCCC4CCCC43)CC2CC1
C1CCC(CCCCCC2CCC3CCCCC23)CC1
C1CCC(CC2CCC3CCCCC3C3CCC4CCCCC4C23)C1
C(CCC1CCCC2CCCC12)CC1CC2CCCCC2C1
C1CCC2CCC(C3CCCC4CCCC43)CC2CC1
C1CCC2CCC3C(CCC4C5CCCC5CC43)C2CC1
C1CCC(CCCCCC2CC3CCCCC3C2)CC1
C1CCC(CCCCC2CC3CCCCC3C2)CC1
C1CCC2CC3CCC4CCCCC4C3CCC2C1
C(CCCC1CCCCC1)CCCC1CCC(C2CCCCC2)C1
C(CCC1CCCC2CCCCC12)CCC1CCCC2CCCCC12
C1CCC(CCCC2CCC3C(CCC3C3CCCCC3)C2)CC1
C(CCCC1CCCCC1)CCCC1CCC(C2CCCCC2)C1
C1CCC(CC2CCC3CC4C(CCC45CCC(C4CCCCC4)C5)CC23)CC1
C1CCC(CCC2CCC(C3CC3)CC2)CC1
C1CCC(CCCCC2CC3CCCCC3C2)CC1
C(CCC1CCC2C1CCC1C3CCCCC3CCC21)CC1CCCC2CCCCC12
C1CCC(C2CCC3C(CCCCCC4CCC(C5CCCC5)C4)CCCC23)CC1
C1CCC(CCC2CCC3CC4CCCCC4CCC3C2)CC1
C1CCC(C2CCC3C(CCCC4CCCCC43)C2)CC1
C1CCC(C2CCC3C(CCCC4CCCCC43)C2)CC1
C1CCC(CCCCC2CC3CCCCC3C2)CC1
C1CCC(CC2CCC3C(CC4CCCCC4)CCC3C2)CC1
C1CCC(CC2CC3CCCCC3C3CCC4CCCCCC4C23)CC1
C(CC1CCC(C2CCCC2)CC1)CC1CCC2CCCC2C1
C1CCC(CC2CCC3C(CC4CCCCC4)CCC3C2)CC1
C1CCC(C2CC3CCCC3C3CCC4CCCCCC4C23)CC1
C(CCC1CCC2C1CCC1C3CCCCC3CCC21)CC1CC2CCCCC2C1
C1CCC(C2CCC3CC4C(CCC5C6CCC(CCCCC7CCC8CCCCC8C7)C6CCC45)CC32)CC1
C(CCCC1CCCCC1)CCC1CCCCC1
C(CCCC1CCC2CCCC2C1)CCC1CCCCC1
C1CCC(C2CCC3C(CCC4CCCCC43)C2)CC1
C1CCC2CC(C3CCCC4CCCC43)CCC2C1
C1CCC(CCC2CCC3C(CCC4C5CCCC5CC(CCC5CCCCC5)C34)C2)CC1
C1CCC(CCC2(CCCC3CC4CCCCC4C3)CCC3C4CCC5CCCCC5C4CCC32)C1
C1CCC(CCCC2CCC3CCC(C4CCCC5CCCC54)CC3CC2)CC1
C1CCC(CCCCC2CC3CCCCC3C2)CC1
C1CCC(CCCCC2CC3CCCCC3C2)CC1
C1CCC(CCCCCC2CCCCC2)CC1
C1CCC2CCCCC2C(CCCCC2CCCC3CCCCC23)C1
C1CCC(C2CC3CCCCC3C3CCCCC3C2)CC1
C1CCC2CCC(C3CCCC4CCCC43)CC2CC1
C1CCC(CC2CCCC(C3CCC4CC(CCCC5CCC6CCCCC6C5)CCC43)C2)C1
C1CCC(C2CCC3CC4C(CC5CC6CCCCC6C5)CCCC4CC32)CC1
C1CCC(C2CC3CCCC3C3CCCC4CCCCC4C23)CC1
C1CCC(CC2CCC(CC(CC3CCCCC3)C3CCCCC3)CC2)CC1
C1CCC(C2CCC3CCC4C(CC5CCC6CCCCC65)CCCC4CC32)CC1
C1CCC(CCC2CCC3C(CCC4C5CCCC5CCC34)C2)CC1
C1CCC2CCC(C3CCCC4CCCC43)CC2CC1
C1CCC2CC3CCC4C(CCCC5CC6CCCCC6C5)CCC4C3CCC2C1
C1CCC2CCC(C3CCCC4CCCC43)CC2CC1
C(CCC1CCCC2CCCCC12)CC1CC2CCCCC2C1
C1CCC(C2CC3CCCC3C3CCC4CCCCC4CC23)CC1
C1CCC2CCC(C3CCC4CCCCC43)CC2CC1
C(CCC1CCC2C1CCC1C3CCCCC3CCC21)CC1CC2CCCCC2C1
C1CCC2CCC3C(CCC4C5CCCC5CC43)C2CC1
C1CCC2CC(CCCC3CCC4C3CCC3C5CCCCC5CCC43)CCC2C1
C1CCC(C2CC3CCCC3C3CCCC4CCCCC4C23)CC1
C1CCC(C2CC3C(CCC34CCCC4)CC3CCC4CCCCC4C32)CC1
C1CCC(CC2CCC3C(CC4CCCCC4)CCC3C2)CC1
C1CCC(CCCC2CCC3C(CCC4C5CCCC5CCC34)C2)CC1
C1CCC(CCC2CCCC3CCC4C(CCC4C4CCCCC4)CC23)CC1
C1CCC(C2CC3CCCC3C3CCC4CCCCC4C23)CC1
C1CCC(C2CCC3CCCC3CC3CCC4CCCCC4C32)CC1
C1CCC(CCC2CCC3C(CCC3C3CCCCC3)C2)CC1
C1CCC2C(C1)CCC1C3CCCC3CCC21
C1CCC(CC2CCC3CCCCC3C3CCC4CCCCC4C23)CC1
C(CCCC1CCCCC1)CCC1CCCCC1
C1CCC2C(C1)CCC1CCCCC12
C1CCC(C2CCC3C(CCC4CCCCC43)C2)C1
C1CCC(CCCCC2CCC3CCCCC3C2)CC1
C1CCC(CCC2CCC3C(CCC3C3CCCCC3)C2)CC1
C1CCC(C2CC3CCCC3C3CCC4CCCCC4C23)CC1
C1CCC(C2CCC3CCC4C(CCC5C6CCC(CCCC7CCC8CCCCC8C7)C6CCC45)CC32)CC1
C1CCC(CC(CC2CCCCC2)C2CCCCC2)CC1
C1CCC(CCC2CCC(CC3CCC4C(CCC4C4CCCCC4)C3)CC2)CC1
C1CCC2CC3CCC(C4CCCCC4)C3CC2CC1
C1CCC2CCC3C4CCCCC4CC(CC4CCCC(C5CCCC5)C4)C3C2CC1
C1CCC(C2CCC3CCC4CCCCC4CC32)CC1
C1CCC2CCCCC2C(CCCCC2CCCC3CCCCC23)C1
C(CCCC1CCCCC1)CCCC1CCC(C2CCCCC2)C1
C(CCC1CCC(C2CCC(C3CC4CCCC4C4CCC5CCCCC5C34)CC2)CC1)CCC1CCC2C(CCC3C4CCCC4CCC23)C1
C1CCC(C2CC3CCCCC3C3CCCCC23)CC1
C(CCCCC1CCC(C2CCCCC2)C1)CCCC1CCCCC1
C1CCC(C2CCC3CCC(C4CCCC4)C3C2)C1
C1CCC(CCCCC2CCC3CCC(C4CCCC5CCCC54)CC3C2)CC1
C1CCC(CCC2CCC(CCC3CCCCC3)CC2)CC1
C1CCC2CC(C3CCCC4CCCC43)CCC2C1
C1CCC(CCCC2CCC3CCCC3C2)CC1
C1CCC2C(C1)CCC1C3CCCC3CCCC21
C(CCCC1CCCCC1)CCCC1CCC(C2CCCCC2)C1
C1CCC(CCC(CC2CC3CCCCC3C2)C2CC2)CC1
C1CCC(CCCCCC2CC3CCCCC3C2)CC1
C1CCC2CC3CCC4CCCC4C3CCC2C1
C1CCC(CCCCC2CC3CCCCC3C2)CC1
C1CCC(CC2CC3CCCCC3C3CCC4CCCCCC4C23)CC1
C1CCC(CCCCC2CC3CCCCC3C2)CC1
C1CCC(CCCCC2CCC3CCCCC23)CC1
C1CCC(CCCCCC2CCCC3C(C4CCCCC4)CCC23)CC1
C1CCC(C2CCC(C3CC4CCCC4C4CCC5CCCCC5C34)CC2)CC1
C1CCC(CCC(CCC2CCC3CCCCC3C2)CC2CCCCC2)CC1
C1CCC(C2CCC(C3CC4CCCC4C4CCC5CCCCC5C34)CC2)C1
C1CCC(CCC2CCC3C(CCC3C3CCCCC3)C2)CC1
C1CCC(C2CCC3CC4C(CCC5C6CCC(CCCC7CC8CCCCC8C7)C6CCCC45)CC32)CC1
C1CCC2CCC(C3CCCC4CCCC43)CC2CC1
C1CCC(CCC2CCC3C(CCC3C3CCCCC3)C2)CC1
C(CCCC1CCCCC1)CCCC1CCC(C2CCCCC2)C1
C1CCC(C2CC3CCCCC3CC3CCCCC32)CC1
C1CCC(C2CCC3C(CCCC4CCCCC43)C2)CC1
C1CCC2CC(CCCC3CCCC4C3CCC3C5CCCCC5CCC43)CCC2C1
C1CCC2CC(C3CCCC4CCCC43)CCC2C1
C1CCC2CCC(C3CCCC4CCCC43)CC2CC1
C1CCC(CCCCC2CC3CCCCC3C2)CC1
C(CCCC1CCCCC1)CCCC1CCC(C2CCCCC2)C1
C(CCC1CCCC2CCCC12)CC1CC2CCCCC2C1
C1CCC(CCCCCC2CC3CCCCC3C2)CC1
C1CCC2CCCCC2C(CCCCC2CCCC3CCCCC23)C1
C1CCC(C2CCC3CC4C(CCC32)CCC42CCCCC2)CC1
C1CCC(C2CCC3CC4C(CCC5C6CCC(CCCC7CC8CCCCC8C7)C6CCCC45)CC32)CC1
C1CCC(CC2CC3CCCCC3C3CCC4CCCCCC4C23)CC1
C1CCC(CC(CC2CCCCC2)C2CCCCC2)CC1
C1CCC(CCCCCC2CCCC3C(C4CCCCC4)CCC23)CC1
C1CCC2CCC3C4CCCC4CC(C4CCC(C5CCC5)CC4)C3C2CC1
C1CC2CCC3C(CCC4CCCCC43)CC2C1
C1CCC2CCC(C3CCCC4CCCC43)CC2CC1
C(CCCCC1CCC2C(CCC3C4CCCC4CCC23)C1)CCCC1CCCC(CC(CC2CCC(CC3CCCCC3)CC2)C2CCCCC2)C1
C1CCC(CCC2CCC3C(CCC3C3CCCCC3)C2)CC1
C1CCC(C2CCC3CC4C(CCC45CCCC5)CC32)CC1
C1CCC(CCC2CCC(C3CC3)CC2)CC1
C1CCC(CCCCCC2CCC3CCCCC23)CC1
C1CCC(CCCC2CCC3CCC(C4CCCC5CCCC54)CC3C2)CC1
C1CCC(CC2CCC3CCCCC3C3CCC4CCCCC4C23)CC1
C1CCC(CCC2CCC3C(CCC3C3CCCCC3)C2)CC1
C1CCC(CCCCC2CC3CCCCC3C2)CC1
C1CCC(CCCCC2CCC3CCCCC23)CC1
C(CCCC1CCCC2CCCCC12)CCC1CCC(C2CCCCC2)C1
C1CCC2CC(CCCC3CCC4C3CCCC3C5CCCCC5CCC34)CCC2C1
C1CCC(CCCCCC2CCCC3C(C4CCCCC4)CCC23)CC1
C1CCC2C(C1)CCCC1C3CCCC3CCC21
C1CCC(CC2CCC3CCCCC3C3CCC4CCCCC4C23)CC1
C1CCC2CCC(C3CCCC4CCCC43)CC2CC1
C1CCC2C(C1)CC(C1CCCC3CCCC31)C1CCCC21
C1CCC(CCCCC2CCC3CCCCC23)CC1
C1CCC(C2CC3CCCC3C3CCC4CCCCCC4C23)CC1
C(CCC1CC2CCCCC2C1)CCC1CCCC2CCCC12
C1CCC(C2CCC3CC4CCCCC4CC32)CC1
C1CCC(CCCCCC2CC3CCCCC3C2)CC1
C1CCC2CCC3C4CCCCC4CC(CC4CCCC4)C3C2CC1
C(CCC1CCC2CCCCC2C1)CCC1CCCC2CCCCC12
C1CCC(CC2CCC3CCCCC3C3CCC4CCCCC4C23)CC1
C(CCC1CCCC2CCCCC12)CC1CC2CCCCC2C1
C(CCCC1CCCCC1)CCCC1CCC(C2CCCCC2)C1
C1CCC(CC2CC3CCCCC3C2C2CCCCC2)CC1
C1CCC2CCC(C3CCCC4CCCC43)CC2CC1
C1CCC(C2CC3CCCC3C3CCC4CCCCCC4C23)CC1
C1CCC(CC2CC3CCCCC3C3CCC4CCCCCC4C23)CC1
C1CCC(CC2CCC3C(CCC3C3CCCCC3)C2)CC1
C1CCC(CCC2CCC3C(CC4CCCCC4)CCC3C2)CC1
C1CCC(C2CCC3CCC4C(CCC45CCCC5)CC32)CC1
C1CCC(CCCC2CCC3CCC(C4CCCC5CCCC54)CC3C2)CC1
C1CCC2CC3CCCCC3CCC2C1
C1CCC2CCC3C4CCC(CCCC5CC6CCCCC6C5)C4CCC3C2CC1
C1CCC(CCC2CCC3C(CCC3C3CCCCC3)C2)CC1
C1CCC(CCC2CCC3C(CCC3C3CCCC3)C2)CC1
C1CCC(C2CCC3CCC(C4CCCC4)C3C2)C1
C1CCC(C2CCC(C3CC4CCCC4C4CCCC5CCCCC5C34)CC2)C1
C1CCC(CCCCCC2CCCC3C(CC4CCCCC4)CCC23)CC1
C1CCC(CCCC2CCC3C2CCC2C4CC5CCC(C6CCCCC6)C5CC4CCC32)CC1
C1CCC(C2CC3CCCC3C3CCC4CCCCC4C23)CC1
C1CCC(C2CCC3CC4(CCCCC4C4CCCCC4)CCCC32)CC1
C1CCC2CCC3C4CCCCC4CC(CC4CCCC4)C3C2CC1
C1CCC(CC2CCC3C(CCC3C3CCCCC3)C2)CC1
C1CCC(CC2CCC3CC4C(CCC5C6CCC(CCCC7CC8CCCCC8C7)C6CCC45)CC23)CC1
C1CCC(CCCCC2CCC3CCCCC23)CC1
C(CCC1CCC2C(CCC3C4CCCC4CCC23)C1)CC1CCC(C2CCC(C3CC4CCCC4C4CCC5CCCCC5C34)CC2)CC1
C1CCC(CC2CC3CCCCC3CC3CCC4CCCCC4C32)CC1
C1CCC(CCCC2CCCC3CCCCC32)C2CCCCC2C1
C1CCC(CCCCCC2CC3CCCCC3C2)CC1
C1CCC(C2CCC3CC4C(CCC5C6CCC(CCCCC7CCC8CCCCC8C7)C6CCC45)CC32)CC1
C1CCC2CCC3C4CCCC4CCC3C2CC1
C1CCC(CCCCC2CC3CCCCC3C2)CC1
C1CCC(CCCC2CCC(C3CCC4C(CCC4C4CCCCC4)C3)CC2)CC1
C1CCC(C2CCC3CCC4C(CCC5C6CCC(CCCC7CCC8CCCCC8C7)C6CCC45)CC32)CC1
C1CCC2CCC3C4CCC(CCCC5CC6CCCCC6C5)C4CCC3C2CC1
C(CCC1CCC2C1CCC1C3CCCCC3CCC21)CC1CC2CCCCC2C1
C1CCC(CCCCC2CC3CCCCC3C2)CC1
C1CCC(CC2CCC(CCCCCC3CCCC4CCCCC34)C2)CC1
C1CCC(CCCCCC2CCCCC2)CC1
C1CCC(C2CCC3CCCC3C3CCC4CCCCCC4C23)CC1
C1CCC(C2CCC3CC4C(CCCCC5CC5)CCCC4CC32)CC1
C1CCC(C2CCC3CC4C(CCC32)CCC42CCCC2)CC1
C(CCC1CC2CCCCC2C1)CCC1CCCC2CCCC12
C(CCCC1CCCC2C(C3CCCCC3)CCC12)CCC1CCCCC1
C1CCC2C(C1)CCC1C3CCCC3CCC21
C1CCC(C2CCC3CC4C(CCC45CCCCCC5)CC32)CC1
C1CCC(C2CC3CCCC3C3CCC4CCCCCC4C23)CC1
C1CCC(C2CCC3CCCC3C3CCC4CCCCC4C23)CC1
C1CCC(CCCCCC2CC3CCCCC3C2)CC1
C1CCC(CCC2CCC3C(CCC3C3CCCC(CC4CCCC4)C3)C2)CC1
C1CCC(CCC(CC2CC2)CC2CC3CCCCC3C2)CC1
C(CCC1CCC2C1CCC1C3CCCCC3CCC21)CC1CC2CCCCC2C1
C(CCCC1CCCC2CCCC12)CCC1CCCCC1
C(CCCCC1CCC(C2CCCCC2)C1)CCCC1CCCCC1
C1CCC(CCCCC2CC3CCCCC3C2)CC1
C1CCC(CCCCC2CCC3CCC(C4CCCC5CCCC54)CC3C2)CC1
C1CCC2C(C1)CCC1C3CCCC3CCC21
C(CCCC1CCCCC1)CCC1CCCCC1
C1CCC(CCC2CCC(CCC3CCCC(CC4CCCC4)C3)CC2)CC1
C1CCC(CCCCCC2CCCCC2)CC1
C1CCC(C2CC3CCCC3C3CCC4CCCCC4C23)CC1
C1CCC2CCC3C4CCC(CCCC5CC6CCCCC6C5)C4CCC3C2CC1
C1CCC(CCCCC2CCC3CCC(C4CCCC5CCCC54)CC3C2)CC1
C1CCC(CCCCC2CC3CCCCC3C2)CC1
C(CCCC1CCCC2C1CCC2C1CCCC(CC2CCCC2)C1)CCC1CCCCC1
C1CCC(CC2CC3CCCCC3C3CCC4CCCCC4C23)CC1
C1CCC2CC(C3CCCC4CCCC43)CCC2C1
C(CCCC1CCCC2C(C3CCCCC3)CCC12)CCC1CCCCC1
C(CCCCC1CCC2C(CCC3C4CCCC4CCCC23)C1)CCCC1CCCC(CC(CC2CCC(CC3CCCCC3)CC2)C2CCCCC2)C1
C1CCC(CCCC2CCC(C3CCC4C(CCC4C4CCCCC4)C3)CC2)CC1
C1CCC(C2CCC3CC(C4CCC(CCC5CCCC5)CC4)CCC32)CC1
C1CCC(CCCCC2CC3CCCCC3C2)CC1
C1CCC(CC2CCCCC2CC2CCC3CCCCC3C3CCC4CCCCC4C23)CC1
C1CCC2CC(CCCC3CCCCC4CCCCC43)CC2C1
C1CCC(CCC(CCC2CCC3CCCC3C2)CC2CCCCC2)CC1
C1CCC(C2CCCC3(CCC4CC5C(CCC5C5CCCCC5)CC43)C2)CC1
C1CCC(CC2CCC(CC(CC3CCCCC3)C3CCCCC3)CC2)CC1
C1CCC2C(C1)CCC1C2CCC2C3CCCC3CC21
C1CCC(CC2CC3CCCCC3C3CCC4CCCCCC4C23)CC1
C1CCC(C2CC3C(CCC34CCCCC4)C3CCC4CCCCC4C23)CC1
C1CCC2CC(C3CCCC4CCCC43)CCC2C1
C1CCC2CC(C3CCCC4CCCC43)CCC2C1
C(CCC1CCCC2CCCCC12)CC1CCCC2CCCCC12
C1CCC(C2CC3CCCC3C3CCC4CCCCCC4C23)CC1
C(CCC1CCCC2CCCCC12)CC1CCCC2CCCCC2C1
C1CCC2CC(C3CCCC4CCCC43)CCC2C1
C1CCC2C(C1)CCC1CCCCC12
C(CCCC1CCCC2C(C3CCCCC3)CCC12)CCC1CC1
C1CCC(CCCCCC2CCCC3C(C4CCCCC4)CCC23)CC1
C(CCCC1CCCC2C(C3CCCCC3)CCC12)CCC1CCCCC1
C1CCC2CCC(C3CCCC4CCCC43)CC2CC1
C1CCC(C2CC3CCCC3C3CCC4CCCCC4C23)CC1
C1CCC(C2CC3CCCCC3C3CCC4CCCCC4C23)CC1
C1CCC(CCCCC2CCC3CCCCC23)CC1
C1CCC2CC(C3CCCC4CCCC43)CCC2C1
C1CCC(CCC2CCC3C(CCC3C3CCCC(CCC4CCCCC4)C3)C2)CC1
C1CCC(C2CCC3CC4CCCCC4CCC3C2)CC1
C1CCC(CCCC2CCC3C(CCC3C3CCCC(CC4CCCC4)C3)C2)CC1
C1CCC(C2CCC3CCC4C(CCC5C6CCC(CCCC7CCC8CCCCC8C7)C6CCC45)CC32)CC1
C1CCC(CCCCC2CC3CCCCC3C2)CC1
C1CCC(C2CC3CCCC3C3CCC4CCCCC4C23)CC1
C1CCC(CCCCCC2CCCC3C(C4CCCCC4)CCC23)CC1
C1CCC(CC2CC3CCCCC3C3CCC4CCCCC4C23)CC1
C1CCC(CC2CCC3CCCCC3C3CCC4CCCCC4C23)CC1
C(CCCC1CCC2CCCC2C1)CCC1CCCCC1
C1CCC2C(C1)CCC1C3CCCCC3CCC21
C1CCC2CC(C3CCCC4CCCC43)C3CCCC3C2CC1
C1CCC(CCCCCC2CC3CCCCC3C2)CC1
C1CCC2CC(CCCC3CCC4C3CCC3C5CCCCC5CCCC43)CCC2C1
C(CCC1CCC2CCCCC2C1)CCC1CCCC2CCCCC12
C1CCC(CCC2CCC3C(CCC3C3CCCCC3)C2)CC1
C1CCC(CC2CC3CCCCC3C3CCC4CCCCC4C23)C1
C1CCC2CCC(C3CCCC4CCCC43)CC2CC1
C1CCC2C(C1)CCC1C3CCCC3CCC21
C1CCC2CC(C3CCCC4CCCC43)CCC2C1
C1CCC(CCCCCC2CCCC3CCC(C4CCCCC4)CC23)CC1
C1CCC(CCCC2CCC3CCCC3C2)CC1
C1CCC(CCCCC2CC3CCCCC3C2)CC1
C1CCC2CCC(C3CCCC3)CC2CC1
C1CCC(CC2CCCCC(CCC3CCC(CCC4CCC(C5CC5)CC4)CC3)C2)C1
C1CCC2CC(C3CCCC4CCCC43)CCC2C1
C1CCC2C(C1)CCC1CCCCC12
C1CCC(CCCCCC2CCC3CCCCC23)CC1
C1CCC(CC2CC3CCCCC3C3CCC4CCCCCC4C23)CC1
C1CCC(CCCC2CCCC(C3CCC4CC(CCC5CCC6CCCCC6C5)CCC43)C2)CC1
C(CCC1CCC2C1CCC1C3CCCCC3CCC21)CC1CCC2CCCCC2C1
C(CCC1CCCC2CCCCC12)CC1CCC2CCCCC2C1
C1CCC2CC(CCCC3CCC4C3CCC3C5CCCCC5CCC43)CC2C1
C1CCC2CCC3C4CCC(CCCC5CC6CCCCC6C5)C4CCC3C2CC1
C1CCC(C2CCC3(CCCC4CC5C(CCC5C5CCCCC5)CC43)C2)CC1
C(CCCC1CCCC2CCCCC12)CCC1CCCC1
C1CCC(CCCCC2CCC3CCC(CC4CCCC5CCCC54)CC3C2)CC1
C1CCC(CCC2CCC(C3CCC4C(CCC4C4CCCCC4)C3)CC2)CC1
C1CCC2C(C1)CCC1C3CCCC3CCC21
C1CCC(CCCCC2CCC3CCCCC23)CC1
C1CCC(CCC2CCCCC2CC2CC3CCCCC3C3CCC4CCCCC4C23)CC1
C(CCCC1CCCCC1)CCCC1CCC(C2CCCCC2)C1
C1CCC(C2CCC3CC4C(CCC5C6CCC(CCCC7CCC8CCCCC8C7)C6CCC45)CC32)CC1
C(CCC1(C2CCCC2)CCCC2CCCCC21)CC1CCC2CCCCC2C1
C1CCC2CCC3C4CCC(CCCC5CC6CCCCC6C5)C4CCC3C2CC1
C1CCC(C2CC3CCCC3C3CCCC4CCCCC4C23)CC1
C(CCCCC1CCC(C2CCCCC2)C1)CCCC1CCCCC1
C1CCC(CC2CC3CCCCC3C3CCC4CCCCC4C23)C1
C1CCC2CC(C3CCCC4CCCC43)CCC2C1
C1CCC(CC2CC3CCCCC3CC3CCC4CCCCC4C32)CC1
C1CCC(CCCC2(CCC3CCCC3)CCC3C4CCC5CCCCC5C4CCC32)C1
C1CCC2CCC3CCCCC3C2CC1
C1CCC(CCCC2CCC3CCC(C4CCCC5CCCC54)CC3C2)CC1
C1CCC(C2CCC3CC4C(CCCC45CCC(C4CCCCC4)C(C4CCCCC4)C5)CC32)CC1
C(CCCCC1CCC(C2CCCCC2)C1)CCCC1CCCCC1
C1CCC2CC(CCCC3CCC4C3CCC3C5CCCCC5CCCC43)CCC2C1
C1CCC(C2CCC3CC4C(CCC5C6CCC(CCCC7CC8CCCCC8C7)C6CCCC45)CC32)CC1
C1CCC(CCCCC2CC3CCCCC3C2)CC1
C1CCC(C2CCC(CC3CC4CCCCC4C4CCC5CCCCC5C4C3)CC2)CC1
C1CCC(CCCCC2CCCC(C3CCC4CC(CCC5CCC6CCCCC6C5)CCC43)C2)CC1
C1CCC(C2CCC3CCCCC3C3CCCCC23)CC1
C1CCC2C(C1)CCC1C3CCCC3CCCC21
C(CCC1CCC2CCCCC2C1)CCC1CCCC2CCCCC12
C1CCC(CCC2CCC3C(CCC3C3CCCCC3)C2)CC1
C1CCC(C2CC3C(CCC34CCCC4)C3CCCC4CCCCC4C23)CC1
C(CCC1CCCCC2CCCCC12)CC1CCC2CCCCC2C1
C1CCC(CCCC2CCC3C4CCC5CC6C(CCC6C6CCCCC6)CC5C(CCC23)C4)CC1
C1CCC2C(C1)CCC1C3CCCCC3CCC21
C1CCC2CC(C3CCCC4CCCC43)CCC2C1
C1CCC2CCC(C3CCCC4CCCC43)CC2CC1
C1CCC(CCCCC2CC3CCCCC3C2)CC1
C1CCC(C2CCC3CC4C(CCCC45CCCC5)CC32)CC1
C1CCC(CCC2CCC3C(CCC3C3CCCC3)C2)CC1
C1CCC(CC2CC3CCCCC3C3CCC4CCCCC4C23)CC1
C(CCC1CCCC2CCCCC12)CC1CCC2CCCCC2C1
C1CCC(CCCC2CCC3CCC(C4CCCC5CCCC54)CC3C2)CC1
C1CCC(CCCC2CCCC(CC3CCC4CC(CCC5CCC6CCCCC6C5)CCC43)C2)CC1
C1CCC(C2CCC3CC4C(CCC45CCCC5)CC32)CC1
C(CCCC1CCCC2C(C3CCCCC3)CCC12)CCC1CCCCC1
C1CCC(CCCCC2CC3CCCCC3C2)CC1
C1CC2CCC3C(CCC4CCCCC43)CC2C1
C1CCC(CCCC2CCCC(C3CCC4CC(CCC5CCC6CCCCC6C5)CCC43)C2)CC1
C1CCC(C2CC3CCCCC3C3CCCCC23)CC1
C1CCC(CC2CC3CCCCC3C3CCC4CCCCCC4C23)CC1
C1CCC2CC(C3CCCC4CCCC43)CCC2C1
C1CCC(CCCCC2CC3CCCCC3C2)CC1
C1CCC(CCC2CCCCC2)CC1
C1CCC(CCCCCC2CCCC3C(C4CCCCC4)CCC23)CC1
C(CCCC1CCCC2CCCC12)CCC1CCC2CCCCC2C1
C(CCCC1CCCC2C(C3CCCCC3)CCC12)CCC1CCCCC1
C1CCC(CCC2CCC3C(CCC3C3CCCCC3)C2)CC1
C1CCC2CCC3C4CCCCC4CC(CC4CCCC4)C3C2CC1
C1CCC2C(C1)CC(C1CCCC3CCCC31)C1CCCCC21
C1CCC2CC(C3CCCC4CCCC43)CCC2C1
C1CCC(C2CCC3CC4(CCCCCC4C4CCCCC4)CCC32)CC1
C(CCCC1CCCC2C(C3CCCCC3)CCC12)CCC1CCCCC1
C1CCC(CCCC2CCCC(C3CCC4CC(CCC5CCC6CCCCC6C5)CCC43)C2)CC1
C1CCC2C(C1)CCC1C3CCCCC3CCC21
C1CCC2C(C1)CCCC2CCCC1CCCC2CCCCC21
C1CCC(C2CCC(C3CC4CCCC4C4CCC5CCCCC5C34)CC2)C1
C1CCC(C2CCC3CC4C(CCC32)CCC2C3CCC(CCCC5CCC6CCCCC6C5)C3CCC42)CC1
C1CCC(C2CC3CCCC3C3CCC4CCCCCC4C23)CC1
C1CCC(CCCCCC2CC3CCCCC3C2)CC1
C1CCC(CCC2CCC3C(CCC3C3CCCCC3)C2)CC1
C1CCC(CCCC(CC2CC3CCCCC3C2)C2CC2)CC1
C(CCC1CCC2CCCCC2C1)CCC1CCCC2CCCCC12
C1CCC2CC(C3CCCC4CCCC43)CCC2C1
C1CCC(CCCCCC2CCCC3C(C4CCCCC4)CCC23)CC1
C1CCC(CCCCCC2CCC3CCCCC3C2)CC1
C1CCC(CCCCC2CC3CCCCC3C2)CC1
C1CCC(CCC2CCC3C(CCC3C3CCCCC3)C2)CC1
C(CCC1CCC2C1CCC1C3CCCCC3CCC21)CC1CC2CCCCC2C1
C1CCC(C2CC3CCCC3C3CCC4CCCCC4C23)CC1
C1CCC(C2CCC3CC4C(CCCC45CCCCC5)CC32)CC1
C1CCC(C2CC3CCCC3C3CCCC4CCCCC4C23)CC1
C(CCC1CCCC2CCCCC12)CC1CC2CCCCC2C1
C1CCC(CCCCC2CCC3CCCCC23)CC1
C1CCC(CCC2CCCC3CC4C(CC5CCCCC5)CCC4CC23)CC1
C1CCC(CCCC2CCCC(C3CCC4CC(CCC5CCC6CCCCC6C5)CCC43)C2)CC1
C1CCC(CCCCC2CC3CCCCC3C2)CC1
C1CCC(CC2CCCCC2CC2CC3CCCCC3C3CCC4CCCCC4C23)CC1
C1CCC2CCC3C4CCC(CCCC5CC6CCCCC6C5)C4CCC3C2CC1
C1CCC2C(C1)CCC1C3CCCC3CCC21
C1CCC(CC2CC3CCCCC3CC3CCC4CCCCC4C32)CC1
C1CCC2CCC(C3CCCC4CCCC43)CC2CC1
C1CCC2CCC(C3CCCC4CCCC43)CC2CC1
C1CCC2CC(C3CCCC4CCCC43)CCC2C1
C1CCC2C(C1)CCC1CCCCC12
C(CCCC1CCCCC1)CCCC1CCC(C2CCCCC2)C1
C1CCC(CCCCCC2CC3CCCCC3C2)CC1
C1CCCC(C2CCC3CC4C(CCC5C6CCCC6CCC45)CC32)CC1
C1CCC2CC(CC3CCCC4CCCC43)CCC2C1
C1CCC2CC(CCCC3CCC4C3CCC3C5CCCCC5CCC43)CC2C1
C1CCC(CCCCC2CCC3CCCCC23)CC1
C1CCC(CC2CC3CCCCC3C3CCC4CCCCC4C23)C1
C1CCC(CCCCC2CC3CCCCC3C2)CC1
C(CC1CCC2CCCCC2C1)CC1CCC2CCC(C3CCCC4CCCC43)CC2C1
C1CCC(CCCCCC2CCCC3C(CC4CCCCC4)CCC23)CC1
C1CCC(CC2CC3CCCCC3C3CCC4CCCCCC4C23)CC1
C1CCC(CCCCC2CC3CCCCC3C2)CC1
C1CCC(C2CCC3CC4C(CCC5C6CCCC6CCC45)CC32)CC1
C1CCC(C2CC3CCCC3C3CCC4CCCCC4CC23)CC1
C1CCC(CCCCC2CC3CCCCC3C2)CC1
C1CCC(CCCC2CCC3C2CCCC2C4CCCCC4CCC23)C1
C1CCC(CCC2CCC(C3CCCC4C(C5CCCCC5)CCC34)C2)CC1
C1CCC2CCC3C4CCCC4CCC3C2CC1
C(CCC1CCCC2CCCC12)CC1CC2CCCCC2C1
C1CCC(CCC2CCC3C(CCC3C3CCCCC3)C2)CC1
C1CCC2CC(C3CCCC4CCCC43)CCC2C1
C1CCC2CCC(C3CCCC4CCCC43)CC2CC1
C1CCC(CCCCCC2CC3CCCCC3C2)CC1
C1CCC(C2CCC3CCC4C(CCCC45CCCC5)CC32)CC1
C1CCC(CCC(CC2CCC(CC3CCCCC3)CC2)C2CCCCC2)CC1
C1CCC(C2CCC3CC4C(CCCCC45CCCC5)CC32)CC1
C1CCC(C2CCC3CCCC3C3CCCC4CCCCC4C23)CC1
C1CCC(C2CC3CCCC3C3CCC4CCCCCC4C23)CC1
C(CCC1CCC2C1CCC1C3CCCCC3CCC21)CC1CC2CCCCC2C1
C1CCC(C2CC3CCCCC3C3CCCCC23)CC1
C1CCC(C2CC3CCCC3CC3CCC4CCCCC4C32)CC1
C1CCC(C2CCC3CC4C(CC5CC6CCCCC6C5)CCCC4CC32)CC1
C(CCCC1CCCC2C(C3CCCCC3)CCC12)CCC1CCCCC1
C1CCC(CCC2CCC3C(CCC3C3CCCCC3)C2)CC1
C1CCC2C(C1)CCC1C3CCCC3CCC21
C1CCC2CCC(C3CCCC4CCCC43)CC2CC1
C1CCC(CCCC2CCC3CCC(C4CCCC5CCCC54)CC3CC2)CC1
C1CCC(C2CC3CCCC3C3CCCC4CCCCC4C23)CC1
C1CCC(CCCCCC2CCC3CCCCC23)CC1
C1CCC(CC2CCC(CCC(CC3CCCCC3)C3CCCCC3)CC2)CC1
C1CCC(C2CCCC3CCCC3C3CCC4CCCCC4C23)CC1
C1CCC2C(C1)CC(C1CCCC3CCCC31)C1CCCC21
C1CCC(C2CC3CCCC3C3CCC4CCCCCC4C23)CC1
C1CCC(CCC2CCC3C(CCC4CCCCC43)C2)CC1
C1CCC2CCC3C4CCC(CCCC5CCC6CCCCC6C5)C4CCC3C2CC1
C1CCC(CCCC2CCC(C3CCC4C(CCC4C4CCCCC4)C3)CC2)CC1
C(CCC1CCCC2CCCCC12)CC1CCC2CCCCC2C1
C1CCC(C2CCC3C(CCC4CCCCC43)C2)CC1
C(CCC1CCC2C(CCC3C4CCCC4CCC23)C1)CC1CCC(C2CCC(C3CC4CCCC4C4CCC5CCCCC5C34)CC2)CC1
C1CCC2CC(C3CCCC4CCCC43)CCC2C1
C(CCCC1CCCC2CCCC12)CCC1CCCCC1
C1CCC2C(C1)CCC1C3CCCC3CCC21
C1CCC(C2CCC3CC(CC4CCC(CCC5CCCC5)CC4)CCC32)CC1
C(CCC1CCCC2CCCC12)CC1CC2CCCCC2C1
C1CCC(CCC2CCC3C(CCC4C5CCCC5CCC34)C2)CC1
C1CCC(C2CCC3CCCC3C3CCC4CCCCC4C23)CC1
C1CCC(CC2CCC3CC4C(CCC45CCC(C4CCCCC4)C5)CC23)CC1
C1CCC2C(C1)CCC1C3CCCC3CCCC21
C1CCC(C2CC3CCCC3C3CCC4CCCCC4C23)CC1
C1CCC(CCCCCC2CCC3CCCCC23)CC1
C1CCC(C2CCC(CCCCCC3(C4CCCCC4)CCCC3)C2)CC1
C1CCC2CCC3C(CCC4C3CCC4(CCCC3CC4CCCCC4C3)CCC3CCCC3)C2CC1
C(CCC1CCC2C(CCC3C4CCCC4CCC23)C1)CC1CCC(C2CCC(C3CC4CCCC4C4CCC5CCCCC5C34)CC2)CC1
C1CCC(CCC2CCCCC2)CC1
C1CCC(C2CC3CCCCC3C3CCCCC23)CC1
C1CCC2C(C1)CCC1C3CCCC3CCC21
C1CCC(CCC(CC2CCC3C(CCC3C3CCCCC3)C2)C2CCCCC2)CC1
C1CCC(CCC2CCC3C(CCC3C3CCCC(CC4CCCC4)C3)C2)CC1
C1CCC(CCCCC2CC3CCCCC3C2C2CCCCC2)CC1
C1CCC2CCCCC2C(CCCCC2CCCC3CCCCC23)C1
C1CCC(C2CC3CCCC3C3CCCC4CCCCC4C23)CC1
C1CCC(CC2CC3CCCCC3C3CCC4CCCCCC4C23)CC1
C1CCC2CCC(C3CCCC4CCCC43)CC2CC1
C1CCC(C2CCC3CC(C4CCC(CCC5CCCC5)CC4)CCC32)CC1
C1CCC(C2CC3CCCC3C3CCC4CCCCCC4C23)CC1
C1CCC2CCC(C3CCCC4CCCC43)CC2CC1
C1CCC(CCCCCC2CC3CCCCC3C2)CC1
C1CCC2CCC(C3CCCC4CCCC43)CC2CC1
C1CCC(CC23CCCCC2CCC2C4CCCC4CCC23)CC1
C1CCC(CC2CCC(CC(CC3CCCCC3)C3CCCCC3)CC2)CC1
C1CCC(CCCCCC2CC3CCCCC3C2)CC1
C1CCC2CC(C3CCCC4CCCC43)CCC2C1
C1CCC(CCC2CCC(CCC3CCCC(CCC4CCCC4)C3)CC2)CC1
C1CCC2C(C1)CCCC1C3CCCC3CCC21
C1CCC(C2CC3CCCC3C3CCC4CCCCCC4C23)CC1
C1CCC2CC(C3CCCC4CCCC43)CCC2C1
C1CCC(C2CCC3C(CCC4CCCCC43)C2)CC1
C1CCC(CCCCCC2CC3CCCCC3C2)CC1
C(CCC1CCCC2CCCCC12)CC1CCC2CCCCC2C1
C1CCC(CCCC2CCCC(C3CCC4CC(CCC5CCC6CCCCCC6C5)CCC43)C2)CC1
C1CCC(CCCCC2CCC3C2CCC2C4CCCCC4CCC32)CC1
C1CCC(C2CCC3CC4C(CCCC5C6CCC(CCCC7CCC8CCCCC8C7)C6CCC45)CC32)CC1
C1CCC(C2CCC3CC4C(CCC5C6CCCC(CCCC7CC8CCCCC8C7)C6CCC45)CC32)CC1
C1CCC(CC2CC3CCCCC3C3CCC4CCCCCC4C23)CC1
C1CCC2CC(C3CCCC4CCCC43)CCC2C1
C1CCC2CCC3CCCCC3C2CC1
C1CCC(C2CC3CCCC3C3CCC4CCCCCC4C23)CC1
C1CCC(CCCC23CCCC2CC2C4CCC5CCCCC5C4CCC23)C1
C1CCC2CCC(C3CCCC4CCCC43)CC2CC1
C1CCC(CCC2CCC(CCC3CCCC(CC4CCCC4)C3)CC2)CC1
C1CCC(C2CCC3CCCCC3C3CCCCC23)CC1
C1CCC(C2CCC3C(CCC4CCCCC43)C2)CC1
C1CCC(CC2CCC(CC(CC3CCCCC3)C3CCCCC3)CC2)CC1
C1CCC(C2CCC3CC4C(CCCC45CCCCC5)CC32)CC1
C(CCC1CCCCC2CCCCC12)CC1CCC2CCCCC2C1
C1CCC(CCCCC2CC3CCCCC3C2)CC1
C1CCC2C(C1)CCC1CCCCC12
C1CCC(CCCC(CCC2CCC3CCCC3C2)CC2CCCCC2)CC1
C1CCC(C2CC3CCCC3C3CCC4CCCCC4C23)CC1
C1CCC2CCC3C4CCCCC4CCC3C2CC1
C1CCC(CCC2CCC3C(CCC3C3CCCCC3)C2)CC1
C1CCC(CC2CC3CCCCC3CC3CCC4CCCCC4C32)CC1
C(CCCCC1CCC(C2CCCCC2)C1)CCCC1CCCCC1
C1CCC(CCCCC2CCC3C2CCC2C4CC5CCC(C6CCCCC6)C5CC4CCC32)CC1
C1CCC(C2CC3CCCC(C3)C3CCC4CCCCC4C32)CC1
C1CCC2CC(CCCC3CCC4C3CCCC3C5CCCCC5CCC34)CC2C1
C1CCC(CCCCC2CC3CCCCC3C2)CC1
C1CCC(C2CCC3CC4C(CCC32)CCC42CCCCC2)CC1
C1CCC(C2CCC3CCCC3C3CCC4CCCCC4CC23)CC1
C1CCC(C2CCC3C(CCC4CCCCC43)C2)CC1
C1CCC(CCCCC2CC3CCCCC3C2)CC1
C1CCC(C2CCC3CCC4C(CCCC5CC5)CCCC4CC32)CC1
C1CCC2CCC(C3CCCC4CCCC43)CC2CC1
C(CCCC1CCCCC1)CCCC1CCC(CC2CCCCC2)C1
C(CCCC1CCCC2C(C3CCCCC3)CCC12)CCC1CCCCC1
C1CCC(CCCCC2CCCCC3CCC(C4CCCCC4)CC23)CC1
C1CCC2C(C1)CCC1C3CCCC3CCCC21
C1CCC2CCC(C3CCCC4CCCC43)CC2CC1
C1CCC(C2CC3CCCC3CC3CCC4CCCCC4C32)CC1
C1CC2CCCC2C(CC2CC3CCCCC3C3CCCC23)C1
C1CCC2CC(C3CCCC4CCCC43)CCC2C1
C1CCC(CC2CC3CCCCC3C3CCC4CCCCCC4C23)CC1
C1CCC(C2CC3CCCC3C3CCCC4CCCCC4C23)CC1
C1CCC(CCC2CCC3C(CCCC4C5CCCC5CC(CCC5CCCCC5)C34)C2)CC1
C1CCC(CCC(CCC2CCCCC2)CCC2CCC3CCCC3C2)CC1
C1CCC2C(C1)CCC1C3CCCCC3CCCC21
C(CCCCC1CCC(C2CCCCC2)C1)CCCC1CCCCC1
C1CCC(CCCCCC2CC3CCCCC3C2)CC1
C1CCC(CCC(CCC2CCC3CCCC3C2)CC2CCCCC2)CC1
C1CCC2CCC(C3CCCC4CCCC43)CC2CC1
C1CCC(C2CC3CCCCC3CC3CCCCC32)CC1
C1CCC(CCCC2(CCC3CCCC3)CCC3C4CCC5CCCCC5C4CCC32)CC1
C1CCC2C(C1)CCC1C3CCCC3CCC21
C1CCC(C2CCC3CC4C(CCC5C6CCC(CCCCC7CC8CCCCC8C7)C6CCC45)CC32)CC1
C1CC(C2CCC(C3CC4CCCC4C4CCCC5CCCCC5C34)CC2)C1
C1CCC(C2CCC3CC4C(CCC5C6CCC(CCCC7CC8CCCCC8C7)C6CCC45)CC32)CC1
C1CCC(CCCCCC2CC3CCCCC3C2)CC1
C1CCC(CCC2CCC3C(CCC3C3CCCCC3)C2)CC1
C(CCCC1CCCC2C(C3CCCCC3)CCC12)CCC1CCCCC1
C(CCCC1CCCCC1)CCCC1CCC(C2CCCCC2)C1
C1CCC2C(C1)CCC1C3CCCC3CCC21
C1CCC(C2CCC(CCCCCC3(C4CCCCC4)CCC3)C2)CC1
C1CCC2CC(CCCC3CCC4C3CCCC3C5CCCCC5CCC34)CC2C1
C1CCC(CCC2CCC3C(CCC3C3CCCC(CC4CCCC4)C3)C2)CC1
C1CCC2C(C1)CCC1C3CCCC3CCC21
C1CCC(CCCCC2CC3CCCCC3C2)CC1
C(CCCC1CCCC2C(C3CCCCC3)CCC12)CCC1CCCCC1
C1CCC(C2CCC3CC4C(CCC45CCCC5)CC32)CC1
C1CCC(CCCCC2CC3CCCCC3C2)CC1
C1CCC(CCC2CCC3C(CCC3C3CCCC(CCC4CCCC4)C3)C2)CC1
C1CCC2CCC3C4CCC(CCCC5CC6CCCCC6C5)C4CCC3C2CC1
C1CCC(C2CCC3C(CCC3C3CCCCC3)C2)CC1
C(CCCC1CCCC2CCCCC12)CCC1CCC(C2CCCCC2)C1
C(CCC1CCCC2CCCCC12)CC1CCC2CCCCC2C1
C1CCC(CC2CC3CCCCC3C3CCC4CCCCCC4C23)CC1
C1CCC(CCCCC2CC3CCCCC3C2)CC1
C1CCC(CCCCCC2CCCCC2)CC1
C1CCC2CCC(C3CCCC4CCCC43)CC2CC1
C(CCCC1CCC2CCCC2C1)CCC1CCCCC1
C1CCC(CC2CCC3CC4C(CCC5C6CCC(CCCC7CC8CCCCC8C7)C6CCC45)CC23)CC1
C1CCC2C(C1)CCC1C3CCCC3CCCC21
C1CCC(C2CC3CCCC3C3CCC4CCCCCC4C23)CC1
C(CCC1CCCC2CCCCC12)CC1CCCC2CCCCC12
C1CCC(CCC2CCC3C(CCC3C3CCCCC3)C2)CC1
C1CCC(CCCCC2CC3CCCCC3C2)CC1
C1CCC(C2CCC3CCC4C(CCC45CCCCC5)CC32)CC1
C1CCC(CCC2CCCCC3CC4C(CCC4C4CCCCC4)CC23)CC1
C1CCC(CCCCCC2CC3CCCCC3C2)CC1
C1CCC(C2CCC3C(CCCC4CCCCC43)C2)C1
C1CCC2CC(C3CCCC4CCCC43)CCC2C1
C1CCC2CCC3CCCCC3C2CC1
C1CCC(C2CC3CCCC3C3CCC4CCCCC4C23)CC1
C1CCC(C2CCC3CC4C(CCC45CCCCCC5)CC32)CC1
C(CCCCC1CCC(C2CCCCC2)C1)CCCC1CCCCC1
C1CCC2CC(CC3CCCC4CCCC43)CCC2C1
C1CCC2CC(C3CCCC4CCCC43)CCC2C1
C1CCC(C2CCCC3(CCC4CC5C(CCC5C5CCCCC5)CC43)C2)CC1
C1CCC2CCC3C4CCCC4CCC3C2CC1
C(CCC1CCC2CCCC2C1)CC1CCC(C2CCCC2)CC1
C1CCC(C2CCC3CC4C(CCC5C6CCCCC6CCC45)CC32)CC1
C1CCC(C2CCC3CCC4C(CCC5C6CCC(CCCC7CC8CCCCC8C7)C6CCC45)CC32)CC1
C1CCC(C2CCC3C(CCC3C3CCCCC3)C2)CC1
C1CCC(CCC(CCC2CCC3CCCC3C2)CC2CCCCC2)CC1
C1CCC(CCC2CCCCC2)CC1
C1CCC(CC2CC3CCCCC3CC3CCC4CCCCC4C32)CC1
C(CCC1CCCC2CCCCC12)CC1CCC2CCCCC2C1
C1CCC(C2CCC3(CCC4CC5C(CCC5C5CCCCC5)CC43)C2)CC1
C1CCC2CCC3C4CCCCC4CC(CC4CCCC4)C3C2CC1
C1CCC(CCCC2CCCC(C3CCC4CC(CCC5CCC6CCCCCC6C5)CCC43)C2)CC1
C1CCC(C2CCC3C(CCC4CCCCC43)C2)CC1
C1CCC2CCC(C3CCCC4CCCC43)CC2CC1
C1CCC(CCCC2CCC3C(CCC3C3CCCCC3)C2)CC1
C(CCCC1CCCC2C(C3CCCCC3)CCC12)CCC1CCCCC1
C1CCC(CC2CC3CCCCC3C3CCC4CCCCC4C23)CC1
C1CCC2CC(CCCC3CCC4C5CCC6CCCCC6C(CCC34)C5)CCC2C1
C1CCC(C2CCC(CCCC3CCC4C3CCC3C5CCCCC5CCC43)C2)CC1
C1CCC(CCC2CCC(C3CCC4C(CCC4C4CCCCC4)C3)CC2)CC1
C1CCC2CC(CC3CCCC4CCCC43)CCC2C1
C(CCCC1CCCC2C(C3CCCCC3)CCC12)CCC1CCCCC1
C1CCC(CCCCC2CC3CCCCC3C2)CC1
C1CCC2CC(C3CCCC4CCCC43)CCC2C1
C1CCC(C2CC3C(CCC34CCCC4)C3CCC4CCCCC4CC23)CC1
C1CCC(CCCCC2CCCC3CCCC23)CC1
C1CCC(CCCC2CCC3C(CCC3C3CCCCC3)C2)CC1
C1CCC(C2CC3C(CCC34CCCC4)C3CCC4CCCCC4C23)CC1
C1CCC(CCCCCC2CC3CCCCC3C2)CC1
C1CCC(CCCCC2CC3CCCCC3C2)CC1
C1CCC(C2CC3CCCC3C3CCCC4CCCCC4C23)CC1
C1CCC2CCC3C4CCC(CCCC5CCCC5)C4CCC3C2CC1
C1CCC(CCCCC2CCC3CCCCC23)CC1
C1CCC2CCC3C4CCCC4CCC3C2CC1
C1CCC(C2CC3CCCC3C3CCC4CCCCC4C23)CC1
C1CCC(C2CC3CCCC3C3CCC4CCCCC4C23)CC1
C1CCC(C2CC3CCCCC3C3CCCCC23)CC1
C1CCC(CCCCCC2CCCCC2)CC1
C1CCC(CCC2CCC3C(CCC4C5CCCCC5CC(CCC5CCCCC5)C34)C2)CC1
C1CCC(CCC2CCC(C3CCC4C(CCC4C4CCCCC4)C3)CC2)CC1
C1CCC2CC(C3CCCC4CCCC43)CCC2C1
C1CCC(CCCCCC2CCCC3C(C4CCCCC4)CCC23)CC1
C1CCC(CCC(CCCC2CCC3CCCC3C2)CC2CCCCC2)CC1
C1CCC(C2CC3CCCC3C3CCC4CCCCC4C23)CC1
C1CCC2CCC(C3CCCC3)CC2CC1
C1CCC2C(C1)CCC1C3CCCC3CCC21
C1CCC(CC2CCC3CC(C4CCC(CCC5CCCC5)CC4)CCC23)CC1
C1CCC(CCCCCC2CC3CCCCC3C2)CC1
C1CCC(CCC(CC2CC3CCCCC3C2)C2CCC2)CC1
C1CCC(C2CC3CCCC3C3CCC4CCCCC4C23)CC1
C1CCC(CCCCC2CC3CCCCC3C2)CC1
C1CCC2CC(C3CCCC4CCCC43)CCC2C1
C1CCC(CCCCC2CC3CCCCC3C2)CC1
C1CCC(CCCCC2CC3CCCCC3C2)CC1
C1CCC(CC2CCC3CCCCC3C3CCC4CCCCC4C23)CC1
C1CCC2C(C1)CCC1C3CCCC3CCC21
C1CCC(C2CCC3CC4C(CCC5C6CCC(CCCC7CCC8CCCCC8C7)C6CCCC45)CC32)CC1
C1CCC(C2CCC3(CCC4CC5C(CCC5C5CCCCC5)CCC43)C2)CC1
C1CCC2C(C1)CCC1C3CCCC3CCC21
C(CCC1CCCC2CCCCC12)CC1CCC2CCCCC2C1
C1CCC(CCC2CCC3C(CCC4C5CCCC5CC(CCC5CCCCC5)C34)C2)CC1
C1CCC(C2CCC3CC4C(CCCC45CCCC5)CC32)CC1
C1CCC2CC(CCCC3CCC4C3CCC3C5CCCCC5CCC43)CC2C1
C1CCC2CCC(C3CCCC4CCCC43)CC2CC1
C1CC(C2CCC(C3CC4CCCC4C4CCC5CCCCC5C34)CC2)C1
C(CCCC1CCCCC1)CCCC1CCC(C2CCCCC2)C1
C1CCC(C2CCC3CCCC3C3CCCC4CCCCC4C23)CC1
C1CCC2C(C1)CCC1C3CCCC3CCC21
C1CCC2CCC3C4CCCCC4CC(CC4CCCC(C5CCCC5)C4)C3C2CC1
C(CCC1(C2CCCC2)CCCC2CCCCC21)CC1CCC2CCCCC2C1
C1CCC2C(C1)CCCC1C3CCCC3CCC21
C(CCC1CCCC2CCCC12)CC1CC2CCCCC2C1
C1CCC2CC(CCCC3CCCC4CCCCC43)CC2C1
C(CCC1CCC2CCCCC2C1)CCC1CCCCC2CCCCC12
C1CCC(C2CC3CCCCC3C3CCC4CCCCC4C23)CC1
C1CCC2CCC3C4CCC(CCCC5CC6CCCCC6C5)C4CCC3C2CC1
C1CCC(C2CC3CCCC3C3CCC4CCCCC4C23)CC1
C1CCC2C(C1)CCC1C3CCCC3CCC21
C1CCC(CCCCC2CC3CCCCC3C2)CC1
C1CCC2CCC(C3CCCC4CCCC43)CC2CC1
C1CCC(CC2CC3CCCCC3C3CCC4CCCCCC4C23)CC1
C1CCC(CCCCC2CC3CCCCC3C2)CC1
C1CCC(CCCCCC2CC3CCCCC3C2)CC1
C1CCC(C2CCC3CC4C(CCC5C6CCC(CCCCC7CCC8CCCCC8C7)C6CCC45)CC32)CC1
C1CCC2CCC3C4CCCC4CCC3C2CC1
C1CCC(CCCCC2CCC3C2CCC2C4CCCCCC4CCC32)CC1
C1CCC(CCCCC2CC3CCCCC3C2)CC1
C1CCC(C2CCC3CC4C(CCC45CCCC5)CC32)CC1
C(CCCC1CCCCC1)CCCC1CCC(C2CCCCC2)C1
C1CCC(C2CCC3CCCC3C3CCCC4CCCCC4C23)CC1
C1CCC2CC(C3CCCC4CCCC43)CCC2C1
C1CCC2CCC3C4CCCC4CC(C4CCC(C5CCCC5)CC4)C3C2CC1
C1CCC(C2CCC3CC4C(CCCCC45CCCC5)CC32)CC1
C1CCC2CC(C3CCCC4CCCC43)CCC2C1
C1CCC(C2CCC3C(CCC4CCCCC43)C2)C1
C1CCC(CCCCC2CC3CCCCC3C2)CC1
C1CCC(CC2CCC3CC4C(CCC45CCCC5)CC23)CC1
C(CCC1(C2CCCC2)CCCC2CCCCC21)CC1CCC2CCCCC2C1
C1CCC(CCC2CCC3C(CCC3C3CCCCC3)C2)CC1
C1CCC(C2CC3CCCC3C3CCCC4CCCCC4C23)CC1
C1CCC(CCCC2(CCCC3CCCC3)CCC3C4CCC5CCCCC5C4CCC32)C1
C1CCC(C2CC3CCCC3C3CCC4CCCCC4C23)CC1
C1CCC2CCC(C3CCCC4CCCC43)CC2CC1
C1CCC(CCCC2CCCC(C3CCC4CC(CCC5CCC6CCCCC6C5)CCC43)C2)CC1
C1CCC(CCCCC2CC3CCCCC3C2)CC1
C1CCC2CCC3C4CCCC4CCC3C2CC1
C1CCC(CCC(CC2CC2)CC2CC3CCCCC3C2)CC1
C1CCC2CCCC(CC3CC4CCCCC4C4CCC5CCCCC5C34)C2CC1
C1CCC(C2CCC3CCCCC3C3CCC4CCCCC4C23)CC1
C1CCC2C(C1)CCC1C3CCCC3CCC21
C(CCCC1CCCC2C(C3CCCCC3)CCC12)CCC1CCCCC1
C1CCC(CCCCCC2CCCC3C(C4CCCCC4)CCC23)CC1
C1CCC(C2CCC3CC4C(CCC5C6CCC(CCCC7CC8CCCCC8C7)C6CCC45)CC32)CC1
C1CCC2CC(CCCC3CCC4C3CCCC3C5CCCCC5CCC34)CC2C1
C1CCC(CCCCCC2CCCC3C(CC4CCCCC4)CCC23)CC1
C1CCC(CCC2CCC(CCC3CCCC(CC4CCCC4)C3)CC2)CC1
C1CCC(C2CCC3CC4C(CCCCC45CCCC5)CC32)CC1
C1CCC2CC(CCCC3CCCC4C3CCC3C5CCCCC5CCC43)CC2C1
C1CCC2CCC3C(CCC4C3CCC4(CCCC3CC4CCCCC4C3)CCC3CCCC3)C2CC1
C(CCCC1CCCCC1)CCCC1CCC(C2CCCCC2)C1
C1CCC(CCC2CCC(CCC3CCCCC(CC4CCCC4)C3)CC2)CC1
C1CCC2CCC(C3CCCC4CCCC43)CC2CC1
C1CCC2CCC(C3CCCC4CCCC43)CC2CC1
C1CCC(C2CCC3CC4C(CCC45CCCCC5)CC32)CC1
C1CCC(CC2CC3CCCCC3C3CCC4CCCCC4C23)CC1
C1CCC(CCCCCC2CCCC3C(CC4CCCCC4)CCC23)CC1
C(CCCCCCC1CCC(CCC2CCC(CCC3CCCC3)C2)C1)CCCCCCC1CCC2C1CCC1C3CCCCC3CCC21
C1CCC(CC2CCCC(CC3CC4CCCCC4C4CCC5CCCCCC5C34)C2)CC1
C1CCC2CC3CCCCC3CCC2C1
C1CCC(CCCCC2CC3CCCCC3C2)CC1
C1CCC(CCCCC2CC3CCCCC3C2)CC1
C1CCC(CCC2CCC3C(CCC4C5CCCC5CCC34)C2)CC1
C(CCCC1CCCC2C(C3CCCCC3)CCC12)CCC1CCCCC1
C1CCC(CCCCCC2CCCC3C(CC4CCCCC4)CCC23)CC1
C1CCC(CCC2CCC(CCC3CCCC(CC4CCCC4)C3)CC2)CC1
C1CCC2CCC(C3CCCC4CCCC43)CC2CC1
C1CCC(CC2CCCC(CCC3CCC(CCC4CCC(C5CC5)CC4)CC3)C2)C1
C1CCC2CCC3C4CCCCC4CC(CC4CCCC4)C3C2CC1
C1CCC(CC2CCC3C(CCC3C3CCCCC3)C2)CC1
C(CCCC1CCC2CCCC2C1)CCCC1CCC(C2CCCCC2)C1
C(CCCC1CCCCC1)CCCC1CCC(C2CCCCC2)C1
C1CCC(C2CCC3CC4C(CCC32)CCC2C3CCC(CCCC5CCC6CCCCC6C5)C3CCC42)CC1
C1CCC(CCCCCC2CC3CCCCC3C2)CC1
C1CCC(CCCC2CC3CCCCC3C2C2CCCCC2)CC1
C(CCCC1CCCC2C(C3CCCCC3)CCC12)CCC1CCCCC1
C1CCC(CC2CCC3CCCCC3C3CCC4CCCCC4C23)CC1
C1CCC(CCCC2CCC(C3CCCC4C(C5CCCCC5)CCC34)C2)CC1
C(CCC1CCC2CCCCC2C1)CCC1CCCCC2CCCCC12
C1CCC(CCCC(CCC2CCC3CCCC3C2)CC2CCCCC2)CC1
C1CCC(CCC(CCC2CCC3CCCC3C2)CC2CCCCC2)CC1
C1CCC(CCC2CCC3C(CCC3C3CCCCC3)C2)CC1
C1CCC(CC2CCC3C(CC4CCCCC4)CCC3C2)CC1
C1CCC(CCC2CCC3C(CCC3C3CCCCC3)C2)CC1
C1CCC(CCCC2CCCC3CCC(C4CCCC5CCCC54)CC3C2)CC1
C(CCC1CCCC2CCCCC12)CC1CCCC2CCCCC2C1
C1CCC2CC(CCCC3CCCC4CCCCC43)CC2C1
C1CCC(CCCCC2CC3CCCCC3C2)CC1
C1CCC(C2CCC3(CCCC4CC5C(CCC5C5CCCCC5)CC43)C2)CC1
C1CCC(C2CCC3CCC4CCCCC4C3CC2)CC1
C1CCC(CC2CCC(CC(CC3CCCCC3)C3CCCCC3)CC2)CC1
C1CCC(C2CCC(CCCCCC3CCCC4CCCCC34)C2)CC1
C1CCC2CC(CCCC3CCC4C3CCC3C5CCCCC5CCC43)CC2C1
C1CCC(C2CC3CCCC3C3CCCC4CCCCC4C23)CC1
C(CCCCC1CCC2C(CCC3C4CCCC4CCC23)C1)CCCC1CCCC(CC(CC2CCC(CC3CCCCC3)CC2)C2CCCCC2)C1
C(CCCC1CCCCC1)CCCC1CCC(C2CCCCC2)C1
C1CCC(CCC2CCC3C(CCC3C3CCCCC3)C2)CC1
C1CCC2CC(CCCC3CCC4C3CCC3CC5CCCCC5CCC34)CCC2C1
C(CCCC1CCCC2C(C3CCCCC3)CCC12)CCC1CCCCC1
C(CCCCC1CCC(C2CCCCC2)C1)CCCC1CCCCC1
C1CCC(C2CC3CCCC3C3CCC4CCCCCC4C23)CC1
C1CCC2CCC(C3CCCC3)CC2CC1
C1CCC2C(C1)CCC1C3CCCC3CCC21
C1CCC2C(C1)CCC1C3CCCC3CCC21
C1CCC2CC(CCCC3CCC4C3CCC3C5CCCCC5CCC43)CC2C1
C1CCC(CCCCC2CCC3CCCCC23)CC1
C1CCC2CC(C3CCCC4CCCC43)CCC2C1
C1CCC(CCC2CCCCC2)CC1
C1CCC(CCC(CC2CC3CCCCC3C2)C2CCCC2)CC1
C1CCC(C2CCC3CC4C(CCCCC45CCCCC5)CC32)CC1
C(CCCC1CCCC2CCCC12)CCC1CCCCC1
C1CCC2CCC3C4CCCC4CCC3C2CC1
C1CCC(CCCCCC2CCC3CCCCC23)CC1
C(CCCC1CCCC2C(C3CCCCC3)CCC12)CCC1CCCCC1
C1CCC2CC(C3CCCC4CCCC43)CCC2C1
C1CCC(CCCCCC2CCCC3C(C4CCCCC4)CCC23)CC1
C1CCC(CCC2CCC3C(CCC3C3CCCCC3)C2)CC1
C1CCC(CCC2CCC3C(CCC3C3CCCCC3)C2)CC1
C1CCC(C2CC3CCCC3C3CCC4CCCCC4CC23)CC1
C1CCC(CC2CCC3CCCCC3C3CCC4CCCCC4C23)CC1
C(CCC1CCCC2CCCCC12)CC1CCCC2CCCCC12
C1CCC(CCC2CCC3C(CCC3C3CCCCC3)C2)CC1
C1CCC(CCC2CCC(CCC3CCCCC3)CC2)CC1
C1CCC2CCC3C4CCCC4CCC3C2CC1
C1CCC(CCC2CCC(C3CCC4C(CCC4C4CCCCC4)C3)CC2)CC1
C1CCC(CCC2CCC3C(CCC3C3CCCCC3)C2)CC1
C1CCC(CCCCC2CCC3CCC(C4CCCC5CCCC54)CC3C2)CC1
C1CCC(CCCCC2CCC3CCCCC23)CC1
C1CCC(CC2CC3CCCC3C3CCC4CCCCC4C23)CC1
C1CCC(C2CCC3C(CCC4CCCCC43)C2)CC1
C1CCC(CCCCCC2CC3CCCCC3C2)CC1
C1CCC(C2CC3CCCC3C3CCC4CCCCC4C23)CC1
C1CCC2CC(C3CCCC4CCCC43)CCC2C1
C1CCC(C2CCC3CC4C(CCCC45CCCC5)CC32)CC1
C1CCC(C2CC3CCCC3C3CCC4CCCCC4CC23)CC1
C(CCCC1CCCCC1)CCCC1CCC(C2CCCCC2)C1
C1CCC(CCC2CCC3C(CCC3C3CCCCC3)C2)CC1
C1CCC(CCCC2CCC3CCCC3C2)CC1
C1CCC2C(C1)CCC1C3CCCC3CCC21
C1CCC(C2CC3CCCCC3C3CCCCC23)CC1
C1CCC(C2CC3CCCC3C3CCC4CCCCC4C23)CC1
C1CCC(CCC2CCC3C(CCC3C3CCCCC3)C2)CC1
C1CCC2C(C1)CCC1CCCCC12
C1CCC(CCCCCC2CCC3C(CC4CCCCC4)CCC3C2)CC1
C(CCC1CCCC2CCCC12)CC1CC2CCCCC2C1
C1CCC(CCC2CCCC3CCC4C(CCC4C4CCCCC4)CC23)CC1
C1CCC(CCCCCC2CCCC3C(C4CCCCC4)CCC23)CC1
C1CCC(CCC2CCC3C(CCC3C3CCCCC3)C2)CC1
C(CCCC1CCCCC1)CCC1CCCCC1
C1CCC(C2CC3CCCCC3C3CCC4CCCCC4C23)CC1
C1CCCC(C2CCC3CC4C(CCC5C6CCCC6CCC45)CC32)CC1
C1CCC(CCCCC2CCC3CCCCC23)CC1
C1CCC2CC(C3CCCC4CCCC43)CCC2C1
C(CCCC1CCCCC1)CCC1CCCCC1
C(CCCC1(C2CCCCC2)CCC1)CCC1CCC(C2CCCCC2)C1
C1CCC(CCC2CCC3C(CCC4CC(C5CCCCC5)CCCC43)C2)CC1
C1CCC(CCC2CCC3C(CCC3C3CCCC(CCC4CCCC4)C3)C2)CC1
C1CCC(CCCCCC2CC3CCCCC3C2)CC1
C(CCCC1CCCCC1)CCCC1CCC(C2CCCCC2)C1
C1CCC(C2CCC(C3CC4CCCC4C4CCC5CCCCC5CC34)CC2)C1
C(CCC1CCCC2CCCC12)CC1CC2CCCCC2C1
C1CCC2CCC(C3CCCC4CCCC43)CC2CC1
C1CCC2C(C1)CCC1C3CCCC3CCC21
C1CCC2CC(C3CCCC4CCCC43)CCC2C1
C1CCC(CCCCC2CC3CCCCC3C2)CC1
C1CCC2CC3CCC(C4CCCCC4)C3CC2CC1
C1CCC2CC(C3CCCC4CCCC43)CCC2C1
C(CC1CCC2CCCC2C1)CC1CCC2CCC(C3CCCC4CCCC43)CC2C1
C1CCC(CCC(CCC2CCC3CCCCC3C2)CC2CCCCC2)CC1
C1CCC(C2CCC3CC4C(CCC5C6CCC(CCCC7CCC8CCCCC8C7)C6CCC45)CC32)CC1
C1CCC2CC(C3CCCC4CCCC43)CCC2C1
C1CCC2CCC(C3CCCC4CCCC43)CC2CC1
C1CCC(CC2CC3CCCC3C3CCC4CCCCC4C23)CC1
C1CCC(C2CCC3C(CCCC4CCCCC43)C2)CC1
C1CCC(CCC(CC2CC3CCCCC3C2)C2CC2)CC1
C1CCC(CC2CCC3C(CCC3C3CCCCC3)C2)CC1
C1CCC(CCCCCC2CCC3CCCCC3C2)CC1
C1CCC(CCC2CCC3C2CCC(C2CCCCC2)C2C4CCCCC4CCC32)CC1
C1CCC(C2CC3CCCCC3C3CCC4CCCCC4C23)CC1
C1CCC2CC(CC3CCCC4CCCC43)CCC2C1
C1CCC2CC3CCC4C(CCCC5CC6CCCCC6C5)CCC4C3CCC2C1
C1CCC(CCC2CCC3C(CCC3C3CCCCC3)C2)CC1
C1CCC(CCC2CCC3C(CCC3C3CCCCC3)C2)CC1
C1CCC(CCCC2(CCC3CCCC3)CCC3C4CCC5CCCCCC5C4CCC32)CC1
C1CCC(CCCC2CCC3CCCC3C2)CC1
C1CC2CCC3C(CCC4CCC5CC5C43)CC2C1
C1CCC2C(C1)CCCC1C3CCCC3CCC21
C1CCC(C2CCC3CC4C(CCC45CCCCC5)CC32)CC1
C1CCC2CCC3CCCCC3C2CC1
C1CCC(C2CCC3CCC4(CCCCC4C4CCCCC4)CCC32)CC1
C1CCC(C2CC3C(CCC34CCCC4)C3CCC4CCCCCC4C23)CC1
C1CCC(CCCCC2CCCC3CCCC23)CC1
C1CCC2CC(CCCC3CCC4C3CCC3C5CCCCC5CCC43)CC2C1
C1CCC(C2CCC3CC(C4CCC(CCCC5CCCC5)CC4)CCC32)CC1
C1CCC2CC(CCCC3CCC4C3CCC3C5CCCCC5CCCC43)CC2C1
C1CCC(CCCC2(CCC3CCCC3)CCCC3C4CCC5CCCCC5C4CCC32)C1
C1CCC(C2CC3CCCC3C3CCC4CCCCC4C23)CC1
C1CCC(CC2CC3CCCC3C3CCC4CCCCC4C23)CC1
C1CCC(C2CC3CCCC3C3CCC4CCCCC4C23)CC1
C1CCC(CCCCC2CC3CCCCC3C2)CC1
C1CCC(CCC2CCC3C(CCC3C3CCCCC3)C2)CC1
C(CC1CCC(C2CCCC2)CC1)CC1CCC2CCCC2C1
C1CCC(C2CCC3CCCCC3C3CCCCC23)CC1
C1CCC(CCCCCC2CCCC3C2CCC3C2CCCC(CC3CCCC3)C2)CC1
C1CCC(CCC2CCC(CCC3CCCC(CC4CCCC4)C3)CC2)CC1
C1CCC2CC(C3CCCC4CCCC43)CCC2C1
C1CCC(CCC2CCC3C(CCC4CCCCC43)C2)CC1
C1CCC2CCC3C4CCCC4CCC3C2CC1
C1CCC(CCC2CCCCC3CC4C(CCC4C4CCCCC4)CC23)CC1
C1CCC(CCC2CCC(CCC3CCCC(CC4CCCC4)C3)CC2)CC1
C1CCC(CCC2CCC3C(CCC3C3CCCCC3)C2)CC1
C1CCC(CCC2CCC3C(CCC3C3CCCCC3)C2)CC1
C1CCC(CCC2CCC3C(CCC3C3CCCCC3)C2)CC1
C1CCC(C2CCC3CC4C(CCC45CCCC5)CC32)CC1
C1CCC(CCC2CCC(C3CCCC4C(CC5CCCCC5)CCC34)C2)CC1
C1CCC(C2CCC3CC4C(CCCC45CCC(C4CCCCC4)C(C4CCCCC4)C5)CC32)CC1
C1CCC(CCCCC2CCC3C2CCC2C4CCCCC4CCC32)CC1
C1CCC(C2CCC3CC4C(CCC45CCCCC5)CC32)CC1
C1CCC(C2CC3CCCC3CC3CCC4CCCCC4C32)CC1
C1CCC(CCCCCC2CCCC3C(CC4CCCCC4)CCC23)CC1
C1CCC(CCC2CCC3C(CC4CCCCC4)CCC3C2)CC1
C1CCC(CC2CCC3C(CCC3C3CCCCC3)C2)CC1
C1CCC(CCCCC2CC3CCCCC3C2)CC1
C1CCC2C(C1)CC(C1CCCC3CCCC31)C1CCCC21
C1CCC(CCCCCC2CC3CCCCC3C2)CC1
C1CCC(CCCCC2CC3CCCCC3C2)CC1
C1CCC(CCCCC2CC3CCCCC3C2)CC1
C1CCC(CCCC2CCC3C(CCC3C3CCCCC3)C2)CC1
C1CCC(CCCCCC2CCC3C(CC4CCCCC4)CCC3C2)CC1
C1CCC(CCCC(CC2CCC3C(CCC3C3CCCCC3)C2)C2CCCCC2)CC1
C1CCC2CC(CCCC3CCC4C3CCC3C5CCCCC5CCC43)CC2C1
C1CCC(CCC2CCC3C(CCC3C3CCCC3)C2)CC1
C1CCC(C2CCC3CC4C(CCC5C6CCCC(CCCC7CC8CCCCC8C7)C6CCC45)CC32)CC1
C1CCC(C2CCC3CC4C(CCCC45CCCCC5)CC32)CC1
C(CCC1CCCCC2CCCCC12)CC1CCC2CCCCC2C1
C(CCC1CCCC2CCCC12)CC1CC2CCCCC2C1
C1CCC2C(C1)CCC1CCCCC12
C1CCC(CCC2CCC3C(CCC3C3CCCCC3)C2)CC1
C1CCC(C2CCC3CC4C(CCCC5C6CCC(CCCC7CC8CCCCC8C7)C6CCC45)CC32)CC1
C(CCC1CCC2CCCCC2C1)CCC1CCCCC2CCCCC12
C1CCC(CCC2CCCCC2)CC1
C1CCC(CCC(CCC2CCC3CCCCC3C2)CC2CCCCC2)CC1
C1CCC(C2CC3CCCC3C3CCC4CCCCCC4C23)CC1
C1CCC(CCCCC2CCC3C2CCC2C4CCCCC4CCC32)CC1
C1CCC(CCCCC2CC3CCCCC3C2)CC1
C1CCC(C2CC3CCCCC3C3CCC4CCCCC4C23)CC1
C1CCC(CC2CCC3CCCCC3C3CCC4CCCCC4C23)C1
C1CCC2CCC3C4CCCCC4CCC3C2CC1
C1CCC2CCC(C3CCCC4CCCC43)CC2CC1
C1CCC(C2CC3CCCCC3C3CCC4CCCCC4C23)CC1
C1CCC(C2CCC3CCC4C(CC5CCC6CCCCC65)CCCC4CC32)CC1
C(CCC1CCCC2CCCCC12)CC1CCC2CCCCC2C1
C(CCCC1(C2CCCCC2)CCC1)CCC1CCC(C2CCCCC2)C1
C1CCC(C2CCC3C(CCCC4CCCCC43)C2)CC1
C(CCCC1CCCCC1)CCCC1CCC(CC2CCCCC2)C1
C1CCC(C2CCC3CC4C(CCCC45CCCC5)CCC32)CC1
C1CCC(CCCCC2CC3CCCCC3C2)CC1
C(CCCCC1CCC(C2CCCCC2)C1)CCCC1CCCCC1
C(CCCCC1CCCC(CC(CC2CCC(CC3CCCCC3)CC2)C2CCCCC2)C1)CCCCC1CCC2C(CCC3C4CCCC4CCC23)C1
C1CCC(CC2CC3CCCCC3C3CCC4CCCCCC4C23)CC1
C1CCC(C2CC3CCCC3C3CCC4CCCCC4C23)CC1
C(CCCCC1CCC(C2CCCCC2)C1)CCCC1CCCCC1
C1CCC(CC2CCC3C(CCC4CCCCC43)C2)CC1
C1CCC(C2CC3CCCC3C3CCC4CCCCCC4C23)CC1
C1CCC(CCCCC2CCC3CCCCC23)CC1
C1CCC(C2CCC3CC4CCCCC4CCC3C2)CC1
C1CCC(CC2CCC(C3CC4CCCC4C4CCC5CCCCCC5C34)CC2)CC1
C(CCC1CCCC2CCCC12)CC1CC2CCCCC2C1
C1CCC(CCCCC2CC3CCCCC3C2)CC1
C(CCC1CCCC2CCCC12)CC1CC2CCCCC2C1
C1CCC(C2CC3CCCC3C3CCC4CCCCC4CC23)CC1
C1CCC2CCC3C4CCCCC4CC(CC4CCCC4)C3C2CC1
C1CCC(C2CCC3CCCC3C3CCCC4CCCCC4C23)CC1
C1CCC2C(C1)CC(C1CCCC3CCCCC31)C1CCCC21
C1CCC(C2CC3C(CCC34CCCCC4)C3CCC4CCCCC4C23)CC1
C1CCC2C(C1)CCC1CCCCC12
C1CCC(C2CC3CCCC3C3CCC4CCCCC4CC23)CC1
C(CCC1CC2CCCCC2C1)CCC1CCCC2CCCC12
C1CCC(CC2CC3CCCCC3C3CCC4CCCCCC4C23)CC1
C(CCC1CCCC2CCCCC12)CC1CCC2CCCCC2C1
C1CCC2C(C1)CCC1C3CCCCC3CCC21
C1CCC(CCCCCC2CC3CCCCC3C2)CC1
C1CCC(C2CCCCC2CC2CC3CCCCC3C3CCC4CCCCCC4C23)CC1
C1CCC(CCCCC2CCC3CCC(C4CCCC5CCCC54)CC3C2)CC1
C1CCC(CCCCC2CC3CCCCC3C2)CC1
C1CCC(CCCCC2CC3CCCCC3C2)CC1
C1CCC2CCC3C4CCC(CCCC5CCC6CCCCC6C5)C4CCC3C2CC1
C1CCC(CCCC2CCC3C2CCC2C4CC5CCC(CC6CCCCC6)C5CC4CCC32)CC1
C1CCC(CCCCC2CCC3CCCCC23)CC1
C(CCCC1CCCCC1)CCCC1CCC(C2CCCCC2)C1
C1CCC(C2CCC(CCCC3CCC4C3CCC3C5CCCCC5CCC43)C2)CC1
C1CCC(CCC2CCC(C3CC3)CC2)CC1
C1CCC(C2CCC3CCCC3C3CCC4CCCCC4C23)CC1
C1CCC(CCC2CCC3C(CCC3C3CCCCC3)C2)CC1
C1CCC(CCCCC2CCC3CCC(C4CCCC5CCCC54)CC3C2)CC1
C1CCC(CC2CC3CCCCC3C3CCC4CCCCC4C23)C1
C1CCC(CCCC2CCC3C2CCCC2C4CC5CCC(C6CCCCC6)C5CC4CCC32)CC1
C(CCCC1CCCC2C(C3CCCCC3)CCC12)CCC1CCCCC1
C1CCC(C2CCC(CCCCCC3CCCC4CCCCC34)C2)CC1
C1CCC(CC2CC3CCCCC3C3CCC4CCCCC4C23)CC1
C1CCC(C2CC3CCCC3C3CCCC4CCCCC4C23)CC1
C1CCC(CC(CC2CCCCC2)C2CCCCC2)CC1
C1CCC(CC2CC3CCCCC3C3CCC4CCCCCC4C23)CC1
C1CCC(CCCC2CCC3CCC(C4CCCC5CCCC54)CC3C2)CC1
C1CCC(CCCCC2CC3CCCCC3C2)CC1
C1CCC(CCCCC2CC3CCCCC3C2)CC1
C(CCC1CCCC2CCCC12)CC1CC2CCCCC2C1
C1CCC(CC2CCC3C(CC4CCCCC4)CCC3C2)CC1
C1CCC2C(C1)CCC1C2CCC2C3CCCC3CC21
C1CCC2C(C1)CCC1C3CCCC3CCCC21
C1CCC(C2CC3CCCC3C3CCC4CCCCCC4C23)CC1
C1CCC2C(C1)CCC1C3CCCC3CCC21
C1CCC(CCCC(CC2CCC3C(CCC3C3CCCCC3)C2)C2CCCCC2)CC1
C1CCC2CC(CCCC3CCC4C3CCC3C5CCCCC5CCC43)CC2C1
C1CCC(C2CC3CCCC3C3CCC4CCCCCC4C23)CC1
C1CCC(CCC2CCCCC2)CC1
C1CCC2C(C1)CCCC2CCCC1CCC2C1CCC1C3CCCCC3CCCC21
C1CCC(CCCC2CCC3C(CCC4C5CCCC5CCC34)C2)CC1
C1CCC(CCCC2CC3CCCCC3C2C2CCCCC2)CC1
C1CCC(CCCC2CCC(C3CCC4C(CC5CCCCC5)CCC4C3)CC2)CC1
C1CCC(CCCCC2CC3CCCCC3C2)CC1
C1CCC(C2CCC3CC4C(CCC45CCCCC5)CC32)CC1
C1CCC(CCC2CCC3C(CCC3C3CCCCC3)C2)CC1
C1CCC(C2CC3CCCCC3C3CCCCC23)CC1
C1CCC(C2CC3CCCC3C3CCC4CCCCC4C23)CC1
C1CCC(CCC2CCC(CCC3CCCCC3)CC2)CC1
C1CCC2CCC3C4CCC(CCCC5CCC6CCCCC6C5)C4CCC3C2CC1
C(CCCC1CCCC2C(C3CCCCC3)CCC12)CCC1CCCCC1
C1CCC(C2C3CCCC3CC3CC4CCCCC4CC32)CC1
C1CCC(CCC2CCC(C3CCC4C(CCC4C4CCCCC4)C3)CC2)CC1
C1CCC(C2CCC3CC4C(CCCCC45CCCC5)CC32)CC1
C1CCC(CCCC2CCC3CCC(C4CCCC5CCCC54)CC3C2)CC1
C1CCC(CC2CC3CCCCC3C3CCC4CCCCC4C3C2)CC1
C1CCC(CCCCC2CCC3CCC(C4CCCC5CCCC54)CC3C2)CC1
C1CCC(CCCCCC2CCC3CCCCC23)CC1
C(CCCC1CCCCC1)CCCC1CCC(C2CCCCC2)C1
C1CCC(CCCCCC2CC3CCCCC3C2)CC1
C1CCC(CCC2CCC3C(CCC3C3CCCC(CCC4CCCC4)C3)C2)CC1
C1CCC(CCCCC2CC3CCCCC3C2)CC1
C1CCC(C2CC3C(CCC4CC4)CCC3C3CCC4CCCCC4C23)CC1
C1CCC(CCCC2CCC3CCC(CC4CCCC5CCCC54)CC3C2)CC1
C1CCC(C2CCC3C(CCCC4CCCCC43)C2)CC1
C1CCC(C2CCC3CCCC3C3CCC4CCCCC4C23)CC1
C1CCC(CCCCC2CCC3CCCCC23)CC1
C1CCC(C2CC3CCCC3C3CCC4CCCCCC4C23)CC1
C(CCCC1CCCCC1)CCCC1CCC(C2CCCCC2)C1
C(CCC1CCCC2CCCCC12)CC1CC2CCCCC2C1
C1CCC(CCC2CCC3C(CCC3C3CCCCC3)C2)CC1
C1CCC2C(C1)CCCC1C2CCC2C3CCCC3CC21
C1CCC(CC2CCC3CCCCC3C3CCC4CCCCC4C23)CC1
C1CCC(CC2CC3CCCCC3C3CCC4CCCCCC4C23)CC1
C1CCC(CC2CCC(CC(CC3CCCCC3)CC3CCCCC3)CC2)CC1
C1CCC(CCC2CCC(C3CC3)CC2)CC1
C1CCC(CCC2CCC3C(CCCC4C5CCCC5CC(CCC5CCCCC5)C34)C2)CC1
C1CCC(CC2CC3CCCCC3CC3CCC4CCCCC4C32)CC1
C1CCC(CCCCC2CCCC3CCCC23)CC1
C1CCC2CCC(C3CCCC4CCCC43)CC2CC1
C1CCC2C(C1)CCC1C3CCCCC3CCCC21
C(CCCC1CCCCC1)CCCC1CCC(C2CCCCC2)C1
C(CC1CCC(CCC2CCCC(CC3CCCC3)C2)CC1)CC1CCC(C2CC2)CC1
C1CCC(CCC2CCC(CCC3CCCC(CC4CCCC4)C3)CC2)CC1
C1CCC(C2CC3C(CCC34CCCC4)C3CCC4CCCCC4C23)CC1
C1CCC2CC(C3CCCC4CCCC43)CCC2C1
C1CCC(C2CCC(CCCCCC3CCCC4CCCCC34)C2)CC1
C1CCC(CCCC2CCC3CCC(C4CCCC5CCCC54)CC3C2)CC1
C1CCC(C2CC3CCCCC3CC3CCCCC32)CC1
C1CCC(C2CCC3CC4C(CCC5C6CCCC(CCCC7CC8CCCCC8C7)C6CCC45)CC32)CC1
C1CCC(CCCC2CCC(CCC3CCCC(CC4CCCC4)C3)CC2)CC1
C1CCC(CCC2CCC(CCCC3CCCC(CC4CCCC4)C3)CC2)CC1
C(CCC1CCCC2CCCCC12)CC1CCCC2CCCCC12
C1CCC(CC2CCC3CCCCC3C3CCC4CCCCC4C23)C1
C1CCC2CCC3C4CCCCC4CCC3C2CC1
C1CCC2CC(CC3CCC4CCCCC43)CCC2C1
C1CCC(CCCCC2CCC3CCCCC23)CC1
C1CCC(C2CCC3CC4C(CCC5C6CCC(CCCCC7CCC8CCCCC8C7)C6CCC45)CC32)CC1
C1CCC2CCC3CCCCC3C2CC1
C1CCC(C2CCC3CC4C(CCC45CCCCC5)CC32)CC1
C1CCC(CC2CCCC(CC3CC4CCCCC4C4CCC5CCCCC5C34)C2)CC1
C(CCC1CCC2CCCCC2C1)CCC1CCCC2CCCCC12
C(CCCCC1CCC2C(CCC3C4CCCC4CCC23)C1)CCCC1CCCC(CC(CC2CCC(CCC3CCCCC3)CC2)C2CCCCC2)C1
C1CCC(CCCC2CCC3C2CCC2C4CCC5CCC(C6CCCCC6)C5CC4CCC32)CC1
C1CCC(CCC2CCC3C2CCC(C2CCCCC2)C2C4CCCCC4CCCC32)CC1
C1CCC(CCCCCC2CCC3CCCCC23)CC1
C1CCC(C2CCC3C(CCC4CCCCC43)C2)CC1
C1CCC2C(C1)CC(C1CCCC3CCCC31)C1CCCC21
C1CCC(CC2CCC3(CCC4CC5C(CCC5C5CCCCC5)CC43)C2)CC1
C1CCC(C2CC3CCCC3C3CCC4CCCCC4C23)CC1
C(CCCC1CCCCC1)CCCC1CCC(C2CCCCC2)C1
C(CCC1CCCC2CCCC12)CC1CC2CCCCC2C1
C1CCC(CCC2CCC3C(CCC3C3CCCC(CCC4CCCC4)C3)C2)CC1
C1CCC(CCCCCC2CCCC3C2CCC3C2CCCC(CC3CCCC3)C2)CC1
C1CCC2C(C1)CCCC1CCCCC12
C1CCC(C2CCC3CCCC3C3CCCC4CCCCC4C23)CC1
C1CCC2CC(C3CCCC4CCCC43)CCC2C1
C1CCC(CCCC2CCCC3CC4C(CCC4C4CCCCC4)CC23)CC1
C1CCC2CCC3C4CCC(CCCC5CC6CCCCC6C5)C4CCC3C2CC1
C1CCC(C2CCC(CCCC3CCC4C3CCC3C5CCCCC5CCC43)C2)CC1
C1CCC2CCC3CCCCC3C2CC1
C1CCC(CCCC2CCC3C(CCC3C3CCCCC3)C2)CC1
C1CCC2CC(CCCC3CCC4C3CCC3C5CCCCC5CCC43)CC2C1
C1CCC(CCC2CCCC3CC4C(CC5CCCCC5)CCC4CC23)CC1
C1CCC(C2CCC3CC4C(CCC32)CCC2C3CCC(CCCC5CC6CCCCC6C5)C3CCC42)CC1
C1CCC(C2CC3CCCC3C3CCC4CCCCC4C23)CC1
C1CCC(CC2CCC3C(CCC3C3CCCCC3)C2)CC1
C(CCC1CCCC2CCCCC12)CC1CC2CCCCC2C1
C1CCC(CCC2CCC3C(CCC3C3CCCCC3)C2)CC1
C1CCC2CC(C3CCCC3)C3CCCC3C2CC1
C1CCC(C2CCC3CC4C(CCCC45CCCC5)CC32)CC1
C1CCC(C2CCC3CC4C(CCCC45CCCC5)CC32)CC1
C1CCC(CCCCCC2CCC3CCCCC23)CC1
C1CCC(CCC2CCCC3CCC(CC4CCCC5CCCC54)CC23)CC1
C1CCC(CCCCC2CCC3C2CCC2C4CCCCC4CCC32)C1
C1CCC2C(C1)CCC1C2CCC2C3CCCC3CC21
C1CCC(CC2CC3CCCCC3C3CCC4CCCCCC4C23)CC1
C1CCC2C(C1)CCC1C3CCCC3CCC21
C1CCC(CCCCC2CCC3CCCCC23)CC1
C1CCC(CCCCC2CC3CCCCC3C2)CC1
C1CCC(CC2CCC3(CCC4CC5C(CCC5C5CCCCC5)CC43)C2)CC1
C1CCC(CCCCCC2CCCC3C2CCC3C2CCCC(CC3CCCC3)C2)CC1
C1CCC(C2CCC(C3CC4CCCC4C4CCC5CCCCC5C34)CC2)CC1
C1CCC2CCC3C4CCCCC4CC(CC4CCCC4)C3C2CC1
C1CCC2C(C1)CC(C1CCCC3CCCC31)C1CCCC21
C1CCC(CCC2CCC3C(CC4CCCCC4)CCC3C2)CC1
C(CCCC1CCCC2C(C3CCCCC3)CCC12)CCC1CCCCC1
C1CCC(CCC2CCC(CCC3CCCC(CC4CCCC4)C3)CC2)CC1
C(CCC1CCC2C1CCC1C3CCCCC3CCC21)CC1CC2CCCCC2C1
C1CCC(CCCC2CCCC3C2CCC2C4CCCCC4CCC32)C1
C1CCC(C2CC3CCCCC3C3CCCCC23)CC1
C(CCCC1CCCC2C(C3CCCCC3)CCC12)CCC1CCCCC1
C(CCCCC1CCC(C2CCCCC2)C1)CCCC1CCCCC1
C1CCC(C2CCC3CC4C(CCCC45CCCC5)CC32)CC1
C1CCC(CCC2CCC3C(CCC3C3CCCC(CCC4CCCCC4)C3)C2)CC1
C1CCC2C(C1)CC(C1CCCC3CCCC31)C1CCCCC21
C1CCC(CCC2CCC3C(CCC3C3CCCCC3)C2)CC1
C1CCC(C2CCC3CC4C(CC5CCC6CCCCC65)CCCC4CC32)CC1
C1CCC(C2CC3C(CCC34CCCC4)C3CCC4CCCCC4CC23)CC1
C1CCC2CCC3C4CCCC4CCC3C2CC1
C1CCC(C2CCC3C(CCCC4CCCCC43)C2)CC1
C1CCC2C(C1)CCCC2CC1CC2CCCCC2C2CCC3CCCCC3C12
C1CCC2CCC(C3CCCC4CCCC43)CC2CC1
C1CCC(C2CC3CCCC3C3CCC4CCCCC4C23)CC1
C1CCC(C2CCC(CCCCCC3CCCCC4CCCCC34)C2)CC1
C1CCC2CCC3C4CCCCC4CC(CC4CCCC4)C3C2CC1
C(CCC1CCCC2CCCCC12)CC1CCCC2CCCCC12
C(CCCC1CCCC2C(C3CCCCC3)CCC12)CCC1CCC(C2CCCC2)C1
C1CCC2CCC(C3CCCC4CCCC43)CC2CC1
C1CCC(CCCCCC2CC3CCCCC3C2)CC1
C1CCC(CC2CC3CCCCC3C3CCC4CCCCCC4C23)CC1
C(CCCC1CCCCC1)CCCC1CCC(CC2CCCCC2)C1
C1CCC(CCC2CCC3C(CCC3C3CCCCC3)C2)CC1
C1CCC(CCC2CCC(CCC3CCCCC3)CC2)CC1
C(CCC1CCCC2CCCCC12)CCC1CCCC2CCCCC12
C1CCC2CC(CCCC3CCC4C5CCC6CCCCC6C(CCC34)C5)CC2C1
C1CCC(C2CCC3CCCC3C3CCC4CCCCCC4C23)CC1
C1CCC2CCC3C4CCCCC4CC(CC4CCCC4)C3C2CC1
C1CCC(C2CC3CCCC3C3CCC4CCCCCC4C23)CC1
C1CCC(CCCCC2CC3CCCCC3C2)CC1
C1CCC(C2CC3CCCCC3C3CCC4CCCCC4C23)CC1
C1CCC(C2CCC(CCCCCC3CCCC4CCCCC34)C2)CC1
C1CCC(C2CC3CCCC3C3CCC4CCCCC4C23)CC1
C1CCC(C2CCC3CCCC3C3CCC4CCCCC4CC23)CC1
C(CCCC1CCCC2C(C3CCCCC3)CCC12)CCC1CCCCC1
C1CCC(C2CC3CCCC3C3CCC4CCCCCC4C23)CC1
C(CCC1CCCC2CCCCC12)CC1CCC2CCCCC2C1
C1CCC(CCC2CCC3C2CCCC2C4CCCCC4CCC23)C1
C1CCC(CCC2CCC(CCC3CCCCC3)CC2)CC1
C1CCC(CCC2(CCCCC3CC4CCCCC4C3)CCC3C4CCC5CCCCC5C4CCC32)C1
C1CCC(CCCCC2CC3CCCCC3C2)CC1
C1CCC2C(C1)CCC1C3CCCC3CCC21
C1CCC(CCC2CCC3C(CCC4C5CCCC5CCC34)C2)CC1
C1CCC2C(C1)CCCC1C3CCCC3CCC21
C1CCC(C2CC3CCCCC3C3CCC4CCCCC4C23)CC1
C1CCC2C(C1)CC(C1CCCC3CCCC31)C1CCCC21
C1CCC(CCC2CCC3C(CCC3C3CCCCC3)C2)CC1
C1CCC(CCC2(CCCCC3CCC4CCCCC4C3)CCC3C4CCC5CCCCC5C4CCC32)C1
C1CCC(CCC2CCC3C(CCC4C5CCCC5CCC34)C2)CC1
C1CCC2C(C1)CCCC1CCCCC12
C1CCC(CCC2CCC3C(CCC3C3CCCCC3)C2)CC1
C1CCC(CC2CC3CCCCC3C3CCC4CCCCC4C23)C1
C1CCC(CCC2CCCC3CCC4C(CCC4C4CCCCC4)CC23)CC1
C1CCC(CC2CC3CCCCC3C2C2CCCCC2)CC1
C1CCC2CCC(C3CCCC4CCCC43)CC2CC1
C1CCC(CC2CC3CCCCC3C3CCC4CCCCCC4C23)CC1
C1CCC(CCCC2(CCCC3CCCC3)CCC3C4CCC5CCCCC5C4CCC32)C1
C1CCC(CCCCC2CCCCC3CCC(C4CCCCC4)CC23)CC1
C1CCC(CCCCCC2CC3CCCCC3C2)CC1
C1CCC2C(C1)CCC1C3CCCCC3CCC21
C1CCC2CC(CCCC3CCC4C3CCCC3C5CCCCC5CCC34)CC2C1
C1CCC(C2CCC3CC4C(CCC32)CCC2C3CCC(CCCC5CCC6CCCCC6C5)C3CCC42)CC1
C1CCC(C2CCC3CC4C(CCC32)CCC2C3CCC(CCCC5CCC6CCCCC6C5)C3CCC42)CC1
C(CCC1CCC2CCCC2C1)CC1CCC(C2CCCC2)CC1
C1CCC2C(C1)CCCC1C3CCCC3CCC21
C1CCC2C(C1)CCC1C3CCCC3CCC21
C1CCC(CCCCC2CCC3CCCCC23)CC1
C1CCC(C2CCC3CC4C(CCC5CCC6CCCCC65)CCCC4CC32)CC1
C1CCC(C2CC3CCCC3C3CCC4CCCCC4C23)CC1
C1CCC(CC2CC3CCCCC3C3CCC4CCCCC4C23)CC1
C1CCC(CCCC2CCCC3CCC(C4CCCC5CCCC54)CC3C2)CC1
C1CCC(C2CC3CCCCC3C3CCC4CCCCC4C23)CC1
C1CCC(CC2CC3CCCCC3C2C2CCCCC2)CC1
C1CCC(CCC2CCC3C(CCC3C3CCCCC3)C2)CC1
C1CCC(C2CCC3CCCC3C3CCC4CCCCC4C23)CC1
C(CCC1CCCC2CCCCC12)CC1CCC2CCCCC2C1
C1CCC(CCC2CCC3C(CCC3C3CCCCC3)C2)CC1
C1CCC2CC(C3CCCC4CCCC43)CCC2C1
C1CCC(CCC(CCC2CCC3CCCCC3C2)CC2CCCCC2)CC1
C1CCC(CC2CC3CCCCC3C3CCC4CCCCCC4C23)CC1
C1CCC(C2CCC3CC4C(CCC45CCCCCC5)CC32)CC1
C1CCC(C2CCC3CC4C(CCC5C6CCC(CCCCC7CC8CCCCC8C7)C6CCC45)CC32)CC1
C1CCC(CC2CCC3CC4C(CCC5C6CCC(CCCC7CC8CCCCC8C7)C6CCC45)CC23)CC1
C1CCC2C(C1)CCC1C2CCC2C3CCCC3CC21
C1CCC(C2CCC3CCC4(CCCCC4C4CCCCC4)CCC32)CC1
C1CCC(C2CC3CCCC3C3CCC4CCCCC4C23)CC1
C1CCC(C2CC3CCCC3C3CCC4CCCCC4C23)CC1
C1CCC2C(C1)CCC1C3CCCC3CCCC21
C1CCC(CCCCC2CC3CCCCC3C2)CC1
C1CCC(CC2CC3CCCCC3CC3CCC4CCCCC4C32)CC1
C1CCC(CC2CC3CCCCC3C3CCC4CCCCC4C23)CC1
C(CCCC1CCCC2CCCCC12)CCC1CCC(C2CCCCC2)C1
C1CCC(C2CCC3CCC4C(CCC45CCCC5)CC32)CC1
C1CCC(C2CC3CCCCC3C3CCC4CCCCC4C23)CC1
C1CCC2C(C1)CCC1CCCCC12
C1CCC(CC2CCC3C(CCC3C3CCCCC3)C2)CC1
C1CCC(CCC2CCC3C(CCC4C5CCCC5CC(CCC5CCCCC5)C34)C2)CC1
C1CCC(C2CC3CCCC3C3CCC4CCCCC4C23)CC1
C1CCC(C2CCC3CCC4CCCCC4C3CC2)CC1
C1CCC(CCCCC2CC3CCCCC3C2)CC1
C1CCC(CCCC2(CCC3CCCC3)CCC3C4CCC5CCCCC5C4CCC32)CC1
C1CCC(CCC2CCC3C(CCC3C3CCCCC3)C2)CC1
C1CCC2CCC(C3CCCC4CCCC43)CC2CC1
C1CCC(C2CCC3CCC4CCCCC4CC32)CC1
C1CCC2CCC3C4CCCCC4CC(CC4CCCC4)C3C2CC1
C1CC2CCC3C(CCCC4CCC5CC5C43)C2C1
C1CCC(CCCCC2CCC3C2CCC2C4CCCCC4CCC32)CC1
C(CCC1CCC2C(CCC3C4CCCC4CCC23)C1)CC1CCC(CC2CC3CCCC3C3CCC4CCCCC4C23)CC1
C1CCC(CCCC2CCC(C3CC3)CC2)CC1
C(CCC1CCC2CCCCC2C1)CCC1CCCC2CCCCC12
C1CCC2CCC3CCCCC3C2CC1
C(CC1CCC2CCCCC2C1)CC1CCC2CCC(C3CCCC4CCCC43)CC2C1
C1CCC(CCCCC2CCC3CCC(C4CCCC5CCCC54)CC3C2)CC1
C1CCC(C2CCC3CC4C(CCC5C6CCC(CCCC7CC8CCCCC8C7)C6CCCC45)CC32)CC1
C1CCC(CCCCCC2CCC3CCCCC23)CC1
C1CCC(C2CC3CCCC3C3CCC4CCCCCC4C23)CC1
C(CCC1CCCC2CCCC12)CC1CCCC2CCCCC12
C1CCC(C2CCCC(CC3CC4CCCCC4C4CCC5CCCCC5C34)C2)C1
C1CCC(CCCCCC2CC3CCCCC3C2)CC1
C1CCC(C2CC3CCCC3C3CCC4CCCCCC4C23)CC1
C1CCC(CCCCCC2CCC3CCCC3C2)CC1
C1CCC(CCC2CC3CCCCC3C2C2CCCCC2)CC1
C1CCC2CC(C3CCCC4CCCC43)CCC2C1
C1CCC(CCC2CCC3C(CCC3C3CCCCC3)C2)CC1
C1CCC(CCCC2CCCC3CC4C(CCC4C4CCCCC4)CC23)CC1
C1CCC(CCCCC2CCC3CCCCC23)CC1
C1CCC(C2CC3CCCC3C3CCC4CCCCC4C23)CC1
C1CCC2CC(C3CCCC4CCCC43)CCC2C1
C1CCC(CCCCC2CCC3CCCCC23)CC1
C1CCC2CCC3C4CCCCC4CC(CC4CCCC4)C3C2CC1
C1CCC2C(C1)CCC1C3CCCCC3CCC21
C1CCC(CCCCCC2CCC3CCCCC23)CC1
C1CCC(C2CC3CCCC3C3CCC4CCCCC4C23)CC1
C1CCC2CC(C3CCCC4CCCC43)CCC2C1
C1CCC2CC(C3CCCC4CCCC43)CCC2C1
C1CCC(C2CC3CCCCC3C3CCC(CCCC4CCCC4)CC23)CC1
C1CCC(CCC2CCCC3CC4C(CC5CCCCC5)CCC4CC23)CC1
C1CCC(CC2CC3CCCCC3C3CCC4CCCCCC4C23)CC1
C1CCC(CCCCCC2CCCC3C(C4CCCCC4)CCC23)CC1
C1CCC(C2CCC(C3CC4CCCC4C4CCC5CCCCC5C34)CC2)C1
C1CCC(C2CC3CCCC3C3CCCC4CCCCC4C23)CC1
C1CCC2C(C1)CCC1C3CCCC3CCC21
C1CCC(C2CC3CCCC3C3CCC4CCCCC4C23)CC1
C1CCC2C(C1)CCC1CCCCC12
C1CCC(CC2CCC(CC(CC3CCCCC3)C3CCCCC3)CC2)CC1
C1CCC2CC(CC3CCCC4CCCC43)CCC2C1
C1CCC(CC2CCC3C(CCCCCC4CC4)CCCC23)CC1
C1CCC(C2CCC3CC4CCCCC4CC32)CC1
C(CCC1CCCC2CCCC12)CC1CC2CCCCC2C1
C1CCC(CCCCC2CC3CCCCC3C2)CC1
C1CCC2CC(C3CCC4CCCCC43)CCC2C1
C(CCCC1CCCC2CCCC12)CCC1CCCCC1
C1CCC(C2CC3CCCC3C3CCC4CCCCC4C23)CC1
C1CCC(CC2CCCCCCC23CCC2C(CCC2C2CCCCC2)C3)CC1
C1CCC(CCCCC2CC3CCCCC3C2)CC1
C1CCC(C2CCC3CC4C(CCC5C6CCC(CCCCC7CCC8CCCCC8C7)C6CCC45)CC32)CC1
C1CCC(CCC2CCC3C(CCC3C3CCCCC3)C2)CC1
C1CCC(CCC(CCC2CCCCC2)CCC2CCC3CCCC3C2)CC1
C1CCC(C2CC3CCCCC3C3CCCCC23)CC1
C1CCC2C(C1)CCC1C3CCCC3CCC21
C1CCC2CCC3C4CCCC4CCC3C2CC1
C1CCC(C2CC3CCCC3C3CCC4CCCCCC4C23)CC1
C1CCC(C2CCC3CC4C(CCC32)CCC42CCCC2)CC1
C1CCC(CCC2CCC3C(CCC4C5CCCC5CCC(CCC5CCCCC5)C34)C2)CC1
C1CCC(CCC2CCC3C(CCC3C3CCCC(CCC4CCCC4)C3)C2)CC1
C1CCC(C2CC3CCCC3C3CCC4CCCCCC4C23)CC1
C1CCC(CC2CCCCC2CC2CCC3CCCCC3C3CCC4CCCCC4C23)CC1
C1CCC(CCCCC2CC3CCCCC3C2)CC1
C1CCC2CCC3CCCCC3C2CC1
C1CCC2C(C1)CCC1CCCCC12
C1CCC2C(C1)CCC1C3CCCC3CCC21
C(CCC1CCCCC2CCCCC12)CC1CCC2CCCCC2C1
C1CCC(CCC(CCC2CC3CCCCC3C2)C2CC2)CC1
C1CCC(CCCCC2CCC3C2CCC2C4CCCCC4CCC32)CC1
C1CCC(CCCC2CCC3C(CCC3C3CCCCC3)C2)CC1
C(CCCCC1CCCC2C(CCC3C4CCCC4CCC23)C1)CCCC1CCCC(CC(CC2CCC(CC3CCCCC3)CC2)C2CCCCC2)C1
C(CCC1CCCC2CCCC12)CC1CC2CCCCC2C1
C1CCC(C2CCC3CC4(CCCCC4C4CCCCC4)CCC32)CC1
C1CC2CCC3C(CCC4CCCCC43)CC2C1
C1CCC(CCCCCC2CC3CCCCC3C2)CC1
C1CCC2C(C1)CCCC2CCCC1CCCC2CCCCC21
C(CCC1CCCCC2CCCCC12)CC1CCC2CCCCC2C1
C(CCCC1CCCC2CCCCC12)CCC1CCCC1
C1CCC(C2CCC3C(CCC4CCCCC43)C2)CC1
C1CCC(C2CCC3C(CCC4CCCCC43)C2)CC1
C1CCC(CCCC2CCCC(C3CCC4CC(CCC5CCC6CCCCC6C5)CCC43)C2)CC1
C1CCC(C2CCC3C(CCC4CCCCC43)C2)CC1
C1CCC2CCC3C4CCCCC4CCC3C2CC1
C1CCC(C2CCC3CCCC3C3CCC4CCCCCC4C23)CC1
C1CCC(CCC2CCCC3CCC(CC4CCCC5CCCC54)CC23)CC1
C1CCC(CC2CC3CCCCC3CC3CCC4CCCCC4C32)CC1
C1CCC(CCCCC2CCC3CCCCC23)CC1
C(CCCC1CCCC2C(C3CCCCC3)CCC12)CCC1CCCCC1
C1CCC(CCCCC2CC3CCCCC3C2)CC1
C1CCC(C2CCC3CC4C(CCC45CCCCC5)CC32)CC1
C(CCCCC1CCC(C2CCCCC2)C1)CCCC1CCCCC1
C(CCC1CCC2CCCCC2C1)CCC1(C2CCCC2)CCCC2CCCCC21
C1CCC(C2CC3CCCC3C3CCC4CCCCC4C23)CC1
C1CCC2CCC3C4CCCC4CCC3C2CC1
C1CCC(CCCCCC2CC3CCCCC3C2)CC1
C(CCCCCCC1CCC2C1CCC1C3CCCCC3CCC21)CCCCCC1CCC(CCC2CCC(CCC3CCCC3)C2)C1
C1CCC(CCCCCC2CCC3CCCCC23)CC1
C1CCC(CC2CCC3CCCCC3C3CCC4CCCCC4C23)C1
C1CCC(CCCCCC2CC3CCCCC3C2)CC1
C1CCC(C2CCC3CC4C(CCCC45CCCC5)CCC32)CC1
C1CCC(CCCCC2CCC3CCCCC23)CC1
C1CCC(CCCCC2CCC3CCCCC23)CC1
C(CCC1CCCC2CCCC12)CC1CC2CCCCC2C1
C1CCC(CCCC2CCC3C(CCC3C3CCCCC3)C2)CC1
C1CCC(CCCCCC2CCC3CCCCC23)CC1
C1CCC2CC3CCC(C4CCCCC4)C3CC2CC1
C1CCC2CCC3C(CCC4C5CCCC5CC43)C2CC1
C(CCCCC1CCC(C2CCCCC2)C1)CCCC1CCCCC1
C1CCC2CCC3C4CCCCC4CC(CC4CCCC4)C3C2CC1
C1CCC2CC(C3CCCC4CCCC43)CCC2C1
C1CCC(CCC2CCC3C(CCC3C3CCCCC3)C2)CC1
C1CCC(CCC(CCC2CCC3C(CCC3C3CCCCC3)C2)C2CCCCC2)CC1
C1CCC(CCCCCC2CCC3CCCCC23)CC1
C1CCC(CC(CC2CCCCC2)C2CCCCC2)CC1
C1CCC(CCCCC2CCC3CCCCC23)CC1
C1CCC2CCC3C4CCC(CCCC5CC6CCCCC6C5)C4CCC3C2CC1
C1CCC(C2CCC3CC4CCCCC4CC32)CC1
C1CCC2CC(CC3CCCC4CCCC43)CCC2C1
C1CCC(CC2CCC(CC(CC3CCCCC3)C3CCCCC3)CC2)CC1
C1CCC(C2CC3CCCC3C3CCC4CCCCCC4C23)CC1
C1CCC(C2CCC3C(CCCCCC4CC4)CCCC23)CC1
C1CCC(C2CCC3(CCC4CC5C(CCC5C5CCCCC5)CCC43)C2)CC1
C1CCC2C(C1)CCC1C3CCCCC3CCC21
C1CCC(C2CCC3CC4C5CCC6CCCC6C(CCC4CC32)C5)CC1
C(CCC1CCCC2CCCCC12)CC1CCC2CCCCC2C1
C1CCC(CCCCC2CCC3CCC(C4CCCC5CCCC54)CC3C2)CC1
C1CCC(CCCCC2CC3CCCCC3C2)CC1
C1CCC(CCC2CCC3C(CCC3C3CCCCC3)C2)CC1
C1CCC(C2CC3CCCC3C3CCC4CCCCCC4C23)CC1
C1CCC(CCCCCC2CCCC3C(C4CCCCC4)CCC23)CC1
C1CCC(C2CCC3C(CCCC4CCCCC43)C2)C1
C(CCCC1CCCC2C(C3CCCCC3)CCC12)CCC1CCCCC1
C1CCC(CC2CCCCCC23CCCC2C(CCC2C2CCCCC2)C3)CC1
C1CCC(CC2CCC3C(CCC3C3CCCCC3)C2)CC1
C1CCC(CCCCCC2CCCC3C(C4CCCCC4)CCC23)CC1
C1CCC(CCCCC2CCC3CCCCC23)CC1
C1CCC(C2CC3CCCCC3C3CCC(CCC4CCCC4)CC3C2)CC1
C1CCC2CCC3CCCCC3C2CC1
C1CCC(CCC2CCCCC2)CC1
C1CCC(CCCCCC2CCC3CCCCC23)CC1
C1CCC(CCCCC2CC3CCCCC3C2)CC1
C1CCC(CC2CC3CCCCC3C3CCC4CCCCC4C23)C1
C1CCC(CCC2CCCC3CC4C(CCC4C4CCCCC4)CC23)CC1
C1CCC2C(C1)CCC1C3CCCC3CCC21
C1CCC2CCC(C3CCCC4CCCC43)CC2CC1
C(CCCC1CCCC2CCCCC12)CCC1CCC(C2CCCCC2)C1
C(CCC1CCCCC2CCCCC12)CC1CCC2CCCCC2C1
C1CCC(CC2CC3CCCCC3C3CCC4CCCCC4C23)C1
C1CCC(CCCCCC2CC3CCCCC3C2)CC1
C1CCC(CCCCC2CC3CCCCC3C2)CC1
C1CCC(CCCC2CCC3CCCC3C2)CC1
C1CCC2C(C1)CCC1C3CCCC3CCC21
C(CCC1CCCC2CCCCC12)CC1CCC2CCCCC2C1
C1CCC(CCCCC2CC3CCCCC3C2)CC1
C1CCC2CCC3C4CCCCC4CC(CC4CCCC5CCCCC54)C3C2CC1
C1CCC(CCCC2CCCC3C2CCC2C4CCCCC4CCC32)C1
C1CCC(CCC2CCC3C2CCC(C2CCCCC2)C2C4CCCCC4CCC32)CC1
C(CCC1CCCC2CCCCC12)CC1CC2CCCCC2C1
C1CCC(CC2CC3CCCCC3C3CCC4CCCCCC4C23)CC1
C1CCC2CCC3C(CCC4C5CCCC5CC43)C2CC1
C1CCC(CC2CCC3CC4C(CCCC45CCCC5)CC23)CC1
C1CCC(C2CC3CCCC3C3CCC4CCCCC4C23)CC1
C1CCC(CCC2CCC3C(CCC4C5CCCC5CCC34)C2)CC1
C(CCC1CCC2CCCC2C1)CC1CCC(C2CCCC2)CC1
C1CCC(C2CC3CCCC3C3CCCC4CCCCC4C23)CC1
C1CCC2C(C1)CCC1C3CCCC3CCC21
C1CCC(CCCCCC2CCC3CCCCC23)CC1
C1CCC(CCC(CC2CC3CCCCC3C2)C2CCC2)CC1
C1CCC2CCC3C4CCCC4CCC3C2CC1
C1CCC(CCCCCC2CCCC3C(CC4CCCCC4)CCC23)CC1
C1CCC2C(C1)CCC1C2CCC2C3CCCC3CC21
C1CCC(CCC2CCC(C3CCC3)CC2)CC1
C1CCC(CCCCC2CCC3C2CCC2C4CCCCC4CCC32)CC1
C1CCC2CCC3C4CCC(CCCC5CC6CCCCC6C5)C4CCC3C2CC1
C1CCC2CC(CCCC3CCC4C3CCC3C5CCCCC5CCCC43)CC2C1
C1CCC(CC2CCCC(CC3CCC4CC(CCC5CCC6CCCCC6C5)CCC43)C2)C1
C1CCC2CCC(C3CCCC4CCCC43)CC2CC1
C1CCC(C2CCC3CC4C(CCC45CCCC5)CC32)CC1
C(CCC1CCCC2CCCCC12)CC1CCCC2CCCCC12
C1CCC(CC2CCC3CCCCC3C3CCC4CCCCC4C23)CC1
C(CCC1CCC2C1CCC1C3CCCCC3CCC21)CC1CC2CCCCC2C1
C(CC1CCC2CCCC2C1)CC1CCC2CCC(C3CCCC4CCCC43)CC2C1
C(CCC1CCCC2CCCC12)CC1CC2CCCCC2C1
C1CCC2C(C1)CCC1C3CCCC3CCC21
C1CCC2CC(C3CCCC3)C3CCCC3C2CC1
C1CCC(C2CC3CCCCC3C3CCC4CCCCC4C23)CC1
C1CCC(CC2CCC3CCCCC3C3CCC4CCCCC4C23)CC1
C1CCC(CC2CCCC(C3CCC4CC(CCC5CCC6CCCCC6C5)CCC43)C2)C1
C(CCCC1CCCCC1)CCCC1CCC(C2CCCCC2)C1
C1CCC(CCC2CCCCC2)CC1
C1CCC(CCCCC2CC3CCCCC3C2)CC1
C1CCC(C2CCC3CC4C(CCC5C6CCC(CCCC7CCC8CCCCC8C7)C6CCC45)CC32)CC1
C(CCCC1CCCC2CCCC12)CCC1CCCCC1
C1CCC(CCCC2CCCC(C3CCC4CC(CCCC5CCC6CCCCC6C5)CCC43)C2)CC1
C1CCC(CCCC2CC3CCCCC3C2CC2CCCCC2)CC1
C1CCC(C2CCC3CC4C(CCC45CCCC5)CC32)CC1
C1CCC(C2CCC3CCC4(CCCCCC4C4CCCCC4)CCC32)CC1
C1CCC(CCCCC2CC3CCCCC3C2)CC1
C1CCC(CC2CCC3CC4C(CCC45CCCC5)CC23)CC1
C1CCC(C2CCC3CC4C(CCC45CCCCC5)CC32)CC1
C1CCC2CCC3C(CCC4C3CCC4(CCCC3CCC4CCCCC4C3)CCC3CCCC3)C2CC1
C1CCC(CCCCC2CC3CCCCC3C2)CC1
C1CCC2CCC3C4CCCCC4CC(CC4CCCC4)C3C2CC1
C1CCC(CCCCC2CC3CCCCC3C2)CC1
C1CCC(CCCC2CCC3C2CCC2C4CCC5CCC(C6CCCCC6)C5CC4CCC32)CC1
C(CCCC1CCCCC1)CCCC1CCC(C2CCCCC2)C1
C(CCCC1CCCC2C(C3CCCCC3)CCC12)CCC1CCC(C2CCCC2)C1
C1CCC(C2CCC(CCCCCC3CCCC4CCCCC34)C2)CC1
C1CCC(CCCC2CCC3CCCC3C2)CC1
C1CCC(C2CC3CCCC3C3CCC4CCCCCC4C23)CC1
C1CCC(C2CC3CCCCC3C3CCCCC23)CC1
C1CCC2C(C1)CCC1C3CCCC3CCC21
C1CCC(CCC2CCC3C(CCC3C3CCCCC3)C2)CC1
C1CCC(CCCCC2CC3CCCCC3C2)CC1
C1CCC2C(C1)CCC1C3CCCC3CCC21
C1CCC2CCC3CCCCC3C2CC1
C1CCC(C2CC3CCCC3C3CCC4CCCCCC4C23)CC1
C1CCC(CC2CC3CCCCC3C3CCC4CCCCCC4C23)CC1
C(CCCCC1CCC(C2CCCCC2)C1)CCCC1CCCCC1
C1CCC2CC(CCCC3CCC4C3CCC3C5CCCCC5CCC43)CC2C1
C1CCC(CCCCCC2CCC3CCCCC23)CC1
C1CCC(C2CCC3CCC4C(CCC5C6CCC(CCCC7CCC8CCCCC8C7)C6CCC45)CC32)CC1
C1CCC(C2CCC3CC4C(CCCC45CCCC5)CC32)CC1
C1CCC(CC2CCCCC2CC2CC3CCCCC3C3CCC4CCCCC4C23)CC1
C1CCC2CCC(C3CCCC4CCCC43)CC2CC1
C1CCC(CCCCC2CCC3CCC(C4CCCC5CCCC54)CC3C2)CC1
C(CCCCCCC1CCC2C1CCC1C3CCCCC3CCC21)CCCCCC1CCC(CCC2CCC(CCC3CCCC3)C2)C1
C1CCC(C2CC3CCCC3C3CCCC4CCCCC4C23)CC1
C1CCC(CCCCCC2CC3CCCCC3C2)CC1
C1CCC2CC(C3CCCC4CCCC43)CCC2C1
C1CCC(CC2CC3CCCCC3C3CCC4CCCCC4C23)C1
C1CCC(CCC2CCC3C(CCC3C3CCCCC3)C2)CC1
C(CCC1CCC2CCCC2C1)CC1CCC(C2CCCC2)CC1
C1CCC(C2CCC3CC4C(CCC5C6CCC(CCCC7CC8CCCCC8C7)C6CCCC45)CC32)CC1
C1CCC(CCCCCC2CCC3CCCCC23)CC1
C1CCC(C2CCC3CCC4CCCCC4CC32)CC1
C1CCC2C(C1)CCC1CCCCC12
C(CC1CCC2CCCC2C1)CC1CCCC2CCC(C3CCCC4CCCC43)CC2C1
C1CCC(CCC2CCC(CCC3CCCC(CC4CCCC4)CC3)CC2)CC1
C(CCCC1CCC(C2CCCCC2)C1)CCC1CCCCC1
C1CCC2C(C1)CCC1C2CCC2C3CCCC3CC21
C1CCC(CCCC(CCC2CCC3CCCC3C2)CC2CCCCC2)CC1
C1CCC(C2CCCCC2CC2CCC3CCCCC3C3CCC4CCCCC4C23)CC1
C1CCC(C2CCC3CC4C(CCC5C6CCC(CCCC7CCCC8CCCCC87)C6CCC45)CC32)CC1
C1CCC(C2CCC3C(CCC4CCCCC43)C2)CC1
C1CCC(CC2CCC(CCCC3CCC4CCCC4C3)CC2)C1
C1CCC(C2CCC3C(CCC4CCCCC43)C2)CC1
C1CCC2C(C1)CCC1C3CCCC3CCC21
C(CCC1CCCC2CCCC12)CC1CC2CCCCC2C1
C1CCC(CCCC2CCC3CCC(C4CCCC5CCCC54)CC3CC2)CC1
C1CCC(CCC2CCC3C(CCC3C3CCCCC3)C2)CC1
C1CCC2CCC3C4CCC(CCCC5CCC6CCCCC6C5)C4CCC3C2CC1
C1CCC(CCC2(CCCC3CC4CCCCC4C3)CCC3C4CCC5CCCCC5C4CCC32)C1
C1CCC2CC(CCCC3CCCCC4CCCCC43)CC2C1
C1CCC(CCC2CC3CCCCC3C3CCC4CCCCC4C23)CC1
C1CCC(C2CCC3(CCC4CC5C(CCC5C5CCCCC5)CCC43)C2)CC1
C1CCC(C2CCC3C(CCC4CCCCC43)C2)CC1
C1CCC(CCCCCC2CC3CCCCC3C2)CC1
C1CCC(C2CC3CCCC3C3CCC4CCCCC4CC23)CC1
C(CCC1CCC2C1CCC1C3CCCCC3CCC21)CC1CCC2CCCCC2C1
C1CCC(CCC2CCC3C(CCC3C3CCCCC3)C2)CC1
C1CCC(C2CCC(CCCCCC3CCCC4CCCCC34)C2)CC1
C1CCC(C2CCC3CC4(CCCCCCC4C4CCCCC4)CCC32)CC1
C1CCC(CCCC2CCCC3CCCCC32)C2CCCCC2C1
C1CCC2CCC(C3CCCC4CCCC43)CC2CC1
C1CCC(CCCCC2CC3CCCCC3C2)CC1
C1CCC2CCC(C3CCCC4CCCC43)CC2CC1
C1CCC(CCCCC2CC3CCCCC3C2)CC1
C1CCC(CCCC2CC3CCCCC3C2C2CCCCC2)CC1
C(CCCC1CCCC2C(C3CCCCC3)CCC12)CCC1CCCCC1
C1CCC(C2CC3CCCC3C3CCC4CCCCC4CC23)CC1
C1CCC2C(C1)CCCC1C3CCCC3CCC21
C1CCC(CCCCC2CCC3CCCCC23)CC1
C(CCC1CC2CCCCC2C1)CCC1CCCC2CCCC12
C1CCC(C2CCC3CC4C(CCCC5C6CCC(CCCC7CCC8CCCCC8C7)C6CCC45)CC32)CC1
C1CCC(C2CC3CCCC3C3CCC4CCCCCC4C23)CC1
C1CCC(CCCCC2CCC3CCCCC3C2)CC1
C1CCC2C(C1)CCC1C3CCCCC3CCC21
C1CCC(CCC2CCC(CCC3CCCC(CC4CCCC4)C3)CC2)CC1
C1CCC(CCCCCC2CC3CCCCC3C2)CC1
C1CCC(C2CCC3CC4C(CCC32)CCC2C3CCC(CCCC5CC6CCCCC6C5)C3CCC42)CC1
C1CCC2CC(C3CCCC4CCCC43)CCC2C1
C1CCC(CCCCCC2CCCC3C(C4CCCCC4)CCC23)CC1
C1CCC(CC2CCCCC2CC2CC3CCCCC3C3CCC4CCCCC4C3C2)CC1
C1CCC(C2CC3CCCC3C3CCC4CCCCC4C23)CC1
C(CCC1CCCC2CCCCC12)CC1CCCC2CCCCC12
C(CCC1CCCC2CCCCC12)CCC1CCCC2CCCCC12
C1CCC(C2CCC3CC4C(CCCC45CCCCC5)CC32)CC1
C1CCC(CCCC2CCC3C(CCC3C3CCCCC3)C2)CC1
C1CCC(CCCCCC2CC3CCCCC3C2)CC1
C1CCC(C2CC3CCCC3C3CCC4CCCCCC4C23)CC1
C1CCC(CC2CCC3C(CCC3C3CCCCC3)C2)CC1
C1CCC(CCC2CCC3C2CCC(C2CCCCC2)C2CC4CCCCC4CCC32)CC1
C1CCC(C2CCC3CC4(CCCCCCC4C4CCCCC4)CCC32)CC1
C1CCC(C2CC3CCCCC3C3CCCCC23)CC1
C1CCC(C2CC3CCCC3C3CCC4CCCCC4C23)CC1
C1CCC2CCC(C3CCCC4CCCC43)CC2CC1
C1CCC(C2CCC3CC4C(CCC45CCCCC5)CC32)CC1
C1CCC(C2CC3CCCCC3C3CCCCC23)CC1
C1CCC(C2CC3CCCC3C3CCC4CCCCCC4C23)CC1
C1CCC(CCC2(CCCC3CC4CCCCC4C3)CCCC3C4CCC5CCCCC5C4CCC32)C1
C1CCC(CC2CCC3C(CCC3C3CCCCC3)C2)CC1
C1CCC(C2CC3CCCC3C3CCC4CCCCC4C23)CC1
C1CCC(CC2CCC3C(CCC3C3CCCCC3)C2)CC1
C1CCC2CC(C3CCCC4CCCC43)CCC2C1
C1CCC(CCCCCC2CCCC3C(C4CCCCC4)CCC23)CC1
C1CCC(CC2CC3CCCCC3C3CCC4CCCCC4C23)C1
C(CCCC1CCCCC1)CCC1CCCCC1
C(CCCC1CCCCC1)CCCC1CCC(C2CCCCC2)C1
C1CCC2CC(C3CCCC4CCCC43)CCC2C1
C1CCC(C2CC3CCCC3C3CCC4CCCCC4C23)CC1
C1CCC(CCC(CCC2CCC3C(CCC3C3CCCCC3)C2)C2CCCCC2)CC1
C1CCC(C2CCC3CCCC3C3CCC4CCCCCC4C23)CC1
C1CCC(CCCCC2CC3CCCCC3C2)CC1
C1CCC(CCCC2CCC3C(CCC4C5CCCC5CCC34)C2)CC1
C1CCC(C2CCC3CC4C(CCCCC45CCCC5)CC32)CC1
C1CCC2CC(C3CCCC4CCCC43)CCC2C1
C1CCC(C2CC3CCCC3C3CCC4CCCCC4C23)CC1
C1CCC(C2CCC3CC4C(CCCC45CCCCC5)CC32)CC1
C1CCC(C2CC3CCCCC3C3CCCCC23)CC1
C1CCC2CCC(C3CCCC4CCCC43)CC2CC1
C1CCC(C2CCC3CC4C(CCC45CCCCC5)CC32)CC1
C1CCC(C2CCC(C3CC4CCCCC4C4CCC5CCCCC5C34)CC2)C1
C(CCC1CCCC2CCCC12)CC1CC2CCCCC2C1
C1CCC(CCCCC2CC3CCCCC3C2)CC1
C(CCCC1CCCC2C(C3CCCCC3)CCC12)CCC1CCCCC1
C1CCC(C2CCC3CC4C(CCCC5C6CCC(CCCC7CC8CCCCC8C7)C6CCC45)CC32)CC1
C1CCC2CCC(C3CCCC4CCCC43)CC2CC1
C1CCC(C2CC3CCCC3C3CCC4CCCCC4C23)CC1
C1CCC2CC(C3CCCC4CCCC43)CCC2C1
C1CCC(C2CCCC3C(CCC4CCCCC43)C2)CC1
C1CCC(C2CC3CCCC3C3CCC4CCCCC4C23)CC1
C1CCC(C2CCC(C3CC4CCCCC4C4CCC5CCCCC5C34)CC2)C1
C(CCCC1CCCCC1)CCCC1CCC(C2CCCCC2)C1
C1CCC(CC2CC3CCCCC3C3CCC4CCCCCC4C23)CC1
C1CCC(CCC2CCC3C(CCC3C3CCCC(CCC4CCCC4)C3)C2)CC1
C1CCC(CCCCCC2CC3CCCCC3C2)CC1
C1CCC(CCCCC2CC3CCCCC3C2)CC1
C1CCC(C2CCC3CC4CCCCC4CC32)CC1
C(CCCC1CCCC2C(C3CCCCC3)CCC12)CCC1CCCCC1
C1CCC2CC(C3CCCC4CCCC43)CCC2C1
C1CCC2C(C1)CCC1C3CCCC3CCC21
C1CCC(C2CCC3C(CCCC4CCCCC43)C2)CC1
C1CCC(CCCC2CCCC3CCCCC32)C2CCCCC2C1
C1CCC(CCCCC2CC3CCCCC3C2)CC1
C1CCC2CC(CCCC3CCC4C3CCCC3C5CCCCC5CCC34)CC2C1
C1CCC2CCC3C4CCC(CCCC5CC6CCCCC6C5)C4CCC3C2CC1
C1CC(C2CCC(C3CC4CCCC4C4CCC5CCCCC5C34)CC2)C1
C1CCC(CCCC(CC2CCC3C(CCC3C3CCCCC3)C2)C2CCCCC2)CC1
C1CCC(C2CCC3CC4C(CCC5C6CCCC(CCCC7CC8CCCCC8C7)C6CCC45)CC32)CC1
C1CCC(CCCC2CCC3CCC(C4CCCC5CCCC54)CC3C2)CC1
C(CCC1CCCC2CCCC12)CC1CC2CCCCC2C1
C1CCC(C2CCC3(CCC4CCC5C(CCC5C5CCCCC5)CC43)C2)CC1
C1CCC(C2CC3CCCC3C3CCC4CCCCCC4C23)CC1
C1CCC2CC(CCCC3CCC4C3CCC3C5CCCCC5CCC43)CC2C1
C(CCC1CCCC2CCCCC12)CC1CC2CCCCC2C1
C1CCC(CCC2CCC3C(CCC3C3CCCCC3)C2)CC1
C1CCC(CCC2CCC3C(CCC3C3CCCCC3)C2)CC1
C1CCC(CCC2CCC(CC(CC3CCCCC3)C3CCCCC3)CC2)CC1
C1CCC(CCC2CCC3C2CCC(C2CCCCC2)C2C4CCCCC4CCC32)CC1
C1CCC2CCC(C3CCCC4CCCC43)CC2CC1
C(CCCC1CCCCC1)CCCC1CCC(C2CCCCC2)C1
C1CCC(CCCC2CCCC(C3CCC4CC(CCC5CCC6CCCCCC6C5)CCC43)C2)CC1
C1CCC(CCCC2CCCC(C3CCC4CC(CCC5CCC6CCCCC6C5)CCC43)C2)CC1
C1CCC2C(C1)CCCC2CCCC1CCCC2C1CCC1C3CCCCC3CCC21
C1CCC2C(C1)CCC1C2CCCC2C3CCCC3CC21
C1CCC(CCCCC2CC3CCCCC3C2)CC1
C(CCCC1CCCC2C1CCC2C1CCCC(CC2CCCC2)C1)CCC1CCCCC1
C(CCC1CC2CCCCC2C1)CCC1CCCC2CCCC12
C1CCC2CCC3C(CCC4C3CCC4(CCCC3CCC4CCCCC4C3)CCC3CCCC3)C2CC1
C1CCC(CCCCC2CCCC(C3CCC4CC(CCC5CCC6CCCCC6C5)CCC43)C2)CC1
C1CCC(CCCCC2CCCCC3CCC(C4CCCCC4)CC23)CC1
C1CCC(CC(CC2CCCCC2)C2CCCCC2)CC1
C1CCC2CC(CC3CCCC4CCCC43)CCC2C1
C1CCC(C2CCC3CCC4C(CCC45CCCCC5)CC32)CC1
C1CCC(CCC2CCCCC2)CC1
C1CCC(C2CCC3CC4C(CCC45CCCCC5)CC32)CC1
C1CCC(C2CC3CCCC3C3CCC4CCCCCC4C23)CC1
C1CCC(CC2CC3CCCCC3C3CCC4CCCCC4C23)C1
C1CCC2CCC3C4CCC(CCCC5CC6CCCCC6C5)C4CCC3C2CC1
C1CCC(CCC2CCC(CCC3CCCC(CC4CCCC4)C3)CC2)CC1
C1CCC(CCCCCC2CCCC3C(C4CCCCC4)CCC23)CC1
C(CCC1CC2CCCCC2C1)CCC1CCCC2CCCC12
C1CCC2CCC3C4CCC(CCCC5CCC6CCCCC6C5)C4CCC3C2CC1
C1CCC(C2CCC3CC4C(CCCC45CCCC5)CC32)CC1
C1CCC2C(C1)CC(C1CCCC3CCCC31)C1CCCCC21
C(CCCC1CCCCC1)CCCC1CCC(C2CCCCC2)C1
C1CCC(C2CC3CCCC3C3CCC4CCCCC4C23)CC1
C1CCC2CC(CCCC3CCC4C3CCC3C5CCCCC5CCC43)CC2C1
C1CCC(CCCCCC2CCC3CCCCC23)CC1
C1CCC2CC(CCCC3CCC4C3CCC3C5CCCCC5CCC43)CC2C1
C1CCC(C2CC3CCCC3C3CCC4CCCCCC4C23)CC1
C1CCC2C(C1)CCC1C3CCCC3CCC21
C1CCC2CCC(C3CCCC4CCCC43)CC2CC1
C1CCC(CCCC2CCCC(C3CCC4CC(CCC5CCC6CCCCC6C5)CCC43)C2)CC1
C1CCC(CCCC(CCC2CCC3CCCC3C2)CC2CCCCC2)CC1
C1CCC2CC(CC3CCCC4CCCC43)CCC2C1
C1CCC(CC2CC3CCCCC3C3CCCCC23)C1
C1CCC(CCC2CCC3C(CCC3C3CCCCC3)C2)CC1
C1CCC(C2CC3CCCCC3CC3CCCCC32)CC1
C1CCC(CC2CCC(C3CC4CCCC4CC4CCC5CCCCC5C43)CC2)CC1
C1CCC(CCCCCC2CC3CCCCC3C2)CC1
C1CCC(C2CC3CCCCC3C3CCCCC23)CC1
C(CCCC1CCCC2C1CCC2C1CCC(CC2CC2)CC1)CCC1CCCCC1
C1CCC(CCCCC2(CCC3CCCC3)CCC3C4CCC5CCCCC5C4CCC32)CC1
C1CCC(CCC(CCC2CCC3CCCC3C2)CC2CCCCC2)CC1
C1CCC(CC2CC3CCCCC3C3CCC4CCCCC4C23)CC1
C1CCC(C2CCC3C(CCC4CCCCC43)C2)CC1
C1CCC(CCCCCC2CC3CCCCC3C2)CC1
C1CCC(CCC2CCC(C3CCC4C(CCC4C4CCCCC4)C3)CC2)CC1
C1CCC(CCC(CC2CCC3C(CCC3C3CCCCC3)C2)C2CCCCC2)CC1
C1CCC(C2CC3CCCC3C3CCCC4CCCCC4C23)CC1
C1CCC(C2CCC3CCC4(CCCCC4C4CCCCC4)CCC32)CC1
C1CCC(C2CC3CCCC3C3CCC4CCCCC4C23)CC1
C(CCCC1CCC2CCCC2C1)CCC1CCCCC1
C1CCC(CCCCC2CCC3CCCCC23)CC1
C1CCC2CCC3C4CCCC4CCC3C2CC1
C1CCC(C2CC3CCCCC3C3CCC4CCCCC4C23)CC1
C1CCC2CC(C3CCCC4CCCC43)CCC2C1
C1CCC2CCC3C4CCCC4CCC3C2CC1
C1CCC(CCC2CCC(CC(CC3CCCCC3)C3CCCCC3)CC2)CC1
C1CCC(CC2CCCC(C3CCC4CC(CCC5CCC6CCCCC6C5)CCC43)C2)C1
C1CCC(C2CC3CCCC3C3CCC4CCCCC4C23)CC1
C1CCC(CCC2CCC(C3CCC4C(CC5CCCCC5)CCC4C3)CC2)CC1
C1CCC(C2CCC3CC4C(CCCC45CCCC5)CCC32)CC1
C1CCC(C2CC3CCCC(C3)C3CCC4CCCCC4C32)CC1
C1CCC(CCC2(CCCC3CC4CCCCC4C3)CCC3C4CCCC5CCCCC5C4CCC32)C1
C1CCC(CCCC2CCC3C(CCC4CCCCC43)C2)CC1
C1CCC(C2CC3CCCCC3C3CCCCC23)CC1
C1CCC(CCCCC2CC3CCCCC3C2)CC1
C1CCC2CC(CC3CCCC4CCCC43)CCC2C1
C1CCC(CCCCC2C3CCCCCC3CCC2C2CCCC3CCCC32)CC1
C1CCC(CCCCC2CCC3CCC(C4CCCC5CCCC54)CC3C2)CC1
C(CCC1CCC(C2CC3CCCC3C3CCC4CCCCC4C23)CC1)CCC1CCC2C(CCC3C4CCCC4CCC23)C1
C1CCC(CCCCC2CCC3CCCCC23)CC1
C1CCC(CCCCC2CCC3CCCCC23)CC1
C1CCC(CCC2CCC3C(CCC3C3CCCCC3)C2)CC1
C1CCC(C2CCC3CCCCC3C3CCCCC23)CC1
C1CCC(C2CC3CCCC3C3CCC4CCCCC4CC23)CC1
C1CCC(C2CCC3CC(C4CCC(CCC5CCCC5)CC4)CCC32)CC1
C1CCC(CCC2CC3CCCC3C3CCC4CCCCC4C3C2)CC1
C1CCC(CCCC2CCC3CCC(C4CCCC5CCCC54)CC3C2)CC1
C1CCC(C2CC3CCCCC3C3CCC4CCCCC4C23)CC1
C1CCC2CCC3C4CCC(CCCC5CC6CCCCC6C5)C4CCC3C2CC1
C1CCC(CCCCCC2CCC3CCCCC23)CC1
C1CCC2C(C1)CCCC1CCCCC12
C1CCC(C2CCC3CC4C(CCCC45CCCC5)CC32)CC1
C1CCC(C2CCC3CC(C4CCC(CCC5CCCC5)CC4)CCC32)CC1
C(CCC1CC2CCCCC2C1)CCC1CCCC2CCCC12
C1CCC(C2CCC3CCC4C(CCC45CCCCC5)CC32)CC1
C1CCC(CC2CC3CCCCC3C3CCC4CCCCC4C23)CC1
C1CCC(C2CCC(C3CC4CCCC4C4CCC5CCCCC5C34)CC2)C1
C1CCC(CCCCCC2CCCCC2)CC1
C1CCC(C2CC3CCCC3C3CCC4CCCCC4C23)CC1
C(CCC1CCCCC2CCCCC12)CC1CCC2CCCCC2C1
C1CCC(CCCCCC2CCCC3C(C4CCCCC4)CCC23)CC1
C1CCC(C2CCC3CCC4C(CCC5C6CCC(CCCC7CC8CCCCC8C7)C6CCC45)CC32)CC1
C1CCC(C2CC3CCCC3C3CCCC4CCCCC4C23)CC1
C1CCC(CCC2CCC3C(CCCC4CCCCC43)C2)CC1
C1CCC(CCCCC2CC3CCCCC3C2)CC1
C1CCC(CCCC(CCC2CCC3CCCC3C2)CC2CCCCC2)CC1
C1CCC(CCC2CCC3C(CCC4C5CCCC5CCC34)C2)CC1
C1CCC(C2CCC3CC4C(CCCC5CC5)CCCC4CC32)CC1
C1CCC(CCC2CCC3C(CCC3C3CCCCC3)C2)CC1
C1CCC(CCC2CCC3C(CCC3C3CCCC(CC4CCCC4)C3)C2)CC1
C1CCC(CC2CCCC(C3CCC4CC(CCC5CCC6CCCCC6C5)CCC43)C2)CC1
C1CCC(C2CCC3CC4(CCCCCCC4C4CCCCC4)CCC32)CC1
C(CCCC1CCCC2C(C3CCCCC3)CCC12)CCC1CCCCC1
C1CCC(CCC(CCC2CCC3CCCC3C2)CC2CCCCC2)CC1
C1CCC(CCCCCC2CCC3CCCCC23)CC1
C1CCC(CCC2CCC3C(CC4CCCCC4)CCC3C2)CC1
C1CCC(CCCC2CCC3CCC(C4CCCC5CCCC54)CC3C2)CC1
C1CCC(CCCCC2CCCC3C2CCC2C4CCCCC4CCC32)CC1
C1CCC(CC2CCCCC23CCC2C(CCC2C2CCCCC2)C3)CC1
C(CCC1CCCC2CCCCC12)CC1CCCC2CCCCC12
C1CCC2CC(CC3CCCC4CCCC43)CCC2C1
C1CCC(CCCC(CCC2CCC3CCCC3C2)CC2CCCCC2)CC1
C1CCC(CCCC2CCC3CCC(C4CCCC5CCCC54)CC3CC2)CC1
C(CCC1CCCC2CCCC12)CC1CC2CCCCC2C1
C(CC1CCC2CCCC2C1)CC1CCC2CCC(C3CCCC4CCCC43)CC2C1
C(CCC1CCC2C1CCC1C3CCCCC3CCC21)CC1CC2CCCCC2C1
C(CCCC1CCCC2C(C3CCCCC3)CCC12)CCC1CCCCC1
C1CCC(C2CCC3C(CCCCCC4CCC(C5CCCC5)C4)CCCC23)CC1
C1CCC(CCCCCC2CCCC3C2CCC3C2CCCC(CC3CC3)C2)CC1
C(CCC1CCC2C1CCC1C3CCCCC3CCC21)CC1CC2CCCCC2C1
C1CCC(C2CCC3CC4C(CCC32)CCC2C3CCC(CCCC5CCC6CCCCC6C5)C3CCC42)CC1
C1CCC2CCC3C4CCCC4CCC3C2CC1
C1CCC(C2CCC3CC4C(CC5CC6CCCCC6C5)CCCC4CC32)CC1
C1CCC2C(C1)CCC1C3CCCC3CCC21
C1CCC2CCC3C(CCC4C3CCC4(CCCC3CCC4CCCCC4C3)CCC3CCCC3)C2CC1
C1CCC(C2CCC3(CCC4CC5C(CCC5C5CCCCC5)CC43)C2)CC1
C1CCC(C2CCCC3C(CCC4CCCCC43)C2)CC1
C1CCC(CCCCC2CC3CCCCC3C2)CC1
C(CCC1CCCC2CCCC12)CC1CC2CCCCC2C1
C1CCC(CCC(CC2CC3CCCCC3C2)C2CC2)CC1
C(CCCC1CCCC2C(C3CCCCC3)CCC12)CCC1CCCCC1
C1CCC(C2CC3CCCCC3C3CCCCC23)CC1
C1CCC(CCCCC2CCCC3CCC(C4CCCCC4)CC23)CC1
C1CCC(CCCCCC2CCCC3C2CCC3C2CCCC(CCC3CCCC3)C2)CC1
C1CCC2CC(C3CCCC4CCCC43)CCC2C1
C1CCC2CCC3C4CCCCC4CC(CC4CCCC4)C3C2CC1
C1CCC(C2CC3CCCC3C3CCC4CCCCC4C23)CC1
C1CCC(CCCC2CCC3C(CCC3C3CCCCC3)C2)CC1
C1CCC(CCCC2CCCC(C3CCC4CC(CCC5CCC6CCCCC6C5)CCC43)C2)CC1
C(CCCC1CCCC2C(C3CCCCC3)CCC12)CCC1CCC(C2CCCC2)C1
C1CCC(CC2CC3CCCCC3C3CCC4CCCCCC4C23)CC1
C1CCC(C2CCC(CCCCCC3CCCC4C(C5CCCCC5)CCC34)C2)CC1
C1CCC(CCCCCC2CCC3CCCCC23)CC1
C(CCCC1CCCCC1)CCCC1CCC(C2CCCCC2)C1
C1CCC(CCCCCC2CCCC3C(CC4CCCCC4)CCC23)CC1
C1CCC(CCCC2CCCC3CCC(C4CCCC5CCCC54)CC3C2)CC1
C1CCC(CCCCC2CC3CCCCC3C2)CC1
C1CCC(C2CCC3C(CCC4CCCCC43)C2)CC1
C(CCC1CC2CCCCC2C1)CCC1CCCC2CCCC12
C1CCC(C2CC3CCCC3C3CCC4CCCCC4C23)CC1
C1CCC(CCCCC2CC3CCCCC3C2)CC1
C1CCC(CCCC2CCCC3CCCCC32)C2CCCCC2C1
C1CCC(CCC(CCC2CCC3CCCC3C2)CC2CCCCCC2)CC1
C1CCC2C(C1)CCC1C3CCCC3CCC21
C1CCC(C2CC3CCCCC3CC3CCCCC32)CC1
C(CCC1CCC2CCCCC2C1)CCC1CCCC2CCCCC12
C1CCC2CC(CC3CCCC4CCCC43)CCC2C1
C1CCC(C2CC3C(CCC34CCCC4)C3CCC4CCCCCC4C23)CC1
C1CCC2C(C1)CCC1C2CCC2C3CCCC3CC21
C1CCC(CC2CCC3CCCCC3C3CCC4CCCCC4C23)C1
C1CCC(CCC2CCC(CCC3CCCCC(CC4CCCC4)C3)CC2)CC1
C1CCC(C2CCC3CC4C(CCC5C6CCC(CCCCC7CC8CCCCC8C7)C6CCC45)CC32)CC1
C(CCC1CCCC2CCCCC12)CC1CCC2CCCCC2C1
C1CCC(CCCCCC2CCC3CCCCC23)CC1
C1CCC(CCCCCC2CCCC3C(CC4CCCCC4)CCC23)CC1
C1CCC(CC2CCC(CC(CC3CCCCC3)C3CCCCC3)CC2)CC1
C(CCCC1CCCC2CCCCC12)CCC1CCC(C2CCCCC2)C1
C1CCC(C2CCC3CCCC3C3CCC4CCCCC4C23)CC1
C1CCC(CCCCCC2CC3CCCCC3C2)CC1
C1CCC(C2CCC3CC4C(CCC45CCCCC5)CC32)CC1
C1CCC2CC(CC3CCCC4CCCC43)CCC2C1
C1CCC(CC2CCC3C(CC4CCCCC4)CCC3C2)CC1
C1CCC(CCCCC2CCC3CCCCC23)CC1
C1CCC(CCC2CCC3C(CCCC4C5CCCC5CC(CCC5CCCCC5)C34)C2)CC1
C1CCC(C2CC3CCCCC3C3CCC4CCCCC4C23)CC1
C1CCC(CCCCC2CC3CCCCC3C2)CC1
C1CCC(CCC2CCC3C(CCC3C3CCCCC3)C2)CC1
C1CCC(C2CCC3CC4C(CCCC45CCCC5)CC32)CC1
C1CCC2CCC(C3CCCC4CCCC43)CC2CC1
C1CCC(CCC2CCC3C(CCC4C5CCCC5CC(CCC5CCCCC5)C34)C2)CC1
C(CCCC1CCCC2CCCCC12)CCC1CCC(C2CCCCC2)C1
C1CCC(CCC2CCC3C(CCC3C3CCCCC3)C2)CC1
C1CCC2CC(C3CCCC4CCCC43)C3CCCC3C2CC1
C1CCC2CC(C3CCCC4CCCC43)CCC2C1
C1CCC(CC2CC3CCCCC3C3CCC4CCCCC4C23)C1
C1CCC(CCC(CC2CC3CCCCC3C2)C2CCC2)CC1
C1CCC2CCC3C4CCCC4CCC3C2CC1
C1CCC(C2CC3CCCC3C3CCC4CCCCCC4C23)CC1
C1CCC(CCCCCC2CCCC3CCC(C4CCCCC4)CC23)CC1
C1CCC(CCCC2CCCC3CCC(C4CCCC5CCCC54)CC23)CC1
C(CCC1CCC2C1CCC1C3CCCCC3CCC21)CC1CCC2CCCCC2C1
C1CCC(CCCC2CCCC3CCCCC32)C2CCCCC2C1
C1CCC(CCC2CCC3C(CCC3C3CCCCC3)C2)CC1
C1CCC(CCC2CCC3C(CCC3C3CCCC(CCC4CCCCC4)C3)C2)CC1
C1CCC2CCC3C4CCCC4CC(C4CCC(C5CCCC5)CC4)C3C2CC1
C1CCC(C2CCC3C(CCC4CCCCC43)C2)C1
C1CCC2C(C1)CCC1CCCCC12
C1CCC(C2CCC3CC4C(CCCC4CC4CC5CCCCC5C4)CCC32)CC1
C1CCC(C2CCC3C(CCC4CCCCC43)C2)CC1
C1CCC(C2CC3CCCC3C3CCC4CCCCCC4C23)CC1
C1CCC2CC(CCCC3CCC4C3CCC3C5CCCCC5CCC43)CC2C1
C1CCC(C2CC3CCCC3C3CCCC4CCCCC4C23)CC1
C1CCC(C2CCC3CC4C(CCC5C6CCC(CCCC7CC8CCCCC8C7)C6CCC45)CC32)CC1
C1CCC(CCCCC2CC3CCCCC3C2)CC1
C1CCC(CCCCC2CCCC3CCC(C4CCCC5CCCC54)CC23)CC1
C1CCC(C2CC3CCCC3C3CCCC4CCCCC4C23)CC1
C1CCC(C2CC3CCCC3C3CCC4CCCCC4C23)CC1
C1CCC(CC2CCC3C(CCC3C3CCCCC3)C2)CC1
C1CCC2C(C1)CCC1C3CCCC3CCC21
C1CCC(CCCCCC2CC3CCCCC3C2)CC1
C1CCC(CCC2CCC(CCC3CCCC(CC4CCCC4)CC3)CC2)CC1
C(CCC1CCCC2CCCCC12)CC1CCCC2CCCCC12
C1CCC(CCC2CCC(CCC3CCCC(CC4CCCC4)C3)CC2)CC1
C1CCC(C2CC3CCCC3C3CCC4CCCCCC4C23)CC1
C1CCC(CCC2CCC3C(CCC3C3CCCCC3)C2)CC1
C1CCC2CC(C3CCCC4CCCC43)CCC2C1
C1CCC(CCC2CCC(CCCC3CCCC(CC4CCCC4)C3)CC2)CC1
C1CCC2CCC(C3CCCC4CCCC43)CC2CC1
C1CCC2C(C1)CCC1C2CCCC2C3CCCC3CC21
C1CCC(C2CCC3CCC4(CCCCCC4C4CCCCC4)CCC32)CC1
C1CCC(CC(CC2CCCCC2)C2CCCCC2)CC1
C1CCC(C2CC3CCCCC3C3CCCCC23)CC1
C1CCC(CC2CCC3CC4C(CCC5C6CCCC6CCC45)CC23)CC1
C1CCC(CCCCC2CCC3CCCCC23)CC1
C(CCC1CCCC2CCCCC12)CC1CC2CCCCC2C1
C1CCC(CCCCC2CCC3CCCCC23)CC1
C1CCC(CC2CCC3C(CCC3C3CCCCC3)C2)CC1
C1CCC(CCCCCC2CCC3CCCCC23)CC1
C1CCC2CC(CCCC3CCC4C3CCCC3C5CCCCC5CCC34)CC2C1
C1CCC2C(C1)CCC1CCCCC12
C1CCC(C2CCC(CCCC3CCC4C3CCC3C5CCCCCC5CCC43)C2)CC1
C1CCC(CCCC2CCCC(C3CCC4CC(CCC5CCC6CCCCC6C5)CCC43)C2)CC1
C(CCC1(CC2CCCC2)CCCC2CCCCC21)CC1CCC2CCCCC2C1
C1CCC(C2CCC3CC4C(CCC45CCCCC5)CC32)CC1
C(CCCC1CCCC2C(C3CCCCC3)CCC12)CCC1CCC(C2CCCC2)C1
C1CCC(C2CC3CCCC3C3CCCC4CCCCC4C23)CC1
C(CCCC1CCCC2C(C3CCCCC3)CCC12)CCC1CCCCC1
C1CCC2C(C1)CCC1C3CCCC3CCC21
C1CCC2CC(CCCC3CCC4C3CCCC3C5CCCCC5CCC34)CC2C1
C1CCC2C(C1)CCC1C3CCCCC3CCC21
C1CCC2CC(CCCC3CCC4C3CCC3C5CCCCC5CCC43)CC2C1
C1CCC(CCC2CCC3C(CCC4CC(C5CCCCC5)CCC43)C2)CC1
C1CCC(C2CC3CCCC3C3CCC4CCCCC4C23)CC1
C1CCC(CCCC23CCCC2CC2C4CCC5CCCCC5C4CCC23)C1
C1CCC(CC(CC2CCCCC2)C2CCCCC2)CC1
C1CCC(C2CCC3CC4C(CC5CC6CCCCC6C5)CCCC4CC32)CC1
C1CCC(CCCCCC2CCCC3C(CC4CCCCC4)CCC23)CC1
C1CCC(CCC2CCC3C(CCC3C3CCCCC3)C2)CC1
C1CCC(C2CC3CCCC3C3CCC4CCCCC4C23)CC1
C1CCC(C2CC3CCCC3C3CCC4CCCCC4CC23)CC1
C1CCC2CC(C3CCCC4CCCC43)CCC2C1
C1CCC(CCCCC2CCC3CCCCC23)CC1
C1CCC(CCCCCC2CCCC3C(C4CCCCC4)CCC23)CC1
C1CCC(CCC2CCC3C(CCC4C5CCCC5CC(CCC5CCCCC5)C34)C2)CC1
C1CCC2CCC3C(CCC4C3CCC4(CCCC3CCCC3)CCC3CCCC3)C2CC1
C(CCC1CCCC2CCCCC12)CCC1CCCC2CCCCC12
C(CCCC1CCCCC1)CCCC1CCC(C2CCCCC2)C1
C(CCC1CCCCC2CCCCC12)CC1CCC2CCCCC2C1
C1CCC(CCCCC2CC3CCCCC3C2)CC1
C1CCC2CCC3C4CCC(CCCC5CC6CCCCC6C5)C4CCC3C2CC1
C1CCC(CCCC2CCC3C2CCC2C4CC5CCC(C6CCCCC6)C5CC4CCC32)CC1
C1CCC2CCC(C3CCCC4CCCC43)CC2CC1
C1CCC(CCC(CCC2CCC3CCCC3C2)CC2CCCCCC2)CC1
C1CCC(C2CCC3CC4C(CCCCC45CCCC5)CC32)CC1
C1CCC2CC(CCCC3CCC4C3CCC3C5CCCCC5CCC43)CC2C1
C1CCC2CCC3C4CCC(CCCC5CCCC6CCCCC65)C4CCC3C2CC1
C1CCC(C2CCC3CCCCC3C3CCCCC23)CC1
C1CCC2CCC3C4CCCC4CCC3C2CC1
C1CCC(C2CC3CCCC3C3CCC4CCCCCC4C23)CC1
C1CCC(CC2CC3CCCCC3C3CCC4CCCCC4C23)CC1
C1CCC2CC(C3CCCC4CCCC43)C3CCCC3C2CC1
C1CCC(C2CCC3CC4C(CCCC45CCCCC5)CC32)CC1
C1CCC(CCC2CCC3C(CCC3C3CCCCC3)C2)CC1
C1CCC(CC2CC3CCCCC3C3CCC4CCCCC4C23)C1
C(CCC1CCCC2CCCCC12)CC1CCCC2CCCCC12
C1CCC2C(C1)CCC1C3CCCC3CCC21
C(CCC1CCCC2CCCCC12)CC1CCC2CCCCC2C1
C1CCC(CCC2CCC3C2CCC(C2CCCCC2)C2C4CCCCCC4CCC32)CC1
C1CCC2C(C1)CCC1C3CCCC3CCC21
C1CCC(C2CC3CCCC3C3CCC4CCCCC4C23)CC1
C1CCC(CC2CC3CCCCC3CC3CCC4CCCCC4C32)CC1
C1CCCC(C2CC3CCCC3C3CCC4CCCCC4C23)CC1
C(CCC1CCCC2CCCCC12)CC1CCCC2CCCCC12
C1CCC2CC(C3CCCC4CCCC43)CCC2C1
C1CCC2CCC3C(CCC4C5CCCC5CC43)C2CC1
C1CCC(C2CC3CCCCC3C3CCC(CCC4CCCC4)CC3C2)CC1
C(CCCC1(C2CCCCC2)CCC1)CCC1CCC(C2CCCCC2)C1
C1CCC2CCC3C4CCCCC4CCC3C2CC1
C1CCC(CCC2(CCCC3CCC4CCCCC4C3)CCC3C4CCC5CCCCC5C4CCC32)C1
C1CCC(CCC2(CCCC3CC4CCCCC4C3)CCC3C4CCCC5CCCCC5C4CCC32)C1
C1CCC(CCCC2CCC3C(CCC3C3CCCCC3)C2)CC1
C(CCCCC1CCC(C2CCCCC2)C1)CCCC1CCCCC1
C1CCC(CCC2CCC3C(CCC4CC(CC5CCCCC5)CCC43)C2)CC1
C1CCC(CC2CCC3CC4C(CCC45CCCC5)CC23)CC1
C1CCC(CCC2CCC(CCC3CCCCC(CC4CCCC4)C3)CC2)CC1
C1CCC(CCC2CCCC3CC4C(CCC4C4CCCCC4)CC23)CC1
C1CCC(C2CC3CCCC3C3CCC4CCCCC4C23)CC1
C1CCC(CCCCC2CC3CCCCC3C2)CC1
C(CCC1CCC2CCCCC2C1)CCC1(C2CCCC2)CCCC2CCCCC21
C(CCCC1CCCC2CCCCC12)CCC1CCC(C2CCCCC2)C1
C(CCCC1CCCCC1)CCCC1CCC(C2CCCCC2)C1
C1CCC2CC(C3CCCC4CCCC43)CCC2C1
C(CCCC1CCCC2C(C3CCCCC3)CCC12)CCC1CC1
C1CCC(C2CC3CCCC3C3CCC4CCCCC4C23)CC1
C1CCC2CCC3C4CCC(CCCC5CC6CCCCC6C5)C4CCC3C2CC1
C1CCC2CC(C3CCCC4CCCC43)C3CCCC3C2CC1
C1CCC2CC(C3CCCC4CCCC43)CCC2C1
C1CCC(C2CCC3C(CCC4CCCCC43)C2)CC1
C(CCCC1CCCCC1)CCCC1CCC(C2CCCCC2)C1
C1CCC(C2CC3CCCC3C3CCC4CCCCCC4C23)CC1
C1CCC(CCC2CC3CCCCC3C3CCC4CCCCC4C23)C1
C(CCCC1CCCC2C(C3CCCCC3)CCC12)CCC1CCC(C2CCCC2)C1
C1CCC2C(C1)CCC1CCCCC12
C1CCC(CCCCC2CCC3CCCCC23)CC1
C1CCC(CCC2CCC3C(CCC3C3CCCCC3)C2)CC1
C1CCC(C2CCC3CC4C(CCC45CCCCC5)CC32)CC1
C1CCC(CC2CCCCCC23CCCC2C(CCC2C2CCCCC2)C3)CC1
C1CCC(CCCCC2CCC3C2CCC2C4CCCCC4CCC32)CC1
C1CCC(CCCCC2CCCC3CCC(CC4CCCCC4)CC23)CC1
C(CCCCC1CCC2C(CCC3C4CCCC4CCC23)C1)CCCC1CCCC(CC(CC2CCC(CC3CCCCC3)CC2)C2CCCCC2)C1
C1CCC2CC(C3CCCC4CCCC43)CCC2C1
C1CCC2C(C1)CCC1CCCCC12
C1CCC(CC2CC3CCCCC3C3CCC4CCCCC4C23)CC1
C1CCC(CCCCC2CC3CCCCC3C2)CC1
C1CCC(CCC2CCC3C(CCC3C3CCCCC3)C2)CC1
C1CCC(CCC2(CCCC3CCC4CCCCC4C3)CCC3C4CCC5CCCCC5C4CCCC32)C1
C1CCC(CCCCCC2CCC3CCCCC23)CC1
C1CCC(CCC2CCC(CC3CC3)CC2)CC1
C1CCC(CCCCC2CC3CCCCC3C2)CC1
C1CCC(CCCCCC2CC3CCCCC3C2)CC1
C1CCC(C2CCC3CCCCC3C3CCCCC23)CC1
C1CCC2CCC(C3CCCC3)CC2CC1
C1CCC(C2C3CCCC3CC3CC4CCCCC4CC32)CC1
C1CCC2CC(CC3CCCC4CCCC43)CCC2C1
C1CCC(CC2CC3CCCCC3C3CCC4CCCCC4C23)CC1
C1CCC(CCC2CCC3C(CCC4C5CCCC5CCC34)C2)CC1
C1CCC(CCCCC2C3CCCCCC3CCC2C2CCCC3CCCC32)CC1
C1CCC(CC2CC3CCCCC3CC3CCC4CCCCC4C32)C1
C1CCC(C2CC3CCCC3C3CCC4CCCCC4C23)CC1
C1CCC(CCCCCC2CC3CCCCC3C2)CC1
C1CCC2CCC3C4CCCC4CCC3C2CC1
C1CCC2CC(C3CCCC4CCCC43)CCC2C1
C1CCC(CCC(CCCC2CCC3CCCC3C2)CC2CCCCC2)CC1
C1CC2CCC3C(CCC4CCC5CCC5C43)C2C1
C1CCC(C2CCC3C(CCCCCC4CCC(C5CCCC5)C4)CCCC23)CC1
C1CCC(CCCC2CCC3CCC(C4CCCC5CCCC54)CC3C2)CC1
C1CCC2C(C1)CCC1CCCCC12
C1CCC2CC3CCC4CCCC4C3CCC2C1
C1CCC(C2CC3CCCC3C3CCC4CCCCC4C23)CC1
C(CCC1CCCC2CCCCC12)CC1CC2CCCCC2C1
C1CCC2CCC3C4CCCCC4CC(CC4CCCC4)C3C2CC1
C1CCC(CCCCC2CCC3CCCCC23)CC1
C1CCC(CCC2CCC3C(CCC3C3CCCC(CC4CCCC4)C3)C2)CC1
C1CCC(CCCCCC2CC3CCCCC3C2)CC1
C(CCC1CCCC2CCCCC12)CC1CCCC2CCCCC12
C1CCC2CC3CCCCC3CCC2C1
C1CCC2CC(CC3CCCC4CCCC43)CCC2C1
C1CCC(C2CCC3CC4C(CCC45CCCCC5)CC32)CC1
C(CCC1CCC2C(CCC3C4CCCC4CCC23)C1)CC1CCC(C2CC3CCCC3C3CCC4CCCCC4C23)CC1
C(CCCC1CCCC2C(C3CCCCC3)CCC12)CCC1CCCCC1
C1CCC(CCCCC2CCC3CCC(C4CCCC5CCCC54)CC3C2)CC1
C1CCC(CCCC2CCC3C2CCCC2C4CCCCC4CCC23)C1
C1CCC2C(C1)CCCC1C3CCCC3CCC21
C1CCC2CCC3C(CCC4C3CCC4(CCCC3CC4CCCCC4C3)CCC3CCCC3)C2CC1
C1CCC(CCCCC2CCC3C2CCC2C4CCCCCC4CCC32)CC1
C1CCC2CCC(CCC3CCC4C(CCC4C4CCCC(CC5CCCC5)C4)C3)CC2CC1
C1CCC(CCC2CCC3C(CCC3C3CCCCC3)C2)CC1
C1CCC(C2CCC3C(CCC4CCCCC43)C2)CC1
C1CCC(CCC2CCC3C(CCC3C3CCCCC3)C2)CC1
C1CCC(CCCCCC2CCCCC2)CC1
C1CCC(CCC2CCC3C(CC4CCCCC4)CCC3C2)CC1
C1CCC(CC2CC3CCCCC3C3CCC4CCCCC4C23)C1
C1CCC2CC(CCCC3CCC4C3CCC3C5CCCCC5CCC43)CC2C1
C1CCC2CC(C3CCCC4CCCC43)C3CCCC3C2CC1
C1CCC(CCCCC2CCC3CCCCC23)CC1
C1CCC(CC2CCCCC(CCC3CCC(CCC4CCC(C5CC5)CC4)CC3)C2)C1
C1CCC2CCC(C3CCCC4CCCC43)CC2CC1
C1CCC(CCCCC2CCC3CCCCC23)CC1
C1CCC2C(C1)CCC1C3CCCCC3CCC21
C1CCC(CC2CCC(CCCCCC3CCCC4CCCCC34)C2)CC1
C1CCC2C(C1)CCCC2CC1CC2CCCCC2C2CCC3CCCCC3C12
C1CCC(CCCCCC2CC3CCCCC3C2)CC1
C(CCCC1CCCCC1)CCCC1CCC(C2CCCCC2)C1
C1CCC2CC(CCCC3CCC4C3CCC3C5CCCCC5CCC43)CC2C1
C1CCC2CCC3CCCCC3C2CC1
C1CCC2C(C1)CCC1C3CCCC3CCC21
C1CCC(CC2CCC3C(CCC3C3CCCCC3)C2)CC1
C1CCC(CCC2CCC(C3CCC4C(CCC4C4CCCCC4)C3)CC2)CC1
C1CCC(CCC2CCC3C(CCC3C3CCCCC3)C2)CC1
C1CCC2C(C1)CCC1C3CCCC3CCC21
C1CCC(CCC2CCC3C(CCCC4C5CCCC5CC(CCC5CCCCC5)C34)C2)CC1
C1CCC(CC2CC3CCCCC3C3CCC4CCCCCC4C23)CC1
C1CCC2CCC(C3CCCC4CCCC43)CC2CC1
C1CCC(CC2CC3(CCCC4CC5C(CCC5C5CCCCC5)CC43)CC2C2CCCCC2)CC1
C1CCC2C(C1)CCCC1C3CCCC3CCC21
C(CCC1CCC2CCCCC2C1)CCC1CCCC2CCCCC12
C1CCC2C(C1)CCC1C2CCCC2C3CCCC3CC21
C1CCC2CC(CCCC3CCC4C3CCC3C5CCCCC5CCCC43)CC2C1
C(CCC1CCCC2CCCCC12)CCC1CCCC2CCCCC12
C1CCC(CCCCCC2CCCC3C(C4CCCCC4)CCC23)CC1
C(CCC1CC2CCCCC2C1)CCC1CCCC2CCCC12
C1CCC(C2CC3CCCC3C3CCCC4CCCCC4C23)CC1
C1CCC2CCC(C3CCCC4CCCC43)CC2CC1
C1CCC2C(C1)CCCC1C3CCCC3CCC21
C1CCC2CCC(C3CCCC4CCCC43)CC2CC1
C1CCC(CCCCC2CC3CCCCC3C2)CC1
C1CCC(CCCCCC2CCCC3C(C4CCCCC4)CCC23)CC1
C1CCC(C2CCC3CCC4CCCCC4C3CC2)CC1
C1CCC(CCC2CCC3C(CCC3C3CCCCC3)C2)CC1
C1CCC(CCCCC2CC3CCCCC3C2)CC1
C1CCC2CCC(C3CCCC4CCCC43)CC2CC1
C1CCC2CC(C3CCCC4CCCC43)CCC2C1
C1CCC(CCCCC2CCC3CCC(C4CCCC5CCCC54)CC3C2)CC1
C1CCC(C2CCCC(CC3CC4CCCCC4C4CCC5CCCCC5C34)C2)C1
C1CCC(CC2CC3CCCCC3C3CCC4CCCCC4C23)CC1
C1CCC(CCCCCC2CC3CCCCC3C2)CC1
C1CCC2CCC3C4CCCCC4CC(CC4CCCC4)C3C2CC1
C1CCC2CC(CCCC3CCCC4C3CCC3C5CCCCC5CCC43)CC2C1
C1CCC2CCC(C3CCCC4CCCC43)CC2CC1
C1CCC(CCCCC2CCC3C2CCC2C4CCCCC4CCC32)CC1
C1CCC2C(C1)CCCC1C2CCC2C3CCCC3CC21
C1CCC(CCC2CCC(CCC3CCCC(CC4CCCC4)C3)CC2)CC1
C1CCC(CC2CC3CCCCC3C3CCC4CCCCC4C23)C1
C1CCC(CC2CCCC(CC3CC4CCCCC4C4CCC5CCCCC5C34)C2)CC1
C1CCC(CC2CCC3C(CCC3C3CCCCC3)C2)CC1
C(CCCC1CCCCC1)CCCC1CCC(C2CCCCC2)C1
C1CCC(CCCCC2CCC3CCCCC23)CC1
C1CCC2CC(CCCC3CCC4C3CCC3C5CCCCC5CCCC43)CC2C1
C1CCC(C2CC3CCCC(C3)C3CCC4CCCCC4C32)CC1
C(CCC1CCCC2CCCC12)CC1CC2CCCCC2C1
C1CCC(CCCCC2CCC(C3CCC4C(CCC4C4CCCCC4)C3)CC2)CC1
C(CCCCC1CCC(C2CCCCC2)C1)CCCC1CCCCC1
C1CCC2CC(C3CCCC4CCCC43)CCC2C1
C1CCC(CC2CCCC(CCCC3CCC(CCC4CCC(C5CC5)CC4)CC3)C2)C1
C1CCC(CCC2CCC3C(CCC3C3CCCC(CCC4CCCC4)C3)C2)CC1
C1CCC(CCCCCC2CCCC3C2CCC3C2CCCC(CC3CCCC3)C2)CC1
C1CCC(CCC(CCC2CCC3CCCC3C2)CC2CCCCCC2)CC1
C1CCC(CCCCCC2CC3CCCCC3C2)CC1
C(CCCC1CCCC2C1CCC2C1CCCC(CC2CCCC2)C1)CCC1CCCCC1
C(CCCCCCC1CCC2C1CCC1C3CCCCCC3CCC21)CCCCCC1CCC(CCC2CCC(CCC3CCCC3)C2)C1
C1CCC(C2CCC3CC4C(CCCC45CCCC5)CC32)CC1
C1CCC(CCCC2CCC3C(CCC3C3CCCCC3)C2)CC1
C1CCC(C2CCC3CC4C(CCCC45CCCCCC5)CC32)CC1
C1CCC(CCC2CC3CCCCC3C3CCC4CCCCC4C23)C1
C1CCC(CC2CC3CCCCC3C3CCC4CCCCC4C23)CC1
C1CCC(C2CCC3CCC(C4CCCC4)CC32)CC1
C1CCC2CC(CCCC3CCC4C3CCC3C5CCCCC5CCC43)CC2C1
C1CCC(CCCC2CCC3C(CCC3C3CCCCC3)C2)CC1
C1CCC(CCCCCC2CC3CCCCC3C2)CC1
C(CCC1CCC2C(CCC3C4CCCC4CCC23)C1)CC1CCC(C2CC3CCCC3C3CCC4CCCCC4C23)CC1
C1CCC(C2CCC3CC4C(CCCC45CCCC5)CCC32)CC1
C1CCC(CCCCC2CCC3CCCCC23)CC1
C1CCC2CC(CC3CCCC4CCCC43)CCC2C1
C1CCC(CCCCC2CC3CCCCC3C2)CC1
C(CCC1CCCC2CCCC12)CC1CCCC2CCCCC12
C1CCC(CC2CCC(CC(CC3CCCCC3)C3CCCCC3)CC2)CC1
C(CCC1CCCC2CCCCC12)CC1CCCC2CCCCC12
C1CCC(C2CC3CCCC3C3CCC4CCCCCC4C23)CC1
C1CCC2C(C1)CC(C1CCCC3CCCCC31)C1CCCC21
C1CCC(C2CCC3CCCC3C3CCC4CCCCC4C23)CC1
C1CCC(C2CC3CCCC3C3CCC4CCCCC4C23)CC1
C1CCC2CC(CCCC3CCC4C3CCC3C5CCCCC5CCCC43)CC2C1
C1CCC(CC2CCC3C(CCC3C3CCCCC3)C2)CC1
C1CCC2CCC3C4CCCCC4CC(CC4CCCC4)C3C2CC1
C1CCC2C(C1)CCC1CCCCC12
C1CCC(C2CCC3CC4C(CCC5C6CCCC(CCCC7CCC8CCCCC8C7)C6CCC45)CC32)CC1
C1CCC2CCC(C3CCCC4CCCC43)CC2CC1
C1CCC(C2CCC3CCC4C(CCC5C6CCC(CCCC7CCC8CCCCC8C7)C6CCC45)CC32)CC1
C1CCC2CCC(C3CCCC4CCCC43)CC2CC1
C(CCC1CCCC2CCCCC12)CC1CCCC2CCCCC2C1
C1CCC(CC2CC3CCCCC3C3CCC4CCCCC4C23)C1
C(CCC1CCCC2CCCCC12)CC1CCCC2CCCCC12
C1CCC2CCC3C4CCCCC4CCC3C2CC1
C1CCC2CC(CC3CCCC4CCCC43)CCC2C1
C(CCC1CCCC2CCCCC12)CC1CCC2CCCCC2C1
C1CCC(CC2CC3CCCCC3C3CCC4CCCCCC4C23)CC1
C1CCC(C2CCC3CC4C(CCC5C6CCC(CCCCC7CCC8CCCCC8C7)C6CCC45)CC32)CC1
C1CCC(C2CC3CCCC(C3)C3CCC4CCCCC4C32)CC1
C(CCCC1CCCCC1)CCCC1CCC(C2CCCCC2)C1
C1CCC(CCCC(CC2CC3CCCCC3C2)C2CC2)CC1
C1CCC(C2CCC(C3CC4CCCC4C4CCC5CCCCC5C4C3)CC2)C1
C1CCC(CCC2CCC3C(CC4CCCCC4)CCC3C2)CC1
C1CCC(CCCC2CCC3CCC(C4CCCC5CCCC54)CC3C2)CC1
C1CCC2CCC3C(CCC4C5CCCC5CC43)C2CC1
C1CCC2CC(CCCC3CCC4C3CCC3C5CCCCC5CCC43)CC2C1
C1CCC(C2CCC(C3CC4CCCC4C4CCC5CCCCC5C34)CC2)C1
C1CCC(C2CCC(CCCCCC3CCCC4C(C5CCCCC5)CCC34)C2)CC1
C1CCC(CCC2CCC(C3CC3)CC2)CC1
C1CCC(CCC2CCC3C(CCC3C3CCCCC3)C2)CC1
C1CCC(CCCCC2CC3CCCCC3C2)CC1
C1CCC2C(C1)CCC1C3CCCC3CCC21
C1CCC2CCC3CCCCC3C2CC1
C1CCC(C2CCC3CC4C(CCCC45CCCC5)CC32)CC1
C1CCC(CCCCC2CC3CCCCC3C2)CC1
C1CCC(CCCCCC2CCC3CCCCC23)CC1
C1CCC2C(C1)CCC1C3CCCC3CCCC21
C1CCC(CCC2CCC(CCC3CCCC(CC4CCCC4)C3)CC2)CC1
C1CCC(CCCCCC2CCCC3CCCC23)CC1
C1CCC(C2CCC(CCCCC3CCC4C3CCC3C5CCCCC5CCC43)C2)CC1
C1CCC2CCC(C3CCCC4CCCC43)CC2CC1
C1CCC(C2CC3CCCC3C3CCC4CCCCCC4C23)CC1
C1CCC2CCC(C3CCCC4CCCC43)CC2CC1
C1CCC(CCCCCC2CC3CCCCC3C2)CC1
C1CCC2CCC3C4CCCC4CCC3C2CC1
C1CCC2CCC(C3CCCC4CCCC43)CC2CC1
C1CCC(CCCCCC2CC3CCCCC3C2)CC1
C1CCC(CCCCC2CCC3CCCCC23)CC1
C1CCC(CCCCC2C3CCCCCC3CCC2C2CCCC3CCCC32)CC1
C1CCC(CCCC(CCC2CCC3CCCC3C2)CC2CCCCC2)CC1
C1CCC(C2CC3CCCC3CC3CCC4CCCCC4C32)CC1
C1CCC(CCCC2CCC3CCC(C4CCCC5CCCC54)CC3C2)CC1
C1CCC(CCC(CCC2CCC3CCCCC3C2)CC2CCCCC2)CC1
C(CCCC1CCCCC1)CCCC1CCC(CC2CCCCC2)C1
C1CCC(CCCC(CC2CC3CCCCC3C2)C2CC2)CC1
C1CCC2C(C1)CCC1C3CCCC3CCC21
C1CCC(C2CC3CCCC3C3CCC4CCCCC4C23)CC1
C1CCC(C2CCC3CC4C(CCC5C6CCC(CCCC7CCC8CCCCC8C7)C6CCC45)CC32)CC1
C1CCC(C2CC3CCCC3C3CCCC4CCCCC4C23)CC1
C1CCC2CC(CC3CCCC4CCCC43)CCC2C1
C1CCC(CC2CC3CCCCC3C3CCC4CCCCCC4C23)CC1
C1CCC2CCC(C3CCCC4CCCC43)CC2CC1
C(CCC1CCCCC2CCCCC12)CC1CCC2CCCCC2C1
C1CCC(C2CCC3CC4C(CCC5C6CCC(CCCC7CCCC8CCCCC87)C6CCC45)CC32)CC1
C1CCC2CCCCC2C(CCCCC2CCCC3CCCCC23)C1
C1CCC(CCCCCC2CCCC3C(CC4CCCCC4)CCC23)CC1
C1CCC2C(C1)CCCC1CCCCC12
C1CCC2C(C1)CCC1C3CCCC3CCCC21
C1CCC(CCC2CCC3C(CCC3C3CCCCC3)C2)CC1
C1CCC2CC(CCCC3CCC4C3CCCC3C5CCCCC5CCC34)CC2C1
C(CCC1CCC2CCCCC2C1)CCC1CCCC2CCCCC12
C1CCC(CCCCCC2CCCC3C(C4CCCCC4)CCC23)CC1
C1CCC(CCCCC2CC3CCCCC3C2)CC1
C(CCCC1CCCCC1)CCCC1CCC(C2CCCCC2)C1
C1CCC(C2CCC3CC4C(CCC5C6CCC(CCCC7CCC8CCCCC8C7)C6CCCC45)CC32)CC1
C1CCC(CCCC2CCC3C(CCC4CCCCC43)C2)CC1
C1CC2CCC3C(CCC4CCCCC43)CC2C1
C1CCC(CCCCCC2CCCCC2)CC1
C1CCC(CCCC2CCC3C2CCC2C4CC5CCC(C6CCCCC6)C5CC4CCCC32)CC1
C1CCC2CCC3C4CCC(CCCC5CC6CCCCC6C5)C4CCC3C2CC1
C1CCC(CCC(CCC2CCC3CCCCC3C2)CC2CCCCC2)CC1
C1CCC(CCCCC2CCC3CCCCC23)CC1
C(CCCC1CCCC2C(C3CCCCC3)CCC12)CCC1CCC(C2CCCC2)C1
C(CCC1CCCC2CCCC12)CC1CC2CCCCC2C1
C1CCC(CCCC(CC2CC3CCCCC3C2)C2CC2)CC1
C1CCC2CCC3C(CCC4C3CCC4(CCCC3CC4CCCCC4C3)CCC3CCCC3)C2CC1
C1CCC(C2CCC3CC4C(CCCC45CCCCC5)CC32)CC1
C1CCC(C2CC3CCCC3C3CCC4CCCCC4C23)CC1
C(CCC1CCCCC2CCCCC12)CC1CCC2CCCCC2C1
C1CCC(CCCCCC2CC3CCCCC3C2)CC1
C1CCC2CCC3C4CCC(CCCC5CCC6CCCCC6C5)C4CCC3C2CC1
C1CCC(CC23CCCCC2CCC2CC4CCCC4CCC23)CC1
C1CCC(C2CCC3CCCC3C3CCC4CCCCC4C23)CC1
C1CCC(CCCCC2CC3CCCCC3C2)CC1
C1CCC(C2CC3CCCC3C3CCC4CCCCC4CC23)CC1
C1CCC(CC2CC3CCCCC3C3CCC4CCCCCC4C23)CC1
C1CCC(CCCCC2CCC3CCCCC23)CC1
C1CCC(C2CCC3C(CCCC4CCCCC43)C2)CC1
C1CCC2C(C1)CCC1C3CCCC3CCC21
C1CCC(CCCCCC2CCCC3C(C4CCCCC4)CCC23)CC1
C1CCC(CCCCCC2CCCC3C(C4CCCCC4)CCC23)CC1
C1CCC(C2CC3CCCCC3C3CCCCC23)CC1
C1CCC(CCCCCC2CCC3CCCCC23)CC1
C1CCC(C2CCC3CC4C(CCC45CCCC5)CC32)CC1
C1CCC2C(C1)CCCC1C3CCCC3CCC21
C1CCC(CCCCC2CCC3CCCC3C2)CC1
C1CCC(C2CCC3CC(C4CCC(CCC5CCCC5)CC4)CCC32)CC1
C1CCC(CCC2CC3CCCCC3C3CCC4CCCCC4C23)CC1
C1CCC(C2CCC3CC4C(CCC45CCCCC5)CC32)CC1
C(CCCC1CCCC2C(C3CCCCC3)CCC12)CCC1CCCCC1
C(CCC1CCCC2CCCCC12)CC1CCC2CCCCC2C1
C1CCC(C2CCC3CC4CCCCC4CCC32)CC1
C(CCCCC1CCC(C2CCCCC2)C1)CCCC1CCCCC1
C1CCC2CCC3C4CCCC4CCC3C2CC1
C1CCC(CCCCCC2C3CCCCC3CCC2C2CCCC3CCCC32)CC1
C1CCC(C2CC3CCCC3C3CCC4CCCCC4C23)CC1
C1CCC(CC2CCC3CCCCC3C3CCC4CCCCC4C23)C1
C1CCC(CCC2CCC(C3CCC3)CC2)CC1
C1CCC(CCCCC2CCC3CCCCC23)CC1
C1CCC(CCCC2CCCC(CC3CCC4CC(CCC5CCC6CCCCC6C5)CCC43)C2)CC1
C1CCC(CCCC2CCC3CCC(C4CCCC5CCCC54)CC3C2)CC1
C1CCC(C2CCC(CCCC3CCCC4C3CCC3C5CCCCC5CCC43)C2)CC1
C1CCC2CC(CCCC3CCC4C3CCC3C5CCCCC5CCC43)CCC2C1
C1CCC(CC2CCC3CC4C(CCC45CCCCC5)CC23)CC1
C1CCC2CC3CCC(C4CCCCC4)C3CC2CC1
C1CCC(CCC2CCC3C(CCC3C3CCCCC3)C2)CC1
C1CCC(CCC2CCC3C(CCC3C3CCCC3)C2)CC1
C1CCC2CC(CCCC3CCC4C3CCC3C5CCCCC5CCC43)CC2C1
C1CCC(CCC2CCC3C(CCC3C3CCCCC3)C2)CC1
C1CCC(C2CCC3CC4C(CCC45CCCC5)CC32)CC1
C1CCC(CCC2CCC3C(CCCC4CCCCC43)C2)CC1
C1CCC(C2CC3CCCCC3C3CCCCC23)CC1
C1CCC(C2CC3CCCC3C3CCC4CCCCC4CC23)CC1
C(CCC1CCCCC2CCCCC12)CC1CCC2CCCCC2C1
C1CCC(C2CCC3CCCC3CC3CCC4CCCCC4C32)CC1
C(CC1CC2CCCCC2C1)CC1CCC2C(CCC3C4CCCCC4CCC23)C1
C1CCC(CC2CC3CCCCC3C3CCC4CCCCC4C23)CC1
C1CCC(C2CCC(C3CC4CCCC4C4CCC5CCCCC5C34)CC2)C1
C1CCC(CCCCC2CCC3CCCCC23)CC1
C1CCC2CCC(C3CCCC4CCCC43)CC2CC1
C1CCC2C(C1)CCC1C3CCCC3CCC21
C(CCCC1CCCC2C(C3CCCCC3)CCC12)CCC1CCCCC1
C1CCC2CCC(C3CCCC4CCCC43)CC2CC1
C1CCC2C(C1)CCC1C3CCCC3CCC21
C1CCC(CCC2CCC3C2CCC(C2CCCCC2)C2C4CCCCCC4CCC32)CC1
C(CCCC1CCCC2C(C3CCCCC3)CCC12)CCC1CCCCC1
C1CCC(C2CC3CCCC3C3CCC4CCCCC4C23)CC1
C1CCC(CCCCC2CC3CCCCC3C2)CC1
C1CCC2CCC3C4CCCCC4CC(CC4CCCC4)C3C2CC1
C1CCC(C2CC3CCCC3C3CCCC4CCCCC4C23)CC1
C1CCC(C2CC3CCCC3C3CCCC4CCCCC4C23)CC1
C1CCC(CCCCCC2CCCC3C(C4CCCCC4)CCC23)CC1
C1CCC(CCCCC2CCC3CCCCC23)CC1
C1CCC2CCC3C4CCCC4CCC3C2CC1
C1CCC(CCC(CCC2CCC3CCCCC3C2)CC2CCCCC2)CC1
C1CCC2C(C1)CCCC1CCCCC12
C1CCC(C2CCC3CC4C(CCC45CCCCC5)CC32)CC1
C1CCC(C2CC3CCCC3CC3CCC4CCCCC4C32)CC1
C1CCC2CC(C3CCCC4CCCC43)CCC2C1
C1CCC(CCCC2CCC3CCC(C4CCCC5CCCC54)CC3C2)CC1
C1CCC(CCC2CCC3C(CCC4CCCCC43)C2)CC1
C1CCC(C2CCC3CC4C(CCC5C6CCC(CCCCC7CC8CCCCC8C7)C6CCC45)CC32)CC1
C1CCC2C(C1)CCCC2CCCC1CCC2C1CCC1C3CCCCC3CCC21
C1CCC2C(C1)CC(C1CCCC3CCCC31)C1CCCCC21
C1CCC(CC2CCC3C(CCC3C3CCCCC3)C2)CC1
C1CCC(CCCCCC2CC3CCCCC3C2)CC1
C1CCC(CCC2CCC3C(CCC3C3CCCCC3)C2)CC1
C1CCC2CC(CC3CCCC4CCCC43)CCC2C1
C1CCC2CCC(C3CCCC4CCCC43)CC2CC1
C1CCC(CCC2CCC3C(CCC3C3CCCCC3)C2)CC1
C1CCC(C2CC3CCCCC3C3CCCCC23)CC1
C1CCC2C(C1)CCC1CCCCC12
C1CCC(C2CCC3CCCC3C3CCC4CCCCC4C23)CC1
C1CCC(CCCCC2CC3CCCCC3C2)CC1
C1CCC(CCCCCC2CC3CCCCC3C2)CC1
C(CCC1CCC2C1CCC1C3CCCCC3CCC21)CC1CC2CCCCC2C1
C1CCC(CCC2CCC(CCC3CCCC(CC4CCCC4)C3)CC2)CC1
C1CCC(C2CC3CCCC3C3CCC4CCCCCC4C23)CC1
C1CCC2CCC(C3CCCC4CCCC43)CC2CC1
C1CCC(CCC2CCC3C(CCCC4CCCCC43)C2)CC1
C1CCC(CC2CC3CCCCC3C3CCC4CCCCCC4C23)CC1
C1CCC(CCCCCC2CCC3CCCCC23)CC1
C1CCC2C(C1)CCC1CCCCC12
C1CCC(C2CC3CCCC3C3CCC4CCCCC4C23)CC1
C1CCC2CC(C3CCCC4CCCC43)CCC2C1
C1CCC(CCCC2CCC3C(CCC4C5CCCC5CCC34)C2)CC1
C1CCC(C2CCC3CC4C(CCC45CCCCC5)CC32)CC1
C1CCC(C2CC3CCCC3C3CCCC4CCCCC4C23)CC1
C1CCC2CCCCC2C(CCCCC2CCCC3CCCCC23)C1
C1CCC2CCC3C4CCCC4CC(C4CCC(C5CCCC5)CC4)C3C2CC1
C1CCC(CC2CC3CCCCC3C3CCC4CCCCCC4C23)CC1
C1CCC(CC2CCC3CC4C(CCC45CCCC5)CC23)CC1
C1CCC(CC2CC3CCCCC3C3CCC4CCCCC4C23)C1
C1CCC(C2CCC3(CCC4CC5C(CCC5C5CCCCC5)CC43)C2)CC1
C1CCC(CC2CC3CCCCC3C3CCC4CCCCC4C23)CC1
C1CCC(CCCC2CCC3C(CCC3C3CCCCC3)C2)CC1
C(CCC1CCCC2CCCC12)CC1CC2CCCCC2C1
C1CCC(CCC2CCC3C(CCC3C3CCCCC3)C2)CC1
C1CCC2CCC3C4CCC(CCCC5CCC6CCCCC6C5)C4CCC3C2CC1
C(CCC1CCCC2CCCCC12)CC1CC2CCCCC2C1
C1CCC(C2CCC3CC4C(CCC45CCCCCC5)CC32)CC1
C1CCC(C2CCC3CC4C(CCCC5C6CCC(CCCC7CC8CCCCC8C7)C6CCC45)CC32)CC1
C1CCC(CCCCC2CC3CCCCC3C2)CC1
C1CCC(C2CCC3C(CCC34CCCC4)C3CCC4CCCCC4C23)CC1
C1CCC2C(C1)CCC1C3CCCCC3CCC21
C1CCC(CCCCC2CC3CCCCC3C2)CC1
C1CCC(C2CCC(CCCCCC3CCCC4CCCCC34)C2)CC1
C1CCC(CC2CCC3CC4(CCCCC4C4CCCCC4)CCC23)CC1
C1CCC(CC2CCCCCCC23CCC2C(CCC2C2CCCCC2)C3)CC1
C1CCC(CCCCCC2CCCC3C(C4CCCCC4)CCC23)CC1
C1CCC2CC(CCCC3CCC4C3CCCC3C5CCCCC5CCC34)CC2C1
C1CCC(CCCC2CCC3CCC(C4CCCC5CCCC54)CC3CC2)CC1
C1CCC(CC2CC3CCCCC3C3CCC4CCCCC4C23)C1
C1CCC2CC(CCCC3CCC4C3CCCC3C5CCCCC5CCC34)CC2C1
C1CCC(CCC2CCCC3CC4C(CC5CCCCC5)CCC4CC23)CC1
C1CCC(CCCCCC2CCCC3C(C4CCCCC4)CCC23)CC1
C1CCC(CCC2CCC3C2CCC(C2CCCCC2)C2C4CCCCC4CCC32)CC1
C1CCC2CCC3C4CCCCC4CC(CC4CCCC(C5CCCC5)C4)C3C2CC1
C1CCC(C2CCC3CC4C(CCC5C6CCC(CCCC7CCC8CCCCC8C7)C6CCC45)CC32)CC1
C1CCC2C(C1)CCC1CC3CC4CCCC4C3CCC12
C1CCC2CC(CCCC3CCC4C3CCC3C5CCCCC5CCC43)CC2C1
C1CCC(CCCCC2CC3CCCCC3C2)CC1
C1CCC(CCCCC2CCC3CCCCC23)CC1
C(CCCC1CCCC2C(C3CCCCC3)CCC12)CCC1CCCCC1
C1CCC(C2CCC3CC4C(CCC32)CCC42CCCC2)CC1
C1CCC(CCC2CCC3C(CCC4CC(C5CCCCC5)CCC43)C2)CC1
C1CCC2CC(CCCC3CCC4C3CCC3C5CCCCC5CCC43)CC2C1
C1CCC2C(C1)CCC1C2CCC2C3CCCC3CC21
C1CCC(C2CC3C(CCCC4CC4)CCC3C3CCC4CCCCC4C23)CC1
C(CCC1CCCC2CCCC12)CC1CC2CCCCC2C1
C1CCC(CC2CCC3C(CCC3C3CCCCC3)C2)CC1
C1CCC(CCC2CCCC3CC4C(CC5CCCCC5)CCC4CC23)CC1
C1CCC(C2CC3CCCC3C3CCCC4CCCCC4C23)CC1
C1CCC(CCC(CCC2CCC3CCCC3C2)CC2CCCCCC2)CC1
C1CCC(CC2CCC3C(CCC3C3CCCCC3)C2)CC1
C1CCC2CC(CCCC3CCC4C3CCCC3C5CCCCC5CCC34)CC2C1
C1CCC(CC2CCC3C(CCC3C3CCCCC3)C2)CC1
C1CCC2CCC3C4CCC(CCCC5CCC6CCCCC6C5)C4CCC3C2CC1
C1CCC(CCC2CCCC3CC4C(CC5CCCCC5)CCC4CC23)CC1
C1CCC(C2CCC3(CCC4CCC5C(CCC5C5CCCCC5)CC43)C2)CC1
C1CCC(C2CCC3CC4C(CCC45CCCCC5)CC32)CC1
C1CCC(CC2CC3CCCC3C3CCC4CCCCC4C23)CC1
C1CCC(CCCC2CCCC(C3CCC4CC(CCC5CCC6CCCCCC6C5)CCC43)C2)CC1
C1CCC(CCCCCC2CC3CCCCC3C2)CC1
C1CCC(CCC2CCC3C(CCCC4CCCCC43)C2)CC1
C1CCC(CCCC2CCC3C(CCC3C3CCCC(CC4CCCC4)C3)C2)CC1
C1CCC(CC2CCC3CCCC3C3CCC4CCCCC4C23)CC1
C1CCC(CCC2CCC(CCC3CCCCC(CC4CCCC4)C3)CC2)CC1
C1CCC(CCCCC2CC3CCCCC3C2)CC1
C1CCC(CCC(CCC2CCC3CCCCC3C2)CC2CCCCC2)CC1
C1CCC(CCCCCC2CC3CCCCC3C2)CC1
C1CCC(C2CCC3CC4C(CCC45CCCC5)CC32)CC1
C(CCCCC1CCC(C2CCCCC2)C1)CCCC1CCCCC1
C1CCC(CCCCCC2CCCC3C(C4CCCCC4)CCC23)CC1
C1CCC(CC2CCCCC2CC2CC3CCCCC3C3CCC4CCCCC4C23)CC1
C1CCC(C2CCC3C(CCC34CCCC4)C3CCC4CCCCC4CC23)CC1
C1CCC(C2CCC3(CCC4CC5C(CCC5C5CCCCC5)CCC43)C2)CC1
C1CCC(CCCCC2CCC3CCCCC23)CC1
C1CCC(CCCCCC2CC3CCCCC3C2)CC1
C1CCC2CC(C3CCCC3)C3CCCC3C2CC1
C1CCC(CCC2CCC3C(CCC3C3CCCCC3)C2)CC1
C1CCC(CCCC2CCCC3CCC(C4CCCC5CCCC54)CC3C2)CC1
C1CCC(CC2CCCCC23CCC2C(CCC2C2CCCCC2)C3)CC1
C1CCC(C2CCC3CC4C(CCCC45CCCC5)CCC32)CC1
C(CCC1CCCC2CCCC12)CC1CC2CCCCC2C1
C(CCC1CCC2C1CCC1C3CCCCC3CCC21)CC1CC2CCCCC2C1
C1CCC(C2CCC3CC4C(CCCC45CCCC5)CC32)CC1
C1CCC(C2CCC3CC4C(CCCCC45CCCC5)CC32)CC1
C1CCC(C2CC3CCCCC3CC3CCCCC32)CC1
C1CCC2C(C1)CCC1C3CCCCC3CCC21
C1CCC(C2CC3CCCC3CC3CCC4CCCCC4C32)CC1
C1CCC(C2CCC(C3CC4CCCC4C4CCC5CCCCC5C34)CC2)CC1
C1CCC2CCC3C4CCCC4CC(C4CCC(C5CCCC5)CC4)C3C2CC1
C1CCC2C(C1)CCC1C3CCCC3CCC21
C(CCCCC1CCC(C2CCCCC2)C1)CCCC1CCCCC1
C1CCC(CCCCCC2CC3CCCCC3C2)CC1
C1CCC(CCC2CCC3C(CCC3C3CCCCC3)C2)CC1
C1CCC(CCC2CCC3C(CCC3C3CCCC(CCC4CCCCC4)C3)C2)CC1
C1CCC2CCC(C3CCCC4CCCC43)CC2CC1
C(CCCCC1CCC(C2CCCCC2)C1)CCCC1CCCCC1
C1CCC(CCCC2CCC3CCC(C4CCCC5CCCC54)CC3C2)CC1
C1CCC2CC(CCCC3CCC4C3CCC3C5CCCCC5CCCC43)CC2C1
C1CCC2CC(CCCC3CCC4C3CCC3C5CCCCC5CCC43)CC2C1
C1CCC(C2CCC3CC4C(CCC45CCCC5)CC32)CC1
C1CCC(CC2CCC3C(CCC3C3CCCCC3)C2)CC1
C1CCC(C2CC3CCCC3C3CCC4CCCCCC4C23)CC1
C1CCC2CCC3C4CCCCC4CCC3C2CC1
C1CCC2CC(C3CCCC4CCCC43)CCC2C1
C(CCCC1CCCC2C(C3CCCCC3)CCC12)CCC1CCCCC1
C(CCC1CCC2C1CCC1C3CCCCC3CCC21)CC1CCC2CCCCC2C1
C1CCC(CCC2CC3CCCCC3C3CCC4CCCCC4C23)C1
C1CCC2CC(C3CCCC4CCCC43)CCC2C1
C1CCC2CCC(C3CCCC4CCCC43)CC2CC1
C1CCC(CCC(CCC2CCC3CCCCC3C2)CC2CCCCC2)CC1
C1CCC(CC2CCC3C(CCC3C3CCCCC3)C2)CC1
C1CCC(C2CCC3CC(C4CCC(CCC5CCCC5)CC4)CCC32)CC1
C(CCCC1CCCC2C(C3CCCCC3)CCC12)CCC1CCCCC1
C1CCC2CC(CCCC3CCC4C3CCC3C5CCCCC5CCC43)CC2C1
C1CCC(CCCC2CCC3C(CCC4C5CCCC5CCC34)C2)CC1
C1CCC(CCC2(CCCC3CC4CCCCC4C3)CCC3C4CCCC5CCCCC5C4CCC32)C1
C1CCC2CCC3C4CCCC4CCC3C2CC1
C1CCC(CCCCCC2CCCC3C(C4CCCCC4)CCC23)CC1
C1CCC(C2CCC3CCCC3C3CCC4CCCCCC4C23)CC1
C1CCC(C2CC3CCCC3C3CCC4CCCCC4CC23)CC1
C1CCC(C2CCC3CC4C(CCC32)CCC42CCCC2)CC1
C1CCC2CC(C3CCCC4CCCC43)CCC2C1
C(CCCC1CCCC2C(C3CCCCC3)CCC12)CCC1CCCCC1
C1CCC(C2CCC3CC4CCCCC4CC32)CC1
C1CCC(CC2CCCC(CC3CC4CCCCC4C4CCC5CCCCC5C34)C2)CC1
C1CCC(CCCCCC2CCCC3C(C4CCCCC4)CCC23)CC1
C1CCC2CC(CCCC3CCC4C3CCC3C5CCCCC5CCC43)CCC2C1
C1CCC(C2CC3CCCCC3C3CCCCC23)CC1
C1CCC(CC2CC3CCCCC3CC3CCC4CCCCC4C32)C1
C1CCC(CC2CC3CCCCC3C3CCC4CCCCC4C23)C1
C1CCC(CCCC2CCC3C(CCC4CCCCC43)C2)CC1
C1CCC(CCCCCC2CCC3CCCCC23)CC1
C1CCC(CCCC2CCCC3CCC(C4CCCC5CCCC54)CC3C2)CC1
C1CCC2C(C1)CCC1CCCCC12
C1CCC(CCCCC2(CCC3CCCC3)CCC3C4CCC5CCCCC5C4CCC32)CC1
C1CCC(CCCC2(CCCC3CC4CCCCC4C3)CCC3C4CCC5CCCCC5C4CCC32)C1
C1CCC(CCC2CCC3C(CCC3C3CCCCC3)C2)CC1
C1CCC2CC(CCCC3CCC4C3CCC3C5CCCCC5CCCC43)CCC2C1
C(CCC1CC2CCCCC2C1)CCC1CCCC2CCCC12
C1CCC(CCCCCC2CCCC3C(CC4CCCCC4)CCC23)CC1
C1CCC(CCCCC2CCCC3CCCC23)CC1
C1CCC(CCC2CCC3C(CCC3C3CCCCC3)C2)CC1
C1CCC(CCCCC2CC3CCCCC3C2)CC1
C1CCC(CCC2CCC3C(CCC3C3CCCCC3)C2)CC1
C1CCC2C(C1)CCCC1C3CCCC3CCC21
C1CCC(CC2CCCC(CCC3CCC(CCC4CCC(C5CC5)CC4)CC3)C2)C1
C1CCC(CCC2CCC3C(CC4CCCCC4)CCC3C2)CC1
C(CC1CCC(C2CCCC2)CC1)CC1CCC2CCCC2C1
C1CCC(C2CCC3C(CCC4CCCCC43)C2)CC1
C1CCC(C2CC3CCCCC3C3CCC4CCCCC4C23)CC1
C(CCCC1CCCC2CCCCC12)CCC1CCC(C2CCCCC2)C1
C1CCC(CC2CC3CCCCC3C3CCC4CCCCCC4C23)CC1
C1CCC(CCCCC2CCC3CCC(C4CCCC5CCCC54)CC3C2)CC1
C1CCC2C(C1)CCC1CCCCC12
C1CCC(CCC2CCC(CCCC3CCCC(CC4CCCC4)C3)CC2)CC1
C1CCC(CCC2CCCC3CC4C(CCC4C4CCCCC4)CC23)CC1
C1CCC(CCCC2CCC3CCCC3C2)CC1
C1CCC(CCCC2CCC3CCC(C4CCCC5CCCC54)CC3C2)CC1
C1CCC(CC2CCC(CC(CC3CCCCC3)C3CCCCC3)CC2)CC1
C1CCC(CC2CCCC(C3CCC4CC(CCC5CCC6CCCCC6C5)CCC43)C2)CC1
C1CCC(CCCCC2CC3CCCCC3C2)CC1
C1CCC2CCC3C4CCC(CCCC5CC6CCCCC6C5)C4CCC3C2CC1
C1CCC(CCCC2CCC3CCC(C4CCCC5CCCC54)CC3C2)CC1
C1CCC(C2CCC3CCC4CCCCC4CC32)CC1
C1CCC(CCCC2CCC(C3CCCC4C(C5CCCCC5)CCC34)C2)CC1
C(CCC1(C2CCCC2)CCCC2CCCCC21)CC1CCC2CCCCC2C1
C1CCC(C2CC3CCCCC3C3CCC4CCCCC4C23)CC1
C1CCC(CCCCCC2CCC3CCCCC3C2)CC1
C1CCC(CCC2CCC3C(CCC3C3CCCCC3)C2)CC1
C1CCC(C2CCC3CC4C(CCC5C6CCC(CCCC7CCC8CCCCC8C7)C6CCC45)CC32)CC1
C1CCC2CCC(C3CCCC4CCCC43)CC2CC1
C1CCC(C2CC3CCCCC3C3CCC4CCCCC4C23)CC1
C1CCC(CCCCCC2CC3CCCCC3C2)CC1
C1CCC2C(C1)CCCC2CCCC1CCCC2CCCCC21
C1CCC2CCC3C4CCC(CCC5CCCC5)C4CCC3C2CC1
C1CCC(C2CC3CCCC3C3CCC4CCCCC4C23)CC1
C1CCC(CCCCC2CC3CCCCC3C2)CC1
C1CCC(CCCC2(CCC3CCCC3)CCC3C4CCC5CCCCCC5C4CCC32)CC1
C1CCC(CCC2(CCCC3CCC4CCCCC4C3)CCCC3C4CCC5CCCCC5C4CCC32)C1
C1CCC(C2CC3CCCC3C3CCCC4CCCCC4C23)CC1
C(CCCC1CCCC2C(C3CCCCC3)CCC12)CCC1CCCCC1
C1CCC(CC(CC2CCCCC2)C2CCCCC2)CC1
C1CCC2C(C1)CCCC1CCCCC12
C1CCC(C2CCC3CC4C(CCC5CCC6CCCCC65)CCCC4CC32)CC1
C1CCC(CCCCCC2CCCC3C(C4CCCCC4)CCC23)CC1
C1CCC(CCCCC2CC3CCCCC3C2)CC1
C1CCC2CC(CC3CCCC4CCCC43)CCC2C1
C1CCC2CCC(C3CCCC4CCCC43)CC2CC1
C1CC2CCC3C(CCC4CCCCC43)CC2C1
C(CCC1CCCC2CCCCC12)CC1CCCC2CCCCC12
C(CCC1CCCC2CCCC12)CC1CC2CCCCC2C1
C1CCC(C2CC3CCCC3C3CCC4CCCCC4CC23)CC1
C1CCC(C2CCC3CC4C(CCC5C6CCC(CCCC7CC8CCCCC8C7)C6CCCC45)CC32)CC1
C1CCC(CC2CC3CCCCC3C3CCC4CCCCC4C23)C1
C1CCC(CC2CCCCCCC23CCC2C(CCC2C2CCCCC2)C3)CC1
C1CCC(C2CCC3CCCC3C3CCCC4CCCCC4C23)CC1
C(CCCC1CCCC2C(C3CCCCC3)CCC12)CCC1CCCCC1
C1CCC2C(C1)CCCC1C3CCCC3CCC21
C1CCC(CCCCC2CC3CCCCC3C2)CC1
C(CCCC1CCCCC1)CCCC1CCC(C2CCCCC2)C1
C1CCC2CCC3C4CCCCC4CC(CC4CCCC4)C3C2CC1
C1CCC(C2CC3C(CCC34CCCC4)C3CCC4CCCCC4C23)CC1
C1CCC(C2CCC3CC4CCCCC4CCC32)CC1
C1CCC(CCC2CCCC3CC4C(CC5CCCCC5)CCC4CC23)CC1
C1CCC(CCCCC2CCC3C2CCC2C4CC5CCC(C6CCCCC6)C5CC4CCC32)CC1
C1CCC(CCCC2CCC3CCC(C4CCCC5CCCC54)CC3C2)CC1
C1CCC(C2CCC3C(CCCCCC4CC4)CCCC23)CC1
C1CCC(CCC2CCC3C(CCC3C3CCCCC3)C2)CC1
C(CCC1CCCC2CCCCC12)CC1CCC2CCCCC2C1
C1CCC2CC(C3CCCC3)C3CCCC3C2CC1
C1CCC(C2CCC3CC4C(CCC5C6CCCC(CCCC7CCC8CCCCC8C7)C6CCC45)CC32)CC1
C(CCC1CCCC2CCCC12)CC1CC2CCCCC2C1
C1CCC(CCC2CCC(CC(CC3CCCCC3)C3CCCCC3)CC2)CC1
C1CCC(CCCCC2CC3CCCCC3C2)CC1
C1CCC(CC23CCCCC2CCC2C4CCCC4CCC23)CC1
C(CCC1CCC(CC2CCCC2)C1)CCC1CCCC2CCCCC12
C1CCC(C2CCC3C(CCCCCC4CCC(C5CCCC5)C4)CCCC23)CC1
C1CCC(C2CC3CCCC3C3CCC4CCCCC4C23)CC1
C1CCC2CCC3C4CCCC4CCC3C2CC1
C1CCC2C(C1)CCC1C3CCCCC3CCC21
C1CCC(CCC2CCC(CCC3CCCC(CC4CCCC4)C3)CC2)CC1
C1CCC2CC(CC3CCCC4CCCC43)CCC2C1
C1CCC(C2CCC3CC4C(CCC45CCCCCC5)CC32)CC1
C1CCC2CC(CCCC3CCC4C3CCC3C5CCCCC5CCC43)CC2C1
C(CCCCCCC1CCC(CCC2CCC(CCC3CCCC3)C2)C1)CCCCCCC1CCC2C1CCC1C3CCCCC3CCC21
C(CCCC1CCCCC1)CCCC1CCC(C2CCCCC2)C1
C1CCC(CCC2CCCCC2)CC1
C1CCC(C2CCC3(CCCC4CC5C(CCC5C5CCCCC5)CC43)C2)CC1
C(CCCC1CCCC2C(C3CCCCC3)CCC12)CCC1CCCCC1
C1CCC(CCCCCC2CC3CCCCC3C2)CC1
C1CCC(CCCCCC2CC3CCCCC3C2)CC1
C1CCC2C(C1)CCC1C2CCC2C3CCCC3CC21
C1CCC(CCCC2(CCCC3CCCC3)CCC3C4CCC5CCCCC5C4CCC32)C1
C1CCC2CC(CCCC3CCC4C3CCC3C5CCCCC5CCC43)CC2C1
C1CCC2CCC3C(CCC4C3CCC4(CCCC3CCCC3)CCC3CCCC3)C2CC1
C1CCC(CCCCCC2CC3CCCCC3C2)CC1
C1CCC(CCC2CCC3C(CCC3C3CCCC(CCC4CCCC4)C3)C2)CC1
C1CCC(CC2CCC(CC(CC3CCCCC3)C3CCCCC3)CC2)CC1
C1CCC(CCC2(CCCC3CC4CCCCC4C3)CCC3C4CCCC5CCCCC5C4CCC32)C1
C1CCC2C(C1)CCC1CCCCC12
C1CCC(CCCCC2CCC3CCCCC23)CC1
C1CCC(CCC2CCC3C(CCC3C3CCCCC3)C2)CC1
C1CCC(CC2CCC(C3CC4CCCC4C4CCC5CCCCC5C34)CC2)CC1
C1CCC(CC2CC3CCCCC3C3CCC4CCCCCC4C23)CC1
C1CC2CC2C2C(C1)CCC1C3CCCC3CCC12
C1CCC(CC23CCCCCC2CCC2C4CCCC4CCC23)CC1
C(CCCC1CCCCC1)CCCC1CCC(C2CCCCC2)C1
C1CCC(CC2CC3CCCCC3C3CCC4CCCCC4C23)CC1
C1CCC(CC2CCC3CC4(CCCCC4C4CCCCC4)CCC23)CC1
C1CCC(CCCCC2CCCC3CCC(C4CCCC5CCCC54)CC23)CC1
C1CCC(CCCCCC2CCCC3C(C4CCCCC4)CCC23)CC1
C1CCC(CCC2CCC(CCC3CCCC(CC4CCCC4)C3)CC2)CC1
C1CC2CCC3C(CCC4CCCCC43)CC2C1
C(CCCC1CCCCC1)CCCC1CCC(C2CCCCC2)C1
C1CCC(CCCCCC2CCC3CCCCC3C2)CC1
C1CCC(C2CCC(C3CC4CCCC4C4CCCC5CCCCC5C34)CC2)C1
C1CCC(CCCCC2CC3CCCCC3C2)CC1
C1CCC(C2CCC3CCCC3C3CCC4CCCCC4C23)CC1
C1CCC(CC2CCC3CC4C(CCCC5CC5)CCCC4CC23)CC1
C1CCC(C2CCC3CC4C(CCC32)CCC42CCCC2)CC1
C(CCCC1(C2CCCCC2)CCC1)CCC1CCC(C2CCCCC2)C1
C(CCC1CCC2C(CCC3C4CCCC4CCC23)C1)CC1CCC(C2CC3CCCC3C3CCC4CCCCC4C23)CC1
C1CCC(C2CCC3CCC4C(CCC45CCCCC5)CC32)CC1
C(CCC1CCCC2CCCCC12)CC1CCC2CCCCC2C1
C1CCC(C2CCC3CCCC3C3CCC4CCCCCC4C23)CC1
C1CCC(C2CCC3CC4C(CCC32)CCC2C3CCC(CCCC5CC6CCCCC6C5)C3CCC42)CC1
C(CCCC1CCCC2C(C3CCCCC3)CCC12)CCC1CCCCC1
C1CCC(CCC2CCC(CCC3CCCC(CC4CCCC4)C3)CC2)CC1
C1CCC2CCC3C4CCCCC4CC(CC4CCCC4)C3C2CC1
C1CCC2C(C1)CCC1C3CCCC3CCC21
C1CCC(CCC2CCC3C(CCC3C3CCCCC3)C2)CC1
C(CCC1CCC2C1CCC1C3CCCCC3CCC21)CC1CC2CCCCC2C1
C1CCC(C2CC3CCCC3CC3CCC4CCCCC4C32)CC1
C1CCC(C2CCC3CC4C(CCC45CCCCC5)CC32)CC1
C1CCC(CC2CC3CCCCC3C3CCC4CCCCC4C3C2)CC1
C1CCC2CC(CC3CCCC4CCCC43)CCC2C1
C1CCC2C(C1)CCC1CCCCC12
C1CCC(CCCCC2CC3CCCCC3C2)CC1
C1CCC(CCC2CCC3C(CCC3C3CCCCC3)C2)CC1
C1CCC(C2CC3CCCCC3C3CCC4CCCCC4C23)CC1
C(CCC1CCC2C(CCC3C4CCCC4CCC23)C1)CC1CCC(C2CC3CCCC3C3CCC4CCCCC4C23)CC1
C1CCC(CCCCC2CCC3CCCCC23)CC1
C1CCC(CCCCC2CC3CCCCC3C2)CC1
C1CCC(CCCC2CCC3C(CCC4C5CCCC5CCC34)C2)CC1
C1CCC(CCC2CCC3C(CCC4C5CCCC5CCC34)C2)CC1
C1CCC(CC2CCC3CCCCC3C3CCC4CCCCC4C23)CC1
C1CCC(CCC2CCC(C3CCC4C(CCC4C4CCCCC4)C3)CC2)CC1
C1CCC(CCCCC2CC3CCCCC3C2)CC1
C1CCC(C2CC3CCCC3C3CCC4CCCCCC4C23)CC1
C1CCC(CCCCC2CC3CCCCC3C2)CC1
C1CCC2C(C1)CCC1C3CCCC3CCC21
C(CCC1CCCC2CCCCC12)CC1CCC2CCCCC2C1
C(CCCC1CCCCC1)CCCC1CCC(C2CCCCC2)C1
C1CCC(C2CCC3CCCCC3C3CCCCC23)CC1
C1CCC(CC2CC3CCCCC3C3CCC4CCCCC4C23)CC1
C(CCC1CCC2CCCCC2C1)CCC1CCCC2CCCCC12
C1CCC(CCCCCC2CC3CCCCC3C2)CC1
C1CCC(CCCCCC2CC3CCCCC3C2)CC1
C1CCC2CCC3C4CCCC4CCC3C2CC1
C1CCC(CCCC(CCC2CCC3CCCC3C2)CC2CCCCC2)CC1
C1CCC(CCC2CCC(C3CCC4C(CCC4C4CCCCC4)C3)CC2)CC1
C1CCC2CC(C3CCCC4CCCC43)CCC2C1
C1CCC(CCCCCC2CC3CCCCC3C2)CC1
C1CCC(C2CCC3(CCC4CC5C(CCC5C5CCCCC5)CC43)C2)CC1
C1CCC2C(C1)CCCC1C3CCCC3CCC21
C1CCC(CC2CC3CCCCC3CC3CCC4CCCCC4C32)C1
C(CCCC1CCCCC1)CCC1CCCCC1
C(CCC1CCCC2CCCCC12)CC1CCC2CCCCC2C1
C1CCC(CCCC(CCC2CCC3CCCC3C2)CC2CCCCC2)CC1
C1CCC2CC(C3CCCC4CCCC43)CCC2C1
C1CCC2C(C1)CCC1C3CCCCC3CCC21
C1CCC(CCCC2CC3CCCC3C3CCC4CC(CCC5CCCCC5)CCC4C23)CC1
C1CCC(C2CCC3CCCC3C3CCC4CCCCC4C23)CC1
C(CCCC1CCCC2C(C3CCCCC3)CCC12)CCC1CCCCC1
C1CCC2CCC(C3CCCC4CCCC43)CC2CC1
C(CCCC1CCCC2C(C3CCCCC3)CCC12)CCC1CCCCC1
C1CCC(C2CCC3CC4C(CCC32)CCC42CCCC2)CC1
C1CCC2C(C1)CC(C1CCCC1)C1CCCCC21
C1CCC2CCC3C4CCCC4CCC3C2CC1
C1CCC(C2CC3CCCC3C3CCCC4CCCCC4C23)CC1
C(CCCC1CCCC2C(C3CCCCC3)CCC12)CCC1CCC(C2CCCC2)C1
C(CCC1CCCC2CCCC12)CC1CC2CCCCC2C1
C1CCC(CC2CC3CCCCC3C3CCC4CCCCC4C23)CC1
C1CCC2CCC3C4CCCCC4CC(CC4CCCC4)C3C2CC1
C(CCC1CCCC2CCCC12)CC1CC2CCCCC2C1
C(CCCC1CCCC2C(C3CCCCC3)CCC12)CCC1CCCCC1
C1CCC(C2CCC3CC4C(CCC5C6CCCC(CCCC7CC8CCCCC8C7)C6CCC45)CC32)CC1
C1CCC(C2CC3CCCC3C3CCC4CCCCCC4C23)CC1
C1CCC(C2CCC(CCCCCC3CCCC4CCCCC34)C2)CC1
C1CCC(C2CC3CCCCC3C3CCC4CCCCC4C23)CC1
C1CCC(C2CCC(C3CC4CCCCC4C4CCC5CCCCC5C34)CC2)C1
C1CCC2CCC(C3CCCC4CCCC43)CC2CC1
C1CCC(C2CCC3CC4C(CCC45CCCC5)CC32)CC1
C1CCC(CCC2CCC(C3CC3)CC2)CC1
C1CCC(CC2CCC3C(CCC4CCCCC43)C2)C1
C1CCC(C2CCC3C(CCCCCC4CCC(C5CCCC5)C4)CCCC23)CC1
C1CCC(CCC2CCC3C(CCC3C3CCCCC3)C2)CC1
C1CCC(CCCCCC2CCCC3C(C4CCCCC4)CCC23)CC1
C1CCC2CC(CCCC3CCCC4CCCCC43)CC2C1
C1CCC(C2CCC3CC4C(CCCC45CCCCC5)CC32)CC1
C1CCC2CCC(C3CCCC4CCCC43)CC2CC1
C1CCC(C2CC3CCCC3C3CCC4CCCCCC4C23)CC1
C1CCC(CC2CCC(CC(CC3CCCCC3)C3CCCCC3)CC2)CC1
C(CCCC1CCCCC1)CCCC1CCC(C2CCCCC2)C1
C1CCC(CC2CCCC(C3CCC4CC(CCC5CCC6CCCCC6C5)CCC43)C2)C1
C1CCC(CCCC2CCC(CC3CCC4C(CCC4C4CCCCC4)C3)CC2)CC1
C1CCC(C2CCC3C(CCC4CCCCC43)C2)CC1
C1CCC2CCCCC2C(CCCCC2CCCC3CCCCC23)C1
C1CCC2CCC(C3CCCC4CCCC43)CC2CC1
C1CCC2CC(CCCC3CCCC4CCCCC43)CC2C1
C(CCCC1CCCCC1)CCC1CCCCC1
C1CCC2C(C1)CC(C1CCCC3CCCC31)C1CCCC21
C1CCC2C(C1)CCCC2CCCC1CCCC2CCCCC21
C1CCC(C2CC3CCCC3C3CCC4CCCCC4CC23)CC1
C(CCC1CCC2CCCCC2C1)CCC1CCCC2CCCCC12
C1CCC(C2CCC3CC4C(CCCC45CCCC5)CCC32)CC1
C1CC2CCC3C(CCC4CCCCC43)CC2C1
C1CCC(CCC(CCC2CCCCC2)CCC2CCC3CCCC3C2)CC1
C1CCC2CC(CCCC3CCC4C3CCCC3C5CCCCC5CCC34)CC2C1
C1CCC(C2CC3CCCC3C3CCC4CCCCCC4C23)CC1
C1CCC(C2CCC3CC4C(CCC5C6CCC(CCCCC7CC8CCCCC8C7)C6CCC45)CC32)CC1
C1CCC(C2CC3CCCC3C3CCCC4CCCCC4C23)CC1
C1CCC2C(C1)CC(C1CCCC3CCCCC31)C1CCCC21
C1CCC(CCC2CCC3C(CCC3C3CCCC(CC4CCCC4)C3)C2)CC1
C1CCC(CCCCCC2CC3CCCCC3C2)CC1
C(CCCC1CCCC2C(C3CCCCC3)CCC12)CCC1CCCCC1
C1CCC2CCC(C3CCCC4CCCC43)CC2CC1
C1CCC(CCCCC2CCC3CCCCC23)CC1
C1CCC2CCC3C4CCC(CCCC5CC6CCCCC6C5)C4CCC3C2CC1
C1CCC(CCC2CCC(CCC3CCCC(CCC4CCCC4)C3)CC2)CC1
C1CCC2CC(CCCC3CCC4C3CCC3C5CCCCC5CCC43)CC2C1
C(CCC1CCCC2CCCCC12)CC1CC2CCCCC2C1
C1CCC2CC(C3CCCC4CCCC43)CCC2C1
C(CCCC1(C2CCCCC2)CCC1)CCC1CCC(C2CCCCC2)C1
C(CCCC1CCC2CCCC2C1)CCC1CCCCC1
C1CCC(CCCCC2CC3CCCCC3C2)CC1
C1CCC(CCCC2CCC3CCC(C4CCCC5CCCC54)CC3C2)CC1
C1CCC(C2CCC3CC4C(CCC45CCCC5)CC32)CC1
C1CCC(CCCCCC2CCC3CCCCC23)CC1
C1CCC2C(C1)CCC1C2CCC2C3CCCC3CC21
C1CCC(CCC2CCC3C(CCC3C3CCCCC3)C2)CC1
C1CCC(CCCC2CCCC3CCC(C4CCCC5CCCC54)CC3C2)CC1
C1CCC(CCC2CCC3C(CC4CCCCC4)CCC3C2)CC1
C(CCCC1CCCCC1)CCCC1CCC(C2CCCCC2)C1
C1CCC(C2CCCC3(CCC4CC5C(CCC5C5CCCCC5)CC43)C2)CC1
C1CCC2C(C1)CCCC2CCCC1CCCC2CCCCC21
C1CCC(CCC2CCC3C(CC4CCCCC4)CCC3C2)CC1
C1CCC2CC(C3CCCC4CCCC43)CCC2C1
C1CCC2C(C1)CCC1C3CCCC3CCC21
C1CCC(C2CCC3C(CCC4CCCCC43)C2)CC1
C1CCC(CCC2CCC3C(CCC3C3CCCCC3)C2)CC1
C1CCC(C2CCC3CC4C(CCCC45CCCCC5)CC32)CC1
C1CCC(CCCCCC2C3CCCCC3CCC2C2CCCC3CCCC32)CC1
C1CCC2CCC(C3CCCC4CCCC43)CC2CC1
C1CCC(C2CCC3CC4CCCCC4CC32)CC1
C(CCCC1CCCCC1)CCC1CCCCC1
C1CCC2CC(CC3CCCC4CCCC43)CCC2C1
C(CCC1CCCC2CCCCC12)CC1CCCC2CCCCC12
C1CCC2CCC3C4CCCCC4CCC3C2CC1
C1CCC(C2CC3CCCCC3C3CCC4CCCCC4C23)CC1
C1CCC(CCCC2CCCC(C3CCC4CC(CCCC5CCC6CCCCC6C5)CCC43)C2)CC1
C1CCC(CC2CC3CCCCC3C3CCC4CCCCC4C23)CC1
C1CCC(CCC2CCC3C(CCC3C3CCCCC3)C2)CC1
C1CCC(CCCCCC2CC3CCCCC3C2)CC1
C1CCC2CC(C3CCCC4CCCC43)CCC2C1
C1CCC(C2CC3CCCC3C3CCC4CCCCC4C23)CC1
C1CCC(C2CCC3CC4C(CCCC45CCCC5)CCC32)CC1
C1CCC(CCC2CCC3C(CCC3C3CCCCC3)C2)CC1
C1CCC(C2CCC3CCCC3C3CCC4CCCCC4C23)CC1
C1CCC(C2CC3CCCC3C3CCC4CCCCC4C23)CC1
C1CCC2CC(C3CCCC4CCCC43)CCC2C1
C1CCC2CC(C3CCCC4CCCC43)CCC2C1
C1CCC2C(C1)CCC1C3CCCC3CCCC21
C1CCC(C2CC3CCCC3C3CCC4CCCCC4C23)CC1
C1CCC(C2CCCCC2CC2CC3CCCCC3C3CCC4CCCCCC4C23)CC1
C1CCC(CCC2CCC3C(CCCC4CCCCC43)C2)CC1
C1CCC2CC(CCCC3CCCC4CCCCC43)CC2C1
C1CCC(CC2CCC(C3CC4CCCC4C4CCC5CCCCCC5C34)CC2)CC1
C1CCC(CCCCC2CC3CCCCC3C2)CC1
C1CCC2CC(CCCC3CCCC4CCCCC43)CC2C1
C1CCC2CC(C3CCCC4CCCC43)CCC2C1
C1CCC2CCC(C3CCCC4CCCC43)CC2CC1
C1CCC(CC2CCC3C(CCC3C3CCCCC3)C2)CC1
C1CCC(CCCCC2CCC3CCCCC23)CC1
C1CCC(C2CCC3CC4C(CCCC45CCCCC5)CC32)CC1
C1CCC(CC2CCC3C(CCC3C3CCCCC3)C2)CC1
C(CC1CCCC2CCCCC2C1)CC1CC2CCCCC2C1
C1CCC(CCCCCC2CCC3CCCCC23)CC1
C1CCC(CCC2CCC3C(CCC3C3CCCC(CC4CCCC4)C3)C2)CC1
C1CCC2C(C1)CCCC2CCCC1CCCC2CCCCC21
C1CCC(CCC(CCC2CCC3CCCC3C2)CC2CCCCC2)CC1
C1CC(C2CCC(C3CC4CCCC4C4CCC5CCCCC5C34)CC2)C1
C1CCC(C2CCC(CCCCCC3CCCC4CCCCC34)C2)CC1
C(CCCC1CCCC2CCCC12)CCC1CCCCC1
C1CCC2CCC3C4CCCC4CCC3C2CC1
C1CCC2CCC3C4CCC(CCCC5CC6CCCCC6C5)C4CCC3C2CC1
C1CCC(CCCC2CCCC3CCC(C4CCCC5CCCC54)CC3C2)CC1
C1CCC2CC(CCCC3CCC4C3CCC3CC5CCCCC5CCC34)CCC2C1
C1CCC(CC2CCC3CCCCC3C3CCC4CCCCC4C23)CC1
C1CCC(C2CCC3CCC4CCCCC4C3CC2)CC1
C1CCC(CCCCCC2CC3CCCCC3C2)CC1
C1CCC(CCC2CCC3C(CCC3C3CCCCC3)C2)CC1
C1CCC(C2CCC3C(CCCCCC4CCC(C5CCCC5)C4)CCCC23)CC1
C1CCC(C2CC3CCCC3C3CCCC4CCCCC4C23)CC1
C(CCCC1CCCCC1)CCCC1CCC(C2CCCCC2)C1
C1CCC(CC2CC3CCCCC3C3CCC4CCCCCC4C23)CC1
C1CCC2CC(C3CCCC4CCCC43)CCC2C1
C1CCC(CCCCCC2CC3CCCCC3C2)CC1
C1CCC(C2CC3CCCC3C3CCC4CCCCCC4C23)CC1
C1CCC(C2CC3CCCC3C3CCC4CCCCC4C23)CC1
C1CCC(C2CCC3CCC4(CCCCC4C4CCCCC4)CCC32)CC1
C1CCC2CC(CC3CCCC4CCCC43)CCC2C1
C1CCC(CC2CCC3C(CC4CCCCC4)CCC3C2)CC1
C1CCC(CCC2CCC3C(CCC3C3CCCCC3)C2)CC1
C1CCC2CCC3C(CCC4C5CCCC5CC43)C2CC1
C1CCC(C2CCC3CC4C(CCC45CCCCCC5)CC32)CC1
C1CCC2C(C1)CCC1CCCCC12
C(CCCCC1CCC2C(CCC3C4CCCC4CCC23)C1)CCCC1CCCC(CC(CC2CCC(CC3CCCCC3)CC2)C2CCCCC2)C1
C1CCC2C(C1)CCC1C3CCCC3CCCC21
C1CCC2C(C1)CCCC2CCCC1CCCC2CCCCC21
C1CCC(CCCCCC2CCC3CCCCC23)CC1
C1CCC2C(C1)CCC1C3CCCCC3CCC21
C(CCC1CCC2C1CCC1C3CCCCC3CCC21)CC1CC2CCCCC2C1
C1CCC(CCCC2(CCCC3CC4CCCCC4C3)CCC3C4CCC5CCCCC5C4CCC32)C1
C1CCC2C(C1)CCC1C3CCCC3CCC21
C1CCC(CCC2CCC3C(CCC4C5CCCC5CCC34)C2)CC1
C1CCC(CC2CCC3CC4C(CCC45CCC(C4CCCCC4)C5)CC23)CC1
C1CCC(C2CCC3CC4C(CCC32)CCC2C3CCC(CCCC5CCC6CCCCC6C5)C3CCC42)CC1
C1CCC(CCCCC2(CCC3CCCC3)CCC3C4CCC5CCCCC5C4CCC32)CC1
C1CCC(CCC2CCC3C(CCC3C3CCCCC3)C2)CC1
C1CCC2C(C1)CCC1C3CCCC3CCC21
C1CCC(CCC2CCCC(C3CCCC4C(C5CCCCC5)CCC34)C2)CC1
C1CCC(CCC2CCCCC2)CC1
C1CCC(C2CC3CCCC3C3CCC4CCCCC4C23)CC1
C1CCC(CCC2CCC3C(CCC4C5CCCC5CCC34)C2)CC1
C(CCCC1CCCC2CCCCC12)CCC1CCC(C2CCCCC2)C1
C1CCC(C2CCC3CC4C(CCCC45CCCC5)CC32)CC1
C(CCC1CCCC2CCCCC12)CC1CCCC2CCCCC12
C1CCC(CCCCC2CC3CCCCC3C2)CC1
C1CCC(CCC(CCC2CCC3CCCC3C2)CC2CCCCC2)CC1
C1CCC2C(C1)CCC1C3CCCCC3CCC21
C1CCC(C2CCC3CC4C5CCC6C(CCCC7CC8CCCCC8C7)CCC6C(CCC4CC32)C5)CC1
C1CCC(CCC2CC3CCCCC3C3CCC4CCCCC4C23)CC1
C1CCC(CCC2CCC3C(CCC3C3CCCCC3)C2)CC1
C1CCC(CCC2CC3CCCCC3C3CCC4CCCCC4C23)CC1
C1CCC2C(C1)CCC1C3CCCC3CCC21
C1CCC(CCC2CCCC3CC4C(CCC23)CCC4C2CCCCC2)CC1
C1CCC(C2CCC3C(CCC4CCCCC43)C2)CC1
C1CCC(C2CC3CCCC3C3CCC4CCCCC4C23)CC1
C1CCC(CCC2CCC3C(CCC3C3CCCCC3)C2)CC1
C1CCC(CCCCCC2CCCCC2)CC1
C1CCC2CCC3CCCCC3C2CC1
C1CCC2CC(C3CCCC4CCCC43)C3CCCC3C2CC1
C1CCC(C2CCC3CC4C(CCC45CCCCC5)CC32)CC1
C1CCC2CCC(C3CCC4CCCCC43)CC2CC1
C1CCC(CC(CC2CCCCC2)C2CCCCC2)CC1
C1CCC(C2CC3CCCC3C3CCC4CCCCC4C23)CC1
C1CCC(CCC2CCC3C(CCC4C5CCCC5CC(CCC5CCCCC5)C34)C2)CC1
C1CCC(CCC2CCC3C(CCC3C3CCCCC3)C2)CC1
C1CCC2CC(C3CCCC4CCCC43)CCC2C1
C(CCCC1CCCC2C(C3CCCCC3)CCC12)CCC1CCCCC1
C1CCC(CCC2CC3CCCCC3C3CCC4CCCCC4C23)C1
C1CCC(CC2CC3CCCCC3C3CCC4CCCCC4C23)C1
C1CCC2CCC(C3CCCC4CCCC43)CC2CC1
C1CCC(CC2CCC3C(CCCCCC4CCC(C5CCCC5)C4)CCCC23)CC1
C1CCC(CCCCC2CC3CCCCC3C2)CC1
C1CCC(CCCCCC2CCCC3C(C4CCCCC4)CCC23)CC1
C1CCC2C(C1)CCC1CCCCC12
C1CCC(CCCCCC2CCC3CCCCC23)CC1
C(CCCCC1CCC(C2CCCCC2)C1)CCCC1CCCCC1
C(CCCCC1CCC2C(CCC3C4CCCC4CCC23)C1)CCCC1CCCC(CC(CC2CCC(CCC3CCCCC3)CC2)C2CCCCC2)C1
C1CCC(C2CCC3CC4CCCCC4CC32)CC1
C1CCC2CC(C3CCCC4CCCC43)CCC2C1
C(CC1CC2CCCCC2C1)CC1CCC2C(CCC3C4CCCCC4CCC23)C1
C1CCC(CCCCC2CC3CCCCC3C2)CC1
C1CCC(CCC2CCC3C(CCC3C3CCCCC3)C2)CC1
C1CCC2C(C1)CCC1C3CCCC3CCC21
C1CCC(CCCCCC2CCC3CCCCC23)CC1
C1CCC(CCCCC(CC2CCC3C(CCC3C3CCCCC3)C2)C2CCCCC2)CC1
C1CCC(CCCCC2CC3CCCCC3C2)CC1
C1CCC(C2CCC3CCCC3C3CCC4CCCCC4C23)CC1
C1CCC(CCC2CCC3C(CCC3C3CCCCC3)C2)CC1
C1CCC(C2CCC3CCC4C(CCC5C6CCC(CCCC7CCC8CCCCC8C7)C6CCC45)CC32)CC1
C1CCC(CCCC2CCC3CCCC3C2)CC1
C1CCC2C(C1)CCC1CCCCC12
C1CCC(CCCC2CCC3CCC(C4CCCC5CCCC54)CC3C2)CC1
C1CCC(C2CCC3C(CCC4CCCCC43)C2)CC1
C1CCC(C2CCC3CCCCC3C3CCCCC23)CC1
C1CCC(CCCC2CCCCC2)CC1
C1CCC(C2CC3CCCC3C3CCC4CCCCCC4C23)CC1
C1CCC2CC3CCC(C4CCCCC4)C3CC2CC1
C1CCC(CCC2CCC3C(CCC4C5CCCC5CC(CCC5CCCCC5)C34)C2)CC1
C1CCC2C(C1)CCC1C2CCC2C3CCCC3CC21
C1CCC2CCCC(CC3CC4CCCCC4C4CCC5CCCCC5C34)C2CC1
C(CCCC1CCCC2C(C3CCCCC3)CCC12)CCC1CCCCC1
C1CCC2CCC3C4CCCCC4CCC3C2CC1
C1CCC(C2CCC3CC4C(CCC5CCC6CCCCC65)CCCC4CC32)CC1
C1CCC(C2CC3CCCC3C3CCC4CCCCC4C23)CC1
C1CCC2CC(C3CCCC4CCCC43)CCC2C1
C1CCC(C2CC3CCCC3C3CCC4CCCCC4C23)CC1
C1CCC(CCCCCC2CC3CCCCC3C2)CC1
C1CCC(C2CCC3CC4C(CCC45CCCCCC5)CC32)CC1
C1CCC(CCCCC2CCC3CCCCC23)CC1
C1CCC(CC2CCC3CC4C(CCC5C6CCC(CCCC7CCC8CCCCC8C7)C6CCC45)CC23)CC1
C1CCC2CC(C3CCCC4CCCC43)CCC2C1
C1CCC(CCC2CCC(CCCC3CCCC(CC4CCCC4)C3)CC2)CC1
C1CCC(C2CCC3CC4C(CCC5CCC6CCCCC65)CCCC4CC32)CC1
C1CCC2CCC(C3CCCC4CCCC43)CC2CC1
C1CCC(CC2CC3CCCCC3C3CCC4CCCCCC4C23)CC1
C1CCC2CCCCC2C(CCCCC2CCCC3CCCCC23)C1
C1CCC(C2CCC(CCCCCC3(C4CCCC4)CCCC4CCCCC43)C2)CC1
C1CCC(CCC2CCC3C(CCC3C3CCCCC3)C2)CC1
C(CCCCC1CCC(C2CCCCC2)C1)CCCC1CCC2CCCC2C1
C1CCC(C2CC3CCCCC3C3CCC(CCC4CCCC4)CC23)CC1
C1CCC(C2CC3CCCC3C3CCC4CCCCCC4C23)CC1
C1CCC(CCCCC2CC3CCCCC3C2)CC1
C1CCC(C2CCC(CC3CC4CCCCC4C4CCC5CCCCCC5C34)CC2)CC1
C1CCC2CC(CCCC3CCC4C3CCC3C5CCCCC5CCCC43)CC2C1
C1CCC2CCC(CCC3CCC4C(CCC4C4CCCC(CC5CCCC5)C4)C3)CC2CC1
C1CCC(C2CCC3CCCC3C3CCC4CCCCC4C23)CC1
C1CCC(CCC2CCC3C(CCC3C3CCCCC3)C2)CC1
C1CCC(CCCCCC2CC3CCCCC3C2)CC1
C(CCCC1CCCC2C(C3CCCCC3)CCC12)CCC1CCCCC1
C1CCC(CCC2CCC3C(CCC3C3CCCC(CC4CCCC4)C3)C2)CC1
C1CCC(CCC2CCC(CCC3CCCC(CC4CCCCC4)C3)CC2)CC1
C1CCC(CCCCC2CCC3CCC(C4CCCC5CCCC54)CC3C2)CC1
C1CCC2C(C1)CCCC2CCCC1CCC2C1CCC1C3CCCCC3CCC21
C1CCC(C2CC3CCCC3C3CCC4CCCCC4C23)CC1
C1CCC(CCC2CCC(C3CCC4C(CCC4C4CCCCC4)C3)CC2)CC1
C1CCC2CCC3C4CCCCC4CC(CC4CCCC4)C3C2CC1
C1CCC2CC(CCCC3CCCC4C3CCC3C5CCCCC5CCC43)CCC2C1
C1CCC(CC2CCCC(C3CCC4CC(CCC5CCC6CCCCC6C5)CCC43)C2)C1
C1CCC(CCCCC2CC3CCCCC3C2)CC1
C1CCC(CCCC2CCC3CCC(C4CCCC5CCCC54)CC3C2)CC1
C1CCC2CCC3C4CCC(CCCC5CC6CCCCC6C5)C4CCC3C2CC1
C1CCC(CC2CCC3C(CCC3C3CCCCC3)C2)CC1
C1CCC2CCC3C4CCCCC4CC(CC4CCCC4)C3C2CC1
C1CCC2CCC3C4CCCC4CC(C4CCC(CCCCC5CCC6C(CCC7C8CCCC8CCC67)C5)CC4)C3C2CC1
C1CCC(CCCCCC2CCCC3C(C4CCCCC4)CCC23)CC1
C1CCC(CCCCCC2CCCC3CCCC23)CC1
C1CCC(C2CC3CCCC3C3CCC4CCCCCC4C23)CC1
C1CCC2CCC3C4CCCCC4CC(CC4CCCC4)C3C2CC1
C1CCC(CCC2CCC3C(CCC3C3CCCCC3)C2)CC1
C1CCC2C(C1)CCC1C3CCCC3CCC21
C1CCC(CC2CC3CCCCC3C3CCC4CCCCCC4C23)CC1
C1CCC(CCCCCC2CCCCC2)CC1
C1CCC(CCC2CCC3C(CCC4C5CCCC5CCC(CCC5CCCCC5)C34)C2)CC1
C1CCC(C2CC3CCCCC3C3CCC4CCCCC4C23)CC1
C1CCC(C2CCC3CCCC3C3CCC4CCCCC4C23)CC1
C1CCC(CC2CC3CCCCC3CC3CCC4CCCCC4C32)C1
C1CCC(CCCCC2CCC3CCCCC23)CC1
C1CCC2CCC3CCCCC3C2CC1
C1CCC(CCCCC2CCC3CCCCC23)CC1
C1CCC(C2CC3CCCC3C3CCCC4CCCCC4C23)CC1
C1CCC(CC2CC3CCCCC3C3CCC4CCCCC4C3C2)CC1
C1CCC2CC(C3CCCC4CCCC43)CCC2C1
C1CCC(CCC2CCC(CCC3CCCC(CC4CCCC4)C3)CC2)CC1
C1CCC(C2CCC3CC4C(CCC45CCCC5)CC32)CC1
C1CC2CCC3CC4C(CCC5CC54)CCC3C2C1
C1CCC(C2CCC3C(CCCCCC4CCC(C5CCCC5)C4)CCCC23)CC1
C1CCC(C2CCC3C(CCC34CCCC4)C3CCC4CCCCC4C23)CC1
C1CCC(CCCCC2CCC3CCC(C4CCCC5CCCC54)CC3C2)CC1
C1CCC(C2CCC3CCCC3C3CCC4CCCCC4C23)CC1
C1CCC(CCCCCC2CC3CCCCC3C2)CC1
C1CCC(C2CC3CCCCC3C3CCCCC23)CC1
C1CCC2CCCC(CC3CC4CCCCC4C4CCC5CCCCC5C34)C2CC1
C1CCC2C(C1)CCC1C3CCCC3CCC21
C1CCC(CCCCC2CCC(C3CCC4C(CCC4C4CCCCC4)C3)CC2)CC1
C1CCC(CCCCCC2CC3CCCCC3C2)CC1
C1CCC(CCC2CCC3C(CCC3C3CCCCC3)C2)CC1
C1CCC(CCCCC2CCC3CCCCC23)CC1
C(CCC1CCC2CCCCC2C1)CCC1CCCC2CCCCC12
C1CCC2CC(C3CCCC4CCCC43)CCC2C1
C1CCC(CCC2CCC3C(CCC3C3CCCCC3)C2)CC1
C1CCC(C2CCC3CC4C(CCCCC45CCCCC5)CC32)CC1
C1CCC(CCCCC2CC3CCCCC3C2)CC1
C1CCC(CC2CCC3CC4C(CCC45CCC(C4CCCCC4)C5)CC23)CC1
C(CCCC1CCCCC1)CCCC1CCC(C2CCCCC2)C1
C1CCC(CCCCCC2CC3CCCCC3C2)CC1
C1CCC2CCC(C3CCCC4CCCC43)CC2CC1
C1CCC(CCCCCC2CCC3CCCCC23)CC1
C1CCC(C2C3CCCC3CC3CC4CCCCC4CC32)CC1
C(CCC1CCC2CCCCC2C1)CCC1CCCC2CCCC12
C1CCC2C(C1)CCC1C2CCC2C3CCCC3CC21
C1CCC(CCCC2CCC3C(CCC3C3CCCCC3)C2)CC1
C1CCC(CCCCC2CC3CCCCC3C2)CC1
C1CCC2CCC(C3CCCC4CCCC43)CC2CC1
C1CCC(CCC2(CCCC3CC4CCCCC4C3)CCC3C4CCC5CCCCC5C4CCC32)C1
C1CCC(CCC2(CCCC3CC4CCCCC4C3)CCC3C4CCC5CCCCC5C4CCC32)C1
C1CCC2CC(C3CCCC4CCCC43)CCC2C1
C1CCC(CCC2CCCCC2)CC1
C1CCC(CC2CCC3C(CCC3C3CCCCC3)C2)CC1
C1CCC(C2CC3CCCC3CC3CCC4CCCCC4C32)CC1
C1CCC(C2CC3C(CCC4CC4)CCC3C3CCC4CCCCCC4C23)CC1
C1CCC(C2CC3CCCC3C3CCC4CCCCCC4C23)CC1
C1CC2CCC3C(CCC4CCC5CC5C43)C2C1
C1CCC(CCCCC2CC3CCCCC3C2)CC1
C1CCC(CCC2CCC3C(CCC3C3CCCC(CCC4CCCC4)C3)C2)CC1
C1CCC2C(C1)CCC1C3CCCC3CCCC21
C(CCCC1CCCC2C(C3CCCCC3)CCC12)CCC1CCCCC1
C1CCC(CC2CC3CCCCC3C3CCC4CCCCCC4C23)CC1
C1CCC(CC2CC3CCCCC3C2C2CCCCC2)CC1
C(CCCCCCC1CCC(CCC2CCC(CCC3CCCC3)C2)C1)CCCCCCC1CCC2C1CCC1C3CCCCC3CCC21
C1CCC2C(C1)CCC1C3CCCC3CCCC21
C1CCC(CCCCC2CC3CCCCC3C2)CC1
C1CCC(C2CC3CCCC3C3CCC4CCCCC4C23)CC1
C(CCC1CCCC2CCCCC12)CC1CC2CCCCC2C1
C(CCCC1CCCC2CCCCC12)CCC1CCCC1
C1CCC(CCCCC2CCC3CCCCC23)CC1
C1CCC(CCC2CCC3C(CC4CCCCC4)CCC3C2)CC1
C1CCC2C(C1)CCC1C3CCCC3CCC21
C1CCC(CC2CCCC(CC3CC4CCCCC4C4CCC5CCCCCC5C34)C2)CC1
C1CCC(CCCCC2CC3CCCCC3C2)CC1
C(CCCC1CCCCC1)CCCC1CCC(C2CCCCC2)C1
C1CCC(C2CC3C(CCC34CCCC4)C3CCC4CCCCC4CC23)CC1
C(CCCCC1CCC(C2CCCCC2)C1)CCCC1CCCCC1
C1CCC2CC(C3CCCC4CCCC43)CCC2C1
C1CCC(CCC2(CCCC3CC4CCCCC4C3)CCC3C4CCC5CCCCC5C4CCCC32)C1
C(CCCC1CCCCC1)CCCC1CCC(C2CCCCC2)C1
C1CCC2CCC3C4CCCC4CCC3C2CC1
C1CCC(CCC2CCC3C(CCC4C5CCCCC5CC(CCC5CCCCC5)C34)C2)CC1
C1CCC(CCC2CCC(C3CCC4C(CCC4C4CCCCC4)C3)CC2)CC1
C1CCC(CCCCC2CC3CCCCC3C2)CC1
C1CCC2CC3CCC4CCCCC4C3CCC2C1
C1CCC(C2CCCC3C(CCC34CCCC4)C3CCC4CCCCC4C23)CC1
C1CCC2CC(C3CCCC4CCCC43)CCC2C1
C1CCC(CCCC2CCC(CC3CCC4C(CCC4C4CCCCC4)C3)CC2)CC1
C1CCC(CCC2CCC3C(CCC3C3CCCC(CC4CCCC4)C3)C2)CC1
C1CCC(C2CCC3CC4C(CCC5C6CCC(CCCC7CC8CCCCC8C7)C6CCCC45)CC32)CC1
C1CCC2CC(C3CCCC4CCCC43)CCC2C1
C1CCC(C2CCC3CC4C(CCC5C6CCC(CCCC7CCC8CCCCC8C7)C6CCC45)CC32)CC1
C1CCC(CCCCCC2CCCCC2)CC1
C1CCC(CCCCC2CC3CCCCC3C2)CC1
C1CCC(CCC(CCC2CCC3CCCC3C2)CC2CCCCC2)CC1
C1CCC(CCC2CCC(CCC3CCCC(CC4CCCC4)C3)CC2)CC1
C1CCC(C2CCC3CC4C(CCCC5C6CCC(CCCC7CC8CCCCC8C7)C6CCC45)CC32)CC1
C1CCC(C2CCC3CC4C(CCC45CCCC5)CC32)CC1
C1CCC(CCCCCC2CC3CCCCC3C2)CC1
C(CCC1CCC2C1CCC1C3CCCCC3CCC21)CC1CC2CCCCC2C1
C(CCCC1CCCC2CCCC12)CCC1CCCCC1
C1CCC(CCCCCC2CCCC3C(C4CCCCC4)CCC23)CC1
C1CCC2CC(CC3CCCC4CCCC43)CCC2C1
C(CCC1CCCC2CCCC12)CC1CCCC2CCCCC12
C1CCC(CCCCC2CC3CCCCC3C2)CC1
C1CCC(C2CCC3C(CCC34CCCC4)C3CCC4CCCCC4C23)CC1
C1CCC(CCC2CCC3C(CCC4CC(C5CCCCC5)CCCC43)C2)CC1
C1CCC2CCC(C3CCCC4CCCC43)CC2CC1
C1CCC(CCCCCC2CC3CCCCC3C2)CC1
C1CCC(CCCCC2CCCC(C3CCC4CC(CCC5CCC6CCCCC6C5)CCC43)C2)CC1
C1CCC2CCC(C3CCCC4CCCC43)CC2CC1
C1CCC2CCC3C(CCC4C5CCCC5CC43)C2CC1
C1CCC(CCC(CCC2CCC3CCCCC3C2)CC2CCCCC2)CC1
C1CCC(CC23CCCCC2CCC2C(CCC4CCCC42)C3)CC1
C1CCC(C2CC3CCCC3C3CCC4CCCCC4C3C2)CC1
C1CCC(CCCC2CCCC3CCC(C4CCCC5CCCC54)CC3C2)CC1
C1CCC2C(C1)CCC1C2CCC2C3CCCC3CC21
C1CCC(C2CCC3CCCC3C3CCC4CCCCC4C23)CC1
C1CCC(C2CC3CCCC3C3CCC4CCCCC4C23)CC1
C1CCC2CC(C3CCCC4CCCC43)CCC2C1
C1CCC2CCC(C3CCCC4CCCC43)CC2CC1
C(CCC1CCCC2CCCCC12)CC1CCC2CCCCC2C1
C1CCC2CCC3C4CCCCC4CC(CC4CCCC4)C3C2CC1
C(CCCC1CCCCC1)CCCC1CCC(C2CCCCC2)C1
C1CCC(CCC2CCC3C(CCC3C3CCCC(CCC4CCCC4)C3)C2)CC1
C1CCC(CCC2(CCCC3CC4CCCCC4C3)CCC3C4CCC5CCCCC5C4CCC32)C1
C1CCC(CCC2CCC3C(CCC3C3CCCCC3)C2)CC1
C(CCCC1CCCC2C(C3CCCCC3)CCC12)CCC1CCCCC1
C(CCC1(C2CCCC2)CCCC2CCCCC21)CC1CCC2CCCCC2C1
C1CCC2C(C1)CCC1C3CCCCC3CCC21
C1CCC(CCCCC2CC3CCCCC3C2)CC1
C1CCC(C2CC3CCCCC3C3CCC4CCCCC4C23)CC1
C1CCC(CCCCCC2CC3CCCCC3C2)CC1
C1CCC(C2CCC3CCC4C(CCC5C6CCC(CCCC7CC8CCCCC8C7)C6CCC45)CC32)CC1
C1CCC(CC2CCC(CCC(CC3CCCCC3)C3CCCCC3)CC2)CC1
C1CCC(CCCC2CC3CCCCC3C2C2CCCCC2)CC1
C1CCC(CCCCCC2CCC3CCCCC23)CC1
C1CCC(C2CCC3CC4C(CCCC45CCCC5)CC32)CC1
C1CCC2C(C1)CCC1C3CCCC3CCC21
C1CCC(CCCCC2CCC3CCCCC23)CC1
C1CCC2C(C1)CCC1CCCCC12
C1CCC(CC2CCC3C(CCCCCC4CCC(C5CCCC5)C4)CCCC23)CC1
C1CCC(C2CCC3CC4CCCCC4CCC32)CC1
C1CCC2C(C1)CCC1C3CCCC3CCC21
C1CCC(C2CCC(C3CC4CCCC4C4CCC5CCCCC5C34)CC2)C1
C1CCC(C2CCC3CC4C(CCC32)CCC2C3CCC(CCCC5CC6CCCCC6C5)C3CCC42)CC1
C1CCC(CC2CCC3CCCCC3C3CCC4CCCCC4C23)CC1
C1CCC2C(C1)CCC1C3CCCC3CCC21
C1CCC(CCCCCC2CCC3CCCCC23)CC1
C1CCC2C(C1)CCC1C3CCCC3CCC21
C1CCC(CCCCCC2CCCCC2)CC1
C1CCC2CCC(C3CCCC4CCCC43)CC2CC1
C1CC(C2CCC(C3CC4CCCC4C4CCC5CCCCC5C34)CC2)C1
C1CCC(CCC2CCC3C(CCC3C3CCCCC3)C2)CC1
C1CCC(C2CC3CCCC3C3CCC4CCCCCC4C23)CC1
C1CCC(C2CCC3CCCC3C3CCC4CCCCC4C23)CC1
C1CCC(C2CC3CCCC3C3CCC4CCCCCC4C23)CC1
C1CCC(CCCCCC2CC3CCCCC3C2)CC1
C1CCC(CCC2CCC3C(CCC3C3CCCCC3)C2)CC1
C1CCC(CC2CC3CCCCC3C3CCC4CCCCCC4C23)CC1
C1CCC(CCCCC2CC3CCCCC3C2)CC1
C1CCC(C2CCC(C3CC4CCCC4C4CCC5CCCCC5C34)CC2)C1
C1CCC(CCCC2CCC(C3CCC4C(CCC4C4CCCCC4)C3)CC2)CC1
C(CCCC1CCCCC1)CCCC1CCC(C2CCCCC2)C1
C1CCC2C(C1)CC(C1CCCC3CCCCC31)C1CCCC21
C1CCC(CCC2CCC3C(CC4CCCCC4)CCC3C2)CC1
C1CCC(C2CC3CCCC3C3CCC4CCCCCC4C23)CC1
C1CCC2C(C1)CCC1C3CCCC3CCC21
C1CCC2C(C1)CCC1CCCCC12
C1CCC(C2CC3CCCC3C3CCCC4CCCCC4C23)CC1
C1CCC(CCCCCC2CC3CCCCC3C2)CC1
C(CCCC1CCCC2C(C3CCCCC3)CCC12)CCC1CCCCC1
C1CCC(C2CC3CCCC3C3CCCC4CCCCC4C23)CC1
C1CCC(CC2CC3CCCCC3C3CCC4CCCCC4C23)CC1
C1CCC(CCCCCC2CCC3CCCCC23)CC1
C1CCC2C(C1)CCC1CCCCC12
C1CCC(CCCCCC2CCCC3C(C4CCCCC4)CCC23)CC1
C1CCC(C2CCC(CCCCCC3CCCC4C(C5CCCCC5)CCC34)C2)CC1
C1CCC(CC2CCC3CCCCC3C3CCC4CCCCC4C23)C1
C1CCC(C2CCCC(CC3CC4CCCCC4C4CCC5CCCCC5C4C3)C2)C1
C1CCC(C2CC3CCCCC3C3CCC(CCCC4CCCC4)CC23)CC1
C1CCC(CCCCCC2CC3CCCCC3C2)CC1
C(CCC1CCCC2CCCC12)CC1CC2CCCCC2C1
C1CCC(CCC2CCC3C(CCC4C5CCCC5CCCC34)C2)CC1
C1CCC(CCC(CC2CCC(CC3CCCCC3)CC2)C2CCCCC2)CC1
C1CCC(CCC2CCC(C3CCC4C(CCC4C4CCCCC4)C3)CC2)CC1
C1CCC2CCC3C4CCCC4CCC3C2CC1
C1CCC(CCCCCC2CC3CCCCC3C2)CC1
C1CCC2C(C1)CCCC1CCCCC12
C1CCC(CCCCC2CC3CCCCC3C2)CC1
C1CCC(CC2CCC3C(CCCCCC4CCC(C5CCCC5)C4)CCCC23)CC1
C1CCC(CCCCCC2CCCC3C(C4CCCCC4)CCC23)CC1
C1CCC(CCC2CCC3C(CCC4CC(C5CCCCC5)CCC43)C2)CC1
C1CCC2CC(C3CCCC4CCCC43)C3CCCC3C2CC1
C1CCC(C2CC3CCCC3C3CCC4CCCCCC4C23)CC1
C1CCC(CCCC2(CCC3CCCC3)CCC3C4CCC5CCCCC5C4CCCC32)CC1
C1CCC(CC2CC3CCCCC3C3CCC4CCCCC4C3C2)C1
C1CCC(CCC2CCC3C(CCC3C3CCCC(CC4CCCC4)C3)C2)CC1
C1CCC2C(C1)CCC1C3CCCC3CCC21
C1CCC(CCCCCC2CCCC3C(C4CCCCC4)CCC23)CC1
C1CCC(CC2CCCCC2CC2CC3CCCCC3C3CCC4CCCCCC4C23)CC1
C(CCCC1CCCC2CCCCC12)CCC1CCC(C2CCCCC2)C1
C1CCC(CCCCC2CCC3CCCCC23)CC1
C1CCC(C2CC3CCCC3C3CCC4CCCCC4C23)CC1
C1CCC(C2CC3CCCCC3C3CCC4CCCCC4C23)CC1
C1CCC(C2CCC3CC4C(CCCC5C6CCC(CCCC7CC8CCCCC8C7)C6CCC45)CC32)CC1
C1CCC2CC(CCCC3CCC4C3CCC3C5CCCCC5CCC43)CCC2C1
C1CCC(CC2CCCCC2CC2CC3CCCCC3C3CCC4CCCCC4C23)CC1
C(CCCC1CCCC2C1CCC2C1CCCC(CC2CC2)C1)CCC1CCCCC1
C1CCC(CCCC2CCC3CCC(C4CCCC5CCCC54)CC3C2)CC1
C1CCC(CCCCCC2CCCC3C(C4CCCCC4)CCC23)CC1
C1CCC2CC(C3CCCC4CCCC43)CCC2C1
C1CCC(C2CCC3CC4C(CCC45CCCCC5)CC32)CC1
C1CCC(C2CC3CCCC3C3CCC4CCCCCC4C23)CC1
C1CCC(CCC2CCC3C(CCC3C3CCCCC3)C2)CC1
C1CCC2CCC(C3CCCC4CCCC43)CC2CC1
C1CCC2C(C1)CCC1C3CCCC3CCC21
C1CCC2C(C1)CC(C1CCCC3CCCCC31)C1CCCC21
C1CCC(C2CCC3CC4C(CCC5CCC6CCCCC65)CCCC4CC32)CC1
C(CCC1CCCC2CCCC12)CC1CCCC2CCCCC12
C1CCC(CCC(CCC2CCCCC2)CCC2CCC3CCCC3C2)CC1
C1CCC2CC(C3CCCC4CCCC43)CCC2C1
C1CCC(CCCCCC2CC3CCCCC3C2)CC1
C1CCC2C(C1)CCC1C3CCCC3CCC21
C1CCC2CCC3C4CCC(CCCC5CC6CCCCC6C5)C4CCC3C2CC1
C1CCC2C(C1)CCC1C3CCCC3CCCC21
C1CCC(CCC2CCC3C(CCC3C3CCCCC3)C2)CC1
C1CCC(CC2CCC(CC(CC3CCCCC3)C3CCCCC3)CC2)CC1
C1CCC(C2CC3CCCCC3C3CCCCC23)CC1
C1CCC(CCC2CCC(CCC3CCCC(CC4CCCC4)C3)CC2)CC1
C1CCC(CCCCC2CC3CCCCC3C2)CC1
C1CCC(CCCCC2CC3CCCCC3C2)CC1
C1CCC(C2CCC3CC4C(CCCC45CCCC5)CC32)CC1
C1CCC(CCC2CCC3C(CCC3C3CCCC(CCC4CCCC4)C3)C2)CC1
C1CCC(C2CC3CCCC3C3CCC4CCCCCC4C23)CC1
C1CCC2CC(C3CCCC4CCCC43)CCC2C1
C(CCC1CC2CCCCC2C1)CCC1CCCC2CCCC12
C1CCC(CCCC2CCC3CCC(C4CCCC5CCCC54)CC3C2)CC1
C1CCC(CCCCCC2CCCC3C(C4CCCCC4)CCC23)CC1
C1CCC2CCC3C4CCCCC4CCC3C2CC1
C1CCC(CCC2CCC3C(CCC3C3CCCCC3)C2)CC1
C1CCC(CCCC2CCC3CCC(CC4CCCC5CCCC54)CC3C2)CC1
C1CCC(C2CC3CCCC3C3CCC4CCCCC4C23)CC1
C1CCC(C2CCC3CC4C(CCCCC45CCCC5)CC32)CC1
C1CCC(CCCCCC2CCCC3C(C4CCCCC4)CCC23)CC1
C1CCC(C2CCC3C(CCCCCC4CCC(C5CCCC5)C4)CCCC23)CC1
C1CCC(CCCCCC2CCCC3C(CC4CCCCC4)CCC23)CC1
C1CCC2C(C1)CCCC1C3CCCC3CCC21
C1CCC(C2CCC3CC4C(CCCC45CCCCC5)CC32)CC1
C1CCC(C2CCC3C(CCCC4CCCCC43)C2)C1
C1CCC(CC2CC3CCCCC3C3CCC4CCCCC4C23)CC1
C1CCC(CCC2CCC3C(CCC4C5CCCC5CC(CCC5CCCCC5)C34)C2)CC1
C(CCC1CCCC2CCCC12)CC1CC2CCCCC2C1
C1CCC(C2CCC3CC4C(CCC5C6CCC(CCCCC7CC8CCCCC8C7)C6CCC45)CC32)CC1
C1CCC(CCCCCC2CCCC3C(C4CCCCC4)CCC23)CC1
C1CCC(CCCC2CCCC3C2CCC2C4CC5CCC(C6CCCCC6)C5CC4CCC32)CC1
C1CCC(C2CCC3CCC4C(CCC45CCCC5)CC32)CC1
C1CCC(CCC2CCCC3CCC4C(CCC4C4CCCCC4)CC23)CC1
C1CCC(CCCCCC2CC3CCCCC3C2)CC1
C1CCC2CCC(C3CCCC4CCCC43)CC2CC1
C1CCC(C2CC3CCCCC3C3CCCCC23)CC1
C1CCC(CC2CC3CCCCC3C3CCC4CCCCC4C3C2)C1
C1CCC(CC2CC3CCCCC3C3CCC4CCCCC4C23)CC1
C1CCC(C2CCC3CC4C(CCC5CCCCCC54)CC32)CC1
C1CCC(CC2CC3CCCCC3C3CCC4CCCCC4C23)C1
C1CCC(CCC2CCC(CCC3CCCC(CC4CCCC4)C3)CC2)CC1
C1CCC2CC(CC3CCCC4CCCC43)CCC2C1
C1CCC(C2CCC3CC4C(CCCC45CCCCC5)CC32)CC1
C1CCC2CC(CCCC3CCC4C3CCC3C5CCCCC5CCC43)CC2C1
C1CCC(CCCCCC2CCCC3C(C4CCCCC4)CCC23)CC1
C1CCC(CC2CCCC(CCC3CCC(CCC4CCC(C5CC5)CC4)CC3)C2)C1
C1CCC(CCCCC2CC3CCCCC3C2)CC1
C1CCC(CCC2CCC(C3CC3)CC2)CC1
C1CCC(CCCC2CCC3C(CCC3C3CCCCC3)C2)CC1
C1CCC(C2CCC3CC4C(CCCC45CCCCC5)CC32)CC1
C1CCC(C2CCC3CCCC3C3CCC4CCCCC4C23)CC1
C1CCC2C(C1)CCCC2CCCC1CCC2C1CCC1C3CCCCC3CCCC21
C1CCC2CCC(C3CCCC4CCCC43)CC2CC1
C1CCC(CCCC2CCC3CCC(C4CCCC5CCCC54)CC3C2)CC1
C1CCC2CC(C3CCCC4CCCC43)CCC2C1
C(CC1CCC2CCCCC2C1)CC1CCC2CCC(C3CCCC4CCCC43)CC2C1
C(CCC1(CC2CCCC2)CCCC2CCCCC21)CC1CCC2CCCCC2C1
C1CCC(C2CCC3CCC4C(CC5CC6CCCCC6C5)CCCC4CC32)CC1
C1CCC(CCCCCC2CCC3CCCCC23)CC1
C1CCC2C(C1)CCC1C3CCCCC3CCC21
C1CCC(CCCCC2CC3CCCCC3C2)CC1
C1CCC(CC2CC3CCCCC3C3CCC4CCCCCC4C23)CC1
C1CCC(CCCCCC2CCCCC2)CC1
C1CCC2CCC3C4CCCCC4CCC3C2CC1
C1CCC(CCC2CCC3C(CCC3C3CCCCC3)C2)CC1
C1CCC(C2CCC3CC4C(CC5CCC6CCCCC65)CCCC4CC32)CC1
C1CCC(CCC2CCC3C(CCC3C3CCCCC3)C2)CC1
C1CCC(CCC2CCC(CCC3CCCCC(CC4CCCC4)C3)CC2)CC1
C1CCC(C2CC3CCCC3CC3CCC4CCCCC4C32)CC1
C1CCC2CC(CCCC3CCC4C3CCC3C5CCCCC5CCC43)CC2C1
C1CCC(C2CCC3CC4C(CCCCC5CC5)CCCC4CC32)CC1
C1CCC2CC3CCC4CCCCC4C3CCC2C1
C1CCC(C2CCC3CC4C(CCCC45CCCCC5)CC32)CC1
C1CCC2C(C1)CCCC2CCCC1CCCC2CCCCC21
C1CCC(C2CC3CCCCC3C3CCC4CCCCC4C23)CC1
C1CCC2CCC3C4CCC(CCCC5CCC6CCCCC6C5)C4CCC3C2CC1
C1CCC2CCC(C3CCCC4CCCC43)CC2CC1
C1CCC(C2CC3CCCC3C3CCC4CCCCC4C23)CC1
C1CCC(CCCCC2CCC3CCC(C4CCCC5CCCC54)CC3C2)CC1
C(CCC1CCCCC2CCCCC12)CC1CCC2CCCCC2C1
C1CCC(CC23CCCCC2CCC2C4CCCC4CCC23)CC1
C1CCC(CCCCCC2CCCC3CCC(C4CCCCC4)CC23)CC1
C1CCC(C2CCC3(CCC4CC5C(CCC5C5CCCCC5)CCC43)C2)CC1
C1CCC2CC(C3CCCC4CCCC43)CCC2C1
C(CCCC1CCCC2C(C3CCCCC3)CCC12)CCC1CCCCC1
C1CCC(CC2CCC(C3CC4CCCC4C4CCC5CCCCCC5C34)CC2)CC1
C1CCC(CCC2CCC3C(CCC3C3CCCCC3)C2)CC1
C1CCC(CCC2CCC3C(CCC3C3CCCCC3)C2)CC1
C1CCC(CC2CC3CCCCC3C3CCCCC23)CC1
C1CCC(CC2CC3CCCCC3C3CCC4CCCCC4C3C2)C1
C1CCC(C2CCC3CC4C(CCCC45CCCC5)CC32)CC1
C1CCC(C2CC3CCCCC3C3CCCCC23)CC1
C1CCC(CCCCCC2CCC3CCCCC23)CC1
C1CCC(C2CCC3(CCC4CC5C(CCC5C5CCCCC5)CC43)C2)CC1
C(CCCC1CCCC2C(C3CCCCC3)CCC12)CCC1CCCCC1
C1CCC(C2CC3CCCCC3C3CCCCC23)CC1
C1CCC(CCC2CCCC3CC4C(CCC23)CCC4C2CCCCC2)CC1
C1CCC(CCCCC2CCC3CCC(C4CCCC5CCCC54)CC3C2)CC1
C1CCC(CCCCC2CCC3CCCCC23)CC1
C1CCC(CCCC2CCCC(C3CCC4CC(CCC5CCC6CCCCC6C5)CCC43)C2)CC1
C1CCC(CCCCCC2CCCC3C(CC4CCCCC4)CCC23)CC1
C1CCC2C(C1)CCC1CCCCC12
C1CCC(CCC(CC2CCC3C(CCC3C3CCCCC3)C2)C2CCCCC2)CC1
C1CCC(CCC2CCC3C(CCC3C3CCCCC3)C2)CC1
C1CCC(C2CC3CCCCC3CC3CCC(CCC4CCCC4)CC32)CC1
C1CCC(CCCCCC2CC3CCCCC3C2)CC1
C1CCC(CCCC2CCC3C(CCC3C3CCCCC3)C2)CC1
C(CCC1CCCCC2CCCCC12)CC1CCC2CCCCC2C1
C1CCC(C2CCC3CC4C(CCCC45CCCC5)CC32)CC1
C1CCC(CCCC2CCCC3CCC(C4CCCC5CCCC54)CC3C2)CC1
C1CCC(CCCCC2CCC3CCC(C4CCCC5CCCC54)CC3C2)CC1
C1CCC(CCCCC2CC3CCCCC3C2)CC1
C1CCC(CC2CC3CCCCC3C3CCC4CCCCCC4C23)CC1
C1CCC(CCCCCC2CCCC3C(C4CCCCC4)CCC23)CC1
C1CCC2C(C1)CCC1C3CCCCC3CCC21
C1CCC2CC(CCCC3CCC4C3CCC3C5CCCCC5CCC43)CC2C1
C1CCC2CCC(C3CCCC4CCCC43)CC2CC1
C1CCC(CCC2CCC3C(CCC3C3CCCCC3)C2)CC1
C1CCC(C2CCC3CC4C(CCC32)CCC2C3CCC(CCCC5CC6CCCCC6C5)C3CCC42)CC1
C1CCC2C(C1)CCC1CCCCC12
C(CCCCC1CCC(C2CCCCC2)C1)CCCC1CCCCC1
C1CCC(CCCCCC2CCCC3C(C4CCCCC4)CCC23)CC1
C1CCC(CCC2CCC3C(CCC3C3CCCCC3)C2)CC1
C1CCC2C(C1)CCCC1C3CCCC3CCC21
C1CCC(CC2CCC3CC4C(CCC45CCCCC5)CC23)CC1
C1CCC2CCC3C4CCC(CCCC5CCCC6CCCCC65)C4CCC3C2CC1
C1CCC(CCCCCC2CC3CCCCC3C2)CC1
C1CCC2C(C1)CCCC1C3CCCC3CCC21
C1CCC(CC2CC3CCCCC3C3CCC4CCCCC4C23)C1
C1CCC(CCCCC2CC3CCCCC3C2)CC1
C1CCC(CCCCCC2CCC3CCCCC23)CC1
C1CCC(CC2CCCC(C3CCC4CC(CCC5CCC6CCCCC6C5)CCC43)C2)C1
C1CCC(CC2CCC(C3CC4CCCC4C4CCC5CCCCC5C34)CC2)C1
C1CCC(CC2CC3CCCCC3CC3CCC4CCCCC4C32)CC1
C1CCC(C2CC3CCCC3C3CCC4CCCCC4C23)CC1
C1CCC(CCC(CCC2CCC3CCCC3C2)CC2CCCCC2)CC1
C1CCC2C(C1)CCC1C3CCCC3CCC21
C1CCC(C2CC3CCCC3C3CCC4CCCCC4C23)CC1
C1CCC2CCC3C4CCCC4CCC3C2CC1
C1CCC(CCCCCC2CCC3CCCCC3C2)CC1
C(CCC1CCCC2CCCCC12)CC1CCCC2CCCCC12
C1CCC2C(C1)CCC1C3CCCC3CCC21
C1CCC(CCC2CCC3C(CCC3C3CCCCC3)C2)CC1
C1CCC(CCC2CCC3C(CCC3C3CCCCC3)C2)CC1
C1CCC(C2CCC3C(CCCC4CCCCC43)C2)CC1
C1CCC(CCC2CCC3C(CCC3C3CCCCC3)C2)CC1
C1CCC(CCCCCC2CCCC3C(CC4CCCCC4)CCC23)CC1
C1CCC(C2CCC3CC4C(CCC5C6CCC(CCCCC7CCC8CCCCC8C7)C6CCC45)CC32)CC1
C1CCC(C2CC3CCCC3C3CCC4CCCCC4C23)CC1
C1CCC2CC(C3CCCC4CCCC43)CCC2C1
C1CCC(CC2CC3CCCCC3C3CCC4CCCCC4C23)CC1
C1CCC(C2CCC3CCCC3C3CCC4CCCCC4C23)CC1
C1CCC(C2CCC3CC4C(CCCC5CCC5)CCCC4CC32)CC1
C1CCC(C2CC3CCCC3C3CCC4CCCCC4C23)CC1
C1CCC(C2CCC(CCCC3CCC4C3CCC3C5CCCCC5CCC43)C2)CC1
C1CCC(C2CCC3CC4C(CCC45CCCC5)CC32)CC1
C1CCC2CCC(C3CCCC4CCCC43)CC2CC1
C1CCC(CCCC2CCCC3CCC(C4CCCC5CCCC54)CC3C2)CC1
C(CCCC1CCCC2C(C3CCCCC3)CCC12)CCC1CCCCC1
C1CCC(CCC2CCCCC3CC4C(CCC4C4CCCCC4)CC23)CC1
C1CCC(CCCCCC2CC3CCCCC3C2)CC1
C1CCC(CCCCCC2CCCC3C(C4CCCCC4)CCC23)CC1
C(CCC1CCC2CCCCC2C1)CCC1CCCC2CCCCC12
C1CCC(CCC2CCC3C(CCC4CCCCCC43)C2)CC1
C1CCC(C2CCC3CCC4(CCCCC4C4CCCCC4)CCC32)CC1
C1CCC(C2CCC3CCCC3C3CCC4CCCCC4C23)CC1
C(CCC1CCCC2CCCCC12)CC1CCC2CCCCC2C1
C1CCC(CCC2CCC3C(CCC3C3CCCCC3)C2)CC1
C1CCC(CCC(CCC2CCCCC2)CCC2CCC3CCCC3C2)CC1
C1CCC2C(C1)CCC1C2CCC2C3CCCC3CC21
C(CCC1CCCC2CCCCC12)CC1CCCC2CCCCC12
C(CCC1(C2CCCC2)CCCC2CCCCC21)CC1CCC2CCCCC2C1
C1CCC(C2CCC3CC4C(CCC5C6CCC(CCCCC7CC8CCCCC8C7)C6CCC45)CC32)CC1
C1CCC(CCC2CCC(C3CC3)CC2)CC1
C1CCC(C2CC3CCCC3C3CCC4CCCCC4C23)CC1
C(CCCC1CCCC2CCCC12)CCC1CCCCC1
C1CCC(CCCC2CCC3CCC(C4CCCC5CCCC54)CC3C2)CC1
C1CCC(C2CCC3CC4CCCCC4CC32)CC1
C1CCC(C2CC3CCCC3C3CCC4CCCCC4C3C2)CC1
C1CCC(C2CC3CCCC3C3CCC4CCCCC4C3C2)CC1
C1CCC2C(C1)CCCC1CCCCC12
C1CCC(CCCCCC2CC3CCCCC3C2)CC1
C1CCC(CCCCC2CC3CCCCC3C2)CC1
C1CCC(C2CCCC3CCCC3C3CCC4CCCCC4C23)CC1
C1CCC(CC2CC3CCCCC3C3CCC4CCCCCC4C23)CC1
C1CCC(CC2CCC3CCCCC3C3CCC4CCCCC4C23)C1
C1CCC(CCCCCC2CC3CCCCC3C2)CC1
C1CCC2C(C1)CCC1C3CCCC3CCCC21
C1CCC(CC23CCCCC2CCC2C4CCCC4CCC23)CC1
C1CCC(CCCCCC2CCCC3C(C4CCCCC4)CCC23)CC1
C1CCC(CCCC2(CCC3CCCC3)CCC3CC4CCC5CCCCC5C4CCC32)CC1
C1CCC(CCCCC2CC3CCCCC3C2)CC1
C(CCC1CC2CCCCC2C1)CCC1CCCC2CCCC12
C1CCC(CCCCC2CC3CCCCC3C2)CC1
C1CCC(C2CCC3C(CCC4CCCCC43)C2)CC1
C1CCC(C2CC3CCCC3C3CCCC4CCCCC4C23)CC1
C1CCC(CCCCCC2CCCC3C(C4CCCCC4)CCC23)CC1
C1CCC(C2CCC3CC4C(CCCCC45CCCC5)CC32)CC1
C1CCC2CCC3C4CCCC4CCC3C2CC1
C1CCC(CC2CCC3CCCCC3C3CCC4CCCCC4C23)CC1
C1CCC(CCCCC2CC3CCCCC3C2)CC1
C1CCC2CC(CC3CCCC4CCCC43)CCC2C1
C1CCC(CCC2CCC3C(CCC3C3CCCCC3)C2)CC1
C1CCC(CC2CCC(CC(CC3CCCCC3)C3CCCCC3)CC2)CC1
C1CCC(C2CCC3CC4C(CCCCC45CCCCC5)CC32)CC1
C(CCC1CCC2CCCCC2C1)CCC1CCCC2CCCCC12
C1CCC(CCC2CCCCC3CC4C(CCC4C4CCCCC4)CC23)CC1
C1CCC2CC(CC3CCCC4CCCC43)CCC2C1
C1CC2CCC3C(CCC4CCC5CC5C43)C2C1
C1CCC(C2CC3CCCC3C3CCC4CCCCCC4C23)CC1
C1CCC(CCC2CCC3C(CCC4CCCCC43)C2)CC1
C1CCC2CC(C3CCCC4CCCC43)CCC2C1
C1CCC(CCCCCC2CC3CCCCC3C2)CC1
C1CCC(CCCC2CCC3CCC(C4CCCC5CCCC54)CC3C2)CC1
C(CCC1CCCC2CCCCC12)CC1CCCC2CCCCC12
C1CCC2CCC3C4CCCC4CCC3C2CC1
C1CCC(CCC(CC2CC3CCCCC3C2)C2CCCCC2)CC1
C(CC1CCC2CCCC2C1)CC1CCC2CCC(C3CCCC4CCCC43)CC2C1
C1CCC(CCCCCC2CCCC3C(C4CCCCC4)CCC23)CC1
C(CCC1CCC2CCC(C3CCCC4CCCC43)CC2C1)CC1CCC2CCCC2C1
C1CCC2CC(C3CCCC4CCCC43)CCC2C1
C1CCC(CCCCC2CC3CCCCC3C2)CC1
C1CCC(CC2CC3CCCCC3C3CCC4CCCCC4C23)C1
C1CCC2C(C1)CCC1C3CCCC3CCC21
C(CCC1CCC2CCCCC2C1)CCC1CCCC2CCCCC12
C1CCC(C2CCC3CC4C(CCCC5C6CCC(CCCC7CC8CCCCC8C7)C6CCC45)CC32)CC1
C(CCCC1CCCCC1)CCCC1CCC(C2CCCCC2)C1
C1CCC(C2CC3CCCC3C3CCC4CCCCC4C23)CC1
C1CCC2CCC3C4CCCCC4CC(CC4CCCC4)C3C2CC1
C1CCC2CC(CCCC3CCCC4CCCCC43)CC2C1
C1CCC2CC(CCCC3CCCC4CCCCC43)CC2C1
C1CCC2CC(C3CCCC3)C3CCCC3C2CC1
C(CCCC1CCCC2C(C3CCCCC3)CCC12)CCC1CCCCC1
C1CCC(CCCC2CCCC(C3CCC4CC(CCC5CCC6CCCCC6C5)CCC43)C2)CC1
C1CCC(CCCCCC2CC3CCCCC3C2)CC1
C1CCC(CCC2CCC(C3CCC3)CC2)CC1
C1CCC(C2CCC3CC4C(CCCC45CCCC5)CC32)CC1
C1CCC2CCC3C(CCC4C3CCC4(CCCC3CCC4CCCCC4C3)CCC3CCCC3)C2CC1
C1CCC(C2CCC3C(CCCCCC4CC4)CCCC23)CC1
C1CCC(C2CCC3(CCC4CCC5C(CCC5C5CCCCC5)CC43)C2)CC1
C1CCC(CCCC2CCCCC2)CC1
C1CCC2CC(CC3CCCC4CCCC43)CCC2C1
C(CCC1CCCC2CCCCC12)CC1CCC2CCCCC2C1
C(CCC1CCCC2CCCC12)CC1CCCC2CCCCC12
C1CCC(CC2CCC3C(CCC3C3CCCCC3)C2)CC1
C1CCC(CC23CCCCC2CCC2C(CCC4CCCC42)C3)CC1
C1CCC(CC2CC3CCCCC3C3CCC4CCCCC4C23)CC1
C1CCC(CC2CC3CCCCC3C3CCC4CCCCCC4C23)CC1
C1CCC2C(C1)CCC1C3CCCC3CCC21
C1CCC(CCCCC2CCC3CCCCC23)CC1
C1CCC(CCC2CCC3C(CCC3C3CCCC(CC4CCCC4)C3)C2)CC1
C1CCC(C2CC3CCCC3C3CCC4CCCCC4C23)CC1
C(CCC1CCCC2CCCC12)CC1CC2CCCCC2C1
C(CC1CCC(C2CCCC2)CC1)CC1CCC2CCCC2C1
C1CCC(CC2CCCC(CC3CC4CCCCC4C4CCC5CCCCCC5C34)C2)CC1
C1CCC2C(C1)CC(C1CCCC1)C1CCCCC21
C1CCC(CC2CCC3C(CCC3C3CCCCC3)C2)CC1
C1CCC(CCCCC2CC3CCCCC3C2)CC1
C1CCC(C2CCC3CC4C(CC5CC6CCCCC6C5)CCCC4CC32)CC1
C1CCC2C(C1)CCCC1C3CCCC3CCC21
C1CCC2CC(C3CCCC4CCCC43)CCC2C1
C1CCC(CCCC(CC2CCC3C(CCC3C3CCCCC3)C2)C2CCCCC2)CC1
C1CCC(CC2CC3CCCCC3CC3CCC4CCCCC4C32)C1
C1CCC(CCCCC2CC3CCCCC3C2)CC1
C1CCC(CCC2CCC(C3CC3)CC2)CC1
C1CCC(CCC2CCC(CCC3CCCC(CC4CCCC4)CC3)CC2)CC1
C1CCC(CCC2CCC3C(CCC3C3CCCCC3)C2)CC1
C1CCC(CC2CC3CCCCC3C3CCC4CCCCCC4C23)CC1
C1CCC(C2CCC3CC4C(CCC32)CCC42CCCCC2)CC1
C1CCC(C2CC3CCCC3CC3CCC4CCCCC4C32)CC1
C1CCC(CCCCC2CCC3CCCCC23)CC1
C1CCC(C2CCC(C3CC4CCCC4C4CCC5CCCCC5C4C3)CC2)C1
C1CCC2CC(C3CCCC4CCCC43)CCC2C1
C1CCC(CCCCCC2CCCC3C(C4CCCCC4)CCC23)CC1
C1CCC(CCCCC2CC3CCCCC3C2)CC1
C1CCC(C2CC3CCCC3C3CCC4CCCCCC4C23)CC1
C1CCC(CCCC2(CCCC3CC4CCCCC4C3)CCC3C4CCC5CCCCC5C4CCC32)C1
C1CCC2CCC(C3CCCC4CCCC43)CC2CC1
C1CCC(CCCC2(CCC3CCCC3)CCC3C4CCC5CCCCCC5C4CCC32)CC1
C(CCC1CCCC2CCCCC12)CC1CCCC2CCCCC12
C1CCC(CCC23CCCCC2CCC2C4CCCC4CCC23)CC1
C1CCC(CCCCCC2CC3CCCCC3C2)CC1
C1CCC(CCCCC2CCCC3CCC(C4CCCCC4)CC23)CC1
C1CCC2CC(C3CCCC3)C3CCCC3C2CC1
C1CCC2CCC(C3CCCC4CCCC43)CC2CC1
C1CCC2CCC(C3CCCC4CCCC43)CC2CC1
C1CCC(C2CC3CCCCC3C3CCCCC23)CC1
C(CCC1CCCC2CCCCC12)CC1CCCC2CCCCC12
C1CCC(C2CC3CCCC3C3CCC4CCCCC4C23)CC1
C1CCC(CC2CC3CCCCC3C3CCC4CCCCCC4C23)CC1
C1CCC(C2CC3CCCC3C3CCC4CCCCCC4C23)CC1
C(CCCC1CCCCC1)CCC1CCCCC1
C1CCC(C2CC3CCCC3C3CCC4CCCCCC4C23)CC1
C1CCC(C2C3CCCC3CC3CC4CCCC4CC32)CC1
C(CCC1CC2CCCCC2C1)CCC1CCCC2CCCC12
C1CCC(C2CC3CCCC3C3CCCC4CCCCC4C23)CC1
C1CCC(CCCCCC2CCCC3C(C4CCCCC4)CCC23)CC1
C1CCC(CCC2CCC(CCC3CCCCC(CC4CCCC4)C3)CC2)CC1
C1CCC(C2CC3CCCC3C3CCC4CCCCC4C23)CC1
C(CCCC1CCCC2CCCCC12)CCC1CCC(C2CCCCC2)C1
C1CCC(C2CC3CCCC3C3CCC4CCCCC4C23)CC1
C(CCCCC1CCC(C2CCCCC2)C1)CCCC1CCC2CCCC2C1
C1CCC(CCCCCC2CCCC3C(CC4CCCCC4)CCC23)CC1
C1CCC2C(C1)CCCC1C3CCCC3CCC21
C1CCC2C(C1)CCC1C3CCCC3CCC21
C(CCC1CCC2CCCCC2C1)CCC1CCCC2CCCCC12
C1CCC(CCCC2CCC3CCC(C4CCCC5CCCC54)CC3CC2)CC1
C1CCC(CCCCC2CC3CCCCC3C2)CC1
C1CCC2CC(C3CCCC4CCCC43)CCC2C1
C(CCC1CCCC2CCCCC12)CCC1CCCC2CCCCC12
C1CCC(CCCCCC2CCCC3C(C4CCCCC4)CCC23)CC1
C(CC1CC2CCCCC2C1)CC1CCC2C(CCC3C4CCCCC4CCC23)C1
C1CCC(CCC2CCC(CCC3CCCC(CC4CCCC4)C3)CC2)CC1
C1CCC(CC2CC3CCCCC3C3CCC4CCCCC4C23)C1
C1CCC2CC(C3CCCC4CCCC43)C3CCCC3C2CC1
C1CCC(C2CC3CCCC3C3CCC4CCCCC4C23)CC1
C1CCC(C2CCC3CC4C(CCC5C6CCCC(CCCC7CCC8CCCCC8C7)C6CCC45)CC32)CC1
C1CCC2CC(C3CCCC4CCCC43)CCC2C1
C1CCC(CCCCC23CCCC2CC2C4CCC5CCCCC5C4CCC23)C1
C1CCC(CCC2CCC3C(CCC3C3CCCCC3)C2)CC1
C1CCC2CC(C3CCCC4CCCC43)CCC2C1
C1CCC(CCCC2CCC3CCCC3C2)CC1
C1CCC2CCC3C4CCCCC4CC(CC4CCCC4)C3C2CC1
C1CCC(CCCC2CCC3C2CCC2C4CC5CCC(CC6CCCCC6)C5CC4CCC32)CC1
C1CCC(CCCCCC2CCC3CCCCC23)CC1
C1CCC(CC2CC3CCCCC3C3CCC4CCCCC4C23)CC1
C(CCCC1CCCC2C(C3CCCCC3)CCC12)CCC1CCCCC1
C1CCC2C(C1)CCC1C3CCCC3CCC21
C1CCC2CC(C3CCCC4CCCC43)CCC2C1
C1CCC(CCCCC2CC3CCCCC3C2)CC1
C1CCC(C2CCC3CC4C(CCC5C6CCC(CCCC7CCC8CCCCC8C7)C6CCC45)CC32)CC1
C1CCC(CCCCC2CC3CCCCC3C2)CC1
C1CCC(CCCCC2CC3CCCCC3C2)CC1
C(CCC1CCCC2CCCCC12)CC1CCCC2CCCCC12
C1CCC(C2CCC3CCC4(CCCCCC4C4CCCCC4)CCC32)CC1
C1CCC(C2CC3CCCCC3C3CCC4CCCCC4C23)CC1
C1CCC2CC(CCCC3CCCC4CCCCC43)CC2C1
C1CCC(C2CCC3C(CCC4CCCCC43)C2)CC1
C1CCC2C(C1)CCC1C3CCCC3CCC21
C1CCC(CCCCC2CCC3CCCCC23)CC1
C1CCC2C(C1)CCC1C2CCCC2C3CCCC3CC21
C1CCC(CCC2CCC3C(CCC4C5CCCC5CCC34)C2)CC1
C1CCC2C(C1)CCC1C3CCCC3CCC21
C1CCC(C2CCC3CC4(CCCCC4C4CCCCC4)CCCC32)CC1
C1CCC(CCC2CCC3C(CCC3C3CCCCC3)C2)CC1
C1CCC(CCCC2CCCC(C3CCC4CC(CCC5CCC6CCCCC6C5)CCC43)C2)CC1
C1CCC2CC(C3CCCC4CCCC43)CCC2C1
C(CCCC1CCCC2C(C3CCCCC3)CCC12)CCC1CCC(C2CCCC2)C1
C(CCCC1CCCC2C(C3CCCCC3)CCC12)CCC1CC1
C(CCCC1CCCCC1)CCCC1CCC(C2CCCCC2)C1
C1CCC2CC(CCCC3CCCC4C3CCC3C5CCCCC5CCC43)CCC2C1
C1CCC(CCC2CCC(CCC3CCCC(CC4CCCC4)C3)CC2)CC1
C1CCC(C2CC3CCCC3C3CCC4CCCCC4C23)CC1
C1CCC2CCC(C3CCCC4CCCC43)CC2CC1
C1CCC(CCC2CCC3C(CCC4CCCCC43)C2)CC1
C1CCC(CCCCCC2CC3CCCCC3C2)CC1
C1CCC(C2CCC3CCCC3C3CCC4CCCCC4C23)CC1
C1CCC2CCC3C4CCC(CCCC5CCCC5)C4CCC3C2CC1
C1CCC(CCCCCC2CCCC3C(C4CCCCC4)CCC23)CC1
C1CCC(CCC2CCCC3C2CCC2C4CCCCC4CCC32)C1
C1CCC2C(C1)CC(C1CCCC3CCCC31)C1CCCC21
C1CCC(C2CC3C(CCC34CCCC4)C3CCC4CCCCC4C23)CC1
C1CCC(CCC2CCC(CCC3CCCC(CC4CCCC4)C3)CC2)CC1
C1CCC(CCC2CCCC3CC4C(CCC4C4CCCCC4)CC23)CC1
C1CCC(CCCCC2CC3CCCCC3C2)CC1
C1CCC(CCC(CC2CCCCC2)C2CCCCC2)CC1
C1CCC(CCCCC2CC3CCCCC3C2)CC1
C1CCC(CCC2CCCC(C3CCC4CC(CCC5CCC6CCCCC6C5)CCC43)C2)C1
C(CC1CCCC2CCCCC2C1)CC1CC2CCCCC2C1
C1CCC(C2CCC3CC4C(CCC5C6CCC(CCCCC7CCC8CCCCC8C7)C6CCC45)CC32)CC1
C1CCC2CCC3C4CCCC4CCC3C2CC1
C1CCC2C(C1)CCC1C3CCCC3CCC21
C1CCC(C2CCC3(CCC4CC5C(CCC5C5CCCCC5)CC43)C2)CC1
C1CCC2C(C1)CCC1C3CCCC3CCC21
C1CCC2CC(C3CCCC4CCCC43)CCC2C1
C1CCC(CCCCCC2CCCC3C(C4CCCCC4)CCC23)CC1
C1CCC(CCC2CCC3C(CCC4C5CCCC5CCCC34)C2)CC1
C1CCC2C(C1)CCCC1C3CCCC3CCC21
C1CCC(CCCC2CCC3CCC(C4CCCC5CCCC54)CC3CC2)CC1
C1CCC(C2CC3CCCC3C3CCC4CCCCC4C23)CC1
C1CCC(CCCCCC2CC3CCCCC3C2)CC1
C1CCC(CCCCCC2CCCC3C(CC4CCCCC4)CCC23)CC1
C(CCC1CCCC2CCCC12)CC1CC2CCCCC2C1
C1CCC(C2CCC3CC4C(CCC5C6CCC(CCCCC7CCC8CCCCC8C7)C6CCC45)CC32)CC1
C1CCC(CCC2CCC3C(CCC3C3CCCCC3)C2)CC1
C1CCC(CCC2CCCCC3CCC(C4CCCC5CCCC54)CC23)CC1
C1CCC(C2CC3CCCC3C3CCC4CCCCC4C23)CC1
C1CCC(CCCCCC2CCCC3C(C4CCCCC4)CCC23)CC1
C1CCC2C(C1)CCCC1CCCCC12
C1CCC(CCCCC2CCC3CCCCC23)CC1
C1CCC(CCCCC2CC3CCCCC3C2C2CCCCC2)CC1
C1CCC(C2CCC3(CCCC4CC5C(CCC5C5CCCCC5)CC43)C2)CC1
C1CCC(C2CC3CCCC3C3CCCC4CCCCC4C23)CC1
C1CCC(CC2CCC3C(CCC3C3CCCCC3)C2)CC1
C1CCC(CCCCCC2CC3CCCCC3C2)CC1
C1CCC2C(C1)CCC1C3CCCC3CCC21
C1CCC(CCCCC2(CCC3CCCC3)CCC3C4CCC5CCCCC5C4CCC32)CC1
C1CCC2CCC3C(CCC4C3CCC4(CCCC3CCC4CCCCC4C3)CCC3CCCC3)C2CC1
C1CCC(CC2CC3CCCCC3C3CCC4CCCCC4C23)CC1
C1CCC(CC2CC3CCCCC3C3CCC4CCCCCC4C23)CC1
C(CCCC1CCCC2C1CCC2C1CCCC(CC2CC2)C1)CCC1CCCCC1
C1CCC(C2CCC3C(CCC4CCCCC43)C2)CC1
C1CCC(CCC2CCC3C(CCC3C3CCCCC3)C2)CC1
C1CCC(C2CC3CCCCC3C3CCCCC23)CC1
C1CCC(CCC2CCC3C(CCC3C3CCCCC3)C2)CC1
C1CCC(CCCC2CCC3CCC(C4CCCC5CCCC54)CC3CC2)CC1
C1CCC(CC2CCC3C(CCC3C3CCCCC3)C2)CC1
C1CCC(CCCCCC2CCC3CCCCC3C2)CC1
C1CCC(CCC2CCCCC3CC4C(CCC4C4CCCCC4)CC23)CC1
C1CCC2C(C1)CCCC1CCCCC12
C1CCC2CC3CCC(C4CCCCC4)C3CC2CC1
C1CCC2CC(CCCC3CCC4C3CCC3C5CCCCC5CCCC43)CCC2C1
C1CCC(CCCCCC2CC3CCCCC3C2)CC1
C1CCC2C(C1)CCC1C3CCCC3CCCC21
C1CCC2CCC(C3CCCC4CCCC43)CC2CC1
C1CCC(CCC2(CCCC3CC4CCCCC4C3)CCC3C4CCC5CCCCC5C4CCC32)C1
C1CCC(CCCCCC2CC3CCCCC3C2)CC1
C1CCC(C2CCC3CC4C(CCCC45CCCC5)CC32)CC1
C1CCC(C2CCC3CC4C(CCC5C6CCC(CCCC7CC8CCCCC8C7)C6CCC45)CC32)CC1
C1CCC(CCCC2CCC3CCC(C4CCCC5CCCC54)CC3C2)CC1
C1CCC(CCCCCC2CC3CCCCC3C2)CC1
C1CCC(CC2CCC(C3CC4CCCC4C4CCC5CCCCCC5C34)CC2)CC1
C1CCC(CCCCC2CC3CCCCC3C2)CC1
C1CCC(CCCCC2CC3CCCCC3C2)CC1
C1CCC(CCCC2CCC(C3CCC4C(CCC4C4CCCCC4)C3)CC2)CC1
C1CCC(CCC2CCC3CCCC3C3CCC4CCCCC4C23)CC1
C1CCC(CCC2CCC3C(CCC3C3CCCCC3)C2)CC1
C1CCC(CCCCC2CC3CCCCC3C2)CC1
C1CCC(CC2CC3CCCCC3CC3CCC4CCCCC4C32)CC1
C(CCC1CCC2CCCCC2C1)CCC1CCCC2CCCCC12
C1CCC(CCCCCC2CCCC3C(C4CCCCC4)CCC23)CC1
C1CCC(CCC2CCC3C(CCC3C3CCCC(CC4CCCC4)C3)C2)CC1
C1CCC(CC2CC3CCCCC3C3CCC4CCCCCC4C23)CC1
C(CCCCC1CCC(C2CCCCC2)C1)CCCC1CCC2CCCC2C1
C1CCC2CCC3C(CCC4C3CCC4(CCCC3CC4CCCCC4C3)CCC3CCCC3)C2CC1
C1CCC(CC2CCC(CC(CC3CCCCC3)C3CCCCC3)CC2)CC1
C1CCC(C2CCC3CC4C(CCC45CCCCC5)CC32)CC1
C1CCC(C2CCC3C(CCC4CCCCC43)C2)CC1
C1CCC(CCC2CCC(CCC3CCCC(CC4CCCC4)C3)CC2)CC1
C1CCC(C2CCC3CCCC3C3CCC4CCCCCC4C23)CC1
C1CCC(CCC2CCC3C(CCC3C3CCCCC3)C2)CC1
C1CCC(C2CCC3C(CCC4CCCCC43)C2)CC1
C1CCC(CCC2CCC3C(CCC3C3CCCCC3)C2)CC1
C1CCC2CCCC(CC3CC4CCCCC4C4CCC5CCCCC5C34)C2CC1
C1CCC2CC3CCC4CCCC4C3CCC2C1
C(CCC1CCCC2CCCCC12)CC1CCCC2CCCCC12
C(CCC1CCCC2CCCC12)CC1CC2CCCCC2C1
C1CCC(CC2CC3CCCCC3C3CCC4CCCCCC4C23)CC1
C1CCC(C2CC3CCCC3C3CCC4CCCCCC4C23)CC1
C1CCC2CCC(C3CCCC4CCCC43)CC2CC1
C1CCC(CCCC2CCC3C2CCC2C4CC5CCC(C6CCCCC6)C5CC4CCC32)CC1
C1CCC(CC(CC2CCCCC2)C2CCCCC2)CC1
C1CCC(C2CCC(CCCCCC3(C4CCCC4)CCCCC4CCCCC43)C2)CC1
C1CCC(CCC2CCC3C(CCC4C5CCCCC5CCC34)C2)CC1
C1CCC2CC(C3CCC4CCCCC43)CCC2C1
C1CCC(CCCC2CCC3CCC(C4CCCC5CCCC54)CC3C2)CC1
C1CCC2C(C1)CCCC2CCCC1CCCC2CCCCC21
C1CCC2CCC3C4CCCC4CCC3C2CC1
C1CCC(CC2CC3CCCCC3C3CCC4CCCCC4C23)CC1
C(CCCC1CCCC2CCCCC12)CCC1CCC(C2CCCCC2)C1
C1CCC(CCC(CCC2CCC3CCCC3C2)CC2CCCCCC2)CC1
C1CCC(C2CCC3CC4C(CCCC45CCCC5)CC32)CC1
C1CCC(CCCC23CCCC2CC2C4CCC5CCCCC5C4CCC23)CC1
C1CCC(C2CCCC3C(CCC4CCCCC43)C2)CC1
C1CCC2CC(C3CCCC4CCCC43)C3CCCC3C2CC1
C1CCC(CCCCC2CCC3CCCCC23)CC1
C1CCC2CC(CC3CCCC4CCCC43)CCC2C1
C1CCC(C2CCC3CC4C(CCCC45CCCCC5)CC32)CC1
C1CCC(CCCCC2CCC3CCCCC23)CC1
C(CCCC1CCCC2C(C3CCCCC3)CCC12)CCC1CCCCC1
C1CCC2C(C1)CCC1CCCCC12
C1CCC(C2CCC(CCCCCC3CCCC4C(C5CCCCC5)CCC34)C2)CC1
C1CCC(CCC2CCC3C(CCC4C5CCCC5CCCC34)C2)CC1
C1CCC2CC3CCC(C4CCCCC4)C3CC2CC1
C1CCC(CCC2CCC3CC4CCC5CCCCC5C4C(C4CCCCC4)CCC23)CC1
C1CCC2C(C1)CCC1C3CCCCC3CCC21
C1CCC(C2CCC3CC4C(CCC32)CCC2C3CCC(CCCC5CC6CCCCC6C5)C3CCC42)CC1
C1CCC(CCCCCC2CCCC3C2CCC3C2CCC(CC3CC3)CC2)CC1
C1CCC2C(C1)CCC1C3CCCC3CCC21
C1CCC(C2CCC3CC4C(CCC5C6CCC(CCCCC7CC8CCCCC8C7)C6CCC45)CC32)CC1
C1CCC(C2CCC(CCCC3CCC4C3CCC3C5CCCCC5CCC43)C2)CC1
C1CCC(CC2CCC3CC4C(CCC45CCCCC5)CC23)CC1
C1CCC(CCCC2CC3CCCCC3C2C2CCCCC2)CC1
C1CCC(CCCCCC2CCC3CCCCC23)CC1
C1CCC2C(C1)CCC1C3CCCCC3CCC21
C(CCCC1CCCCC1)CCCC1CCC(C2CCCCC2)C1
C1CCC(C2CCCC3C(CCC4CCCCC43)C2)CC1
C1CCC(C2CC3CCCC3C3CCC4CCCCCC4C23)CC1
C1CCC2C(C1)CC(C1CCCC1)C1CCCCC21
C1CCC(CCCCCC2CC3CCCCC3C2)CC1
C1CCC(CCCC23CCCCC2CC2C4CCC5CCCCC5C4CCC23)C1
C(CC1CC2CCCCC2C1)CC1CCC2C(CCC3C4CCCCC4CCC23)C1
C1CCC(C2CCC3CC4C(CCC45CCCCC5)CC32)CC1
C1CCC(C2CCC3CC4C(CCCC45CCCCC5)CC32)CC1
C1CCC2CC(CCCC3CCCC4C3CCC3C5CCCCC5CCC43)CC2C1
C1CCC(CCCCCC2CCCCC2)CC1
C1CCC(C2CCC3CC4C(CCC5C6CCCC(CCCC7CCC8CCCCC8C7)C6CCC45)CC32)CC1
C(CCCC1CCCC2C(C3CCCCC3)CCC12)CCC1CCCCC1
C1CCC2CC(CCCC3CCC4C3CCC3C5CCCCC5CCC43)CC2C1
C1CCC(C2CCCC3C(CCC4CCCCC43)C2)CC1
C1CCC(CC2CC3CCCC3C3CCC4CCCCC4C23)CC1
C1CCC2C(C1)CCC1C2CCC2C3CCCC3CC21
C1CCC2CCC(C3CCCC4CCCC43)CC2CC1
C1CCC2CC(CCCC3CCCC4C3CCC3C5CCCCC5CCC43)CC2C1
C1CCC(CCCC2CCC3C(CCC3C3CCCCC3)C2)CC1
C1CCC(C2CCC3CC4C(CCCCC45CC(C4CCCCC4)C(C4CCCCC4)C5)CC32)CC1
C1CCC(CCC2CCC3C(CCC4C5CCCCC5CCC34)C2)CC1
C(CCC1CCCC2CCCC12)CC1CC2CCCCC2C1
C1CCC(CCC2CCCCC3CC4C(CCC4C4CCCCC4)CC23)CC1
C1CCC(CCCCCC2CCC3CCCCC23)CC1
C1CCC(C2CCC3C(CCC4CCCCC43)C2)CC1
C1CCC2CCC3C4CCCC4CCC3C2CC1
C1CCC(CCCCC2CC3CCCCC3C2)CC1
C1CCC(CCCCCC2CCC3CCCCC23)CC1
C1CCC2CC(C3CCCC4CCCC43)CCC2C1
C1CCC2C(C1)CC(C1CCCC1)C1CCCC21
C1CCC(CC2CC3CCCCC3C3CCC4CCCCCC4C23)CC1
C1CCC(CC2CCC(CC(CC3CCCCC3)C3CCCCC3)CC2)CC1
C1CCC2C(C1)CCCC1CCCCC12
C1CCC(C2CCC3CC4C(CCCC45CCCC5)CC32)CC1
C1CCC(C2CCC3CCCCC3C3CCC4CCCCC4C23)CC1
C1CCC(CCCCC2CCC3CCCCC23)CC1
C1CCC(CCC2CCC(C3CC3)CC2)CC1
C1CCC(CCCCC2CCC3CCCCC23)CC1
C1CCC2CCC3C4CCCC4CCC3C2CC1
C1CCC(CCCCCC2CCCC3C(C4CCCCC4)CCC23)CC1
C1CCC2CC(C3CCCC4CCCC43)CCC2C1
C1CCC(C2CC3CCCC3C3CCC4CCCCCC4C23)CC1
C(CCC1CCC2C1CCC1C3CCCCC3CCC21)CC1CC2CCCCC2C1
C(CCCC1CCCCC1)CCCC1CCC(C2CCCCC2)C1
C1CCC(CCCCCC2CCC3CCCCC23)CC1
C1CCC(CCCCC2CC3CCCCC3C2)CC1
C1CCC2CC(C3CCCC4CCCC43)CCC2C1
C1CCC2C(C1)CCC1CCCCC12
C1CCC2CC(CCCC3CCC4C3CCC3C5CCCCC5CCC43)CC2C1
C1CCC(C2CC3CCCC3C3CCC4CCCCCC4C23)CC1
C1CCC(C2CCC3CC4C(CCC5C6CCC(CCCCC7CC8CCCCC8C7)C6CCC45)CC32)CC1
C1CCC(C2CCC3CC4C(CCCC45CCCC5)CC32)CC1
C1CCC(CCCCCC2CCCC3C(C4CCCCC4)CCC23)CC1
C1CCC(C2CCC(CCCCCC3CCCC4CCCCC34)C2)CC1
C1CCC(CCCC2CCC3CCCC3C2)CC1
C1CCC(CC2CCC3C(CCCCCC4CCC(C5CCCC5)C4)CCCC23)CC1
C1CCC(C2CCC3CC4C(CCCC4CC4CCC5CCCCC54)CCC32)CC1
C1CCC(C2CC3CCCC3C3CCC4CCCCC4C23)CC1
C1CCC(C2CC3CCCC3C3CCC4CCCCCC4C23)CC1
C1CCC(C2CCC3CC4C(CCC45CCCC5)CC32)CC1
C(CCCC1CCCC2C(C3CCCCC3)CCC12)CCC1CCCCC1
C1CCC(CCCCC2CCC3CCCCC23)CC1
C1CCC(CC2CC3CCCCC3CC3CCC4CCCCC4C32)C1
C1CCC(C2CCC3CC4C(CCCC45CCCCC5)CC32)CC1
C1CCC(C2CC3CCCC3C3CCC4CCCCC4C23)CC1
C1CCC(C2CCC3CC4C(CCC5C6CCCC(CCCC7CCC8CCCCC8C7)C6CCC45)CC32)CC1
C(CCC1CCCC2CCCC12)CC1CC2CCCCC2C1
C(CCCC1CCCC2C(C3CCCCC3)CCC12)CCC1CCCCC1
C1CCC2CC(CC3CCCC4CCCC43)CCC2C1
C1CCC(C2CCC3CCC4(CCCCCC4C4CCCCC4)CCC32)CC1
C1CCC(CCCCCC2CCCC3C(CC4CCCCC4)CCC23)CC1
C1CCC(CCCC2CCC3C(CCC4C5CCCC5CCC34)C2)CC1
C1CCC(C2CCC(C3CC4CCCCC4C4CCC5CCCCC5C34)CC2)C1
C1CCC(CC2CCC(CCC(CC3CCCCC3)C3CCCCC3)CC2)CC1
C1CCC(CCCCC2CC3CCCCC3C2)CC1
C1CCC(C2CCC(CC3CC4CCCCC4C4CCC5CCCCCC5C34)CC2)CC1
C1CCC(CCCCCC2CC3CCCCC3C2)CC1
C1CCC(CCCCCC2CCCC3C(CC4CCCCC4)CCC23)CC1
C1CCC(CC2CCCC(C3CCC4CC(CCC5CCC6CCCCC6C5)CCC43)C2)C1
C1CCC(CC2CCC3CC4C(CCC45CCCC5)CC23)CC1
C1CCC(CC2CCC3CC4(CCCCCC4C4CCCCC4)CCC23)CC1
C1CCC2CC(C3CCCC4CCCC43)CCC2C1
C(CCCC1CCCC2C(C3CCCCC3)CCC12)CCC1CCCCC1
C1CCC(CCCCCC2CC3CCCCC3C2)CC1
C1CCC(CCC(CCC2CCC3CCCC3C2)CC2CCCCC2)CC1
C1CCC(CCCC2CCC3C(CCC4CC(C5CCCCC5)CCC43)C2)CC1
C(CCC1CCCC2CCCCC12)CC1CCC2CCCCC2C1
C1CCC(C2CCCCC2CC2CC3CCCCC3C3CCC4CCCCCC4C23)CC1
C1CC2CCC3C(CCC4CCCCC43)CC2C1
C1CCC2CC(C3CCCC4CCCC43)CCC2C1
C1CCC(C2CC3CCCC3C3CCC4CCCCCC4C23)CC1
C1CCC(C2CCC3CC4C(CCC5C6CCC(CCCC7CCC8CCCCC8C7)C6CCC45)CC32)CC1
C1CCC(CC2CCC3C(CCC3C3CCCCC3)C2)CC1
C1CCC(C2CCC3CC4C(CCC32)CCC42CCCCC2)CC1
C1CCC2C(C1)CCCC2CCCC1CCCC2CCCCC21
C1CCC2CCC3C4CCC(CCC5CCCC5)C4CCC3C2CC1
C1CCC2C(C1)CC(C1CCCC1)C1CCCCC21
C1CCC(CCC2(CCCC3CC4CCCCC4C3)CCCC3C4CCC5CCCCC5C4CCC32)C1
C1CCC2CCC3C4CCC(CCCC5CC6CCCCC6C5)C4CCC3C2CC1
C(CCC1CC2CCCCC2C1)CCC1CCCC2CCCC12
C1CCC2CCC(C3CCCC3)CC2CC1
C1CCC(CCCCCC2CCCC3C(CC4CCCCC4)CCC23)CC1
C1CCC(CCCCCC2CCC3CCCCC3C2)CC1
C1CCC(CCCC2CC3CCCCC3C2C2CCCCC2)CC1
C1CCC(CCCCCC2CCC3CCCCC23)CC1
C1CCC(C2CCC3(CCC4CC5C(CCC5C5CCCCC5)CC43)C2)CC1
C1CCC(C2CCC3(CCCC4CC5C(CCC5C5CCCCC5)CC43)C2)CC1
C1CCC(CCC2(CCCCC3CCC4CCCCC4C3)CCC3C4CCC5CCCCC5C4CCC32)C1
C1CCC2CC(C3CCCC4CCCC43)CCC2C1
C1CCC2CC(C3CCCC3)C3CCCC3C2CC1
C1CCC(C2CCC(C3CC4CCCC4C4CCC5CCCCC5CC34)CC2)C1
C1CCC(CC2CC3CCCCC3C3CCC4CCCCC4C23)CC1
C1CCC(C2CC3CCCCC3C3CCCCC23)CC1
C(CCC1CCCC2CCCC12)CC1CC2CCCCC2C1
C(CCCC1CCCCC1)CCCC1CCC(C2CCCCC2)C1
C1CCC(C2CC3CCCC3C3CCC4CCCCC4C23)CC1
C1CCC(C2CCC(CCCCC3CCC4C3CCC3C5CCCCC5CCC43)C2)CC1
C1CCC2CCC3C4CCCCC4CC(CC4CCCC4)C3C2CC1
C1CCC(C2CC3CCCCC3C3CCCCC23)CC1
C1CCC(CC2CCCC(CC3CC4CCCCC4C4CCC5CCCCC5C4C3)C2)CC1
C(CCCC1CCCCC1)CCC1CCCCC1
C1CCC2CC(CCCC3CCC4C3CCC3C5CCCCC5CCC43)CCC2C1
C1CCC(CCC2CC3CCCCC3C3CCC4CCCCC4C23)CC1
C(CCCC1CCCCC1)CCCC1CCC(C2CCCCC2)C1
C1CCC(C2CC3CCCC3C3CCC4CCCCC4C23)CC1
C1CCC2C(C1)CCC1CCCCC12
C1CCC2CC(C3CCCC4CCCC43)CCC2C1
C1CCC(CCCCCC2CC3CCCCC3C2)CC1
C1CCC(CCC2CCC3C(CCC3C3CCCCC3)C2)CC1
C1CCC2CC(C3CCCC4CCCC43)CCC2C1
C1CCC(CCCCC2CC3CCCCC3C2)CC1
C1CCC(CCC2CCC3C(CCC4CCCCC43)C2)CC1
C1CCC2CCC3CCCCC3C2CC1
C(CCCC1CCCC2C(C3CCCCC3)CCC12)CCC1CCCCC1
C1CCC2C(C1)CCC1CCCCC12
C1CCC(CCCC2CCC(C3CCC4C(CCC4C4CCCCC4)C3)CC2)CC1
C1CCC(C2CCC3CC4C5CCC6C(CCCC7CC8CCCCC8C7)CCC6C(CCC4CC32)C5)CC1
C1CCC(CC2CC3CCCCC3C3CCC4CCCCCC4C23)CC1
C1CCC(CCCCCC2CCCC3C(C4CCCCC4)CCC23)CC1
C1CCC(CCCCC2C3CCCCCC3CCC2C2CCCC3CCCC32)CC1
C1CCC(CCC2CCCC3CC4C(CCC4C4CCCCC4)CC23)CC1
C1CCC(CC2CCC3CCCCC3C3CCC4CCCCC4C23)CC1
C(CCCC1CCCCC1)CCCC1CCC(C2CCCCC2)C1
C1CCC(CC2CCC3CC4(CCCCCC4C4CCCCC4)CCC23)CC1
C1CCC(C2CCC3CC4C(CCCC45CCCCC5)CC32)CC1
C1CCC(CC2CCCC(CCC3CCC(CCC4CCC(C5CC5)CC4)CC3)C2)C1
C(CCC1CC2CCCCC2C1)CCC1CCCC2CCCC12
C(CC1CCC(CCC2CCCC(CC3CCCC3)C2)CC1)CC1CCC(C2CC2)CC1
C1CCC(CCCCCC2CCC3CCCCC23)CC1
C1CCC(C2CC3CCCC3C3CCC4CCCCC4C23)CC1
C1CCC(CCCCCC2CCC3CCCCC23)CC1
C(CCCCC1CCC(C2CCCCC2)C1)CCCC1CCCCC1
C1CCC2CC(CCCC3CCCC4C3CCC3C5CCCCC5CCC43)CC2C1
C1CCC(CCC2CCC3C(CCC3C3CCCC3)C2)CC1
C1CCC(C2CC3CCCC3C3CCC4CCCCC4C23)CC1
C(CCC1CCCCC2CCCCC12)CC1CCC2CCCCC2C1
C1CCC(CC2CCC(CC(CC3CCCCC3)C3CCCCC3)CC2)CC1
C1CCC2C(C1)CCC1C3CCCC3CCCC21
C(CCCC1CCCCC1)CCCC1CCC(CC2CCCCC2)C1
C1CCC2CCC3C4CCCCC4CC(CC4CCCC4)C3C2CC1
C1CCC(CCC2CCC3C(CCC3C3CCCCC3)C2)CC1
C1CCC(CCCCC2CCC3CCCCC23)CC1
C1CCC2CC(CCCC3CCC4C3CCC3C5CCCCC5CCC43)CC2C1
C1CCC(CCCCC2CCC3CCCCC23)CC1
C1CCC(CCCC2CCC3CCCC3C2)CC1
C1CCC(CC2CCC3CC4C(CCC45CCCCC5)CC23)CC1
C1CCC2C(C1)CCC1C3CCCC3CCC21
C1CCC2C(C1)CCC1C2CCC2C3CCCC3CC21
C(CCC1CCC2C1CCC1C3CCCCC3CCC21)CC1CC2CCCCC2C1
C1CCC(C2CC3CCCC3C3CCC4CCCCC4C3C2)CC1
C1CCC2CCC3C(CCC4C5CCCC5CC43)C2CC1
C(CCCC1CCCCC1)CCCC1CCC(C2CCCCC2)C1
C1CCC(CCC2CCC3C(CCC3C3CCCCC3)C2)CC1
C1CCC2CCC(C3CCCC4CCCC43)CC2CC1
C1CCC(CCCC2CCC3CCC(C4CCCC5CCCC54)CC3C2)CC1
C1CCC(CCC2CCC3C(CCC3C3CCCCC3)C2)CC1
C1CCC(CCCCCC2CC3CCCCC3C2)CC1
C1CCC2C(C1)CCC1C3CCCC3CCC21
C(CC1CCC2CCCC2C1)CC1CCCC2CCC(C3CCCC4CCCC43)CC2C1
C(CCCC1CCCC2CCCC12)CCC1CCCCC1
C1CCC(CCCCCC2CCCC3C(CC4CCC(CC5CC5)CC4)CCC23)CC1
C1CCC2CCC3C4CCCC4CCC3C2CC1
C1CCC(C2CCC3CCC(C4CCCC4)C3C2)C1
C1CCC(CCC2CCC3C(CCC3C3CCCC(CC4CCCC4)C3)C2)CC1
C1CCC2C(C1)CCCC1C3CCCC3CCC21
C1CCC(CCC(CCC2CCCCC2)CCC2CCC3CCCC3C2)CC1
C1CCC(CC2CCCCCCC23CCC2C(CCC2C2CCCCC2)C3)CC1
C1CCC2CC3CCC(C4CCCCC4)C3CC2CC1
C1CCC(CCCC2CCC3C2CCC2C4CC5CCC(C6CCCCC6)C5CC4CCCC32)CC1
C1CCC(CCCC2CCC3C(CCC3C3CCCCC3)C2)CC1
C1CCC2CCC(C3CCCC4CCCC43)CC2CC1
C1CCC(CCC2CCC3C2CCC(C2CCCCC2)C2C4CCCCCC4CCC32)CC1
C1CCC(CCCCC2CC3CCCCC3C2)CC1
C1CCC2CC(C3CCCC4CCCC43)CCC2C1
C1CCC(CCC(CC2CC3CCCCC3C2)C2CCC2)CC1
C(CCC1CCC2CCCCC2C1)CCC1CCCC2CCCCC12
C1CCC(CCCCC2CC3CCCCC3C2)CC1
C1CCC(CCC2CCC(CCC3CCCC(CC4CCCC4)C3)CC2)CC1
C1CCC(CCCCC2CCC3CCCCC23)CC1
C1CCC(CCCCC2CCC3CCC(C4CCCC5CCCC54)CC3C2)CC1
C1CCC2CC(C3CCCC4CCCC43)CCC2C1
C1CCC(C2CCC3CC4C(CCCC45CCCCC5)CC32)CC1
C1CCC(CCCC2CCC3C2CCC2C4CC5CCC(C6CCCCC6)C5CCC4CCC32)CC1
C(CCCC1CCCC2C(C3CCCCC3)CCC12)CCC1CCC(C2CCCC2)C1
C1CCC(CCCCC2CCCC3CCCC23)CC1
C1CCC(C2CCC3CC4C(CCC5C6CCC(CCCC7CC8CCCCC8C7)C6CCC45)CC32)CC1
C1CCC2CCC3C4CCCC4CCC3C2CC1
C1CCC(C2CCCC3C(CCC4CCCCC43)C2)CC1
C1CCC(CC2CCC3C(CCCCCC4CCC(C5CCCC5)C4)CCCC23)CC1
C1CCC(CC2CCC(CC(CC3CCCCC3)C3CCCCC3)CC2)CC1
C1CCC(CCCCC2CCCCC3CCC(C4CCCCC4)CC23)CC1
C1CCC2CCC3C4CCC(CCCC5CC6CCCCC6C5)C4CCC3C2CC1
C1CCC(C2CCC3CC4C(CCCC5C6CCC(CCCC7CC8CCCCC8C7)C6CCC45)CC32)CC1
C(CCC1CCC2C1CCC1C3CCCCC3CCC21)CC1CC2CCCCC2C1
C1CCC(CCCC2CCC3CCC(C4CCCC5CCCC54)CC3C2)CC1
C(CCCCC1CCC(C2CCCCC2)C1)CCCC1CCCCC1
C1CCC2C(C1)CCC1C2CCCC2C3CCCC3CC21
C1CCC(C2CCC3CCC4C(CCCC45CCCC5)CC32)CC1
C1CCC(CCCCCC2CCCC3C2CCC3C2CCC(CC3CCC3)CC2)CC1
C1CCC2CCC3C4CCCCC4CC(CC4CCCC4)C3C2CC1
C1CCC2CC(CC3CCCC4CCCC43)CCC2C1
C1CCC(C2CCC3CCC4C(CCC45CCCC5)CC32)CC1
C1CCC(C2CC3CCCC3C3CCC4CCCCCC4C23)CC1
C1CCC(CCC2CCC3C(CCC3C3CCCCC3)C2)CC1
C1CCC2CCC3C4CCC(CCCC5CCCC5)C4CCC3C2CC1
C1CCC2CC(C3CCCC4CCCC43)CCC2C1
C(CCCC1CCCCC1)CCCC1CCC(C2CCCCC2)C1
C1CCC(CCC2CCC(CCC3CCCC(CC4CCCC4)C3)CC2)CC1
C1CCC2C(C1)CC(C1CCCC1)C1CCCCC21
C(CCC1CCCC2CCCC12)CC1CC2CCCCC2C1
C1CCC(CCC2CCC3C(CCC4C5CCCC5CCCC34)C2)CC1
C1CCC2CCC3C4CCCCC4CCC3C2CC1
C1CCC(CCCC2CCC(C3CCC4C(CCC4C4CCCCC4)C3)CC2)CC1
C1CCC(CCC2CCC(CCCC3CCCC(CC4CCCC4)C3)CC2)CC1
C1CCC(C2CCC3CC4CCCCC4CCC32)CC1
C1CCC(C2CCC(CCCCCC3(C4CCCCC4)CCC3)C2)CC1
C1CCC(CCC(CC2CC3CCCCC3C2)C2CC2)CC1
C1CCC(CCCCC2C3CCCCCC3CCC2C2CCCC3CCCC32)CC1
C1CCC(C2CCC3C(CCC34CCCC4)C3CCC4CCCCC4CC23)CC1
C1CCC(CCCCC2CC3CCCCC3C2)CC1
C1CCC(CCCCCC2CC3CCCCC3C2)CC1
C(CCC1CCCC2CCCCC12)CC1CCC2CCCCC2C1
C1CCC(CCC2CCC(CCC3CCCC(CCC4CCCC4)C3)CC2)CC1
C1CCC(CC2CCC3CC4CCCCC4CC23)CC1
C1CCC(C2CCC3CC4(CCCCCCC4C4CCCCC4)CCC32)CC1
C1CCC(C2CCC(CCCCCC3CCCC4C(C5CCCCC5)CCC34)C2)CC1
C1CCC2C(C1)CCC1C3CCCC3CCC21
C1CCC(CC2CC3CCCCC3C3CCC4CCCCC4C23)C1
C1CCC2CC(C3CCCC4CCCC43)CCC2C1
C1CCC(CC2CCC3CC4C(CC5CCC6CCCCC65)CCCC4CC23)CC1
C1CCC(CC2CC3CCCCC3C3CCC4CCCCC4C23)C1
C1CCC(CCCCC2C3CCCCCC3CCC2C2CCCC3CCCC32)CC1
C1CCC(CCCCCC2CCC3CCCCC23)CC1
C(CCC1CC2CCCCC2C1)CCC1CCCC2CCCC12
C1CCC(CCC2CCC(CCC3CCCCC3)CC2)CC1
C1CCC(CCC2CCC(CCC3CCCC(CC4CCCCC4)C3)CC2)CC1
C1CCC(CCC2CCC3C(CCC4C5CCCC5CC(CCC5CCCCC5)C34)C2)CC1
C1CCC(CCCCCC2CC3CCCCC3C2)CC1
C1CCC2CCC(C3CCCC4CCCC43)CC2CC1
C1CCC(CCCC2CCC3CCC(C4CCCC5CCCC54)CC3C2)CC1
C1CCC(CCC2CCC3C2CCC(C2CCCCC2)C2C4CCCCC4CCC32)CC1
C1CCC(CCC2CCC3C(CCC3C3CCCCC3)C2)CC1
C(CCCCC1CCC(C2CCCCC2)C1)CCCC1CCCCC1
C1CCC(CC2CCCC(C3CCC4CC(CCC5CCC6CCCCC6C5)CCC43)C2)C1
C1CCC(CCC2CCC3C(CCC3C3CCCCC3)C2)CC1
C1CCC(CCC2CCC3C(CCC3C3CCCCC3)C2)CC1
C1CCC(CCCCC2CCCC3CCCC23)CC1
C1CCC(C2CCC3C(CCC4CCCCC43)C2)CC1
C1CCC(CCCC2CCC(C3CCC4C(CCC4C4CCCCC4)C3)CC2)CC1
C1CCC(CCCCCC2CCC3CCCCC23)CC1
C1CCC(CCCC(CCC2CCC3CCCC3C2)CC2CCCCC2)CC1
C1CCC(CC23CCCCC2CCC2C4CCCCC4CCC23)CC1
C(CCCC1CCCCC1)CCCC1CCC(C2CCCCC2)C1
C1CCC2C(C1)CCC1C2CCC2C3CCCC3CC21
C(CCCC1CCCC2C(C3CCCCC3)CCC12)CCC1CCCCC1
C1CCC2C(C1)CCC1C3CCCCC3CCC21
C1CCC2CC(CCCC3CCC4C3CCC3C5CCCCC5CCC43)CCC2C1
C1CCC2CC(C3CCCC4CCCC43)CCC2C1
C(CCC1CCC2C1CCC1C3CCCCC3CCC21)CC1CC2CCCCC2C1
C1CCC(CCC2CCC3C(CCC3C3CCCCC3)C2)CC1
C1CCC(C2CCC(CCCCCC3CCCC4C(C5CCCCC5)CCC34)C2)CC1
C1CCC(CCCCC2CC3CCCCC3C2)CC1
C1CCC(CCCC2CC3CCCC3C3CCC4CC(CCC5CCCCC5)CCC4C23)CC1
C1CCC(CC2CC3CCCCC3C3CCC4CCCCC4C23)CC1
C1CCC(CCCC2CCCC(C3CCC4CC(CCC5CCC6CCCCC6C5)CCC43)C2)CC1
C1CCC2CC3CCC4CCCC4C3CCC2C1
C1CCC(CCCCC2CC3CCCCC3C2)CC1
C(CCCC1CCCCC1)CCCC1CCC(CC2CCCCC2)C1
C1CCC(CC2CC3CCCCC3C3CCC4CCCCCC4C23)CC1
C1CCC(C2CCC3CC4C(CCC45CCCC5)CC32)CC1
C1CCC(CCC2CCC(CCC3CCCC(CCC4CCCC4)C3)CC2)CC1
C1CCC(CC2CCC(CC(CC3CCCCC3)C3CCCCC3)CC2)CC1
C1CCC(C2CCC3CCC4CCCCC4C3CC2)CC1
C(CCC1CCC2CCCCC2C1)CCC1CCCC2CCCCC12
C1CCC2CCC3C(CCC4C5CCCC5CC43)C2CC1
C1CCC2CCC3C4CCCCC4CC(CC4CCCC4)C3C2CC1
C1CCC(C2CC3C(CCC4CC4)CCC3C3CCC4CCCCC4C23)CC1
C1CCC(C2CC3CCCC3C3CCC4CCCCCC4C23)CC1
C1CCC(CCC2CCC3C(CCC4CC(C5CCCCC5)CCC43)C2)CC1
C1CCC(CCCC2CCCC3C2CCC2C4CC5CCC(C6CCCCC6)C5CC4CCC32)CC1
C1CCC(CCC2CCC3C(CCC3C3CCCCC3)C2)CC1
C1CCC2C(C1)CCC1C3CCCC3CCC21
C1CCC(C2C3CCCCC3CC3CC4CCCC4CC32)CC1
C1CCC(C2CCC3CC4C(CCC5C6CCC(CCCC7CCC8CCCCC8C7)C6CCCC45)CC32)CC1
C(CCCC1CCCC2C(C3CCCCC3)CCC12)CCC1CCC(C2CCCC2)C1
C1CCC(CC2CC3CCCCC3C3CCC4CCCCCC4C23)CC1
C1CCC(CCCCC2CCC3C2CCC2C4CCCCC4CCC32)CC1
C1CCC(CC2CC3CCCCC3C3CCC4CCCCC4C23)CC1
C1CCC(C2(CCCCC3CCC4CCCCC4C3)CCCC3CCCCC32)CC1
C1CCC(C2CCC3CC4C(CCC5C6CCC(CCCC7CCC8CCCCC8C7)C6CCC45)CC32)CC1
C1CCC(C2CCC3C(CCC4CCCCC43)C2)CC1
C1CCC(C2CC3CCCC3C3CCC4CCCCC4C23)CC1
C1CCC(CC2CCCCC(CCC3CCC(CCC4CCC(C5CC5)CC4)CC3)C2)C1
C1CCC(C2CCC(C3CC4CCCC4C4CCCC5CCCCC5C34)CC2)C1
C1CCC2CC(CCCC3CCCC4C3CCC3C5CCCCC5CCC43)CC2C1
C1CCC2C(C1)CCCC1C3CCCC3CCC21
C1CCC(CCC(CC2CC3CCCCC3C2)C2CC2)CC1
C1CC(C2CCC(C3CCC4CCCC4C4CCC5CCCCC5C34)CC2)C1
C1CCC2CC(C3CCCC4CCCC43)CCC2C1
C1CCC(C2CCC3CC4C(CCC5C6CCC(CCCC7CCC8CCCCC8C7)C6CCC45)CC32)CC1
C1CCC(CCC2CCC3C2CCC2C4CCCCC4CCC32)C1
C1CCC(C2CCC3CCC4C(CC5CCC6CCCCC65)CCCC4CC32)CC1
C1CCC2C(C1)CCCC1C3CCCC3CCC21
C1CCC(CCCCC2CCC3CCCCC23)CC1
C1CCC(C2CC3CCCCC3C3CCCCC23)CC1
C1CCC(CCCCC2CC3CCCCC3C2)CC1
C1CCC(CC2CC3CCCCC3C3CCC4CCCCC4C23)C1
C(CCC1CCC2C1CCC1C3CCCCC3CCC21)CC1CC2CCCCC2C1
C1CCC2C(C1)CCC1C3CCCCC3CCC21
C1CCC2C(C1)CCC1C2CCC2C3CCCC3CC21
C1CCC(CCCCC2CCCC3CCCC23)CC1
C1CCC(CCCCCC2CCCC3C(CC4CCCCC4)CCC23)CC1
C(CCC1CCCC2CCCCC12)CC1CC2CCCCC2C1
C(CCCC1CCCC2C(C3CCCCC3)CCC12)CCC1CCCCC1
C1CCC(CCCCC2CCC3CCCCC3C2)C2CCCCC2CC1
C1CCC2CCC(C3CCCC4CCCC43)CC2CC1
C(CCCC1CCCC2CCCC12)CCC1CCC2CCCCC2C1
C1CCC(CC2CC3CCCCC3C3CCC4CCCCC4C23)C1
C1CCC(C2CCC3CCC4(CCCCC4)CC3C2)CC1
C1CCC2CCC3C4CCC(CCCC5CC6CCCCC6C5)C4CCC3C2CC1
C1CCC2C(C1)CCCC1C3CCCC3CCC21
C1CCC2CCC3C4CCCC4CCC3C2CC1
C1CCC2CC(CCCC3CCC4C3CCC3C5CCCCC5CCCC43)CC2C1
C1CCC(CCCCC2CC3CCCCC3C2)CC1
C1CCC(CC2CC3CCCCC3CC3CCC4CCCCC4C32)CC1
C1CCC(CCCCCC2CC3CCCCC3C2)CC1
C1CCC(CCC2CCC3C2CCCC2C4CCCCC4CCC23)C1
C(CCC1CCCC2CCCCC12)CCC1CCCC2CCCCC12
C1CCC(C2CC3CCCCC3C3CCCCC3C2)CC1
C1CCC(CCCC2CCC3CCC(C4CCCC5CCCC54)CC3C2)CC1
C1CCC2CC(CCCC3CCC4C3CCC3C5CCCCC5CCC43)CC2C1
C1CC2CCC3C(CCC4CCC5CC5C43)C2C1
C1CCC(C2CC3CCCC3C3CCC4CCCCC4C23)CC1
C(CCC1CCCC2CCCC12)CC1CC2CCCCC2C1
C1CCC(CCCCC2CC3CCCCC3C2)CC1
C1CCC(CCC2CCC(CCC3CCCC(CC4CCCC4)C3)CC2)CC1
C1CCC(CCCC2CCCC3C2CCC2C4CC5CCC(C6CCCCC6)C5CC4CCC32)CC1
C1CCC2CC(C3CCC4CCCCC43)CCC2C1
C1CCC(CCC2CCCCC3CC4C(CCC4C4CCCCC4)CC23)CC1
C1CCC(C2CCC3CC4CCCCC4CC32)CC1
C1CCC2CCC(C3CCCC4CCCC43)CC2CC1
C1CCC2CCC(C3CCCC4CCCC43)CC2CC1
C1CCC(C2CCC3CCCCC3C3CCC4CCCCC4C23)CC1
C1CCC(CCCCCC2CCC3CCCCC3C2)CC1
C1CCC(CCCCC2CC3CCCCC3C2)CC1
C1CCC(CC2CCC3CC4C(CCC45CCCC5)CC23)CC1
C1CCC(CCCCCC2CCC3CCCCC23)CC1
C1CCC(CCCCC2CC3CCCCC3C2)CC1
C1CCC(C2CCC(CCCCCC3CCCCC4CCCCC34)C2)CC1
C(CCCC1CCCCC1)CCCC1CCC(C2CCCCC2)C1
C1CCC(C2CC3CCCC3C3CCC4CCCCC4C23)CC1
C1CCC(C2CC3CCCC3C3CCC4CCCCC4C23)CC1
C1CCC2CCC3C4CCC(CCCC5CC6CCCCC6C5)C4CCC3C2CC1
C(CCC1CCC2C1CCC1C3CCCCC3CCC21)CC1CC2CCCCC2C1
C1CCC(CCC(CCC2CCC3CCCCC3C2)CC2CCCCC2)CC1
C1CCC2C(C1)CCCC1C3CCCC3CCC21
C(CCC1CCC2C1CCC1C3CCCCC3CCC21)CC1CCCC2CCCCC12
C1CCC(C2CC3CCCCC3CC3CCC(CCC4CCCC4)CC32)CC1
C1CCC2CCC3CCCCC3C2CC1
C1CCC2CCC3C4CCC(CCCC5CC6CCCCC6C5)C4CCC3C2CC1
C1CCC2CCC(C3CCC4CCCCC43)CC2CC1
C1CCC(C2CC3CCCC3C3CCC4CCCCC4C23)CC1
C1CCC(CCCCC2CCC3CCCCC23)CC1
C1CCC2C(C1)CCC1C3CCCC3CCC21
C(CCC1CCCC2CCCCC12)CC1CCCC2CCCCC12
C1CCC2CC3CCCCC3CCC2C1
C1CCC(CCCC2(CCC3CCCC3)CCC3C4CCCC5CCCCC5C4CCC32)C1
C1CCC(C2CC3CCCC3CC3CCC4CCCCC4C32)CC1
C1CCC2C(C1)CCC1C3CCCC3CCC21
C1CCC(C2CC3CCCC3C3CCC4CCCCCC4C23)CC1
C1CCC2C(C1)CCC1CCCCC12
C1CC2CCC3C(CCC4CCCCC43)CC2C1
C1CCC2CCC(C3CCCC4CCCC43)CC2CC1
C1CCC2C(C1)CCC1C3CCCC3CCC21
C1CCC(CCCCCC2CCCCC2)CC1
C1CCC(CC2CCC(CC(CC3CCCCC3)C3CCCCC3)CC2)CC1
C1CCC(CC2CCC3CC4C(CCC45CCCC5)CC23)CC1
C1CCC(CCCCCC2CCCC3C(CC4CCCCC4)CCC23)CC1
C1CCC(CC2CCCCCCC23CCC2C(CCC2C2CCCCC2)C3)CC1
C1CCC2CCC(C3CCC4CCCCC43)CC2CC1
C1CCC(CCCCC2CC3CCCCC3C2)CC1
C1CCC(C2CCC3CC4CCCCC4CC32)CC1
C1CCC(CC2CCC3CC4C(CCC5C6CCC(CCCC7CC8CCCCC8C7)C6CCC45)CC23)CC1
C1CCC(C2CCC3CCCCC3C3CCCCC23)CC1
C1CCC2CCC(C3CCCC4CCCC43)CC2CC1
C1CCC2C(C1)CC(C1CCCC3CCCC31)C1CCCC21
C1CCC(CCC2CCCCC3CC4C(CCC4C4CCCCC4)CC23)CC1
C1CCC2CCC(CCC3CCC4C(CCC4C4CCCC(CC5CCCC5)C4)C3)CC2CC1
C1CCC(CCC2CCC(CC3CCC4C(CCC4C4CCCCC4)C3)CC2)CC1
C1CCC(C2CC3CCCC3C3CCC4CCCCCC4C23)CC1
C1CCC(C2CCC3CC4C(CCC5C6CCCC(CCCC7CCC8CCCCC8C7)C6CCC45)CC32)CC1
C1CCC(C2CCC3CCC4C(CCC45CCCC5)CC32)CC1
C(CCCC1CCCC2C(C3CCCCC3)CCC12)CCC1CCCCC1
C1CCC(CC2CC3CCCCC3C3CCC4CCCCC4C23)C1
C1CCC(C2CCC3CC4C(CCCC5C6CCC(CCCC7CCC8CCCCC8C7)C6CCC45)CC32)CC1
C1CCC(CCCC2CCC3C(CCC3C3CCCCC3)C2)CC1
C1CCC(C2CCC3CC4C(CCCC5C6CCCC6CCC45)CC32)CC1
C1CCC(C2CCC3CCC4C(CC5CCC6CCCCC65)CCCC4CC32)CC1
C1CCC(CCC2CCC3C(CCCC4CCCCC43)C2)CC1
C1CCC2C(C1)CCC1C3CCCC3CCC21
C1CCC(CCC2CCC3C(CCC4C5CCCCC5CCC34)C2)CC1
C1CCC2CCC3C4CCCCC4CC(CC4CCCC4)C3C2CC1
C1CCC(C2CC3CCCC3C3CCC4CCCCC4C23)CC1
C(CCC1CCCC2CCCCC12)CCC1CCCC2CCCC12
C1CCC(C2CC3CCCC3C3CCC4CCCCCC4C23)CC1
C1CCC(C2CCC(CCCCCC3CCCC4C(C5CCCCC5)CCC34)C2)CC1
C1CCC(CCC(CCC2CCC3CCCC3C2)CC2CCCCC2)CC1
C1CCC(C2CCC3CC(C4CCC(CCC5CCCC5)CC4)CCC32)CC1
C1CCC2CC(CC3CCCC4CCCC43)CCC2C1
C1CCC(CCCC2CCC3CCC(C4CCCC5CCCC54)CC3C2)CC1
C(CCCC1CCCCC1)CCCC1CCC(C2CCCCC2)C1
C1CCC(CCCCCC2CC3CCCCC3C2)CC1
C1CCC2CCC(C3CCCC4CCCC43)CC2CC1
C1CCC(C2CCC(CCCCCC3CCCC4CCCCC34)C2)CC1
C(CCCC1CCCC2C(C3CCCCC3)CCC12)CCC1CCCCC1
C1CCC(CCCCC2CC3CCCCC3C2)CC1
C1CCC(CCCC2CCC3CCC(C4CCCC5CCCC54)CC3C2)CC1
C1CCC(CCC2CCC(CCC3CCCC(CC4CCCCC4)C3)CC2)CC1
C1CCC(CCCCC2CC3CCCCC3C2)CC1
C(CCC1CCCC2CCCCC12)CC1CCC2CCCCC2C1
C1CCC2CCC3C(CCC4C3CCC4(CCCC3CCC4CCCCC4C3)CCC3CCCC3)C2CC1
C(CCCC1CCCC2C(C3CCCCC3)CCC12)CCC1CCCCC1
C(CCCCC1CCC(C2CCCCC2)C1)CCCC1CCCCC1
C1CCC(C2CCC(CCCCCC3CCCCC4CCCCC34)C2)CC1
C1CCC2C(C1)CCC1CCCCC12
C1CCC(CCC2CCC3C(CCC3C3CCCC(CCC4CCCC4)C3)C2)CC1
C1CCC(C2CCC3CCCC3C3CCCC4CCCCC4C23)CC1
C1CCC(C2CC3CCCC3C3CCC4CCCCC4C23)CC1
C(CCCC1CCCC2C(C3CCCCC3)CCC12)CCC1CCCCC1
C1CCC2CCC(C3CCCC4CCCC43)CC2CC1
C1CCC(C2CCC3CC4C(CCCC5C6CCC(CCCC7CC8CCCCC8C7)C6CCC45)CC32)CC1
C1CCC(C2CCC3C(CCCCCC4CC4)CCCC23)CC1
C(CCC1CC2CCCCC2C1)CCC1CCCC2CCCC12
C1CCC2C(C1)CCC1C3CCCC3CCC21
C1CCC(CCCC2CCC3C(CCC3C3CCCCC3)C2)CC1
C1CCC(CCCCC2CC3CCCCC3C2)CC1
C1CCC(CCCCC2CCC3CCCCC23)CC1
C1CCC2CC(CCCC3CCC4C3CCC3C5CCCCC5CCCC43)CC2C1
C1CCC(C2CCC3CC4C(CCC45CCCCC5)CC32)CC1
C1CCC2CC(CCCC3CCC4C3CCC3C5CCCCC5CCC43)CC2C1
C1CCC(CCC2CCC3C(CCC3C3CCCCC3)C2)CC1
C1CCC2C(C1)CCC1C3CCCC3CCC21
C1CCC(CC2CC3CCCCC3C3CCC4CCCCC4C23)CC1
C1CCC(CC2CC3CCCCC3C3CCC4CCCCC4C23)CC1
C1CCC2C(C1)CCC1CCCCC12
C(CCCC1CCCC2C(C3CCCCC3)CCC12)CCC1CCCCC1
C1CCC(CC2CC3CCCCC3C3CCC4CCCCC4C23)CC1
C(CCCC1CCCC2C1CCC2C1CCCC(CC2CC2)C1)CCC1CCCCC1
C1CCC2C(C1)CCC1CCCCC12
C1CCC2CC(C3CCCC4CCCC43)CCC2C1
C1CCC2CC(CCCC3CCC4C3CCC3C5CCCCC5CCC43)CCC2C1
C1CCC(CCCCC2CCC3CCCCC23)CC1
C1CCC(C2CCC3CC4C(CCC5C6CCCC(CCCC7CCC8CCCCC8C7)C6CCC45)CC32)CC1
C1CCC(CC2CCC(CCCC3CCC4CCCC4C3)CC2)C1
C1CCC(C2CCC3CC4C(CCC45CCCCC5)CC32)CC1
C1CCC2CC(C3CCCC3)C3CCCC3C2CC1
C1CCC2CC(C3CCCC4CCCC43)CCC2C1
C1CCC(CCC2CCC3C(CCC3C3CCCCC3)C2)CC1
C1CCC(CCCC2CCC3CCC(C4CCCC5CCCC54)CC3C2)CC1
C1CCC2C(C1)CCC1C3CCCC3CCC21
C1CCC2C(C1)CCCC2CCCC1CCCC2CCCCC21
C1CCC(CCC2CCCC3CC4C(CCC4C4CCCCC4)CC23)CC1
C1CCC(CCC2CCC(CCC3CCCCC3)CC2)CC1
C1CCC2CCC(C3CCCC4CCCC43)CC2CC1
C1CCC(C2CCC3CC4C(CCC5C6CCC(CCCC7CC8CCCCC8C7)C6CCCC45)CC32)CC1
C1CCC2C(C1)CCC1C3CCCC3CCC21
C1CCC(CCC2CCC3C(CC4CCCCC4)CCC3C2)CC1
C1CCC(CCCC2CCCC3CCC(C4CCCC5CCCC54)CC3C2)CC1
C(CCC1CCCC2CCCC12)CC1CC2CCCCC2C1
C1CCC2C(C1)CCC1C3CCCC3CCC21
C(CCCC1(C2CCCCC2)CCC1)CCC1CCC(C2CCCCC2)C1
C1CCC2C(C1)CCC1C3CCCC3CCC21
C1CCC2CCC3C4CCC(CCCC5CC6CCCCC6C5)C4CCC3C2CC1
C1CCC2CCC3C4CCC(CCCC5CC6CCCCC6C5)C4CCC3C2CC1
C1CCC(CC2CCC3C(CCC4CCCCC43)C2)CC1
C1CCC2CC(C3CCCC4CCCC43)CCC2C1
C1CCC(CCC2CCC(C3CCC4C(CCC4C4CCCCC4)C3)CC2)CC1
C1CCC2C(C1)CCC1C3CCCC3CCC21
C1CCC2CCC(C3CCCC4CCCC43)CC2CC1
C(CCCC1CCCCC1)CCCC1CCC(C2CCCCC2)C1
C1CCC(C2CCC3CC4C(CCCC4CC4CC5CCCCC5C4)CCC32)CC1
C1CCC(CCC(CCC2CCC3CCCC3C2)CC2CCCCC2)CC1
C1CCC(C2CC3CCCC3C3CCC4CCCCC4C23)CC1
C1CCC(C2CC3CCCC3C3CCC4CCCCCC4C23)CC1
C1CCC(CCCC2CCC3C(CCC4C5CCCC5CCC34)C2)CC1
C1CCC2CCC(C3CCCC4CCCC43)CC2CC1
C(CCCC1CCCC2C(C3CCCCC3)CCC12)CCC1CC1
C(CCCC1CCCCC1)CCCC1CCC(C2CCCCC2)C1
C1CCC2CCCCC2C(CCCCC2CCCC3CCCCC23)C1
C1CCC2C(C1)CCC1C2CCC2C3CCCC3CC21
C(CCCC1CCCC2C(C3CCCCC3)CCC12)CCC1CCCCC1
C(CCC1CCCC2CCCC12)CC1CC2CCCCC2C1
C1CCC(C2CC3CCCCC3C3CCC4CCCCC4C23)CC1
C1CCC(CCCCCC2CCC3CCCCC23)CC1
C1CCC(CCC2CCC3C(CCC3C3CCCCC3)C2)CC1
C1CCC(C2CC3CCCC3C3CCCC4CCCCC4C23)CC1
C1CCC(CCCCC2CC3CCCCC3C2)CC1
C1CCC2CCC3C4CCCCC4CC(CC4CCCC4)C3C2CC1
C1CCC(CC2CC3CCCCC3C3CCC4CCCCCC4C23)CC1
C1CCC(CCCCCC2CCCCC2)CC1
C(CCC1CCC2CCCCC2C1)CCC1CCCC2CCCCC12
C1CCC(CCCCCC2CCCC3C(C4CCCCC4)CCC23)CC1
C(CCC1CCC2C1CCC1C3CCCCC3CCC21)CC1CC2CCCCC2C1
C1CCC(CCCCC2CC3CCCCC3C2)CC1
C1CCC(CC2CC3CCCCC3C2C2CCCCC2)CC1
C(CCC1CC2CCCCC2C1)CCC1CCCC2CCCC12
C1CCC(C2CCC3C(CCCC4CCCCC43)C2)CC1
C1CCC(C2CCC3C(CCCCCC4CCC(C5CCCC5)C4)CCCC23)CC1
C1CCC(CCC2CCC(C3CC3)CC2)CC1
C1CCC(CC2CCC3CC4(CCCCC4C4CCCCC4)CCC23)CC1
C1CCC(CCC2CCC(C3CC3)CC2)CC1
C1CCC2C(C1)CC(C1CCCC3CCCC31)C1CCCC21
C(CCC1CCC2C(CCC3C4CCCC4CCCC23)C1)CC1CCC(C2CCC(C3CC4CCCC4C4CCC5CCCCC5C34)CC2)CC1
C1CCC(CCC(CC2CC2)CC2CC3CCCCC3C2)CC1
C1CCC(C2CCC3CC(C4CCC(CCC5CCCC5)CC4)CCC32)CC1
C1CCC(C2CCC3CC4C(CCCC45CCCCC5)CC32)CC1
C1CCC(CCC2CCC3C(CCC4C5CCCC5CC(CCC5CCCCC5)CC34)C2)CC1
C1CCC(C2CCC3CC4C(CCC5C6CCC(CCCC7CCC8CCCCC8C7)C6CCC45)CC32)CC1
C1CCC(C2CCC3CC4C(CCCC4CC4CCC5CCCCC54)CCC32)CC1
C1CCC(C2CC3C(CCC34CCCC4)C3CCC4CCCCC4CC23)CC1
C1CCC(C2CCC(CCCCCC3CCCC4CCCCC34)C2)CC1
C1CCC(C2CCC3C(CCC34CCCC4)C3CCC4CCCCC4C23)CC1
C1CCC(CCCCCC2CCCC3C(C4CCCCC4)CCC23)CC1
C1CCC(C2CC3CCCC3C3CCC4CCCCC4C23)CC1
C1CCC2CC(CCCC3CCC4C3CCC3C5CCCCC5CCC43)CC2C1
C1CCC(CCCC2CCC3C(CCC3C3CCCCC3)C2)CC1
C1CCC(CCC2CCC3C(CCC4C5CCCCC5CCC34)C2)CC1
C1CCC(CCC2CCC3C(CCC3C3CCCCC3)C2)CC1
C1CCC(C2CCC3CC4C(CCC45CCCC5)CC32)CC1
C(CCCC1CCCC2C(C3CCCCC3)CCC12)CCC1CCCCC1
C(CCC1CCCC2CCCC12)CC1CC2CCCCC2C1
C1CCC(C2CC3CCCC3C3CCC4CCCCC4C23)CC1
C(CCC1CCCC2CCCCC12)CC1CCCC2CCCCC12
C1CCC(C2CC3CCCC3C3CCC4CCCCCC4C23)CC1
C(CCC1CCCC2CCCCC12)CC1CC2CCCCC2C1
C1CCC2CC(CCCC3CCC4C3CCC3C5CCCCC5CCC43)CC2C1
C1CCC2C(C1)CCC1CCCCC12
C1CCC(CCCCC2CC3CCCCC3C2)CC1
C1CCC2C(C1)CCC1C3CCCC3CCC21
C1CCC2C(C1)CCC1CCCCC12
C1CCC(CCC2CCC3C(CCC3C3CCCCC3)C2)CC1
C1CCC(CC2CC3CCCCC3C3CCC4CCCCCC4C23)CC1
C(CCCC1CCCC2C(C3CCCCC3)CCC12)CCC1CCCCC1
C1CCC(CC2CCC3CC4C(CCC45CCC(C4CCCCC4)C5)CC23)CC1
C1CCC(C2CCC3CC4C(CCCC45CCCC5)CC32)CC1
C1CCC(CCCC2CCC3C2CCC2C4CCCCC4CCC32)CC1
C1CCC(CC2CCC3C(CC4CCCCC4)CCC3C2)CC1
C1CCC(CCC2CCC3C(CCC3C3CCCCC3)C2)CC1
C1CCC(CCC(CCC2CCC3CCCC3C2)CC2CCCCC2)CC1
C1CCC(CCC2CCC3C(CCC3C3CCCCC3)C2)CC1
C1CCC(CCCCC2CCC3C2CCC2C4CCCCCC4CCC32)CC1
C1CCC(CCCCC2CCC3CCCCC23)CC1
C1CCC(CCCC(CC2CC3CCCCC3C2)C2CC2)CC1
C1CCC(CCCCC2CCC3CCCCC3C2)CC1
C1CCC2C(C1)CCC1C3CCCC3CCCC21
C1CCC(CC2CC3CCCC3C3CCC4CCCCC4C23)CC1
C1CCC(CCCCCC2CCCC3C2CCC3C2CCC(CC3CC3)CC2)CC1
C1CCC(C2CCC3CC4C(CCC45CCCCCC5)CC32)CC1
C1CCC(C2CCC3CCC4C(CCC5C6CCC(CCCC7CC8CCCCC8C7)C6CCC45)CC32)CC1
C(CCCC1CCC2C(CCC2C2CCCCC2)C1)CCC1CCCCC1
C1CCC(CCCCCC2CC3CCCCC3C2)CC1
C1CCC(CC2CC3CCCCC3C3CCC4CCCCCC4C23)CC1
C1CCC2C(C1)CCC1CCCCC12
C1CC2CCC3C(CCC4CCCCC43)CC2C1
C1CCC(CC2CCC(CC(CC3CCCCC3)C3CCCCC3)CC2)CC1
C1CCC(CCCCCC2CCC3CCCCC23)CC1
C1CCC(CCCCCC2CCC3CCCCC23)CC1
C1CCC(CC2CCC3C(CCC3C3CCCCC3)C2)CC1
C1CCC(CCC2CCC(C3CC3)CC2)CC1
C1CCC(CCCC2CCC3CCC(C4CCCC5CCCC54)CC3C2)CC1
C1CCC(CC2CCC3C(CCC3C3CCCCC3)C2)CC1
C(CCC1CCCC2CCCCC12)CC1CCCC2CCCCC2C1
C1CCC(CC2CCC3C(CCC3C3CCCCC3)C2)CC1
C1CCC(CC2CC3CCCCC3C3CCCCC23)CC1
C1CCC(CCCC2CC3CCCCC3C2C2CCCCC2)CC1
C1CCC2CCC3C4CCCC4CC(C4CCC(C5CCC5)CC4)C3C2CC1
C1CCC(CCC2CCC3C(CCC3C3CCCCC3)C2)CC1
C1CCC2CCCCC2C(CCCCC2CCCC3CCCCC23)C1
C1CCC(C2CCC3CC4C(CCCC45CCCCC5)CC32)CC1
C1CCC(CC2CC3CCCCC3C3CCC4CCCCC4C23)CC1
C(CCCC1CCCCC1)CCCC1CCC(C2CCCCC2)C1
C1CCC(CCCC2CCC3C(CCC4C5CCCC5CCC34)C2)CC1
C1CCC2CC(C3CCCC4CCCC43)CCC2C1
C1CCC(C2CC3CCCCC3CC3CCCCC32)CC1
C1CCC(C2CC3CCCC3CC3CCC4CCCCC4C32)CC1
C1CCC(C2CC3CCCC3C3CCC4CCCCCC4C23)CC1
C1CCC(CC2CCCC(CCC3CCC(CCC4CCC(CC5CC5)CC4)CC3)C2)C1
C1CCC(C2CCC3C(CCC4CCCCC43)C2)CC1
C1CCC(C2CCC3CCCC3C3CCC4CCCCC4C23)CC1
C1CCC(C2CCC3CCCC3C3CCC4CCCCC4C23)CC1
C1CCC(CCC2CCCCC3CC4C(CCC4C4CCCCC4)CC23)CC1
C1CCC(C2CCC3CC4C(CCCC5C6CCC(CCCC7CCC8CCCCC8C7)C6CCC45)CC32)CC1
C1CCC2CCC3C4CCCCC4CC(CC4CCCC4)C3C2CC1
C1CCC(CCC2CCC(CCC3CCCC(CC4CCCC4)C3)CC2)CC1
C1CC2CCC3C(CCC4CCCCC43)CC2C1
C(CCCC1CCCCC1)CCCC1CCC(C2CCCCC2)C1
C1CCC(C2CCC3CC4C(CCC5C6CCC(CCCC7CCC8CCCCC8C7)C6CCCC45)CC32)CC1
C1CCC(CCCCC2CC3CCCCC3C2)CC1
C1CCC(C2CCC3CCC4C(CCC45CCCC5)CC32)CC1
C1CCC(CCCCCC2CC3CCCCC3C2)CC1
C1CCC(C2CCC3C(CCC4CCCCC43)C2)C1
C1CCC(CCCC2CCCC3CCCCC32)C2CCCCC2C1
C1CCC(CC2CC3CCCCC3C3CCC4CCCCCC4C23)CC1
C1CCC(CCC(CCC2CCC3CCCCC3C2)CC2CCCCC2)CC1
C1CCC2CCC3C4CCCC4CCC3C2CC1
C(CCC1CCCC2CCCC12)CC1CC2CCCCC2C1
C1CCC(CCC2CCC(CCC3CCCC(CCC4CCCC4)C3)CC2)CC1
C1CCC2CCC(C3CCCC4CCCC43)CC2CC1
C1CCC2CCC(C3CCCC4CCCC43)CC2CC1
C1CCC(CCC2CCCCC3CCC(C4CCCC5CCCC54)CC23)CC1
C1CCC(CCCCC2CC3CCCCC3C2)CC1
C(CCC1CCC(C2CCCC2)C1)CCC1CCCC2CCCCC12
C1CCC(C2CCC3CC4C(CCC32)CCC2C3CCC(CCCC5CC6CCCCC6C5)C3CCC42)CC1
C1CCC(CCC2(CCCC3CC4CCCCC4C3)CCCC3C4CCC5CCCCC5C4CCC32)C1
C(CCC1CCC2CCCCC2C1)CC1CCCC2CCCCC2C1
C1CCC2CC(CCCC3CCC4C3CCC3C5CCCCC5CCC43)CC2C1
C1CCC(CC2CC3CCCCC3C3CCC4CCCCCC4C23)CC1
C1CCC(CCC2CCC3C(CCC4C5CCCC5CCC34)C2)CC1
C1CCC(C2CCC3CC4C(CCC45CCCC5)CC32)CC1
C1CCC(CCC(CCC2CCC3CCCCC3C2)CC2CCCCC2)CC1
C1CCC(CCCCC2CCC3CCCCC23)CC1
C1CCC2CC(CC3CCCC4CCCC43)CCC2C1
C1CCC(CC2CCC3C(CCC3C3CCCCC3)C2)CC1
C(CCC1CCCC2CCCCC12)CCC1CCCC2CCCCC12
C1CCC2CC(CCCC3CCC4C3CCC3CC5CCCCC5CCC34)CCC2C1
C1CCC(CCCCC2CCC3CCC(CC4CCCC5CCCC54)CC3C2)CC1
C(CCC1CCCC2CCCCC12)CC1CCCC2CCCCC12
C(CCC1CCCC2CCCCC12)CC1CCC2CCCCC2C1
C1CCC(C2CCC3CC4C(CCC5C6CCC(CCCC7CCC8CCCCC8C7)C6CCC45)CC32)CC1
C1CCC(C2CC3CCCC3C3CCC4CCCCC4C23)CC1
C1CCC(CCC2CCC3C(CCC3C3CCCCC3)C2)CC1
C1CCC(CCC2CCC3C(CCC4CC(C5CCCCC5)CCC43)C2)CC1
C1CCC2CCC3C(CCC4C5CCCC5CC43)C2CC1
C1CCC(CC2CCCCC2CC2CC3CCCCC3C3CCC4CCCCCC4C23)CC1
C1CCC(CC2CC3CCCCC3CC3CCC4CCCCC4C32)C1
C1CCC(CCCCC2CCC3CCCCC23)CC1
C1CCC(CCCC2CC3CCCCC3C2C2CCCCC2)CC1
C1CCC2CCC(C3CCCC4CCCC43)CC2CC1
C1CCC(CCCCCC2CCCC3C(C4CCCCC4)CCC23)CC1
C1CCC(CCC2CCCCC2)CC1
C1CCC(CCC2CCC(CCC3CCCC(CC4CCCC4)C3)CC2)CC1
C(CCC1CCCC2CCCC12)CC1CC2CCCCC2C1
C1CCC(CCCC2CCC(C3CCC4C(CCC4C4CCCCC4)C3)CC2)CC1
C1CCC(C2CCC(CCCC3CCC4C3CCC3C5CCCCCC5CCC43)C2)CC1
C1CCC(CCCCCC2CCCC3C(C4CCCCC4)CCC23)CC1
C1CCC(C2CCC3C(CCC4CCCCC43)C2)C1
C1CCC2CC3CCC4CCCC4C3CCC2C1
C1CCC(CC2CC3CCCC3C3CCC4CCCCC4C23)CC1
C1CCC(C2CCC3CC4CCCCC4CC32)CC1
C1CCC(CCCCC2CC3CCCCC3C2)CC1
C1CCC2CC(C3CCCC4CCCC43)CCC2C1
C1CCC(C2CC3CCCC3C3CCC4CCCCCC4C23)CC1
C1CCC2CC(CCCC3CCC4C3CCC3C5CCCCC5CCC43)CC2C1
C1CCC2CCC3C4CCCCC4CCC3C2CC1
C1CCC(C2CCC3CC4C(CCC5C6CCC(CCCC7CC8CCCCC8C7)C6CCC45)CC32)CC1
C1CCC(CCCCCC2CCC3C(CCC3C3CCCCC3)C2)CC1
C1CCC2CCC(C3CCCC4CCCC43)CC2CC1
C1CCC(CCCCCC2CC3CCCCC3C2)CC1
C1CCC(CCCCC2CCC3CCCCC23)CC1
C1CCC2CC(C3CCCC4CCCC43)CCC2C1
C1CCC(CCC(CCC2CCC3CCCCC3C2)CC2CCCCC2)CC1
C1CCC(CCCCCC2CCC3CCCCC23)CC1
C1CCC(CCC2CCC3C(CCC3C3CCCCC3)C2)CC1
C1CCC(C2CCCC3C(CCC4CCCCC43)C2)CC1
C1CCC(CC2CCC3C(CCC3C3CCCCC3)C2)CC1
C1CCC(CCCC(CC2CC3CCCCC3C2)C2CC2)CC1
C1CCC(C2CC3C(CCC34CCCC4)C3CCC4CCCCCC4C23)CC1
C1CCC2CCC(C3CCCC4CCCC43)CC2CC1
C1CCC(C2CCC3CC4C(CCC5C6CCC(CCCCC7CCC8CCCCC8C7)C6CCC45)CC32)CC1
C(CCC1CCCC2CCCC12)CC1CC2CCCCC2C1
C1CCC(CCCCCC2CCCC3C(C4CCCCC4)CCC23)CC1
C1CCC(C2CC(C3CCCCC3)CC3(CCCC4CC5C(CCC5C5CCCCC5)CC43)C2)CC1
C1CCC2CC(CCCC3CCCC4CCCCC43)CC2C1
C1CCC(CCCC2CCC3C(CCC4C5CCCC5CC(CCC5CCCCC5)C34)C2)CC1
C1CCC(C2CCC3CC4C(CCCC5CC5)CCCC4CCC32)CC1
C1CCC(CCCCC2CCC3CCCCC23)CC1
C1CCC(CCCCC2CC3CCCCC3C2)CC1
C1CCC(CCC2CCC3C(CCC3C3CCCCC3)C2)CC1
C1CCC(CCCCC2CC3CCCCC3C2)CC1
C1CCC(C2CCC3CC4C(CC5CC6CCCCC6C5)CCCC4CC32)CC1
C(CCC1CCC2C1CCC1C3CCCCC3CCC21)CC1CC2CCCCC2C1
C1CCC(CCCCCC2CCCC3C(C4CCCCC4)CCC23)CC1
C(CCCC1CCCCC1)CCCC1CCC(CC2CCCCC2)C1
C1CCC(CCC2CC3CCCCC3C3CCC4CCCCC4C23)CC1
C1CCC2CC(C3CCCC4CCCC43)CCC2C1
C1CCC(CCCC(CC2CC3CCCCC3C2)C2CC2)CC1
C1CCC2CCC3CCCCC3C2CC1
C1CCC2C(C1)CCC1C2CCC2C3CCCCC3CC21
C1CCC(CC2CC3CCCCC3C3CCC4CCCCC4C23)C1
C1CCC(CCC2CCC3C(CCC3C3CCCCC3)C2)CC1
C1CCC2C(C1)CCC1CCCCC12
C1CCC(CCCCCC2CCCC3C(C4CCCCC4)CCC23)CC1
C1CCC(CCCCC2CC3CCCCC3C2)CC1
C1CCC2C(C1)CCC1C2CCC2CCC3CC3C21
C1CCC2CC(CC3CCCC4CCCC43)CCC2C1
C1CCC(CC2CC3CCCCC3C3CCC4CCCCCC4C23)CC1
C1CCC2C(C1)CCC1C3CCCC3CCC21
C1CCC(C2CC3CCCC3C3CCC4CCCCCC4C23)CC1
C1CCC(CCCCC2(CCC3CCCC3)CCC3C4CCC5CCCCC5C4CCC32)C1
C1CCC(CCCCCC2CC3CCCCC3C2)CC1
C1CCC(CCCCC2CCC3CCCCC23)CC1
C(CCC1(C2CCCC2)CCCCC2CCCCC21)CC1CCC2CCCCC2C1
C1CCC(CCCCCC2CCC3CCCCC23)CC1
C1CCC(C2CC3CCCCC3C3CCC4CCCCC4C23)CC1
C1CCC2CCC3CCCCC3C2CC1
C1CCC(CCCCCC2CCCC3C(C4CCCCC4)CCC23)CC1
C1CCC(CCC2CC3CCCCC3C3CCC4CCCCC4C23)CC1
C1CCC(CCC(CCC2CCC3CCCC3C2)CC2CCCCC2)CC1
C1CCC(CCCC2CCCC3CCC(C4CCCC5CCCC54)CC3C2)CC1
C1CCC(C2CCC3CC4C(CCC32)CCC2C3CCC(CCCC5CCC6CCCCC6C5)C3CCC42)CC1
C1CCC(C2CC3CCCCC3C3CCCCC23)CC1
C1CCC(CC2CC3CCCCC3CC3CCC4CCCCC4C32)CC1
C1CCC2CC(CCCC3CCCC4C3CCC3C5CCCCC5CCC43)CCC2C1
C1CCC2CC(C3CCCC4CCCC43)CCC2C1
C1CCC(CCCCC2CCC3C2CCC2C4CCCCCC4CCC32)CC1
C1CCC(C2CCC3C(CCCCCC4CCC(C5CCCC5)C4)CCCC23)CC1
C1CCC(CCCC2CCC(CCC3CCCC(CC4CCCC4)C3)CC2)CC1
C1CCC(C2CCC3CC4C(CCC45CCCCC5)CC32)CC1
C(CCC1CCCC2CCCCC12)CC1CCCC2CCCCC12
C1CCC(C2CC3CCCC3C3CCC4CCCCC4C23)CC1
C1CCC(CCC2CCC3C(CCC4CCCCC43)C2)CC1
C1CCC(CC2CCC3C(CC4CCCCC4)CCC3C2)CC1
C1CCC(C2CC3CCCC3C3CCCC4CCCCC4C23)CC1
C1CCC(CC2CCC3C(CCC3C3CCCCC3)C2)CC1
C1CCC2C(C1)CCC1CCCCC12
C(CCCC1CCCC2CCCCC12)CCC1CCC(C2CCCCC2)C1
C1CCC(C2CCC3CCCC3C3CCC4CCCCC4C23)CC1
C1CCC(CC2CCC(C3CC4CCCC4C4CCC5CCCCC5C4C3)CC2)CC1
C1CCC(CCC2CCC(CCC3CCCCC(CC4CCCC4)C3)CC2)CC1
C(CCCC1CCCC2C(C3CCCCC3)CCC12)CCC1CCCCC1
C1CCC(CCC(CCC2CCC3CCCC3C2)CC2CCCCC2)CC1
C1CCC(CCC2CCCCCC23CCC2C(CCC2C2CCCCC2)C3)CC1
C1CCC(C2CC3CCCC3C3CCC4CCCCC4C23)CC1
C(CCC1CCC2CCCCC2C1)CCC1CCCC2CCCCC12
C1CCC(C2CCC(CCCCCC3CCCC4CCCCC34)C2)CC1
C1CCC2CCC(C3CCCC4CCCC43)CC2CC1
C(CCC1CCCC2CCCCC12)CC1CCCC2CCCCC12
C(CCC1CCCC2CCCCC12)CC1CCC2CCCCC2C1
C1CCC(CCC2CCC(C3CCC4C(CC5CCCCC5)CCC4C3)CC2)CC1
C1CCC2CC(C3CCCC4CCCC43)CCC2C1
C1CCC(CCC2CC3CCCCC3C3CCC4CCCCC4C23)CC1
C1CCC2CCC(C3CCCC4CCCC43)CC2CC1
C1CCC(C2CCC3CCC4(CCCCCC4)C3C2)CC1
C1CCC(C2CCC3CCC4CCCCC4CC32)CC1
C(CCC1CCC2C1CCC1C3CCCCC3CCC21)CC1CC2CCCCC2C1
C1CCC2C(C1)CCC1C2CCC2C3CCCC3CC21
C(CCCC1CCCC2C(C3CCCCC3)CCC12)CCC1CCCCC1
C1CCC(CCCCCC2CC3CCCCC3C2)CC1
C1CCC(C2CCC3CCCC3C3CCC4CCCCCC4C23)CC1
C1CCC2C(C1)CCC1C3CCCCC3CCC21
C1CCC2C(C1)CCC1CCCCC12
C1CCC(C2CC3CCCCC3C3CCC4CCCCC4C23)CC1
C1CCC(CCCCCC2CCC3CCCCC23)CC1
C1CCC(CCCC2CCCC3CC4C(CCC4C4CCCCC4)CC23)CC1
C1CCC(C2CC3CCCCC3CC3CCCCC32)CC1
C1CCC(CC2CCC(CC(CC3CCCCC3)C3CCCCC3)CC2)CC1
C(CCC1CCCC2CCCC12)CC1CCCC2CCCCC12
C1CCC(C2CC3CCCC(C3)C3CCC4CCCCC4C32)CC1
C(CCCCC1CCC(C2CCCCC2)C1)CCCC1CCCCC1
C1CCC(CCCC2CCC3C2CCC2C4CC5CCC(C6CCCCC6)C5CC4CCC32)CC1
C1CCC2CCC3C4CCC(CCCC5CCCC5)C4CCC3C2CC1
C1CCC(C2(CCCCC3CCC4CCCCC4C3)CCCC3CCCCC32)CC1
C1CCC2CCC3C4CCCC4CCC3C2CC1
C1CCC(C2CCC3CCCCC3C3CCC4CCCCC4C23)CC1
C1CCC(CCC(CCC2CCC3CCCCC3C2)CC2CCCCC2)CC1
C1CCC2C(C1)CCCC1CCCCC12
C1CCC2CC(CCCC3CCC4C3CCC3C5CCCCC5CCC43)CC2C1
C1CCC(C2CCC3CC4C(CCCC45CCCC5)CC32)CC1
C1CCC2CCC(C3CCCC4CCCC43)CC2CC1
C1CCC(C2CCC3CC4C(CCC45CCCCC5)CC32)CC1
C1CCC(CCCCC2CC3CCCCC3C2)CC1
C1CCC(CC(CC2CCCCC2)C2CCCCC2)CC1
C1CCC(CCCCC2CC3CCCCC3C2)CC1
C1CCC2C(C1)CCCC1C2CCC2C3CCCC3CC21
C1CCC2CCC3C4CCCC4CCC3C2CC1
C(CCCC1CCCCC1)CCCC1CCC(C2CCCCC2)C1
C1CCC2CCC3CCCCC3C2CC1
C1CCC(CCCCC2CC3CCCCC3C2)CC1
C1CCC(CCCC2CCC3CCC(C4CCCC5CCCC54)CC3C2)CC1
C1CCC(C2CCC3CC4C(CCC32)CCC2C3CCC(CCCC5CCC6CCCCC6C5)C3CCC42)CC1
C1CCC(CCCC2CCC3C(CCC3C3CCCC(CC4CCCC4)C3)C2)CC1
C1CCC2CC(CCCC3CCC4C3CCC3C5CCCCC5CCC43)CC2C1
C1CCC(CCCCCC2CC3CCCCC3C2)CC1
C1CCC2CCC(C3CCCC4CCCC43)CC2CC1
C1CCC(C2CCC3CCC4C(CCC5C6CCC(CCCC7CCCC8CCCCC87)C6CCC45)CC32)CC1
C1CCC(CCC2CCC3C(CCC4C5CCCC5CCC34)C2)CC1
C1CCC(CCCC(CC2CC3CCCCC3C2)C2CC2)CC1
C1CCC(CCCCC2CC3CCCCC3C2)CC1
C1CCC(C2CCC3CC4(CCCCC4C4CCCCC4)CCC32)CC1
C1CCC(CCC2CCC3C(CCCC4C5CCCC5CCC34)C2)CC1
C(CCC1CCC2C(CCC3C4CCCC4CCCC23)C1)CC1CCC(C2CCC(C3CC4CCCC4C4CCC5CCCCC5C34)CC2)CC1
C1CCC(CC2CCC(CC(CC3CCCCC3)C3CCCCC3)CC2)CC1
C(CCC1CCCC1)CCC1CCCCC2CCCCC12
C1CCC(CCC2CCC3C(CCC3C3CCCCC3)C2)CC1
C1CCC(CCCCCC2CCC3CCCCC23)CC1
C(CCCC1CCCCC1)CCCC1CCC(C2CCCCC2)C1
C1CCC2C(C1)CCC1C3CCCC3CCC21
C1CCC2CC(C3CCCC4CCCC43)CCC2C1
C1CCC(C2CCC3CC4C(CCC32)CCC2C3CCC(CCCC5CC6CCCCC6C5)C3CCC42)CC1
C1CCC2CCC3C4CCCCC4CCC3C2CC1
C1CCC2CC(C3CCCC4CCCC43)CCC2C1
C1CCC(CCCC2CCC3C2CCC(C2CCCCC2)C2C4CCCCC4CCC32)CC1
C1CCC2CC(C3CCCC4CCCC43)CCC2C1
C1CCC(CCCCCC2CCCC3C(C4CCCCC4)CCC23)CC1
C1CCC(CCC2CCC(CCC3CCCCC(CC4CCCC4)C3)CC2)CC1
C(CCCC1CCCC2C(C3CCCCC3)CCC12)CCC1CCCCC1
C(CCC1CCCC2CCCC12)CC1CC2CCCCC2C1
C1CCC(C2CCC(CCCCCC3(CC4CCCC4)CCCC4CCCCC43)C2)CC1
C1CCC2CC(CC3CCC4CCCCC43)CCC2C1
C1CCC(C2CC3CCCC3C3CCC4CCCCCC4C23)CC1
C(CCCC1CCCCC1)CCCC1CCC(C2CCCCC2)C1
C1CCC(C2CC3C(CCC4CC4)CCC3C3CCC4CCCCCC4C23)CC1
C1CCC2CC(C3CCCC4CCCC43)C3CCCC3C2CC1
C1CCC(CCCCCC2CCCC3CCCC23)CC1
C1CCC(C2CCC3CC4C(CCC5C6CCC(CCCCC7CCC8CCCCC8C7)C6CCC45)CC32)CC1
C1CCC2CC(CC3CCCC4CCCC43)CCC2C1
C1CCC(CCCC2(CCC3CCCC3)CCC3C4CCCC5CCCCC5C4CCC32)C1
C1CCC(C2CCC3CCC(C4CCCC4)C3C2)C1
C(CCCC1CCCC2C(C3CCCCC3)CCC12)CCC1CCC(C2CCCC2)C1
C(CCC1CCCC2CCCCC12)CC1CC2CCCCC2C1
C1CCC(C2CCC3CC4(CCCCCCC4C4CCCCC4)CCC32)CC1
C1CCC(CC2CC3CCCCC3C3CCC4CCCCC4C23)CC1
C1CCC(C2CCC3CCC4C(CCCC45CCCCC5)CC32)CC1
C1CCC2CCC3C4CCCC4CCC3C2CC1
C1CCC(CCCCCC2CC3CCCCC3C2)CC1
C1CCC(C2CCC3CC4C(CCCC45CCCC5)CCC32)CC1
C1CCC(CC2CCC(CC(CC3CCCCC3)C3CCCCC3)CC2)CC1
C1CCC(CCCCCC2CCC3CCCCC23)CC1
C1CCC(CCC2CC3CCCCC3C3CCC4CCCCC4C23)C1
C1CCC(CCCCCC2CC3CCCCC3C2)CC1
C1CCC2CCC3C4CCCC4CCC3C2CC1
C1CCC(CC2CC3CCCCC3C3CCC4CCCCC4C23)CC1
C(CCC1CCCC2CCCC12)CC1CC2CCCCC2C1
C(CCC1CCC2C1CCC1C3CCCCC3CCC21)CC1CC2CCCCC2C1
C1CCC(C2CCC3CC4C(CCCC45CCCC5)CCC32)CC1
C(CCCC1CCCCC1)CCCC1CCC(C2CCCCC2)C1
C1CCC2C(C1)CCC1C3CCCC3CCC21
C1CCC(C2CCC3CC4C(CCCCC45CCCC5)CC32)CC1
C1CCC2CCC3CCCCC3C2CC1
C1CCC(CCCCC2CC3CCCCC3C2)CC1
C1CCC(CC2CC3CCCCC3C3CCCCC23)CC1
C1CCC(CCCCCC2CCCC3C(C4CCCCC4)CCC23)CC1
C1CCC(CCCCCC2CC3CCCCC3C2)CC1
C1CCC(CCCCC2CCC3CCCCC23)CC1
C1CCC(CCCCC2CC3CCCCC3C2)CC1
C1CCC(C2CCC3CC4C(CCC45CCCC5)CC32)CC1
C1CCC(C2CCC3CC4C(CCC5C6CCC(CCCC7CC8CCCCC8C7)C6CCCC45)CC32)CC1
C1CCC2CC3CCC4CCCCC4C3CCC2C1
C1CCC(C2CCC3CCCC3C3CCC4CCCCC4C23)CC1
C1CCC2CCC3C(CCC4C5CCCC5CC43)C2CC1
C(CCCCC1CCC(C2CCCCC2)C1)CCCC1CCCCC1
C1CCC(CCCCCC2CC3CCCCC3C2)CC1
C1CCC(CCCCC2CC3CCCCC3C2)CC1
C(CCC1CCCC2CCCCC12)CC1CCCC2CCCCC2C1
C1CCC2C(C1)CCC1CCCCC12
C1CCC(CCCC2CCC3CCC(CC4CCCC5CCCC54)CC3C2)CC1
C1CCC(CCC2(CCCC3CC4CCCCC4C3)CCC3C4CCC5CCCCC5C4CCC32)C1
C1CCC(CC23CCCCC2CCC2C4CCCC4CCC23)CC1
C1CCC(C2CCC(CCCCCC3CCCC4CCCCC34)C2)CC1
C1CCC2C(C1)CCCC1C3CCCC3CCC21
C1CCC(C2CCC3C(CCCCCC4CCC(C5CCCC5)C4)CCCC23)CC1
C1CCC(C2CCC3CC4C(CCCC5C6CCC(CCCC7CCC8CCCCC8C7)C6CCC45)CC32)CC1
C1CCC(CCC2CCC3C(CCC4CCCCC43)C2)CC1
C1CCC2CCC(C3CCCC4CCCC43)CC2CC1
C1CCC(C2CCC3CC4C(CCC5C6CCC(CCCC7CCC8CCCCC8C7)C6CCC45)CC32)CC1
C1CCC(CCC2CCCCC3CC4C(CCC4C4CCCCC4)CC23)CC1
C1CCC2CC(CC3CCCC4CCCC43)CCC2C1
C(CCC1CCC2C1CCC1C3CCCCC3CCC21)CC1CCC2CCCCC2C1
C1CCC(CCCCC2C(CC3CCCC4CCCC43)CCC3CCCCC32)CC1
C1CCC2CC(C3CCCC4CCCC43)CCC2C1
C1CCC(CCC2CCC3C(CCC3C3CCCCC3)C2)CC1
C1CCC(C2CCC3CC4C(CCCC45CCCCC5)CC32)CC1
C1CCC2CC(C3CCCC4CCCC43)CCC2C1
C1CCC(CCCCCC2CCCC3C(C4CCCCC4)CCC23)CC1
C1CCC2C(C1)CCC1C3CCCCC3CCC21
C(CCC1CCC2C1CCC1C3CCCCC3CCC21)CC1CC2CCCCC2C1
C1CCC(C2CC3CCCC3C3CCC4CCCCC4C23)CC1
C1CCC(CCCCCC2CCCC3C2CCC3C2CCCC(CC3CCCC3)C2)CC1
C1CCC(CC2CCC3CCCCC3C3CCC4CCCCC4C23)CC1
C1CCC(CCCC(CC2CCC3C(CCC3C3CCCCC3)C2)C2CCCCC2)CC1
C1CCC2CCC(C3CCCC4CCCC43)CC2CC1
C1CCC2CCC(C3CCCC4CCCC43)CC2CC1
C1CCC(CC2CCCC(C3CCC4CC(CCC5CCC6CCCCC6C5)CCC43)C2)C1
C1CCC(CCCCC2CC3CCCCC3C2)CC1
C1CCC2CC3CCC4CCCC4C3CCC2C1
C(CCCC1CCCCC1)CCCC1CCC(C2CCCCC2)C1
C1CCC(C2CC3CCCC3C3CCC4CCCCC4C23)CC1
C1CCC(CCC2CCC(C3CCC3)CC2)CC1
C1CCC2CC(C3CCCC4CCCC43)C3CCCC3C2CC1
C1CCC(C2CCC3CCCC3C3CCC4CCCCC4C23)CC1
C(CCC1CCCCC2CCCCC12)CC1CCC2CCCCC2C1
C1CCC(C2CCC3CC4C(CCC5CC6CCCCC6C5)CCCC4CC32)CC1
C1CCC(C2CC3CCCC3C3CCC4CCCCC4C23)CC1
C1CCC(CCC2CCC(C3CCC4C(CCC4C4CCCCC4)C3)CC2)CC1
C1CCC(CCCCC(CC2CCC3C(CCC3C3CCCCC3)C2)C2CCCCC2)CC1
C1CCC(CCCCC2CC3CCCCC3C2)CC1
C(CCC1CCC2C(CCC3C4CCCC4CCC23)C1)CC1CCC(C2CC3CCCC3C3CCC4CCCCC4C23)CC1
C1CCC(CC2CCC3C(CCC3C3CCCCC3)C2)CC1
C(CCCC1CCCC2C(C3CCCCC3)CCC12)CCC1CCCCC1
C1CCC(CC2CC3CCCCC3C3CCC4CCCCC4C23)CC1
C1CCC(CCCCC2CC3CCCCC3C2)CC1
C1CCC2CC(C3CCCC4CCCC43)CCC2C1
C1CCC(CCCCCC2CC3CCCCC3C2)CC1
C1CCC(C2CCC(C3CC4CCCC4C4CCC5CCCCC5C34)CC2)C1
C(CCC1CC2CCCCC2C1)CCC1CCCC2CCCC12
C1CCC2C(C1)CCC1CC3CC4CCCC4C3CCC12
C1CCC(C2CC3CCCC3C3CCC4CCCCC4C23)CC1
C1CCC2C(C1)CCC1CCCCC12
C1CCC(CCC(CCC2CCC3CCCCC3C2)CC2CCCCC2)CC1
C1CCC(CCC2CCCC3CCC(C4CCCC5CCCC54)CC23)CC1
C1CCC(CC2CC3CCCCC3C3CCC4CCCCCC4C23)CC1
C1CCC(CCC2CCCCC2)CC1
C1CCC(CCCCC2CCC3CCCCC23)CC1
C1CCC2CC(C3CCCC4CCCCC43)C3CCCC3C2CC1
C1CCC2CC(C3CCCC4CCCC43)CCC2C1
C1CCC2CC(CC3CCCC4CCCC43)CCC2C1
C1CCC(C2CCC3CC4(CCCCCC4C4CCCCC4)CCC32)CC1
C1CCC2CCC3C4CCCCC4CC(CC4CCCC4)C3C2CC1
C1CCC(C2CCC(CCCCCC3CCCC4CCCCC34)C2)CC1
C(CCC1CCCC2CCCC12)CC1CC2CCCCC2C1
C1CCC(CCCC2CCC3C(CCC3C3CCCCC3)C2)CC1
C1CCC(C2CCC3CC4C(CCCC4C4CCCC4)CC32)CC1
C1CCC(CC2CCC3CC4C(CCC45CCCC5)CC23)CC1
C1CCC(CCCCCC2CC3CCCCC3C2)CC1
C(CCC1CCCC2CCCCC12)CC1CCC2CCCCC2C1
C1CCC(CCCCCC2CC3CCCCC3C2)CC1
C1CCC(CCCC2CCC3C(CCC4C5CCCC5CC(CCC5CCCCC5)C34)C2)CC1
C1CCC(CC2CCC(CC(CC3CCCCC3)C3CCCCC3)CC2)CC1
C(CCCC1CCCC2CCCCC12)CCC1CCC(C2CCCCC2)C1
C1CCC(CCCC2CCC3C2CCC2C4CC5CCC(C6CCCCC6)C5CC4CCCC32)CC1
C1CCC(CC2CC3CCCCC3C3CCC4CCCCC4C23)CC1
C1CCC(C2CC3CCCC3C3CCC4CCCCC4C23)CC1
C1CCC(CCCCC2CC3CCCCC3C2)CC1
C1CCC(C2CCC3C(CCC4CCCCC43)C2)CC1
C1CCC2CCC3C4CCC(CCCC5CCC6CCCCC6C5)C4CCC3C2CC1
C1CCC2CCC(C3CCCC4CCCC43)CC2CC1
C1CCC(CC2CC3CCCCC3C3CCC4CCCCC4C23)CC1
C1CCC(CCC2(CCCC3CC4CCCCC4C3)CCCC3C4CCC5CCCCC5C4CCC32)C1
C1CCC(C2CCC3CC4CCCCC4CC32)CC1
C1CCC(C2CCC3CC4C(CCCC45CCCC5)CC32)CC1
C1CCC2C(C1)CCCC1C2CCC2C3CCCC3CC21
C1CCC(CCCCCC2CC3CCCCC3C2)CC1
C1CCC2CCC3C(CCC4C3CCC4(CCCC3CCC4CCCCC4C3)CCC3CCCC3)C2CC1
C1CCC(C2CC3C(CCC4CC4)CCC3C3CCC4CCCCC4C23)CC1
C1CCC2C(C1)CCC1C3CCCC3CCC21
C(CCC1CC2CCCCC2C1)CCC1CCCC2CCCC12
C1CCC(C2CCC(C3CC4CCCCC4C4CCC5CCCCC5C34)CC2)C1
C1CCC(CCC2CCC(C3CCC4C(CCC4C4CCCCC4)C3)CC2)CC1
C1CCC(C2CCC3C(CCCC4CCCCC43)C2)CC1
C1CCC(C2CCC3CCC4C(CCC45CCCC5)CC32)CC1
C1CCC2C(C1)CCC1C3CCCC3CCC21
C1CCC2C(C1)CCCC1C2CCC2C3CCCC3CC21
C1CCC2C(C1)CCC1C3CCCC3CCC21
C1CCC(CCC2CCC3C(CCC3C3CCCCC3)C2)CC1
C1CCC(CCCCC2CC3CCCCC3C2)CC1
C1CCC(CCCCC2CC3CCCCC3C2)CC1
C1CCC(CCC2CCC(C3CC3)CC2)CC1
C1CCC2CC(C3CCCC4CCCC43)CCC2C1
C1CCC(CC2CCC3CCCCC3C3CCC4CCCCC4C23)CC1
C1CCC(CCCCCC2CCCC3C(C4CCCCC4)CCC23)CC1
C1CCC(CCCCC2CC3CCCCC3C2)CC1
C1CCC(CC2CCCC(C3CCC4CC(CCC5CCC6CCCCC6C5)CCC43)C2)C1
C(CCC1CCCC2CCCCC12)CC1CCC2CCCCC2C1
C1CCC(CCCC2(CCCC3CCC4CCCCC4C3)CCC3C4CCC5CCCCC5C4CCC32)C1
C1CCC(C2CCC3CC4C(CC5CCC6CCCCC65)CCCC4CC32)CC1
C1CCC(C2CCC3CC4C(CCC5C6CCCCC6CCC45)CC32)CC1
C1CCC2C(C1)CCCC1CCCCC12
C1CCC(CCC2(CCCCC3CC4CCCCC4C3)CCC3C4CCC5CCCCC5C4CCC32)C1
C1CCC(CCCCC2CC3CCCCC3C2)CC1
C1CCC2C(C1)CCC1CCCCC12
C1CCC2CCC(C3CCCC4CCCC43)CC2CC1
C1CCC(CCCCCC2CCCCC2)CC1
C1CCC(C2CCC3CCC4C(CCC5C6CCCC6CCC45)CC32)CC1
C1CCC2C(C1)CCC1CCCCC12
C1CCC(CCC2CCC(C3CCC4C(CCC4C4CCCCC4)C3)CC2)CC1
C(CCC1CCCC1)CCC1CCCC2CCCCC2C1
C1CCC(C2CCC3CC4C(CCCC5CC5)CCCCC4CC32)CC1
C1CCC(CCCC2CCC3CCCC3C2)CC1
C1CCC(CCCCC2CCC3CCCCC23)CC1
C1CCC(CC2CC3CCCCC3CC3CCC4CCCCC4C32)C1
C1CCC2CCC(C3CCCC4CCCC43)CC2CC1
C1CCC(CCCCCC2CC3CCCCC3C2)CC1
C1CCC(CC2CC3CCCCC3C3CCC4CCCCC4C23)CC1
C1CCC(CC2CCC3CCCCC3C3CCC4CCCCC4C23)CC1
C1CCC(CCCCCC2CC3CCCCC3C2)CC1
C1CCC(CCC2CCC3C(CCC3C3CCCCC3)C2)CC1
C1CCC(CCCCC2CC3CCCCC3C2)CC1
C1CCC2C(C1)CCC1C3CCCCC3CCC21
C1CCC(C2CC3CCCCC3C3CCC4CCCCC4C23)CC1
C1CCC(C2CCC3CC4C(CCC5C6CCC(CCCC7CC8CCCCC8C7)C6CCC45)CC32)CC1
C1CCC2C(C1)CCC1C3CCCCC3CCC21
C1CCC2C(C1)CC(C1CCCC3CCCC31)C1CCCC21
C1CCC(CC2CCC3C(CCC3C3CCCCC3)C2)CC1
C(CCCC1CCCC2C(C3CCCCC3)CCC12)CCC1CCC(C2CCCC2)C1
C1CCC(C2CCC3C(CCCCCC4CCC(C5CCCC5)C4)CCCC23)CC1
C1CCC(C2CCC3CC4CCCCC4CC32)CC1
C1CCC(CCCCCC2CC3CCCCC3C2)CC1
C1CCC(C2CC3CCCC3C3CCCC4CCCCC4C23)CC1
C1CCC(C2CCC3CCC4C(CCC45CCCC5)CC32)CC1
C1CCC(CCCCC2CC3CCCCC3C2)CC1
C1CCC(C2CC3CCCC3C3CCCC4CCCCC4C23)CC1
C1CCC2CC(CCCC3CCCC4C3CCC3C5CCCCC5CCC43)CC2C1
C1CCC(CCCC(CCC2CCC3CCCC3C2)CC2CCCCC2)CC1
C1CCC(C2CCC3C(CCC4CCCCC43)C2)CC1
C1CCC2CCC3C4CCCC4CCC3C2CC1
C1CCC(CCC2CCC3C2CCC(C2CCCCC2)C2C4CCCCCC4CCC32)CC1
C1CCC(C2CCC3CC4C(CC5CCC6CCCCC65)CCCCC4CC32)CC1
C1CCC(CCCCCC2CC3CCCCC3C2)CC1
C1CCC2C(C1)CCCC2CCCC1CCC2C1CCC1C3CCCCC3CCC21
C(CCC1CCC2CCCCC2C1)CCC1CCCC2CCCCC12
C1CCC(CCCCC2CCC3CCCCC23)CC1
C1CCC(CCC2CCC3C2CCC2CC4CCCCC4CCC23)C1
C(CCCC1CCCC2CCCCC12)CCC1CCC(C2CCCCC2)C1
C1CCC2CCC3C4CCCC4CCC3C2CC1
C1CCC2CCC3C(CCC4C5CCCC5CC43)C2CC1
C1CCC(CCC2CCC3C(CCCC4CCCCC43)C2)CC1
C1CCC(C2CC3CCCC3C3CCC4CCCCC4C23)CC1
C1CCC(CC2CC3CCCCC3C3CCC4CCCCC4C3C2)C1
C1CCC2CC3CCC4CCCCC4C3CCC2C1
C1CCC(CCCCCC2CCC3CCCCC23)CC1
C1CCC(C2CCC3CC4C(CCCC45CCCCC5)CC32)CC1
C1CCC(C2CC3CCCC3C3CCC4CCCCCC4C23)CC1
C1CCC(C2CC3CCCC3C3CCC4CCCCCC4C23)CC1
C1CCC2CC(C3CCCC4CCCC43)CCC2C1
C1CCC2CCC3C4CCC(CCCC5CC6CCCCC6C5)C4CCC3C2CC1
C1CCC(CCC2CCC3CC2CCC(C2CCCCC2)C2C4CCCCC4CCC32)CC1
C1CCC(CCCCC2CC3CCCCC3C2)CC1
C1CCC(CCC2CCC3C(CCC3C3CCCCC3)C2)CC1
C1CCC(CC2CCC3CC4C(CC5CCC6CCCCC65)CCCC4CC23)CC1
C1CCC2CCC3C4CCCCC4CC(CC4CCCC4)C3C2CC1
C1CCC(C2CCC3CC4C(CCCC45CCCCC5)CC32)CC1
C1CCC(CCCCC2CC3CCCCC3C2)CC1
C1CCC(CCCCC2CCC3CCCCC23)CC1
C1CCC2C(C1)CCC1C3CCCC3CCC21
C1CCC(C2CCC(C3CC4CCCC4C4CCC5CCCCC5C34)CC2)C1
C1CCC(CCCCC2CCCC3CCC(C4CCCC5CCCC54)CC23)CC1
C1CCC(C2CC3CCCC3C3CCC4CCCCC4C23)CC1
C1CCC(CC2CCC3CC4C(CCCC45CCCC5)CC23)CC1
C1CCC2C(C1)CCC1CCCCC12
C1CCC(C2CCC3CC4C(CCC5C6CCC(CCCC7CCC8CCCCC8C7)C6CCC45)CC32)CC1
C1CCC2CCC(C3CCCC4CCCC43)CC2CC1
C1CCC2CC(CCCC3CCC4CC5CCC6CCCCC6C5CCC34)CC2C1
C1CCC(C2CC3CCCCC3C3CCC4CCCCC4C23)CC1
C1CCC(CCCCC2CC3CCCCC3C2)CC1
C1CCC(C2CCC3CC4C(CCC32)CCC2C3CCC(CCCC5CC6CCCCC6C5)C3CCC42)CC1
C1CCC2CC(C3CCCC4CCCC43)CCC2C1
C1CCC(CCC2CCC3C(CCC3C3CCCCC3)C2)CC1
C1CCC(CCCCCC2CCC3CCCCC23)CC1
C1CCC(C2CCC3CC4C(CC5CCC6CCCCC65)CCCCC4CC32)CC1
C1CCC(C2CCC3CC4C(CCC45CCCC5)CC32)CC1
C1CCC(CCCCC2CCC3CCC(C4CCCC5CCCC54)CC3C2)CC1
C1CCC(CC2CCC3C(CCC3C3CCCCC3)C2)CC1
C1CCC(CCCC2CCCC3CCC(C4CCCC5CCCC54)CC3C2)CC1
C1CCC(C2CCC(CCCC3CCC4C3CCC3C5CCCCC5CCCC43)C2)CC1
C1CCC(CCCCC2CC3CCCCC3C2)CC1
C1CCC(C2CCC(CCCC3CCC4C3CCC3C5CCCCC5CCCC43)C2)CC1
C1CCC2C(C1)CCC1C3CCCCC3CCC21
C1CCC(CC2CCC(CC(CC3CCCCC3)C3CCCCC3)CC2)CC1
C1CCC2CC(C3CCCC4CCCC43)CCC2C1
C1CCC(CCCCCC2CCCC3CCCC23)CC1
C1CCC(C2CCC3CC4C(CCC32)CCC2C3CCCC3CCC42)CC1
C1CCCC(CCCC2CCC3CCC(C4CCCC5CCCC54)CC3C2)CC1
C1CCC2CCC3C(CCC4C3CCC4(CCCC3CC4CCCCC4C3)CCC3CCCC3)C2CC1
C1CCC(CCCCC2CC3CCCCC3C2)CC1
C1CCC(CCC2CCC3C(CCC4C5CCCCC5CCC34)C2)CC1
C1CCC(C2CCC3C(CCC4CCCCC43)C2)CC1
C1CCC(CCC2CCCC(C3CCC4CC(CCC5CCC6CCCCC6C5)CCC43)C2)C1
C1CCC(CCCCCC2CCC3CCCCC23)CC1
C1CCC(CC2CC3CCCCC3C3CCC4CCCCCC4C23)CC1
C1CCC(CC2CCCCC2CC2CC3CCCCC3C3CCC4CCCCC4C23)CC1
C1CCC(C2CCC3C(CCCC4CCCCC43)C2)CC1
C1CCC(CCCCC2CC3CCCCC3C2)CC1
C(CC1CCC2CCCCC2C1)CC1CCC2CCC(C3CCCC4CCCC43)CC2C1
C1CCC2C(C1)CCC1C2CCC2C3CCCCC3CC21
C1CCC(CCC2CCC3C(CCC3C3CCCCC3)C2)CC1
C1CCC(CCC2CCCCC2)CC1
C1CCC(CCC2CCC3C2CCC(C2CCCCC2)C2C4CCCCC4CCCC32)CC1
C1CCC(CCCCCC2CCC3CCCCC23)CC1
C(CCCC1CCCC2C(C3CCCCC3)CCC12)CCC1CCCCC1
C1CCC2CCC3CCCCC3C2CC1
C1CCC2C(C1)CCC1C3CCCC3CCC21
C1CCC2C(C1)CCC1C3CCCC3CCC21
C1CCC2CC(CCCC3CCC4C3CCC3C5CCCCC5CCC43)CC2C1
C1CCC(CCCCCC2CCCC3C(CC4CCCCC4)CCC23)CC1
C(CCC1CCC2C1CCC1C3CCCCC3CCC21)CC1CCC2CCCCC2C1
C1CCC2C(C1)CCC1C3CCCCC3CCC21
C1CCC2C(C1)CCC1C3CCCC3CCC21
C1CCC(CCCCCC2CCC3CCCCC23)CC1
C1CCC(CCCCC2CCC3CCCCC23)CC1
C1CCC2C(C1)CCCC1C3CCCC3CCC21
C1CCC(CCCCC2CCC3CCCCC23)CC1
C1CCC(CC2CCC3CCCCC3C2)C1
C1CCC(C2CC3C(CCC4CC4)CCC3C3CCCC4CCCCC4C23)CC1
C1CCC(C2CCC3CC4C(CCC45CCCCCC5)CC32)CC1
C1CCC(C2CCC(CCCCCC3CCCC4C(C5CCCCC5)CCC34)C2)CC1
C1CCC(C2CC3CCCC3C3CCC4CCCCC4C23)CC1
C1CCC(C2CCC3CC4C(CCC32)CCC42CCCCC2)CC1
C(CCC1CCCC2CCCC12)CC1CC2CCCCC2C1
C1CCC(CC2CCC3C(CCC3C3CCCCC3)C2)CC1
C1CCC2CCC(C3CCCC4CCCC43)CC2CC1
C1CCC(C2CCC3CC4CCCCC4CCC32)CC1
C1CCC(C2CCC3CC4C(CCC32)CCC2C3CCC(CCCC5CCC6CCCCC6C5)C3CCC42)CC1
C1CCC2CCC(C3CCCC4CCCC43)CC2CC1
C(CCC1CCC2C1CCC1C3CCCCC3CCC21)CC1CC2CCCCC2C1
C1CCC(CCCCCC2CCCC3C(C4CCCCC4)CCC23)CC1
C1CCC(CCC2CCC3C2CCC(C2CCCCC2)C2C4CCCCCC4CCC32)CC1
C1CCC(C2CCC3CC4C(CCCC45CCCCC5)CC32)CC1
C(CCCC1CCCC2C(C3CCCCC3)CCC12)CCC1CCCCC1
C1CCC2C(C1)CCC1C3CCCCC3CCC21
C1CCC(CCCC2CCC3CCC(CC4CCCC5CCCC54)CC3C2)CC1
C1CCC2CCC3C4CCC(CCCC5CCC6CCCCC6C5)C4CCC3C2CC1
C1CCC(CCCCC2CC3CCCCC3C2)CC1
C1CCC2CCC(C3CCCC4CCCC43)CC2CC1
C1CCC(CC2CCC3CC4C(CCC45CCCC5)CC23)CC1
C1CCC(C2CCC3C(CCC4CCCCC43)C2)CC1
C1CCC(C2CC3CCCC3C3CCC4CCCCCC4C23)CC1
C1CCC2CC(C3CCCC3)C3CCCC3C2CC1
C1CCC(CCCC2CCC3CCCC3C2)CC1
C1CCC(CCCCCC2CCCC3C(CC4CCCCC4)CCC23)CC1
C1CCC(C2CCC3C(CCC4CCCCC43)C2)C1
C1CCC(CC2CCC3C(CCC3C3CCCCC3)C2)CC1
C1CCC(C2CC3CCCCC3C3CCCCC23)CC1
C1CCC(CCCC2CCCC3CCC(C4CCCC5CCCC54)CC3C2)CC1
C1CCC(CCC2CCC3C(CCC3C3CCCCC3)C2)CC1
C1CCC(CCC2CCC3C(CCC4C5CCCCC5CC(CCC5CCCCC5)C34)C2)CC1
C1CCC(C2CCC3CC4C(CCC32)CCC2C3CCC(CCCC5CC6CCCCC6C5)C3CCC42)CC1
C1CCC(CC2CC3CCCCC3C3CCC4CCCCCC4C23)CC1
C1CCC2C(C1)CCC1C3CCCC3CCC21
C1CCC2CCC(C3CCCC4CCCC43)CC2CC1
C1CCC(CCC2CCCC3CC4C(CCC23)CCC4C2CCCCC2)CC1
C1CCC(CC2CCCCC2CC2CC3CCCCC3C3CCC4CCCCCC4C23)CC1
C1CCC(C2CCC3CC4C(CCC45CCCCCC5)CC32)CC1
C1CCC(C2CCC3CC4C(CCC32)CCC2C3CCC(CCCC5CCC6CCCCC6C5)C3CCC42)CC1
C1CCC2C(C1)CC(C1CCCC3CCCC31)C1CCCCC21
C1CCC(CCCCCC2C3CCCCC3CCC2C2CCCC3CCCC32)CC1
C1CCC(C2CC3CCCC3C3CCC4CCCCCC4C23)CC1
C(CCC1CCCC2CCCC12)CC1CC2CCCCC2C1
C1CCC(CCC(CC2CC3CCCCC3C2)C2CCCCC2)CC1
C1CCC(CCC2CCCCC3CC4C(CCC4C4CCCCC4)CC23)CC1
C1CCC(CC2CCCC(CCC3CCC(CCC4CCC(C5CC5)CC4)CC3)C2)C1
C1CCC(CCCCC2CC3CCCCC3C2)CC1
C1CCC(CCCC2CCC3CCC(C4CCCC5CCCC54)CC3C2)CC1
C1CCC(C2CCC3CC4CCCCC4CCC32)CC1
C1CCC(C2CCC3CC4C5CCC6C(CCCC7CC8CCCCC8C7)CCC6C(CCC4CC32)C5)CC1
C1CCC(C2CCC3CC4C(CCC32)CCC42CCCC2)CC1
C1CCC2CC(C3CCCC4CCCC43)CCC2C1
C1CCC(CCCCCC2CCC3CCCCC23)CC1
C1CCC(C2CC3CCCC3C3CCC4CCCCCC4C23)CC1
C1CCC(C2CC3CCCC3C3CCC4CCCCCC4C23)CC1
C1CCC(C2CCCC3(CCC4CC5C(CCC5C5CCCCC5)CC43)C2)CC1
C1CCC(C2CCC3CCCCC3C3CCCCC23)CC1
C1CCC2CCC(C3CCCC4CCCC43)CC2CC1
C1CCC(CCCCCC2CC3CCCCC3C2)CC1
C1CCC(CCCC2CCC3C2CCC2C4CC5CCC(C6CCCCC6)C5CC4CCCC32)CC1
C(CCC1CCCC2CCCCC12)CC1CC2CCCCC2C1
C1CCC2C(C1)CCC1C3CCCC3CCC21
C1CCC(CCC2CCC3C(CCC3C3CCCCC3)C2)CC1
C1CCC(CCC2CCC(C3CCC4C(CCC4C4CCCCC4)C3)CC2)CC1
C(CCCCC1CCC(C2CCCCC2)C1)CCCC1CCCCC1
C1CCC(CCCCCC2CCCC3C(C4CCCCC4)CCC23)CC1
C1CCC(CCCCCC2CC3CCCCC3C2)CC1
C1CC(C2CCC(C3CC4CCCC4C4CCCC5CCCCC5C34)CC2)C1
C1CCC2CC(C3CCCC4CCCC43)CCC2C1
C1CCC(CCC2CCC3C(CCC3C3CCCCC3)C2)CC1
C1CCC(C2CCC3CC4C(CCCCC45CCCC5)CC32)CC1
C1CCC2CC(C3CCCC4CCCC43)CCC2C1
C1CCC(C2CCC3CCCC3C3CCC4CCCCC4C23)CC1
C1CCC(CCCCC2CC3CCCCC3C2)CC1
C1CCC(C2CC3CCCC3C3CCC4CCCCCC4C23)CC1
C1CCC(CCCCCC2CC3CCCCC3C2)CC1
C1CCC(CCCC2CCCC3CCC(C4CCCC5CCCC54)CC3C2)CC1
C1CCC(CCCC2CC3CCCCC3C2C2CCCCC2)CC1
C(CCCC1CCCC2C(C3CCCCC3)CCC12)CCC1CCCCC1
C1CCC2CC(C3CCCC4CCCC43)CCC2C1
C1CCC(CCCCCC2CC3CCCCC3C2)CC1
C1CCC2CC(CC3CCCC4CCCC43)CCC2C1
C1CCC2CC(C3CCCC4CCCC43)CCC2C1
C1CCC(CCCCC2CC3CCCCC3C2)CC1
C1CCC(C2CCC3CCCC3C3CCC4CCCCCC4C23)CC1
C(CCCC1CCCC2C(C3CCCCC3)CCC12)CCC1CCCCC1
C1CCC(CCC2CCC3C(CCC4C5CCCC5CCC34)C2)CC1
C1CCC(CC2CC3CCCCC3C3CCC4CCCCCC4C23)CC1
C1CCC(CCCC2CCCC3CCC(C4CCCC5CCCC54)CC23)CC1
C1CCC2CCC(C3CCCC4CCCC43)CC2CC1
C1CCC(CCC2CCC(CCC3CCCC(CCC4CCCC4)C3)CC2)CC1
C1CCC(C2CC3CCCC3C3CCC4CCCCC4CC23)CC1
C1CCC2CC(CCCC3CCC4C3CCC3C5CCCCC5CCC43)CC2C1
C1CCC(CCCCC2CCC3CCCCC23)CC1
C1CCC(CCC2CCC(C3CCCC4C(CC5CCCCC5)CCC34)C2)CC1
C1CCC(CCCCCC2CCC3CCCCC3C2)CC1
C1CCC2CCC(C3CCCC4CCCC43)CC2CC1
C1CCC(C2CCC3CC4C(CCC45CCCC5)CC32)CC1
C1CCC(CCCC2CCC3CCC(C4CCCC5CCCC54)CC3C2)CC1
C1CCC(CCCCCC2CCCC3C(C4CCCCC4)CCC23)CC1
C1CCC(CCCC2CCC3CCC(C4CCCC5CCCC54)CC3CC2)CC1
C1CCC(CCCC2(CCCC3CC4CCCCC4C3)CCC3C4CCC5CCCCC5C4CCC32)C1
C1CCC(CC2CC3CCCCC3C3CCC4CCCCCC4C23)CC1
C1CCC(C2CC3CCCC3C3CCC4CCCCC4C23)CC1
C1CCC(CC2CCC(CC(CC3CCCCC3)C3CCCCC3)CC2)CC1
C1CCC(CCCC2CCC3CCC(C4CCCC5CCCC54)CC3C2)CC1
C1CCC2CC(CCCC3CCC4C3CCC3C5CCCCC5CCC43)CC2C1
C1CCC2CCC3C4CCCCC4CC(CC4CCCC4)C3C2CC1
C1CCC(CCC2CCCC3CCC4C(CCC4C4CCCCC4)CC23)CC1
C1CCC(C2CCC3CC4C(CCC32)CCC2C3CCC(CCCC5CC6CCCCC6C5)C3CCC42)CC1
C1CCC(CC2CC3CCCCC3C3CCC4CCCCC4C23)CC1
C1CCC2CC3CCCCC3CCC2C1
C1CCC(C2CCC3CCC4C(CCC45CCCC5)CC32)CC1
C1CCC(CC2CC3CCCCC3C3CCC4CCCCC4C23)CC1
C1CCC(CCC2CCC(C3CCC4C(CCC4C4CCCCC4)C3)CC2)CC1
C(CCCC1CCCCC1)CCCC1CCC(C2CCCCC2)C1
C(CCC1CCCC2CCCCC12)CC1CC2CCCCC2C1
C(CCCC1CCCC2C(C3CCCCC3)CCC12)CCC1CCCCC1
C1CCC(C2CCC3CC4C(CCC5C6CCCC6CCC45)CC32)CC1
C1CCC(C2CCC3CC4C(CCCC45CCCCC5)CC32)CC1
C1CCC2CC(CCCC3CCCC4CCCCC43)CC2C1
C1CCC2C(C1)CC(C1CCCC3CCCC31)C1CCCCC21
C1CCC(C2CCC3CC(C4CCC(CCC5CCCC5)CC4)CCC32)CC1
C1CCC(CCCCCC2CCC3CCCCC23)CC1
C(CCCC1CCCC2C(C3CCCCC3)CCC12)CCC1CCCCC1
C1CCC(CCCC2CCCC3CCCCC32)C2CCCCC2C1
C1CCC(C2CC3CCCC3C3CCC4CCCCC4C23)CC1
C1CCC(CCCCCC2CCCC3C(C4CCCCC4)CCC23)CC1
C1CCC2CC(C3CCCC4CCCC43)CCC2C1
C1CCC2C(C1)CCC1C3CCCC3CCC21
C1CCC(CCCCC2CCC3CCC(C4CCCC5CCCC54)CC3C2)CC1
C1CCC(CCCCCC2CCCC3C(C4CCCCC4)CCC23)CC1
C1CCC(CCC2CCCC3CC4C(CC5CCCCC5)CCC4CC23)CC1
C1CCC(C2CC3CCCC3C3CCC4CCCCC4C23)CC1
C1CCC(CCC2CCC3C(CCC3C3CCCCC3)C2)CC1
C(CCCC1CCCC2C(C3CCCCC3)CCC12)CCC1CCCCC1
C(CCC1CCCC2CCCC12)CC1CC2CCCCC2C1
C(CCC1CC2CCCCC2C1)CCC1CCCC2CCCC12
C1CCC(C2CCC3CC4C(CCCC4C4CCCC4)CC32)CC1
C1CCC(CCCCC2CC3CCCCC3C2)CC1
C1CCC(CCC2CCC3C(CCC3C3CCCC(CCC4CCCCC4)C3)C2)CC1
C1CCC2CCCCC2C(CCCCC2CCCC3CCCCC23)C1
C1CCC(C2CCC3C(CCCC4CCCCC43)C2)CC1
C1CCC(CCC2CCC(C3CC3)CC2)CC1
C(CCCC1CCCC2CCCCC12)CCC1CCCC1
C1CCC2CCC3C4CCC(CCCC5CC6CCCCC6C5)C4CCC3C2CC1
C1CCC(CCC2CCC3C(CCC3C3CCCCC3)C2)CC1
C(CCC1CCC2C1CCC1C3CCCCC3CCC21)CC1CCCC2CCCCC12
C1CCC(C2CCC(CCCCCC3CCCCC4CCCCC34)C2)CC1
C1CCC2CC(C3CCCC4CCCC43)CCC2C1
C1CCC(CCCCC2CC3CCCCC3C2)CC1
C(CCC1CCCC2CCCCC12)CC1CCC2CCCCC2C1
C1CCC(CCCCC2CC3CCCCC3C2)CC1
C1CCC(CC2CCC3CC4(CCCCCC4C4CCCCC4)CCC23)CC1
C1CCC(CCCCC2CCC3CCCCC23)CC1
C1CCC(CCCCCC2CC3CCCCC3C2)CC1
C1CCC2C(C1)CC(C1CCCC1)C1CCCCC21
C1CCC(CCCCC2CC3CCCCC3C2)CC1
C1CCC(CCCC(CCC2CCC3CCCC3C2)CC2CCCCC2)CC1
C1CCC(CCCCC2CCC3CCC(C4CCCC5CCCC54)CC3C2)CC1
C1CCC(C2CCC3C(CCCCCC4CCC(C5CCCC5)C4)CCCC23)CC1
C1CCC2CCC3C4CCCC4CCC3C2CC1
C1CCC(CCCC(CC2CC3CCCCC3C2)C2CC2)CC1
C1CCC(C2CCC3CCCC3C3CCCC4CCCCC4C23)CC1
C(CCCC1CCCCC1)CCCC1CCC(C2CCCCC2)C1
C1CCC(C2CC3CCCCC3C3CCC(CCC4CCCC4)CC23)CC1
C(CCCC1CCCCC1)CCCC1CCC(CC2CCCCC2)C1
C1CCC(C2CCC3CC4C(CCCC45CCCC5)CCC32)CC1
C(CCCC1CCCC2CCCC12)CCC1CCC2CCCCC2C1
C1CCC2CCC(C3CCCC4CCCC43)CC2CC1
C1CCC(C2CCC3CC4C(CC5CCC6CCCCC65)CCCC4CC32)CC1
C1CCC2CC(C3CCCC4CCCC43)CCC2C1
C1CCC(CCC(CCC2CCC3CCCC3C2)CC2CCCCC2)CC1
C1CCC(CC(CC2CCCCC2)C2CCCCC2)CC1
C(CCC1CCC2CCCCC2C1)CCC1CCCC2CCCCC12
C1CCC(C2CCC(CCCCCC3CCCC4CCCCC34)C2)CC1
C1CCC(CCC2CCC(C3CCC4C(CCC4C4CCCCC4)C3)CC2)CC1
C1CCC(C2CCC3CC4CCCCC4CC32)CC1
C1CCC(C2CCC3CC4C(CCC45CCCC5)CC32)CC1
C1CCC(CCCCC2CCC3CCCCC23)CC1
C1CCC2CCC3CCCCC3C2CC1
C1CCC(CC(CC2CCCCC2)C2CCCCC2)CC1
C1CCC(CCC2CCC(CC3CC3)CC2)CC1
C1CCC(CCC2CCC3C(CCC3C3CCCCC3)C2)CC1
C1CCC(C2CCC3CC4C(CCC32)CCC42CCCC2)CC1
C(CCCC1CCCC2C(C3CCCCC3)CCC12)CCC1CCCCC1
C1CCC(C2CCC3CC4C(CCC32)CCC42CCCCC2)CC1
C1CCC(CCCCC2CC3CCCCC3C2)CC1
C(CCCC1CCCCC1)CCCC1CCC(C2CCCCC2)C1
C1CCC(CCC2CCC(CCC3CCCC(CC4CCCC4)C3)CC2)CC1
C1CCC(CCC(CCC2CCC3CCCC3C2)CC2CCCCC2)CC1
C(CCC1CCCC2CCCC12)CC1CC2CCCCC2C1
C(CCC1CCCCC2CCCCC12)CC1CCC2CCCCC2C1
C1CCC2CC(C3CCCC4CCCC43)CCC2C1
C1CCC(CCC2CCC(CCC3CCCC(CC4CCCC4)C3)CC2)CC1
C1CCC2C(C1)CCC1C3CCCC3CCC21
C1CCC(CCC2CCC3C(CCC3C3CCCCC3)C2)CC1
C(CCC1CCC2C1CCC1C3CCCCC3CCC21)CC1CC2CCCCC2C1
C1CCC(C2CCC3C(CCC4CCCCC43)C2)CC1
C1CCC2CCC(C3CCCC4CCCC43)CC2CC1
C(CCC1CCC2C(CCC3C4CCCC4CCC23)C1)CC1CCC(C2CC3CCCC3C3CCCC4CCCCC4C23)CC1
C1CCC(CCC2CCCC3CC4C(CCC4C4CCCCC4)CC23)CC1
C(CCCC1CCCC2C(C3CCCCC3)CCC12)CCC1CCCCC1
C1CCC(CCCCC2CC3CCCCC3C2)CC1
C1CCC(CCCCCC2CC3CCCCC3C2)CC1
C1CCC(C2CC3CCCCC3C3CCC4CCCCC4C23)CC1
C1CCC2CC(C3CCCC4CCCC43)CCC2C1
C1CCC2CCC3C(CCC4C3CCC4(CCCC3CC4CCCCC4C3)CCC3CCCC3)C2CC1
C1CCC2CCC(C3CCCC4CCCC43)CC2CC1
C1CCC(CC2CCC(CC(CC3CCCCC3)C3CCCCC3)CC2)CC1
C1CCC(CC2CC3CCCCC3C3CCC4CCCCCC4C23)CC1
C(CCC1CCCC2CCCCC12)CC1CCC2CCCCC2C1
C1CCC(C2CCC(CCCC3CCC4C3CCC3C5CCCCCC5CCC43)C2)CC1
C1CCC(CCC2CCC3C(CCC3C3CCCCC3)C2)CC1
C1CCC(CCCCCC2CCCC3C(C4CCCCC4)CCC23)CC1
C1CCC2CCC(C3CCCC3)CC2CC1
C1CCC(CCC2CCC3C(CC4CCCCC4)CCC3C2)CC1
C1CCC2C(C1)CCC(C1CCCC1)C1CCCCC21
C1CCC(CCCCC2CC3CCCCC3C2)CC1
C1CCC(CCCCC2CCC3C2CCCC2C4CCCCC4CCC23)CC1
C1CCC(CCCCCC2CCC3CCCCC23)CC1
C1CCC(CC2CC3CCCCC3CC3CCC4CCCCC4C32)CC1
C1CCC(C2CC3CCCCC3C3CCC(CCCC4CCCC4)CC23)CC1
C(CCC1CCCC2CCCC12)CC1CC2CCCCC2C1
C1CCC(CC2CC3CCCCC3C3CCC4CCCCCC4C23)CC1
C1CCC(CC2CCCC(CC3CC4CCCCC4C4CCC5CCCCCC5C34)C2)CC1
C1CCC(CCCC2CCC3CCC(C4CCCC5CCCC54)CC3C2)CC1
C1CCC(CCC2CCCC3CC4C(CCC4C4CCCCC4)CC23)CC1
C1CCC(CCCC2CCC3C(CCC3C3CCCCC3)C2)CC1
C1CCC(C2CC3CCCC3C3CCC4CCCCCC4C23)CC1
C1CCC2CCC3C4CCCCC4CC(CC4CCCC4)C3C2CC1
C1CCC(C2CC3CCCC3C3CCC4CCCCCC4C23)CC1
C1CCC2CCC(C3CCCC4CCCC43)CC2CC1
C1CCC(C2CC3CCCC3C3CCCC4CCCCC4C23)CC1
C1CCC(CCC2CCC(CCC3CCCCC(CC4CCCC4)C3)CC2)CC1
C1CCC(CCC2CCC3C(CC4CCCCC4)CCC3C2)CC1
C1CCC(CCCCC2CC3CCCCC3C2)CC1
C1CCC(CC2CCC(CCC(CC3CCCCC3)C3CCCCC3)CC2)CC1
C1CCC(CC2CCCCC2CC2CC3CCCCC3C3CCC4CCCCC4C23)CC1
C1CCC2C(C1)CCCC2CCCC1CCC2C1CCCC1C3CCCCC3CCC12
C1CCC(C2CCC3CCCC3C3CCC4CCCCC4C23)CC1
C1CCC(C2CCC3CCCC3C3CCC4CCCCC4C23)CC1
C1CCC(C2CC3CCCC3C3CCCC4CCCCC4C23)CC1
C1CCC(CC2CCC3C(CC4CCCCC4)CCC3C2)CC1
C1CCC(C2CC3CCCC3C3CCC4CCCCCC4C23)CC1
C1CCC(CCC2CCC(C3CCC3)CC2)CC1
C1CCC(CC2CC3CCCCC3C2C2CCCCC2)CC1
C1CCC(C2CCC3CC4C(CC5CCC6CCCCC65)CCCC4CC32)CC1
C1CCC(C2CC3CCCC3C3CCCC4CCCCC4C23)CC1
C1CCC(CCCCC2CC3CCCCC3C2)CC1
C1CCC(CCCCC2CC3CCCCC3C2)CC1
C1CCC(CCC2CCC(CCCC3CCCC(CC4CCCC4)C3)CC2)CC1
C(CCCC1CCC2CCCC2C1)CCCC1CCC(C2CCCCC2)C1
C1CCC(CCC2CCCCC2)CC1
C1CCC(CCCCC2CC3CCCCC3C2)CC1
C1CCC2CC(C3CCCC4CCCC43)CCC2C1
C1CCC(CC2CC3CCCCC3C3CCC4CCCCC4C23)CC1
C1CCC2CC(C3CCCC4CCCC43)CCC2C1
C1CCC2C(C1)CCC1C3CCCCC3CCC21
C(CCC1CCCC2CCCCC12)CC1CCC2CCCCC2C1
C1CCC(CCCCC2CCC3CCC(C4CCCC5CCCC54)CC3C2)CC1
C1CCC2CCC(C3CCCC4CCCC43)CC2CC1
C(CCCC1CCCC2C(C3CCCCC3)CCC12)CCC1CCC(C2CCCC2)C1
C1CCC2CCC3C4CCC(CCCC5CCCC5)C4CCC3C2CC1
C1CCC(CCCC2CCCC(C3CCC4CC(CCC5CCC6CCCCC6C5)CCC43)C2)CC1
C1CCC(CCC2CCC3C(CCC3C3CCCCC3)C2)CC1
C1CCC(CCCC2CCC3C2CCC2C4CC5CCC(CC6CCCCC6)C5CC4CCC32)CC1
C1CCC(CCCCCC2CCCC3C2CCC3C2CCCC(CC3CCCC3)C2)CC1
C1CCC(C2CC3CCCC3C3CCC4CCCCCC4C23)CC1
C1CCC2C(C1)CCC1C3CCCCC3CCC21
C1CCC(CCCCCC2CCC3CCCCC23)CC1
C1CCC(CCCCC2CCC3CCCCC23)CC1
C1CCC(C2CCC(CC3CC4CCCCC4C4CCC5CCCCCC5C34)CC2)CC1
C(CCCC1CCCC2C(C3CCCCC3)CCC12)CCC1CCCCC1
C(CCCC1CCCC2C(C3CCCCC3)CCC12)CCC1CCCCC1
C1CCC2CC(C3CCCC4CCCC43)CCC2C1
C1CCC(CCC2CCC3C(CCC3C3CCCCC3)C2)CC1
C1CCC(CCCC2CCCC(C3CCC4CC(CCC5CCC6CCCCC6C5)CCC43)C2)CC1
C1CCC(C2CCC(CCCCCC3CCCC4CCCCC34)C2)CC1
C1CCC(CCCC(CC2CCC3C(CCC3C3CCCCC3)C2)C2CCCCC2)CC1
C1CCC(CCCCCC2CC3CCCCC3C2)CC1
C(CC1CCC2CCC(C3CCCC4CCCC43)CC2CC1)CC1CCC2CCCC2C1
C1CCC(C2CCC3CC4C(CCC45CCCCC5)CC32)CC1
C1CCC2CCC(C3CCCC4CCCC43)CC2CC1
C1CCC2C(C1)CCC1C2CCC2C3CCCC3CC21
C(CCCC1CCCCC1)CCCC1CCC(C2CCCCC2)C1
C1CCC(CC2CCC3C(CCC3C3CCCCC3)C2)CC1
C1CCC(CCC2CCC3C(CCC3C3CCCCC3)C2)CC1
C1CCC(C2CCCC(CCC3CC4CCCCC4C4CCC5CCCCC5C34)C2)C1
C1CCC2CCC(C3CCCC4CCCC43)CC2CC1
C1CCC(C2CCC3CC4(CCCCC4C4CCCCC4)CCCC32)CC1
C1CCC2CC(CC3CCC4CCCCC43)CCC2C1
C1CCC2CCCCC2C(CCCCC2CCCC3CCCCC23)C1
C(CC1CC2CCCCC2C1)CC1CCC2C(CCC3C4CCCCC4CCC23)C1
C(CC1CCC(C2CCCC2)CC1)CC1CCC2CCCC2C1
C1CCC2C(C1)CCC1C3CCCC3CCC21
C1CCC(CCCCC2CCC3CCCCC23)CC1
C1CCC(CC2CC3CCCCC3C3CCC4CCCCC4C23)CC1
C1CCC(CC2CCC(CCCC3CCC4C3CCC3C5CCCCC5CCC43)C2)CC1
C1CCC(CCC2CCC(C3CCC4C(CC5CCCCC5)CCC4C3)CC2)CC1
C1CCC(CCCCC2CC3CCCCC3C2)CC1
C1CCC(CCC2CCC(CCC3CCCC(CC4CCCC4)CC3)CC2)CC1
C1CCC(C2CCC3C(CCC3C3CCCCC3)C2)CC1
C1CCC2CC(CCCC3CCC4C3CCCC3C5CCCCC5CCC34)CC2C1
C1CCC2CCC(C3CCCC4CCCC43)CC2CC1
C1CCC(CC2CCCCC2CC2CC3CCCCC3C3CCC4CCCCCC4C23)CC1
C1CCC(C2CC3CCCC3C3CCC4CCCCCC4C23)CC1
C1CCC(CCC2CCC3C2CCC2C4CCCCC4CCC32)C1
C(CCCC1CCCC2CCCC12)CCC1CCCCC1
C1CCC(CCCCCC2CC3CCCCC3C2)CC1
C1CCC2C(C1)CCC1C3CCCC3CCC21
C(CCCC1CCCC2C(C3CCCCC3)CCC12)CCC1CCCCC1
C1CCC(CCCCCC2CCC3CCCCC23)CC1
C1CCC(CC2CCC3CCCCC3C3CCC4CCCCC4C23)C1
C1CCC(C2CC3CCCC3C3CCC4CCCCC4C23)CC1
C(CCC1CCCC1)CCC1CCCC2CCCCC12
C1CCC2CCC3C4CCCCC4CC(CC4CCCC4)C3C2CC1
C1CCC(CCCCC2CCC3CCC(C4CCCC5CCCC54)CC3C2)CC1
C1CCC(CCCCC2CC3CCCCC3C2)CC1
C1CCC2CC(CCCC3CCC4C3CCCC3C5CCCCC5CCC34)CC2C1
C1CCC2CCC(C3CCCC4CCCC43)CC2CC1
C1CCC2CCCCC2C(CCCCC2CCCC3CCCCC23)C1
C1CCC(CCC2CCC3C(CCC3C3CCCCC3)C2)CC1
C1CCC(CC2CC3CCCCC3C3CCC4CCCCCC4C23)CC1
C1CCC(CCCC2CCC3C(CCC3C3CCCCC3)C2)CC1
C1CCC(CC2CC3CCCCC3C3CCC4CCCCCC4C23)CC1
C1CCC(CCCCC2CC3CCCCC3C2)CC1
C1CCC(CCCCCC2CCCCC2)CC1
C1CCCC(CC2CCCCC2CC2CC3CCCCC3C3CCC4CCCCC4C23)CC1
C1CCC(CCC2CCC3C2CCC2C4CCCCC4CCCC32)C1
C1CCC(CCC2CCC3C(CCC3C3CCCCC3)C2)CC1
C1CCC(CCCCC2CCC3CCCCC3C2)C2CCCCC2CC1
C1CCC(CCCCCC2CC3CCCCC3C2)CC1
C1CCC(C2CC3CCCC3C3CCC4CCCCCC4C23)CC1
C1CCC2C(C1)CCC1C3CCCC3CCC21
C1CCC(CCC(CCC2CCC3CCCC3C2)CC2CCCCC2)CC1
C1CCC(CCC2CCC3C(CCC3C3CCCCC3)C2)CC1
C1CCC(CCCCCC2CCC3C(CC4CCCCC4)CCC3C2)CC1
C1CCC(CCCCC2CCC3CCCCC23)CC1
C1CCC(CCCCC2(CCC3CCCC3)CCC3C4CCC5CCCCC5C4CCC32)CC1
C1CCC(CCC2CCC3C(CCC3C3CCCCC3)C2)CC1
C1CCC(C2CC3C(CCC4CC4)CCC3C3CCC4CCCCCC4C23)CC1
C1CCC(C2CC3CCCCC3C3CCC4CCCCC4C23)CC1
C(CCC1CCC2C(CCC3C4CCCC4CCC23)C1)CC1CCC(C2CC3CCCC3C3CCC4CCCCC4C23)CC1
C1CCC(CCCCCC2CC3CCCCC3C2)CC1
C1CCC(CC2CC3CCCCC3C2C2CCCCC2)CC1
C1CCC(C2CC3CCCC3C3CCC4CCCCC4C23)CC1
C1CCC(CCCCCC2CCCC3C(C4CCCCC4)CCC23)CC1
C1CCC2CCC3C4CCC(CCCC5CCC6CCCCC6C5)C4CCC3C2CC1
C1CCC(CCC2CCC(C3CC3)CC2)CC1
C1CCC2CCC3C4CCCCC4CC(CC4CCCC4)C3C2CC1
C(CCC1CCCC2CCCC12)CC1CC2CCCCC2C1
C1CCC(CCCCC2CC3CCCCC3C2)CC1
C1CCC(CC2CC3CCCCC3C3CCC4CCCCC4C23)C1
C1CCC(CCCCCC2CC3CCCCC3C2)CC1
C1CCC(C2CCC3C(CCC4CCCCC43)C2)CC1
C1CCC(CCCCC2CCC3CCCCC23)CC1
C(CCCCCCC1CCC2C1CCCC1C3CCCCC3CCC12)CCCCCC1CCC(CCC2CCC(CCC3CCCC3)C2)C1
C1CCCC(CC2CCCC2CC2CC3CCCCC3C3CCC4CCCCC4C23)CC1
C1CCC2CCC3C4CCCCC4CCC3C2CC1
C1CCC2C(C1)CCC(C1CCCC1)C1CCCCC21
C1CCC(CC2CC3CCCCC3C3CCC4CCCCCC4C23)CC1
C1CCC2CCC(C3CCCC4CCCC43)CC2CC1
C1CCC(CCCC2CCCC3CCC(C4CCCC5CCCC54)CC3C2)CC1
C1CCC2C(C1)CCC1CCCCC12
C1CCC(CC2CCC(C3CC4CCCCC4C4CCC5CCCCC5C34)CC2)CC1
C1CCC(CCCCC2CC3CCCCC3C2)CC1
C1CCC(CCCCC2CCC3CCCCC23)CC1
C1CCC(CCCCCC2CCC3CCCCC23)CC1
C(CCC1CCC2CCCC2C1)CC1CCC(C2CCCC2)CC1
C1CCC(CCC2CCC(CCC3CCCC(CCC4CCCC4)C3)CC2)CC1
C1CCC(C2CCC3CCC4C(CCC45CCCCC5)CC32)CC1
C1CCC(CCCCCC2CC3CCCCC3C2)CC1
C1CCC(CCC(CCC2CCC3CCCCC3C2)CC2CCCCC2)CC1
C1CCC(CCCC2CCC3CCC(C4CCCC5CCCC54)CC3CC2)CC1
C1CCC(CCC2CCC3C(CCC4CCCCC43)C2)CC1
C(CCCC1CCCCC1)CCCC1CCC(C2CCCCC2)C1
C1CCC2CCC3CCCCC3C2CC1
C1CCC2C(C1)CCC1CCCCC12
C1CCC(CC2CCCCC2CC2CC3CCCCC3C3CCC4CCCCC4C23)CC1
C1CCC(CCC2(CCCC3CC4CCCCC4C3)CCC3C4CCCC5CCCCC5C4CCC32)C1
C1CCC(CCCC2(CCCC3CCC4CCCCC4C3)CCC3C4CCC5CCCCC5C4CCC32)C1
C1CCC(CCCCC2CCC3CCC(C4CCCC5CCCC54)CC3C2)CC1
C1CCC(CCCCCC2CC3CCCCC3C2)CC1
C1CCC(CCCC2CCC(CCC3CCCC(CC4CCCC4)C3)CC2)CC1
C(CCCCC1CCC(C2CCCCC2)C1)CCCC1CCCCC1
C1CCC(CC2CCC3C(CCC3C3CCCCC3)C2)CC1
C1CCC(C2CC3CCCC3C3CCC4CCCCC4CC23)CC1
C1CCC(CCCCC2CC3CCCCC3C2)CC1
C1CCC(CCCCC2CC3CCCCC3C2)CC1
C1CCC(CCC2CCC3C(CCC3C3CCCCC3)C2)CC1
C1CCC2CCC(C3CCCC4CCCC43)CC2CC1
C1CCC(CCCC2CCC3CCC(C4CCCC5CCCC54)CC3C2)CC1
C1CCC(C2CC3CCCC3C3CCC4CCCCC4C23)CC1
C1CCC(CCCC2CC3CCCCC3C2C2CCCCC2)CC1
C1CCC2CC(CCCC3CCC4C3CCC3C5CCCCC5CCC43)CC2C1
C1CCC(CCCCCC2CCCC3C(CC4CCCCC4)CCC23)CC1
C1CCC(CCCCCC2CCCC3C(C4CCCCC4)CCC23)CC1
C1CCC(CC2CCC3CC4C(CCC45CCCCC5)CC23)CC1
C1CCC2CC(C3CCCC4CCCC43)CCC2C1
C1CCC(CCCCC2CC3CCCCC3C2)CC1
C1CCC(CCCCCC2CCCC3C(C4CCCCC4)CCC23)CC1
C1CCC2C(C1)CCC1C3CCCC3CCCC21
C(CCCC1CCCCC1)CCCC1CCC(C2CCCCC2)C1
C1CCC(CCCC(CCC2CCCCC2)CCC2CCC3CCCC3C2)CC1
C(CCC1CCC2C(CCC3C4CCCC4CCC23)C1)CC1CCC(C2CC3CCCC3C3CCC4CCCCC4C23)CC1
C1CCC2CC(C3CCCC4CCCC43)CCC2C1
C1CCC2C(C1)CCC1C3CCCCC3CCC21
C1CCC(CCCC2CCC3C(CCC4C5CCCC5CCC34)C2)CC1
C1CCC(CCCCCC2CC3CCCCC3C2)CC1
C1CCC(CCCCC2CC3CCCCC3C2)CC1
C1CCC(CC2CCCC(CC3CC4CCCCC4C4CCC5CCCCC5C34)C2)C1
C1CCC(C2CC3CCCC3C3CCC4CCCCC4C23)CC1
C(CCC1CCCCC2CCCCC12)CC1CCC2CCCCC2C1
C1CCC2CCC3C4CCCC4CCC3C2CC1
C1CCC2C(C1)CCC1C3CCCCC3CCC21
C1CCC(CCC2(CCCC3CC4CCCCC4C3)CCC3C4CCCC5CCCCC5C4CCC32)C1
C1CCC2CCC(C3CCCC4CCCC43)CC2CC1
C1CCC(CCC2CCC3C(CCC3C3CCCCC3)C2)CC1
C1CCC(CCCC2CCC3CCC(CC4CCCC5CCCC54)CC3C2)CC1
C(CCC1CCCC2CCCCC12)CC1CCCC2CCCCC12
C1CCC2CCC3C(CCC4C3CCC4(CCCC3CCC4CCCCC4C3)CCC3CCCC3)C2CC1
C1CCC(C2CCC3CC4C(CCCC45CCCCC5)CC32)CC1
C1CCC(CCCCCC2CCC3CCCCC3C2)CC1
C1CCC(C2CC3CCCC(C3)C3CCC4CCCCC4C32)CC1
C1CCC(CCCCC2CCC3CCCCC23)CC1
C1CCC(CCCCCC2CCC3CCCCC23)CC1
C1CCC(C2CCC3CC4C(CCC5C6CCC(CCCCC7CCCC8CCCCC78)C6CCC45)CC32)CC1
C1CCC(CCC2CCC3C(CCC4CCCCCC43)C2)CC1
C(CCC1CCCC2CCCC12)CC1CC2CCCCC2C1
C1CCC(CCCCCC2CC3CCCCC3C2)CC1
C1CCC(CCCC2(CCCC3CCCC3)CCC3C4CCC5CCCCC5C4CCC32)CC1
C1CCCC(C2CCC3CC4C(CCC5C6CCCC6CCC45)CC32)CC1
C1CCC2C(C1)CCCC1CCCCC12
C1CCC(C2CCC3CC4C(CCC32)CCC2C3CCC(CCCC5CCC6CCCCC6C5)C3CCC42)CC1
C1CCC2CCC3C4CCCCC4CC(CC4CCCC4)C3C2CC1
C1CCC(CCC2CCC(CCC3CCCC(CC4CCCC4)C3)CC2)CC1
C1CCC2CC(C3CCCC4CCCC43)CCC2C1
C(CCC1CCCC2CCCC12)CC1CC2CCCCC2C1
C1CCC(C2CCC3C(CCC4CCCCC43)C2)CC1
C1CCC(C2CCCC3C(CCC4CCCCC43)C2)CC1
C1CCC2CC(CCCC3CCC4C3CCC3C5CCCCC5CCCC43)CC2C1
C1CCC2CC3CCC4CCCCC4C3CCC2C1
C1CCC(C2CC3CCCC3C3CCC4CCCCCC4C23)CC1
C1CCC(CCCCCC2CCC3CCCCC23)CC1
C1CCC2CCC(C3CCCC4CCCC43)CC2CC1
C1CCC(CC2CCC3CCCCC3C3CCC4CCCCC4C23)CC1
C1CCC(C2CCC3CC4C(CCCC45CCCC5)CCC32)CC1
C1CCC(CCC2CCC3C(CCC4CC(C5CCCCC5)CCC43)C2)CC1
C1CCC(CCCCCC2CCCC3C(C4CCCCC4)CCC23)CC1
C1CCC(CCCC2CCC3C(CCC4CCCCC43)C2)CC1
C1CCC2C(C1)CCC1C3CCCC3CCC21
C(CCC1CC2CCCCC2C1)CCC1CCCC2CCCC12
C(CCC1CCC2C1CCC1C3CCCCC3CCC21)CC1CC2CCCCC2C1
C1CCC2CC(C3CCCC4CCCC43)CCC2C1
C1CCC2C(C1)CCC1C3CCCC3CCC21
C1CCC2CC(C3CCCC4CCCC43)CCC2C1
C1CCC(CCCCC2CC3CCCCC3C2)CC1
C1CCC(C2CCC3CC4C(CCC45CCCC5)CC32)CC1
C(CCCC1CCCCC1)CCCC1CCC(C2CCCCC2)C1
C1CCC2CC(C3CCCC4CCCC43)CCC2C1
C1CCC(C2CC3CCCCC3C3CCCCC23)CC1
C1CCC(CCCCCC2CCCC3C(C4CCCCC4)CCC23)CC1
C1CCC(CCCCC2CC3CCCCC3C2)CC1
C1CCC(CCC2CC3CCCC3C3CCC4CCCCC4C23)CC1
C1CCC(CC2CCC(CC(CC3CCCCC3)C3CCCCC3)CC2)CC1
C1CCC(C2CC3CCCCC3C3CCC(CCC4CCCC4)CC23)CC1
C1CCC2CC(CC3CCCC4CCCC43)CCC2C1
C(CCC1CCC2CCCCC2C1)CCC1CCCC2CCCCC12
C1CCC(CCC2CCCC(C3CCC4CC(CCC5CCC6CCCCC6C5)CCC43)C2)C1
C1CCC2C(C1)CCC1CCCCC12
C1CCC(CCCCCC2CCCC3C(C4CCCCC4)CCC23)CC1
C1CCC(CCCCC2CCC3CCC(C4CCCC5CCCC54)CC3C2)CC1
C1CCC(C2CCC3CC4CCCCC4CC32)CC1
C1CCC(CCCCCC2CCCC3C(C4CCCCC4)CCC23)CC1
C1CCC(C2CCC3C(CCC4CCCCC43)C2)CC1
C1CCC2CCC3C4CCC(CCCC5CCC6CCCCC6C5)C4CCC3C2CC1
C1CCC(CC2CCC3C(CCC3C3CCCCC3)C2)CC1
C1CCC(CC2CC3CCCCC3CC3CCC4CCCCC4C32)CC1
C1CCC2CC(CC3CCCC4CCCC43)CCC2C1
C(CCC1CCC2C1CCC1C3CCCCC3CCC21)CC1CCC2CCCCC2C1
C1CCC(CCC2CCC(C3CC3)CC2)CC1
C1CCC2CCC(C3CCCC4CCCC43)CC2CC1
C1CCC(CC2CCCCCCC23CCC2C(CCC2C2CCCCC2)C3)CC1
C1CCC(C2CC3CCCC3C3CCCC4CCCCC4C23)CC1
C1CCC(CCCC2(CCC3CCCC3)CCC3C4CCC5CCCCC5C4CCCC32)CC1
C1CCC(CCC2CCC3C(CCC4CCCCC43)C2)CC1
C1CCC(C2CCC3CC4C(CCCC4CC4CCC5CCCCC54)CCC32)CC1
C1CCC(CCC2CCC3C(CCC3C3CCCCC3)C2)CC1
C1CCC(CCCCCC2CC3CCCCC3C2)CC1
C1CCC2CCC(C3CCCC3)CC2CC1
C1CCC2CCC(C3CCCC4CCCC43)CC2CC1
C1CCC(C2CC3CCCC3C3CCC4CCCCC4C23)CC1
C1CCC(CCC2CCC3C(CCC4CCCCC43)C2)CC1
C1CCC(CCCC2CCCC3CCC(C4CCCC5CCCC54)CC23)CC1
C1CCC2CC(C3CCCC4CCCC43)CCC2C1
C1CCC(CC2CCCCCC23CCC2C(CCC2C2CCCCC2)C3)CC1
C(CCC1CCCC2CCCC12)CC1CC2CCCCC2C1
C1CCC(CCC2CCC3C(CC4CCCCC4)CCC3C2)CC1
C1CCC2CCC(C3CCCC4CCCC43)CC2CC1
C1CCC(C2CC3CCCCC3C3CCCCC23)CC1
C1CCC2CC(C3CCCC4CCCC43)CCC2C1
C1CCC2CC(C3CCCC4CCCC43)CCC2C1
C1CCC(C2CC3CCCC3C3CCCC4CCCCC4C23)CC1
C1CCC2CCC3C4CCCCC4CC(CC4CCCC4)C3C2CC1
C1CCC(CCC2CCC3C(CCC4C5CCCCC5CCC34)C2)CC1
C1CCC(CCCC2CCC3CCC(C4CCCC5CCCC54)CC3C2)CC1
C1CCC(CC2CC3CCCCC3C3CCC4CCCCC4C23)CC1
C1CCC2C(C1)CCC1C3CCCC3CCC21
C(CCC1CCCCC2CCCCC12)CC1CCC2CCCCC2C1
C1CCC(CCCCC2CCC3CCC(C4CCCC5CCCC54)CC3C2)CC1
C1CCC(CCC2(CCCC3CC4CCCCC4C3)CCC3C4CCC5CCCCC5C(CCC32)C4)C1
C1CCC2C(C1)CCC1C3CCCC3CCC21
C1CCC(CCCCC2CC3CCCCC3C2)CC1
C1CCC(C2CC3CCCC3C3CCCC4CCCCC4C23)CC1
C1CCC(CCCC(CCC2CCC3CCCC3C2)CC2CCCCC2)CC1
C(CCC1CCCC2CCCC12)CC1CC2CCCCC2C1
C(CCCCC1CCC(C2CCCCC2)C1)CCCC1CCCCC1
C1CCC2C(C1)CCC1C3CCCC3CCCC21
C1CCC(C2CCC(CCCC3CCC4C3CCC3C5CCCCCC5CCC43)C2)CC1
C(CCC1CCCC2CCCC12)CC1CC2CCCCC2C1
C1CCC2CCC3CCCCC3C2CC1
C(CCCC1CCCC2C(C3CCCCC3)CCC12)CCC1CCCCC1
C1CCC(CCCC2CCC3CCC(C4CCCC5CCCC54)CC3C2)CC1
C1CCC(CC2CC3CCCCC3C3CCC4CCCCC4C23)C1
C1CCC(C2CCC3CC4C(CCCC45CC(C4CCCCC4)C(C4CCCCC4)C5)CC32)CC1
C1CCC(CCCCC2CC3CCCCC3C2)CC1
C1CCC(CCCC2CCC(C3CCC4C(CCC4C4CCCCC4)C3)CC2)CC1
C1CC2CCC3C(CCC4CCC5CCC5C43)C2C1
C1CCC2CCC(C3CCCC4CCCC43)CC2CC1
C1CCC(CCCCCC2CC3CCCCC3C2)CC1
C1CCC(C2CC3CCCCC3C3CCC4CCCCC4C23)CC1
C1CCC2CC(CCCC3CCC4C3CCC3C5CCCCC5CCCC43)CC2C1
C1CCC(CC2CCC(CC(CC3CCCCC3)C3CCCCC3)CC2)CC1
C(CCCC1CCCC2C(C3CCCCC3)CCC12)CCC1CCCCC1
C1CCC(C2CC3CCCC3C3CCC4CCCCCC4C23)CC1
C(CCC1CCCC2CCCCC12)CC1CCC2CCCCC2C1
C1CCC(C2CC3CCCC3C3CCC4CCCCCC4C23)CC1
C1CCC(C2CCC3CC4C(CCCC45CCCCC5)CC32)CC1
C1CCC(CCCC(CCC2CCC3CCCC3C2)CC2CCCCC2)CC1
C1CCC(CC2CCC3C(CCC3C3CCCCC3)C2)CC1
C1CCC2CC(CCCC3CCCC4C3CCC3C5CCCCC5CCC43)CC2C1
C1CCC(C2CCC3CC4C(CCC45CCCC5)CC32)CC1
C1CCC(C2CCC3(CCC4CC5C(CCC5C5CCCCC5)CC43)C2)CC1
C1CCC(CCCCC2CCC3CCCCC23)CC1
C1CCC2C(C1)CCC1C3CCCC3CCCC21
C1CCC(CCC(CCC2CCC3CCCC3C2)CC2CCCCC2)CC1
C1CCC(C2CCC3CC4CCCCC4CC32)CC1
C(CCCC1CCCCC1)CCCC1CCC(C2CCCCC2)C1
C1CCC(CCC(CC2CCC(CC3CCCCC3)CC2)C2CCCCC2)CC1
C1CCC(CCCCCC2CC3CCCCC3C2)CC1
C1CCC(CCCC2CCC3CCC(C4CCCC5CCCC54)CC3C2)CC1
C(CCCC1CCCCC1)CCCC1CCC(C2CCCCC2)C1
C(CCCC1CCCC2C(C3CCCCC3)CCC12)CCC1CCCCC1
C1CCC(CCCCCC2CC3CCCCC3C2)CC1
C(CCCC1CCCC2C(C3CCCCC3)CCC12)CCC1CCCCC1
C1CCC(C2CCC(CCC3CC4CCCCC4C4CCC5CCCCC5C34)CC2)CC1
C1CCC(C2CC3CCCC3C3CCCC4CCCCC4C23)CC1
C1CCC(CCCC2CCC3C(CCC3C3CCCC(CC4CCCC4)C3)C2)CC1
C1CCC2C(C1)CCC1C3CCCC3CCC21
C(CCCC1CCCCC1)CCC1CCCCC1
C1CCC(CCC2(CCCCC3CCC4CCCCC4C3)CCC3C4CCC5CCCCC5C4CCC32)C1
C1CCC(CCC2CCC(C3CCC4C(CCC4C4CCCCC4)C3)CC2)CC1
C1CCC(C2CCC3C(CCCC4CCCCC43)C2)CC1
C1CCC2C(C1)CCC1C3CCCC3CCC21
C1CCC2CCC3C4CCCC4CCC3C2CC1
C1CCC2C(C1)CC(C1CCCC3CCCC31)C1CCCC21
C(CCCC1CCCC2C(C3CCCCC3)CCC12)CCC1CCCCC1
C1CCC2CCCC(CC3CC4CCCCC4C4CCC5CCCCC5C34)C2CC1
C1CCC(CCCCCC2CCCCC2)CC1
C1CCC(CC2CC3CCCCC3C3CCC4CCCCCC4C23)CC1
C1CCC(CCCCC2CCC3CCCCC23)CC1
C1CCC2C(C1)CCC(C1CCCC1)C1CCCCC21
C1CCC2CCC(C3CCCC4CCCC43)CC2CC1
C(CCC1CCCC2CCCC12)CC1CC2CCCCC2C1
C1CCC(CCCCCC2CC3CCCCC3C2)CC1
C(CCC1CCCC2CCCC12)CC1CCCC2CCCCC12
C1CCC(CC2CC3CCCCC3C3CCC4CCCCC4C3C2)CC1
C1CCC(CCCCC2CCC3CCCCC23)CC1
C1CCC2C(C1)CCC1C3CCCC3CCC21
C1CCC(C2CC3CCCC3C3CCCC4CCCCC4C23)CC1
C(CCC1CCCC2CCCCC2C1)CCC1CCC(C2CCCCC2)C1
C1CCC2CC(CCCC3CCC4C3CCC3C5CCCCC5CCC43)CC2C1
C(CCC1CCCC2CCCCC12)CC1CCC2CCCCC2C1
C1CCC(CCCCC2CC3CCCCC3C2)CC1
C1CCC(C2CCC3CC4C(CCC45CCCCC5)CC32)CC1
C1CCC2CC(CC3CCCC4CCCC43)CCC2C1
C1CCC2CCC3C4CCCCC4CC(CC4CCCC4)C3C2CC1
C1CCC(CCCCC2CC3CCCCC3C2)CC1
C(CCCC1CCCC2C(C3CCCCC3)CCC12)CCC1CCCCC1
C1CCC(C2CC3C(CCC34CCCC4)C3CCC4CCCCC4C23)CC1
C1CCC2C(C1)CCC1C3CCCC3CCC21
C1CCC(CCC2CCC3C(CCC3C3CCCCC3)C2)CC1
C1CCC2C(C1)CCC1C3CCCC3CCCC21
C1CCC2CC(C3CCCC4CCCC43)C3CCCC3C2CC1
C1CCC(C2CC3CCCC3C3CCC4CCCCCC4C23)CC1
C1CC2CC3CCC4C5CCCCC5CCC4C3CC2C1
C(CCC1CCC2C(CCC3C4CCCC4CCC23)C1)CC1CCC(C2CC3CCCC3C3CCC4CCCCC4C23)CC1
C(CCCC1CCCCC1)CCCC1CCC(C2CCCCC2)C1
C1CCC(CC2CC3CCCCC3C3CCC4CCCCC4C3C2)CC1
C1CCC(CCC2CCC(C3CCC4C(CC5CCCCC5)CCC4C3)CC2)CC1
C1CCC2CCC3C4CCCC4CCC3C2CC1
C1CCC(CCCCC2CCC3CCCCC23)CC1
C1CCC(C2CCCC3CCCC3C3CCC4CCCCC4C23)CC1
C1CCC2CC(C3CCCC4CCCC43)CCC2C1
C1CCC(CCC2CCCCC2)CC1
C1CCC(CCCC2CCCC3CCC(C4CCCC5CCCC54)CC23)CC1
C1CCC(CCC2CCC3C(CCC3C3CCCCC3)C2)CC1
C1CCC(CC2CC3CCCCC3C3CCC4CCCCCC4C23)CC1
C1CCC2CC(CCCC3CCCC4CCCCC43)CC2C1
C1CCC(CC2CCCC(C3CCC4CC(CCC5CCC6CCCCC6C5)CCC43)C2)C1
C1CCC2C(C1)CCC1C3CCCCC3CCCC21
C1CCC(CCC2CCC3C(CCC3C3CCCCC3)C2)CC1
C1CCC2CC3CCC(C4CCCCC4)C3CC2CC1
C1CCC2CC3CCC(C4CCCCC4)C3CC2CC1
C1CCC(CCCCCC2CCC3CCCCC23)CC1
C1CCC(C2CCC3CC4C(CCC32)CCC42CCCCC2)CC1
C1CCC(C2CC3C(CCC34CCCC4)C3CCC4CCCCC4C23)CC1
C(CCC1CCC2C1CCC1C3CCCCC3CCC21)CC1CCC2CCCCC2C1
C1CCC(C2CCC3CC4C(CCC5C6CCCC6CCC45)CC32)CC1
C1CCC2CCC(C3CCCC4CCCC43)CC2CC1
C(CCCCCCC1CCC(CCC2CCC(CCC3CCCC3)C2)C1)CCCCCCC1CCC2C1CCC1C3CCCCC3CCC21
C(CCC1CC2CCCCC2C1)CCC1CCCC2CCCC12
C1CCC2CC(C3CCCC4CCCC43)CCC2C1
C1CCC(C2CCC3CC4C(CC5CC6CCCCC6C5)CCCC4CC32)CC1
C1CCC(CCCCCC2CCC3C2CCC2C4CCCCC4CCC32)CC1
C1CCC(CC2CCC(C3CC4CCCC4C4CCC5CCCCC5C34)CC2)CC1
C1CCC2CCC3CCCCC3C2CC1
C1CCC(CC2CCC3CC4C(CCC45CCCCC5)CC23)CC1
C1CCC(CCCCCC2CC3CCCCC3C2)CC1
C1CCC(C2CC3CCCC3C3CCC4CCCCC4C23)CC1
C1CCC(CCC2CCC3C(CCC4C5CCCC5CC(CCC5CCCCC5)C34)C2)CC1
C1CCC2C(C1)CCC1C3CCCC3CCCC21
C1CCC(CCC2CCC(C3CCC4C(CCC4C4CCCCC4)C3)CC2)CC1
C1CCC(CCCCCC2CCCC3C(C4CCCCC4)CCC23)CC1
C1CCC(C2CCC3CC4C(CCCC45CCCCC5)CC32)CC1
C1CCC(CCCC23CCCC2CCC2C4CCC5CCCCC5C4CCC23)C1
C1CCC(CCC2CCC3C(CCC4CC5CCCC5CC(CCC5CCCCC5)C43)C2)CC1
C1CCC(CCC2(CCCC3CC4CCCCC4C3)CCC3C4CCC5CCCCC5C4CCCC32)C1
C1CCC2C(C1)CCC1CCCCC12
C1CCC2C(C1)CCCC1C3CCCC3CCC21
C1CCC(CC2CCC3C(CCC3C3CCCCC3)C2)CC1
C1CCC(CCCCCC2CCC3CCCCC23)CC1
C(CCCC1CCCC2CCCCC12)CCC1CCC(C2CCCC2)C1
C1CCC2CCC3C4CCCC4CCC3C2CC1
C(CCCC1CCCCC1)CCCC1CCC(C2CCCCC2)C1
C1CCC(CCCC2(CCC3CCCC3)CCC3C4CCC5CCCCCC5C4CCC32)CC1
C1CCC2CC(C3CCCC4CCCC43)CCC2C1
C1CCC(CCCCC2CC3CCCCC3C2)CC1
C1CCC2CC(C3CCCC4CCCC43)CCC2C1
C1CCC(C2CC3CCCC3C3CCCC4CCCCC4C23)CC1
C1CCC2CCC3C4CCCCC4CC(CC4CCCC4)C3C2CC1
C1CCC(CC23CCCCC2CCC2C4CCCC4CCC23)CC1
C1CCC(CCCCCC2CCCC3C(C4CCCCC4)CCC23)CC1
C1CCC2C(C1)CCCC1C3CCCC3CCC21
C1CCC(CCCCCC2CCC3CCCCC23)CC1
C1CCC(CCCCC2CC3CCCCC3C2)CC1
C1CCC(C2CC3CCCC3C3CCC4CCCCC4C23)CC1
C1CCC2CCC3C4CCCCC4CC(CC4CCCC4)C3C2CC1
C1CCC2CCC(C3CCCC4CCCC43)CC2CC1
C1CCC(C2CCC3CCCC3C3CCC4CCCCCC4C23)CC1
C1CCC2CCC3C4CCCC4CCC3C2CC1
C1CCC(CCC2CC3CCCC3C3CCCC4CCCCC4C23)CC1
C(CCC1CCCC2CCCC12)CC1CC2CCCCC2C1
C1CCC(CC(CC2CCCCC2)C2CCCCC2)CC1
C(CCC1CCCC2CCCC12)CC1CC2CCCCC2C1
C1CCC(C2CCC3CC4C(CCC5C6CCC(CCCC7CCC8CCCCC8C7)C6CCC45)CC32)CC1
C1CCC(CCCCCC2CCCC3C(C4CCCCC4)CCC23)CC1
C1CCC2C(C1)CC(C1CCCC3CCCCC31)C1CCCC21
C1CCC(C2CCC3CCCC3C3CCC4CCCCC4C23)CC1
C1CCC(CC2CC3CCCCC3C2CC2CCCCC2)CC1
C1CCC(CCCCCC2CCCC3C(CC4CCCCC4)CCC23)CC1
C1CCC(C2CCC3CC4(CCCCCC4C4CCCCC4)CCCC32)CC1
C(CCC1CCCC2C(CCC3C4CCCC4CCC23)C1)CC1CCC(C2CC3CCCC3C3CCC4CCCCC4C23)CC1
C(CCCCC1CCC(C2CCCCC2)C1)CCCC1CCCCC1
C1CCC(CC2CC3CCCCC3C3CCC4CCCCC4C23)C1
C1CCC(CCCCCC2CCCC3C(C4CCCCC4)CCC23)CC1
C1CCC(CCCC2CCCC(CC3CCC4CC(CCC5CCC6CCCCC6C5)CCC43)C2)CC1
C1CCC(CCC2CCC3C(CCC3C3CCCCC3)C2)CC1
C1CCC2C(C1)CCC1C2CCC2C3CCCC3CC21
C1CCC(CCCCCC2CC3CCCCC3C2)CC1
C1CCC2C(C1)CCC1C3CCCC3CCC21
C1CCC(C2CCC3CC4C(CCC5C6CCCC6CCC45)CC32)CC1
C1CCC(C2CCC3CC4C(CCCC45CCCC5)CC32)CC1
C1CCC(CCC2CCC3C(CCC3C3CCCC(CCC4CCCCC4)C3)C2)CC1
C1CCC2CC(C3CCCC4CCCC43)CCC2C1
C1CCC(C2CCC3CC4C(CCC32)CCC42CCCCC2)CC1
C1CCC2CCC3C4CCCC4CCC3C2CC1
C1CCC(C2CC3CCCC3C3CCC4CCCCC4C23)CC1
C1CCC(CCC2CCC3C(CCC3C3CCCCC3)C2)CC1
C1CCC(C2CCC3CC4C(CCCC5C6CCC(CCCC7CCC8CCCCC8C7)C6CCC45)CC32)CC1
C1CCC(CC2CCC(CC(CC3CCCCC3)C3CCCCC3)CC2)CC1
C1CCC2CCC(C3CCCC4CCCC43)CC2CC1
C1CCC(CCCCCC2CCCC3C(C4CCCCC4)CCC23)CC1
C(CCC1CCCCC2CCCCC12)CC1CCC2CCCCC2C1
C1CCC2CC(CCCC3CCC4C3CCC3C5CCCCC5CCC43)CC2C1
C1CCC(C2CCC3CC4C(CCC5C6CCCC(CCCC7CCC8CCCCC8C7)C6CCC45)CC32)CC1
C(CCCC1CCCCC1)CCCC1CCC(C2CCCCC2)C1
C1CCC2CCC3C(CCC4C3CCC4(CCCC3CC4CCCCC4C3)CCC3CCCC3)C2CC1
C1CCC2CCC(C3CCCC4CCCC43)CC2CC1
C1CCC2C(C1)CCC1CCCCC12
C1CCC(CCCCCC2CCCCC2)CC1
C1CCC(CCCCCC2CC3CCCCC3C2)CC1
C(CCC1CCCC2CCCCC12)CC1CCC2CCCCC2C1
C1CCC(CCC2CCC3C(CCC3C3CCCCC3)C2)CC1
C1CCC(CCC(CC2CC3CCCCC3C2)C2CC2)CC1
C1CCC(CCCCCC2CC3CCCCC3C2)CC1
C1CCC(CC2CC3CCCC3C3CCC4CCCCC4C23)CC1
C1CCC2CCC3C4CCC(CCCC5CC6CCCCC6C5)C4CCC3C2CC1
C1CCC(CCCCC2CC3CCCCC3C2)CC1
C1CCC(C2CCC3C(CCC4CC4)CCC3C3CCC4CCCCC4C23)CC1
C1CCC(CCC2CCC3C(CCC4C5CCCC5CCC34)C2)CC1
C1CCC(CC2CCC(CC(CC3CCCCC3)C3CCCCC3)CC2)CC1
C1CCC(CCCCCC2CC3CCCCC3C2)CC1
C1CCC(CCCCC2CC3CCCCC3C2)CC1
C1CCC(CCC2CCC3C(CCC4CC(C5CCCCC5)CCC43)C2)CC1
C1CCC(CC2CC3CCCCC3C3CCC4CCCCC4C23)CC1
C1CCC(CCCCC2CC3CCCCC3C2)CC1
C1CCC(CCC2CCCCC2)CC1
C1CCC(C2CCC(CCCCCC3CCCC4C(C5CCCCC5)CCC34)C2)CC1
C(CCC1CCCC2CCCCC12)CC1CCCC2CCCCC12
C1CCC(CCCCCC2CC3CCCCC3C2)CC1
C1CCC(CCCCC2CC3CCCCC3C2)CC1
C1CCC(C2CCC3CC4C(CCC45CCCCCC5)CC32)CC1
C1CCC(CC2CCC3C(CCC3C3CCCCC3)C2)CC1
C1CCC(C2CCC3C(CCC4CCCCC43)C2)CC1
C1CCC(CC2CC3CCCCC3C3CCC4CCCCC4C23)C1
C1CCC2CCC3C4CCC(CCCC5CC6CCCCC6C5)C4CCC3C2CC1
C1CCC(CCCCCC2CCCCC2)CC1
C1CCC(CCC2CCCCC3CC4C(CCC4C4CCCCC4)CC23)CC1
C1CCC(CCC2CCC(CCC3CCCC(CC4CCCC4)C3)CC2)CC1
C(CCCC1CCCC2C(C3CCCCC3)CCC12)CCC1CCCCC1
C1CCC2CCC3C4CCC(CCCC5CC6CCCCC6C5)C4CCC3C2CC1
C1CCC(C2CC3CCCCC3C3CCCCC23)CC1
C1CCC2C(C1)CCC1C3CCCC3CCC21
C(CCCCC1CCC(C2CCCCC2)C1)CCCC1CCCCC1
C1CCC(C2CC3CCCCC3C3CCCCC23)CC1
C1CCC(CC2CCC3CCCCC3C3CCC4CCCCC4C23)C1
C1CCC(CC2CCCC(CCC3CCC(CCC4CCC(C5CC5)CC4)CC3)C2)C1
C1CCC(C2CC3CCCC3C3CCC4CCCCC4C23)CC1
C1CCC(CCCCCC2CCC3CCCCC23)CC1
C1CCC(C2CCC3C(CCC34CCCC4)C3CCC4CCCCC4C23)CC1
C1CCC2CCC3C4CCCCC4CC(CC4CCCC4)C3C2CC1
C1CCC2C(C1)CCC1CCCCC12
C1CCC(CCCC2CCC3C(CCC3C3CCCCC3)C2)CC1
C1CCC(CCCCC2C3CCCCCC3CCC2C2CCCC3CCCC32)CC1
C1CCC(CCCCC2CCC3CCCCC23)CC1
C1CCC(CCCCC2CCC3CCC(C4CCCC5CCCC54)CC3C2)CC1
C1CCC2C(C1)CCCC1C3CCCC3CCC21
C1CCC(CCCCC2CC3CCCCC3C2)CC1
C1CCC2CCC(C3CCCC4CCCC43)CC2CC1
C1CCC(C2CC3C(CCC4CC4)CCC3C3CCC4CCCCCC4C23)CC1
C1CCC2CC(C3CCCC4CCCC43)CCC2C1
C1CCC2CCC3C(CCC4C5CCCC5CC43)C2CC1
C1CCC2CC(CCCC3CCC4C3CCCC3C5CCCCC5CCC34)CC2C1
C1CCC(C2CC3CCCCC3C3CCC4CCCCC4C23)CC1
C1CCC(C2CCC3CC4(CCCCC4C4CCCCC4)CCCC32)CC1
C(CCCC1CCCC2C(C3CCCCC3)CCC12)CCC1CCCCC1
C1CCC(CCCCCC2CCCC3C(C4CCCCC4)CCC23)CC1
C1CCC2CC(C3CCCC4CCCC43)CCC2C1
C1CCC(C2CC3CCCC3CC3CCC4CCCCC4C32)CC1
C1CCC(CC2CC3CCCCC3C3CCC4CCCCC4C23)CC1
C1CCC(CCC2CCC3C(CCC3C3CCCCC3)C2)CC1
C(CCC1CCC2CCCCC2C1)CCC1CCCC2CCCCC12
C1CCC(C2CCC3CC4C(CCC45CCCC5)CC32)CC1
C1CCC(C2CC3CCCC3C3CCC4CCCCC4C23)CC1
C1CCC2C(C1)CCC1C3CCCC3CCC21
C1CCC(C2CCC3(CCC4CC5C(CCC5C5CCCCC5)CC43)C2)CC1
C1CCC(CCCCC2CC3CCCCC3C2)CC1
C1CCC2C(C1)CCC1C3CCCC3CCC21
C1CCC2CCC3C4CCC(CCCC5CCC6CCCCC6C5)C4CCC3C2CC1
C1CCC(CCC2CCC3C(CCC4C5CCCC5CCC34)C2)CC1
C1CCC(CCC2CCC3C(CCC3C3CCCC3)C2)CC1
C1CCC(CCCCCC2CCCC3C(C4CCCCC4)CCC23)CC1
C1CCC(CCCC2(CCC3CCCC3)CCC3C4CCC5CCCCCC5C4CCC32)CC1
C1CCC(CCCC2CCC3CCC(C4CCCC5CCCC54)CC3C2)CC1
C1CCC(CCC2CCC3C(CC4CCCCC4)CCC3C2)CC1
C1CCC(CCC2CCC3C(CCC3C3CCCCC3)C2)CC1
C1CCC(CCCCC2CC3CCCCC3C2)CC1
C1CCC(CC2CCC(CC(CC3CCCCC3)C3CCCCC3)CC2)CC1
C1CCC(CCCCC2CC3CCCCC3C2)CC1
C1CCC(C2CC3CCCC3C3CCC4CCCCC4C23)CC1
C1CCC(CCCCCC2CCC3C(CCC3C3CCCCC3)C2)CC1
C1CCC(CCCCC2CCC3C2CCC2C4CCCCC4CCC32)CC1
C1CCC(CCCCC2CC3CCCCC3C2)CC1
C(CCC1CCCC2CCCCC12)CC1CC2CCCCC2C1
C1CCC(C2(CCCCC3CCC4CCCCC4C3)CCCC3CCCCC32)CC1
C1CCC(C2CCC(CCCCCC3CCCC4C(C5CCCCC5)CCC34)C2)CC1
C1CCC(CCCCCC2CCCC3C(C4CCCCC4)CCC23)CC1
C1CCC(CCC2CCCCC2)CC1
C1CCC(CC2CC3CCCCC3C3CCCCC23)CC1
C1CCC(C2CC3C(CCC34CCCC4)C3CCC4CCCCC4C23)CC1
C(CCC1CCCC2CCCCC12)CC1CCCC2CCCCC12
C1CCC(C2CC3CCCCC3C3CCC4CCCCC4C23)CC1
C1CCC(CCCCCC2CCCC3C(C4CCCCC4)CCC23)CC1
C1CCC2C(C1)CCC1CCCCC12
C(CCCC1CCCCC1)CCCC1CCC(C2CCCCC2)C1
C1CCC(CCC2CCC3C(CCC3C3CCCCC3)C2)CC1
C(CCC1CCCC2CCCC12)CC1CC2CCCCC2C1
C1CCC(CCC2CCC3C(CCC4C5CCCC5CCC34)C2)CC1
C1CCC2C(C1)CCC1CCCCC12
C1CCC(CCCCCC2CCC3CCCCC23)CC1
C1CCC(CCCCC2CCCCC3CCC(C4CCCCC4)CC23)CC1
C1CCC(C2CCC(CCCCCC3(CC4CCCC4)CCCC4CCCCC43)C2)CC1
C(CCCC1CCC2C(CCC2C2CCCCC2)C1)CCC1CCCCC1
C1CCC(CCCC2CCCC3CCC(C4CCCC5CCCC54)CC3C2)CC1
C1CCC(C2CCC3(CCC4CC5C(CCC5C5CCCCC5)CCC43)C2)CC1
C1CCC2C(C1)CC(C1CCCC3CCCC31)C1CCCC21
C1CCC2CCC(C3CCC4CCCCC43)CC2CC1
C1CCC(CCCC2CCC3C2CCC2C4CCCCC4CCCC32)C1
C1CCC(C2CCC3CCCC3C3CCC4CCCCC4CC23)CC1
C1CCC(C2CC3CCCCC3C3CCC4CCCCC4C23)CC1
C(CCC1CCC2C1CCC1C3CCCCC3CCC21)CC1CC2CCCCC2C1
C(CCC1CCCC2CCCC12)CC1CC2CCCCC2C1
C1CCC(C2CCC3C(CCCC4CCCCC43)C2)CC1
C1CCC2CC(CCCC3CCCC4C3CCC3C5CCCCC5CCC43)CC2C1
C1CCC(C2CCC3C(CCCCCC4CCC(C5CCCC5)C4)CCCC23)CC1
C1CCC(C2CCC3CC4C(CCC45CCCCC5)CC32)CC1
C1CCC(CCCC2CCCC(C3CCC4CC(CCC5CCC6CCCCC6C5)CCC43)C2)CC1
C1CCC(CCC2CCCCC2)CC1
C1CCC(C2CC3CCCCC3C3CCC4CCCCC4C23)CC1
C1CCC(CCCCCC2CCCC3C(C4CCCCC4)CCC23)CC1
C1CCC(CCCCC2CCC3CCCCC3C2)CC1
C1CCC(C2CC3CCCCC3CC3CCCCC32)CC1
C1CCC(C2CC3CCCC3C3CCCC4CCCCC4C23)CC1
C(CCC1CCCC2CCCCC12)CC1CC2CCCCC2C1
C1CCC2CC(CC3CCCC4CCCC43)CCC2C1
C1CCC2CCC3C(CCC4C5CCCC5CC43)C2CC1
C1CCC(C2CC3CCCC3C3CCC4CCCCC4C23)CC1
C1CCC(C2CC3CCCCC3C3CCC4CCCCC4C23)CC1
C1CCC(CCC2CCC3C(CCC3C3CCCCC3)C2)CC1
C(CCC1CCCCC2CCCCC12)CC1CCC2CCCCC2C1
C1CCC(C2CCC3C(CCC4CCCCC43)C2)CC1
C1CCC(CCC2CCCCC3CC4C(CCC4C4CCCCC4)CC23)CC1
C1CCC(CCCCC2CC3CCCCC3C2)CC1
C1CCC2C(C1)CCC1C2CCC2C3CCCC3CC21
C1CCC(CCC2CCC3C(CCC3C3CCCCC3)C2)CC1
C1CCC(CCC2CCC3C(CCC3C3CCCC(CCC4CCCCC4)C3)C2)CC1
C1CCC2CCC(C3CCCC4CCCC43)CC2CC1
C1CCC(C2CCC3CC4C(CCC32)CCC42CCCCC2)CC1
C1CCC(CCCCCC2CC3CCCCC3C2)CC1
C(CCCCCCC1CCC(CCC2CCC(CCC3CCCC3)C2)C1)CCCCCCC1CCC2C1CCC1C3CCCCC3CCC21
C(CCCCC1CCC(C2CCCCC2)C1)CCCC1CCCCC1
C1CCC(CC2CCC3C(CCC3C3CCCCC3)C2)CC1
C1CCC(CCCC2CCC3CCC(C4CCCC5CCCC54)CC3C2)CC1
C1CCC(C2CCC3C(CCCC4CCCCC43)C2)CC1
C1CCC(C2CCC3CCCCC3C3CCCCC23)CC1
C1CCC2CCC3C(CCC4C3CCC4(CCCC3CC4CCCCC4C3)CCC3CCCC3)C2CC1
C1CCC(CCCCCC2CCCC3C(CC4CCCCC4)CCC23)CC1
C1CCC(CC2CC3CCCCC3C3CCC4CCCCC4C23)C1
C(CCC1CCCC2CCCCC12)CCC1CCCC2CCCCC12
C1CCC(C2CC3CCCCC3C3CCC4CCCCC4C23)CC1
C1CCC(C2CCC(CCCC3CCC4C3CCC3C5CCCCC5CCCC43)C2)CC1
C1CCC(CC2CC3CCCCC3C3CCC4CCCCCC4C23)CC1
C1CCC(CCCC2CCC3CCC(C4CCCC5CCCC54)CC3C2)CC1
C1CCC(CCCC2CC3CCCCC3C2C2CCCCC2)CC1
C1CCC(CC2CCC3C(CC4CCCCC4)CCC3C2)CC1
C1CCC(CC2CCCC(CC3CC4CCCCC4C4CCC5CCCCC5C34)C2)CC1
C1CCC(C2CCC3CCCC3C3CCC4CCCCC4CC23)CC1
C(CCCC1CCCC2C(C3CCCCC3)CCC12)CCC1CCCCC1
C1CCC(CCCC2CCCC(C3CCC4CC(CCC5CCC6CCCCC6C5)CCC43)C2)CC1
C1CCC(C2CCC3CC4C(CCCC5C6CCC(CCCC7CC8CCCCC8C7)C6CCC45)CC32)CC1
C1CCC(CCCCCC2CCC3CCCCC23)CC1
C1CCC2C(C1)CCC1C3CCCC3CCC21
C1CCC(C2CC3CCCCC3C3CCC4CCCCC4C23)CC1
C1CCC(CCCC2CCC3CCC(C4CCCC5CCCC54)CC3C2)CC1
C1CCC(CCC2CCC3C(CCC3C3CCCCC3)C2)CC1
C1CCC(CCC2CCC3C(CCC3C3CCCCC3)C2)CC1
C1CCC(C2CCC3C(CCC4CCCCC43)C2)CC1
C1CCC2CCC3C4CCCC4CCC3C2CC1
C1CCC2CCC3CCCCC3C2CC1
C1CCC2C(C1)CCC1CCCCC12
C1CCC(CCCCC2CCC3CCCCC23)CC1
C1CCC(CCCCC2CC3CCCCC3C2)CC1
C(CCCC1CCCCC1)CCCC1CCC(C2CCCCC2)C1
C1CCC2CCC3C4CCCC4CCC3C2CC1
C1CCC2CCC(C3CCCC4CCCC43)CC2CC1
C1CCC(CCCCC2CC3CCCCC3C2)CC1
C1CCC(CCC2CCCCC3CC4C(CCC4C4CCCCC4)CC23)CC1
C1CCC(C2CC3CCCC3C3CCC4CCCCC4C23)CC1
C1CCC2C(C1)CCC1C3CCCC3CCC21
C1CCC(CCC2(CCCC3CC4CCCCC4C3)CCCC3C4CCC5CCCCC5C4CCC32)C1
C1CCC(C2CCC3CC4C(CCC45CCCCC5)CC32)CC1
C1CCC2CCC(C3CCCC4CCCC43)CC2CC1
C1CCC(CCC2CC3CCCC3C3CCCC4CCCCC4C23)CC1
C1CCC2CCC(C3CCCC4CCCC43)CC2CC1
C1CCC(CCCCC2CC3CCCCC3C2)CC1
C1CCC(CCCCCC2CCC3C(CCC3C3CCCCC3)C2)CC1
C1CCC2C(C1)CCC1C3CCCC3CCC21
C1CCC(CCCCCC2CCCC3CCC(C4CCCCC4)CC23)CC1
C1CCC(C2CC3CCCC3C3CCC4CCCCC4C23)CC1
C1CCC2C(C1)CCC1C3CCCCC3CCC21
C1CCC(CCC2CCC3C(CCC3C3CCCCC3)C2)CC1
C1CCC(CCC2CCC(CCC3CCCC(CC4CCCC4)C3)CC2)CC1
C1CCC(C2CC3C(CCCC4CC4)CCC3C3CCC4CCCCC4C23)CC1
C(CCC1CCC2C1CCC1C3CCCCC3CCC21)CC1CC2CCCCC2C1
C1CCC2CC(CCCC3CCCC4CCCCC43)CCCC2C1
C1CCC(CCC2CCC3C2CCC(C2CCCCC2)C2C4CCCCC4CCCC32)CC1
C1CCC(CCC2CCC3C(CCC3C3CCCCC3)C2)CC1
C1CCC(CCCC2CCCC(C3CCC4CC(CCCC5CCC6CCCCC6C5)CCC43)C2)CC1
C1CCC2CC(C3CCCC4CCCC43)CCC2C1
C1CCC2CC3CCC4C5CCCC5CC4C3CCC2C1
C1CCC2CCC3C4CCC(CCCC5CC6CCCCC6C5)C4CCC3C2CC1
C1CCC(C2CCC3CC4C(CCCCC45CCCC5)CC32)CC1
C(CCCC1CCCCC1)CCCC1CCC(C2CCCCC2)C1
C1CCC(CCCCCC2CC3CCCCC3C2)CC1
C1CCC2CCC(C3CCCC4CCCC43)CC2CC1
C1CCC(C2CCC(CCCCCC3CCCC4CCCCC34)C2)CC1
C1CCC(CCCCC2CC3CCCCC3C2)CC1
C1CCC2CC(C3CCCC4CCCC43)CCC2C1
C1CCC2CCC(C3CCCC4CCCC43)CC2CC1
C1CCC2CC(C3CCCC4CCCC43)CCC2C1
C1CCC(C2CC3CCCC3C3CCC4CCCCCC4C23)CC1
C1CCC(CCC2CCC3C2CCC2CC4CCCCC4CCC23)C1
C1CCC(CC2CC3CCCCC3CC3CCC4CCCCC4C32)C1
C1CCC(CCC2CCC3C(CCC3C3CCCCC3)C2)CC1
C1CCC(CCCCC2CC3CCCCC3C2)CC1
C1CCC(CC2CC3CCCCC3CC3CCC4CCCCC4C32)CC1
C1CCC(CCCC2CCC3C2CCC(C2CCCCC2)C2C4CCCCC4CCC32)CC1
C(CCC1CCCC2CCCCC12)CC1CCCC2CCCCC12
C1CCC2C(C1)CCC1C3CCCC3CCC21
C1CCC(CCC2CCC3C(CCC3C3CCCCC3)C2)CC1
C1CCC(C2CCC3CC4C(CCC45CCCCC5)CC32)CC1
C1CCC(CCCCC2CCC(C3CCC4C(CCC4C4CCCCC4)C3)CC2)CC1
C(CC1CCC(C2CCCC2)CC1)CC1CCC2CCCC2C1
C1CCC(CCCCC2C3CCCCC3CCC2C2CCCC3CCCC32)CC1
C1CCC(CCCCCC2CCCC3C(C4CCCCC4)CCC23)CC1
C1CCC2C(C1)CCC1C3CCCC3CCC21
C1CCC(C2CCC3CC4C(CCC45CCCCCC5)CC32)CC1
C1CCC(CCCC2CCC3C(CCC3C3CCCCC3)C2)CC1
C1CCC2CC(CCCC3CCC4C3CCC3C5CCCCC5CCC43)CC2C1
C1CCC(CCCCC2CC3CCCCC3C2)CC1
C1CCC(CCCCC2CCC3CCCCC23)CC1
C1CCC(CCCCCC2CC3CCCCC3C2)CC1
C1CCC(CCC2CCC3C(CCC3CC3CCCC(CC4CCCC4)C3)C2)CC1
C1CCC2CCC3C4CCC(CCCC5CC6CCCCC6C5)C4CCC3C2CC1
C1CCC(CCCCC2CCC3CCC(C4CCCC5CCCC54)CC3C2)CC1
C1CCC2C(C1)CCC1C2CCC2C3CCCC3CC21
C1CCC2CCC3CCCCC3C2CC1
C(CCC1CCCC2CCCCC12)CCC1CCCC2CCCCC12
C1CCC(CCCC2CCC3CCCC3C2)CC1
C(CCCC1CCCCC1)CCCC1CCC(C2CCCCC2)C1
C1CCC(CCCCCC2CCCC3CCC(C4CCCCC4)CC23)CC1
C1CCC(CCCC2CCC3CCC(C4CCCC5CCCC54)CC3C2)CC1
C1CCC(C2CCC3CC4C(CCC5C6CCC(CCCC7CC8CCCCC8C7)C6CCC45)CC32)CC1
C1CCC2CCC3C4CCCCC4CC(CC4CCCC4)C3C2CC1
C1CCC(CC2CCC3CCCCC3C2)C1
C1CCC(CCC2CC3CCCCC3C3CCC4CCCCC4C23)C1
C1CCC(CCCCC2CCC3CCCCC23)CC1
C1CCC(C2CCC3CC4C(CCC5C6CCC(CCCCC7CCC8CCCCC8C7)C6CCC45)CC32)CC1
C(CCCC1CCCC2C(C3CCCCC3)CCC12)CCC1CCCCC1
C1CCC(C2CCC3C(CCCCCC4CCC(C5CCCC5)C4)CCCC23)CC1
C1CCC(C2CC3CCCC3C3CCC4CCCCC4C23)CC1
C1CCC(CCCCC2CC3CCCCC3C2)CC1
C1CCC2CC(C3CCCC4CCCC43)CCC2C1
C1CCC2C(C1)CCC1C3CCCC3CCC21
C1CCC(CCCC2CCC3C(CCC4C5CCCC5CCC34)C2)CC1
C(CCCC1CCCC2C(C3CCCCC3)CCC12)CCC1CCCCC1
C1CCC(C2CCC3CCC4CCCCC4C3CC2)CC1
C1CCC(CCC2CCCCC2)CC1
C1CCC(C2CC3CCCCC3C3CCCCC23)CC1
C1CCC2CC(CC3CCCC4CCCC43)CCC2C1
C1CCC(C2CC3C(CCC34CCCC4)C3CCC4CCCCC4C23)CC1
C1CCC(CCCCC2CC3CCCCC3C2C2CCCCC2)CC1
C1CCC(C2CCC3CCC4(CCCCCC4C4CCCCC4)CCC32)CC1
C1CCC2CC(C3CCCC4CCCC43)CCC2C1
C1CCC(CCCCCC2CCCC3C(C4CCCCC4)CCC23)CC1
C1CCC(CCCCCC2CC3CCCCC3C2)CC1
C1CCC(CCC2CCC3C(CCC3C3CCCCC3)C2)CC1
C1CCC(CCC2CCC(CCC3CCCC(CC4CCCC4)C3)CC2)CC1
C(CCC1CCC2CCCCC2C1)CCC1CCCC2CCCCC12
C(CCCCC1CCCC(CC(CC2CCC(CC3CCCCC3)CC2)C2CCCCC2)C1)CCCCC1CCC2C(CCC3C4CCCC4CCC23)C1
C1CCC(CCCC2CCC3CCC(C4CCCC5CCCC54)CC3C2)CC1
C1CCC(CCCCC2CCC3CCC(C4CCCC5CCCC54)CC3C2)CC1
C1CCC(C2CC3CCCCC3C3CCCCC23)CC1
C1CCC(CCCCC2CC3CCCCC3C2)CC1
C1CCC(CC2CC3CCCCC3C3CCC4CCCCC4C23)CC1
C1CCCC(CC2CCCC2CC2CC3CCCCC3C3CCC4CCCCC4C23)CC1
C(CCCC1CCCC2C(C3CCCCC3)CCC12)CCC1CCC(C2CCCC2)C1
C1CCC2CCC3C4CCC(CCCC5CC6CCCCC6C5)C4CCC3C2CC1
C1CCC(C2CCC3CC4C(CCCC45CCCC5)CC32)CC1
C1CCC2C(C1)CCCC2CCCC1CCCC2CCCCC21
C1CCC(CCCCC2CC3CCCCC3C2)CC1
C1CCC(C2CCC3C(CCC4CCCCC43)C2)CC1
C1CCC2CCC(C3CCCC4CCCC43)CC2CC1
C1CC(CC2CCC(C3CC4CCCC4C4CCC5CCCCC5C34)CC2)C1
C1CCC(C2CCC3C(CCC4CCCCC43)C2)CC1
C1CCC(CCCC2(CCC3CCCC3)CCC3C4CCCC5CCCCC5C4CCC32)C1
C1CCC(CCCCCC2CCCC3C(C4CCCCC4)CCC23)CC1
C1CCC2C(C1)CCC1C3CCCC3CCC21
C1CCC(CCCC2CCC3C2CCCC2C4CC5CCC(C6CCCCC6)C5CC4CCC32)CC1
C1CCC2CCC(C3CCCC4CCCC43)CC2CC1
C1CCC(CC2CCC3C(CCC4CCCCC43)C2)CC1
C(CCC1CCCC2CCCC12)CC1CC2CCCCC2C1
C1CCC(CC2CC3CCCCC3C3CCC4CCCCC4C23)C1
C1CCC2CC(C3CCCC4CCCC43)CCC2C1
C1CCC2CC(C3CCCC4CCCC43)CCC2C1
C1CCC(CCC2CCC3C(CCC3C3CCCCC3)C2)CC1
C1CCC(C2CC3CCCC3C3CCCC4CCCCC4C23)CC1
C1CCC(CCCCC2CC3CCCCC3C2)CC1
C1CC2CCC3C(CCCC4CCC5CC5C43)C2C1
C1CCC(CCC2CCC3C(CCC3C3CCCCC3)C2)CC1
C1CCC(C2CCCC3(CCC4CC5C(CCC5C5CCCCC5)CC43)C2)CC1
C1CCC(C2CCC3CC4C(CCCC45CCCCC5)CC32)CC1
C1CCC(CCCCCC2CCCC3C(CC4CCCCC4)CCC23)CC1
C1CCC(CCC2CCC3C(CCC3C3CCCCC3)C2)CC1
C1CCC(CCC2CCC3C(CCC4C5CCCCC5CC(CCC5CCCCC5)C34)C2)CC1
C1CC(C2CCC(C3CC4CCCC4C4CCC5CCCCC5C34)CC2)C1
C1CCC2CCC3C4CCCCC4CC(CC4CCCC(C5CCCC5)C4)C3C2CC1
C1CCC2C(C1)CCC1C3CCCCC3CCC21
C1CCC(C2CC3CCCC3CC3CCC4CCCCC4C32)CC1
C1CCC2CC(CCCC3CCC4C3CCC3C5CCCCC5CCC43)CC2C1
C1CCC(CCC2CCC3C(CCC4CC(C5CCCCC5)CCCC43)C2)CC1
C1CCC(CC2CC3CCCCC3C3CCC4CCCCC4C23)C1
C1CCC(C2CC3CCCC3C3CCC4CCCCCC4C23)CC1
C1CCC(CCC2CCC3C(CCC3C3CCCCC3)C2)CC1
C1CCC(CC2CCCCCC23CCC2C(CCC2C2CCCCC2)C3)CC1
C1CCC(CCC2CCC3C(CCC3C3CCCCC3)C2)CC1
C1CCC2CC(CCCC3CCC4C3CCCC3C5CCCCC5CCC34)CC2C1
C1CCC(CCC2CCC3C(CCC3C3CCCC(CC4CCCC4)C3)C2)CC1
C1CCC2CCC3C4CCCC4CCC3C2CC1
C1CCC(CCCC2CCC3C2CCCC2C4CCCCC4CCC23)C1
C1CCC2CCC(C3CCCC4CCCC43)CC2CC1
C1CCC(C2CC3CCCC3C3CCC4CCCCCC4C23)CC1
C1CCC(CC2CCC3CCCCC3C3CCC4CCCCC4C23)CC1
C1CCC(C2CCC3CC4C(CCC45CCCC5)CC32)CC1
C1CCC(CCCCC2CCC3CCCCC23)CC1
C1CCC(CC2CC3CCCCC3C3CCC4CCCCCC4C23)CC1
C(CCCCC1CCCC(CC(CC2CCC(CC3CCCCC3)CC2)C2CCCCC2)C1)CCCCC1CCC2C(CCC3C4CCCC4CCC23)C1
C(CCCC1CCCC2C(C3CCCCC3)CCC12)CCC1CCCCC1
C1CCC(CC2CCCC(CC3CCC4CC(CCC5CCC6CCCCC6C5)CCC43)C2)C1
C(CCCC1CCCC2C1CCC2C1CCCC(CC2CCCC2)C1)CCC1CCCCC1
C(CCCC1CCCC2C(C3CCCCC3)CCC12)CCC1CCCCC1
C1CCC(CCC2CCC3C(CCC3C3CCCC(CCC4CCCC4)C3)C2)CC1
C1CCC(CCC2CCC(CCC3CCCCC3)CC2)CC1
C1CCC(CCCCC2CC3CCCCC3C2)CC1
C1CCC2CCC3C4CCC(CCCC5CCC6CCCCC6C5)C4CCC3C2CC1
C1CCC2C(C1)CCCC1CCCCC12
C1CCC(CCCCCC2CCCC3C(C4CCCCC4)CCC23)CC1
C1CCC(C2CC3CCCCC3C3CCC4CCCCC4C23)CC1
C1CCC(C2CC3CCCC3C3CCC4CCCCCC4C23)CC1
C1CCC(CCCCCC2CCCC3CCCC23)CC1
C1CCC(CCC2CCCC(C3CCCC4C(C5CCCCC5)CCC34)C2)CC1
C1CCC2CC(C3CCCC4CCCC43)CCC2C1
C1CCC(CC2CC3CCCCC3C3CCC4CCCCCC4C23)CC1
C1CCC2C(C1)CC(C1CCCC3CCCC31)C1CCCC21
C1CCC(C2CCC3CC4CCCCC4CC32)CC1
C1CCC(CCCCCC2CC3CCCCC3C2)CC1
C1CCC(C2CC3CCCC3C3CCCC4CCCCC4C23)CC1
C1CCC2CCCCC2C(CCCCC2CCCC3CCCCC23)C1
C1CCC(CC2CC3CCCCC3C3CCC4CCCCC4C23)CC1
C1CCC(CCCC2CCC3C(CCC3C3CCCCC3)C2)CC1
C1CCC(C2CC3CCCC3C3CCC4CCCCCC4C23)CC1
C1CCC(CCC2CC3CCCCC3C3CCC4CCCCC4C23)C1
C1CCC2C(C1)CCCC2CCCC1CCCC2CCCCC21
C(CCCCC1CCC(C2CCCCC2)C1)CCCC1CCCCC1
C1CCC2CC(CCCC3CCCC4C3CCC3C5CCCCC5CCC43)CC2C1
C(CCC1CCCC2CCCC12)CC1CC2CCCCC2C1
C1CCC(C2CCC3C(CCC4CCCCC43)C2)CC1
C1CCC(CCCCC2CC3CCCCC3C2)CC1
C1CCC2CC(CC3CCCC4CCCC43)CCC2C1
C1CCC(CCCCC2CCCC3CCCC23)CC1
C1CCC2C(C1)CCC1C3CCCC3CCCC21
C1CCC2C(C1)CCC1C3CCCCC3CCC21
C1CCC(C2CCC3CC4C(CCC32)CCC42CCCCC2)CC1
C1CCC(C2CCC3CCC4CCCCC4C3CC2)CC1
C1CCC(CCC2CCC3C(CCC3C3CCCCC3)C2)CC1
C1CCC(CCC2CCC3C(CCC4C5CCCC5CCCC34)C2)CC1
C1CCC2CCC3C(CCC4C3CCC4(CCCC3CCC4CCCCC4C3)CCC3CCCC3)C2CC1
C(CCC1CCCC2CCCCC12)CC1CCCC2CCCCC2C1
C1CCC2C(C1)CCC1CCCCC12
C(CCCC1CCCCC1)CCCC1CCC(C2CCCCC2)C1
C1CCC(C2CCC(CCCCCC3CCCC4C(C5CCCCC5)CCC34)C2)CC1
C(CCC1CCCC2CCCCC12)CCC1CCCC2CCCCC12
C1CCC(C2CC3CCCC3C3CCCC4CCCCC4C23)CC1
C1CCC2CC(C3CCCC4CCCC43)CCC2C1
C1CCC(C2CCC3CC4C(CCCCC45CCCC5)CC32)CC1
C1CCC(CCCCC2CC3CCCCC3C2)CC1
C1CCC(CC2CC3CCCCC3C3CCC4CCCCCC4C23)CC1
C1CCC(CC2CC3CCCCC3C3CCC4CCCCCC4C23)CC1
C1CCC(CCC2CCC3C(CCC3C3CCCCC3)C2)CC1
C1CCC(CCCC2CCC3C2CCCC2C4CC5CCC(C6CCCCC6)C5CC4CCC32)CC1
C1CCC(CCCC2CCC3CCC(C4CCCC5CCCC54)CC3C2)CC1
C1CCC2CCC3C(CCC4C3CCC4(CCCC3CC4CCCCC4C3)CCC3CCCC3)C2CC1
C1CCC(CC2CCC3CC4C(CCC5C6CCC(CCCC7CC8CCCCC8C7)C6CCC45)CC23)CC1
C1CCC(CCCCCC2CCCC3C(C4CCCCC4)CCC23)CC1
C1CCC(CCC2CCC(C3CCC4C(CC5CCCCC5)CCC4C3)CC2)CC1
C1CCC2CC(C3CCCC4CCCC43)CCC2C1
C1CCC2C(C1)CCC1C3CCCC3CCC21
C1CCC(CCCCC2CC3CCCCC3C2)CC1
C(CCC1CCCC2CCCCC12)CCC1CCCC2CCCCC12
C1CCC2CC(C3CCCC4CCCC43)CCC2C1
C(CCC1CCC2C1CCC1C3CCCCC3CCC21)CC1CC2CCCCC2C1
C1CCC2CCC3C4CCC(CCCC5CC6CCCCC6C5)C4CCC3C2CC1
C1CCC(C2CCC3C(CCC4CCCCC43)C2)CC1
C1CCC(CCCCCC2CC3CCCCC3C2)CC1
C(CCCC1CCCC2C(C3CCCCC3)CCC12)CCC1CCCCC1
C1CCC(CC2CC3CCCCC3C3CCC4CCCCCC4C23)CC1
C1CCC2CCC3C4CCCCC4CC(CC4CCCC4)C3C2CC1
C1CCC(C2CC3CCCCC3CC3CCCCC32)CC1
C1CCC(CCC2CCC3C(CCC4C5CCCC5CC(CCC5CCCCC5)C34)C2)CC1
C1CCC2C(C1)CCC1C3CCCC3CCC21
C1CCC(CCCCCC2CCCC3C(C4CCCCC4)CCC23)CC1
C1CCC(CCC2CCCC3CCC(C4CCCC5CCCC54)CC23)CC1
C1CCC2C(C1)CCCC2CCCC1CCC2C1CCCC1C3CCCCC3CCC12
C1CCC2CCC3C4CCC(CCCC5CCC6CCCCC6C5)C4CCC3C2CC1
C1CCC(CCC(CC2CCC(CC3CCCCC3)CC2)C2CCCCC2)CC1
C1CCC(CCCCC2CC3CCCCC3C2)CC1
C1CCC(CC2CC3CCCCC3C3CCC4CCCCCC4C23)CC1
C1CCC(C2CCC3C(CCC4CCCCC43)C2)CC1
C1CCC(CC(CC2CCCCC2)C2CCCCC2)CC1
C1CCC(CC2CC3CCCCC3C3CCC4CCCCC4C23)C1
C1CCC(CCC(CCCC2CCC3CCCC3C2)CC2CCCCC2)CC1
C1CCC(C2CC3C(CCCC4CC4)CCC3C3CCC4CCCCC4C23)CC1
C(CCCC1CCCCC1)CCC1CCCCC1
C1CCC(C2CC3CCCC3C3CCCC4CCCCC4C23)CC1
C1CCC(C2CCC3CCCC3C3CCC4CCCCC4C23)CC1
C1CCC(C2CCC3CC4C(CCCC45CCCCC5)CC32)CC1
C(CCCC1CCCCC1)CCCC1CCC(C2CCCCC2)C1
C1CCC(C2CCC3CC4C(CCC32)CCC2C3CCC(CCCC5CC6CCCCC6C5)C3CCC42)CC1
C1CCC(CCC2CCCCC3CC4C(CCC4C4CCCCC4)CC23)CC1
C1CCC(C2CCC(CCCCC3CCC4C3CCC3C5CCCCC5CCC43)C2)CC1
C1CCC(CCC2CC3CCCCC3C3CCC4CCCCC4C23)CC1
C1CCC(CCCC2CCC3C2CCCC2C4CCCCC4CCC23)C1
C1CCC2C(C1)CCC1C3CCCCC3CCC21
C1CCC2C(C1)CC(C1CCCC3CCCC31)C1CCCCC21
C1CCC(CCCCC2CCC3CCCCC23)CC1
C1CCC(CCC2CCC3C(CC4CCCCC4)CCC3C2)CC1
C1CCC2CC(C3CCCC4CCCC43)CCC2C1
C1CCC(C2CC3CCCC3C3CCC4CCCCC4C23)CC1
C1CCC(CCC2CCC3C(CCC3C3CCCCC3)C2)CC1
C1CCC(CCCCC2CC3CCCCC3C2)CC1
C1CCC2CCC3C4CCCC4CCC3C2CC1
C1CCC(CC2CC3CCCCC3C2C2CCCCC2)CC1
C(CCC1(C2CCCC2)CCCC2CCCCC21)CC1CCC2CCCCC2C1
C1CCC(C2CCC3C(CCCCCC4CC4)CCCC23)CC1
C1CCC(C2CC3CCCC(C3)C3CCC4CCCCC4C32)CC1
C(CCC1CCCC2CCCCC12)CC1CC2CCCCC2C1
C1CCC(C2CCC3CC4C(CCC5C6CCC(CCCCC7CCC8CCCCC8C7)C6CCC45)CC32)CC1
C1CCC(C2CCC3CC4C(CCC5CC6CCC(CCCC7CC8CCCCC8C7)C6CCC54)CC32)CC1
C1CCC(CCCC2CCC3C2CCC2C4CC5CCC(C6CCCCCC6)C5CC4CCC32)CC1
C1CCC(C2CC3CCCC3C3CCC4CCCCC4C23)CC1
C1CCC2CC(CC3CCCC4CCCC43)CCC2C1
C(CCCCC1CCC(C2CCCCC2)C1)CCCC1CCCCC1
C1CCC(C2CCC3CC4C(CCC5C6CCC(CCCCC7CCC8CCCCC8C7)C6CCC45)CC32)CC1
C1CCC(CCCCCC2CC3CCCCC3C2)CC1
C1CCC2CCC3C4CCCCC4CC(CC4CCCC4)C3C2CC1
C1CCC(CCCCCC2CC3CCCCC3C2)CC1
C1CCC(CCC2CCCCC2)CC1
C1CCC(CCCC2(CCC3CCCC3)CCC3C4CCC5CCCCCC5C4CCC32)CC1
C1CCC(C2CCC3CC4C(CCCC45CCCC5)CC32)CC1
C1CCC(C2CC3CCCCC3C3CCC4CCCCC4C23)CC1
C(CCC1CCCC2CCCC12)CC1CCCC2CCCCC12
C1CCC(CCCCCC2CCCC3C(C4CCCCC4)CCC23)CC1
C1CCC(CCCCCC2CC3CCCCC3C2)CC1
C1CCC(CCCC2(CCCC3CCCC3)CCC3C4CCC5CCCCC5C4CCC32)CC1
C1CCC(CCC2CCCC3CC4C(CCC23)CCC4C2CCCCC2)CC1
C1CCC(CCCCC2CC3CCCCC3C2)CC1
C1CCC2CCC(C3CCCC4CCCC43)CC2CC1
C(CCC1CCCC2CCCC12)CC1CC2CCCCC2C1
C1CCC(C2CCC3CC4C(CCC45CCCC5)CC32)CC1
C1CCC(CCC2CCC(C3CCC4C(CCC4C4CCCCC4)C3)CC2)CC1
C1CCC2CC(C3CCCC4CCCC43)CCC2C1
C1CCC(CCC2CCC(CCC3CCCC(CC4CCCC4)C3)CC2)CC1
C1CCC2C(C1)CC(C1CCCC3CCCC31)C1CCCC21
C1CCC(C2CCC3(CCC4CCC5C(CCC5C5CCCCC5)CC43)C2)CC1
C1CCC(CC2CCC(CC(CC3CCCCC3)C3CCCCC3)CC2)CC1
C1CCC(CCCCCC2CCCC3C(C4CCCCC4)CCC23)CC1
C1CCC(CCC2CCC3C(CCC3C3CCCCC3)C2)CC1
C(CCCC1CCCC2C(C3CCCCC3)CCC12)CCC1CCC(C2CCCC2)C1
C(CCC1CCC2C1CCC1C3CCCCC3CCC21)CC1CC2CCCCC2C1
C1CCC2CCC3C4CCC(CCCC5CC6CCCCC6C5)C4CCC3C2CC1
C1CC2CC3CCC4C5CCCCC5CCC4C3CC2C1
C1CCC2C(C1)CCC1C3CCCC3CCC21
C(CCC1CCCC2CCCCC12)CC1CC2CCCCC2C1
C1CCC(CCC2CCC3C(CCC3C3CCCC(CCCC4CCCC4)C3)C2)CC1
C1CCC2CC(CCCC3CCC4C3CCC3C5CCCCC5CCCC43)CC2C1
C1CCC2C(C1)CCC1CCCCC12
C(CCC1CCCC2CCCCC2C1)CCC1CCC(C2CCCCC2)C1
C(CCCC1CCC2C(CCC2C2CCCCC2)C1)CCC1CCCCC1
C1CCC(C2CCC3CCCCC3C3CCCCC23)CC1
C1CCC(CCC2CC3CCCCC3C3CCC4CCCCC4C23)C1
C1CCC2CCC3C4CCC(CCCC5CCCC5)C4CCC3C2CC1
C1CCC2C(C1)CCC1C3CCCC3CCC21
C1CCC2CC(C3CCCC4CCCC43)CCC2C1
C1CCC2CC(CCCC3CCC4C3CCC3C5CCCCC5CCC43)CC2C1
C1CCC(CCCCC2CC3CCCCC3C2)CC1
C1CCC(C2CCC3CC4C(CCC45CCCC5)CC32)CC1
C1CCC(CC2CCCC(C3CCC4CC(CCC5CCC6CCCCC6C5)CCC43)C2)C1
C1CCC(CCC(CCC2CCC3CCCC3C2)CC2CCCCC2)CC1
C1CCC(CCCCCC2CCCC3C2CCC3C2CCC(CCC3CC3)CC2)CC1
C1CCC(CCC2CCC3C(CCC3C3CCCC(CC4CCCC4)C3)C2)CC1
C(CCCC1CCCC2C(C3CCCCC3)CCC12)CCC1CCCCC1
C1CCC(C2CCC3C(CCCCCC4CCC(C5CCCC5)C4)CCCC23)CC1
C1CCC2CC(CCCC3CCCC4CCCCC43)CC2C1
C1CCC(CCCCC2CC3CCCCC3C2)CC1
C1CCC2C(C1)CCC1C3CCCC3CCC21
C1CCC(CCC2CCC3C(CCC4C5CCCC5CC(CCC5CCCCC5)C34)C2)CC1
C1CCC2CC(CCCC3CCC4C3CCC3C5CCCCC5CCC43)CC2C1
C1CCC(CCC2CC3CCCCC3C3CCC4CCCCC4C23)C1
C1CCC(CCC2CCC3C(CCC4CC(C5CCCCC5)CCC43)C2)CC1
C1CCC(C2CC3CCCC3C3CCCC4CCCCC4C23)CC1
C1CCC2CCC3C(CCC4C5CCCC5CC43)C2CC1
C1CCC2CC(C3CCCC4CCCC43)CCC2C1
C1CCC(CC2CC3CCCCC3C3CCC4CCCCCC4C23)CC1
C1CCC2CCC(C3CCCC4CCCC43)CC2CC1
C1CCC2CCCCC2C(CCCCC2CCCC3CCCCC23)C1
C(CCC1CCCC2CCCCC12)CC1CCC2CCCCC2C1
C1CCC2C(C1)CCC1C3CCCC3CCC21
C1CCC(CC23CCCCC2CCC2C4CCCC4CCC23)CC1
C1CCC2CCC(C3CCCC4CCCC43)CC2CC1
C(CCCC1CCCC2C(C3CCCCC3)CCC12)CCC1CCC(C2CCCC2)C1
C1CCC(C2CCC3CC4C(CCC5C6CCC(CCCC7CCC8CCCCC8C7)C6CCCC45)CC32)CC1
C1CCC(C2CCC3CC(C4CCC(CCC5CCCC5)CC4)CCC32)CC1
C1CCC2CCC(C3CCCC3)CC2CC1
C1CCC(CCC2CCC3C(CCC3C3CCCCC3)C2)CC1
C(CCC1CCCC2CCCCC12)CC1CC2CCCCC2C1
C1CCC2CC(CCCC3CCCC4C3CCC3C5CCCCC5CCC43)CC2C1
C1CCC(CC2CC3CCCCC3C3CCC4CCCCCC4C23)CC1
C1CCC(C2CC3CCCCC3C3CCCCC23)CC1
C1CCC2C(C1)CCC1C3CCCC3CCC21
C1CCC2CC(CCCC3CCCC4C3CCC3C5CCCCC5CCC43)CCC2C1
C1CCC2C(C1)CCC1C3CCCC3CCC21
C1CCC(C2CC3C(CCC4CC4)CCC3C3CCC4CCCCCC4C23)CC1
C1CCC(C2CC3CCCC3C3CCCC4CCCCC4C23)CC1
C1CCC(CC2CCCC2CC2CC3CCCCC3C3CCC4CCCCC4C23)CC1
C1CCC2CC(CCCC3CCCC4CCCCC43)CC2C1
C1CCC(CCC2CCC(CCC3CCCCC(CC4CCCC4)C3)CC2)CC1
C1CCC(CC2CC3CCCCC3C3CCC(CCC4CCCC4)CC23)CC1
C1CCC(CCC2(CCCC3CC4CCCCC4C3)CCCC3C4CCC5CCCCC5C4CCC32)C1
C1CCC(C2CC3CCCC3C3CCC4CCCCC4C23)CC1
C1CCC2CCC3C4CCC(CCCC5CCC6CCCCC6C5)C4CCC3C2CC1
C1CCC2CCC(C3CCCC4CCCC43)CC2CC1
C1CC2CCC3C(CCC4CCCCC43)CC2C1
C1CCC2C(C1)CCC1CCCCC12
C1CCC(CCCC2CCC(C3CCC4C(CCC4C4CCCCC4)C3)CC2)CC1
C1CCC(CCCCC2CC3CCCCC3C2)CC1
C1CCC(CCCCCC2CCC3CCCCC23)CC1
C1CCC(CC2CC3CCCCC3CC3CCC4CCCCC4C32)CC1
C1CCC(CCCCCC2CCCC3C(C4CCCCC4)CCC23)CC1
C1CCC(CC2CC3CCCCC3C3CCC4CCCCC4C23)CC1
C1CCC(C2CCC3CCC4(CCCCC4)C3C2)CC1
C1CCC2C(C1)CCC1C3CCCC3CCC21
C1CCC2CC(CCCC3CCC4C3CCC3C5CCCCC5CCC43)CCC2C1
C1CCC(CCCCCC2CC3CCCCC3C2)CC1
C1CCC(CCCCCC2CC3CCCCC3C2)CC1
C1CCC2CCC3C4CCCC4CCC3C2CC1
C1CCC(CC2CC3CCCC3C3CCC4CCCCC4C23)CC1
C1CCC(C2CC3C(CCC4CC4)CCC3C3CCC4CCCCC4C23)CC1
C1CCC(CCCCCC2CCCC3C(C4CCCCC4)CCC23)CC1
C(CCC1CCCC2CCCCC12)CC1CC2CCCCC2C1
C1CCC(CCC(CCCC2CCC3CCCC3C2)CC2CCCCC2)CC1
C1CCC(CC2CCCC(C3CCC4CC(CCCC5CCC6CCCCC6C5)CCC43)C2)C1
C1CCC(CC2CCC3CC4C(CC5CCC6CCCCC65)CCCC4CC23)CC1
C1CCC(CCC2CCC3C(CCC3C3CCCCC3)C2)CC1
C(CCC1CCCC2CCCCC12)CC1CCCC2CCCCC12
C(CCCC1CCCC2C(C3CCCCC3)CCC12)CCC1CCCCC1
C1CCC(CCCCCC2CCCC3C(CC4CCCC(CC5CC5)C4)CCC23)CC1
C1CCC2CC(CCCC3CCC4C3CCC3C5CCCCC5CCC43)CC2C1
C1CCC2C(C1)CCCC1C3CCCC3CCC21
C1CCC(CCC2CCC(C3CC3)CC2)CC1
C1CCC(C2CCC3CC4C(CCC5C6CCC(CCCC7CC8CCCCC8C7)C6CCC45)CC32)CC1
C1CCC(CCCCCC2CC3CCCCC3C2)CC1
C(CCCC1CCCC2C(C3CCCCC3)CCC12)CCC1CCCCC1
C1CCC(CCCCCC2CC3CCCCC3C2)CC1
C1CCC(C2CC3CCCC3C3CCC4CCCCC4C23)CC1
C1CCC2C(C1)CCC1C3CCCCC3CCC21
C1CCC2C(C1)CCCC2CCCC1CCCC2CCCCC21
C1CCC2CCC3C4CCC(CCCC5CC6CCCCC6C5)C4CCC3C2CC1
C(CCCCCCC1CCC2C1CCC1C3CCCCCC3CCC21)CCCCCC1CCC(CCC2CCC(CCC3CCCC3)C2)C1
C1CCC(CC2CCC3CC4C(CCC5C6CCC(CCCC7CCC8CCCCC8C7)C6CCC45)CC23)CC1
C1CCC(CCCCCC2CCCC3C(C4CCCCC4)CCC23)CC1
C1CCC2C(C1)CC(C1CCCC3CCCC31)C1CCCC21
C1CCC2CC(C3CCCC4CCCC43)CCC2C1
C1CCC(CCC2CCC3C(CCC3C3CCCCC3)C2)CC1
C1CCC(CCCC2CCCCC3CCC(C4CCCC5CCCC54)CC23)CC1
C1CCC(C2CCC3CCCC3C3CCC4CCCCCC4C23)CC1
C1CCC2CCC(C3CCCC4CCCC43)CC2CC1
C1CCC(C2CCC3CCCCC3C3CCC4CCCCC4C23)CC1
C1CCC2CCCCC2C(CCCCC2CCCC3CCCCC23)C1
C1CCC(CCC(CC2CC3CCCCC3C2)C2CC2)CC1
C(CCCC1CCCCC1)CCC1CCCCC1
C1CCC(CCC2CCC(CCC3CCCCC3)CC2)CC1
C1CCC(C2CC3CCCC3C3CCC4CCCCC4C23)CC1
C1CCC(C2CCC3CCCC3C3CCCC4CCCCC4C23)CC1
C1CCC2CCC3C4CCCC4CCC3C2CC1
C1CCC(C2CC3CCCC3C3CCC4CCCCCC4C23)CC1
C1CCC(CC2CC3CCCCC3CC3CCC4CCCCC4C32)CC1
C1CCC(C2CCC3CC4C(CCC5C6CCC(CCCC7CCC8CCCCC8C7)C6CCCC45)CC32)CC1
C1CCC(CC2CCC3CCCCC3C3CCC4CCCCC4C23)CC1
C1CCC(CCCC(CCC2CCC3CCCC3C2)CC2CCCCC2)CC1
C1CCC(CC2CC3CCCCC3C3CCC4CCCCC4C23)CC1
C1CCC(CCCCC2CC3CCCCC3C2)CC1
C(CCC1CCC2C(CCC3C4CCCC4CCC23)C1)CC1CCC(C2CC3CCCC3C3CCCC4CCCCC4C23)CC1
C1CCC(C2CCC3CC4C(CCC45CCCCCC5)CC32)CC1
C(CCCC1CCCCC1)CCCC1CCC(C2CCCCC2)C1
C1CCC(C2CCC(CCCCCC3CCCC4CCCCC34)C2)CC1
C1CCC(CC2CCC(CC(CC3CCCCC3)C3CCCCC3)CC2)CC1
C1CCC(CCCCCC2CC3CCCCC3C2)CC1
C1CCC2CCC3C(CCC4C5CCCC5CC43)C2CC1
C1CCC2CC(C3CCCC4CCCC43)CCC2C1
C1CCC2CC(C3CCCC4CCCC43)CCC2C1
C1CCC(CCCCC2CC3CCCCC3C2)CC1
C1CCC(C2CCC3CC4C5CCC6C(CCCC7CC8CCCCC8C7)CCC6C(CCC4CC32)C5)CC1
C1CCC(C2CCC3CC4C(CCCC45CCCC5)CC32)CC1
C1CCC(CC2CCC3CC4C(CCCC45CCCC5)CC23)CC1
C1CCC2C(C1)CCC1C3CCCCC3CCC21
C1CCC(C2CCC3CC4C(CCC45CCCCC5)CC32)CC1
C1CCC(C2CC3CCCCC3CC3CCCCC32)CC1
C1CCC2C(C1)CCC1C3CCCC3CCC21
C1CCC(C2CCCC3C(CCC4CCCCC43)C2)CC1
C1CCC(C2CC3CCCC3C3CCC4CCCCC4C23)CC1
C1CCC(CCCCCC2CC3CCCCC3C2)CC1
C1CCC(CCC2CCC(C3CCC4C(CCC4C4CCCCC4)C3)CC2)CC1
C1CCC(C2CCC3CC4C(CCCC45CCCC5)CC32)CC1
C1CCC(CCCCC2CC3CCCCC3C2)CC1
C1CCC(C2CC3CCCC3C3CCC4CCCCCC4C23)CC1
C1CCC(CCCCC2CCC3CCCCC23)CC1
C1CCC(CC2CCC3C(CCC3C3CCCCC3)C2)CC1
C1CCC(CCC2CCC3C(CCC4CCCCC43)C2)CC1
C1CCC(C2CCC3CC4C(CCC45CCCC5)CC32)CC1
C1CCC(CC2CCC3C(CCC3C3CCCCC3)C2)CC1
C1CCC(C2CC3CCCC3C3CCCC4CCCCC4C23)CC1
C(CCC1CCCC2CCCC12)CC1CC2CCCCC2C1
C1CCC(C2CCC3CC4CCCCC4CC32)CC1
C1CCC(C2CCC3CC4C(CCCC45CCCCC5)CC32)CC1
C1CCC(CCC(CCC2CCC3CCCC3C2)CC2CCCCC2)CC1
C(CCCCC1CCC2C(CCC3C4CCCC4CCC23)C1)CCCC1CCCC(CC(CC2CCC(CCC3CCCCC3)CC2)C2CCCCC2)C1
C1CCC2C(C1)CC(C1CCCC1)C1CCCCC21
C1CCC(CC2CC3CCCCC3C3CCC4CCCCC4C23)CC1
C1CCC(CCC(CCC2CCC3CCCCC3C2)CC2CCCCC2)CC1
C1CCC(C2CCC3CC4C(CCCCC45CC(C4CCCCC4)C(C4CCCCC4)C5)CC32)CC1
C1CCC2CCC(C3CCCC4CCCC43)CC2CC1
C1CCC(C2CCC3CCCC3C3CCC4CCCCC4C23)CC1
C1CCC2CCC(C3CCCC4CCCC43)CC2CC1
C1CCC(CCC2CCC(C3CC3)CC2)CC1
C1CCC(CCC2CCC3C(CCC4CC5CCCC5CCC43)C2)CC1
C1CCC(CCCCCC2CC3CCCCC3C2)CC1
C1CCC(C2CCC3C(CCCCCC4CCC(C5CCCC5)C4)CCCC23)CC1
C1CCC(CCC2CCC3C(CCC3C3CCCCC3)C2)CC1
C1CCC(CC2CCC3C(CCC4CCCCC43)C2)CC1
C1CCC(CC2CC3CCCCC3C3CCC4CCCCCC4C23)CC1
C1CCC(CC2CCC3CCCC3C3CCC4CCCCC4C23)CC1
C1CCC(CCC(CCC2CCC3CCCC3C2)CC2CCCCC2)CC1
C1CC2CCCC2C(CC2CC3CCCCC3C3CCCC23)C1
C1CCC(C2CCC3CC4C(CCC5C6CCC(CCCC7CC8CCCCC8C7)C6CCC45)CC32)CC1
C1CCC(C2CCC3CC4C(CCC45CCCCCC5)CC32)CC1
C1CCC(CCCCC2CCC3CCCCC23)CC1
C(CCC1CCC2C1CCC1C3CCCCC3CCC21)CC1CC2CCCCC2C1
C1CCC(CC2CCC(CC(CC3CCCCC3)C3CCCCC3)CC2)CC1
C1CCC(C2CC3CCCC3C3CCC4CCCCC4C23)CC1
C1CCC2CCC3C4CCCC4CCC3C2CC1
C1CCC(C2CC3C(CCC4CC4)CCC3C3CCC4CCCCCC4C23)CC1
C1CCC(C2CC3CCCC3C3CCC4CCCCC4C23)CC1
C1CCC(CCC(CCC2CCC3CCCC3C2)CC2CCCCCC2)CC1
C1CCC2CCC(C3CCCC4CCCC43)CC2CC1
C1CCC(CC2CC3CCCCC3C3CCC4CCCCCC4C23)CC1
C1CCC(CCCCCC2CCCC3C(CC4CCCCC4)CCC23)CC1
C1CCC(CCC2CCC3C(CCC4C5CCCC5CC(CCC5CCCCC5)C34)C2)CC1
C1CCC(CC2CC3CCCCC3C3CCC4CCCCC4C23)CC1
C1CCC(C2CCC3CC4C(CCC45CCCCCC5)CC32)CC1
C1CCC(CCCCC(CC2CCC3C(CCC3C3CCCCC3)C2)C2CCCCC2)CC1
C1CCC(CCC2CCC3C(CCC3C3CCCCC3)C2)CC1
C1CCC(C2CCC3C(CCC4CCCCC43)C2)CC1
C(CCCC1CCCCC1)CCCC1CCC(C2CCCCC2)C1
C1CCC(CCC2CC3CCCC3C3CCC4CCCCCC4C23)CC1
C1CCC(C2CC3CCCC3C3CCC4CCCCC4C23)CC1
C1CCC(C2CCC3CC4C(CCC45CCCCC5)CC32)CC1
C1CCC2CC(C3CCCC4CCCC43)CCC2C1
C1CCC2CCC(C3CCCC4CCCC43)CC2CC1
C(CCC1CCC2CCCCC2C1)CCC1CCCC2CCCC12
C1CCC(CCCC2CCCC3CCCCC32)C2CCCCC2C1
C1CCC2CC(C3CCCC4CCCC43)CCC2C1
C1CCC2C(C1)CC(C1CCCC1)C1CCCCC21
C1CCC(C2CC3CCCC3C3CCC4CCCCC4C23)CC1
C1CCC2CCC(C3CCCC4CCCC43)CC2CC1
C1CCC(CCCCCC2CCC3CCCCC23)CC1
C1CCC(CCC2(CCCC3CC4CCCCC4C3)CCC3CC4CCC5CCCCC5C4CCC32)C1
C1CCC(CCC2CCC3C(CCC3C3CCCCC3)C2)CC1
C1CCC(CCC2CCC3CC4CCCCC4CCC3C2)CC1
C1CCC(CCCC2CCC(C3CCC4C(CCC4C4CCCCC4)C3)CC2)CC1
C1CCC(C2CCC3CC4(CCCCCCC4C4CCCCC4)CCC32)CC1
C1CCC(C2CC3CCCC3C3CCC4CCCCCC4C23)CC1
C1CCC(C2CCC3CC4C(CCCC5C6CCC(CCCC7CCC8CCCCC8C7)C6CCC45)CC32)CC1
C1CCC2CC(C3CCCC4CCCC43)CCC2C1
C1CCC(CCCCCC2CC3CCCCC3C2)CC1
C1CCC(CCC2CCC(CCC3CCCC(CC4CCCC4)C3)CC2)CC1
C1CCC(CCC2CCC(C3CC3)CC2)CC1
C1CCC(CCCCC2CC3CCCCC3C2)CC1
C1CCC(C2CCC3C(CCC3C3CCCCC3)C2)CC1
C(CCC1CCCC2CCCC12)CC1CC2CCCCC2C1
C1CCC2C(C1)CCC1C3CCCC3CCC21
C1CCC(CCC2(CCCC3CCC4CCCCC4C3)CCC3C4CCC5CCCCC5C4CCCC32)C1
C1CCC(CCC(CCC2CCC3CCCCC3C2)CC2CCCCC2)CC1
C1CCC(CCC2CCC3C(CCC3C3CCCCC3)C2)CC1
C(CCC1CCC2CCCCC2C1)CCC1CCCC2CCCCC12
C1CCC(C2CCC3CC4C(CCC5C6CCCC(CCCC7CCC8CCCCC8C7)C6CCC45)CC32)CC1
C1CCC(C2CCC3CCC4C(CCC45CCCC5)CC32)CC1
C1CCC(CCC2(CCCC3CC4CCCCC4C3)CCC3C4CCC5CCCCC5C4CCC32)C1
C1CCC(CCCCC2CCC3CCCCC23)CC1
C1CCC(CCC2CCC3C(CCC3CC3CCCC(CC4CCCC4)C3)C2)CC1
C1CCC(CCCCC2CCC3CCCCC23)CC1
C1CCC(C2CCC3CCC4C(CCC5C6CCC(CCCC7CCC8CCCCC8C7)C6CCC45)CC32)CC1
C1CCC(C2CCC3C(CCC4CCCCC43)C2)CC1
C1CCC2CCC(C3CCCC4CCCC43)CC2CC1
C(CCC1CCCC2CCCCC12)CC1CCC2CCCCC2C1
C1CCC2CCC3C4CCC(CCCC5CC6CCCCC6C5)C4CCC3C2CC1
C1CCC(CCC2CCC3C(CCC3C3CCCCC3)C2)CC1
C1CCC2C(C1)CCC1C3CCCC3CCC21
C1CCC(CCC2CCCC3CCC4C(CCC4C4CCCCC4)CC23)CC1
C1CCC(CCC2CCC3C2CCCC(C2CCCCC2)C2C4CCCCC4CCC32)CC1
C1CCC(C2CCC3C(CCC4CCCCC43)C2)C1
C1CCC(CC2CC3CCCCC3C3CCC4CCCCC4C23)C1
C1CCC(CCCCCC2CCCC3C(CC4CCC(CC5CC5)CC4)CCC23)CC1
C1CCC(CCC2CCC3C2CCC2C4CCCCC4CCCC32)C1
C1CCC(CC2CC3CCCCC3C3CCC4CCCCC4C23)C1
C(CCC1CCCC2CCCC12)CC1CC2CCCCC2C1
C1CCC(CCCCCC2CCCC3C(CC4CCCCC4)CCC23)CC1
C1CCC(C2CCC(C3CC4CCCC4C4CCC5CCCCC5C34)CC2)C1
C1CCC2C(C1)CCC1C3CCCC3CCC21
C1CCC(CCCCCC2CCCC3C(C4CCCCC4)CCC23)CC1
C1CCC(CCCCC2CC3CCCCC3C2C2CCCCC2)CC1
C(CCCC1CCCC2C(C3CCCCC3)CCC12)CCC1CCCCC1
C1CCC(C2CC3CCCC3C3CCC4CCCCCC4C23)CC1
C1CCC(C2CCCC3CCCC3C3CCC4CCCCC4C23)CC1
C1CCC(C2CC3CCCCC3C3CCC4CCCCC4C23)CC1
C(CCC1CCC2CCCCC2C1)CC1CCCC2CCCCC2C1
C1CCC2CCC3C4CCC(CCCC5CC6CCCCC6C5)C4CCC3C2CC1
C1CCC(CCC2CCC3C(CCC3C3CCCCC3)C2)CC1
C1CCC2CCC3C4CCCCC4CC(CC4CCCC4)C3C2CC1
C1CCC(CCCCC2CC3CCCCC3C2)CC1
C1CCC(CCCCCC2CC3CCCCC3C2)CC1
C1CCC(CCCCCC2CC3CCCCC3C2)CC1
C1CCC(CCC2(CCCC3CC4CCCCC4C3)CCC3C4CCC5CCCCC5C(CCC32)C4)C1
C1CCC(CC2CCC3CC4C(CCC5C6CCC(CCCC7CCC8CCCCC8C7)C6CCC45)CC23)CC1
C1CCC(CCC2CCC(C3CC3)CC2)CC1
C(CCC1CCCC2CCCC12)CC1CC2CCCCC2C1
C1CCC(C2CCC(CCCC3CCC4C3CCC3C5CCCCCC5CCC43)C2)CC1
C1CCC2CC(C3CCCC4CCCC43)CCC2C1
C(CCCC1CCCCC1)CCCC1CCC(C2CCCCC2)C1
C1CCC(C2CCC3CC4C(CCC32)CCC2C3CCC(CCCC5CC6CCCCC6C5)C3CCC42)CC1
C(CCCC1CCCC2C(C3CCCCC3)CCC12)CCC1CCCCC1
C1CCC2CC(CCCC3CCC4C3CCC3C5CCCCC5CCCC43)CC2C1
C1CCC(CCCC2CCC(CCC3CCCCC3)CC2)CC1
C1CCC(CCC2CCC3C(CCC3C3CCCCC3)C2)CC1
C1CCC(C2CCC3CC4C(CCC45CCCCCC5)CC32)CC1
C1CCC(CCCCCC2CCC3C(CCC3C3CCCCC3)C2)CC1
C(CCCCC1CCC2CC(CCC3C4CCCC4CCC23)C1)CCCC1CCCC(CC(CC2CCC(CC3CCCCC3)CC2)C2CCCCC2)C1
C1CCC(C2CCC(CCCCCC3CCCC4CCCCC34)C2)CC1
C1CCC(CCCCC2CCC3CCCCC23)CC1
C1CCC(C2CCC3C(CCC3C3CCCCC3)C2)CC1
C1CCC(CCCC2CCC3C2CCC2C4CC5CCC(C6CCCCCC6)C5CC4CCC32)CC1
C1CCC(CCC2CCC(CCC3CCCC(CC4CCCC4)C3)CC2)CC1
C1CCC2CCC(C3CCCC4CCCC43)CC2CC1
C1CCC(CCCCC2CCC3CCC(C4CCCC5CCCC54)CC3C2)CC1
C1CCC(CCCC2CCCCC2)CC1
C1CCC(C2CCC3(CCCC4CC5C(CCC5C5CCCCC5)CC43)C2)CC1
C1CCC2C(C1)CCCC1C3CCCC3CCC21
C1CCC(CCCC2CCC3CCC(C4CCCC5CCCC54)CC3C2)CC1
C1CCC(CC23CCCCC2CCC2C4CCCC4CCC23)CC1
C1CCC(C2CC3CCCC3C3CCC4CCCCC4CC23)CC1
C1CCC(CCCC2CCC3CCC(C4CCCC5CCCC54)CC3C2)CC1
C1CCC2CCC3C4CCCC4CCC3C2CC1
C1CCC2CCC3C(CCC4C5CCCC5CC43)C2CC1
C1CCC(C2CCCC3C(CCC4CCCCC43)C2)CC1
C1CCC(CC(CC2CCCCC2)C2CCCCC2)CC1
C1CCC(CCC2(CCCC3CC4CCCCC4C3)CCC3C4CCC5CCCCC5C4CCCC32)C1
C1CCC(CCCCCC2CCCC3C(C4CCCCC4)CCC23)CC1
C1CCC(C2CC3CCCC3C3CCC4CCCCC4C23)CC1
C1CCC2CCC3C4CCCC4CCC3C2CC1
C1CCC(CCC2CCC3C(CCC4CCCCC43)C2)CC1
C1CCC(CCC2CCC3C(CCC4C5CCCC5CCC(CCC5CCCCC5)C34)C2)CC1
C1CCC(CCC2CCCC(CCC3CCC(CCC4CCC(C5CC5)CC4)CC3)C2)C1
C(CCC1CCCC2CCCCC12)CC1CC2CCCCC2C1
C1CCC(CCCCC2CC3CCCCC3C2)CC1
C(CCC1CCCC2CCCC12)CC1CC2CCCCC2C1
C(CCCC1CCCCC1)CCC1CCCCC1
C1CCC2C(C1)CCC1C3CCCC3CCC21
C1CCC(CCCCC2CC3CCCCC3C2)CC1
C1CCC(C2CCC3CC4C(CCC5C6CCCC(CCCC7CCC8CCCCC8C7)C6CCC45)CC32)CC1
C1CCC2CCC3C4CCCC4CCC3C2CC1
C1CCC2C(C1)CCC1C2CCC2C3CCCC3CC21
C1CCC(CC2CC3CCCC3C3CCC4CCCCC4C23)CC1
C1CCC(C2CCC3CC4C(CCCC45CCCCC5)CC32)CC1
C1CCC2CC(C3CCCC4CCCC43)CCC2C1
C1CCC(CCCCC2CC3CCCCC3C2)CC1
C(CCCC1CCCC2CCCC12)CCC1CCC2CCCCC2C1
C1CCC(C2CC3CCCC3C3CCC4CCCCC4C23)CC1
C1CCC(CC2CC3CCCCC3C3CCCC23)C1
C1CCC2C(C1)CCC1C3CCCC3CCC21
C1CCC(C2CC3CCCC3C3CCC4CCCCCC4C23)CC1
C1CCC(C2CCC3CCC4C(CCC5C6CCC(CCCC7CC8CCCCC8C7)C6CCC45)CC32)CC1
C1CCC2CC3CCC(C4CCCCC4)C3CC2CC1
C1CCC(CC2CCC3C(CCC4CCCCC43)C2)C1
C1CCC(C2CCC3C(CCC4CCCCC43)C2)CC1
C1CCC(CCC2CC3CCCC3C3CCC4CCCCC4C23)CC1
C1CCC2CCC3C4CCCCC4CC(CC4CCCC4)C3C2CC1
C1CCC(CCC2CCCCC3CC4C(CCC4C4CCCCC4)CC23)CC1
C1CCC(CCC2CCC(CCC3CCCC(CC4CCCCC4)C3)CC2)CC1
C1CCC(CCCCC2CC3CCCCC3C2)CC1
C1CCC(CCCC2CCC3C2CCC2C4CC5CCC(C6CCCCC6)C5CC4CCC32)CC1
C1CCC2CC(C3CCCC4CCCC43)CCC2C1
C1CCC(CC2CC3CCCCC3C3CCC4CCCCC4C23)C1
C1CCC2CC(C3CCCC4CCCC43)CCC2C1
C1CCC(C2CCC3CC4C(CCCCC5CC5)CCCC4CC32)CC1
C1CCC(CC2CC3CCCCC3C3CCC4CCCCC4C23)CC1
C1CCC2CCC3C4CCC(CCCC5CCCC6CCCCC65)C4CCC3C2CC1
C1CCC(CC2CC3CCCCC3C3CCC4CCCCC4C23)CC1
C1CCC(C2CC3CCCC3CC3CCC4CCCCC4C32)CC1
C(CCCC1CCCC2C(C3CCCCC3)CCC12)CCC1CCCCC1
C1CCC(CCCCCC2CCC3CCCCC23)CC1
C1CCC(C2CCC3CC4C(CCC5C6CCC(CCCCC7CC8CCCCC8C7)C6CCC45)CC32)CC1
C1CCC(C2CCC3CC4C5CCC6C(CCCC7CCC8CCCCC8C7)CCC6C(CCC4CC32)C5)CC1
C1CCC(CCC2CCCC3CC4C(CCC23)CCC4C2CCCCC2)CC1
C1CCC(C2CC3CCCCC3C3CCCCC23)CC1
C1CCC(CCCCCC2CCCC3C(C4CCCCC4)CCC23)CC1
C1CCC(CCCCC2CC3CCCCC3C2)CC1
C1CCC(C2CCC3CC4C(CCCC45CCCC5)CCC32)CC1
C(CCC1CCCC2CCCCC12)CC1CCC2CCCCC2C1
C1CCC(CCC2CCC3C(CC4CCCCC4)CCC3C2)CC1
C1CCC(CC2CC3CCCCC3C3CCC4CCCCC4C23)C1
C1CCC(CC2CCC3CC4C(CCC45CCC(C4CCCCC4)C5)CC23)CC1
C1CCC2C(C1)CCC1C3CCCC3CCC21
C1CCC(C2CC3C(CCC34CCCC4)C3CCC4CCCCC4C23)CC1
C1CCC(CCC2CCC3C(CCC4CCC(C5CCCCC5)CCC43)C2)CC1
C1CCC(CCCC2CC3CCCCC3C2C2CCCCC2)CC1
C1CCC(CC2CC3CCCCC3C3CCC4CCCCC4C23)C1
C1CCC(CCC(CCC2CCC3CCCC3C2)CC2CCCCC2)CC1
C1CCC(CCCCCC2CCCC3C(CC4CCCCC4)CCC23)CC1
C1CCC(C2CC3CCCCC3CC3CCCCC32)CC1
C(CCC1CCCC2CCCCC12)CC1CC2CCCCC2C1
C1CCC(CCCCC2CC3CCCCC3C2)CC1
C1CCC(CCCC2CCC3CCC(C4CCCC5CCCC54)CC3C2)CC1
C1CCC(CCC2CCC(CCC3CCCCC(CC4CCCC4)C3)CC2)CC1
C1CCC(CC(CC2CCCCC2)C2CCCCC2)CC1
C1CCC(C2CCC3CC4C(CCC5C6CCC(CCCC7CC8CCCCC8C7)C6CCCC45)CC32)CC1
C1CCC(C2CC3CCCC3C3CCC4CCCCC4C23)CC1
C1CCC(CCC2CCCCC3CC4C(CCC4C4CCCCC4)CC23)CC1
C1CCC(C2CC3CCCC3C3CCC4CCCCCC4C23)CC1
C1CCC(C2CCC3CC4C(CCC32)CCC42CCCCC2)CC1
C1CCC(CC2CC3CCCCC3C3CCC4CCCCC4C23)C1
C(CCCC1CCCC2C(C3CCCCC3)CCC12)CCC1CCCCC1
C1CCC(CCC2CCC3C(CCC3C3CCCCC3)C2)CC1
C1CCC(CCCCC2CC3CCCCC3C2)CC1
C1CCC(CCC2CCC3C(CCC3C3CCCCC3)C2)CC1
C1CCC(C2CCC3CC4C(CC5CC6CCCCC6C5)CCCCC4CC32)CC1
C(CCCCCCC1CCC2C1CCC1C3CCCCC3CCC21)CCCCCC1CCC(CCC2CCC(CCC3CCCC3)C2)C1
C(CCC1CCCC1)CCC1CCCC2CCCCC2C1
C1CCC(C2CC3CCCCC3C3CCCCC23)CC1
C1CCC(CCCC2CC3CCCCC3C2C2CCCCC2)CC1
C1CCC2CC(CCCC3CCC4C3CCCC3C5CCCCC5CCC34)CC2C1
C1CCC2CC(C3CCCC4CCCC43)CCC2C1
C1CCC(C2CCC3CC4C(CCCCC45CCCC5)CC32)CC1
C(CCC1CCCC2CCCC12)CC1CC2CCCCC2C1
C1CCC(CCCC2CCC3C4CCC5CC6C(CCC6C6CCCCC6)CC5C(CCC23)C4)CC1
C1CCC(CCC2CCC3C(CCC4CCCCC43)C2)CC1
C(CCCC1CCCCC1)CCCC1CCC(C2CCCCC2)C1
C1CCC2CC(CC3CCCC4CCCC43)CCC2C1
C(CCC1CCCC2CCCCC12)CC1CCCC2CCCCC12
C1CCC(CCCCC2CC3CCCCC3C2)CC1
C1CCC(CCCCC2CCC3CCCCC23)CC1
C1CCC(C2CCC3C(CCCC4CCCCC43)C2)CC1
C1CCC(CCC2CCCCC2)CC1
C1CCC(CCC(CCC2CCC3CCCCC3C2)CC2CCCCC2)CC1
C1CCC2C(C1)CCC1C3CCCCC3CCC21
C1CCC(C2CCC3C(CCC4CCCCC43)C2)CC1
C1CCC(C2CCC3CC4(CCCCCCC4C4CCCCC4)CCC32)CC1
C1CCC(C2CCC3CCC4(CCCCC4)C3C2)CC1
C1CCC(C2CCC(C3CC4CCCC4C4CCCC5CCCCC5C34)CC2)C1
C1CCC(CCC2CCC3C(CCC4C5CCCCC5CCC34)C2)CC1
C1CCC(CCC2CCC3C(CCC4C5CCCC5CCC34)C2)CC1
C1CCC(C2CC3CCCCC3C3CCCCC3C2)CC1
C(CCC1CCCC2CCCCC12)CC1CCCC2CCCCC12
C1CCC(CC2CCCC(CCC3CCC(CCC4CCC(C5CC5)CC4)CC3)C2)C1
C(CCC1CCCC2CCCC12)CC1CC2CCCCC2C1
C1CCC(CCC(CCC2CCC3CCCC3C2)CC2CCCCC2)CC1
C1CCC(CCCC2CCC3C2CCC2C4CCCCC4CCC32)C1
C(CCC1CC2CCCCC2C1)CCC1CCCC2CCCC12
C1CCC2C(C1)CCC1C3CCCC3CCC21
C1CCC2CC(CCCC3CCC4C3CCC3C5CCCCC5CCC43)CCC2C1
C1CCC(C2CC3CCCC3C3CCC4CCCCC4C23)CC1
C1CCC(CCCCCC2CCCC3C2CCC3C2CCCC(CCC3CC3)C2)CC1
C1CCC2CCC(C3CCCC4CCCC43)CC2CC1
C1CCC(CCCCC2CC3CCCCC3C2)CC1
C(CCCC1CCCCC1)CCCC1CCC(C2CCCCC2)C1
C1CCC(CCC2CCC3C2CCC(C2CCCCC2)C2C4CCCCC4CCCC32)CC1
C1CCC2CC(C3CCCC4CCCC43)CCC2C1
C1CCC(C2CCC3CC4(CCCCC4C4CCCCC4)CCCC32)CC1
C1CCC(C2CCC(CCCCCC3CCCCC4CCCCC34)C2)CC1
C1CCC(CCCC2CCC3C2CCC2C4CC5CCC(C6CCCCC6)C5CCC4CCC32)CC1
C(CCCC1CCCC2C(C3CCCCC3)CCC12)CCC1CCCCC1
C1CCC(C2CCC3CC4C(CCCC5C6CCC(CCCC7CCC8CCCCC8C7)C6CCC45)CC32)CC1
C1CCC(CCCCCC2CCCC3C(CC4CCCCC4)CCC23)CC1
C1CC2CCC3C(CCC4CCCCC43)CC2C1
C1CCC2C(C1)CCC1C3CCCC3CCC21
C1CCC(CCCCC2CC3CCCCC3C2)CC1
C1CCC(C2CC3CCCC3C3CCC4CCCCC4C23)CC1
C(CCC1CCCC2CCCCC12)CC1CCC2CCCCC2C1
C1CCC(CC2CC3CCCCC3CC3CCC4CCCCC4C32)CC1
C1CCC(CC2CC3CCCCC3C3CCC4CCCCCC4C23)CC1
C1CCC(CCCCCC2CCCCC2)CC1
C1CCC(CCC2CCC3C(CCC3C3CCCCC3)C2)CC1
C1CCC(CCCC2(CCCC3CCCC3)CCC3C4CCC5CCCCC5C4CCC32)CC1
C(CCCC1CCCC2CCCCC12)CCC1CCCC1
C1CCC(CC2CCC(CC(CC3CCCCC3)C3CCCCC3)CC2)CC1
C1CCC(CCC2CCC3C(CCC3C3CCCCC3)C2)CC1
C1CCC(CCCCCC2CCCC3C2CCC3C2CCCC(CC3CCC3)C2)CC1
C1CCC(CCCC2CCCC3CCC(C4CCCC5CCCC54)CC3C2)CC1
C1CCC(CCC2CCC(C3CCCC4C(C5CCCCC5)CCC34)C2)CC1
C(CCC1CCC2CCCCC2C1)CCC1CCCC2CCCCC12
C1CCC(C2CCC3(CCCC4CC5C(CCC5C5CCCCC5)CC43)C2)CC1
C(CCC1CCCC1)CCC1CCCCC2CCCCC12
C1CCC2C(C1)CCC1C2CCCC2C3CCCC3CC21
C1CCC2CCC(C3CCCC4CCCC43)CC2CC1
C1CCC(C2CC3CCCC3C3CCC4CCCCC4C3C2)CC1
C(CCC1CCC2CCCCC2C1)CCC1CCCC2CCCCC12
C1CCC2C(C1)CCCC2CCCC1CCCC2CCCCC21
C1CCC(CCCCC2CC3CCCCC3C2)CC1
C1CCC(CCC2CCC3C2CCC(C2CCCCC2)C2C4CCCCCC4CCC32)CC1
C1CCC(CCCC2CCCC3CCC(C4CCCC5CCCC54)CC3C2)CC1
C1CCC(CC2CCC3C(CCC3C3CCCCC3)C2)CC1
C1CCC(CCC2CCC3C(CCC3C3CCCC(CC4CCCC4)C3)C2)CC1
C1CCC(CCC(CCC2CCC3CCCC3C2)CC2CCCCC2)CC1
C1CCC(CCC2CCC(CCC3CCCC(CCC4CCCC4)C3)CC2)CC1
C1CCC(CCCCC2CCC3CCC(C4CCCC5CCCC54)CC3C2)CC1
C1CCC2CC(CCCC3CCC4C3CCC3C5CCCCC5CCC43)CC2C1
C1CCC(CC2CCC(CC(CC3CCCCC3)C3CCCCC3)CC2)CC1
C1CCC(CC2CCC3CC4C(CCCC5CC5)CCCC4CC23)CC1
C1CCC(CCCCC2CC3CCCCC3C2)CC1
C1CCC(C2CC3CCCC3C3CCC4CCCCC4C23)CC1
C1CCC(CCCCCC2CCCC3C(C4CCCCC4)CCC23)CC1
C(CCC1CCCC2CCCCC12)CC1CC2CCCCC2C1
C(CCCC1CCCCC1)CCC1CCCCC1
C1CCC(CC2CCC3C(CCC3C3CCCCC3)C2)CC1
C(CCCC1CCCCC1)CCCC1CCC(C2CCCCC2)C1
C1CCC(CCCCC2CCC3CCCCC23)CC1
C1CCC2CCC(C3CCCC4CCCC43)CC2CC1
C1CCC(CC2CCC3C(CC4CCCCC4)CCC3C2)CC1
C1CCC(CCCCC2CC3CCCCC3C2)CC1
C1CCC(CCCCCC2CC3CCCCC3C2)CC1
C1CCC(C2CC3CCCC3C3CCC4CCCCC4C23)CC1
C1CCC2C(C1)CCC(C1CCCC1)C1CCCCC21
C(CCCC1CCCC2C(C3CCCCC3)CCC12)CCC1CCCCC1
C1CCC2CCC(C3CCCC4CCCC43)CC2CC1
C1CCC(CCCCC2CC3CCCCC3C2)CC1
C1CCC(CCCCCC2CCCC3C(C4CCCCC4)CCC23)CC1
C1CCC(CCCCCC2CC3CCCCC3C2)CC1
C(CCC1CCC2C1CCC1C3CCCCC3CCC21)CC1CC2CCCCC2C1
C1CCC(CCC2CCC(CCCC3CCCC(CC4CCCC4)C3)CC2)CC1
C1CCC(CCCCC2CC3CCCCC3C2)CC1
C1CCC(CCC(CC2CC3CCCCC3C2)C2CC2)CC1
C1CCC2C(C1)CCC1CCCCC12
C(CCCCCCC1CCC2C1CCC1C3CCCCC3CCC21)CCCCCC1CCC(CCC2CCC(CCC3CCCC3)C2)C1
C1CCC(CCCCC2CC3CCCCC3C2)CC1
C1CCC(CC2CC3CCCCC3C3CCC4CCCCC4C3C2)CC1
C1CCC(CCCCC2CC3CCCCC3C2)CC1
C1CCC2CC(C3CCCC4CCCC43)CCC2C1
C(CCCC1CCCCC1)CCCC1CCC(C2CCCCC2)C1
C1CCC(CC2CCCCC2CC2CC3CCCCC3C3CCC4CCCCCC4C23)CC1
C1CCC(CCC2CCC(C3CCC4C(CCC4C4CCCCC4)C3)CC2)CC1
C(CCCCC1CCC(C2CCCCC2)C1)CCCC1CCCCC1
C1CCC(CCC2CC3CCCCC3C3CCC4CCCCC4C23)C1
C1CCC(CC2CC3CCCCC3C3CCC4CCCCC4C23)C1
C1CCC(CCCCC2CC3CCCCC3C2)CC1
C1CCC2CCC3C4CCC(CCCC5CC6CCCCC6C5)C4CCC3C2CC1
C1CCC2CCC(C3CCCC4CCCC43)CC2CC1
C1CCC2C(C1)CCC1C3CCCCC3CCC21
C1CCC2CCC(C3CCCC3)CC2CC1
C1CCC(CCCCC2CC3CCCCC3C2)CC1
C1CCC(C2CCC(C3CC4CCCC4C4CCC5CCCCC5C34)CC2)C1
C1CCC2C(C1)CCC1C3CCCC3CCC21
C1CCC2CC3CCC(C4CCCCC4)C3CC2CC1
C1CCC(C2CCC3CC4CCCCC4CC32)CC1
C1CCC2CCC3C4CCCC4CCC3C2CC1
C1CCC(C2CCC3CCCC3C3CCCC4CCCCC4C23)CC1
C1CCC(C2CC3CCCC3C3CCC4CCCCC4C23)CC1
C1CCC(CCC2(CCCC3CCC4CCCCC4C3)CCC3C4CCC5CCCCC5C4CCC32)C1
C1CCC2CCCCC2C(CCCCC2CCCC3CCCCC23)C1
C1CCC(CCC2CCC3C(CCC4CCCCC43)C2)CC1
C1CCC2CC(C3CCCC3)C3CCCC3C2CC1
C1CCC(C2CCC(CC3CC4CCCCC4C4CCC5CCCCCC5C34)CC2)CC1
C(CCC1CCCC2CCCCC12)CC1CCCC2CCCCC12
C1CCC(CCC2CCC3C(CCC3C3CCCCC3)C2)CC1
C1CCC2CCC3C4CCCC4CCC3C2CC1
C1CCC(CCC2CCC3C(CCC3C3CCCCC3)C2)CC1
C1CCC(C2CC3CCCC3C3CCCC4CCCCC4C23)CC1
C1CCC(CCCCCC2CC3CCCCC3C2)CC1
C1CCC(CC2CC3CCCCC3C3CCC4CCCCC4C23)CC1
C1CCC2CC3CCC(C4CCCCC4)C3CC2CC1
C(CCC1CCCC2CCCC12)CC1CC2CCCCC2C1
C1CCC(C2CCC3CC4C(CCC5C6CCC(CCCC7CCC8CCCCC8C7)C6CCCC45)CC32)CC1
C1CCC2C(C1)CCC1C3CCCCC3CCC21
C1CCC2C(C1)CCC1C2CCCC2C3CCCC3CC21
C1CCC(CCC2CCC3C(CCC4C5CCCC5CC(CCC5CCCCC5)C34)C2)CC1
C1CCC(C2CC3CCCCC3CC3CCCCC32)CC1
C1CCC(C2CCC3C(CCC34CCCC4)C3CCC4CCCCC4CC23)CC1
C1CCC(CCCCCC2CCC3CCCCC23)CC1
C(CCCCCCC1CCC2C1CCC1C3CCCCCC3CCC21)CCCCCC1CCC(CCC2CCC(CCC3CCCC3)C2)C1
C1CCC(C2CCC3CC4C(CC5CC6CCCCC6C5)CCCC4CC32)CC1
C1CCC(CCC(CCC2CCC3CCCCC3C2)CC2CCCCC2)CC1
C1CCC(CCC2CCC3C(CCC3C3CCCCC3)C2)CC1
C1CCC2C(C1)CCCC2CCCC1CCCC2CCCCC21
C1CCC(CC2CC3CCCCC3C3CCC4CCCCC4C23)C1
C1CCC(C2CCC3C(CCCCCC4CC4)CCCC23)CC1
C1CCC(CCCC2CCC3C2CCC2C4CCCCC4CCC32)C1
C1CCC(CCCCC2CC3CCCCC3C2)CC1
C1CCC(C2CC3CCCC3C3CCC4CCCCC4C23)CC1
C1CCC(CC2CC3CCCCC3C3CCC4CCCCC4C23)CC1
C1CCC(CCCCC2CCC3CCC(C4CCCC5CCCC54)CC3C2)CC1
C1CCC(CCCCCC2CCCC3C(C4CCCCC4)CCC23)CC1
C1CCC(CCC2CCC3C(CCC3C3CCCCC3)C2)CC1
C1CCC(C2CCC3CC4C(CCC5C6CCC(CCCCC7CCC8CCCCC8C7)C6CCC45)CC32)CC1
C1CCC(CCC2CCCC3CCC4C(CCC4C4CCCCC4)CC23)CC1
C1CCC(C2CCC3CCCC4(CCCCC4)C3C2)CC1
C1CCC(CCCCC2CC3CCCCC3C2)CC1
C1CCC2CCCC(CC3CC4CCCCC4C4CCC5CCCCC5C34)C2CC1
C1CCC(CCCCCC2CC3CCCCC3C2)CC1
C(CCC1CCC2C1CCC1C3CCCCC3CCC21)CC1CCC2CCCCC2C1
C1CCC(CCCCCC2CCCC3C(CC4CCCCC4)CCC23)CC1
C1CCC2CCC3C(CCC4C3CCC4(CCCC3CC4CCCCC4C3)CCC3CCCC3)C2CC1
C1CCC(C2CC3CCCC3C3CCC4CCCCCC4C23)CC1
C1CCC(CC(CC2CCCCC2)C2CCCCC2)CC1
C1CCC(CC2CC3CCCCC3C3CCC4CCCCC4C23)C1
C1CCC(CCCC2CCC3CCC(C4CCCC5CCCC54)CC3C2)CC1
C1CCC(CCCCCC2CCCC3C(C4CCCCC4)CCC23)CC1
C1CCC(C2CCC3CC4C(CCCC45CCCC5)CC32)CC1
C1CCC2CC(CCCC3CCCCC4CCCCC43)CC2C1
C1CCC(C2CC3CCCC3C3CCC4CCCCC4C23)CC1
C1CCC2C(C1)CCC1C3CCCC3CCC21
C1CCC2C(C1)CC(C1CCCC3CCCCC31)C1CCCC21
C1CCC(C2CCC3CCCC3C3CCCC4CCCCC4C23)CC1
C1CCC2CC(CCCC3CCC4C3CCC3C5CCCCC5CCC43)CC2C1
C1CCC(C2CCC3CCCC3C3CCC4CCCCC4C23)CC1
C1CCC(CC2CCC3C(CC4CCCCC4)CCC3C2)CC1
C1CCC2CCC(C3CCCC4CCCC43)CC2CC1
C1CCC2C(C1)CCC1CCCCC12
C1CCC(CCCC2CCC3C2CCC2C4CC5CCC(C6CCCCC6)C5CC4CCC32)CC1
C1CCC(CCCCCC2CCCC3C2CCC3C2CCCC(CC3CCCC3)C2)CC1
C1CCC(CCCCC2CCC3CCCCC23)CC1
C1CCC(CCC(CC2CC3CCCCC3C2)C2CC2)CC1
C1CCC(CCCCC2CC3CCCCC3C2)CC1
C1CCC(CCCC2CCC3C2CCC2C4CCCCC4CCC32)C1
C1CCC(C2CCC3CCCC3C3CCC4CCCCC4C23)CC1
C1CCC(C2CCC3CC4(CCCCCC4C4CCCCC4)CCC32)CC1
C1CCC(CC2CC3CCCCC3C2CC2CCCCC2)CC1
C1CCC(C2CC3CCCC3C3CCC4CCCCC4C23)CC1
C(CCCC1CCCCC1)CCCC1CCC(C2CCCCC2)C1
C1CCC2CC(C3CCCC4CCCC43)CCC2C1
C1CCC2CC(C3CCCC4CCCC43)CCC2C1
C(CCC1CCC2CCCCC2C1)CCC1(C2CCCC2)CCCC2CCCCC21
C1CCC(C2CC3CCCCC3C3CCCCC23)CC1
C1CCC2CCC(C3CCCC4CCCC43)CC2CC1
C1CCC(CCC2CCC(CCC3CCCC(CC4CCCC4)C3)CC2)CC1
C1CCC(CCC(CC2CC3CCCCC3C2)C2CC2)CC1
C1CCC(CC2CCCC(CC3CC4CCCCC4C4CCC5CCCCC5C34)C2)CC1
C1CCC(CCCCC2CCCCC3CCC(C4CCCCC4)CC23)CC1
C1CCC(CCCC2CCC(CCC3CCCC(CC4CCCC4)C3)CC2)CC1
C1CCC(C2CC3CCCCC3C3CCC4CCCCC4C23)CC1
C1CCC(CCCCCC2CCC3CCCCC23)CC1
C(CCCC1CCCC2C(C3CCCCC3)CCC12)CCC1CCCCC1
C1CCC2CCC3C4CCCC4CCC3C2CC1
C1CCC(CCCC2CCC3C2CCC2C4CCCCC4CCC32)CC1
C1CCC(CCCCC2CC3CCCCC3C2)CC1
C1CCC2CCC3C4CCC(CCCC5CCCC5)C4CCC3C2CC1
C1CCC(CCCCC2CCC3CCC(C4CCCC5CCCC54)CC3C2)CC1
C(CCC1CCC2CCC(C3CCCC4CCCC43)CC2C1)CC1CCC2CCCC2C1
C1CCC2CC(CC3CCCC4CCCC43)CCC2C1
C1CCC2CCC3C4CCCC4CCC3C2CC1
C1CCC2C(C1)CCC1C3CCCCC3CCC21
C1CCC(CC2CCC3CC4CCCCC4CC23)CC1
C1CCC2C(C1)CCC1C2CCC2C3CCCC3CC21
C1CCC2CCC3C4CCCC4CCC3C2CC1
C1CCC(C2CC3CCCC3C3CCC4CCCCC4C23)CC1
C1CCC(CCC2CCC3C(CCC3C3CCCCC3)C2)CC1
C1CCC2CC(C3CCCC4CCCC43)CCC2C1
C1CCC(C2CC3CCCCC3C3CCC4CCCCC4C23)CC1
C1CCC(CC2CC3CCCCC3CC3CCC4CCCCC4C32)C1
C1CCC2CCC3C4CCC(CCCC5CC6CCCCC6C5)C4CCC3C2CC1
C1CCC(CC2CCC3CCCCC3C3CCC4CCCCC4C23)CC1
C1CCC(C2CC3CCCC3C3CCC4CCCCC4CC23)CC1
C1CCC(CCCCCC2CC3CCCCC3C2)CC1
C1CCC(CCCCCC2CCCC3C(C4CCCCC4)CCC23)CC1
C1CCC(C2CC3CCCC3C3CCC4CCCCCC4C23)CC1
C1CCC2CC(CC3CCCC4CCCC43)CCC2C1
C1CCC(C2CC3CCCC(C3)C3CCC4CCCCC4C32)CC1
C1CCC(CC2CCC3C(CCC4CCCCC43)C2)CC1
C1CCC2C(C1)CCC1C3CCCC3CCC21
C1CCC2C(C1)CCCC1C3CCCC3CCC21
C1CCC(CC2CC3CCCCC3C3CCC4CCCCCC4C23)CC1
C1CCC(C2CC3CCCC3C3CCCC4CCCCC4C23)CC1
C1CCC(CCC2CCC3C(CC4CCCCC4)CCC3C2)CC1
C1CCC2CC(C3CCCC4CCCC43)CCC2C1
C1CCC2CC(C3CCCC3)CCC2C1
C1CCC(C2CCC3CC4C(CCC5C6CCC(CCCC7CCC8CCCCC8C7)C6CCCC45)CC32)CC1
C1CCC(CCCC2CCC3C2CCC2C4CC5CCC(C6CCCCC6)C5CC4CCC32)CC1
C1CCC(C2CCC3CC4C(CCC32)CCC42CCCC2)CC1
C1CCC(CC2CCC3C(CCC3C3CCCCC3)C2)CC1
C1CCC2CCC3C4CCC(CCCC5CC6CCCCC6C5)C4CCC3C2CC1
C1CCC(CCCCCC2CCCC3C(C4CCCCC4)CCC23)CC1
C1CCC(C2CC3CCCC3C3CCCC4CCCCC4C23)CC1
C1CCC(C2CCC3CC4C(CC5CCC6CCCCC65)CCCC4CC32)CC1
C1CCC(C2CCC3CC4C(CCC45CCCC5)CC32)CC1
C1CCC(CCC2(CCCC3CC4CCCCC4C3)CCC3C4CCC5CCCCC5C4CCCC32)C1
C1CCC(CCCCCC2CCCC3C(CC4CCC(CC5CC5)CC4)CCC23)CC1
C1CCC(C2CCC3CC4C(CCC45CCCCCC5)CC32)CC1
C1CCC(C2CC3CCCCC3C3CCCCC23)CC1
C1CCC(CCC2CCCC(C3CCC4CC(CCC5CCC6CCCCC6C5)CCC43)C2)C1
C1CCC2CCC3C4CCCC4CCC3C2CC1
C1CCC(CC2CC3CCCCC3C3CCC4CCCCC4C23)C1
C1CCC(CC2CC3CCCCC3C3CCC4CCCCC4C23)CC1
C1CCC(C2CCC3CCCC3C3CCC4CCCCC4C23)CC1
C1CCC(CCCC2CCC3CCC(C4CCCC5CCCC54)CC3C2)CC1
C1CCC(C2CCC(C3CC4CCCC4C4CCC5CCCCC5C34)CC2)C1
C(CCC1CCCC2CCCCC12)CC1CCC2CCCCC2C1
C(CCCC1CCC2CCCC2C1)CCC1CCCCC1
C1CCC(CCCCCC2CC3CCCCC3C2)CC1
C(CCC1CCCC2CCCC12)CC1CC2CCCCC2C1
C1CCC(CCCCCC2CCC3C(CCC3C3CCCCC3)C2)CC1
C1CCC(C2CCC3CC4C(CCCC45CCCCC5)CC32)CC1
C1CCC(CCCCCC2CCCC3C(C4CCCCC4)CCC23)CC1
C1CCC(CC2CC3CCCCC3C3CCC4CCCCCC4C23)CC1
C1CCC2CCC3C4CCCCC4CCC3C2CC1
C1CCC2CCC3C4CCCC4CCC3C2CC1
C1CCC(C2CC3CC(CCC3CCC3CC3)C3CCC4CCCCC4C32)CC1
C(CCCC1CCCC2C(C3CCCCC3)CCC12)CCC1CCCCC1
C1CCC(CC2CC3CCCCC3C3CCCCC23)CC1
C1CCC(C2CCC3C(CCC4CCCCC43)C2)CC1
C1CCC(CCCCC2CC3CCCCC3C2)CC1
C1CCC(C2CC3CCCC3C3CCC4CCCCC4C23)CC1
C1CCC(CC2CCC3C(CCCCCC4CCC(C5CCCC5)C4)CCCC23)CC1
C1CCC(CCCCCC2CCCC3C(C4CCCCC4)CCC23)CC1
C1CCC(CCCCC2CCC3CCCCC23)CC1
C1CCC(CCC2CCC3C(CCC3C3CCCC(CCCC4CCCC4)C3)C2)CC1
C1CCC2CC(CCCC3CCC4C3CCCC3C5CCCCC5CCC34)CC2C1
C1CCC(C2CC3CCCC3C3CCC4CCCCC4CC23)CC1
C(CCC1CCC2CCCCC2C1)CCC1CCCC2CCCCC12
C1CCC(CCCCCC2CCCC3C(C4CCCCC4)CCC23)CC1
C1CCC(CC(CC2CCCCC2)C2CCCCC2)CC1
C1CCC(CC2CC3CCCCC3C3CCC4CCCCCC4C23)CC1
C1CCC(CCC2(CCCC3CC4CCCCC4C3)CCC3C4CCCC5CCCCC5C4CCC32)C1
C1CCC(CCCC2(CCC3CCCC3)CCC3C4CCC5CCCCCC5C4CCC32)CC1
C1CCC(C2CCC3CC4C(CCC45CCCC5)CC32)CC1
C1CCC(C2CC3CCCCC3C3CCCCC3C2)C1
C1CCC2CC(CCCC3CCC4C3CCC3C5CCCCC5CCC43)CC2C1
C1CCC(CCCCC2CCC3C2CCC2C4CC5CCC(C6CCCCC6)C5CC4CCC32)CC1
C1CCC(CCC2CCC3C(CCC3C3CCCCC3)C2)CC1
C1CCC(CCCCC2CCC3CCCCC23)CC1
C1CCC(CCC(CCC2CC3CCCCC3C2)C2CC2)CC1
C1CCC(CCCC2CCC(CCC3CCCCC3)CC2)CC1
C1CCC(CCCC2CCC3CCC(C4CCCC5CCCC54)CC3C2)CC1
C1CCC(C2CCC3C(CCC4CCCCC43)C2)CC1
C1CCC2C(C1)CCC1C3CCCC3CCC21
C1CCC2C(C1)CC(C1CCCC3CCCC31)C1CCCCC21
C1CCC2C(C1)CCC1C3CCCC3CCC21
C1CCC(CCC2CCCC3CC4C(CCC4C4CCCCC4)CC23)CC1
C(CCCC1CCCC2C(C3CCCCC3)CCC12)CCC1CCCCC1
C1CCC(CCCCCC2CCCC3C(C4CCCCC4)CCC23)CC1
C1CCC(CCCCC2CC3CCCCC3C2)CC1
C1CCC(CCCCC2CC3CCCCC3C2)CC1
C1CCC(C2CCC3CC4C(CCC5C6CCC(CCCC7CC8CCCCC8C7)C6CCCC45)CC32)CC1
C(CCCC1CCCCC1)CCCC1CCC(C2CCCCC2)C1
C1CCC2CC(C3CCCC4CCCC43)CCC2C1
C1CCC(CCCCC2CCC3CCCCC23)CC1
C1CCC(C2CCC3(CCCC4CC5C(CCC5C5CCCCC5)CC43)C2)CC1
C1CCC2C(C1)CCC1C3CCCC3CCC21
C1CCC(CC2CC3CCCCC3C3CCCC23)C1
C(CCC1CCC2C(CCC3C4CCCC4CCC23)C1)CC1CCC(C2CCC(C3CC4CCCC4C4CCC5CCCCC5C34)CC2)CC1
C1CCC(CCCC2CCC3C(CCC4CCCCC43)C2)CC1
C1CCC(CC2CCCC2CC2CC3CCCCC3C3CCC4CCCCC4C3C2)CC1
C(CCCCC1CCC(C2CCCCC2)C1)CCCC1CCCCC1
C1CCC(C2CCC(CCCCCC3CCCC4C(C5CCCCC5)CCC34)C2)CC1
C1CCC(CCC2CCC3C(CCC3C3CCCCC3)C2)CC1
C1CCC(CCCC2CCC3C2CCC2C4CC5CCC(C6CCCCC6)C5CC4CCC32)CC1
C1CCC(CCC(CCC2CCC3CCCC3C2)CC2CCCCCC2)CC1
C1CCC(C2CC3CCCC3C3CCC4CCCCC4C23)CC1
C1CCC(CCCCCC2CCCC3CCCC23)CC1
C1CCC(CCCCCC2CCCC3C(C4CCCCC4)CCC23)CC1
C1CCC(CCCCCC2CCCC3C(C4CCCCC4)CCC23)CC1
C1CCC(C2CCC3CC4C(CCCC45CCCC5)CC32)CC1
C(CCC1CCC2C1CCC1C3CCCCC3CCC21)CC1CC2CCCCC2C1
C1CCC(C2CCC(CCCCCC3CCCC4CCCCC34)C2)CC1
C1CCC(CCC2CCC3C(CCC4CC(C5CCCCC5)CCCC43)C2)CC1
C1CCC2CC3CCC4CCCCC4C3CCC2C1
C1CCC2CCC(C3CCCC4CCCC43)CC2CC1
C1CCC2CCC3C4CCCC4CCC3C2CC1
C1CCC(CC2CCCC2CC2CC3CCCCC3C3CCC4CCCCCC4C23)CC1
C1CCC2CC(CCCC3CCC4C3CCC3C5CCCCC5CCC43)CC2C1
C1CCC(CCC(CCC2CCC3CCCC3C2)CC2CCCCC2)CC1
C1CCC2CC(CCCC3CCC4C3CCC3C5CCCCC5CCCC43)CCC2C1
C1CCC(CCC2CCC(CCC3CCCC(CC4CCCC4)C3)CC2)CC1
C1CCC2C(C1)CCC1C3CCCCC3CCC21
C1CCC(C2CC3CCCC3C3CCC4CCCCCC4C23)CC1
C1CCC(CCCC2CCCC3C2CCC2C4CC5CCC(C6CCCCC6)C5CC4CCC32)CC1
C1CCC(CCC2CCC3C(CCC4C5CCCC5CCC34)C2)CC1
C1CCC2C(C1)CCC1C3CCCC3CCC21
C1CCC(CC(CC2CCCCC2)C2CCCCC2)CC1
C1CCC(CCCCC2CC3CCCCC3C2)CC1
C1CCC(CCCC2CCC3C2CCC2C4CCCCC4CCC32)C1
C1CCC(CC2CC3CCCCC3CC3CCC4CCCCC4C32)C1
C1CCC(CC(CC2CCCCC2)C2CCCCC2)CC1
C(CCC1CCCCC2CCCCC12)CC1CCC2CCCCC2C1
C1CCC(CCCCC2CC3CCCCC3C2)CC1
C1CCC(CCCC2(CCCC3CC4CCCCC4C3)CCC3C4CCC5CCCCC5C4CCC32)C1
C1CCC(CCCC2CCC3CCC(CC4CCCC5CCCC54)CC3C2)CC1
C(CCC1CCC2CCCCC2C1)CCC1CCCC2CCCC12
C1CCC2CCC3C4CCCC4CCC3C2CC1
C1CCC(CCCC2CCC3CCCC3C2)CC1
C1CCC(CCCC2CCC3C(CCC4C5CCCC5CC(CCC5CCCCC5)C34)C2)CC1
C1CCC2CCC3C4CCCC4CCC3C2CC1
C(CCC1CCCC2CCCC12)CC1CC2CCCCC2C1
C1CCC(CCCCCC2CCC3CCCCC23)CC1
C1CCC(CCCCCC2CC3CCCCC3C2)CC1
C1CCC2C(C1)CCC1C3CCCC3CCC21
C1CCC(CCC2(CCCC3CCC4CCCCC4C3)CCC3C4CCC5CCCCC5C(CCC32)C4)C1
C1CCC(CC2CC3CCCCC3C3CCC4CCCCC4C23)C1
C1CCC(CCCCCC2CCC3CCCCC23)CC1
C1CCC(C2CCC3CCCC3C3CCC4CCCCC4C23)CC1
C1CCC(CCC2CCC3C(CCC3C3CCCCC3)C2)CC1
C1CCC(C2CCC3CC4C(CCCC5C6CCC(CCCC7CCCC8CCCCC87)C6CCC45)CC32)CC1
C1CCC(C2CC3CCCC3C3CCC4CCCCC4C23)CC1
C1CCC(CCC2CCC3C(CCC3C3CCCCC3)C2)CC1
C1CCC(CCC2CCC3C(CCC3C3CCCCC3)C2)CC1
C1CCC(CC2CC3CCCCC3C3CCC4CCCCCC4C23)CC1
C1CCC(CC2CCC3CCCCC3C3CCC4CCCCC4C23)C1
C1CC2CCCC2C(CC2CC3CCCCC3C3CCCC23)C1
C1CCC(C2CC3CCCC3C3CCC4CCCCC4CC23)CC1
C1CCC(C2CCC3CC4CCCCC4CC32)CC1
C1CCC(CCCCCC2CC3CCCCC3C2)CC1
C1CCC2C(C1)CCC1C3CCCC3CCCC21
C1CCC2CC(CCCC3CCC4C3CCC3C5CCCCC5CCC43)CC2C1
C1CCC2CC(C3CCCC4CCCC43)CCC2C1
C1CCC(C2CCC3CC4C(CCCCC45CC(C4CCCCC4)C(C4CCCCC4)C5)CC32)CC1
C1CCC(CCC2CCC3C(CCC3C3CCCCC3)C2)CC1
C(CCCCC1CCC(C2CCCCC2)C1)CCCC1CCCCC1
C1CCC(C2CC3CCCC3C3CCC4CCCCC4C23)CC1
C1CCC(C2CCC(CCCCCC3CCCC4C(C5CCCCC5)CCC34)C2)CC1
C1CCC2CCC3C4CCCCC4CCC3C2CC1
C1CCC(C2CCC3C(CCC4CCCCC43)C2)CC1
C1CCC(CCCCC2CCC3CCCCC23)CC1
C1CCC(CC2CCC3C(CC4CCCCC4)CCC3C2)CC1
C1CCC2CCC(C3CCCC4CCCC43)CC2CC1
C1CCC(CCC(CC2CC3CCCCC3C2)C2CCCCC2)CC1
C1CCC(CCC2CCC3C(CCC3C3CCCCC3)C2)CC1
C1CCC2CC(CC3CCCC4CCCC43)CCC2C1
C1CCC(CC2CC3CCCCC3C3CCC4CCCCC4C23)C1
C1CCC(CC2CC3CCCCC3C3CCC4CCCCC4C23)CC1
C1CCC(CC2CCCCC2CC2CC3CCCCC3C3CCC4CCCCCC4C23)CC1
C1CCC2CC(C3CCCC4CCCC43)CCC2C1
C1CCC(CCCCCC2CCCC3C(CC4CCCCC4)CCC23)CC1
C1CCC(CCCCCC2CCCC3C(C4CCCCC4)CCC23)CC1
C(CCC1CCCC2CCCCC12)CC1CCC2CCCCC2C1
C1CCC2CC(C3CCCC4CCCC43)CCC2C1
C1CCC(CCC2CCCC3CCC4C(CCC4C4CCCCC4)CC23)CC1
C1CCC(C2CC3CCCC3C3CCC4CCCCCC4C23)CC1
C1CCC(C2CC3CCCC3C3CCC4CCCCC4C23)CC1
C1CCC(C2CC3CCCC3C3CCC4CCCCCC4C23)CC1
C(CCC1CCC(C2CCCC2)C1)CCC1CCCC2CCCCC12
C1CCC(CCC2CCC3C(CCC3C3CCCCC3)C2)CC1
C1CCC(CC2CC3CCCCC3C3CCC4CCCCCC4C23)CC1
C1CCC(C2CCC3CC4C(CCC5C6CCC(CCCC7CCC8CCCCC8C7)C6CCC45)CC32)CC1
C1CCC(C2CCC3CC4C(CCC5C6CCC(CCCC7CC8CCCCC8C7)C6CCC45)CC32)CC1
C1CCC(CCC2CCC(C3CCC4C(CCC4C4CCCCC4)C3)CC2)CC1
C1CCC(CCC2CCC3C(CCC4C5CCCC5CC(CCC5CCCCC5)C34)C2)CC1
C1CCC(CCC2CCC(C3CCC3)CC2)CC1
C1CCC(CCC2CCC3C(CCC4C5CCCC5CCCC34)C2)CC1
C1CCC(CC2CCC3C(CC4CCCCC4)CCC3C2)CC1
C1CCC(CC2CC3CCCCC3C3CCC4CCCCC4C23)C1
C(CCC1CCC2CCCCC2C1)CCC1CCCC2CCCCC12
C1CCC(CCC2(CCCC3CC4CCCCC4C3)CCC3C4CCC5CCCCC5C4CCC32)C1
C1CCC(C2CCC3CCCC3C3CCC4CCCCCC4C23)CC1
C1CCC2CCCCC2C(CCCCC2CCCC3CCCCC23)C1
C1CCC(CCCCCC2CC3CCCCC3C2)CC1
C(CCCCC1CCC(C2CCCCC2)C1)CCCC1CCCCC1
C1CCC(CC2CC3CCCCC3C2C2CCCCC2)CC1
C1CCC(CCCC2CCC3C(CCC3C3CCCCC3)C2)CC1
C1CCC(CCCCCC2CC3CCCCC3C2)CC1
C1CCC(CCC2CCC(CCC3CCCC(CC4CCCC4)C3)CC2)CC1
C1CCC(CCCC2CCC3C(CCC3C3CCCCC3)C2)CC1
C1CCC(CCC(CCC2CCCCC2)CCC2CCC3CCCC3C2)CC1
C1CCC(CCCCCC2CCCC3C(C4CCCCC4)CCC23)CC1
C1CCC(CCC2CCC(C3CCC4C(CCC4C4CCCCC4)C3)CC2)CC1
C1CCC(C2CC3CCCC3CC3CCC4CCCCC4C32)CC1
C(CCCC1CCCCC1)CCCC1CCC(C2CCCCC2)C1
C1CCC2CC(CC3CCCC4CCCC43)CCC2C1
C(CCC1CCCC2CCCCC12)CC1CC2CCCCC2C1
C1CCC2CCC(C3CCCC4CCCC43)CC2CC1
C1CCC2C(C1)CCC1C3CCCC3CCCC21
C1CCC(CCC(CCC2CCCCC2)CCC2CCC3CCCC3C2)CC1
C1CCC2C(C1)CCC1C3CCCC3CCC21
C1CCC2CCC(C3CCCC3)CC2CC1
C1CCC(CCC2CCC3C(CCCC4C5CCCC5CCC34)C2)CC1
C1CCC(CCCCC2CC3CCCCC3C2)CC1
C1CCC(CCCCC2CC3CCCCC3C2)CC1
C1CCC(C2CC3C(CCC4CC4)CCC3C3CCC4CCCCC4C23)CC1
C1CCC(CCC2CCC3C(CCCC4CCCCC43)C2)CC1
C1CCC(CCC2CCC3CCCC3C3CCC4CCCCC4C23)CC1
C1CCC(CCCCC2CC3CCCCC3C2)CC1
C1CCC(CCCCCC2CCCC3CCC(C4CCCCC4)CC23)CC1
C(CCC1CCC2C(CCC3C4CCCC4CCC23)C1)CC1CCC(C2CCC(C3CC4CCCC4C4CCC5CCCCC5C34)CC2)CC1
C(CCCC1CCCCC1)CCCC1CCC(C2CCCCC2)C1
C1CCC2C(C1)CCCC1C3CCCC3CCC21
C1CCC(CCC2CCC(C3CCC4C(CCC4C4CCCCC4)C3)CC2)CC1
C1CCC2CCC3C4CCCCC4CC(CC4CCCC4)C3C2CC1
C1CCC2CCC(C3CCCC4CCCC43)CC2CC1
C1CCC(CCCCC2CCC3CCCCC23)CC1
C1CCC2CCC3C4CCCCC4CC(CC4CCCC4)C3C2CC1
C1CCC(C2CC3CCCC3C3CCC4CCCCC4C23)CC1
C1CCC(CCCCCC2CC3CCCCC3C2)CC1
C1CCC(C2CCC3CCCC3C3CCC4CCCCC4C23)CC1
C(CCC1CCCC2CCCCC12)CC1CC2CCCCC2C1
C1CCC(CCC2CCC(C3CCC4C(CC5CCCCC5)CCC4C3)CC2)CC1
C(CCC1CCCC2CCCCC12)CC1CCC2CCCCC2C1
C1CCC2CCC3C4CCC(CCCC5CC6CCCCC6C5)C4CCC3C2CC1
C1CCC(C2CCC3CC4(CCCCCC4C4CCCCC4)CCC32)CC1
C(CCCC1CCCCC1)CCCC1CCC(C2CCCCC2)C1
C1CCC(C2CC3CCCC3C3CCC4CCCCCC4C23)CC1
C1CCC(C2CCC(CCCCCC3CCCC4CCCCC34)C2)CC1
C1CCC(CC2CC3CCCCC3C3CCC4CCCCC4C23)CC1
C(CCC1CCC2CCCCC2C1)CCC1CCCC2CCCC12
C1CCC(C2CC3CCCC3C3CCC4CCCCCC4C23)CC1
C1CCC(C2CC3CCCCC3C3CCCCC23)CC1
C1CCC(CC2CC3CCCCC3C3CCC4CCCCC4C23)CC1
C1CCC2CCC3C4CCCC4CC(C4CCC(C5CCC(CCCCC6CCC7C(CCC8C9CCCC9CCC78)C6)CC5)CC4)C3C2CC1
C1CCC(CC2CC3CCCC3C3CCC4CCCCC4C23)CC1
C1CCC2CCC(C3CCCC4CCCC43)CC2CC1
C1CCC(CCC2CCC3C(CCC4C5CCCC5CC(CCC5CCCCC5)CC34)C2)CC1
C1CCC(C2CCC3CC4C(CC5CC6CCCCC6C5)CCCCC4CC32)CC1
C1CCC(CCCCC2CC3CCCCC3C2)CC1
C1CCC(CC2CC3CCCCC3C3CCC4CCCCCC4C23)CC1
C1CCC2CC(C3CCCC4CCCC43)C3CCCC3C2CC1
C(CCCC1CCCCC1)CCC1CCCCC1
C(CCC1CCCC2CCCCC12)CC1CCC2CCCCC2C1
C1CCC(C2CCC3C(CCCCCC4CCC(C5CCCC5)C4)CCCC23)CC1
C(CC1CCC(C2CCCC2)CC1)CC1CCC2CCCC2C1
C1CCC(CC2CCC3CC4(CCCCCC4C4CCCCC4)CCC23)CC1
C1CCC(C2CCC3CCC4C(CCC5C6CCC(CCCC7CCCC8CCCCC87)C6CCC45)CC32)CC1
C1CCC(CCCCCC2CCC3CCCCC23)CC1
C1CCC2C(C1)CCC1CCCCC12
C1CCC(CCC2CCC3C(CCC3C3CCCCC3)C2)CC1
C1CCC(CCC2CCC3C(CCC3C3CCCCC3)C2)CC1
C1CCC2CCC(C3CCCC4CCCC43)CC2CC1
C1CCC(CC2CCC3C(CCC3C3CCCCC3)C2)CC1
C1CCC(CCCCC2CCC3C2CCC2C4CC5CCC(C6CCCCC6)C5CC4CCC32)CC1
C1CCC(C2CCC(CCCCC3CCC4C3CCC3C5CCCCC5CCC43)C2)CC1
C1CCC(CCC2CCC(CC3CC3)CC2)CC1
C1CCC(CCCC2CCC(CCC3CCCCC3)CC2)CC1
C1CCC(C2CCC3CC4C(CCCC45CCCC5)CC32)CC1
C1CCC2C(C1)CCC1C3CCCCC3CCC21
C1CCC(CCCCC2CC3CCCCC3C2)CC1
C1CCC(CCC2CCC3C(CCC4C5CCCC5CC(CCC5CCCCC5)C34)C2)CC1
C1CCC2CCC3C4CCCC4CCC3C2CC1
C1CCC(CCC2(CCCC3CCC4CCCCC4C3)CCCC3C4CCC5CCCCC5C4CCC32)C1
C1CCC2CC(CCCC3CCC4C3CCC3C5CCCCC5CCC43)CCC2C1
C1CCC(C2CCC3CCC4C(CCC45CCCC5)CC32)CC1
C1CCC(CCCCC2CC3CCCCC3C2)CC1
C1CCC(CCCCCC2CCCC3C(CC4CCCCC4)CCC23)CC1
C1CCC(CC2CCC(CC(CC3CCCCC3)C3CCCCC3)CC2)CC1
C1CCC2CC(CC3CCCC4CCCC43)CCC2C1
C1CCC(CCC(CCC2CCC3CCCC3C2)CC2CCCCC2)CC1
C(CCCCC1CCC(C2CCCCC2)C1)CCCC1CCCCC1
C(CCCC1CCCCC1)CCCC1CCC(C2CCCCC2)C1
C1CCC(C2CCC3CC4C(CCC32)CCC2C3CCC(CCCC5CCC6CCCCC6C5)C3CCC42)CC1
C1CCC(C2CCC3CC4C(CCC5C6CCCC6CCC45)CC32)CC1
C1CCC2C(C1)CCC(C1CCCC1)C1CCCCC21
C1CCC(CCCC2CCC3C2CCC2C4CCCCC4CCC32)C1
C1CCC2CC(C3CCCC4CCCC43)CCC2C1
C1CCC2CC(C3CCCC4CCCC43)CCC2C1
C1CCC(CCCCC2CC3CCCCC3C2)CC1
C1CCC(C2CCC3C(CCC4CCCCC43)C2)CC1
C1CCC(CCCCCC2CC3CCCCC3C2)CC1
C1CCC(C2CCC3CC4C(CCCC5C6CCCC6CCC45)CC32)CC1
C1CCC(CCC2CCC(CCC3CCCC(CC4CCCC4)CC3)CC2)CC1
C1CCC(CCC2CCC3C(CCC3C3CCCCC3)C2)CC1
C1CCC(C2CC3CCCC3C3CCCC4CCCCC4C23)CC1
C1CCC2CC(C3CCCC4CCCC43)CCC2C1
C1CCC(C2CC3CCCC3C3CCC4CCCCC4C23)CC1
C1CCC(C2CC3CCCCC3C3CCCCC23)CC1
C1CCC(CCCCCC2CC3CCCCC3C2)CC1
C1CCC2CC(CC3CCCC4CCCC43)CCC2C1
C1CCC(CCCCC2CC3CCCCC3C2)CC1
C1CCC(C2CC3CCCC3C3CCC4CCCCCC4C23)CC1
C1CCC2CC(C3CCCC4CCCC43)CCC2C1
C1CCC(C2CCC3(CCC4CCC5C(CCC5C5CCCCC5)CC43)C2)CC1
C1CCC2CCC3C4CCCC4CCC3C2CC1
C1CCC2CC(C3CCCC4CCCC43)CCC2C1
C1CCC(CCC2CCC(CCC3CCCC(CC4CCCC4)C3)CC2)CC1
C(CCCC1CCCCC1)CCCC1CCC(C2CCCCC2)C1
C1CCC(CC2CC3CCCCC3C3CCC4CCCCCC4C23)CC1
C1CCC(CCCCC2CCCC3C2CCC2C4CCCCC4CCC32)CC1
C(CCCC1CCCC2C(C3CCCCC3)CCC12)CCC1CCCCC1
C1CCC(CCC2CCC3C(CCC3C3CCCCC3)C2)CC1
C1CCC(C2CC3C(CCC34CCCC4)CC3CCC4CCCCC4C32)CC1
C(CCC1(C2CCCC2)CCCC2CCCCC21)CC1CCC2CCCCC2C1
C1CCC(C2CCC3CCC4C(CCC5C6CCC(CCCC7CCC8CCCCC8C7)C6CCC45)CC32)CC1
C1CCC(CCCCC2CCC3CCCCC23)CC1
C1CCC(CCC2CCC3C(CCC4CCCCC43)C2)CC1
C(CCCCC1CCC(C2CCCCC2)C1)CCCC1CCCCC1
C1CCC(CCCCCC2CC3CCCCC3C2)CC1
C1CCC(CC2CCCC(CC3CCC4CCCCC4C4CCC5CCCCC5C34)C2)CC1
C1CCC(CCC2CCC(C3CCCC4C(C5CCCCC5)CCC34)C2)CC1
C1CCC2CCC(C3CCCC4CCCC43)CC2CC1
C1CC2CCCC2C(CC2CC3CCCCC3C3CCCC23)C1
C1CCC(CCCCCC2CC3CCCCC3C2)CC1
C1CC(CC2CCC(C3CC4CCCC4C4CCC5CCCCC5C34)CC2)C1
C1CCC(CCC(CCC2CCC3CCCCC3C2)CC2CCCCC2)CC1
C1CCC(C2CC3CCCC3C3CCC4CCCCCC4C23)CC1
C1CCC(C2CCC3CC4C(CCC32)CCC2C3CCCC3CCC42)CC1
C1CCC(C2CC3CCCC3C3CCC4CCCCC4CC23)CC1
C1CCC2CC(C3CCCC4CCCC43)CCC2C1
C1CCC(C2CCC3CCCC3C3CCC4CCCCC4C23)CC1
C1CCC(CCCCC2CCC3C2CCC2C4CCCCCC4CCC32)CC1
C1CCC(CCCCC2CCC3CCCCC23)CC1
C1CCC2CC(CC3CCCC4CCCC43)CCC2C1
C1CCC(CC2CCC(CC(CC3CCCCC3)C3CCCCC3)CC2)CC1
C1CCC(CCCCCC2CCC3CCCC3C2)CC1
C1CCC2CC(CCCC3CCCC4C3CCC3C5CCCCC5CCC43)CC2C1
C1CCC2CCC3C4CCCC4CCC3C2CC1
C1CCC(CCC2CCC(CCC3CCCCC(CC4CCCC4)C3)CC2)CC1
C1CCC(CC2CCC(CC(CC3CCCCC3)C3CCCCC3)CC2)CC1
C1CCC(CCCCCC2CCCC3C(C4CCCCC4)CCC23)CC1
C1CCC(CCC2CCCC3CC4C(CCC4C4CCCCC4)CC23)CC1
C1CCC2CC(C3CCCC4CCCC43)CCC2C1
C1CCC(CCCCCC2CCC3CCCCC23)CC1
C1CCC(CCCC2CC3CCCCC3C2C2CCCCC2)CC1
C1CCC2C(C1)CCC1C3CCCC3CCC21
C1CCC(C2CCC(CCCCCC3CCCC4CCCCC34)C2)CC1
C(CCCC1CCCC2C(C3CCCCC3)CCC12)CCC1CCCCC1
C1CCC2CC(C3CCCC4CCCC43)CCC2C1
C1CCC(CCCCC2CC3CCCCC3C2)CC1
C1CCC(CCCCC2CC3CCCCC3C2)CC1
C1CCC2CCC(C3CCCC4CCCC43)CC2CC1
C(CCC1CCCC2CCCC12)CC1CC2CCCCC2C1
C1CCC(CC2CC3CCCCC3C3CCC4CCCCC4C23)C1
C1CCC2CCC(C3CCCC4CCCC43)CC2CC1
C1CCC2C(C1)CCCC1CCCCC12
C1CCC(CCCC2CCC3CCCC3C2)CC1
C(CCCCC1CCC(C2CCCCC2)C1)CCCC1CCCCC1
C1CCC(CC2CCC3CC4C(CCC5C6CCC(CCCC7CC8CCCCC8C7)C6CCC45)CC23)CC1
C1CCC(CCC2CCC3C(CC4CCCCC4)CCC3C2)CC1
C(CCC1CCCC2CCCCC12)CC1CCC2CCCCC2C1
C1CCC(CCCCCC2CCC3CCCC3C2)CC1
C(CCC1CCCCC2CCCCC12)CC1CCC2CCCCC2C1
C1CCC(C2CC3CCCC3C3CCCC4CCCCC4C23)CC1
C1CCC(CC2CC3CCCCC3C3CCC4CCCCCC4C23)CC1
C1CCC(CC2CCC3CCCCC3C3CCC4CCCCC4C23)C1
C(CCC1CCCC2CCCC12)CC1CC2CCCCC2C1
C1CCC(CCCC2CCC(C3CCC4C(CCC4C4CCCCC4)C3)CC2)CC1
C1CCC(CC2CCC(CCCCCC3CCCC4CCCCC34)C2)CC1
C(CCCC1CCCC2C1CCC2C1CCCC(CC2CC2)C1)CCC1CCCCC1
C(CCCC1CCCC2C(C3CCCCC3)CCC12)CCC1CCCCC1
C1CCC(C2CC3CCCCC3C3CCC4CCCCC4C23)CC1
C1CCC(CCCCC2CCC3CCC(C4CCCC5CCCC54)CC3C2)CC1
C1CCC2CC(CC3CCCC4CCCC43)CCC2C1
C(CCCC1CCCC2CCCCC12)CCC1CCC(C2CCCC2)C1
C1CCC2C(C1)CCCC1CCCCC12
C(CCCCC1CCC(C2CCCCC2)C1)CCCC1CCCCC1
C1CCC(C2CCC3CC4C(CCCC45CCCCC5)CC32)CC1
C1CCC(CCC2CCC3C(CCC3C3CCCCC3)C2)CC1
C1CCC(CCC2CCC(CCC3CCCCC(CC4CCCC4)C3)CC2)CC1
C1CCC(CCCC(CCC2CCC3CCCC3C2)CC2CCCCC2)CC1
C1CCC(CCCCC2CCC3CCCCC23)CC1
C(CCCC1CCCCC1)CCCC1CCC(C2CCCCC2)C1
C1CCC(C2CCC3CCCC3C3CCC4CCCCC4C23)CC1
C1CCC2C(C1)CCC1C3CCCC3CCC21
C1CCC(CCC2CCC(C3CC3)CC2)CC1
C1CCC2C(C1)CCC1C3CCCC3CCC21
C1CCC2CC(C3CCCC4CCCC43)CCC2C1
C1CCC2CC(C3CCCC4CCCCC43)C3CCCC3C2CC1
C1CCC(CCC2CCC(CCC3CCCC(CC4CCCC4)C3)CC2)CC1
C1CCC(CCCCC2CC3CCCCC3C2)CC1
C1CCC(CC2CCC3CC4C(CCC45CCC(C4CCCCC4)C5)CC23)CC1
C1CCC(CCC(CCC2CCC3CCCC3C2)CC2CCCCC2)CC1
C1CCC2CCC3C4CCC(CCCC5CC6CCCCC6C5)C4CCC3C2CC1
C1CCC2CCC3C(CCC4C3CCC4(CCCC3CC4CCCCC4C3)CCC3CCCC3)C2CC1
C1CCC(CCCC2CCC3CCC(C4CCCC5CCCC54)CC3C2)CC1
C1CCC2CCC(C3CCCC4CCCC43)CC2CC1
C1CCC2CC(C3CCCC4CCCC43)CCC2C1
C1CCC(CCCCCC2CCCC3C(C4CCCCC4)CCC23)CC1
C1CCC(CC23CCCCC2CCC2C4CCCC4CCC23)CC1
C1CCC(CC2CCCCC23CCC2C(CCC2C2CCCCC2)C3)CC1
C(CCC1CCCC2CCCCC12)CC1CC2CCCCC2C1
C1CCC2CC(C3CCCC4CCCC43)CCC2C1
C1CCC(CC2CC3CCCCC3C3CCC4CCCCCC4C23)CC1
C1CCC(CCCCCC2CC3CCCCC3C2)CC1
C1CCC2C(C1)CCC1C3CCCC3CCCC21
C(CCC1CCCCC2CCCCC12)CC1CCC2CCCCC2C1
C1CCC2C(C1)CCC1C3CCCC3CCC21
C1CCC2CCC3C4CCC(CCCC5CC6CCCCC6C5)C4CCC3C2CC1
C1CCC(CCCC2CCC3CCC(C4CCCC5CCCC54)CC3C2)CC1
C1CCC(C2(CCCCC3CCC4CCCCC4C3)CCCC3CCCCC32)CC1
C1CCC(CCCCC2CCC3CCC(C4CCCC5CCCC54)CC3C2)CC1
C1CCC(C2CCC3CC4C(CC5CCC6CCCCC65)CCCC4CC32)CC1
C1CCC(CCC2CCC3C(CCC3C3CCCC(CC4CCCC4)C3)C2)CC1
C(CCCC1CCCCC1)CCCC1CCC(C2CCCCC2)C1
C1CCC2C(C1)CCC1C3CCCCC3CCC21
C1CCC(C2CCC3CC4C(CCC32)CCC2C3CCC(CCCC5CC6CCCCC6C5)C3CCC42)CC1
C1CCC2CCC3C4CCC(CCCC5CC6CCCCC6C5)C4CCC3C2CC1
C1CCC(CCC2CCC(CCC3CCCC(CC4CCCC4)C3)CC2)CC1
C1CCC(CCC2CCC3C(CCC3C3CCCCC3)C2)CC1
C1CCC2CCC(C3CCCC4CCCC43)CC2CC1
C1CCC(C2CCC3CC4C(CCCC45CCCCC5)CC32)CC1
C1CCC(CC2CCC3C(CCC3C3CCCCC3)C2)CC1
C1CCC(C2CCC3CC(C4CCC(CCC5CCCC5)CC4)CCC32)CC1
C1CCC(C2CCC3CC4C(CCC45CCCCC5)CC32)CC1
C1CCC(CC2CCC(CC(CC3CCCCC3)C3CCCCC3)CC2)CC1
C1CCC(CCC2CCCC3CCC4C(CCC4C4CCCCC4)CC23)CC1
C1CCC(C2CC3CCCC3C3CCC4CCCCC4C23)CC1
C1CCC(CCCCC2CC3CCCCC3C2)CC1
C1CCC(CCC2CCC(C3CC3)CC2)CC1
C1CCC(CCC2CCC3C(CCC3C3CCCCC3)C2)CC1
C1CCC2C(C1)CCC1C3CCCC3CCC21
C1CCC(CC2CCC3C(CCC3C3CCCCC3)C2)CC1
C(CCC1CCCC2CCCCC12)CC1CCCC2CCCCC12
C1CCC(CCCCCC2CC3CCCCC3C2)CC1
C1CCC(CCCCC2CCC3CCCCC23)CC1
C1CCC(C2CC3CCCC3C3CCC4CCCCCC4C23)CC1
C1CCC2CC(C3CCCC4CCCC43)CCC2C1
C1CCC(CCC2CCC3C(CCC3C3CCCC(CC4CCCC4)C3)C2)CC1
C1CCC(C2CCC3CC4(CCCCCC4C4CCCCC4)CCC32)CC1
C1CCC(CC2CCCC(CCC3CCC(CCC4CCC(C5CC5)CC4)CC3)C2)C1
C1CCC(CCCCC2CC3CCCCC3C2)CC1
C1CCC2CCC(C3CCCC4CCCC43)CC2CC1
C1CCC2CC(C3CCCC4CCCC43)CCC2C1
C1CCC(CCCCCC2CCC3CCCCC23)CC1
C(CCCC1CCCC2C(C3CCCCC3)CCC12)CCC1CCCCC1
C1CCC(C2CC3CCCC3C3CCC4CCCCCC4C23)CC1
C1CCC(CCCCC2CCC3CCCCC23)CC1
C1CCC(C2CCC3CC4C(CCC5C6CCC(CCCC7CCC8CCCCC8C7)C6CCC45)CC32)CC1
C1CCC(C2CCC3CCC4CCCCC4C3CC2)CC1
C1CCC(CCCC(CC2CCC3C(CCC3C3CCCCC3)C2)C2CCCCC2)CC1
C1CCC(CC2CCC3CC4C(CCC45CCCCC5)CC23)CC1
C1CCC(C2CCC3(CCC4CC5C(CCC5C5CCCCC5)CC43)C2)CC1
C1CCC(CCCCC2CC3CCCCC3C2)CC1
C(CCCC1CCCCC1)CCCC1CCC(C2CCCCC2)C1
C1CCC(CCCCC2CC3CCCCC3C2)CC1
C1CCC(CCCCC2CC3CCCCC3C2)CC1
C1CCC(CCCCC2CC3CCCCC3C2)CC1
C1CCC2C(C1)CCC1C3CCCC3CCC21
C1CCC(C2CCC3(CCC4CC5C(CCC5C5CCCCC5)CC43)C2)CC1
C1CCC2C(C1)CCCC2CC1CC2CCCCC2C2CCC3CCCCC3C12
C1CCC(C2CC3CCCC3C3CCC4CCCCC4C23)CC1
C(CCC1CCCC2CCCCC12)CCC1CCCC2CCCCC12
C1CCC2CCC3C4CCCCC4CC(CC4CCCC4)C3C2CC1
C(CCC1CC2CCCCC2C1)CCC1CCCC2CCCC12
C1CCC(CC2CCC3C(CCC3C3CCCCC3)C2)CC1
C1CCC2C(C1)CCC1C3CCCC3CCC21
C1CCC(CCC2CCC3C(CCC3C3CCCCC3)C2)CC1
C1CCC2CCC(C3CCCC4CCCC43)CC2CC1
C1CCC(CCC2CCC3C(CCC4C5CCCC5CC(CCC5CCCCC5)C34)C2)CC1
C1CCC(CCCCCC2CCCC3C(C4CCCCC4)CCC23)CC1
C(CCC1CCC2C1CCC1C3CCCCC3CCC21)CC1CC2CCCCC2C1
C1CCC2C(C1)CCC1C3CCCC3CCC21
C1CCC2C(C1)CC(C1CCCC3CCCC31)C1CCCC21
C(CCCCC1CCC(C2CCCCC2)C1)CCCC1CCCCC1
C1CCC2CCC3C(CCC4C3CCC4(CCCC3CCC4CCCCC4C3)CCC3CCCC3)C2CC1
C1CCC(C2CCC3CC4(CCCCC4C4CCCCC4)CCC32)CC1
C1CCC2C(C1)CCCC1C3CCCC3CCC21
C1CCC2CCC3C4CCCCC4CCC3C2CC1
C1CCC(CC2CCC3CC4(CCCCCC4CC4CCCCC4)CCC23)CC1
C1CCC2C(C1)CCC(C1CCCC1)C1CCCCC21
C1CCC(CCC2CCC3C(CCC3C3CCCCC3)C2)CC1
C1CCC2CC(C3CCCC4CCCC43)CCC2C1
C1CCC(CC2CCC3CC(C4CCC(CCC5CCCC5)CC4)CCC23)CC1
C1CCC(C2CC3CCCC3C3CCC4CCCCCC4C23)CC1
C1CCC2CCC3C4CCC(CCCC5CC6CCCCC6C5)C4CCC3C2CC1
C1CCC(CCCCC2CC3CCCCC3C2)CC1
C1CCC(CCCCC2CCC3CCCC3C2)CC1
C1CCC(CCC2CCC3C(CCC3C3CCCCC3)C2)CC1
C1CCC2C(C1)CCCC1CCCCC12
C1CCC(C2CC3CCCC3C3CCC4CCCCC4C23)CC1
C1CCC(CCCCCC2CCCC3C(C4CCCCC4)CCC23)CC1
C(CCCC1CCCC2C(C3CCCCC3)CCC12)CCC1CCCCC1
C1CCC2C(C1)CCC1C2CCC2C3CCCC3CC21
C1CCC(C2CCC3(CCCC4CC5C(CCC5C5CCCCC5)CC43)C2)CC1
C1CCC(C2CCC3C(CCC4CCCCC43)C2)CC1
C1CCC(CCCCCC2CC3CCCCC3C2)CC1
C1CCC(CCC(CC2CCC3C(CCC3C3CCCCC3)C2)C2CCCCC2)CC1
C1CCC(C2CC3CCCC3C3CCCC4CCCCC4C23)CC1
C1CCC(CCCC2CCCC(C3CCC4CC(CCC5CCC6CCCCCC6C5)CCC43)C2)CC1
C1CCC(CCCC2CCC3C2CCC2C4CC5CCC(CC6CCCCC6)C5CC4CCC32)CC1
C1CCC2CC(C3CCCC4CCCC43)CCC2C1
C(CCCC1CCCC2C(C3CCCCC3)CCC12)CCC1CCCCC1
C1CCC2CCC(C3CCCC4CCCC43)CC2CC1
C1CCC2CC(C3CCCC4CCCC43)CCC2C1
C1CCC(CCCC2CCC3CCC(C4CCCC5CCCC54)CC3C2)CC1
C1CCC(CCCCCC2CC3CCCCC3C2)CC1
C1CCC(C2CC3CCCC3C3CCC4CCCCC4C23)CC1
C1CCC(CCCCCC2CCCCC2)CC1
C1CCC2C(C1)CCC1CC3CC4CCCC4C3CCC12
C1CCC(CC2CC3CCCCC3C3CCC4CCCCC4C23)CC1
C1CCC2C(C1)CCC1CCCCC12
C1CCC(CCCC2CCC3CCCC3C2)CC1
C(CCCC1CCCC2C(C3CCCCC3)CCC12)CCC1CCCCC1
C1CCC(CCCC2CCC3C2CCC2C4CCCCC4CCC32)C1
C1CCC(CCCCC2CC3CCCCC3C2)CC1
C1CCC(CCC2CCCC3CCC4C(CCC4C4CCCCC4)CC23)CC1
C1CCC(C2CCC3CC4C(CCCC45CCCCC5)CC32)CC1
C1CCC2CC(CCCC3CCC4C3CCC3C5CCCCC5CCC43)CC2C1
C1CCC(C2CC3CCCCC3C3CCC4CCCCC4C23)CC1
C1CCC2C(C1)CC(C1CCCC3CCCC31)C1CCCCC21
C1CCC(C2CC3CCCC3C3CCC4CCCCC4C23)CC1
C(CCCC1CCCC2C(C3CCCCC3)CCC12)CCC1CCCCC1
C1CCC(C2CC3CCCC3C3CCCC4CCCCC4C23)CC1
C1CCC2C(C1)CCC1C3CCCC3CCC21
C1CCC(CCCC2CCC(CCC3CCCCC3)CC2)CC1
C1CCC2CCC(C3CCCC4CCCC43)CC2CC1
C1CCC(C2(CCCCC3CCC4CCCCC4C3)CCCC3CCCCC32)CC1
C(CCCCC1CCC(C2CCCCC2)C1)CCCC1CCCCC1
C1CCC(C2CCC3CC4C(CCC32)CCC2C3CCC(CCCC5CCC6CCCCC6C5)C3CCC42)CC1
C1CCC(CCC2CCC3C2CCC(C2CCCCC2)C2C4CCCCCC4CCC32)CC1
C1CCC(C2CC3CCCCC3C3CCC4CCCCC4C23)CC1
C1CCC(CCCCC2CCC3CCC(C4CCCC5CCCC54)CC3C2)CC1
C1CCC(CCCCCC2CCC3CCCCC23)CC1
C1CCC(CCCC2CCCCC3CCC(C4CCCC5CCCC54)CC23)CC1
C1CCC(CCC2CCC3C(CCC3C3CCCCC3)C2)CC1
C1CC(C2CCC(C3CCC4CCCC4C4CCC5CCCCC5C34)CC2)C1
C1CCC2CC(CCCC3CCC4C3CCC3C5CCCCC5CCC43)CC2C1
C1CCC(C2CC3CCCC3C3CCC4CCCCC4C23)CC1
C1CCC(C2CC3CCCC3C3CCC4CCCCC4C23)CC1
C1CCC(C2CCC(C3CC4CCCC4C4CCC5CCCCC5C34)CC2)C1
C1CCC(C2CCC3CC(C4CCC(CCC5CCCC5)CC4)CCC32)CC1
C1CCC(CCCCC2CCC3C2CCC2C4CCCCCC4CCC32)CC1
C1CCC(C2CC3CCCC3C3CCC4CCCCCC4C23)CC1
C1CCC2C(C1)CCC1C3CCCC3CCC21
C1CCC(CC2CCC3CC4C(CCCC45CCCC5)CC23)CC1
C1CCC(C2CC3CCCC3C3CCC4CCCCCC4C23)CC1
C1CCC2CC(C3CCCC4CCCC43)CCC2C1
C1CCC2CCC3C4CCCCC4CCC3C2CC1
C1CCC(C2CCC3CC4(CCCCCC4C4CCCCC4)CCC32)CC1
C1CCC2CC(C3CCCC3)CCC2C1
C1CCC(CCCCC2CC3CCCCC3C2)CC1
C(CCC1CCCC2CCCC12)CC1CC2CCCCC2C1
C1CCC(CC2CC3CCCCC3C3CCC4CCCCCC4C23)CC1
C1CCC(CCCCC2CC3CCCCC3C2)CC1
C1CCC(C2CCC3CCCCC3C3CCCCC23)CC1
C1CCC2CC3CCC(C4CCCCC4)C3CC2CC1
C1CCC(CCCCC2CCC3CCCCC23)CC1
C1CCC(C2CCC3CC4C5CCC6C(CCCC7CCC8CCCCC8C7)CCC6C(CCC4CC32)C5)CC1
C1CCC(CCCC2CCCC3CCC(C4CCCC5CCCC54)CC23)CC1
C1CCC2C(C1)CCC1C3CCCCC3CCC21
C1CCC(CCC2CCC3C(CCC4C5CCCC5CC(CCC5CCCCC5)C34)C2)CC1
C(CCC1CCCC2CCCCC12)CC1CCC2CCCCC2C1
C1CCC(CCC2CCC3C(CCC3C3CCCCC3)C2)CC1
C1CCC(C2CCC3CC4C(CCC5C6CCC(CCCC7CCC8CCCCC8C7)C6CCC45)CC32)CC1
C1CCC(CCCC2CCC3CCC(CC4CCCC5CCCC54)CC3C2)CC1
C1CCC2CC(C3CCCC4CCCC43)CCC2C1
C(CCCC1CCCC2CCCC12)CCC1CCCCC1
C(CCCCC1CCC(C2CCCCC2)C1)CCCC1CCCCC1
C1CCC(C2CCC3CC4C(CCC45CCCC5)CC32)CC1
C1CCC(CCCCCC2CCCC3C(C4CCCCC4)CCC23)CC1
C1CCC2C(C1)CCC1CCCCC12
C(CCCC1CCCCC1)CCCC1CCC(C2CCCCC2)C1
C1CCC(C2CCC(CCCCCC3CCCC4C(C5CCCCC5)CCC34)C2)CC1
C1CCC(CCCCCC2CCCC3CCCC23)CC1
C1CCC(CC2CC3CCCCC3C3CCC4CCCCC4C23)CC1
C1CCC2C(C1)CCC1C3CCCC3CCCC21
C1CCC(C2CC3CCCC3C3CCC4CCCCC4CC23)CC1
C1CCC(CCC(CCC2CCC3CCCC3C2)CC2CCCCC2)CC1
C1CCC(CCCCCC2CCCC3C(C4CCCCC4)CCC23)CC1
C1CCC(CC2CC3CCCCC3C3CCC4CCCCCC4C23)CC1
C1CCC2C(C1)CCC1C3CCCC3CCC21
C1CCC(CCCC2CCC(CCC3CCCCC3)CC2)CC1
C1CCC2CCC3C4CCCC4CCC3C2CC1
C1CCC2CCC3C(CCC4C3CC3CCCC34CCCC3CCCC3)C2CC1
C1CCC(C2CCC(CCCCCC3CCCC4CCCCC34)C2)CC1
C1CCC(CCCC(CCC2CCC3CCCC3C2)CC2CCCCC2)CC1
C1CCC(CCC(CCC2CCC3CCCC3C2)CC2CCCCC2)CC1
C1CCC(CCCCCC2CC3CCCCC3C2)CC1
C1CCC2C(C1)CCC1C3CCCCC3CCC21
C1CCC(C2CCC3CCCC3C3CCC4CCCCC4C23)CC1
C1CCC(C2CC3CCCC3C3CCC4CCCCC4C23)CC1
C1CCC2CCC3C4CCC(CCCC5CC6CCCCC6C5)C4CCC3C2CC1
C(CCCC1CCCC2C(C3CCCCC3)CCC12)CCC1CCCCC1
C1CCC2CC(CCCC3CCC4C3CCC3C5CCCCC5CCC43)CC2C1
C1CCC(CCCCC2CCC3CCCCC23)CC1
C(CCCC1CCCCC1)CCCC1CCC(C2CCCCC2)C1
C1CCC2C(C1)CCC1C2CCC2C3CCCC3CC21
C1CCC(C2CC3CCCC3C3CCC4CCCCC4C23)CC1
C(CCC1CCC2CCCCC2C1)CCC1CCCC2CCCCC12
C1CCC2CC(C3CCCC4CCCC43)CCC2C1
C1CCC(CCC2CCC3C(CCC3C3CCCC(CCC4CCCCC4)C3)C2)CC1
C1CCC(CCCCC2CCC3CCCCC23)CC1
C1CCC(CCCCCC2CCC3CCCCC23)CC1
C1CCC(CCCCC2CCC3CCCCC23)CC1
C1CCC(CCCCC2CC3CCCCC3C2)CC1
C1CCC(CC2CC3CCCCC3CC3CCC4CCCCC4C32)CC1
C1CCC2C(C1)CCCC1C3CCCC3CCC21
C1CCC(C2CCC3CCCCC3C3CCCCC23)CC1
C(CCCC1CCCC2C1CCC2C1CCCC(CC2CCCC2)C1)CCC1CCCCC1
C1CCC(CCCCCC2CCCC3C2CCC3C2CCCC(CCC3CC3)C2)CC1
C1CCC(CCC(CCC2CCC3CCCC3C2)CC2CCCCC2)CC1
C1CCC(CCCCC2CCC3CCCCC23)CC1
C1CCC(CC2CCC3C(CCC3C3CCCCC3)C2)CC1
C1CCC(CCCCCC2CCCC3C(C4CCCCC4)CCC23)CC1
C1CCC(CCCC2CCC3CCCC3C2)CC1
C1CCC(C2CCC3CC4C(CCC32)CCC2C3CCC(CCCC5CCC6CCCCC6C5)C3CCC42)CC1
C1CCC(C2CCC3CC4C(CCC45CCCC5)CC32)CC1
C1CCC2CC(C3CCCC4CCCC43)CCC2C1
C1CCC2C(C1)CCCC1CCCCC12
C1CCC(CC2CC3CCCCC3C3CCC4CCCCC4C23)C1
C1CCC(CCC2CCCC(C3CCC4CC(CCC5CCC6CCCCC6C5)CCC43)C2)C1
C1CCC(C2CC3CCCC3C3CCC4CCCCC4CC23)CC1
C1CCC(C2CCC3CC4C(CCC32)CCC42CCCCC2)CC1
C1CCC(CCC2CCC3C(CCC3C3CCCCC3)C2)CC1
C1CCC(CCCCCC2CCCC3C(CC4CCCCC4)CCC23)CC1
C1CCC(C2CCC3CC4C(CCC32)CCC2C3CCC(CCCC5CCC6CCCCC6C5)C3CCC42)CC1
C(CCCC1CCCCC1)CCCC1CCC(CC2CCCCC2)C1
C1CCC(CC2CCC3CC4C(CCC45CCC(C4CCCCC4)C5)CC23)CC1
C1CCC(C2CC3CCCC3C3CCC4CCCCC4C23)CC1
C1CCC(C2CC3CCCC3C3CCC4CCCCC4CC23)CC1
C1CCC(CCC2CCC3C(CCC3C3CCCCC3)C2)CC1
C1CCC(C2CCC3CC4C(CCC45CCCCC5)CC32)CC1
C1CCC(CCC2CCC3C(CCC4C5CCCCC5CCC34)C2)CC1
C1CCC(C2CCC3C(CCC3C3CCCCC3)C2)CC1
C1CCC(C2CCC3CC4CCCCC4CC32)CC1
C1CCC(CCC2CCC3C(CCC3C3CCCC(CCC4CCCC4)C3)C2)CC1
C1CCC(C2CCC3CC4CCCCC4CC32)CC1
C1CCC(CC2CC3CCCCC3C3CCC4CCCCC4C23)CC1
C1CCC(CCCCCC2CC3CCCCC3C2)CC1
C1CCC(CC2CCC(CCC(CC3CCCCC3)C3CCCCC3)CC2)CC1
C1CCC(CCC2CCC3C(CCC3C3CCCCC3)C2)CC1
C(CCC1CCC2C1CCC1C3CCCCC3CCC21)CC1CC2CCCCC2C1
C1CCC2C(C1)CC(C1CCCC1)C1CCCCC21
C1CCC(CCC2CCCC3CC4C(CC5CCCCC5)CCC4CC23)CC1
C1CCC2CCC3C(CCC4C5CCCC5CC43)C2CC1
C1CCC(CC2CC3CCCCC3CC3CCC4CCCCC4C32)CC1
C1CCC(CCC2CCC3C(CCC4C5CCCC5CC(CCC5CCCCC5)C34)C2)CC1
C1CCC2C(C1)CCCC1CCCCC12
C1CCC(C2CC3CCCC3C3CCC4CCCCC4C23)CC1
C1CCC(CCCC2CCC3CCC(C4CCCC5CCCC54)CC3C2)CC1
C(CCC1CCCC2CCCCC12)CC1CC2CCCCC2C1
C1CCC(CC23CCCCC2CCC2C4CCCC4CCCC23)CC1
C1CCC(CCC2CCC3C(CCC4CCCCC43)C2)CC1
C1CCC2CC(CC3CCCC4CCCC43)CCC2C1
C1CCC(CCC2CCC3C(CCC3C3CCCCC3)C2)CC1
C1CCC(CCCCC2CC3CCCCC3C2)CC1
C(CCCC1CCCC2C(C3CCCCC3)CCC12)CCC1CCCCC1
C(CCC1CCC2C1CCC1C3CCCCC3CCC21)CC1CCC2CCCCC2C1
C1CCC(CC2CC3CCCCC3C3CCC4CCCCC4C23)CC1
C1CCC2CCC3C4CCC(CCCC5CCC6CCCCC6C5)C4CCC3C2CC1
C1CCC2C(C1)CCC1C3CCCCC3CCC21
C1CCC(CCCCC2CC3CCCCC3C2)CC1
C1CCC2CC(C3CCCC4CCCC43)CCC2C1
C1CCC(CCC2CCC(CCC3CCCC(CC4CCCC4)C3)CC2)CC1
C(CCCC1CCCC2C(C3CCCCC3)CCC12)CCC1CCCCC1
C1CCC(CCCCCC2CCC3CCCCC23)CC1
C1CCC2CCC(C3CCCC4CCCC43)CC2CC1
C(CCCC1CCCCC1)CCCC1CCC(C2CCCCC2)C1
C1CCC(CCCCC2CCCC(C3CCC4CC(CCC5CCC6CCCCC6C5)CCC43)C2)CC1
C1CCC(CC2CC3CCCCC3C3CCC4CCCCCC4C23)CC1
C1CCC2CC(CCCC3CCC4C3CCC3C5CCCCC5CCC43)CC2C1
C(CCC1CCC2C1CCC1C3CCCCC3CCC21)CC1CC2CCCCC2C1
C1CCC(CC2CC3CCCCC3CC3CCC4CCCCC4C32)CC1
C1CCC(C2CC3CCCCC3C3CCCCC23)CC1
C1CCC(CCCCC2CCCC3CCCCC23)CC1
C1CCC2C(C1)CCC1C3CCCC3CCC21
C1CCC(C2CCC(C3CC4CCCC4C4CCC5CCCCC5C34)CC2)C1
C1CCC(CC2CCC(CC(CC3CCCCC3)C3CCCCC3)CC2)CC1
C1CCC(CCC2CCC3C(CCC4CCCCCC43)C2)CC1
C1CCC(CCC2CCC3C(CCC3C3CCCCC3)C2)CC1
C1CCC2CC(C3CCCC3)C3CCCC3C2CC1
C1CCC(CCC2CCC3C(CCC3C3CCCCC3)C2)CC1
C1CCC(CCCCC2CCC3CCCC3C2)CC1
C1CCC(CCCCC2CC3CCCCC3C2)CC1
C1CCC2C(C1)CCC1C3CCCC3CCC21
C1CCC(CCC2CC3CCCCC3C2C2CCCCC2)CC1
C1CCC(C2CCC3CC4C(CCC45CCCC5)CC32)CC1
C1CCC2CC(CCCC3CCC4C3CCC3C5CCCCC5CCC43)CCC2C1
C1CCC2CCC(C3CCCC4CCCC43)CC2CC1
C(CCCC1CCCCC1)CCCC1CCC(C2CCCCC2)C1
C1CCC(C2CCC3CC4C(CCCC5CC5)CCCCC4CC32)CC1
C1CCC(C2CC3CCCCC3C3CCC4CCCCC4C23)CC1
C1CCC(CCCCCC2CC3CCCCC3C2)CC1
C(CCC1CCCC2CCCCC12)CC1CCC2CCCCC2C1
C1CCC2C(C1)CCCC2CCCC1CCCC2CCCCC21
C(CCC1CCCC2CCCC12)CC1CC2CCCCC2C1
C1CCC2CCC3CCCCC3C2CC1
C1CCC(CC2CCC3C(CCCCCC4CCC(C5CCCC5)C4)CCCC23)CC1
C1CCC2CC(C3CCCC4CCCC43)CCC2C1
C1CCC(CCCCC2CC3CCCCC3C2)CC1
C1CCC2CCC3C4CCCC4CCC3C2CC1
C1CCC(CCCCC2CC3CCCCC3C2)CC1
C1CCC(CC2CC3CCCCC3C3CCC4CCCCC4C23)C1
C(CCCC1CCCCC1)CCCC1CCC(C2CCCCC2)C1
C1CCC(C2CCC3CC4(CCCCCC4C4CCCCC4)CCCC32)CC1
C1CCC(CCC2CCC3C(CCC4C5CCCC5CCCC34)C2)CC1
C1CCC(CCC2CC3CCCC3C3CCC4CCCCC4C23)CC1
C1CCC(C2CCC3CCCC3C3CCC4CCCCC4C23)CC1
C1CCC2CCC3C4CCCCC4CC(CC4CCCC4)C3C2CC1
C1CCC(CCCCCC2C3CCCCC3CCC2C2CCCC3CCCC32)CC1
C1CCC(CCCCC2CC3CCCCC3C2)CC1
C(CCC1CCCC2CCCCC12)CC1CCC2CCCCC2C1
C1CCC(C2CC3CCCC3C3CCC4CCCCC4C23)CC1
C1CCC2CCC(C3CCCC4CCCC43)CC2CC1
C1CCC(C2C3CCCCC3CC3CC4CCCC4CC32)CC1
C1CCC(CCCCC2CCC3CCC(C4CCCC5CCCC54)CC3C2)CC1
C1CCC(CCCC2CCC3CCCC3C2)CC1
C1CCC(C2CCC3C(CCCCCC4CCC(C5CCCC5)C4)CCCC23)CC1
C1CCC(CCC2CCC3C(CCC3C3CCCCC3)C2)CC1
C1CCC(CC2CCC3C(CCC3C3CCCCC3)C2)CC1
C1CCC(CCCC2CCC(C3CCC4C(CCC4C4CCCCC4)C3)CC2)CC1
C1CCC(C2CCC(CCCCCC3CCCC4C(C5CCCCC5)CCC34)C2)CC1
C1CCC(CCCCCC2CCC3CCCCC23)CC1
C(CCCC1CCCC2C(C3CCCCC3)CCC12)CCC1CCCCC1
C1CCC(CC2CC3CCCCC3C3CCC4CCCCC4C23)CC1
C1CCC(CC2CC3CCCCC3C3CCC4CCCCC4C23)CC1
C1CCC(C2CCC3CC4C(CCC45CCCCCC5)CC32)CC1
C1CCC2C(C1)CCC1C3CCCC3CCC21
C1CCC(C2CCC3CC4C(CCC5C6CCC(CCCCC7CC8CCCCC8C7)C6CCC45)CC32)CC1
C1CC2CCC3C(CCC4CCCCC43)CC2C1
C1CCC2C(C1)CCCC1C3CCCC3CCC21
C(CCC1CCCC2CCCCC12)CC1CCCC2CCCCC12
C1CCC(CCCCCC2CCC3CCCCC23)CC1
C(CCC1CCC2C(CCC3C4CCCC4CCC23)C1)CC1CCC(C2CCC(C3CC4CCCC4C4CCC5CCCCC5C34)CC2)CC1
C1CCC(C2CCC3CC4C(CCC5C6CCC(CCCCC7CC8CCCCC8C7)C6CCC45)CC32)CC1
C1CCC(C2CC3CCCC3C3CCCC4CCCCC4C23)CC1
C1CCC(CCCCC2CCCC(C3CCC4CC(CCC5CCC6CCCCC6C5)CCC43)C2)CC1
C(CCC1CCCC2CCCC12)CC1CC2CCCCC2C1
C1CCC(CC2CCC3CC4C(CC5CCC6CCCCC65)CCCC4CC23)CC1
C1CCC(CCCC2CCC3C2CCCC2C4CC5CCC(C6CCCCC6)C5CC4CCC32)CC1
C1CCC(C2CCC3CC4(CCCCCCC4C4CCCCC4)CCC32)CC1
C1CCC2CCC3C4CCCCC4CC(CC4CCCC4)C3C2CC1
C1CCC(CCCCCC2CCC3C(CCC3C3CCCCC3)C2)CC1
C1CCC(CCCCCC2CC3CCCCC3C2)CC1
C1CCC(CCCCC2CC3CCCCC3C2)CC1
C1CCC(CCCCC2CCC3CCCCC23)CC1
C1CCC(CCC2CCC(CCC3CCCCC3)CC2)CC1
C1CCC2CC(C3CCCC4CCCC43)CCC2C1
C1CCC(CCC2CC3CCCCC3C3CCC4CCCCC4C23)CC1
C1CCC(C2CCC3CC4C(CC5CC6CCCCC6C5)CCCC4CC32)CC1
C1CCC2CC(C3CCCC4CCCC43)CCC2C1
C1CCC(CCCCC2CC3CCCCC3C2)CC1
C1CCC(C2CC3CCCCC3C3CCC4CCCCC4C23)CC1
C1CCC2CCC(C3CCCC4CCCC43)CC2CC1
C1CCC2CCC3C4CCCC4CCC3C2CC1
C1CCC2CCC(C3CCCC4CCCC43)CC2CC1
C1CCC(CCC2CCC(CC(CC3CCCCC3)C3CCCCC3)CC2)CC1
C1CCC2CCC(C3CCCC4CCCC43)CC2CC1
C(CCC1CCCCC2CCCCC12)CC1CCC2CCCCC2C1
C1CCC(CCCCCC2CCCC3C2CCC3C2CCC(CC3CC3)CC2)CC1
C1CCC(CCC2CCC3C(CCC3C3CCCC(CCC4CCCC4)C3)C2)CC1
C1CCC2C(C1)CCCC1C3CCCC3CCC21
C1CCC2CCC3C4CCC(CCCC5CCCC6CCCCC65)C4CCC3C2CC1
C1CCC(C2CC3CCCC3CC3CCC4CCCCC4C32)CC1
C1CCC(CC2CCC3C(CCC3C3CCCCC3)C2)CC1
C1CCC2CC(CCCC3CCC4C3CCC3C5CCCCC5CCC43)CC2C1
C1CCC2C(C1)CCCC1CCCCC12
C1CCC(C2CCC3CC4C(CCC5C6CCC(CCCCC7CC8CCCCC8C7)C6CCC45)CC32)CC1
C1CCC2C(C1)CCC1C3CCCC3CCC21
C1CCC2C(C1)CCC1CCCCC12
C1CCC(CCC2CCC3C(CCC3C3CCCCC3)C2)CC1
C1CCC(C2CCC3CC4C(CCCCC45CCCC5)CC32)CC1
C1CCC(C2CCC3CCC4C(CCC45CCCCC5)CC32)CC1
C1CCC(CCCCC2CCC3CCCCC23)CC1
C1CCC(C2CCC3C(CCC4CCCCC43)C2)CC1
C1CCC(CCCCCC2CCCC3C(C4CCCCC4)CCC23)CC1
C1CCC(CCCC2CCC3C(CCC3C3CCCCC3)C2)CC1
C1CCC(CC2CCCC(CC3CC4CCCCC4C4CCC5CCCCCC5C34)C2)CC1
C1CCC(CCC2CC3CCCC3CC3CCC4CCCCC4C23)CC1
C(CCC1CCC2C1CCC1C3CCCCC3CCC21)CC1CC2CCCCC2C1
C1CCC(C2CCCC3(CCC4CC5C(CCC5C5CCCCC5)CC43)C2)CC1
C1CCC(C2CC3CCCCC3C3CCC4CCCCC4C23)CC1
C1CCC(CCC(CCCC2CCC3CCCC3C2)CC2CCCCC2)CC1
C(CCC1CCCC2CCCC12)CC1CC2CCCCC2C1
C1CCC(CC2CCC3CC4C(CCC5C6CCC(CCCC7CC8CCCCC8C7)C6CCC45)CC23)CC1
C1CCC(CC2CC3CCCCC3C3CCC4CCCCCC4C23)CC1
C1CCC(C2CCC3CCCC3C3CCCC4CCCCC4C23)CC1
C1CCC2CC(CCCC3CCC4C3CCC3C5CCCCC5CCC43)CC2C1
C1CCC(CCCCCC2CC3CCCCC3C2)CC1
C1CCC2CC(C3CCCC4CCCC43)CCC2C1
C1CCC(CC2CC3CCCCC3C3CCC4CCCCC4C23)CC1
C(CCCC1CCCCC1)CCCC1CCC(C2CCCCC2)C1
C1CCC(CCCCC2CC3CCCCC3C2)CC1
C1CCC(C2CCC(CCCCCC3CCCC4CCCCC34)C2)CC1
C1CCC2CCC3C4CCCC4CCC3C2CC1
C1CCC2CC(CCCC3CCC4C3CCC3C5CCCCC5CCC43)CC2C1
C1CCC(CCCCC2CC3CCCCC3C2)CC1
C1CCC2CCC(C3CCCC4CCCC43)CC2CC1
C(CCC1CCCC1)CCC1CCCC2CCCCC12
C1CCC(CCCCCC2CCCC3C2CCC3C2CCC(CC3CC3)CC2)CC1
C1CCC2CCC(C3CCCC4CCCC43)CC2CC1
C1CCC2C(C1)CCC1CCCCC12
C(CCCCC1CCC(C2CCCCC2)C1)CCCC1CCCCC1
C1CCC(C2CCC3CC4(CCCCC4C4CCCCC4)CCCC32)CC1
C1CCC(CC2CC3CCCCC3C3CCC4CCCCC4C23)CC1
C1CCC(CCCCCC2CC3CCCCC3C2)CC1
C1CCC2CC(CCCC3CCC4C3CCC3C5CCCCC5CCC43)CC2C1
C1CCC(CCC2CCC3C(CCC3C3CCCCC3)C2)CC1
C1CCC(C2CC3CCCC3C3CCCC4CCCCC4C23)CC1
C1CCC(CCC2CCCCC3CCC(C4CCCC5CCCC54)CC23)CC1
C1CCC(CCC2CCC3C(CCC3C3CCCCC3)C2)CC1
C1CCC(C2CC3CCCC3C3CCC4CCCCC4C23)CC1
C1CCC(C2CC3CCCC3C3CCC4CCCCCC4C23)CC1
C1CCC(CCC2CCC3C(CC4CCCCC4)CCC3C2)CC1
C1CCC2C(C1)CCC1C3CCCC3CCC21
C1CCC(C2CCC(CCCCC3CCC4C3CCC3C5CCCCC5CCC43)C2)CC1
C1CCC(C2CCC3CC4C(CCCCC45CCCC5)CC32)CC1
C1CCC2CCC(C3CCCC4CCCC43)CC2CC1
C1CCC(C2CC3CCCCC3C3CCC4CCCCC4C23)CC1
C1CCC(CCCCCC2CCCC3C(CC4CCCCC4)CCC23)CC1
C1CCC(CCC2CCC3C(CCC3C3CCCCC3)C2)CC1
C1CCC(CCCCCC2CC3CCCCC3C2)CC1
C1CCC(CCC(CCC2CCC3CCCC3C2)CC2CCCCC2)CC1
C1CCC2C(C1)CCC1C3CCCC3CCC21
C(CCCC1CCCC2C(C3CCCCC3)CCC12)CCC1CCCCC1
C1CCC(CCCC2CCC3C2CCC2C4CC5CCC(C6CCCCC6)C5CCC4CCC32)CC1
C1CCC2CC(CC3CCCC4CCCC43)CCC2C1
C(CCC1CCCC2CCCC12)CC1CC2CCCCC2C1
C1CCC(C2CC3CCCC3C3CCC4CCCCC4C23)CC1
C1CCC2C(C1)CC(C1CCCC3CCCCC31)C1CCCC21
C1CCC2CCC3C4CCC(CCCC5CC6CCCCC6C5)C4CCC3C2CC1
C1CCC2CCC(C3CCCC4CCCC43)CC2CC1
C1CCC(CCCCCC2CCCC3C(C4CCCCC4)CCC23)CC1
C1CCC(C2CCC3CC4C(CCCCC45CCCC5)CC32)CC1
C1CCC(C2CC3CCCC3C3CCC4CCCCC4C23)CC1
C1CCC(CCC2CCC3C(CCC3C3CCCCC3)C2)CC1
C1CCC(C2CCC3CC4C(CCCC4CC4CCC5CCCCC54)CCC32)CC1
C1CCC(CC2CCC3C(CCC3C3CCCCC3)C2)CC1
C1CCC(CCC2CCC3C(CCC3C3CCCCC3)C2)CC1
C1CCC(CCCCCC2CCC3CCCCC23)CC1
C1CCC(CCCCC2CC3CCCCC3C2)CC1
C1CCC(CCC2CCC(C3CC3)CC2)CC1
C(CCC1CCC2CCCCC2C1)CCC1(C2CCCC2)CCCC2CCCCC21
C1CCC(CCC2CCC3C(CCC3C3CCCCC3)C2)CC1
C(CCC1CCC2C(CCC3C4CCCC4CCC23)C1)CC1CCC(C2CCC(C3CC4CCCCC4C4CCC5CCCCC5C34)CC2)CC1
C1CCC(CCCCCC2CCC3CCCCC23)CC1
C1CCCC(C2CCC3CC4C(CCC5C6CCC(CCCC7CC8CCCCC8C7)C6CCC45)CC32)CC1
C1CCC2C(C1)CCC1C3CCCC3CCC21
C1CCC(CCC2CCCCC2)CC1
C1CCC(C2CC3CCCC3C3CCC4CCCCC4C23)CC1
C1CCC(CC2CC3CCCCC3C3CCC4CCCCC4C23)C1
C1CCC(CCC2CCC3C(CCC3C3CCCCC3)C2)CC1
C1CCC2C(C1)CCCC1CCCCC12
C1CCC(C2CCC3C(CCCC4CCCCC43)C2)CC1
C1CCC(CCCCCC2CCCC3C(C4CCCCC4)CCC23)CC1
C1CCC(CCCCC2CC3CCCCC3C2)CC1
C(CCC1CCCCC2CCCCC12)CC1CCC2CCCCC2C1
C1CCC2CCC(C3CCCC4CCCC43)CC2CC1
C1CCC(C2CCC3CC4C(CCC45CCCCC5)CC32)CC1
C1CCC(CCCCCC2CCC3CCCCC23)CC1
C1CCC2CC(CC3CCCC4CCCC43)CCC2C1
C1CCC2C(C1)CC(C1CCCC3CCCC31)C1CCCC21
C1CCC(CC2CC3CCCCC3C3CCC4CCCCC4C23)C1
C1CCC2CC(CC3CCCC4CCCC43)CCC2C1
C(CCCC1CCCC2C(C3CCCCC3)CCC12)CCC1CC1
C1CCC(CCCCC2CC3CCCCC3C2)CC1
C1CCC2CCC(C3CCCC4CCCC43)CC2CC1
C1CCC(CC2CCC3C(CCC4CCCCC43)C2)CC1
C1CCC2CC(C3CCCC4CCCC43)CCC2C1
C1CCC(CC2CC3CCCCC3C3CCC4CCCCCC4C23)CC1
C1CCC(CCC2(CCCC3CC4CCCCC4C3)CCC3C4CCCC5CCCCC5C4CCC32)C1
C1CCC(CCCCCC2CC3CCCCC3C2)CC1
C1CCC(CCC2CCC(CCC3CCCC(CCC4CCCC4)C3)CC2)CC1
C1CCC2CC(C3CCCC4CCCC43)CCC2C1
C1CCC2C(C1)CCC1CCCCC12
C1CCC2CCC(C3CCCC4CCCC43)CC2CC1
C1CCC2CC(CCCC3CCC4C3CCC3C5CCCCC5CCC43)CC2C1
C1CCC2CC(CCCC3CCCC4C3CCC3C5CCCCC5CCC43)CC2C1
C1CCC(C2CC3C(CCC34CCCC4)C3CCC4CCCCC4C23)CC1
C1CCC(CCC2CCCC3CCC4C(CCC4C4CCCCC4)CC23)CC1
C1CCC2CC(C3CCCC4CCCC43)CCC2C1
C1CCC(CC2CC3CCCCC3C3CCC4CCCCCC4C23)CC1
C1CCC(C2CC3CCCCC3C3CCC4CCCCC4C23)CC1
C1CCC(CCC2CCC3C(CCC4CC(CC5CCCCC5)CCC43)C2)CC1
C(CCC1CCC2CCCCC2C1)CCC1CCCC2CCCCC12
C1CCC(C2CCC3CC4(CCCCCCC4C4CCCCC4)CCC32)CC1
C1CCC2C(C1)CCCC1CCCCC12
C1CCC(C2CCC3CC4(CCCCC4C4CCCCC4)CCC32)CC1
C1CCC2CC(C3CCCC4CCCC43)CCC2C1
C1CCC(C2CC3CCCC3C3CCCC4CCCCC4C23)CC1
C1CCC(C2CC3CCCCC3C3CCCCC3C2)CC1
C1CCC(CCCC2(CCC3CCCC3)CCC3C4CCC5CCCCCC5C4CCC32)CC1
C(CCC1CCCC2CCCCC12)CC1CCC2CCCCC2C1
C1CCC(CCCCCC2CCC3CCCCC23)CC1
C1CCC(CCC2CCC3C(CC4CCCCC4)CCC3C2)CC1
C1CCC(CCCC2CCCC3CCCCC32)C2CCCCC2C1
C1CCC(CCCC2CC3CCCCC3C2C2CCCCC2)CC1
C1CCC(CCCCCC2CCCC3C(C4CCCCC4)CCC23)CC1
C1CCC(CCCCC2CC3CCCCC3C2)CC1
C1CCC(C2CC3CCCC3C3CCC4CCCCC4C23)CC1
C(CCCCC1CCC(C2CCCCC2)C1)CCCC1CCCCC1
C1CCC(C2CC3CCCCC3C3CCC4CCCCC4C23)CC1
C(CCC1CCCC2CCCCC12)CC1CC2CCCCC2C1
C1CCC(CCCCCC2CCC3CCCCC23)CC1
C1CCC(CCCC2CCC3C(CCC3C3CCCCC3)C2)CC1
C1CCC(CCC2CCC3C(CCC3C3CCCC(CC4CCCC4)C3)C2)CC1
C1CCC2CC(CCCC3CCC4C3CCC3C5CCCCC5CCC43)CCC2C1
C1CCC(CCC2CCC3C(CC4CCCCC4)CCC3C2)CC1
C1CCC2CCC3C4CCCC4CCC3C2CC1
C1CCC(CC2CCC3CC4C(CCC5C6CCC(CCCC7CCC8CCCCC8C7)C6CCC45)CC23)CC1
C1CCC2CCC(C3CCCC4CCCC43)CC2CC1
C1CCC(C2CCC3CC4C(CCC45CCCCC5)CC32)CC1
C1CCC(C2CC3CCCCC3C3CCC4CCCCC4C23)CC1
C1CCC(C2CCC3CCCCC3C3CCC4CCCCC4C23)CC1
C1CCC(CC2CCC3CC4C(CC5CCC6CCCCC65)CCCC4CC23)CC1
C1CCC(CC2CC3CCCCC3C3CCC4CCCCC4C23)CC1
C1CCC(CCC(CC2CCC(CC3CCCCC3)CC2)C2CCCCC2)CC1
C1CCC(CCCC2CCC3C(CCC3C3CCCCC3)C2)CC1
C1CCC(CCCCC2CC3CCCCC3C2)CC1
C1CCC2CC(CCCC3CCC4C3CCC3C5CCCCC5CCCC43)CC2C1
C1CCC(CCCCCC2CCCC3C(C4CCCCC4)CCC23)CC1
C1CCC(CCCCC2CC3CCCCC3C2)CC1
C1CCC(CCCCCC2CC3CCCCC3C2)CC1
C1CCC(C2CCC3CCCC3C3CCC4CCCCC4C23)CC1
C1CCC2C(C1)CC(C1CCCC3CCCC31)C1CCCC21
C1CCC2C(C1)CCC1C3CCCC3CCC21
C1CCC(C2CCC(CCCCCC3CCCC4C(C5CCCCC5)CCC34)C2)CC1
C1CCC(CCCC2CCC3C(CCC3C3CCCCC3)C2)CC1
C1CCC(CCCCCC2CC3CCCCC3C2)CC1
C1CCC2CCC(C3CCCC4CCCC43)CC2CC1
C1CCC2CC(C3CCCC4CCCC43)CCC2C1
C(CCC1CC2CCCCC2C1)CCC1CCCC2CCCC12
C1CCC2C(C1)CCC1C3CCCC3CCCC21
C(CCCC1CCCC2C(C3CCCCC3)CCC12)CCC1CCCCC1
C1CCC(CC2CCC(CC(CC3CCCCC3)C3CCCCC3)CC2)CC1
C1CCC(C2CC3CCCC3C3CCC4CCCCC4C23)CC1
C1CCC(CCCCC2CC3CCCCC3C2)CC1
C1CCC(C2CCC3CC4C(CCCC4CC4CCC5CCCCC54)CCC32)CC1
C1CCC(C2CCC3CC4CCCCC4CC32)CC1
C1CCC(CCC2CCCCC3CC4C(CCC4C4CCCCC4)CC23)CC1
C1CCC(CC2CC3CCCCC3C3CCC4CCCCC4C23)CC1
C1CCC(C2CCC3C(CCC4CCCCC43)C2)CC1
C1CCC(CCCCC2CCC3CCCCC23)CC1
C(CCC1CCC2CCC(C3CCCC4CCCC43)CC2C1)CC1CCC2CCCC2C1
C1CCC(CCCCCC2CCCC3C(C4CCCCC4)CCC23)CC1
C(CCCC1CCCCC1)CCCC1CCC(C2CCCCC2)C1
C1CCC2CCC3C4CCCCC4CC(CC4CCCC4)C3C2CC1
C1CCC(C2CCC3CCCC3C3CCC4CCCCC4C23)CC1
C1CCC(CC2CC3CCCCC3C3CCC4CCCCC4C23)C1
C(CCCC1CCC(C2CCCCC2)C1)CCC1CCCCC1
C1CCC2CC(CCCC3CCCC4C3CCC3C5CCCCC5CCC43)CC2C1
C(CCCC1CCCCC1)CCCC1CCC(C2CCCCC2)C1
C1CCC(CCC2CCCCC2)CC1
C1CCC(CCCCC2CC3CCCCC3C2)CC1
C1CCC2C(C1)CCC1C3CCCC3CCC21
C1CCC(CCCCCC2CCCC3C(C4CCCCC4)CCC23)CC1
C1CCC2C(C1)CCC1C3CCCC3CCC21
C1CCC(CCCCC2CC3CCCCC3C2)CC1
C1CCC2CC(C3CCCC4CCCC43)CCC2C1
C1CCC(C2CC3CCCC3C3CCC4CCCCC4C23)CC1
C1CCC(CCC2CCC3C2CCC2C4CCCCC4CCC32)C1
C1CCC2C(C1)CCC1C3CCCC3CCC21
C1CCC(CC2CCC3CC4C(CCCC45CCCC5)CC23)CC1
C1CCC(C2CC3C(CCC34CCCC4)C3CCC4CCCCC4C23)CC1
C1CCC(CCCCC2CCC3C2CCCC2C4CCCCC4CCC23)CC1
C(CCC1CCCC2CCCC12)CC1CC2CCCCC2C1
C1CCC(CCCCC2CCCC(C3CCC4CC(CCC5CCC6CCCCC6C5)CCC43)C2)CC1
C1CCC(CCCC2CCCC(C3CCC4CC(CCC5CCC6CCCCCC6C5)CCC43)C2)CC1
C1CCC2C(C1)CCC1C3CCCC3CCC21
C1CCC(C2CCC3CCC4CCCCC4C3CC2)CC1
C1CCC(C2CC3CCCC3C3CCC4CCCCC4CC23)CC1
C1CCC2CCC3C4CCCC4CCC3C2CC1
C1CCC2CCC(C3CCCC4CCCC43)CC2CC1
C1CCC(CC2CCC3CC4(CCCCC4C4CCCCC4)CCC23)CC1
C(CCCC1CCCC2C1CCC2C1CCCC(CC2CCCC2)C1)CCC1CCCCC1
C1CCC(CCCCC2CC3CCCCC3C2C2CCCCC2)CC1
C1CCC(CCCCC2CC3CCCCC3C2C2CCCCC2)CC1
C(CCC1CCCC2CCCC12)CC1CC2CCCCC2C1
C1CCC2CCC(C3CCCC4CCCC43)CC2CC1
C1CCC(CCCCC2CC3CCCCC3C2)CC1
C1CCC(CC2CC3CCCCC3C3CCC4CCCCCC4C23)CC1
C1CCC(CCCCCC2CCCC3C(C4CCCCC4)CCC23)CC1
C1CCC2CCC3CCCCC3C2CC1
C1CCC(C2CC3CCCC3C3CCC4CCCCC4C3C2)CC1
C(CCCC1CCCCC1)CCCC1CCC(C2CCCCC2)C1
C1CCC2CC(C3CCCC4CCCC43)CCC2C1
C1CCC(CCC2CCC3C(CCC4C5CCCC5CC(CCC5CCCCC5)C34)C2)CC1
C1CCC2CCC3C4CCCCC4CC(CC4CCCC4)C3C2CC1
C1CCC(CC2CCCCC2CC2CC3CCCCC3C3CCC4CCCCCC4C23)CC1
C1CCC(CCC2CCC3C2CCC(C2CCCCC2)C2C4CCCCCC4CCC32)CC1
C1CCC(CC2CCC3C(CCCCCC4CC4)CCCC23)CC1
C1CCCC(CCCC2CCC3CCC(C4CCCC5CCCC54)CC3C2)CC1
C1CCC(C2CC3CCCCC3CC3CCCCC32)CC1
C(CCCCC1CCC(C2CCCCC2)C1)CCCC1CCCCC1
C(CCC1CCC2CCCCC2C1)CCC1CCCC2CCCCC12
C1CCC(CCC2CCC(C3CC3)CC2)CC1
C1CCC(CCC2CCCCC2)CC1
C1CCC(CCC2CCC3C(CCC4CC(C5CCCCC5)CCC43)C2)CC1
C1CCC(CC2CC3CCCCC3C3CCC4CCCCC4C23)C1
C1CCC2CC(CC3CCCC4CCCC43)CCC2C1
C1CCC(CCCCC2CCC3CCCCC23)CC1
C1CCC(C2CC3CCCC3C3CCC4CCCCC4C23)CC1
C1CCC2CC3CCC(C4CCCCC4)C3CC2CC1
C1CCC(CC2CC3CCCCC3C3CCC4CCCCC4C23)CC1
C(CCC1CCCC2CCCC12)CC1CC2CCCCC2C1
C1CCC(CCCC2CCC3C2CCC2C4CC5CCC(CC6CCCCC6)C5CC4CCC32)CC1
C1CCC2CC(CCCC3CCCC4C3CCC3C5CCCCC5CCC43)CC2C1
C1CCC(CCC2CCC(CCC3CCCC(CC4CCCC4)C3)CC2)CC1
C1CCC2CCC3C4CCC(CCCC5CC6CCCCC6C5)C4CCC3C2CC1
C1CCC(C2CCC3CC4C(CCC5C6CCC(CCCC7CC8CCCCC8C7)C6CCC45)CC32)CC1
C1CCC(C2CCC3CC4C(CCCC45CCCCC5)CC32)CC1
C1CCC(CCCCC2CCCCC3CCC(C4CCCCC4)CC23)CC1
C1CCC(CC2CCC3CC4C(CCC45CCCC5)CC23)CC1
C(CCCC1CCCC2C(C3CCCCC3)CCC12)CCC1CC1
C1CCC2CC(C3CCCC4CCCC43)CCC2C1
C(CCC1CCCC2CCCCC12)CC1CCC2CCCCC2C1
C1CCC(C2CCCCC2CC2CCC3CCCCC3C3CCC4CCCCC4C23)CC1
C1CCC(CCC(CCC2CCC3CCCC3C2)CC2CCCCC2)CC1
C1CCC(CC2CCC3CCCCC3C3CCC4CCCCC4C23)C1
C1CCC(C2CCC3CC4C(CCC5C6CCC(CCCC7CC8CCCCC8C7)C6CCC45)CC32)CC1
C1CCC(CCCCC2CC3CCCCC3C2)CC1
C1CCC(CC2CC3CCCCC3CC3CCC4CCCCC4C32)C1
C(CCC1CCCC2CCCCC12)CC1CCCC2CCCCC12
C1CCC(CCCCC2CC3CCCCC3C2)CC1
C1CCC(CC2CC3CCCCC3CC3CCC4CCCCC4C32)CC1
C1CCC(CCCC2CCC(C3CCC4C(CCC4C4CCCCC4)C3)CC2)CC1
C1CCC(CCC2CCC3C(CCC3C3CCCCC3)C2)CC1
C(CCC1CCC2CCCCC2C1)CCC1CCCC2CCCCC12
C(CCCCC1CCC(C2CCCCC2)C1)CCCC1CCCCC1
C1CCC(CC2CCC3CC4C(CCC5C6CCC(CCCC7CCC8CCCCC8C7)C6CCC45)CC23)CC1
C1CCC(CCCCC2CCC3C2CCC2C4CCCCC4CCC32)CC1
C1CCC(CC2CCC3C(CCC3C3CCCCC3)C2)CC1
C1CCC2CCC(C3CCCC4CCCC43)CC2CC1
C1CCC2CC(C3CCCC4CCCC43)C3CCCC3C2CC1
C1CCC(C2CCC(CCCCCC3CCCC4CCCCC34)C2)CC1
C1CCC2CCC3C4CCCC4CCC3C2CC1
C1CCC(C2CCC(CCCCCC3CCCC4CCCCC34)C2)CC1
C(CCCC1CCCCC1)CCCC1CCC(C2CCCCC2)C1
C1CCC2CCC3C4CCCCC4CCC3C2CC1
C(CCC1CCCCC2CCCCC12)CC1CCC2CCCCC2C1
C1CCC2CCC(C3CCC4CCCCC43)CC2CC1
C1CCC(CCCCCC2CCCC3C(C4CCCCC4)CCC23)CC1
C1CCC2CCC3C4CCCCC4CCC3C2CC1
C1CCC2CC(C3CCCC4CCCC43)CCC2C1
C1CCC2CCC(C3CCCC4CCCC43)CC2CC1
C1CCC(CCCCC2CC3CCCCC3C2)CC1
C(CCCC1CCCC2C(C3CCCCC3)CCC12)CCC1CCCCC1
C(CCCC1CCCC2C(C3CCCCC3)CCC12)CCC1CCCCC1
C1CCC(CCCCCC2CCCC3C(CC4CCCCC4)CCC23)CC1
C(CCC1CCCC2CCCC12)CC1CC2CCCCC2C1
C1CCC(C2CC3CCCCC3CC3CCCCC32)CC1
C1CCC(C2CCC3CCCC3C3CCC4CCCCC4C23)CC1
C1CCC(CCCC2CCC(CC3CCC4C(CCC4C4CCCCC4)C3)CC2)CC1
C(CCCC1CCC2CCCC2C1)CCC1CCCCC1
C1CCC(CCCCCC2CCC3CCCC3C2)CC1
C1CCC2CC(C3CCCC4CCCC43)CCC2C1
C1CCC2C(C1)CCC1CCCCC12
C1CCC(CCCCCC2CCC3CCCCC23)CC1
C1CCC2CC(C3CCCC3)CCC2C1
C1CCC(CCC2CCC3C(CCC3C3CCCCC3)C2)CC1
C1CCC(C2CCC3CC4C(CCC5C6CCC(CCCCC7CCC8CCCCC8C7)C6CCC45)CC32)CC1
C1CCC(C2CC3CCCC3C3CCC4CCCCC4C23)CC1
C1CCC(C2CCC3CCCC3C3CCC4CCCCC4C23)CC1
C1CCC2CCC3C4CCCCC4CCC3C2CC1
C1CCC(C2CCC3CCC4C(CCC5C6CCC(CCCC7CCC8CCCCC8C7)C6CCC45)CC32)CC1
C1CCC2C(C1)CCC1C3CCCCC3CCC21
C1CCC(CCCCCC2CC3CCCCC3C2)CC1
C1CCC(CC2CCC(CC(CC3CCCCC3)C3CCCCC3)CC2)CC1
C1CCC2C(C1)CCC1C3CCCCC3CCC21
C(CCCC1(C2CCCCC2)CCC1)CCC1CCC(C2CCCCC2)C1
C1CCC(C2CCC3CC4C(CCCC5C6CCC(CCCC7CCC8CCCCC8C7)C6CCC45)CC32)CC1
C1CCC(C2CC3CCCC3C3CCC4CCCCC4C23)CC1
C1CCC(C2CC3CCCC3C3CCC4CCCCC4C23)CC1
C1CCC(C2CCC3C(CCC4CCCCC43)C2)CC1
C1CCCC(CC2CCCCC2CC2CC3CCCCC3C3CCC4CCCCC4C23)CC1
C1CCC2CC(C3CCCC4CCCC43)CCC2C1
C(CCC1CCCC2CCCCC12)CC1CCCC2CCCCC12
C(CCCCC1CCC2C(CCC3C4CCCC4CCC23)C1)CCCC1CCCC(CC(CC2CCC(CC3CCCCC3)CC2)C2CCCCC2)C1
C1CCC(C2CC3C(CCC4CC4)CCC3C3CCC4CCCCC4C23)CC1
C1CCC(CCCCC2(CCC3CCCC3)CCC3C4CCC5CCCCC5C4CCC32)CC1
C1CCC2CC(C3CCCC4CCCC43)CCC2C1
C1CCC2CC(CCCC3CCC4C3CCC3C5CCCCC5CCCC43)CC2C1
C1CCC(CCCC2CCC3C(CCC3C3CCCCC3)C2)CC1
C1CCC(CCCC2CCC3C(CCC4C5CCCC5CC(CCC5CCCCC5)C34)C2)CC1
C1CCC(CCCCC2CCC3CCCCC23)CC1
C1CCC(CC2CCCCC2CC2CC3CCCCC3C3CCC4CCCCCC4C23)CC1
C1CCC(CCCCC2CC3CCCCC3C2)CC1
C1CCC2CCC(C3CCCC4CCCC43)CC2CC1
C(CCC1CCCC2CCCC12)CC1CC2CCCCC2C1
C1CCC2C(C1)CCC1C3CCCC3CCC21
C1CCC(CCCC2CCC3CCCC3C2)CC1
C(CCCC1CCCC2CCCCC12)CCC1CCC(C2CCCCC2)C1
C1CCC(C2CCC3CC4C(CCCC45CCCC5)CC32)CC1
C1CCC(CC2CCC3CCCCC3C3CCC4CCCCC4C23)CC1
C1CCC2CCC(C3CCCC4CCCC43)CC2CC1
C(CCC1CCC2CCCCC2C1)CCC1CCCC2CCCC12
C(CCC1(C2CCCC2)CCCCC2CCCCC21)CC1CCC2CCCCC2C1
C1CCC(CCCC2CCCC(C3CCC4CC(CCC5CCC6CCCCC6C5)CCC43)C2)CC1
C1CCC(CCC(CC2CCCC2)CC2CC3CCCCC3C2)CC1
C1CCC(CCCCC2CC3CCCCC3C2)CC1
C1CCC(CCC2CCC3C(CCC3C3CCCCC3)C2)CC1
C1CCC(C2CCC3CC4C(CCC45CCCC5)CC32)CC1
C1CCC(CC2CCC3CCCCC3C3CCC4CCCCC4C23)C1
C1CCC(CCC2CCC(CCC3CCCCC(CC4CCCC4)C3)CC2)CC1
C(CCC1CC2CCCCC2C1)CCC1CCCC2CCCC12
C1CCC(CCCCCC2CC3CCCCC3C2)CC1
C1CCC(CCCCCC2CC3CCCCC3C2)CC1
C1CCC(C2CCC3(CCC4CCC5C(CCC5C5CCCCC5)CC43)C2)CC1
C(CCCCC1CCC2C(CCC3C4CCCC4CCC23)C1)CCCC1CCCC(CC(CC2CCC(CC3CCCCC3)CC2)C2CCCCC2)C1
C1CCC(CCCCC2CCC3CCCCC23)CC1
C1CCC(CCC2CCC3C(CCC3C3CCCCC3)C2)CC1
C1CCC2C(C1)CCC1C3CCCC3CCCC21
C1CCC(CCCCC2CC3CCCCC3C2)CC1
C1CCC(CCC2CCC3C(CCC3C3CCCCC3)C2)CC1
C1CCC(CCCC2CCC3C(CCC3C3CCCCC3)C2)CC1
C1CCC(CCCC2CC3CCCCC3C2C2CCCCC2)CC1
C1CCC(CCCCCC2CCC3CCCCC23)CC1
C1CCC2C(C1)CCC1C3CCCC3CCC21
C1CCC(CCCCC2CCC3CCCCC23)CC1
C(CCCC1CCCC2C(C3CCCCC3)CCC12)CCC1CCCCC1
C1CCC2CCC(C3CCCC4CCCC43)CC2CC1
C1CCC(CCC2CCC3C(CCC3C3CCCCC3)C2)CC1
C1CCC2CCC3C4CCC(CCCC5CC6CCCCC6C5)C4CCC3C2CC1
C1CCC(C2CCC3CC4C(CCCC45CCCCC5)CC32)CC1
C1CCC(CC2CC3CCCCC3C3CCC4CCCCCC4C23)CC1
C1CCC(CCCCCC2CCC3C(CC4CCCCC4)CCC3C2)CC1
C1CCC(CC2CCC3CC4C(CCCC45CCCC5)CC23)CC1
C1CCC2CC3CCC(C4CCCCC4)C3CC2CC1
C1CCC2CCC(C3CCCC4CCCC43)CC2CC1
C1CCC(CC2CC3CCCCC3C3CCC4CCCCC4C23)CC1
C1CCC(CCC2(CCCC3CCC4CCCCC4C3)CCC3C4CCC5CCCCC5C4CCC32)C1
C1CCC2CC(C3CCCC4CCCC43)CCC2C1
C1CCC(CCCCC2CC3CCCCC3C2)CC1
C1CCC(CCCCCC2CC3CCCCC3C2)CC1
C1CCC(CCCCC2CC3CCCCC3C2)CC1
C1CCC(C2CC3C(CCC4CC4)CCC3CC3CCC4CCCCC4C32)CC1
C1CCC(CCC(CCC2CCC3CCCC3C2)CC2CCCCC2)CC1
C1CCC(C2CCC3CC4C(CCCC45CCCC5)CC32)CC1
C1CCC(CCCCC2CCC3CCCCC23)CC1
C1CCC(CCC2CCC(CCC3CCCC(CC4CCCC4)C3)CC2)CC1
C1CCC(CCCCC2CC3CCCCC3C2)CC1
C1CCC(C2CC3CCCC3C3CCC4CCCCC4C23)CC1
C1CCC(C2CCC3C(CCCC4CCCCC43)C2)CC1
C1CCC(C2CCC3CC4C(CCC32)CCC2C3CCC(CCCC5CC6CCCCC6C5)C3CCC42)CC1
C1CCC(CCCCCC2CC3CCCCC3C2)CC1
C1CCC(C2CCC3CC4C(CCCC45CCCC5)CC32)CC1
C1CCC(CCC2CCC3C(CCC3C3CCCCC3)C2)CC1
C(CCCC1CCCC2C(C3CCCCC3)CCC12)CCC1CCCCC1
C1CCC(CCC2CCC3C(CCC3C3CCCCC3)C2)CC1
C1CCC(CCCC2CCC3C2CCC2C4CCCCC4CCC32)CC1
C1CC2CCC3CC4C(CCC5CC54)CCC3C2C1
C1CCC2CC3CCC(C4CCCCC4)C3CC2CC1
C1CCC(CC2CCC(C3CC4CCCC4C4CCCC5CCCCC5C34)CC2)CC1
C1CCC(C2CCC3CCC4CCCCC4C3CC2)CC1
C(CCC1CCCC2CCCCC12)CC1CCCC2CCCCC12
C1CCC(CCCCC2CC3CCCCC3C2)CC1
C1CCC2CC3CCC(C4CCCCC4)C3CC2CC1
C(CCCC1CCCC2C(C3CCCCC3)CCC12)CCC1CCCCC1
C1CCC(C2CCC3CC4C(CCC5C6CCCC6CCC45)CC32)CC1
C1CCC(CCCCC2CC3CCCCC3C2)CC1
C1CCC2C(C1)CCC1C2CCC2CCC3CC3C21
C1CCC(CCC(CCC2CCC3CCCC3C2)CC2CCCCC2)CC1
C1CCC(C2CCC(C3CC4CCCC4C4CCC5CCCCC5C34)CC2)CC1
C(CCCC1CCC2C(CCC2C2CCCCC2)C1)CCC1CCCCC1
C1CCC2C(C1)CCC1C3CCCC3CCC21
C1CCC(CC2CC3CCCCC3C3CCC4CCCCC4C23)C1
C1CCC(C2CC3CCCC3C3CCCC4CCCCC4C23)CC1
C1CCC(CCCC(CC2CCC3C(CCC3C3CCCCC3)C2)C2CCCCC2)CC1
C1CCC(CC2CC3CCCCC3C3CCC4CCCCC4C23)CC1
C1CCC(CCC2CCC(C3CC3)CC2)CC1
C1CCC2CC(C3CCCC4CCCC43)CCC2C1
C1CCC(CC2CC3CCCCC3CC3CCC4CCCCC4C32)CC1
C1CCC(CCCCC2CC3CCCCC3C2)CC1
C1CCC2C(C1)CCC1C3CCCC3CCCC21
C1CCC(C2CC3CCCC3C3CCC4CCCCCC4C23)CC1
C1CCC(C2CCC(C3CC4CCCC4C4CCC5CCCCC5C34)CC2)C1
C1CCC(C2CCC3CC4(CCCCC4C4CCCCC4)CCCC32)CC1
C1CCC2CCC3C4CCC(CCCC5CC6CCCCC6C5)C4CCC3C2CC1
C1CCC(CCC2(CCCC3CCC4CCCCC4C3)CCC3C4CCC5CCCCC5C4CCCC32)C1
C1CCC2CCC3C4CCCCC4CC(CC4CCCC4)C3C2CC1
C1CCC(CCCCC2CCC3CCCCC23)CC1
C1CCC(C2CCCCC2CC2CC3CCCCC3C3CCC4CCCCCC4C23)CC1
C(CCCC1(C2CCCC2)CCCC2CCCCC21)CCC1CCC(C2CCCCC2)C1
C1CCC(CCC2CCC3C(CCC3C3CCCCC3)C2)CC1
C1CCC(CCCCCC2CCCC3C(C4CCCCC4)CCC23)CC1
C1CCC2CC(CC3CCCC4CCCC43)CCC2C1
C1CC(C2CCC(C3CC4CCCC4C4CCC5CCCCC5CC34)CC2)C1
C(CCC1CCC2CCCCC2C1)CCC1CCCC2CCCCC12
C1CCC(CCCCC2CC3CCCCC3C2)CC1
C(CCC1CCCC2CCCC12)CC1CC2CCCCC2C1
C1CCC(CC2CCCCCCC23CCC2C(CCC2C2CCCCC2)C3)CC1
C1CCC(CC2CCC(CCCC3CCC4CCCC4C3)CC2)C1
C1CCC(CCCCCC2CCC3CCCCC23)CC1
C1CCC(CC2CCC(CC(CC3CCCCC3)C3CCCCC3)CC2)CC1
C1CCC(CCC2CCC3C(CCC3C3CCCCC3)C2)CC1
C1CCC(C2CC3CCCC3C3CCCC4CCCCC4C23)CC1
C1CCC(C2CCC3C(CCCCCC4CC4)CCCC23)CC1
C1CCC2CCC3C4CCC(CCCC5CC6CCCCC6C5)C4CCC3C2CC1
C1CCC(CCC(CC2CC3CCCCC3C2)C2CCCC2)CC1
C1CC2CCC3C(CCC4CCC5CC5C43)C2C1
C1CCC(CCCCCC2CC3CCCCC3C2)CC1
C1CCC(CC2CC3(CCCC4CC5C(CCC5C5CCCCC5)CC43)CC2C2CCCCC2)CC1
C1CCC(CC2CC3CCCCC3C3CCC4CCCCCC4C23)CC1
C(CCC1CC2CCCCC2C1)CCC1CCCC2CCCC12
C(CCC1CCCCC2CCCCC12)CC1CCC2CCCCC2C1
C1CCC2CC(C3CCCC4CCCC43)CCC2C1
C1CCC2CCC(C3CCCC4CCCC43)CC2CC1
C1CCC(C2CCC3CC4C(CCC32)CCC2C3CCC(CCCC5CCCC6CCCCC65)C3CCC42)CC1
C1CCC(CCCCC2CC3CCCCC3C2)CC1
C1CCC2C(C1)CCC1C2CCC2C3CCCC3CC21
C1CCC(C2CC3CCCC3C3CCC4CCCCC4C23)CC1
C1CCC2C(C1)CCC1C3CCCC3CCC21
C(CCC1CCC2C1CCC1C3CCCCC3CCC21)CC1CCCC2CCCCC12
C1CCC(CCCCC2CCC3CCCCC23)CC1
C1CCC(CCC2CCC(CCC3CCCCC3)CC2)CC1
C1CCC(CCCCCC2CC3CCCCC3C2)CC1
C1CCC(CCCC2CCCC3CCC(C4CCCC5CCCC54)CC3C2)CC1
C1CCC(CCCCCC2CCCC3C(C4CCCCC4)CCC23)CC1
C1CCC2CCC3C4CCCC4CCC3C2CC1
C1CCC(CCCCC2CCC(C3CCC4C(CCC4C4CCCCC4)C3)CC2)CC1
C1CCC2C(C1)CCC1CCCCC12
C(CCCCC1CCC(C2CCCCC2)C1)CCCC1CCCCC1
C1CCC(C2CC3CCCC3C3CCC4CCCCC4C23)CC1
C1CCC(C2CC3CCCC3C3CCC4CCCCC4C23)CC1
C1CCC(C2CCC3CCC(C4CCCC4)CC32)CC1
C1CCC(CC2CCC3CCCCC3C3CCC4CCCCC4C23)CC1
C1CCC(C2CC3CCCC3C3CCC4CCCCC4C23)CC1
C1CCC(C2CC3CCCC3C3CCC4CCCCC4C23)CC1
C1CCC(C2CCC3CC4C(CCC32)CCC42CCCCC2)CC1
C1CCC2CC(CC3CCCC4CCCC43)CCC2C1
C1CCC(CCCCCC2CCCC3C(C4CCCCC4)CCC23)CC1
C1CCC(C2CC3CCCCC3CC3CCCCC32)CC1
C1CCC(C2CCC3CC4C5CCC6C(CCCC7CC8CCCCC8C7)CCC6C(CCC4CC32)C5)CC1
C1CCC(CCCCCC2CCCC3CCC(C4CCCCC4)CC23)CC1
C(CCCC1CCCC2C(C3CCCCC3)CCC12)CCC1CCCCC1
C1CCC(CCCC2CCCC3CCC(C4CCCC5CCCC54)CC3C2)CC1
C1CCC(C2CCC3CC4C(CCC45CCCC5)CC32)CC1
C1CCC(C2CCC3C(CCC4CCCCC43)C2)C1
C1CCC(CCCC2CCC(C3CCCC4C(C5CCCCC5)CCC34)C2)CC1
C(CCC1CC2CCCCC2C1)CCC1CCCC2CCCC12
C1CCC(CCC2(CCCC3CC4CCCCC4C3)CCC3C4CCC5CCCCC5C4CCC32)C1
C1CCC2C(C1)CCCC1C3CCCC3CCC21
C1CCC2CC(C3CCCC4CCCC43)CCC2C1
C1CCC2CC(C3CCCC4CCCC43)CCC2C1
C1CCC(CCCCCC2CCC3C(CCC3C3CCCCC3)C2)CC1
C1CCC2C(C1)CCC1C2CCC2C3CCCC3CC21
C1CCC2C(C1)CC(C1CCCC3CCCC31)C1CCCC21
C(CCC1CCC(C2CCC(C3CC4CCCC4C4CCC5CCCCC5C34)CC2)CC1)CCC1CCC2C(CCC3C4CCCC4CCC23)C1
C1CCC(CCCCC2CCC3CCC(C4CCCC5CCCC54)CC3C2)CC1
C1CCC(C2CCC3CCC4C(CCCC45CCCC5)CC32)CC1
C(CCCCC1CCC(C2CCCCC2)C1)CCCC1CCCCC1
C1CCC(CCCCC2CCC3CCC(C4CCCC5CCCC54)CC3C2)CC1
C1CCC(CCCC2CCC3C(CCC3C3CCCCC3)C2)CC1
C1CCC2CCC(C3CCCC4CCCC43)CC2CC1
C1CCC2C(C1)CCC1C2CCC2C3CCCC3CCC21
C1CCC2CC(CCCC3CCC4C3CCC3C5CCCCC5CCC43)CC2C1
C1CCC2CC(CCCC3CCC4C3CCCC3C5CCCCC5CCC34)CC2C1
C1CCC(CCC2CCC3C(CCC3C3CCCCC3)C2)CC1
C1CCC(CCC2CCC3C(CCC4C5CCCC5CCCC34)C2)CC1
C1CCC(C2C3CCCC3CC3CC4CCCC4CC32)CC1
C1CCC2C(C1)CCC1C3CCCCC3CCC21
C1CCC(CCCCC2CC3CCCCC3C2)CC1
C1CCC(C2CCC(C3CCC4CCCC4C4CCC5CCCCC5C34)CC2)C1
C(CCCC1CCCC2C(C3CCCCC3)CCC12)CCC1CCCCC1
C(CCCC1CCCCC1)CCCC1CCC(C2CCCCC2)C1
C1CCC(CCCC2CCCC3CCCCC32)C2CCCCC2C1
C1CCC(C2CC3CCCC3C3CCC4CCCCC4C23)CC1
C1CCC(CC2CCC(CC(CC3CCCCC3)C3CCCCC3)CC2)CC1
C1CCC(CCC2(CCCCC3CC4CCCCC4C3)CCC3C4CCC5CCCCC5C4CCC32)C1
C1CCC(CC2CCC3CCCCC3C3CCC4CCCCC4C23)CC1
C1CCC2C(C1)CCCC2CCCC1CCC2C1CCC1C3CCCCC3CCCC21
C1CCC(CCCCC2CCC3CCC(C4CCCC5CCCC54)CC3C2)CC1
C1CCC(C2CC3CCCC3C3CCC4CCCCCC4C23)CC1
C1CCC(C2CCC3CC4C(CCCC45CCCC5)CCC32)CC1
C1CCC2C(C1)CC(C1CCCC3CCCC31)C1CCCCC21
C1CCC(CCCCC2CCC3CCCCC23)CC1
C1CCC(C2CCC3CC4CCCCC4CC32)CC1
C1CC(C2CCC(CC3CC4CCCC4C4CCC5CCCCC5C34)CC2)C1
C1CCC(CCC2CCC3C(CCC3C3CCCC3)C2)CC1
C1CCC2CC(CCCC3CCCC4C3CCC3C5CCCCC5CCC43)CC2C1
C1CCC(CCC2CCC3C(CCC3C3CCCCC3)C2)CC1
C1CCC(C2CCC3CC4CCCCC4CC32)CC1
C1CCC2C(C1)CCC1CCCCC12
C1CCC(CC2CC3CCCCC3C3CCCCC23)CC1
C1CCC(CCC2CCC(C3CC3)CC2)CC1
C(CCC1CCC2C1CCC1C3CCCCC3CCC21)CC1CC2CCCCC2C1
C1CCC2C(C1)CC(C1CCCC3CCCC31)C1CCCC21
C1CCC2CC(CC3CCCC4CCCC43)CCC2C1
C1CCC(C2CCC(CCCCCC3CCCC4CCCCC34)C2)CC1
C1CCC2C(C1)CCC1CCCCC12
C(CCCC1CCCC2C(C3CCCCC3)CCC12)CCC1CCCCC1
C1CCC(CCC2CCC3C(CCC4CCCCC43)C2)CC1
C1CCC(C2CCC3(CCC4CC5C(CCC5C5CCCCC5)CC43)C2)CC1
C1CCC2CCC3CCCCC3C2CC1
C1CCC2CC(CCCC3CCC4C3CCCC3C5CCCCC5CCC34)CC2C1
C1CCC(C2CC3CCCC3C3CCC4CCCCC4CC23)CC1
C1CCC2C(C1)CCC1C2CCC2C3CCCCC3CC21
C1CCC(C2CCC3CC4C(CCC5C6CCCC(CCCC7CCC8CCCCC8C7)C6CCC45)CC32)CC1
C1CCC(C2CC3CCCC3C3CCC4CCCCCC4C23)CC1
C1CCC(CCCCCC2CC3CCCCC3C2)CC1
C1CCC(CCCCC2CC3CCCCC3C2)CC1
C1CCC(CC2CC3CCCCC3C3CCC(CCC4CCCC4)CC23)CC1
C1CC2CCC3C(CCCC4CCC5CC5C43)C2C1
C1CCC2C(C1)CCC1C3CCCC3CCC21
C1CCC(CCC2CCC3C(CC4CCCCC4)CCC3C2)CC1
C1CCC(CC2CC3CCCC3C3CCC4CCCCC4C23)CC1
C1CCC(C2CCC3C(CCCCCC4CCC(C5CCCC5)C4)CCCC23)CC1
C1CCC(C2CCC3(CCC4CCC5C(CCC5C5CCCCC5)CC43)C2)CC1
C1CCC(CCC2CCC3C(CCC3C3CCCC(CCC4CCCC4)C3)C2)CC1
C1CCC(CC2CC3CCCCC3C3CCC4CCCCCC4C23)CC1
C1CCC(CCCCC2CCC3CCCCC23)CC1
C1CCC(CCCCC2CC3CCCCC3C2)CC1
C1CCC2CCC3C4CCC(CCCC5CC6CCCCC6C5)C4CCC3C2CC1
C1CCC(C2CCC(CC3CC4CCCCC4C4CCC5CCCCC5C4C3)CC2)CC1
C1CCC(CCCCC2CC3CCCCC3C2)CC1
C1CCC(CCC(CCC2CCC3CCCC3C2)CC2CCCCC2)CC1
C1CCC2CC(C3CCCC4CCCC43)CCC2C1
C1CCCC(CC2CCCCC2CC2CC3CCCCC3C3CCC4CCCCC4C23)CC1
C1CCC(C2CC3CCCC3C3CCC4CCCCCC4C23)CC1
C1CCC(CCCCCC2CCC3CCCCC23)CC1
C1CCC(CCC2CCC(CCC3CCCC(CC4CCCC4)CC3)CC2)CC1
C1CCC2CCC3C4CCCCC4CCC3C2CC1
C1CCC(CCC2CCC(CCC3CCCCC(CC4CCCC4)C3)CC2)CC1
C1CCC(CCC2CCC3C(CCC4CC(CC5CCCCC5)CCC43)C2)CC1
C1CCC2CCC3C4CCCCC4CCC3C2CC1
C1CCC(CCC2CCC3CC4CCCCC4CCC3C2)CC1
C1CCC2CCC3C4CCCC4CCC3C2CC1
C(CCC1CCCCC2CCCCC12)CC1CCC2CCCCC2C1
C1CCC(CCCCCC2CC3CCCCC3C2)CC1
C(CCCC1CCCC2C(C3CCCCC3)CCC12)CCC1CC1
C1CCC(CCCCC2CCC3CCCC3C2)CC1
C1CCC2CC(C3CCCC4CCCC43)CCC2C1
C1CCC2CC(C3CCCC4CCCC43)CCC2C1
C1CCC(CCCC2CCC3CCC(C4CCCC5CCCC54)CC3C2)CC1
C1CCC(C2CC3CCCC3C3CCC4CCCCC4C3C2)CC1
C1CCC(CCCC(CCC2CCC3CCCC3C2)CC2CCCCC2)CC1
C1CCC(C2CCC3CC4C(CCC5C6CCC(CCCC7CCCC8CCCCC87)C6CCC45)CC32)CC1
C1CCC(C2CCC3CCCC4(CCCCC4)C3C2)CC1
C1CCC(CCC2CCC3C(CCCC4C5CCCC5CCC34)C2)CC1
C1CCC2C(C1)CCC1C3CCCC3CCC21
C1CCC(C2CCC(CCCCCC3(C4CCCC4)CCCCC4CCCCC43)C2)CC1
C1CCC(C2CC3CCCC3C3CCC4CCCCC4C23)CC1
C1CCC(C2CC3CCCC3C3CCCC4CCCCC4C23)CC1
C1CCC(C2CC3CCCC3C3CCC4CCCCC4CC23)CC1
C1CCC(CC2CCCC2CC2CCC3CCCCC3C3CCC4CCCCC4C23)CC1
C(CCC1CCCC2CCCC12)CC1CC2CCCCC2C1
C1CCC2C(C1)CCCC1C3CCCC3CCC21
C1CCC(CCC2CC3CCCCC3C3CCC4CCCCC4C23)CC1
C1CCC(CCCCC2CC3CCCCC3C2)CC1
C1CCC(CC2CCC3CC4C(CC5CCC6CCCCC65)CCCC4CC23)CC1
C1CCC2CC(CC3CCCC4CCCC43)CCC2C1
C1CCC2CCC(C3CCCC4CCCC43)CC2CC1
C(CCC1CCCC2CCCC12)CC1CC2CCCCC2C1
C1CCC(CCCC2(CCC3CCCC3)CCC3C4CCC5CCCCCC5C4CCC32)CC1
C1CCC(CCCC(CCC2CCC3CCCC3C2)CC2CCCCC2)CC1
C1CCC(C2CCC3CC4C(CCCC45CCCCC5)CC32)CC1
C1CCC2CC(CCCC3CCCC4C3CCC3C5CCCCC5CCC43)CC2C1
C1CCC2C(C1)CCC1C3CCCC3CCC21
C1CCC2C(C1)CCC1C3CCCC3CCC21
C(CCCC1CCC2CCCC2C1)CCCC1CCC(C2CCCCC2)C1
C1CCC(C2CCC3CCCC3C3CCC4CCCCC4C23)CC1
C1CCC(CCCCCC2CC3CCCCC3C2)CC1
C1CCC(CCCCC2CC3CCCCC3C2)CC1
C1CCC(CC2CC3CCCCC3C3CCC4CCCCCC4C23)CC1
C1CCC2C(C1)CCC1C2CCC2C3CCCCC3CC21
C1CCC(CCCC(CCC2CCC3CCCC3C2)CC2CCCCC2)CC1
C1CCC2CC(CCCC3CCC4C3CCC3C5CCCCC5CCCC43)CCC2C1
C1CCC2CCC3CCCCC3C2CC1
C1CCC(CCCCC2CC3CCCCC3C2C2CCCCC2)CC1
C(CCC1CCCC2CCCCC12)CC1CC2CCCCC2C1
C1CCC(CC2CC3CCCCC3CC3CCC4CCCCC4C32)C1
C1CCC2CC(CCCC3CCCCC4CCCCC43)CC2C1
C1CCC(CCCCCC2CC3CCCCC3C2)CC1
C1CCC(CCCCCC2CCCC3C(C4CCCCC4)CCC23)CC1
C1CCC(CCCCC2CCC3C2CCC2C4CC5CCC(C6CCCCC6)C5CC4CCC32)CC1
C1CCC(C2CC3CCCCC3C3CCCCC23)CC1
C1CCC(CCCCC(CC2CCC3C(CCC3C3CCCCC3)C2)C2CCCCC2)CC1
C1CCC(CC2CC3CCCCC3C3CCC4CCCCC4C23)CC1
C1CCC2C(C1)CCC1CC3CC4CCCC4C3CCC12
C1CCC(C2CCC3CC4C(CCC32)CCC2C3CCCC3CCC42)CC1
C1CCC(CCC2CCC3C(CCC3C3CCCCC3)C2)CC1
C1CCC(CCCC2CCC3CCC(C4CCCC5CCCC54)CC3CC2)CC1
C1CCC(C2CC3CCCCC3C3CCCCC3C2)CC1
C1CCC(C2CC3C(CCC34CCCC4)C3CCCC4CCCCC4C23)CC1
C1CCC2CCC3C4CCCC4CCC3C2CC1
C1CCC(C2CCC3CC4C(CCC5C6CCC(CCCC7CC8CCCCC8C7)C6CCC45)CC32)CC1
C1CCC(CCCCC2CC3CCCCC3C2)CC1
C1CCC(CCCCC2CC3CCCCC3C2)CC1
C1CCC(CCCCC2CCC3CCCCC23)CC1
C1CCC(C2CCC3CCC4C(CCC5C6CCC(CCCC7CC8CCCCC8C7)C6CCC45)CC32)CC1
C1CCC(CCCC2CCC3C2CCC2C4CC5CCC(C6CCCCC6)C5CCC4CCC32)CC1
C(CCC1CCC2CCCCC2C1)CCC1(C2CCCC2)CCCC2CCCCC21
C1CCC2C(C1)CC(C1CCCC1)C1CCCCC21
C1CCC(CCCCC2CCC3C2CCC2C4CC5CCC(C6CCCCC6)C5CC4CCC32)CC1
C1CCC(C2CCC3CC4C(CCCC45CCCCC5)CC32)CC1
C1CCC2C(C1)CCC1C3CCCC3CCC21
C1CCC(CCCCCC2CCC3CCCCC23)CC1
C(CCCC1CCCC2C(C3CCCCC3)CCC12)CCC1CCCCC1
C1CCC(C2CCC3CC4C(CCC32)CCC42CCCC2)CC1
C1CCC(C2CC3CCCC(C3)C3CCC4CCCCC4C32)CC1
C1CCC(C2CC3CCCC3C3CCC4CCCCCC4C23)CC1
C1CCC(C2CCC3CC4C(CCC5C6CCC(CCCC7CCC8CCCCC8C7)C6CCCC45)CC32)CC1
C1CCC(C2CCCC3C(CCC4CCCCC43)C2)CC1
C1CCC2CCC3C(CCC4C3CCC4(CCCC3CC4CCCCC4C3)CCC3CCCC3)C2CC1
C1CCC(C2CCC3CC4C(CCC45CCCCCC5)CC32)CC1
C1CCC(CCCCCC2CC3CCCCC3C2)CC1
C1CCC(CCCCCC2CCCC3C(CC4CCCCC4)CCC23)CC1
C1CCC2CCC(C3CCCC4CCCC43)CC2CC1
C1CCC(CCC2CCC(CC3CCC4C(CCC4C4CCCCC4)C3)CC2)CC1
C1CCC(CCCCC2CC3CCCCC3C2)CC1
C1CCC(CCCCC2CC3CCCCC3C2)CC1
C1CCC(CCC2CCC(C3CCC4C(CCC4C4CCCCC4)C3)CC2)CC1
C1CCC2CC(CCCC3CCC4C3CCC3C5CCCCC5CCCC43)CC2C1
C1CCC(CCC2CCC3C(CCC3C3CCCCC3)C2)CC1
C(CCCC1CCCC2CCCCC12)CCC1CCC(C2CCCCC2)C1
C1CCC(CCC(CCC2CCC3CCCCC3C2)CC2CCCCC2)CC1
C1CCC(CCCC2CCC3CCC(C4CCCC5CCCC54)CC3C2)CC1
C1CCC(CCCCC2CC3CCCCC3C2)CC1
C1CCC(CCC(CC2CC3CCCCC3C2)C2CCC2)CC1
C1CCC2CC3CCC(C4CCCCC4)C3CC2CC1
C1CCC2CC(CCCC3CCC4C3CCC3C5CCCCC5CCC43)CC2C1
C(CCCC1CCC(CC2CCCCC2)C1)CCCC1CCC2CCCC2C1
C1CCC(C2CC3CCCC3C3CCCC4CCCCC4C23)CC1
C1CCC2C(C1)CC(C1CCCC1)C1CCCCC21
C1CCC(CC2CCC(CC(CC3CCCCC3)C3CCCCC3)CC2)CC1
C1CCC(C2CC3CCCC(C3)C3CCC4CCCCC4C32)CC1
C1CCC(CCC2CCC(C3CC3)CC2)CC1
C1CCC(C2CCC3CC4C(CCC45CCCCCC5)CC32)CC1
C1CCC(CCC2CCC3C(CCC3C3CCCCC3)C2)CC1
C1CCC(C2CCC3CC4C(CCC45CCCC5)CC32)CC1
C1CCC2C(C1)CCC1C3CCCC3CCC21
C1CCC2C(C1)CCC1C3CCCC3CCC21
C1CCC(CC2CCC3CC4C(CCC45CCCCC5)CC23)CC1
C1CCC(CCC2CCC3C(CCC3C3CCCCC3)C2)CC1
C1CCC(CC2CC3CCCC3C3CCC4CCCCC4C23)CC1
C1CCC2CCC(C3CCCC4CCCC43)CC2CC1
C1CCC(C2CCC3CC4C(CCC32)CCC2C3CCC(CCCC5CC6CCCCC6C5)C3CCC42)CC1
C1CCC(CCCC2CCC3C(CCC3C3CCCCC3)C2)CC1
C1CCC(CC2CCC3C(CCC3C3CCCCC3)C2)CC1
C1CCC(CC2CC3CCCCC3C3CCC4CCCCCC4C23)CC1
C1CCC(CCCCCC2CCC3CCCCC23)CC1
C(CCC1CCC2CCC(C3CCCC4CCCC43)CC2C1)CC1CCC2CCCC2C1
C1CCC(CCCCC2CCC3CCC(C4CCCC5CCCC54)CC3C2)CC1
C1CCC(C2CC3CCCC3C3CCC4CCCCCC4C23)CC1
C1CCC2C(C1)CCC1C3CCCC3CCC21
C1CCC(CCCCC2CCC3CCCCC23)CC1
C1CCC2CC(C3CCCC4CCCC43)CCC2C1
C1CCC(CCCCC2CC3CCCCC3C2)CC1
C1CCC(C2CCC3CC4C(CCC5C6CCC(CCCC7CC8CCCCC8C7)C6CCC45)CC32)CC1
C(CCC1CCCC2CCCCC12)CC1CCC2CCCCC2C1
C1CCC(C2CC3C(CCC4CC4)CCC3C3CCCC4CCCCC4C23)CC1
C1CCC(CCC2CCC3C(CCC4CC(C5CCCCC5)CCC43)C2)CC1
C1CCC(C2CCC3CC4CCCCC4CC32)CC1
C(CCCC1CCCC2C1CCC2C1CCC(CC2CC2)CC1)CCC1CCCCC1
C1CCC(CCC2CCC(CC3CCC4C(CCC4C4CCCCC4)C3)CC2)CC1
C1CCC(C2CC3CCCC3C3CCC4CCCCCC4C23)CC1
C1CCC(CCCCCC2CCCC3C(C4CCCCC4)CCC23)CC1
C1CCC(CCC2CCC3C(CCC3C3CCCC(CC4CCCC4)C3)C2)CC1
C1CCC2C(C1)CCC1C3CCCCC3CCC21
C1CCC(CC2CCCC(C3CCC4CC(CCC5CCC6CCCCC6C5)CCC43)C2)C1
C1CCC2CC(C3CCCC4CCCC43)CCC2C1
C1CCC2C(C1)CCCC2CCCC1CCCC2CCCCC21
C1CCC2C(C1)CCC1CCCCC12
C1CCC(CCCCC2CCC3CCCCC23)CC1
C1CCC(C2CC3CCCC3C3CCC4CCCCC4C23)CC1
C(CCCC1CCCC2C1CCC2C1CCCC(CC2CC2)C1)CCC1CCCCC1
C1CCCC(CC2CCCC2CC2CC3CCCCC3C3CCC4CCCCC4C23)CC1
C1CCC2CC(C3CCCC4CCCC43)CCC2C1
C1CCC2CCC(C3CCCC4CCCC43)CC2CC1
C1CCC(CCC2CCCC2CC2CC3CCCCC3C3CCC4CCCCC4C23)CC1
C1CCC(C2CC3CCCC3C3CCC4CCCCCC4C23)CC1
C1CCC2CCC3C4CCC(CCCC5CC6CCCCC6C5)C4CCC3C2CC1
C1CCC(C2CC3CCCC3C3CCC4CCCCC4C3C2)CC1
C1CCC2C(C1)CCC1C3CCCCC3CCCC21
C1CCC(C2CCC3C(CCC34CCCC4)C3CCCC4CCCCC4C23)CC1
C1CCC2CCC3C4CCCCC4CCC3C2CC1
C(CCC1CCCC2CCCCC12)CCC1CCCC2CCCC12
C1CCC(CCCCCC2CCC3CCCCC23)CC1
C1CCC(CCCCC2CC3CCCCC3C2)CC1
C1CCC(C2CCC3(CCC4CC5C(CCC5C5CCCCC5)CC43)C2)CC1
C1CCC(CCC2CCCC3CC4C(CCC4C4CCCCC4)CC23)CC1
C(CCCC1CCCC2C(C3CCCCC3)CCC12)CCC1CCC(C2CCCC2)C1
C1CCC(CCC2CCC3C(CCC3C3CCCCC3)C2)CC1
C1CCC(CCCCC2CC3CCCCC3C2)CC1
C1CCC(CC2CCC3CC4C(CCC45CCCCC5)CC23)CC1
C1CCC(CC2CCCC(C3CCC4CC(CCC5CCC6CCCCC6C5)CCC43)C2)C1
C1CCC(CCCC2CCC(CCC3CCCC(CC4CCCC4)C3)CC2)CC1
C1CCC(CCCCC2CCC3C2CCC2C4CCCCCC4CCC32)CC1
C1CCC(CCCCC2CC3CCCCC3C2)CC1
C1CCC(CC2CCC(CC(CC3CCCCC3)C3CCCCC3)CC2)CC1
C1CCC2C(C1)CC(C1CCCC1)C1CCCCC21
C1CCC(CC(CC2CCCCC2)C2CCCCC2)CC1
C1CCC(CCCCC2CC3CCCCC3C2)CC1
C1CCC(CCCCC2CC3CCCCC3C2)CC1
C1CCC2CC(C3CCCC4CCCC43)CCC2C1
C(CCCC1CCCC2C(C3CCCCC3)CCC12)CCC1CCCCC1
C1CCC(C2CC3CCCC3C3CCC4CCCCC4C23)CC1
C(CCCC1CCCCC1)CCCC1CCC(CC2CCCCC2)C1
C1CCC2C(C1)CC(C1CCCC3CCCCC31)C1CCCCC21
C1CCC(CCCCC2CCC3CCCCC23)CC1
C1CCC(CCCCCC2CCCC3C(C4CCCCC4)CCC23)CC1
C1CCC(CCCCC2CCC3CCCCC3C2)C2CCCCC2CC1
C1CCC2CCC3C4CCCC4CCC3C2CC1
C1CCC(CCCCC2CC3CCCCC3C2)CC1
C1CCC(CCCCC2CC3CCCCC3C2)CC1
C1CCC(CCCCCC2CC3CCCCC3C2)CC1
C1CCC(C2CCC3CC4C(CCCC45CCCC5)CCC32)CC1
C1CCC2CCC3C4CCCC4CCC3C2CC1
C1CCC2CC(C3CCCC4CCCC43)CCC2C1
C1CCC(C2CC3CCCC3C3CCCC4CCCCC4C23)CC1
C(CCC1CCCC2CCCCC12)CC1CCC2CCCCC2C1
C1CCC(CCCCCC2CCC3CCCCC23)CC1
C1CC(C2CCC(C3CC4CCCC4C4CCC5CCCCC5C34)CC2)C1
C1CCC(CCC(CC2CCCCC2)C2CCCCC2)CC1
C1CCC(CCC2(CCCC3CCC4CCCCC4C3)CCC3C4CCC5CCCCC5C(CCC32)C4)C1
C1CCC2CC(C3CCCC4CCCC43)CCC2C1
C1CCC(CCC2CCCCC3CC4C(CCC4C4CCCCC4)CC23)CC1
C1CCC(CCC(CCCC2CCC3CCCC3C2)CCC2CCCCC2)CC1
C1CCC(CCCCCC2CCC3CCCCC23)CC1
C1CCC(CCCCC(CC2CCC3C(CCC3C3CCCCC3)C2)C2CCCCC2)CC1
C1CCC(C2CC3CCCC3C3CCCC4CCCCC4C23)CC1
C1CCC2CC(CCCC3CCC4C3CCCC3C5CCCCC5CCC34)CC2C1
C(CCCC1CCCCC1)CCCC1CCC(C2CCCCC2)C1
C1CCC(C2CCC3CCC4C(CC5CC6CCCCC6C5)CCCC4CC32)CC1
C1CCC(C2CCC3CC4C(CCCC45CC(C4CCCCC4)C(C4CCCCC4)C5)CCC32)CC1
C1CCC2CCC(C3CCCC4CCCC43)CC2CC1
C1CCC(CCC2CCC(CCC3CCCC(CCC4CCCC4)C3)CC2)CC1
C(CCCCC1CCC(C2CCCCC2)C1)CCCC1CCCCC1
C1CCC(CCCCC2CCCC3C2CCC2C4CCCCC4CCC32)CC1
C1CCC(CCCCCC2CCCCC2)CC1
C1CCC2CC(C3CCCC4CCCC43)CCC2C1
C1CCC2C(C1)CCCC2CCCC1CCCC2CCCCC21
C1CCC(CC2CCC(CC(CC3CCCCC3)C3CCCCC3)CC2)CC1
C1CCC(C2CC3C(CCC4CC4)CCCC3C3CCC4CCCCC4C23)CC1
C1CCC2C(C1)CCCC1C2CCC2C3CCCC3CC21
C1CCC(CCC2CCC(C3CC3)CC2)CC1
C(CCC1(C2CCCC2)CCCC2CCCCC21)CC1CCC2CCCCC2C1
C1CC2CCCC2C(CC2CC3CCCCC3C3CCCC23)C1
C1CCC(CCCCC2CC3CCCCC3C2C2CCCCC2)CC1
C1CCC2C(C1)CCC1C2CCCC2C3CCCC3CC21
C1CCC2CCC3C4CCCCC4CC(CC4CCCC4)C3C2CC1
C1CCC(CC2CC3CCCCC3CC3CCC4CCCCC4C32)C1
C1CCC(CCC2CCC(CCC3CCCC(CC4CCCCC4)C3)CC2)CC1
C1CCC(CCCCCC2CCCC3C(C4CCCCC4)CCC23)CC1
C1CCC2CCC(C3CCCC4CCCC43)CC2CC1
C1CCC(CCC2CCC(CCC3CCCC(CC4CCCC4)CC3)CC2)CC1
C1CCC(CCC2CCC3C(CCC3C3CCCCC3)C2)CC1
C1CCC2CC(CCCC3CCCC4C3CCC3C5CCCCC5CCC43)CC2C1
C1CCC(C2CCC3CC4C(CCCC4CC4CCC5CCCCC54)CCC32)CC1
C(CCCCC1CCC(C2CCCCC2)C1)CCCC1CCCCC1
C(CCCC1CCCCC1)CCCC1CCC(C2CCCCC2)C1
C1CCC2CC(C3CCCC3)C3CCCCC3CC2C1
C1CCC(CCC2(CCCC3CC4CCCCC4C3)CCC3C4CCC5CCCCC5C4CCC32)C1
C1CCC(C2CCC3CC4C(CCC45CCCCC5)CC32)CC1
C1CC2CCC3C(CCC4CCC5CCC5C43)C2C1
C1CCC(CC2CCCC2CC2CC3CCCCC3C3CCC4CCCCCC4C23)CC1
C(CCC1CCCCC2CCCCC12)CC1CCC2CCCCC2C1
C1CCC2CC(CC3CCCC4CCCC43)CCC2C1
C1CCC(CCC2CCC3C(CCC3C3CCCCC3)C2)CC1
C1CCC(CC2CCCCCCC23CCC2C(CCC2C2CCCCC2)C3)CC1
C1CCC(CCCC2CCCC3CC4C(CCC4C4CCCCC4)CC23)CC1
C1CCC2C(C1)CC(C1CCCC1)C1CCCCC21
C(CCCC1CCC2CCCC2C1)CCCC1CCC(C2CCCCC2)C1
C1CCC2C(C1)CCC1C3CCCCC3CCCC21
C1CCC(C2CC3CCCC3C3CCC4CCCCCC4C23)CC1
C1CCC(C2CC3C(CCC34CCCC4)C3CCC4CCCCC4CC23)CC1
C1CCC(C2CCC3CC4C(CCC45CCCCCC5)CC32)CC1
C1CCC(CCCCC2CCC3CCCCC23)CC1
C(CCC1CCC(C2CCC(C3CC4CCCC4C4CCC5CCCCC5C34)CC2)CC1)CCC1CCC2C(CCC3C4CCCC4CCC23)C1
C1CCC2CC(C3CCCC4CCCC43)CCC2C1
C1CCC(CCC2CCC3C(CCC3C3CCCCC3)C2)CC1
C1CCC2CCC(C3CCCC4CCCC43)CC2CC1
C1CCC2CCC(C3CCCC4CCCC43)CC2CC1
C1CCC2C(C1)CC(C1CCCC1)C1CCCC21
C1CCC(CCCCC2CC3CCCCC3C2)CC1
C1CCC2CC(C3CCCC4CCCC43)CCC2C1
C1CCC(C2CCC3C(CCCCCC4CCC(C5CCCC5)C4)CCCC23)CC1
C1CCC(CCC2CCCC3CC4C(CCC23)CCC4C2CCCCC2)CC1
C1CCC(CCCCCC2CC3CCCCC3C2)CC1
C1CCC(C2CC3CCCC3C3CCC4CCCCCC4C23)CC1
C1CCC(C2CCC3CCCC3C3CCC4CCCCC4C23)CC1
C1CCC(C2CCC3CCCCC3C3CCC4CCCCC4C23)CC1
C1CCC(CCCCC2CC3CCCCC3C2)CC1
C1CCC(CCCCC2CCC3CCC(C4CCCC5CCCC54)CC3C2)CC1
C1CCC(CCC2CCC3C2CCC2C4CCCCC4CCC32)C1
C1CCC(CCC2CCC3C2CCC(C2CCCCC2)C2C4CCCCC4CCC32)CC1
C1CCC2CC(CC3CCCC4CCCC43)CCC2C1
C1CCC(CCC2CC3CCCCC3C3CCC4CCCCC4C23)CC1
C1CCC(CCCC2CCC3C(CCC4CCCCC43)C2)CC1
C1CCC(CCCC2(CCCC3CCC4CCCCC4C3)CCC3C4CCC5CCCCC5C4CCC32)C1
C1CCC(CCC2CCC3C(CCCC4CC(C5CCCCC5)CCC43)C2)CC1
C(CCC1CCC2C(CCC3C4CCCC4CCC23)C1)CC1CCC(C2CCC(C3CC4CCCC4C4CCC5CCCCC5C34)CC2)CC1
C1CCC(C2CC3CCCCC3C3CCCCC3C2)CC1
C1CCC(C2CCC3CC4C(CCC32)CCC42CCCC2)CC1
C1CCC(CC2CC3CCCCC3C3CCC4CCCCC4C23)CC1
C1CCC(C2CC3CCCC3C3CCC4CCCCC4C23)CC1
C1CCC(CC2CC3CCCCC3C3CCC4CCCCC4C23)C1
C1CCC(CCCCCC2CC3CCCCC3C2)CC1
C1CCC2CC3CCCCC3CCC2C1
C1CCC(CCCCCC2CC3CCCCC3C2)CC1
C1CCC(CCCCC2CC3CCCCC3C2)CC1
C1CCC(C2CC3CCCC3C3CCC4CCCCC4C23)CC1
C1CCC(CCC2CCC(C3CCC4C(CC5CCCCC5)CCC4C3)CC2)CC1
C1CCC(CCC2CCC3C2CCC(C2CCCCC2)C2C4CCCCC4CCC32)CC1
C1CCC(CCC2CCC3C(CCC3C3CCCCC3)C2)CC1
C1CCC(CCC2CCC(C3CCC3)CC2)CC1
C1CCC2CC(CCCC3CCCC4C3CCC3C5CCCCC5CCC43)CC2C1
C1CCC(CCCC2CCC3CCCC3C2)CC1
C1CCC2C(C1)CCC1C3CCCC3CCC21
C1CCC(C2CCC3CC4C(CCCC45CCCCC5)CC32)CC1
C1CCC(C2CCC(CCCCCC3CCCCC4CCCCC34)C2)CC1
C1CCC(C2CC3CCCC3C3CCC4CCCCCC4C23)CC1
C1CCC(C2CCC3C(CCC4CCCCC43)C2)CC1
C1CCC(C2CCC3CCC4(CCCCC4C4CCCCC4)CCC32)CC1
C1CCC(C2CC3C(CCC4CCC4)CCC3C3CCC4CCCCC4C23)CC1
C1CCC(CCCCC2CCC3CCCCC23)CC1
C1CCC(C2CCC3CC4C(CCC45CCCC5)CC32)CC1
C1CCC(CC2CCC3CC4CCCCC4CC23)CC1
C1CCC(CCC2CCC(CCC3CCCC(CC4CCCCC4)C3)CC2)CC1
C1CCC(CC2CCC3C(CCC3C3CCCCC3)C2)CC1
C1CCC(CCC2CCC3C2CCC(C2CCCCC2)C2C4CCCCCC4CCC32)CC1
C1CCC(CCC2CCC3C(CCCC4C5CCCC5CCC34)C2)CC1
C1CCC(CCC2CCC3C(CCC3C3CCCCC3)C2)CC1
C1CCC(C2CCCC3(CCC4CC5C(CCC5C5CCCCC5)CC43)C2)CC1
C1CCC2C(C1)CCC1C3CCCC3CCC21
C1CCC(CCCC2CCC3C2CCC2C4CCCCC4CCCC32)C1
C1CCC(C2CCC3CC4C(CCC32)CCC2C3CCCC3CCC42)CC1
C(CCCC1CCCC2C1CCC2C1CCC(CC2CC2)CC1)CCC1CCCCC1
C1CCC(C2CCC3CC4C(CCCC45CCCC5)CC32)CC1
C1CCC(CCC2CCC3C(CCC4C5CCCCC5CC(CCC5CCCCC5)C34)C2)CC1
C1CCC(C2CCC(CCCCCC3CCCC4C(C5CCCCC5)CCC34)C2)CC1
C(CCC1CCC2CCCCC2C1)CCC1CCCC2CCCC12
C1CCC(C2CCC3CC4C(CCC45CCCCC5)CC32)CC1
C1CCC(C2CC3CCCC3C3CCC4CCCCC4C3C2)CC1
C1CCC2C(C1)CCC1C3CCCC3CCC21
C(CC1CCC(C2CCCC2)CC1)CC1CCC2CCCC2C1
C1CCC2CCC(C3CCCC4CCCC43)CC2CC1
C1CCC2CC(C3CCCC4CCCC43)CCC2C1
C1CCC(CC2CCC(CC(CC3CCCCC3)C3CCCCC3)CC2)CC1
C1CCC(C2CC3CCCC3C3CCCC4CCCCC4C23)CC1
C1CCC(C2CCC3CCCC3C3CCC4CCCCCC4C23)CC1
C1CCC2CC(CC3CCCC4CCCC43)CCC2C1
C1CCCC(CCCC2CCC3CCC(C4CCCC5CCCC54)CC3C2)CC1
C1CCC(C2CCC3C(CCCCCC4CCC(C5CCCC5)C4)CCCC23)CC1
C1CCC(CCC2CCC(C3CC3)CC2)CC1
C(CCCC1CCCCC1)CCCC1CCC(C2CCCCC2)C1
C1CCC(CCCCCC2CC3CCCCC3C2)CC1
C1CCC(CCCC2CCC3CCC(C4CCCC5CCCC54)CC3C2)CC1
C1CCC(CCC2CCCCC2)CC1
C1CCC(CCC(CC2CC3CCCCC3C2)C2CC2)CC1
C1CCC(CCC2CCCCC2)CC1
C1CCC2CCC3C4CCCCC4CC(CC4CCCC4)C3C2CC1
C(CCCC1CCCC2CCCC12)CCC1CCCCC1
C(CCC1CCC2C1CCC1C3CCCCC3CCC21)CC1CCC2CCCCC2C1
C1CCC(C2CCC3CC4C(CCC5C6CCC(CCCC7CCC8CCCCC8C7)C6CCC45)CC32)CC1
C1CCC(CC2CCC3C(CCC4CCCCC43)C2)CC1
C(CCC1CCCC2CCCCC12)CC1CCC2CCCCC2C1
C1CCC(CC2CC3CCCCC3C3CCC4CCCCCC4C23)CC1
C1CCC(C2CCC3C(CCCCCC4CC4)CCCC23)CC1
C1CCC2CCC(C3CCCC4CCCC43)CC2CC1
C1CCC(CC2CCC3CC4C(CCC45CCC(C4CCCCC4)C5)CC23)CC1
C1CCC(CCCCC2CCC3CCCCC23)CC1
C1CCC(C2CCC(C3CC4CCCC4C4CCC5CCCCC5C34)CC2)C1
C1CCC(C2CCC3CCC4C(CCC5C6CCC(CCCC7CC8CCCCC8C7)C6CCC45)CC32)CC1
C1CCC(C2CCC3CC4C(CCC5C6CCC(CCCCC7CC8CCCCC8C7)C6CCC45)CC32)CC1
C1CCC(CCCCC2CC3CCCCC3C2)CC1
C1CCC(C2CC3CCCC3C3CCC4CCCCC4C23)CC1
C1CCC2CCC3CCCCC3C2CC1
C1CCC2CCC3C4CCCC4CCC3C2CC1
C1CCC2C(C1)CCC1C3CCCCC3CCC21
C1CCC(CCCCCC2CC3CCCCC3C2)CC1
C1CCC(C2CCC3CC4C(CCCC45CCCC5)CCC32)CC1
C1CCC(CCCCC2CCC3CCCCC23)CC1
C1CCC2C(C1)CCC1C3CCCCC3CCC21
C(CCC1CCCC2CCCC12)CC1CC2CCCCC2C1
C1CCC(CC2CCC3C(CCC3C3CCCCC3)C2)CC1
C1CCC(CCC2CCC3C(CCC3C3CCCCC3)C2)CC1
C1CCC(CCC2CCC3C(CCC4CC(C5CCCCC5)CCC43)C2)CC1
C1CCC(CCC2CCC3C(CCC3C3CCCCC3)C2)CC1
C1CCC2CCC3C4CCCC4CCC3C2CC1
C1CCC(CCC2CCC3C(CCC3C3CCCCC3)C2)CC1
C1CCC(CC(CC2CCCCC2)C2CCCCC2)CC1
C1CCC(CCCCCC2CCCCC2)CC1
C1CCC(CCCCCC2CC3CCCCC3C2)CC1
C1CCC2CC3CCC4CCCC4C3CCC2C1
C1CCC(CCC2CCC(CCC3CCCCC3)CC2)CC1
C1CCC(C2CCC3CCC4(CCCCC4)CC3C2)CC1
C(CCC1CCCCC2CCCCC12)CC1CCC2CCCCC2C1
C1CCC(CCC2CCC3C(CCC3C3CCCCC3)C2)CC1
C1CCC(CCC2CCC3C(CCC4CC(CC5CCCCC5)CCC43)C2)CC1
C1CCC(CCC2CCC3C(CCC4C5CCCC5CCC34)C2)CC1
C1CCC(CCC2CCC3C(CCC3C3CCCCC3)C2)CC1
C1CCC(CC2CC3CCCCC3C3CCC4CCCCCC4C23)CC1
C1CCC(CC2CCC3CCCCC3C3CCC4CCCCC4C23)CC1
C1CCC(CCC(CCC2CC3CCCCC3C2)C2CC2)CC1
C1CCC(CCCCC2CC3CCCCC3C2)CC1
C1CCC2C(C1)CCC1C3CCCC3CCC21
C1CCC(CCCCC2CC3CCCCC3C2)CC1
C1CCC(C2CCC3CC4C(CCCC5C6CCC(CCCC7CC8CCCCC8C7)C6CCC45)CC32)CC1
C1CCC2C(C1)CCC1C3CCCC3CCC21
C1CCC(CCCC2CCCC3C2CCC2C4CC5CCC(C6CCCCC6)C5CC4CCC32)CC1
C(CCCC1CCCC2CCCC12)CCC1CCC2CCCCC2C1
C1CCC(C2CC3CCCC3C3CCC4CCCCC4C23)CC1
C(CCCC1CCCC2C(C3CCCCC3)CCC12)CCC1CCC(C2CCCC2)C1
C1CCC(CCCC2CCC3C2CCC2C4CC5CCC(C6CCCCC6)C5CC4CCCC32)CC1
C1CCC(CCC(CCC2CCC3CCCCC3C2)CC2CCCCC2)CC1
C1CCC(C2CC3CCCC3C3CCC4CCCCC4C23)CC1
C(CCC1CCCC2CCCCC12)CC1CCCC2CCCCC12
C1CCC2C(C1)CCC1C3CCCC3CCC21
C1CCC(C2CCC3CC4C(CCC5C6CCC(CCCC7CCC8CCCCC8C7)C6CCCC45)CC32)CC1
C1CCC2CC(CCCC3CCC4C3CCC3C5CCCCC5CCC43)CC2C1
C1CCC(CCC2(CCCC3CC4CCCCC4C3)CCCC3C4CCC5CCCCC5C4CCC32)C1
C1CCC2C(C1)CCC1C3CCCC3CCCC21
C1CCC(CCCC2CCC3CCC(C4CCCC5CCCC54)CC3C2)CC1
C1CCC2C(C1)CCC1CCCCC12
C(CCCC1CCCC2C(C3CCCCC3)CCC12)CCC1CCCCC1
C1CCC(CC2CC3CCCCC3C3CCC4CCCCC4C23)CC1
C1CCC(C2CCC3CC4C(CCC32)CCC42CCCCC2)CC1
C1CCC2C(C1)CCC1C3CCCC3CCC21
C1CCC(CCCCCC2CCC3CCCCC23)CC1
C(CCCC1CCCC2C(C3CCCCC3)CCC12)CCC1CCC(C2CCCC2)C1
C1CCC(CCC2CCC(CC3CC3)CC2)CC1
C1CCC(CCCCCC2CCCC3C(C4CCCCC4)CCC23)CC1
C(CCC1CCC2C1CCC1C3CCCCC3CCC21)CC1CC2CCCCC2C1
C1CCC(CCCCC2CCCC3CCC(C4CCCCC4)CC23)CC1
C(CCCC1CCCC2C(C3CCCCC3)CCC12)CCC1CCCCC1
C(CCCC1CCCC2C(C3CCCCC3)CCC12)CCC1CCCCC1
C1CCC(CCCCC2CC3CCCCC3C2)CC1
C(CCC1CCCC2CCCC12)CC1CC2CCCCC2C1
C1CCC(CCC2CCCC(C3CCCC4C(C5CCCCC5)CCC34)C2)CC1
C1CCC(C2CC3CCCC3C3CCC4CCCCC4CC23)CC1
C1CCC(C2CCC3CC4C(CCC45CCCCCC5)CC32)CC1
C1CCC2C(C1)CCC1C3CCCC3CCC21
C1CCC(CCCCCC2CCCC3C(C4CCCCC4)CCC23)CC1
C(CCC1CCC2CC(CCC3C4CCCC4CCC23)C1)CC1CCC(C2CC3CCCC3C3CCC4CCCCC4C23)CC1
C1CCC(CCC2CCC3C(CCC3C3CCCCC3)C2)CC1
C(CCCCC1CCCC2C(CCC3C4CCCC4CCC23)C1)CCCC1CCCC(CC(CC2CCC(CC3CCCCC3)CC2)C2CCCCC2)C1
C(CCC1CCC(C2CC3CCCC3C3CCC4CCCCC4C23)CC1)CCC1CCC2C(CCC3C4CCCC4CCC23)C1
C1CCC2C(C1)CCCC1CCCCC12
C1CCC(CCCC2CCCCC2)CC1
C1CCC2CC(CCCC3CCCCC4CCCCC43)CC2C1
C(CCC1CCCCC2CCCCC12)CC1CCC2CCCCC2C1
C1CCC(C2CCC3CC4C(CCC32)CCC2C3CCC(CCCC5CC6CCCCC6C5)C3CCC42)CC1
C1CCC(CCC2CCC3C(CCC4C5CCCC5CC(CCC5CCCCC5)C34)C2)CC1
C1CCC(CCC2CCC(CCCC3CCCC(CC4CCCC4)C3)CC2)CC1
C1CCC(C2CCC3CCC4C(CCCC45CCCC5)CC32)CC1
C1CCC(CC2CC3CCCCC3C3CCC4CCCCCC4C23)CC1
C(CCCC1CCCC2C(C3CCCCC3)CCC12)CCC1CCC(C2CCCC2)C1
C1CCC(CCCC(CC2CC3CCCCC3C2)C2CC2)CC1
C1CCC(CCC2CCC(C3CC3)CC2)CC1
C1CCC(CC(CC2CCCCC2)C2CCCCC2)CC1
C(CCC1CCC2CCCCC2C1)CCC1CCCC2CCCCC12
C1CCC(CCCCC2CCC3CCCCC3C2)CC1
C1CCC(CC2CC3CCCCC3C3CCC4CCCCC4C23)CC1
C1CCC2C(C1)CCC1C3CCCC3CCC21
C(CCC1CCCC2CCCCC12)CC1CC2CCCCC2C1
C1CCC2CCC(C3CCCC4CCCC43)CC2CC1
C1CCC(C2CCC3C(CCC3C3CCCCC3)C2)CC1
C1CCC(CC2CCC(C3CC4CCCC4C4CCC5CCCCC5C4C3)CC2)CC1
C1CCC(CC2CCC3CCCCC3C3CCC4CCCCC4C23)CC1
C1CCC(CCC2CCC(CCC3CCCC(CC4CCCC4)C3)CC2)CC1
C1CCC2CCC(C3CCCC4CCCC43)CC2CC1
C1CCC(CC2CC3CCCCC3C2C2CCCCC2)CC1
C1CCC(CCCCCC2CCCC3CCC(C4CCCCC4)CC23)CC1
C1CCC(CCC2CCCCC2)CC1
C1CCC(C2CCC(CC3CC4CCCCC4C4CCC5CCCCCC5C34)CC2)CC1
C1CCC2C(C1)CCC1C2CCC2C3CCCC3CC21
C1CCC(CCC2CCC(CCC3CCCC(CC4CCCC4)C3)CC2)CC1
C1CCC(C2CC3CCCC3C3CCC4CCCCC4C23)CC1
C1CCC(CCC2CCCC3CC4C(CCC4C4CCCCC4)CC23)CC1
C1CCC(CCC2CCCCC3CC4C(CCC4C4CCCCC4)CC23)CC1
C1CCC2C(C1)CCC1C3CCCCC3CCC21
C1CCC(C2CC3CCCC3C3CCC4CCCCC4C23)CC1
C1CCC2C(C1)CCC1CCCCC12
C1CCC2CCC3C4CCCCC4CC(CC4CCCC4)C3C2CC1
C1CCC(CCC2CCC3C(CCC3C3CCCCC3)C2)CC1
C1CCC(C2CC3CCCC3C3CCC4CCCCC4C23)CC1
C1CCC(CCC2CCC3C(CCC3C3CCCCC3)C2)CC1
C1CCC(CCCCC2CCC3CCC(C4CCCC5CCCC54)CC3C2)CC1
C1CCC(CCCCCC2CC3CCCCC3C2)CC1
C1CCC2CC(CC3CCCC4CCCC43)CCC2C1
C1CCC(C2CCC3CC4C(CCCC45CCCCC5)CC32)CC1
C1CCC2C(C1)CCC1C3CCCC3CCC21
C1CCC(CCC2CCC3C(CCC4C5CCCC5CC(CCC5CCCCC5)C34)C2)CC1
C1CCC(CCC2CCC(C3CC3)CC2)CC1
C1CCC2C(C1)CCC1C3CCCCC3CCC21
C1CCC(CCCCCC2CCCC3C(C4CCCCC4)CCC23)CC1
C1CCC2C(C1)CCC1CCCCC12
C1CCC(CC2CC3CCCCC3C3CCC4CCCCCC4C23)CC1
C1CCC(C2CCCC3C(CCC4CCCCC43)C2)CC1
C1CCC2C(C1)CCC1C3CCCC3CCC21
C1CCC(C2CC3C(CCC34CCCC4)C3CCC4CCCCCC4C23)CC1
C1CCC(CC2CCC(CCCCCC3(C4CCCCC4)CCC3)C2)CC1
C1CCC(CCCCCC2CCC3CCCCC23)CC1
C1CCC(C2CCC3CCC(C4CCCC4)C3C2)C1
C1CCC2C(C1)CCC1C3CCCCC3CCC21
C1CCC(CCCCCC2CC3CCCCC3C2)CC1
C1CCC(C2CCC3(CC2)CCC2CC4C(CCC4C4CCCCC4)CC23)CC1
C1CCC(CCCC(CCC2CCC3CCCC3C2)CC2CCCCC2)CC1
C1CCC(CC2CCC(CC(CC3CCCCC3)C3CCCCC3)CC2)CC1
C1CCC(CCCCC2CC3CCCCC3C2)CC1
C1CCC(CCCCCC2CCCC3C2CCC3C2CCCC(CC3CCCCC3)C2)CC1
C1CCC2C(C1)CCC1C3CCCC3CCCC21
C1CCC(CCC2CCC(C3CCCC4C(C5CCCCC5)CCC34)C2)CC1
C1CCC(CCC2CCC3C(CC4CCCCC4)CCC3C2)CC1
C1CCC2CC(C3CCCC4CCCC43)CCC2C1
C1CCC(C2CCC3CC4C(CCCC5C6CCC(CCCC7CCC8CCCCC8C7)C6CCC45)CC32)CC1
C1CCC(C2CC3CCCC3C3CCC4CCCCC4C23)CC1
C1CCC(CCC2CCC(CCCC3CCCC(CC4CCCC4)C3)CC2)CC1
C1CCC(CCC2CCC(CCC3CCCC(CCC4CCCC4)C3)CC2)CC1
C1CCC2C(C1)CCC1C3CCCC3CCCC21
C1CCC(CCCCC2CC3CCCCC3C2)CC1
C1CCC(C2CC3CCCC3C3CCCC4CCCCC4C23)CC1
C1CCC(CCCCCC2CCC3CCCCC23)CC1
C1CCC(CCCCC2CC3CCCCC3C2)CC1
C1CCC(C2CCC3CC4C(CCC32)CCC42CCCCC2)CC1
C(CCC1CCCC2CCCCC12)CC1CCC2CCCCC2C1
C1CCC(CCCCC2CC3CCCCC3C2)CC1
C(CCC1CCCC2CCCCC12)CC1CCC2CCCCC2C1
C1CCC(CCCCC2CC3CCCCC3C2)CC1
C1CCC(CCCC2CCC3C2CCC2C4CCCCC4CCC32)CC1
C(CCC1CCCC2CCCCC12)CCC1CCCC2CCCCC12
C1CCC(C2CCC3CC4C(CC5CCC6CCCCC65)CCCCC4CC32)CC1
C1CCC(CCCC2CC3CCCCC3C2C2CCCCC2)CC1
C1CCC(CCCCC2CCC3CCCCC23)CC1
C1CCC(C2CC3CCCCC3C3CCCCC23)CC1
C1CCC2C(C1)CCC1C3CCCC3CCC21
C1CCC(C2CC3CCCCC3C3CCC4CCCCC4C23)CC1
C1CCC(C2CCC3CC4C(CCCC45CCCC5)CCC32)CC1
C1CCC(C2CCC3CC4C(CCC5C6CCC(CCCCC7CC8CCCCC8C7)C6CCC45)CC32)CC1
C1CCC(C2CC3CCCC3C3CCC4CCCCC4C23)CC1
C1CCC(CCC2CCC3C(CCC3C3CCCCC3)C2)CC1
C1CCC(CC2CC3CCCCC3C3CCC4CCCCC4C23)CC1
C1CCC2CC(CCCC3CCC4C3CCCC3C5CCCCC5CCC34)CC2C1
C1CCC(CC2CC3CCCCC3CC3CCC4CCCCC4C32)CC1
C(CCCCC1CCC(C2CCCCC2)C1)CCCC1CCCCC1
C1CCC(C2CCC3CC4C(CCCC45CCCCC5)CC32)CC1
C1CCC(CCCC2CCC3CCC(C4CCCC5CCCC54)CC3C2)CC1
C1CCC2CCC3C4CCC(CCCC5CC6CCCCC6C5)C4CCC3C2CC1
C1CCC(CCC2CCC(C3CCC4C(CCC4C4CCCCC4)C3)CC2)CC1
C1CCC(C2CC3CCCCC3C3CCC4CCCCC4C23)CC1
C1CCC(CCCCC2CC3CCCCC3C2)CC1
C1CCC(CCCC2CCC3C(CCC3C3CCCCC3)C2)CC1
C1CCC2CC(CCCC3CCCC4C3CCC3C5CCCCC5CCC43)CC2C1
C1CCC(CCCCC2CCC3CCCCC23)CC1
C1CCC2CC(C3CCCC3)C3CCCC3C2CC1
C1CCC(C2CCC3CC4(CCCCCCC4C4CCCCC4)CCC32)CC1
C1CCC2CCC(C3CCCC4CCCC43)CC2CC1
C1CCC(CCC2(CCCC3CC4CCCCC4C3)CCC3C4CCC5CCCCC5C4CCC32)C1
C1CCC(CC2CC3CCCCC3C3CCC4CCCCCC4C23)CC1
C1CCC2CC(CCCC3CCCC4C3CCC3C5CCCCC5CCC43)CC2C1
C1CCC(CCCC2CCC3CCCC3C2)CC1
C1CCC2CCC3C4CCCC4CC(C4CCC(CCCCC5CCC6C(CCC7C8CCCC8CCC67)C5)CC4)C3C2CC1
C1CCC(CCCCCC2CCCC3C(C4CCCCC4)CCC23)CC1
C1CCC(CCCCCC2CCCC3C(C4CCCCC4)CCC23)CC1
C(CCC1CCCC2CCCC12)CC1CC2CCCCC2C1
C(CCC1CCCC2CCCCC12)CCC1CCCC2CCCCC12
C1CCC(C2CCC3CC4C(CCC5C6CCC(CCCC7CCCC8CCCCC87)C6CCC45)CC32)CC1
C1CCC(CCCCC2CCC3CCCCC23)CC1
C(CCCC1CCCC2CCCCC12)CCC1CCC(C2CCCCC2)C1
C1CCC(CCCCC2CC3CCCCC3C2)CC1
C1CCC2CCC3C4CCCCC4CC(CC4CCCC4)C3C2CC1
C1CCC(C2CC3CCCC3C3CCC4CCCCCC4C23)CC1
C1CCC(C2CCC3CC4C(CCCC45CCCC5)CCC32)CC1
C1CCC(CCC2CCC3C(CCC3C3CCCCC3)C2)CC1
C(CCC1CCCC2CCCCC12)CC1CCCC2CCCCC12
C1CCC(C2CCC3CC4C(CCCC45CCCCC5)CC32)CC1
C1CCC(CCCC2CCC3C(CCC3C3CCCC(CC4CCCC4)C3)C2)CC1
C(CCC1CCCC2CCCCC12)CC1CCCC2CCCCC12
C(CCC1CCCC2CCCCC12)CC1CCCC2CCCCC12
C1CCC2CCC(C3CCCC4CCCC43)CC2CC1
C1CCC(CC2CCC(CC(CC3CCCCC3)C3CCCCC3)CC2)CC1
C1CCC(CCC2CCC3C(CCC3C3CCCCC3)C2)CC1
C1CCC(CCCCCC2CCCCC2)CC1
C1CCC2C(C1)CCC1C3CCCC3CCC21
C1CCC(CC2CCC3CC4C(CCCC45CCCC5)CC23)CC1
C1CCC(CCCCC2CCC3CCCCC23)CC1
C(CCC1CCCC2CCCCC12)CC1CCC2CCCCC2C1
C1CCC2C(C1)CC(C1CCCC1)C1CCCCC21
C1CCC(CCCCCC2CCCC3C(C4CCCCC4)CCC23)CC1
C1CCC(CC2CC3CCCCC3C3CCC4CCCCC4C23)C1
C1CCC(CC2CCC3C(CC4CCCCC4)CCC3C2)CC1
C(CCC1CC2CCCCC2C1)CCC1CCCC2CCCC12
C1CCC2C(C1)CCC1CCCCC12
C(CC1CCC(C2CCCC2)CC1)CC1CCC2CCCC2C1
C1CCC2C(C1)CCC1CCCCC12
C1CCC(CCC2CCC3C(CCC3C3CCCCC3)C2)CC1
C1CCC(CCCCC(CC2CCC3C(CCC3C3CCCCC3)C2)C2CCCCC2)CC1
C1CCC(CCCC2CCC3CCC(C4CCCC5CCCC54)CC3C2)CC1
C1CCC2CC(CCCC3CCC4C3CCCC3C5CCCCC5CCC34)CC2C1
C1CCC(CCC2CCC3C(CCC3C3CCCC3)C2)CC1
C1CCC2C(C1)CCC1C3CCCC3CCC21
C1CCC2CCC3C4CCCCC4CC(CC4CCCC5CCCCC54)C3C2CC1
C1CCC(C2CCC3C(CCC4CCCCC43)C2)CC1
C(CCCC1CCCC2C(C3CCCCC3)CCC12)CCC1CCCCC1
C1CCC2CC(CCCC3CCC4C3CCCC3C5CCCCC5CCC34)CC2C1
C(CCCC1CCC2C(CCC2C2CCCCC2)C1)CCC1CCCCC1
C1CCC(CCC2CCC3C(CC4CCCCC4)CCC3C2)CC1
C1CCC(C2CC3C(CCC4CC4)CCC3C3CCC4CCCCC4C23)CC1
C1CCC(CCCCCC2CCCC3C(CC4CCCCC4)CCC23)CC1
C1CCC(CCCCC2CC3CCCCC3C2)CC1
C1CCC(CCC2CCC3C(CCC4CCCCC43)C2)CC1
C1CCC(CCCCCC2CCC3CCCCC23)CC1
C1CCC(CCC2CCC(CCC3CCCC(CC4CCCC4)C3)CC2)CC1
C1CCC(C2CCC3CC4C(CCCC45CCCCC5)CC32)CC1
C1CCC(C2CC3CCCC3C3CCC4CCCCC4C23)CC1
C1CCC(CCC2CCC3C(CCC4CCCCC43)C2)CC1
C(CCC1CCC2C(CCC3C4CCCC4CCC23)C1)CC1CCC(C2CC3CCCC3C3CCC4CCCCC4C23)CC1
C1CCC2CCC(C3CCCC4CCCC43)CC2CC1
C1CCC(CCCC2CCC(C3CCC4C(CCC4C4CCCCC4)C3)CC2)CC1
C1CCC(CCCC2CCC3CCC(C4CCCC5CCCC54)CC3C2)CC1
C1CCC(CC2CC3CCCCC3C3CCC4CCCCCC4C23)CC1
C1CCC(CCC2CCC3C(CCC3C3CCCCC3)C2)CC1
C(CCC1CCCC2CCCCC12)CC1CCC2CCCCC2C1
C1CCC(CCCC(CCC2CCCCC2)CCC2CCC3CCCC3C2)CC1
C1CCC(CCCC2CCC3C(CCC3C3CCCCC3)C2)CC1
C1CCC(CCC2CCC3C(CC4CCCCC4)CCC3C2)CC1
C1CCC(C2CCC3C(CCCCCC4CCC(CC5CCCC5)C4)CCCC23)CC1
C1CCC(CCCCC2CCC3CCCCC23)CC1
C1CCC(CCCCCC2CCCC3C(C4CCCCC4)CCC23)CC1
C1CCC(CCC2CCC(CCC3CCCCC3)CC2)CC1
C1CCC2CC(CC3CCCC4CCCC43)CCC2C1
C1CCC2CC(C3CCCC4CCCC43)CCC2C1
C1CCC(C2CCC3CC4C(CCC45CCCCC5)CC32)CC1
C1CCC(C2CC3CCCC3C3CCC4CCCCC4C3C2)CC1
C1CCC(CC2CCC3CC4C(CCC45CCC(C4CCCCC4)C5)CC23)CC1
C1CCC(C2CCC(C3CC4CCCC4C4CCC5CCCCC5C34)CC2)C1
C1CCC2CCC3C4CCCCC4CC(CC4CCCC4)C3C2CC1
C(CCC1CC2CCCCC2C1)CCC1CCCC2CCCC12
C(CCCCC1CCCC(CC(CC2CCC(CC3CCCCC3)CC2)C2CCCCC2)C1)CCCCC1CCC2C(CCC3C4CCCC4CCC23)C1
C1CCC2CC(C3CCCC4CCCC43)CCC2C1
C1CCC(CCCCC2CC3CCCCC3C2)CC1
C1CCC(CC2CCC3C(CCC3C3CCCCC3)C2)CC1
C1CCC2C(C1)CCC1C2CCC2C3CCCC3CC21
C1CCC(CC2CC3CCCCC3C3CCC4CCCCCC4C23)CC1
C1CCC(CC2CC3CCCCC3C3CCC4CCCCC4C23)CC1
C1CCC(CCCC2CCC3C2CCC2C4CC5CCC(C6CCCCC6)C5CC4CCC32)CC1
C1CCC2CC(CCCC3CCC4C3CCCC3C5CCCCC5CCC34)CCC2C1
C1CCC(C2CCC3CC4C(CCC5C6CCCC(CCCC7CCC8CCCCC8C7)C6CCC45)CC32)CC1
C1CCC(CC2CCCC2CC2CC3CCCCC3C3CCC4CCCCC4C23)CC1
C1CCC2C(C1)CCC1C2CCC2C3CCCC3CC21
C1CCC2CC(CCCC3CCC4C3CCCC3C5CCCCC5CCC34)CC2C1
C(CCC1(C2CCCC2)CCCC2CCCCC21)CC1CCC2CCCCC2C1
C1CCC(C2CC3CCCC3C3CCC4CCCCC4CC23)CC1
C(CC1CC2CCCCC2C1)CC1CCC2C(CCC3C4CCCCC4CCC23)C1
C1CCC2C(C1)CCCC1C3CCCC3CCC21
C1CCC(C2CCC3CCC4C(CCCC45CCCC5)CC32)CC1
C(CCC1CCCC2CCCCC12)CCC1CCCC2CCCCC12
C(CCCC1CCCC2C(C3CCCCC3)CCC12)CCC1CCCCC1
C1CCC2CC(C3CCCC4CCCC43)CCC2C1
C1CCC(CCC2(CCCCC3CC4CCCCC4C3)CCC3C4CCC5CCCCC5C4CCC32)C1
C1CCC(C2CCC3CC4C(CCC5C6CCCC(CCCC7CCC8CCCCC8C7)C6CCC45)CC32)CC1
C1CCC(CCC2CCC3C(CCC3C3CCCCC3)C2)CC1
C1CCC(CCCCC2CCC3CCCCC23)CC1
C1CCC(CCC2CCC(CCC3CCCC(CC4CCCC4)C3)CC2)CC1
C1CCC(C2CCC3C(CCC3C3CCCCC3)C2)CC1
C1CCC2CC(C3CCCC4CCCC43)CCC2C1
C1CCC(CCC2CCCCC3CC4C(CCC4C4CCCCC4)CC23)CC1
C1CCC2CCC(C3CCCC4CCCC43)CC2CC1
C1CCC2C(C1)CCCC1C2CCC2C3CCCC3CC21
C1CCC2C(C1)CCCC1C3CCCC3CCC21
C1CCC(CC2CCC3CCCCC3C3CCC4CCCCC4C23)C1
C1CCC2CC(CCCC3CCCC4C3CCC3C5CCCCC5CCC43)CC2C1
C1CCC(CCCCCC2CCCC3C(C4CCCCC4)CCC23)CC1
C1CCC(C2CCC3C(CCC4CCCCC43)C2)CC1
C1CC2CCC3CC4C(CCC5CC54)CCC3C2C1
C1CCC2C(C1)CCC1C3CCCC3CCCC21
C1CCC(CCCC2CCC3CCC(CC4CCCC5CCCC54)CC3C2)CC1
C1CCC(CC2CC3CCCCC3C3CCC4CCCCC4C23)C1
C(CCCC1CCCCC1)CCCC1CCC(C2CCCCC2)C1
C1CCC(C2CCC3CC4C(CCCC45CCCCC5)CC32)CC1
C1CCC2CCC3CCCCC3C2CC1
C1CCC2C(C1)CCCC1CCCCC12
C(CCCC1CCCCC1)CCCC1CCC(C2CCCCC2)C1
C1CCC(C2CCC3CC4(CCCCCC4C4CCCCC4)CCCC32)CC1
C1CCC(CCCC(CCC2CCC3CCCC3C2)CC2CCCCC2)CC1
C(CCC1CCC2CCCCC2C1)CCC1(C2CCCC2)CCCC2CCCCC21
C(CCC1CCCC2CCCCC12)CCC1CCCC2CCCCC12
C1CCC(C2CCC(CCCCCC3CCCC4CCCCC34)C2)CC1
C1CCC(CCCCCC2CC3CCCCC3C2)CC1
C1CCC(CC2CC3CCCCC3C3CCC4CCCCC4C23)CC1
C1CCC2CC(CCCC3CCC4C3CCC3C5CCCCC5CCC43)CC2C1
C1CCC2CCC3C4CCCC4CCC3C2CC1
C1CCC(CCCC(CC2CC3CCCCC3C2)C2CC2)CC1
C1CCC(C2CC3CCCC3C3CCC4CCCCC4C23)CC1
C1CCC2C(C1)CCC1C3CCCCC3CCC21
C1CCC(C2CC3CCCC3C3CCC4CCCCCC4C23)CC1
C(CCCC1CCCCC1)CCCC1CCC(CC2CCCCC2)C1
C1CCC(CC2CC3CCCCC3C3CCC4CCCCC4C23)CC1
C1CCC(C2CC3C(CCC34CCCC4)C3CCC4CCCCC4C23)CC1
C1CCC2CC(C3CCCC4CCCC43)CCC2C1
C(CCC1CC2CCCCC2C1)CCC1CCCC2CCCC12
C1CCC(CC2CCC3C(CCC3C3CCCCC3)C2)CC1
C1CCC(C2CCC3CC4(CCCCCC4C4CCCCC4)CCC32)CC1
C1CCC(C2CCC3CC4C(CCCC45CCCCC5)CC32)CC1
C1CCC(C2CCC3C(CCCCCC4CCC(C5CCCC5)C4)CCCC23)CC1
C1CCC2CC(C3CCCC4CCCC43)CCC2C1
C1CCC(C2CC3CCCCC3C3CCC4CCCCC4C23)CC1
C1CCC(CC2CCCCC2CC2CC3CCCCC3C3CCC4CCCCCC4C23)CC1
C1CCC2CC(CC3CCCC4CCCC43)CCC2C1
C(CCC1CCCC2CCCCC12)CCC1CCCC2CCCCC12
C1CCC(CCCCC2CCC3CCC(C4CCCC5CCCC54)CC3C2)CC1
C(CCC1CCCC2CCCC12)CC1CC2CCCCC2C1
C1CCC(CC2CCCCCCC23CCC2C(CCC2C2CCCCC2)C3)CC1
C1CCC(C2CCC3CC4C(CCC32)CCC42CCCC2)CC1
C1CCC(CCC2CCC3C(CC4CCCCC4)CCC3C2)CC1
C1CCC2CC(C3CCCC4CCCC43)CCC2C1
C1CCC(CCC2CCC3C(CC4CCCCC4)CCC3C2)CC1
C1CCC(CCCCC2CCC3CCCCC23)CC1
C1CCC(CCCCCC2CCCC3C(CC4CCCCC4)CCC23)CC1
C1CCC2CCC3C(CCC4C5CCCC5CC43)C2CC1
C(CCCC1CCC2C(CCC2C2CCCCC2)C1)CCC1CCCCC1
C1CCC(CCC2CCC3C(CC4CCCCC4)CCC3C2)CC1
C1CCC(CCC2CCCC3CCC4C(CCC4C4CCCCC4)CC23)CC1
C1CCC(C2CCC3CC4C(CCCC45CCCCC5)CC32)CC1
C1CCC(CCCC2CCC3CCC(CC4CCCC5CCCC54)CC3C2)CC1
C1CCC2CCC3C4CCCC4CCC3C2CC1
C1CCC2C(C1)CCC1C2CCC2C3CCCC3CC21
C1CCC(CCCC2CCC3CCC(C4CCCC5CCCC54)CC3C2)CC1
C1CCC(CC2CCC3C(CCC3C3CCCCC3)C2)CC1
C1CCC2C(C1)CCC1C3CCCC3CCC21
C1CCC(CCC2CC3CCCCC3C3CCC4CCCCC4C23)CC1
C1CCC(C2CCC(CCCCCC3CCCC4CCCCC34)C2)CC1
C1CCC(C2CCC3C(CCCCCC4CCC(C5CCCC5)C4)CCCC23)CC1
C1CCC2CCC(C3CCCC4CCCC43)CC2CC1
C1CCC(CCC2CC3CCCCC3C3CCC4CCCCC4C23)CC1
C1CCC(C2CCC3CC4C(CCC32)CCC42CCCC2)CC1
C(CCCC1CCCCC1)CCCC1CCC(C2CCCCC2)C1
C1CCC(C2CCC3CC4C(CCCC45CCCC5)CC32)CC1
C1CCC2C(C1)CCC1C3CCCCC3CCC21
C1CCC2CC(CCCC3CCC4C3CCC3C5CCCCC5CCC43)CC2C1
C1CCC(CCC(CCC2CCC3CCCC3C2)CC2CCCCC2)CC1
C1CCC(CCC2CCC3C2CCCC(C2CCCCC2)C2C4CCCCC4CCC32)CC1
C1CCC(CCC2CCC3C(CCC3C3CCCCC3)C2)CC1
C1CCC2CCC3C4CCCCC4CC(CC4CCCC4)C3C2CC1
C1CCC(CCCCC2CCC3CCCCC23)CC1
C1CCC(CCCCCC2CCC3CCCCC23)CC1
C1CCC(CCCC(CCC2CCCCC2)CCC2CCC3CCCC3C2)CC1
C1CCC2CC(C3CCC4CCCCC43)CCC2C1
C1CCC(CCCCCC2CC3CCCCC3C2)CC1
C1CCC(CC2CCC3C(CCC3C3CCCCC3)C2)CC1
C1CCC2CCC3C4CCC(CCCC5CCCC5)C4CCC3C2CC1
C1CCC2CC(C3CCCC4CCCC43)CCC2C1
C1CCC(CCCCC2CCC3CCC(C4CCCC5CCCC54)CC3C2)CC1
C1CCC(CCCC2CC3CCCCC3C2C2CCCCC2)CC1
C1CCC(CCC2CCC3C(CCC3C3CCCCC3)C2)CC1
C1CCC(CCC2CCC3C(CCC3C3CCCCC3)C2)CC1
C1CCC2CCC3C4CCC(CCCC5CCCC5)C4CCC3C2CC1
C1CCC(C2CC3CCCCC3C3CCC4CCCCC4C23)CC1
C1CCC(CCC2CCC(CCC3CCCC(CCC4CCCC4)C3)CC2)CC1
C1CCC(CCCCC2C3CCCCC3CCC2C2CCCC3CCCC32)CC1
C1CCC(CCC(CC2CCCC2)CC2CC3CCCCC3C2)CC1
C1CCC(CCC2CCC3C(CC4CCCCC4)CCC3C2)CC1
C1CCC(C2CCC3CC4C(CCCC5C6CCC(CCCC7CC8CCCCC8C7)C6CCC45)CC32)CC1
C1CCC(C2CCC3CCC4C(CCC45CCCCC5)CC32)CC1
C1CCC(C2CC3CCCC3C3CCC4CCCCCC4C23)CC1
C1CCC2C(C1)CCC1C3CCCCC3CCC21
C1CCC(CC2CC3CCCCC3C3CCC4CCCCC4C23)CC1
C1CCC(CCCCC2CC3CCCCC3C2)CC1
C1CCC(CCCCC2CC3CCCCC3C2)CC1
C(CCCC1CCCC2C(C3CCCCC3)CCC12)CCC1CCCCC1
C1CCC2C(C1)CCCC2CCCC1CCCC2CCCCC21
C1CCC(C2CCC3CC4(CCCCCC4C4CCCCC4)CCC32)CC1
C1CCC(CCCCCC2CC3CCCCC3C2)CC1
C1CCC(CCCCC2CC3CCCCC3C2)CC1
C1CCC(CCC2CCC3C(CCC3C3CCCCC3)C2)CC1
C1CCC(CCCCCC2CCCC3C(C4CCCCC4)CCC23)CC1
C1CCC(C2CCC3C(CCC4CCCCC43)C2)CC1
C1CCC(CCCCC2CC3CCCCC3C2)CC1
C1CCC(CCC2CCCC3CCC4C(CCC4C4CCCCC4)CC23)CC1
C(CCCC1CCCC2CCCCC12)CCC1CCC(C2CCCCC2)C1
C1CCC(CC2CCC(CC(CC3CCCCC3)C3CCCCC3)CC2)CC1
C1CCC2C(C1)CC(C1CCCC3CCCCC31)C1CCCC21
C1CCC(C2CC3CCCCC3CC3CCCCC32)CC1
C1CCC(CCC(CC2CC3CCCCC3C2)C2CC2)CC1
C1CCC(C2CCC(CC3CC4CCCCC4C4CCC5CCCCC5C34)CC2)CC1
C1CCC2CC(C3CCCC4CCCC43)CCC2C1
C1CCC(CC2CC3CCCCC3C3CCC4CCCCC4C3C2)CC1
C1CCC2CC(CCCC3CCC4C3CCC3C5CCCCC5CCCC43)CC2C1
C1CCC(CC23CCCCC2CCC2C4CCCC4CCC23)CC1
C1CCC(CCCC2CCC3C(CCC3C3CCCCC3)C2)CC1
C1CCC2CCC3C(CCC4C5CCCC5CC43)C2CC1
C(CCCC1(C2CCCC2)CCCC2CCCCC21)CCC1CCC(C2CCCCC2)C1
C1CCC(CCCCC2CC3CCCCC3C2)CC1
C1CCC2C(C1)CCCC1CCCCC12
C1CCC(C2CCC3CC4CCCCC4CC32)CC1
C1CCC2C(C1)CCC1C2CCC2C3CCCC3CC21
C1CCC(C2CC3CCCC3C3CCC4CCCCC4C23)CC1
C1CCC(C2CC3CCCC3C3CCC4CCCCC4C23)CC1
C1CCC(CCCC2CCCC(C3CCC4CC(CCC5CCC6CCCCCC6C5)CCC43)C2)CC1
C1CCC(C2CC3CCCC3C3CCCC4CCCCC4C23)CC1
C1CCC(CCC2CCC(C3CCC4C(CCC4C4CCCCC4)C3)CC2)CC1
C(CCC1CCCC2CCCCC12)CCC1CCCC2CCCC12
C1CCC(CCC2CCC3C(CCC3C3CCCCC3)C2)CC1
C1CCC(CCCC2CCCC3CCC(C4CCCC5CCCC54)CC3C2)CC1
C1CCC(C2CC3CCCC3C3CCC4CCCCCC4C23)CC1
C(CCC1CCCC2CCCC12)CC1CC2CCCCC2C1
C1CCC(CCCC2CCC3C(CCC3C3CCCCC3)C2)CC1
C1CCC(CC2CCC3C(CCC3C3CCCCC3)C2)CC1
C(CCC1CCCC2CCCCC12)CC1CC2CCCCC2C1
C1CCC(CCC2CCC3C2CCC(C2CCCCC2)C2C4CCCCC4CCC32)CC1
C1CCC2CC(C3CCCC4CCCC43)CCC2C1
C(CCCC1CCCCC1)CCCC1CCC(C2CCCCC2)C1
C1CCC(CCC2CCC3C(CCC3C3CCCCC3)C2)CC1
C1CCC(C2CCC3CCC4C(CCC45CCCC5)CC32)CC1
C1CCC(CCCCC2CC3CCCCC3C2)CC1
C1CCC(C2CC3CCCCC3C3CCC4CCCCC4C23)CC1
C1CCC(CCC2CCC3C(CCC3C3CCCCC3)C2)CC1
C1CCC(C2CCC3CC4C(CCC45CCCCCC5)CC32)CC1
C1CCC(CCCCC2CCC3CCCCC23)CC1
C1CCC(C2CCC3CC4C(CCC5C6CCC(CCCCC7CCC8CCCCC8C7)C6CCC45)CC32)CC1
C1CCC2CCC3C4CCC(CCCC5CC6CCCCC6C5)C4CCC3C2CC1
C(CCC1CCCC2CCCC12)CC1CC2CCCCC2C1
C1CCC(CC2CCC3CCCCC3C3CCC4CCCCC4C23)CC1
C1CCC(CCC2CCC3C(CCC4C5CCCC5CCCC34)C2)CC1
C1CCC(CC2CC3CCCCC3C3CCC4CCCCCC4C23)CC1
C(CCCC1CCCCC1)CCCC1CCC(C2CCCCC2)C1
C1CCC2CCC3C4CCC(CCCC5CCCC5)C4CCC3C2CC1
C(CCCC1CCCC2C1CCC2C1CCC(CC2CC2)CC1)CCC1CCCCC1
C1CCC(CCCCC2CCC3CCCCC23)CC1
C1CCC(CC2CCC3C(CCC3C3CCCCC3)C2)CC1
C1CCC(CCC2CCC3C(CCC4CC(C5CCCCC5)CCCC43)C2)CC1
C1CCC(C2CCC(CCCCCC3CCCC4CCCCC34)C2)CC1
C(CCC1CCCCC2CCCCC12)CC1CCC2CCCCC2C1
C1CCC2C(C1)CCC1C3CCCC3CCC21
C1CCC(CCC2CCC3C(CCC3C3CCCCC3)C2)CC1
C1CCC(C2CCC3CC4C5CCC6CCCC6C(CCC4CC32)C5)CC1
C1CCC(CCCCCC2CCC3CCCCC23)CC1
C1CCC2CC(CCCC3CCC4C3CCC3C5CCCCC5CCC43)CCC2C1
C1CCC(CCCC2CCCC3CCC(C4CCCC5CCCC54)CC3C2)CC1
C1CCC(CCC2CCC3CC4CCC5CCCCC5C4C(C4CCCCC4)CCC23)CC1
C1CCC2CCC3C4CCCCC4CC(CC4CCCC(C5CCCC5)C4)C3C2CC1
C1CCC(CCCCC2CC3CCCCC3C2)CC1
C1CCC2CC(CCCC3CCCC4C3CCC3C5CCCCC5CCC43)CC2C1
C(CCC1CCC2C1CCC1C3CCCCC3CCC21)CC1CC2CCCCC2C1
C1CCC(CCC2CCC(C3CCC4C(CCC4C4CCCCC4)C3)CC2)CC1
C1CCC(CC2CCC3C(CCC3C3CCCCC3)C2)CC1
C1CCC2CC(CCCC3CCCC4C3CCC3C5CCCCC5CCC43)CC2C1
C1CCC(CCCCC2CC3CCCCC3C2)CC1
C1CCC(CCCCCC2CCCC3C(C4CCCCC4)CCC23)CC1
C1CCC2CC3CCC(C4CCCCC4)C3CC2CC1
C1CCC(CCCCCC2CCC3CCCCC23)CC1
C1CCC(C2CCC3CC4C(CCC45CCCCC5)CC32)CC1
C(CCC1CCCC2CCCCC12)CCC1CCCC2CCCCC12
C1CCC(CCCCC2CC3CCCCC3C2)CC1
C1CCC2CC(CC3CCCC4CCCC43)CCC2C1
C1CCC2C(C1)CCC1CCCCC12
C1CCC(CCC2(CCCC3CCC4CCCCC4C3)CCC3C4CCC5CCCCC5C4CCC32)C1
C1CCC(C2CCC3CC4C(CCC32)CCC42CCCC2)CC1
C1CCC(CCCCC2CCC3CCCCC23)CC1
C1CCC(CC2CCC(CCCCCC3(C4CCCCC4)CCC3)C2)CC1
C1CCC(CCC2CCC3C(CCC3C3CCCCC3)C2)CC1
C1CCC(CCC2CCC3CCCC3C3CCC4CCCCC4C23)CC1
C1CCC(CC2CC3CCCCC3C3CCC4CCCCCC4C23)CC1
C1CCC(CCCCC2CC3CCCCC3C2)CC1
C(CCC1CCC2CCCCC2C1)CCC1CCCC2CCCCC12
C1CCC(C2CCCC3C(CCC4CCCCC43)C2)C1
C(CCC1CCCC2CCCCC12)CC1CCCC2CCCCC12
C1CCC(C2CCC3CC4C(CCCC45CCCCC5)CC32)CC1
C(CCC1CCCC2CCCCC12)CC1CCCC2CCCCC12
C(CCCC1CCCC2C(C3CCCCC3)CCC12)CCC1CCC(C2CCCC2)C1
C1CCC(CCC(CCCC2CCC3CCCC3C2)CC2CCCCC2)CC1
C1CCC(C2CCC3CC4C(CCC45CCCCCC5)CC32)CC1
C(CCC1CCCC2CCCCC12)CCC1CCCC2CCCCC12
C1CCC(CCC2(CCCC3CC4CCCCC4C3)CCC3C4CCC5CCCCC5C4CCC32)C1
C1CCC(C2CC3CCCC3C3CCC4CCCCC4C23)CC1
C1CCC2C(C1)CCCC2CCCC1CCCC2CCCCC21
C1CCC(C2CCC3C(CCC4CCCCC43)C2)CC1
C1CCC(C2CC3CCCC3C3CCC4CCCCC4C23)CC1
C1CCC(C2CCC3CC4(CCCCCCC4C4CCCCC4)CCC32)CC1
C(CCCC1CCCC2C(C3CCCCC3)CCC12)CCC1CCCCC1
C1CCC(C2CC3CCCC3C3CCC4CCCCC4C23)CC1
C1CCC(CCCCCC2CCCC3C(C4CCCCC4)CCC23)CC1
C1CCC2CCC3C4CCCC4CCC3C2CC1
C1CCC(CCC2CCC3C(CCC3C3CCCCC3)C2)CC1
C1CCC(CCC(CCCC2CCC3CCCC3C2)CC2CCCCC2)CC1
C1CCC(CCCCCC2CCCC3C(C4CCCCC4)CCC23)CC1
C1CCC(CCCCC2CCC3CCCCC23)CC1
C1CCC(CCCC2CCC3C(CCC3C3CCCCC3)C2)CC1
C1CCC(CCC2CCC3C(CCC3C3CCCCC3)C2)CC1
C1CCC(C2CCC(CCCCCC3CCCC4C(C5CCCCC5)CCC34)C2)CC1
C(CC1CCC2CCCC2C1)CC1CCC2CCC(C3CCCC4CCCC43)CC2C1
C1CCC2C(C1)CCC1C3CCCC3CCC21
C1CCC(CCC2CCC3C(CC4CCCCC4)CCC3C2)CC1
C1CCC(CCCCC2CC3CCCCC3C2)CC1
C1CCC(C2CCC3CC4(CCCCCC4C4CCCCC4)CCC32)CC1
C1CCC(C2CCC3CCC4CCCCC4C3CC2)CC1
C1CCC(C2CCC3(CCC4CCC5C(CCC5C5CCCCC5)CC43)C2)CC1
C1CC(C2CCC(C3CC4CCCC4C4CCC5CCCCC5C34)CC2)C1
C1CCC(CCC(CCC2CCCCC2)CCC2CCC3CCCC3C2)CC1
C1CCC2C(C1)CCCC1C3CCCC3CCC21
C1CCC2CC(CCCC3CCCCC4CCCCC43)CC2C1
C1CCC(C2CCC(C3CC4CCCC4C4CCCC5CCCCC5C34)CC2)C1
C1CCC(C2CC3CCCC3C3CCC4CCCCCC4C23)CC1
C1CCC(CCC2CCC3C(CCC3C3CCCCC3)C2)CC1
C1CCC2CCC3CCCCC3C2CC1
C1CCC(C2CC3CCCC3C3CCC4CCCCC4C23)CC1
C1CCC2CC(C3CCCC4CCCC43)CCC2C1
C1CCC(CCCCC2CCC3CCCCC23)CC1
C1CCC(CCCCCC2CC3CCCCC3C2)CC1
C1CCC(C2CCC(CCCCC3CCC4C3CCC3C5CCCCC5CCC43)C2)CC1
C1CCC2CC(C3CCCC4CCCC43)CCC2C1
C1CCC2C(C1)CC(C1CCCC3CCCCC31)C1CCCCC21
C1CCC(CCCCCC2CCCC3C2CCC3C2CCCC(CC3CC3)C2)CC1
C1CCC(CCCCCC2CCCC3C(C4CCCCC4)CCC23)CC1
C1CCC(CCCCCC2CC3CCCCC3C2)CC1
C1CCC(CCCC2CCC3C4CCC5CC6C(CCC6C6CCCCC6)CC5C(CCC23)C4)CC1
C1CCC(CCCCC2CC3CCCCC3C2)CC1
C1CCC2CCC(C3CCCC4CCCC43)CC2CC1
C1CCC2CCC(C3CCCC4CCCC43)CC2CC1
C1CCC2CC(C3CCCC4CCCC43)CCC2C1
C1CCC(C2CCC(CC3CC4CCCCC4C4CCC5CCCCC5C34)CC2)CC1
C1CCC2C(C1)CCC1C3CCCC3CCC21
C1CCC(C2CC3CCCC3C3CCC4CCCCCC4C23)CC1
C1CCC(CCCCCC2CC3CCCCC3C2)CC1
C1CCC(CCCC2CCC(CCC3CCCCC3)CC2)CC1
C1CCC(C2CCC3C(CCC4CCCCC43)C2)CC1
C1CCC(CCC2(CCCCC3CC4CCCCC4C3)CCC3C4CCC5CCCCC5C4CCC32)C1
C1CCC(CCCC2CCC3C2CCCC2C4CC5CCC(C6CCCCC6)C5CC4CCC32)CC1
C1CCC(CCCCCC2CC3CCCCC3C2)CC1
C1CCC(CCCCC2CC3CCCCC3C2)CC1
C1CCC(CCC2CCC3C(CCC3C3CCCC(CCCC4CCCC4)C3)C2)CC1
C1CCC(CCCCCC2CCC3CCCC3C2)CC1
C1CCC(CCCCCC2CCCC3C(C4CCCCC4)CCC23)CC1
C1CCC(CCCCC2CCC3CCCCC23)CC1
C1CCC(CCCC2(CCCC3CC4CCCCC4C3)CCC3C4CCC5CCCCC5C4CCC32)C1
C(CCC1CCC2CCCCC2C1)CCC1CCCC2CCCC12
C1CCC2CCC(C3CCCC4CCCC43)CC2CC1
C1CCC(CCCCC2CCCC3CCC(C4CCCCC4)CC3C2)CC1
C1CCC(CCC2CCC3C(CCC3C3CCCCC3)C2)CC1
C1CCC2C(C1)CCCC1C3CCCC3CCC21
C1CCC(C2CCC3CCCC3C3CCC4CCCCC4C23)CC1
C1CCC(C2CCC3CC4C(CCC5C6CCC(CCCCC7CCC8CCCCC8C7)C6CCC45)CC32)CC1
C1CCC2C(C1)CCCC1C3CCCC3CCC21
C1CCC(CCCC2(CCCC3CC4CCCCC4C3)CCC3C4CCC5CCCCC5C4CCC32)C1
C(CCCC1CCCC2C(C3CCCCC3)CCC12)CCC1CCCCC1
C1CCC2C(C1)CCC1C2CCC2C3CCCC3CC21
C1CCC(C2CC3CCCC3C3CCC4CCCCCC4C23)CC1
C1CCC(CCCC2CCC(C3CC3)CC2)CC1
C1CCC(CCC2CCCC3CC4C(CCC4C4CCCCC4)CC23)CC1
C1CCC(CCC2CCC3C(CCC3C3CCCCC3)C2)CC1
C1CCCC(CCCC2CCC3CCC(C4CCCC5CCCC54)CC3C2)CC1
C1CCC2C(C1)CCCC1C2CCC2C3CCCC3CC21
C1CCC(CCCCC2CC3CCCCC3C2)CC1
C1CCC(CCC(CCC2CCC3CCCCC3C2)CC2CCCCC2)CC1
C1CCC2CC(C3CCCC4CCCC43)CCC2C1
C1CCC(C2CC3CCCCC3C3CCC4CCCCC4C23)CC1
C1CCC2CC(CCCC3CCC4C3CCC3C5CCCCC5CCC43)CC2C1
C(CCCCC1CCC(C2CCCCC2)C1)CCCC1CCCCC1
C1CCC(CCCC2CCCC3CCCCC32)C2CCCCC2C1
C1CCC(CCCCC2CCC3CCC(C4CCCC5CCCC54)CC3C2)CC1
C1CCC(C2CCC3CC4C(CCC32)CCC42CCCCC2)CC1
C1CCC2CCC3C(CCC4C3CCC4(CCCC3CCC4CCCCC4C3)CCC3CCCC3)C2CC1
C1CCC(CCCCCC2CCCC3C(C4CCCCC4)CCC23)CC1
C(CCCC1CCCCC1)CCC1CCCCC1
C1CCC(CC2CCCC2CC2CC3CCCCC3C3CCC4CCCCCC4C23)CC1
C1CCC2CC(C3CCCC4CCCC43)CCC2C1
C1CCC(CCCCCC2CC3CCCCC3C2)CC1
C(CCC1CCCCC2CCCCC12)CC1CCC2CCCCC2C1
C1CCC(CC2CC3CCCCC3CC3CCC4CCCCC4C32)C1
C1CCC(CCCCC2CCC3C2CCC2C4CCCCC4CCC32)CC1
C1CCC2CC(C3CCCC4CCCC43)CCC2C1
C1CCC(CCCC2CCCC(C3CCC4CC(CCC5CCC6CCCCCC6C5)CCC43)C2)CC1
C1CCCC(C2CCC3CC4C(CCC5C6CCC(CCCC7CC8CCCCC8C7)C6CCC45)CC32)CC1
C1CCC(CCCCC2CC3CCCCC3C2)CC1
C1CCC(C2CCC3CCCC3C3CCCC4CCCCC4C23)CC1
C1CCC(CC2CCCC2CC2CC3CCCCC3C3CCC4CCCCC4C3C2)CC1
C(CCC1CCCC2CCCC12)CC1CC2CCCCC2C1
C1CCC(CCCCC2CCC3CCCCC23)CC1
C1CCC(CCCCC2CC3CCCCC3C2)CC1
C1CCC(C2CC3CCCC3C3CCC4CCCCC4C23)CC1
C1CCC(CCCCCC2CCCC3C(C4CCCCC4)CCC23)CC1
C1CCC(C2CC3CCCC3C3CCC4CCCCC4C23)CC1
C1CCC2CC3CCC(C4CCCCC4)C3CC2CC1
C1CCC2CC(CCCC3CCC4C3CCC3C5CCCCC5CCC43)CC2C1
C1CCC2CCC3C4CCCC4CCC3C2CC1
C1CCC(CCCCC2CC3CCCCC3C2)CC1
C1CCC2CC(C3CCCC4CCCCC43)C3CCCC3C2CC1
C1CCC2CCC3CCCCC3C2CC1
C1CC2CCC3C(CCC4CCCCC43)CC2C1
C1CCC(C2CCC3CC4C(CCCC45CCCCC5)CC32)CC1
C1CCC(CCC2CCC3C(CCC3C3CCCCC3)C2)CC1
C1CCC(C2CC3CCCC(C3)C3CCC4CCCCC4C32)CC1
C1CCC2C(C1)CC(C1CCCC3CCCC31)C1CCCC21
C1CCC2CC(C3CCCC4CCCC43)CCC2C1
C1CCC(CCCCC2CC3CCCCC3C2)CC1
C1CCC(CCCC2CCC3C(CCC3C3CCCCC3)C2)CC1
C1CCC(C2CCC3CC4C(CCCC45CCCCC5)CCC32)CC1
C1CCC(C2CCC3CC4CCCCC4CC32)CC1
C1CCC(CCCC2CCC3CCC(C4CCCC5CCCC54)CC3C2)CC1
C(CCCC1CCCCC1)CCCC1CCC(C2CCCCC2)C1
C1CCC(CCCC2CCC3C2CCC2C4CC5CCC(C6CCCCC6)C5CC4CCC32)CC1
C1CCC(CC2CCC3CCCCC3C3CCC4CCCCC4C23)CC1
C1CCC(CCCCCC2CCCC3C(C4CCCCC4)CCC23)CC1
C(CCCC1CCCC2C(C3CCCCC3)CCC12)CCC1CCCCC1
C1CCC(CCC2CCC3C(CCC4C5CCCC5CCC34)C2)CC1
C1CCC(CCCCC2CCC3CCCCC23)CC1
C1CCC2CCC(C3CCCC4CCCC43)CC2CC1
C1CCC2CC(C3CCCC4CCCC43)CCC2C1
C1CCC(CC2CC3CCCCC3C3CCC4CCCCC4C23)CC1
C1CCC(CCCC2CCC(C3CCC4C(CCC4C4CCCCC4)C3)CC2)CC1
C1CCC(CCC2CCC3C(CCC3C3CCCCC3)C2)CC1
C1CCC(CCCCCC2CCCC3C(CC4CCCCC4)CCC23)CC1
C1CCC2CCC3C4CCCCC4CC(CC4CCCC4)C3C2CC1
C1CCC(CCCC2CCC3C(CCC3C3CCCCC3)C2)CC1
C1CCC2CC(C3CCCC4CCCC43)CCC2C1
C1CCC(CCCCC2CCC3CCCCC23)CC1
C1CCC(CCCCCC2CC3CCCCC3C2)CC1
C1CCC2C(C1)CC(C1CCCC3CCCC31)C1CCCCC21
C1CCC(C2CCC3CC4C(CCC5C6CCC(CCCC7CCC8CCCCC8C7)C6CCCC45)CC32)CC1
C1CCC(CCC2CCCCCC23CCC2C(CCC2C2CCCCC2)C3)CC1
C1CCC(CC2CC3CCCC3C3CCC4CCCCC4C23)CC1
C1CCC2C(C1)CCC1C3CCCC3CCCC21
C1CCC(CC2CCCC(CC3CC4CCCCC4C4CCC5CCCCCC5C34)C2)CC1
C1CCC(C2CC3CCCC3C3CCC4CCCCCC4C23)CC1
C1CCC(C2CC3C(CCC34CCCC4)C3CCC4CCCCC4C23)CC1
C1CCC2C(C1)CCC1C2CCC2C3CCCC3CC21
C1CCC2CC(CCCC3CCC4C3CCCC3C5CCCCC5CCC34)CC2C1
C1CCC2CC(CCCC3CCCC4CCCCC43)CC2C1
C1CCC(CC2CC3CCCCC3C3CCC4CCCCCC4C23)CC1
C1CCC2CC(CCCC3CCC4C3CCC3C5CCCCC5CCCC43)CCC2C1
C1CCC2C(C1)CCC1C3CCCC3CCC21
C1CCC(C2CC3CCCC3C3CCCC4CCCCC4C23)CC1
C(CCC1CCCCC2CCCCC12)CC1CCC2CCCCC2C1
C1CCC2CC(CCCC3CCC4C3CCCC3C5CCCCC5CCC34)CC2C1
C1CCC(CCCC2CCC3CCC(C4CCCC5CCCC54)CC3C2)CC1
C1CCC(C2CCC3C(CCCC4CCCCC43)C2)CC1
C1CCC(CC2CC3CCCCC3C3CCC4CCCCC4C23)CC1
C1CCC(CCCCC2CC3CCCCC3C2)CC1
C1CCC(CCC2CCC3C(CCCC4CCCCC43)C2)CC1
C1CCC(C2CC3CCCC3C3CCC4CCCCC4C23)CC1
C1CCC(CCC2(CCCC3CC4CCCCC4C3)CCC3C4CCC5CCCCC5C4CCCC32)C1
C1CCC(C2CCC3C(CCCCCC4CCC(C5CCCC5)C4)CCCC23)CC1
C1CCC(C2CC3CCCCC3C3CCC4CCCCC4C23)CC1
C1CCC(CCC2CCC(CC(CC3CCCCC3)C3CCCCC3)CC2)CC1
C1CCC(CCCCC2CC3CCCCC3C2)CC1
C1CCC(CCC2CCC3C(CCC3C3CCCCC3)C2)CC1
C1CCC(CCCC2(CCCC3CC4CCCCC4C3)CCC3C4CCC5CCCCC5C4CCC32)C1
C1CCC2CCC(C3CCCC4CCCC43)CC2CC1
C1CCC(CCC2CCCCC3CCC(C4CCCC5CCCC54)CC23)CC1
C(CCCC1CCCC2C(C3CCCCC3)CCC12)CCC1CCCCC1
C1CCC2C(C1)CCCC1C2CCC2C3CCCC3CC21
C1CCC(CCC2CCC3C(CCCC4CC(C5CCCCC5)CCC43)C2)CC1
C(CCC1CCC2C1CCC1C3CCCCC3CCC21)CC1CCC2CCCCC2C1
C1CCC(CCC2CCC3C(CCC4CC(C5CCCCC5)CCC43)C2)CC1
C1CCC(C2CCC3CCCCC3C3CCC(CCC4CCCC4)CC23)CC1
C1CCC(C2CCC3CC4CCCCC4CC32)CC1
C1CCC(CC(CC2CCCCC2)C2CCCCC2)CC1
C1CCC2CCC3C4CCCCC4CC(CC4CCCC4)C3C2CC1
C1CCC(CC2CC3CCCC3C3CCC4CCCCC4C23)CC1
C1CCC2CC(CCCC3CCC4C3CCC3C5CCCCC5CCC43)CCC2C1
C1CCC(CCC2CCCC3CC4C(CCC4C4CCCCC4)CC23)CC1
C1CCC(C2CCC3CC4C(CCCC45CCCCC5)CC32)CC1
C1CCC2C(C1)CCC1C3CCCCC3CCC21
C1CCC(CCCCC2CC3CCCCC3C2)CC1
C(CCCC1CCCC2C(C3CCCCC3)CCC12)CCC1CCC(C2CCCC2)C1
C1CCC(C2CCC3CC4C(CCC5C6CCCC(CCCC7CCC8CCCCC8C7)C6CCC45)CC32)CC1
C1CCC2C(C1)CCC1C3CCCC3CCC21
C1CCC(C2CCC3CC4C(CCC45CCCC5)CC32)CC1
C1CCC(CCCCC2CC3CCCCC3C2)CC1
C1CCC(CCCCCC2CC3CCCCC3C2)CC1
C1CCC(C2CCC3CC4C(CCC32)CCC42CCCC2)CC1
C1CCC(CC2CCC3C(CCC3C3CCCCC3)C2)CC1
C1CCC(C2CCC3(CCC4CC5C(CCC5C5CCCCC5)CC43)C2)CC1
C1CCC(CC2CCC3CC4C(CCCC45CC(C4CCCCC4)C(C4CCCCC4)C5)CC23)CC1
C(CCCC1CCCCC1)CCCC1CCC(C2CCCCC2)C1
C1CCC(CCC2CCC3C(CCC3C3CCCCC3)C2)CC1
C1CCC2CC(CCCC3CCC4C3CCC3C5CCCCC5CCC43)CC2C1
C1CCC(CCCCCC2CCC3CCCCC23)CC1
C1CCC(CCC2CCC3C(CCC4C5CCCC5CC(CCC5CCCCC5)C34)C2)CC1
C1CCC(C2CCCCC2CC2CCC3CCCCC3C3CCC4CCCCC4C23)CC1
C1CCC(CCCCCC2CC3CCCCC3C2)CC1
C1CCC(C2CCC3CC4C(CCC5C6CCC(CCCCC7CC8CCCCC8C7)C6CCC45)CC32)CC1
C1CCC(CCC2CCC3C(CCC3C3CCCCC3)C2)CC1
C1CCC2C(C1)CC(C1CCCC1)C1CCCCC21
C1CCC2CCC3C(CCC4C3CCC4(CCCC3CC4CCCCC4C3)CCC3CCCC3)C2CC1
C1CCC(CCCC2CCC3C(CCC3C3CCCCC3)C2)CC1
C1CCC(C2CCC3CC4C(CCC45CCCCC5)CC32)CC1
C(CCCC1CCCC2C(C3CCCCC3)CCC12)CCC1CCCCC1
C1CCC(CCC2CCC3C(CC4CCCCC4)CCC3C2)CC1
C1CCC2CCC3C4CCC(CCCC5CC6CCCCC6C5)C4CCC3C2CC1
C1CCC(CCCC2CCC(C3CCC4C(CCC4C4CCCCC4)C3)CC2)CC1
C1CCC(C2CC3CCCC3C3CCC4CCCCC4C23)CC1
C1CCC2CCC3C4CCC(CCCC5CCCC5)C4CCC3C2CC1
C1CCC(CCCCC2CCC3C2CCC2C4CCCCCC4CCC32)CC1
C1CCC(CCCCC2CCC3CCCCC23)CC1
C1CCC2C(C1)CCC1CCCCC12
C1CCC(C2CC3CCCC3C3CCC4CCCCCC4C23)CC1
C1CCC(CC2CC3CCCCC3C3CCC4CCCCC4C23)CC1
C1CCC2CCC3C4CCC(CCCC5CCC6CCCCC6C5)C4CCC3C2CC1
C1CCC(C2CCC3C(CCCCCC4CC4)CCCC23)CC1
C1CCC2CC3CCC(C4CCCCC4)C3CC2CC1
C1CCC2CCC(C3CCCC4CCCC43)CC2CC1
C1CCC(CCCCCC2CC3CCCCC3C2)CC1
C1CCC2CC(C3CCCC4CCCC43)CCC2C1
C1CCC(CCCCCC2CCC3CCCCC23)CC1
C1CCC(C2CC3CCCC3C3CCC4CCCCC4C23)CC1
C1CCC(CCCC2CCCC3CCC(C4CCCC5CCCC54)CC3C2)CC1
C1CCC(CCC2CCC(CCC3CCCC(CC4CCCC4)C3)CC2)CC1
C1CCC(CCC2CCCC2CC2CC3CCCCC3C3CCC4CCCCC4C23)CC1
C1CCC(CCC2CCC3C(CCC3C3CCCCC3)C2)CC1
C(CCCCC1CCC(C2CCCCC2)C1)CCCC1CCCCC1
C1CCC2CC(CCCC3CCC4C3CCC3C5CCCCC5CCC43)CC2C1
C1CCC(CCC2CCC3C(CCC3C3CCCCC3)C2)CC1
C1CCC(CCC2CCC3C(CCC3C3CCCCC3)C2)CC1
C1CCC(CCCC2CCC3CCC(C4CCCC5CCCC54)CC3CC2)CC1
C1CCC(CC2CCCC(CCC3CCC(CCC4CCC(C5CC5)CC4)CC3)C2)CC1
C1CCC(CC2CCCCCCC23CCC2C(CCC2C2CCCCC2)C3)CC1
C1CCC2CCC(C3CCC4CCCCC43)CC2CC1
C1CCC(C2CCCCC2CC2CC3CCCCC3CC3CCC4CCCCC4C32)CC1
C1CCC(C2CCC3CC4C(CCCC5CC5)CCCC4CCC32)CC1
C1CCC(CCCC2CCC3CCC(CC4CCCC5CCCC54)CC3C2)CC1
C1CCC(CCCC2CCC3CCC(C4CCCC5CCCC54)CC3C2)CC1
C1CCC(CC2CCC(C3CC4CCCC4C4CCC5CCCCC5C34)CC2)CC1
C1CCC(CCCCCC2CCCC3C(C4CCCCC4)CCC23)CC1
C1CCC(C2CC3CCCC3C3CCC4CCCCCC4C23)CC1
C(CCC1CCC2CCCCC2C1)CC1CCCC2CCCCC2C1
C(CCCC1CCCC2C(C3CCCCC3)CCC12)CCC1CCCCC1
C1CCC(CCC2CCC3C(CCC4CCCCCC43)C2)CC1
C1CCC(CCC2CCC3C(CCC3C3CCCCC3)C2)CC1
C1CCC(C2CC3CCCC3C3CCC4CCCCC4C23)CC1
C1CCC2CC(CCCC3CCC4C3CCCC3C5CCCCC5CCC34)CC2C1
C1CCC(C2CCCC3C(CCC4CCCCC43)C2)CC1
C(CCCC1(C2CCCC2)CCCC2CCCCC21)CCC1CCC(C2CCCCC2)C1
C1CCC(C2CC3CCCCC3C3CCC4CCCCC4C23)CC1
C1CCC(CCC(CCC2CCC3CCCCC3C2)CC2CCCCC2)CC1
C1CCC(C2CC3CCCC3C3CCC4CCCCC4C23)CC1
C1CCC(CCC2CCC3C(CCC3C3CCCCC3)C2)CC1
C1CCC(C2CC3CCCCC3C3CCCCC3C2)CC1
C1CCC2CCC(C3CCCC4CCCC43)CC2CC1
C1CCC(C2CCC3CCC4C(CCC5C6CCC(CCCC7CCCC8CCCCC87)C6CCC45)CC32)CC1
C1CCC(CCCCC2CC3CCCCC3C2)CC1
C1CCC(CCC(CCC2CCCCC2)CCC2CCC3CCCC3C2)CC1
C(CCC1CCC2CCCCC2C1)CCC1CCCC2CCCCC12
C1CCC(CCCC2CCC(C3CCC4C(CCC4C4CCCCC4)C3)CC2)CC1
C1CCC(CCC2(CCCC3CC4CCCCC4C3)CCCC3C4CCC5CCCCC5C4CCC32)C1
C1CCC(CCC(CCC2CCC3CCCC3C2)CC2CCCCC2)CC1
C1CCC(CCCCCC2CCCC3C(C4CCCCC4)CCC23)CC1
C1CCC(CCCC2CCC3C(CCC3C3CCCCC3)C2)CC1
C1CCC(CCCCC2CC3CCCCC3C2)CC1
C1CCC2CC3CCC4CCCC4C3CCC2C1
C1CCC(CCC2(CCCC3CCC4CCCCC4C3)CCC3C4CCCC5CCCCC5C4CCC32)C1
C1CCC(CCC2CCC3C(CCC3C3CCCCC3)C2)CC1
C1CCC2CC(C3CCCC4CCCC43)CCC2C1
C1CCC(C2CC3CCCC3C3CCC4CCCCC4C3C2)CC1
C1CCC2CC(CC3CCCC4CCCC43)CCC2C1
C(CCCC1CCCC2C(C3CCCCC3)CCC12)CCC1CCCCC1
C1CCC2CC(C3CCCC4CCCC43)CCC2C1
C1CCC(C2CC3CCCCC3C3CCC(CCCC4CCCC4)CC23)CC1
C1CCC2CC(C3CCCC4CCCC43)CCC2C1
C1CCC(CCCCC2CC3CCCCC3C2)CC1
C1CCC2CC(C3CCCC4CCCC43)CCC2C1
C1CCC(C2CC3CCCCC3C3CCCCC23)CC1
C1CCC2CC(C3CCCC4CCCC43)CCC2C1
C1CCC(CCC2CCC3C(CCC3C3CCCCC3)C2)CC1
C1CCC(C2CCC3C(CCC4CCCCC43)C2)CC1
C1CCC(CCCCC2CCC3CCCCC23)CC1
C1CCC(CCCCCC2CCC3CCCCC23)CC1
C(CCCC1CCCC2C(C3CCCCC3)CCC12)CCC1CCCCC1
C1CCC(CCCC2CCCC3CCC(C4CCCC5CCCC54)CC3C2)CC1
C1CCC(CCCCCC2CC3CCCCC3C2)CC1
C1CCC(CC2CCC3CC4C(CCC5C6CCC(CCCC7CC8CCCCC8C7)C6CCC45)CC23)CC1
C1CCC(CCCCCC2CCCC3C(C4CCCCC4)CCC23)CC1
C1CCC2CCC(C3CCCC4CCCC43)CC2CC1
C1CCC(CCCCCC2CCCC3C(C4CCCCC4)CCC23)CC1
C(CCCCC1CCC(C2CCCCC2)C1)CCCC1CCCCC1
C1CCC(C2CCC3CC4(CCCCCC4C4CCCCC4)CCC32)CC1
C1CCC2C(C1)CCC1C3CCCC3CCC21
C1CCC(CCCCCC2CCC3CCCC3C2)CC1
C1CCC(C2CCC3CC4C(CCC32)CCC42CCCC2)CC1
C1CCC(CCC2CCC3C(CCC3CC3CCCC(CC4CCCC4)C3)C2)CC1
C1CCC(CC2CCC3CC4C(CCC5C6CCC(CCCC7CC8CCCCC8C7)C6CCC45)CC23)CC1
C1CCC(CC2CCC3(CCC4CC5C(CCC5C5CCCCC5)CC43)C2)CC1
C1CCC(CCC2CCC(CCC3CCCC(CCC4CCCC4)C3)CC2)CC1
C1CCC(CCCCCC2CCC3CCCCC23)CC1
C1CCC(CCC2CCC3C(CCC3C3CCCC(CCC4CCCC4)C3)C2)CC1
C1CCC2CCC3C4CCC(CCCC5CC6CCCCC6C5)C4CCC3C2CC1
C1CCC(CCC2CCC(C3CCCC4C(C5CCCCC5)CCC34)C2)CC1
C1CCC2C(C1)CCC1C2CCCC2C3CCCC3CC21
C1CCC(CCC2CCC3C(CC4CCCCC4)CCC3C2)CC1
C1CCC(CCCCC2CC3CCCCC3C2)CC1
C1CCC(C2CC3CCCC3C3CCC4CCCCC4C23)CC1
C1CCC(CCC2CCCC2CC2CC3CCCCC3C3CCC4CCCCC4C23)CC1
C1CCC2CCC3C4CCCC4CC(C4CCC(C5CCC5)CC4)C3C2CC1
C1CCC(CCCCCC2CCC3CCCCC23)CC1
C1CCC(C2CCC3CC4C(CCC32)CCC42CCCC2)CC1
C1CC(C2CCC(C3CC4CCCC4C4CCC5CCCCC5C34)CC2)C1
C1CCC(CC2CC3CCCCC3C3CCC4CCCCCC4C23)CC1
C(CCC1CCCC2CCCCC12)CC1CCC2CCCCC2C1
C1CCC(CCCCCC2CC3CCCCC3C2)CC1
C1CCC(CCC(CCC2CCC3CCCCC3C2)CC2CCCCC2)CC1
C1CCC2CCC(C3CCCC4CCCC43)CC2CC1
C1CCC(C2CCC3CC4C(CCC4C4CCCC4)CC32)CC1
C1CCC2CC(C3CCCC4CCCC43)CCC2C1
C1CCC(CCCCC2CCC3CCCCC23)CC1
C1CCC(CCCCC2CC3CCCCC3C2)CC1
C1CCC(CC(CC2CCCCC2)C2CCCCC2)CC1
C1CCC(C2CCC3C(CCC4CCCCC43)C2)CC1
C(CCCC1CCCC2CCCC12)CCC1CCCCC1
C1CCC2CC(C3CCCC4CCCC43)CCC2C1
C1CCC2CC(C3CCCC4CCCC43)CCC2C1
C1CCC(CC2CC3CCCCC3C3CCC4CCCCC4C23)CC1
C1CCC(CCCC2CCC3CCC(C4CCCC5CCCC54)CC3C2)CC1
C1CCC(CC2CCCCC2CC2CC3CCCCC3C3CCC4CCCCC4C23)CC1
C1CCC(CCCCC2CC3CCCCC3C2)CC1
C(CCC1(CC2CCCC2)CCCC2CCCCC21)CC1CCC2CCCCC2C1
C(CC1CCC(C2CCCC2)CC1)CC1CCC2CCCC2C1
C1CCC(C2CC3C(CCCC4CC4)CCC3C3CCC4CCCCC4C23)CC1
C1CCC(CCCC2CCC3C(CCC4C5CCCC5CC(CCC5CCCCC5)C34)C2)CC1
C1CCC(C2CC3CCCC3C3CCC4CCCCC4C23)CC1
C(CCCC1CCCCC1)CCCC1CCC(C2CCCCC2)C1
C(CCC1CCC2C1CCC1C3CCCCC3CCC21)CC1CC2CCCCC2C1
C1CCC(C2CC3CCCC3C3CCC4CCCCC4C23)CC1
C1CCC2C(C1)CCC1CCCCC12
C1CCC(CCC2CCC3C(CCC3C3CCCC(CC4CCCCC4)C3)C2)CC1
C1CCC(CCCCCC2CCCC3C(C4CCCCC4)CCC23)CC1
C1CCC2CCC3C4CCC(CCCC5CC6CCCCC6C5)C4CCC3C2CC1
C1CCC(CCCC2CCC3CCC(C4CCCC5CCCC54)CC3CC2)CC1
C1CCC(C2CCC3CC4C(CCC5C6CCC(CCCCC7CCC8CCCCC8C7)C6CCC45)CC32)CC1
C1CCC(C2CC3CCCCC3C3CCC4CCCCC4C23)CC1
C(CCC1CCC2CCCCC2C1)CC1CCCC2CCCCC2C1
C1CCC(C2CCCC3C(CCC4CCCCC43)C2)CC1
C(CCC1CCCC2CCCCC12)CC1CCC2CCCCC2C1
C1CCC(C2CCC3CCCC3C3CCC4CCCCCC4C23)CC1
C1CCC(CCCCC2CC3CCCCC3C2)CC1
C(CCCC1CCCC2C(C3CCCCC3)CCC12)CCC1CCC(C2CCCC2)C1
C1CCC(C2CC3CCCC3C3CCC4CCCCC4C23)CC1
C1CCC(CC(CC2CCCCC2)C2CCCCC2)CC1
C1CCC(C2CCC3CC4C(CCC5C6CCC(CCCCC7CCC8CCCCC8C7)C6CCC45)CC32)CC1
C1CCC(CCCCCC2CC3CCCCC3C2)CC1
C1CCC(C2CCC3CC4C(CCCC45CCCCC5)CC32)CC1
C1CCC(CCC(CC2CC2)CC2CC3CCCCC3C2)CC1
C1CCC(CCCCC2CCC3CCCCC23)CC1
C1CCC(CCCCC2CCC3C2CCC2C4CCCCC4CCC32)CC1
C(CCCC1CCCC2C(C3CCCCC3)CCC12)CCC1CCCCC1
C1CCC(CCCCCC2CCCC3C(C4CCCCC4)CCC23)CC1
C1CCC(CCCCC2CC3CCCCC3C2)CC1
C1CCC(CCC2CCC(CCC3CCCC(CC4CCCC4)C3)CC2)CC1
C1CCC(C2CC3CCCC3C3CCCC4CCCCC4C23)CC1
C(CCC1CCCC2CCCCC12)CC1CCCC2CCCCC12
C1CCC(C2CCC3CC4C(CCCCC5CC5)CCCC4CC32)CC1
C1CCC(CCC2CCC3C(CCC3C3CCCCC3)C2)CC1
C(CCC1CCCC2CCCCC12)CC1CCCC2CCCCC12
C1CCC(C2CC3CCCC3CC3CCC4CCCCC4C32)CC1
C1CCC2C(C1)CCC1C3CCCCC3CCC21
C1CCC(CCC2CCC3C(CCC3C3CCCCC3)C2)CC1
C1CCC(CCCC2CCCC3CC4C(CCC4C4CCCCC4)CC23)CC1
C1CCC2CC3CCC4CCCC4C3CCC2C1
C1CCC2CCC3C(CCC4C5CCCC5CC43)C2CC1
C1CCC2CCC3C4CCC(CCCC5CCCC6CCCCC65)C4CCC3C2CC1
C1CCC(CCCCCC2CCCC3C(C4CCCCC4)CCC23)CC1
C1CCC(C2CCC3CC4C(CCC45CCCC5)CC32)CC1
C(CCC1(C2CCCC2)CCCC2CCCCC2C1)CC1CCC2CCCCC2C1
C1CCC(CCC(CCC2CCCCC2)CCC2CCC3CCCC3C2)CC1
C1CCC(CCCCC2CC3CCCCC3C2)CC1
C1CCC2C(C1)CCC1CCCCC12
C1CCC(C2CCC3CCCC3C3CCC4CCCCC4C23)CC1
C1CCC(CCCC2CC3CCCCC3C2CC2CCCCC2)CC1
C1CCC(CCC2CCC3C(CC4CCCCC4)CCC3C2)CC1
C1CCC(C2CC3CCCC3C3CCC4CCCCC4C23)CC1
C1CCC(CC2CCC3CC(C4CCCCC4)CCC23)CC1
C1CCC2CC(CC3CCCC4CCCC43)CCC2C1
C1CCC(CCC2CCCC3CC4C(CCC23)CCC4C2CCCCC2)CC1
C1CCC(C2CC3CCCC3C3CCC4CCCCCC4C23)CC1
C1CCC(CCCCCC2CC3CCCCC3C2)CC1
C1CCC(CCC2CCC3C(CCC3C3CCCC(CCCC4CCCC4)C3)C2)CC1
C(CCC1CCCCC2CCCCC12)CC1CCC2CCCCC2C1
C(CCC1CCCC2CCCC12)CC1CC2CCCCC2C1
C1CCC(CCCC2(CCC3CCCC3)CCC3C4CCC5CCCCC5CC4CCC32)C1
C1CCC(C2CCC3CCCC3C3CCC4CCCCC4C23)CC1
C1CCC(CCC2CCC(CCC3CCCCC(CC4CCCC4)C3)CC2)CC1
C1CCC(CCCC(CC2CC3CCCCC3C2)C2CC2)CC1
C(CC1CCC2CCCC2C1)CC1CCC2CCC(C3CCCC4CCCC43)CC2C1
C(CCCCC1CCC(C2CCCCC2)C1)CCCC1CCCCC1
C1CCC2C(C1)CCC1C3CCCC3CCC21
C1CCC(C2CCC(CCCCCC3CCCC4CCCCC34)C2)CC1
C1CCC(C2CC3CCCC3C3CCCC4CCCCC4C23)CC1
C(CCC1CC2CCCCC2C1)CCC1CCCC2CCCC12
C1CCC(CCC2CCC3C(CCC3C3CCCCC3)C2)CC1
C1CCC(C2C3CCCC3CC3CC4CCCCC4CC32)CC1
C1CCC(C2CCC3CCCC3C3CCC4CCCCC4C23)CC1
C1CCC(CC2CC3CCCCC3C2C2CCCCC2)CC1
C1CCC(C2CC3CCCC3C3CCC4CCCCCC4C23)CC1
C1CCC(CCCC2CCC3C(CCC3C3CCCCC3)C2)CC1
C1CCC(C2CCC3C(CCC34CCCCC4)C3CCC4CCCCC4C23)CC1
C1CCC2CC(CC3CCC4CCCCC43)CCC2C1
C1CCC(CCCCC2CC3CCCCC3C2)CC1
C1CCC2CC(C3CCCC4CCCC43)CCC2C1
C1CCC2CC(C3CCCC4CCCC43)CCC2C1
C1CCC(CCCCC2CCC3CCCCC23)CC1
C1CCC2CC(CCCC3CCC4C3CCC3C5CCCCC5CCC43)CCC2C1
C1CCC(CC2CCC3CC4CCCCC4CC23)CC1
C(CCCC1CCCC2C(C3CCCCC3)CCC12)CCC1CC1
C(CCCC1CCCC2C(C3CCCCC3)CCC12)CCC1CCCCC1
C1CCC(CCCCCC2CCC3CCCCC23)CC1
C(CCC1CCCC2CCCCC12)CC1CCCC2CCCCC12
C1CCC(C2CCC(CCCCCC3CCCC4C(C5CCCCC5)CCC34)C2)CC1
C1CCC(C2CC3CCCC3C3CCC4CCCCC4C23)CC1
C1CCC(C2CC3CCCC3C3CCC4CCCCC4C23)CC1
C1CCC2CC(C3CCCC4CCCC43)CCC2C1
C1CCC(CCCCC2CCC3CCCCC23)CC1
C1CCC(CCCCC2CCC3CCCCC23)CC1
C1CCC(CCCCC2CCC3CCC(C4CCCC5CCCC54)CC3C2)CC1
C1CCC(CCCCC2CC3CCCCC3C2C2CCCCC2)CC1
C1CCC(CCC2CCC(C3CCC4C(CCC4C4CCCCC4)C3)CC2)CC1
C1CCC(C2CCC3CC4(CCCCCC4C4CCCCC4)CCCC32)CC1
C1CCC(C2CCC(CCCCCC3CCCC4CCCCC34)C2)CC1
C1CCC(CCC(CCC2CCC3CCCCC3C2)CC2CCCCC2)CC1
C1CCC(C2CC3CCCC3C3CCC4CCCCCC4C23)CC1
C1CCC(CCCCCC2CC3CCCCC3C2)CC1
C1CCC(C2CCC3CC4C(CCC45CCCCCC5)CC32)CC1
C1CCC(C2CCC3CC4C(CC5CCC6CCCCC65)CCCCC4CC32)CC1
C(CCC1CCC2C1CCC1C3CCCCC3CCC21)CC1CC2CCCCC2C1
C1CCC2C(C1)CCC1C2CCC2CCC3CC3C21
C1CCC(CCCCC2CCC3CCCCC23)CC1
C(CCCC1CCCC2C(C3CCCCC3)CCC12)CCC1CCCCC1
C1CCC(CCCCC2CCC3CCCCC23)CC1
C1CCC(CCCC2CCC(C3CCC4C(CCC4C4CCCCC4)C3)CC2)CC1
C1CCC(C2CCC3CC4C(CCC45CCCC5)CC32)CC1
C1CCC(C2CC3CCCCC3C3CCCCC23)CC1
C1CCC(C2CC3CCCCC3C3CCC4CCCCC4C23)CC1
C1CCC(CC2CC3CCCCC3C3CCC4CCCCC4C3C2)C1
C1CCC(CCCCC2CC3CCCCC3C2)CC1
C1CCC2CC(C3CCCC4CCCC43)CCC2C1
C1CCC(CCC2CCC(CCC3CCCC(CC4CCCC4)C3)CC2)CC1
C1CCC2CC(C3CCCC4CCCC43)CCC2C1
C(CCCCC1CCC(C2CCCCC2)C1)CCCC1CCCCC1
C1CCC(CCCCC2CC3CCCCC3C2)CC1
C1CCC(CCCCC2CCC3CCCCC23)CC1
C1CCC2CCC3C4CCCC4CC(C4CCC(CCCCC5CCC6C(CCC7C8CCCC8CCC67)C5)CC4)C3C2CC1
C1CCC2C(C1)CCC1C2CCC2C3CCCC3CC21
C1CCC(C2CC3CCCC3C3CCC4CCCCC4C23)CC1
C1CCC2CCC(C3CCCC4CCCC43)CC2CC1
C1CCC(C2CCC3CC4C(CCC5CCCCCC54)CC32)CC1
C1CCC(CC2CCC(C3CC4CCCC4C4CCC5CCCCC5C34)CC2)CC1
C1CCC(CCC2CCC3C(CCC3C3CCCCC3)C2)CC1
C1CCC(CCCC2CC3CCCC3C3CCC4CCCCC4C23)CC1
C1CCC(C2CCCC3C(CCC4CCCCC43)C2)CC1
C1CCC2CCC3C(CCC4C3CCC4(CCCC3CC4CCCCC4C3)CCC3CCCC3)C2CC1
C1CCC2C(C1)CCC1C3CCCCC3CCC21
C1CCC(CCC2CCC(C3CC3)CC2)CC1
C1CCC(C2CCC3C(CCC4CCCCC43)C2)CC1
C1CCC(C2CC3CCCC3C3CCC4CCCCC4CC23)CC1
C1CCC(CCC(CCC2CCC3CCCC3C2)CC2CCCCC2)CC1
C1CCC(C2CCC3CCCC3C3CCC4CCCCC4C23)CC1
C1CCC(C2CC3CCCC3C3CCC4CCCCC4C23)CC1
C1CCC(CC2CC3CCCCC3C3CCC4CCCCC4C3C2)CC1
C1CCC2C(C1)CCC1C3CCCC3CCC21
C1CCC(CC2CCC3C(CCC3C3CCCCC3)C2)CC1
C1CCC(CCCCCC2CC3CCCCC3C2)CC1
C1CCC(C2CCC3CC4C(CCCC45CCCCC5)CC32)CC1
C1CCC2CC(C3CCCC4CCCC43)CCC2C1
C1CCC2CC(CCCC3CCC4C3CCC3C5CCCCC5CCC43)CCC2C1
C1CCC2C(C1)CCC1C3CCCC3CCC21
C1CCC(C2CCC3CC4C(CCC45CCCCC5)CC32)CC1
C1CCC(CCC2CCC3C(CCCC4C5CCCC5CCC34)C2)CC1
C1CCC(CCCCCC2CCCC3C(C4CCCCC4)CCC23)CC1
C1CCC2CC(C3CCCC4CCCC43)CCC2C1
C1CCC(CCCCCC2CC3CCCCC3C2)CC1
C1CCC2CC(CC3CCCC4CCCC43)CCC2C1
C1CCC(CCC(CCC2CCC3CCCC3C2)CC2CCCCC2)CC1
C1CCC(C2CCC3CC4C(CCCC45CCCC5)CCC32)CC1
C1CCC(CCC(CC2CC3CCCCC3C2)C2CCCCC2)CC1
C1CCC(C2CCC3CC4C(CC5CCC6CCCCC65)CCCC4CC32)CC1
C1CCC2CC3CCC(C4CCCCC4)C3CC2CC1
C1CCC(CCCCCC2CCCC3C(CC4CCCCC4)CCC23)CC1
C1CCC(CCCC2CCC3C(CCC3C3CCCCC3)C2)CC1
C1CCC(C2CCC3CC4C(CCCCC5CC5)CCCC4CC32)CC1
C1CCC2C(C1)CCC1CCCCC12
C1CCC(CCCCCC2CC3CCCCC3C2)CC1
C1CCC2CCC(C3CCCC4CCCC43)CC2CC1
C1CCC(CC2CCCCC23CCC2C(CCC2C2CCCCC2)C3)CC1
C1CCC(CCC2CCC3C(CCC3C3CCCCC3)C2)CC1
C(CCCC1CCCCC1)CCCC1CCC(C2CCCCC2)C1
C1CCC(CC2CC3CCCCC3CC3CCC4CCCCC4C32)CC1
C1CCC(CCC2CCC3C(CCC3C3CCCCC3)C2)CC1
C1CCC(CCCCC2CC3CCCCC3C2)CC1
C1CCC(CCCCCC2CC3CCCCC3C2)CC1
C1CCC(CCC2CCC3C(CCC4CCCCC43)C2)CC1
C1CCC2CC(CC3CCCC4CCCC43)CCC2C1
C1CCC(C2CCC3CC4(CCCCCC4C4CCCCC4)CCC32)CC1
C1CCC2CCC3C4CCC(CCCC5CCCC6CCCCC65)C4CCC3C2CC1
C(CCCCC1CCC(C2CCCCC2)C1)CCCC1CCC2CCCC2C1
C1CCC2CCC(C3CCCC4CCCC43)CC2CC1
C1CCC(CCCC2CCC3CCC(C4CCCC5CCCC54)CC3C2)CC1
C1CCC(CCC2CCC3C(CCC4C5CCCC5CCC34)C2)CC1
C1CCC(C2CCC3CCC4CCCCC4CC32)CC1
C1CCC2C(C1)CC(C1CCCC1)C1CCCC21
C(CCCC1CCCCC1)CCC1CCCCC1
C1CCC(CCCCCC2CC3CCCCC3C2)CC1
C1CCC(CCCC2CCCCC3CCC(C4CCCC5CCCC54)CC23)CC1
C1CCC(CCC2CC3CCCCC3C3CCC4CCCCC4C23)C1
C1CCC(CCCCC2CCC3CCCCC23)CC1
C(CCC1CCC2C(CCC3C4CCCCC4CCC23)C1)CC1CCC(C2CC3CCCC3C3CCC4CCCCC4C23)CC1
C1CCC2CC3CCC(C4CCCCC4)C3CC2CC1
C1CCC2CC(CC3CCCC4CCCC43)CCC2C1
C1CCC(CCC2CCCCC3CCC(C4CCCC5CCCC54)CC23)CC1
C1CCC(CCCCCC2CCCC3C(C4CCCCC4)CCC23)CC1
C(CCC1CCCC2CCCCC12)CC1CC2CCCCC2C1
C1CCC2CCC3C4CCCC4CCC3C2CC1
C1CCC2CC(CC3CCCC4CCCC43)CCC2C1
C1CCC(CC2CCC(CC(CC3CCCCC3)C3CCCCC3)CC2)CC1
C1CCC(C2CCC3CC4C(CCC32)CCC42CCCCC2)CC1
C1CCC(C2CC3CCCC3C3CCC4CCCCC4C23)CC1
C1CCC(CCC2CCCC3CC4C(CCC23)CCC4C2CCCCC2)CC1
C1CCC(C2CCC3CC4C(CCCC4CC4CCC5CCCCC54)CCC32)CC1
C1CCC(CC2CCC3C(CCC3C3CCCCC3)C2)CC1
C1CCC(CCCCC2CC3CCCCC3C2)CC1
C(CCCC1CCC2CCCC2C1)CCC1CCCCC1
C1CCC(CCCCCC2CCCC3C(C4CCCCC4)CCC23)CC1
C1CCC(CCCCCC2CCCC3C(CC4CCCCC4)CCC23)CC1
C1CCC(C2CCC3C(CCCCCC4CCC(C5CCCC5)C4)CCCC23)CC1
C1CCC(CCCCCC2CC3CCCCC3C2)CC1
C1CCC(CCCCCC2CCC3CCCCC23)CC1
C1CCC2C(C1)CC(C1CCCC1)C1CCCCC21
C(CCC1CCCC2CCCCC12)CC1CCCC2CCCCC12
C1CCC(CCCC2CCC3C2CCC2C4CC5CCC(C6CCCCC6)C5CCC4CCC32)CC1
C1CCC(CCC2CCC(C3CC3)CC2)CC1
C(CCCC1CCCC2C(C3CCCCC3)CCC12)CCC1CCCCC1
C1CCC(C2CCC3CC4C(CC5CCC6CCCCC65)CCCCC4CC32)CC1
C1CCC(CCC2CCCCC2)CC1
C(CCCC1CCC2CCCC2C1)CCC1CCCCC1
C1CCC(CCCCCC2CC3CCCCC3C2)CC1
C1CCC(CCCCCC2CCCC3C(C4CCCCC4)CCC23)CC1
C1CCC(CC2CCC(CC(CC3CCCCC3)C3CCCCC3)CC2)CC1
C1CCC(C2CCC3CCC4C(CCC5C6CCC(CCCC7CCC8CCCCC8C7)C6CCC45)CC32)CC1
C1CCC(CC2CC3CCCCC3C3CCC4CCCCCC4C23)CC1
C(CCCC1CCCCC1)CCCC1CCC(C2CCCCC2)C1
C1CCC2CC(C3CCCC4CCCC43)CCC2C1
C1CCC(C2CC3CCCC3C3CCC4CCCCC4C23)CC1
C1CCC(CCCC2(CCC3CCCC3)CCC3C4CCCC5CCCCC5C4CCC32)C1
C1CCC(C2CCC3CC4C(CCCC45CCCCC5)CC32)CC1
C1CCC(C2CCC3CC4C(CCC45CCCCCC5)CC32)CC1
C1CCC2C(C1)CCC1C2CCC2C3CCCCC3CC21
C1CCC(C2CCC3CC4C(CCC45CCCCC5)CC32)CC1
C1CCC(CCCCC2CC3CCCCC3C2)CC1
C1CCC2CCC(C3CCCC4CCCC43)CC2CC1
C1CCC(C2CCC3CC4C(CCC5C6CCCC(CCCC7CCC8CCCCC8C7)C6CCC45)CC32)CC1
C1CCC(CCC(CCC2CCC3CCCCC3C2)CC2CCCCC2)CC1
C(CCCC1CCCCC1)CCCC1CCC(CC2CCCCC2)C1
C1CCC(CCC2(CCCC3CC4CCCCC4C3)CCC3C4CCC5CCCCC5C4CCCC32)C1
C1CCC(CC2CCC3C(CCC3C3CCCCC3)C2)CC1
C1CCC2C(C1)CCCC1C3CCCC3CCC21
C(CCC1CC2CCCCC2C1)CCC1CCCC2CCCC12
C1CCC(CCC2CCC3C(CC4CCCCC4)CCC3C2)CC1
C1CCC2C(C1)CCC1C3CCCCC3CCC21
C1CCC(CCCCCC2CCC3CCCCC23)CC1
C(CCC1CCC2CCCCC2C1)CCC1CCCC2CCCCC12
C1CCC2CCC3C4CCC(CCCC5CC6CCCCC6C5)C4CCC3C2CC1
C1CCC(CC2CC3CCCCC3C3CCC4CCCCC4C23)C1
C(CCCCC1CCC(C2CCCCC2)C1)CCCC1CCCCC1
C1CCC(CCCCC2CC3CCCCC3C2)CC1
C1CCC(CCC2CCC(C3CCC4C(CCC4C4CCCCC4)C3)CC2)CC1
C1CCC2C(C1)CCC1C3CCCC3CCC21
C1CCC(CCCCC2CCC3CCCCC23)CC1
C1CCC(CCC(CCC2CCC3CCCC3C2)CC2CCCCC2)CC1
C1CCC2C(C1)CCC1C3CCCC3CCC21
C1CCC(C2CCC3CC4C(CCCC45CCCC5)CCC32)CC1
C(CCCCCCC1CCC2CC3CCC4CCCCC4C3CCC12)CCCCCC1CCC(CCC2CCC(CCC3CCCC3)C2)C1
C1CCC2C(C1)CCC1C2CCC2C3CCCC3CC21
C1CCC(C2CC3CCCC3C3CCC4CCCCC4C23)CC1
C1CCC2CCC(C3CCCC4CCCC43)CC2CC1
C(CCCC1CCCCC1)CCCC1CCC(C2CCCCC2)C1
C(CC1CCC2CCCC2C1)CC1CCCC2CCC(C3CCCC4CCCC43)CC2C1
C1CCC(CCCCCC2CC3CCCCC3C2)CC1
C1CCC(CCCCCC2CCC3CCCC3C2)CC1
C1CCC(CC2CCC3CCCCC3C3CCC4CCCCC4C23)CC1
C(CCC1CCCC2CCCCC12)CC1CCC2CCCCC2C1
C1CCC2CCC3CCCCC3C2CC1
C1CCC2CCC3C4CCC(CCCC5CC6CCCCC6C5)C4CCC3C2CC1
C1CCC(C2CCC(CC3CC4CCCCC4C4CCC5CCCCC5C34)CC2)CC1
C1CCC(CCCC2CCC3C(CCC3C3CCCCC3)C2)CC1
C1CCC(CCC2(CCCC3CC4CCCCC4C3)CCC3C4CCC5CCCCC5C4CCC32)C1
C1CCC(CC2CC3CCCCC3C3CCC4CCCCCC4C23)CC1
C1CCC2CCC(C3CCCC4CCCC43)CC2CC1
C1CCC(CCCCCC2CCCC3C(C4CCCCC4)CCC23)CC1
C(CCCC1CCCCC1)CCCC1CCC(CC2CCCCC2)C1
C1CCC2CC(CC3CCCC4CCCC43)CCC2C1
C1CCC(CCCC2CCC3CCC(C4CCCC5CCCC54)CC3C2)CC1
C1CCC2CC(C3CCCC4CCCC43)CCC2C1
C1CCC(CCCCCC2CC3CCCCC3C2)CC1
C1CCC(C2CC3CCCC3C3CCC4CCCCC4C23)CC1
C1CCC(C2CCC3C(CCCCCC4CCC(C5CCCC5)C4)CCCC23)CC1
C1CCC(C2CC3CCCC3C3CCC4CCCCC4C23)CC1
C1CCC(CC2CC3CCCCC3C3CCCCC23)C1
C1CCC(CCCC2CCC3C2CCC2C4CC5CCC(C6CCCCC6)C5CCC4CCC32)CC1
C1CCC(CCCCCC2CCCC3C(C4CCCCC4)CCC23)CC1
C1CCC(CC2CCCC(CCC3CCC(CCC4CCC(C5CC5)CC4)CC3)C2)C1
C1CCC(C2CCC3CCCC3C3CCC4CCCCC4C23)CC1
C1CCC(C2CCC3CC4C(CCC5C6CCC(CCCC7CC8CCCCC8C7)C6CCC45)CC32)CC1
C1CCC2CC(CCCC3CCCC4CCCCC43)CC2C1
C1CCC(CCC2CCC3C(CCC3C3CCCCC3)C2)CC1
C1CCC(CCCCCC2CC3CCCCC3C2)CC1
C1CCC(CCCC2CCC3CCC(C4CCCC5CCCC54)CC3C2)CC1
C1CCC(CC2CCC3C(CCC3C3CCCCC3)C2)CC1
C1CCC(C2CC3CCCC3C3CCC4CCCCCC4C23)CC1
C1CCC(C2CC3CCCC3C3CCC4CCCCC4C3C2)CC1
C1CCC(C2CCC3CC4C(CCC32)CCC42CCCC2)CC1
C1CCC(C2CC3CCCC3C3CCC4CCCCC4C23)CC1
C1CCC(C2CCC3CC4C(CCC5C6CCC(CCCC7CCCC8CCCCC87)C6CCC45)CC32)CC1
C1CCC(C2CCC3CCC4CCCCC4CC32)CC1
C(CCCC1CCCC2C(C3CCCCC3)CCC12)CCC1CCCCC1
C1CCC(CCC2CC3CCCCC3C3CCC4CCCCC4C23)CC1
C1CCC(C2CCC3CC4C(CCC5C6CCC(CCCC7CC8CCCCC8C7)C6CCC45)CC32)CC1
C1CCC(C2CCC3C(CCCCCC4CCC(CC5CCCC5)C4)CCCC23)CC1
C1CCC(CCCC(CC2CC3CCCCC3C2)C2CC2)CC1
C1CCC(C2CC3CCCCC3C3CCC4CCCCC4C23)CC1
C(CCCC1CCCCC1)CCCC1CCC(CC2CCCCC2)C1
C1CCC(C2CC3CCCCC3C3CCC4CCCCC4C23)CC1
C1CCC(CCCCCC2CCCC3C(CC4CCC(CC5CC5)CC4)CCC23)CC1
C1CCC(CC2CCC3CC4C(CCCC45CC(C4CCCCC4)C(C4CCCCC4)C5)CC23)CC1
C1CCC2CC(CC3CCCC4CCCC43)CCC2C1
C1CCC(CC2CC3CCCCC3C2C2CCCCC2)CC1
C1CCC(CCCCC2CCC3C2CCC2C4CCCCC4CCC32)CC1
C1CCC(CCCCCC2CCC3C2CCC2C4CCCCC4CCC32)CC1
C1CCC2CC(C3CCCC4CCCC43)CCC2C1
C1CCC2C(C1)CC(C1CCCC1)C1CCCCC21
C1CCC2CC(CCCC3CCCC4C3CCC3C5CCCCC5CCC43)CC2C1
C1CCC(C2CC3CCCC3CC3CCC4CCCCC4C32)CC1
C1CCC2CC3CCC4CCCC4C3CCC2C1
C(CCC1CCCCC2CCCCC12)CC1CCC2CCCCC2C1
C1CCC2CC(CCCC3CCCC4CCCCC43)CCCC2C1
C1CCC(C2CCC3CC4C(CCCC45CCCCC5)CC32)CC1
C1CCC2C(C1)CCC1C3CCCC3CCC21
C1CCC(CC2CCC3CC4C(CCC5C6CCCC6CCC45)CC23)CC1
C1CCC(CCCCCC2CC3CCCCC3C2)CC1
C1CCC(C2CCC3CC4C(CCC5C6CCC(CCCC7CC8CCCCC8C7)C6CCC45)CC32)CC1
C(CCC1CCC2CCCC2C1)CC1CCC(C2CCCC2)CC1
C1CCC2CCC(C3CCCC4CCCC43)CC2CC1
C1CCC(CC2CCC3CC4C(CCC5C6CCCC6CCC45)CC23)CC1
C1CCC2CC(CCCC3CCCC4CCCCC43)CC2C1
C1CCC(CCCCC2CCC3CCCCC23)CC1
C(CCCC1CCCC2C(C3CCCCC3)CCC12)CCC1CCC(C2CCCC2)C1
C1CCC2C(C1)CCC1C3CCCC3CCC21
C1CCC(CCCCC2CC3CCCCC3C2)CC1
C1CCC(C2CCC(CCCC3CCC4C3CCC3C5CCCCC5CCC43)C2)CC1
C1CCC(C2CCC3CC4C(CCC5C6CCC(CCCCC7CCC8CCCCC8C7)C6CCC45)CC32)CC1
C1CCC(CCCCC2CCC3CCCCC23)CC1
C1CCC2CCC3C4CCCCC4CC(CC4CCCC4)C3C2CC1
C1CCC(CCC2CCC3C(CCC3CC3CCCC(CCC4CCCC4)C3)C2)CC1
C1CCC(CCC2CCC3C(CC4CCCCC4)CCC3C2)CC1
C(CCC1CCC2C(CCC3C4CCCC4CCC23)C1)CC1CCC(C2CC3CCCC3C3CCC4CCCCC4C23)CC1
C1CCC(CCCCC2CCC3CCCCC23)CC1
C1CCC(CCC2CCC(CCC3CCCC(CC4CCCC4)C3)CC2)CC1
C1CCC(C2CC3CCCC3C3CCCC4CCCCC4C23)CC1
C1CCC2CC3CCC4CCCCC4C3CCC2C1
C1CCC2CCC(C3CCCC4CCCC43)CC2CC1
C1CCC(CCC2(CCCC3CCC4CCCCC4C3)CCCC3C4CCC5CCCCC5C4CCC32)C1
C1CCC(C2CC3CCCC3C3CCC4CCCCCC4C23)CC1
C1CCC2C(C1)CCC1C3CCCCC3CCC21
C1CCC(CCCCC2CC3CCCCC3C2)CC1
C1CCC(C2CC3CCCC3C3CCC4CCCCC4C23)CC1
C1CCC2CCC3C4CCCC4CCC3C2CC1
C(CCCC1CCCC2C(C3CCCCC3)CCC12)CCC1CCCCC1
C1CCC(C2CCC3CC4(CCCCCCC4C4CCCCC4)CCC32)CC1
C1CCC(CCC2CCC3C(CCC3C3CCCC(CCC4CCCC4)C3)C2)CC1
C1CCC2C(C1)CCC1C3CCCC3CCCC21
C1CCC(CC2CC3CCCCC3CC3CCC4CCCCC4C32)CC1
C1CCC(CCCCCC2CC3CCCCC3C2)CC1
C1CCC(CCCCCC2CCCCC2)CC1
C1CCC(C2CC3CCCCC3C3CCCCC3C2)C1
C1CCC(CC2CC3CCCCC3C3CCC4CCCCC4C23)C1
C1CCC(CCC2CCC3C(CCC4C5CCCCC5CCC34)C2)CC1
C1CCC(C2CC3CCCCC3CC3CCCCC32)CC1
C(CCC1CCCC2CCCCC12)CC1CCCC2CCCCC12
C1CCC2C(C1)CCC1C3CCCC3CCC21
C1CCC(C2CC3CCCC3C3CCC4CCCCC4C23)CC1
C1CCC(C2CC3CCCCC3C3CCCCC23)CC1
C1CCC(CCC2CCCCC2)CC1
C(CCCC1CCCC2C(C3CCCCC3)CCC12)CCC1CCCCC1
C1CCC(CCCCC2CCCC3CCC(C4CCCCC4)CC23)CC1
C1CCC(CCCCCC2CC3CCCCC3C2)CC1
C1CCC2CC(CC3CCCC4CCCC43)CCC2C1
C1CCC(C2CCC3C(CCC4CCCCC43)C2)CC1
C1CCC2CCC3C4CCCC4CCC3C2CC1
C1CCC(CC2CCCC(CCC3CCC(CCC4CCC(C5CC5)CC4)CC3)C2)C1
C1CCC2C(C1)CCCC2CCCC1CCCC2CCCCC21
C1CCC(C2CCC3(CCC4CCC5C(CCC5C5CCCCC5)CC43)C2)CC1
C(CCCC1CCCC2C(C3CCCCC3)CCC12)CCC1CCCCC1
C1CCC(CCCCC2CCC3CCCCC23)CC1
C1CCC(CCC2CCCC3CC4C(CCC4C4CCCCC4)CC23)CC1
C1CCC2CC(C3CCCC4CCCC43)CCC2C1
C1CCC(C2CCC(CCCCCC3CCCC4CCCCC34)C2)CC1
C1CCC(CCC2CCC(C3CCC4C(CCC4C4CCCCC4)C3)CC2)CC1
C1CCC(CCCC(CCC2CCC3CCCC3C2)CC2CCCCC2)CC1
C1CCC2CC(CC3CCCC4CCCC43)CCC2C1
C1CCC(CCC2CCC3C(CCC3C3CCCCC3)C2)CC1
C(CCCCC1CCC2C(CCC3C4CCCC4CCC23)C1)CCCC1CCCC(CC(CC2CCC(CCC3CCCCC3)CC2)C2CCCCC2)C1
C1CCC(CCCCC2CCC3CCCCC23)CC1
C1CCC(C2CCC3CC4C(CCC5C6CCC(CCCC7CCC8CCCCC8C7)C6CCC45)CC32)CC1
C1CCC(CCC2CCC(CCC3CCCCC(CC4CCCC4)C3)CC2)CC1
C1CCC2CC(CC3CCCC4CCCC43)CCC2C1
C(CCCC1CCCC2C(C3CCCCC3)CCC12)CCC1CCCCC1
C1CCC(C2CC3CCCC3CC3CCC4CCCCC4C32)CC1
C1CCC(CCCC2CCC3CCC(C4CCCC5CCCC54)CC3C2)CC1
C1CCC2CCC3C4CCC(CCCC5CC6CCCCC6C5)C4CCC3C2CC1
C1CCC(CC2CC3CCCCC3C3CCC4CCCCCC4C23)CC1
C1CCC(CCCCC2CCC3CCCC3C2)CC1
C1CCC(CC2CCC3CC4C(CCC45CCCC5)CC23)CC1
C1CCC2CC(CC3CCC4CCCCC43)CCC2C1
C1CCC2CCC3C4CCCC4CCC3C2CC1
C1CCC2C(C1)CCC1C3CCCC3CCC21
C1CCC2CC(C3CCCC4CCCC43)CCC2C1
C1CCC2CC(CCCC3CCC4C3CCC3C5CCCCC5CCC43)CCC2C1
C1CCC2CC(CCCC3CCCC4CCCCC43)CC2C1
C1CCC(CCC2CCC3C(CCC3C3CCCCC3)C2)CC1
C1CCC(C2CCCC3(CCC4CC5C(CCC5C5CCCCC5)CC43)C2)CC1
C1CCC(CCC2CCC3C(CCC3C3CCCCC3)C2)CC1
C1CCC(CCCCC2CCC3CCCCC23)CC1
C1CCC2CC(CC3CCCC4CCCC43)CCC2C1
C(CCC1CCCC2CCCCC12)CC1CCC2CCCCC2C1
C1CCC(C2CCC3CC4CCCCC4CC32)CC1
C1CCC2CCC3C4CCCCC4CCC3C2CC1
C(CCC1CCCC2CCCCC12)CC1CCC2CCCCC2C1
C1CCC2CCC(C3CCCC4CCCC43)CC2CC1
C1CCC2CCC(C3CCC4CCCCC43)CC2CC1
C1CCC(CCC(CCC2CCC3CCCC3C2)CC2CCCCC2)CC1
C1CCC(CCC2CCCCC3CC4C(CCC4C4CCCCC4)CC23)CC1
C1CCC(CCCCC2CCCC3CCC(C4CCCC5CCCC54)CC23)CC1
C1CCC(CCC2CCC(C3CCC4C(CCC4C4CCCCC4)C3)CC2)CC1
C1CCC(C2CC3CCCC3C3CCC4CCCCC4CC23)CC1
C1CCC(CCCCC2CC3CCCCC3C2)CC1
C1CCC(CCC2CCC3C(CCCC4C5CCCC5CCC34)C2)CC1
C1CCC2C(C1)CCC1C3CCCC3CCC21
C1CCC(CC2CC3CCCC3C3CCC4CCCCC4C23)CC1
C(CCC1CCCC1)CCC1CCCCC2CCCCC12
C(CCCC1CCCCC1)CCCC1CCC(C2CCCCC2)C1
C1CCC(C2CCC3C(CCC4CCCCC43)C2)CC1
C1CCC2CC(C3CCCC4CCCC43)CCC2C1
C(CCCC1CCCC2C(C3CCCCC3)CCC12)CCC1CCCCC1
C(CCC1CCCC2CCCCC12)CC1CCCC2CCCCC12
C1CCC(CCC2CCC3C(CCC3C3CCCCC3)C2)CC1
C1CCC(C2CCC3CC4C5CCC6C(CCCC7CCC8CCCCC8C7)CCC6C(CCC4CC32)C5)CC1
C1CCC(CCC2CCC3C(CCC4C5CCCCC5CC(CCC5CCCCC5)C34)C2)CC1
C1CCC(CC2CCCC(C3CCC4CC(CCCC5CCC6CCCCC6C5)CCC43)C2)C1
C1CCC(CCC2CCC(CCC3CCCC(CC4CCCC4)C3)CC2)CC1
C1CCC(CCCCC2CC3CCCCC3C2)CC1
C1CCC(C2CC3C(CCCC4CC4)CCC3C3CCC4CCCCC4C23)CC1
C1CCC2CCC3CCCCC3C2CC1
C1CCC(CCC2CCC3C(CCC3C3CCCC3)C2)CC1
C(CCCC1CCCC2CCCCC12)CCC1CCC(C2CCCCC2)C1
C1CCC2CCC(C3CCCC4CCCC43)CC2CC1
C1CCC(C2CC3CCCC3C3CCC4CCCCCC4C23)CC1
C1CCC(CCCCC2CC3CCCCC3C2)CC1
C(CCCC1CCCCC1)CCCC1CCC(C2CCCCC2)C1
C1CCC2C(C1)CCC1CCCCC12
C1CCC(CC2CCC3C(CCCCCC4CCC(C5CCCC5)C4)CCCC23)CC1
C1CCC(C2CC3CCCC3CC3CCC4CCCCC4C32)CC1
C1CCC(C2CCC(C3CC4CCCC4C4CCC5CCCCC5C34)CC2)C1
C1CCC2C(C1)CCC1CCCCC12
C1CCC(C2CC3CCCC3C3CCC4CCCCCC4C23)CC1
C1CCC2C(C1)CCC1C3CCCC3CCC21
C1CCC(CCCCCC2CCCC3C(C4CCCCC4)CCC23)CC1
C1CCC2CCC3C4CCCCC4CC(CC4CCCC4)C3C2CC1
C1CCC(C2CCC3CCC4(CCCCCC4C4CCCCC4)CCC32)CC1
C1CCCC(C2CCC3CC4C(CCC5C6CCC(CCCC7CC8CCCCC8C7)C6CCC45)CC32)CC1
C1CCC2CCC3C4CCCC4CCC3C2CC1
C1CCC(C2CCC3(CCCC4CC5C(CCC5C5CCCCC5)CC43)C2)CC1
C1CCC(C2CC3CCCC3C3CCC4CCCCC4C23)CC1
C1CCC2CC3CCC4C5CCCC5CC4C3CCC2C1
C1CCC2CC(C3CCCC4CCCC43)CCC2C1
C1CCC(C2CCC3CC4C(CCC5C6CCCC6CCC45)CC32)CC1
C1CCC(CCC2CCC(C3CCC4C(CCC4C4CCCCC4)C3)CC2)CC1
C1CCC(CCCCCC2CCC3CCCCC23)CC1
C1CCC(CCC2CCC3CC4CCC5CCCCC5C4C(C4CCCCC4)CCC23)CC1
C1CCC(CCCC2CCC3C2CCC2C4CCCCC4CCC32)C1
C1CCC(CC2CCCCCCC23CCC2C(CCC2C2CCCCC2)C3)CC1
C(CCCC1CCCC2C(C3CCCCC3)CCC12)CCC1CCCCC1
C1CCC(CCCCCC2CCC3CCCCC23)CC1
C1CCC(CCCCCC2CC3CCCCC3C2)CC1
C1CCC2CC(CCCC3CCCCC4CCCCC43)CC2C1
C1CCC(C2CCC3CCCC3C3CCC4CCCCC4C23)CC1
C1CCC(C2CCC3CCCC3C3CCC4CCCCC4C23)CC1
C1CCC(CCC2CC3CCCCC3C3CCC4CCCCC4C23)C1
C1CCC2CCC(C3CCCC4CCCC43)CC2CC1
C1CCC(CCCCCC2CC3CCCCC3C2)CC1
C1CCC(CCCC(CC2CC3CCCCC3C2)C2CC2)CC1
C1CCC(CCC2CCC(CCC3CCCC(CC4CCCC4)C3)CC2)CC1
C1CCC(CCCCC2CC3CCCCC3C2)CC1
C1CCC(C2CCC3C(CCC3C3CCCCC3)C2)CC1
C1CCC2CC(CCCC3CCC4C3CCC3C5CCCCC5CCCC43)CC2C1
C1CCC(C2CC3CCCC3C3CCC4CCCCC4C23)CC1
C1CCC(C2CCC(CCCCCC3CCCC4CCCCC34)C2)CC1
C1CCC(CCCC2CCCC(C3CCC4CC(CCC5CCC6CCCCC6C5)CCC43)C2)CC1
C1CCC(C2CCC3(CCCC4CC5C(CCC5C5CCCCC5)CC43)C2)CC1
C1CCC(C2CC3CCCC3C3CCC4CCCCC4C23)CC1
C1CCC(C2CC3CCCC3C3CCC4CCCCC4C23)CC1
C(CCC1CCCC2CCCC12)CC1CC2CCCCC2C1
C1CCC(C2CCC3CCC4C(CCC5C6CCC(CCCC7CCCC8CCCCC87)C6CCC45)CC32)CC1
C1CCC(C2CCC3CC4C(CCC5C6CCC(CCCC7CC8CCCCC8C7)C6CCC45)CC32)CC1
C1CCC(CCC2CCC3C(CCC3C3CCCCC3)C2)CC1
C1CCC(C2CCC3C(CCCCCC4CCC(C5CCCC5)C4)CCCC23)CC1
C1CCC(CCCCCC2CCCC3C(C4CCCCC4)CCC23)CC1
C1CCC(C2CC3CCCC3C3CCC4CCCCCC4C23)CC1
C(CCC1CCCC2CCCC12)CC1CC2CCCCC2C1
C1CCC(CCC2CCC(CCC3CCCC(CC4CCCC4)C3)CC2)CC1
C1CCC(C2CC3CCCC3C3CCC4CCCCC4C23)CC1
C1CCC(CCC2CCC(CCC3CCCC(CC4CCCCC4)C3)CC2)CC1
C1CCC(CCC2CCCC3CC4C(CCC4C4CCCCC4)CC23)CC1
C1CCC(CCCCC2CC3CCCCC3C2)CC1
C(CCCC1CCCC2C(C3CCCCC3)CCC12)CCC1CCC(C2CCCC2)C1
C1CCC(C2CCC3CC4C(CCCC45CCCC5)CC32)CC1
C1CCC(C2CCC3CC4C(CCC32)CCC42CCCC2)CC1
C1CCC(CC2CCC3CC4C(CCC45CCCC5)CC23)CC1
C1CCC(CCCCCC2CCCC3C(C4CCCCC4)CCC23)CC1
C1CCC2CCC(C3CCCC4CCCC43)CC2CC1
C1CCC(CCCCCC2CC3CCCCC3C2)CC1
C1CCC(CCCC2CCCC3CCC(C4CCCC5CCCC54)CC3C2)CC1
C1CCC(C2CCC3CC4C(CCC5C6CCCC(CCCC7CC8CCCCC8C7)C6CCC45)CC32)CC1
C1CCC2CCC3C4CCCC4CCC3C2CC1
C1CCC(C2CC3CCCCC3C3CCC4CCCCC4C23)CC1
C1CCC(CCCCC2CC3CCCCC3C2)CC1
C1CCC(CCCC2CC3CCCCC3C2C2CCCCC2)CC1
C1CCC(C2CCC3CCCC3C3CCC4CCCCC4C23)CC1
C1CCC(C2CCC3CC4C(CCC5C6CCC(CCCC7CC8CCCCC8C7)C6CCC45)CC32)CC1
C1CCC(C2CCC3CC4C(CCC5C6CCC(CCCC7CC8CCCCC8C7)C6CCC45)CC32)CC1
C1CCC(CCCCC2CC3CCCCC3C2)CC1
C1CCC(CCCCC2CCC3CCC(C4CCCC5CCCC54)CC3C2)CC1
C1CCC2CC(CC3CCCC4CCCCC43)C3C(CCC4CCCCC43)CC2C1
C(CCC1CCCC2CCCCC12)CC1CCC2CCCCC2C1
C1CCC(C2CC3C(CCC4CC4)CCC3C3CCCC4CCCCC4C23)CC1
C1CCC(C2CCC3CC4C(CCCC45CCCC5)CCC32)CC1
C1CCC2CC(C3CCCC4CCCC43)C3CCCC3C2CC1
C1CCC(CCCC2CCCC(CC3CCC4CC(CCC5CCC6CCCCC6C5)CCC43)C2)CC1
C1CCC(C2CC3CCCC3C3CCC4CCCCC4C23)CC1
C1CCC(CCC2CCC3C(CCC3C3CCCCC3)C2)CC1
C1CCC(CC2CCCCC2CC2CC3CCCCC3CC3CCC4CCCCC4C32)CC1
C1CCC2CC(C3CCCC3)CCC2C1
C1CCC(CCCCCC2CCC3CCCCC23)CC1
C1CCC(C2CC3CCCCC3CC3CCCCC32)CC1
C1CCC(C2CCC3CC4C(CCCC45CCCCC5)CC32)CC1
C1CCC(C2CCCC3C(CCC4CCCCC43)C2)CC1
C1CCC(C2CCC3CC4C(CCC45CCCC5)CC32)CC1
C1CCC(CC2CC3CCCCC3CC3CCC4CCCCC4C32)C1
C1CCC(CCCCCC2CCCC3C(C4CCCCC4)CCC23)CC1
C(CCC1CCCC1)CCC1CCCC2CCCCC12
C1CCC(CCC2CCC3C(CCC4C5CCCCC5CCC34)C2)CC1
C1CCC2CCC3C4CCC(CCCC5CCC6CCCCC6C5)C4CCC3C2CC1
C(CCC1CCC2C(CCC3C4CCCC4CCC23)C1)CC1CCC(C2CC3CCCC3C3CCC4CCCCC4C23)CC1
C1CCC(CCC2CCC(CCC3CCCC(CC4CCCC4)C3)CC2)CC1
C1CCC(C2CC3CCCC3C3CCCC4CCCCC4C23)CC1
C1CCC(CCCC2CCC3C(CCC3C3CCCCC3)C2)CC1
C1CCC2CCC3C4CCC(CCCC5CC6CCCCC6C5)C4CCC3C2CC1
C1CCC2CC(CCCC3CCC4C3CCC3C5CCCCC5CCC43)CC2C1
C1CCC(CCCCC2CC3CCCCC3C2)CC1
C1CCC2CC(C3CCCC3)C3CCCCC3CC2C1
C1CCC(CCC2CCC3C(CCC3C3CCCCC3)C2)CC1
C1CCC2C(C1)CCC1C3CCCC3CCCC21
C1CCC(CCCCCC2CCCC3C(C4CCCCC4)CCC23)CC1
C1CCC(CC2CC3CCCCC3C3CCC4CCCCC4C23)CC1
C1CCC(C2CCC3CCC4C(CCC5C6CCC(CCCC7CC8CCCCC8C7)C6CCC45)CC32)CC1
C1CCC2C(C1)CCC1C3CCCC3CCC21
C1CCC(CCCC2CCC3C4CCC5CC6C(CCC6C6CCCCC6)CC5C(CCC23)C4)CC1
C1CCC(C2CCC3CC4C(CC5CCC6CCCCC65)CCCC4CC32)CC1
C1CCC2CCC3C4CCC(CCCC5CC6CCCCC6C5)C4CCC3C2CC1
C1CCC(CCC2(CCCC3CCC4CCCCC4C3)CCC3C4CCC5CCCCC5C4CCC32)C1
C1CCC(CCCC(CCC2CCC3CCCC3C2)CC2CCCCC2)CC1
C1CCC(CC2CCC(CCCC3CCC4CCCC4C3)CC2)C1
C1CCC2CCC(C3CCCC4CCCC43)CC2CC1
C1CCC2C(C1)CCC1CCCCC12
C1CCC(C2CCC3CC4C(CCC45CCCCCC5)CC32)CC1
C1CCC(C2CCC3CC4C(CCC5C6CCCC(CCCC7CCC8CCCCC8C7)C6CCC45)CC32)CC1
C1CCC(CCC2CCC3C(CCC3CC3CCCC(CC4CCCC4)C3)C2)CC1
C1CCC(CCCCC2CCC3CCC(C4CCCC5CCCC54)CC3C2)CC1
C1CCC2CC(CCCC3CCCC4CCCCC43)CC2C1
C1CCC2CC(C3CCCC4CCCC43)CCC2C1
C1CCC(CCCCC2CCC3CCCCC23)CC1
C1CCC(CCC2CCC3C(CCC3C3CCCCC3)C2)CC1
C1CCC(C2CCC(CCCC3CCC4C3CCC3C5CCCCCC5CCC43)C2)CC1
C1CCC2CC(CCCC3CCC4C3CCC3C5CCCCC5CCC43)CC2C1
C(CCCC1CCCCC1)CCCC1CCC(C2CCCCC2)C1
C1CCC2C(C1)CCC1C3CCCC3CCC21
C1CCC(CC2CC3CCCCC3C3CCC4CCCCC4C23)CC1
C1CCC(CCCC2CCC3CCC(C4CCCC5CCCC54)CC3C2)CC1
C1CCC(C2CC3CCCCC3C3CCCCC23)CC1
C1CCC(C2CCC3CCC4C(CCC5C6CCCC6CCC45)CC32)CC1
C1CCC(CCCCCC2CCC3CCCCC23)CC1
C1CCC2CCC3C4CCCC4CC(C4CCC(C5CCCC5)CC4)C3C2CC1
C1CCC(CCCC2(CCC3CCCC3)CCC3C4CCC5CCCCC5C(CCC32)C4)CC1
C(CCC1CCCC2CCCC12)CC1CC2CCCCC2C1
C1CCC(CCC2CCC3C(CCC3C3CCCCC3)C2)CC1
C1CCC2CCC(C3CCCC4CCCC43)CC2CC1
C1CCC(CCCC2CCC3C(CCC3C3CCCCC3)C2)CC1
C1CCC(CCCCCC2CCCC3C(C4CCCCC4)CCC23)CC1
C(CCC1CCC2C1CCC1C3CCCCC3CCC21)CC1CC2CCCCC2C1
C1CCC(C2CCC3CC4C(CCC5C6CCC(CCCCC7CCC8CCCCC8C7)C6CCC45)CC32)CC1
C1CCC(CCCCCC2CCCC3C(C4CCCCC4)CCC23)CC1
C(CCC1CCC2CCCCC2C1)CCC1CCCC2CCCCC12
C(CCC1CCCC2CCCCC12)CC1CCCC2CCCCC12
C1CCC2CCC3C4CCCC4CCC3C2CC1
C(CCC1CCC2C1CCC1C3CCCCC3CCC21)CC1CC2CCCCC2C1
C1CCC2CCC(C3CCCC4CCCC43)CC2CC1
C(CCC1CCCC2CCCCC12)CC1CCC2CCCCC2C1
C1CCC2C(C1)CCC1C3CCCC3CCC21
C1CCC2CC(C3CCCC4CCCC43)CCC2C1
C1CCC(CCCCCC2CCCC3C(C4CCCCC4)CCC23)CC1
C1CCC(C2CCC(C3CC4CCCC4C4CCC5CCCCC5C34)CC2)C1
C1CCC(CCCCC2CC3CCCCC3C2)CC1
C1CCC(C2CC3CCCC3C3CCCC4CCCCC4C23)CC1
C1CCC(CC2CCC(CC(CC3CCCCC3)C3CCCCC3)CC2)CC1
C(CCCC1CCC2CCCC2C1)CCCC1CCC(C2CCCCC2)C1
C1CCC(CCCC2CCCC3CCC(C4CCCC5CCCC54)CC23)CC1
C1CCC(CCCCC2CC3CCCCC3C2)CC1
C1CCC(C2CCC(CCCC3CCC4C3CCC3C5CCCCC5CCC43)C2)CC1
C1CCC(CCCCC2CCC3CCCCC23)CC1
C1CCC(CCC2CCC3C(CCC4C5CCCC5CCC34)C2)CC1
C1CCC(CCCCC2CCC3CCCCC23)CC1
C1CCC2CC(C3CCCC4CCCC43)CCC2C1
C1CCC(C2CCCC(CC3CC4CCCCC4C4CCC5CCCCC5C4C3)C2)C1
C1CCC(C2CCC3CCC4CCCCC4C3CC2)CC1
C1CCC(CCCCCC2CCC3CCCCC3C2)CC1
C1CC2CCC3C(CCC4CCCCC43)CC2C1
C1CCC(CCCCC2CCC3CCC(C4CCCC5CCCC54)CC3C2)CC1
C1CCC(C2CC3CCCCC3C3CCCCC23)CC1
C1CCC(CCCCC2CCC3CCCCC23)CC1
C1CCC(CCCCCC2CC3CCCCC3C2)CC1
C(CCCC1CCCCC1)CCC1CCCCC1
C1CCC2CC(CCCC3CCC4C3CCCC3C5CCCCC5CCC34)CC2C1
C1CCC2C(C1)CCC1CC3CC4CCCC4C3CCC12
C1CCC(CCC2CCC3C(CCC3C3CCCCC3)C2)CC1
C1CCC(C2CCC3CCC4CCCCC4C3CC2)CC1
C1CCC(CC2CC3CCCCC3C3CCC4CCCCC4C23)CC1
C1CCC(C2CCC3CC4CCCCC4CC32)CC1
C(CCC1CCC2C1CCC1C3CCCCC3CCC21)CC1CCC2CCCCC2C1
C1CCC(CCC2CCC3C(CCC4CC(C5CCCCC5)CCC43)C2)CC1
C1CCC(CCCCC2CC3CCCCC3C2)CC1
C1CCC(CCCCCC2CCCC3C(CC4CCCCC4)CCC23)CC1
C1CCC(CCCCCC2CC3CCCCC3C2)CC1
C(CCCCC1CCC(C2CCCCC2)C1)CCCC1CCCCC1
C1CCC2CC(CCCC3CCC4C3CCCC3C5CCCCC5CCC34)CC2C1
C1CCC(C2CC3CCCCC3C3CCC4CCCCC4C23)CC1
C1CCC(CCCCCC2C3CCCCC3CCC2C2CCCC3CCCC32)CC1
C(CCC1CC2CCCCC2C1)CCC1CCCC2CCCC12
C1CCC2CCC3C(CCC4C5CCCC5CC43)C2CC1
C1CCC(CCCCCC2CCC3C(CCC3C3CCCCC3)C2)CC1
C1CCC2CC(C3CCCC4CCCC43)CCC2C1
C1CCC(CCC(CCCC2CCC3CCCC3C2)CCC2CCCCC2)CC1
C1CCC(CCC2CCCC3CC4C(CCC4C4CCCCC4)CC23)CC1
C1CCC2CCC3C4CCC(CCCC5CC6CCCCC6C5)C4CCC3C2CC1
C1CCC(C2CCC3CC4C(CCC45CCCCC5)CC32)CC1
C1CCC2CC(C3CCCC4CCCC43)C3CCCC3C2CC1
C1CCC2CC(C3CCCC4CCCC43)CCC2C1
C1CCC(CCCCCC2CCCC3C(CC4CCCCC4)CCC23)CC1
C(CCCC1CCCC2C(C3CCCCC3)CCC12)CCC1CCCCC1
C1CCC(CCC2CCC(C3CCC4C(CCC4C4CCCCC4)C3)CC2)CC1
C1CCC(C2CCC3CC4C(CCC32)CCC42CCCC2)CC1
C1CCC(CCC2CCC(C3CCC4C(CC5CCCCC5)CCC4C3)CC2)CC1
C1CCC(C2CCC3CC4C(CCCC4CC4CCC5CCCCC54)CCC32)CC1
C1CCC(CCC2CCC(CCC3CCCC(CC4CCCC4)C3)CC2)CC1
C1CCC(CC2CCC3CC4C(CCC5C6CCC(CCCC7CC8CCCCC8C7)C6CCC45)CC23)CC1
C1CCC(CCCCC2CC3CCCCC3C2)CC1
C1CCC(CCCCC2CC3CCCCC3C2)CC1
C1CCC(CCC2CCC3C(CCC3C3CCCC3)C2)CC1
C(CCCCC1CCC(C2CCCCC2)C1)CCCC1CCCCC1
C1CCC(C2CC3CCCC3C3CCC4CCCCC4CC23)CC1
C1CCC(CCC2CCC3C2CCC(C2CCCCC2)C2C4CCCCCC4CCC32)CC1
C1CCC(C2CCC3CC4C(CCCC45CCCC5)CC32)CC1
C1CCC(CCCCCC2CCC3C(CCC3C3CCCCC3)C2)CC1
C1CCC(CCC2CCC3C(CCC3C3CCCC(CC4CCCCC4)C3)C2)CC1
C1CCC(C2CC3CCCC3C3CCC4CCCCCC4C23)CC1
C1CCC(CCCCC2CC3CCCCC3C2)CC1
C1CCC(CCC2CCC(CCC3CCCC(CC4CCCCC4)C3)CC2)CC1
C1CCC(C2CCC3C(CCC4CCCCC43)C2)CC1
C1CCC(CCCCC2CC3CCCCC3C2)CC1
C1CCC(CCCCCC2CCCC3C(C4CCCCC4)CCC23)CC1
C1CCC2CC(CCCC3CCCC4C3CCC3C5CCCCC5CCC43)CC2C1
C1CCC(CCCCC2CC3CCCCC3C2)CC1
C1CCC2CC(CCCC3CCC4C3CCC3C5CCCCC5CCC43)CC2C1
C1CCC2CC(CCCC3CCC4C3CCC3C5CCCCC5CCCC43)CC2C1
C1CCC(CCCCCC2CC3CCCCC3C2)CC1
C1CCC(C2CCC3CC4C(CCCC45CCCCC5)CC32)CC1
C1CCC(C2CCC3CC4C(CCCC45CCCCC5)CC32)CC1
C1CCC(CCCC2CCCCC2)CC1
C1CCC2C(C1)CC(C1CCCC3CCCC31)C1CCCCC21
C1CCC(CCC2CCCCC3CCC(C4CCCC5CCCC54)CC23)CC1
C(CCC1CCCC2CCCCC12)CC1CCCC2CCCCC12
C1CCC(CCCCC2CCC3CCCCC23)CC1
C1CCC(CCCC2CCC3C(CCC3C3CCCCC3)C2)CC1
C1CCC(CCC2CCCCC2)CC1
C1CCC(C2CCC(CCCCCC3CCCC4C(C5CCCCC5)CCC34)C2)CC1
C(CCCC1CCCC2C(C3CCCCC3)CCC12)CCC1CCCCC1
C1CCC(CCCCC2CC3CCCCC3C2)CC1
C1CCC2CCC3C4CCCCC4CC(CC4CCCC4)C3C2CC1
C1CCC(C2CC3CCCC3C3CCCC4CCCCC4C23)CC1
C1CCC2CC(C3CCCC4CCCC43)CCC2C1
C(CCCCC1CCC(C2CCCCC2)C1)CCCC1CCCCC1
C1CCC(CCCCC2CC3CCCCC3C2)CC1
C1CCC(C2CC3CCCC3C3CCC4CCCCC4C23)CC1
C1CCC(CCCCCC2CCCC3C(C4CCCCC4)CCC23)CC1
C1CCC(C2CCC3C(CCC4CCCCC43)C2)CC1
C1CCC2CCC(C3CCCC4CCCC43)CC2CC1
C1CCC2CC(C3CCCC4CCCC43)CCC2C1
C1CCC(CC2CC3CCCCC3CC3CCC4CCCCC4C32)C1
C(CCCC1CCC(CC2CCCCC2)C1)CCCC1CCC2CCCC2C1
C(CCCC1CCCCC1)CCCC1CCC(C2CCCCC2)C1
C1CCC(CCC2CCC3C2CCC(C2CCCCC2)C2C4CCCCC4CCC32)CC1
C1CCC(CCCC2CCC3C(CCC4CCCCC43)C2)CC1
C1CCC(CCCCC2CC3CCCCC3C2)CC1
C1CCC(C2CCC3CC4C(CCC45CCCCC5)CC32)CC1
C1CCC(CCC2CCC(CCC3CCCCC(CC4CCCC4)C3)CC2)CC1
C1CCC(CC2CC3CCCCC3CC3CCC4CCCCC4C32)C1
C(CCCCC1CCC(C2CCCCC2)C1)CCCC1CCCCC1
C1CCC2CCC(C3CCCC4CCCC43)CC2CC1
C1CCC(CCC2CCC3C(CCC3C3CCCCC3)C2)CC1
C1CCC(CCCCCC2CCCC3C(CC4CCCCC4)CCC23)CC1
C1CCC(CCC2CCC(CCC3CCCCC3)CC2)CC1
C1CCC(CC(CC2CCCCC2)C2CCCCC2)CC1
C1CCC(C2CC3CCCC3C3CCC4CCCCC4C23)CC1
C1CCC(C2CC3CCCC3C3CCCC4CCCCC4C23)CC1
C(CCC1CCCC2CCCCC12)CC1CCCC2CCCCC12
C1CCC(CC2CCC3CC4CCCCC4CC23)CC1
C1CCC(CCC2CCCC3CCC4C(CCC4C4CCCCC4)CC23)CC1
C1CCC(CCCCCC2CC3CCCCC3C2)CC1
C1CCC(CCC(CC2CC3CCCCC3C2)C2CC2)CC1
C1CCC(CCCCC2CCC3CCC(C4CCCC5CCCC54)CC3C2)CC1
C1CCC(CCCCC2CCCC(C3CCC4CC(CCC5CCC6CCCCC6C5)CCC43)C2)CC1
C1CCC(CCCC2CCCC3CCC(C4CCCC5CCCC54)CC3C2)CC1
C1CCC2CCC3C4CCC(CCCC5CCCC6CCCCC65)C4CCC3C2CC1
C1CCC2CC(C3CCCC4CCCC43)CCC2C1
C1CCC(C2CCC3CC4C(CCCC45CCCC5)CC32)CC1
C1CCCC(CC2CCCCC2CC2CC3CCCCC3C3CCC4CCCCC4C23)CC1
C(CCC1CCC2CCCCC2C1)CCC1CCCC2CCCCC12
C1CCC(C2CCC(CC3CC4CCCCC4C4CCC5CCCCCC5C34)CC2)CC1
C1CCC2CC(C3CCCC4CCCC43)CCC2C1
C1CCC(CCCCCC2CCCC3C(C4CCCCC4)CCC23)CC1
C1CCC(C2CC3CCCC3C3CCC4CCCCC4C23)CC1
C1CCC(CCCCC2CC3CCCCC3C2)CC1
C1CCC(CCCCCC2CCCC3C2CCC3C2CCC(CCC3CC3)CC2)CC1
C1CC2CCCC2C(CC2CC3CCCCC3C3CCCC23)C1
C1CCC2C(C1)CCCC1C3CCCC3CCC21
C(CCCC1CCCCC1)CCCC1CCC(C2CCCCC2)C1
C1CCC(CCC2CCCC3CCC4C(CCC4C4CCCCC4)CC23)CC1
C1CCC(C2CC3CCCC3C3CCC4CCCCC4C23)CC1
C1CCC2C(C1)CCC1C3CCCCC3CCC21
C1CCC2C(C1)CCC1CCCCC12
C1CCC2C(C1)CCCC1C3CCCC3CCC21
C(CCC1CCC2C1CCC1C3CCCCC3CCC21)CC1CCCC2CCCCC12
C1CCC2CCC(C3CCCC4CCCC43)CC2CC1
C1CCC(C2CCC3C(CCCCCC4CC4)CCCC23)CC1
C(CCCC1CCCCC1)CCCC1CCC(C2CCCCC2)C1
C1CCC(CCCCCC2CCCC3CCCC23)CC1
C1CCC2CCC3C4CCCCC4CC(CC4CCCC4)C3C2CC1
C1CC2CCC3C(CCC4CCCCC43)CC2C1
C1CCC(CCC(CCC2CCC3CCCC3C2)CC2CCCCCC2)CC1
C1CCC(C2CC3CCCC3C3CCCC4CCCCC4C23)CC1
C1CCC(C2CCC3CCC(C4CCCC4)C3C2)C1
C1CCC2CCC(C3CCCC4CCCC43)CC2CC1
C1CCC(C2CC3C(CCC34CCCC4)C3CCC4CCCCC4C23)CC1
C1CCC(C2CCC(CCCCCC3(C4CCCCC4)CCC3)C2)CC1
C1CCC2CC(C3CCCC4CCCC43)CCC2C1
C1CCC(C2CCC(CCCCCC3CCCC4CCCCC34)C2)CC1
C1CCC(CCCCC2C3CCCCCC3CCC2C2CCCC3CCCC32)CC1
C1CCC(CCC2CC3CCCC3C3CCC4CCCCC4C23)CC1
C(CCC1CCCC2CCCCC12)CC1CCCC2CCCCC2C1
C1CCC(C2CC3CCCC3C3CCC4CCCCC4C23)CC1
C1CCC(CCC2CCC(CCC3CCCC(CC4CCCC4)C3)CC2)CC1
C1CCC(CCCCC2CCC3CCCCC23)CC1
C1CCC(C2CC3CCCC3C3CCC4CCCCC4C23)CC1
C1CCC(CCCC2(CCCC3CC4CCCCC4C3)CCC3C4CCC5CCCCC5C4CCC32)C1
C1CCC(C2CC3CCCC3C3CCCC4CCCCC4C23)CC1
C(CCC1CCCC2CCCC12)CC1CC2CCCCC2C1
C1CCC2CC(C3CCCC4CCCC43)CCC2C1
C(CCC1CCCC2CCCCC12)CC1CC2CCCCC2C1
C1CCC(CC23CCCCC2CCCC2C4CCCC4CCC23)CC1
C1CCC(C2CCC3CCCC3C3CCC4CCCCC4C23)CC1
C(CCC1CCCC2CCCCC12)CCC1CCCC2CCCC12
C1CCC2CCC3C4CCC(CCCC5CCCC6CCCCC65)C4CCC3C2CC1
C1CCC2CC(C3CCCC4CCCC43)CCC2C1
C1CCC(CCC2CCC(C3CCC4C(CCC4C4CCCCC4)C3)CC2)CC1
C1CCC2CCC(C3CCCC4CCCC43)CC2CC1
C1CCC(CCCC(CCC2CCC3CCCC3C2)CC2CCCCC2)CC1
C1CCC(CC2CCC3C(CCC3C3CCCCC3)C2)CC1
C1CCC(C2CC3CCCC3C3CCC4CCCCC4C23)CC1
C1CCC2CC(C3CCCC4CCCC43)CCC2C1
C1CCC2CCC(C3CCCC4CCCC43)CC2CC1
C1CCC(C2CCC3CC4C(CCCC45CCCC5)CC32)CC1
C1CCC2CC(C3CCCC4CCCC43)CCC2C1
C(CCC1CCC2CCCCC2C1)CCC1CCCC2CCCCC12
C1CCC2C(C1)CC(C1CCCC3CCCC31)C1CCCC21
C1CCC(CC2CC3CCCCC3C3CCC4CCCCC4C3C2)CC1
C1CCC(CCCCC2CC3CCCCC3C2)CC1
C1CCC(CCCCC2CC3CCCCC3C2)CC1
C1CCC(CCC2CC3CCCC3C3CCC4CCCCCC4C23)CC1
C1CCC(CCC2CCC3C(CCC4CCCCC43)C2)CC1
C1CCC(CC2CCC(CC(CC3CCCCC3)C3CCCCC3)CC2)CC1
C1CCC(CCC2CCC3C(CCC3C3CCCC3)C2)CC1
C1CCC(CCC2CC3CCCC3C3CCC4CCCCC4C23)CC1
C1CCC(C2CC3CCCC3C3CCCC4CCCCC4C23)CC1
C1CCC(CCC2CCC(CCC3CCCC(CC4CCCC4)C3)CC2)CC1
C1CCC(C2CC3CCCC3C3CCC4CCCCC4C23)CC1
C1CCC(C2CC3CCCC3C3CCC4CCCCCC4C23)CC1
C1CCC2C(C1)CCC1CCCCC12
C1CCC2C(C1)CCC1CCCCC12
C1CCC(C2CC3CCCCC3C3CCC(CCC4CCCC4)CC23)CC1
C1CCC(CCC2CCCCC3CC4C(CCC4C4CCCCC4)CC23)CC1
C1CCC(CCCCC2CC3CCCCC3C2)CC1
C1CCC2CC(C3CCCC4CCCC43)CCC2C1
C1CCC(CCCCCC2CC3CCCCC3C2)CC1
C1CCC2CCC3C4CCCC4CC(C4CCC(C5CCCC5)CC4)C3C2CC1
C1CCC(CCC2CCC3C2CCC(C2CCCCC2)C2C4CCCCCC4CCC32)CC1
C1CCC2C(C1)CCC1C3CCCC3CCC21
C1CCC(C2CCC3(CCC4CC5C(CCC5C5CCCCC5)CCC43)C2)CC1
C1CCC(C2CC3CCCC3C3CCC4CCCCCC4C23)CC1
C1CCC(CCCCC2CC3CCCCC3C2)CC1
C1CCC(CCCCCC2CC3CCCCC3C2)CC1
C1CCC2C(C1)CCC1CCCCC12
C1CCC(CCC2CCC3C(CCC3C3CCCCC3)C2)CC1
C(CCCCC1CCC(C2CCCCC2)C1)CCCC1CCCCC1
C1CCC2C(C1)CC(C1CCCC1)C1CCCCC21
C(CCC1CCCC2CCCCC12)CC1CCC2CCCCC2C1
C1CCC(CCCCCC2CCCC3C(C4CCCCC4)CCC23)CC1
C1CCC(C2CCC3CC4C(CCCC45CCCCC5)CC32)CC1
C1CCC2CC(C3CCCC4CCCC43)CCC2C1
C(CCC1CCCC2CCCCC12)CC1CCC2CCCCC2C1
C1CCC2CC(C3CCCC4CCCCC43)C3CCCC3C2CC1
C1CCC(CCC2CCC3C(CCC3C3CCCCC3)C2)CC1
C1CCC(C2CCC3CCC4(CCCCC4C4CCCCC4)CCC32)CC1
C1CCC(C2(CCCCC3CCC4CCCCC4C3)CCCC3CCCCC32)CC1
C1CCC(CCCCCC2CC3CCCCC3C2)CC1
C1CCC(CCCCCC2CC3CCCCC3C2)CC1
C1CCC(CC2CCCCC23CCC2C(CCC2C2CCCCC2)C3)CC1
C1CCC(CCCCCC2CCCC3C2CCC3C2CCCC(CC3CC3)C2)CC1
C1CCC(CCC2CCC3C(CCC4CCCCC43)C2)CC1
C1CCC(CCCCCC2CCCC3C(C4CCCCC4)CCC23)CC1
C(CCCC1CCCCC1)CCCC1CCC(C2CCCCC2)C1
C1CCC(CCCC2CCCC3CCC(C4CCCC5CCCC54)CC3C2)CC1
C1CCC(CC2CCC3CC4C(CCC45CCC(C4CCCCC4)C5)CC23)CC1
C1CCC(CCCCC2CC3CCCCC3C2)CC1
C1CCC(CCCCCC2CC3CCCCC3C2)CC1
C1CCC(CC2CC3CCCCC3C3CCC4CCCCC4C23)C1
C1CCC2CC(CCCC3CCC4C3CCC3C5CCCCC5CCC43)CC2C1
C1CCC(CCCCC2CC3CCCCC3C2)CC1
C1CCC2C(C1)CCCC1C2CCC2C3CCCC3CC21
C1CCC(CCCCCC2CC3CCCCC3C2)CC1
C1CCC2C(C1)CCC1C3CCCC3CCC21
C1CCC2C(C1)CCCC1C3CCCC3CCC21
C1CCC(CCCC2CCCC3CCC(C4CCCC5CCCC54)CC3C2)CC1
C1CCC(CCC2CCC3C(CCC3C3CCCCC3)C2)CC1
C1CCC(C2CC3CCCC3C3CCC4CCCCC4C23)CC1
C1CCC2CC(CCCC3CCC4C3CCC3C5CCCCC5CCC43)CCC2C1
C1CCC2CCC(C3CCCC4CCCC43)CC2CC1
C(CC1CCC2CCCC2C1)CC1CCCC2CCC(C3CCCC4CCCC43)CC2C1
C1CCC(CC(CC2CCCCC2)C2CCCCC2)CC1
C1CCC(CCC2CCC(C3CCC4C(CCC4C4CCCCC4)C3)CC2)CC1
C1CCC2C(C1)CC(C1CCCC3CCCCC31)C1CCCC21
C1CCC2CCC3C4CCCCC4CCC3C2CC1
C1CCC(CCCCCC2CCCC3C(CC4CCCCC4)CCC23)CC1
C1CCC(CC2CCCCCC23CCC2C(CCC2C2CCCCC2)C3)CC1
C1CCC(CCC2CCC3C(CCC3C3CCCCC3)C2)CC1
C1CCC(CCCCC2CC3CCCCC3C2)CC1
C1CCC(C2CC3CCCC3C3CCC4CCCCC4CC23)CC1
C1CCC(CCCCCC2CCCC3C(C4CCCCC4)CCC23)CC1
C1CCC2C(C1)CCC1C3CCCC3CCC21
C1CCC(C2CCC3CC4C(CCC5C6CCC(CCCC7CC8CCCCC8C7)C6CCCC45)CC32)CC1
C1CCC(CCCCCC2CC3CCCCC3C2)CC1
C1CCC2C(C1)CCC1C3CCCC3CCC21
C1CCC(CCCCCC2CC3CCCCC3C2)CC1
C1CCC(C2CCCC3(CCC4CC5C(CCC5C5CCCCC5)CC43)C2)CC1
C1CCC(CC2CCC3C(CCC3C3CCCCC3)C2)CC1
C1CCC(CCCC2CCC3CCC(C4CCCC5CCCC54)CC3C2)CC1
C1CCC2CC(CCCC3CCC4C3CCC3C5CCCCC5CCCC43)CCC2C1
C1CCC2CC(C3CCCC4CCCC43)CCC2C1
C1CCC(CCCCCC2CC3CCCCC3C2)CC1
C1CCC(CCCCC2CC3CCCCC3C2)CC1
C1CCC(CC2CCC3CC4C(CCCC45CCCC5)CC23)CC1
C1CCC(CC2CCC3C(CCC3C3CCCCC3)C2)CC1
C1CCC2CC(C3CCCC4CCCC43)CCC2C1
C1CCC(C2CCC3CC4C(CC5CCC6CCCCC65)CCCCC4CC32)CC1
C(CCC1CCCC2CCCCC12)CCC1CCCC2CCCCC12
C1CCC(CC2CC3CCCCC3C3CCC4CCCCCC4C23)CC1
C1CCC(CCCC2CCC(C3CCCC4C(C5CCCCC5)CCC34)C2)CC1
C1CCC(C2CCC3CC4C(CCC45CCCC5)CC32)CC1
C1CCC(C2CCC3CC4C(CCCC45CCCC5)CC32)CC1
C1CCC(CCCCC2CCC3CCCCC23)CC1
C1CCC2CC(CC3CCCC4CCCC43)CCC2C1
C1CCC2CC(C3CCCC4CCCC43)C3CCCC3C2CC1
C1CCC(CCC2CCC3C(CCC3C3CCCCC3)C2)CC1
C1CCC(CCC2(CCCC3CC4CCCCC4C3)CCC3C4CCC5CCCCC5C4CCC32)C1
C(CCC1CCCC2CCCC12)CC1CC2CCCCC2C1
C1CCC2C(C1)CCCC1C3CCCC3CCC21
C(CC1CCC2CCCC2C1)CC1CCC2CCC(CC3CCCC4CCCC43)CC2C1
C1CCC2CCC(C3CCCC4CCCC43)CC2CC1
C1CCC(C2CC3CCCC3C3CCC4CCCCCC4C23)CC1
C(CCC1CC2CCCCC2C1)CCC1CCCC2CCCC12
C1CCC2CC(CCCC3CCC4C3CCCC3C5CCCCC5CCC34)CC2C1
C1CCCC(CCCC2CCC3CCC(C4CCCC5CCCC54)CC3C2)CC1
C1CCC(C2CCCCC2CC2CC3CCCCC3C3CCC4CCCCCC4C23)CC1
C1CCC(C2CCC3CC4C(CCC45CCCCC5)CC32)CC1
C1CCC(CCC2CCC(CCC3CCCC(CC4CCCC4)C3)CC2)CC1
C(CCC1CCCC2CCCC12)CC1CCCC2CCCCC12
C1CCC(C2CC3CCCC3C3CCC4CCCCC4C23)CC1
C(CCC1CCC2C1CCC1C3CCCCC3CCC21)CC1CC2CCCCC2C1
C1CCC(CCC2CCC3C(CCC3C3CCCCC3)C2)CC1
C1CCC(CC2CC3CCCCC3C3CCC4CCCCCC4C23)CC1
C1CCC(C2CCC3CC4C(CCC32)CCC42CCCC2)CC1
C1CCC(C2CCC(CCCCCC3CCCC4C(C5CCCCC5)CCC34)C2)CC1
C1CCC(C2CCC3(CCC4CCC5C(CCC5C5CCCCC5)CC43)C2)CC1
C1CCC(C2CC3CCCCC3C3CCCCC23)CC1
C1CCC(CC2CCC3CCCCC3C3CCC4CCCCC4C23)CC1
C1CCC(CC2CC3CCCCC3C3CCC4CCCCC4C23)C1
C1CCC(CCC2(CCCC3CC4CCCCC4C3)CCC3C4CCC5CCCCC5C(CCC32)C4)C1
C1CCC(CCC(CCC2CCC3CCCC3C2)CC2CCCCC2)CC1
C(CCC1CCC2CCCCC2C1)CC1CCCC2CCCCC2C1
C(CCC1CCC2CCCCC2C1)CCC1CCCC2CCCCC12
C1CCC(C2CCC(CCCC3CCC4C3CCC3C5CCCCC5CCC43)C2)CC1
C(CCC1CCC2CCCCC2C1)CCC1CCCC2CCCCC12
C1CCC(C2CCC3C(CCC34CCCC4)C3CCCC4CCCCC4C23)CC1
C1CCC(CCCCCC2CCC3CCCC3C2)CC1
C1CCC(CCC2CCC3C(CCC3C3CCCCC3)C2)CC1
C1CCC2CCC3C4CCCC4CCC3C2CC1
C1CCC(CCCCC2CC3CCCCC3C2)CC1
C1CCC2CCC3C4CCCC4CCC3C2CC1
C1CCC(CCCCC2CCC3CCC(C4CCCC5CCCC54)CC3C2)CC1
C1CCC(C2CC3CCCC3C3CCC4CCCCC4CC23)CC1
C1CCC(CC2CCC(C3CC4CCCC4C4CCC5CCCCCC5C34)CC2)CC1
C1CCC(C2CCC(CCCC3CCCC4C3CCC3C5CCCCC5CCC43)C2)CC1
C1CCC(CCC2CCC(CCC3CCCC(CCC4CCCC4)C3)CC2)CC1
C1CCC(C2CC3CCCC3C3CCC4CCCCC4C23)CC1
C1CCC(C2CCC3CC4C(CCC5C6CCC(CCCC7CC8CCCCC8C7)C6CCC45)CC32)CC1
C1CCC(C2CCC3CC4C(CCC5C6CCC(CCCC7CCC8CCCCC8C7)C6CCC45)CC32)CC1
C1CCC(CCC2CCC3C(CCC3C3CCCCC3)C2)CC1
C1CCC(C2CCC3CC4C(CCCCC45CCCC5)CC32)CC1
C1CCC(CCCCCC2CC3CCCCC3C2)CC1
C1CCC2CC(C3CCCC4CCCC43)CCC2C1
C1CCC(CCCCCC2CC3CCCCC3C2)CC1
C(CCC1CCCC2CCCCC12)CC1CCC2CCCCC2C1
C1CCC(CC2CC3CCCCC3CC3CCC4CCCCC4C32)C1
C1CCC2C(C1)CCC1C3CCCC3CCC21
C1CCC(C2CC3CCCC3C3CCC4CCCCC4C23)CC1
C1CCC(CC2CC3CCCCC3C3CCC4CCCCC4C23)CC1
C1CCC(C2CCC3CC4C(CCC32)CCC2C3CCC(CCCC5CC6CCCCC6C5)C3CCC42)CC1
C1CCC(CC2CCC3C(CCC3C3CCCCC3)C2)CC1
C(CCC1CCCC1)CCC1CCCCC2CCCCC12
C1CCC(C2CCC3C(CCC4CCCCC43)C2)CC1
C1CCC(C2CC3CCCC3C3CCC4CCCCCC4C23)CC1
C1CCC(CCCC2CCC3C2CCC2C4CC5CCC(C6CCCCC6)C5CCC4CCC32)CC1
C1CCC(CCCCC2CCC3CCC(C4CCCC5CCCC54)CC3C2)CC1
C1CCC(C2CC3CCCC3C3CCCC4CCCCC4C23)CC1
C1CCC2CCC3C4CCC(CCCC5CC6CCCCC6C5)C4CCC3C2CC1
C1CCC(CCC(CCCC2CCC3CCCC3C2)CC2CCCCC2)CC1
C(CCCC1CCCC2C(C3CCCCC3)CCC12)CCC1CCCCC1
C1CCC2C(C1)CCC1C3CCCC3CCC21
C1CCC(CCCCC2CCC3CCCCC23)CC1
C1CCC(CCC(CCC2CCC3CCCC3C2)CC2CCCCC2)CC1
C1CCC2CCC3C4CCC(CCCC5CC6CCCCC6C5)C4CCC3C2CC1
C1CCC(CCC2CCC3C(CCC3C3CCCCC3)C2)CC1
C1CCC(CCCC2(CCCC3CCCC3)CCC3C4CCC5CCCCC5C4CCC32)C1
C1CCC2C(C1)CCC1CCCCC12
C1CCC(CCCC2CCCC3CCC(C4CCCC5CCCC54)CC3C2)CC1
C1CCC2CCC(C3CCCC4CCCC43)CC2CC1
C1CCC(CC2CCCC(CC3CC4CCCCC4C4CCC5CCCCCC5C34)C2)CC1
C1CCC(CCCC2CCCC3CCC(C4CCCC5CCCC54)CC3C2)CC1
C1CCC(CCCC(CCC2CCC3CCCC3C2)CC2CCCCC2)CC1
C1CCC(CCCC2CCC3CCC(C4CCCC5CCCC54)CC3C2)CC1
C1CCC2CCC(C3CCCC4CCCC43)CC2CC1
C1CCC2C(C1)CCCC1C3CCCC3CCC21
C1CCC(CCC2CCC(C3CCC3)CC2)CC1
C1CCC(CCCCC2CC3CCCCC3C2)CC1
C1CCC2C(C1)CCCC2CCCC1CCCC2CCCCC21
C1CCC(CC2CCC3CC4C(CCC45CCCC5)CC23)CC1
C1CCC2CC(CCCC3CCC4C3CCC3C5CCCCC5CCC43)CC2C1
C1CCC(CCCCC2CC3CCCCC3C2)CC1
C1CCC2CCC3C4CCC(CCCC5CC6CCCCC6C5)C4CCC3C2CC1
C1CCC(CC2CC3CCCCC3C3CCC4CCCCC4C23)CC1
C1CCC2C(C1)CCC1C2CCC2C3CCCC3CCC21
C1CCC(CCCC2CCC3C(CCC3C3CCCCC3)C2)CC1
C1CCC(CC2CC3CCCCC3C3CCC4CCCCC4C23)CC1
C1CCC(CCCCC2CCC3CCCCC23)CC1
C1CCC(CCCC2CCCC(C3CCC4CC(CCC5CCC6CCCCCC6C5)CCC43)C2)CC1
C1CCC(CCC2CCC3C(CCC3C3CCCC(CC4CCCC4)C3)C2)CC1
C1CCC(CC2CCC3C(CCC3C3CCCCC3)C2)CC1
C(CCC1CCCC2CCCC12)CC1CC2CCCCC2C1
C(CCC1CCCC2CCCCC12)CC1CCC2CCCCC2C1
C1CCC(C2CCC3CC4C(CCCC45CCCC5)CC32)CC1
C(CCCC1CCCCC1)CCCC1CCC(C2CCCCC2)C1
C1CCC(C2CCC3CCC4C(CC5CCC6CCCCC65)CCCC4CC32)CC1
C1CCC(CCCCC2CC3CCCCC3C2)CC1
C1CCC(CC2CCC3CCCCC3C3CCC4CCCCC4C23)CC1
C1CCC(CCCC2CCC3CCC(C4CCCC5CCCC54)CC3C2)CC1
C1CCC2CC(CCCC3CCCC4C3CCC3C5CCCCC5CCC43)CCC2C1
C1CCC(C2CCC3CC4C(CCC5C6CCCC6CCC45)CC32)CC1
C1CCC(CCCCC2CCC3C2CCC2C4CCCCCC4CCC32)CC1
C1CCC2C(C1)CCCC2CCCC1CCC2C1CCCC1C3CCCCC3CCC12
C1CCC2CC(CCCC3CCC4C3CCC3C5CCCCC5CCC43)CC2C1
C1CCC(CCCC2CCC3CCC(C4CCCC5CCCC54)CC3CC2)CC1
C1CCC(CCC2CCC3C(CCC3C3CCCCC3)C2)CC1
C1CCC(CCCCC2CCC3CCCCC23)CC1
C1CCC(C2CCC3CC4CCCCC4CC32)CC1
C1CCC(C2CCC3CC4C(CCC5C6CCCC6CCC45)CC32)CC1
C1CCC(C2CCC3CC4C(CCCC45CCCC5)CC32)CC1
C1CCC(CCCCC2CCC3C2CCC2C4CC5CCC(C6CCCCC6)C5CC4CCC32)CC1
C1CCC(C2CC3CCCCC3C3CCCCC23)CC1
C1CCC2CCC3C4CCCCC4CCC3C2CC1
C1CCC(CCCC23CCCC2CC2C4CCC5CCCCC5C4CCC23)CC1
C1CCC(C2CCC3C(CCCCCC4CCC(CC5CCCC5)C4)CCCC23)CC1
C1CCC(CCC2CCC(CCC3CCCCC3)CC2)CC1
C1CCC(CCC2(CCCC3CC4CCCCC4C3)CCCC3C4CCC5CCCCC5C4CCC32)C1
C1CCC(CCCCCC2CCCC3C(C4CCCCC4)CCC23)CC1
C1CCC(C2CCC(CCCCCC3(C4CCCCC4)CCC3)C2)CC1
C1CCC(CC2CCC(CC(CC3CCCCC3)C3CCCCC3)CC2)CC1
C1CCC(CCC2CCC3C(CCC3C3CCCCC3)C2)CC1
C(CCCC1CCCC2C(C3CCCCC3)CCC12)CCC1CCCCC1
C1CCC2CCC3C(CCC4C5CCCC5CC43)C2CC1
C(CCCC1CCCC2CCCCC12)CCC1CCC(C2CCCC2)C1
C(CCC1CCC2CCCCC2C1)CCC1CCCC2CCCCC12
C1CCC(CCCCC2CCC3CCCCC23)CC1
C1CCC(CCCCCC2CC3CCCCC3C2)CC1
C1CCC(CCCCCC2CCC3CCCCC23)CC1
C1CCC2CCC3C4CCC(CCCC5CC6CCCCC6C5)C4CCC3C2CC1
C1CCC(C2CCC3CCCCC3C3CCC4CCCCC4C23)CC1
C1CCC(CC2CCCC(CCC3CCC(CCC4CCC(C5CC5)CC4)CC3)C2)C1
C1CCC(C2CC3CCCC3CC3CCC4CCCCC4C32)CC1
C1CCC2CCC(C3CCCC4CCCC43)CC2CC1
C1CCC(CCCCCC2CCCC3C(C4CCCCC4)CCC23)CC1
C1CCC2CCC3C4CCC(CCCC5CC6CCCCC6C5)C4CCC3C2CC1
C1CCC(CC2CCC(CC(CC3CCCCC3)C3CCCCC3)CC2)CC1
C1CCC2CC(CCCC3CCCC4C3CCC3C5CCCCC5CCC43)CCC2C1
C1CCC(C2CC3CCCC3C3CCC4CCCCC4CC23)CC1
C1CCC2C(C1)CC(C1CCCC3CCCC31)C1CCCC21
C(CCCC1CCCCC1)CCCC1CCC(C2CCCCC2)C1
C1CCC(CCCCC2CC3CCCCC3C2)CC1
C1CCC(CCC2CCC3C(CCC3C3CCCCC3)C2)CC1
C1CCC2C(C1)CCC1C2CCC2C3CCCC3CC21
C1CCC(C2CCC3CC4C(CCC45CCCCC5)CC32)CC1
C(CCCC1CCCC2C(C3CCCCC3)CCC12)CCC1CCCCC1
C1CCC(C2CC3CCCC3C3CCC4CCCCC4C23)CC1
C1CCC(CCC2CCCCC2)CC1
C1CCC(C2CC3CCCC3C3CCCC4CCCCC4C23)CC1
C1CCC(C2CCC3CC4(CCCCCC4C4CCCCC4)CCC32)CC1
C1CCC(CCCC2CCC3C(CCC3C3CCCC3)C2)CC1
C1CCC(CC2CCC3C(CCC3C3CCCCC3)C2)CC1
C1CCC(C2CCC3C(CCCCCC4CCC(CC5CCCC5)C4)CCCC23)CC1
C1CCC(C2CCC(C3CC4CCCC4C4CCC5CCCCC5C34)CC2)C1
C1CCC2C(C1)CCC1C3CCCC3CCC21
C1CCC2C(C1)CCC1C3CCCC3CCC21
C1CCC2C(C1)CCC1CCCCC12
C1CCC(CC2CCC3C(CC4CCCCC4)CCC3C2)CC1
C1CCC(C2CCC3(CC2)CCC2CC4C(CCC4C4CCCCC4)CC23)CC1
C1CCC(CCCCC2CCC3CCCCC23)CC1
C1CCC(CCCCC2CCC3CCCCC23)CC1
C1CCC2C(C1)CCC1C3CCCC3CCC21
C1CCC(C2CCC3(CCC4CC5C(CCC5C5CCCCC5)CC43)C2)CC1
C(CCC1CCCC2CCCCC12)CC1CC2CCCCC2C1
C1CCC(CC2CC3CCCCC3C3CCC4CCCCC4C23)CC1
C1CCC(C2CCC(C3CC4CCCC4C4CCC5CCCCC5C34)CC2)C1
C1CCC2CC(C3CCCC4CCCC43)CCC2C1
C1CCC(CCC2CCCCC2)CC1
C1CCC(C2CCC3CCCC3C3CCC4CCCCC4C23)CC1
C1CCC2C(C1)CCCC2CCCC1CCCC2CCCCC21
C1CCC2C(C1)CCC1C3CCCCC3CCC21
C1CCC(CC2CC3CCCCC3C3CCC4CCCCCC4C23)CC1
C1CCC2C(C1)CCCC1CCCCC12
C1CCC2CC3CCC4C5CCCC5CC4C3CCC2C1
C1CCC2C(C1)CCC1C3CCCC3CCCC21
C(CCCC1CCCC2C(C3CCCCC3)CCC12)CCC1CCCCC1
C1CCC(C2CC3CCCC3C3CCC4CCCCCC4C23)CC1
C1CCC2C(C1)CCC1C3CCCCC3CCC21
C(CCC1CCCC2CCCCC12)CC1CCC2CCCCC2C1
C1CCC(C2CC3CCCC3C3CCC4CCCCC4CC23)CC1
C1CCC2CCC3C(CCC4C3CCC4(CCCC3CC4CCCCC4C3)CCC3CCCC3)C2CC1
C(CCC1CCCC2CCCCC12)CCC1CCCC2CCCCC12
C1CCC(CCCC2CCCC3CCC(C4CCCC5CCCC54)CC23)CC1
C1CCC(C2CCC3CCCC3C3CCC4CCCCC4C23)CC1
C1CCC2C(C1)CCC1CCCCC12
C1CCC2CC(CCCC3CCC4C5CCC6CCCCC6C(CCC34)C5)CCC2C1
C1CCC(CC2CCC3CC4CCCCC4CC23)CC1
C1CCC2CCC3C4CCC(CCCC5CCC6CCCCC6C5)C4CCC3C2CC1
C1CCC2C(C1)CC(C1CCCC1)C1CCCCC21
C(CCCC1CCCCC1)CCC1CCCCC1
C1CCC(C2CC3CCCC3C3CCC4CCCCC4C23)CC1
C(CCC1CCC(CC2CCCC2)C1)CCC1CCCC2CCCCC12
C1CCC(CCCCC2CC3CCCCC3C2)CC1
C1CCC(C2CCC3CC4C(CCC45CCCC5)CC32)CC1
C1CCC2CCC3C(CCC4C5CCCC5CC43)C2CC1
C(CCCC1CCC2C(CCC2C2CCCCC2)C1)CCC1CCCCC1
C1CCC(CCCCC2CC3CCCCC3C2)CC1
C1CCC(CCC2CCC3C(CCC3C3CCCCC3)C2)CC1
C1CCC2C(C1)CCC1C2CCCC2C3CCCC3CC21
C1CCC(CCC2CCC3C(CC4CCCCC4)CCC3C2)CC1
C1CCC2CC(CCCC3CCCC4C3CCC3C5CCCCC5CCC43)CC2C1
C1CCC(CCC2CCC3C(CCC3C3CCCCC3)C2)CC1
C1CCC2C(C1)CCC1C2CCC2C3CCCC3CCC21
C(CCC1CCC2CCCCC2C1)CCC1CCCC2CCCCC12
C1CCC(CCCC2CC3CCCCC3C2C2CCCCC2)CC1
C1CCC(CCC2CCC3C(CCC4CCC(C5CCCCC5)CCC43)C2)CC1
C1CCC(C2CCC3CCCC3C3CCC4CCCCC4C23)CC1
C(CCCC1CCCC2C(C3CCCCC3)CCC12)CCC1CCCCC1
C1CCC(C2CCC3C(CCC4CCCCC43)C2)CC1
C1CCC(C2CCC3(CCC4CCC5C(CCC5C5CCCCC5)CC43)C2)CC1
C1CCC2CC(CCCC3CCC4C3CCC3C5CCCCC5CCC43)CC2C1
C1CCC(CCC2CCC3C2CCC(C2CCCCC2)C2C4CCCCC4CCC32)CC1
C(CCCC1CCCC2C(C3CCCCC3)CCC12)CCC1CC1
C1CCC(CCC2CCC3C(CCC3C3CCCC3)C2)CC1
C1CCC(C2CC3CCCC3C3CCC4CCCCC4CC23)CC1
C(CCCC1CCCCC1)CCCC1CCC(C2CCCCC2)C1
C1CCC2CC(C3CCCC4CCCC43)C3CCCC3C2CC1
C(CCC1CCC2C1CCC1C3CCCCC3CCC21)CC1CC2CCCCC2C1
C(CCC1CCCC2CCCC12)CC1CC2CCCCC2C1
C1CCC(CCC2CCCC2CC2CC3CCCCC3C3CCC4CCCCC4C23)CC1
C1CCC(C2CC3CCCCC3C3CCC4CCCCC4C23)CC1
C1CCC2CC(CC3CCCC4CCCC43)CCC2C1
C1CCC(CC2CCC3C(CCC3C3CCCCC3)C2)CC1
C1CCC(CCC2CCC3C(CCC3C3CCCCC3)C2)CC1
C1CCC2CC(CCCC3CCC4C5CCC6CCCCC6C(CCC34)C5)CC2C1
C1CCC(CCCCCC2CCC3CCCCC23)CC1
C1CCC(CCCC2CCC3CCC(C4CCCC5CCCC54)CC3C2)CC1
C1CCC2CC(CCCC3CCC4C3CCC3C5CCCCC5CCCC43)CC2C1
C1CCC(CCC2CCC3C(CCC3CC3CCCC(CCC4CCCC4)C3)C2)CC1
C(CCC1CC2CCCCC2C1)CCC1CCCC2CCCC12
C1CCC(CCC2CCCC3CC4C(CCC4C4CCCCC4)CC23)CC1
C1CCC(C2CC3CCCCC3C3CCC4CCCCC4C23)CC1
C1CCC(CCC(CC2CC3CCCCC3C2)C2CCCCC2)CC1
C1CCC(CCCCC2CC3CCCCC3C2)CC1
C1CCC(CC2CC3CCCCC3C3CCC4CCCCCC4C23)CC1
C1CCC(C2CCC3CC4C(CCC32)CCC42CCCCC2)CC1
C1CCC2C(C1)CCCC2CC1CC2CCCCC2C2CCC3CCCCC3C12
C1CCC(C2CCC3CCCC3C3CCC4CCCCC4C23)CC1
C1CCC2CC(CCCC3CCC4C3CCC3C5CCCCC5CCC43)CC2C1
C1CCC(CCCCCC2CCC3C(CCC3C3CCCCC3)C2)CC1
C1CCC(CCC(CC2CC3CCCCC3C2)C2CC2)CC1
C1CCC(CCCCC2CCC3CCCCC3C2)C2CCCCC2CC1
C(CCC1CCCC2CCCC12)CC1CC2CCCCC2C1
C1CCC2CCC(C3CCCC4CCCC43)CC2CC1
C1CCC(C2CC3CCCC3C3CCC4CCCCCC4C23)CC1
C1CCC(CCCCCC2CCC3CCCCC23)CC1
C1CCC(CCC2CCCCC3CCC(C4CCCC5CCCC54)CC23)CC1
C(CCCC1CCCCC1)CCCC1CCC(C2CCCCC2)C1
C1CCC2CC(C3CCCC3)C3CCCC3C2CC1
C1CCC(CCCC2CCC(C3CC3)CC2)CC1
C1CCC2C(C1)CCC1C3CCCCC3CCC21
C1CCC(CC2CCC(CC(CC3CCCCC3)C3CCCCC3)CC2)CC1
C1CCC2CCC3C4CCCC4CCC3C2CC1
C1CCC2CC(C3CCCC4CCCC43)CCC2C1
C1CCC(CCCCCC2CCCC3C(C4CCCCC4)CCC23)CC1
C1CCC(C2CCC3CC4C(CCCC45CCCC5)CCC32)CC1
C1CCC(CCCCC2CCC3CCCCC23)CC1
C1CCC(C2CCC3CC4C(CCCC45CCCCC5)CC32)CC1
C1CCC(CCC2CCC3C(CCC3C3CCCCC3)C2)CC1
C1CCC(C2CCC(CCCCCC3CCCCC4CCCCC34)C2)CC1
C1CCC(CCCC2CCC3C(CCC3C3CCCCC3)C2)CC1
C1CCC(CCC2CCC(CCCC3CCCC(CC4CCCC4)C3)CC2)CC1
C(CCCC1(C2CCCC2)CCCC2CCCCC21)CCC1CCC(C2CCCCC2)C1
C1CCC(CCC2CCC3C2CCC(C2CCCCC2)C2C4CCCCC4CCC32)CC1
C1CCC(CCCCC2CC3CCCCC3C2)CC1
C1CCC(CCCCCC2CCCC3C2CCC3C2CCCC(CC3CCCC3)C2)CC1
C(CCCCC1CCC2C(CCC3C4CCCC4CCC23)C1)CCCC1CCCC(CC(CC2CCC(CC3CCCCC3)CC2)C2CCCCC2)C1
C1CCC(CCC2CCC(C3CCCC4C(C5CCCCC5)CCC34)C2)CC1
C1CCC(CCC2CCC3C(CCC3C3CCCC(CCC4CCCC4)C3)C2)CC1
C1CCC(CCC2CCC(CCC3CCCC(CC4CCCC4)C3)CC2)CC1
C1CCC(CCCCC2CC3CCCCC3C2)CC1
C1CCC2C(C1)CCC1C3CCCC3CCCC21
C1CCC(CCCCCC2CCCC3CCC(C4CCCCC4)CC23)CC1
C1CCC(C2CCC3C(CCC4CCCCC43)C2)CC1
C1CCC(CCC2(CCCC3CC4CCCCC4C3)CCC3C4CCC5CCCCC5C4CCC32)C1
C1CCC(CCCC2CCCC3CCC(C4CCCC5CCCC54)CC3C2)CC1
C1CCC(CCC2CCC3C(CCC3C3CCCCC3)C2)CC1
C1CCC(CCCCC2CC3CCCCC3C2)CC1
C(CCC1CCCC2CCCCC12)CC1CCCC2CCCCC12
C1CCC(C2CCC3CCC4C(CCC5C6CCC(CCCC7CCCC8CCCCC87)C6CCC45)CC32)CC1
C1CCC(CCCCC2CC3CCCCC3C2)CC1
C1CCC(C2CCC(CCCCCC3CCCC4C(C5CCCCC5)CCC34)C2)CC1
C1CCC(CC2CC3CCCCC3C3CCC4CCCCCC4C23)CC1
C1CCC(CCC2CCC3C(CCC4C5CCCCC5CC(CCC5CCCCC5)C34)C2)CC1
C1CCC2C(C1)CCC1C3CCCC3CCC21
C1CCC(C2CCC3CC4C(CCCC45CCCCC5)CC32)CC1
C1CCC(CCCCCC2CCCCC2)CC1
C1CCC(CCCCC2CC3CCCCC3C2)CC1
C1CCC(C2CCC(CCCC3CCC4C3CCC3C5CCCCC5CCC43)C2)CC1
C(CCCCCCC1CCC2C1CCC1C3CCCCCC3CCC21)CCCCCC1CCC(CCC2CCC(CCC3CCCC3)C2)C1
C1CCC2CCC3C4CCCC4CCC3C2CC1
C1CCC(CCC2CCC3C(CCC3C3CCCCC3)C2)CC1
C1CCC2CC(CC3CCCC4CCCC43)CCC2C1
C1CCC(C2CCC3CCCC4(CCCCC4)C3C2)CC1
C1CCC2CCC(C3CCCC4CCCC43)CC2CC1
C1CCC2CC(CCCC3CCC4C3CCC3C5CCCCC5CCCC43)CC2C1
C1CCC(CC2CCCC(CC3CC4CCCCC4C4CCC5CCCCCC5C34)C2)CC1
C1CCC(CCCCCC2CCCC3C(CC4CCCCC4)CCC23)CC1
C1CCC(CCCCC2CC3CCCCC3C2)CC1
C1CCC(C2CC3CCCCC3C3CCC4CCCCC4C23)CC1
C1CCC2C(C1)CCC1C3CCCC3CCC21
C1CCC(CCCCC2CCC3C2CCCC2C4CCCCC4CCC23)CC1
C1CCC(CCC2CCC(CCC3CCCC(CC4CCCC4)C3)CC2)CC1
C1CCC(CCC2CCC3C(CCC3C3CCCCC3)C2)CC1
C1CCC2C(C1)CCC1C3CCCC3CCC21
C1CCC(CCCCCC2CC3CCCCC3C2)CC1
C1CCC(C2CCC(C3CC4CCCC4C4CCCC5CCCCC5C34)CC2)C1
C1CCC(CCCCCC2CCCC3C(C4CCCCC4)CCC23)CC1
C1CCC(CCCC2CCCC3CCC(C4CCCC5CCCC54)CC3C2)CC1
C1CCC(CCCC(CCC2CCC3CCCC3C2)CC2CCCCC2)CC1
C1CCC(CC2CC3CCCCC3C3CCC4CCCCC4C23)CC1
C1CCC(C2CCC3C(CCCCCC4CCC(C5CCCC5)C4)CCCC23)CC1
C(CCCC1CCCC2C(C3CCCCC3)CCC12)CCC1CCCCC1
C1CCC(C2CCC3CC4C(CCC5C6CCC(CCCCC7CCC8CCCCC8C7)C6CCC45)CC32)CC1
C1CCC(CCC2CCC3C(CCC3C3CCCC3)C2)CC1
C1CCC(CCC2CCC3C(CCC3C3CCCCC3)C2)CC1
C(CCC1CCCC2CCCC12)CC1CC2CCCCC2C1
C(CCC1CCCC2CCCCC12)CC1CCCC2CCCCC12
C1CCC(CCC(CCC2CCC3CCCCC3C2)CC2CCCCC2)CC1
C1CCC(CCCC2CCCC3CCC(C4CCCC5CCCC54)CC3C2)CC1
C1CCC2CCC(C3CCCC4CCCC43)CC2CC1
C1CCC(CC2CCC(CC(CC3CCCCC3)C3CCCCC3)CC2)CC1
C1CCC(CCC2CCC3C(CC4CCCCC4)CCC3C2)CC1
C1CCC2CCC3CCCCC3C2CC1
C1CCC(C2CCC3CC4C(CC5CC6CCCCC6C5)CCCC4CC32)CC1
C1CCC2C(C1)CCC1C3CCCC3CCC21
C1CCC(CCC2CCC(C3CCC4C(CCC4C4CCCCC4)C3)CC2)CC1
C(CCCC1CCCCC1)CCCC1CCC(C2CCCCC2)C1
C1CCC(CCCCC2CC3CCCCC3C2)CC1
C1CCC(CC2CC3CCCCC3C3CCC4CCCCC4C23)CC1
C1CCC2CC3CCC(C4CCCCC4)C3CC2CC1
C1CCC(CCCCCC2CCCC3C(C4CCCCC4)CCC23)CC1
C1CCC(CCCCCC2CCCCC2)CC1
C(CCCC1CCCC2CCCC12)CCC1CCCCC1
C1CCC(CCCCC2CCC3CCCCC23)CC1
C1CCC(C2CC3CCCC3C3CCCC4CCCCC4C23)CC1
C(CCCC1CCCC2C1CCC2C1CCC(CC2CC2)CC1)CCC1CCCCC1
C(CCCC1CCCCC1)CCCC1CCC(C2CCCCC2)C1
C1CCC2C(C1)CCC1C3CCCCC3CCC21
C(CCC1CCC(C2CCCC2)C1)CCC1CCCC2CCCCC12
C(CCC1CC2CCCCC2C1)CCC1CCCC2CCCC12
C1CCC(CCC2CCC3C(CCC3C3CCCC(CC4CCCC4)C3)C2)CC1
C(CCC1CCCC2CCCCC12)CC1CC2CCCCC2C1
C1CCC(CCCC2CCCC(C3CCC4CC(CCC5CCC6CCCCC6C5)CCC43)C2)CC1
C1CCC(CCC2CCC3C(CCC3C3CCCCC3)C2)CC1
C1CCC2CC(CCCC3CCCC4C3CCC3C5CCCCC5CCC43)CC2C1
C1CCC(C2CC3CCCC3C3CCC4CCCCC4C23)CC1
C1CCC(C2CC3CCCC3C3CCC4CCCCC4C23)CC1
C1CCC(C2CCC3CC4C(CCC5C6CCC(CCCCC7CC8CCCCC8C7)C6CCC45)CC32)CC1
C1CCC2CCC3C4CCCC4CC(C4CCC(C5CCCC5)CC4)C3C2CC1
C1CCC(C2CC3CCCC3C3CCC4CCCCCC4C23)CC1
C1CCC(CCC2CCCC3CC4C(CCC4C4CCCCC4)CC23)CC1
C1CCCC(CCCC2CCC3CCC(C4CCCC5CCCC54)CC3C2)CC1
C(CCC1(CC2CCCC2)CCCC2CCCCC21)CC1CCC2CCCCC2C1
C1CCC(CCC2CCCCC2)CC1
C1CCC2CCC3C4CCCC4CCC3C2CC1
C(CCCC1CCCC2C(C3CCCCC3)CCC12)CCC1CCCCC1
C1CCC(CCC2CCC3C(CCC3C3CCCCC3)C2)CC1
C1CCC(C2CCC3(CCCC4CC5C(CCC5C5CCCCC5)CC43)C2)CC1
C1CCC(CC2CCCCC2CC2CC3CCCCC3C3CCC4CCCCCC4C23)CC1
C1CCC2CC(CC3CCCC4CCCC43)CCC2C1
C1CCC(CCCCCC2CCCCC2)CC1
C1CCC(C2CCC3C(CCCCCC4CCC(C5CCCC5)C4)CCCC23)CC1
C1CCC(CCCC2CCC3CCC(CC4CCCC5CCCC54)CC3C2)CC1
C1CCC2CCC(C3CCCC4CCCC43)CC2CC1
C1CCC(CCCCC2CCC3CCCCC23)CC1
C1CCC(CCC2CCC(CCC3CCCC(CC4CCCC4)C3)CC2)CC1
C(CCCCC1CCC(C2CCCCC2)C1)CCCC1CCCCC1
C1CCC(CCC2CCC3C(CCC3C3CCCC(CCC4CCCC4)C3)C2)CC1
C1CCC2C(C1)CCCC1C3CCCC3CCC21
C1CCC2CC(CCCC3CCC4C3CCC3C5CCCCC5CCCC43)CC2C1
C1CCC(CCCCC2CC3CCCCC3C2)CC1
C1CCC(C2CCC3CCC4C(CCC5C6CCC(CCCC7CCCC8CCCCC87)C6CCC45)CC32)CC1
C1CCC2C(C1)CC(C1CCCC1)C1CCCC21
C1CCC(CCCC2CCC(C3CCC4C(CCC4C4CCCCC4)C3)CC2)CC1
C1CCC(CCCCC2CC3CCCCC3C2)CC1
C(CCCC1CCCC2C(C3CCCCC3)CCC12)CCC1CCCCC1
C(CCCC1CCCCC1)CCCC1CCC(C2CCCCC2)C1
C1CCC2CCC(C3CCCC4CCCC43)CC2CC1
C1CCC(C2CCC3CC4CCCCC4CC32)CC1
C1CCC(CCCC2CCC3C2CCC2C4CC5CCC(CC6CCCCC6)C5CC4CCC32)CC1
C1CCC2CCC3C4CCCCC4CCC3C2CC1
C1CCC(C2CCC3CC4C(CCC5CCCCCC54)CC32)CC1
C1CCC(C2CCC3CC(C4CCC(CCC5CCCC5)CC4)CCC32)CC1
C(CCC1CCCC2CCCC12)CC1CC2CCCCC2C1
C1CCC(CCCC2CCC3CCC(C4CCCC5CCCC54)CC3C2)CC1
C1CCC(C2CC3CCCC3C3CCC4CCCCCC4C23)CC1
C1CCC(C2CC3CCCCC3C3CCC(CCC4CCCC4)CC23)CC1
C1CCC(CC2CCC3C(CCC3C3CCCCC3)C2)CC1
C1CCC(CCCCCC2CC3CCCCC3C2)CC1
C1CCC(C2CCC3CCCC3C3CCC4CCCCC4C23)CC1
C1CCC2C(C1)CCC1C3CCCC3CCC21
C1CCC(CCCCC2CC3CCCCC3C2)CC1
C1CCC(CC2CCC3C(CCC3C3CCCCC3)C2)CC1
C1CCC(CC2CC3CCCCC3C3CCC4CCCCCC4C23)CC1
C(CCC1CCCC2CCCC12)CC1CC2CCCCC2C1
C1CCC2CC(CC3CCCC4CCCC43)CCC2C1
C(CCC1CCC(C2CCCC2)C1)CCC1CCCC2CCCCC12
C1CCC(CC2CC3CCCCC3C3CCC4CCCCCC4C23)CC1
C1CCC(CC23CCCCC2CCC2C4CCCC4CCC23)CC1
C1CCC(CCCC2(CCC3CCCC3)CCC3C4CCC5CCCCC5C4CCC32)CC1
C1CCC2C(C1)CC(C1CCCC3CCCC31)C1CCCC21
C1CCC2CCC3C(CCC4C3CCC4(CCCC3CC4CCCCC4C3)CCC3CCCC3)C2CC1
C1CCC(CC2CCCCC(CCC3CCC(CCC4CCC(C5CC5)CC4)CC3)C2)C1
C1CCC2C(C1)CCC1C3CCCC3CCC21
C1CCC(CCCCC2CC3CCCCC3C2)CC1
C1CCC(C2CCC3CCC4C(CCC45CCCC5)CC32)CC1
C1CCC(CCCCC2CC3CCCCC3C2)CC1
C1CCC(CCC(CCC2CCC3CCCC3C2)CC2CCCCC2)CC1
C1CCC(CCC2CCC3C(CC4CCCC4)CCC3C2)CC1
C1CCC(CCCC2CCC3C(CCC3C3CCCCC3)C2)CC1
C1CCC(CC2CCC3C(CCC3C3CCCCC3)C2)CC1
C1CCC(CCC2CCC(CCC3CCCC(CC4CCCC4)C3)CC2)CC1
C(CCC1CCCC2CCCC12)CC1CC2CCCCC2C1
C1CCC(CCCCCC2CC3CCCCC3C2)CC1
C1CCC(CC2CCC(CC(CC3CCCCC3)C3CCCCC3)CC2)CC1
C1CCC2C(C1)CCC1CCCCC12
C1CCC(CCCCC2CC3CCCCC3C2)CC1
C(CCC1CCC(C2CC3CCCC3C3CCC4CCCCC4C23)CC1)CCC1CCC2C(CCC3C4CCCC4CCC23)C1
C1CCC(C2CCC3CC4C(CCC45CCCC5)CC32)CC1
C1CCC(C2CCC3CCCC3C3CCC4CCCCC4C23)CC1
C1CCC(CC2CCC3CCCCC3C3CCC4CCCCC4C23)C1
C1CCC(CCCCCC2CCCC3C(C4CCCCC4)CCC23)CC1
C1CCC(CCCC2CCCC(C3CCC4CC(CCC5CCC6CCCCC6C5)CCC43)C2)CC1
C1CCC(C2CC3CCCC3C3CCC4CCCCCC4C23)CC1
C1CCC(CCCC2CCCC3CCC(C4CCCC5CCCC54)CC3C2)CC1
C1CCC2C(C1)CCCC1CCCCC12
C(CCCC1CCCC2CCCCC12)CCC1CCC(C2CCCCC2)C1
C1CCC2C(C1)CCC1C3CCCC3CCC21
C1CCC(CCC2CCCC3CC4C(CCC4C4CCCCC4)CC23)CC1
C1CCC(CCCC2CCCC(CC3CCC4CC(CCC5CCC6CCCCC6C5)CCC43)C2)CC1
C1CCC(C2CCC3CC4C(CCC45CCCC5)CC32)CC1
C1CCC(CCC2CCC3C(CCC3C3CCCCC3)C2)CC1
C1CCC(CCCCCC2CCCC3C(C4CCCCC4)CCC23)CC1
C(CCC1CCCC2CCCC12)CC1CC2CCCCC2C1
C1CCC(CCCCCC2CC3CCCCC3C2)CC1
C1CCC(C2CC3CCCCC3C3CCC(CCC4CCCC4)CC23)CC1
C1CCC2C(C1)CCC1CCCCC12
C1CCC(CCCC2CCCCC3CCC(C4CCCC5CCCC54)CC23)CC1
C1CCC(CCCCC2CCC3CCCCC23)CC1
C1CCC2C(C1)CCCC2CCCC1CCC2C(CCC3C4CCCCC4CCC23)C1
C1CCC(C2CCC3CC4C(CCC5C6CCC(CCCC7CC8CCCCC8C7)C6CCC45)CC32)CC1
C1CCC(C2CCCC3C(CCC4CCCCC43)C2)CC1
C1CCC2CCC3C4CCCC4CCC3C2CC1
C1CCC(CCC2CCC3C(CCC3C3CCCC(CC4CCCC4)C3)C2)CC1
C1CCC(CCCCC2CC3CCCCC3C2)CC1
C1CCC2C(C1)CCC1C2CCC2C3CCCC3CC21
C1CCC(CCCCC2CC3CCCCC3C2)CC1
C1CCC(C2CC3CCCC(C3)C3CCC4CCCCC4C32)CC1
C1CCC2C(C1)CCCC2CCCC1CCC2C1CCC1C3CCCCC3CCCC21
C(CCCC1CCCC2C(C3CCCCC3)CCC12)CCC1CCCCC1
C1CCC2CC(CCCC3CCC4C3CCCC3C5CCCCC5CCC34)CC2C1
C1CCC(C2CCC3CC4C(CCC45CCCC5)CC32)CC1
C1CCC(C2CC3CCCC3C3CCC4CCCCC4C23)CC1
C1CCC(C2CC3CCCC3C3CCC4CCCCC4C23)CC1
C(CCCC1CCCC2C1CCC2C1CCCC(CC2CC2)C1)CCC1CCCCC1
C1CCC(CCC2CCC3C(CCC3CC3CCCC(CCC4CCCC4)C3)C2)CC1
C1CCC(C2CCC3CC4C(CCC45CCCCCC5)CC32)CC1
C1CCC(CCC2CCC3C(CCC3C3CCCCC3)C2)CC1
C1CCC2CC(C3CCCC4CCCC43)CCC2C1
C1CCC(C2C3CCCC3CC3CC4CCCCC4CC32)CC1
C(CCCC1CCCC2C(C3CCCCC3)CCC12)CCC1CC1
C1CCC2C(C1)CCC1C3CCCC3CCC21
C1CCC2CC(C3CCCC4CCCC43)CCC2C1
C1CCC(CCCCCC2CC3CCCCC3C2)CC1
C1CCC2C(C1)CC(C1CCCC3CCCC31)C1CCCCC21
C(CCC1CCCC1)CCC1CCCCC2CCCCC12
C(CCCC1CCCC2C(C3CCCCC3)CCC12)CCC1CCCCC1
C1CCC(CCC2CCC(CCC3CCCC(CC4CCCC4)C3)CC2)CC1
C1CCC2C(C1)CCC1C2CCC2C3CCCC3CC21
C(CCC1CCCC2CCCC12)CC1CC2CCCCC2C1
C1CCC(CCCCCC2CC3CCCCC3C2)CC1
C1CCC(C2CC3CCCCC3C3CCCCC23)CC1
C1CCC2CCC3C4CCCCC4CC(CC4CCCC4)C3C2CC1
C1CCC(C2CCC3CC4C(CCC45CCCCC5)CC32)CC1
C(CCC1CCCC2CCCCC12)CC1CCCC2CCCCC12
C1CCC(C2CCC3C(CCCC4CCCCC43)C2)C1
C1CCC2CC(C3CCCC4CCCC43)CCC2C1
C1CCC(C2CCC3CCC4C(CCC5C6CCC(CCCC7CCC8CCCCC8C7)C6CCC45)CC32)CC1
C1CCC(CCCCC2CC3CCCCC3C2)CC1
C1CCC2CCCCC2C(CCCCC2CCCC3CCCCC23)C1
C1CCC(C2CCC3CC4C(CCCC45CC(C4CCCCC4)C(C4CCCCC4)C5)CC32)CC1
C1CCC(C2CCC3CCC4CCCCC4C3CC2)CC1
C1CCC(CC2CCC3CC4C(CCCC45CCCC5)CC23)CC1
C1CCC2CCC3C4CCC(CCC5CCCC5)C4CCC3C2CC1
C1CCC(C2CCC3C(CCCCCC4CCC(C5CCCC5)C4)CCCC23)CC1
C1CCC(CC2CCC3C(CCC3C3CCCCC3)C2)CC1
C1CCC(CCCC2CCCC3CC4C(CCC4C4CCCCC4)CC23)CC1
C1CCC(C2CC3CCCCC3C3CCCCC23)CC1
C1CCC2CC(CC3CCCC4CCCC43)CCC2C1
C1CCC(C2CC3CCCC3CC3CCC4CCCCC4C32)CC1
C1CCC(C2CC3CCCC3C3CCC4CCCCC4C23)CC1
C1CCC(CC2CC3CCCCC3C3CCC4CCCCCC4C23)CC1
C1CCC(CCCCC2CC3CCCCC3C2C2CCCCC2)CC1
C1CCC(CC2CCCC(CC3CC4CCCCC4C4CCC5CCCCC5C34)C2)C1
C1CCC(CCCC2CCC3C(CCC3C3CCCCC3)C2)CC1
C(CCC1CCCC2CCCCC12)CCC1CCCC2CCCCC12
C1CCC2CCC3C4CCCC4CCC3C2CC1
C1CCC2CC(CCCC3CCCC4CCCCC43)CC2C1
C1CCC2C(C1)CCC1C3CCCC3CCC21
C1CC2CCC3C(CCC4CCCCC43)CC2C1
C1CCC(C2CCC3CCC4(CCCCC4C4CCCCC4)CCC32)CC1
C1CCC2CCC(C3CCCC4CCCC43)CC2CC1
C1CCC(CCCCCC2CC3CCCCC3C2)CC1
C1CCC2C(C1)CCC1C3CCCC3CCC21
C1CCC(CCCCC2CCC3CCCCC23)CC1
C1CCC2C(C1)CC(C1CCCC1)C1CCCCC21
C1CCC(CCC2CCC(C3CCC4C(CC5CCCCC5)CCC4C3)CC2)CC1
C1CCC2C(C1)CCC1C2CCC2C3CCCCC3CC21
C1CCC(CCC2CCC3C(CCC3C3CCCCC3)C2)CC1
C1CCC2C(C1)CCCC2CCCC1CCCC2CCCCC21
C1CCC2CC(C3CCCC4CCCC43)CCC2C1
C1CCC(CCCCC2CCC3CCCCC3C2)CC1
C(CCC1CCCC2CCCCC12)CC1CCCC2CCCCC12
C1CCC2C(C1)CCC1C2CCC2C3CCCC3CC21
C1CCC2C(C1)CCCC1C3CCCC3CCC21
C1CCC(CC2CCC3C(CCC3C3CCCCC3)C2)CC1
C1CCC(CCCCC2CCC3CCCCC23)CC1
C1CCC(CCCCC2CC3CCCCC3C2)CC1
C1CCC(CCCC2CCC3C(CCC4CC(C5CCCCC5)CCC43)C2)CC1
C1CCC(CC2CC3CCCCC3CC3CCC4CCCCC4C32)CC1
C1CCC(CCCCCC2CCCC3C(C4CCCCC4)CCC23)CC1
C1CCC(C2CCC(CC3CC4CCCCC4C4CCC5CCCCC5C34)CC2)CC1
C1CCC(CCCCCC2CCCC3C(C4CCCCC4)CCC23)CC1
C1CCC(C2CC3CCCCC3C3CCCCC23)CC1
C1CCC2CC(CCCC3CCC4C3CCC3C5CCCCC5CCCC43)CC2C1
C1CCC(CC2CCC3C(CCC4CCCCC43)C2)CC1
C1CCC(CCCC2CCC3C2CCC2C4CCCCC4CCC32)C1
C1CCC(C2CC3CCCC3C3CCCC4CCCCC4C23)CC1
C1CCC2CCC3C4CCC(CCCC5CC6CCCCC6C5)C4CCC3C2CC1
C1CCC(CCCCCC2CC3CCCCC3C2)CC1
C(CCC1CC2CCCCC2C1)CCC1CCCC2CCCC12
C1CCC2CC(C3CCCC4CCCC43)CCC2C1
C1CCC2CCC(C3CCCC4CCCC43)CC2CC1
C1CCC2CCC3C4CCCC4CCC3C2CC1
C1CCC(CC2CC3CCCCC3C3CCC4CCCCC4C23)C1
C1CCC(CCCC(CCC2CCC3CCCC3C2)CC2CCCCC2)CC1
C1CCC(C2CCC3CCCC3C3CCC4CCCCCC4C23)CC1
C1CCC(CC2CC3CCCCC3C3CCC4CCCCCC4C23)CC1
C1CCC(C2CC3CCCC3C3CCC4CCCCCC4C23)CC1
C1CCC(CCCCC2CC3CCCCC3C2)CC1
C1CCC(CCCC2CCC3C2CCC2C4CCCCC4CCC32)C1
C1CCC(CCC2CCC3C(CCC4C5CCCC5CCC34)C2)CC1
C1CCC(CC2CCC3CC4C(CCC45CCCC5)CC23)CC1
C1CCC2C(C1)CCC(C1CCCC1)C1CCCCC21
C1CCC(C2CCC3CCCC3C3CCCC4CCCCC4C23)CC1
C1CCC(CC2CC3CCCCC3CC3CCC4CCCCC4C32)CC1
C(CCC1CCCC2CCCCC12)CC1CCCC2CCCCC12
C1CCC2CC(C3CCCC4CCCC43)CCC2C1
C1CCC(CCC2CCC3C(CCC3C3CCCCC3)C2)CC1
C1CCC2CC3CCC4CCCC4C3CCC2C1
C1CCC(CC2CC3CCCCC3C3CCC4CCCCCC4C23)CC1
C1CCC(C2CC3CCCC3C3CCC4CCCCCC4C23)CC1
C1CCC(CCCCC2CCC3CCCCC23)CC1
C(CCCC1CCCCC1)CCCC1CCC(C2CCCCC2)C1
C(CCC1CCCC2CCCC12)CC1CC2CCCCC2C1
C1CCC(CC2CC3CCCCC3C3CCC4CCCCC4C23)CC1
C1CCC2C(C1)CCC1C3CCCCC3CCC21
C1CCC(CCCC2CCCC(C3CCC4CC(CCC5CCC6CCCCC6C5)CCC43)C2)CC1
C1CCC(CCC2CCC3C(CCC4CC(C5CCCCC5)CCC43)C2)CC1
C1CCC2C(C1)CCCC2CC1CC2CCCCC2C2CCCC12
C1CCC(C2CCC3CC4C(CCC5C6CCC(CCCC7CCC8CCCCC8C7)C6CCC45)CC32)CC1
C1CCC(C2CC3CCCC3C3CCC4CCCCC4C23)CC1
C1CCC(CCC2CCC3C(CCC3C3CCCCC3)C2)CC1
C1CCC2CCC3C4CCCC4CCC3C2CC1
C1CCC(CCC2CCC3C(CCC3C3CCCC(CCC4CCCC4)C3)C2)CC1
C1CCC(C2CCC3CC4CCCCC4CC32)CC1
C1CCC2C(C1)CCC1C3CCCC3CCC21
C1CCC(CC2CCCC(C3CCC4CC(CCC5CCC6CCCCC6C5)CCC43)C2)C1
C1CCC(CC2CCC3C(CCC3C3CCCCC3)C2)CC1
C1CCC(C2CCC3CC4C(CCC45CCCCCC5)CC32)CC1
C1CCC(C2CC3CCCC3C3CCC4CCCCCC4C23)CC1
C1CCC(CCC2CCC3C(CC4CCCCC4)CCC3C2)CC1
C(CCC1CCCC2CCCC12)CC1CC2CCCCC2C1
C1CCC(C2CCC3CC4C(CCCC45CCCCC5)CC32)CC1
C1CCC(C2CC3CCCC3C3CCC4CCCCCC4C23)CC1
C1CCC(C2CCC(CCCCCC3CCCC4CCCCC34)C2)CC1
C1CCC(CCCCC2CCC3C2CCC2C4CC5CCC(C6CCCCC6)C5CC4CCC32)CC1
C(CCC1CCC(C2CCCC2)C1)CCC1CCCC2CCCCC12
C1CCC2CCC(C3CCCC4CCCC43)CC2CC1
C1CCC(CCCCC2CC3CCCCC3C2)CC1
C1CCC(CCCCC2CC3CCCCC3C2)CC1
C1CCC(CCC2CCC3C(CCC3C3CCCCC3)C2)CC1
C(CCC1CCCC2CCCC12)CC1CC2CCCCC2C1
C1CCC(CCCCCC2CCCC3C(CC4CCCCC4)CCC23)CC1
C1CCC(CCCCCC2CCCCC2)CC1
C(CCCC1CCCCC1)CCCC1CCC(C2CCCCC2)C1
C1CCC(C2CCC(CC3CC4CCCCC4C4CCC5CCCCCC5C34)CC2)CC1
C1CCC(CCCC2CCCC3CCC(C4CCCC5CCCC54)CC3C2)CC1
C1CCC(CCC2CCC(CCC3CCCCC(CC4CCCC4)C3)CC2)CC1
C1CCC(CC2CCC3C(CC4CCCCC4)CCC3C2)CC1
C1CCC(C2CCC3CCC4C(CCC45CCCCC5)CC32)CC1
C1CCC(CC2CC3CCCCC3C3CCC4CCCCCC4C23)CC1
C1CCC(CCCCCC2CC3CCCCC3C2)CC1
C1CCC2CC(C3CCCC4CCCC43)CCC2C1
C1CCC(C2CCC3C(CCC3C3CCCCC3)C2)CC1
C(CCCC1CCCCC1)CCCC1CCC(C2CCCCC2)C1
C1CCC(C2CCC3CC4C(CCCCC5CC5)CCCC4CC32)CC1
C1CCC(CCCCCC2CC3CCCCC3C2)CC1
C1CCC(CC2CCC3CCCCC3C3CCC4CCCCC4C23)CC1
C1CCC2CCC(C3CCCC4CCCC43)CC2CC1
C1CCC(CCC2CCC3C(CC4CCCCC4)CCC3C2)CC1
C1CCC(CC2CCCCCCC23CCC2C(CCC2C2CCCCC2)C3)CC1
C1CCC(CCC2CC3CCCC3C3CCC4CCCCC4C23)CC1
C1CCC(C2CCC3CCCC3C3CCC4CCCCC4C23)CC1
C(CCCC1CCCCC1)CCCC1CCC(C2CCCCC2)C1
C1CCC(CC2CCC3CC(C4CCC(CCC5CCCC5)CC4)CCC23)CC1
C1CCC(CCCC2CCC3C2CCCC2C4CCCCC4CCC23)C1
C1CCC(CC2CC3CCCCC3C3CCC4CCCCCC4C23)CC1
C1CCC(CCC2CCC(CC3CCC4C(CCC4C4CCCCC4)C3)CC2)CC1
C1CCC2C(C1)CC(C1CCCC3CCCC31)C1CCCCC21
C1CCC(C2CCC3CC4C(CCC32)CCC42CCCC2)CC1
C1CCC2CC3CCC4C(CCCC5CC6CCCCC6C5)CCC4C3CCC2C1
C1CCC(CCCCCC2CCCCC2)CC1
C1CCC(C2CC3CCCC3C3CCCC4CCCCC4C23)CC1
C1CCC(CC2CCC3C(CCCCCC4CCC(C5CCCC5)C4)CCCC23)CC1
C1CCC(C2CCC3CC4C(CCCCC45CCCC5)CC32)CC1
C(CCCC1CCCC2C(C3CCCCC3)CCC12)CCC1CCCCC1
C1CCC(C2CC3CCCCC3CC3CCCCC32)CC1
C1CCC(C2CC3CCCCC3C3CCCCC23)CC1
C1CCC(C2CCC3CCC4C(CCC45CCCCC5)CC32)CC1
C1CCC(CCC2CCC3C(CCC3C3CCCCC3)C2)CC1
C1CCC(C2(CCCCC3CCC4CCCCC4C3)CCCC3CCCCC32)CC1
C1CCC2CCC3C4CCCCC4CCC3C2CC1
C1CCC(CC2CCCCC2CC2CC3CCCCC3C3CCC4CCCCCC4C23)CC1
C1CCC(CCCCC2CC3CCCCC3C2)CC1
C1CCC(CCC2CCC3C(CCC3C3CCCC(CCC4CCCC4)C3)C2)CC1
C1CCC(C2CCC3CC4C(CCC45CCCC5)CC32)CC1
C1CCC(C2CCC3CC4C(CCC5C6CCC(CCCC7CC8CCCCC8C7)C6CCC45)CC32)CC1
C1CCC(CCCCC2CC3CCCCC3C2)CC1
C1CCC2CCC3C4CCCCC4CC(CC4CCCC(C5CCCC5)C4)C3C2CC1
C1CCC(C2CCC3CC4C(CCC45CCCCC5)CC32)CC1
C1CCC(C2CCC3CC4C(CCC32)CCC2C3CCC(CCCC5CCC6CCCCC6C5)C3CCC42)CC1
C1CCC2C(C1)CCC1C3CCCC3CCC21
C1CCC(C2CC3CCCC3C3CCC4CCCCC4CC23)CC1
C1CCC(CC2CCCC(CCC3CCC(CCC4CCC(C5CC5)CC4)CC3)C2)C1
C1CCC2CC(CCCC3CCC4C3CCC3C5CCCCC5CCCC43)CC2C1
C1CCC(C2CC3C(CCC34CCCC4)C3CCCC4CCCCC4C23)CC1
C1CCC2C(C1)CCC1C3CCCC3CCC21
C1CCC(CC2CCC3C(CC4CCCCC4)CCC3C2)CC1
C1CCC2CC(C3CCCC4CCCC43)CCC2C1
C1CCC2CC(C3CCCC4CCCC43)CCC2C1
C1CCC2C(C1)CCC1C3CCCCC3CCC21
C1CCC(CCC2CC3CCCC3C3CCC4CCCCCC4C23)CC1
C1CCC(C2CCC3CCC4C(CCC45CCCCC5)CC32)CC1
C1CCC(C2CC3CCCCC3C3CCCCC23)CC1
C(CCC1CCCC2CCCC12)CC1CC2CCCCC2C1
C1CCC(CCC2CCC(CCC3CCCC(CC4CCCC4)C3)CC2)CC1
C1CCC(CCCCC2CCC3CCCCC23)CC1
C1CCC2CC(CCCC3CCC4C3CCC3C5CCCCC5CCC43)CC2C1
C1CCC2C(C1)CCCC2CCCC1CCC2C1CCC1C3CCCCC3CCC21
C1CCC(C2CCC(C3CC4CCCC4CC4CCC5CCCCC5C43)CC2)C1
C1CCC(C2CCC(C3CCC4CCCC4C4CCC5CCCCC5C34)CC2)C1
C1CCC(C2CC3C(CCC4CC4)CCC3C3CCC4CCCCCC4C23)CC1
C1CCC(CC2CC3CCCCC3C3CCC4CCCCC4C23)C1
C1CCC(C2CCC3CC4C(CCC45CCCC5)CC32)CC1
C1CCC(C2CCC3CC4C(CCCC4CC4CCC5CCCCC54)CCC32)CC1
C1CCC2C(C1)CCC1C2CCC2C3CCCC3CC21
C1CCC2CC(C3CCCC4CCCC43)CCC2C1
C(CCCC1CCCC2CCCC12)CCC1CCCCC1
C1CCC2C(C1)CCC1C3CCCCC3CCC21
C1CCC(C2CCC(CCCC3CCC4C5CCC6CCCCC6C(CCC34)C5)C2)CC1
C1CCC(CCCC2CCC3C2CCC2C4CC5CCC(C6CCCCC6)C5CC4CCC32)CC1
C1CCC(CC2CCC3CC4C(CCC45CCCC5)CC23)CC1
C1CCC(CCC2CCC3C(CCC3C3CCCCC3)C2)CC1
C(CCC1CCCC2CCCCC12)CC1CCCC2CCCCC12
C(CCCCC1CCC(C2CCCCC2)C1)CCCC1CCCCC1
C1CCC2CCC3C4CCCC4CCC3C2CC1
C1CCC(CCC2CCC3C(CCC3C3CCCCC3)C2)CC1
C1CCC2C(C1)CCC1C3CCCC3CCC21
C1CCC(CCCC2(CCC3CCCC3)CCC3C4CCC5CCCCC5C4CCC32)CC1
C1CCC(C2CCC3CC4C(CCC5C6CCC(CCCC7CCC8CCCCC8C7)C6CCCC45)CC32)CC1
C1CCC2CC(C3CCCC4CCCC43)CCC2C1
C1CCC2C(C1)CCC1C2CCC2C3CCCC3CC21
C1CCC2CCC3C4CCC(CCCC5CC6CCCCC6C5)C4CCC3C2CC1
C1CCC(C2CCC3CCC4C(CCC45CCCC5)CC32)CC1
C1CCC2C(C1)CCC1C2CCC2C3CCCC3CC21
C1CCC(C2CC3CCCC3C3CCCC4CCCCC4C23)CC1
C1CCC2CCC3C4CCC(CCCC5CCC6CCCCC6C5)C4CCC3C2CC1
C1CCC(CCCCC2CC3CCCCC3C2C2CCCCC2)CC1
C1CCC(CCCCC2CCC3CCCCC23)CC1
C1CCC2CCC3C4CCC(CCCC5CCCC6CCCCC65)C4CCC3C2CC1
C1CCC(C2CCC(CCCC3CCCC4C3CCC3C5CCCCC5CCC43)C2)CC1
C1CCC(CCC2CCC(C3CCC4C(CCC4C4CCCCC4)C3)CC2)CC1
C1CCC(CCCCC2CCC3CCCCC23)CC1
C1CC(C2CCC(C3CC4CCCCC4C4CCC5CCCCC5C34)CC2)C1
C1CCC(CC2CCC3CCCCC3C3CCC4CCCCC4C23)CC1
C1CCC(C2CCC3CC4C(CCC45CCCCC5)CC32)CC1
C1CCC(CCCCC2CC3CCCCC3C2)CC1
C1CCC(CCCCCC2CCCC3C(C4CCCCC4)CCC23)CC1
C1CCC2CC(CCCC3CCCC4CCCCC43)CC2C1
C1CCC(C2CCC3CC4CCCCC4CC32)CC1
C1CCC2CCC(C3CCCC4CCCC43)CC2CC1
C1CCC2CC(CCCC3CCCC4CCCCC43)CC2C1
C1CCC2C(C1)CCCC2CCCC1CCCC2CCCCC21
C1CCC(CCC2CCC3C(CCC3C3CCCCC3)C2)CC1
C1CCC(CCC2CCC3C(CCC4C5CCCC5CCC34)C2)CC1
C1CCC(C2CCC3C(CCCCCC4CCC(C5CCCC5)C4)CCCC23)CC1
C1CCC2CCC(C3CCCC3)CC2CC1
C1CCC2CC(C3CCCC4CCCC43)CCC2C1
C1CCC2C(C1)CCC1C3CCCC3CCC21
C1CCC(CCC2CCC3C(CCC4C5CCCC5CCC34)C2)CC1
C1CCC2CCC3CCCCC3C2CC1
C1CCC(C2CC3CCCC3C3CCC4CCCCC4C23)CC1
C1CCC(CCCCCC2CCCC3C(C4CCCCC4)CCC23)CC1
C1CCC(CC2CCC3CC4C(CCCC45CCCC5)CC23)CC1
C1CCC(C2CCC3CC4C(CCCC45CCCC5)CC32)CC1
C1CCC(C2CC3CCCC3CC3CCC4CCCCC4C32)CC1
C1CCC2CCC3C4CCCC4CCC3C2CC1
C1CCC(CCC2CCCCC2)CC1
C1CCC(C2CCC3CC4C5CCC6C(CCCC7CC8CCCCC8C7)CCC6C(CCC4CC32)C5)CC1
C(CCC1CCC2C1CCC1C3CCCCC3CCC21)CC1CC2CCCCC2C1
C(CCC1CCCC2CCCC12)CC1CC2CCCCC2C1
C(CCCC1CCCC2CCCC12)CCC1CCC2CCCCC2C1
C1CCC2CC3CCC4CCCC4C3CCC2C1
C1CCC2CCC3C(CCC4C3CCC4(CCCC3CCCC3)CCC3CCCC3)C2CC1
C1CCC2CCC3C4CCCC4CCC3C2CC1
C1CCC2CC(C3CCCC4CCCC43)CCC2C1
C1CCC(CCCCCC2CCCC3C(C4CCCCC4)CCC23)CC1
C1CCC2CC(CCCC3CCC4C3CCC3C5CCCCC5CCC43)CCC2C1
C1CCC(CCCC2CCC3C2CCC2C4CC5CCC(C6CCCCC6)C5CC4CCC32)CC1
C1CCC2CC(C3CCCC4CCCC43)CCC2C1
C1CCC(CCCCC2CC3CCCCC3C2)CC1
C1CCC2CC(C3CCC4CCCCC43)CCC2C1
C(CCCCC1CCC(C2CCCCC2)C1)CCCC1CCCCC1
C1CCC(CCC(CC2CCCCC2)C2CCCCC2)CC1
C1CCC(CCC2CCC3C(CC4CCCCC4)CCC3C2)CC1
C1CCC(CCCCCC2CC3CCCCC3C2)CC1
C1CCC2C(C1)CCC1C3CCCC3CCC21
C1CCC(C2CCC(CCCCCC3(C4CCCC4)CCCC4CCCCC43)C2)CC1
C1CCC(CCC(CCCC2CCC3CCCC3C2)CC2CCCCC2)CC1
C1CCC2CCC(C3CCCC4CCCC43)CC2CC1
C1CCC2CCC3CCCCC3C2CC1
C1CCC(CC2CCC3C(CCC3C3CCCCC3)C2)CC1
C1CCC(CC(CC2CCCCC2)C2CCCCC2)CC1
C1CCC(CCC2CCC3C(CCC4C5CCCC5CC(CCC5CCCCC5)C34)C2)CC1
C1CCC(C2CC3CCCC3C3CCC4CCCCC4C23)CC1
C1CCC(CCC2CCCC3CCC(C4CCCC5CCCC54)CC3C2)CC1
C(CCC1CCCC2CCCCC12)CC1CCC2CCCCC2C1
C(CCC1CCCC2CCCC12)CC1CC2CCCCC2C1
C1CCC2CCC(C3CCCC4CCCC43)CC2CC1
C1CCC(CCC2CCC3C(CCC3C3CCCCC3)C2)CC1
C1CCC(C2CC3CCCC3CC3CCC4CCCCC4C32)CC1
C1CCC2CCC3C4CCCCC4CC(CC4CCCC4)C3C2CC1
C1CCC(CCC2CCC(C3CCC4C(CC5CCCCC5)CCC4C3)CC2)CC1
C1CCC(C2CCC3CCCC3C3CCC4CCCCC4C23)CC1
C1CCC(C2CC3CCCCC3C3CCC(CCC4CCCC4)CC3C2)CC1
C1CCC2C(C1)CCC1C2CCC2C3CCCC3CC21
C1CCC2C(C1)CCCC2CCCC1CCCC2CCCCC21
C1CCC(C2CC3CCCC3C3CCCC4CCCCC4C23)CC1
C1CCC2CC(C3CCCC4CCCC43)CCC2C1
C1CCC2C(C1)CCC1C2CCCC2C3CCCC3CC21
C(CCC1CCCC2CCCC12)CC1CC2CCCCC2C1
C(CCCC1CCCC2C(C3CCCCC3)CCC12)CCC1CCCCC1
C1CCC(CCCC2CCC3C(CCC3C3CCCCC3)C2)CC1
C1CCC2CCC3C4CCC(CCCC5CC6CCCCC6C5)C4CCC3C2CC1
C1CCC(CCC2(CCCCC3CCC4CCCCC4C3)CCC3C4CCC5CCCCC5C4CCC32)C1
C1CCC(C2CC3CCCCC3CC3CCCCC32)CC1
C1CCC(CCC(CCC2CCCCC2)CCC2CCC3CCCC3C2)CC1
C1CCC2CCC(C3CCCC4CCCC43)CC2CC1
C1CCC2CC(C3CCCC4CCCC43)CCC2C1
C1CCC(CCC2CCCC3CCC(C4CCCC5CCCC54)CC23)CC1
C1CCC2C(C1)CC(C1CCCC1)C1CCCCC21
C1CCC(C2CCC(C3CC4CCCC4C4CCC5CCCCC5C4C3)CC2)C1
C1CCC(CCCCCC2CCCC3C(C4CCCCC4)CCC23)CC1
C1CCC(C2CCC3CC4C(CCC45CCCCC5)CC32)CC1
C(CCC1CCCC2CCCCC12)CC1CCC2CCCCC2C1
C1CCC(CC2CCC3CC4C(CCC5C6CCC(CCCC7CC8CCCCC8C7)C6CCC45)CC23)CC1
C1CCC(CCCCC2CC3CCCCC3C2)CC1
C(CCC1CCCC2CCCCC12)CC1CCC2CCCCC2C1
C1CCC(CCC2CCC3C(CCC3C3CCCCC3)C2)CC1
C1CCC(CCC2CCC3C(CCC3C3CCCCC3)C2)CC1
C(CCCC1CCCC2C1CCC2C1CCCC(CC2CCCC2)C1)CCC1CCCCC1
C(CC1CC2CCCCC2C1)CC1CCC2C(CCC3C4CCCCC4CCC23)C1
C1CCC2CC(C3CCCC4CCCC43)CCC2C1
C1CCC(CCC2(CCCC3CC4CCCCC4C3)CCCC3C4CCC5CCCCC5C4CCC32)C1
C1CCC2CCC3C4CCCC4CCC3C2CC1
C1CCC2C(C1)CC(C1CCCC3CCCC31)C1CCCC21
C1CCC(C2CC3CCCC3C3CCC4CCCCCC4C23)CC1
C1CCC(CCC2CCC3C(CCC3C3CCCCC3)C2)CC1
C1CCC(CC2CCC(CCCCCC3CCCC4CCCCC34)C2)CC1
C1CCC(CCCCC2CCC3CCCCC23)CC1
C1CCC(C2CC3C(CCC34CCCC4)C3CCC4CCCCC4C23)CC1
C1CCC(CCC2CCC(C3CC3)CC2)CC1
C1CCC2C(C1)CCC1C3CCCC3CCC21
C1CCC2CC(CCCC3CCC4C3CCC3C5CCCCC5CCC43)CC2C1
C1CCC(CCCCC2CC3CCCCC3C2)CC1
C1CCC2CCC3CCCCC3C2CC1
C(CCCC1CCCC2C(C3CCCCC3)CCC12)CCC1CCCCC1
C1CCC(CCC2CCC(C3CC3)CC2)CC1
C1CCC2C(C1)CC(C1CCCC3CCCC31)C1CCCC21
C1CCC(CC2CCC(CCC(CC3CCCCC3)C3CCCCC3)CC2)CC1
C1CCC2C(C1)CCC1C3CCCC3CCC21
C1CCC(CCCCCC2CC3CCCCC3C2)CC1
C1CCC(CCCCC2CCC3CCCCC23)CC1
C1CCC(CCC2CCC(CCC3CCCC(CC4CCCC4)C3)CC2)CC1
C1CCC(CCC2CCC3C(CCC3C3CCCC3)C2)CC1
C1CCC2CC(C3CCCC4CCCC43)C3CCCC3C2CC1
C1CCC(CCC2(CCCCC3CC4CCCCC4C3)CCC3C4CCC5CCCCC5C4CCC32)C1
C1CCC(CCCCCC2CC3CCCCC3C2)CC1
C1CCC(CCC2CCCCC2)CC1
C1CCC2CCC(C3CCCC4CCCC43)CC2CC1
C1CCC(CCC2CCC3C(CCC4C5CCCCC5CCC34)C2)CC1
C(CCCC1CCC2CCCC2C1)CCC1CCCCC1
C1CCC(C2CC3CCCCC3C3CCC4CCCCC4C23)CC1
C(CCCC1CCCCC1)CCCC1CCC(C2CCCCC2)C1
C1CCC2C(C1)CCC1C3CCCCC3CCC21
C1CCC(C2CC3CCCC3C3CCC4CCCCC4C23)CC1
C1CCC(CCCCC2CC3CCCCC3C2)CC1
C1CCC(CCC2CCC3C(CCC4C5CCCC5CCC34)C2)CC1
C1CCC(CCCC2CCC3C2CCC2C4CCCCC4CCCC32)C1
C(CCC1CCCC2CCCC12)CC1CC2CCCCC2C1
C1CCC(C2CCC3CCCC(C3)C3CCC4CCCCC4C23)CC1
C1CCC(C2CCC3C(CCCCCC4CCC(C5CCCC5)C4)CCCC23)CC1
C1CCC(C2CC3CCCC3C3CCC4CCCCC4C23)CC1
C1CCC(C2C3CCCC3CC3CC4CCCC4CC32)CC1
C1CCC2CC(C3CCCC4CCCC43)CCC2C1
C1CCC(CCCCCC2CC3CCCCC3C2)CC1
C1CCC(C2CCC3CC4C(CCC5C6CCC(CCCC7CC8CCCCC8C7)C6CCC45)CC32)CC1
C1CCC(CCCCC2CC3CCCCC3C2)CC1
C1CCC(CCC2CCC(CC3CCC4C(CCC4C4CCCCC4)C3)CC2)CC1
C1CCC(CCCCC2CC3CCCCC3C2)CC1
C(CCC1(CC2CCCC2)CCCC2CCCCC21)CC1CCC2CCCCC2C1
C1CCC(C2CCC3CC4C(CCCC45CCCCC5)CCC32)CC1
C1CCC(CCCCC2CC3CCCCC3C2)CC1
C(CCCC1CCCCC1)CCCC1CCC(CC2CCCCC2)C1
C1CCC(CC2CCC3C(CCC3C3CCCCC3)C2)CC1
C1CCC(C2CCC3CCCC3C3CCCC4CCCCC4C23)CC1
C1CCC(CCCCC2CCC3CCCCC23)CC1
C1CCC(CCCCCC2CC3CCCCC3C2)CC1
C1CCC(CCCC2(CCC3CCCC3)CCC3C4CCC5CCCCC5C4CCC32)CC1
C1CCC(CC2CCC3CCCCC3C3CCC4CCCCC4C23)C1
C1CCC(C2CCC3C(CCC34CCCCC4)C3CCC4CCCCC4C23)CC1
C1CCC2CCC3C4CCC(CCCC5CC6CCCCC6C5)C4CCC3C2CC1
C1CCC2CC(C3CCCC4CCCC43)CCC2C1
C1CCC(CC2CC3CCCCC3C3CCC4CCCCCC4C23)CC1
C1CCC(C2CC3CCCC3C3CCC4CCCCC4C23)CC1
C1CCC(CCCCC2CC3CCCCC3C2)CC1
C1CCC2CCC(C3CCCC4CCCC43)CC2CC1
C1CCC2C(C1)CCCC1C3CCCC3CCC21
C1CCC2CC(CCCC3CCC4CC5CCC6CCCCC6C5CCC34)CC2C1
C1CCC(CCC2CCC3C(CC4CCCCC4)CCC3C2)CC1
C(CCC1CCCC2CCCC12)CC1CC2CCCCC2C1
C1CCC(CCCCCC2CCCC3C(CC4CCCCC4)CCC23)CC1
C1CCC(CCC2CCC(CCC3CCCC(CC4CCCC4)C3)CC2)CC1
C1CCC(CCCCCC2CC3CCCCC3C2)CC1
C1CCC2C(C1)CCCC2CCCC1CCCC2CCCCC21
C1CCC(CCCCC2CC3CCCCC3C2)CC1
C1CCC2C(C1)CCC1C3CCCC3CCC21
C1CCC(CCCCC2CC3CCCCC3C2)CC1
C1CCC2CC(CCCC3CCC4C3CCC3C5CCCCC5CCC43)CC2C1
C(CCC1CCC2CCCCC2C1)CCC1CCCC2CCCCC12
C(CCCC1(C2CCCC2)CCCC2CCCCC21)CCC1CCC(C2CCCCC2)C1
C1CCC2C(C1)CCC1C2CCCC2C3CCCC3CC21
C1CCC(C2CC3CCCC3C3CCC4CCCCCC4C23)CC1
C1CCC2CC(CCCC3CCC4C3CCC3C5CCCCC5CCCC43)CC2C1
C1CCC(CCCCCC2CC3CCCCC3C2)CC1
C1CCC2CCC3CCCCC3C2CC1
C1CCC2CCC3C4CCCCC4CC(CC4CCCC4)C3C2CC1
C1CCC2CCC(C3CCCC4CCCC43)CC2CC1
C1CCC(CC2CC3CCCCC3C3CCC4CCCCC4C23)C1
C1CCC(CCC2CCC3C(CCC3C3CCCCC3)C2)CC1
C1CCC(C2CCC3C(CCC4CCCCC43)C2)CC1
C1CCC(CCC2CCC(CCCC3CCCC(CC4CCCC4)C3)CC2)CC1
C1CCC(CCCC2CC3CCCCC3C2C2CCCCC2)CC1
C(CCCCC1CCC(C2CCCCC2)C1)CCCC1CCCCC1
C1CCC(CCCCC2CC3CCCCC3C2)CC1
C1CCC2C(C1)CCC1C3CCCCC3CCC21
C1CCC(CC(CC2CCCCC2)C2CCCCC2)CC1
C1CCC2CC(C3CCCC4CCCC43)CCC2C1
C1CCC(C2CCC3CCCC3C3CCC4CCCCC4C23)CC1
C(CCCC1CCCCC1)CCCC1CCC(C2CCCCC2)C1
C1CCC(CC2CCC3CC4(CCCCC4C4CCCCC4)CCC23)CC1
C1CCC(C2CCC3CCCC3C3CCC4CCCCC4C23)CC1
C1CCC(CCCCCC2CCCC3C(C4CCCCC4)CCC23)CC1
C1CCC(CCCCCC2CCCC3C(C4CCCCC4)CCC23)CC1
C1CCC(CCCCC2CC3CCCCC3C2)CC1
C1CCC(C2CC3CCCC3C3CCC4CCCCC4C23)CC1
C1CCC(CC2CC3CCCCC3C3CCC4CCCCCC4C23)CC1
C1CCC(CCCCC2CC3CCCCC3C2)CC1
C1CCC(CCCCCC2CCCCC2)CC1
C1CCC(CCC2CCC3C(CCC3C3CCCCC3)C2)CC1
C1CCC(CCCCCC2CC3CCCCC3C2)CC1
C1CCC(CCCC2CCC3CCC(CC4CCCC5CCCC54)CC3C2)CC1
C1CCC(CCCC(CCC2CCC3CCCC3C2)CC2CCCCC2)CC1
C1CCC(CCCCCC2CCCC3C(C4CCCCC4)CCC23)CC1
C(CCCC1CCCCC1)CCCC1CCC(C2CCCCC2)C1
C1CCC(C2CC3CCCCC3C3CCC4CCCCC4C23)CC1
C1CCC(C2CCC3C(CCC4CCCCC43)C2)CC1
C1CCC(CCCCCC2CCCC3C(C4CCCCC4)CCC23)CC1
C1CCC(CCCCCC2CCC3CCCCC23)CC1
C(CCCC1CCCC2C(C3CCCCC3)CCC12)CCC1CCCCC1
C1CCC(CCC2CCCC3CCC4C(CCC4C4CCCCC4)CC23)CC1
C1CCC(CCCCCC2CCCC3C(C4CCCCC4)CCC23)CC1
C1CCC(CCC2CCC3C(CCC4C5CCCC5CCC34)C2)CC1
C1CCC(CCC2CCC3C(CCC3C3CCCCC3)C2)CC1
C1CCC(CCC2CCC3C(CCC3C3CCCCC3)C2)CC1
C1CCC2C(C1)CCC1C3CCCC3CCC21
C1CCC(C2CCC(CCCCCC3CCCC4C(C5CCCCC5)CCC34)C2)CC1
C1CCC(CCC2CCC3C2CCC(C2CCCCC2)C2C4CCCCC4CCC32)CC1
C1CCC(CCC2CCC3C(CCC3C3CCCCC3)C2)CC1
C1CCC(C2CCC3CC4C(CC5CC6CCCCC6C5)CCCCC4CC32)CC1
C(CCC1CCC2C1CCC1C3CCCCC3CCC21)CC1CC2CCCCC2C1
C1CCC(CCC(CCC2CCCCC2)CCC2CCC3CCCC3C2)CC1
C1CCC(CCC2CCC3C(CCC3C3CCCCC3)C2)CC1
C(CCCC1CCCCC1)CCCC1CCC(C2CCCCC2)C1
C(CCCC1CCC2C(CCC2C2CCCCC2)C1)CCC1CCCCC1
C1CCC(C2CCC3CC4C(CCC5C6CCCC(CCCC7CC8CCCCC8C7)C6CCC45)CC32)CC1
C1CCC(C2CCC3CC4C(CCC5C6CCC(CCCC7CCC8CCCCC8C7)C6CCC45)CC32)CC1
C1CCC(CCCC2(CCC3CCCC3)CCC3C4CCC5CCCCCC5C4CCC32)CC1
C1CCC(CCCCC2CCC3CCCCC23)CC1
C1CCC(CCCCCC2CCCC3C(C4CCCCC4)CCC23)CC1
C1CCC(CCCCC2CC3CCCCC3C2)CC1
C(CCC1CCCC2CCCCC12)CC1CC2CCCCC2C1
C1CCC2CCC(C3CCCC4CCCC43)CC2CC1
C1CCC2C(C1)CCC1C3CCCC3CCC21
C1CCC2C(C1)CCC1C3CCCC3CCC21
C1CCC(CCC2CCC3C(CCC4C5CCCC5CCC34)C2)CC1
C1CCC(CCCCCC2CCC3CCCC3C2)CC1
C1CCC(CCCCCC2CC3CCCCC3C2)CC1
C1CCC(C2CCC3C(CCCCCC4CCC(CC5CCCC5)C4)CCCC23)CC1
C1CCC(CCCCC2CC3CCCCC3C2)CC1
C1CCC(CCCCC2CC3CCCCC3C2)CC1
C1CCC(CCCCCC2CCC3CCCCC23)CC1
C1CCC(CCCCC2CC3CCCCC3C2)CC1
C1CCC(C2CCC(CC3CC4CCCCC4C4CCC5CCCCCC5C34)CC2)CC1
C1CCC(CCCC2CC3CCCCC3C2CC2CCCCC2)CC1
C1CCC(C2CC3CCCC3C3CCC4CCCCC4C23)CC1
C1CCC2CC(C3CCCC4CCCC43)CCC2C1
C1CCC(C2CC3CCCC3C3CCC4CCCCC4C23)CC1
C(CCCC1CCCC2C(C3CCCCC3)CCC12)CCC1CCCCC1
C1CCC(C2CCC3CCC4C(CCCC45CCCC5)CC32)CC1
C1CCC(CC2CC3CCCCC3C3CCC4CCCCCC4C23)CC1
C1CCC2CCC3C4CCC(CCCC5CC6CCCCC6C5)C4CCC3C2CC1
C1CCC(C2CC3CCCC3C3CCC4CCCCC4C23)CC1
C1CCC(CCC2CCCCC2)CC1
C1CCC(CCC2CCC(CCCC3CCCC(CC4CCCC4)C3)CC2)CC1
C1CCC(C2CCC3C(CCC34CCCC4)C3CCC4CCCCC4C23)CC1
C1CCC(CC2CC3CCCCC3C3CCC4CCCCCC4C23)CC1
C(CCCCC1CCC(C2CCCCC2)C1)CCCC1CCCCC1
C1CCC2CCC(C3CCCC4CCCC43)CC2CC1
C1CCC(CCC2CCC3C(CC4CCCCC4)CCC3C2)CC1
C1CCC2C(C1)CC(C1CCCC1)C1CCCCC21
C1CCC2CC(CCCC3CCCC4CCCCC43)CC2C1
C(CCC1CCCC2CCCC12)CC1CC2CCCCC2C1
C(CCCCCCC1CCCC2C1CCC1C3CCCCC3CCC21)CCCCCC1CCC(CCC2CCC(CCC3CCCC3)C2)C1
C1CCC(C2CCC3CCC4CCCCC4C3CC2)CC1
C1CCC(CCC2CCC(CCC3CCCCC3)CC2)CC1
C(CCC1CCC2CCCCC2C1)CCC1CCCC2CCCCC12
C1CCC2CC(C3CCCC4CCCC43)CCC2C1
C1CCC2CC(CC3CCCC4CCCC43)CCC2C1
C1CCC(CCC2CCCCCC23CCC2C(CCC2C2CCCCC2)C3)CC1
C(CCC1CCCC2CCCCC12)CC1CCC2CCCCC2C1
C1CCC2CCC(C3CCCC4CCCC43)CC2CC1
C(CCC1CCC2CCCCC2C1)CCC1CCCC2CCCCC12
C(CCCC1CCCCC1)CCCC1CCC(C2CCCCC2)C1
C(CCC1CCCC2CCCC12)CC1CC2CCCCC2C1
C1CCC(C2CC3CCCC3C3CCC4CCCCC4C23)CC1
C1CCC(C2CCC3CC4C(CC5CC6CCCCC6C5)CCCC4CC32)CC1
C1CCC2CC(C3CCCC4CCCC43)CCC2C1
C1CCC(CC2CCC(CC(CC3CCCCC3)C3CCCCC3)CC2)CC1
C1CCC(CCCC2CC3CCCCC3C2CC2CCCCC2)CC1
C1CCC(CCC2CCCCC2)CC1
C(CCCC1CCC2CCCC2C1)CCCC1CCC(C2CCCCC2)C1
C1CCC2C(C1)CCC1C3CCCC3CCC21
C1CCC2C(C1)CCC1CCCCC12
C1CCC2C(C1)CCCC2CCCC1CCC2C1CCC1C3CCCCC3CCC21
C1CCC(C2CC3CCCCC3C3CCCCC23)CC1
C1CCC(CC2CCC(CC(CC3CCCCC3)C3CCCCC3)CC2)CC1
C1CCC(CCCCC2CC3CCCCC3C2)CC1
C1CCC2C(C1)CC(C1CCCC1)C1CCCCC21
C1CCC(CCCC2(CCCC3CC4CCCCC4C3)CCC3C4CCC5CCCCC5C4CCC32)C1
C1CCC(CCC2CCC3C(CCC3C3CCCCC3)C2)CC1
C(CCC1CCC2C(CCC3C4CCCC4CCC23)C1)CC1CCC(C2CCC(C3CC4CCCC4C4CCC5CCCCC5C34)CC2)CC1
C1CCC(CCCCCC2CCCC3C(C4CCCCC4)CCC23)CC1
C1CCC2CCC(C3CCCC4CCCC43)CC2CC1
C1CCC2C(C1)CCC1C3CCCC3CCC21
C1CCC(C2CC3CCCCC3CC3CCCCC32)CC1
C1CCC(CC2CC3CCCCC3C3CCC4CCCCC4C23)C1
C1CCC2C(C1)CCC1C3CCCC3CCCC21
C1CCC2CC(C3CCCC4CCCC43)CCC2C1
C(CCCC1CCCC2C(C3CCCCC3)CCC12)CCC1CCCCC1
C1CCC(CCCCCC2CC3CCCCC3C2)CC1
C1CCC(CCCCC2CC3CCCCC3C2)CC1
C1CCC(CC2CC3CCCCC3CC3CCC4CCCCC4C32)CC1
C1CCC(CC2CCC3C(CCC3C3CCCCC3)C2)CC1
C1CCC(CC2CCC(C3CC4CCCC4C4CCC5CCCCCC5C34)CC2)CC1
C1CCC2C(C1)CCC1CCCCC12
C1CCC(CC2CC3CCCCC3C3CCC4CCCCC4C3C2)CC1
C1CCC2CCC3C4CCCC4CC(C4CCC(C5CCC5)CC4)C3C2CC1
C1CCC(CCC2CCC3C(CCC3C3CCCCC3)C2)CC1
C1CCC(CC2CC3CCCCC3C3CCC4CCCCCC4C23)CC1
C1CCC2CC(CCCC3CCC4C3CCC3C5CCCCC5CCC43)CC2C1
C1CCC(CC2CCC3C(CCC3C3CCCCC3)C2)CC1
C1CCC(CCCCCC2CC3CCCCC3C2)CC1
C1CCC(CCCCC2CCC3CCCCC23)CC1
C1CCC(C2C3CCCC3CC3CC4CCCC4CC32)CC1
C1CCC(CCCCC2CC3CCCCC3C2)CC1
C1CCC(C2CC3CCCC3CC3CCC4CCCCC4C32)CC1
C1CCC(C2CC3CCCC3C3CCC4CCCCC4C3C2)CC1
C1CCC(C2CCC3CC4C(CCC32)CCC42CCCCC2)CC1
C1CCC(CC2CCC3C(CCC3C3CCCCC3)C2)CC1
C1CCC(CCCCC2CCC3CCCCC23)CC1
C1CCC2C(C1)CCC1C3CCCC3CCC21
C1CCC(CCC2CC3CCCC3C3CCC4CCCCC4C23)CC1
C1CCC2CC(CC3CCCC4CCCCC43)C3C(CCC4CCCCC43)CC2C1
C1CCC(CCCCC2CC3CCCCC3C2)CC1
C1CCC2CC(CC3CCCC4CCCC43)CCC2C1
C(CCCC1CCCC2C(C3CCCCC3)CCC12)CCC1CCCCC1
C1CCC2C(C1)CCC1C3CCCC3CCC21
C1CCC(CCC2CCC3C(CCC3C3CCCCC3)C2)CC1
C1CCC(CCC(CC2CCC(CC3CCCCC3)CC2)C2CCCCC2)CC1
C1CCC2C(C1)CC(C1CCCC3CCCC31)C1CCCC21
C1CCC2C(C1)CCC1C3CCCC3CCC21
C(CCC1CCCC2CCCCC12)CC1CCC2CCCCC2C1
C1CCC2C(C1)CCC1C2CCC2C3CCCC3CC21
C1CCC(CCC2CC3CCCCC3C3CCC4CCCCC4C23)CC1
C1CCC2C(C1)CC(C1CCCC1)C1CCCC21
C(CCC1CCC2C(CCC3C4CCCC4CCC23)C1)CC1CCC(C2CC3CCCC3CC3CCC4CCCCC4C32)CC1
C1CCC(CC2CCC3CCCCC3C3CCC4CCCCC4C23)C1
C1CCC(C2CCC3CC4C(CCCCC45CCCC5)CC32)CC1
C1CCC(CCC2CCC3C(CCC3C3CCCCC3)C2)CC1
C1CCC(CCC(CCC2CCC3CCCC3C2)CC2CCCCC2)CC1
C1CCC(C2CC3C(CCC34CCCC4)C3CCC4CCCCC4CC23)CC1
C(CCC1CCCC2CCCCC12)CC1CCCC2CCCCC12
C(CCC1CCCC2CCCC12)CC1CC2CCCCC2C1
C1CCC(C2CCC3CCCC3C3CCC4CCCCC4C23)CC1
C(CCCC1CCCC2C(C3CCCCC3)CCC12)CCC1CCCCC1
C1CCC(CCC2CCC(CCC3CCCC(CC4CCCC4)CC3)CC2)CC1
C1CCC(CCC(CCCC2CCC3CCCC3C2)CC2CCCCC2)CC1
C1CCC(C2CCC3C(CCC4CCCCC43)C2)CC1
C1CCC(CCCC2CCCC(C3CCC4CC(CCC5CCC6CCCCCC6C5)CCC43)C2)CC1
C1CCC(CCCCC2CC3CCCCC3C2)CC1
C1CCC(C2CC3CCCC3C3CCC4CCCCCC4C23)CC1
C1CCC(CCCCCC2CC3CCCCC3C2)CC1
C(CCC1CCC2CCC(C3CCCC4CCCC43)CC2C1)CC1CCC2CCCC2C1
C1CCC(C2CCC3CC4C(CCC5C6CCC(CCCC7CCC8CCCCC8C7)C6CCC45)CC32)CC1
C1CCC(C2CC3CCCC3C3CCC4CCCCCC4C23)CC1
C1CCC(CCCCC2CCC3C2CCCC2C4CCCCC4CCC23)CC1
C1CCC2CC(C3CCCC4CCCC43)CCC2C1
C1CCC(CCCCCC2CCCC3C(C4CCCCC4)CCC23)CC1
C1CCC2CC(C3CCCC4CCCC43)CCC2C1
C1CCC2C(C1)CCC1C2CCC2C3CCCC3CC21
C1CCC(C2CCC3CC(C4CCC(CCC5CCCC5)CC4)CCC32)CC1
C1CCC2C(C1)CCC1C3CCCC3CCCC21
C1CCC(C2CCC3C(CCC4CCCCC43)C2)CC1
C1CCC(CCC2CCC3C(CCC3C3CCCCC3)C2)CC1
C1CCC2CCC(C3CCCC4CCCC43)CC2CC1
C(CCC1CC2CCCCC2C1)CCC1CCCC2CCCC12
C1CCC2CC(CC3CCCC4CCCC43)CCC2C1
C1CCC(CCCCCC2CCC3CCCCC23)CC1
C1CCC2C(C1)CCC1CCCCC12
C1CCC(CCCC2(CCC3CCCC3)CCC3C4CCC5CCCCC5C4CCCC32)C1
C1CCC2CC(CCCC3CCC4C3CCC3C5CCCCC5CCC43)CCC2C1
C1CCC(C2CC3CCCCC3C3CCC4CCCCC4C23)CC1
C1CCC(CCCCCC2CC3CCCCC3C2)CC1
C1CCC2CC(CCCC3CCCC4CCCCC43)CC2C1
C1CCC(C2CCC(C3CC4CCCC4C4CCCC5CCCCC5C34)CC2)C1
C1CCC2C(C1)CCCC1C3CCCC3CCC21
C1CCC(CCC2CCC3C(CCC3C3CCCC(CC4CCCC4)C3)C2)CC1
C1CCC(CCCC2CCC3CCC(CC4CCCC5CCCC54)CC3C2)CC1
C1CCC(CC2CCC(C3CC4CCCCC4C4CCC5CCCCC5C34)CC2)CC1
C1CCC(CCCC2CCC3C(CCC3C3CCCCC3)C2)CC1
C1CCC2CC3CCCCC3CCC2C1
C1CCC(CC2CCC3C(CCC3C3CCCCC3)C2)CC1
C1CCC2CC(C3CCCC4CCCC43)CCC2C1
C1CCC(CCC2CCC3C(CCC3C3CCCCC3)C2)CC1
C1CCC(C2CC3CCCC3C3CCC4CCCCC4C23)CC1
C1CCC(C2CCC3CC4C(CCC5C6CCC(CCCC7CCC8CCCCC8C7)C6CCC45)CC32)CC1
C1CCC(C2CC3CCCC3C3CCC4CCCCC4C23)CC1
C1CCC(C2CC3CCCC3C3CCC4CCCCC4C3C2)CC1
C1CCC(C2CCC3CC4C(CCC32)CCC42CCCCC2)CC1
C(CCC1CCC2C1CCC1C3CCCCC3CCC21)CC1CC2CCCCC2C1
C1CCC(CC2CCC3CC4C(CCC45CCCC5)CC23)CC1
C1CCC(C2CC3CCCC3C3CCC4CCCCC4C23)CC1
C1CCC(CCC2CCC3C(CCC4C5CCCCC5CCC34)C2)CC1
C1CCC(CCC2CCC3C(CCC3C3CCCCC3)C2)CC1
C1CCC(CCCCC2CC3CCCCC3C2)CC1
C(CCCC1CCCC2C(C3CCCCC3)CCC12)CCC1CCCCC1
C1CCC2CCC(C3CCCC4CCCC43)CC2CC1
C1CCC2CCC3CCCCC3C2CC1
C(CCCCC1CCC(C2CCCCC2)C1)CCCC1CCCCC1
C1CCC(C2CCC3C(CCCCCC4CC4)CCCC23)CC1
C1CCC(C2CCC3C(CCC4CCCCC43)C2)CC1
C1CCC(CCCCCC2CCC3CCCCC23)CC1
C1CCC(CCC2CCCC3CC4C(CC5CCCCC5)CCC4CC23)CC1
C1CCC(C2CCC(CCCCCC3CCCC4CCCCC34)C2)CC1
C1CCC(C2CCC3CCC4C(CCC45CCCCC5)CC32)CC1
C1CCC2C(C1)CCC1C3CCCC3CCC21
C1CCC2CC3CCC(C4CCCCC4)C3CC2CC1
C1CCC(CCCCC2CC3CCCCC3C2)CC1
C1CCC(CCCCC2CC3CCCCC3C2)CC1
C1CCC(CCCCCC2CC3CCCCC3C2)CC1
C1CCC(CC2CC3CCCCC3CC3CCC4CCCCC4C32)CC1
C(CCC1CCCC2CCCCC12)CC1CCCC2CCCCC12
C(CCCC1CCCC2C(C3CCCCC3)CCC12)CCC1CCCCC1
C1CCC(CCC2CCC3C(CCC3C3CCCCC3)C2)CC1
C1CCC2CC(CCCC3CCC4CC5CCC6CCCCC6C5CCC34)CC2C1
C(CCCC1CCCC2C(C3CCCCC3)CCC12)CCC1CCC(C2CCCC2)C1
C1CCC(CC2CCC3CC4C(CCC5C6CCC(CCCC7CCC8CCCCC8C7)C6CCC45)CC23)CC1
C(CCC1CCCC2CCCC12)CC1CC2CCCCC2C1
C(CCCC1CCCCC1)CCCC1CCC(CC2CCCCC2)C1
C1CCC(C2CCC3CC4C(CCCC5C6CCCC6CCC45)CC32)CC1
C1CCC(CCC2CCC3C(CCC4CCCCC43)C2)CC1
C1CCC(CCC2CCC3C(CC4CCCCC4)CCC3C2)CC1
C1CCC2C(C1)CCC1C3CCCC3CCC21
C1CCC(CCCC2CCC3CCC(C4CCCC5CCCC54)CC3C2)CC1
C1CCC2CCC3C4CCC(CCCC5CC6CCCCC6C5)C4CCC3C2CC1
C1CCC(CCC2CCC3C(CC4CCCCC4)CCC3C2)CC1
C1CCC2C(C1)CC(C1CCCC1)C1CCCCC21
C1CCC(C2CC3CCCC3C3CCC4CCCCC4C23)CC1
C1CCC(CC2CC3CCCCC3C3CCC4CCCCCC4C23)CC1
C1CCC2CCC(C3CCCC4CCCC43)CC2CC1
C1CCC(C2CCC3CCCCC3C3CCC4CCCCC4C23)CC1
C1CCC(CCCC2CC3CCCCC3C2CC2CCCCC2)CC1
C1CCC(CCCCC2CC3CCCCC3C2)CC1
C1CCC(CC2CCC3CCCCC3C3CCC4CCCCC4C23)C1
C1CCC2CC(C3CCCC3)C3CCCC3C2CC1
C1CCC(CCCCCC2CCC3CCCCC23)CC1
C1CCC(CCC2(CCCC3CC4CCCCC4C3)CCC3C4CCC5CCCCC5C4CCC32)C1
C1CCC(CCCCCC2CC3CCCCC3C2)CC1
C1CCC(CCCCC2CC3CCCCC3C2)CC1
C1CCC(CCCC2CCCC3CCC(C4CCCC5CCCC54)CC23)CC1
C(CCC1CCC2CCCCC2C1)CCC1CCCC2CCCCC12
C1CCC(CCCCCC2CCCC3C(C4CCCCC4)CCC23)CC1
C1CCC(C2CC3CCCCC3C3CCCCC23)CC1
C1CCC(CCC2CCC(CC(CC3CCCCC3)C3CCCCC3)CC2)CC1
C1CCC(CCCCCC2CCCC3C(C4CCCCC4)CCC23)CC1
C1CCC(CCC2CCC3C(CCC3C3CCCCC3)C2)CC1
C1CCC(CCCC2CCC(C3CC3)CC2)CC1
C1CCC(CCC2CCC3C(CCC3C3CCCCC3)C2)CC1
C1CCC(C2CCC3CCCC3C3CCCC4CCCCC4C23)CC1
C1CCC(CCCCCC2CC3CCCCC3C2)CC1
C1CCC(CCCCCC2CCC3CCCCC23)CC1
C1CCC(CC2CC3CCCCC3C2C2CCCCC2)CC1
C1CC2CCC3C(CCCC4CCC5CC5C43)C2C1
C1CCC(CCCCCC2CCCC3C2CCC3C2CCCC(CC3CCCC3)C2)CC1
C1CCC(C2CCC3CCC4CCCCC4C3CC2)CC1
C1CCC(CCCCCC2CCCC3CCC(C4CCCCC4)CC23)CC1
C1CCC2CCC(C3CCCC4CCCC43)CC2CC1
C1CCC(CCC2CCC3C(CCC4C5CCCC5CCC34)C2)CC1
C1CCC2CCC3C4CCCC4CC(C4CCC(C5CCCC5)CC4)C3C2CC1
C1CCC(CC2CCC3C(CCC3C3CCCCC3)C2)CC1
C1CCC(CCCCCC2CC3CCCCC3C2)CC1
C(CCCC1CCCC2C(C3CCCCC3)CCC12)CCC1CC1
C1CCC(CC2CC3CCCCC3C2C2CCCCC2)CC1
C1CCC2C(C1)CCCC1C3CCCC3CCC21
C1CCC(CCC2CCC3C(CCC4CCCCCC43)C2)CC1
C1CCC(C2CC3CCCC3C3CCC4CCCCC4C23)CC1
C1CCC(C2CCC3CC4CCCCC4CC32)CC1
C1CCC2CC(C3CCCC4CCCCC43)C3CCCC3C2CC1
C1CCC(C2CCC3CC4C(CCC45CCCCC5)CC32)CC1
C1CCC(CCCCCC2CC3CCCCC3C2)CC1
C1CCC(C2CCC3CC4C(CCC45CCCC5)CC32)CC1
C1CCC(CCC2CCC(CCC3CCCC(CC4CCCCC4)C3)CC2)CC1
C1CCC(CCC2CCC(C3CCC4C(CCC4C4CCCCC4)C3)CC2)CC1
C1CCC2CC(CC3CCCC4CCCC43)CCC2C1
C(CCCC1CCCC2C(C3CCCCC3)CCC12)CCC1CCCCC1
C1CCC2CCC(C3CCCC3)CC2CC1
C1CCC(CCC2CCCCC2)CC1
C(CCC1CCC2CCCCC2C1)CCC1CCCC2CCCCC12
C1CCC2CC(CCCC3CCC4C3CCCC3C5CCCCC5CCC34)CC2C1
C1CCC2C(C1)CCC1C3CCCCC3CCC21
C1CCC2CC(C3CCCC4CCCC43)CCC2C1
C1CCC(C2CCC3CCCC3C3CCC4CCCCCC4C23)CC1
C1CCC(CCC2CCC(C3CCC3)CC2)CC1
C1CCC(CCC2CCCCC3CC4C(CCC4C4CCCCC4)CC23)CC1
C1CCC(CC2CC3CCCCC3C3CCC4CCCCCC4C23)CC1
C1CCC(CC2CCC3C(CCC3C3CCCCC3)C2)CC1
C1CCC(CCC2CCC3C2CCC(C2CCCCC2)C2C4CCCCCC4CCC32)CC1
C1CCC(CC(CC2CCCCC2)C2CCCCC2)CC1
C(CCCCC1CCC2C(CCC3C4CCCC4CCCC23)C1)CCCC1CCCC(CC(CC2CCC(CC3CCCCC3)CC2)C2CCCCC2)C1
C1CCC(CC(CC2CCCCC2)C2CCCCC2)CC1
C(CCCC1CCCC2CCCCC12)CCC1CCC(C2CCCCC2)C1
C1CCC2CC(CC3CCCC4CCCC43)CCC2C1
C1CCC(C2CCC3CCC4CCCCC4CC32)CC1
C1CCC2C(C1)CC(C1CCCC1)C1CCCC21
C1CCC2C(C1)CCC1C2CCC2C3CCCC3CC21
C1CCC2CCC3C(CCC4C5CCCC5CC43)C2CC1
C1CCC(CCC2CCC3C(CCCC4C5CCCC5CCC34)C2)CC1
C(CCC1CCC2CCCCC2C1)CCC1(C2CCCC2)CCCC2CCCCC21
C1CCC(CCC2CCC(C3CC3)CC2)CC1
C1CCC2C(C1)CCCC2CCCC1CCC2C1CCCC1C3CCCCC3CCC12
C1CCC(C2CCC3C(CCCCCC4CC4)CCCC23)CC1
C1CCC2CC(C3CCCC4CCCC43)CCC2C1
C1CCC(CCC2CCC3C(CCC3C3CCCCC3)C2)CC1
C1CCC(CC2CC3CCCCC3CC3CCC4CCCCC4C32)C1
C1CCC(CC2CCC3C(CCC3C3CCCCC3)C2)CC1
C1CCC(CCC2CCC(C3CCCC4C(CC5CCCCC5)CCC34)C2)CC1
C1CCC(C2CCC3CC4C(CCC45CCCCCC5)CC32)CC1
C1CCC(C2CCC3CC4(CCCCCC4C4CCCCC4)CCC32)CC1
C1CCC2CC(C1)CCC1C3CCCC3CCC21
C1CCC(CCCC2CC3CCCCC3C2C2CCCCC2)CC1
C1CCC2CCC(C3CCCC4CCCC43)CC2CC1
C1CCC2CCC3C4CCCC4CCC3C2CC1
C1CCC(C2CC3CCCC3C3CCC4CCCCC4C23)CC1
C1CCC(CCC2CCC3C(CC4CCCCC4)CCC3C2)CC1
C1CCC2CCC(C3CCCC4CCCC43)CC2CC1
C1CCC2CC(CCCC3CCC4C3CCC3C5CCCCC5CCCC43)CC2C1
C1CCC(CCCCC2CC3CCCCC3C2)CC1
C1CCC(C2CCC3CC4C(CCCC5C6CCC(CCCC7CCC8CCCCC8C7)C6CCC45)CC32)CC1
C(CCCC1CCCC2C1CCC2C1CCC(CC2CC2)CC1)CCC1CCCCC1
C1CCC(C2CC3CCCC3C3CCC4CCCCC4C23)CC1
C1CCC(CC2CC3CCCCC3CC3CCC4CCCCC4C32)C1
C1CCC2CC(CCCC3CCC4C3CCC3C5CCCCC5CCCC43)CC2C1
C1CCC2C(C1)CC(C1CCCC3CCCC31)C1CCCC21
C1CCC(CC2CCC3C(CCC3C3CCCCC3)C2)CC1
C1CCC2CC(CCCC3CCC4C3CCC3C5CCCCC5CCC43)CC2C1
C(CCC1CCC2CCCCC2C1)CCC1CCCC2CCCCC12
C1CCC(CCCCCC2CC3CCCCC3C2)CC1
C1CCC2CC(CC3CCCC4CCCCC43)C3C(CCC4CCCCC43)CC2C1
C1CCC(CC2CCC(CC(CC3CCCCC3)C3CCCCC3)CC2)CC1
C1CCC2CC(CCCC3CCC4C3CCC3C5CCCCC5CCCC43)CC2C1
C1CCC2C(C1)CCCC2CCCC1CCCC2CCCCC21
C1CCC(CCCC2CCCC(C3CCC4CC(CCC5CCC6CCCCCC6C5)CCC43)C2)CC1
C1CCC2C(C1)CCC1C3CCCC3CCC21
C1CCC(CC2CCC3CC4C(CCC5C6CCC(CCCC7CC8CCCCC8C7)C6CCC45)CC23)CC1
C1CCC(CC2CCC3C(CCC3C3CCCCC3)C2)CC1
C1CCC2CCC(C3CCCC4CCCC43)CC2CC1
C1CCC(CCC2CCCC3CCC4C(CCC4C4CCCCC4)CC23)CC1
C1CCC2C(C1)CCC1C3CCCC3CCCC21
C1CCC(CCCC2CCCCC3CCC(C4CCCC5CCCC54)CC23)CC1
C1CCC(CCC2CC3CCCCC3C3CCC4CCCCC4C23)CC1
C1CCC(C2CCC3CC4C(CCC32)CCC42CCCCC2)CC1
C1CCC2CC(C3CCCC4CCCC43)CCC2C1
C1CCC2C(C1)CCC1C3CCCCC3CCC21
C1CCC2CC3CCC4CCCC4C3CCC2C1
C1CCC(C2CC3CCCCC3C3CCCCC23)CC1
C1CCC2CC(C3CCCC4CCCC43)CCC2C1
C1CCC(CCCCCC2CCCC3C(C4CCCCC4)CCC23)CC1
C1CCC(C2CCC3CC4CCCCC4CCC32)CC1
C1CCC(CCCCC2CC3CCCCC3C2)CC1
C1CCC2CC(C3CCCC4CCCC43)CCC2C1
C1CCC(CC2CC3CCCCC3C3CCC4CCCCC4C23)CC1
C1CCC2C(C1)CCC1C3CCCC3CCC21
C(CCCC1CCCC2C(C3CCCCC3)CCC12)CCC1CCCCC1
C1CCC(CCCC2CCC(C3CCC4C(CCC4C4CCCCC4)C3)CC2)CC1
C1CCC2CC(C3CCCC4CCCC43)CCC2C1
C1CCC(CCC2CCC3C(CCC3C3CCCCC3)C2)CC1
C1CC2CCC3C(CCC4CCCCC43)CC2C1
C1CCC(CCCCC2CCC3CCCCC23)CC1
C1CCC2CC(CCCC3CCC4C3CCC3C5CCCCC5CCCC43)CC2C1
C1CCC(CCC2CCC(CCC3CCCC(CC4CCCC4)CC3)CC2)CC1
C1CCC(C2CCCC3CCCC3C3CCC4CCCCC4C23)CC1
C(CCC1CCCCC2CCCCC12)CC1CCC2CCCCC2C1
C1CCC(C2CCC(CCCCCC3CCCC4CCCCC34)C2)CC1
C(CCCC1CCCC2CCCC12)CCC1CCCCC1
C1CCC(C2CCC3CCC4C(CCC45CCCCC5)CC32)CC1
C1CCC2C(C1)CCCC1C2CCC2C3CCCC3CC21
C1CCC(CCCCC2CCC3CCCCC23)CC1
C(CCC1CCCCC2CCCCC12)CC1CCC2CCCCC2C1
C1CCC(C2CC3CCCC3C3CCC4CCCCC4C23)CC1
C1CCC(CCC2CCC3C(CCC3C3CCCC(CC4CCCC4)C3)C2)CC1
C1CCC(C2CC3CCCCC3CC3CCCCC32)CC1
C1CCC(CCCCC2CCC3CCCCC23)CC1
C1CCC(C2CC3CCCC3C3CCC4CCCCC4C23)CC1
C1CCC(CC2CCCCCCC23CCC2C(CCC2C2CCCCC2)C3)CC1
C1CCC(CCCCC2CC3CCCCC3C2)CC1
C1CCC(CCC2CCC(CCC3CCCC(CC4CCCC4)C3)CC2)CC1
C1CCC(CCCCC2CC3CCCCC3C2)CC1
C1CCC(CCCCC2CCC3CCCCC23)CC1
C(CCC1CCCC2CCCC12)CC1CC2CCCCC2C1
C1CCC(CCCCCC2CCC3CCCCC23)CC1
C1CCC(CCC2CCC3C2CCCC(C2CCCCC2)C2C4CCCCC4CCC32)CC1
C1CCC(CCCCCC2CCC3CCCCC23)CC1
C1CCC(CCCC(CC2CC3CCCCC3C2)C2CC2)CC1
C1CCC(CC2CCCCC2CC2CC3CCCCC3C3CCC4CCCCCC4C23)CC1
C1CCC(C2CC3CCCCC3C3CCC4CCCCC4C23)CC1
C1CCC(C2CC3CCCCC3C3CCCCC23)CC1
C1CCC(CCCC2CCCC(C3CCC4CC(CCC5CCC6CCCCC6C5)CCC43)C2)CC1
C1CCCC(C2CCC3CC4C(CCC5C6CCCC6CCC45)CC32)CC1
C(CCC1CCC2CCCCC2C1)CCC1CCCC2CCCCC12
C1CCC(CCC2CCC3C(CC4CCCCC4)CCC3C2)CC1
C(CCC1CCCC2CCCC12)CC1CC2CCCCC2C1
C1CCC2CCC(C3CCCC4CCCC43)CC2CC1
C1CCC(CCC2(CCCC3CCC4CCCCC4C3)CCC3C4CCCC5CCCCC5C4CCC32)C1
C1CCC(CCC2CCC(CCC3CCCC(CC4CCCC4)C3)CC2)CC1
C1CCC2CC(C3CCCC3)CCC2C1
C(CCCC1CCCC2C(C3CCCCC3)CCC12)CCC1CCCCC1
C1CCC(CC2CC3CCCCC3C3CCC4CCCCC4C23)CC1
C1CCC(CCCCC2CCC3CCC(C4CCCC5CCCC54)CC3C2)CC1
C1CCC(C2CC3CCCC3C3CCC4CCCCC4CC23)CC1
C1CCC(CC2CCC3C(CCC3C3CCCCC3)C2)CC1
C1CCC(CCC2CCC3C(CC4CCCCC4)CCC3C2)CC1
C1CCC2C(C1)CCCC2CCCC1CCC2C1CCC1C3CCCCC3CCC21
C1CCC2CCC(C3CCC4CCCCC43)CC2CC1
C(CCC1CCCC2CCCCC12)CC1CC2CCCCC2C1
C1CCC(CC2CC3CCCCC3C3CCC4CCCCCC4C23)CC1
C(CCCC1CCCC2C(C3CCCCC3)CCC12)CCC1CCCCC1
C1CCC(CCCC2CCC3CCCC3C2)CC1
C(CCC1CCC2C1CCC1C3CCCCC3CCC21)CC1CC2CCCCC2C1
C1CCC(CCCCCC2CCCC3C(C4CCCCC4)CCC23)CC1
C1CCC(CCCC2CCCC(C3CCC4CC(CCC5CCC6CCCCC6C5)CCC43)C2)CC1
C(CCCCC1CCC(C2CCCCC2)C1)CCCC1CCCCC1
C1CCC2C(C1)CCC1C3CCCCC3CCC21
C1CCC(CCCCCC2CC3CCCCC3C2)CC1
C1CCC(C2CCC3CC4C(CC5CC6CCCCC6C5)CCCCC4CC32)CC1
C1CCC(C2CC3CCCC3C3CCC4CCCCC4C23)CC1
C(CCC1CCC2C1CCC1C3CCCCC3CCC21)CC1CC2CCCCC2C1
C1CCC(C2CC3C(CCC34CCCC4)CC3CCC4CCCCC4C32)CC1
C1CCC(CCC2CCC3C(CCC3C3CCCCC3)C2)CC1
C1CCC(C2CCC3CC4CCCCC4CC32)CC1
C1CCC(CCCCCC2CCCC3C(C4CCCCC4)CCC23)CC1
C1CCC(CCC(CC2CCC3C(CCC3C3CCCCC3)C2)C2CCCCC2)CC1
C(CCCC1CCCC2C(C3CCCCC3)CCC12)CCC1CCCCC1
C1CCC(C2CCC(CCCCCC3(C4CCCCC4)CCCC4CCCCC43)C2)CC1
C1CCC(CCC2CCC(CCC3CCCCC(CC4CCCC4)C3)CC2)CC1
C1CCC(C2CCC3CC4C(CCCC45CCCCC5)CC32)CC1
C1CCC(C2CC3CCCC3C3CCC4CCCCC4C23)CC1
C1CCC(CCCCCC2CCC3CCCCC23)CC1
C(CCC1CCCC2CCCCC12)CC1CC2CCCCC2C1
C1CCC(CCCCCC2CC3CCCCC3C2)CC1
C1CCC2CC(C3CCCC4CCCC43)CCC2C1
C1CCC(CCC(CCC2CCC3CCCC3C2)CC2CCCCC2)CC1
C1CCC2C(C1)CCC1C3CCCC3CCC21
C1CCC(CC2CC3CCCCC3C3CCC4CCCCCC4C23)CC1
C1CCC(CCC2CCC3C(CC4CCCCC4)CCC3C2)CC1
C1CCC(CCC(CCC2CCC3CCCCC3C2)CC2CCCCC2)CC1
C1CCC(C2CC3CCCC3C3CCC4CCCCC4CC23)CC1
C1CCC2CC(C3CCCC3)CCC2C1
C1CCC(CCCC2CCC3C2CCC2CC4CCCCC4CCC23)C1
C1CCC(CC2CCC(CC(CC3CCCCC3)C3CCCCC3)CC2)CC1
C1CCC(CC2CCCCC2CC2CC3CCCCC3C3CCC4CCCCCC4C23)CC1
C(CCC1CCCC2CCCCC12)CC1CCCC2CCCCC12
C1CCC(CCCCC2CCC3CCCCC23)CC1
C1CCC2CCC3C4CCC(CCCC5CC6CCCCC6C5)C4CCC3C2CC1
C(CCCC1(C2CCCC2)CCCC2CCCCC21)CCC1CCC(C2CCCCC2)C1
C1CCC(CCCCC2CC3CCCCC3C2)CC1
C1CCC(CCCC(CCC2CCC3CCCC3C2)CC2CCCCC2)CC1
C1CCC2CCC(C3CCCC4CCCC43)CC2CC1
C1CCC2CC(CCCC3CCC4C3CCC3C5CCCCC5CCC43)CC2C1
C1CCC2C(C1)CCC1C3CCCC3CCC21
C1CCC(CC2CCC3CC4C(CC5CC6CCCCC6C5)CCCC4CC23)CC1
C1CCC(CC2CCCCC2CC2CCC3CCCCC3C3CCC4CCCCC4C23)CC1
C1CCC2C(C1)CCC1C3CCCC3CCCC21
C1CCC(CCCCCC2CC3CCCCC3C2)CC1
C1CCC2C(C1)CCC1CCCCC12
C1CCC2C(C1)CC(C1CCCC3CCCC31)C1CCCC21
C(CCC1CCC2C1CCC1C3CCCCC3CCC21)CC1CC2CCCCC2C1
C1CCC2CCC3CCCCC3C2CC1
C1CC2CC3CCC4C5CCCCC5CCC4C3CC2C1
C1CCC(CCC2CCC3C(CC4CCCCC4)CCC3C2)CC1
C1CCC(CC2CC3CCCCC3C3CCC4CCCCC4C23)C1
C1CCC(C2CC3CCCC3C3CCC4CCCCC4C23)CC1
C1CCC2CC(CC3CCCC4CCCC43)CCC2C1
C1CCC2CCC3C4CCCC4CC(C4CCC(C5CCCC5)CC4)C3C2CC1
C1CCC(CCC2CCC3C(CCC3C3CCCCC3)C2)CC1
C1CCC(C2CCC3CC4CCCCC4CC32)CC1
C1CCC(C2CC3CCCC3C3CCC4CCCCC4C23)CC1
C1CCC(CC2CC3CCCCC3C3CCC4CCCCCC4C23)CC1
C1CCC(CCCCCC2CCC3CCCCC23)CC1
C1CCC2CCC(C3CCCC4CCCC43)CC2CC1
C1CCC(CCCCC2CC3CCCCC3C2)CC1
C1CCC2CCC(C3CCCC4CCCC43)CC2CC1
C1CCC(C2CCC3C(CCC34CCCC4)C3CCC4CCCCC4C23)CC1
C1CCC(C2CC3CCCC3C3CCC4CCCCC4C23)CC1
C1CCC(CCC2CCC(CC(CC3CCCCC3)C3CCCCC3)CC2)CC1
C1CCC2CC3CCC(C4CCCCC4)C3CC2CC1
C1CCC(CCC2(CCCC3CC4CCCCC4C3)CCCC3C4CCC5CCCCC5C4CCC32)C1
C1CCC(C2CCCCC2CC2CC3CCCCC3C3CCC4CCCCCC4C23)CC1
C1CCC(CCCCC2CC3CCCCC3C2)CC1
C1CCC(CCCCC2CC3CCCCC3C2)CC1
C1CCC2CCC3C4CCCCC4CC(CC4CCCC4)C3C2CC1
C(CCC1CCCC2CCCC12)CC1CC2CCCCC2C1
C(CCC1CCCC2CCCC12)CC1CC2CCCCC2C1
C1CCC2C(C1)CCC1C3CCCC3CCC21
C1CCC(CCC2CCC3C(CCC3C3CCCC(CC4CCCCC4)C3)C2)CC1
C(CCC1CCCC2CCCC12)CC1CC2CCCCC2C1
C1CCC(CCC2CCC3C(CCC4C5CCCC5CC(CCC5CCCCC5)C34)C2)CC1
C1CCC(C2CC3CCCC3C3CCC4CCCCC4C23)CC1
C1CCC2C(C1)CCC1C3CCCC3CCC21
C1CCC(CC2CCCC(CC3CC4CCCCC4C4CCC5CCCCCC5C34)C2)CC1
C(CCCC1CCCCC1)CCCC1CCC(C2CCCCC2)C1
C1CCC(CCC2CCC3C(CCC3C3CCCCC3)C2)CC1
C1CCC2CC(C3CCCC4CCCC43)CCC2C1
C1CCC2CCC(C3CCCC4CCCC43)CC2CC1
C1CCC(CCCCCC2CC3CCCCC3C2)CC1
C1CCC(C2CC3CCCC3C3CCC4CCCCCC4C23)CC1
C1CCC(CCCCC2CC3CCCCC3C2)CC1
C(CCC1CCC2C(CCC3C4CCCC4CCC23)C1)CC1CCC(C2CCC(C3CC4CCCC4C4CCCC5CCCCC5C34)CC2)CC1
C1CCC2CC(C3CCCC4CCCC43)CCC2C1
C1CCC(CC2CCC3C(CCCCCC4CCC(C5CCCC5)C4)CCCC23)CC1
C1CCC(CC2CCCCC2CC2CCC3CCCCC3C3CCC4CCCCC4C23)CC1
C1CCC2C(C1)CCC1C3CCCC3CCC21
C1CCC(CCCCC2CCC3CCC(C4CCCC5CCCC54)CC3C2)CC1
C1CCC2CC(C3CCCC3)C3CCCCC3CC2C1
C1CCC(CCC2CCC3C(CCC3C3CCCCC3)C2)CC1
C1CCC(C2CCC3CC4C(CCC45CCCC5)CC32)CC1
C1CCC(CCC2CCC3C(CCC3C3CCCC(CCC4CCCC4)C3)C2)CC1
C1CCC2CC(C3CCCC4CCCC43)CCC2C1
C1CC2CCC3C(CCC4CCC5CC5C43)C2C1
C1CCC(CCCC2CCCC3CCC(C4CCCC5CCCC54)CC3C2)CC1
C1CCC2C(C1)CCC1C3CCCC3CCC21
C1CCC(CCCCCC2CCC3CCCCC23)CC1
C1CCC2CCC3C4CCCCC4CC(CC4CCCC4)C3C2CC1
C1CCC(CCCCCC2CC3CCCCC3C2)CC1
C1CCC(CCCC2CCC3CCC(C4CCCC5CCCC54)CC3C2)CC1
C1CCC2C(C1)CCC1C3CCCC3CCC21
C1CCC2CC(C3CCCC4CCCC43)CCC2C1
C1CCC2C(C1)CCCC2CCCC1CCC2C1CCC1C3CCCCC3CCCC21
C1CCC(C2CC3CCCC3C3CCC4CCCCC4C23)CC1
C1CCC(C2CCC(CC3CC4CCCCC4C4CCC5CCCCC5C34)CC2)CC1
C1CCC(CCCCCC2CC3CCCCC3C2)CC1
C1CCC(C2CCC3CC4(CCCCC4C4CCCCC4)CCCC32)CC1
C1CCC(CCC(CC2CC3CCCCC3C2)C2CCCCC2)CC1
C1CCC2CCC3C4CCCC4CCC3C2CC1
C1CCC(CCC(CCC2CCC3CCCC3C2)CC2CCCCC2)CC1
C1CCC2CC3CCC(C4CCCCC4)C3CC2CC1
C1CCC2C(C1)CCC1C3CCCC3CCCC21
C1CCC2C(C1)CCC1C3CCCCC3CCC21
C1CCC(CCCC2CCC3CCC(C4CCCC5CCCC54)CC3C2)CC1
C1CCC(C2CCC3CC4C(CCCC45CCCCC5)CC32)CC1
C1CCC(CCC(CCC2CCC3CCCC3C2)CC2CCCCC2)CC1
C1CCC2C(C1)CCC1C2CCC2C3CCCC3CC21
C1CCC(C2CCC3CC4C(CCCC45CCCCC5)CC32)CC1
C(CCC1CCC2CCCCC2C1)CCC1CCCC2CCCCC12
C1CCC(CC2CCCC(CC3CCC4CC(CCC5CCC6CCCCC6C5)CCC43)C2)C1
C(CCC1CCC2C1CCC1C3CCCCC3CCC21)CC1CC2CCCCC2C1
C1CCC2C(C1)CCCC1C3CCCC3CCC21
C1CCC(C2CC3CCCC3C3CCCC4CCCCC4C23)CC1
C1CCC2C(C1)CCC1C3CCCC3CCC21
C1CCC2CCC3C4CCCC4CCC3C2CC1
C(CCC1CCCC2CCCCC12)CC1CCC2CCCCC2C1
C1CCC2CCC3C4CCCCC4CC(CC4CCCC4)C3C2CC1
C1CCC2CC(C3CCCC4CCCCC43)C3CCCC3C2CC1
C1CCC(CCC(CCC2CCCCC2)CCC2CCC3CCCC3C2)CC1
C(CCC1CCC2C1CCC1C3CCCCC3CCC21)CC1CC2CCCCC2C1
C1CCC2CC(C3CCCC4CCCC43)CCC2C1
C1CCC(CC2CC3CCCCC3C3CCC4CCCCC4C23)CC1
C(CCCC1CCCC2C(C3CCCCC3)CCC12)CCC1CCCCC1
C1CCCC(C2CCC3CC4C(CCC5C6CCC(CCCC7CC8CCCCC8C7)C6CCC45)CC32)CC1
C1CCC(CCC2CCC3C(CCC3C3CCCCC3)C2)CC1
C1CCC(C2CCC3CC4C(CCCC45CCCC5)CC32)CC1
C1CCC(CCCCCC2CC3CCCCC3C2)CC1
C(CCCC1CCCC2C1CCC2C1CCCC(CC2CCCC2)C1)CCC1CCCCC1
C1CCC(CCC2CCC3C(CCC3C3CCCCC3)C2)CC1
C1CCC2CC(CC3CCCC4CCCC43)CCC2C1
C1CCC2CCC(C3CCCC4CCCC43)CC2CC1
C(CCC1CC2CCCCC2C1)CCC1CCCC2CCCC12
C1CCC(CCCCCC2CC3CCCCC3C2)CC1
C1CCC(CCCCCC2CC3CCCCC3C2)CC1
C1CCC2C(C1)CCC1C3CCCC3CCC21
C1CCC(C2CC3CCCCC3C3CCC4CCCCC4C23)CC1
C1CCC(C2CCC3CC4C(CCCC4CC4CC5CCCCC5C4)CCC32)CC1
C1CCC2CC(C3CCCC4CCCC43)CCC2C1
C1CCC(C2CCC3CCC4CCCCC4CC32)CC1
C(CCCC1CCCC2C(C3CCCCC3)CCC12)CCC1CCCCC1
C1CCC(CCC(CCC2CCC3CCCC3C2)CC2CCCCC2)CC1
C(CCC1CCC2C1CCC1C3CCCCC3CCC21)CC1CC2CCCCC2C1
C1CCC(CC2CC3CCCCC3C3CCC4CCCCC4C23)CC1
C1CCC(CCC2CCC3C(CC4CCCCC4)CCC3C2)CC1
C1CCC2C(C1)CCC1C3CCCC3CCCC21
C1CCC(CC2CC3CCCCC3C3CCC4CCCCC4C23)CC1
C1CCC(C2CC3CCCC3C3CCC4CCCCC4C3C2)CC1
C(CCCC1CCC2CCCC2C1)CCCC1CCC(C2CCCCC2)C1
C1CCC2CC(C3CCCC3)C3CCCC3C2CC1
C1CCC(CCCCCC2CC3CCCCC3C2)CC1
C1CCC(CCC2CCC3C(CC4CCCCC4)CCC3C2)CC1
C1CCCC(CCCC2CCC3CCC(C4CCCC5CCCC54)CC3C2)CC1
C1CCC(CC2CCC3C(CCC3C3CCCCC3)C2)CC1
C1CCC2C(C1)CCC1C3CCCC3CCC21
C1CCC(CCC(CCC2CCCCC2)CCC2CCC3CCCC3C2)CC1
C1CCC(CCCCCC2CCC3C(CCC3C3CCCCC3)C2)CC1
C1CCC(CCCCCC2CC3CCCCC3C2)CC1
C1CCC(CCC2CCCCC2)CC1
C1CCC(CCCCC2CCC3CCCCC23)CC1
C1CCC2CCC3C4CCC(CCCC5CC6CCCCC6C5)C4CCC3C2CC1
C1CCC(C2CC3CCCCC3C3CCCCC23)CC1
C1CCC(CCC(CCC2CCCCC2)CCC2CCC3CCCC3C2)CC1
C1CCC(CCC2CCC3C(CCC4C5CCCCC5CCC34)C2)CC1
C1CCC(CCC2CCCC3CCC4C(CCC4C4CCCCC4)CC23)CC1
C1CCC(CCCC2CCC3C(CCC4C5CCCC5CC(CCC5CCCCC5)C34)C2)CC1
C1CCC(CCCCCC2CCC3CCCC3C2)CC1
C1CCC(CCCCCC2CC3CCCCC3C2)CC1
C1CCC2CC(CCCC3CCC4C3CCCC3C5CCCCC5CCC34)CC2C1
C1CCC2C(C1)CCCC1C3CCCC3CCC21
C1CCC(CCCCC2CC3CCCCC3C2)CC1
C1CCC(CC2CC3CCCCC3C3CCC4CCCCCC4C23)CC1
C1CCC2CCC(C3CCCC4CCCC43)CC2CC1
C1CCC(C2CC3CCCC3C3CCCC4CCCCC4C23)CC1
C(CCC1CCCC2CCCCC12)CC1CC2CCCCC2C1
C1CCC(C2CCC3CC4C(CCC5C6CCC(CCCC7CCC8CCCCC8C7)C6CCCC45)CC32)CC1
C1CCC(CC2CC3CCCCC3C3CCC4CCCCC4C3C2)CC1
C1CCC(CC2CC3CCCCC3C3CCC4CCCCC4C23)CC1
C1CCC2CC(C3CCCC4CCCC43)CCC2C1
C1CCC(CCC2CCCCC2)CC1
C1CCC2CC(CCCC3CCCC4CCCCC43)CC2C1
C1CCC(CCCC(CCC2CCC3CCCC3C2)CC2CCCCC2)CC1
C1CCC(CCC2CCC3C(CC4CCCCC4)CCC3C2)CC1
C1CCC(CCCCCC2CCCC3C(C4CCCCC4)CCC23)CC1
C(CCC1CCC2C1CCC1C3CCCCC3CCC21)CC1CC2CCCCC2C1
C1CCC(CCC(CC2CC3CCCCC3C2)C2CC2)CC1
C1CCC(CCC2CCC3C(CCC4C5CCCC5CCC34)C2)CC1
C1CCC(CCCCCC2CC3CCCCC3C2)CC1
C1CCC2CCC(C3CCCC4CCCC43)CC2CC1
C1CCC2CC(C3CCCC4CCCC43)C3CCCC3C2CC1
C1CCC(CCC2CCC(CCC3CCCC(CC4CCCC4)C3)CC2)CC1
C1CCC(CC2CCC3C(CCC3C3CCCCC3)C2)CC1
C1CCC2C(C1)CCC1C3CCCCC3CCC21
C1CCC(CCCCC2CC3CCCCC3C2)CC1
C1CCC(CCCC2CCC3C2CCCC2C4CCCCC4CCC23)C1
C1CCC(CCCCCC2CC3CCCCC3C2)CC1
C(CCCC1CCCCC1)CCCC1CCC(C2CCCCC2)C1
C1CCC(CCCCC2CCC3CCCCC23)CC1
C1CCC(CCCCC2CC3CCCCC3C2)CC1
C1CCC(CCC2CCCC3CC4C(CCC23)CCC4C2CCCCC2)CC1
C1CCC2CC(CCCC3CCC4C3CCC3C5CCCCC5CCCC43)CC2C1
C1CCC2C(C1)CCC1C3CCCC3CCC21
C1CCC(CC2CCC3CC4C(CCC45CCCCC5)CC23)CC1
C1CCC2CCC3C4CCCC4CCC3C2CC1
C1CCC2CCC(C3CCCC4CCCC43)CC2CC1
C1CCC(CCCCCC2CC3CCCCC3C2)CC1
C1CCC(C2CC3CCCC3C3CCC4CCCCC4C23)CC1
C1CCC2CC(CC3CCCC4CCCC43)CCC2C1
C1CCC(CCCCC2CC3CCCCC3C2)CC1
C1CCC(CCC2CCC3C(CCC3C3CCCCC3)C2)CC1
C1CCC2C(C1)CC(C1CCCC1)C1CCCCC21
C1CCC(CCCCC2CC3CCCCC3C2)CC1
C1CCC(CCCCC2CC3CCCCC3C2)CC1
C(CCCCC1CCC(C2CCCCC2)C1)CCCC1CCCCC1
C1CCC2C(C1)CCC1C3CCCC3CCC21
C1CCC(CCCCCC2CCC3CCCC3C2)CC1
C1CCC(CCCCC2CC3CCCCC3C2)CC1
C1CCC(C2CCC3CC4CCCCC4CC32)CC1
C1CCC2C(C1)CCC1C3CCCCC3CCC21
C1CCC(CC2CC3CCCCC3C3CCC4CCCCC4C3C2)CC1
C1CCC(C2CCCC3CCCC3C3CCC4CCCCC4C23)CC1
C1CCC(CCC2CCCC3CC4C(CCC4C4CCCCC4)CC23)CC1
C1CCC2CCC(C3CCCC4CCCC43)CC2CC1
C(CCC1CCC2C1CCC1C3CCCCC3CCC21)CC1CC2CCCCC2C1
C1CCC2C(C1)CCCC1CCCCC12
C1CCC(CCC2CCC(CCC3CCCC(CC4CCCC4)C3)CC2)CC1
C1CCC(CCCCC2CC3CCCCC3C2)CC1
C1CCC(CCC2CCC(C3CCC4C(CCC4C4CCCCC4)C3)CC2)CC1
C1CCC(CCC2CCC3C(CCC4C5CCCC5CCC34)C2)CC1
C1CCC(CCCCCC2CC3CCCCC3C2)CC1
C1CCC2C(C1)CCC1C3CCCC3CCC21
C(CCC1(CC2CCCC2)CCCC2CCCCC21)CC1CCC2CCCCC2C1
C1CCC(CCCCCC2CCC3CCCCC23)CC1
C1CCC(CCC2(CCCC3CCC4CCCCC4C3)CCC3C4CCCC5CCCCC5C4CCC32)C1
C1CCC(CCC2CCC(CCC3CCCC(CCC4CCCC4)C3)CC2)CC1
C1CCC(C2CC3CCCC3CC3CCC4CCCCC4C32)CC1
C(CCC1CCC2C(CCC3C4CCCC4CCC23)C1)CC1CCC(C2CC3CCCC3C3CCC4CCCCC4C23)CC1
C(CCCC1CCCC2C(C3CCCCC3)CCC12)CCC1CCCCC1
C1CCC(CC2CCC3C(CCC3C3CCCCC3)C2)CC1
C1CCC(C2CC3CCCCC3C3CCCCC3C2)C1
C1CCC(CCCC2CCC3C2CCC2C4CC5CCC(C6CCCCC6)C5CC4CCCC32)CC1
C1CCC2CC(C3CCCC4CCCC43)CCC2C1
C1CCC(CCCC2CC3CCCCC3C2C2CCCCC2)CC1
C1CCC(C2CCC(CCCCCC3CCCC4C(C5CCCCC5)CCC34)C2)CC1
C1CCC(C2CCC3(CCC4CCC5C(CCC5C5CCCCC5)CC43)C2)CC1
C1CCC(C2CCC(CCCCCC3CCCC4CCCCC34)C2)CC1
C1CCC2CC(C3CCCC4CCCC43)CCC2C1
C1CCC(CCCCC2CC3CCCCC3C2)CC1
C1CCC2CCC3C(CCC4C3CCC4(CCCC3CCC4CCCCC4C3)CCC3CCCC3)C2CC1
C(CCCC1CCCCC1)CCCC1CCC(C2CCCCC2)C1
C1CCC(C2CCC3CC4C(CCC5C6CCC(CCCC7CCC8CCCCC8C7)C6CCC45)CC32)CC1
C1CCC(CCCCC2CC3CCCCC3C2)CC1
C1CCC(CC2CCC3C(CCC3C3CCCCC3)C2)CC1
C1CCC(C2CC3CCCC3C3CCC4CCCCC4C23)CC1
C1CCC(C2CCC3C(CCCC4CCCCC43)C2)CC1
C1CCC2CC(CCCC3CCCC4C3CCC3C5CCCCC5CCC43)CC2C1
C1CCC(CC2CCC(C3CC4CCCC4C4CCC5CCCCC5C34)CC2)C1
C1CCC(CCC(CCC2CCC3CCCC3C2)CC2CCCCC2)CC1
C1CCC(C2CC3CCCC3C3CCC4CCCCC4CC23)CC1
C(CCCCC1CCC(C2CCCCC2)C1)CCCC1CCCCC1
C1CCC2C(C1)CCC1C2CCC2C3CCCC3CC21
C1CCC(CCCCC2CCC3CCCCC23)CC1
C1CCC(CCC2CCC3C(CCC3C3CCCCC3)C2)CC1
C1CCC(CC2CCCC(CC3CC4CCCCC4C4CCC5CCCCCC5C34)C2)CC1
C1CCC2CC(C3CCCC4CCCC43)CCC2C1
C(CCCC1CCCCC1)CCCC1CCC(C2CCCCC2)C1
C(CCC1CC2CCCCC2C1)CCC1CCCC2CCCC12
C1CC2CCC3C(CCC4CCC5CC5C43)C2C1
C1CCC(CC2CC3CCCCC3C2C2CCCCC2)CC1
C1CCC2CCC3C4CCCCC4CC(CC4CCCC4)C3C2CC1
C1CCC(CCCCCC2CC3CCCCC3C2)CC1
C1CCC(CCC2(CCCCC3CC4CCCCC4C3)CCC3C4CCC5CCCCC5C4CCC32)C1
C1CCC(CCCCC2CCC3CCCCC23)CC1
C1CCC(CCC2CCC(CCC3CCCCC3)CC2)CC1
C1CCC(CCCCCC2CCCC3C(CC4CCCCC4)CCC23)CC1
C1CCC(CCC2CCC(CCC3CCCCC(CC4CCCC4)C3)CC2)CC1
C1CCC2C(C1)CCC1C3CCCC3CCC21
C1CCC(CCCCC2CC3CCCCC3C2)CC1
C(CCC1CCCC2CCCC12)CC1CC2CCCCC2C1
C(CCC1CCC2CCCCC2C1)CCC1CCCC2CCCCC12
C1CCC(CCCCCC2CCCC3CCCC23)CC1
C1CCC(CCCCCC2CC3CCCCC3C2)CC1
C1CCC(C2CCC3CC4C(CCC5C6CCCC(CCCC7CC8CCCCC8C7)C6CCC45)CC32)CC1
C1CCC(CCCCC2CCC3CCC(C4CCCC5CCCC54)CC3C2)CC1
C1CCC2CC(C3CCCC4CCCC43)CCC2C1
C1CCC(CCCC2CCC3CCC(C4CCCC5CCCC54)CC3C2)CC1
C1CCC(CC2CC3CCCCC3C3CCC4CCCCC4C23)C1
C1CCC(CC2CCC(CC(CC3CCCCC3)C3CCCCC3)CC2)CC1
C1CCC2C(C1)CCC1C3CCCC3CCCC21
C1CCC2CC(C3CCCC4CCCC43)CCC2C1
C1CCC(CCCC2CCC3C(CCC3C3CCCCC3)C2)CC1
C1CCC(CCC2CCC(C3CC3)CC2)CC1
C1CCC(CCCC(CCC2CCC3CCCC3C2)CC2CCCCC2)CC1
C1CCC(CCCCCC2CC3CCCCC3C2)CC1
C1CCC2CCC(C3CCCC4CCCC43)CC2CC1
C1CCC(CCC2CCC3C(CC4CCCCC4)CCC3C2)CC1
C1CCC(CCCC(CCC2CCC3CCCC3C2)CC2CCCCC2)CC1
C1CCC(C2CC3CCCC3C3CCC4CCCCC4C23)CC1
C1CCC(CCCCCC2CCC3CCCCC23)CC1
C1CCC(C2CC3CCCC3C3CCC4CCCCCC4C23)CC1
C1CCC(CCC2CCCC3CCC4C(CCC4C4CCCCC4)CC23)CC1
C1CCC2C(C1)CCC1CC3CC4CCCC4C3CCC12
C1CCC2CC(CC3CCCC4CCCC43)CCC2C1
C1CCC(C2CCC3CC4C(CCCC45CCCC5)CC32)CC1
C1CCC(CCC2CCC(C3CCC4C(CC5CCCCC5)CCC4C3)CC2)CC1
C1CCC(CCCCC2CCC3CCCCC23)CC1
C(CCC1CCC2CCCCC2C1)CCC1CCCC2CCCCC12
C1CCC(C2CCC3(CCC4CC5C(CCC5C5CCCCC5)CC43)C2)CC1
C1CCC2CC(CCCC3CCCC4C3CCC3C5CCCCC5CCC43)CC2C1
C1CCC(C2CCC3CC4C(CCC45CCCCC5)CC32)CC1
C1CCC2C(C1)CCC1C3CCCC3CCC21
C1CCC(CCCCCC2CC3CCCCC3C2)CC1
C(CCC1CCC2C1CCC1C3CCCCC3CCC21)CC1CC2CCCCC2C1
C1CCC(CCCCC2CC3CCCCC3C2C2CCCCC2)CC1
C1CCC2C(C1)CCC1C3CCCC3CCC21
C(CCC1CCC2C1CCC1C3CCCCC3CCC21)CC1CC2CCCCC2C1
C1CCC(CCCC2CCCC3CCC(C4CCCC5CCCC54)CC3C2)CC1
C1CCC(C2CC3CCCC3C3CCC4CCCCC4C23)CC1
C1CCC2C(C1)CCC1C3CCCCC3CCC21
C1CCC2C(C1)CCC1C3CCCC3CCC21
C1CCC(CCCCCC2CCCCC2)CC1
C1CCC(CCCC2CCC3CCC(C4CCCC5CCCC54)CC3C2)CC1
C1CCC(C2CCC3C(CCC4CCCCC43)C2)CC1
C(CCCC1CCCC2CCCCC12)CCC1CCC(C2CCCCC2)C1
C1CCC(CCCCC2CCC3CCC(C4CCCC5CCCC54)CC3C2)CC1
C1CCC2CCC(C3CCCC4CCCC43)CC2CC1
C1CCC2CCC3C4CCCC4CCC3C2CC1
C1CCC(CC2CC3CCCCC3C3CCC4CCCCCC4C23)CC1
C1CCC(C2CCC3CCCCC3C3CCC(CCC4CCCC4)CC23)CC1
C1CCC2CC(C3CCCC4CCCC43)CCC2C1
C1CCC(CCCCC2CC3CCCCC3C2)CC1
C1CCC2C(C1)CC(C1CCCC1)C1CCCC21
C(CCC1CCCC2CCCC12)CC1CC2CCCCC2C1
C1CCC(CCC2CCC(CCC3CCCCC3)CC2)CC1
C1CCC2CC(C3CCCC4CCCC43)CCC2C1
C1CCC(CCCCCC2CCC3CCCCC23)CC1
C1CCC(CCCCCC2CCCC3C(C4CCCCC4)CCC23)CC1
C1CCC2C(C1)CCC1CCCCC12
C1CCC(CCC(CC2CCCCC2)C2CCCCC2)CC1
C1CCC2CC(CC3CCCC4CCCC43)CCC2C1
C(CCC1CCC2CCC(C3CCCC4CCCC43)CC2C1)CC1CCC2CCCC2C1
C1CCC2C(C1)CCC1CCCCC12
C1CCC(C2CCC3C(CCCC4CCCCC43)C2)CC1
C1CCC(CCCCCC2CCC3CCCCC23)CC1
C1CCC(C2CCC3CC(C4CCC(CCC5CCCC5)CC4)CCC32)CC1
C1CCC(C2CCCC3C(CCC4CCCCC43)C2)CC1
C1CCC(CCC2CCC3C(CCC3C3CCCCC3)C2)CC1
C1CCC(CCCCCC2CCC3CCCCC23)CC1
C1CCC(CCC2CCC(C3CC3)CC2)CC1
C(CCC1CCCC2CCCC12)CC1CC2CCCCC2C1
C1CCC(C2CC3CCCC3C3CCCC4CCCCC4C23)CC1
C1CCC2CC(CC3CCCC4CCCC43)CCC2C1
C1CCC(C2CC3CCCC3C3CCC4CCCCC4C23)CC1
C1CCC2CCC3C4CCCC4CCC3C2CC1
C1CCC(CC2CCC3CCCCC3C3CCC4CCCCC4C23)C1
C1CCC(CC(CC2CCCCC2)C2CCCCC2)CC1
C1CCC2C(C1)CCC1C3CCCC3CCC21
C1CCC2C(C1)CCC1C3CCCC3CCCC21
C(CCCC1CCCCC1)CCCC1CCC(C2CCCCC2)C1
C1CCC(CCCC2CCCC(C3CCC4CC(CCC5CCC6CCCCC6C5)CCC43)C2)CC1
C1CCC(C2CCC(CC3CC4CCCC4C4CCC5CCCCC5C34)CC2)C1
C1CCC2CC(CC3CCCC4CCCC43)CCC2C1
C1CCC(C2CCC3C(CCCCCC4CCC(C5CCCC5)C4)CCCC23)CC1
C1CCC(C2CCCC3C(CCC4CCCCC43)C2)CC1
C1CCC(CCCCCC2CCCC3C(C4CCCCC4)CCC23)CC1
C(CCCC1CCC2CCCC2C1)CCC1CCCCC1
C(CCC1CCC2CCCCC2C1)CCC1CCCC2CCCCC12
C1CCC(CCC2CC3CCCCC3C2C2CCCCC2)CC1
C1CCC2CC(CCCC3CCC4C3CCC3C5CCCCC5CCC43)CC2C1
C1CCC2CC(CC3CCCC4CCCC43)CCC2C1
C1CCC(C2CCC3CC4C(CCC5C6CCC(CCCCC7CC8CCCCC8C7)C6CCC45)CC32)CC1
C(CCCC1CCCC2C(C3CCCCC3)CCC12)CCC1CCCCC1
C1CCC(C2CC3CCCCC3C3CCC4CCCCC4C23)CC1
C1CCC(C2CCC3CC4C(CCC45CCCC5)CC32)CC1
C1CCC(CCCCCC2CCCC3C2CCC3C2CCCC(CC3CCCCC3)C2)CC1
C1CCC(C2CCC(CCCCCC3CCCC4CCCCC34)C2)CC1
C1CCC(CCCCC2CC3CCCCC3C2)CC1
C1CCC(C2CCC3CC4C(CCC45CCCCC5)CC32)CC1
C1CCC(CCCCC2CC3CCCCC3C2)CC1
C1CCC(CCCCCC2CCCC3C(C4CCCCC4)CCC23)CC1
C1CCC(CCCCC2CCC3CCCCC23)CC1
C1CCC(CCCCC2CC3CCCCC3C2)CC1
C1CCC(CC2CCC3CC4C(CCC5C6CCC(CCCC7CC8CCCCC8C7)C6CCC45)CC23)CC1
C1CCC2CCC3C4CCC(CCCC5CCC6CCCCC6C5)C4CCC3C2CC1
C1CCC(CCCCCC2CCCC3C(C4CCCCC4)CCC23)CC1
C1CCC(C2CCC3CC4C(CCC5C6CCC(CCCC7CCCC8CCCCC87)C6CCC45)CC32)CC1
C1CCC(CCCCC2CC3CCCCC3C2)CC1
C(CCCC1CCC(CC2CCCCC2)C1)CCC1CCCCC1
C1CCC2C(C1)CCCC2CCCC1CCCC2CCCCC21
C1CCC(C2CCC3CC4C(CCC5C6CCC(CCCCC7CC8CCCCC8C7)C6CCC45)CC32)CC1
C(CCCCC1CCC(C2CCCCC2)C1)CCCC1CCCCC1
C1CCC(C2CCC3CC4C(CCC45CCCCC5)CC32)CC1
C1CCC(CC2CC3CCCCC3C3CCC4CCCCC4C23)C1
C1CCC(CC2CCC3C(CCC3C3CCCCC3)C2)CC1
C1CCC(CCCCC2CCC3C2CCC2C4CCCCCC4CCC32)CC1
C1CCC(CCC2CCC(C3CCC4C(CCC4C4CCCCC4)C3)CC2)CC1
C1CCC(CCC2CCC(C3CC3)CC2)CC1
C1CCC2CCC(C3CCCC4CCCC43)CC2CC1
C1CCC(CCC2CCC3C(CCC3C3CCCCC3)C2)CC1
C(CCC1CCCC2CCCC12)CC1CC2CCCCC2C1
C(CCC1(C2CCCC2)CCCCC2CCCCC21)CC1CCC2CCCCC2C1
C1CCC(C2CC3CCCC3C3CCC4CCCCC4C23)CC1
C1CCC(CCC2CCC(C3CC3)CC2)CC1
C(CCC1CCCC2CCCC12)CC1CC2CCCCC2C1
C1CCC(C2CCC3CC4C(CCC5C6CCC(CCCCC7CCC8CCCCC8C7)C6CCC45)CC32)CC1
C1CCC(CCC2CCC3C(CCC4C5CCCC5CCC(CCC5CCCCC5)C34)C2)CC1
C1CCC(CCC(CC2CC3CCCCC3C2)C2CCCCC2)CC1
C1CCC(CC(CC2CCCCC2)C2CCCCC2)CC1
C(CCC1CCCC2CCCCC12)CC1CC2CCCCC2C1
C1CCC(CCC(CCC2CCCCC2)CCC2CCC3CCCC3C2)CC1
C1CCC(CCCCC2CC3CCCCC3C2)CC1
C1CCC2C(C1)CCC1CCCCC12
C1CCC(CCCC2CCC3CCC(C4CCCC5CCCC54)CC3CC2)CC1
C1CCC2CC(CC3CCCC4CCCC43)CCC2C1
C1CCC(CCC2CCCCC2)CC1
C1CCC(CCCCC2CC3CCCCC3C2)CC1
C1CCC2CCC3C4CCCCC4CC(CC4CCCC(C5CCCC5)C4)C3C2CC1
C1CCC(CCC2CCC3C(CC4CCCCC4)CCC3C2)CC1
C1CCC(CCC2(CCCC3CC4CCCCC4C3)CCC3C4CCC5CCCCC5C4CCC32)C1
C(CCC1CCCC2CCCCC12)CCC1CCCC2CCCCC12
C(CCC1CCCC2CCCCC12)CC1CCC2CCCCC2C1
C1CCC2C(C1)CCC1C3CCCC3CCC21
C1CCC(C2CC3CCCCC3C3CCC4CCCCC4C23)CC1
C(CCCC1CCC2CCCC2C1)CCC1CCCCC1
C1CCC(CCC2CCC3C(CCC4C5CCCC5CCC34)C2)CC1
C1CCC(CC2CC3CCCCC3C3CCC4CCCCC4C23)C1
C1CCC2C(C1)CCC1C3CCCC3CCC21
C1CCC(CC2CC3CCCCC3C3CCC4CCCCCC4C23)CC1
C1CCC(CCCCCC2CCC3CCCC3C2)CC1
C1CCC(CCCCC2CCC3CCCCC23)CC1
C(CCC1CCCC1)CCC1CCCC2CCCCC12
C1CCC2CCC3C4CCC(CCCC5CCCC6CCCCC65)C4CCC3C2CC1
C1CCC2CCC3C4CCC(CCCC5CC6CCCCC6C5)C4CCC3C2CC1
C1CCC(CCCCCC2CCC3CCCCC3C2)CC1
C1CCC(CCC(CCC2CCC3CCCC3C2)CC2CCCCC2)CC1
C1CCC2C(C1)CCC1CCCCC12
C1CCC(CCC2CCC3C(CCCC4C5CCCC5CCC34)C2)CC1
C1CCC(C2CC3CCCC3C3CCC4CCCCC4C23)CC1
C1CCC(CCCC2CCC3CCC(CC4CCCC5CCCC54)CC3C2)CC1
C1CCC2CC(CCCC3CCC4C3CCC3C5CCCCC5CCC43)CC2C1
C1CCC(C2CCC3CC4C(CCCC45CCCCC5)CC32)CC1
C1CCC(C2CC3CCCCC3C3CCC(CCC4CCCC4)CC23)CC1
C1CCC2CC(C3CCCC4CCCC43)CCC2C1
C1CCC(C2CC3CCCCC3C3CCCCC23)CC1
C(CC1CCC(C2CCCC2)CC1)CC1CCC2CCCC2C1
C1CCC(CCCCCC2CC3CCCCC3C2)CC1
C1CCC2C(C1)CCC1CCCCC12
C1CCC(CCC2CCC3C(CCC3C3CCCCC3)C2)CC1
C1CCC(C2CCC3CC4C(CCCCC45CCCC5)CC32)CC1
C(CCCC1CCC2CCCC2C1)CCCC1CCC(C2CCCCC2)C1
C1CCC(C2CCC(CCCCCC3CCCC4C(C5CCCCC5)CCC34)C2)CC1
C1CCC(CCCCCC2CCC3CCCCC23)CC1
C1CCC(CC2CC3CCCCC3C3CCC4CCCCCC4C23)CC1
C1CCC(CC(CC2CCCCC2)C2CCCCC2)CC1
C1CCC(C2CCC3C(CCCC4CCCCC43)C2)CC1
C1CCC2C(C1)CC(C1CCCC3CCCCC31)C1CCCCC21
C1CCC(CCC2CCC3C(CCC3C3CCCCC3)C2)CC1
C1CCC(CC2CCC3C(CCC34CCCC4)C3CCC4CCCCC4C23)CC1
C1CCC(CCCCC2CCC3CCCCC23)CC1
C1CCC(CCCCCC2CCCC3C(C4CCCCC4)CCC23)CC1
C1CCC(C2CCC3CC4CCCCC4CC32)CC1
C1CCC(CCCCCC2CC3CCCCC3C2)CC1
C1CCC2CCC3C4CCC(CCCC5CC6CCCCC6C5)C4CCC3C2CC1
C1CCC(C2CCC3CC4C(CCC45CCCCC5)CC32)CC1
C1CCC(C2CC3CCCC3C3CCC4CCCCC4C23)CC1
C(CCC1CC2CCCCC2C1)CCC1CCCC2CCCC12
C1CCC(C2CCC3CCCC3C3CCC4CCCCC4C23)CC1
C1CCC(CCCCCC2CCCC3C2CCC3C2CCCC(CC3CC3)C2)CC1
C1CCC(CCCC2CCC3C(CCC4C5CCCC5CC(CCC5CCCCC5)C34)C2)CC1
C1CCC(CCC2CCC3C(CCC4C5CCCCC5CCC34)C2)CC1
C1CCC(CCCCCC2CCCC3C(C4CCCCC4)CCC23)CC1
C1CCC2CC(CC3CCCC4CCCC43)CCC2C1
C1CCC2CC(C3CCCC4CCCC43)CCC2C1
C1CCC2CCC(C3CCCC4CCCC43)CC2CC1
C1CCC(CCC2CCC3C(CCC3C3CCCCC3)C2)CC1
C1CCC2CCC3C4CCC(CCCC5CC6CCCCC6C5)C4CCC3C2CC1
C1CCC(CCCCCC2CC3CCCCC3C2)CC1
C1CCC(C2CC3CCCCC3C3CCCCC23)CC1
C1CCC(C2CCC(CCCCCC3CCCC4C(C5CCCCC5)CCC34)C2)CC1
C1CCC2CCC(C3CCCC4CCCC43)CC2CC1
C1CCC2C(C1)CCC1C3CCCCC3CCC21
C1CCC(C2CCC3CC4C(CCC45CCCC5)CC32)CC1
C(CCCC1CCCC2CCCCC12)CCC1CCC(C2CCCCC2)C1
C1CCC(CCC(CCC2CCC3CCCC3C2)CC2CCCCC2)CC1
C1CCC(CC2CCC3C(CCCCCC4CCC(C5CCCC5)C4)CCCC23)CC1
C1CCC(C2CCC3C(CCCCCC4CCC(C5CCCC5)C4)CCCC23)CC1
C1CCC(CCCCC2CC3CCCCC3C2)CC1
C1CCC(CCCCC2CC3CCCCC3C2)CC1
C1CCC(C2CC3CCCC3C3CCC4CCCCCC4C23)CC1
C1CCC(C2CC3CCCCC3C3CCCCC23)CC1
C1CCC2C(C1)CCC1C3CCCCC3CCC21
C1CCC(CC2CC3CCCCC3C3CCC4CCCCCC4C23)CC1
C1CCC(C2CCC3CC4C(CCC45CCCC5)CC32)CC1
C1CCC(CC2CCC3C(CCCCCC4CCC(C5CCCC5)C4)CCCC23)CC1
C1CCC(CC2CC3CCCCC3CC3CCC4CCCCC4C32)C1
C(CCC1CCC2C1CCC1C3CCCCC3CCC21)CC1CCC2CCCCC2C1
C1CCC(CC2CCCC(CCC3CCC(CCC4CCC(C5CC5)CC4)CC3)C2)C1
C1CCC(C2CCC3CC4C(CCC5C6CCCC(CCCC7CCC8CCCCC8C7)C6CCC45)CC32)CC1
C1CCC(CCCC2CCC3CCC(C4CCCC5CCCC54)CC3C2)CC1
C1CCC(CCCCCC2CCC3CCCCC23)CC1
C1CCC2C(C1)CC(C1CCCC3CCCCC31)C1CCCC21
C1CCC(CCCCCC2CC3CCCCC3C2)CC1
C1CCC(CCCCC2CCC3CCCCC23)CC1
C1CCC(CCCCC2CC3CCCCC3C2)CC1
C(CCC1CCCCC2CCCCC12)CC1CCC2CCCCC2C1
C1CCC2CCC(C3CCCC4CCCC43)CC2CC1
C1CCC(C2CC3CCCC3C3CCC4CCCCCC4C23)CC1
C1CCC(CC2CC3CCCCC3C3CCC4CCCCCC4C23)CC1
C1CCC(CCCCCC2CCCCC2)CC1
C1CCC(CCC2CCC3C(CCC3C3CCCCC3)C2)CC1
C1CCC(C2CCC3CCC4C(CCCC45CCCC5)CC32)CC1
C1CCC(CCC2CCC3C(CCC3C3CCCCC3)C2)CC1
C1CCC(CCCCCC2CC3CCCCC3C2)CC1
C1CCC2C(C1)CCC1C3CCCC3CCC21
C1CCC2CC(C3CCCC4CCCC43)CCC2C1
C1CCC(CCC2CCC3C(CCC3C3CCCC(CCC4CCCC4)C3)C2)CC1
C1CCC(C2CCC3CC4C(CCCC45CCCCC5)CC32)CC1
C1CCC2CCC(C3CCCC4CCCC43)CC2CC1
C1CCC2C(C1)CCCC2CCCC1CCC2C1CCC1C3CCCCC3CCC21
C1CCCC(C2CCC3CC4C(CCC5C6CCCC6CCC45)CC32)CC1
C1CCC(CCCC2CCC3C2CCC2C4CC5CCC(C6CCCCC6)C5CC4CCC32)CC1
C1CCC(C2CCC3CC4(CCCCCC4C4CCCCC4)CCC32)CC1
C1CCC(CCC2CCC3C(CCC3C3CCCC(CC4CCCC4)C3)C2)CC1
C1CCC(C2CC3CCCCC3C3CCCCC23)CC1
C1CCC(C2CCC3CC4C(CCCC4CC4CCC5CCCCC54)CCC32)CC1
C1CCC(CC2CC3CCCCC3C3CCC4CCCCC4C23)CC1
C1CCC2CC(C3CCCC4CCCC43)CCC2C1
C1CCC(C2CCC3CC4C(CCC5C6CCC(CCCC7CC8CCCCC8C7)C6CCCC45)CC32)CC1
C1CCC(CC2CC3CCCCC3C3CCC4CCCCC4C23)CC1
C1CCC(CCCCC2(CCC3CCCC3)CCC3C4CCC5CCCCC5C4CCC32)CC1
C1CCC(C2CCC3CCCC3C3CCCC4CCCCC4C23)CC1
C1CCC(CCC2CCC3C(CCC3C3CCCCC3)C2)CC1
C1CCC(C2CCC3CCC4CCCCC4C3CC2)CC1
C1CCC(CCCCCC2CCCC3C(C4CCCCC4)CCC23)CC1
C1CCC(CC2CC3CCCC3C3CCC4CCCCC4C23)CC1
C1CCC2C(C1)CC(C1CCCC3CCCC31)C1CCCCC21
C1CCC(CCCCCC2CCC3CCCCC23)CC1
C(CCCCC1CCC(C2CCCCC2)C1)CCCC1CCCCC1
C1CCC2CCC3C(CCC4C5CCCC5CC43)C2CC1
C1CCC(C2CCC3CC4C(CCCC5C6CCCC6CCC45)CC32)CC1
C1CCC(C2CC3CCCC3C3CCC4CCCCC4C23)CC1
C1CCC(CCC2CCC3C(CCC3C3CCCCC3)C2)CC1
C1CCC(CCCCCC2CCC3CCCCC3C2)CC1
C(CCC1CCCC2CCCCC12)CCC1CCCC2CCCCC12
C1CCC(CCCC2CCC3C(CCC4CCCCC43)C2)CC1
C1CCC2CCC(C3CCCC4CCCC43)CC2CC1
C1CCC(CCCC2CCCC3CC4C(CCC4C4CCCCC4)CC23)CC1
C1CCC(CC2CC3CCCCC3C3CCC4CCCCC4C23)C1
C1CCC(CCC2CCCCC3CC4C(CCC4C4CCCCC4)CC23)CC1
C1CCC(CCCCC2CC3CCCCC3C2)CC1
C1CCC(CCCCC2CC3CCCCC3C2)CC1
C(CCCCC1CCC(C2CCCCC2)C1)CCCC1CCCCC1
C1CCC(CCC2CCCC3CCC4C(CCC4C4CCCCC4)CC23)CC1
C(CCC1CCCC2CCCCC12)CC1CCCC2CCCCC12
C1CCC2CCC3C4CCCC4CCC3C2CC1
C(CCCCC1CCC(C2CCCCC2)C1)CCCC1CCCCC1
C1CCC(CCCCCC2CC3CCCCC3C2)CC1
C1CCC2C(C1)CCC1C3CCCC3CCC21
C1CCC2C(C1)CCC1C3CCCCC3CCC21
C1CCC2C(C1)CCCC1C3CCCC3CCC21
C1CCC2C(C1)CCC1CCCCC12
C1CCC(CC2CC3CCCCC3C3CCC4CCCCC4C23)CC1
C1CCC(CCCC2(CCCC3CCCC3)CCC3C4CCC5CCCCC5C4CCC32)CC1
C1CCC(C2CCC3C(CCCC4CCCCC43)C2)CC1
C1CCC2CCC(C3CCCC4CCCC43)CC2CC1
C1CCC(CCC2(CCCC3CC4CCCCC4C3)CCC3C4CCC5CCCCC5C4CCC32)C1
C1CCC(C2CC3CCCCC3C3CCCCC23)CC1
C1CCC(CCCC2CCC(C3CCCC4C(C5CCCCC5)CCC34)C2)CC1
C1CCC(C2CC3CCCC3C3CCC4CCCCCC4C23)CC1
C1CCC(C2CCC3CC4C(CCCC45CCCC5)CC32)CC1
C1CCC(C2CCC(CCCC3CCC4C3CCC3C5CCCCCC5CCC43)C2)CC1
C1CCC(CC2CC3CCCCC3C3CCCCC23)CC1
C1CCC(C2CCC3CCCC3C3CCC4CCCCC4C23)CC1
C1CCC(CCCCCC2CC3CCCCC3C2)CC1
C1CCC(C2CCC3CC4C(CCCC45CCCC5)CC32)CC1
C1CCC(C2CCC3CC4C(CCC5C6CCC(CCCC7CC8CCCCC8C7)C6CCCC45)CC32)CC1
C1CCC(C2CCC3CC4C(CCC32)CCC42CCCCC2)CC1
C1CCC(C2CCC3CC4C(CCCC45CCCC5)CC32)CC1
C(CCC1CCC2C1CCC1C3CCCCC3CCC21)CC1CC2CCCCC2C1
C1CCC2CCC3C4CCC(CCCC5CC6CCCCC6C5)C4CCC3C2CC1
C(CCCCC1CCC(C2CCCCC2)C1)CCCC1CCCCC1
C1CCC(C2CCC3CC4C(CCC32)CCC2C3CCC(CCCC5CC6CCCCC6C5)C3CCC42)CC1
C1CCC2CCC(C3CCCC4CCCC43)CC2CC1
C1CCC(C2CCC3C(CCCCCC4CCC(C5CCCC5)C4)CCCC23)CC1
C1CCC(C2CC3CCCC3C3CCC4CCCCC4C23)CC1
C1CCC2CCC3CCCCC3C2CC1
C1CCC(CCC2CCC(CCC3CCCC(CC4CCCC4)C3)CC2)CC1
C(CCC1CCCC2CCCCC12)CC1CC2CCCCC2C1
C1CCC(CCCCC2CC3CCCCC3C2)CC1
C(CCC1CCCC2CCCCC12)CC1CC2CCCCC2C1
C1CCC(CCC2CCC3C(CCC3C3CCCCC3)C2)CC1
C1CCC2CCC(C3CCCC4CCCC43)CC2CC1
C1CCC(C2CC3CCCC3C3CCC4CCCCCC4C23)CC1
C1CCC2CCC3C4CCCCC4CCC3C2CC1
C1CCC(C2CCC3CC4C(CCC5C6CCC(CCCC7CC8CCCCC8C7)C6CCC45)CC32)CC1
C1CCC(C2CCCC3C(CCC4CCCCC43)C2)CC1
C1CCC(CCCCCC2CCC3CCCCC23)CC1
C1CCC(CCCCCC2CCCC3C(CC4CCCCC4)CCC23)CC1
C1CCC2C(C1)CCCC1CCCCC12
C1CCC2CCC3C4CCCC4CC(C4CCC(CCCCC5CCC6C(CCC7C8CCCC8CCC67)C5)CC4)C3C2CC1
C1CCC(C2CCC3C(CCC3C3CCCCC3)C2)CC1
C1CCC(CCC2CCC3C(CCC4C5CCCC5CCC(CCC5CCCCC5)C34)C2)CC1
C1CCC2C(C1)CCCC1C3CCCC3CCC21
C1CCC(C2CCC3CC4C(CCC5C6CCC(CCCC7CCC8CCCCC8C7)C6CCCC45)CC32)CC1
C1CCC(CCCCCC2CCCC3C(CC4CCCCC4)CCC23)CC1
C1CCC(CCC2CCC3C(CCC3C3CCCC(CC4CCCC4)C3)C2)CC1
C1CCC(C2CCC3C(CCC4CCCCC43)C2)CC1
C1CCC(C2CCC3CC4C(CCC45CCCCC5)CC32)CC1
C1CCC(CCCCCC2CCCC3C(C4CCCCC4)CCC23)CC1
C1CCC(CCCCCC2CC3CCCCC3C2)CC1
C1CCC(CCCCC2CC3CCCCC3C2)CC1
C1CCC2CCC(C3CCCC4CCCC43)CC2CC1
C1CCC2C(C1)CC(C1CCCC3CCCC31)C1CCCCC21
C1CCC(CCC2CCCC3CC4C(CCC4C4CCCCC4)CC23)CC1
C1CCC(CC2CC3CCCCC3C3CCC4CCCCC4C23)CC1
C1CCC(C2CCCC3C(CCC4CCCCC43)C2)CC1
C1CCC(CC2CCC(C3CC4CCCC4CC4CCC5CCCCC5C43)CC2)CC1
C1CCC(CCC(CC2CC3CCCCC3C2)C2CCC2)CC1
C1CCC(CC2CCC3CC4C(CCC45CCCCC5)CC23)CC1
C1CCC2CC(CCCC3CCC4C3CCCC3C5CCCCC5CCC34)CC2C1
C1CCCC(CC2CCCC2CC2CC3CCCCC3C3CCC4CCCCC4C23)CC1
C1CCC(CCCCC2CCC3C2CCC2C4CC5CCC(C6CCCCC6)C5CC4CCC32)CC1
C1CCC(CCCCC2CCC3CCCCC23)CC1
C1CCC2CCC(C3CCCC4CCCC43)CC2CC1
C1CCC(C2CC3CCCC3C3CCC4CCCCC4C23)CC1
C1CCC2CCC(C3CCCC4CCCC43)CC2CC1
C(CCCC1CCCCC1)CCCC1CCC(C2CCCCC2)C1
C1CCC2CCC(C3CCCC4CCCC43)CC2CC1
C1CCC(CCCC2CCCC3CCC(C4CCCC5CCCC54)CC3C2)CC1
C1CCC(CCCCC2CCC3CCCCC23)CC1
C1CCC(CC2CCC3CCCCC3C3CCC4CCCCC4C23)CC1
C1CCC(CC2CCC(CC(CC3CCCCC3)C3CCCCC3)CC2)CC1
C1CCC(C2CCC3CC4C(CCCC45CCCCC5)CC32)CC1
C1CCC(C2CC3CCCC3C3CCC4CCCCC4C23)CC1
C1CCC(CCC2CCC3C(CCC4C5CCCCC5CC(CCC5CCCCC5)C34)C2)CC1
C1CCC2CC(CCCC3CCCC4C3CCC3C5CCCCC5CCC43)CC2C1
C1CCC2CC(C3CCCC4CCCC43)CCC2C1
C1CCC(CCCC2CCC3C(CCC3C3CCCCC3)C2)CC1
C1CCC2CCC(C3CCCC3)CC2CC1
C(CCCC1CCCC2C(C3CCCCC3)CCC12)CCC1CCCCC1
C(CCCC1CCCC2C(C3CCCCC3)CCC12)CCC1CCCCC1
C1CCC2CCC(C3CCCC4CCCC43)CC2CC1
C1CCC(CCCCC2CCC3CCCCC3C2)CC1
C1CCC(CCC2CCC3C(CCC3C3CCCCC3)C2)CC1
C1CCC2CC(C3CCCC4CCCC43)CCC2C1
C1CCC2CCC3CCCCC3C2CC1
C(CCC1CCCC2CCCCC12)CCC1CCCC2CCCC12
C1CCC(CCC(CCC2CCC3CCCCC3C2)CC2CCCCC2)CC1
C1CCC2CCC(C3CCCC4CCCC43)CC2CC1
C1CCC(CC2CCC3CC4(CCCCC4C4CCCCC4)CCC23)CC1
C1CCC(C2CCC3CC4C(CCC5C6CCC(CCCC7CC8CCCCC8C7)C6CCCC45)CC32)CC1
C1CCC(CCCC2CCC3CCC(C4CCCC5CCCC54)CC3CC2)CC1
C1CCC2CC(C3CCCC4CCCC43)CCC2C1
C1CCC(C2CC3CCCCC3C3CCC4CCCCC4C23)CC1
C1CCC(CCC2CCC3C(CCC3C3CCCCC3)C2)CC1
C1CCC(C2CC3CCCC3C3CCC4CCCCC4C23)CC1
C1CCC2CCC3C4CCCCC4CC(CC4CCCC4)C3C2CC1
C1CCC(CCC2(CCCC3CC4CCCCC4C3)CCC3C4CCCC5CCCCC5C4CCC32)C1
C1CCC(CCCCCC2CCCC3C(C4CCCCC4)CCC23)CC1
C1CCC(CCC2CCCC3CC4C(CCC23)CCC4C2CCCCC2)CC1
C1CCC(CCCCC2CC3CCCCC3C2)CC1
C(CCC1CCCC2CCCCC12)CC1CCCC2CCCCC12
C1CCC(C2CCC3CCCCC3C3CCC4CCCCC4C23)CC1
C1CCC(CC(CC2CCCCC2)C2CCCCC2)CC1
C1CCC2CC(CCCC3CCCC4CCCCC43)CC2C1
C1CCC(CCCCC2CC3CCCCC3C2)CC1
C1CCC2C(C1)CCC1C3CCCC3CCC21
C1CCC(CC2CCC3C(CCC3C3CCCCC3)C2)CC1
C1CCC(CCC2CCC(CC(CC3CCCCC3)C3CCCCC3)CC2)CC1
C1CCC(CCCC(CCC2CCCCC2)CCC2CCC3CCCC3C2)CC1
C1CCC(CCCCC2CCC3CCC(C4CCCC5CCCC54)CC3C2)CC1
C1CCC(CCCCC2CCCC(C3CCC4CC(CCC5CCC6CCCCC6C5)CCC43)C2)CC1
C1CCC(CCCCCC2CC3CCCCC3C2)CC1
C1CCC2CCC3C4CCC(CCCC5CCCC6CCCCC65)C4CCC3C2CC1
C1CCC2CC(C3CCCC4CCCC43)CCC2C1
C1CCC2CC(CCCC3CCC4C3CCC3C5CCCCC5CCC43)CC2C1
C1CCC(C2CCC3CC4C(CCC5C6CCC(CCCCC7CCC8CCCCC8C7)C6CCC45)CC32)CC1
C1CCC(C2CC3CCCC3C3CCC4CCCCC4C23)CC1
C(CCC1CCC2CCCCC2C1)CCC1CCCC2CCCCC12
C1CCC(CCCCCC2CC3CCCCC3C2)CC1
C1CCC2C(C1)CCC1C3CCCC3CCC21
C1CCC(CCC2CCC(C3CCC4C(CCC4C4CCCCC4)C3)CC2)CC1
C1CCC2C(C1)CCCC1C3CCCC3CCC21
C1CCC(C2CC3CCCC3C3CCC4CCCCC4C23)CC1
C1CCC(CCC(CC2CC3CCCCC3C2)C2CC2)CC1
C(CCCC1CCCCC1)CCCC1CCC(C2CCCCC2)C1
C(CCC1CCC2CCCCC2C1)CCC1CCCCC2CCCCC12
C1CCC(CCCCCC2CC3CCCCC3C2)CC1
C1CCC(CCCCCC2CCCC3C(CC4CCCC(CC5CC5)C4)CCC23)CC1
C(CCCCC1CCC2CC(CCC3C4CCCC4CCC23)C1)CCCC1CCCC(CC(CC2CCC(CC3CCCCC3)CC2)C2CCCCC2)C1
C1CCC(CCCCCC2CC3CCCCC3C2)CC1
C1CCC(C2CCC3C(CCC4CCCCC43)C2)CC1
C1CCC(CCC2CCC3C(CCC4CC(C5CCCCC5)CCC43)C2)CC1
C1CCC(CC2CCC3C(CCC3C3CCCCC3)C2)CC1
C1CCC(CCCC2CCC3CC4CCC5CCCCC5C4CCC23)C1
C1CCC2C(C1)CC(C1CCCC1)C1CCCC21
C1CCC(CCCCC2CCC3CCCCC23)CC1
C1CCC(C2CCC3C(CCC4CCCCC43)C2)CC1
C1CCC2CC(C3CCCC4CCCC43)CCC2C1
C1CCC2CC(C3CCCC4CCCC43)CCC2C1
C1CCC(CCCC2CCC(CCC3CCCCC3)CC2)CC1
C1CCC(CCCCC2CC3CCCCC3C2)CC1
C1CCC(CCC2CCC3C(CCC4C5CCCC5CCC34)C2)CC1
C1CCC(C2CCC3CCC(C4CCCC4)C3C2)C1
C1CCC(C2CCC3CCC4CCCCC4CC32)CC1
C1CCC(CCCCCC2CCCCC2)CC1
C1CCC(CCC2CCC3C(CCC3C3CCCCC3)C2)CC1
C1CCC(C2CC3C(CCC4CC4)CCC3CC3CCC4CCCCC4C32)CC1
C1CCC2CC3CCC4CCCC4C3CCC2C1
C1CCC(CCCCCC2CCC3CCCCC23)CC1
C(CCC1CCCCC2CCCCC12)CC1CCC2CCCCC2C1
C1CCC2CC(C3CCCC4CCCC43)CCC2C1
C1CCC2CCC(C3CCCC4CCCC43)CC2CC1
C1CCC2CC(C3CCCC4CCCC43)CCC2C1
C1CCC(C2CCC3CC4C(CC5CCC6CCCCC65)CCCCC4CC32)CC1
C1CCC(C2CCC3CCC4C(CCC5C6CCC(CCCC7CCC8CCCCC8C7)C6CCC45)CC32)CC1
C(CCC1CCC(C2CC3CCCC3C3CCC4CCCCC4C23)CC1)CCC1CCC2C(CCC3C4CCCC4CCC23)C1
C1CCC(CCC2(CCCC3CC4CCCCC4C3)CCC3C4CCC5CCCCC5C4CCCC32)C1
C1CCC(CCCC2CCC3C(CCC4C5CCCC5CC(CCC5CCCCC5)C34)C2)CC1
C1CCC(CCC2CCC(C3CC3)CC2)CC1
C1CCC(CCC2CCC3C(CCC3C3CCCCC3)C2)CC1
C1CCC(CC2CCCC(CCC3CCC(CCC4CCC(CC5CC5)CC4)CC3)C2)C1
C1CCC(CCC2CCC3C(CCC3C3CCCCC3)C2)CC1
C1CCC(CCCCCC2CCCC3C(C4CCCCC4)CCC23)CC1
C1CCC(C2CC3CCCCC3CC3CCCCC32)CC1
C1CCC(CC2CC3CCCCC3C2C2CCCCC2)CC1
C1CCC(CCCCC2CC3CCCCC3C2)CC1
C1CCC(CCC2CCCC3CCC4C(CCC4C4CCCCC4)CC23)CC1
C1CCC2CCC3C4CCCC4CCC3C2CC1
C1CCC2CC(CCCC3CCC4C3CCC3C5CCCCC5CCC43)CC2C1
C1CCC(CCC2CCCC3CC4C(CCC4C4CCCCC4)CC23)CC1
C1CCC(C2CC3CCCC3C3CCCC4CCCCC4C23)CC1
C1CCC(CCCCC2CC3CCCCC3C2)CC1
C1CCC(C2CCC3CCC4C(CCC5C6CCC(CCCC7CC8CCCCC8C7)C6CCC45)CC32)CC1
C1CCC2C(C1)CCC1C3CCCC3CCC21
C1CCC2CC(C3CCCC4CCCC43)CCC2C1
C1CCC(CCCCC2CCC3CCCCC23)CC1
C(CCCC1CCCCC1)CCC1CCCCC1
C1CCC(C2CC3CCCC3C3CCCC4CCCCC4C23)CC1
C1CCC(CCCCCC2CC3CCCCC3C2)CC1
C1CCC2CC(C3CCCC4CCCC43)CCC2C1
C(CCC1CCCC2CCCC12)CC1CC2CCCCC2C1
C1CCC(CCCC2CCC3C(CCC3C3CCCCC3)C2)CC1
C1CCC(C2CCC3C(CCCCCC4CC4)CCCC23)CC1
C1CCC(C2CCC3C(CCCCCC4CCC(C5CCCC5)C4)CCCC23)CC1
C1CCC2C(C1)CCC1C3CCCC3CCC21
C1CCC(CC2CC3CCCCC3C3CCC4CCCCCC4C23)CC1
C1CCC2C(C1)CCC1C3CCCC3CCC21
C1CCC(C2CCC(CCCC3CCC4C3CCC3C5CCCCC5CCC43)C2)CC1
C1CCC2CCC(C3CCCC4CCCC43)CC2CC1
C(CCC1CCCC2CCCCC12)CC1CCCC2CCCCC12
C1CCC2CC(C3CCCC4CCCC43)CCC2C1
C(CCC1CCC2CCCCC2C1)CCC1CCCCC2CCCCC12
C1CCC2C(C1)CCCC1C3CCCC3CCC21
C1CCC(CCC2CCC3C2CCCC(C2CCCCC2)C2C4CCCCC4CCC32)CC1
C1CCC(CCC2CCC3C(CCC3C3CCCC(CC4CCCC4)C3)C2)CC1
C(CC1CCC2CCCCC2C1)CC1CCC2CCC(C3CCCC4CCCC43)CC2C1
C1CCC2C(C1)CCCC2CC1CC2CCCCC2C2CCC3CCCCC3C12
C1CCC(C2CCC(CCCCCC3CCCC4CCCCC34)C2)CC1
C1CCC2C(C1)CCC1C2CCC2C3CCCC3CC21
C1CCC(CCCCCC2CCCC3C(C4CCCCC4)CCC23)CC1
C1CCC(CCCCCC2CC3CCCCC3C2)CC1
C1CCC2C(C1)CC(C1CCCC3CCCC31)C1CCCC21
C1CCC(CCCC2CCC3CCC(C4CCCC5CCCC54)CC3C2)CC1
C1CCC(CCCCC2CC3CCCCC3C2)CC1
C(CCC1CCC2CCC(C3CCCC4CCCC43)CC2C1)CC1CCC2CCCC2C1
C(CCCCC1CCC(C2CCCCC2)C1)CCCC1CCC2CCCC2C1
C(CCC1CCCC2CCCC12)CC1CC2CCCCC2C1
C(CCC1CC2CCCCC2C1)CCC1CCCC2CCCC12
C1CCC2CCC3C4CCCCC4CCC3C2CC1
C1CCC(CCCCCC2CC3CCCCC3C2)CC1
C1CCC(CC2CC3CCCCC3C3CCC4CCCCC4C23)CC1
C1CCC(C2CCC3CC4(CCCCC4C4CCCCC4)CCCC32)CC1
C1CCC2C(C1)CCC1C3CCCC3CCC21
C1CCC(CCC2CCC3C(CCC4CCCCCC43)C2)CC1
C1CCC(C2CCC3(CCC4CC5C(CCC5C5CCCCC5)CC43)C2)CC1
C1CCC2C(C1)CCC1C3CCCCC3CCC21
C1CCC(CCC2CCC3C(CCC3C3CCCCC3)C2)CC1
C1CCC(CCCC2CCCC3C2CCC2C4CCCCC4CCC32)C1
C1CCC(CCCCCC2CCCC3C(C4CCCCC4)CCC23)CC1
C1CCC(C2CCC3CCC4C(CCC45CCCC5)CC32)CC1
C1CCC2CCC3C4CCC(CCCC5CC6CCCCC6C5)C4CCC3C2CC1
C1CCC(CCCC2CCCCC2)CC1
C1CCC2C(C1)CCCC1CCCCC12
C1CCC(CC2CCC3CC4C(CCC45CCCCC5)CC23)CC1
C1CCC(CCCCC2CCCC3CCCC23)CC1
C1CCC(C2CC3CCCC3C3CCC4CCCCCC4C23)CC1
C1CCC2C(C1)CCCC1C2CCC2C3CCCC3CC21
C1CCC(CCC2CCC(C3CCC4C(CC5CCCCC5)CCC4C3)CC2)CC1
C1CC2CCC3C(CCC4CCCCC43)CC2C1
C1CCC(CCCC2CCCC3CCC(C4CCCC5CCCC54)CC3C2)CC1
C(CCC1CCCC2CCCCC12)CCC1CCCC2CCCCC12
C1CCC2C(C1)CCC1C3CCCC3CCC21
C1CCC(C2CC3CCCC3C3CCC4CCCCC4CC23)CC1
C1CCC(C2CCC3CC4C(CCCC45CCCCC5)CC32)CC1
C1CCC(CCCCCC2CCCC3C(C4CCCCC4)CCC23)CC1
C1CCC2CC3CCC4C5CCCC5CC4C3CCC2C1
C1CCC(C2CCC(CCCC3CCC4C3CCC3C5CCCCCC5CCC43)C2)CC1
C(CCCC1CCCC2C(C3CCCCC3)CCC12)CCC1CCCCC1
C1CCC2CCC(C3CCCC4CCCC43)CC2CC1
C1CCC(CCCCC2CCC3CCCCC23)CC1
C1CCC(CCCCC2CC3CCCCC3C2)CC1
C1CCC2CC(C3CCCC4CCCC43)CCC2C1
C(CCCC1CCCC2CCCC12)CCC1CCCCC1
C1CCC(CC2CC3CCCCC3C3CCC4CCCCC4C23)CC1
C1CCC2C(C1)CCCC1C3CCCC3CCC21
C(CCC1CCCC2CCCC12)CC1CC2CCCCC2C1
C1CCC(CC2CCC3C(CCCCCC4CCC(C5CCCC5)C4)CCCC23)CC1
C1CCC(CCCC2CCC3CCC(C4CCCC5CCCC54)CC3CC2)CC1
C1CCC(CCCCCC2CCC3CCCCC23)CC1
C(CCCC1CCCCC1)CCC1CCCCC1
C1CCC(C2CC3CCCC3C3CCC4CCCCC4C23)CC1
C1CCC2CC(CC3CCCC4CCCC43)CCC2C1
C1CCC(C2CC3CCCC3C3CCC4CCCCCC4C23)CC1
C(CCCC1CCCCC1)CCCC1CCC(C2CCCCC2)C1
C1CCC2C(C1)CCC1CCCCC12
C(CCC1CCCCC2CCCCC12)CC1CCC2CCCCC2C1
C1CCC2CC(C3CCCC4CCCC43)CCC2C1
C1CCC(CC2CCC3CCCCC3C3CCC4CCCCC4C23)CC1
C1CCC(C2CC3CCCC3C3CCCC4CCCCC4C23)CC1
C(CC1CCC(C2CCCC2)CC1)CC1CCC2CCCC2C1
C1CCC2C(C1)CCCC1C3CCCC3CCC21
C1CCC(CCCCC2CC3CCCCC3C2)CC1
C1CCC(C2CCC3CC4C(CCCCC45CCCC5)CC32)CC1
C1CCC(CCCCC2CCC3C2CCC2C4CCCCCC4CCC32)CC1
C1CCC2C(C1)CCC1C3CCCC3CCC21
C(CCC1CCC2C1CCC1C3CCCCC3CCC21)CC1CC2CCCCC2C1
C1CCC2CC(CCCC3CCC4C3CCC3C5CCCCC5CCC43)CCC2C1
C(CCCC1CCCC2C(C3CCCCC3)CCC12)CCC1CCCCC1
C1CCC(CC2CCC3CCCCC3C3CCC4CCCCC4C23)CC1
C1CCC2C(C1)CCCC2CCCC1CCCC2CCCCC21
C1CCC2CC(CCCC3CCC4CC5CCC6CCCCC6C5CCC34)CCC2C1
C1CCC2C(C1)CCC1C3CCCC3CCC21
C1CCC(CCC2CCC3C(CCC3C3CCCCC3)C2)CC1
C1CCC(CCCCC2CC3CCCCC3C2)CC1
C1CCC(CCCCCC2CCCC3C(C4CCCCC4)CCC23)CC1
C1CCC(C2CC3CCCC3C3CCC4CCCCC4C23)CC1
C1CCC(C2CCC3CC4(CCCCC4C4CCCCC4)CCC32)CC1
C1CCC2CC(C3CCCC4CCCC43)CCC2C1
C(CCC1CCCC2CCCCC12)CC1CCCC2CCCCC12
C1CCC(C2CC3CCCC3C3CCC4CCCCC4C23)CC1
C1CCC(C2CCC3CCCCC3C3CCC4CCCCC4C23)CC1
C1CCC(C2CC3CCCC3C3CCCC4CCCCC4C23)CC1
C1CCC(C2CCC(CCCCCC3CCCC4CCCCC34)C2)CC1
C1CCC(CCC2CCC3C(CCC3C3CCCCC3)C2)CC1
C1CCC(C2CCC3CC4C(CCC45CCCCCC5)CC32)CC1
C1CCC(CC2CCC3CCC(C4CCCC4)CC32)C1
C1CCC(CCC2CCC3C(CCC3C3CCCCC3)C2)CC1
C1CCC(CC2CC3CCCCC3C3CCC4CCCCC4C23)CC1
C1CCC2CC(C3CCCC4CCCC43)CCC2C1
C1CCC(CCCCC2CCC3CCCCC23)CC1
C1CCC(CCCCC2CCCC3CCC(C4CCCC5CCCC54)CC23)CC1
C1CCC2CC(C3CCCC4CCCC43)CCC2C1
C1CCC2CCC3C4CCC(CCCC5CC6CCCCC6C5)C4CCC3C2CC1
C1CCC(CCC2CCCC(C3CCCC4C(C5CCCCC5)CCC34)C2)CC1
C(CCC1CCCC2CCCC12)CC1CC2CCCCC2C1
C1CCC2C(C1)CCC1C3CCCC3CCC21
C(CCC1CCCC2CCCCC12)CC1CCC2CCCCC2C1
C(CCCC1CCCC2C(C3CCCCC3)CCC12)CCC1CCCCC1
C1CCC2CC(CCCC3CCC4C5CCC6CCCCC6C(CCC34)C5)CC2C1
C1CCC2CCC(C3CCCC4CCCC43)CC2CC1
C1CCC2CC(C3CCCC4CCCC43)CCC2C1
C1CCC(C2CCC3CC4C(CCC45CCCCCC5)CC32)CC1
C1CCC(CCCCC2CC3CCCCC3C2)CC1
C1CCC(C2CC3CCCC3C3CCC4CCCCCC4C23)CC1
C1CCC(CCCCCC2CC3CCCCC3C2)CC1
C1CCC(CCCC2CCC3CCC(C4CCCC5CCCC54)CC3C2)CC1
C(CCC1CCCC2CCCC12)CC1CC2CCCCC2C1
C1CCC(CCCC2CCC3CCC(C4CCCC5CCCC54)CC3C2)CC1
C1CCC(CCCCCC2CCC3CCCCC23)CC1
C1CCC(CCC(CC2CCCCC2)C2CCCCC2)CC1
C1CCC(CCCC23CCCC2CCC2C4CCC5CCCCC5C4CCC23)C1
C(CCC1CC2CCCCC2C1)CCC1CCCC2CCCC12
C(CCC1CC2CCCCC2C1)CCC1CCCC2CCCC12
C(CCCC1CCCC2C(C3CCCCC3)CCC12)CCC1CCCCC1
C1CCC(CCCCCC2CC3CCCCC3C2)CC1
C1CCC(CC2CC3CCCCC3CC3CCC4CCCCC4C32)CC1
C1CCC(C2CCC(CC3CC4CCCCC4C4CCC5CCCCC5C34)CC2)CC1
C1CCC(CC2CC3CCCCC3C3CCC4CCCCCC4C23)CC1
C1CCC(C2CC3CCCC3C3CCC4CCCCC4C23)CC1
C1CCC(C2CC3C(CCC34CCCC4)C3CCC4CCCCC4CC23)CC1
C1CCC(CCCCC2CC3CCCCC3C2)CC1
C1CCC2CC(C3CCCC4CCCC43)CCC2C1
C1CCC(C2CC3CCCC3C3CCC4CCCCCC4C23)CC1
C1CCC(CCC2CC3CCCCC3C3CCC4CCCCC4C23)CC1
C1CCC(CCCCC2CC3CCCCC3C2)CC1
C(CCC1CCCC2CCCCC12)CC1CCC2CCCCC2C1
C1CCC(CC2CCC(CC(CC3CCCCC3)C3CCCCC3)CC2)CC1
C1CCC(CCCCCC2CCCC3C(CC4CCCCC4)CCC23)CC1
C1CCC(CCCCCC2CCCC3C(C4CCCCC4)CCC23)CC1
C1CCC(CCCCC2CCCC3CCC(C4CCCCC4)CC23)CC1
C1CCC2C(C1)CCCC1CCCCC12
C(CCCC1CCC2CCCC2C1)CCCC1CCC(C2CCCCC2)C1
C1CCC2CC(C3CCCC4CCCC43)CCC2C1
C(CCC1CCC2C1CCC1C3CCCCC3CCC21)CC1CCCC2CCCCC12
C1CCC(CCC2CCCC3CCC(C4CCCC5CCCC54)CC23)CC1
C1CCC(CC2CC3CCCCC3C3CCC4CCCCCC4C23)CC1
C1CCC2CCC(C3CCCC4CCCC43)CC2CC1
C1CCC2CCC3C4CCCC4CC(C4CCC(CCCCC5CCC6C(CCC7C8CCCC8CCC67)C5)CC4)C3C2CC1
C1CCC(C2CC3CCCC3C3CCC4CCCCCC4C23)CC1
C1CCC2CC(C3CCCC4CCCC43)CCC2C1
C1CCC(CCCCCC2CC3CCCCC3C2)CC1
C1CCC(CCCCCC2CCCC3C(C4CCCCC4)CCC23)CC1
C1CCC(CCC2CCC3C(CCC3C3CCCCC3)C2)CC1
C1CCC2C(C1)CCCC2CCCC1CCC2C(CCC3C4CCCCC4CCC23)C1
C1CCC(CC2CCC3CCCCC3C3CCC4CCCCC4C23)C1
C1CCC(C2CCC3CC4C(CCCC4CC4CCC5CCCCC54)CCC32)CC1
C(CCC1CCCC2CCCCC2C1)CCC1CCC(C2CCCCC2)C1
C1CCC2CCC(C3CCCC4CCCC43)CC2CC1
C(CCC1CCCC2CCCCC12)CC1CCC2CCCCC2C1
C1CCC(C2CCC3C(CCCCCC4CCC(CC5CCCC5)C4)CCCC23)CC1
C(CCCC1CCCC2C(C3CCCCC3)CCC12)CCC1CCCCC1
C1CCC2CC(CCCC3CCC4C3CCC3C5CCCCC5CCCC43)CC2C1
C1CCC(C2CCC3CC4(CCCCC4C4CCCCC4)CCC32)CC1
C1CCC(CCCCCC2CCCC3C(C4CCCCC4)CCC23)CC1
C(CCC1CCCC2CCCC12)CC1CC2CCCCC2C1
C1CCC(CCCCCC2CCCC3C(C4CCCCC4)CCC23)CC1
C1CCC(CCCCC2CCC3CCCCC3C2)CC1
C(CCC1CCCC2CCCCC12)CC1CCC2CCCCC2C1
C1CCC2CC(CC3CCCC4CCCC43)CCC2C1
C1CCC(C2CCC3CCC4CCCCC4C3CC2)CC1
C1CCC(CC2CC3CCCCC3C3CCC4CCCCC4C23)C1
C1CCCC(C2CC3CCCC3C3CCC4CCCCC4C23)CC1
C1CCC(CC2CC3CCCCC3C3CCC4CCCCC4C23)CC1
C1CCC(C2CCC3CC4C(CCCCC5CC5)CCCC4CC32)CC1
C1CCC2CCC3C4CCCC4CCC3C2CC1
C1CCC(CCCCCC2CCCC3C(CC4CCCCC4)CCC23)CC1
C(CCC1CCCC2CCCC12)CC1CC2CCCCC2C1
C1CCC2CCC(C3CCCC4CCCC43)CC2CC1
C1CCC(CCCCCC2CCCC3C2CCC3C2CCC(CC3CCC3)CC2)CC1
C(CCCC1CCCCC1)CCCC1CCC(C2CCCCC2)C1
C1CCC(CCCCCC2CCCC3C(C4CCCCC4)CCC23)CC1
C1CCC2CCC3C4CCCC4CCC3C2CC1
C(CCCC1CCCCC1)CCCC1CCC(C2CCCCC2)C1
C(CCCC1CCCC2CCCC12)CCC1CCCCC1
C1CCC(CC2CCC(CC(CC3CCCCC3)C3CCCCC3)CC2)CC1
C1CCC(CCC2CCC3C(CCC3C3CCCCC3)C2)CC1
C1CCC2C(C1)CCC1C3CCCCC3CCC21
C1CCC(CCC2CCC3C2CCC(C2CCCCC2)C2C4CCCCC4CCC32)CC1
C1CCC(C2CCC3CC4C(CCC45CCCC5)CC32)CC1
C1CCC(CCCCCC2CCCC3C(C4CCCCC4)CCC23)CC1
C1CCC(CCCCCC2CC3CCCCC3C2)CC1
C(CCCC1CCCC2CCCC12)CCC1CCC2CCCCC2C1
C1CCC(CCCC2CCC3CCC(C4CCCC5CCCC54)CC3C2)CC1
C1CCC(CC2CCC3CC4(CCCCCC4C4CCCCC4)CCC23)CC1
C1CCC(CC2CCC3C(CCC3C3CCCCC3)C2)CC1
C1CCC(C2CCC3C(CCCC4CCCCC43)C2)CC1
C1CCC(CC2CCC(CC(CC3CCCCC3)CC3CCCCC3)CC2)CC1
C1CCC(C2CCC3CC4C(CCC5C6CCC(CCCC7CC8CCCCC8C7)C6CCC45)CC32)CC1
C(CCC1CCC2C1CCC1C3CCCCC3CCC21)CC1CC2CCCCC2C1
C1CCC(CCCCCC2CCCC3C(C4CCCCC4)CCC23)CC1
C(CCCC1CCCCC1)CCCC1CCC(C2CCCCC2)C1
C1CCC(C2CCC3CC4C(CCCC5CC5)CCCC4CC32)CC1
C1CCC(CC2CC3CCCCC3C3CCC4CCCCCC4C23)CC1
C1CCC2CCC3C(CCC4C5CCCC5CC43)C2CC1
C(CCCC1CCCC2C(C3CCCCC3)CCC12)CCC1CCCCC1
C1CCC(CCCCC2CCC3CCCCC23)CC1
C1CCC2C(C1)CCC1C3CCCC3CCC21
C1CCC(CCC2CCC3C(CCC4CC(C5CCCCC5)CCCC43)C2)CC1
C1CCC(C2CCC3C(CCC4CCCCC43)C2)CC1
C1CCC(CCCCC2CCC3CCCCC23)CC1
C1CCC(CCC2CCC(CCC3CCCC(CC4CCCCC4)C3)CC2)CC1
C(CCCC1CCCCC1)CCCC1CCC(C2CCCCC2)C1
C1CCC2C(C1)CCC1C3CCCC3CCC21
C1CCC2C(C1)CCC1C3CCCC3CCC21
C1CCC(C2CCC(CCCCC3CCC4C3CCC3C5CCCCC5CCC43)C2)CC1
C1CCC(CCCCCC2CCC3CCCCC23)CC1
C1CCC(CCCC2(CCCC3CC4CCCCC4C3)CCC3C4CCC5CCCCC5C4CCC32)C1
C1CCC(C2CC3CCCCC3C3CCC4CCCCC4C23)CC1
C1CCC(C2CCC(C3CC4CCCC4C4CCC5CCCCC5C34)CC2)CC1
C(CCC1CCCCC2CCCCC12)CC1CCC2CCCCC2C1
C(CCCC1CCCC2C(C3CCCCC3)CCC12)CCC1CCCCC1
C1CCC(CCCCCC2CCCC3C(CC4CCCCC4)CCC23)CC1
C1CCC(CCCC(CCC2CCC3C(CCC3C3CCCCC3)C2)C2CCCCC2)CC1
C1CCC(CC2CCC3C(CCC3C3CCCCC3)C2)CC1
C1CCC(C2CCC(CCCCCC3CCCC4CCCCC34)C2)CC1
C1CCC(CCC2CCC3C(CCC3C3CCCCC3)C2)CC1
C1CCC(C2CC3CCCC3C3CCC4CCCCCC4C23)CC1
C1CCC(CCCCC2CCC3CCCCC23)CC1
C1CCC2CCC(C3CCCC4CCCC43)CC2CC1
C1CCC(C2CC3CCCCC3C3CCCCC23)CC1
C(CCCCC1CCC(C2CCCCC2)C1)CCCC1CCCCC1
C1CCC2C(C1)CCC1CCCCC12
C1CCC(CCCC2CCCC(C3CCC4CC(CCC5CCC6CCCCC6C5)CCC43)C2)CC1
C1CCC2CC(C3CCCC4CCCC43)CCC2C1
C1CCC(C2CCC3C(CCCCCC4CCC4)CCCC23)CC1
C(CCCC1CCCC2C1CCC2C1CCCC(CC2CCCC2)C1)CCC1CCCCC1
C1CCC(CCC2CCCC3CC4C(CCC4C4CCCCC4)CC23)CC1
C1CCC(C2CCC3CCCC3C3CCC4CCCCC4C23)CC1
C1CCC(CC2CC3CCCCC3C3CCC4CCCCC4C23)C1
C1CCC2CC(C3CCCC4CCCC43)CCC2C1
C1CCC(CC2CCC3CCCCC3C3CCC4CCCCC4C23)CC1
C1CCC2C(C1)CCCC1C2CCC2C3CCCC3CC21
C1CCC(C2CC3CCCC3C3CCC4CCCCC4C23)CC1
C1CCC(CCCCCC2CCCC3C(C4CCCCC4)CCC23)CC1
C1CCC(CCC2CCC(C3CC3)CC2)CC1
C1CCC(CCCCCC2CCCC3C(C4CCCCC4)CCC23)CC1
C1CCC2C(C1)CCCC1C2CCC2C3CCCC3CC21
C1CCC(CCCCCC2CCCC3C2CCC3C2CCCC(CC3CCC3)C2)CC1
C1CCC2C(C1)CCC1C3CCCC3CCC21
C1CCC2CC(CCCC3CCC4C5CCC6CCCCC6C(CCC34)C5)CCC2C1
C1CCC(C2CC3CCCC3C3CCC4CCCCC4C23)CC1
C1CCC(C2CCC3CC4CCCCC4CCC32)CC1
C1CCC(CCC2CCC3C(CCC3C3CCCCC3)C2)CC1
C1CCC2C(C1)CCCC1CCCCC12
C1CCC(CCCCC2CC3CCCCC3C2)CC1
C1CCC(C2CC3CCCC3C3CCC4CCCCC4C23)CC1
C1CCC(C2CCC3CC4(CCCCC4C4CCCCC4)CCCC32)CC1
C1CCC(CCCCCC2CC3CCCCC3C2)CC1
C1CCC(CCCCC2CC3CCCCC3C2)CC1
C1CCC(CCCCC2CCCC3CCC(C4CCCCC4)CC23)CC1
C1CCC(CC2CC3CCCCC3C3CCC4CCCCCC4C23)CC1
C1CCC(C2CCC3CCC4CCCCC4C3CC2)CC1
C1CCC(C2CCC3CC4C(CCC45CCCC5)CC32)CC1
C1CCC2CC(C3CCCC4CCCC43)CCC2C1
C1CCC2CC(CCCC3CCC4C5CCC6CCCCC6C(CCC34)C5)CC2C1
C1CCC(CCC2CCC(C3CC3)CC2)CC1
C1CCC(C2CC3CCCC3C3CCC4CCCCCC4C23)CC1
C1CCC(C2CC3CCCC3C3CCC4CCCCCC4C23)CC1
C1CCC(CC2CCC3(CCC4CC5C(CCC5C5CCCCC5)CC43)C2)CC1
C1CCC(C2CCC(CCCC3CCC4C3CCC3C5CCCCC5CCCC43)C2)CC1
C1CCC2CCC3C4CCC(CCCC5CC6CCCCC6C5)C4CCC3C2CC1
C1CCC(CCC2CCC3C(CCC3C3CCCCC3)C2)CC1
C1CCC2C(C1)CCC1CCCCC12
C1CCC(CCCC2CCCC3CCC(C4CCCC5CCCC54)CC23)CC1
C1CCC2CCC3C4CCCCC4CCC3C2CC1
C1CCC(C2CCC3CC4C(CCCC4CC4CCC5CCCCC54)CCC32)CC1
C1CCC(CCC2CCC3C(CCC3C3CCCCC3)C2)CC1
C1CCC2CC(C3CCCC4CCCC43)CCC2C1
C1CCC(CCCCC2CC3CCCCC3C2)CC1
C1CCC(CCCCC2CC3CCCCC3C2)CC1
C1CCC(CC2CC3CCCCC3C3CCC4CCCCC4C23)C1
C(CCCCC1CCC(C2CCCCC2)C1)CCCC1CCC2CCCC2C1
C1CCC(CCC2CCCC3C2CCC2C4CCCCC4CCC32)C1
C1CCC(CCCC2CCC(CCC3CCCC(CC4CCCC4)C3)CC2)CC1
C1CCC(C2CCC3CC4C(CCC45CCCCC5)CC32)CC1
C1CCC(CCCC2CCC3CCC(C4CCCC5CCCC54)CC3C2)CC1
C1CCC(CCC2CC3CCCC3C3CCC4CCCCC4C23)CC1
C1CCC(C2CC3CCCCC3C3CCC4CCCCC4C23)CC1
C1CCC(CCCC2CCC3CCC(C4CCCC5CCCC54)CC3C2)CC1
C1CCC2C(C1)CC(C1CCCC1)C1CCCCC21
C1CCC(CCC(CCCC2CCC3CCCC3C2)CC2CCCCC2)CC1
C1CCC(CCC(CCC2CCC3CCCCC3C2)CC2CCCCC2)CC1
C1CCC(CC2CC3CCCCC3C3CCC4CCCCC4C23)CC1
C1CCC(CC2CC3CCCCC3C3CCC4CCCCC4C23)CC1
C1CCC2CCC(C3CCCC4CCCC43)CC2CC1
C1CCC(C2CCC(CCCC3CCC4C3CCCC3C5CCCCC5CCC34)C2)CC1
C1CCC2CC(C3CCCC4CCCC43)CCC2C1
C1CCC(C2CCC3CC4C(CCC5C6CCC(CCCC7CCC8CCCCC8C7)C6CCC45)CC32)CC1
C1CCC2CCC(C3CCCC4CCCC43)CC2CC1
C1CCC2CC(C3CCCC3)C3CCCC3C2CC1
C1CCC(CCCCCC2CCCC3C(C4CCCCC4)CCC23)CC1
C(CCC1CCC2CCCCC2C1)CCC1CCCC2CCCCC12
C1CCC(C2CCC3CC4C(CCCC45CCCC5)CC32)CC1
C1CCC2CCC(C3CCCC3)CC2CC1
C1CCC(CCC2CCC(C3CC3)CC2)CC1
C1CCC(CCCCC2CC3CCCCC3C2)CC1
C1CCC(CC2CC3CCCCC3CC3CCC4CCCCC4C32)CC1
C1CCC(CCC2CCC3C(CCC3C3CCCCC3)C2)CC1
C1CCC(C2CC3CCCCC3C3CCCCC23)CC1
C1CCC(CC2CCC3C(CCCCCC4CC4)CCCC23)CC1
C1CCC2CCC3C4CCCCC4CCC3C2CC1
C1CCC(CCCC2CCC3C2CCC2C4CCC5CCC(C6CCCCC6)C5CC4CCC32)CC1
C1CCC(CCCCCC2CC3CCCCC3C2)CC1
C1CCC(CCC2CCC3C(CC4CCCCC4)CCC3C2)CC1
C1CCC(CCCCC2CCC3CCC(C4CCCC5CCCC54)CC3C2)CC1
C1CCC(C2CCC3CC4C(CCCC45CCCC5)CC32)CC1
C1CCC2CC(CC3CCCC4CCCC43)CCC2C1
C1CCC(CCCCC2CC3CCCCC3C2)CC1
C1CCC2CC(C3CCCC4CCCCC43)C3CCCC3C2CC1
C1CCC(CC2CCC3C(CCC4CCCCC43)C2)CC1
C1CCC(C2CCC3CC4C(CCC5C6CCC(CCCC7CCC8CCCCC8C7)C6CCC45)CC32)CC1
C1CCC(CCCC2CCCC3CCC(C4CCCC5CCCC54)CC3C2)CC1
C1CCC(C2CCC3CC4C(CCCC45CCCC5)CCC32)CC1
C1CCC2CCC3C4CCCC4CCC3C2CC1
C1CCC2CCC(C3CCCC4CCCC43)CC2CC1
C1CCC(C2CCC3CCCC3C3CCC4CCCCC4C23)CC1
C1CCC(CCC2CCCC(C3CCCC4C(C5CCCCC5)CCC34)C2)CC1
C1CCC(C2CC3CCCC3C3CCC4CCCCC4C23)CC1
C1CCC2CCC(C3CCCC4CCCC43)CC2CC1
C1CCC2C(C1)CCC1C3CCCC3CCC21
C1CCC(CCCCCC2CCCC3C(CC4CCCCC4)CCC23)CC1
C1CCC(CC2CCC3CC4C(CCCC5CC5)CCCC4CC23)CC1
C1CCC(CCC(CC2CCCC2)CC2CC3CCCCC3C2)CC1
C1CCC(CCCC2CCC3CCC(C4CCCC5CCCC54)CC3C2)CC1
C(CCCCC1CCC(C2CCCCC2)C1)CCCC1CCCCC1
C1CCC2CCC3CCCCC3C2CC1
C1CCCC(C2CC3CCCC3C3CCC4CCCCC4C23)CC1
C(CCC1CC2CCCCC2C1)CCC1CCCC2CCCC12
C1CCC(C2CC3CCCC3C3CCC4CCCCC4C23)CC1
C1CCC2CC(CCCC3CCC4C3CCC3C5CCCCC5CCC43)CC2C1
C(CCC1CCCC2CCCC12)CC1CC2CCCCC2C1
C1CCC2CC(C3CCCC4CCCC43)CCC2C1
C1CCC(C2CC3CCCC3C3CCCC4CCCCC4C23)CC1
C1CCC(CCCCC2CC3CCCCC3C2)CC1
C1CCC(CCCCCC2CCCC3C(C4CCCCC4)CCC23)CC1
C(CCC1CCCC2CCCC12)CC1CCCC2CCCCC12
C1CCC(CCCCCC2CC3CCCCC3C2)CC1
C(CCCC1CCCCC1)CCC1CCCCC1
C1CCC(CC2CC3CCCCC3C3CCC4CCCCC4C23)CC1
C1CCC(CCCCCC2CC3CCCCC3C2)CC1
C1CCC2C(C1)CCC1CCCCC12
C(CCCC1CCCC2C(C3CCCCC3)CCC12)CCC1CCCCC1
C1CCC2CCC3CCCCC3C2CC1
C1CCC(C2CC3CCCC3CC3CCC4CCCCC4C32)CC1
C1CCC2CC(CCCC3CCCC4C3CCC3C5CCCCC5CCC43)CC2C1
C1CCC(CCC2CCC3C(CCC3C3CCCCC3)C2)CC1
C1CCC(CCCCC2CC3CCCCC3C2)CC1
C1CCC(CC2CC3CCCCC3C3CCC4CCCCCC4C23)CC1
C1CCC2CCC3C4CCC(CCCC5CC6CCCCC6C5)C4CCC3C2CC1
C1CCC(CCCCCC2CCCC3C(C4CCCCC4)CCC23)CC1
C1CCC2CC(C3CCCC4CCCC43)CCC2C1
C1CCC(CCC2CCCCC2CC2CC3CCCCC3C3CCC4CCCCC4C23)CC1
C1CCC2CC(CC3CCCC4CCCC43)CCC2C1
C1CCC(C2CC3CCCCC3C3CCCCC3C2)C1
C1CCC2CCC3C4CCC(CCCC5CC6CCCCC6C5)C4CCC3C2CC1
C1CCC2CC(C3CCCC4CCCC43)CCC2C1
C1CCC(C2CC3CCCC3C3CCC4CCCCCC4C23)CC1
C(CCCCC1CCC(C2CCCCC2)C1)CCCC1CCCCC1
C1CCC(CCC2CCC(CCC3CCCC(CC4CCCC4)C3)CC2)CC1
C(CCC1CCC2C(CCC3C4CCCC4CCC23)C1)CC1CCC(C2CC3CCCC3C3CCC4CCCCC4CC23)CC1
C(CCCC1CCCC2C(C3CCCCC3)CCC12)CCC1CC1
C1CCC(CCCCC2CCC3CCC(C4CCCC5CCCC54)CC3C2)CC1
C(CCCC1CCCC2CCCCC12)CCC1CCC(C2CCCCC2)C1
C1CCC2CC(CCCC3CCC4C3CCC3C5CCCCC5CCC43)CCC2C1
C1CCC(C2CC3CCCC3C3CCCC4CCCCC4C23)CC1
C1CCC(CCCCCC2CCCC3C(C4CCCCC4)CCC23)CC1
C1CCC(C2CC3CCCC3C3CCC4CCCCC4C23)CC1
C1CCC(CC2CC3CCCCC3CC3CCC4CCCCC4C32)CC1
C1CCC(CCCCCC2CCCC3C(C4CCCCC4)CCC23)CC1
C1CCC2CCC(C3CCCC4CCCC43)CC2CC1
C1CCC2CCC3CCCCC3C2CC1
C(CCCC1CCCC2C(C3CCCCC3)CCC12)CCC1CCC(C2CCCC2)C1
C1CCC2CC(CCCC3CCC4C3CCC3C5CCCCC5CCC43)CC2C1
C1CCC(C2CCC3CC4C(CCCC45CCCC5)CC32)CC1
C1CCC2C(C1)CC(C1CCCC3CCCC31)C1CCCC21
C1CCC(C2CCC3CC4C(CCC45CCCCC5)CC32)CC1
C1CCC(C2CCC3CC4C(CCC32)CCC42CCCCC2)CC1
C1CCC(CC2CCC3C(CCC3C3CCCCC3)C2)CC1
C(CC1CCC(C2CCCC2)CC1)CC1CCC2CCCC2C1
C(CCC1CCC2CCCCC2C1)CCC1CCCC2CCCCC12
C(CCC1CCCC2CCCCC12)CCC1CCCC2CCCC12
C1CCC(CCCCC2CCC3CCCCC23)CC1
C1CCC2CC(C3CCCC4CCCC43)CCC2C1
C1CCC(CCC2CCC3C(CCC3C3CCCCC3)C2)CC1
C1CCC(CCCC2CCC3CCC(C4CCCC5CCCC54)CC3C2)CC1
C1CCC(CCCCCC2CCC3CCCCC23)CC1
C1CCC(CC2CCC3C(CCC3C3CCCCC3)C2)CC1
C1CCC(CCCCC2CCC3CCCCC23)CC1
C(CC1CCC2CCCC2C1)CC1CCC2CCC(C3CCCC4CCCC43)CC2C1
C1CCC(C2CC3CCCC3C3CCC4CCCCC4C23)CC1
C1CCC(CCCCC2CCC3CCCCC23)CC1
C1CCC2CCC3C4CCC(CCCC5CC6CCCCC6C5)C4CCC3C2CC1
C1CCC(CCCCCC2CCCC3C(C4CCCCC4)CCC23)CC1
C1CCC2C(C1)CCC1C3CCCCC3CCC21
C(CCCCCCC1CCC2C1CCC1C3CCCCC3CCCC21)CCCCCC1CCC(CCC2CCC(CCC3CCCC3)C2)C1
C1CCC(CC2CC3CCCCC3C3CCC4CCCCC4C23)CC1
C1CCC(CCC2CCC3C(CCC4CCCCC43)C2)CC1
C(CCC1CCC2C1CCC1C3CCCCC3CCC21)CC1CC2CCCCC2C1
C(CCCC1CCCC2C(C3CCCCC3)CCC12)CCC1CCC(C2CCCC2)C1
C1CCC(C2CC3CCCC3CC3CCC4CCCCC4C32)CC1
C1CCC2CCC(C3CCCC4CCCC43)CC2CC1
C1CCC(C2CC3CCCC3C3CCC4CCCCC4C23)CC1
C1CCC(CCC2CC3CCCCC3C3CCC4CCCCC4C23)CC1
C1CCC(CCC2CCC(CCC3CCCC(CCC4CCCC4)C3)CC2)CC1
C1CCC(CCC2CCC3C(CCC3C3CCCCC3)C2)CC1
C1CCC2C(C1)CCC1C3CCCCC3CCC21
C1CCC(C2CC3CCCCC3C3CCC4CCCCC4C23)CC1
C1CCC2CCC3C4CCCC4CCC3C2CC1
C(CCC1CCC2CCCCC2C1)CCC1CCCC2CCCCC12
C1CCC(CCC(CC2CCCCC2)C2CCCCC2)CC1
C1CCC(CCCCCC2CCCCC2)CC1
C1CCC(CCC(CCC2CCC3CCCCC3C2)CC2CCCCC2)CC1
C1CCC(CCCCCC2CC3CCCCC3C2)CC1
C1CCC2C(C1)CCCC1C3CCCC3CCC21
C1CCC2CCC3C4CCCC4CCC3C2CC1
C1CCC(CCCCCC2CCC3CCCCC23)CC1
C(CCC1CCCC2CCCC12)CC1CC2CCCCC2C1
C1CCC(C2CC3CCCC3C3CCC4CCCCC4C23)CC1
C1CCC(CC2CCC3C(CCC3C3CCCCC3)C2)CC1
C1CCC(C2CC3CCCC3C3CCC4CCCCCC4C23)CC1
C1CCC(CCCC2CCCC3CCC(C4CCCC5CCCC54)CC3C2)CC1
C1CCC(CCC2CCC(C3CCC4C(CCC4C4CCCCC4)C3)CC2)CC1
C1CCC2CCC(C3CCCC4CCCC43)CC2CC1
C1CCC(CCC2CCC3C(CCC3C3CCCCC3)C2)CC1
C1CCC(C2CCC(C3CC4CCCC4C4CCC5CCCCC5C34)CC2)CC1
C1CCC(C2CCC3CC4CCCCC4CC32)CC1
C(CCC1CCC2CCCCC2C1)CCC1CCCC2CCCCC12
C1CCC(CCC2CCC3C(CCC3C3CCCCC3)C2)CC1
C1CCC(CCC2CCC3C(CCC3C3CCCC(CCCC4CCCC4)C3)C2)CC1
C(CCC1CCCC2CCCCC12)CC1CC2CCCCC2C1
C1CCC(CCC2CCC3C(CCC4CC(C5CCCCC5)CCC43)C2)CC1
C1CCC(CC2CC3CCCCC3C3CCC4CCCCCC4C23)CC1
C1CCC2CC(CCCC3CCC4C3CCC3C5CCCCC5CCC43)CC2C1
C1CCC(CCCC2CCCC3CCC(C4CCCC5CCCC54)CC3C2)CC1
C1CC(C2CCC(C3CC4CCCC4C4CCC5CCCCC5C34)CC2)C1
C1CCC(C2CCC(CCCCCC3CCCCC4CCCCC34)C2)CC1
C1CCC2C(C1)CCC1C3CCCCC3CCC21
C1CCC(C2CCC3C(CCC4CCCCC43)C2)CC1
C1CCC(CC2CCC3C(CCC3C3CCCCC3)C2)CC1
C1CCC(CCCCC2CCC3CCCCC23)CC1
C1CCC(CCCCC2CC3CCCCC3C2)CC1
C1CCC(CCCCCC2CCCC3C(C4CCCCC4)CCC23)CC1
C1CCC(CC2CC3CCCCC3C2C2CCCCC2)CC1
C(CCC1CCCC2CCCC12)CC1CC2CCCCC2C1
C1CCC(CCC2CCC3C(CCC4CC(CC5CCCCC5)CCC43)C2)CC1
C1CCC(CCCCCC2CCC3CCCC3C2)CC1
C(CCCC1CCCCC1)CCCC1CCC(C2CCCCC2)C1
C1CCC2CCC(C3CCCC4CCCC43)CC2CC1
C1CCC(CCC(CCC2CCC3CCCC3C2)CC2CCCCC2)CC1
C1CCC(C2CCC(CCCC3CCC4C3CCC3C5CCCCCC5CCC43)C2)CC1
C1CCC(CC2CC3CCCCC3C3CCC4CCCCC4C23)CC1
C1CCC(C2CC3CCCC3C3CCC4CCCCC4C23)CC1
C(CCCC1CCCCC1)CCCC1CCC(C2CCCCC2)C1
C1CCC(CCC2CCC3C2CCC(C2CCCCC2)C2C4CCCCC4CCC32)CC1
C1CCC2C(C1)CCC1CCCCC12
C1CCC(C2CCC3CC4C(CCC32)CCC2C3CCC(CCCC5CC6CCCCC6C5)C3CCC42)CC1
C1CCC(CCCC2CCC3CCC(C4CCCC5CCCC54)CC3C2)CC1
C1CCC(CCC2CCC(CC3CCC4C(CCC4C4CCCCC4)C3)CC2)CC1
C1CCC(CCCC2CCC3C(CCC3C3CCCC(CCC4CCCC4)C3)C2)CC1
C1CCC2CC(C3CCCC4CCCC43)CCC2C1
C1CCC(CC2CCC3CC4C(CCC45CCCC5)CC23)CC1
C1CCC(CCC2CCC3C(CCC4CCCCC43)C2)CC1
C1CCC(CCC2CCC(CCC3CCCC(CC4CCCC4)C3)CC2)CC1
C(CCCC1CCCCC1)CCCC1CCC(C2CCCCC2)C1
C1CCC(C2CC3CCCC3C3CCC4CCCCC4C23)CC1
C1CCC(CC2CCC3C(CC4CCCCC4)CCC3C2)CC1
C(CCCC1CCCC2C(C3CCCCC3)CCC12)CCC1CCCCC1
C(CCCC1CCCC2C(C3CCCCC3)CCC12)CCC1CCCCC1
C1CCC2C(C1)CCCC1CCCCC12
C(CCC1CCC2CCCCC2C1)CCC1CCCC2CCCCC12
C1CCC2CC(CC3CCCC4CCCC43)CCC2C1
C1CCC(C2CCC3CC4C(CCC45CCCCC5)CC32)CC1
C1CCC2C(C1)CCC1C3CCCC3CCC21
C1CCC(CC2CCC3CC4C(CC5CCC6CCCCC65)CCCC4CC23)CC1
C1CCC(CCCC2CCC3C(CCC3C3CCCCC3)C2)CC1
C1CCC(C2CCC3CCCCC3C3CCC(CCC4CCCC4)CC23)CC1
C1CCC2CCC3C4CCC(CCCC5CCCC6CCCCC65)C4CCC3C2CC1
C1CCC(C2CC3CCCCC3C3CCC4CCCCC4C23)CC1
C1CCC(CCC2CC3CCCC3CC3CCC4CCCCC4C23)CC1
C1CCC(CCC2CCC3C(CCC4C5CCCC5CCC34)C2)CC1
C1CCC2C(C1)CCCC2CCCC1CCCC2CCCCC21
C1CCC2CC(CC3CCCC4CCCC43)CCC2C1
C1CCC(CCCCC2CC3CCCCC3C2)CC1
C1CCC(CCCCC2CC3CCCCC3C2)CC1
C1CCC2C(C1)CCC1C3CCCC3CCCC21
C1CCC(C2CC3CCCC3C3CCC4CCCCC4C23)CC1
C1CCC2C(C1)CCC1C3CCCC3CCC21
C1CCC(C2CCC3CC4C(CCC45CCCCCC5)CC32)CC1
C1CCC(CCC2CCC(C3CCC3)CC2)CC1
C1CCC(CCCC2CC3CCCC3C3CCC4CC(CCC5CCCCC5)CCC4C23)CC1
C1CCC(C2CCC3CC4C(CCC5C6CCC(CCCCC7CC8CCCCC8C7)C6CCC45)CC32)CC1
C1CCC(CCCCCC2CC3CCCCC3C2)CC1
C1CCC(CCCCCC2CCCC3C(C4CCCCC4)CCC23)CC1
C(CCCC1CCCC2CCCCC12)CCC1CCC(C2CCCCC2)C1
C1CCC(C2CCC3CC4C(CCCC5C6CCC(CCCC7CCC8CCCCC8C7)C6CCC45)CC32)CC1
C1CCC(C2CC3CCCC3C3CCC4CCCCC4C23)CC1
C1CCC2CCC3C(CCC4C5CCCC5CC43)C2CC1
C1CCC(C2CCC3CC4C(CCC5C6CCC(CCCCC7CC8CCCCC8C7)C6CCC45)CC32)CC1
C1CCC(CCCCCC2CCC3CCCCC23)CC1
C1CCC(CCC2CCC3C(CCC4C5CCCC5CC(CCC5CCCCC5)C34)C2)CC1
C1CCC(C2CC3CCCC3C3CCC4CCCCC4C23)CC1
C1CCC2C(C1)CCC1C2CCC2C3CCCCC3CC21
C(CCC1CCCC2CCCCC12)CC1CC2CCCCC2C1
C1CCC(CCCCCC2CCC3C2CCC2C4CCCCC4CCC32)CC1
C1CCC(CCCCC2CC3CCCCC3C2)CC1
C1CCC(CCCCCC2CCCC3C(CC4CCCCC4)CCC23)CC1
C(CCC1CCC2C1CCC1C3CCCCC3CCC21)CC1CC2CCCCC2C1
C1CCC(C2CCC3C(CCC4CCCCC43)C2)CC1
C(CCCC1CCCC2C(C3CCCCC3)CCC12)CCC1CCCCC1
C1CCC(C2CCC3CC4C(CCC5C6CCC(CCCCC7CCC8CCCCC8C7)C6CCC45)CC32)CC1
C1CCC(C2CCC(CCCC3CCC4C3CCC3C5CCCCC5CCC43)C2)CC1
C1CCC(CCC(CC2CC3CCCCC3C2)C2CCC2)CC1
C1CCC(C2CCC3CC4C(CCC45CCCC5)CC32)CC1
C1CCC(CCCCCC2CC3CCCCC3C2)CC1
C1CCC(C2CCC3C(CCCCCC4CC4)CCCC23)CC1
C1CCC(C2CCC3CC4C(CCC5C6CCC(CCCC7CCC8CCCCC8C7)C6CCCC45)CC32)CC1
C1CCC(CCC2CCC3C(CCC4CCCCCC43)C2)CC1
C1CCC(CCCCC2CCC3C2CCC2C4CCCCCC4CCC32)CC1
C1CCC(CCCCC2CCCC(C3CCC4CC(CCC5CCC6CCCCC6C5)CCC43)C2)CC1
C1CCC(CCCCC2CCC3CCC(C4CCCC5CCCC54)CC3C2)CC1
C1CCC2C(C1)CCC1C2CCC2C3CCCC3CC21
C1CCC(C2CCC3CC4C(CCC45CCCCCC5)CC32)CC1
C1CCC2C(C1)CCC1C3CCCC3CCC21
C(CCC1CCCCC2CCCCC12)CC1CCC2CCCCC2C1
C1CCC(C2CCC3CC4CCCCC4CC32)CC1
C1CCC(CCC2CCC3C(CCC3C3CCCCC3)C2)CC1
C1CCC(C2CC3CCCC3C3CCC4CCCCCC4C23)CC1
C1CCC(CCCCC2CCC3CCCCC23)CC1
C1CCC(CCC(CC2CCCCC2)C2CCCCC2)CC1
C1CCC(C2CCC3C(CCCCCC4CC4)CCCC23)CC1
C1CCC(C2CCC3CC4(CCCCCC4C4CCCCC4)CCC32)CC1
C(CCC1CCCC2CCCCC12)CC1CCCC2CCCCC12
C1CCC(CCC(CCC2CCCCC2)CCC2CCC3CCCC3C2)CC1
C1CCC(C2CCCC3C(CCC4CCCCC43)C2)CC1
C(CCC1CCCC2CCCCC12)CC1CCC2CCCCC2C1
C1CCC2CC(CCCC3CCC4C3CCCC3C5CCCCC5CCC34)CCC2C1
C1CCC2CCCCC2C(CCCCC2CCCC3CCCCC23)C1
C(CCCC1CCCCC1)CCCC1CCC(CC2CCCCC2)C1
C1CCC(C2CCC(CCCCCC3CCCC4CCCCC34)C2)CC1
C1CCC(CCCCC2CC3CCCCC3C2)CC1
C1CCC(CCCC2CCCC(C3CCC4CC(CCC5CCC6CCCCCC6C5)CCC43)C2)CC1
C1CCC(C2CC3C(CCC4CC4)CCCC3C3CCC4CCCCC4C23)CC1
C1CCC(CCCCCC2CCC3CCCC3C2)CC1
C1CCC(C2CCC3C(CCCCCC4CC4)CCCC23)CC1
C1CCC(C2CCC3C(CCC4CCCCC43)C2)CC1
C1CCC2CCC3C4CCCCC4CC(CC4CCCC4)C3C2CC1
C1CCC(CCCCCC2CC3CCCCC3C2)CC1
C1CCC(C2CC3CCCCC3C3CCCCC23)CC1
C1CCC2CC(CCCC3CCC4C3CCC3C5CCCCC5CCC43)CC2C1
C1CCC2CC(C3CCCC4CCCC43)CCC2C1
C1CCC(C2CCC3C(CCCC4CCCCC43)C2)CC1
C1CCC2C(C1)CCCC2CCCC1CCCC2CCCCC21
C1CCC(CCCCCC2CCC3CCCCC23)CC1
C1CCC(CCCCCC2CC3CCCCC3C2)CC1
C1CCC(CCCCC2CC3CCCCC3C2)CC1
C1CCC2CCC(C3CCCC4CCCC43)CC2CC1
C1CCC2CCC3C4CCCCC4CC(CC4CCCC4)C3C2CC1
C(CCC1CCC2C(CCC3C4CCCC4CCC23)C1)CC1CCC(C2CC3CCCC3C3CCC4CCCCC4C23)CC1
C1CCC(C2CCC3CC4C(CCC32)CCC2C3CCC(CCCC5CC6CCCCC6C5)C3CCC42)CC1
C1CCC(CCCCCC2CCCC3C2CCC3C2CCC(CC3CC3)CC2)CC1
C1CCC2C(C1)CCC1CCCCC12
C1CCC(C2CCC3(CCC4CC5C(CCC5C5CCCCC5)CC43)C2)CC1
C1CCC(CCC2CCC3C(CC4CCCCC4)CCC3C2)CC1
C1CCC(C2CC3CCCC3C3CCCC4CCCCC4C23)CC1
C1CCC(CCCC2CCC3CCC(C4CCCC5CCCC54)CC3C2)CC1
C1CCC(CCCCCC2CCCC3C(C4CCCCC4)CCC23)CC1
C1CCC2C(C1)CCC1C3CCCC3CCC21
C1CCC2C(C1)CC(C1CCCC1)C1CCCC21
C1CCC(C2CCC3CC4CCCCC4CC32)CC1
C1CCC(CCCCCC2CC3CCCCC3C2)CC1
C1CCC(CCCC2CCC3CCC(C4CCCC5CCCC54)CC3C2)CC1
C1CCC(C2CCC3C(CCC4CCCCC43)C2)CC1
C1CCC(CCCCCC2CCC3CCCCC23)CC1
C1CCC2CCC3C4CCCC4CCC3C2CC1
C(CCC1CCCC2CCCCC12)CC1CC2CCCCC2C1
C1CCC(CCC2CCC3C(CCC3C3CCCCC3)C2)CC1
C1CCC(C2CCC3CC4C(CCC5C6CCC(CCCCC7CCC8CCCCC8C7)C6CCC45)CC32)CC1
C1CCC(CCCCC2CCC3CCC(C4CCCC5CCCC54)CC3C2)CC1
C1CCC(C2CC3CCCC3C3CCC4CCCCCC4C23)CC1
C1CCC(CCCC2CCC(C3CC3)CC2)CC1
C1CCC(C2CC3CCCCC3C3CCC4CCCCC4C23)CC1
C1CCC(CCC2CCC3C(CCC3C3CCCCC3)C2)CC1
C1CCC(CCCC2CC3CCCCC3C2C2CCCCC2)CC1
C1CCC(C2CC3CCCCC3CC3CCCCC32)CC1
C1CCC(CCC2CCC(CCC3CCCC(CC4CCCC4)C3)CC2)CC1
C1CCC(C2CCC3CCC(C4CCCC4)C3C2)C1
C1CCC(CCCCCC2CC3CCCCC3C2)CC1
C1CCC(CCCCCC2CCCC3C(C4CCCCC4)CCC23)CC1
C1CCC(CCCCC2CC3CCCCC3C2)CC1
C1CCC2C(C1)CCC1C3CCCC3CCC21
C1CCC(CCCC2CC3CCCCC3C2C2CCCCC2)CC1
C(CCC1CCCC2CCCCC12)CC1CCCC2CCCCC2C1
C1CCC(C2CCC3CC4C(CCCC45CCCC5)CC32)CC1
C(CCCC1CCCC2CCCCC12)CCC1CCC(C2CCCC2)C1
C1CCC(C2CC3CCCCC3C3CCCCC3C2)CC1
C1CCC(CCC(CCC2CCC3CCCC3C2)CC2CCCCC2)CC1
C(CCC1CCCC2CCCCC12)CC1CCC2CCCCC2C1
C1CCC2C(C1)CCC1C3CCCC3CCC21
C1CCC2CC(CCCC3CCC4C3CCC3C5CCCCC5CCCC43)CC2C1
C(CCCCC1CCC(C2CCCCC2)C1)CCCC1CCCCC1
C1CCC(CCCCCC2CC3CCCCC3C2)CC1
C1CCC(CCC2CCC3C(CCC3C3CCCCC3)C2)CC1
C(CCC1CCC2CCC(C3CCCC4CCCC43)CC2C1)CC1CCC2CCCC2C1
C1CCC(CCCC2CCC3C2CCC2C4CC5CCC(C6CCCCC6)C5CC4CCC32)CC1
C1CCC2CC(C3CCCC4CCCC43)CCC2C1
C1CCC(CCCCC2CC3CCCCC3C2)CC1
C1CCC(CCC2CCC(CCC3CCCC(CC4CCCC4)C3)CC2)CC1
C1CCC(C2CCC3CC4C(CCC32)CCC42CCCC2)CC1
C1CCC(C2CC3C(CCC34CCCC4)C3CCC4CCCCCC4C23)CC1
C(CCC1CCCC2CCCC12)CC1CC2CCCCC2C1
C1CCC2CC3CCC(C4CCCCC4)C3CC2CC1
C1CCC(C2CCC3CC4C(CCCC45CCCCC5)CC32)CC1
C1CCC(CC2CCC3C(CCC3C3CCCCC3)C2)CC1
C(CCCCC1CCCC(CC(CC2CCC(CC3CCCCC3)CC2)C2CCCCC2)C1)CCCCC1CCC2C(CCC3C4CCCC4CCC23)C1
C1CCC(CCC2CCC3C(CCC3C3CCCCC3)C2)CC1
C1CCC(CCCCCC2CC3CCCCC3C2)CC1
C1CCC(C2CCC3CC4C(CCCC5C6CCC(CCCC7CC8CCCCC8C7)C6CCC45)CC32)CC1
C1CCC(C2CCC3C(CCCCCC4CCC(C5CCCC5)C4)CCCC23)CC1
C1CCC2CCC(C3CCCC4CCCC43)CC2CC1
C1CCC(C2CCC3CC4CCCCC4CCC32)CC1
C1CCC2CC(CCCC3CCCC4CCCCC43)CC2C1
C1CCC(C2CC3CCCC3C3CCC4CCCCC4CC23)CC1
C1CCC(CC2CCC3C(CCC3C3CCCCC3)C2)CC1
C1CCC(C2CC3C(CCC34CCCCC4)C3CCC4CCCCC4C23)CC1
C1CCC2CCC(C3CCCC4CCCC43)CC2CC1
C1CCC(CCCC2CCCC(C3CCC4CC(CCC5CCC6CCCCCC6C5)CCC43)C2)CC1
C1CCC(C2CCC3CC4C(CCC32)CCC42CCCC2)CC1
C1CCC(C2CCC(C3CC4CCCCC4C4CCC5CCCCC5C34)CC2)C1
C1CCC(C2CC3CCCC3C3CCC4CCCCCC4C23)CC1
C1CCC(C2CC3CCCC3C3CCCC4CCCCC4C23)CC1
C1CCC(CC2CCCC(CC3CC4CCCCC4C4CCC5CCCCCC5C34)C2)CC1
C1CCC(C2CC3CCCC3C3CCC4CCCCC4C23)CC1
C1CCC(CCCC2CCCC(C3CCC4CC(CCC5CCC6CCCCC6C5)CCC43)C2)CC1
C1CCC(C2CCC3CC4C(CCCC4CC4CC5CCCCC5C4)CCC32)CC1
C1CCC(CCCCCC2CCCC3C(C4CCCCC4)CCC23)CC1
C1CCC(C2CC3CCCC(C3)C3CCC4CCCCC4C32)CC1
C1CCC(CCCC2CCC(CCC3CCCCC3)CC2)CC1
C1CCC(CCCC2CCC3CCC(CC4CCCC5CCCC54)CC3C2)CC1
C1CCC2CC(CCCC3CCC4C3CCC3C5CCCCC5CCC43)CC2C1
C1CCC(C2CCC3CC4C(CCC45CCCCCC5)CC32)CC1
C1CCC2CC(C3CCCC4CCCC43)CCC2C1
C1CCC2CCC(C3CCCC4CCCC43)CC2CC1
C1CCC(C2CCC3C(CCCCCC4CCC(C5CCCC5)C4)CCCC23)CC1
C1CCC(CCC2CCC3C(CCC3C3CCCCC3)C2)CC1
C1CCC(CCCCCC2CC3CCCCC3C2)CC1
C1CCC(CCC2CCCCC2)CC1
C1CCC(CCC2CCC3C(CCC3C3CCCCC3)C2)CC1
C1CCC(CCCCC2CCC3CCCCC23)CC1
C1CCC(C2CC3CCCC3C3CCC4CCCCCC4C23)CC1
C1CCC(CCC2CCCC3CC4C(CCC4C4CCCCC4)CC23)CC1
C1CCCC(C2CCC3CC4C(CCC5C6CCC(CCCC7CC8CCCCC8C7)C6CCC45)CC32)CC1
C1CCC(CCC2CCC3C(CCC3C3CCCCC3)C2)CC1
C1CCC(CCCCCC2CCCC3C(C4CCCCC4)CCC23)CC1
C1CCC2CC(C3CCCC4CCCC43)CCC2C1
C1CCC(CCC2CCC(C3CCC3)CC2)CC1
C1CCC2C(C1)CCCC1C3CCCC3CCC21
C1CCC(C2CCC3CC4C(CCC5C6CCC(CCCC7CC8CCCCC8C7)C6CCCC45)CC32)CC1
C1CCC(CCCCCC2CCCC3C(C4CCCCC4)CCC23)CC1
C1CCC(CC2CCC(CC(CC3CCCCC3)C3CCCCC3)CC2)CC1
C(CCC1CCC2C1CCC1C3CCCCC3CCC21)CC1CCC2CCCCC2C1
C1CCC(CCCC2CCC3C2CCC(C2CCCCC2)C2C4CCCCC4CCC32)CC1
C1CCC(C2CC3CCCC3C3CCC4CCCCCC4C23)CC1
C1CCC2C(C1)CCC1C3CCCC3CCCC21
C1CCC(CCCC2CCC3CCCC3C2)CC1
C1CCC(C2CC3CCCC3C3CCC4CCCCC4C3C2)CC1
C1CCC(CCC2CCC3C(CCCC4C5CCCC5CCC34)C2)CC1
C1CCC(CC2CC3CCCCC3C3CCC4CCCCC4C23)C1
C1CCC(CCC2CCC3C(CC4CCCCC4)CCC3C2)CC1
C1CCC2CC(C3CCCC4CCCC43)CCC2C1
C1CCC(CC2CC3CCCCC3C3CCC4CCCCC4C23)CC1
C1CCC(CCCCC2CC3CCCCC3C2)CC1
C1CCC(C2CCC3CC4C(CCCC45CCCCC5)CC32)CC1
C1CCC(CCCC2CCC3CCCC3C2)CC1
C(CCC1CCCC2CCCCC12)CC1CCCC2CCCCC12
C1CCC(C2CCC3(CCC4CCC5C(CCC5C5CCCCC5)CC43)C2)CC1
C1CCC(C2CCC3CC4C(CCC45CCCCCC5)CC32)CC1
C1CCC2CCC3C4CCC(CCCC5CCCC5)C4CCC3C2CC1
C1CCC2CCC3C4CCCC4CCC3C2CC1
C1CCC(C2CCC3CC4C(CCC5C6CCC(CCCCC7CCC8CCCCC8C7)C6CCC45)CC32)CC1
C1CCC(CCC2CCCC(C3CCCC4C(C5CCCCC5)CCC34)C2)CC1
C1CCC(CCC2CCCCC3CC4C(CCC4C4CCCCC4)CC23)CC1
C(CCCC1CCCC2C(C3CCCCC3)CCC12)CCC1CCCCC1
C(CCC1CCC2CCCCC2C1)CCC1CCCC2CCCCC12
C1CCC(CCC2CCC3C(CCC3C3CCCC(CC4CCCC4)C3)C2)CC1
C1CCC(C2CC3CCCCC3C3CCCCC23)CC1
C1CCC(CCCCCC2CCCC3C(CC4CCCCC4)CCC23)CC1
C1CCC(CC2CC3CCCCC3C3CCC4CCCCCC4C23)CC1
C1CCC(CCCCC2CC3CCCCC3C2)CC1
C1CCC(CC2CC3CCCCC3C3CCC4CCCCCC4C23)CC1
C(CCCC1CCCC2CCCCC12)CCC1CCC(C2CCCCC2)C1
C1CCC(CCCCC2CCC3CCCCC23)CC1
C(CCCC1CCCC2CCCCC12)CCC1CCC(C2CCCC2)C1
C1CCC(C2CC3CCCC3C3CCCC4CCCCC4C23)CC1
C1CCC(CC2CCC3CC4CCCCC4CC23)CC1
C1CCC(CCCCCC2CC3CCCCC3C2)CC1
C(CCCC1CCCC2C(C3CCCCC3)CCC12)CCC1CCCCC1
C(CCCC1CCCCC1)CCCC1CCC(C2CCCCC2)C1
C1CCC(C2CC3CCCC3C3CCCC4CCCCC4C23)CC1
C1CCC2CC(CCCC3CCCC4CCCCC43)CC2C1
C1CCC(CCC2CCC3C(CCC3C3CCCCC3)C2)CC1
C1CCC(CCC2(CCCCC3CC4CCCCC4C3)CCC3C4CCC5CCCCC5C4CCC32)C1
C1CCC(CCCCCC2CC3CCCCC3C2)CC1
C1CCC2CCC3C4CCCCC4CC(CC4CCCC4)C3C2CC1
C1CCC(CCC2CCC(CCCC3CCCC(CC4CCCC4)C3)CC2)CC1
C1CCC(CCCC2CCC3C(CCC3C3CCCCC3)C2)CC1
C1CCC(C2CCC3CC4C(CCC45CCCCC5)CC32)CC1
C1CCC2C(C1)CCC1C3CCCC3CCC21
C1CCC(CCCCC2CC3CCCCC3C2)CC1
C1CCC(CCCCC2CCC3CCCCC23)CC1
C1CC2CCC3C(CCC4CCCCC43)CC2C1
C1CCC(CCC2CCC3C(CCC3C3CCCCC3)C2)CC1
C1CCC(CCCCC2CC3CCCCC3C2)CC1
C1CCC(C2CC3CCCC3C3CCC4CCCCCC4C23)CC1
C1CCC(C2CC3C(CCC4CC4)CCC3C3CCC4CCCCCC4C23)CC1
C1CCC(C2CC3CCCC3CC3CCC4CCCCC4C32)CC1
C1CCC2C(C1)CCC1C3CCCC3CCC21
C1CCC2C(C1)CCC1C3CCCC3CCC21
C1CCC2CC(C3CCCC4CCCC43)CCC2C1
C1CCC2CC(CCCC3CCC4C3CCC3C5CCCCC5CCC43)CC2C1
C1CCC2CC(CCCC3CCC4C3CCC3C5CCCCC5CCC43)CC2C1
C1CCC(CCCCCC2CCCC3C(C4CCCCC4)CCC23)CC1
C1CCC2C(C1)CCC1CCCCC12
C1CCC(C2CCC3CCCC3C3CCC4CCCCCC4C23)CC1
C1CCC(C2CCC3CCC4C(CCC45CCCC5)CC32)CC1
C1CCC(CCC2CCC3C(CC4CCCCC4)CCC3C2)CC1
C1CCC2CCCC(CC3CC4CCCCC4C4CCC5CCCCC5C34)C2CC1
C1CCC(C2CCC3CCCC3C3CCC4CCCCCC4C23)CC1
C1CCC(CC2CCC3CC4C(CCCC5CC5)CCCC4CC23)CC1
C1CCC(CCCCC2CCC3CCCCC23)CC1
C1CCC(C2CCC(CCCCCC3CCCC4CCCCC34)C2)CC1
C1CCC2CC(CCCC3CCC4C3CCC3C5CCCCC5CCC43)CC2C1
C1CCC2C(C1)CCC1C3CCCC3CCC21
C1CCC(CCCCCC2CCCCC2)CC1
C1CCC(CCCCCC2CC3CCCCC3C2)CC1
C1CCCC(CC2CCCC2CC2CC3CCCCC3C3CCC4CCCCC4C23)CC1
C1CCC(C2CCC3CCC4C(CCCC45CCCC5)CC32)CC1
C1CCC(CC2CC3CCCCC3C3CCC4CCCCCC4C23)CC1
C1CCC(C2CCC3CC4C(CCC5C6CCC(CCCC7CCC8CCCCC8C7)C6CCC45)CC32)CC1
C1CCC(CCCCC2CC3CCCCC3C2)CC1
C1CCC2CC(C3CCCC4CCCC43)CCC2C1
C1CCC(CCCCCC2CC3CCCCC3C2)CC1
C1CCC(CCC2CCC3C(CCC3C3CCCCC3)C2)CC1
C1CCC2CC(C3CCCC4CCCC43)CCC2C1
C1CCC(CCC2CCC3C(CCC3C3CCCCC3)C2)CC1
C(CCC1CCCC2CCCCC12)CC1CCCC2CCCCC12
C1CCC2CC(C3CCCC4CCCC43)CCC2C1
C1CCC(CCC2CCC3C(CC4CCCCC4)CCC3C2)CC1
C1CCC(C2CCC3CCCCC3C3CCC4CCCCC4C23)CC1
C1CCC(CCCCC2CCC3CCCCC23)CC1
C1CCC(C2CCC3CC4C(CCC32)CCC42CCCCC2)CC1
C1CCC(C2CC3CCCC3C3CCC4CCCCC4CC23)CC1
C1CCC(CCCC2CCCC3CCC(C4CCCC5CCCC54)CC23)CC1
C1CCC2C(C1)CC(C1CCCC1)C1CCCCC21
C1CCC(CCCCC2CCC3CCCCC23)CC1
C1CCC(C2CCC(CCCCCC3CCCC4CCCCC34)C2)CC1
C1CCC(CCC2CCCCC2)CC1
C1CCC2C(C1)CCCC1CCCCC12
C1CCC(C2CCC3CCCC3C3CCC4CCCCCC4C23)CC1
C1CCC(CCCCC2CCC3CCC(C4CCCC5CCCC54)CC3C2)CC1
C1CCC(CCCCCC2CCCCC2)CC1
C1CCC2C(C1)CC(C1CCCC3CCCC31)C1CCCCC21
C1CCC(CCCCCC2CC3CCCCC3C2)CC1
C(CCCC1CCCC2CCCC12)CCC1CCCCC1
C1CCC(C2CCC3CCC4C(CCC45CCCCC5)CC32)CC1
C1CCC(CCC2CCC3C(CCC3C3CCCCC3)C2)CC1
C1CCC(CCC2CCC3C(CCC3C3CCCCC3)C2)CC1
C1CCC(CCCCC2CC3CCCCC3C2)CC1
C1CCC2CC(CCCC3CCC4C3CCC3C5CCCCC5CCC43)CC2C1
C1CCC2CC(C3CCCC4CCCC43)CCC2C1
C1CCC(C2CCC3CC4C(CCCC45CCCC5)CC32)CC1
C1CCC(CCCCC2CC3CCCCC3C2)CC1
C1CCC(C2CCC3CC4C(CCCC5C6CCC(CCCC7CCCC8CCCCC87)C6CCC45)CC32)CC1
C1CCCC(C2CCC3CC4C(CCC5C6CCCC6CCC45)CC32)CC1
C1CCC2CC(C3CCCC4CCCC43)CCC2C1
C(CCC1CCCC2CCCCC12)CC1CC2CCCCC2C1
C1CCC(CCCCC2CC3CCCCC3C2)CC1
C(CCCC1CCCC2C(C3CCCCC3)CCC12)CCC1CCCCC1
C1CCC(CCCCCC2CC3CCCCC3C2)CC1
C1CCC(CCC2CCC3C(CCC3C3CCCC(CCCC4CCCC4)C3)C2)CC1
C1CCC(CCC2CCC3C(CCC4C5CCCC5CC(CCC5CCCCC5)C34)C2)CC1
C1CCC(C2CCC(C3CC4CCCC4C4CCC5CCCCC5C34)CC2)C1
C(CCCC1CCCC2C(C3CCCCC3)CCC12)CCC1CCC(C2CCCC2)C1
C1CCC(C2CCC3CCC4C(CCCC45CCCC5)CC32)CC1
C1CCC(CCCCCC2CCCC3C(C4CCCCC4)CCC23)CC1
C1CCC2CC(CCCC3CCC4C3CCC3C5CCCCC5CCC43)CC2C1
C1CCC2CCC3C4CCC(CCCC5CCCC5)C4CCC3C2CC1
C1CCC(CCC(CCC2CCC3CCCC3C2)CC2CCCCC2)CC1
C1CCC(CCC2CCC(CCC3CCCC(CC4CCCC4)C3)CC2)CC1
C1CCC(CCCCC2CCC3CCC(C4CCCC5CCCC54)CC3C2)CC1
C(CCC1CCC2C1CCC1C3CCCCC3CCC21)CC1CCC2CCCCC2C1
C1CCC(C2CC3CCCC3C3CCCC4CCCCC4C23)CC1
C1CCC(C2CCC3CCC4C(CCC45CCCC5)CC32)CC1
C1CCC(CC2CC3CCCCC3C3CCC4CCCCC4C23)CC1
C1CCC(C2CC3CCCC3C3CCC4CCCCC4C23)CC1
C1CCC2CC(C3CCCC4CCCC43)CCC2C1
C1CCC2C(C1)CCC1C3CCCC3CCC21
C(CCCC1CCCCC1)CCCC1CCC(C2CCCCC2)C1
C1CCC(CCC2CCC3C(CC4CCCCC4)CCC3C2)CC1
C1CCC(CCCCC2CC3CCCCC3C2)CC1
C1CCC(CCCC2CCCC3CCC(C4CCCC5CCCC54)CC3C2)CC1
C1CCC(CCC(CC2CC3CCCCC3C2)C2CCCCC2)CC1
C(CCCCC1CCC(C2CCCCC2)C1)CCCC1CCCCC1
C(CCC1CCC2CCCCC2C1)CCC1CCCC2CCCCC12
C1CCC2C(C1)CCC1CCCCC12
C1CCC(CCCCCC2CCC3CCCC3C2)CC1
C(CCCCC1CCC(C2CCCCC2)C1)CCCC1CCC2CCCC2C1
C1CCC(CCCC2CCC3C2CCC2C4CCCCC4CCC32)C1
C1CCC(C2CCC3CCCC3C3CCC4CCCCC4C23)CC1
C1CCC(CCCCCC2CC3CCCCC3C2)CC1
C1CCC2C(C1)CCC1CC2CCC2CCCC21
C1CCC(CC2CCC3CC4C(CCC45CCCCC5)CC23)CC1
C1CCC(CCCC2CCCC3CC4C(CCC4C4CCCCC4)CC23)CC1
C1CCC(CCC2CCC(C3CCC4C(CCC4C4CCCCC4)C3)CC2)CC1
C1CCC2CC3CCC4CCCCC4C3CCC2C1
C1CCC(CCCCCC2C3CCCCC3CCC2C2CCCC3CCCC32)CC1
C1CCC(CC2CC3CCCCC3C3CCC4CCCCC4C23)C1
C1CCC(C2CCC3CCCC3C3CCC4CCCCCC4C23)CC1
C1CCC(C2CC3CCCC3C3CCC4CCCCC4CC23)CC1
C1CCC(CCCC2CCCC(C3CCC4CC(CCCC5CCC6CCCCC6C5)CCC43)C2)CC1
C1CCC(C2CC3CCCC3C3CCC4CCCCC4C23)CC1
C1CCC2C(C1)CCC1C3CCCC3CCC21
C1CCC(C2CCC(CCCCCC3CCCCC4CCCCC34)C2)CC1
C1CCC(CCCCC2CCC3CCCCC23)CC1
C1CCC(C2CC3CCCC3C3CCCC4CCCCC4C23)CC1
C1CCC(CCCCCC2CCC3CCCCC3C2)CC1
C1CCC(CC2CCC3CC4C(CCCC45CCCC5)CC23)CC1
C(CCCC1CCCCC1)CCCC1CCC(C2CCCCC2)C1
C(CCCC1CCCCC1)CCC1CCCCC1
C1CCC(C2CC3CCCC3C3CCCC4CCCCC4C23)CC1
C1CCC(CCC(CC2CCC3C(CCC3C3CCCCC3)C2)C2CCCCC2)CC1
C1CCC2C(C1)CCCC2CCCC1CCC2C(CCC3C4CCCCC4CCC23)C1
C1CCC2CC(C3CCCC4CCCC43)CCC2C1
C1CCC(C2CCC3CC4(CCCCCCC4C4CCCCC4)CCC32)CC1
C(CCC1CCCC2CCCCC12)CC1CCC2CCCCC2C1
C1CCC(CCC2CCCCC2)CC1
C1CCC2CCC3C4CCCCC4CC(CC4CCCC4)C3C2CC1
C1CCC(CC2CC3CCCCC3C3CCC4CCCCCC4C23)CC1
C1CCC(CCC2CCC3C(CCC4C5CCCC5CC(CCC5CCCCC5)C34)C2)CC1
C1CCC(C2CCC3CC4C(CCC5C6CCCC6CCC45)CC32)CC1
C1CCC(CC2CCC3C(CCC3C3CCCCC3)C2)CC1
C1CCC(CC2CCCC(CCC3CCC(CCC4CCC(C5CC5)CC4)CC3)C2)CC1
C1CCC2CCC3C4CCCC4CCC3C2CC1
C(CCCC1CCCC2C(C3CCCCC3)CCC12)CCC1CCCCC1
C1CCC(CCCCCC2CCCCC2)CC1
C1CCC(CCC2CCC3C(CCC4CC(C5CCCCC5)CCC43)C2)CC1
C1CCC(CCCCCC2CC3CCCCC3C2)CC1
C1CCC2CCC3C4CCC(CCCC5CC6CCCCC6C5)C4CCC3C2CC1
C1CCC(CCCCC2CC3CCCCC3C2)CC1
C1CCC2CC(C3CCCC4CCCC43)CCC2C1
C1CCC(CCCCCC2CCC3CCCCC23)CC1
C1CCC2C(C1)CCC1CCCCC12
C(CCC1CCC2CCCCC2C1)CCC1CCCC2CCCCC12
C1CCC(C2CCCC3CCCC3C3CCC4CCCCC4C23)CC1
C1CCC(CCCC2CC3CCCCC3C2C2CCCCC2)CC1
C1CCC2CC(C3CCCC4CCCC43)CCC2C1
C1CCC2CCC3CCCCC3C2CC1
C1CCC(C2CC3CCCC3C3CCC4CCCCC4C23)CC1
C1CCC2CCC3C4CCCC4CCC3C2CC1
C(CCCC1(C2CCCC2)CCCC2CCCCC21)CCC1CCC(C2CCCCC2)C1
C1CCC(CCCCC2CCC3CCCCC23)CC1
C(CCC1CCCC2CCCC12)CC1CC2CCCCC2C1
C1CCC(CCCCCC2CC3CCCCC3C2)CC1
C1CCC(C2CC3CCCCC3C3CCC4CCCCC4C23)CC1
C1CCC2C(C1)CC(C1CCCC3CCCC31)C1CCCC21
C1CCC(CCC2CCC(C3CC3)CC2)CC1
C1CCC(C2CCC3C(CCCCCC4CCC(C5CCCC5)C4)CCCC23)CC1
C1CCC(C2CCC3CC4CCCCC4CC32)CC1
C1CCC2C(C1)CCCC2CCCC1CCCC2CCCCC21
C1CCC2C(C1)CCC1C2CCCC2C3CCCC3CC21
C1CCC(CC2CCC3CC4C(CCC45CCCCC5)CC23)CC1
C1CCC(C2CC3CCCC3C3CCC4CCCCCC4C23)CC1
C1CCC(CCCC2CCC3CCC(C4CCCC5CCCC54)CC3CC2)CC1
C1CCC(CCCC2(CCCC3CCCC3)CCC3C4CCC5CCCCC5C4CCC32)CC1
C1CCC(CCCCCC2CCCC3C(CC4CCCCC4)CCC23)CC1
C1CCC(C2CCC3CCCC3C3CCC4CCCCC4C23)CC1
C1CCC2C(C1)CCC1C3CCCC3CCC21
C1CCC2CCC3C4CCCC4CCC3C2CC1
C1CCC(CCCC2CCCC(C3CCC4CC(CCC5CCC6CCCCCC6C5)CCC43)C2)CC1
C1CCC(CCC2CCC(CCC3CCCCC3)CC2)CC1
C1CCC(CC2CC3CCCCC3C3CCC4CCCCC4C23)C1
C(CCC1CCCC2CCCC12)CC1CC2CCCCC2C1
C1CCC(C2CCC3C(CCCC4CCCCC43)C2)CC1
C1CCC2CC(CCCC3CCC4C3CCCC3C5CCCCC5CCC34)CC2C1
C1CCC(CCC2CCC3C(CCC4C5CCCC5CCC(CCC5CCCCC5)C34)C2)CC1
C1CCC2C(C1)CC(C1CCCC3CCCCC31)C1CCCCC21
C1CCC(CCCC2(CCCC3CCC4CCCCC4C3)CCC3C4CCC5CCCCC5C4CCC32)C1
C(CCCC1CCCC2CCCCC12)CCC1CCC(C2CCCCC2)C1
C1CCC(C2CC3CCCC3C3CCC4CCCCCC4C23)CC1
C1CCC2CCC(C3CCCC4CCCC43)CC2CC1
C1CCC(C2CCC3CCC4C(CCC45CCCC5)CC32)CC1
C1CCC(C2CCCC3C(CCC4CCCCC43)C2)CC1
C1CCC(CCC2CCC3C(CCC3C3CCCCC3)C2)CC1
C1CCC(C2CCC3CCC4C(CCC45CCCC5)CC32)CC1
C1CCC2CC(C3CCCC4CCCC43)CCC2C1
C1CCC(CCC2CCCCC2)CC1
C(CCCC1CCCC2CCCC12)CCC1CCCCC1
C1CCC(CCCCCC2CCC3CCCCC23)CC1
C1CCC(C2CCC3(CCC4CCC5C(CCC5C5CCCCC5)CC43)C2)CC1
C1CCC2CCC3C4CCCC4CCC3C2CC1
C1CCC(CC2CCC(CC(CC3CCCCC3)C3CCCCC3)CC2)CC1
C1CCC(CCC2CCC3C(CCC3C3CCCCC3)C2)CC1
C(CCC1CCC2C1CCC1C3CCCCC3CCC21)CC1CCCC2CCCCC12
C(CCCCC1CCC(C2CCCCC2)C1)CCCC1CCCCC1
C1CCC2CC(C3CCCC4CCCC43)CCC2C1
C1CCC(CCCCC2CC3CCCCC3C2)CC1
C1CCC2CCC3C4CCCCC4CC(CC4CCCC5CCCCC54)C3C2CC1
C(CCC1CCCC2CCCC12)CC1CC2CCCCC2C1
C1CCC(C2CCC3CCC4C(CCC45CCCCC5)CC32)CC1
C1CCC(CCC(CCC2CC3CCCCC3C2)C2CC2)CC1
C1CCC(C2CC3CCCCC3C3CCCCC23)CC1
C1CCC(CCCCC2CC3CCCCC3C2)CC1
C(CCCC1CCCC2C(C3CCCCC3)CCC12)CCC1CCCCC1
C1CCC(C2CCC3CC4C(CCC5C6CCC(CCCCC7CCC8CCCCC8C7)C6CCC45)CC32)CC1
C1CCC(CCCC2(CCC3CCCC3)CCC3C4CCC5CCCCC5C4CCCC32)C1
C1CCC2CC(C3CCCC4CCCC43)CCC2C1
C1CCC(CCC2CCC3C(CCC3C3CCCCC3)C2)CC1
C1CCC(CCCCCC2CCCCC2)CC1
C1CCC2C(C1)CCCC1C3CCCC3CCC21
C1CCC(CCCCCC2CCCCC2)CC1
C1CCC2CCCCC2C(CCCCC2CCCC3CCCCC23)C1
C1CCC(C2CC3CCCC3C3CCC4CCCCC4C23)CC1
C1CCC(C2CCC3CC4C(CCCC5C6CCC(CCCC7CCC8CCCCC8C7)C6CCC45)CC32)CC1
C1CCC2C(C1)CC(C1CCCC3CCCC31)C1CCCC21
C1CCC(CCCCC2CCC3CCC(C4CCCC5CCCC54)CC3C2)CC1
C1CCC(C2CCC3CC4C(CCCC4CC4CC5CCCCC5C4)CCC32)CC1
C(CCCC1CCCC2C(C3CCCCC3)CCC12)CCC1CCCCC1
C(CCCC1CCCCC1)CCCC1CCC(C2CCCCC2)C1
C1CCC2C(C1)CCC1CCCCC12
C1CCC(CCC2CCC3C(CCC3C3CCCCC3)C2)CC1
C1CCC(CCC2CCC3C(CCC3C3CCCC(CCC4CCCC4)C3)C2)CC1
C(CCC1CCCC2CCCC12)CC1CC2CCCCC2C1
C1CCC(CCCCC2CC3CCCCC3C2)CC1
C1CCC(CC2CCC(CCCCCC3CCCC4CCCCC34)C2)CC1
C1CCC2CC(CCCC3CCC4C3CCC3C5CCCCC5CCC43)CC2C1
C1CCC(CCC(CCC2CCC3CCCC3C2)CC2CCCCC2)CC1
C1CCC(CC2CCCC(C3CCC4CC(CCC5CCC6CCCCC6C5)CCC43)C2)C1
C(CCCC1CCCC2C(C3CCCCC3)CCC12)CCC1CCCCC1
C1CCC2CC(CC3CCCC4CCCC43)CCC2C1
C1CCC(CCCCCC2CCCCC2)CC1
C1CCC(CCCCCC2CCCC3C(C4CCCCC4)CCC23)CC1
C1CCC(CCC2CCC3C(CCC3C3CCCCC3)C2)CC1
C1CCC2CC(C3CCCC4CCCC43)CCC2C1
C1CCC(C2CC3CCCC(C3)C3CCC4CCCCC4C32)CC1
C1CCC(CCC2CCC3C(CCC3C3CCCCC3)C2)CC1
C1CCC(CCCCCC2CCC3CCCCC23)CC1
C1CCC(CC2CC3CCCCC3CC3CCC4CCCCC4C32)C1
C(CCC1CCC2CCCCC2C1)CCC1(C2CCCC2)CCCC2CCCCC21
C1CCC(CCCC2CCC(C3CCCC4C(C5CCCCC5)CCC34)C2)CC1
C1CCC(C2CC3CCCC3C3CCC4CCCCC4C23)CC1
C1CCC2CCC(C3CCCC4CCCC43)CC2CC1
C1CCC(C2CC3CCCC3C3CCC4CCCCC4C23)CC1
C(CCCC1CCC2CCCC2C1)CCCC1CCC(C2CCCCC2)C1
C1CCC(C2CC3CCCC3C3CCC4CCCCCC4C23)CC1
C1CCC(CCCCC2CC3CCCCC3C2)CC1
C1CCC(CCCC2CCCC3CCC(C4CCCC5CCCC54)CC23)CC1
C1CCC(C2CC3CCCCC3C3CCCCC23)CC1
C1CCC(C2CCC3CCC4CCCCC4C3CC2)CC1
C1CCC(CCCCC2CC3CCCCC3C2)CC1
C1CCC(C2CCC3CCC4C(CCC5C6CCC(CCCC7CCC8CCCCC8C7)C6CCC45)CC32)CC1
C(CCC1CCCC2CCCC12)CC1CC2CCCCC2C1
C1CCC(C2CCC3C(CCCCCC4CCC(C5CCCC5)C4)CCCC23)CC1
C(CCCC1CCCCC1)CCCC1CCC(C2CCCCC2)C1
C1CCC(C2CCC3CC4C(CCC32)CCC42CCCC2)CC1
C1CCC(CCCCCC2CCC3CCCCC23)CC1
C1CCC(CCCCCC2CC3CCCCC3C2)CC1
C1CCC2C(C1)CCC1C3CCCC3CCCC21
C1CCC(CC2CCCC(CC3CC4CCCCC4C4CCC5CCCCCC5C34)C2)CC1
C1CCC(CCCCCC2CCCC3C(C4CCCCC4)CCC23)CC1
C1CCC(CCCCCC2CC3CCCCC3C2)CC1
C1CCC(C2CCC(CCCCCC3CCCC4CCCCC34)C2)CC1
C1CCC2CC(C3CCCC4CCCC43)CCC2C1
C1CCC2C(C1)CCCC1C3CCCC3CCC21
C1CCC(C2CCC3CC4C(CC5CCC6CCCCC65)CCCCC4CC32)CC1
C1CCC(CC2CC3CCCCC3C3CCC4CCCCC4C23)C1
C1CCC(CCCCCC2CC3CCCCC3C2)CC1
C1CCC2CC(CC3CCCC4CCCC43)CCC2C1
C1CCC(CCCC2(CCCC3CCCC3)CCC3C4CCC5CCCCC5C4CCC32)CC1
C1CCC2CC(C3CCCC4CCCC43)CCC2C1
C1CCC(CCCC2CCC3CCC(CC4CCCC5CCCC54)CC3C2)CC1
C1CCC(CCCCC2CC3CCCCC3C2)CC1
C1CCC2C(C1)CCC1C3CCCC3CCC21
C1CCC2C(C1)CC(C1CCCC1)C1CCCC21
C(CCC1CCCC2CCCCC12)CC1CC2CCCCC2C1
C1CCC(C2CCC3CC4C(CCC45CCCCCC5)CC32)CC1
C(CCCCCCC1CCC2C1CCC1C3CCCCC3CCC21)CCCCCC1CCC(CCCC2CCC(CCC3CCCC3)C2)C1
C1CCC2CCC(C3CCCC4CCCC43)CC2CC1
C1CCC(CCCCC2CC3CCCCC3C2)CC1
C1CCC(C2CCC3C(CCC4CCCCC43)C2)CC1
C1CCC2C(C1)CCC1C3CCCC3CCCC21
C(CCCC1CCCC2C(C3CCCCC3)CCC12)CCC1CCCCC1
C1CCC2C(C1)CCC1C3CCCC3CCC21
C1CCC2CCC3C4CCCCC4CC(CC4CCCC4)C3C2CC1
C1CCC(C2CCC3CC4C(CCCCC45CCCC5)CC32)CC1
C(CCCC1CCCC2C(C3CCCCC3)CCC12)CCC1CCCCC1
C1CCC2CCC3C4CCCC4CCC3C2CC1
C1CCC(CCCCC2CCC3CCCCC23)CC1
C1CCC(C2CCC3CC4C(CC5CCC6CCCCC65)CCCCC4CC32)CC1
C1CCC(CCCCC2CC3CCCCC3C2)CC1
C1CCC2CC(C3CCCC3)C3CCCC3C2CC1
C1CCC(C2CC3CCCC3C3CCC4CCCCC4C23)CC1
C1CCC(CCC2CCC3C(CCC3C3CCCCC3)C2)CC1
C1CCC(CC(CC2CCCCC2)C2CCCCC2)CC1
C1CCC(CCC(CC2CC3CCCCC3C2)C2CC2)CC1
C1CCC2CC(CCCC3CCC4C3CCC3C5CCCCC5CCCC43)CC2C1
C1CCC(CCCC2CCC3CCCC3C2)CC1
C(CCCC1CCCC2C(C3CCCCC3)CCC12)CCC1CCCCC1
C(CCCC1CCCCC1)CCCC1CCC(C2CCCCC2)C1
C1CCC(C2CCC3C(CCC3C3CCCCC3)C2)CC1
C1CCC(CC2CCCCC2CC2CC3CCCCC3C3CCC4CCCCC4C23)CC1
C1CCC(C2CCC3CC4C(CCC45CCCCC5)CC32)CC1
C1CCC(CCCCCC2CCC3CCCCC23)CC1
C1CCC(CCC2CCC(CCC3CCCCC(CC4CCCC4)C3)CC2)CC1
C1CCC(CCC2CCC3C(CCC3C3CCCCC3)C2)CC1
C1CCC(CCC2CCC3C(CCC3C3CCCC(CCC4CCCC4)C3)C2)CC1
C1CCC(CCC2CCC(CCC3CCCC(CC4CCCC4)C3)CC2)CC1
C1CCC2C(C1)CCC1C3CCCC3CCC21
C1CCC2CC(C3CCCC3)CCC2C1
C1CCC2CC(C3CCCC4CCCC43)CCC2C1
C(CCCC1CCCCC1)CCCC1CCC(C2CCCCC2)C1
C1CCC(CC2CCC3C(CCCCCC4CCC(C5CCCC5)C4)CCCC23)CC1
C1CCC2CCC(C3CCCC4CCCC43)CC2CC1
C1CCC2C(C1)CCC1CCCCC12
C1CCC2CCC(C3CCCC4CCCC43)CC2CC1
C1CCC(C2CC3CCCC3C3CCC4CCCCC4CC23)CC1
C1CCC(CCC2CCC3C(CCC4C5CCCC5CCC34)C2)CC1
C1CCC(CCCCC2CCC3CCCCC23)CC1
C1CCC(CCCCC2CCC3CCCCC23)CC1
C1CCC(CC2CCCCC2CC2CC3CCCCC3C3CCC4CCCCCC4C23)CC1
C1CCC(CCCCC2CCC3CCC(C4CCCC5CCCC54)CC3C2)CC1
C1CCC(CCC(CC2CC3CCCCC3C2)C2CCCC2)CC1
C1CCC2CC(C3CCCC4CCCC43)CCC2C1
C1CCC(CCC2CC3CCCCC3C3CCC4CCCCC4C23)C1
C1CCC(C2CC3CCCCC3C3CCC4CCCCC4C23)CC1
C(CCCC1CCCC2C(C3CCCCC3)CCC12)CCC1CCCCC1
C1CCC2C(C1)CCC1C3CCCC3CCCC21
C1CCC2CC3CCC(C4CCCCC4)C3CC2CC1
C1CCC(CCC2CCC3C(CCC3C3CCCCC3)C2)CC1
C1CCC(CCCCC2CC3CCCCC3C2)CC1
C1CCC(CCCC2CCCC3CCC(C4CCCC5CCCC54)CC3C2)CC1
C1CCC(CCCCC2CC3CCCCC3C2)CC1
C1CCC2CC(C3CCCC4CCCC43)CCC2C1
C1CCC(CC2CC3CCCCC3C3CCC4CCCCCC4C23)CC1
C1CCC(CCCCC2CC3CCCCC3C2)CC1
C1CCC(CC2CCC3CC4C(CCC45CCC(C4CCCCC4)C5)CC23)CC1
C1CCC(CC2CCCCC2CC2CC3CCCCC3C3CCC4CCCCCC4C23)CC1
C1CCC2C(C1)CCC1C3CCCC3CCC21
C1CCC(C2CCC3CC4C(CCCC45CCCC5)CCC32)CC1
C1CCC(C2CCC3CCCC3C3CCC4CCCCCC4C23)CC1
C(CCC1CCCC2CCCC12)CC1CCCC2CCCCC12
C1CCC(CC2CCCC(CC3CC4CCCCC4C4CCC5CCCCCC5C34)C2)CC1
C1CCC(CC2CC3CCCCC3C3CCC4CCCCC4C23)C1
C1CCC2CCC3C(CCC4C3CCC4(CCCC3CC4CCCCC4C3)CCC3CCCC3)C2CC1
C1CCC(CCC2CCC3C(CCC3C3CCCCC3)C2)CC1
C1CCC(C2CCC3CC4C(CCC45CCCCC5)CC32)CC1
C1CCC2CC(CCCC3CCCC4CCCCC43)CC2C1
C1CCC(CCCCCC2CCC3CCCCC23)CC1
C1CCC(C2CC3CCCC3C3CCC4CCCCC4C23)CC1
C1CCC(CCC2(CCCC3CC4CCCCC4C3)CCC3C4CCCC5CCCCC5C4CCC32)C1
C1CCC(CCC2CCC3C(CCC3C3CCCCC3)C2)CC1
C(CCC1CCC2C(CCC3C4CCCC4CCC23)C1)CC1CCC(C2CC3CCCC3C3CCC4CCCCC4C23)CC1
C1CCC(C2CC3CCCC3C3CCC4CCCCCC4C23)CC1
C1CCC(CC2CCC(C3CC4CCCC4C4CCC5CCCCCC5C34)CC2)CC1
C1CCC(C2CC3CCCC3C3CCC4CCCCCC4C23)CC1
C1CCC(CCC2CCC3C(CCC3C3CCCC(CCC4CCCC4)C3)C2)CC1
C1CCC(C2CCC3CCC4C(CCCC45CCCC5)CC32)CC1
C1CCC(CCCCC2CCC3CCCCC23)CC1
C1CCC(C2CCC3CC4(CCCCCC4C4CCCCC4)CCC32)CC1
C1CCC(CC2CCCCC23CCC2C(CCC2C2CCCCC2)C3)CC1
C1CCC(C2CC3CCCC3C3CCC4CCCCC4C23)CC1
C(CCC1CCCC2CCCCC12)CCC1CCCC2CCCCC12
C1CCC(C2CCC3CC4C(CCCC45CCCCC5)CC32)CC1
C1CCC(CC2CCC3CC4C(CCC5C6CCC(CCCC7CC8CCCCC8C7)C6CCC45)CC23)CC1
C(CCC1CCCC2CCCC12)CC1CC2CCCCC2C1
C1CCC(C2CC3CCCCC3C3CCC(CCCC4CCCC4)CC23)CC1
C1CCC(CCCCCC2CC3CCCCC3C2)CC1
C1CCC(CCC(CCC2CCC3CCCC3C2)CC2CCCCC2)CC1
C1CCC(C2CC3CCCC3C3CCC4CCCCC4C23)CC1
C1CCC(C2CC3CCCC3C3CCC4CCCCC4C23)CC1
C1CCC2C(C1)CCCC1C3CCCC3CCC21
C1CCC2CCC(C3CCCC4CCCC43)CC2CC1
C1CCC2C(C1)CC(C1CCCC3CCCCC31)C1CCCC21
C1CCC2CC(C3CCCC4CCCC43)CCC2C1
C1CCC(CCCCCC2CCCC3C(CC4CCCCC4)CCC23)CC1
C1CCC2CCC(C3CCCC4CCCC43)CC2CC1
C1CCC(CCCC2CCCC3CCC(C4CCCC5CCCC54)CC3C2)CC1
C1CCC(CCCCCC2CC3CCCCC3C2)CC1
C1CCC(CCC2CCC3C(CCC3C3CCCCC3)C2)CC1
C(CCC1CCC2C1CCC1C3CCCCC3CCC21)CC1CC2CCCCC2C1
C1CCC(CCCCCC2CCCCC2)CC1
C1CCC(CC2CC3CCCCC3C3CCC4CCCCC4C23)C1
C1CCC(CCCCCC2CCC3CCCCC23)CC1
C1CCC(CC2CC3CCCCC3C3CCC4CCCCCC4C23)CC1
C1CCC(CC2CC3CCCCC3C3CCC4CCCCC4C23)CC1
C1CCC(CCC2CCC3C(CCC4C5CCCC5CCC34)C2)CC1
C1CCC(CC2CC3CCCCC3C3CCC4CCCCCC4C23)CC1
C1CCC(C2CC3CCCC3C3CCCC4CCCCC4C23)CC1
C1CCC2CC(CCCC3CCC4C3CCC3C5CCCCC5CCC43)CC2C1
C1CCC(CCCCC2CC3CCCCC3C2)CC1
C1CCC2CCC3C4CCC(CCCC5CCCC5)C4CCC3C2CC1
C1CCC(C2CCC3CC4C(CCC32)CCC2C3CCC(CCCC5CCC6CCCCC6C5)C3CCC42)CC1
C1CCC2CCC(C3CCCC4CCCC43)CC2CC1
C1CCC(CCCCC2CC3CCCCC3C2)CC1
C1CCC(C2CC3CCCCC3C3CCCCC23)CC1
C(CCC1CCC2C1CCC1C3CCCCC3CCC21)CC1CC2CCCCC2C1
C1CCC(CCCCC2CCC3CCCCC23)CC1
C1CCC(C2CCC3CC4C(CCC5C6CCC(CCCC7CCC8CCCCC8C7)C6CCCC45)CC32)CC1
C1CCC2CCC3C4CCCC4CCC3C2CC1
C1CCC2CCC3C4CCC(CCCC5CC6CCCCC6C5)C4CCC3C2CC1
C1CCC(CCCC2CCC3CCCC3C2)CC1
C1CCC(CCCCC2CC3CCCCC3C2)CC1
C1CCC(CCC2CCC(C3CCCC4C(C5CCCCC5)CCC34)C2)CC1
C1CCC(CCCC2CCC3C2CCC2C4CCCCC4CCC32)C1
C1CCC(C2CCC3CC4C(CCCC45CCCCC5)CC32)CC1
C1CCC2CCC(C3CCCC4CCCC43)CC2CC1
C1CCC(CC2CCC3CC4C(CCC45CCCC5)CC23)CC1
C1CCC2CCC3C4CCCCC4CC(CC4CCCC4)C3C2CC1
C1CCC2CC(C3CCCC4CCCC43)CCC2C1
C1CCC2CC3CCC4C5CCCC5CC4C3CCC2C1
C1CCC(CCC2(CCCC3CCC4CCCCC4C3)CCC3C4CCC5CCCCC5C4CCC32)C1
C1CCC2C(C1)CCC1C3CCCC3CCCC21
C1CCC(CCC2CCC3C(CCC3C3CCCC(CCC4CCCCC4)C3)C2)CC1
C1CCC(CCCCC2CCC3CCCCC23)CC1
C(CCC1CCCC2CCCCC12)CC1CCCC2CCCCC12
C1CCC(C2CCC3CC4C(CCCC45CCCC5)CC32)CC1
C1CCC(C2CC3CCCC3C3CCC4CCCCC4C23)CC1
C1CCC2CCC(C3CCCC4CCCC43)CC2CC1
C1CCC(C2CC3CCCC3C3CCC4CCCCC4C23)CC1
C1CCC(CCCCCC2CCCC3C(C4CCCCC4)CCC23)CC1
C1CCC(CCC2CCC(CCC3CCCCC(CC4CCCC4)C3)CC2)CC1
C1CCC(C2CCC3CC4C(CCC5CCCCCC54)CC32)CC1
C1CCC(CCCC2CCCC(C3CCC4CC(CCC5CCC6CCCCCC6C5)CCC43)C2)CC1
C(CCC1(C2CCCC2)CCCCC2CCCCC21)CC1CCC2CCCCC2C1
C1CCC(CCCCCC2CCC3CCCCC23)CC1
C1CCC2CC(CC3CCCC4CCCC43)CCC2C1
C1CCC(CCCCC2CCC3CCC(C4CCCC5CCCC54)CC3C2)CC1
C1CCC2CC(C3CCCC4CCCC43)CCC2C1
C1CCC(C2CCC3CC4C(CCC45CCCC5)CC32)CC1
C1CCC(CC2CC3CCCCC3C3CCC4CCCCCC4C23)CC1
C1CCC2CCC(C3CCC4CCCCC43)CC2CC1
C1CCC2CCC(C3CCCC4CCCC43)CC2CC1
C1CCC(CCCCCC2CC3CCCCC3C2)CC1
C(CCC1CCCC2CCCCC12)CC1CC2CCCCC2C1
C(CCC1CCCC2CCCCC12)CC1CCCC2CCCCC12
C1CCC2C(C1)CCC1CCCCC12
C1CCC(CCC2CCCCC2)CC1
C1CCC(CCCCC2CC3CCCCC3C2)CC1
C(CCCC1CCCCC1)CCCC1CCC(C2CCCCC2)C1
C1CCC(CCC2CCCCC2)CC1
C1CCC2CC(CC3CCCC4CCCC43)CCC2C1
C1CCC2CC(CCCC3CCC4C5CCC6CCCCC6C(CCC34)C5)CC2C1
C1CCC2CCC(C3CCCC4CCCC43)CC2CC1
C(CCC1CCC2C1CCC1C3CCCCC3CCC21)CC1CC2CCCCC2C1
C1CCC(CCC2CCC(CCC3CCCC(CCC4CCCC4)C3)CC2)CC1
C1CCC2C(C1)CCC1C2CCC2C3CCCC3CC21
C(CCCC1CCCC2C1CCC2C1CCC(CC2CC2)CC1)CCC1CCCCC1
C1CCC(CCCC2CCC3C2CCC2C4CC5CCC(C6CCCCC6)C5CC4CCC32)CC1
C1CCC(CCCCCC2CCCC3C(C4CCCCC4)CCC23)CC1
C1CCC(CCCCCC2CCCC3C(C4CCCCC4)CCC23)CC1
C1CCC2C(C1)CCC1C3CCCC3CCC21
C1CCC(CCCCCC2CCCC3C(C4CCCCC4)CCC23)CC1
C1CCC(C2CCC3C(CCC4CCCCC43)C2)CC1
C(CCC1CCCC2CCCC12)CC1CC2CCCCC2C1
C(CCC1CCC2C1CCC1C3CCCCC3CCC21)CC1CC2CCCCC2C1
C1CCC(CCCCCC2CC3CCCCC3C2)CC1
C1CCC(CCC2CCCC3CC4C(CCC23)CCC4C2CCCCC2)CC1
C1CCC(CCCC2CCC3C2CCC2C4CC5CCC(C6CCCCC6)C5CC4CCCC32)CC1
C(CCCC1CCCC2C(C3CCCCC3)CCC12)CCC1CCCCC1
C1CCC(CCC2CCC3C(CCC3C3CCCCC3)C2)CC1
C1CCC(C2CC3CCCC3C3CCC4CCCCCC4C23)CC1
C1CCC2CC(CC3CCCC4CCCC43)CCC2C1
C1CCC2CC(C3CCCC4CCCC43)CCC2C1
C1CCC(CCCCCC2CCCC3C2CCC3C2CCCC(CC3CCCC3)C2)CC1
C1CCC2CC(CC3CCCC4CCCC43)CCC2C1
C(CCCC1CCC2C(CCC2C2CCCCC2)C1)CCC1CCCCC1
C1CCC(CC2CCC3C(CCC3C3CCCCC3)C2)CC1
C1CCC(CC2CC3CCCCC3C3CCC4CCCCC4C3C2)C1
C1CCC(CC2CC3CCCCC3C3CCC4CCCCC4C23)C1
C1CCC(CC2CCC3CCCCC3C2)C1
C1CCC(C2CCC3CC4C(CCCC5C6CCCC6CCC45)CC32)CC1
C1CCC2CCC(C3CCCC4CCCC43)CC2CC1
C1CCC(C2CC3CCCC3C3CCC4CCCCC4C23)CC1
C1CCC2CC(CCCC3CCC4CC5CCC6CCCCC6C5CCC34)CC2C1
C1CCC2CC(CC3CCCC4CCCC43)CCC2C1
C1CCC(CCCCCC2CCC3CCCCC23)CC1
C1CCC2C(C1)CCC1C3CCCCC3CCC21
C1CCC(CC23CCCCC2CCC2C(CCC4CCCC42)C3)CC1
C1CCC(CC2CC3CCCCC3C3CCC4CCCCC4C23)C1
C1CCC(CC2CCC(CC(CC3CCCCC3)C3CCCCC3)CC2)CC1
C1CCC(CCCCCC2CCCC3C(C4CCCCC4)CCC23)CC1
C1CCC(CCCCC2CCC3C2CCC2C4CCCCC4CCCC32)CC1
C1CCC2CCC(C3CCCC4CCCC43)CC2CC1
C1CCC(CCC(CCC2CCC3CCCC3C2)CC2CCCCC2)CC1
C1CCC(CCCCCC2CC3CCCCC3C2)CC1
C1CCC(CCCCCC2CCCC3C(C4CCCCC4)CCC23)CC1
C1CCC2C(C1)CCC1C2CCC2C3CCCC3CC21
C1CCC(CCCCCC2CC3CCCCC3C2)CC1
C1CCC(CCC2CCC3C(CCC3C3CCCCC3)C2)CC1
C1CCC2C(C1)CCC1C3CCCC3CCC21
C1CCC(CCC2CCC3C(CC4CCCCC4)CCC3C2)CC1
C1CCC(CC2CC3CCCCC3C3CCC4CCCCC4C23)C1
C1CCC(CC2CC3CCCCC3C3CCC4CCCCC4C23)CC1
C1CCC(CCC2CCC(CCC3CCCC(CC4CCCC4)C3)CC2)CC1
C(CCCC1CCCCC1)CCCC1CCC(CC2CCCCC2)C1
C1CCC(CCCC2CCCC(C3CCC4CC(CCC5CCC6CCCCC6C5)CCC43)C2)CC1
C(CCC1CCC2CCCCC2C1)CCC1CCCC2CCCCC12
C1CCC(CC2CC3CCCCC3C3CCC4CCCCC4C23)CC1
C1CCC2C(C1)CCC1C2CCC2C3CCCC3CC21
C(CCCC1CCCCC1)CCCC1CCC(C2CCCCC2)C1
C1CCC(CCC2CCC(CCC3CCCC(CC4CCCC4)C3)CC2)CC1
C1CCC(CC2CC3CCCCC3C3CCC4CCCCCC4C23)CC1
C(CCC1CCCCC2CCCCC12)CC1CCC2CCCCC2C1
C1CCC(CC2CC3CCCC3C3CCC4CCCCC4C23)CC1
C1CCC(CCCCCC2CC3CCCCC3C2)CC1
C1CCC(CC2CCC3C(CCCCCC4CCC(C5CCCC5)C4)CCCC23)CC1
C1CCC(CCCCC2CC3CCCCC3C2)CC1
C1CCC2CCC(C3CCCC4CCCC43)CC2CC1
C1CCC(CCC(CCC2CCCCC2)CCC2CCC3CCCC3C2)CC1
C1CCC(CCC2CCC(C3CC3)CC2)CC1
C1CCC(C2CCC3CC4C(CCCC45CCCCC5)CC32)CC1
C1CCC2C(C1)CC(C1CCCC1)C1CCCCC21
C1CCC2C(C1)CCC1C3CCCC3CCC21
C1CCC(C2CCC3CCCCC3C3CCCCC23)CC1
C1CCC(CCCC2(CCC3CCCC3)CCC3C4CCC5CCCCC5C4CCC32)CC1
C1CCC(CCCCCC2CCC3CCCCC23)CC1
C(CCCCCCC1CCC(CCC2CCC(CCC3CCCC3)C2)C1)CCCCCCC1CCC2C1CCC1C3CCCCC3CCC21
C1CCC(C2CCC3C(CCC4CCCCC43)C2)CC1
C1CCC2C(C1)CC(C1CCCC3CCCCC31)C1CCCC21
C1CCC(CCCC2CCCC3C2CCC2C4CCCCC4CCC32)C1
C(CCC1CCCCC2CCCCC12)CC1CCC2CCCCC2C1
C1CCC2C(C1)CCC1C2CCC2C3CCCC3CC21
C1CCC2CC(CCCC3CCC4C3CCC3C5CCCCC5CCC43)CC2C1
C(CCC1CCC2CCCCC2C1)CCC1CCCC2CCCCC12
C1CCC(CCCCC2CC3CCCCC3C2)CC1
C1CCC2CC(CCCC3CCCC4CCCCC43)CC2C1
C1CCC(CCCC2(CCC3CCCC3)CCC3C4CCC5CCCCC5C4CCC32)CC1
C1CCC(CC2CC3CCCCC3C3CCC4CCCCC4C23)CC1
C1CCC(C2CCCC3C(CCC4CCCCC43)C2)CC1
C1CCC(CCCC2CCC3C(CCC3C3CCCCC3)C2)CC1
C(CCCC1CCCC2C(C3CCCCC3)CCC12)CCC1CCCCC1
C1CCC(CCCCCC2CCCC3C(C4CCCCC4)CCC23)CC1
C1CCC2CCC3C(CCC4C5CCCC5CC43)C2CC1
C1CCC2CC(CCCC3CCC4C3CCC3C5CCCCC5CCC43)CCC2C1
C1CCC2C(C1)CCC1C3CCCCC3CCC21
C(CCC1CCCCC2CCCCC12)CC1CCC2CCCCC2C1
C1CCC(CCC2CCC3C(CCC3CC3CCCC(CC4CCCC4)C3)C2)CC1
C(CCCCC1CCC(C2CCCCC2)C1)CCCC1CCC2CCCC2C1
C1CCC(CCCCC2CCC3CCCCC23)CC1
C(CCCC1CCC2CCCC2C1)CCCC1CCC(C2CCCCC2)C1
C1CCC(C2CCC3C(CCC4CCCCC43)C2)CC1
C1CCC(CC2CC3CCCCC3C3CCC4CCCCC4C23)CC1
C1CCC2C(C1)CCCC1C3CCCC3CCC21
C(CCCC1CCCCC1)CCCC1CCC(C2CCCCC2)C1
C1CCC(CCCCCC2CCC3CCCCC23)CC1
C1CCC2C(C1)CCC1C3CCCC3CCC21
C1CCC(CCCCC2CC3CCCCC3C2)CC1
C1CCC(C2CC3CCCCC3CC3CCCCC32)CC1
C1CCC(CCCCCC2CCC3CCCCC23)CC1
C1CCC2C(C1)CC(C1CCCC3CCCCC31)C1CCCC21
C1CCC2CCC3C4CCCCC4CC(CC4CCCC4)C3C2CC1
C1CCC(CCC2CCC3C(CCCC4C5CCCC5CC(CCC5CCCCC5)C34)C2)CC1
C1CCC2CCC3C4CCCCC4CCC3C2CC1
C1CCC2CCC3C4CCC(CCCC5CC6CCCCC6C5)C4CCC3C2CC1
C1CCC(CC2CC3CCCCC3C3CCC4CCCCC4C23)CC1
C1CCC(CCCC2CCC(C3CCCC4C(C5CCCCC5)CCC34)C2)CC1
C1CCC(CC2CC3CCCCC3C3CCC4CCCCCC4C23)CC1
C1CCC(C2CCC3CC4C(CCC45CCCC5)CC32)CC1
C1CCC(CCCCCC2CC3CCCCC3C2)CC1
C1CCC2CCC3C4CCC(CCCC5CC6CCCCC6C5)C4CCC3C2CC1
C1CCC2CC(C3CCCC4CCCC43)CCC2C1
C1CCC(CCC(CCC2CCC3CCCC3C2)CC2CCCCC2)CC1
C1CCC(C2CC3CCCC3C3CCC4CCCCC4C23)CC1
C1CCC(CC(CC2CCCCC2)C2CCCCC2)CC1
C1CCC(C2CC3CCCC3C3CCC4CCCCC4C23)CC1
C1CCC(CCCCC2CC3CCCCC3C2)CC1
C1CCC2C(C1)CCC1C3CCCCC3CCC21
C(CCCC1CCCC2C1CCC2C1CCC(CC2CC2)CC1)CCC1CCCCC1
C1CCC(CCCC2CCC3CCC(C4CCCC5CCCC54)CC3C2)CC1
C1CCC(CC2CCC3C(CCC3C3CCCCC3)C2)CC1
C1CCC(C2CCC3CC4C(CCCC5C6CCC(CCCC7CC8CCCCC8C7)C6CCC45)CC32)CC1
C1CCC(CCCCCC2CCCC3C2CCC3C2CCCC(CCC3CCCC3)C2)CC1
C1CCC2CC(CCCC3CCC4C3CCC3C5CCCCC5CCCC43)CC2C1
C1CCC(C2CCC(C3CC4CCCC4C4CCC5CCCCC5C34)CC2)C1
C1CCC(CCCCC2CC3CCCCC3C2)CC1
C1CCC(CCC(CCC2CCC3CCCC3C2)CC2CCCCC2)CC1
C1CCC(C2CC3CCCCC3C3CCCCC23)CC1
C1CCC(C2CCC3CC4CCCCC4CC32)CC1
C1CC(CC2CCC(C3CC4CCCC4C4CCC5CCCCC5C34)CC2)C1
C1CCC(CCC2CCC3C(CCC4C5CCCC5CC(CCC5CCCCC5)C34)C2)CC1
C1CCC(C2CCC3CC4(CCCCCC4C4CCCCC4)CCC32)CC1
C1CCC(CCC2CCC(CC(CC3CCCCC3)C3CCCCC3)CC2)CC1
C1CCC(C2CCC3CC4C(CCCC5C6CCC(CCCC7CCC8CCCCC8C7)C6CCC45)CC32)CC1
C1CCC(C2CCC3CC4C(CCCC5CC5)CCCC4CC32)CC1
C1CCC2CC(C3CCCC4CCCC43)CCC2C1
C(CCC1CC2CCCCC2C1)CCC1CCCC2CCCC12
C1CCC(C2CCC3CC4C(CCC45CCCCCC5)CC32)CC1
C1CCC(CCCCC2CC3CCCCC3C2)CC1
C1CCC2C(C1)CCC1C3CCCC3CCC21
C1CCC2C(C1)CCCC1C3CCCC3CCC21
C1CCC2CC(C3CCCC4CCCC43)CCC2C1
C1CCC(CCC2CCCC3CC4C(CCC23)CCC4C2CCCCC2)CC1
C1CCC(C2CCC3CC4(CCCCCCC4C4CCCCC4)CCC32)CC1
C1CCC(CCCC2CCC3CCC(C4CCCC5CCCC54)CC3C2)CC1
C1CCC(CC2CC3CCCCC3C3CCC4CCCCCC4C23)CC1
C1CCC(CCC2CCC3C2CCC2C4CCCCC4CCC32)C1
C1CCC(CCCCCC2CCCC3C(CC4CCCCC4)CCC23)CC1
C1CCC(CCCCC2CCC3CCCCC23)CC1
C1CCC(C2CC3CCCC3C3CCC4CCCCCC4C23)CC1
C1CCC(CCCCCC2CCC3CCCCC23)CC1
C1CCC(C2CCC(CCCCCC3CCCC4CCCCC34)C2)CC1
C1CCC(CCCCC2CC3CCCCC3C2)CC1
C1CCC(CCC(CC2CCCC2)CC2CC3CCCCC3C2)CC1
C(CCC1CCC2CCCCC2C1)CCC1CCCC2CCCCC12
C1CCC(CCCCCC2CCCC3C(C4CCCCC4)CCC23)CC1
C1CCC(CCCC2CCC3CCC(C4CCCC5CCCC54)CC3C2)CC1
C(CCC1CCCC2CCCC12)CC1CC2CCCCC2C1
C1CCC(C2CCC3CC4C(CCCC45CCCCC5)CC32)CC1
C1CCC(CCC2CCC3C(CCC3C3CCCCC3)C2)CC1
C1CCC(CCCC2CCC3C(CCC3C3CCCCC3)C2)CC1
C1CCC(CCC2CCC3C2CCC(C2CCCCC2)C2C4CCCCC4CCC32)CC1
C1CCC(CCC2CCC3C(CCC3C3CCCCC3)C2)CC1
C(CCCC1CCCC2C(C3CCCCC3)CCC12)CCC1CCCCC1
C1CCC2C(C1)CCC1C3CCCC3CCC21
C1CCC2CC(C3CCCC4CCCC43)CCC2C1
C1CCC(C2CCC3C(CCCCCC4CC4)CCCC23)CC1
C1CCC(C2CCC3CCCC3C3CCC4CCCCC4C23)CC1
C1CCC2CC(CCCC3CCC4C3CCCC3C5CCCCC5CCC34)CCC2C1
C1CCC(CCC2CCCC3CC4C(CCC4C4CCCCC4)CC23)CC1
C1CCC(CCCCCC2CCCC3C(CC4CCCCC4)CCC23)CC1
C1CCC2CCC3CCCCC3C2CC1
C1CCC(CC2CC3CCCC3C3CCC4CCCCC4C23)CC1
C(CCC1CCCC2CCCC12)CC1CC2CCCCC2C1
C1CCC(C2CC3C(CCC34CCCC4)C3CCC4CCCCC4C23)CC1
C1CCC2C(C1)CCC1C3CCCCC3CCC21
C(CCCCC1CCC(C2CCCCC2)C1)CCCC1CCC2CCCC2C1
C1CCC(CC2CC3CCCCC3CC3CCC4CCCCC4C32)CC1
C1CCC(CCC2CCC3C(CCC3C3CCCCC3)C2)CC1
C(CCC1CCC2C1CCC1C3CCCCC3CCC21)CC1CCC2CCCCC2C1
C1CCC(CCC2CCC(CCC3CCCC(CC4CCCC4)C3)CC2)CC1
C1CCC2CCC(C3CCCC4CCCC43)CC2CC1
C1CCC(CCCCC2CCCC3CCCC23)CC1
C1CCC(CCC2CCC3C(CCC3C3CCCCC3)C2)CC1
C1CCC(CCC2CCC3C(CCC3C3CCCC(CCC4CCCC4)C3)C2)CC1
C1CCC(CCCC2CCC3C2CCC2C4CCCCC4CCC32)C1
C1CCC2C(C1)CCC1C3CCCC3CCC21
C1CCC(CCCC2CCC3C(CCC4C5CCCC5CC(CCC5CCCCC5)C34)C2)CC1
C1CCC(C2CC3CCCC3C3CCC4CCCCC4C23)CC1
C1CCC(CC2CCC3(CCC4CC5C(CCC5C5CCCCC5)CC43)C2)CC1
C1CCC(CCCC2CCCC3CCC(C4CCCC5CCCC54)CC3C2)CC1
C1CCC(C2CC3CCCCC3C3CCCCC23)CC1
C1CCC(CCC2CCCC3CC4C(CC5CCCCC5)CCC4CC23)CC1
C(CCCC1CCC2CCCC2C1)CCC1CCCCC1
C1CCC2CCCCC2C(CCCCC2CCCC3CCCCC23)C1
C1CCC2CC(CC3CCCC4CCCC43)CCC2C1
C1CCC(CC2CCC3CCCCC3C3CCC4CCCCC4C23)CC1
C(CCC1CCC2CCCCC2C1)CCC1CCCC2CCCCC12
C1CCC(C2CC3CCCC3C3CCC4CCCCCC4C23)CC1
C1CCC(C2CCC(CCCCCC3CCCCC4CCCCC34)C2)CC1
C(CCCCC1CCC(C2CCCCC2)C1)CCCC1CCCCC1
C1CCC(CCCC2CCC3CCC(C4CCCC5CCCC54)CC3C2)CC1
C(CC1CCC2CCCC2C1)CC1CCC2CCC(C3CCCC4CCCC43)CC2C1
C1CCC2C(C1)CCC1C3CCCC3CCC21
C1CCC(CCC2CCC3C2CCC(C2CCCCC2)C2C4CCCCC4CCC32)CC1
C1CCC(CCCCC2CC3CCCCC3C2)CC1
C1CCC(CCCCCC2CC3CCCCC3C2)CC1
C1CCC(CCCCCC2CCCC3C(C4CCCCC4)CCC23)CC1
C1CCC(C2CC3CCCC(C3)C3CCC4CCCCC4C32)CC1
C1CCC2CC(CCCC3CCC4C3CCCC3C5CCCCC5CCC34)CC2C1
C1CCC(C2CC3CCCCC3C3CCC4CCCCC4C23)CC1
C1CCC(C2CC3CCCC3C3CCC4CCCCCC4C23)CC1
C1CCC(CCCCCC2CCC3CCCCC23)CC1
C(CCCC1CCCCC1)CCCC1CCC(C2CCCCC2)C1
C1CCC(C2CCC3CC4C(CC5CCC6CCCCC65)CCCCC4CC32)CC1
C1CCC(CC2CC3CCCCC3C3CCC4CCCCCC4C23)CC1
C1CCC(CCC2CCCCC2CC2CC3CCCCC3C3CCC4CCCCC4C23)CC1
C1CCC(C2CCC3CCC4C(CCC45CCCC5)CC32)CC1
C1CCC2CCC(C3CCCC4CCCC43)CC2CC1
C1CCC(C2CCC3CC4CCCCC4CCC32)CC1
C1CCC(CC2CC3CCCCC3C3CCC4CCCCC4C23)CC1
C1CCC2C(C1)CCC1CCCCC12
C1CCC(CC2CCC3CC4C(CCCC45CCCC5)CC23)CC1
C1CCC2CC(C3CCCC4CCCC43)CCC2C1
C(CCCC1CCCC2CCCCC12)CCC1CCC(C2CCCCC2)C1
C1CCC(C2CC3CCCC3C3CCC4CCCCCC4C23)CC1
C1CCC(C2CC3CCCC3C3CCC4CCCCCC4C23)CC1
C1CCC2C(C1)CCC1CCCCC12
C1CCC2C(C1)CC(C1CCCC3CCCC31)C1CCCC21
C1CCC(CCC(CCC2CCC3CCCC3C2)CC2CCCCC2)CC1
C1CCC2CC(CC3CCCC4CCCC43)CCC2C1
C1CCC(CCCC2CCC3C(CCC3C3CCCCC3)C2)CC1
C1CCC(CCCCCC2CC3CCCCC3C2)CC1
C1CCC2CC3CCC4CCCC4C3CCC2C1
C1CCC(C2CCC3CCCC3C3CCC4CCCCC4C23)CC1
C1CCC(CC2CC3CCCCC3C3CCC4CCCCCC4C23)CC1
C1CCC(CCCCCC2CCCC3C(C4CCCCC4)CCC23)CC1
C1CCC(C2CCC3C(CCCC4CCCCC43)C2)CC1
C1CCC(C2CCC3CC4C(CCC5C6CCC(CCCC7CCC8CCCCC8C7)C6CCC45)CC32)CC1
C1CCC(CCC2CCC3C(CCC4C5CCCC5CC(CCC5CCCCC5)C34)C2)CC1
C1CCC(CCC2CCC3C(CCC3C3CCCCC3)C2)CC1
C1CCC(CCCC2CC3CCCCC3C2C2CCCCC2)CC1
C1CCC(CCCCC2CCC3CCCCC23)CC1
C1CCC(CCC2CCCC3CCC(C4CCCC5CCCC54)CC23)CC1
C1CCC2CCC3C4CCCC4CCC3C2CC1
C1CCC2CCC3C4CCCCC4CC(CC4CCCC5CCCCC54)C3C2CC1
C1CCC(CCCC2CCC3CCC(C4CCCC5CCCC54)CC3CC2)CC1
C1CCC2CCC3C4CCC(CCCC5CCCC5)C4CCC3C2CC1
C1CCC(CCCCC2CCC3C2CCCC2C4CCCCC4CCC23)CC1
C1CCC(C2CC3CCCCC3C3CCCCC23)CC1
C1CCC(CCCCC2C(CC3CCCC4CCCC43)CCC3CCCCC32)CC1
C1CCC(CCC(CCC2CCC3CCCC3C2)CC2CCCCC2)CC1
C1CCC(C2CC3CCCCC3C3CCCCC23)CC1
C1CCC2C(C1)CCC1CCCCC12
C(CCC1CCCC1)CCC1CCCC2CCCCC12
C(CCCC1CCCCC1)CCCC1CCC(C2CCCCC2)C1
C1CCC(CCC(CCC2CCC3CCCC3C2)CC2CCCCC2)CC1
C(CCCC1CCC2CCCC2C1)CCCC1CCC(C2CCCCC2)C1
C(CCCC1CCC(CC2CCCCC2)C1)CCCC1CCC2CCCC2C1
C1CCC(CCCC2CCC3CCC(C4CCCC5CCCC54)CC3C2)CC1
C1CCC(CCCCCC2CC3CCCCC3C2)CC1
C1CCC2C(C1)CCCC2CCCC1CCCC2CCCCC21
C(CCCCCCC1CCC2C1CCC1C3CCCCC3CCC21)CCCCCC1CCC(CCC2CCC(CCC3CCCC3)C2)C1
C1CCC(CC2CCCC(CC3CC4CCCCC4C4CCC5CCCCC5C34)C2)CC1
C(CCC1CCCC2CCCCC12)CC1CCCC2CCCCC12
C1CCC(C2CCC3CCCC3C3CCC4CCCCC4C23)CC1
C1CCC(C2CCC3CCC4C(CC5CCC6CCCCC65)CCCC4CC32)CC1
C1CCC(CCC2CCC3C(CCC4C5CCCC5CC(CCC5CCCCC5)CC34)C2)CC1
C1CCC(CC2CC3CCCCC3CC3CCC4CCCCC4C32)CC1
C(CCCC1CCCCC1)CCCC1CCC(C2CCCCC2)C1
C1CCC(C2CC3CCCC3C3CCCC4CCCCC4C23)CC1
C1CCC(CC2CC3CCCCC3C3CCC4CCCCCC4C23)CC1
C1CCC(C2CCC3C(CCC4CCCCC43)C2)CC1
C1CCC(CCCCCC2CCCC3C(C4CCCCC4)CCC23)CC1
C(CCCC1CCCCC1)CCCC1CCC(C2CCCCC2)C1
C(CCCCC1CCC2C(CCC3C4CCCC4CCC23)C1)CCCC1CCCC(CC(CC2CCC(CC3CCCCC3)CC2)C2CCCCC2)C1
C1CCC(CC2CCC3CC4C(CC5CC6CCCCC6C5)CCCC4CC23)CC1
C1CCC(CC2CC3CCCCC3C3CCC4CCCCC4C23)CC1
C1CCC(CC2CCC(CC(CC3CCCCC3)C3CCCCC3)CC2)CC1
C1CCC(CCC(CCC2CC3CCCCC3C2)C2CC2)CC1
C1CCC(CCCCC2CCC3CCCCC23)CC1
C1CCC(CCC2CCC(C3CCC4C(CCC4C4CCCCC4)C3)CC2)CC1
C1CCC2CCC(C3CCCC4CCCC43)CC2CC1
C1CCC(C2CCC3CC4C(CCC5CC6CCCCC6C5)CCCC4CC32)CC1
C1CCC(CCCC2CCC3CCC(C4CCCC5CCCC54)CC3C2)CC1
C1CCC(CCCCCC2CCCC3C(C4CCCCC4)CCC23)CC1
C1CCC(CC2CCCCC2CC2CC3CCCCC3CC3CCC4CCCCC4C32)CC1
C(CCC1CCCC2CCCC12)CC1CC2CCCCC2C1
C1CCC2CC(CC3CCCC4CCCC43)CCC2C1
C1CCC(C2CC3CCCC3C3CCC4CCCCC4CC23)CC1
C1CCC(CCCCCC2CCCC3C(C4CCCCC4)CCC23)CC1
C1CCC2CCC3C4CCCC4CCC3C2CC1
C1CC(C2CCC(C3CC4CCCC4C4CCC5CCCCC5C34)CC2)C1
C1CCC(CCCC2CCC3C(CCC3C3CCCCC3)C2)CC1
C1CCC(CCCC(CC2CC3CCCCC3C2)C2CC2)CC1
C1CCC(C2CCC3CCCC3C3CCC4CCCCC4C23)CC1
C1CCC(C2CC3CCCC3C3CCC4CCCCCC4C23)CC1
C1CC2CCC3C(CCC4CCCCC43)CC2C1
C1CCC(CCCCC2CC3CCCCC3C2)CC1
C1CCC(C2CCC3CC4C(CCC45CCCCCC5)CC32)CC1
C1CCC(C2CC3CCCCC3C3CCC4CCCCC4C23)CC1
C1CCC(C2CCC3CC4C(CCC32)CCC42CCCC2)CC1
C1CCC(CCCC(CC2CC3CCCCC3C2)C2CC2)CC1
C1CCC2CCC3CCCCC3C2CC1
C1CCC(CCCCC2CC3CCCCC3C2)CC1
C1CCC2CC(C3CCCC3)CCC2C1
C1CCC(C2CCC3CC4CCCCC4CCC32)CC1
C1CCC(C2CC3CCCC3CC3CCC4CCCCC4C32)CC1
C(CCC1CCC2C(CCC3C4CCCC4CCC23)C1)CC1CCC(C2CC3CCCC3C3CCC4CCCCC4C23)CC1
C(CCC1CCCC2CCCC12)CC1CC2CCCCC2C1
C1CCC2CCC(C3CCCC4CCCC43)CC2CC1
C(CCC1CCCC2CCCC12)CC1CC2CCCCC2C1
C1CCC2CCC3C4CCCCC4CC(CC4CCCC4)C3C2CC1
C(CCC1CCCC2CCCCC12)CCC1CCCC2CCCCC12
C1CCC(CCCCC2CCC(C3CCC4C(CCC4C4CCCCC4)C3)CC2)CC1
C(CCC1CCCC2CCCCC12)CC1CCC2CCCCC2C1
C1CCC2C(C1)CCC1C3CCCC3CCC21
C1CCC(C2CCC3CCC4C(CCC45CCCCC5)CC32)CC1
C1CCC(C2CC3CCCC3C3CCC4CCCCCC4C23)CC1
C1CCC(CCCCCC2CCCC3C(C4CCCCC4)CCC23)CC1
C1CCC(CCCCC2CC3CCCCC3C2)CC1
C(CCCC1CCCCC1)CCCC1CCC(C2CCCCC2)C1
C1CCC(C2CCC3CCC4(CCCCC4)C3C2)CC1
C1CCC(CCCCCC2CC3CCCCC3C2)CC1
C1CCC(CCCCCC2CC3CCCCC3C2)CC1
C1CCC(CCCCCC2CCCC3C(C4CCCCC4)CCC23)CC1
C1CCC(CCC2CCC3C(CCC3C3CCCC(CC4CCCC4)C3)C2)CC1
C1CCC2CCC3C4CCCCC4CC(CC4CCCC4)C3C2CC1
C1CCC2C(C1)CCC1C3CCCCC3CCC21
C1CCC2C(C1)CCC1C3CCCC3CCC21
C1CCC(CCC2CCC(CCC3CCCC(CCC4CCCC4)C3)CC2)CC1
C1CCC(CC2CCC3CC4C(CCC5C6CCC(CCCC7CCC8CCCCC8C7)C6CCC45)CC23)CC1
C1CCC(C2CC3CCCC3C3CCC4CCCCCC4C23)CC1
C1CCC(CC2CCCCC2CC2CC3CCCCC3C3CCC4CCCCCC4C23)CC1
C1CCC(CCC2CCC3C(CCC3C3CCCCC3)C2)CC1
C1CCC(CCCCCC2CC3CCCCC3C2)CC1
C1CCC2C(C1)CCC1C2CCC2C3CCCC3CC21
C1CCC(CCC2CCC(CCC3CCCCC3)CC2)CC1
C1CCC(C2CC3CCCC3C3CCC4CCCCC4C23)CC1
C1CCC(CCCCCC2CC3CCCCC3C2)CC1
C(CCC1CCC2CCCCC2C1)CCC1(C2CCCC2)CCCC2CCCCC21
C1CCC(C2CCC(CCCCCC3CCCCC4CCCCC34)C2)CC1
C1CCC(CCCC2CCCC(C3CCC4CC(CCCC5CCC6CCCCC6C5)CCC43)C2)CC1
C1CCC(CCC2CC3CCCCC3C3CCC4CCCCC4C23)C1
C1CCC(CCC2CCC3C(CCC4C5CCCC5CCCC34)C2)CC1
C1CCC(CCCCCC2CCC3CCCCC23)CC1
C1CCC(C2CC3CCCCC3C3CCCCC3C2)CC1
C1CCC(CCC2CCC(CCC3CCCCC3)CC2)CC1
C1CCC2CCC3C4CCC(CCCC5CC6CCCCC6C5)C4CCC3C2CC1
C1CCC2CC(C3CCCC4CCCC43)CCC2C1
C1CCC(CCC2CCC(C3CC3)CC2)CC1
C1CCC(CCCC2CCCCC3CCC(C4CCCC5CCCC54)CC23)CC1
C1CCC(C2CC3CCCCC3C3CCC4CCCCC4C23)CC1
C1CCC(CCCCC2CC3CCCCC3C2)CC1
C1CCC(C2CCC3CC4C(CCCCC45CCCC5)CC32)CC1
C1CCC(C2CCCC3C(CCC4CCCCC43)C2)C1
C1CCC(CCCCC2CC3CCCCC3C2)CC1
C1CCC(CCCC2CCC3C(CCC3C3CCCCC3)C2)CC1
C1CCC(CCC2CCC3C(CCC4C5CCCC5CC(CCC5CCCCC5)C34)C2)CC1
C1CCC2C(C1)CCCC2CC1CCC2CCCCC2C2CCC3CCCCC3C12
C1CCC2CCC3C4CCCC4CCC3C2CC1
C1CCC2C(C1)CCC1C3CCCC3CCC21
C1CCC2C(C1)CCC1C3CCCC3CCC21
C1CCC(CCCCC2CCC3C2CCC2C4CCCCCC4CCC32)CC1
C1CCC(CCCC2CCC3C(CCC3C3CCCCC3)C2)CC1
C1CCC2C(C1)CCC1C3CCCCC3CCC21
C1CCC2CC(C3CCCC4CCCC43)CCC2C1
C(CCC1CCCC2CCCCC12)CC1CCC2CCCCC2C1
C1CCC(CCC2(CCCC3CC4CCCCC4C3)CCC3C4CCC5CCCCC5C4CCC32)C1
C(CCC1CCC2C(CCC3C4CCCC4CCC23)C1)CC1CCC(C2CC3CCCC3C3CCCC4CCCCC4C23)CC1
C1CCC(CCCCCC2CCCC3C(CC4CCCCC4)CCC23)CC1
C1CCC(C2CCC3CC4C(CCC5C6CCC(CCCC7CC8CCCCC8C7)C6CCC45)CC32)CC1
C1CCC(CC2CCC3C(CCC3C3CCCCC3)C2)CC1
C(CCCC1CCCCC1)CCC1CCCCC1
C1CCC(CCC2CCC3C(CCC3C3CCCCC3)C2)CC1
C1CCC(CCC2CCC3C(CCC3C3CCCCC3)C2)CC1
C(CCCC1CCCCC1)CCCC1CCC(C2CCCCC2)C1
C1CCC(CCC2CCC(C3CC3)CC2)CC1
C1CCC(CCCCCC2CC3CCCCC3C2)CC1
C1CCC2C(C1)CCC1C3CCCCC3CCC21
C1CCC(C2CCC3CCCC3C3CCC4CCCCC4C23)CC1
C1CCC(CCC2CCC3C(CCC3C3CCCCC3)C2)CC1
C1CCC(CC2CCC3CC4C(CCCC45CCCC5)CC23)CC1
C1CCC2C(C1)CCCC1C3CCCC3CCC21
C1CCC(CC2CC3CCCCC3C3CCC4CCCCCC4C23)CC1
C1CCC(C2CCC3CC4C(CCC5C6CCC(CCCC7CCC8CCCCC8C7)C6CCC45)CC32)CC1
C1CCC(C2CCC3CC4CCCCC4CCC32)CC1
C1CCC(C2CCC3CC4C(CCC5C6CCC(CCCCC7CCC8CCCCC8C7)C6CCC45)CC32)CC1
C1CCC2C(C1)CCC1C3CCCC3CCC21
C1CCC(C2CC3CCCC3C3CCC4CCCCC4C23)CC1
C1CCC2C(C1)CCCC2CCCC1CCCC2CCCCC21
C1CCC(CC2CCC(CC(CC3CCCCC3)C3CCCCC3)CC2)CC1
C(CCCCC1CCCC(CC(CC2CCC(CC3CCCCC3)CC2)C2CCCCC2)C1)CCCCC1CCC2C(CCC3C4CCCC4CCC23)C1
C1CCC2CC(CCCC3CCC4C3CCC3C5CCCCC5CCCC43)CC2C1
C1CCC(CCCCC2CC3CCCCC3C2)CC1
C1CCC(CCC(CCC2CCC3CCCC3C2)CC2CCCCC2)CC1
C1CCC(CCC2CCC3C(CCCC4C5CCCC5CC(CCC5CCCCC5)C34)C2)CC1
C1CCC(CCCC2CCC3C2CCC2C4CC5CCC(C6CCCCCC6)C5CC4CCC32)CC1
C1CCC(CCCCC2CC3CCCCC3C2)CC1
C1CCC2CCC(C3CCCC4CCCC43)CC2CC1
C1CCC(CCC2CCC3C(CCCC4CCCCC43)C2)CC1
C1CCC(CCC(CC2CC3CCCCC3C2)C2CCC2)CC1
C1CCC2CC(CCCC3CCCC4CCCCC43)CCCC2C1
C1CCC(CC2CCC(CC(CC3CCCCC3)C3CCCCC3)CC2)CC1
C1CCC(CCC2CCCC(CCC3CCC(CCC4CCC(C5CC5)CC4)CC3)C2)C1
C(CCC1CCCC2CCCC12)CC1CC2CCCCC2C1
C1CCC(CCCCC2CC3CCCCC3C2)CC1
C1CCC(CCC2CCC3C(CCC3C3CCCCC3)C2)CC1
C(CCC1CC2CCCCC2C1)CCC1CCCC2CCCC12
C1CCC(CCC2CCC3C(CCC3C3CCCCC3)C2)CC1
C1CCC(CCCCCC2CCCC3C(C4CCCCC4)CCC23)CC1
C1CCC(CC2CCC3C(CCC3C3CCCCC3)C2)CC1
C1CCC(CCC2CCC(CCCC3CCCC(CC4CCCC4)C3)CC2)CC1
C1CCC(CC2CC3CCCCC3C3CCC4CCCCC4C23)CC1
C1CCC(CCCCC2CC3CCCCC3C2)CC1
C1CCC(CCCC(CC2CC3CCCCC3C2)C2CC2)CC1
C1CCC2C(C1)CCC1C3CCCC3CCC21
C1CCC(CC2CCC3CC4CCCCC4CC23)CC1
C1CCC(CCC2CCC3C(CCC3C3CCCCC3)C2)CC1
C1CCC(CC2CC3CCCCC3C3CCC4CCCCC4C23)CC1
C1CCC(CCC(CC2CC3CCCCC3C2)C2CC2)CC1
C1CCC2CC(C3CCCC4CCCC43)CCC2C1
C1CCC(C2CC3CCCCC3C3CCCCC23)CC1
C1CCC(CCCCC2CC3CCCCC3C2)CC1
C1CCC(CCC2CCC(C3CC3)CC2)CC1
C1CCC(CCC(CCC2CCC3CCCC3C2)CC2CCCCC2)CC1
C(CCCC1CCCCC1)CCCC1CCC(C2CCCCC2)C1
C1CCC2C(C1)CCC1C3CCCC3CCC21
C1CCC(CCC2CCC3C(CCC3C3CCCC(CCC4CCCC4)C3)C2)CC1
C1CCC(CCCCCC2CCCC3C(C4CCCCC4)CCC23)CC1
C1CCC(CCCC2CCC(CCC3CCCC(CC4CCCC4)C3)CC2)CC1
C1CCC(C2CCC3CC4C(CCC45CCCCCC5)CC32)CC1
C1CCC(C2CC3CCCC3C3CCC4CCCCCC4C23)CC1
C1CCC(CCC2CCC3C(CCC3C3CCCCC3)C2)CC1
C1CCC(CCCCCC2CC3CCCCC3C2)CC1
C1CCC(CCC2CCCC3CC4C(CCC4C4CCCCC4)CC23)CC1
C1CCC(CCC2CCCCC2)CC1
C1CCC(CC2CC3CCCCC3C3CCC4CCCCC4C3C2)CC1
C(CCC1CCCC2CCCCC12)CC1CCCC2CCCCC12
C1CCC(CCC2CCC3C(CCCC4CCCCC43)C2)CC1
C1CCC(C2CCC(CCCC3CCC4C3CCC3C5CCCCC5CCC43)C2)CC1
C1CCC(CCCCC2CCC3CCC(C4CCCC5CCCC54)CC3C2)CC1
C1CCC(CCC2CCC3C(CCC3C3CCCCC3)C2)CC1
C1CCC(CCCCC2CC3CCCCC3C2)CC1
C1CCC2CC(CC3CCCC4CCCC43)CCC2C1
C1CCC(C2CC3CCCC3C3CCC4CCCCC4C23)CC1
C1CCC2C(C1)CCCC1C3CCCC3CCC21
C1CCC(CCCCCC2CCC3CCCCC23)CC1
C1CC2CCC3C(CCC4CCCCC43)CC2C1
C1CCC2CCC3C4CCC(CCCC5CCC6CCCCC6C5)C4CCC3C2CC1
C1CCC(CCCC2CCCC3C2CCC2C4CC5CCC(C6CCCCC6)C5CC4CCC32)CC1
C1CCC(C2CCC3CC4C(CCC5C6CCC(CCCC7CCC8CCCCC8C7)C6CCC45)CC32)CC1
C1CCC(CCCC2CC3CCCCC3C2C2CCCCC2)CC1
C1CCC(CCCCC2CC3CCCCC3C2)CC1
C1CCC(C2CCC(CCCCCC3CCCC4C(C5CCCCC5)CCC34)C2)CC1
C1CCC(CCCC2CCCC3CC4C(CCC4C4CCCCC4)CC23)CC1
C(CCCC1CCC2C(CCC2C2CCCCC2)C1)CCC1CCCCC1
C1CCC2CCC3C4CCC(CCCC5CC6CCCCC6C5)C4CCC3C2CC1
C(CCCC1CCCC2C(C3CCCCC3)CCC12)CCC1CCCCC1
C(CCCC1CCCCC1)CCCC1CCC(C2CCCCC2)C1
C1CCC2C(C1)CCC1C3CCCC3CCC21
C(CCC1CCC2CCCCC2C1)CCC1CCCC2CCCCC12
C1CCC(CCCCC2CC3CCCCC3C2)CC1
C1CCC(C2CCC(CCCC3CCC4C3CCC3C5CCCCC5CCC43)C2)CC1
C1CCC(CCC2CCC(C3CC3)CC2)CC1
C1CCC(C2CC3CCCC3C3CCC4CCCCCC4C23)CC1
C1CCC(CCCCCC2CC3CCCCC3C2)CC1
C1CCC(CCC2CCC3C(CCC3C3CCCCC3)C2)CC1
C1CCC(CCC2CCC3C(CC4CCCCC4)CCC3C2)CC1
C1CCC(C2CC3CCCC3C3CCCC4CCCCC4C23)CC1
C1CCC(CCC2CCC3C(CCC4CCCCC43)C2)CC1
C1CCC(CCC2CCC3C(CCC3C3CCCCC3)C2)CC1
C1CCC(CCC2CCCC3CCC(C4CCCC5CCCC54)CC23)CC1
C1CCC(CCCCC2CC3CCCCC3C2)CC1
C1CCC(C2CCC3C(CCCC4CCCCC43)C2)C1
C1CCC(CC2CCC3CCCCC3C3CCC4CCCCC4C23)C1
C1CCC(C2CC3CCCC3C3CCC4CCCCC4C23)CC1
C1CCC2CC(CC3CCCC4CCCC43)CCC2C1
C1CCC(CCCCC2CCC3CCCCC23)CC1
C1CCC2CCC(C3CCCC4CCCC43)CC2CC1
C1CCC(CCCCCC2CCC3CCCC3C2)CC1
C1CCC2CC(CCCC3CCC4C3CCC3C5CCCCC5CCC43)CCC2C1
C1CCC(CC2CCC3C(CC4CCCCC4)CCC3C2)CC1
C1CCC(C2CCC3CC4C(CCCC5C6CCC(CCCC7CCC8CCCCC8C7)C6CCC45)CC32)CC1
C1CCC(CCC2CCCC3CC4C(CCC23)CCC4C2CCCCC2)CC1
C1CCC2CC3CCC4CCCCC4C3CCC2C1
C1CCC(C2CC3CCCC3C3CCC4CCCCCC4C23)CC1
C1CCC(CCC(CC2CCC3C(CCC3C3CCCCC3)C2)C2CCCCC2)CC1
C1CCC(CCCC2CC3CCCCC3C2C2CCCCC2)CC1
C1CCC(CCC2CCC3C(CCC4CCCCC43)C2)CC1
C1CCC(C2CCC3CCCC3C3CCC4CCCCC4C23)CC1
C1CCC2CC3CCC4CCCC4C3CCC2C1
C1CCC(C2CC3CCCCC3C3CCC4CCCCC4C23)CC1
C1CCC2CCC3C4CCC(CCCC5CC6CCCCC6C5)C4CCC3C2CC1
C1CCC(CCCCCC2CCCC3C(C4CCCCC4)CCC23)CC1
C1CCC(CCCCCC2CC3CCCCC3C2)CC1
C(CCCC1CCCC2CCCC12)CCC1CCC2CCCCC2C1
C1CCC(CCCC2CCC3CCC(C4CCCC5CCCC54)CC3CC2)CC1
C1CCC(CCCCCC2CCCC3C(C4CCCCC4)CCC23)CC1
C(CCC1CC2CCCCC2C1)CCC1CCCC2CCCC12
C1CCC(CC2CCC(CC(CC3CCCCC3)C3CCCCC3)CC2)CC1
C1CCC2CCC3C4CCCC4CC(C4CCC(C5CCCC5)CC4)C3C2CC1
C1CCC(C2CCC3C(CCC4CCCCC43)C2)CC1
C1CCC(C2CC3CCCC3C3CCC4CCCCC4C23)CC1
C1CCC2CC(CCCC3CCCC4CCCCC43)CC2C1
C1CCC(CC2CC3CCCCC3C3CCC4CCCCC4C23)CC1
C(CCCC1CCCCC1)CCCC1CCC(C2CCCCC2)C1
C1CCC2C(C1)CCCC2CCCC1CCCC2CCCCC21
C1CCC(C2CC3CCCCC3C3CCC(CCC4CCCC4)CC3C2)CC1
C1CCC(CCCC2CCCC(C3CCC4CC(CCC5CCC6CCCCCC6C5)CCC43)C2)CC1
C1CCC(CCC2CCC3C(CCC3C3CCCC3)C2)CC1
C1CCC(CCCC2CCC3CCC(C4CCCC5CCCC54)CC3CC2)CC1
C1CCC2CC(CC3CCCC4CCCC43)CCC2C1
C1CCC2CCC3C4CCCCC4CC(CC4CCCC4)C3C2CC1
C1CCC(CCC2CCC3C(CCC3C3CCCC(CCCC4CCCC4)C3)C2)CC1
C1CCC2CCC3C(CCC4C5CCCC5CC43)C2CC1
C1CCC2CCC(C3CCCC4CCCC43)CC2CC1
C1CCC(CC2CCC3CCCCC3C2)C1
C1CCC(CCCCCC2CC3CCCCC3C2)CC1
C1CCC2CCC(C3CCCC4CCCC43)CC2CC1
C(CCC1CCC2C(CCC3C4CCCC4CCC23)C1)CC1CCC(C2CCC(C3CC4CCCC4C4CCC5CCCCC5CC34)CC2)CC1
C1CCC2CC(CCCC3CCC4C3CCCC3C5CCCCC5CCC34)CCC2C1
C1CCC2C(C1)CC(C1CCCC3CCCC31)C1CCCC21
C1CCC(C2CCC3C(CCC4CCCCC43)C2)CC1
C1CCC(C2CCC(CCCC3CCC4C3CCCC3C5CCCCC5CCC34)C2)CC1
C1CCC(CC2CC3CCCCC3C3CCC4CCCCCC4C23)CC1
C1CCC2CC3CCC4C(CCCC5CCCC6CCCCC65)CCC4C3CCC2C1
C(CCC1(C2CCCC2)CCCCC2CCCCC21)CC1CCC2CCCCC2C1
C1CCC2CC(CC3CCCC4CCCC43)CCC2C1
C1CCC2CC(CCCC3CCC4C3CCC3C5CCCCC5CCCC43)CC2C1
C1CCC2C(C1)CCC1C3CCCC3CCC21
C1CCC(CCCCC2CCC3CCCCC23)CC1
C1CCC(CC2CC3CCCCC3CC3CCC4CCCCC4C32)CC1
C1CCC(CCCCCC2CCCC3CCCC23)CC1
C1CCC(CCCC2(CCC3CCCC3)CCC3C4CCC5CCCCCC5C4CCC32)CC1
C1CCC2CCC(C3CCCC4CCCC43)CC2CC1
C1CCC(CCCC2CCC3CCCC3C2)CC1
C(CCC1CCC2C1CCC1C3CCCCC3CCC21)CC1CCCC2CCCCC12
C1CCC(CCCCC2CC3CCCCC3C2)CC1
C1CCC2CC(CCCC3CCCC4CCCCC43)CC2C1
C1CCC2C(C1)CCC1C3CCCC3CCCC21
C1CCC2CCC3C4CCCCC4CC(CC4CCCC5CCCCC54)C3C2CC1
C1CCC(C2CC3CCCC3C3CCC4CCCCC4C23)CC1
C1CCC(CCCCCC2CC3CCCCC3C2)CC1
C1CCC(CCCCC2CCCC3CCCC23)CC1
C1CC(C2CCC(C3CC4CCCC4C4CCC5CCCCC5C34)CC2)C1
C(CCCC1CCCC2C(C3CCCCC3)CCC12)CCC1CCCCC1
C1CCC(CCCCCC2CC3CCCCC3C2)CC1
C1CCC(C2CC3CCCC3C3CCC4CCCCC4C23)CC1
C(CCC1CCCC2CCCCC12)CC1CCCC2CCCCC12
C1CCC(C2CCC3CC4C(CCCC45CCCC5)CC32)CC1
C1CCC(C2CC3CCCC3C3CCC4CCCCCC4C23)CC1
C1CCC2C(C1)CC(C1CCCC3CCCC31)C1CCCCC21
C1CCC(CCC2CCC3C(CC4CCCCC4)CCC3C2)CC1
C(CCCC1CCCCC1)CCCC1CCC(CC2CCCCC2)C1
C1CCC(CC2CC3CCCCC3C3CCC4CCCCC4C23)C1
C1CCC(CCCCC2CCC3CCCCC23)CC1
C(CCCC1CCCC2C(C3CCCCC3)CCC12)CCC1CCCCC1
C1CCC(C2CC3CCCC3C3CCC4CCCCC4C23)CC1
C1CCC2CC(C3CCCC4CCCC43)CCC2C1
C(CCC1CCCC2CCCCC12)CC1CC2CCCCC2C1
C1CCC2CCC(C3CCCC4CCCC43)CC2CC1
C1CCC(CC2CC3CCCCC3C3CCC4CCCCC4C23)CC1
C(CCC1CCCC2CCCC12)CC1CC2CCCCC2C1
C1CCC(CCCCCC2CC3CCCCC3C2)CC1
C(CCC1CCCC2CCCCC12)CC1CCCC2CCCCC12
C1CCC(CCCCCC2CC3CCCCC3C2)CC1
C1CCC(CCCCC2CCC3CCCCC23)CC1
C1CCC2C(C1)CCC1CCCCC12
C(CCC1CCCC2CCCCC12)CC1CCCC2CCCCC12
C1CCC(CCC2CCC3CCCC3C3CCC4CCCCC4C23)CC1
C(CCCC1CCCC2C(C3CCCCC3)CCC12)CCC1CCCCC1
C1CCC(CCCCCC2CCCC3C(C4CCCCC4)CCC23)CC1
C1CCC2CCC(C3CCCC3)CC2CC1
C1CCC(CCCC2CCC3C(CCC3C3CCCCC3)C2)CC1
C(CCC1CCCC2CCCC12)CC1CC2CCCCC2C1
C1CCC(CCC2(CCCC3CC4CCCCC4C3)CCC3C4CCCC5CCCCC5C4CCC32)C1
C1CCC(CCC(CC2CC3CCCCC3C2)C2CCCCC2)CC1
C1CCC2CCC3C4CCCC4CC(C4CCC(C5CCC5)CC4)C3C2CC1
C1CCC(CCCCCC2CCCC3CCCC23)CC1
C1CCC(CCCCC2CCC3CCCCC23)CC1
C1CCC(CCCCC2CC3CCCCC3C2)CC1
C1CCC2C(C1)CCC1C3CCCC3CCC21
C1CC2CCC3C(CCC4CCCCC43)CC2C1
C1CCC(C2CCC3CC4C(CCC5C6CCC(CCCC7CCC8CCCCC8C7)C6CCC45)CC32)CC1
C1CCC(CC2CC3CCCC3C3CCC4CCCCC4C23)CC1
C1CCC(CCC2CC3CCCCC3C3CCC4CCCCC4C23)CC1
C1CCC(CCCCCC2CC3CCCCC3C2)CC1
C1CCC(CCCCCC2CCCC3C(C4CCCCC4)CCC23)CC1
C1CCC2CC(CCCC3CCCC4CCCCC43)CC2C1
C1CCC(CCCCC2CC3CCCCC3C2C2CCCCC2)CC1
C1CCC(CCC2CCC3C2CCCC2C4CCCCC4CCC23)C1
C1CCC2C(C1)CC(C1CCCC3CCCC31)C1CCCC21
C1CCC2C(C1)CCC1CCCCC12
C1CCC(CCC2CCC3C(CCC3C3CCCCC3)C2)CC1
C1CCC(C2CCC(CCCCC3CCC4C3CCC3C5CCCCC5CCC43)C2)CC1
C1CCC(CCCCC2CCC3CCCCC23)CC1
C1CCC2CCC3C4CCCC4CC(C4CCC(C5CCCC5)CC4)C3C2CC1
C1CCC(C2CC3CCCCC3C3CCCCC3C2)C1
C1CCC(CCCCCC2CCC3CCCCC23)CC1
C1CCC(CCCCCC2CCCC3C(C4CCCCC4)CCC23)CC1
C1CCC(CCC2CCC(C3CCC4C(CCC4C4CCCCC4)C3)CC2)CC1
C1CCC2C(C1)CCC1C3CCCC3CCC21
C(CCC1CCC2CCCCC2C1)CCC1CCCCC2CCCCC12
C1CCC(CC2CCCC(C3CCC4CC(CCC5CCC6CCCCC6C5)CCC43)C2)C1
C1CCC(CC2CCC3C(CCC3C3CCCCC3)C2)CC1
C1CCC(C2CCC3CC4C(CCC45CCCCCC5)CC32)CC1
C1CCC(C2CC3CCCC3C3CCC4CCCCC4C23)CC1
C1CCC(C2CC3CCCC3C3CCC4CCCCCC4C23)CC1
C1CCC(CC2CC3CCCCC3C3CCCC23)C1
C1CCC2CC(CCCC3CCCC4C3CCC3C5CCCCC5CCC43)CC2C1
C1CCC2C(C1)CCC1C3CCCC3CCC21
C1CCC(CCCC2CCC3C(CCC4C5CCCC5CCC34)C2)CC1
C1CCC2CC(C3CCCC4CCCC43)C3CCCC3C2CC1
C1CCC(C2CC3CCCC3C3CCC4CCCCC4C23)CC1
C1CCC(C2CCCC3C(CCC4CCCCC43)C2)CC1
C1CCC(C2CCC3CC4C(CCC45CCCCCC5)CC32)CC1
C1CCC2CC(C3CCCC4CCCC43)CCC2C1
C1CCC(CCC2CCC3C(CCC3C3CCCCC3)C2)CC1
C1CCC(C2CCC(CCCCCC3CCCC4CCCCC34)C2)CC1
C1CCC(CCCC2CCC3C(CCC4C5CCCC5CC(CCC5CCCCC5)C34)C2)CC1
C1CCC2C(C1)CCC1C3CCCCC3CCC21
C1CCC(C2CCC3CCCC3C3CCCC4CCCCC4C23)CC1
C1CCC2C(C1)CCC1C3CCCC3CCC21
C1CCC(C2CCC(CCCCCC3(C4CCCCC4)CCCC4CCCCC43)C2)CC1
C1CCC(C2CCCC3(CCC4CC5C(CCC5C5CCCCC5)CC43)C2)CC1
C1CCC(C2CCCC(CC3CC4CCCCC4C4CCC5CCCCC5C34)C2)C1
C1CCC(CC2CCC(CC3CC4CCCCC4C4CCC5CCCCC5C34)CC2)CC1
C1CCC(C2CCC3CC4C(CCCC45CCCC5)CC32)CC1
C1CCC(C2CCC3CC4(CCCCC4C4CCCCC4)CCCC32)CC1
C1CCC(CCCCC2CC3CCCCC3C2)CC1
C1CCC(CCCCCC2CC3CCCCC3C2)CC1
C1CCC(CCC2CCC(C3CC3)CC2)CC1
C1CCC(CC2CCC3C(CCC3C3CCCCC3)C2)CC1
C1CCC(CCC2CCC3C(CCC3C3CCCCC3)C2)CC1
C1CCC2CC(C3CCCC4CCCC43)CCC2C1
C1CCC2CCC(C3CCCC4CCCC43)CC2CC1
C1CCC(CCCCCC2CCCC3C2CCC3C2CCCC(CC3CCCC3)C2)CC1
C1CCC2C(C1)CCC1C3CCCC3CCC21
C1CCC(CCCCC2CC3CCCCC3C2)CC1
C1CCC(C2CCC(CCCCCC3CCCC4CCCCC34)C2)CC1
C1CCC(C2CCC3CCC4C(CCC5C6CCC(CCCC7CCC8CCCCC8C7)C6CCC45)CC32)CC1
C1CCC(CCCCCC2CCCC3C(CC4CCCCC4)CCC23)CC1
C1CCC(CCCC2CCCC3CCC(C4CCCC5CCCC54)CC3C2)CC1
C1CCC(C2CCC3CC4C(CCC5C6CCC(CCCCC7CC8CCCCC8C7)C6CCC45)CC32)CC1
C1CCC2CC(CCCC3CCC4C3CCC3C5CCCCC5CCC43)CC2C1
C1CCC2CCC(C3CCCC4CCCC43)CC2CC1
C1CCC(C2CCC3CC4C(CCC5CC6CCCCC6C5)CCCC4CC32)CC1
C1CCC(C2CC3CCCC3C3CCC4CCCCCC4C23)CC1
C1CCC(CCC(CCCC2CCC3CCCC3C2)CC2CCCCC2)CC1
C1CCC(CCC2CCC(CCC3CCCC(CC4CCCC4)C3)CC2)CC1
C1CCC2CCC3C4CCCCC4CCC3C2CC1
C1CCC(CC2CC3CCCCC3C3CCC4CCCCC4C23)CC1
C1CCC(C2CC3CCCC3C3CCC4CCCCC4C23)CC1
C1CCC(CCCCC2CCC3CCC(C4CCCC5CCCC54)CC3C2)CC1
C1CCC(C2CC3CCCC3C3CCC4CCCCC4C23)CC1
C1CCC(C2CC3CCCC3C3CCC4CCCCC4C23)CC1
C1CCC2CCC(C3CCCC4CCCC43)CC2CC1
C1CCC(CCCCCC2CC3CCCCC3C2)CC1
C(CCCC1CCCC2C(C3CCCCC3)CCC12)CCC1CCCCC1
C1CCC(C2CC3CCCC3C3CCC4CCCCC4C23)CC1
C1CCC(C2CCC3CCCC3C3CCCC4CCCCC4C23)CC1
C(CC1CC2CCCCC2C1)CC1CCC2C(CCC3C4CCCCC4CCC23)C1
C1CCC(CCCCCC2CC3CCCCC3C2)CC1
C1CCC(C2CCC3CCCC3C3CCC4CCCCC4C23)CC1
C1CCC2CCC(C3CCCC4CCCC43)CC2CC1
C1CCC(CC2CC3CCCCC3C3CCC4CCCCCC4C23)CC1
C1CCC(C2CC3CCCC3C3CCC4CCCCC4CC23)CC1
C1CCC(CCC2CCC3C(CCC3C3CCCCC3)C2)CC1
C1CCC2CC(CC3CCCC4CCCC43)CCC2C1
C(CCCC1CCCC2C(C3CCCCC3)CCC12)CCC1CCCCC1
C1CCC(CCCCC2CC3CCCCC3C2)CC1
C1CCC(CCCCC2CC3CCCCC3C2)CC1
C1CC2CCC3C(CCC4CCCCC43)CC2C1
C1CCC(CC2CCC3C(CC4CCCCC4)CCC3C2)CC1
C1CCC(C2CC3CCCCC3C3CCCCC3C2)CC1
C1CCC(CCC(CCC2CCC3CCCC3C2)CC2CCCCC2)CC1
C1CCC(CCC2CCC(C3CC3)CC2)CC1
C1CCC(CCCC2CCC3CCC(C4CCCC5CCCC54)CC3C2)CC1
C(CCCC1CCCCC1)CCCC1CCC(C2CCCCC2)C1
C1CCC2C(C1)CCC1CCCCC12
C1CCC(CCCCC2CCC3CCCCC3C2)C2CCCCC2CC1
C1CCC(C2CCC(CCCCCC3CCCC4CCCCC34)C2)CC1
C1CCC(CCC2CCC(CCC3CCCC(CC4CCCC4)C3)CC2)CC1
C1CCC(CCCCC2CC3CCCCC3C2)CC1
C1CCC(CCCC2(CCCC3CCCC3)CCC3C4CCC5CCCCC5C4CCC32)C1
C1CCC(CCCCC2CC3CCCCC3C2)CC1
C1CCC(CC2CCC3CC4C(CCC45CCCC5)CC23)CC1
C1CCC2C(C1)CCC1C2CCC2C3CCCC3CC21
C1CCC(CCCC2CCC3CCC(C4CCCC5CCCC54)CC3C2)CC1
C1CCC(CC2CC3CCCCC3C3CCC4CCCCCC4C23)CC1
C1CCC2C(C1)CCCC2CCCC1CCCC2CCCCC21
C1CCC2C(C1)CCC1CCCCC12
C1CCC2CCC(C3CCCC4CCCC43)CC2CC1
C1CCC2CCC3C4CCC(CCCC5CCCC5)C4CCC3C2CC1
C1CCC2CC(CCCC3CCC4C3CCC3C5CCCCC5CCCC43)CC2C1
C1CCC2CCC(C3CCCC4CCCC43)CC2CC1
C1CCC(C2CCC(CCCCCC3CCCC4C(C5CCCCC5)CCC34)C2)CC1
C1CCC(C2CC3CCCC3C3CCC4CCCCC4C23)CC1
C1CCC(CCCCCC2CCCC3C(C4CCCCC4)CCC23)CC1
C1CCC(CCCCCC2CCC3CCCCC23)CC1
C1CCC(CC2CCCC(CCC3CCC(CCC4CCC(C5CC5)CC4)CC3)C2)CC1
C1CCC2C(C1)CCC1C3CCCC3CCCC21
C1CCC(C2CC3CCCCC3C3CCC4CCCCC4C23)CC1
C1CCC(CCCCC2CCC3CCCCC23)CC1
C1CCC2CCC3C4CCCC4CCC3C2CC1
C1CCC(C2CCC3CCC4C(CCC45CCCC5)CC32)CC1
C1CCC(CC2CCC3C(CCC3C3CCCCC3)C2)CC1
C1CCC(CCCC(CCC2CCC3CCCC3C2)CC2CCCCC2)CC1
C1CCC(CCCCC2CCC3CCC(C4CCCC5CCCC54)CC3C2)CC1
C1CCC2CCC(C3CCCC4CCCC43)CC2CC1
C1CCC(C2CCC3CC4C(CCC5C6CCC(CCCCC7CCC8CCCCC8C7)C6CCC45)CC32)CC1
C1CCC(CCCCC2CCC3C2CCC2C4CCCCCC4CCC32)CC1
C1CCC2C(C1)CCC1C3CCCCC3CCC21
C1CCC(CCCCC2CC3CCCCC3C2)CC1
C1CCC(C2CC3CCCC3C3CCC4CCCCCC4C23)CC1
C1CCC2CCC(C3CCCC4CCCC43)CC2CC1
C1CCC(CC2CC3CCCCC3C3CCC4CCCCCC4C23)CC1
C1CCC(C2CCC3CC4C(CCC5C6CCC(CCCCC7CC8CCCCC8C7)C6CCC45)CC32)CC1
C1CCC(C2CCC3CC4C(CCCC4CC4CCC5CCCCC54)CCC32)CC1
C1CCC(CCCCCC2CCCC3CCCC23)CC1
C1CCC(CCCCCC2CCC3CCCCC23)CC1
C1CCC(CCC(CCC2CCCCC2)CCC2CCC3CCCC3C2)CC1
C1CCC2CCCCC2C(CCCCC2CCCC3CCCCC23)C1
C1CCC(CCCCCC2CCCC3C(C4CCCCC4)CCC23)CC1
C1CCC(CCCCC2CC3CCCCC3C2)CC1
C1CCC2C(C1)CCCC2CCCC1CCC2C1CCCC1C3CCCCC3CCC12
C1CCC(CCC2CCC3C(CCC3C3CCCCC3)C2)CC1
C1CCC(CCC2CCCC3CC4C(CCC23)CCC4C2CCCCC2)CC1
C1CCC(CC2CC3CCCCC3C3CCC4CCCCCC4C23)CC1
C1CCC(CCCCCC2CCCC3C(CC4CCCCC4)CCC23)CC1
C1CCC(CCCCC2CCC3C2CCC2C4CCCCC4CCC32)C1
C1CCC(C2CC3CCCCC3C3CCCCC3C2)CC1
C1CCC(CCCC2CCC3CCC(C4CCCC5CCCC54)CC3C2)CC1
C1CCC(CCC2CCC3C(CCC3C3CCCC(CC4CCCC4)C3)C2)CC1
C1CCC2C(C1)CC(C1CCCC1)C1CCCCC21
C1CCC2C(C1)CC(C1CCCC1)C1CCCCC21
C1CCC(CCCCCC2CC3CCCCC3C2)CC1
C1CCC(CCC2CCCCC3CC4C(CCC4C4CCCCC4)CC23)CC1
C1CCC(CCC2CCCCC3CC4C(CCC4C4CCCCC4)CC23)CC1
C1CCC(CCC2CCC3C(CCCC4CCCCC43)C2)CC1
C1CCC(CCCCCC2CCC3CCCCC3C2)CC1
C1CCC(CC2CC3CCCCC3CC3CCC4CCCCC4C32)CC1
C1CCC2C(C1)CCC1C3CCCC3CCC21
C1CCC(CCC(CC2CC3CCCCC3C2)C2CCC2)CC1
C1CCC(C2CC3CCCC3C3CCC4CCCCC4C23)CC1
C1CCC2C(C1)CCC1C3CCCC3CCC21
C1CCC(CCC2CCC3C(CCC3C3CCCCC3)C2)CC1
C1CCC2C(C1)CCC1C3CCCC3CCC21
C1CCC(CCCCCC2CCCC3C(C4CCCCC4)CCC23)CC1
C(CCCC1CCCC2CCCCC12)CCC1CCCC1
C1CCC(CCCCC2CC3CCCCC3C2)CC1
C1CCC(CC2CC3CCCCC3C3CCC4CCCCC4C23)C1
C(CCC1CCCC2CCCC12)CC1CC2CCCCC2C1
C1CCC(CCCCC2CCC3CCC(C4CCCC5CCCC54)CC3C2)CC1
C1CCC(CCCCC2CCC3CCCCC23)CC1
C1CCC(C2CCC3CC4C(CCC45CCCC5)CC32)CC1
C1CCC2CC(C3CCCC4CCCC43)CCC2C1
C1CCC(CCCCC2CCC3C2CCC2C4CCCCC4CCC32)CC1
C1CCC2C(C1)CCC1C3CCCCC3CCC21
C1CCC(CCC(CC2CCCCC2)C2CCCCC2)CC1
C1CCC2CCC(C3CCCC4CCCC43)CC2CC1
C1CCC(CC2CCC(CCCCCC3CCCC4CCCCC34)C2)CC1
C1CCC(C2CCC3CC4C(CCCCC45CCCC5)CC32)CC1
C1CCC(CCCCC2CC3CCCCC3C2)CC1
C1CCC(CCC(CCC2CC3CCCCC3C2)C2CC2)CC1
C1CCC(CCC2(CCCC3CC4CCCCC4C3)CCCC3C4CCC5CCCCC5C4CCC32)C1
C1CCC2C(C1)CCC1C3CCCCC3CCC21
C1CCC(CCCCCC2CCC3CCCCC23)CC1
C1CCC(CC2CCC3C(CCC4CCCCC43)C2)C1
C1CCC(C2CCC3C(CCCCCC4CCC(CC5CCCC5)C4)CCCC23)CC1
C1CCC(CCCCC2CC3CCCCC3C2)CC1
C1CCC(CCC(CCC2CCC3CCCC3C2)CC2CCCCC2)CC1
C1CCC(C2CC3CCCCC3C3CCCCC3C2)C1
C(CCC1CCC2C(CCC3C4CCCC4CCC23)C1)CC1CCC(C2CCC(C3CC4CCCC4C4CCC5CCCCC5C34)CC2)CC1
C1CCC(C2CC3CCCC3C3CCC4CCCCCC4C23)CC1
C1CCC2C(C1)CCC1C3CCCC3CCCC21
C1CCC(CCCCCC2CCCC3C(C4CCCCC4)CCC23)CC1
C(CCC1CCCC2CCCCC12)CC1CCC2CCCCC2C1
C1CCC(CCCCC2C3CCCCCC3CCC2C2CCCC3CCCC32)CC1
C1CCC(CCCCC2CC3CCCCC3C2)CC1
C1CCC(C2CCC3CC4C(CCC45CCCCC5)CC32)CC1
C1CCC(C2CCC(C3CC4CCCCC4C4CCC5CCCCC5C34)CC2)C1
C1CCC(C2CCC3C(CCCCCC4CC4)CCCC23)CC1
C1CCC(CCC2CCC3C(CCC4CC(C5CCCCC5)CCC43)C2)CC1
C1CCC(C2CCC3C(CCC4CCCCC43)C2)C1
C1CCC(CCCCCC2CC3CCCCC3C2)CC1
C1CCC(CCC2CCC3C(CCC3C3CCCCC3)C2)CC1
C1CCC2CCC(C3CCCC4CCCC43)CC2CC1
C1CCC2C(C1)CCC1C3CCCC3CCC21
C1CCC(CCCCCC2CC3CCCCC3C2)CC1
C1CCC(CCC(CCC2CCCCC2)CCC2CCC3CCCC3C2)CC1
C1CCC(CCCC2(CCC3CCCC3)CCC3C4CCC5CCCCC5C4CCC32)CC1
C1CCC(CC2CC3CCCCC3C2C2CCCCC2)CC1
C1CCC(CCCCC2CC3CCCCC3C2)CC1
C1CCC2C(C1)CCCC1CCCCC12
C1CCC(C2CCC3CCCCC3C3CCCCC23)CC1
C(CCCC1CCCCC1)CCCC1CCC(CC2CCCCC2)C1
C1CCC(C2CCC(CCCCCC3(C4CCCC4)CCCC4CCCCC43)C2)CC1
C1CCC(CCC2CCC(C3CC3)CC2)CC1
C(CCCC1CCCC2C(C3CCCCC3)CCC12)CCC1CCCCC1
C1CCC(CCC2CCC3C(CCCC4CC(C5CCCCC5)CCC43)C2)CC1
C1CCC(C2CCC3CCCC3C3CCC4CCCCC4C23)CC1
C1CCC(CCCCCC2CCCCC2)CC1
C1CCC(CCC2CCC3C(CCC3C3CCCCC3)C2)CC1
C1CCC(C2CC3CCCC3C3CCC4CCCCC4C23)CC1
C(CCC1CCC2C(CCC3C4CCCC4CCC23)C1)CC1CCC(C2CCC(C3CC4CCCC4C4CCC5CCCCC5C34)CC2)CC1
C1CCC(CC2CC3CCCCC3C3CCC4CCCCCC4C23)CC1
C1CCC(CCCCC2C(CC3CCCC4CCCC43)CCC3CCCCC32)CC1
C(CCC1CCC2CCCCC2C1)CCC1CCCC2CCCCC12
C1CCC(CCC2CCC3C(CCC3C3CCCCC3)C2)CC1
C1CCC(C2CCC3CC4C(CCC5C6CCC(CCCC7CC8CCCCC8C7)C6CCC45)CC32)CC1
C1CCC(CC2CCC3CCCCC3C3CCC4CCCCC4C23)CC1
C(CCCCC1CCC(C2CCCCC2)C1)CCCC1CCCCC1
C1CCC(CCCCC2CC3CCCCC3C2)CC1
C1CCC(C2CCC(C3CC4CCCC4C4CCC5CCCCC5C34)CC2)CC1
C1CCC(CCCCCC2CCCC3C(CC4CCCCC4)CCC23)CC1
C1CCC(C2CC3C(CCCC4CC4)CCC3C3CCC4CCCCC4C23)CC1
C1CCC(CCC2CCC(CCC3CCCCC(CC4CCCC4)C3)CC2)CC1
C(CCC1CCCC2CCCCC12)CC1CC2CCCCC2C1
C1CCC2CCC(C3CCCC4CCCC43)CC2CC1
C1CCC(CCC2CCC3C(CCC3C3CCCCC3)C2)CC1
C1CCC(C2CCC3CC4C(CCCC45CCCCC5)CC32)CC1
C1CCC(CCCCCC2CC3CCCCC3C2)CC1
C1CCC(CCC(CC2CCC3C(CCC3C3CCCCC3)C2)C2CCCCC2)CC1
C1CCC(C2CCC3CC4C(CCCCC45CCCCC5)CC32)CC1
C1CCC(CCCCCC2CC3CCCCC3C2)CC1
C1CCC(CCCCC2CC3CCCCC3C2)CC1
C1CCC(C2CCC3CC4C(CCC5C6CCC(CCCC7CCC8CCCCC8C7)C6CCCC45)CC32)CC1
C1CCC(CCCCCC2CC3CCCCC3C2)CC1
C1CCC2CCC3C4CCC(CCCC5CC6CCCCC6C5)C4CCC3C2CC1
C1CCC(CCCC2CC3CCCCC3C2CC2CCCCC2)CC1
C1CCC(CCCC2(CCCC3CC4CCCCC4C3)CCC3C4CCC5CCCCC5C4CCC32)C1
C1CCC(CCC2CCC3C(CCC3C3CCCCC3)C2)CC1
C1CCC(C2CCC3CC4C(CCC5C6CCC(CCCC7CC8CCCCC8C7)C6CCCC45)CC32)CC1
C1CCC2C(C1)CCC1C3CCCC3CCC21
C1CCC(CCCCC2CCC3CCCCC23)CC1
C1CCC(C2CC3C(CCC34CCCC4)C3CCC4CCCCC4C23)CC1
C(CCC1CCCC1)CCC1CCCC2CCCCC12
C1CCC2C(C1)CCC1C3CCCC3CCC21
C1CCC2CCC(C3CCCC4CCCC43)CC2CC1
C(CCC1CCCC1)CCC1CCCC2CCCCC12
C1CCC(CCCCCC2CC3CCCCC3C2)CC1
C1CCC2CC(CC3CCCC4CCCC43)CCC2C1
C1CCC(CCC2CCC3C(CCC3C3CCCC(CCC4CCCCC4)C3)C2)CC1
C1CCC(CC2CCC3C(CC4CCCCC4)CCC3C2)CC1
C1CCC(CCC(CCC2CCC3CCCC3C2)CC2CCCCC2)CC1
C1CCC2C(C1)CCC1CCCCC12
C1CCC(CCCCCC2CCCC3C(C4CCCCC4)CCC23)CC1
C1CCC(CCCCCC2CCCC3C(C4CCCCC4)CCC23)CC1
C1CCC2CC(CC3CCCC4CCCC43)CCC2C1
C1CCC2C(C1)CCC1C3CCCC3CCC21
C1CCC(CCCCC2CC3CCCCC3C2)CC1
C1CCC2CCC(C3CCCC4CCCC43)CC2CC1
C1CCC2CCC(C3CCCC4CCCC43)CC2CC1
C1CCC(CCC2CCC3C(CCC3C3CCCCC3)C2)CC1
C(CCCC1CCCC2C(C3CCCCC3)CCC12)CCC1CCCCC1
C(CCCC1CCCC2CCCC12)CCC1CCCCC1
C1CCC(CCC2CCC3C(CCC3C3CCCCC3)C2)CC1
C1CCC(CCC2CCCC3CCC4C(CCC4C4CCCCC4)CC23)CC1
C1CCC(CCC2CCC(CCC3CCCC(CC4CCCC4)C3)CC2)CC1
C1CCC(CCCCC2CC3CCCCC3C2)CC1
C(CCC1CCCC2CCCC12)CC1CC2CCCCC2C1
C1CCC(CCCCC2CCCCC3CCC(C4CCCCC4)CC23)CC1
C1CCC(C2CC3CCCC3C3CCC4CCCCC4C23)CC1
C1CCC(C2CCC3CCCC3C3CCC4CCCCC4C23)CC1
C1CC2CCC3C(CCC4CCC5CC5C43)C2C1
C1CCC(C2CC3CCCC3C3CCC4CCCCC4C23)CC1
C(CCCC1CCCC2C(C3CCCCC3)CCC12)CCC1CCCCC1
C1CCC(C2CCC3CC4(CCCCCC4C4CCCCC4)CCC32)CC1
C(CCCC1CCCC2C(C3CCCCC3)CCC12)CCC1CCCCC1
C1CCC(CC2CC3CCCCC3C3CCC4CCCCCC4C23)CC1
C1CCC(CCCCCC2CC3CCCCC3C2)CC1
C1CCC(CCCCC2CC3CCCCC3C2)CC1
C1CCC(C2CC3CCCC(C3)C3CCC4CCCCC4C32)CC1
C1CCC2C(C1)CC(C1CCCC3CCCC31)C1CCCC21
C1CCC2C(C1)CCCC1C3CCCC3CCC21
C1CCC(CC2CC3CCCCC3C3CCCCC23)CC1
C1CCC(CC2CCC3CC4C(CCC45CCCCC5)CC23)CC1
C1CCC2CC(C3CCCC4CCCC43)CCC2C1
C1CCC2CC(CCCC3CCC4C3CCC3C5CCCCC5CCC43)CC2C1
C(CCCC1CCCCC1)CCCC1CCC(C2CCCCC2)C1
C1CCC(C2CCC3CCCC3C3CCC4CCCCC4C23)CC1
C1CCC(CCCCCC2CC3CCCCC3C2)CC1
C1CCC2C(C1)CCCC1C3CCCC3CCC21
C1CCC2CC(C3CCCC4CCCC43)CCC2C1
C1CCC(CCCCCC2CCC3CCCCC23)CC1
C1CCC(CC(CC2CCCCC2)C2CCCCC2)CC1
C1CCC2C(C1)CCC1C3CCCCC3CCC21
C1CCC(CCC2CCC3C(CCC4CCCCCC43)C2)CC1
C1CCC2CC(CC3CCCC4CCCC43)CCC2C1
C1CCC(CC2CCC3C(CCC3C3CCCCC3)C2)CC1
C1CCC(C2CC3C(CCC4CC4)CCC3C3CCCC4CCCCC4C23)CC1
C1CCC(C2CCCC3C(CCC4CCCCC43)C2)CC1
C1CCC(CCC2CCC3C(CCC3C3CCCCC3)C2)CC1
C1CCC(CCCCC2CC3CCCCC3C2)CC1
C1CCC(CC2CCC3CCC(C4CCCC4)C3C2)C1
C1CCC(CCCCC2CC3CCCCC3C2)CC1
C(CCC1CCCCC2CCCCC12)CC1CCC2CCCCC2C1
C1CCC(CCC2CCC3C(CCC3C3CCCCC3)C2)CC1
C1CCC2C(C1)CCC1C3CCCC3CCC21
C1CCC(C2CC3CCCC3C3CCC4CCCCCC4C23)CC1
C1CCC2CC(CCCC3CCC4C3CCC3C5CCCCC5CCC43)CC2C1
C1CCC2C(C1)CCC1C3CCCCC3CCC21
C1CCC(CCCCCC2CCCC3C(C4CCCCC4)CCC23)CC1
C1CCC(CCCCCC2CC3CCCCC3C2)CC1
C1CCC(CCCCCC2CC3CCCCC3C2)CC1
C1CCC(C2CCC3CCC4(CCCCCC4)C3C2)CC1
C1CCC(CCCC2CCC(C3CCC4C(CCC4C4CCCCC4)C3)CC2)CC1
C1CCCC(C2CCC3CC4C(CCC5C6CCCC6CCC45)CC32)CC1
C1CCC(C2CCC(C3CC4CCCC4C4CCC5CCCCC5C4C3)CC2)C1
C1CCC(C2CCC(CCCCCC3(C4CCCCC4)CCCC4CCCCC43)C2)CC1
C1CCC2CCC(C3CCCC4CCCC43)CC2CC1
C1CCC(CCC2CCCCC2)CC1
C1CCC(C2CCC3CC4CCCCC4CC32)CC1
C1CCC2C(C1)CCC1CCCCC12
C1CCC(CCCC2CCC3CCC(CC4CCCC5CCCC54)CC3C2)CC1
C1CCC(CCC2CCC3C(CCC3C3CCCCC3)C2)CC1
C1CCC(CCCC2CCC3C2CCC(C2CCCCC2)C2C4CCCCC4CCC32)CC1
C1CCC2CC(C3CCCC4CCCC43)CCC2C1
C1CCC2CC(C3CCCC4CCCC43)CCC2C1
C(CCCC1CCC2CCCC2C1)CCCC1CCC(C2CCCCC2)C1
C1CCC2CCC3C4CCCC4CCC3C2CC1
C1CCC(CCC2(CCCC3CC4CCCCC4C3)CCCC3C4CCC5CCCCC5C4CCC32)C1
C1CCC(C2CC3CCCC3C3CCC4CCCCC4C23)CC1
C1CCC(C2CCC3C(CCCCCC4CCC(CC5CCCC5)C4)CCCC23)CC1
C1CCC(CCC(CCC2CCCCC2)CCC2CCC3CCCC3C2)CC1
C1CCC(CCCCC2CC3CCCCC3C2)CC1
C1CCC(CCC2CCC(C3CCC3)CC2)CC1
C1CCC(CCCCCC2CC3CCCCC3C2)CC1
C1CCC(CCC2CCC3C(CCC4C5CCCC5CC(CCC5CCCCC5)C34)C2)CC1
C(CCCC1CCCC2C(C3CCCCC3)CCC12)CCC1CCCCC1
C1CCC(C2CC3CCCCC3CC3CCCCC32)CC1
C1CCC(CCC(CCC2CCCCC2)CCC2CCC3CCCCC3C2)CC1
C1CCC2CC(C3CCCC4CCCC43)CCC2C1
C1CCC(CC2CCC3(CCC4CC5C(CCC5C5CCCCC5)CC43)C2)CC1
C1CCC(C2CCC3CC4C(CCCC45CCCCC5)CC32)CC1
C1CCC(CC2CC3CCCCC3C3CCC4CCCCC4C3C2)CC1
C1CCC(C2CCCC3C(CCC34CCCC4)C3CCC4CCCCC4C23)CC1
C1CCC(CCCCCC2CCC3CCCCC23)CC1
C1CCC(CCCCC2CC3CCCCC3C2)CC1
C1CCC(CCCCCC2CC3CCCCC3C2)CC1
C1CCC2CC(CCCC3CCC4C3CCCC3C5CCCCC5CCC34)CC2C1
C1CCC(CC2CC3CCCCC3C3CCC4CCCCC4C23)CC1
C1CCC(C2CC3CCCC3C3CCC4CCCCC4C23)CC1
C1CCC(CC2CC3CCCCC3C3CCC4CCCCC4C23)CC1
C1CCC(C2CCC3C(CCC4CCCCC43)C2)CC1
C1CCC2CC(C3CCCC4CCCC43)CCC2C1
C(CCCC1CCCCC1)CCCC1CCC(C2CCCCC2)C1
C1CCC2C(C1)CC(C1CCCC1)C1CCCCC21
C1CCC2CCC(C3CCCC4CCCC43)CC2CC1
C1CCC(C2CCC3CC4C(CCC45CCCC5)CC32)CC1
C1CCC(CCC2CCC3C(CCC3C3CCCCC3)C2)CC1
C1CCC(CCC2CCC3C(CCC3CC3CCCC(CC4CCCC4)C3)C2)CC1
C1CCC(CCC2CCC3C(CCC3C3CCCCC3)C2)CC1
C1CCC(C2CC3CCCC3C3CCC4CCCCC4C23)CC1
C1CCC2C(C1)CCC1C3CCCC3CCCC21
C1CCC(C2CCC3CC4C(CCCC45CCCCC5)CC32)CC1
C1CCC(CCCCCC2CC3CCCCC3C2)CC1
C(CCCC1CCCCC1)CCCC1CCC(C2CCCCC2)C1
C1CCC(CCCCC2CC3CCCCC3C2)CC1
C1CCC(CCCCCC2CC3CCCCC3C2)CC1
C1CCC(CCCCC2CC3CCCCC3C2)CC1
C1CCC2C(C1)CCC1C3CCCCC3CCC21
C1CCC2CC(CC3CCCC4CCCC43)CCC2C1
C(CCCC1CCCCC1)CCCC1CCC(C2CCCCC2)C1
C1CCC(CCCCCC2CC3CCCCC3C2)CC1
C1CCC(CCCCC2CCC3C2CCCC2C4CCCCC4CCC23)CC1
C1CCC(C2CC3CCCCC3C3CCCCC23)CC1
C1CCC(CCCCCC2CC3CCCCC3C2)CC1
C1CCC2C(C1)CC(C1CCCC1)C1CCCCC21
C1CCC(CCC2CCC3C(CCC4C5CCCC5CCC34)C2)CC1
C1CC2CC2C2C(C1)CCC1C3CCCC3CCC12
C(CCCC1CCCCC1)CCC1CCCCC1
C(CCC1CCCC2CCCCC12)CC1CCC2CCCCC2C1
C1CCC(CCCC(CCC2CCC3C(CCC3C3CCCCC3)C2)C2CCCCC2)CC1
C1CCC2CCC3C(CCC4C5CCCC5CC43)C2CC1
C1CCC2C(C1)CCC1C3CCCC3CCC21
C1CCC(C2CCC3C(CCCCCC4CCC(C5CCCC5)C4)CCCC23)CC1
C1CCC(CCC2CC3CCCCC3C3CCC4CCCCC4C23)CC1
C1CCC2CCC3C4CCCCC4CCC3C2CC1
C1CCC(CCCCCC2CCC3CCCCC23)CC1
C1CCC(CCCCCC2CCC3CCCCC23)CC1
C(CCC1(C2CCCC2)CCCCC2CCCCC21)CC1CCC2CCCCC2C1
C1CCC(CCCCC2CCC3CCCCC23)CC1
C1CCC(C2CC3CCCC3C3CCC4CCCCCC4C23)CC1
C1CCC(C2CC3CCCCC3C3CCCCC23)CC1
C1CCC2CC(C3CCCC4CCCC43)CCC2C1
C1CCC(CCC2CCC3C(CCC4C5CCCCC5CCC34)C2)CC1
C1CCC(C2CCC3CCC4C(CCC45CCCCC5)CC32)CC1
C1CCC2C(C1)CCC1C3CCCC3CCC21
C1CCC2CC(C3CCCC4CCCC43)CCC2C1
C1CCC(CCC2CCC3C(CCC3C3CCCCC3)C2)CC1
C1CCC(CCCC2CCCC(C3CCC4CC(CCC5CCC6CCCCC6C5)CCC43)C2)CC1
C1CCC(C2CC3CCCCC3C3CCCCC23)CC1
C1CCC(CCCC2CCCC3CCC(C4CCCC5CCCC54)CC3C2)CC1
C1CCC2CC(CC3CCCC4CCCC43)CCC2C1
C1CCC(CCCCC2CC3CCCCC3C2)CC1
C1CCC(CCC2CCC3C2CCCC(C2CCCCC2)C2C4CCCCC4CCC32)CC1
C1CCC(CCCCCC2CCCC3C(CC4CCCCC4)CCC23)CC1
C(CCCC1CCCC2CCCC12)CCC1CCCCC1
C1CCC(C2C3CCCCC3CC3CC4CCCC4CC32)CC1
C1CCC2CCC3CCCCC3C2CC1
C1CCC(CCCC2CCC3C(CCC3C3CCCC(CC4CCCC4)C3)C2)CC1
C1CCC(CCCCC2CC3CCCCC3C2)CC1
C1CCC(CCC2CCC3C(CC4CCCCC4)CCC3C2)CC1
C1CCC2CC(CCCC3CCC4CC5CCC6CCCCC6C5CCC34)CC2C1
C1CCC(C2CCC3C(CCCC4CCCCC43)C2)C1
C1CCC(CCCC2(CCC3CCCC3)CCC3C4CCC5CCCCC5C4CCC32)C1
C1CCC(CCCCC2CC3CCCCC3C2)CC1
C1CCC2CC(CCCC3CCC4C3CCCC3C5CCCCC5CCC34)CC2C1
C1CCC(CCCCCC2CCCC3C(CC4CCCCC4)CCC23)CC1
C1CCC2CCCCC2C(CCCCC2CCCC3CCCCC23)C1
C1CCC(CCC2CCC3C(CCC3C3CCCCC3)C2)CC1
C1CCC(C2CC3CCCC3C3CCC4CCCCCC4C23)CC1
C1CCC(CC2CC3CCCCC3C3CCC4CCCCC4C3C2)CC1
C1CCC(CCCCCC2CCC3CCCCC23)CC1
C1CCC(C2CCC3CC4C(CCC32)CCC42CCCC2)CC1
C(CCC1CCCC2CCCC12)CC1CCCC2CCCCC12
C1CCC2CCC3C4CCCC4CCC3C2CC1
C1CCC2CCC(C3CCCC4CCCC43)CC2CC1
C1CCC2C(C1)CCC1C3CCCC3CCC21
C1CCC(CC2CC3CCCCC3C3CCC4CCCCC4C3C2)CC1
C1CCC2C(C1)CCC1CCCCC12
C1CCC(CCC2CCCCC3CC4C(CCC4C4CCCCC4)CC23)CC1
C1CCC(C2CCCC3C(CCC4CCCCC43)C2)CC1
C1CCC(C2CCC3CC4C(CCC45CCCCCC5)CC32)CC1
C(CCCC1CCCC2C(C3CCCCC3)CCC12)CCC1CCCCC1
C1CCC(CCCCCC2CC3CCCCC3C2)CC1
C1CCC(CCC2CCC3C2CCCC(C2CCCCC2)C2C4CCCCC4CCC32)CC1
C1CCC2C(C1)CCC1C3CCCC3CCC21
C1CCC(C2CCCC3C(CCC4CCCCC43)C2)CC1
C1CCC2CCC3C4CCCCC4CC(CC4CCCC4)C3C2CC1
C(CCC1CCCC2CCCC12)CC1CC2CCCCC2C1
C1CCC(CCC2CCC(CC3CCCC4C(C5CCCCC5)CCC34)C2)CC1
C1CCC2C(C1)CCCC1C3CCCC3CCC21
C1CCC(CCCC2CCC3CCC(C4CCCC5CCCC54)CC3C2)CC1
C1CCC2CCC(C3CCCC4CCCC43)CC2CC1
C1CCC(CCC2CCC3C(CCC4CCCCC43)C2)CC1
C1CCC(CCCCC2CCC3CCCCC23)CC1
C1CCC(CCCCCC2CCCC3C(C4CCCCC4)CCC23)CC1
C1CCC2C(C1)CCCC1C3CCCC3CCC21
C1CCC(CCC(CCCC2CCC3CCCC3C2)CC2CCCCC2)CC1
C1CCC(C2CCC3CC4C(CCCC45CCCC5)CC32)CC1
C1CCC(C2CCC3CCCC4(CCCCC4)C3C2)CC1
C1CCC2CCC3C4CCC(CCCC5CC6CCCCC6C5)C4CCC3C2CC1
C1CCC(CCC2(CCCC3CC4CCCCC4C3)CCC3C4CCC5CCCCC5C4CCC32)C1
C1CCC(CCC2CCC3C(CCC3C3CCCCC3)C2)CC1
C1CCC2CC(CCCC3CCC4C3CCC3C5CCCCC5CCC43)CC2C1
C1CCC2CC(C3CCCC4CCCC43)CCC2C1
C1CCC(C2CC3CCCC3C3CCCC4CCCCC4C23)CC1
C1CCC(C2CC3CCCC3C3CCC4CCCCC4CC23)CC1
C1CCC(C2CCC3CC4(CCCCCC4C4CCCCC4)CCC32)CC1
C1CCC(C2CC3CCCCC3C3CCC4CCCCC4C23)CC1
C(CCCCC1CCC2C(CCC3C4CCCC4CCCC23)C1)CCCC1CCCC(CC(CC2CCC(CC3CCCCC3)CC2)C2CCCCC2)C1
C1CCC(CC2CCC3C(CC4CCCCC4)CCC3C2)CC1
C(CCC1CC2CCCCC2C1)CCC1CCCC2CCCC12
C1CCC(CCCC2CCC3CCC(C4CCCC5CCCC54)CC3C2)CC1
C1CCC(C2CCC3CCC4CCCCC4CC32)CC1
C1CCC(CCC2CCC3C(CCC3C3CCCCC3)C2)CC1
C1CCC(CCCCCC2CCCC3CCCC23)CC1
C1CCC(CC2CC3CCCCC3C3CCC4CCCCC4C23)C1
C1CCC(C2CC3C(CCCC34CCCC4)C3CCC4CCCCC4C23)CC1
C1CCC(C2CC3CCCC3C3CCC4CCCCC4C23)CC1
C1CCC2C(C1)CCC1C3CCCC3CCC21
C1CCC2CCC(C3CCCC4CCCC43)CC2CC1
C1CCC(C2CC3CCCC3C3CCC4CCCCC4CC23)CC1
C1CCC2CC(CC3CCCC4CCCC43)CCC2C1
C1CCC(C2CCC(CC3CC4CCCCC4C4CCC5CCCCC5C34)CC2)CC1
C1CCC(C2CCC3CC4C(CCC5CC6CCC(CCCC7CC8CCCCC8C7)C6CCC54)CC32)CC1
C(CCC1CCCC2CCCCC12)CC1CC2CCCCC2C1
C1CCC(C2CC3CCCC3C3CCCC4CCCCC4C23)CC1
C1CCC2CC(CCCC3CCC4C3CCC3C5CCCCC5CCC43)CC2C1
C1CCC(CCCCC2CCCCC3CCC(C4CCCCC4)CC23)CC1
C1CCC(CC2CC3CCCCC3C3CCC4CCCCC4C23)C1
C1CCC2C(C1)CC(C1CCCC1)C1CCCCC21
C1CCC(CCCC2CCC3C(CCC3C3CCCCC3)C2)CC1
C1CCC2CCC(C3CCCC4CCCC43)CC2CC1
C1CCC2C(C1)CCC1C2CCC2C3CCCC3CC21
C1CCC2CC(C1)CCC1C2CCC2C(CCCC3CC4CCCCC4C3)CCC21
C1CCC2C(C1)CCCC1C2CCC2C3CCCC3CC21
C1CCC(CC2CC3CCCCC3C3CCC4CCCCC4C23)C1
C1CCC2C(C1)CCC1C3CCCC3CCC21
C1CCC(C2CCC3C(CCCC4CCCCC43)C2)CC1
C1CCC(CC2CCC3CC(C4CCC(CCC5CCCC5)CC4)CCC23)CC1
C1CC(C2CCC(C3CC4CCCC4C4CCCC5CCCCC5C34)CC2)C1
C1CCC(CCCCC2CC3CCCCC3C2)CC1
C1CCC(CCC2CCC3C(CCC4C5CCCC5CCC34)C2)CC1
C1CCC(CCCCCC2CCCC3C(C4CCCCC4)CCC23)CC1
C1CCC(C2CC3CCCC3C3CCCC4CCCCC4C23)CC1
C1CCC(C2CCC3CC4C(CCC45CCCCCC5)CC32)CC1
C1CCC2CCC3C4CCCC4CCC3C2CC1
C1CCC(CCCCCC2CCCC3C(C4CCCCC4)CCC23)CC1
C1CCC(CC2CCC3CCCCC3C3CCC4CCCCC4C23)CC1
C1CCC(CCCC2CCC3CCC(CC4CCCC5CCCC54)CC3C2)CC1
C1CCC(CC2CC3CCCCC3C3CCC4CCCCC4C23)CC1
C1CCC(CCC2CCC3C(CCC4C5CCCC5CCC34)C2)CC1
C(CCCCC1CCC(C2CCCCC2)C1)CCCC1CCCCC1
C1CCC2CC(CCCC3CCC4C3CCC3C5CCCCC5CCC43)CC2C1
C1CCC(CCC2CCC3C(CC4CCCCC4)CCC3C2)CC1
C1CCC2CC(C3CCCC4CCCC43)CCC2C1
C1CCC2CC(CCCC3CCC4C3CCC3C5CCCCC5CCCC43)CC2C1
C1CCC2CC3CCCCC3CCC2C1
C(CCCC1CCCC2C(C3CCCCC3)CCC12)CCC1CCCCC1
C1CCC2C(C1)CCC1C3CCCCC3CCC21
C1CCC(CCC2CC3CCCCC3C3CCC4CCCCC4C23)CC1
C1CCC(CCCCCC2CCC3CCCCC23)CC1
C1CCC(C2CC3CCCC3C3CCC4CCCCC4C23)CC1
C1CCC(C2CCC3CCC4C(CCC45CCCCC5)CC32)CC1
C1CCC(C2CC3CCCC3C3CCCC4CCCCC4C23)CC1
C1CCC(C2C3CCCC3CC3CC4CCCCC4CC32)CC1
C1CCC(CCC2CCC3C(CCC3C3CCCCC3)C2)CC1
C1CCC2CCC3C4CCC(CCCC5CCC6CCCCC6C5)C4CCC3C2CC1
C1CCC(CCCCCC2CCC3CCCCC23)CC1
C1CCC(CCCCCC2CCCC3C(C4CCCCC4)CCC23)CC1
C1CCC(CCCCCC2CC3CCCCC3C2)CC1
C1CCC(C2CC3CCCC3C3CCC4CCCCCC4C23)CC1
C1CCC(C2CCC3CC(C4CCC(CCC5CCCC5)CC4)CCC32)CC1
C1CCC2CC(CCCC3CCC4C3CCC3C5CCCCC5CCC43)CC2C1
C(CCCC1CCCC2CCCCC12)CCC1CCC(C2CCCCC2)C1
C(CCC1CCCC2CCCCC12)CC1CCC2CCCCC2C1
C1CCC(CCCCCC2CCCC3C2CCC3C2CCCC(CC3CCCC3)C2)CC1
C1CCC(CCC2CCC3C(CCC3C3CCCCC3)C2)CC1
C1CCC2CCC3C4CCCCC4CC(CC4CCCC4)C3C2CC1
C1CCC(CC2CC3CCCCC3C3CCC4CCCCC4C23)C1
C1CCC(CCCCCC2CCC3C2CCC2C4CCCCC4CCC32)CC1
C1CCC(C2CC3C(CCC4CC4)CCC3C3CCC4CCCCC4C23)CC1
C1CCC(CCC2CCC3C(CCC4C5CCCC5CC(CCC5CCCCC5)CC34)C2)CC1
C1CCC(CCCCC2CC3CCCCC3C2)CC1
C1CCC2CC(CC3CCCC4CCCC43)CCC2C1
C1CCC(CCCCCC2CCCC3C(C4CCCCC4)CCC23)CC1
C(CCCC1CCCCC1)CCCC1CCC(C2CCCCC2)C1
C1CCC(C2CC3CCCCC3C3CCCCC23)CC1
C1CCC(CCCC2CCC3CCC(C4CCCC5CCCC54)CC3C2)CC1
C(CCCC1CCCC2C(C3CCCCC3)CCC12)CCC1CCC(C2CCCC2)C1
C1CCC(CCCC2(CCC3CCCC3)CCC3C4CCC5CCCCCC5C4CCC32)CC1
C1CCC(CCCC2CCCC3CCC(CC4CCCC5CCCC54)CC23)CC1
C1CCC(CC2CC3CCCCC3C3CCC4CCCCCC4C23)CC1
C1CCC(CC2CC3CCCCC3CC3CCC4CCCCC4C32)CC1
C1CCC2CC(CC3CCCC4CCCC43)CCC2C1
C1CCC2C(C1)CCC1C3CCCC3CCCC21
C1CCC2CC(C3CCCC4CCCC43)CCC2C1
C1CCC2C(C1)CCC1C3CCCCC3CCC21
C1CCC2CC(CCCC3CCC4C3CCC3C5CCCCC5CCC43)CC2C1
C1CCC(CCC2CC3CCCCC3C3CCC4CCCCC4C23)CC1
C1CCC2C(C1)CCC1C3CCCCC3CCCC21
C1CCC(CCCCC2CC3CCCCC3C2)CC1
C1CCC(CCCCC2CCC3CCCCC23)CC1
C1CCC(CCCC2CCCC3CCC(C4CCCC5CCCC54)CC3C2)CC1
C1CCC2C(C1)CCC1C3CCCC3CCC21
C(CCCC1CCCCC1)CCCC1CCC(C2CCCCC2)C1
C1CCC(CC(CC2CCCCC2)C2CCCCC2)CC1
C1CCC2CCC3C(CCC4C3CCC4(CCCC3CCC4CCCCC4C3)CCC3CCCC3)C2CC1
C1CCC(CCC(CC2CC3CCCCC3C2)C2CCCCC2)CC1
C1CCC(CCC2CCC3C(CCC3C3CCCCC3)C2)CC1
C1CCC(C2CCC3CCCC3C3CCC4CCCCCC4C23)CC1
C1CCC2C(C1)CCC1C3CCCC3CCC21
C1CCC2CCC(C3CCCC4CCCC43)CC2CC1
C1CCC(C2CC3CCCC3C3CCC4CCCCC4C23)CC1
C1CCC(CC2CC3CCCCC3CC3CCC4CCCCC4C32)CC1
C1CCC(C2CCC3CC4C(CCC5C6CCCC6CCCC45)CC32)CC1
C1CCC(CCCCC2CC3CCCCC3C2)CC1
C(CCCC1CCCCC1)CCCC1CCC(C2CCCCC2)C1
C1CCC2C(C1)CCC1CCCCC12
C1CCC(C2CCC3CC4(CCCCC4C4CCCCC4)CCC32)CC1
C1CCC(CC2CC3CCCCC3C3CCC4CCCCCC4C23)CC1
C(CCC1CCCC2CCCC12)CC1CC2CCCCC2C1
C(CCC1CCCC2CCCCC12)CC1CCC2CCCCC2C1
C1CCC(CC2CC3CCCCC3C3CCC4CCCCC4C23)C1
C1CCC(CCCCCC2CCCC3C(CC4CCCCC4)CCC23)CC1
C(CCC1CCCC2C(CCC3C4CCCC4CCC23)C1)CC1CCC(C2CC3CCCC3C3CCC4CCCCC4C23)CC1
C(CCC1CCCC2CCCCC12)CC1CCCC2CCCCC12
C1CCC(CCCCCC2CCC3CCCCC23)CC1
C(CC1CCC(C2CCCC2)CC1)CC1CCC2CCCC2C1
C(CCC1CC2CCCCC2C1)CCC1CCCC2CCCC12
C1CCC(C2CC3CCCCC3C3CCC4CCCCC4C23)CC1
C1CCC(C2CCC3CC4C(CCC5C6CCC(CCCC7CC8CCCCC8C7)C6CCCC45)CC32)CC1
C1CCC(C2CC3CCCC3C3CCCC4CCCCC4C23)CC1
C1CCC(CCCCC2CCC3CCCCC23)CC1
C1CCC(CCCCCC2CCC3CCCC3C2)CC1
C1CCC(C2CCC3CC4CCCCC4CCC32)CC1
C1CCC(C2CC3CCCC3C3CCC4CCCCC4CC23)CC1
C1CCC(CCCC2CCC3CCC(C4CCCC5CCCC54)CC3C2)CC1
C1CCC(CC2CC3CCCCC3C3CCCCC23)CC1
C1CCC(CC2CCC(CC(CC3CCCCC3)C3CCCCC3)CC2)CC1
C1CCC(CCCC2CCCC3CCCCC32)C2CCCCC2C1
C1CCC(CC2CC3CCCCC3CC3CCC4CCCCC4C32)C1
C1CCC(C2CCC3CC4C(CCC45CCCCC5)CC32)CC1
C(CCCC1CCCCC1)CCC1CCCCC1
C1CCC(C2CCC3C(CCC4CCCCC43)C2)C1
C1CCC(CC2CCC3CCCCC3C3CCC4CCCCC4C23)C1
C1CCC2CC(CCCC3CCC4C3CCC3C5CCCCC5CCC43)CCC2C1
C1CCC2CCC3C4CCCCC4CCC3C2CC1
C(CCC1CCC2CCCCC2C1)CCC1CCCC2CCCCC12
C1CCC(CCCC2CCCC3CCC(C4CCCC5CCCC54)CC3C2)CC1
C1CCC(CCC(CCC2CCCCC2)CCC2CCC3CCCC3C2)CC1
C1CCC(C2CCC3CC4C(CCC45CCCCCC5)CC32)CC1
C1CCC(CCCCCC2CC3CCCCC3C2)CC1
C1CCC2CCC3C4CCC(CCCC5CC6CCCCC6C5)C4CCC3C2CC1
C1CCC(C2CCC3CC4CCCCC4CC32)CC1
C(CCC1CC2CCCCC2C1)CCC1CCCC2CCCC12
C1CCC(CCC2CCC3C(CC4CCCCC4)CCC3C2)CC1
C1CCC(C2CCC3CC4C(CCC5C6CCC(CCCC7CC8CCCCC8C7)C6CCCC45)CC32)CC1
C1CCC(C2CCC3CCCC3C3CCC4CCCCCC4C23)CC1
C1CCC(C2CCC3C(CCC4CCCCC43)C2)CC1
C1CCC(CCCC2CCCC3CCC(C4CCCC5CCCC54)CC23)CC1
C1CCC(CCCCC2CCC3CCCCC23)CC1
C(CCCC1CCCC2CCCCC12)CCC1CCC(C2CCCCC2)C1
C1CCC(CCCCC2CCC3CCCCC23)CC1
C1CCC(CCCCC2CC3CCCCC3C2)CC1
C(CCC1CCCC2CCCCC12)CC1CCC2CCCCC2C1
C1CCC(C2CCC3CC4C(CCC5C6CCC(CCCCC7CCCC8CCCCC78)C6CCC45)CC32)CC1
C1CCC(C2CCC(C3CC4CCCC4C4CCC5CCCCC5C34)CC2)C1
C1CCC2C(C1)CCC1CCCCC12
C1CCC2CC(C3CCCC4CCCC43)CCC2C1
C1CCC2CC(C3CCCC4CCCC43)CCC2C1
C1CCC2CC(C3CCCC4CCCC43)CCC2C1
C1CCC(CCCCCC2CC3CCCCC3C2)CC1
C1CCC(C2CCC3CC4C(CCCC4CC4CCC5CCCCC54)CCC32)CC1
C1CCC2C(C1)CCC1C2CCC2C3CCCC3CC21
C1CCC(CCC2CCC3C2CCC(CC2CCCCC2)C2C4CCCCC4CCC32)CC1
C1CCC(CCCC23CCCC2CC2C4CCC5CCCCC5C4CCC23)C1
C1CCC(CC2CC3CCCCC3C3CCC4CCCCCC4C23)CC1
C1CCC(CC2CCC(CCC(CC3CCCCC3)C3CCCCC3)CC2)CC1
C1CCC2CCC(C3CCCC4CCCC43)CC2CC1
C1CCC(CCCCC2CCC3CCCCC23)CC1
C1CCC2CC(C3CCCC4CCCC43)CCC2C1
C1CCC(CCCCC2CC3CCCCC3C2)CC1
C1CCC(CCCC2(CCC3CCCC3)CCC3C4CCC5CCCCC5C4CCCC32)C1
C1CCC(C2CC3CCCC3C3CCCC4CCCCC4C23)CC1
C1CCC(CCC2CCCC(C3CCC4CC(CCC5CCC6CCCCC6C5)CCC43)C2)C1
C1CCC(C2CC3CCCC3C3CCCC4CCCCC4C23)CC1
C1CCC(CCCCC2CC3CCCCC3C2)CC1
C1CCC(CCCCCC2CCCC3C(C4CCCCC4)CCC23)CC1
C1CCC(C2CC3CCCCC3C3CCC4CCCCC4C23)CC1
C(CCC1CCC2C(CCC3C4CCCC4CCC23)C1)CC1CCC(C2CC3CCCC3C3CCC4CCCCC4C23)CC1
C1CCC2C(C1)CCCC2CCCC1CCCC2CCCCC21
C1CCC(CC2CCC(CC(CC3CCCCC3)C3CCCCC3)CC2)CC1
C1CCC(C2CCC(C3CC4CCCC4C4CCC5CCCCC5C4C3)CC2)C1
C1CCC(CCCCC2CCC3CCCCC23)CC1
C1CCC(C2CC3CCCC3C3CCC4CCCCCC4C23)CC1
C1CCC(C2CC3CCCCC3C3CCCCC23)CC1
C(CCCC1CCCCC1)CCCC1CCC(C2CCCCC2)C1
C1CCC(CCC2CCC(CCC3CCCCC3)CC2)CC1
C1CCC(C2CCC3CC4C(CCC45CCCC5)CC32)CC1
C(CCCC1CCCCC1)CCCC1CCC(C2CCCCC2)C1
C1CCC(C2CCC3CCCC3C3CCC4CCCCC4C23)CC1
C1CCC(CCCCCC2CCCC3C(C4CCCCC4)CCC23)CC1
C1CCC(C2CC3CCCCC3C3CCC4CCCCC4C23)CC1
C1CCC(CCCCC2CC3CCCCC3C2)CC1
C1CCC(CCCC2(CCC3CCCC3)CCC3C4CCC5CCCCC5C4CCC32)CC1
C1CCC(CCCCCC2CCC3CCCCC23)CC1
C1CCC(CC2CC3CCCCC3C3CCC4CCCCCC4C23)CC1
C1CCC(C2CCC(CCCCCC3CCCC4CCCCC34)C2)CC1
C1CCC(CCC2CCC3C2CCC2C4CCCCC4CCC32)C1
C1CCC(CC2CCC3CCCCC3C3CCC4CCCCC4C23)CC1
C1CCC(C2CCC3CC4CCCCC4CC32)CC1
C1CCC(CCCCCC2CC3CCCCC3C2)CC1
C1CCC2C(C1)CCCC2CC1CC2CCCCC2C2CCC3CCCCC3C2C1
C1CCC(CCC2CCC3C(CCC3C3CCCCC3)C2)CC1
C1CCC(CCC2CCC3C(CCC3C3CCCCC3)C2)CC1
C1CCC(CCC2CCC(C3CCC4C(CCC4C4CCCCC4)C3)CC2)CC1
C1CCC2CCC3C(CCC4C3CCC4(CCCC3CC4CCCCC4C3)CCC3CCCC3)C2CC1
C1CCC2CC(C3CCCC4CCCC43)CCC2C1
C1CCC(CCCC2(CCC3CCCC3)CCC3C4CCC5CCCCC5CC4CCC32)C1
C(CCCC1CCCC2C(C3CCCCC3)CCC12)CCC1CCCCC1
C1CCC(C2CCC3CC4C(CCC45CCCCCC5)CC32)CC1
C1CCC2CCC3C4CCC(CCCC5CCCC6CCCCC65)C4CCC3C2CC1
C1CCC2C(C1)CCC1CCCCC12
C1CCC(CCC2CCC(C3CCC4C(CCC4C4CCCCC4)C3)CC2)CC1
C1CCC(C2CCC3CCC4(CCCCCC4C4CCCCC4)CCC32)CC1
C1CC2CCC3C(CCC4CCC5CC5C43)C2C1
C1CCC2CC(CCCC3CCC4C3CCC3C5CCCCC5CCCC43)CC2C1
C1CCC(C2CC3CCCC3C3CCC4CCCCC4C23)CC1
C1CCC(CC2CC3CCCCC3C3CCC4CCCCC4C23)CC1
C1CCC(C2CC3CCCC3CC3CCC4CCCCC4C32)CC1
C1CCC2C(C1)CCC1C3CCCC3CCC21
C1CCC2CCC(C3CCCC4CCCC43)CC2CC1
C(CCCC1CCC2CCCC2C1)CCCC1CCC(C2CCCCC2)C1
C1CCC2CC(CCCC3CCC4C3CCC3C5CCCCC5CCC43)CC2C1
C1CCC(CCC2CCC3C(CCC3C3CCCCC3)C2)CC1
C1CCC(CCC2CCC3C(CCC3C3CCCCC3)C2)CC1
C1CCC(C2CCC3CCCC3C3CCC4CCCCC4C23)CC1
C1CCC2CC3CCC(C4CCCCC4)C3CC2CC1
C1CCC2CCC3CCCCC3C2CC1
C(CCCC1CCCC2CCCCC12)CCC1CCCC1
C1CCC(CCC2CCC3C2CCC(C2CCCCC2)C2C4CCCCC4CCCC32)CC1
C1CCC2CCC3C4CCCC4CC(C4CCC(C5CCCC5)CC4)C3C2CC1
C1CCC(C2CC3CCCC3C3CCC4CCCCCC4C23)CC1
C1CCC2C(C1)CCCC1C3CCCC3CCC21
C(CCC1CCCC2CCCCC12)CC1CCC2CCCCC2C1
C1CCC(CCC(CCC2CCC3CCCCC3C2)CC2CCCCC2)CC1
C1CCC(C2CCC3CCCCC3C3CCCCC23)CC1
C1CCC(C2CC3CCCC3C3CCC4CCCCCC4C23)CC1
C1CCC2CC(C3CCCC4CCCC43)C3CCCC3C2CC1
C1CCC2CC(C3CCCC4CCCC43)CCC2C1
C1CCC2CC(C3CCCC4CCCC43)CCC2C1
C1CCC(CCCCC2CC3CCCCC3C2)CC1
C1CCC(CCC2CCC(CC(CC3CCCCC3)C3CCCCC3)CC2)CC1
C1CCC(CCCC23CCCCC2CC2C4CCC5CCCCC5C4CCC23)C1
C1CCC(CCC2CCC(C3CCC4C(CCC4C4CCCCC4)C3)CC2)CC1
C1CCC(C2CC3CCCCC3C3CCCCC3C2)CC1
C1CCC(C2CC3CCCC3C3CCC4CCCCCC4C23)CC1
C1CCC(CCCC2CCC3CCC(C4CCCC5CCCC54)CC3C2)CC1
C1CCC2CCC3C4CCC(CCCC5CC6CCCCC6C5)C4CCC3C2CC1
C1CCC2CCC3C4CCC(CCCC5CC6CCCCC6C5)C4CCC3C2CC1
C1CCC2CC(CCCC3CCCC4C3CCC3C5CCCCC5CCC43)CC2C1
C1CCC(C2CCC3CCCC3C3CCC4CCCCC4C23)CC1
C1CCC(C2CC3CCCCC3CC3CCCCC32)CC1
C1CCC(CCC2CCC(CCC3CCCC(CC4CCCC4)C3)CC2)CC1
C1CCC(CCCCCC2CCCC3C(C4CCCCC4)CCC23)CC1
C1CCC(C2CCC3CC4(CCCCCCC4C4CCCCC4)CCC32)CC1
C1CCC2CCC3C4CCC(CCCC5CC6CCCCC6C5)C4CCC3C2CC1
C1CCC(CC2CCC3C(CCC3C3CCCCC3)C2)CC1
C(CCC1CCCC2CCCC12)CC1CC2CCCCC2C1
C1CCC(C2CC3CCCC3C3CCC4CCCCC4CC23)CC1
C1CCC(C2CC3CCCC3C3CCC4CCCCC4C23)CC1
C1CCC(C2CC3CCCCC3C3CCCCC23)CC1
C1CCC(CCC2CCC(CCC3CCCC(CC4CCCCC4)C3)CC2)CC1
C1CCC2CC(CCCC3CCCCC4CCCCC43)CC2C1
C1CCC2CC(C3CCCC4CCCC43)C3CCCC3C2CC1
C1CCC2CCC(C3CCCC4CCCC43)CC2CC1
C1CCC2CCC(C3CCCC4CCCC43)CC2CC1
C1CCC(CCCCC2CC3CCCCC3C2)CC1
C1CCC(CCC2CCC3C(CCC3C3CCCCC3)C2)CC1
C1CCC(CCC2CCC(C3CCC4C(CCC4C4CCCCC4)C3)CC2)CC1
C1CCC2CCC3C(CCC4C3CCC4(CCCC3CC4CCCCC4C3)CCC3CCCC3)C2CC1
C1CCC(CCCCCC2CCC3CCCCC3C2)CC1
C1CCC(C2CCC3CC4C(CCC45CCCCCC5)CC32)CC1
C1CCC2CC(CC3CCCC4CCCC43)CCC2C1
C1CCC2C(C1)CCC1C2CCC2C3CCCC3CCC21
C1CCC(C2CC3CCCC3C3CCCC4CCCCC4C23)CC1
C1CCC(CCC2CC3CCCCC3C3CCC4CCCCC4C23)CC1
C1CCC(C2CC3CCCC3C3CCC4CCCCCC4C23)CC1
C1CCC(C2CC3CCCCC3C3CCCCC3C2)CC1
C1CCC(CCC2CCC(C3CC3)CC2)CC1
C1CCC(CC2CCC3C(CCC3C3CCCCC3)C2)CC1
C1CCC(C2CCC3CCC4CCCCC4C3CC2)CC1
C1CCC(CCC(CCC2CCC3CCCC3C2)CC2CCCCC2)CC1
C1CCC(C2CCC3CC4C(CCC45CCCCC5)CC32)CC1
C1CCC(C2CCC(CCCCCC3CCCC4C(C5CCCCC5)CCC34)C2)CC1
C1CCC(CCCCC2CC3CCCCC3C2)CC1
C1CCC(C2CCC3CCC4C(CCC45CCCCC5)CC32)CC1
C1CCC2CC(C3CCCC4CCCC43)CCC2C1
C1CCC2CC(CC3CCC4CCCCC43)CCC2C1
C1CCC2CCC3C4CCCCC4CC(CC4CCCC4)C3C2CC1
C1CCC(CCCC2CCC3C4CCC5CC6C(CCC6C6CCCCC6)CC5C(CCC23)C4)CC1
C1CCC(C2CCC3(CCCC4CC5C(CCC5C5CCCCC5)CC43)C2)CC1
C1CCC2CCC3C4CCC(CCCC5CCCC6CCCCC65)C4CCC3C2CC1
C1CCC2CC(C3CCCC4CCCC43)CCC2C1
C(CCCC1CCCC2C(C3CCCCC3)CCC12)CCC1CCCCC1
C1CCC2C(C1)CCC1CCCCC12
C1CC2CCCC2C(CC2CC3CCCCC3C3CCCC23)C1
C1CCC(C2CCCC3C(CCC4CCCCC43)C2)CC1
C1CCC(CCCCC2CC3CCCCC3C2)CC1
C1CCC(CCCCC2CCC3CCC(C4CCCC5CCCC54)CC3C2)CC1
C1CCC(CCC2CCC3C(CCC3C3CCCCC3)C2)CC1
C(CCC1CCC2C1CCC1C3CCCCC3CCC21)CC1CC2CCCCC2C1
C1CCC(CCCCC2CCC3CCCCC23)CC1
C1CCC(CCCCC2CCC3CCCCC23)CC1
C1CCC(CCC2CCC(C3CCC4C(CCC4C4CCCCC4)C3)CC2)CC1
C1CCC(C2CCC(CCCCCC3CCCC4CCCCC34)C2)CC1
C1CCC2CCC3C4CCCC4CCC3C2CC1
C1CCC(C2CC3CCCC3C3CCC4CCCCC4C23)CC1
C1CCC(C2CCC3CC4C(CCCC5CC5)CCCCC4CC32)CC1
C1CCC2C(C1)CCC1C3CCCC3CCC21
C1CCC(C2CC3CCCC3C3CCC4CCCCC4CC23)CC1
C(CCCCC1CCC(C2CCCCC2)C1)CCCC1CCCCC1
C1CCC(CCCCCC2CC3CCCCC3C2)CC1
C1CCC2C(C1)CCC1C3CCCC3CCCC21
C1CCC2C(C1)CCCC2CCCC1CCCC2CCCCC21
C1CCC(C2CC3CCCC3C3CCC4CCCCC4C23)CC1
C1CCC2CC(CC3CCCC4CCCC43)CCC2C1
C(CCCCC1CCC(C2CCCCC2)C1)CCCC1CCC2CCCC2C1
C1CCC(C2CC3CCCC3C3CCC4CCCCC4CC23)CC1
C1CCC(C2CCC(CCCCCC3CCCC4C(C5CCCCC5)CCC34)C2)CC1
C1CCC(CC2CC3CCCCC3C3CCC4CCCCC4C23)C1
C1CCC2C(C1)CCC1C3CCCCC3CCC21
C1CCC2CCC3C4CCCCC4CC(CC4CCCC4)C3C2CC1
C1CCC2CCC(C3CCCC4CCCC43)CC2CC1
C1CCC(CCC2CCC3C(CCC3C3CCCCC3)C2)CC1
C(CCCC1CCCCC1)CCCC1CCC(CC2CCCCC2)C1
C1CCC2CCC3C(CCC4C5CCCC5CC43)C2CC1
C1CCC(C2CC3CCCC3C3CCCC4CCCCC4C23)CC1
C1CCC2CCC3C4CCCCC4CC(CC4CCCC4)C3C2CC1
C1CCC(CCC2CCC(C3CC3)CC2)CC1
C(CCCC1CCCC2C(C3CCCCC3)CCC12)CCC1CCCCC1
C1CCC(CCCC2(CCC3CCCC3)CCC3C4CCC5CCCCC5C4CCC32)C1
C1CCC2CC(CC3CCCC4CCCC43)CCC2C1
C1CCC(C2CC3CCCC3C3CCC4CCCCC4C23)CC1
C1CCC(CCCCCC2CC3CCCCC3C2)CC1
C1CCC(C2CCC3CCCC3C3CCC4CCCCC4C23)CC1
C1CCC2CC(C3CCCC4CCCC43)CCC2C1
C1CCC(CCCC2CCCCC2)CC1
C1CCC(C2CC3CCCC3C3CCCC4CCCCC4C23)CC1
C1CCC(CCCCC2CCC3CCCCC23)CC1
C1CCC(C2CCC3CC4C(CCC5C6CCC(CCCC7CC8CCCCC8C7)C6CCC45)CC32)CC1
C1CCC(C2CCC3CC4(CCCCCCC4C4CCCCC4)CCC32)CC1
C1CCC(CC2CCC(C3CC4CCCC4CC4CCC5CCCCC5C43)CC2)CC1
C1CCC(CCC2CCC(C3CC3)CC2)CC1
C1CCC(C2CCC3CC4C(CCC5C6CCC(CCCCC7CCC8CCCCC8C7)C6CCC45)CC32)CC1
C1CCC(C2CCC3CC4C(CCCC45CCCC5)CC32)CC1
C1CCC(C2CCC3CC4C(CCC5C6CCC(CCCC7CC8CCCCC8C7)C6CCC45)CC32)CC1
C1CCC(CC2CC3CCCCC3C3CCC4CCCCCC4C23)CC1
C1CCC(C2CC3CCCC3C3CCC4CCCCC4C23)CC1
C1CCC(CCCCCC2CC3CCCCC3C2)CC1
C1CCC2CCC3C4CCCCC4CC(CC4CCCC4)C3C2CC1
C1CCC(CCCCC2C3CCCCCC3CCC2C2CCCC3CCCC32)CC1
C1CCC(CCCC2CCC3CCC(C4CCCC5CCCC54)CC3C2)CC1
C1CCC(CCCCCC2CCCC3C2CCC3C2CCCC(CCC3CC3)C2)CC1
C1CCC2C(C1)CCC1CCCCC12
C1CCC2C(C1)CCC1C2CCCC2C3CCCC3CC21
C1CCC2C(C1)CCC1CCCCC12
C1CCC(CCCCCC2CC3CCCCC3C2)CC1
C1CCC(CCCCCC2CC3CCCCC3C2)CC1
C1CCC(CCC2CCC3C(CCC3C3CCCCC3)C2)CC1
C1CCC(C2CCC3CC4C(CCCC45CCCCC5)CC32)CC1
C1CCC(CCCCCC2CC3CCCCC3C2)CC1
C1CCC(CCC2CCC3C(CC4CCCCC4)CCC3C2)CC1
C1CCC(C2CCC3CC4C(CCC5C6CCC(CCCCC7CCC8CCCCC8C7)C6CCC45)CC32)CC1
C1CCC(CCC(CC2CC3CCCCC3C2)C2CC2)CC1
C1CCC(CCCCCC2CC3CCCCC3C2)CC1
C1CCC(C2CCC3C(CCC4CCCCC43)C2)CC1
C1CCC(CCCCC2CC3CCCCC3C2)CC1
C1CCC(C2CCC(CCCCCC3CCCC4CCCCC34)C2)CC1
C1CCC(CCCCC2CCC3CCCCC23)CC1
C1CCC(CCCC2CCC3CCC(C4CCCC5CCCC54)CC3C2)CC1
C1CCC(C2CCC3CC4C(CCCC45CCCCC5)CC32)CC1
C1CCC(C2CC3CCCC3C3CCC4CCCCC4C23)CC1
C(CC1CCC(C2CCCC2)CC1)CC1CCC2CCCC2C1
C1CCC(CCCCC2CCC3CCCCC23)CC1
C1CCC2CCC3C4CCCC4CCC3C2CC1
C1CCC(CCCC2CCC(C3CCCC4C(C5CCCCC5)CCC34)C2)CC1
C1CCC(CC2CC3CCCCC3C3CCC4CCCCCC4C23)CC1
C1CCC(CCCCC2CC3CCCCC3C2)CC1
C1CCC(CCCC2CCC3C(CCC3C3CCCCC3)C2)CC1
C1CCC(CCC(CCC2CCC3CCCC3C2)CC2CCCCC2)CC1
C(CCCC1CCCC2C(C3CCCCC3)CCC12)CCC1CCCCC1
C1CCC(CCC2CCC3C(CCCC4C5CCCC5CCC34)C2)CC1
C(CCCC1CCCC2C(C3CCCCC3)CCC12)CCC1CCCCC1
C1CCC(C2CCC3CC4C(CCC5C6CCCC(CCCC7CC8CCCCC8C7)C6CCC45)CC32)CC1
C1CCC(CC2CC3CCCCC3C3CCC4CCCCCC4C23)CC1
C1CCC(C2CCC3CC4C(CCCC45CCCC5)CC32)CC1
C1CCC2CCC(C3CCCC4CCCC43)CC2CC1
C1CCC2CCC3C4CCCC4CC(C4CCC(C5CCCC5)CC4)C3C2CC1
C1CCC(C2CCC(CCCCCC3CCCC4CCCCC34)C2)CC1
C(CCCC1CCCC2C(C3CCCCC3)CCC12)CCC1CCCCC1
C1CCC(C2CCC3CC4C(CCC45CCCC5)CC32)CC1
C1CCC(C2CC3CCCC3CC3CCC4CCCCC4C32)CC1
C(CCCC1CCCCC1)CCCC1CCC(C2CCCCC2)C1
C1CCC(C2CCC3CCCC3C3CCC4CCCCC4C23)CC1
C1CCC(C2CCC3C(CCC4CCCCC43)C2)CC1
C1CCCC(C2CCC3CC4C(CCC5C6CCC(CCCC7CC8CCCCC8C7)C6CCC45)CC32)CC1
C1CCC(C2CCC3C(CCCCCC4CC4)CCCC23)CC1
C1CCC(CCCCCC2CC3CCCCC3C2)CC1
C1CCC(CCCCCC2CCC3CCCCC23)CC1
C1CCC(C2CC3CCCC3C3CCC4CCCCC4C23)CC1
C(CCCC1CCCCC1)CCCC1CCC(C2CCCCC2)C1
C1CCC(C2CCC(CCCCCC3CCCC4C(C5CCCCC5)CCC34)C2)CC1
C1CCC(CCC2CCCC3CCC4C(CCC4C4CCCCC4)CC23)CC1
C1CCC(CCCCC2CC3CCCCC3C2)CC1
C1CCC(C2CCC3CCCCC3C3CCCCC23)CC1
C1CCC(C2CC3CCCC3C3CCC4CCCCC4C23)CC1
C1CCC2C(C1)CCC1C3CCCC3CCC21
C(CCC1CCCC2CCCCC12)CC1CC2CCCCC2C1
C1CCC2CC(CCCC3CCC4CC5CCC6CCCCC6C5CCC34)CC2C1
C1CCC(CCC2CCC3C(CCC3C3CCCCC3)C2)CC1
C1CCC(CCCC2CCC(C3CCCC4C(C5CCCCC5)CCC34)C2)CC1
C(CCCC1CCCC2C(C3CCCCC3)CCC12)CCC1CCCCC1
C1CCC(C2CCC3CCC4CCCCC4C3CC2)CC1
C1CCC(C2CC3CCCCC3C3CCC4CCCCC4C23)CC1
C1CCC(CCCCCC2CCCC3C(CC4CCCCC4)CCC23)CC1
C1CCC(CC2CC3CCCC3C3CCC4CCCCC4C23)CC1
C1CCC(CC2CCCC(CC3CCC4CC(CCC5CCC6CCCCC6C5)CCC43)C2)C1
C1CCC2CCC(C3CCCC4CCCC43)CC2CC1
C1CCC2CC(CCCC3CCC4C3CCC3C5CCCCC5CCCC43)CCC2C1
C1CCC(CCCCCC2CCCC3C(CC4CCCCC4)CCC23)CC1
C1CCC2C(C1)CCC1C3CCCC3CCC21
C1CCC(CCC2CCCCC3CC4C(CCC4C4CCCCC4)CC23)CC1
C1CCC(CC2CC3CCCCC3C3CCC4CCCCC4C23)C1
C1CCC(CCCCCC2CCCC3C(CC4CCCCC4)CCC23)CC1
C1CCC2CC(C3CCCC4CCCC43)CCC2C1
C(CCCC1CCCC2C(C3CCCCC3)CCC12)CCC1CCCCC1
C1CCC(CCCCC2CC3CCCCC3C2)CC1
C(CCC1CCC2C(CCC3C4CCCC4CCC23)C1)CC1CCC(C2CCC(C3CC4CCCCC4C4CCC5CCCCC5C34)CC2)CC1
C1CCC(CCCC2CCC3CCC(CC4CCCC5CCCC54)CC3C2)CC1
C1CCC(C2CCC3CCC4(CCCCCC4C4CCCCC4)CCC32)CC1
C1CCC(CCC(CCC2CCC3CCCCC3C2)CC2CCCCC2)CC1
C1CCC(CCC2CCC3C(CCC3C3CCCCC3)C2)CC1
C(CCCC1CCCC2C(C3CCCCC3)CCC12)CCC1CCCCC1
C1CCC2CCC(CCC3CCC4C(CCC4C4CCCC(CC5CCCC5)C4)C3)CC2CC1
C1CCC(C2CCC3CCC4CCCCC4CC32)CC1
C1CCC(CCCC2CCCC3CCC(C4CCCC5CCCC54)CC3C2)CC1
C1CCC(CCC(CC2CC2)CC2CC3CCCCC3C2)CC1
C1CCC(CCC2(CCCC3CC4CCCCC4C3)CCC3C4CCC5CCCCC5C4CCC32)C1
C1CCC(CCCCC2CCC3C2CCC2C4CCCCC4CCC32)C1
C1CCC(CC2CCC3CC4C(CCCC45CCCC5)CC23)CC1
C1CCC(C2CC3CCCC3C3CCC4CCCCC4C23)CC1
C1CCC(CCCC2CCC3C(CCC3C3CCCC(CC4CCCC4)C3)C2)CC1
C(CCCCC1CCC(C2CCCCC2)C1)CCCC1CCCCC1
C1CCC(C2CC3CCCC3CC3CCC4CCCCC4C32)CC1
C1CCC(C2CCCCC2CC2CC3CCCCC3C3CCC4CCCCC4C23)CC1
C1CCC(CCC2CCC3C(CCC3C3CCCCC3)C2)CC1
C1CCC2CC(CCCC3CCCC4C3CCC3C5CCCCC5CCC43)CC2C1
C1CCC(C2CCC3CCCCC3C3CCCCC23)CC1
C1CCC2CCC3C4CCCC4CCC3C2CC1
C1CCC(CCCCC2CCCC(C3CCC4CC(CCC5CCC6CCCCC6C5)CCC43)C2)CC1
C1CCC(CCCC2CCC3CCCC3C2)CC1
C1CCC(C2CC3CCCC3C3CCC4CCCCC4C23)CC1
C1CCC(C2CC3CCCC3C3CCC4CCCCC4C23)CC1
C1CCC(C2CCC3CCCC3C3CCC4CCCCC4C23)CC1
C1CCC(CCC2CCC(C3CCC3)CC2)CC1
C1CCC(CCCCCC2CCC3CCCCC23)CC1
C1CCC2C(C1)CCC1C3CCCC3CCC21
C1CCC(C2CCC3CC4C(CCC45CCCCC5)CC32)CC1
C(CCCCC1CCC(C2CCCCC2)C1)CCCC1CCCCC1
C1CCC2C(C1)CCCC1C3CCCC3CCC21
C1CCC(C2CCC3CC4C(CC5CC6CCCCC6C5)CCCC4CC32)CC1
C(CCC1CCCC2CCCCC12)CC1CCC2CCCCC2C1
C(CCC1CCC2C(CCC3C4CCCC4CCC23)C1)CC1CCC(C2CCC(CC3CC4CCCC4C4CCC5CCCCC5C34)CC2)CC1
C1CCC2CC(CCCC3CCC4C3CCC3C5CCCCC5CCC43)CC2C1
C1CCC(CCCCCC2CC3CCCCC3C2)CC1
C1CCC(CCC2CCCC3CC4C(CCC4C4CCCCC4)CC23)CC1
C1CCC(C2CCC3CC4C(CCC45CCCCC5)CC32)CC1
C1CCC(C2CCC3(CCCC4CC5C(CCC5C5CCCCC5)CC43)C2)CC1
C1CCC(CCCCC2CC3CCCCC3C2)CC1
C1CCC(C2CC3CCCC3C3CCCC4CCCCC4C23)CC1
C1CCC(C2CCC3CC4C(CCC32)CCC2C3CCC(CCCC5CCC6CCCCC6C5)C3CCC42)CC1
C1CCC(C2CCC3CC4C(CCC45CCCCC5)CC32)CC1
C1CCC2CCC(C3CCCC4CCCC43)CC2CC1
C1CCC2CCC3C4CCCC4CCC3C2CC1
C1CCC(C2CCC3CC4C(CCCC5C6CCC(CCCC7CC8CCCCC8C7)C6CCC45)CC32)CC1
C1CCC2C(C1)CCC1C3CCCC3CCC21
C1CCC(C2CCC3CC4C(CCC45CCCCCC5)CC32)CC1
C1CCC(CCCCC2CCC3CCCCC23)CC1
C1CCC(CCC2CCCC3CC4C(CCC4C4CCCCC4)CC23)CC1
C1CCC(C2CCC3CC4C(CCCC5C6CCC(CCCC7CC8CCCCC8C7)C6CCC45)CC32)CC1
C1CCC(CCCC2CCC3C(CCC3C3CCCCC3)C2)CC1
C1CCC(CCCCC2CCC3CCCCC23)CC1
C1CCC2CCC3C4CCC(CCCC5CC6CCCCC6C5)C4CCC3C2CC1
C1CCC(CCC2CCC3C(CCC4CC5CCCC5CCC43)C2)CC1
C1CCC(C2CC3CCCC3C3CCC4CCCCC4C23)CC1
C1CCC(CCCCC2CC3CCCCC3C2)CC1
C(CCCC1CCCCC1)CCC1CCCCC1
C(CCC1CCCC2CCCC12)CC1CC2CCCCC2C1
C1CCC(CCCCC2CC3CCCCC3C2)CC1
C1CCC(CC2CC3CCCC3C3CCC4CCCCC4C23)CC1
C1CCC2CCC(C3CCCC4CCCC43)CC2CC1
C1CCC(CCCCC2CCC3CCCC3C2)CC1
C1CCC(CCCC2CCC(CCC3CCCCC3)CC2)CC1
C(CCCC1CCCC2C(C3CCCCC3)CCC12)CCC1CCCCC1
C1CCC(C2CC3CCCC3C3CCC4CCCCC4C23)CC1
C(CCC1CCC2CCCCC2C1)CCC1CCCC2CCCCC12
C1CCC(CCCCCC2CCC3CCCCC3C2)CC1
C1CCC(C2CC3CCCC3C3CCC4CCCCCC4C23)CC1
C1CCC2CC(C3CCCC4CCCC43)CCC2C1
C1CCC2C(C1)CCC1C3CCCC3CCC21
C1CCC(C2CC3CCCC3C3CCCC4CCCCC4C23)CC1
C(CCC1CCCCC2CCCCC12)CC1CCC2CCCCC2C1
C1CCC(CCCCCC2CC3CCCCC3C2)CC1
C1CCC2C(C1)CC(C1CCCC3CCCC31)C1CCCC21
C1CCC2CCC3C4CCCCC4CC(CC4CCCC(C5CCCC5)C4)C3C2CC1
C1CCC(C2CCC3CC4C(CCC5C6CCCC6CCCC45)CC32)CC1
C1CCC(CCC(CCC2CCCCC2)CCC2CCC3CCCC3C2)CC1
C1CCC(CCC(CCC2CCC3CCCC3C2)CC2CCCCC2)CC1
C1CCC(CCC(CC2CCC3C(CCC3C3CCCCC3)C2)C2CCCCC2)CC1
C1CCC(C2CCC3CC4C(CCCC45CCCC5)CC32)CC1
C1CCC(CCC2CCC(CCC3CCCC(CC4CCCC4)C3)CC2)CC1
C1CCC(CC2CCC3CCCCC3C2)C1
C1CCC2C(C1)CCC1C3CCCC3CCC21
C(CCC1CCCC2CCCC12)CC1CC2CCCCC2C1
C(CCCC1CCCCC1)CCCC1CCC(C2CCCCC2)C1
C1CCC(CCCCCC2CC3CCCCC3C2)CC1
C1CCC2C(C1)CCC1C3CCCC3CCC21
C1CCC(CC2CC3CCCCC3C3CCC4CCCCCC4C23)CC1
C1CCC(CCC(CCC2CCC3CCCC3C2)CC2CCCCC2)CC1
C1CCC2CC(CCCC3CCCC4C3CCC3C5CCCCC5CCC43)CC2C1
C1CCC(C2CCC(CCCCCC3CCCC4C(C5CCCCC5)CCC34)C2)CC1
C1CCC(C2CC3CCCC3C3CCC4CCCCC4CC23)CC1
C1CCC(CCCCC2CC3CCCCC3C2)CC1
C1CCC(C2CC3CCCCC3C3CCCCC23)CC1
C1CCC(CCCCCC2CCCC3CCC(C4CCCCC4)CC23)CC1
C1CCC2C(C1)CCC1C3CCCC3CCC21
C1CCC2CC(C3CCCC3)CCC2C1
C1CCC(CCC2CCC(CCC3CCCC(CC4CCCC4)C3)CC2)CC1
C1CCC(C2CC3CCCC3C3CCC4CCCCC4C23)CC1
C1CCC2C(C1)CCCC1CCCCC12
C1CCC(CCCCC2CCC3CCCCC23)CC1
C1CCC(CCC(CCC2CCCCC2)CCC2CCC3CCCC3C2)CC1
C1CCC(CCCCC2CCC3CCCCC23)CC1
C1CCC(C2CCCC3C(CCC4CCCCC43)C2)CC1
C1CCC(C2CCC3(CCC4CC5C(CCC5C5CCCCC5)CC43)C2)CC1
C(CCC1CCCC2CCCCC12)CCC1CCCC2CCCCC12
C1CCC(C2CC3CCCC3C3CCC4CCCCC4C23)CC1
C1CCC(CCCCCC2CCCC3C(C4CCCCC4)CCC23)CC1
C1CCC(CCCCC2CC3CCCCC3C2)CC1
C1CCC(C2CC3CCCC3C3CCCC4CCCCC4C23)CC1
C1CCC2C(C1)CCC1C2CCC2C3CCCC3CC21
C1CCC2C(C1)CCC1C3CCCC3CCCC21
C1CCC2CC(C3CCCC4CCCC43)CCC2C1
C(CCC1CCC2CCCCC2C1)CCC1CCCC2CCCCC12
C1CCC(CCCC(CC2CCC3C(CCC3C3CCCCC3)C2)C2CCCCC2)CC1
C1CCC(C2CCC3CC4C(CCC32)CCC2C3CCC(CCCC5CCC6CCCCC6C5)C3CCC42)CC1
C1CCC2C(C1)CCC1C3CCCCC3CCC21
C1CCC(CCC(CC2CCC3C(CCC3C3CCCCC3)C2)C2CCCCC2)CC1
C1CCC2CC(CCCC3CCCC4CCCCC43)CC2C1
C1CCC(C2CC3CCCC3C3CCC4CCCCC4C23)CC1
C1CCC(CCCCC2CCC3CCCCC23)CC1
C1CCC(CCCCCC2CC3CCCCC3C2)CC1
C1CCC(CCC2CCC3C(CCC4C5CCCC5CC(CCC5CCCCC5)C34)C2)CC1
C1CCC(C2CCC3CC4(CCCCCC4C4CCCCC4)CCCC32)CC1
C(CCCC1CCCC2C(C3CCCCC3)CCC12)CCC1CCC(C2CCCC2)C1
C1CCC(C2CCC3CC4C(CCC32)CCC42CCCCC2)CC1
C1CCC(CCCCCC2CCCC3CCC(C4CCCCC4)CC23)CC1
C1CCC(CCC2CCCCC2)CC1
C1CCC(C2CCC3C(CCC4CCCCC43)C2)CC1
C1CCC2CC(CCCC3CCC4C3CCCC3C5CCCCC5CCC34)CC2C1
C(CCC1CCC(C2CC3CCCC3C3CCC4CCCCC4C23)CC1)CCC1CCC2C(CCC3C4CCCC4CCC23)C1
C1CCC2CCC(C3CCCC4CCCC43)CC2CC1
C1CCC2C(C1)CCC1C3CCCC3CCC21
C1CCC(CCCCCC2CC3CCCCC3C2)CC1
C1CCC(C2CC3CCCC3C3CCC4CCCCCC4C23)CC1
C1CCC(CCC2CCC(C3CC3)CC2)CC1
C1CCC(CC2CC3CCCCC3C3CCC4CCCCC4C23)CC1
C1CCC(CCC2(CCCC3CC4CCCCC4C3)CCC3C4CCC5CCCCC5C4CCC32)C1
C1CCC(CCCCC2CC3CCCCC3C2)CC1
C1CCC(CCC2CCC3C(CCC3C3CCCCC3)C2)CC1
C1CCC(CCCCC2CC3CCCCC3C2)CC1
C1CCC(CCC2CCC3C(CCC3C3CCCCC3)C2)CC1
C(CCC1CCCC2CCCCC12)CCC1CCCC2CCCCC12
C1CCC(C2CC3C(CCC34CCCC4)C3CCC4CCCCC4C23)CC1
C(CCC1CC2CCCCC2C1)CCC1CCCC2CCCC12
C1CCC(CCCCC2CC3CCCCC3C2)CC1
C1CCC(CCCCC2CC3CCCCC3C2)CC1
C1CCC(CCCCC2CC3CCCCC3C2)CC1
C1CCC(CCCCCC2CC3CCCCC3C2)CC1
C(CCCC1CCCC2C(C3CCCCC3)CCC12)CCC1CCCCC1
C1CCC(C2CC3CCCC3C3CCC4CCCCCC4C23)CC1
C1CCC(CC2CCC(CC(CC3CCCCC3)C3CCCCC3)CC2)CC1
C1CCC(CCCCCC2CC3CCCCC3C2)CC1
C1CCC2CCC3C4CCC(CCCC5CCCC6CCCCC65)C4CCC3C2CC1
C1CCC(C2CCC3(CCCC4CC5C(CCC5C5CCCCC5)CC43)C2)CC1
C1CCC(CCC2CCC(C3CCC4C(CCC4C4CCCCC4)C3)CC2)CC1
C1CCC2CCC3C4CCCCC4CCC3C2CC1
C1CCC(CCC2CCCC3CC4C(CCC4C4CCCCC4)CC23)CC1
C1CCC2C(C1)CCCC2CCCC1CCC2C1CCC1C3CCCCC3CCC21
C1CCC2C(C1)CCC1C3CCCC3CCC21
C1CCC(CCC2CC3CCCCC3C3CCC4CCCCC4C23)C1
C(CCCC1CCCC2C(C3CCCCC3)CCC12)CCC1CCCCC1
C1CCC(C2CCC3CC4C(CCC45CCCCC5)CC32)CC1
C1CCC(CC2CCC3C(CCC3C3CCCCC3)C2)CC1
C1CCC(CCC2CCCCC2CC2CC3CCCCC3C3CCC4CCCCC4C23)CC1
C1CCC(CC2CCC3CCC(C4CCCC4)CC32)C1
C1CCC(CC2CCC3C(CCC3C3CCCCC3)C2)CC1
C1CCC(C2CC3CCCC3C3CCC4CCCCC4C23)CC1
C1CCC2C(C1)CCC1C3CCCC3CCCC21
C1CCC(C2CCC3CC4C(CCC5C6CCC(CCCCC7CC8CCCCC8C7)C6CCC45)CC32)CC1
C1CCC2CC(C3CCCC4CCCC43)CCC2C1
C1CCC(CCC2CCC3C(CCC3C3CCCCC3)C2)CC1
C1CCC(C2CCC3C(CCCCCC4CCC(C5CCCC5)C4)CCCC23)CC1
C(CCCC1CCCCC1)CCCC1CCC(CC2CCCCC2)C1
C1CCC2CCC(C3CCCC4CCCC43)CC2CC1
C1CCC2CCC(C3CCCC3)CC2CC1
C1CCC2CCC3C4CCCCC4CC(CC4CCCC4)C3C2CC1
C1CCC(CCCCCC2CCCC3C(CC4CCCCC4)CCC23)CC1
C1CCC(CCC2CCC3C(CCCC4CCCCC43)C2)CC1
C1CCC2CC(CC3CCCC4CCCC43)CCC2C1
C1CCC2C(C1)CCCC1C2CCC2C3CCCC3CC21
C1CCC2CCC3CCCCC3C2CC1
C1CCC(C2CC3CCCC3C3CCC4CCCCC4C23)CC1
C1CCC(CCCCC2CC3CCCCC3C2C2CCCCC2)CC1
C1CC(C2CCC(C3CCC4CCCC4C4CCC5CCCCC5C34)CC2)C1
C1CCC(CCCC2CCC3C2CCC2C4CC5CCC(C6CCCCC6)C5CC4CCC32)CC1
C(CCCC1CCCC2CCCC12)CCC1CCC2CCCCC2C1
C(CC1CC2CCCCC2C1)CC1CCC2C(CCC3C4CCCCC4CCC23)C1
C1CCC2C(C1)CCCC1C3CCCC3CCC21
C1CCC(C2CCC3CC4C(CCCC45CCCC5)CC32)CC1
C1CCC(CCC2CCC3C(CCC4CCCCC43)C2)CC1
C1CCC(C2CC3CCCC3C3CCC4CCCCC4C23)CC1
C1CCC(CCCCC2CC3CCCCC3C2)CC1
C1CCC(C2CCC3C(CCC3C3CCCCC3)C2)CC1
C1CCC(CCCCCC2CCCC3C(CC4CCCCC4)CCC23)CC1
C1CCC(CCC2CCC3C(CCC4CC3CCC3CCCC34)C2)CC1
C1CCC(C2CC3CCCC3C3CCC4CCCCC4C23)CC1
C1CCC(C2CC3CCCC3C3CCC4CCCCCC4C23)CC1
C1CCC2CCC(C3CCCC4CCCC43)CC2CC1
C1CCC(CC2CCC3CCCCC3C3CCC4CCCCC4C23)CC1
C1CCC(CCC2CCC3C(CCC3C3CCCCC3)C2)CC1
C1CCC2CC(CCCC3CCC4C3CCCC3C5CCCCC5CCC34)CCC2C1
C1CCC(C2CCC3CCCC3C3CCC4CCCCC4C23)CC1
C1CCC(CCCC2CCC3CCCC3C2)CC1
C1CCC(CCC2CCC(CCC3CCCCC3)CC2)CC1
C1CCC(CCCCCC2CCCC3CCCC23)CC1
C1CCC2CC(CCCC3CCCC4C3CCC3C5CCCCC5CCC43)CC2C1
C1CCC(C2CC3CCCCC3C3CCCCC3C2)CC1
C1CCC(CCCCCC2CC3CCCCC3C2)CC1
C1CCC(C2CC3CCCC3C3CCC4CCCCCC4C23)CC1
C1CCC2C(C1)CCC1C2CCC2C3CCCC3CC21
C1CCC(CCCCCC2CCC3CCCCC23)CC1
C1CCC(CCCCC2CC3CCCCC3C2)CC1
C(CCC1CC2CCCCC2C1)CCC1CCCC2CCCC12
C1CCC2CCC3C4CCC(CCCC5CC6CCCCC6C5)C4CCC3C2CC1
C1CCC(C2CCC3CC4C(CCCC45CCCCC5)CC32)CC1
C1CCC(C2CCC3C(CCC4CCCCC43)C2)CC1
C(CCCC1CCCCC1)CCCC1CCC(C2CCCCC2)C1
C1CCC2CC(CCCC3CCCCC4CCCCC43)CC2C1
C1CCC(C2CCC3CC4C(CCC45CCCCC5)CC32)CC1
C1CCC(C2CCC3CC4C(CCCC45CCC(C4CCCCC4)C(C4CCCCC4)C5)CC32)CC1
C(CCC1CCC2C1CCC1C3CCCCC3CCC21)CC1CC2CCCCC2C1
C1CCC2C(C1)CCC1C3CCCC3CCCC21
C1CCC(CCC2CCC3C(CC4CCCCC4)CCC3C2)CC1
C1CCC(CCC2CCC3C(CCC3C3CCCC(CCC4CCCC4)C3)C2)CC1
C1CCC(CCCC2CCCC(C3CCC4CC(CCC5CCC6CCCCC6C5)CCC43)C2)CC1
C1CCC2CC(C3CCCC4CCCC43)CCC2C1
C1CCC2CCC(C3CCCC4CCCC43)CC2CC1
C1CCC(CCCC2(CCC3CCCC3)CCCC3C4CCC5CCCCC5C4CCC32)CC1
C1CCC(CCCCCC2CCCC3C(C4CCCCC4)CCC23)CC1
C1CCC(CCCCCC2CCCC3C(CC4CCCCC4)CCC23)CC1
C1CCC(CCCC2CC3CCCCC3C2C2CCCCC2)CC1
C(CCCC1CCCC2CCCCC12)CCC1CCC(C2CCCCC2)C1
C1CC2CC3CCC4C5CCCCC5CCC4C3CC2C1
C1CCC2C(C1)CCC1CCCCC12
C1CCC(CCCCCC2CCCC3C(C4CCCCC4)CCC23)CC1
C1CCC(C2CCC3C(CCCCCC4CCC(C5CCCC5)C4)CCCC23)CC1
C1CCC(CCCC2(CCCC3CCC4CCCCC4C3)CCC3C4CCC5CCCCC5C4CCC32)C1
C1CCC(CCCCCC2CCCC3C(C4CCCCC4)CCC23)CC1
C1CCC(CCCCCC2CCCC3C(C4CCCCC4)CCC23)CC1
C(CCC1CCCC2CCCCC12)CC1CCC2CCCCC2C1
C1CCC(CCCC2CCCC(C3CCC4CC(CCC5CCC6CCCCCC6C5)CCC43)C2)CC1
C1CC2CCC3C(CCC4CCCCC43)CC2C1
C1CCC(CCC2CCC3C(CCC4CCCCCC43)C2)CC1
C1CCC(C2CCC3CC4C(CCC5C6CCC(CCCCC7CCC8CCCCC8C7)C6CCC45)CC32)CC1
C(CCCC1CCCC2C(C3CCCCC3)CCC12)CCC1CCCCC1
C1CCCC(C2CCC3CC4C(CCC5C6CCCC6CCC45)CC32)CC1
C1CCC(CCC2CCC3C(CCC3C3CCCC(CC4CCCCC4)C3)C2)CC1
C1CCC2CC(CC3CCCC4CCCC43)CCC2C1
C1CCC2CCC(C3CCCC4CCCC43)CC2CC1
C1CCC2C(C1)CCC1C3CCCC3CCCC21
C1CCC(CCCCC2CCC3CCCCC23)CC1
C1CCC(CCC2CCC3C(CCC4CCCCC43)C2)CC1
C1CCC(CCC2CCC3C(CCC3C3CCCCC3)C2)CC1
C1CCC(CCCCC2CC3CCCCC3C2)CC1
C1CCC(CCC2CCC3C(CCC3C3CCCCC3)C2)CC1
C1CCC(CCC2(CCCC3CCC4CCCCC4C3)CCC3C4CCCC5CCCCC5C4CCC32)C1
C1CCC2C(C1)CCC1C3CCCC3CCC21
C1CCC(CCC2CCCCC2)CC1
C(CCCC1CCCCC1)CCCC1CCC(C2CCCCC2)C1
C(CCCC1CCCC2C(C3CCCCC3)CCC12)CCC1CC1
C1CCC(C2CCC3CC4C(CCC5C6CCC(CCCCC7CCC8CCCCC8C7)C6CCC45)CC32)CC1
C1CCC(CC2CC3CCCCC3C3CCC4CCCCC4C23)CC1
C1CCC(CCCC2CCC3CCC(C4CCCC5CCCC54)CC3C2)CC1
C(CCC1CCCC2CCCC12)CC1CC2CCCCC2C1
C1CCC(C2CCC3CC4C(CCCC45CCCCC5)CC32)CC1
C1CCC2CCC3C4CCCC4CCC3C2CC1
C1CCC2C(C1)CCCC1C3CCCC3CCC21
C1CCC(C2CC3CCCCC3C3CCCCC23)CC1
C1CCC2CCC3C4CCC(CCCC5CCCC5)C4CCC3C2CC1
C1CCC(CC2CC3CCCCC3C3CCC4CCCCCC4C23)CC1
C1CCC(CCCCC2CC3CCCCC3C2)CC1
C(CCCC1CCCC2CCCCC12)CCC1CCC(C2CCCC2)C1
C1CCC2CC(C3CCCC4CCCC43)CCC2C1
C1CCC2C(C1)CCC1C3CCCC3CCC21
C1CCC2CC(CC3CCCC4CCCC43)CCC2C1
C1CCC(CCC2CCC3C(CC4CCCCC4)CCC3C2)CC1
C1CCC(CCCCCC2CCC3CCCCC23)CC1
C(CCCC1(C2CCCC2)CCCC2CCCCC21)CCC1CCC(C2CCCCC2)C1
C1CCC(CCC2CCC(CCC3CCCCC(CC4CCCC4)C3)CC2)CC1
C1CCC(C2CCC3CC4C(CCC45CCCCC5)CC32)CC1
C1CCC(C2CCC3CC4C(CCC45CCCCCC5)CC32)CC1
C1CCC(CCCCCC2CC3CCCCC3C2)CC1
C1CCC(CC2CCC3CCC(C4CCCC4)C3C2)C1
C1CCC(C2CC3CCCCC3C3CCCCC23)CC1
C1CCC(C2CCC3CC(C4CCC(CCC5CCCC5)CC4)CCC32)CC1
C1CCC(CCCCCC2CCCC3C(C4CCCCC4)CCC23)CC1
C1CCC2CC(CC3CCCC4CCCC43)CCC2C1
C1CCC(CCCCCC2CC3CCCCC3C2)CC1
C1CCC(C2CC3CCCC3C3CCC4CCCCC4C23)CC1
C1CCC2CC(CCCC3CCC4C3CCCC3C5CCCCC5CCC34)CC2C1
C1CCC2CCC3C4CCCCC4CCC3C2CC1
C1CCC(CCCCC2CC3CCCCC3C2)CC1
C1CCC(CCCCC2CC3CCCCC3C2)CC1
C1CCC(CC2CCC(CC(CC3CCCCC3)C3CCCCC3)CC2)CC1
C1CCC2CCC3C4CCCC4CC(C4CCC(C5CCC(CCCCC6CCC7C(CCC8C9CCCC9CCC78)C6)CC5)CC4)C3C2CC1
C1CCC(CCC2CCC3C(CC4CCCCC4)CCC3C2)CC1
C1CCC2CCC(C3CCCC4CCCC43)CC2CC1
C(CCC1CCCC2CCCCC12)CC1CC2CCCCC2C1
C1CCC2CC(CCCC3CCC4C3CCC3C5CCCCC5CCC43)CCC2C1
C1CCC(CCCCC2CCC3CCCC3C2)CC1
C1CCC2C(C1)CCCC1C3CCCC3CCC21
C1CCC(C2CCC3CC4C(CCC5C6CCCC(CCCC7CCC8CCCCC8C7)C6CCC45)CC32)CC1
C1CCC2CCC3CCCCC3C2CC1
C1CCC(CCC2CC3CCCCC3C3CCC4CCCCC4C23)C1
C1CCC(CCCCCC2CCC3CCCCC23)CC1
C1CCC(CC(CC2CCCCC2)C2CCCCC2)CC1
C1CCC2C(C1)CCC1C3CCCC3CCC21
C1CCC(CCCCC2CC3CCCCC3C2)CC1
C1CCC2CC(C3CCCC4CCCC43)C3CCCC3C2CC1
C1CCC2CCC(C3CCCC4CCCC43)CC2CC1
C1CCC(CCC2CC3CCCCC3C2C2CCCCC2)CC1
C1CCC2CC(C3CCCC4CCCC43)CCC2C1
C1CCC2CC(C3CCCC4CCCC43)CCC2C1
C1CCC(CC2CCCC2CC2CC3CCCCC3C3CCC4CCCCCC4C23)CC1
C1CCC(CCC2CCC3C(CCCC4C5CCCC5CC(CCC5CCCCC5)C34)C2)CC1
C1CCC(C2CCC3CCCC3C3CCC4CCCCC4C23)CC1
C1CCC(C2CCC3CCCC3C3CCC4CCCCC4C23)CC1
C1CCC(C2CC3CCCC3C3CCC4CCCCC4C23)CC1
C1CCC(CCCCCC2CCCC3CCCC23)CC1
C(CCCC1CCCC2CCCC12)CCC1CCCCC1
C(CCCC1CCCC2C(C3CCCCC3)CCC12)CCC1CCCCC1
C1CCC(C2CCC3CC4C(CCCC45CCCC5)CC32)CC1
C1CCC(CCCCCC2CC3CCCCC3C2)CC1
C1CCC2CCC(C3CCCC4CCCC43)CC2CC1
C1CCC(CC2CCC3C(CCC3C3CCCCC3)C2)CC1
C1CCC2CCC3C4CCC(CCCC5CC6CCCCC6C5)C4CCC3C2CC1
C1CCC2C(C1)CC(C1CCCC3CCCC31)C1CCCCC21
C1CCC(CCC2CCC3C(CC4CCCCC4)CCC3C2)CC1
C1CCC(CCC2CCC3C(CCC3C3CCCCC3)C2)CC1
C1CCC2CC(CC3CCCC4CCCC43)CCC2C1
C1CCC(CCCCC2CC3CCCCC3C2)CC1
C(CCC1CCCC2CCCC12)CC1CC2CCCCC2C1
C1CCC2C(C1)CCC1C3CCCC3CCC21
C1CCC(CCCCCC2CCC3CCCCC23)CC1
C1CCC(CCCC2CCC3C(CCC3C3CCCCC3)C2)CC1
C1CCC2CC3CCC4CCCCC4C3CCC2C1
C1CCC(CCC2(CCCCC3CC4CCCCC4C3)CCC3C4CCC5CCCCC5C4CCC32)C1
C1CCC(CC2CCC3C(CCC3C3CCCCC3)C2)CC1
C1CCC(CCCCCC2CCCC3CCCC23)CC1
C1CCC2CC(CCCC3CCC4C3CCC3C5CCCCC5CCCC43)CCC2C1
C1CCC(C2CC3CCCCC3C3CCCCC23)CC1
C1CCC(CCCCCC2CC3CCCCC3C2)CC1
C(CCCCC1CCC(C2CCCCC2)C1)CCCC1CCC2CCCC2C1
C1CCC(CCC2CCCCC2)CC1
C1CCC(C2CCC3CCC(C4CCCC4)CC32)CC1
C1CCC(CCCCCC2CCC3CCCCC23)CC1
C1CCC(CC2CCCC(C3CCC4CC(CCC5CCC6CCCCC6C5)CCC43)C2)C1
C1CCC(CCCCC2CC3CCCCC3C2)CC1
C1CCC(C2CC3CCCC3C3CCC4CCCCC4C23)CC1
C1CCC(C2CCC3CC4C(CCC45CCCC5)CC32)CC1
C1CCC2CCC3C4CCCC4CCC3C2CC1
C(CCC1CCCC2CCCCC12)CC1CC2CCCCC2C1
C(CCC1CCCC2CCCCC12)CC1CC2CCCCC2C1
C1CCC(CCCCC2CC3CCCCC3C2)CC1
C1CC(C2CCC(C3CCC4CCCC4C4CCC5CCCCC5C34)CC2)C1
C1CCC(C2CCC3CC4C(CCC45CCCCCC5)CC32)CC1
C1CCC(CCCCCC2CC3CCCCC3C2)CC1
C1CCC2CC(CC3CCCC4CCCC43)CCC2C1
C1CCC(CCCCCC2CC3CCCCC3C2)CC1
C(CCCC1CCCCC1)CCC1CCCCC1
C1CCC(CCCCCC2CCCC3C(C4CCCCC4)CCC23)CC1
C1CCC(C2CCC3CC4(CCCCCC4C4CCCCC4)CCC32)CC1
C1CCC2CCC(C3CCCC4CCCC43)CC2CC1
C1CCC(C2CCC3CCCC3C3CCC4CCCCCC4C23)CC1
C1CCC(CCCC2CCC3C(CCC3C3CCCC(CCC4CCCC4)C3)C2)CC1
C1CCC(CCC2CCC3C(CCC3C3CCCCC3)C2)CC1
C1CCC(CCCCC2CCCCC3CCC(C4CCCCC4)CC23)CC1
C(CCC1CCCC2CCCC12)CC1CC2CCCCC2C1
C1CCC(CCCC2CCCC(C3CCC4CC(CCCC5CCC6CCCCC6C5)CCC43)C2)CC1
C1CCC2CCC3C4CCC(CCCC5CC6CCCCC6C5)C4CCC3C2CC1
C(CC1CCC(C2CCCC2)CC1)CC1CCC2CCCC2C1
C1CCC(CCCC2(CCCC3CC4CCCCC4C3)CCC3C4CCC5CCCCC5C4CCC32)C1
C1CCC(C2CCC3CCC4(CCCCCC4)C3C2)CC1
C1CCC(C2CCC3CCCC3C3CCC4CCCCCC4C23)CC1
C(CCCC1CCCC2C(C3CCCCC3)CCC12)CCC1CCCCC1
C1CCC(C2CCC(CCCC3CCC4C3CCC3C5CCCCC5CCC43)C2)CC1
C1CCC2CCC3C4CCC(CCCC5CC6CCCCC6C5)C4CCC3C2CC1
C1CCC(CCC2CCCCC3CC4C(CCC4C4CCCCC4)CC23)CC1
C1CCC(CCCC2CCCC(C3CCC4CC(CCC5CCC6CCCCCC6C5)CCC43)C2)CC1
C1CCC(CCC2CCC3C(CCC3C3CCCCC3)C2)CC1
C1CCC(C2CCC3CC4C(CCC5C6CCC(CCCC7CC8CCCCC8C7)C6CCC45)CC32)CC1
C1CCC(C2CC3CCCC3C3CCC4CCCCCC4C23)CC1
C1CCCC(CCC2CCC(CCC3CCCCC3)CC2)CC1
C1CCC(C2CCC3CCCC3C3CCC4CCCCC4C23)CC1
C1CCC(C2CC3CCCC3C3CCC4CCCCC4C23)CC1
C1CCC2CCC(C3CCCC4CCCC43)CC2CC1
C1CCC2CC(CC3CCCC4CCCC43)CCC2C1
C1CCC2CC(CCCC3CCC4C3CCCC3C5CCCCC5CCC34)CC2C1
C1CCC(CCCCC2CC3CCCCC3C2)CC1
C1CCC(CCCCC2CC3CCCCC3C2)CC1
C1CCC2C(C1)CCC1C3CCCC3CCC21
C1CCC(CCC2CCC3C(CCC3C3CCCCC3)C2)CC1
C1CCC(C2CCC3C(CCCCCC4CCC(C5CCCC5)C4)CCCC23)CC1
C1CCC(C2CC3CCCC3C3CCC4CCCCC4C23)CC1
C1CCC2CCC3C4CCCC4CCC3C2CC1
C1CCC(C2CC3CCCC3C3CCC4CCCCC4C23)CC1
C1CCC(C2CC3CCCC3C3CCCC4CCCCC4C23)CC1
C(CCC1CCCC2CCCC12)CC1CC2CCCCC2C1
C1CCC2C(C1)CCC1CCCCC12
C1CCC(C2CCC3CC4C(CCC45CCCC5)CC32)CC1
C(CCCC1CCCC2C(C3CCCCC3)CCC12)CCC1CCCCC1
C1CCC(C2CC3CCCCC3C3CCCCC23)CC1
C1CCC2CC(C3CCCC4CCCC43)CCC2C1
C1CCC(C2CCC3CC4C(CCCC5C6CCC(CCCC7CC8CCCCC8C7)C6CCC45)CC32)CC1
C1CCC2CC(C3CCCC4CCCC43)CCC2C1
C1CCC(C2CCC3CC4(CCCCC4C4CCCCC4)CCC32)CC1
C1CCC(CCC2CCCC3CC4C(CCC23)CCC4C2CCCCC2)CC1
C1CCC(C2CC3CCCCC3C3CCC4CCCCC4C23)CC1
C1CCC2CC(C3CCCC4CCCC43)CCC2C1
C1CCC(C2CCC3(CCC4CCC5C(CCC5C5CCCCC5)CC43)C2)CC1
C1CCC(CCCCC2CC3CCCCC3C2)CC1
C1CCC(CCCC2CCC3CCC(C4CCCC5CCCC54)CC3C2)CC1
C1CCC(C2CC3CCCC3C3CCC4CCCCC4C23)CC1
C1CCC2CCC3C4CCCC4CCC3C2CC1
C1CCC(C2CCC3CC4C5CCC6C(CCCC7CCC8CCCCC8C7)CCC6C(CCC4CC32)C5)CC1
C1CCC(CCC2CCC3C(CCC3C3CCCCC3)C2)CC1
C1CCC2CCC3C4CCCCC4CC(CC4CCCC4)C3C2CC1
C1CCC2C(C1)CCC1C2CCC2C3CCCC3CCC21
C1CCC2CC(C3CCCC4CCCC43)CCC2C1
C1CCC(C2CC3CCCCC3C3CCC4CCCCC4C23)CC1
C(CCCC1CCCC2CCCC12)CCC1CCCCC1
C1CCC2CCC3C4CCC(CCCC5CC6CCCCC6C5)C4CCC3C2CC1
C1CCC2CC(C3CCCC4CCCC43)CCC2C1
C1CCC(CC2CCC3C(CCC3C3CCCCC3)C2)CC1
C1CCC(CCC2CCCCC3CC4C(CCC4C4CCCCC4)CC23)CC1
C1CCC(CC2CCC3CCCCC3C3CCC4CCCCC4C23)CC1
C1CCC(CCCC2CCC(CCC3CCCC(CC4CCCC4)C3)CC2)CC1
C1CCC2CCC3C4CCCCC4CC(CC4CCCC4)C3C2CC1
C1CCC2CC(C3CCCC4CCCC43)CCC2C1
C1CCC(C2CC3CCCC3C3CCC4CCCCC4C23)CC1
C1CCC(C2CC3CCCC3C3CCC4CCCCC4C23)CC1
C(CCCC1(C2CCCCC2)CCC1)CCC1CCC(C2CCCCC2)C1
C1CCC2CCC(C3CCCC4CCCC43)CC2CC1
C1CCC(C2CCC3CCC4CCCCC4C3CC2)CC1
C1CCC(CC2CCCCC2CC2CC3CCCCC3C3CCC4CCCCCC4C23)CC1
C1CCC(CC2CCC3CC4C(CCC45CCCCC5)CC23)CC1
C1CCC(C2CCC3C(CCC34CCCC4)C3CCCC4CCCCC4C23)CC1
C1CCC(CC(CC2CCCCC2)C2CCCCC2)CC1
C(CCC1CCCC2CCCCC12)CC1CC2CCCCC2C1
C(CCCC1CCCCC1)CCCC1CCC(C2CCCCC2)C1
C1CCC(CCCCC2CCC3CCCCC23)CC1
C1CCC2C(C1)CCC1C2CCC2C3CCCC3CC21
C1CCC(CCCC2CCC3C(CCC3C3CCCCC3)C2)CC1
C(CCC1CCCC2CCCCC12)CC1CC2CCCCC2C1
C1CCC(C2CCC3CCC4CCCCC4C3CC2)CC1
C1CCC2CCC3C4CCC(CCCC5CC6CCCCC6C5)C4CCC3C2CC1
C1CCC(CC2CCC3CCCCC3C3CCC4CCCCC4C23)C1
C1CCC2C(C1)CCCC1C3CCCC3CCC21
C1CCC(CC2CCC3C(CCC34CCCC4)C3CCC4CCCCC4C23)CC1
C1CCC(CCC2CCC3C(CCC4CCCCC43)C2)CC1
C1CCC2C(C1)CCC1CCCCC12
C1CCC(C2CC3CCCC3C3CCC4CCCCC4CC23)CC1
C1CCC(CCCC(CC2CC3CCCCC3C2)C2CC2)CC1
C1CCC(C2CCC3C(CCCCCC4CCC(C5CCCC5)C4)CCCC23)CC1
C1CCC(C2CCC3CC4C(CCC32)CCC2C3CCC(CCCC5CCC6CCCCC6C5)C3CCC42)CC1
C1CCC(CC2CCC3CC4C(CCC45CCCC5)CC23)CC1
C1CCC2C(C1)CCC1C3CCCC3CCC21
C1CCC(CCC2CCC3C(CCC3C3CCCCC3)C2)CC1
C1CCC(C2CC3CCCC3C3CCC4CCCCC4C23)CC1
C1CCC2CC(CCCC3CCCC4C3CCC3C5CCCCC5CCC43)CC2C1
C(CCCC1CCCCC1)CCCC1CCC(C2CCCCC2)C1
C1CCCC(C2CCC3CC4C(CCC5C6CCC(CCCC7CC8CCCCC8C7)C6CCC45)CC32)CC1
C1CCC2CCC3CCCCC3C2CC1
C(CCCC1CCCCC1)CCCC1CCC(C2CCCCC2)C1
C1CCC(C2CCC3CC4C(CCC5C6CCCC(CCCC7CC8CCCCC8C7)C6CCC45)CC32)CC1
C1CCC2C(C1)CC(C1CCCC1)C1CCCC21
C1CCC(CC2CCC(CC(CC3CCCCC3)C3CCCCC3)CC2)CC1
C1CCC2CC(C3CCCC4CCCC43)CCC2C1
C(CCC1CC2CCCCC2C1)CCC1CCCC2CCCC12
C(CCC1(C2CCCC2)CCCC2CCCCC21)CC1CCC2CCCCC2C1
C1CCC(CCCCC2CC3CCCCC3C2)CC1
C1CCC2CCC3C4CCC(CCCC5CCC6CCCCC6C5)C4CCC3C2CC1
C1CCC(CCCCC2CC3CCCCC3C2)CC1
C(CCCC1CCCCC1)CCCC1CCC(C2CCCCC2)C1
C1CCC(CCC2CCC(C3CCC4C(CCC4C4CCCCC4)C3)CC2)CC1
C(CCCC1CCCC2C(C3CCCCC3)CCC12)CCC1CCC(C2CCCC2)C1
C1CCC2C(C1)CC(C1CCCC1)C1CCCC21
C1CCC2C(C1)CCC1C3CCCC3CCCC21
C(CCCC1CCCC2C(C3CCCCC3)CCC12)CCC1CCCCC1
C1CCC2CC(CCCC3CCC4C3CCC3C5CCCCC5CCC43)CC2C1
C1CCC(CCCCC2CCC3CCCCC23)CC1
C1CCC(CCCC(CCC2CCC3CCCC3C2)CC2CCCCC2)CC1
C1CCC2C(C1)CCC1CCCCC12
C1CCC(CCCCC2CC3CCCCC3C2)CC1
C1CCC(CCCC2CCCC3CC4C(CCC4C4CCCCC4)CC23)CC1
C1CCC(CCCCCC2CC3CCCCC3C2)CC1
C1CCC(C2CCC3CCCC3C3CCC4CCCCC4C23)CC1
C1CCC(CCCCCC2CCCC3C(C4CCCCC4)CCC23)CC1
C1CCC2C(C1)CCC1C3CCCC3CCC21
C1CCC(CCCC2(CCC3CCCC3)CCC3C4CCCC5CCCCC5C4CCC32)CC1
C1CCC(C2CCC3CC4C(CCC5C6CCC(CCCCC7CCC8CCCCC8C7)C6CCC45)CC32)CC1
C1CCC2C(C1)CCC1C3CCCC3CCC21
C1CCC(C2CC3CCCC3C3CCC4CCCCC4C23)CC1
C1CCC(CCC(CC2CC2)CC2CC3CCCCC3C2)CC1
C(CCCC1CCCC2CCCCC12)CCC1CCC(C2CCCCC2)C1
C1CCC(CCC2CCC3C(CCC4C5CCCC5CC(CCC5CCCCC5)C34)C2)CC1
C1CCC2CCC(C3CCCC4CCCC43)CC2CC1
C1CCC(CC2CC3CCCCC3C3CCC4CCCCC4C23)CC1
C1CCC(C2CCC3CCC4C(CCC45CCCC5)CC32)CC1
C1CCC2C(C1)CCC1C3CCCC3CCCC21
C1CCC2CC(C3CCCC4CCCC43)CCC2C1
C1CCC(CCCC2CCC3C(CCC3C3CCCCC3)C2)CC1
C1CCC(CCCCCC2CCCC3C2CCC3C2CCCC(CCC3CCCC3)C2)CC1
C1CCC(CCCC(CCC2CCCCC2)CCC2CCC3CCCC3C2)CC1
C1CCC2C(C1)CCC(C1CCCC1)C1CCCCC21
C1CCC(C2CCC(CCCC3CCC4C3CCC3C5CCCCC5CCC43)C2)CC1
C1CCC(C2CCC3CC4C(CCC32)CCC2C3CCC(CCCC5CCC6CCCCC6C5)C3CCC42)CC1
C1CCC(C2CCC3CC4(CCCCC4C4CCCCC4)CCCC32)CC1
C1CCC(CC2CCCCC2CC2CC3CCCCC3C3CCC4CCCCC4C23)CC1
C1CCC(CC2CCC3C(CCC3C3CCCCC3)C2)CC1
C1CCC(CCCCCC2CCCC3C(C4CCCCC4)CCC23)CC1
C1CCC(CCCCCC2CCCC3C(C4CCCCC4)CCC23)CC1
C(CCC1CCCC2CCCCC12)CC1CC2CCCCC2C1
C1CCC(C2CC3CCCC3C3CCC4CCCCC4C23)CC1
C1CCC(C2CCCC3C(CCC4CCCCC43)C2)C1
C1CCC(C2CCC3CC4C(CCC45CCCCC5)CC32)CC1
C1CCC(CCCC2CCC(C3CCC4C(CCC4C4CCCCC4)C3)CC2)CC1
C(CCC1CCCCC2CCCCC12)CC1CCC2CCCCC2C1
C1CCC(CC2CC3CCCCC3C2C2CCCCC2)CC1
C1CCC(CCCCCC2CC3CCCCC3C2)CC1
C1CCC(CCCC2CCC3C2CCC2C4CCCCC4CCC32)C1
C1CCC(CCC2CCC3C2CCC(C2CCCCC2)C2C4CCCCC4CCC32)CC1
C1CCC(CCCCCC2CC3CCCCC3C2)CC1
C1CCC(CCCCC2CC3CCCCC3C2)CC1
C1CCC(CCCCCC2CCC3CCCCC23)CC1
C1CCC(C2CC3CCCC3C3CCC4CCCCC4C23)CC1
C1CCC(C2CCC3(CCCC4CC5C(CCC5C5CCCCC5)CC43)C2)CC1
C1CCC(C2CCC3CC4C(CCCC45CC(C4CCCCC4)C(C4CCCCC4)C5)CC32)CC1
C1CCC(CCCC2CC3CCCCC3C2C2CCCCC2)CC1
C1CCC(CCC2CCC3C(CCC3C3CCCCC3)C2)CC1
C(CCC1CCC2CCCCC2C1)CCC1CCCC2CCCCC12
C1CCC(C2CC3CCCC3C3CCC4CCCCC4C23)CC1
C1CCC(CCCC2CCC3C2CCC2C4CC5CCC(C6CCCCC6)C5CCC4CCC32)CC1
C1CCC(CC2CC3CCCCC3C3CCC4CCCCCC4C23)CC1
C(CCCC1CCCC2C(C3CCCCC3)CCC12)CCC1CC1
C1CCC(C2CCCCC2CC2CC3CCCCC3C3CCC4CCCCCC4C23)CC1
C1CCC(CC2CCCCC2CC2CC3CCCCC3C3CCC4CCCCC4C23)CC1
C1CCC(CCCCCC2CCC3CCCCC23)CC1
C1CCC(CCCCCC2CCCC3C(C4CCCCC4)CCC23)CC1
C1CCC2C(C1)CCC1C2CCC2C3CCCC3CCC21
C(CCCCC1CCC2C(CCC3C4CCCC4CCC23)C1)CCCC1CCCC(CC(CC2CCC(CCC3CCCCC3)CC2)C2CCCCC2)C1
C1CCC(C2CCCC(CC3CC4CCCCC4C4CCC5CCCCC5C34)C2)C1
C1CCC(CCC2CCC3C(CCC3C3CCCCC3)C2)CC1
C1CCC(CCCCCC2CCCC3C(CC4CCCC(CC5CCCC5)C4)CCC23)CC1
C1CCC(C2CCC3CC4(CCCCC4C4CCCCC4)CCCC32)CC1
C1CCC2CCC3C4CCC(CCCC5CC6CCCCC6C5)C4CCC3C2CC1
C1CCC2CCC(C3CCCC4CCCC43)CC2CC1
C1CCC2C(C1)CCCC2CC1CC2CCCCC2C2CCC3CCCCC3C12
C1CCC(CCC2CCCCC3CC4C(CCC4C4CCCCC4)CC23)CC1
C(CCCC1CCCC2C(C3CCCCC3)CCC12)CCC1CCCCC1
C1CCC2CC(C3CCCC4CCCC43)CCC2C1
C1CCC2CC(C3CCCC4CCCC43)CCC2C1
C1CCC(C2CCC3CCC(C4CCCC4)C3C2)C1
C1CCC2CC(C3CCCC4CCCC43)CCC2C1
C1CCC2CCC3C4CCCC4CCC3C2CC1
C1CCC(CCC2CCC3C(CCC3C3CCCCC3)C2)CC1
C1CCC(CC2CCCCC2CC2CC3CCCCC3C3CCC4CCCCCC4C23)CC1
C1CCC2CC(C3CCCC4CCCC43)CCC2C1
C1CCC(C2CC3CCCC3C3CCC4CCCCCC4C23)CC1
C1CCC(C2CC3CCCC3C3CCC4CCCCC4C23)CC1
C1CCC2CCC(C3CCCC4CCCC43)CC2CC1
C1CCC(CC2CC3CCCCC3C3CCC4CCCCCC4C23)CC1
C1CCC(CCCCCC2CCC3CCCCC23)CC1
C1CCC(CCC2CCC3C(CCC4C5CCCC5CCC34)C2)CC1
C1CCC(CC2CC3CCCCC3CC3CCC4CCCCC4C32)C1
C1CCC(CCCC2CCCC3CCC(C4CCCC5CCCC54)CC3C2)CC1
C(CCC1CCCC2CCCCC12)CCC1CCCC2CCCCC12
C1CCC(CC2CC3CCCCC3C3CCC4CCCCC4C23)C1
C1CCC(CCCCC2CC3CCCCC3C2)CC1
C1CCC(CCCCC2CCC3CCC(C4CCCC5CCCC54)CC3C2)CC1
C1CCC(CCC2CCC3C(CCC3C3CCCCC3)C2)CC1
C1CCC(CCCC2CCC3CCC(C4CCCC5CCCC54)CC3C2)CC1
C1CCC(C2CCC3CCCC3C3CCC4CCCCC4C23)CC1
C1CCC(CC(CC2CCCCC2)C2CCCCC2)CC1
C(CCCC1CCC2CCCC2C1)CCC1CCCCC1
C1CCC(CCC2CCC3C(CCC4C5CCCC5CCC(CCC5CCCCC5)C34)C2)CC1
C(CCC1CCCC2CCCC12)CC1CC2CCCCC2C1
C1CCC2CCC3C4CCCC4CCC3C2CC1
C(CCCC1CCCCC1)CCC1CCCCC1
C1CCC2CC(C3CCCC4CCCC43)CCC2C1
C1CCC(CCCCC2CC3CCCCC3C2)CC1
C1CCC2CC(CCCC3CCC4C3CCC3C5CCCCC5CCCC43)CC2C1
C1CCC(CCC2CCC(C3CCC4C(CCC4C4CCCCC4)C3)CC2)CC1
C1CCC2C(C1)CCCC2CCCC1CCCC2CCCCC21
C1CCC(CCC2CCC3C(CCC3C3CCCCC3)C2)CC1
C1CCC(CC2CC3CCCCC3C3CCC4CCCCCC4C23)CC1
C1CCC(C2CC3CCCC3CC3CCC4CCCCC4C32)CC1
C1CCC2CCC3C4CCC(CCCC5CC6CCCCC6C5)C4CCC3C2CC1
C1CCC(CCC2CCC3C(CCC4C5CCCC5CC(CCC5CCCCC5)C34)C2)CC1
C1CCC(C2CC3CCCC3C3CCCC4CCCCC4C23)CC1
C1CCC(CCC2CCC3C(CCC3C3CCCCC3)C2)CC1
C1CCC(CCCC2CCC3CCC(C4CCCC5CCCC54)CC3C2)CC1
C1CCC(CCCCCC2CC3CCCCC3C2)CC1
C1CCC2CC(C3CCCC4CCCC43)CCC2C1
C1CCC(CCCCC2CCC3CCCCC23)CC1
C1CCC(C2CCC(CCCCCC3CCCC4C(C5CCCCC5)CCC34)C2)CC1
C(CCCC1CCCC2C(C3CCCCC3)CCC12)CCC1CCCCC1
C1CCC(CCC(CCC2CCCCC2)CCC2CCC3CCCCC3C2)CC1
C1CCC(CC2CC3CCCCC3CC3CCC4CCCCC4C32)C1
C1CCC2CC(C3CCCC4CCCC43)CCC2C1
C1CCC(C2CCC(CCCCCC3CCCC4CCCCC34)C2)CC1
C(CCCC1CCCCC1)CCCC1CCC(C2CCCCC2)C1
C1CCC2CC(CCCC3CCC4C3CCC3C5CCCCC5CCC43)CC2C1
C1CCC(CCCCCC2CCCCC2)CC1
C1CCC(C2CCC3CCCC3C3CCC4CCCCCC4C23)CC1
C1CCC2CCC3C4CCCC4CC(C4CCC(CCCCC5CCC6C(CCC7C8CCCC8CCC67)C5)CC4)C3C2CC1
C1CCC(C2CC3CCCC3C3CCC4CCCCC4C23)CC1
C1CCC2CCC3C4CCCC4CCC3C2CC1
C1CCC(CCCCCC2CCCC3C(C4CCCCC4)CCC23)CC1
C1CCC(CCC2CCC3C(CCC4CCCCC43)C2)CC1
C1CCC(CCCCC2CC3CCCCC3C2)CC1
C1CCC2CC(CCCC3CCC4C3CCC3C5CCCCC5CCC43)CC2C1
C1CCC2CC(CCCC3CCC4C3CCC3C5CCCCC5CCC43)CC2C1
C1CCC(CCC2CCC3C(CC4CCCCC4)CCC3C2)CC1
C1CCC(CCC2CCC(C3CCC4C(CCC4C4CCCCC4)C3)CC2)CC1
C1CCC(CCC2CCC3C(CC4CCCCC4)CCC3C2)CC1
C1CCC(CCCCCC2CCC3C2CCC2C4CCCCC4CCC32)CC1
C1CCC(CCCCCC2CCC3CCCCC23)CC1
C1CCC2C(C1)CCC1C3CCCC3CCC21
C1CCC(CCCCC2CCC3C2CCC2C4CCCCC4CCC32)CC1
C1CCC(CCCCC2CC3CCCCC3C2)CC1
C1CCCC(CC2CCCCC2CC2CC3CCCCC3C3CCC4CCCCC4C23)CC1
C1CCC(CCC2CCC3C(CCC3C3CCCC(CCC4CCCC4)C3)C2)CC1
C(CCCC1CCCCC1)CCC1CCCCC1
C1CCC(CCCCCC2CC3CCCCC3C2)CC1
C(CCCC1CCCCC1)CCCC1CCC(C2CCCCC2)C1
C1CCC(C2CCC3CC4C(CCC45CCCCC5)CC32)CC1
C1CCC2CCC(C3CCCC4CCCC43)CC2CC1
C1CCC2C(C1)CCC1C3CCCCC3CCC21
C1CCC2C(C1)CCC1C3CCCC3CCC21
C1CCC(C2CC3CCCCC3C3CCC4CCCCC4C23)CC1
C1CCC(CCC2CC3CCCCC3C3CCC4CCCCC4C23)CC1
C1CCC(CC2CC3CCCCC3C3CCC4CCCCC4C23)C1
C1CCC(CC2CCCC(C3CCC4CC(CCC5CCC6CCCCC6C5)CCC43)C2)C1
C1CCC(C2CCC3C(CCC4CCCCC43)C2)CC1
C1CCC(CCCC23CCCC2CC2C4CCC5CCCCC5C4CCC23)C1
C(CCC1CCCC2CCCC12)CC1CC2CCCCC2C1
C(CCC1CCC2C(CCC3C4CCCC4CCCC23)C1)CC1CCC(C2CC3CCCC3C3CCC4CCCCC4C23)CC1
C1CCC(CCC2CCC3C(CCC3C3CCCCC3)C2)CC1
C1CCC(CCC2CCC(C3CCC4C(CCC4C4CCCCC4)C3)CC2)CC1
C1CCC(CC2CCC3CCCC3C3CCC4CCCCC4C23)CC1
C1CCC(CCCCC2(CCC3CCCC3)CCC3C4CCC5CCCCC5C4CCC32)C1
C1CCC(CCCCCC2CC3CCCCC3C2)CC1
C1CCC(CCC2CCC3C(CCC3C3CCCCC3)C2)CC1
C(CCCC1CCCC2C(C3CCCCC3)CCC12)CCC1CCCCC1
C1CCC2CCC(C3CCCC4CCCC43)CC2CC1
C1CCC(CC2CCC3CCCCC3C3CCC4CCCCC4C23)C1
C1CCC(CCCC2CCC3CCC(C4CCCC5CCCC54)CC3C2)CC1
C1CCC(CC2CCC(CC(CC3CCCCC3)C3CCCCC3)CC2)CC1
C1CCC(CCCCC2CCC3CCCCC23)CC1
C1CCC2CC(CC3CCCC4CCCC43)CCC2C1
C1CCC2CCC3C4CCCC4CCC3C2CC1
C1CCC(CCCCCC2CCCC3C(C4CCCCC4)CCC23)CC1
C1CCC2CC(CCCC3CCC4C3CCC3C5CCCCC5CCC43)CC2C1
C1CCC2CC(CC3CCCC4CCCC43)CCC2C1
C1CCC(C2CC3C(CCC34CCCC4)C3CCC4CCCCC4C23)CC1
C1CCC2CC(C3CCCC4CCCC43)CCC2C1
C1CCC(CCCC2CCC3CCC(C4CCCC5CCCC54)CC3CC2)CC1
C1CCC(C2CCC3CC4C(CCC45CCCC5)CC32)CC1
C1CCC(C2CCC3CCCC3C3CCC4CCCCC4C23)CC1
C1CCC(CC2CC3CCCCC3C3CCC4CCCCC4C23)CC1
C1CCC(C2CCC3CC4C(CCC32)CCC2C3CCC(CCCC5CCC6CCCCC6C5)C3CCC42)CC1
C(CCCC1CCCCC1)CCCC1CCC(C2CCCCC2)C1
C1CCC(CCCCC2CC3CCCCC3C2)CC1
C1CCC(CCC2CCC3C(CCC3C3CCCCC3)C2)CC1
C1CCC2CCC(C3CCCC4CCCC43)CC2CC1
C1CCC2C(C1)CC(C1CCCC3CCCCC31)C1CCCC21
C1CCC(CCCCC2CC3CCCCC3C2)CC1
C1CCC(CCCCC2CC3CCCCC3C2)CC1
C1CCC(C2CCC3CC4C(CCC45CCCCC5)CC32)CC1
C1CCC(CCCCC2CC3CCCCC3C2)CC1
C1CCC(CCCCC2CC3CCCCC3C2)CC1
C1CCC(CCC2CCC3C(CCC3C3CCCC(CC4CCCC4)C3)C2)CC1
C1CCC2CC(C3CCCC4CCCC43)CCC2C1
C1CCC(CCCC2CCCC(C3CCC4CC(CCC5CCC6CCCCC6C5)CCC43)C2)CC1
C(CCC1CCCC2CCCCC12)CC1CCC2CCCCC2C1
C1CCC2C(C1)CCC1C3CCCC3CCC21
C1CCC2CC(CC3CCCC4CCCC43)CCC2C1
C1CCC2CC3CCCCC3CCC2C1
C1CCC(CCCCC2CCCC3C2CCC2C4CCCCC4CCC32)CC1
C1CCC2CCC3C4CCCCC4CC(CC4CCCC4)C3C2CC1
C1CCC(CCCCC2CC3CCCCC3C2)CC1
C1CCC(CCCCC2CC3CCCCC3C2)CC1
C(CCCC1CCCC2CCCCC12)CCC1CCC(C2CCCCC2)C1
C1CCC(C2CC3CCCC3C3CCC4CCCCC4C23)CC1
C1CCC(CCCCCC2CCCC3C(C4CCCCC4)CCC23)CC1
C1CCC(CCCC2CCC3C(CCC3C3CCCCC3)C2)CC1
C1CCC2CCC3C4CCCCC4CCC3C2CC1
C1CCC(CC2CC3CCCCC3CC3CCC4CCCCC4C32)CC1
C(CCCC1CCCC2C(C3CCCCC3)CCC12)CCC1CCCCC1
C1CCC(C2CCCC3CCCC3C3CCC4CCCCC4C23)CC1
C1CCC(C2CCC3CC4C(CCC5C6CCC(CCCC7CC8CCCCC8C7)C6CCC45)CC32)CC1
C1CCC(CC2CCCC(CCC3CC4CCCCC4C4CCC5CCCCC5C34)C2)CC1
C1CCC(CCCCCC2CCCC3C(C4CCCCC4)CCC23)CC1
C1CCC(C2CCC3C(CCCCCC4CCC(C5CCCC5)C4)CCCC23)CC1
C1CCC2CC(C3CCCC4CCCC43)CCC2C1
C(CCCC1CCCCC1)CCCC1CCC(C2CCCCC2)C1
C1CCC2CC(C3CCCC4CCCC43)CCC2C1
C1CCC(C2CC3C(CCC34CCCCC4)C3CCC4CCCCC4C23)CC1
C1CCC(CC2CC3CCCCC3C3CCC4CCCCC4C23)C1
C1CCC(CCC2CCC3C(CCC3C3CCCCC3)C2)CC1
C1CCC(CCCCC2C3CCCCC3CCC2C2CCCC3CCCC32)CC1
C1CCC(C2CCC3CC4C(CCC5C6CCC(CCCCC7CC8CCCCC8C7)C6CCC45)CC32)CC1
C1CCC(C2CCC3CC4C(CCC5C6CCC(CCCC7CCC8CCCCC8C7)C6CCC45)CC32)CC1
C1CCC(CCCCCC2CCCC3C(C4CCCCC4)CCC23)CC1
C1CCC(CCC2CCC3C(CCC3C3CCCCC3)C2)CC1
C1CCC(CCCC2CCC3C(CCC3C3CCCC(CC4CCCC4)C3)C2)CC1
C1CCC2CCC3C4CCCC4CCC3C2CC1
C(CCCCC1CCC(C2CCCCC2)C1)CCCC1CCCCC1
C1CCC(CC2CCCC(CCC3CCC(CCC4CCC(C5CC5)CC4)CC3)C2)C1
C1CCC2CCC(C3CCCC4CCCC43)CC2CC1
C(CCC1CCC2CCCCC2C1)CCC1CCCC2CCCC12
C1CCC(C2CC3CCCC3C3CCC4CCCCC4C23)CC1
C1CCC2C(C1)CCCC1CCCCC12
C1CCC(CCC2CCC3C(CCC3C3CCCCC3)C2)CC1
C1CCC(C2CCC3(CCC4CCC5C(CCC5C5CCCCC5)CC43)C2)CC1
C1CCC2C(C1)CC(C1CCCC1)C1CCCCC21
C1CCC(CCC2CCCCC2)CC1
C1CCC2C(C1)CCC1CCCCC12
C1CCC2CCC3C(CCC4C5CCCC5CC43)C2CC1
C1CCC2CCC(C3CCCC4CCCC43)CC2CC1
C1CCC2C(C1)CCC1C3CCCC3CCC21
C1CCC(C2CCC3CCC4CCCCC4CC32)CC1
C1CCC(CCC2CCC(CCC3CCCC(CC4CCCC4)C3)CC2)CC1
C1CCCC(CCCC2CCC3CCC(C4CCCC5CCCC54)CC3C2)CC1
C(CCCC1CCCC2C1CCC2C1CCC(CC2CC2)CC1)CCC1CCCCC1
C1CCC(CCCCCC2CC3CCCCC3C2)CC1
C1CCC(CCCC2CCC3CCC(C4CCCC5CCCC54)CC3C2)CC1
C1CCC(CCC(CC2CCCCC2)C2CCCCC2)CC1
C1CCC(C2CC3CCCCC3C3CCCCC23)CC1
C1CCC2CCCCC2C(CCCCC2CCCC3CCCCC23)C1
C(CCCC1CCCCC1)CCCC1CCC(C2CCCCC2)C1
C1CCC(C2CC3CCCC3C3CCC4CCCCCC4C23)CC1
C1CCC(C2CC3CCCC3C3CCC4CCCCC4C23)CC1
C1CCC(C2CCC3CC4C(CCC45CCCCC5)CC32)CC1
C(CCC1CCCC2CCCCC12)CC1CCCC2CCCCC12
C(CCC1CCCC1)CCC1CCCC2CCCCC12
C(CCC1CCCC2CCCCC12)CCC1CCCC2CCCCC12
C(CCCCC1CCC2C(CCC3C4CCCCC4CCC23)C1)CCCC1CCCC(CC(CC2CCC(CC3CCCCC3)CC2)C2CCCCC2)C1
C1CCC2CCC(C3CCCC4CCCC43)CC2CC1
C1CCC2CCC3CCCCC3C2CC1
C1CCC(C2CCC3C(CCCCCC4CCC(CC5CCCC5)C4)CCCC23)CC1
C1CCC(CCC(CCC2CCC3CCCC3C2)CC2CCCCC2)CC1
C1CCC2C(C1)CCC1C3CCCC3CCCC21
C1CCC2CCC3C4CCC(CCCC5CCCC5)C4CCC3C2CC1
C1CCC2CC(C3CCCC4CCCC43)CCC2C1
C1CCC(C2CC3CCCC3C3CCC4CCCCC4C23)CC1
C1CCC(CCCC2CCC3CCC(C4CCCC5CCCC54)CC3C2)CC1
C(CCCC1CCCC2C(C3CCCCC3)CCC12)CCC1CCCCC1
C1CCC(CCC2CCC(C3CCC4C(CCC4C4CCCCC4)C3)CC2)CC1
C1CCC2C(C1)CC(C1CCCC1)C1CCCCC21
C(CCCC1CCCCC1)CCCC1CCC(C2CCCCC2)C1
C1CCC(C2CCC3C(CCCCCC4CC4)CCCC23)CC1
C(CCCCC1CCC(C2CCCCC2)C1)CCCC1CCCCC1
C(CCC1CCCC2CCCCC12)CC1CCC2CCCCC2C1
C1CCC(C2CCC3(CCC4CCC5C(CCC5C5CCCCC5)CC43)C2)CC1
C1CCC(C2CC3C4CCCCC4CCC3C3CCC4(CCCC4)C3C2)CC1
C1CCCC(CC2CCCCC2CC2CC3CCCCC3C3CCC4CCCCC4C23)CC1
C1CCC(C2CC3CCCC3C3CCC4CCCCCC4C23)CC1
C1CCC2CC(CCCC3CCC4C3CCC3C5CCCCC5CCC43)CC2C1
C1CCC(CCCCC2CCC3CCCCC23)CC1
C(CCCCC1CCC(C2CCCCC2)C1)CCCC1CCCCC1
C1CCC(CCCCCC2CCC3CCCCC23)CC1
C1CCC2CCC(C3CCCC4CCCC43)CC2CC1
C1CCC(CCC2CCCC3CC4C(CC5CCCCC5)CCC4CC23)CC1
C1CCC(CCC2CCC3C(CCC3C3CCCCC3)C2)CC1
C1CCC(CC2CCC3C(CCC3C3CCCCC3)C2)CC1
C1CCC(C2CCC3CC4CCCCC4CC32)CC1
C1CCC(CC2CCC3C(CC4CCCCC4)CCC3C2)CC1
C1CCC(CCC(CCCC2CCC3CCCC3C2)CC2CCCCC2)CC1
C1CCC(CCCCCC2CCCC3C(C4CCCCC4)CCC23)CC1
C1CCC2CC(CC3CCC4CCCCC43)CCC2C1
C1CCC(C2CCC3CC4C(CCC5C6CCC(CCCCC7CCC8CCCCC8C7)C6CCC45)CC32)CC1
C1CCC(C2CC3CCCCC3C3CCC4CCCCC4C23)CC1
C1CCC(C2CCC3CC4C(CCC45CCCCCC5)CC32)CC1
C1CCC(CCCCCC2CC3CCCCC3C2)CC1
C1CCC(C2CC3CCCC3C3CCC4CCCCCC4C23)CC1
C1CCC2CC(C3CCCC4CCCC43)CCC2C1
C1CCC(CCCC2CCCC3CC4C(CCC4C4CCCCC4)CC23)CC1
C1CCC(CCC2CCCCC3CC4C(CCC4C4CCCCC4)CC23)CC1
C1CCC(C2CCC3CC4C(CCC5C6CCC(CCCC7CCC8CCCCC8C7)C6CCC45)CC32)CC1
C1CCC2CC(CC3CCCC4CCCC43)CCC2C1
C1CCC(C2CC3CCCCC3C3CCCCC23)CC1
C1CCC(CC2CCC3CCCCC3C3CCC4CCCCC4C23)C1
C1CCC2C(C1)CCC1C3CCCC3CCCC21
C(CCCC1CCCCC1)CCCC1CCC(C2CCCCC2)C1
C1CCC(C2CCC3(CCC4CC5C(CCC5C5CCCCC5)CC43)C2)CC1
C1CCC(CCCCCC2CCC3CCCCC23)CC1
C1CCC(CC2CC3CCCCC3C3CCC4CCCCCC4C23)CC1
C1CCC(CCC2CCC3C(CCC3C3CCCCC3)C2)CC1
C1CCC(C2CCC3CC4C(CCC45CCCCCC5)CC32)CC1
C1CCC2CC(C3CCCC4CCCC43)CCC2C1
C1CCC(C2CCC3CC4C(CCC5C6CCCC(CCCC7CCCC8CCCCC87)C6CCC45)CC32)CC1
C(CCC1CCC2C(CCC3C4CCCC4CCC23)C1)CC1CCC(C2CCC(C3CC4CCCC4C4CCC5CCCCC5C34)CC2)CC1
C1CCC(CCCCC2CC3CCCCC3C2)CC1
C1CCC(C2CCC3C(CCCCCC4CCC(C5CCCC5)C4)CCCC23)CC1
C1CCC2CCC(C3CCCC4CCCC43)CC2CC1
C1CCC2CC(C3CCC4CCCCC43)CCC2C1
C1CCC(CCC2CCC3C(CCC4C5CCCC5CCC34)C2)CC1
C1CCC2CC(CC3CCCC4CCCC43)CCC2C1
C1CCC(C2CCC3C(CCCC4CCCCC43)C2)CC1
C1CCC(CC2CC3CCCCC3C3CCC4CCCCC4C3C2)C1
C(CCC1CC2CCCCC2C1)CCC1CCCC2CCCC12
C1CCC2CC(C3CCCC4CCCCC43)C3CCCC3C2CC1
C1CCC2CC(CCCC3CCCC4CCCCC43)CC2C1
C1CCC(CCCCCC2CCCC3C(CC4CCCCC4)CCC23)CC1
C1CCC(C2CCC3CCC4C(CCC45CCCC5)CC32)CC1
C1CCC(CC2CCC3C(CCC3C3CCCCC3)C2)CC1
C1CCC(CCCCCC2CCC3CCCCC23)CC1
C1CCC(CCCCC2CC3CCCCC3C2)CC1
C1CCC2CC(CCCC3CCCCC4CCCCC43)CC2C1
C1CCC(CCCCC2CC3CCCCC3C2)CC1
C1CCC(CC2CC3CCCCC3C3CCC4CCCCC4C3C2)CC1
C1CCC(C2CC3CCCC3C3CCC4CCCCC4C23)CC1
C1CCC(CCC2CCC3C(CCC3C3CCCCC3)C2)CC1
C(CCCC1CCCC2C(C3CCCCC3)CCC12)CCC1CC1
C1CCC(CCC2CCC3C(CCC4C5CCCC5CCC(CCC5CCCCC5)C34)C2)CC1
C1CCC2C(C1)CC(C1CCCC3CCCC31)C1CCCCC21
C1CCC2CC(CC3CCCC4CCCC43)CCC2C1
C1CC2CCC3C(CCC4CCCCC43)CC2C1
C1CCC(CCCC2CCC3C(CCC3C3CCCCC3)C2)CC1
C1CCC(C2CC3CCCC3C3CCC4CCCCC4C23)CC1
C1CCC(C2CCC3CCC(C4CCCC4)C3C2)C1
C1CCC(C2CCC3CCC4CCCCC4C3CC2)CC1
C1CCC(CCCCCC2CC3CCCCC3C2)CC1
C(CCC1CCC2C(CCC3C4CCCC4CCC23)C1)CC1CCC(C2CC3CCCC3C3CCC4CCCCC4C23)CC1
C1CCC(C2CC3CCCC3C3CCC4CCCCCC4C23)CC1
C1CCC(CCCC2CCC3CCC(C4CCCC5CCCC54)CC3C2)CC1
C1CCC(CC2CCCC(CC3CC4CCCCC4C4CCC5CCCCC5C34)C2)C1
C1CCC(C2CCC3C(CCC4CCCCC43)C2)CC1
C1CCC(CCCCC2CC3CCCCC3C2)CC1
C1CCC(CCCCC2CC3CCCCC3C2)CC1
C1CCC2CCC3C(CCC4C5CCCC5CC43)C2CC1
C(CCC1CCCC2CCCC12)CC1CC2CCCCC2C1
C1CCC(CCCC2CCC(C3CC3)CC2)CC1
C(CCCC1CCC2CCCC2C1)CCCC1CCC(C2CCCCC2)C1
C1CCC2C(C1)CCC1C3CCCC3CCCC21
C1CCC2C(C1)CCCC2CCCC1CCCC2CCCCC21
C1CCC(CCCCCC2CC3CCCCC3C2)CC1
C1CCC(CCC2CCC3C2CCC(C2CCCCC2)C2CC4CCCCC4CCC32)CC1
C1CCC(CCCCC2CCC3CCCCC23)CC1
C1CCC(CCC2CCC3C(CCC3C3CCCCC3)C2)CC1
C(CCCC1CCCC2C(C3CCCCC3)CCC12)CCC1CCCCC1
C1CCC2C(C1)CC(C1CCCC3CCCC31)C1CCCCC21
C1CCC(CC2CCC(CC(CC3CCCCC3)C3CCCCC3)CC2)CC1
C1CCC(CCCC2CCC3C2CCC(C2CCCCC2)C2C4CCCCC4CCC32)CC1
C1CCC(C2CCC3CC4C(CCC5C6CCCC(CCCC7CC8CCCCC8C7)C6CCC45)CC32)CC1
C1CCC(CCCCC2CCCC3CCC(C4CCCC5CCCC54)CC3C2)CC1
C1CCC(C2CC3CCCC3C3CCC4CCCCCC4C23)CC1
C1CCC(C2CCC3CC4C(CCC5C6CCC(CCCC7CCC8CCCCC8C7)C6CCCC45)CC32)CC1
C1CCC(C2CC3CCCC3C3CCC4CCCCC4C23)CC1
C1CCC2C(C1)CCCC1CCCCC12
C(CCC1CCC2C(CCC3C4CCCC4CCC23)C1)CC1CCC(C2CC3CCCCC3C3CCC4CCCCC4C23)CC1
C1CCC2C(C1)CCC1C3CCCC3CCC21
C(CCCC1CCCCC1)CCCC1CCC(C2CCCCC2)C1
C1CCC(CCCCCC2CCCC3C(C4CCCCC4)CCC23)CC1
C1CCC(CC2CCC3CCCCC3C3CCC4CCCCC4C23)C1
C1CCC(CCCCC2CCC3CCCCC23)CC1
C1CCC(CC2CCCCC2CC2CC3CCCCC3C3CCC4CCCCCC4C23)CC1
C1CCC(CCCCC2CCC3CCCCC23)CC1
C1CCC(CCC2CCC(CCC3CCCC(CC4CCCCC4)C3)CC2)CC1
C1CCC(CCC2(CCCC3CC4CCCCC4C3)CCCC3C4CCC5CCCCC5C4CCC32)C1
C1CCC(CCCCCC2CCCC3C(C4CCCCC4)CCC23)CC1
C(CCCC1CCCC2C(C3CCCCC3)CCC12)CCC1CCCCC1
C1CCC(CCCCCC2CCC3CCCCC23)CC1
C1CCC(CCCCCC2CC3CCCCC3C2)CC1
C1CCC2CCC3C4CCCC4CCC3C2CC1
C1CCC(CCCCC2CC3CCCCC3C2)CC1
C1CCC(C2CCCC3C(CCC4CCCCC43)C2)CC1
C(CCC1CCC2CCC(C3CCCC4CCCC43)CC2C1)CC1CCC2CCCC2C1
C1CCC(CCCCC2CC3CCCCC3C2)CC1
C1CCC(CC2CCC3C(CCC3C3CCCCC3)C2)CC1
C1CCC(C2CCC3CC4C(CCCC45CCCC5)CC32)CC1
C(CCCC1CCCCC1)CCCC1CCC(C2CCCCC2)C1
C1CCC2CCC(C3CCCC4CCCC43)CC2CC1
C1CCC(CCC2CCC3C(CCC3C3CCCCC3)C2)CC1
C1CCC(C2CCC3CCC4C(CC5CCC6CCCCC65)CCCC4CC32)CC1
C1CCC(CCC2CCCC3C2CCC(C2CCCCC2)C2C4CCCCC4CCC32)CC1
C1CCC(CCCCCC2CC3CCCCC3C2)CC1
C1CCC2CC(C3CCCC4CCCC43)CCC2C1
C1CCC(CCCC2CCC3CCC(C4CCCC5CCCC54)CC3C2)CC1
C1CCC(CCCCCC2CCC3CCCC3C2)CC1
C(CCCC1CCCC2CCCCC12)CCC1CCC(C2CCCCC2)C1
C1CCC(CCCCCC2CC3CCCCC3C2)CC1
C1CCC(CCCCCC2CCC3CCCC3C2)CC1
C1CCC(CC2CCC3CC4C(CCC45CCCCC5)CC23)CC1
C1CCC(CC2CC3CCCCC3C3CCC4CCCCC4C23)CC1
C1CCC2CCC3C(CCC4C3CCC4(CCCC3CCCC3)CCC3CCCC3)C2CC1
C1CCC(CCC2CCC3C(CCC3C3CCCC(CCC4CCCC4)C3)C2)CC1
C1CCC(CCC2CCC3C(CCC4C5CCCC5CCC34)C2)CC1
C1CCC(C2CCC3CC4C(CCCC5C6CCCC6CCC45)CC32)CC1
C1CCC(CCCCC2C3CCCCCC3CCC2C2CCCC3CCCC32)CC1
C(CCC1CCCC2CCCCC12)CC1CCC2CCCCC2C1
C(CCC1CCC2CCCCC2C1)CCC1CCCC2CCCCC12
C1CCC(CCC2CCC3C(CCC3C3CCCCC3)C2)CC1
C1CCC(C2CCC3CC4C(CCC5C6CCC(CCCCC7CCC8CCCCC8C7)C6CCC45)CC32)CC1
C1CCC(C2CC3CCCCC3C3CCCCC3C2)C1
C1CCC2CCC3C4CCC(CCCC5CC6CCCCC6C5)C4CCC3C2CC1
C1CCC(CC2CCC(CCCCCC3CCCC4CCCCC34)C2)CC1
C1CCC(CC2CC3CCCCC3C3CCC4CCCCC4C23)C1
C(CCCC1CCCC2C(C3CCCCC3)CCC12)CCC1CCCCC1
C1CCC(CC2CC3CCCCC3C3CCC4CCCCC4C23)CC1
C1CCC(CCC(CCC2CC3CCCCC3C2)C2CC2)CC1
C1CCC(CCCCC2CC3CCCCC3C2)CC1
C1CCC(CCC2CCC(C3CCC3)CC2)CC1
C1CCC(CCCCCC2CCC3CCCCC23)CC1
C1CCC(CCC(CCC2CCC3CCCC3C2)CC2CCCCC2)CC1
C1CCC2CC(C3CCCC4CCCC43)CCC2C1
C1CCC(CCC2CCC(CCC3CCCCC3)CC2)CC1
C1CCC(CCCC2CCC(C3CCC4C(CCC4C4CCCCC4)C3)CC2)CC1
C1CCC(CCCCCC2CCCC3C(C4CCCCC4)CCC23)CC1
C1CCC(CCCC2CCC3C(CCC3C3CCCCC3)C2)CC1
C1CCC(C2CCC3C(CCC4CCCCC43)C2)CC1
C1CCC2CCC(C3CCCC4CCCC43)CC2CC1
C1CCC(CCCCCC2CCCCC2)CC1
C1CCC(CC2CCC(CC(CC3CCCCC3)C3CCCCC3)CC2)CC1
C1CCC(CCCCC2C3CCCCCC3CCC2C2CCCC3CCCC32)CC1
C1CCC2CCC3C4CCCCC4CC(CC4CCCC4)C3C2CC1
C1CCC(CCCCCC2CC3CCCCC3C2)CC1
C1CCC(CCC(CCC2CC3CCCCC3C2)C2CC2)CC1
C1CCC2C(C1)CCCC2CCCC1CCC2C1CCCC1C3CCCCC3CCC12
C1CCC(CCC2CCC(CCC3CCCC(CC4CCCC4)C3)CC2)CC1
C1CCC(CCCCCC2CCCC3C(CC4CCCCC4)CCC23)CC1
C1CCC2CC(C3CCCC4CCCC43)CCC2C1
C1CCC2C(C1)CCC1C3CCCCC3CCC21
C1CCC(C2CCC3CC4C(CCC5C6CCC(CCCC7CCC8CCCCC8C7)C6CCCC45)CC32)CC1
C1CCC(C2CCC3CC4C(CCC45CCCCC5)CC32)CC1
C1CCC(CC2CC3CCCCC3C3CCC4CCCCC4C23)CC1
C1CCC(C2CC3CCCC3C3CCCC4CCCCC4C23)CC1
C(CCCC1CCCC2C(C3CCCCC3)CCC12)CCC1CCCCC1
C1CCC(CCC2CCC(C3CCC4C(CCC4C4CCCCC4)C3)CC2)CC1
C1CCC(C2CCC3CC4C(CCC32)CCC2C3CCC(CCCC5CCC6CCCCC6C5)C3CCC42)CC1
C1CCC2CC(C3CCCC4CCCC43)CCC2C1
C1CCC(CCC(CCC2CCC3CCCC3C2)CC2CCCCC2)CC1
C1CCC(C2CCC(CCCCCC3CCCC4C(C5CCCCC5)CCC34)C2)CC1
C1CCC(CCCCCC2CC3CCCCC3C2)CC1
C1CCC(CCCCCC2CCCCC2)CC1
C1CCC(CCCCC2CC3CCCCC3C2)CC1
C1CCC(CCCC2(CCC3CCCC3)CCC3C4CCC5CCCCC5C4CCCC32)C1
C1CCC2CC(C3CCCC4CCCC43)CCC2C1
C1CCC2C(C1)CCC1C3CCCC3CCC21
C1CCC(CC2CCC3C(CCC3C3CCCCC3)C2)CC1
C1CCC(C2CC3CCCC3C3CCC4CCCCCC4C23)CC1
C1CCC(CCCCC2CCC3CCCCC23)CC1
C1CCC(CCCCCC2CC3CCCCC3C2)CC1
C1CCC2CC(C3CCCC4CCCC43)CCC2C1
C1CCC(CCCCC2CCC3CCCCC23)CC1
C1CCC(CC2CCC(CC(CC3CCCCC3)C3CCCCC3)CC2)CC1
C1CCC(CC2CCC3CC4C(CCC5C6CCC(CCCC7CC8CCCCC8C7)C6CCC45)CC23)CC1
C1CCC(CCC2CCC(CCC3CCCC(CC4CCCC4)C3)CC2)CC1
C1CCC(CCCC2CCC(C3CC3)CC2)CC1
C1CCC(CCCC2CCC3CCC(CC4CCCC5CCCC54)CC3C2)CC1
C(CCC1CCCC2CCCC12)CC1CC2CCCCC2C1
C1CCC(CCCCC2CC3CCCCC3C2)CC1
C1CCC(C2CCC3CCCC3C3CCC4CCCCC4C23)CC1
C1CCC(CC2CCC3CC4CCCCC4CC23)CC1
C1CCC2CC(CC3CCCC4CCCC43)CCC2C1
C1CCC(CC2CC3CCCCC3C3CCC4CCCCC4C23)CC1
C1CCC(CCCCC2CCC3CCCCC23)CC1
C1CCC(CCC2CCC3C(CCC3C3CCCCC3)C2)CC1
C1CCC(CCCCC2CC3CCCCC3C2)CC1
C1CCC(CCC2CCC3C(CCC3C3CCCCC3)C2)CC1
C1CCC(CCCCC2CC3CCCCC3C2)CC1
C1CCC(C2CC3CCCC3CC3CCC4CCCCC4C32)CC1
C1CCC(CCCCC2CC3CCCCC3C2)CC1
C1CCC(C2CCC3C(CCC34CCCC4)C3CCC4CCCCC4C23)CC1
C1CCC(CCCC(CCC2CCC3CCCC3C2)CC2CCCCC2)CC1
C1CCC(CCC2(CCCCC3CCC4CCCCC4C3)CCC3C4CCC5CCCCC5C4CCC32)C1
C1CCC(C2CC3CCCC3C3CCC4CCCCC4C23)CC1
C1CCC2CC(CC3CCCC4CCCC43)CCC2C1
C1CCC2C(C1)CCC1CCCCC12
C1CCC2CCC(C3CCCC4CCCC43)CC2CC1
C1CCC(CCC(CCC2CCCCC2)CCC2CCC3CCCC3C2)CC1
C1CCC2C(C1)CCCC1C3CCCC3CCC21
C1CCC(CC2CC3CCCCC3C3CCC4CCCCCC4C23)CC1
C1CCC(C2CC3CCCC3C3CCC4CCCCC4C23)CC1
C(CCCCC1CCC(C2CCCCC2)C1)CCCC1CCCCC1
C1CCC2CCC3C4CCCC4CCC3C2CC1
C1CCC(CCC2(CCCC3CC4CCCCC4C3)CCC3C4CCC5CCCCC5C4CCC32)C1
C1CCC(CC2CCC(CC(CC3CCCCC3)C3CCCCC3)CC2)CC1
C1CCC2CC(CC3CCCC4CCCC43)CCC2C1
C1CCC(CCC2CCC3C(CCC3C3CCCCC3)C2)CC1
C1CCC(C2CCC3CC4C(CCC5C6CCC(CCCC7CCCC8CCCCC87)C6CCCC45)CC32)CC1
C1CCC(CCC2CCC3C(CCC3C3CCCCC3)C2)CC1
C1CCC(CCCC2CCCC3CCC(C4CCCC5CCCC54)CC3C2)CC1
C1CCC2CCC3C4CCCC4CCC3C2CC1
C1CCC(C2CCC3CCCC4(CCCCC4)C3C2)CC1
C1CCC(CC2CCC3C(CCC4CCCCC43)C2)CC1
C1CCC(C2CCC3CC4C(CC5CCC6CCCCC65)CCCC4CC32)CC1
C1CCC(C2CCC3CC4C(CCCCC45CCCC5)CC32)CC1
C1CCC2C(C1)CC(C1CCCC3CCCC31)C1CCCCC21
C1CCC(CCCCC2CCC3CCCCC23)CC1
C1CCC(CCCC(CC2CC3CCCCC3C2)C2CC2)CC1
C1CCC2CCC(C3CCCC4CCCC43)CC2CC1
C1CCC(CC2CCC(CC(CC3CCCCC3)C3CCCCC3)CC2)CC1
C1CCC(CCC2CCC3C(CCC4CC(C5CCCCC5)CCC43)C2)CC1
C1CCC(CCCCCC2CCCC3C(C4CCCCC4)CCC23)CC1
C(CCCC1CCCC2C(C3CCCCC3)CCC12)CCC1CCCCC1
C1CCC(CCC(CCC2CCC3CCCCC3C2)CC2CCCCC2)CC1
C1CC2CCC3C(CCC4CCC5CC5C43)C2C1
C1CCC(CC2CCC3C(CCCCCC4CCC(C5CCCC5)C4)CCCC23)CC1
C1CCC2CCC3C4CCCC4CCC3C2CC1
C1CCC2CC(C3CCCC4CCCC43)CCC2C1
C1CCC2C(C1)CCC1C3CCCC3CCC21
C1CCC2C(C1)CCC1C2CCC2C3CCCC3CC21
C1CCC2C(C1)CCC1C3CCCC3CCC21
C1CCC2CC(CCCC3CCCC4CCCCC43)CC2C1
C1CCC2C(C1)CC(C1CCCC3CCCC31)C1CCCC21
C1CCC(CCC2CCC3C(CCC3C3CCCC(CCCC4CCCC4)C3)C2)CC1
C1CCC(C2CC3CCCCC3C3CCC(CCC4CCCC4)CC23)CC1
C1CCC(C2CC3CCCCC3C3CCC4CCCCC4C23)CC1
C1CCC(CCCCCC2CC3CCCCC3C2)CC1
C1CCC(CCC2CCCC3CCC4C(CCC4C4CCCCC4)CC23)CC1
C1CCC(C2CCC3CC4C(CCC5C6CCC(CCCC7CC8CCCCC8C7)C6CCC45)CC32)CC1
C1CCC(C2CC3CCCC3C3CCC4CCCCC4C23)CC1
C(CCCCC1CCC(C2CCCCC2)C1)CCCC1CCCCC1
C1CCC(C2CC3CCCCC3C3CCCCC23)CC1
C(CCC1CCCC2CCCCC12)CC1CC2CCCCC2C1
C1CCC(C2CC3CCCC3C3CCC4CCCCCC4C23)CC1
C1CCC(CC2CC3CCCCC3C3CCC4CCCCCC4C23)CC1
C1CCC(CCCCC2CCC3CCCCC23)CC1
C1CCC(CC2CC3CCCCC3C3CCC4CCCCCC4C23)CC1
C(CCC1CCCC2CCCC12)CC1CC2CCCCC2C1
C1CCC(C2CCC(C3CC4CCCC4C4CCC5CCCCC5C34)CC2)C1
C1CCC(C2CCCC3CCCC3C3CCC4CCCCC4C23)CC1
C1CCC(C2CCCC3CCCC3C3CCC4CCCCC4C23)CC1
C(CCCC1CCCC2CCCC12)CCC1CCC2CCCCC2C1
C1CCC2CCC(C3CCCC4CCCC43)CC2CC1
C1CCC(CC2CCC(CC(CC3CCCCC3)C3CCCCC3)CC2)CC1
C1CCC(CCCCCC2CCCC3C(C4CCCCC4)CCC23)CC1
C1CCC(CCCC2(CCC3CCCC3)CCC3C4CCC5CCCCC5C4CCC32)CC1
C1CCC(CCC2CCC3C(CCC4CCCCC43)C2)CC1
C(CCCCC1CCC(C2CCCCC2)C1)CCCC1CCCCC1
C(CCCC1CCCCC1)CCCC1CCC(C2CCCCC2)C1
C1CCC(CCC2CCC(C3CC3)CC2)CC1
C1CCC2CC(CCCC3CCCC4CCCCC43)CC2C1
C1CCC2CC(C3CCCC4CCCC43)CCC2C1
C(CCC1CCCC2CCCC12)CC1CC2CCCCC2C1
C1CCC(CCC2(CCCC3CCC4CCCCC4C3)CCC3C4CCC5CCCCC5C4CCCC32)C1
C1CCC(C2CC3CCCC3C3CCC4CCCCC4C23)CC1
C(CCCC1CCCCC1)CCCC1CCC(C2CCCCC2)C1
C1CCC(C2CCC3CC4(CCCCCCC4C4CCCCC4)CCC32)CC1
C1CCC(CCC2CCCCC2)CC1
C(CCCC1CCC(C2CCCCC2)C1)CCC1CCCCC1
C1CCC(C2CC3C(CCC4CC4)CCC3C3CCC4CCCCC4C23)CC1
C1CCC(CCCCCC2CCCC3C(C4CCCCC4)CCC23)CC1
C1CCC(CCCCCC2CCC3CCCCC23)CC1
C1CCC(CCC2CCC3C(CCC3C3CCCCC3)C2)CC1
C1CCC(CCCCCC2CCCC3C(C4CCCCC4)CCC23)CC1
C1CCC2C(C1)CCC1C3CCCC3CCC21
C(CCC1CCCC2CCCCC12)CC1CCC2CCCCC2C1
C(CCC1CCCC2CCCCC12)CCC1CCCC2CCCCC12
C1CCC(CCCCC2CCCC3CCC(C4CCCC5CCCC54)CC23)CC1
C1CCC(C2CCC3CCC4C(CCCC5CC5)CCCC4CC32)CC1
C1CCC(CCCCC2CC3CCCCC3C2)CC1
C1CCC(CCC2CCCC3CC4C(CCC23)CCC4C2CCCCC2)CC1
C1CCC(CCCC2CCCC(C3CCC4CC(CCC5CCC6CCCCC6C5)CCC43)C2)CC1
C1CCC(C2CCC3C(CCC4CCCCC43)C2)CC1
C1CCC(CCC2CCC3C(CCC3C3CCCCC3)C2)CC1
C1CCC(CCCCC2CCCC3CCCC23)CC1
C(CCCCCCC1CCC(CCC2CCC(CCC3CCCC3)C2)C1)CCCCCCC1CCC2C1CCC1C3CCCCC3CCC21
C(CCCCC1CCC(C2CCCCC2)C1)CCCC1CCCCC1
C1CCC(CCCC2CCCC3CCC(C4CCCC5CCCC54)CC23)CC1
C1CCC(C2CCC3CCC4C(CCCC45CCCC5)CC32)CC1
C(CCC1CCCC2CCCC12)CC1CC2CCCCC2C1
C1CCC(CCC2CCCCC2)CC1
C1CCC(C2CC3CCCC3CC3CCC4CCCCC4C32)CC1
C1CCC(CCC2CCC3C(CCC3C3CCCCC3)C2)CC1
C(CCCC1CCCCC1)CCCC1CCC(C2CCCCC2)C1
C1CCC(C2CCC3CC4C(CCC45CCCC5)CC32)CC1
C1CCC(C2CC3CCCC3C3CCC4CCCCC4C23)CC1
C1CCC(C2CCC3CC4C(CCC5C6CCC(CCCCC7CCC8CCCCC8C7)C6CCC45)CC32)CC1
C1CCC(CC(CC2CCCCC2)C2CCCCC2)CC1
C1CCC(CCCCCC2CCCC3C(C4CCCCC4)CCC23)CC1
C(CCCC1CCCC2C(C3CCCCC3)CCC12)CCC1CCCCC1
C(CCC1CCCC2CCCC12)CC1CC2CCCCC2C1
C1CCC(C2CCC3CC4(CCCCC4C4CCCCC4)CCCC32)CC1
C1CCC(CC2CCCCCC23CCCC2C(CCC2C2CCCCC2)C3)CC1
C1CCC(CCCCCC2CCCC3C(CC4CCCCC4)CCC23)CC1
C1CCC(CCCC2CCCC(C3CCC4CC(CCC5CCC6CCCCC6C5)CCC43)C2)CC1
C1CCC(CCC2CCC3C(CCC4CC(C5CCCCC5)CCC43)C2)CC1
C1CCC(CCCCCC2CCCC3C(C4CCCCC4)CCC23)CC1
C1CCC(CCCCC2CCC3CCCCC23)CC1
C1CCC(C2CCC3CCCC3C3CCC4CCCCCC4C23)CC1
C1CCC2C(C1)CCC(C1CCCC1)C1CCCCC21
C1CCC2CC(CCCC3CCC4C3CCC3C5CCCCC5CCC43)CC2C1
C1CCC(C2CC3CCCC3C3CCC4CCCCC4C23)CC1
C1CCC2C(C1)CCC1CCCCC12
C1CCC(C2CCC3CC(C4CCC(CCC5CCCC5)CC4)CCC32)CC1
C1CCC(CCC2CCC3C(CCC3C3CCCCC3)C2)CC1
C1CCC2C(C1)CCC1C3CCCC3CCCC21
C1CCC(C2CCC3CC4C(CCC45CCCCCC5)CC32)CC1
C1CCC(CCCCC2CC3CCCCC3C2)CC1
C1CCC(C2CCC3C(CCC4CCCCC43)C2)CC1
C1CCC2CCC3C4CCCCC4CCC3C2CC1
C1CCC2CC(C3CCC4CCCCC43)CCC2C1
C(CCCC1CCCC2C(C3CCCCC3)CCC12)CCC1CCCCC1
C1CCC(CCC2CCC3C(CCC3C3CCCCC3)C2)CC1
C1CCC2CC(CCCC3CCC4C3CCCC3C5CCCCC5CCC34)CC2C1
C1CCC(C2CCC3C(CCC4CCCCC43)C2)CC1
C(CCCC1CCCC2C(C3CCCCC3)CCC12)CCC1CCCCC1
C1CCC2CC(C3CCCC4CCCC43)CCC2C1
C1CCC2C(C1)CCC1C3CCCCC3CCCC21
C1CCC(CCCCCC2CCC3CCCCC23)CC1
C1CCC(CCC2CCC(C3CCC4C(CCC4C4CCCCC4)C3)CC2)CC1
C1CCC(CCC2CCC(C3CCC4C(CCC4C4CCCCC4)C3)CC2)CC1
C1CCC(CCC(CC2CCC3C(CCC3C3CCCCC3)C2)C2CCCCC2)CC1
C1CCC(CCC2CCC3C(CCC3C3CCCCC3)C2)CC1
C1CCC(C2CCC3CC4C(CCCC5C6CCC(CCCC7CCC8CCCCC8C7)C6CCC45)CC32)CC1
C(CCC1CCC2C(CCC3C4CCCC4CCC23)C1)CC1CCC(C2CC3CCCC3C3CCC4CCCCC4C23)CC1
C1CCC(C2CCC3CCCC3C3CCCC4CCCCC4C23)CC1
C1CCC(C2CCCC3C(CCC4CCCCC43)C2)CC1
C1CCC(C2CC3CCCC3C3CCC4CCCCCC4C23)CC1
C1CCC(CCCC2CCC(C3CCCC4C(C5CCCCC5)CCC34)C2)CC1
C1CCC(C2CC3CCCC3C3CCC4CCCCC4C23)CC1
C(CCCC1CCCC2C(C3CCCCC3)CCC12)CCC1CCCCC1
C1CCC(C2CC3CCCC3C3CCC4CCCCC4C23)CC1
C1CCC(CC2CC3CCCCC3C3CCC4CCCCCC4C23)CC1
C1CCC(CCCCCC2CC3CCCCC3C2)CC1
C1CCC2CCC3CCCCC3C2CC1
C1CCC(C2CCCC3C(CCC4CCCCC43)C2)CC1
C1CCC(C2CC3CCCC3C3CCC4CCCCC4C23)CC1
C1CCC(CCCCCC2CCCC3C(C4CCCCC4)CCC23)CC1
C1CCC2CC(CC3CCCC4CCCC43)CCC2C1
C1CCC2CCC(C3CCCC4CCCC43)CC2CC1
C1CCC(CCCCC2CCC3C2CCC2C4CC5CCC(C6CCCCC6)C5CC4CCC32)CC1
C1CCC(CCCCC2CC3CCCCC3C2)CC1
C1CCC(C2CC3C(CCC4CC4)CCC3C3CCC4CCCCC4C23)CC1
C(CCCC1CCCC2C(C3CCCCC3)CCC12)CCC1CCCCC1
C1CCC(CCCC2CCC3CCC(C4CCCC5CCCC54)CC3C2)CC1
C1CCC(CCC2CCC3C(CCC4C5CCCC5CCC34)C2)CC1
C1CCC2CC(CC3CCCC4CCCC43)CCC2C1
C1CCC(CC2CCC3CC4C(CCCC45CCCC5)CC23)CC1
C1CCC2CCC3C4CCCCC4CC(CC4CCCC4)C3C2CC1
C1CCC2CCC3C4CCC(CCCC5CCC6CCCCC6C5)C4CCC3C2CC1
C1CCC2CCC(C3CCCC4CCCC43)CC2CC1
C1CCC(CC2CCC3C(CCC3C3CCCCC3)C2)CC1
C1CCC(C2CCCC3CCCC3C3CCC4CCCCC4C23)CC1
C1CCC(CCCCCC2CCC3C2CCC2C4CCCCC4CCC32)CC1
C1CCC2CCC(C3CCCC4CCCC43)CC2CC1
C1CCC(CCCCCC2CCC3C(CCC3C3CCCCC3)C2)CC1
C1CCC(CCC2(CCCC3CC4CCCCC4C3)CCC3C4CCC5CCCCC5C4CCC32)C1
C1CCC2CCC(C3CCCC4CCCC43)CC2CC1
C1CCC(C2CCC3CC4C(CCC5C6CCC(CCCCC7CC8CCCCC8C7)C6CCC45)CC32)CC1
C1CCC(CC23CCCCC2CCC2C4CCCC4CCC23)CC1
C1CCC2CC(CCCC3CCCCC4CCCCC43)CC2C1
C1CCC2C(C1)CCCC2CCCC1CCC2C1CCCC1C3CCCCC3CCC12
C1CCC2CCC(C3CCCC4CCCC43)CC2CC1
C1CCC(CCCCC2CC3CCCCC3C2)CC1
C1CCC2C(C1)CCC1C2CCC2C3CCCC3CC21
C1CCC(C2CC3CCCC3C3CCC4CCCCC4C23)CC1
C1CCC2C(C1)CCC1C3CCCC3CCC21
C1CCC(CCCCCC2CCCC3C(CC4CCCCC4)CCC23)CC1
C1CCC(CC2CC3CCCCC3C2C2CCCCC2)CC1
C1CCC(CC2CCCC(CC3CCC4CC(CCC5CCC6CCCCC6C5)CCC43)C2)C1
C1CCC(C2CC3CCCC3C3CCC4CCCCC4C23)CC1
C1CCC(C2CCC(CCCCCC3CCCC4C(C5CCCCC5)CCC34)C2)CC1
C1CCC(C2CCC3CCCCC3C3CCC4CCCCC4C23)CC1
C1CCC2CCC3C4CCC(CCCC5CC6CCCCC6C5)C4CCC3C2CC1
C1CCC(C2CCC3CC4(CCCCC4C4CCCCC4)CCCC32)CC1
C1CCC(CCC2CC3CCCC3C3CCC4CCCCC4C23)CC1
C1CCC2CC(CCCC3CCC4C3CCCC3C5CCCCC5CCC34)CC2C1
C1CCC(CCCCC2CC3CCCCC3C2)CC1
C1CCC(CCCCCC2CCCC3C2CCC3C2CCC(CCC3CC3)CC2)CC1
C(CCCC1CCCC2C(C3CCCCC3)CCC12)CCC1CCCCC1
C1CCC(C2(CCCCC3CCC4CCCCC4C3)CCCC3CCCCC32)CC1
C1CCC(CCC2CCC3C2CCC(C2CCCCC2)C2C4CCCCC4CCCC32)CC1
C(CCC1CCCC2CCCC12)CC1CC2CCCCC2C1
C1CCC(C2CCC3CC4C(CCC5C6CCC(CCCC7CC8CCCCC8C7)C6CCC45)CC32)CC1
C1CCC(C2CCCC3C(CCC4CCCCC43)C2)CC1
C1CCC(CCCCCC2CCCC3C(C4CCCCC4)CCC23)CC1
C1CCC(C2CCC3CC4C(CCC5C6CCC(CCCC7CC8CCCCC8C7)C6CCC45)CC32)CC1
C(CCC1CCCC2CCCCC12)CC1CC2CCCCC2C1
C1CCC(CCCCCC2CCCCC2)CC1
C1CCC2CC(CCCC3CCC4C3CCC3C5CCCCC5CCCC43)CC2C1
C1CCC(C2CCC3CCC(C4CCCC4)C3C2)C1
C1CCC2CC(C3CCCC4CCCC43)CCC2C1
C1CCC(C2CCC3CCC4CCCCC4C3CC2)CC1
C1CCC(C2CC3CCCC3C3CCC4CCCCC4C23)CC1
C1CCC(C2CC3C(CCC4CC4)CCC3C3CCC4CCCCC4C23)CC1
C1CCC2CCC(C3CCCC4CCCC43)CC2CC1
C1CCC(CCC2CCCCC3CCC(C4CCCC5CCCC54)CC23)CC1
C1CCC(CC23CCCCCC2CCC2C4CCCC4CCC23)CC1
C1CCC(C2CC3CCCC3C3CCC4CCCCCC4C23)CC1
C1CCC2CC(C3CCCC4CCCC43)CCC2C1
C1CCC(C2C3CCCCC3CC3CC4CCCC4CC32)CC1
C1CCC(C2CCC3CC4C(CCC45CCCCCC5)CC32)CC1
C1CCC2C(C1)CCCC1C3CCCC3CCC21
C1CCC2C(C1)CCCC1C3CCCC3CCC21
C1CCC(CCC2CCC(C3CCC4C(CCC4C4CCCCC4)C3)CC2)CC1
C1CCC(C2CCC3CC4C(CCC5C6CCCC(CCCC7CCCC8CCCCC87)C6CCC45)CC32)CC1
C1CCC(CCCC2CCC(C3CCC4C(CCC4C4CCCCC4)C3)CC2)CC1
C1CCC(CCC2CCC(C3CC3)CC2)CC1
C(CCC1CCC2CCCCC2C1)CCC1CCCCC2CCCCC12
C(CCCCCCC1CCC2C1CCC1C3CCCCC3CCC21)CCCCCC1CCC(CCC2CCC(CCC3CCCC3)C2)C1
C1CCC2C(C1)CCCC1C3CCCC3CCC21
C1CCC(CCC2CCC3C(CCC3C3CCCCC3)C2)CC1
C(CCCC1CCCCC1)CCCC1CCC(C2CCCCC2)C1
C1CCC(CCCCC2CC3CCCCC3C2)CC1
C(CCC1CC2CCCCC2C1)CCC1CCCC2CCCC12
C1CCC(C2CCC3C(CCCCCC4CCC(C5CCCC5)C4)CCCC23)CC1
C1CCC(CCCCC2CCC3CCC(C4CCCC5CCCC54)CC3C2)CC1
C1CCC(C2CCC(CCCCCC3CCCC4CCCCC34)C2)CC1
C(CCC1CCC2C1CCC1C3CCCCC3CCC21)CC1CC2CCCCC2C1
C1CCC(C2CC3CCCCC3C3CCC4CCCCC4C23)CC1
C1CCC(C2CC3CCCC3C3CCC4CCCCC4C23)CC1
C(CCC1CCCC2CCCCC12)CC1CCC2CCCCC2C1
C1CCC(C2CCC3CC4C(CCCC45CCCCC5)CC32)CC1
C(CCC1CCCC2CCCCC12)CCC1CCCC2CCCCC12
C(CCCC1CCCCC1)CCC1CCCCC1
C1CCC(CCC2CCC(CCC3CCCC(CC4CCCC4)CC3)CC2)CC1
C1CCC(CCCCCC2CCC3CCCC3C2)CC1
C1CCC(CCCCCC2CC3CCCCC3C2)CC1
C1CCC(C2CCC3CC4C(CCC5C6CCCC(CCCC7CC8CCCCC8C7)C6CCC45)CC32)CC1
C1CCC(CCCCCC2CCC3CCCCC23)CC1
C1CCC(CC2CCC3CCCCC3C3CCC4CCCCC4C23)CC1
C1CCC(C2CCC3CC4C(CCC5C6CCCC6CCC45)CC32)CC1
C1CCC2CCC(C3CCCC4CCCC43)CC2CC1
C1CCC(CC2CC3CCCCC3C3CCC4CCCCC4C23)C1
C1CCC2CC(CCCC3CCC4C3CCC3C5CCCCC5CCC43)CC2C1
C1CCC(CCCCCC2CC3CCCCC3C2)CC1
C1CCC(CCCC2CCCC3CCCCC32)C2CCCCC2C1
C1CCC(C2CCC3C(CCC3C3CCCCC3)C2)CC1
C1CCC2C(C1)CCCC2CCCC1CCCC2CCCCC21
C1CCC(C2CCCC3C(CCC34CCCC4)C3CCC4CCCCC4C23)CC1
C1CCC(CCCCCC2CC3CCCCC3C2)CC1
C(CCC1CCC2CCCCC2C1)CCC1CCCC2CCCCC12
C1CCC2CCC(C3CCCC4CCCC43)CC2CC1
C1CCC(CCC2CCC(CCC3CCCC(CC4CCCC4)C3)CC2)CC1
C1CCC(CCC2CCCCC3CC4C(CCC4C4CCCCC4)CC23)CC1
C1CCC(CC2CCC3CC4C(CCC45CCCCC5)CC23)CC1
C1CCC(CCCCCC2CC3CCCCC3C2)CC1
C1CCC(CCC2CCC3C(CCC3C3CCCC(CC4CCCC4)C3)C2)CC1
C1CCC(CC2CC3CCCCC3C3CCC4CCCCCC4C23)CC1
C1CCC(CCCCC2CCC3CCCCC23)CC1
C1CCC(C2CC3CCCC3C3CCC4CCCCC4C23)CC1
C1CCC(CCCCC2CC3CCCCC3C2)CC1
C1CCC(C2CC3CCCCC3C3CCCCC23)CC1
C1CCC(CCCCCC2CC3CCCCC3C2)CC1
C1CCC(C2CC3CCCCC3C3CCCCC23)CC1
C(CCCC1CCCC2C(C3CCCCC3)CCC12)CCC1CCCCC1
C1CC2CCC3C(CCC4CCCCC43)CC2C1
C1CCC2C(C1)CCC1C2CCC2CCC3CC3C21
C1CCC(CC2CC3CCCCC3C2CC2CCCCC2)CC1
C1CCC(CCCCCC2CCCC3C(CC4CCCCC4)CCC23)CC1
C1CCC(CCCC(CC2CC3CCCCC3C2)C2CCCC2)CC1
C1CCC(CCCC2CCCC3CCC(C4CCCC5CCCC54)CC3C2)CC1
C1CCC(CC2CCC3CCCCC3C3CCC4CCCCC4C23)CC1
C(CCCC1CCCC2C(C3CCCCC3)CCC12)CCC1CCC(C2CCCC2)C1
C1CCC(CCCCCC2CCCC3C(C4CCCCC4)CCC23)CC1
C1CCC(CCCCCC2CC3CCCCC3C2)CC1
C(CCCC1CCCCC1)CCCC1CCC(C2CCCCC2)C1
C1CCC(CCCC2CCCC(C3CCC4CC(CCCC5CCC6CCCCC6C5)CCC43)C2)CC1
C1CCC(C2CC3CCCC3C3CCC4CCCCC4C23)CC1
C1CCC(CCCCC2C3CCCCC3CCC2C2CCCC3CCCC32)CC1
C1CCC(CCC2CCC(CCC3CCCC(CC4CCCC4)C3)CC2)CC1
C1CCC(C2CCC3CC4C(CCC45CCCCCC5)CC32)CC1
C1CCC2C(C1)CC(C1CCCC3CCCC31)C1CCCCC21
C1CCC(CCCC2CCC3CCC(CC4CCCC5CCCC54)CC3C2)CC1
C1CCC(C2CCC3CC4C(CCC45CCCCC5)CC32)CC1
C1CCC(CC2CC3CCCCC3C3CCC4CCCCC4C23)CC1
C(CCC1CCCC2CCCCC12)CC1CCCC2CCCCC12
C1CCC(CCC2CCC3C(CCC3C3CCCCC3)C2)CC1
C(CCC1CCC2CCCCC2C1)CCC1CCCC2CCCCC12
C1CCC(C2CC3CCCC3C3CCC4CCCCC4C23)CC1
C1CCC(CCCCC2CCC3CCCCC23)CC1
C(CCCCC1CCCC(CC(CC2CCC(CC3CCCCC3)CC2)C2CCCCC2)C1)CCCCC1CCC2C(CCC3C4CCCC4CCC23)C1
C1CCC2CC(CCCC3CCC4C3CCC3C5CCCCC5CCCC43)CC2C1
C1CCC(CCCCCC2CCC3CCCCC23)CC1
C1CCC(CCCCC2CCC3CCCCC23)CC1
C1CCC(CCC2CC3CCCCC3C3CCC4CCCCC4C23)C1
C1CCC(CCCCC2CC3CCCCC3C2)CC1
C1CCC(C2CC3CCCC3C3CCC4CCCCC4C23)CC1
C1CCC(C2CC3CCCC3C3CCC4CCCCC4C23)CC1
C1CCC(CCCCC2CCC3CCCC3C2)CC1
C1CCC(C2CC3CCCC3C3CCC4CCCCC4C23)CC1
C1CCC2CCC3C4CCCC4CCC3C2CC1
C1CCC(C2CCC3C(CCC4CCCCC43)C2)CC1
C1CCC(CCCC2CCC3CCCC3C2)CC1
C1CCC(CCC2CCC3C(CCC4C5CCCC5CC(CCC5CCCCC5)C34)C2)CC1
C(CCC1CCCC2CCCC12)CC1CC2CCCCC2C1
C1CCC(CCCC(CC2CC3CCCCC3C2)C2CC2)CC1
C1CCC(C2CC3CCCC3C3CCC4CCCCC4C23)CC1
C1CCC(CCCC2CCC3CCC(CC4CCCC5CCCC54)CC3C2)CC1
C1CCC(CCC2CCC(C3CCC4C(CCC4C4CCCCC4)C3)CC2)CC1
C(CCC1CCCC2CCCC12)CC1CC2CCCCC2C1
C1CCC(CCCC2CCCC(C3CCC4CC(CCCC5CCC6CCCCC6C5)CCC43)C2)CC1
C1CCC2CCC(C3CCCC4CCCC43)CC2CC1
C1CCC(CCC2CC3CCCCC3C3CCC4CCCCC4C23)CC1
C1CCC2CC(C3CCCC4CCCC43)CCC2C1
C(CCC1CCCC2CCCC12)CC1CC2CCCCC2C1
C1CCC(CCCCCC2CCCC3C(C4CCCCC4)CCC23)CC1
C1CCC2CCC3C4CCCCC4CC(CC4CCCC4)C3C2CC1
C(CCC1CCCC2CCCCC12)CC1CCCC2CCCCC12
C1CCC(CCCCCC2CCCC3C2CCC3C2CCC(CCC3CC3)CC2)CC1
C1CCC(CCCCCC2CC3CCCCC3C2)CC1
C1CCC2C(C1)CCCC1CCCCC12
C1CCC(CCCCC2CC3CCCCC3C2)CC1
C1CCC(CCC2CCC3C(CCC3C3CCCCC3)C2)CC1
C1CCC(C2CCC3CC4CCCCC4CC32)CC1
C1CCC(C2CC3CCCC3C3CCC4CCCCC4C23)CC1
C(CCCC1CCCC2C(C3CCCCC3)CCC12)CCC1CCCCC1
C(CCC1CCC2CCCCC2C1)CCC1CCCC2CCCCC12
C1CCC(CCCCCC2CCCC3C(C4CCCCC4)CCC23)CC1
C1CCC2CCC(C3CCCC4CCCC43)CC2CC1
C(CCCC1CCCCC1)CCCC1CCC(C2CCCCC2)C1
C1CCC(CCC2CCC3C(CCC3C3CCCC(CC4CCCC4)C3)C2)CC1
C1CCC(C2CCC3CC4C(CCCC5C6CCC(CCCC7CCC8CCCCC8C7)C6CCC45)CC32)CC1
C1CCC(C2CC3CCCC3C3CCCC4CCCCC4C23)CC1
C1CCC(CCC2CCC3C(CCC3C3CCCCC3)C2)CC1
C1CCC(C2CCC(CCCC3CCC4C3CCCC3C5CCCCC5CCC34)C2)CC1
C1CCC(CCC2(CCCC3CC4CCCCC4C3)CCC3C4CCC5CCCCC5C4CCC32)C1
C1CCC2CCC(C3CCCC4CCCC43)CC2CC1
C1CCC(C2CCC3(CCC4CC5C(CCC5C5CCCCC5)CCC43)C2)CC1
C1CCC(C2CC3C(CCC4CC4)CCCC3C3CCC4CCCCC4C23)CC1
C1CCC2C(C1)CCC1C3CCCC3CCC21
C1CCC(CCCCCC2CCC3CCCCC23)CC1
C1CCC(CCC2CCC3C(CCC3C3CCCCC3)C2)CC1
C(CCCC1CCC2C(CCC2C2CCCCC2)C1)CCC1CCCCC1
C1CCC(CCC2CCCCC3CCC(C4CCCC5CCCC54)CC23)CC1
C1CCC(C2CCC3CC4C(CCC32)CCC2C3CCC(CCCC5CCCC6CCCCC65)C3CCC42)CC1
C1CCC(C2CC3CCCC3C3CCC4CCCCC4CC23)CC1
C(CCC1CCC2C1CCC1C3CCCCC3CCC21)CC1CC2CCCCC2C1
C1CCC(C2CCC3CC4C(CCC32)CCC2C3CCC(CCCC5CC6CCCCC6C5)C3CCC42)CC1
C1CCC(C2CCC3CC4C(CCCC5C6CCC(CCCC7CC8CCCCC8C7)C6CCC45)CC32)CC1
C1CCC(C2CCC3CC4C(CCCC4CC4CCC5CCCCC54)CCC32)CC1
C1CCC(CCCCC2CC3CCCCC3C2)CC1
C(CCCCC1CCCC(CC(CC2CCC(CC3CCCCC3)CC2)C2CCCCC2)C1)CCCCC1CCC2C(CCC3C4CCCC4CCC23)C1
C1CCC(CCCCC2CCCC3CCCCC23)CC1
C1CCC(CCC2CCC3C(CCC4C5CCCC5CCC34)C2)CC1
C1CCC(CCC2CCC(C3CCCC4C(C5CCCCC5)CCC34)C2)CC1
C1CCC(C2CCC3CC4CCCCC4CC32)CC1
C1CCC(C2CCC3CC4C(CCC5C6CCCC6CCC45)CC32)CC1
C1CCC2C(C1)CCC1C2CCC2C3CCCC3CC21
C1CCC2C(C1)CCCC1C3CCCC3CCC21
C1CCC2CC(C3CCCC4CCCC43)CCC2C1
C1CCC(CCCCCC2CCCCC2)CC1
C1CCC(C2CC3CCCC3C3CCC4CCCCC4C23)CC1
C1CCC(CCC2CCC3C(CCCC4C5CCCC5CCC34)C2)CC1
C1CCC(C2CC3CCCC3C3CCC4CCCCC4C23)CC1
C1CCC(CC2CCC(CC(CC3CCCCC3)C3CCCCC3)CC2)CC1
C1CCC(CCC2CCC(C3CCC4C(CCC4C4CCCCC4)C3)CC2)CC1
C1CCC(CCCCCC2CC3CCCCC3C2)CC1
C(CCCC1CCCCC1)CCC1CCCCC1
C1CCC(CCCCC2CC3CCCCC3C2)CC1
C(CCC1CCC2C1CCC1C3CCCCC3CCC21)CC1CC2CCCCC2C1
C1CCC(C2CC3CCCC3C3CCC4CCCCC4C23)CC1
C1CCC(CCCCCC2CCCC3C(C4CCCCC4)CCC23)CC1
C1CCC(CCC2CCC3C(CCC3C3CCCCC3)C2)CC1
C1CCC(CCC2CCC(CCC3CCCC(CC4CCCC4)C3)CC2)CC1
C1CCC(CCCC2CCCC(C3CCC4CC(CCC5CCC6CCCCC6C5)CCC43)C2)CC1
C1CCC2CCC3C4CCCCC4CC(CC4CCCC4)C3C2CC1
C1CCC(CCC(CCC2CCC3CCCCC3C2)CC2CCCCC2)CC1
C1CCC(CCCCC2CC3CCCCC3C2)CC1
C1CCC(CCCC2CCC3C(CCC3C3CCCCC3)C2)CC1
C1CCC2C(C1)CCC1C3CCCC3CCC21
C1CCC(C2CCC3CCCC3C3CCC4CCCCC4C23)CC1
C1CCC(CC2CCC3CC4C(CCC45CCCC5)CC23)CC1
C1CCC(C2CC3CCCCC3C3CCCCC23)CC1
C1CCC2CCC(C3CCCC4CCCC43)CC2CC1
C1CCC(C2CCC3C(CCCCCC4CCC(C5CCCC5)C4)CCCC23)CC1
C(CCC1CCCC2CCCCC12)CC1CC2CCCCC2C1
C1CCC(CCCCC2CCC3CCC(C4CCCC5CCCC54)CC3C2)CC1
C1CCC(CC2CC3CCCCC3C3CCC4CCCCCC4C23)CC1
C1CCC(CC2CC3CCCCC3C3CCC4CCCCCC4C23)CC1
C1CCC(CCC2CCC(CCC3CCCC(CC4CCCC4)C3)CC2)CC1
C1CCC(C2CCC(CCCCCC3CCCC4CCCCC34)C2)CC1
C1CCC(C2CC3CCCC3C3CCC4CCCCCC4C23)CC1
C1CCC(C2CCC3CC4C(CCC5C6CCC(CCCCC7CCC8CCCCC8C7)C6CCC45)CC32)CC1
C1CCC(CC2CCC3CC4CCCCC4CC23)CC1
C1CCC(CC2CC3CCCCC3C3CCC4CCCCCC4C23)CC1
C1CCC2C(C1)CCC1C2CCC2C3CCCC3CC21
C1CCC(CC2CC3CCCCC3C3CCC4CCCCC4C23)CC1
C1CCC(CCCC(CC2CC3CCCCC3C2)C2CCCC2)CC1
C1CCC(CCCCCC2CC3CCCCC3C2)CC1
C(CCC1CCCC2CCCC12)CC1CC2CCCCC2C1
C1CCC(CCCCC2CCC3CCC(C4CCCC5CCCC54)CC3C2)CC1
C1CCC(CCCCCC2CC3CCCCC3C2)CC1
C1CCC(CCCC2CCC3CCCC3C2)CC1
C1CCC2CCC(C3CCCC4CCCC43)CC2CC1
C1CCC(CC2CCC(CC(CC3CCCCC3)C3CCCCC3)CC2)CC1
C(CCC1CCC2CCCCC2C1)CCC1CCCC2CCCCC12
C1CCC(CCCCCC2CCCC3C(C4CCCCC4)CCC23)CC1
C1CCC(C2CCC(C3CC4CCCC4C4CCC5CCCCC5C34)CC2)C1
C1CCC(CCC2CCC3C(CCC4C5CCCC5CCC34)C2)CC1
C(CCCC1CCCCC1)CCCC1CCC(C2CCCCC2)C1
C1CCC(C2CC3CCCC3C3CCC4CCCCCC4C23)CC1
C1CCC(C2CC3CCCC3C3CCC4CCCCC4C23)CC1
C1CCC(CCCCCC2CCCC3C2CCC3C2CCCC(CC3CCCC3)C2)CC1
C1CCC(CC2CC3CCCC3C3CCC4CCCCC4C23)CC1
C1CCC(C2CCC(CCCCCC3CCCC4CCCCC34)C2)CC1
C(CCCC1CCCC2C(C3CCCCC3)CCC12)CCC1CCCCC1
C1CCC(C2CC3CCCCC3C3CCC4CCCCC4C23)CC1
C1CCC(CCC2CCC(C3CCC4C(CCC4C4CCCCC4)C3)CC2)CC1
C1CCC2CCC3C(CCC4C5CCCC5CC43)C2CC1
C1CCC(CCC2CCC3C(CCC3C3CCCCC3)C2)CC1
C1CCC(C2CC3CCCC3C3CCCC4CCCCC4C23)CC1
C1CCC2CC(C3CCCC4CCCC43)CCC2C1
C1CCC2CCC(C3CCCC4CCCC43)CC2CC1
C(CCCC1CCCCC1)CCCC1CCC(C2CCCCC2)C1
C1CCC(CCCC2CCC3C(CCC4C5CCCC5CC(CCC5CCCCC5)C34)C2)CC1
C1CCC2C(C1)CCCC1C3CCCC3CCC21
C1CCC(CCC2CC3CCCCC3C3CCC4CCCCC4C23)C1
C1CCC2CC(C3CCCC4CCCC43)CCC2C1
C1CCC(CC2CCC(CC(CC3CCCCC3)C3CCCCC3)CC2)CC1
C1CCC(CCCC2CCC3CCC(C4CCCC5CCCC54)CC3C2)CC1
C1CCC(C2CCC3C(CCCCCC4CCC(CC5CCCC5)C4)CCCC23)CC1
C1CCC2C(C1)CCC1C3CCCC3CCC21
C1CCC(CCCC2CCC3C2CCC2C4CC5CCC(C6CCCCC6)C5CC4CCC32)CC1
C1CCC(CCC2CCC3C2CCC2C4CCCCC4CCC32)C1
C1CCC(CCCCC2CC3CCCCC3C2)CC1
C1CCC(CCCC2CCC3C2CCC2C4CC5CCC(C6CCCCC6)C5CCC4CCC32)CC1
C1CCC(CC2CCC3C(CCC3C3CCCCC3)C2)CC1
C1CCC2CCC3C(CCC4C5CCCC5CC43)C2CC1
C1CCC(CC2CCC3CC4C(CCC5C6CCC(CCCC7CC8CCCCC8C7)C6CCC45)CC23)CC1
C1CCC(CCCCC2CCC3CCC(C4CCCC5CCCC54)CC3C2)CC1
C1CCC(CCCCCC2CCCC3CCCC23)CC1
C(CCC1CC2CCCCC2C1)CCC1CCCC2CCCC12
C(CCC1CCC2C(CCC3C4CCCC4CCCC23)C1)CC1CCC(C2CCC(C3CC4CCCC4C4CCC5CCCCC5C34)CC2)CC1
C1CCC(CC2CCC(CC(CC3CCCCC3)C3CCCCC3)CC2)CC1
C(CCCCC1CCC(C2CCCCC2)C1)CCCC1CCCCC1
C1CCC(C2CC3CCCC3C3CCC4CCCCCC4C23)CC1
C1CCC(CCC(CC2CC3CCCCC3C2)C2CCCCC2)CC1
C1CCC(CC2CCC3CCCCC3C3CCC4CCCCC4C23)CC1
C1CCC(CC2CCC3CCCCC3C3CCC4CCCCC4C23)CC1
C1CCC(CCCCCC2CC3CCCCC3C2)CC1
C1CCC(C2C3CCCC3CC3CC4CCCCC4CC32)CC1
C1CCC(CCCCCC2CCCC3C2CCC3C2CCCC(CC3CC3)C2)CC1
C(CCCC1CCCCC1)CCC1CCCCC1
C1CCC(CC2CCC3CC4C(CCC45CCCC5)CC23)CC1
C1CCC(CCC2CCC3C(CCC3C3CCCCC3)C2)CC1
C1CCC(CCCCC2CC3CCCCC3C2)CC1
C(CCCCCCC1CCC2C(CCC3C4CCCCC4CCC23)C1)CCCCCC1CCC(CCC2CCC(CCC3CCCC3)C2)C1
C1CCC(CCCCCC2CC3CCCCC3C2)CC1
C1CCC(CCCCCC2CCCC3CCCC23)CC1
C1CCC(CCCCC2CC3CCCCC3C2)CC1
C1CCC(C2CCC3CC4C(CCC5C6CCC(CCCC7CCC8CCCCC8C7)C6CCCC45)CC32)CC1
C(CCC1CCCC2CCCCC12)CC1CCCC2CCCCC12
C1CCC(C2CCC3CC4C(CCC5C6CCC(CCCCC7CC8CCCCC8C7)C6CCC45)CC32)CC1
C1CCC(CCCCCC2CCC3CCCCC23)CC1
C1CCC(C2CC3CCCC3C3CCC4CCCCCC4C23)CC1
C1CCC(CCC2CCC3C(CCCC4CCCCC43)C2)CC1
C(CCCC1CCCCC1)CCCC1CCC(CC2CCCCC2)C1
C1CCC2C(C1)CC(C1CCCC1)C1CCCC21
C1CCC(CCC2CCC3C(CCC3C3CCCCC3)C2)CC1
C1CCC(C2CCCC3(CCC4CC5C(CCC5C5CCCCC5)CC43)C2)CC1
C(CCCC1CCCCC1)CCCC1CCC(C2CCCCC2)C1
C1CCC(CC2CC3CCCCC3C3CCC4CCCCCC4C23)CC1
C1CCC(CCCCC2CC3CCCCC3C2)CC1
C1CCC(C2CCC3CC4C(CCC32)CCC42CCCC2)CC1
C1CCC(CCCCCC2CCCC3C(CC4CCCC(CC5CCCC5)C4)CCC23)CC1
C1CCC2CC(CC3CCCC4CCCC43)CCC2C1
C1CCC(CCC2CCC3C(CCC3C3CCCC3)C2)CC1
C1CCC2C(C1)CCC1CCCCC12
C1CCC2CCC3C4CCCC4CCC3C2CC1
C1CCC(CCCCCC2CC3CCCCC3C2)CC1
C1CCC(CCCC2CCC3C(CCC3C3CCCCC3)C2)CC1
C1CCC2CCC3C4CCC(CCCC5CC6CCCCC6C5)C4CCC3C2CC1
C1CCC(CC2CC3CCCCC3CC3CCC4CCCCC4C32)C1
C1CCC(C2CCC3CC4C(CCCCC45CCCC5)CC32)CC1
C1CCC(CCC2CCC(CCC3CCCC(CCC4CCCC4)C3)CC2)CC1
C1CCC(CC2CC3CCCCC3C3CCC4CCCCCC4C23)CC1
C(CCCC1CCC(C2CCCCC2)C1)CCC1CCCCC1
C1CCC(C2CCC3CCC4CCCCC4C3CC2)CC1
C1CCC2C(C1)CCC1C3CCCC3CCC21
C1CCC(C2CCC3CC4C(CCC32)CCC2C3CCC(CCCC5CCC6CCCCC6C5)C3CCC42)CC1
C1CCC(C2CCC3C(CCC4CCCCC43)C2)CC1
C1CCC(C2CCC3C(CCCC4CCCCC43)C2)C1
C1CCC2CC(C3CCCC3)CCC2C1
C1CCC2CCC(C3CCCC4CCCC43)CC2CC1
C1CCC(CC2CC3CCCCC3CC3CCC4CCCCC4C32)CC1
C1CCC(CCCC2CCC3C2CCC2C4CC5CCC(C6CCCCC6)C5CC4CCCC32)CC1
C1CCC2CCC(C3CCCC4CCCC43)CC2CC1
C(CCCC1CCCCC1)CCCC1CCC(C2CCCCC2)C1
C1CCC(CCCCC2CCC3C2CCC2C4CCCCC4CCC32)CC1
C1CCC2C(C1)CC(C1CCCC3CCCC31)C1CCCC21
C1CCC(C2CCC3CC4C(CCC45CCCCCC5)CC32)CC1
C1CCC(CCCCC2CC3CCCCC3C2)CC1
C(CCCC1CCCCC1)CCC1CCCCC1
C(CCCC1CCCC2C(C3CCCCC3)CCC12)CCC1CCCCC1
C1CCC2CC(C3CCCC4CCCC43)CCC2C1
C(CCC1CCCC2CCCC12)CC1CC2CCCCC2C1
C1CCC(C2CCC3CC4C(CCC32)CCC2C3CCC(CCCC5CCC6CCCCC6C5)C3CCC42)CC1
C1CCC(C2CC3CCCC3C3CCC4CCCCCC4C23)CC1
C1CCC(CCC(CCC2CCC3CCCC3C2)CC2CCCCC2)CC1
C1CCC2CC(CCCC3CCC4C3CCC3C5CCCCC5CCC43)CCC2C1
C1CCC2C(C1)CCCC1CCCCC12
C(CCC1CCCC2CCCCC12)CC1CC2CCCCC2C1
C1CCC2CC(CCCC3CCC4C3CCC3C5CCCCC5CCCC43)CC2C1
C1CCC2C(C1)CCC1C3CCCC3CCCC21
C1CCC(CCC2CCC3C(CCC3C3CCCCC3)C2)CC1
C(CCC1CCCCC2CCCCC12)CC1CCC2CCCCC2C1
C1CCC(C2CCC3CC4CCCCC4CCC32)CC1
C1CCC(C2CC3CCCC3C3CCC4CCCCC4C23)CC1
C1CCC(CCCCC2CC3CCCCC3C2)CC1
C1CCC(CC2CCC3CCCCC3C3CCC4CCCCC4C23)C1
C1CCC(CC2CCC3C(CCC3C3CCCCC3)C2)CC1
C1CCC2CC(CC3CCCC4CCCC43)CCC2C1
C1CCC(CC2CCC3C(CCC3C3CCCCC3)C2)CC1
C1CCC(C2CC3CCCC3C3CCC4CCCCCC4C23)CC1
C(CCC1CCC2CCCCC2C1)CCC1CCCC2CCCCC12
C1CCC(CCCCCC2CC3CCCCC3C2)CC1
C1CCC(CCCCCC2CC3CCCCC3C2)CC1
C(CCC1CC2CCCCC2C1)CCC1CCCC2CCCC12
C(CCC1CCC(CC2CCCC2)C1)CCC1CCCC2CCCCC12
C1CCC2CCC(C3CCCC4CCCC43)CC2CC1
C1CCC(C2CC3CCCC3C3CCC4CCCCC4C23)CC1
C1CCC(CCC(CCC2CCC3CCCC3C2)CC2CCCCC2)CC1
C1CCC2CC(CCCC3CCC4C3CCC3C5CCCCC5CCC43)CC2C1
C1CCC2CC(CCCC3CCC4C3CCC3C5CCCCC5CCC43)CC2C1
C(CCCC1CCCC2C(C3CCCCC3)CCC12)CCC1CCCCC1
C1CCC(CCC2CCC3C(CCC3C3CCCCC3)C2)CC1
C1CCC(CCC2CCC3C(CCC3C3CCCCC3)C2)CC1
C1CCC(CCCCC2CCC3C2CCC2C4CCCCC4CCCC32)CC1
C1CCC(C2CC3CCCC3C3CCC4CCCCCC4C23)CC1
C1CCC(CCCC(CC2CC3CCCCC3C2)C2CCCC2)CC1
C1CCC(CCC2CCC(CCC3CCCC(CC4CCCC4)C3)CC2)CC1
C1CCC(C2CCC3CC4C(CCCC5C6CCC(CCCC7CC8CCCCC8C7)C6CCC45)CC32)CC1
C(CCC1CCC2CCCCC2C1)CCC1CCCC2CCCCC12
C1CCC(C2CC3CCCC3C3CCC4CCCCC4C23)CC1
C1CCC(CCCCCC2CC3CCCCC3C2)CC1
C1CCC2CC(CCCC3CCC4C3CCC3C5CCCCC5CCC43)CCC2C1
C1CCC2CCC3C4CCCC4CCC3C2CC1
C1CCC(CCCCC2CC3CCCCC3C2)CC1
C1CCC(CCCCC2CC3CCCCC3C2)CC1
C1CCC(CC2CCC(CCC(CC3CCCCC3)C3CCCCC3)CC2)CC1
C1CCC(CCCCCC2CC3CCCCC3C2)CC1
C(CCCC1CCCCC1)CCCC1CCC(C2CCCCC2)C1
C1CCC(CCCCC2CCC3CCCCC23)CC1
C(CCCC1CCCC2CCCCC12)CCC1CCC(C2CCCC2)C1
C1CCC(CCCCCC2CCC3CCCCC23)CC1
C1CCC2CC(CCCC3CCC4CC5CCC6CCCCC6C5CCC34)CC2C1
C1CCC(C2CCC3C(CCC34CCCC4)C3CCC4CCCCC4C23)CC1
C1CCC(CCCCCC2CCCC3C(C4CCCCC4)CCC23)CC1
C1CCC2CC(C3CCCC4CCCC43)CCC2C1
C1CCC(CCC2CCC3C2CCC(CC2CCCCC2)C2C4CCCCC4CCC32)CC1
C1CCC(CCC2CCCCC2)CC1
C1CCC(C2CCC3CCCCC3C3CCCCC23)CC1
C1CCC(C2CC3CCCC3C3CCC4CCCCCC4C23)CC1
C1CCC(C2CC3CCCC3C3CCC4CCCCCC4C23)CC1
C1CCC(CCC2CCC3C(CCC3C3CCCC(CCC4CCCC4)C3)C2)CC1
C1CCC2C(C1)CCC1C3CCCC3CCC21
C1CCC(CCC2CCC3C(CCC3C3CCCCC3)C2)CC1
C1CCC(CCC2CCC(CCC3CCCC(CC4CCCC4)C3)CC2)CC1
C1CCC(CCCC2CCC(CCC3CCCC(CC4CCCC4)C3)CC2)CC1
C1CCC2CC(CCCC3CCCC4CCCCC43)CC2C1
C1CCC(CCC2CCC(C3CCC4C(CCC4C4CCCCC4)C3)CC2)CC1
C1CCC(C2CCC3CC4C(CCC32)CCC42CCCC2)CC1
C1CCC(CCCCC2CC3CCCCC3C2)CC1
C(CCCC1CCCC2C(C3CCCCC3)CCC12)CCC1CCCCC1
C1CCC(C2CC3CCCCC3C3CCCCC23)CC1
C1CCC(C2CCC3CC4C(CCC45CCCCC5)CC32)CC1
C1CCC(CCC2CCC3C(CCC4CC(C5CCCCC5)CCC43)C2)CC1
C1CCC(CCCCC2CC3CCCCC3C2)CC1
C1CCC(CC2CCC3C(CC4CCCCC4)CCC3C2)CC1
C1CCC(C2CCC3CCCCC3C3CCCCC23)CC1
C1CCC2CCC(C3CCCC4CCCC43)CC2CC1
C1CCC(CCC2CCC3C(CCC3C3CCCCC3)C2)CC1
C1CCC(CCC2CCC(C3CC3)CC2)CC1
C1CCC(CCC2CCC(C3CCC4C(CCC4C4CCCCC4)C3)CC2)CC1
C1CCC2CCC(C3CCCC4CCCC43)CC2CC1
C(CC1CCC2CCCCC2C1)CC1CCC2C(CCC3C4CCCCC4CCC23)C1
C1CCC2C(C1)CCC1C3CCCC3CCCC21
C1CCC2CC(CCCC3CCCC4C3CCC3C5CCCCC5CCC43)CC2C1
C1CCC(CCCCC2CC3CCCCC3C2)CC1
C1CCC(C2CCC3CC4(CCCCC4C4CCCCC4)CCCC32)CC1
C1CCC(C2CCCC3C(CCC4CCCCC43)C2)CC1
C(CCCC1CCCC2CCCCC12)CCC1CCC(C2CCCCC2)C1
C1CCC(CCC(CCC2CCC3CCCC3C2)CC2CCCCC2)CC1
C1CCC(CCCCC2CCC3C2CCC2C4CCCCC4CCC32)C1
C1CCC2CC(CCCC3CCC4C3CCCC3C5CCCCC5CCC34)CC2C1
C1CCC(CC2CC3CCCCC3C3CCC4CCCCC4C23)CC1
C1CCC2CCC3C4CCCC4CCC3C2CC1
C(CCCC1CCCCC1)CCCC1CCC(C2CCCCC2)C1
C1CCC(CCC2CCCCC2)CC1
C1CCC(C2CCC3CC4C(CCC5C6CCC(CCCC7CC8CCCCC8C7)C6CCC45)CC32)CC1
C1CCC2CCCCC2C(CCCCC2CCCC3CCCCC23)C1
C1CCC2CCC(C3CCCC4CCCC43)CC2CC1
C(CCC1CCCCC2CCCCC12)CC1CCC2CCCCC2C1
C1CCC(CCCC2CCC3CCCC3C2)CC1
C1CCC(C2CCCC3C(CCC4CCCCC43)C2)CC1
C1CCC(CCCCCC2CC3CCCCC3C2)CC1
C1CCC(CC2CC3CCCCC3C3CCC4CCCCC4C3C2)C1
C1CCC(C2CC3CCCC3C3CCC4CCCCC4C23)CC1
C1CCC(CCC(CCC2CCC3CCCCC3C2)CC2CCCCC2)CC1
C(CCC1CCCC2CCCCC12)CC1CCCC2CCCCC12
C1CCC(CCCCCC2CC3CCCCC3C2)CC1
C1CCC(CCC2CCCC(CC3CC4CCCCC4C4CCC5CCCCC5C34)C2)CC1
C1CCC2CCC3C4CCCC4CCC3C2CC1
C1CCC2C(C1)CC(C1CCCC3CCCCC31)C1CCCCC21
C1CCC2CCC(C3CCCC4CCCC43)CC2CC1
C1CCC(C2CCC(CCCCCC3CCCCC4CCCCC34)C2)CC1
C1CCC(CCCC23CCCC2CC2C4CCC5CCCCC5C4CCCC23)C1
C1CCC(C2CCC3CC4C(CCCC45CCCC5)CC32)CC1
C1CCC(CC2CC3CCCCC3C3CCC4CCCCCC4C23)CC1
C1CCC2C(C1)CCC1CCCCC12
C1CCC2CCC3C4CCC(CCCC5CC6CCCCC6C5)C4CCC3C2CC1
C1CCC(CCC2CCC3C(CC4CCCCC4)CCC3C2)CC1
C1CCC2CCC3C4CCCCC4CC(CC4CCCC5CCCCC54)C3C2CC1
C1CCC(CCC2CCC3C(CCC3C3CCCCC3)C2)CC1
C1CCC(CCCC2CC3CCCCC3C2C2CCCCC2)CC1
C1CCC(C2CCC3CC4(CCCCCCC4C4CCCCC4)CCC32)CC1
C1CCC(C2CCC3CC4C(CCC5C6CCCC6CCC45)CC32)CC1
C1CCC(CCC2CCC3C(CCC3C3CCCC(CCC4CCCC4)C3)C2)CC1
C(CCC1CCCC2CCCCC12)CCC1CCCC2CCCC12
C1CCC(CCC(CC2CCC3C(CC4CCCCC4)CCC3C2)C2CCCCC2)CC1
C1CCC(CCCC2CCC3C(CCC3C3CCCCC3)C2)CC1
C1CCC(CCC2CCC3C(CCC3C3CCCCC3)C2)CC1
C1CCC(CC2CCCCCC23CCC2CCC(C4CCCCC4)C2CC3)CC1
C(CCC1CCCCC2CCCCC12)CC1CCC2CCCCC2C1
C1CCC(C2CCC(CCCCCC3CCCC4C(C5CCCCC5)CCC34)C2)CC1
C1CCC(CCCC2CCC3CCCC3C2)CC1
C1CCC(C2CCC3(CCCC4CC5C(CCC5C5CCCCC5)CC43)C2)CC1
C1CCC(C2CCC3CC4C(CCC5C6CCC(CCCC7CCC8CCCCC8C7)C6CCC45)CC32)CC1
C(CCC1CCCC2CCCCC12)CCC1CCCC2CCCCC12
C1CCC(CCCC2(CCCC3CC4CCCCC4C3)CCC3C4CCC5CCCCC5C4CCC32)C1
C1CCC(C2CCC3(CCC4CCC5C(CCC5C5CCCCC5)CC43)C2)CC1
C1CCC(C2CC3CCCC3C3CCC4CCCCC4C23)CC1
C1CCC(CCCC2CCC3CCC(C4CCCC5CCCC54)CC3CC2)CC1
C1CCC(C2CCC3CCCC3C3CCC4CCCCC4C23)CC1
C1CCC2CCC3C4CCCC4CCC3C2CC1
C1CCC2C(C1)CCCC1C3CCCC3CCC21
C1CCC(CCCC2CCC3CCC(C4CCCC5CCCC54)CC3C2)CC1
C1CCC(CCCCCC2CC3CCCCC3C2)CC1
C1CCC(CCCCC2CC3CCCCC3C2)CC1
C1CCC2CCC(C3CCCC4CCCC43)CC2CC1
C1CCC2CC(CCCC3CCC4C3CCC3C5CCCCC5CCC43)CC2C1
C1CCC(CCCCC2CCC3C2CCC2C4CCCCC4CCC32)C1
C1CCC(CCC2CCC3CC4CCCCC4CCC3C2)CC1
C1CCC(CC2CC3CCCCC3C3CCC4CCCCC4C23)C1
C1CCC2CC(CCCC3CCC4C3CCC3C5CCCCC5CCCC43)CC2C1
C1CCC2C(C1)CC(C1CCCC1)C1CCCCC21
C1CCC(CCC2CCC3C2CCC(C2CCCCC2)C2C4CCCCCC4CCC32)CC1
C1CCC(CC2CCCCC2CC2CC3CCCCC3C3CCC4CCCCCC4C23)CC1
C1CCC(CCCCCC2CCCC3C(C4CCCCC4)CCC23)CC1
C1CCC(CCCCCC2CCC3CCCCC23)CC1
C(CCCC1CCCCC1)CCC1CCCCC1
C1CCC2C(C1)CCCC1C2CCC2C3CCCC3CC21
C1CCC(CCCCCC2CCCC3C2CCC3C2CCCC(CC3CC3)C2)CC1
C1CCC(C2CCC3CC4C(CCC32)CCC42CCCCC2)CC1
C1CCC(C2CCC(CCCCCC3(C4CCCC4)CCCCC4CCCCC43)C2)CC1
C1CCC(CCCCCC2CCCC3C(CC4CCCCC4)CCC23)CC1
C1CCC(CCC2CCC(CCC3CCCCC(CC4CCCC4)C3)CC2)CC1
C1CCC(CCCCC2CCC3CCC(C4CCCC5CCCC54)CC3C2)CC1
C(CCCC1CCCC2C(C3CCCCC3)CCC12)CCC1CCCCC1
C(CCCC1CCC2CCCC2C1)CCCC1CCC(C2CCCCC2)C1
C1CCC(CCCCC2CCC3CCC(C4CCCC5CCCC54)CC3C2)CC1
C1CCC2C(C1)CCC1C3CCCC3CCC21
C1CCC(CCC2CCCC3CC4C(CC5CCCCC5)CCC4CC23)CC1
C1CCC(CCC2CCCCC2)CC1
C1CCC(CCCCC2CCC3CCCCC23)CC1
C1CCC(C2CCC3CC4C(CCCCC5CC5)CCCC4CC32)CC1
C1CCC(CCC2CCCC3CCC(C4CCCC5CCCC54)CC23)CC1
C1CCC(C2CC3CCCC3C3CCC4CCCCC4C23)CC1
C1CCC(C2CC3CCCC3C3CCC4CCCCCC4C23)CC1
C1CCC(C2CCC3CCC4CCCCC4C3CC2)CC1
C1CCC2CC(C3CCCC4CCCC43)CCC2C1
C1CCC(CCCCC2CC3CCCCC3C2)CC1
C1CCC2CC(CCCC3CCC4CC5CCC6CCCCC6C5CCC34)CC2C1
C(CCC1CC2CCCCC2C1)CCC1CCCC2CCCC12
C1CCC2CC(C3CCCC4CCCC43)CCC2C1
C1CCC2C(C1)CCCC1C2CCC2C3CCCC3CC21
C1CCC(CCCCCC2CCCC3C(C4CCCCC4)CCC23)CC1
C1CCC(C2CC3CCCC3C3CCC4CCCCC4C23)CC1
C1CCC(C2CCC3CC4CCCCC4CC32)CC1
C1CCC(CCCC2CCC3CCC(CC4CCCC5CCCC54)CC3C2)CC1
C1CCC2C(C1)CCC1C3CCCC3CCC21
C1CCC(CCCC2CCC(C3CC3)CC2)CC1
C1CCC(CCCCCC2CCCC3C(C4CCCCC4)CCC23)CC1
C1CCC(C2CC3CCCC3C3CCC4CCCCC4C23)CC1
C1CCC(C2CCCC3(CCC4CC5C(CCC5C5CCCCC5)CC43)C2)CC1
C1CCC2C(C1)CC(C1CCCC1)C1CCCCC21
C1CCC(CCC2CCC3C(CCCC4C5CCCC5CC(CCC5CCCCC5)C34)C2)CC1
C1CCC(CCCCCC2CCC3CCCCC23)CC1
C1CCC2CCC(C3CCCC4CCCC43)CC2CC1
C1CCC(C2CCC3CC4C(CCCC5C6CCC(CCCC7CCC8CCCCC8C7)C6CCC45)CC32)CC1
C(CCCC1CCCC2CCCCC12)CCC1CCC(C2CCCCC2)C1
C1CCC(CCCCCC2CC3CCCCC3C2)CC1
C1CCC2CCC(C3CCCC4CCCC43)CC2CC1
C1CCC(CCCCC2CCC3CCCCC23)CC1
C1CCC(CCC2CCC3C(CCC3C3CCCC(CCC4CCCC4)C3)C2)CC1
C1CCC(CC2CC3CCCCC3C3CCC4CCCCCC4C23)CC1
C1CCC2CC(CC3CCCC4CCCC43)CCC2C1
C(CCC1CCCC2CCCCC12)CC1CCC2CCCCC2C1
C1CCC(CCCC2CCC3CCC(C4CCCC5CCCC54)CC3C2)CC1
C1CCC(C2C3CCCC3CC3CC4CCCC4CC32)CC1
C1CCC(C2CCC3CC4C(CCCC45CCCCC5)CC32)CC1
C1CCC(C2CCC3CCCC3C3CCC4CCCCC4C23)CC1
C1CCC(CCCCCC2CCCC3C(C4CCCCC4)CCC23)CC1
C1CCC(CCCC2CCCC(C3CCC4CC(CCC5CCC6CCCCCC6C5)CCC43)C2)CC1
C1CCC(CCCC2CCC3C(CCC3C3CCCCC3)C2)CC1
C1CCC(C2CC3CCCC3C3CCC4CCCCC4C23)CC1
C(CCCC1CCCCC1)CCCC1CCC(C2CCCCC2)C1
C(CCC1CCC2C(CCC3C4CCCC4CCC23)C1)CC1CCC(C2CC3CCCC3C3CCCC4CCCCC4C23)CC1
C1CCC(CCCCCC2CCCC3C(C4CCCCC4)CCC23)CC1
C1CCC(CCC2(CCCC3CC4CCCCC4C3)CCC3C4CCC5CCCCC5C4CCC32)C1
C1CCC(C2CC3CCCC3C3CCC4CCCCC4C23)CC1
C1CCC2C(C1)CCC1C3CCCC3CCC21
C1CCC2CCC3C(CCC4C5CCCC5CC43)C2CC1
C(CCC1CC2CCCCC2C1)CCC1CCCC2CCCC12
C1CCC(CCCCCC2CCC3CCCCC23)CC1
C1CCC(C2CCCC3C(CCC4CCCCC43)C2)CC1
C1CCC2CCC3C4CCC(CCCC5CCCC5)C4CCC3C2CC1
C1CCC(C2CC3C(CCC4CC4)CCC3C3CCC4CCCCCC4C23)CC1
C1CCC2CCC(C3CCCC4CCCC43)CC2CC1
C(CCCC1CCCC2CCCCC12)CCC1CCC(C2CCCC2)C1
C1CCC(CCCCCC2CC3CCCCC3C2)CC1
C(CCCC1CCCCC1)CCCC1CCC(CC2CCCCC2)C1
C1CCC(CCCCC2CCC3CCCCC23)CC1
C1CCC(CC2CC3CCCCC3C3CCC4CCCCC4C23)CC1
C1CCC(C2CC3CCCCC3C3CCC4CCCCC4C23)CC1
C1CCC(CCCCCC2CC3CCCCC3C2)CC1
C1CCC(C2CCC3CC4C(CCC5C6CCC(CCCCC7CC8CCCCC8C7)C6CCC45)CC32)CC1
C1CCC(C2CC3CCCCC3C3CCCCC23)CC1
C1CCC2CC(C3CCCC4CCCC43)CCC2C1
C1CCC(CC2CCCCCC23CCC2C(CCC2C2CCCCC2)C3)CC1
C(CCC1CCCC2CCCCC12)CC1CCC2CCCCC2C1
C1CCC(CCCCC2CCC3CCCCC23)CC1
C1CCC(CCCCCC2CC3CCCCC3C2)CC1
C1CCC(C2CC3CCCCC3C3CCCCC23)CC1
C1CCC(CCC2CCC3C(CCC3C3CCCCC3)C2)CC1
C(CCCC1CCCC2C(C3CCCCC3)CCC12)CCC1CCCCC1
C1CCC(CCCCC2CC3CCCCC3C2)CC1
C1CCC(CC2CCC3CCCCC3C3CCC4CCCCC4C23)C1
C1CCC2C(C1)CCC1C3CCCC3CCCC21
C1CCC(C2CCC3CC4C(CCC45CCCCCC5)CC32)CC1
C1CCC(C2CCCC(CC3CC4CCCCC4C4CCC5CCCCC5C34)C2)C1
C1CCC(CCCC2CCC3C(CCC3C3CCCCC3)C2)CC1
C1CCC(C2CC3CCCCC3C3CCCCC23)CC1
C1CCC(CC2CC3CCCCC3C3CCC4CCCCC4C3C2)C1
C1CCC2CC(C3CCCC4CCCC43)CCC2C1
C1CCC(CC2CCC3C(CCC3C3CCCCC3)C2)CC1
C1CCC(C2CCCC3C(CCC4CCCCC43)C2)CC1
C1CCC(CCCC2CCC(C3CCC4C(CCC4C4CCCCC4)C3)CC2)CC1
C1CCC(CC2CCC3CC4C(CC5CCC6CCCCC65)CCCC4CC23)CC1
C1CCC(CCC2CCC3C(CCC4CCCCC43)C2)CC1
C1CCC(C2CCC3CCC4(CCCCCC4)C3C2)CC1
C1CCC(CCCCC2CC3CCCCC3C2)CC1
C1CCC(CCCC2CCC(CCC3CCCC(CC4CCCC4)C3)CC2)CC1
C1CCC(C2CCC3CCCC3C3CCCC4CCCCC4C23)CC1
C1CCC(CCC(CCC2CCC3CCCC3C2)CC2CCCCCC2)CC1
C1CCC(C2CC3CCCCC3C3CCCCC23)CC1
C1CCC(CCCCC2CCC3CCCCC23)CC1
C1CCC(CCCCCC2CC3CCCCC3C2)CC1
C1CCC(CCCCCC2CCC3CCCCC23)CC1
C1CCC(C2CC3C(CCC34CCCC4)C3CCC4CCCCC4C23)CC1
C1CCC(CCC2CC3CCCCC3C3CCC4CCCCC4C23)C1
C1CCC(C2CC3CCCC3C3CCC4CCCCC4C23)CC1
C1CCC(CCC2(CCCC3CC4CCCCC4C3)CCCC3C4CCC5CCCCC5C4CCC32)C1
C1CCC2CC(CCCC3CCC4C5CCC6CCCCC6C(CCC34)C5)CC2C1
C1CCC(CCCCC2CCC3CCCCC23)CC1
C1CCC(C2CC3CCCC3C3CCC4CCCCC4C23)CC1
C1CCC(C2CC3CCCC3C3CCC4CCCCC4C23)CC1
C1CCC(C2CCC3CC4C(CCCC45CCCC5)CC32)CC1
C1CCC(CCC2CCCC3CC4C(CCC4C4CCCCC4)CC23)CC1
C1CCC2C(C1)CCCC2CCCC1CCCC2CCCCC21
C1CCC(C2CCC3CCCCC3C3CCCCC23)CC1
C1CCC(CCC2CCCC3CCC4C(CCC4C4CCCCC4)CC23)CC1
C(CCCC1CCCC2C1CCC2C1CCCC(CC2CCCC2)C1)CCC1CCCCC1
C1CCC(C2CC3CCCC3C3CCC4CCCCC4C23)CC1
C(CCC1CCCCC2CCCCC12)CC1CCC2CCCCC2C1
C1CCC2CCC(C3CCCC4CCCC43)CC2CC1
C1CCC(CCCCC2CCC3CCC(C4CCCC5CCCC54)CC3C2)CC1
C(CCC1CCC2CCCCC2C1)CC1CCCC2CCCCC2C1
C(CCC1CCCC2CCCCC12)CC1CCCC2CCCCC12
C1CCC(CCCCC2CC3CCCCC3C2)CC1
C1CCC(C2CCC3CC4C(CCCC5C6CCC(CCCC7CC8CCCCC8C7)C6CCC45)CC32)CC1
C1CCC2CC(C3CCCC4CCCC43)CCC2C1
C1CCC2CC(C3CCCC4CCCC43)CCC2C1
C1CCC(C2CCC3C(CCC4CCCCC43)C2)CC1
C1CCC2CCC3C(CCC4C3CCC4(CCCC3CCC4CCCCC4C3)CCC3CCCC3)C2CC1
C(CCC1CCCCC2CCCCC12)CC1CCC2CCCCC2C1
C1CCC(CCC2CCC3C(CCC3C3CCCCC3)C2)CC1
C1CCC(C2CC3C(CCC34CCCC4)C3CCC4CCCCCC4C23)CC1
C1CCC(CCCC23CCCC2CC2C4CCC5CCCCC5C4CCC23)C1
C1CCC(C2CC3CCCC3C3CCC4CCCCC4CC23)CC1
C1CCC(C2CC3CCCC3C3CCC4CCCCCC4C23)CC1
C1CCC(CCCCCC2CCC3CCCC3C2)CC1
C1CCC(CC2CC3CCCCC3C3CCC4CCCCCC4C23)CC1
C1CCC(CCC2CCC(CC3CC3)CC2)CC1
C1CCC2C(C1)CCCC1C3CCCC3CCC21
C1CCC(CCCCCC2CCCC3CCCC23)CC1
C1CCC(C2CC3CCCC3C3CCC4CCCCCC4C23)CC1
C1CCC2C(C1)CCCC1C3CCCC3CCC21
C1CCC(C2CCC3CC4C(CCC5C6CCC(CCCC7CCC8CCCCC8C7)C6CCC45)CC32)CC1
C1CCC(CC2CCC3C(CCC3C3CCCCC3)C2)CC1
C1CCC2C(C1)CCC1C3CCCC3CCCC21
C1CCC(CCC2CCC3C2CCC(C2CCCCC2)C2C4CCCCC4CCCC32)CC1
C1CCC(CCCC2CCC(C3CC3)CC2)CC1
C1CCC2C(C1)CCC1C3CCCCC3CCC21
C1CCC(C2CC3CCCC3C3CCC4CCCCCC4C23)CC1
C1CCC(CCC(CCC2CC3CCCCC3C2)C2CC2)CC1
C(CCC1CCCC2CCCCC12)CC1CCC2CCCCC2C1
C1CCC(CCCCCC2CC3CCCCC3C2)CC1
C1CCC(C2CC3CCCC3C3CCC4CCCCCC4C23)CC1
C1CCC2CC(C3CCCC4CCCC43)CCC2C1
C1CCC(CCC(CCC2CCCCC2)CCC2CCC3CCCC3C2)CC1
C(CCC1CCCC2CCCC12)CC1CC2CCCCC2C1
C1CCC2C(C1)CCC1C3CCCC3CCCC21
C1CCC(CCC2CCC3C(CC4CCCCC4)CCC3C2)CC1
C1CCC(CCC2CCCC3CC4C(CCC4C4CCCCC4)CC23)CC1
C(CCCCC1CCC(C2CCCCC2)C1)CCCC1CCCCC1
C1CCC2C(C1)CCC1CCCCC12
C(CCCCC1CCC(C2CCCCC2)C1)CCCC1CCCCC1
C1CCC2C(C1)CCC1C3CCCC3CCC21
C1CCC2C(C1)CCC1CCCCC12
C1CCC(CCCCC2CC3CCCCC3C2)CC1
C1CCC(CCCCCC2CCCC3C(C4CCCCC4)CCC23)CC1
C1CCC(CCC2CCCCC2)CC1
C1CCC(CCC(CCC2CCC3CCCC3C2)CC2CCCCC2)CC1
C1CCC2CC(CC3CCCC4CCCC43)CCC2C1
C1CCC(CCCCC2CC3CCCCC3C2)CC1
C1CCC(CCCCC2CC3CCCCC3C2)CC1
C1CCC(CCCC2CCC3CCC(C4CCCC5CCCC54)CC3C2)CC1
C1CCC(C2CCC3CCCCC3C3CCCCC23)CC1
C1CCC(CCCC2CCC3CCC(C4CCCC5CCCC54)CC3C2)CC1
C1CCC(CCC2CCC(C3CC3)CC2)CC1
C1CCC(CCC2CCC(C3CCC4C(CCC4C4CCCCC4)C3)CC2)CC1
C1CCC2C(C1)CCC1C3CCCC3CCC21
C1CCC2CCC3C4CCCC4CCC3C2CC1
C1CCC(CCCCCC2CCCC3C(C4CCCCC4)CCC23)CC1
C1CCC(C2CC3CCCC3C3CCC4CCCCC4C23)CC1
C1CCC2CC(CCCC3CCC4C5CCC6CCCCC6C(CCC34)C5)CC2C1
C1CCC(CCCC2CCC3CCC(CC4CCCC5CCCC54)CC3C2)CC1
C1CCC(CCC2CCC3C(CCC3C3CCCC3)C2)CC1
C1CCC(CCCCC2CCC(C3CCC4C(CCC4C4CCCCC4)C3)CC2)CC1
C1CCC(C2CCC3CC4C(CCCCC5CC5)CCCC4CC32)CC1
C1CCC(C2CC3CCCC3CC3CCC4CCCCC4C32)CC1
C1CCC2CC(C3CCCC4CCCC43)CCC2C1
C1CCC(CCCCCC2CC3CCCCC3C2)CC1
C1CCC2CC(C3CCCC4CCCC43)CCC2C1
C1CCC2CCC(C3CCCC4CCCC43)CC2CC1
C1CCC(CCCC2CCC3C(CCC4CCCCC43)C2)CC1
C1CCC(CC2CC3CCCCC3C3CCC4CCCCCC4C23)CC1
C1CCC(CCCC2CCC3C2CCC2C4CC5CCC(C6CCCCC6)C5CC4CCC32)CC1
C1CCC(C2CC3CCCC3C3CCC4CCCCCC4C23)CC1
C1CCC(CCCCC2CC3CCCCC3C2)CC1
C1CCC2CC(C3CCCC4CCCC43)CCC2C1
C1CCC(C2CC3CCCC3C3CCCC4CCCCC4C23)CC1
C1CCC(CCCCCC2CC3CCCCC3C2)CC1
C1CCC(CCC(CC2CC3CCCCC3C2)C2CCC2)CC1
C(CCC1CCCC2CCCCC2C1)CCC1CCC(C2CCCCC2)C1
C1CCC2CCC(C3CCCC4CCCC43)CC2CC1
C1CCC(CCCCCC2CCC3CCCCC23)CC1
C1CCC(CC2CCC3C(CCC3C3CCCCC3)C2)CC1
C1CCC(CCC2CCC3C(CCC3C3CCCC(CC4CCCC4)C3)C2)CC1
C1CCC2C(C1)CCCC1C3CCCC3CCC21
C1CCC(C2CCCC(CC3CC4CCCCC4C4CCC5CCCCC5C34)C2)C1
C1CCC(C2CCC3CC4C(CCC32)CCC42CCCCC2)CC1
C1CCC(C2CCC3CCC4(CCCCC4)C3C2)CC1
C1CCC2CC(C3CCCC4CCCC43)CCC2C1
C1CCC(CCCCCC2CCCCC2)CC1
C1CCC(CCCCC2CC3CCCCC3C2)CC1
C1CCC(CC2CCC(CC(CC3CCCCC3)C3CCCCC3)CC2)CC1
C1CCC2CCC3C4CCCC4CCC3C2CC1
C1CCC2CC(CCCC3CCC4C3CCC3C5CCCCC5CCC43)CC2C1
C1CCC(C2CCC(CCCCCC3CCCC4CCCCC34)C2)CC1
C1CCC(CCCCC2CCC3CCC(C4CCCC5CCCC54)CC3C2)CC1
C1CCC2C(C1)CC(C1CCCC1)C1CCCCC21
C1CCC(C2CCC3CC4C(CCC5C6CCC(CCCCC7CCC8CCCCC8C7)C6CCC45)CC32)CC1
C(CCC1CCCC2CCCC12)CC1CC2CCCCC2C1
C1CCC2C(C1)CCC1CCCCC12
C1CCC(CCCC2CCCC3CCCCC32)C2CCCCC2C1
C1CCC2CCC3C(CCC4C3CCC4(CCCC3CC4CCCCC4C3)CCC3CCCC3)C2CC1
C(CCCCCCC1CCC(CCC2CCC(CCC3CCCC3)C2)C1)CCCCCCC1CCC2C1CCC1C3CCCCC3CCC21
C1CCC(C2CCC3CC4C(CCC45CCCC5)CC32)CC1
C1CCC(CCCC2CCC3CCC(C4CCCC5CCCC54)CC3C2)CC1
C1CCC(CCC2CCCCC3CCC(C4CCCC5CCCC54)CC23)CC1
C(CCC1CCCCC2CCCCC12)CC1CCC2CCCCC2C1
C1CCC(CCC2CCC(C3CCC4C(CCC4C4CCCCC4)C3)CC2)CC1
C1CCC(CCC2CCC3C(CCC4CCCCCC43)C2)CC1
C1CCC(C2CCC3CCCCC3C3CCCCC23)CC1
C1CCC(C2CC3CCCC3C3CCC4CCCCCC4C23)CC1
C1CCC(CCC2CCC3C(CCC3C3CCCCC3)C2)CC1
C(CCC1CC2CCCCC2C1)CCC1CCCC2CCCC12
C1CCC(CCCCCC2CCC3CCCCC23)CC1
C1CCC(CCCC2CCC3C(CCC3C3CCCCC3)C2)CC1
C1CCC(CCC(CCC2CCC3CCCC3C2)CC2CCCCC2)CC1
C1CCC2CC(C3CCCC4CCCC43)CCC2C1
C1CCC(CC2CCC3CCCCC3C3CCC4CCCCC4C23)CC1
C1CCC(CCC2CCC3C(CCC3C3CCCCC3)C2)CC1
C1CCC2CCC3C4CCC(CCCC5CC6CCCCC6C5)C4CCC3C2CC1
C1CCC(CCC2CCCCC2)CC1
C1CCC2CCC3C4CCCC4CCC3C2CC1
C1CCC2CC(CCCC3CCCC4CCCCC43)CC2C1
C1CCC(C2CC3CCCC3C3CCC4CCCCC4C23)CC1
C1CCC(CCCCCC2CCCCC2)CC1
C1CCC(C2CCC3CC4C(CCCCC5CC5)CCCC4CC32)CC1
C1CCC2CC(C3CCCC3)C3CCCC3C2CC1
C1CCC(CCC2(CCCC3CCC4CCCCC4C3)CCCC3C4CCC5CCCCC5C4CCC32)C1
C1CCC(C2CC3CCCCC3C3CCC4CCCCC4C23)CC1
C1CCC2CCC3C(CCC4C3CCC4(CCCC3CC4CCCCC4C3)CCC3CCCC3)C2CC1
C(CCC1CCCC2CCCCC12)CC1CCC2CCCCC2C1
C(CCCC1CCCCC1)CCCC1CCC(C2CCCCC2)C1
C1CCC2C(C1)CCC1CCCCC12
C1CCC2C(C1)CCC1C3CCCC3CCCC21
C1CCC(CCCCC2CCC3C2CCC2C4CCCCC4CCC32)C1
C1CCC2CCC(CCC3CCC4C(CCC4C4CCCC(CC5CCCC5)C4)C3)CC2CC1
C1CCC(CCCCCC2CC3CCCCC3C2)CC1
C1CCC2CC(C3CCCC4CCCC43)CCC2C1
C1CCC(C2CCC3CC4C(CCCCC45CCCC5)CC32)CC1
C1CCC(C2CCC3CC4C(CCC5C6CCC(CCCC7CCC8CCCCC8C7)C6CCC45)CC32)CC1
C1CCC(CCC2CCCC3CCC(C4CCCC5CCCC54)CC23)CC1
C1CCC(C2CC3CCCC3C3CCC4CCCCC4C23)CC1
C1CCC(C2CCC3CCC4C(CCC5C6CCC(CCCC7CC8CCCCC8C7)C6CCC45)CC32)CC1
C1CCC(CCCCCC2CC3CCCCC3C2)CC1
C1CCC2CCC3C4CCCC4CC(C4CCC(C5CCCC5)CC4)C3C2CC1
C(CCC1CCCC2CCCCC12)CC1CCCC2CCCCC12
C1CCC(CCCC2CCC3C(CCC3C3CCCCC3)C2)CC1
C1CCC2CC(C3CCCC4CCCC43)CCC2C1
C1CCC2C(C1)CCC1CCCCC12
C1CCC(C2CCC3CC4C(CCC5C6CCC(CCCC7CCC8CCCCC8C7)C6CCCC45)CC32)CC1
C(CCC1CCCC2CCCCC12)CC1CC2CCCCC2C1
C1CCC(CCCCC2CCC3CCC(C4CCCC5CCCC54)CC3C2)CC1
C1CCC2CC(C3CCCC4CCCC43)CCC2C1
C1CCC(C2CCCCC2CC2CCC3CCCCC3C3CCC4CCCCC4C23)CC1
C1CCC(CCC2CCC3C2CCC(C2CCCCC2)C2C4CCCCC4CCC32)CC1
C1CCC(CCC2CCC3C2CCC2C4CCCCC4CCC32)C1
C(CCC1CCCC2CCCCC12)CC1CCCC2CCCCC12
C1CCC(CCCC2CCC3C2CCC2C4CC5CCC(C6CCCCCC6)C5CC4CCC32)CC1
C1CCC(C2CCCC(CC3CC4CCCCC4C4CCC5CCCCC5C4C3)C2)C1
C1CCC(C2CCC3CC4C(CCC5C6CCCC(CCCC7CCC8CCCCC8C7)C6CCC45)CC32)CC1
C1CCC(C2CC3CCCC3C3CCC4CCCCC4C23)CC1
C1CCC(CCCC2CCC3CCCC3C2)CC1
C1CCC2C(C1)CCC1C3CCCCC3CCC21
C1CCC(CC2CC3CCCCC3C3CCC4CCCCC4C23)CC1
C1CCC2CC(C3CCCC4CCCC43)CCC2C1
C1CCC2C(C1)CCC1C3CCCCC3CCC21
C1CCC(CCCCC2CC3CCCCC3C2)CC1
C1CCC2CCC3C4CCCC4CCC3C2CC1
C1CCC(C2CC3CCCCC3C3CCCCC23)CC1
C1CCC(C2CCC3CC4C(CCCC5C6CCC(CCCC7CC8CCCCC8C7)C6CCC45)CC32)CC1
C(CCCC1CCCC2C(C3CCCCC3)CCC12)CCC1CCCCC1
C1CCC(CCCC(CCC2CCC3C(CCC3C3CCCCC3)C2)C2CCCCC2)CC1
C1CCC2CCC(C3CCCC4CCCC43)CC2CC1
C1CCC(C2CC3CCCC3C3CCC4CCCCC4C23)CC1
C1CCC(CCC2CCC3C(CC4CCCCC4)CCC3C2)CC1
C1CCC(CCCCC2CC3CCCCC3C2)CC1
C1CCC(CCC2CCC(CCC3CCCC(CC4CCCC4)C3)CC2)CC1
C1CCC2C(C1)CCC1C3CCCC3CCC21
C1CCC2CC(CCCC3CCC4C3CCC3C5CCCCC5CCCC43)CCC2C1
C1CCC(C2CC3CCCC3C3CCC4CCCCC4C23)CC1
C1CCC(CCC2CCC(C3CC3)CC2)CC1
C1CCC2C(C1)CCCC1C2CCC2C3CCCC3CC21
C1CCC(CCCCC2CCC(C3CCC4C(CCC4C4CCCCC4)C3)CC2)CC1
C1CCC(CCCC2CCCC(C3CCC4CC(CCC5CCC6CCCCC6C5)CCC43)C2)CC1
C1CCC2CC(CCCC3CCCC4C3CCC3C5CCCCC5CCC43)CCC2C1
C1CCC2CC(CCCC3CCC4C3CCC3C5CCCCC5CCCC43)CC2C1
C1CCC(CCCCCC2CCCC3C(CC4CCCCC4)CCC23)CC1
C1CCC2C(C1)CCC1C2CCC2C3CCCC3CC21
C(CCCC1CCCCC1)CCCC1CCC(CC2CCCCC2)C1
C1CCC2CCC(C3CCCC4CCCC43)CC2CC1
C1CCC(C2CC3CCCCC3C3CCCCC3C2)CC1
C1CCC(CC2CC3CCCCC3CC3CCC4CCCCC4C32)CC1
C1CCC2CCC(C3CCCC4CCCC43)CC2CC1
C(CCCC1CCCCC1)CCCC1CCC(C2CCCCC2)C1
C1CCC2CC(C3CCCC4CCCC43)CCC2C1
C1CCC(C2CCC3CC4C(CCCC45CCCC5)CC32)CC1
C1CCC(CCCC2CCC3CCC(C4CCCC5CCCC54)CC3C2)CC1
C1CCC(CC2CCC3C(CCC3C3CCCCC3)C2)CC1
C1CCC(CCCCCC2CCCC3C(C4CCCCC4)CCC23)CC1
C1CCC2CCC3C4CCCCC4CC(CC4CCCC5CCCCC54)C3C2CC1
C1CCC2CCC3C4CCCC4CCC3C2CC1
C1CCC2CCC3C(CCC4C3CC3CCCC34CCCC3CCCC3)C2CC1
C1CCC(CCCCCC2CCCC3CCCC23)CC1
C1CCC(C2CCC3CC4C(CCCC45CCC(C4CCCCC4)C(C4CCCCC4)C5)CC32)CC1
C1CCC(CCC2CCC(CCC3CCCC(CC4CCCC4)C3)CC2)CC1
C1CCC(CC2CCC3CC4C(CCC5C6CCC(CCCC7CCCC8CCCCC87)C6CCC45)CC23)CC1
C1CCC(C2CC3CCCC3C3CCC4CCCCC4C23)CC1
C1CCC(C2CCC3CCCC4(CCCCC4)C3C2)CC1
C(CCCC1CCCC2C(C3CCCCC3)CCC12)CCC1CCCCC1
C1CCC(CCCC2CCC3C(CCC4CCCCC43)C2)CC1
C(CCCC1CCCC2C(C3CCCCC3)CCC12)CCC1CC1
C1CCC(C2CC3CCCC3C3CCCC4CCCCC4C23)CC1
C1CCC2C(C1)CCCC2CCCC1CCC2C1CCC1C3CCCCC3CCC21
C1CCC2C(C1)CCC1C3CCCC3CCC21
C1CCC(C2CC3CCCC3C3CCC4CCCCC4C23)CC1
C1CCC(C2CC3CCCC3C3CCC4CCCCC4C23)CC1
C1CCC2C(C1)CCC1C3CCCCC3CCC21
C1CCC2CC3CCC(C4CCCCC4)C3CC2CC1
C1CCC2CC(CC3CCCC4CCCC43)CCC2C1
C1CCC(C2CC3CCCC3C3CCC4CCCCCC4C23)CC1
C1CCC(CCCC2CCC3C(CCC4C5CCCC5CCC34)C2)CC1
C1CCC(CCC2CCC3C(CCC3C3CCCCC3)C2)CC1
C1CCC2C(C1)CCC1C3CCCC3CCC21
C1CCC(CC2CC3CCCCC3C3CCC4CCCCC4C23)CC1
C1CCC(CC2CC3CCCCC3C3CCCCC23)CC1
C(CCC1CCCCC2CCCCC12)CC1CCC2CCCCC2C1
C1CCC(C2CC3CCCC3C3CCC4CCCCC4C23)CC1
C1CCC2CCC(C3CCCC4CCCC43)CC2CC1
C1CCC2C(C1)CCCC1CCCCC12
C1CCC(C2CCCCC2CC2CC3CCCCC3C3CCC4CCCCCC4C23)CC1
C1CCC(C2CCC3CC4C(CCCC4C4CCCC4)CC32)CC1
C1CCC2C(C1)CCC1CCCCC12
C(CCCC1CCCC2C(C3CCCCC3)CCC12)CCC1CCCCC1
C1CCC(CC2CC3CCCCC3C3CCC4CCCCC4C23)C1
C1CCC(CCC(CC2CC3CCCCC3C2)C2CCC2)CC1
C1CCC2C(C1)CCCC1C3CCCC3CCC21
C(CCCC1CCCC2C1CCC2C1CCCC(CC2CC2)C1)CCC1CCCCC1
C1CCC(C2CCCC(CC3CCC4CCCCC4C4CCC5CCCCC5C34)C2)C1
C1CCC(CCC2CCC3C(CCCC4C5CCCC5CCC34)C2)CC1
C1CCC(CCC2CCC3C(CCC4C5CCCC5CCC34)C2)CC1
C1CCC(C2CCC3C(CCC4CCCCC43)C2)CC1
C(CCCC1CCCC2C(C3CCCCC3)CCC12)CCC1CCCCC1
C1CCC(CC2CCCC(CC3CC4CCCCC4CC4CCC5CCCCC5C43)C2)CC1
C1CCC(CCC(CCC2CCCCC2)CCC2CCC3CCCCC3C2)CC1
C1CCC(CCC(CCC2CCC3CCCC3C2)CC2CCCCC2)CC1
C(CCCC1CCCCC1)CCCC1CCC(C2CCCCC2)C1
C1CCC2CCC3C4CCCCC4CC(CC4CCCC4)C3C2CC1
C1CCC2C(C1)CCC1CCCCC12
C1CCC2CC(C3CCCC4CCCC43)CCC2C1
C1CCC(CC2CC3CCCCC3C3CCC4CCCCC4C23)C1
C1CCC(C2CCC3CC4C(CCC5C6CCC(CCCC7CC8CCCCC8C7)C6CCCC45)CC32)CC1
C1CCC2CCC3C4CCCCC4CC(CC4CCCC4)C3C2CC1
C1CCC(C2CCC3CC(C4CCC(CCC5CCCC5)CC4)CCC32)CC1
C1CCC(C2CCC3CC4C(CCCC45CCCCC5)CC32)CC1
C1CCC(CC2CCC3CCCCC3C3CCC4CCCCC4C23)C1
C1CCC(CCCCC2CCC3CCCCC23)CC1
C(CCCCC1CCC(C2CCCCC2)C1)CCCC1CCCCC1
C1CCC2C(C1)CCC1C3CCCC3CCC21
C1CCC(CCCC(CC2CCC3C(CCC3C3CCCCC3)C2)C2CCCCC2)CC1
C1CCC2C(C1)CCC1C3CCCCC3CCCC21
C1CCC(C2CCC3CC4C(CCC32)CCC42CCCC2)CC1
C1CCC2CC(CCCC3CCC4C3CCC3C5CCCCC5CCC43)CCC2C1
C1CCC2CC(C3CCCC4CCCC43)CCC2C1
C1CCC(CC2CCC(C3CC4CCCC4C4CCC5CCCCC5C34)CC2)C1
C1CCC2C(C1)CCCC1CCCCC12
C1CCC(CCC2CCC3C(CC4CCCCC4)CCC3C2)CC1
C1CCC(CCCCC2CC3CCCCC3C2)CC1
C1CCC(CCCCCC2C3CCCCC3CCC2C2CCCC3CCCC32)CC1
C1CCC(CCC2CC3CCCCC3C3CCC4CCCCC4C23)C1
C1CCC(C2CCC3CCC4C(CCC45CCCCC5)CC32)CC1
C(CCCC1CCCCC1)CCCC1CCC(C2CCCCC2)C1
C1CC(C2CCC(C3CC4CCCC4C4CCC5CCCCC5CC34)CC2)C1
C1CCC(CCC2CCC3C(CCC3C3CCCC3)C2)CC1
C1CCC(C2CCCC3C(CCC4CCCCC43)C2)CC1
C1CCC(C2CCC3CC4C(CCCC45CCCC5)CCC32)CC1
C(CCCC1CCCCC1)CCCC1CCC(C2CCCCC2)C1
C1CCC2C(C1)CCC1C3CCCC3CCC21
C1CCC(C2CC3CCCC3C3CCCC4CCCCC4C23)CC1
C1CCC(CCCCCC2CC3CCCCC3C2)CC1
C1CCC(CCCCCC2CC3CCCCC3C2)CC1
C1CCC2CCC3C4CCCCC4CC(CC4CCCC4)C3C2CC1
C1CCC(CCCCC2CCC3CCCCC23)CC1
C1CCC(CCC(CCC2CCC3CCCC3C2)CC2CCCCC2)CC1
C1CCC(C2CCC(CCCCCC3(C4CCCC4)CCCCC4CCCCC43)C2)CC1
C(CCC1CCCCC2CCCCC12)CC1CCC2CCCCC2C1
C(CCCC1CCCCC1)CCCC1CCC(C2CCCCC2)C1
C1CCC(C2CCC3CC4CCCCC4CC32)CC1
C1CCC(CCCCCC2CCCC3C(C4CCCCC4)CCC23)CC1
C1CCC(CCCCCC2CCCC3C(C4CCCCC4)CCC23)CC1
C1CCC(CCC2CCC3C(CCC3C3CCCCC3)C2)CC1
C1CCC2CCC(C3CCCC4CCCC43)CC2CC1
C1CCC(CCCCCC2CCCC3C(C4CCCCC4)CCC23)CC1
C1CCC(CCC2CCC(CCC3CCCC(CC4CCCC4)C3)CC2)CC1
C1CCC(CCCCC2CC3CCCCC3C2)CC1
C1CCC(C2CC3CCCC3C3CCCC4CCCCC4C23)CC1
C(CCCC1CCCC2C(C3CCCCC3)CCC12)CCC1CCC(C2CCCC2)C1
C1CCC(C2CC3CCCC3C3CCC4CCCCC4C23)CC1
C1CCC(CCC2CCC(CCC3CCCCC(CC4CCCC4)C3)CC2)CC1
C1CCC(CCCCC2CC3CCCCC3C2)CC1
C1CCC(C2CCC(CCCCCC3(C4CCCCC4)CCCC3)C2)CC1
C1CCC(CCC2CCCCC3CCC(C4CCCC5CCCC54)CC23)CC1
C1CCC2CC(CC3CCCC4CCCC43)CCC2C1
C(CCCC1CCCCC1)CCCC1CCC(C2CCCCC2)C1
C1CCC(CC2CCC3C(CCCCCC4CCC(C5CCCC5)C4)CCCC23)CC1
C1CCC2CCC(C3CCCC4CCCC43)CC2CC1
C1CCC(CCCCCC2CCCC3C(C4CCCCC4)CCC23)CC1
C1CCC(CCCCCC2CC3CCCCC3C2)CC1
C1CCC2CCCCC2C(CCCCC2CCCC3CCCCC23)C1
C1CCC(CC2CCC3CC4C(CCC45CCCCC5)CC23)CC1
C1CCC2CCC(C3CCCC4CCCC43)CC2CC1
C(CCC1CCC2C1CCC1C3CCCCC3CCC21)CC1CCC2CCCCC2C1
C1CCC(CC2CC3CCCCC3C3CCC4CCCCC4C23)CC1
C1CCC2C(C1)CCC1C3CCCC3CCC21
C(CCC1CCCC2CCCCC12)CC1CCCC2CCCCC12
C(CCCCC1CCC(C2CCCCC2)C1)CCCC1CCCCC1
C1CCC2CCC(C3CCCC4CCCC43)CC2CC1
C1CCCC(C2CCC3CC4C(CCC5C6CCC(CCCC7CC8CCCCC8C7)C6CCC45)CC32)CC1
C1CCC(C2CCC3C(CCCC4CCCCC43)C2)CC1
C1CCC2CCC(C3CCCC4CCCC43)CC2CC1
C1CCC(C2CCC3CC4C(CCC5C6CCC(CCCC7CC8CCCCC8C7)C6CCC45)CC32)CC1
C1CCC(C2CC3CCCCC3C3CCCCC23)CC1
C1CCC(CCCCCC2CC3CCCCC3C2)CC1
C1CCC(C2CC3CCCCC3C3CCC4CCCCC4C23)CC1
C(CCC1CCC2CCCCC2C1)CCC1CCCC2CCCCC12
C(CCCC1CCCCC1)CCCC1CCC(C2CCCCC2)C1
C1CCC2C(C1)CC(C1CCCC1)C1CCCCC21
C1CCC(C2CCC3CC4C(CCCC5CC5)CCCC4CCC32)CC1
C1CCC(C2CCC3CCC4C(CCC5C6CCC(CCCC7CC8CCCCC8C7)C6CCC45)CC32)CC1
C(CCCC1CCCCC1)CCCC1CCC(C2CCCCC2)C1
C(CCC1CCCC2CCCCC12)CCC1CCCC2CCCCC12
C1CCC(CCC2CCC(CCCC3CCCC(CC4CCCC4)C3)CC2)CC1
C1CCC2C(C1)CC(C1CCCC3CCCCC31)C1CCCCC21
C1CCC(CC2CC3CCCC3C3CCC4CCCCC4C23)CC1
C1CCC(CCCC2CCC3CCC(C4CCCC5CCCC54)CC3C2)CC1
C1CCC(C2CC3CCCC3C3CCC4CCCCC4C23)CC1
C1CCC(C2CC3CCCC3C3CCC4CCCCCC4C23)CC1
C1CCC2C(C1)CCC1C3CCCC3CCCC21
C(CCC1CCCC2CCCCC12)CC1CCCC2CCCCC12
C1CCC2C(C1)CCC1C3CCCC3CCC21
C1CCC(CCC2(CCCC3CC4CCCCC4C3)CCC3C4CCC5CCCCC5C4CCC32)C1
C1CCC(C2CC3CCCC3C3CCC4CCCCC4C23)CC1
C1CCC2CCC(C3CCCC4CCCC43)CC2CC1
C1CCC2CC(CC3CCCC4CCCC43)CCC2C1
C1CCC2CCC3C4CCCC4CCC3C2CC1
C1CCC(CCCCCC2CCC3CCCCC23)CC1
C1CCC2C(C1)CCC1C2CCCC2C3CCCC3CC21
C1CCC(C2CCC3CC4C(CCCC45CCCCC5)CC32)CC1
C1CCC(CCCCC2CC3CCCCC3C2)CC1
C1CCC(C2CCC(CC3CC4CCCCC4C4CCC5CCCCCC5C34)CC2)CC1
C1CCC(CCC2CCC3C(CCC4CC(C5CCCCC5)CCC43)C2)CC1
C1CCC(CC2CCC3C(CCC3C3CCCCC3)C2)CC1
C1CCC(CCC2CCC3C(CCC3C3CCCCC3)C2)CC1
C1CCC2C(C1)CC(C1CCCC3CCCC31)C1CCCC21
C1CCC(C2CCC3CC4C(CCC5C6CCC(CCCCC7CCC8CCCCC8C7)C6CCC45)CC32)CC1
C(CCCC1CCC2CCCC2C1)CCC1CCCCC1
C1CCC(CC2CC3CCCCC3C3CCC4CCCCCC4C23)CC1
C1CCC(C2CCC3CC4C(CCC45CCCCCC5)CC32)CC1
C1CCC(CCC2CCC(CCC3CCCCC3)CC2)CC1
C1CCC(C2CC3CCCC3C3CCC4CCCCCC4C23)CC1
C1CCC(C2CCC3C(CCCCCC4CCC(C5CCCC5)C4)CCCC23)CC1
C1CCC(CCCCC2CC3CCCCC3C2)CC1
C1CCC(C2CC3CCCC3C3CCC4CCCCC4C23)CC1
C1CCC(CC2CCC3C(CCC3C3CCCCC3)C2)CC1
C(CCCC1CCCC2C1CCC2C1CCCC(CC2CCCC2)C1)CCC1CCCCC1
C1CCC(C2CCC3(CCC4CCC5C(CCC5C5CCCCC5)CC43)C2)CC1
C1CCC(C2CCCCC2CC2CC3CCCCC3CC3CCC4CCCCC4C32)CC1
C1CCC2CCC(C3CCCC4CCCC43)CC2CC1
C1CCC(CCC(CC2CC3CCCCC3C2)C2CC2)CC1
C1CCC2C(C1)CCC1C3CCCC3CCC21
C1CCC(CCCC2(CCC3CCCC3)CCC3C4CCC5CCCCC5C4CCC32)C1
C1CCC(C2CCC3CC4C(CCC5C6CCC(CCCC7CC8CCCCC8C7)C6CCCC45)CC32)CC1
C1CCC2C(C1)CCCC1C3CCCC3CCC21
C1CCC(C2CCC3C(CCCCCC4CCC(C5CCCC5)C4)CCCC23)CC1
C(CCC1CCCC2CCCCC12)CC1CC2CCCCC2C1
C1CCC(CCC2CCC3C(CC4CCCC4)CCC3C2)CC1
C1CCC2CCC(C3CCCC4CCCC43)CC2CC1
C(CCC1CCCC2CCCC12)CC1CC2CCCCC2C1
C1CCC(C2CCC(C3CC4CCCC4C4CCC5CCCCC5C34)CC2)C1
C1CCC(C2CCC3CC4C(CCCC45CCCC5)CCC32)CC1
C1CCC2CC(CCCC3CCC4C3CCC3C5CCCCC5CCC43)CC2C1
C1CCC(CCC2CCC3C(CCC3C3CCCCC3)C2)CC1
C1CCC(C2CC3CCCC3C3CCC4CCCCCC4C23)CC1
C1CCC(CCCC2CC3CCCCC3C2C2CCCCC2)CC1
C1CCC2CCC3C4CCCCC4CCC3C2CC1
C1CCC(CCCCC2CC3CCCCC3C2)CC1
C1CCC(CC2CCC3CC4C(CC5CC6CCCCC6C5)CCCC4CC23)CC1
C1CCC(CCCCCC2CC3CCCCC3C2)CC1
C(CCC1CCCC2CCCCC12)CC1CCCC2CCCCC12
C1CCC(C2CC3CCCCC3CC3CCCCC32)CC1
C1CCC2C(C1)CCC1C3CCCC3CCC21
C1CCC2CCC(C3CCCC4CCCC43)CC2CC1
C1CCC(CCC2CCC3C(CCC3C3CCCCC3)C2)CC1
C1CCC(CCCCCC2CCC3CCCCC23)CC1
C1CCC(CCCC2CCCC3CCC(C4CCCC5CCCC54)CC3C2)CC1
C1CCC(C2CCC3CC4C(CCCCC45CCCC5)CC32)CC1
C1CCC(C2CC3CCCC3C3CCCC4CCCCC4C23)CC1
C1CCC(C2CC3CCCC3C3CCC4CCCCC4C23)CC1
C1CCC2C(C1)CCC1C3CCCCC3CCC21
C1CCC(CC2CCC(CC(CC3CCCCC3)C3CCCCC3)CC2)CC1
C1CCC(CC2CC3CCCCC3CC3CCC4CCCCC4C32)CC1
C1CCC(CCCCCC2CCC3C2CCC2C4CCCCC4CCC32)CC1
C1CCC(CCCCC2CC3CCCCC3C2)CC1
C(CCCC1CCCCC1)CCCC1CCC(C2CCCCC2)C1
C1CCC(CC2CC3CCCCC3C3CCC4CCCCCC4C23)CC1
C1CCC(CCCCC2CCC3C2CCC2C4CCCCC4CCCC32)CC1
C1CCC(CCC2CCC(C3CC3)CC2)CC1
C1CCC(C2CC3CCCC3C3CCCC4CCCCC4C23)CC1
C(CCC1CCCC2CCCC12)CC1CC2CCCCC2C1
C1CCC2CC(C3CCCC4CCCC43)C3CCCC3C2CC1
C1CCC(CCC2CCC(C3CCC4C(CCC4C4CCCCC4)C3)CC2)CC1
C1CCC(CCCCCC2CC3CCCCC3C2)CC1
C1CCC(C2CC3CCCCC3C3CCC4CCCCC4C23)CC1
C(CCCC1CCCC2C(C3CCCCC3)CCC12)CCC1CCCCC1
C(CCC1CCCC2CCCCC12)CC1CCC2CCCCC2C1
C1CCC2CC(C3CCCC4CCCC43)CCC2C1
C1CCC(C2CCC3CCC4C(CCC5C6CCC(CCCC7CC8CCCCC8C7)C6CCC45)CC32)CC1
C1CCC2CCC(C3CCCC4CCCC43)CC2CC1
C(CCCC1CCCC2C(C3CCCCC3)CCC12)CCC1CCCCC1
C1CCC2C(C1)CCC1C3CCCC3CCC21
C(CCCC1CCCCC1)CCCC1CCC(C2CCCCC2)C1
C1CCC(C2CC3CCCC3CC3CCC4CCCCC4C32)CC1
C1CCC2CCC3C4CCCC4CCC3C2CC1
C1CCC(CCCCC2CC3CCCCC3C2)CC1
C1CCC(CCCCCC2CC3CCCCC3C2)CC1
C1CCC(C2CC3CCCC3C3CCCC4CCCCC4C23)CC1
C(CCC1CCCC2CCCC12)CC1CC2CCCCC2C1
C1CCC(CCCCC2CC3CCCCC3C2)CC1
C1CCC(CCC2CCC(CCC3CCCC(CC4CCCC4)C3)CC2)CC1
C1CCC(CCCCC2CC3CCCCC3C2)CC1
C1CCC(C2CCC3CC4C(CCC5C6CCC(CCCC7CCCC8CCCCC87)C6CCC45)CC32)CC1
C1CCC2CCC3C4CCC(CCCC5CC6CCCCC6C5)C4CCC3C2CC1
C(CCCCC1CCC(C2CCCCC2)C1)CCCC1CCCCC1
C1CCC(CC2CC3CCCCC3C3CCC4CCCCC4C23)CC1
C1CCC2CC3CCC(C4CCCCC4)C3CC2CC1
C1CCC(C2CC3CCCC3C3CCC4CCCCC4C23)CC1
C1CCC(CC(CC2CCCCC2)C2CCCCC2)CC1
C1CCC2C(C1)CC(C1CCCC3CCCC31)C1CCCCC21
C1CCC(C2CC3CCCCC3C3CCC(CCC4CCCC4)CC23)CC1
C1CCC2CCC3CCCCC3C2CC1
C(CCCC1CCCC2C(C3CCCCC3)CCC12)CCC1CCCCC1
C1CCC(CC2CCCC(C3CCC4CC(CCC5CCC6CCCCC6C5)CCC43)C2)C1
C1CCC(CCCC(CC2CC3CCCCC3C2)C2CC2)CC1
C1CCC(CCCC2(CCC3CCCC3)CCC3C4CCC5CCCCC5C4CCC32)CC1
C1CCC(C2CC3CCCC3C3CCC4CCCCC4C23)CC1
C1CCC(CC2CCCC(CC3CCC4CCCCC4C4CCC5CCCCC5C34)C2)CC1
C1CCC(CCCC2CCCC3CCC(C4CCCC5CCCC54)CC3C2)CC1
C1CCC(CCCCC2CC3CCCCC3C2)CC1
C1CCC2C(C1)CCCC1CCCCC12
C1CCC(CCCC2CCC3CCCC3C2)CC1
C1CCC(CCCC2CCC(C3CCC4C(CCC4C4CCCCC4)C3)CC2)CC1
C(CCCCCCC1CCC2C1CCC1C3CCCCCC3CCC21)CCCCCC1CCC(CCC2CCC(CCC3CCCC3)C2)C1
C1CCC2CCC(C3CCCC4CCCC43)CC2CC1
C1CCC(CCCCC2CC3CCCCC3C2)CC1
C1CCC(CCCCC2CC3CCCCC3C2)CC1
C1CCC(CCCCCC2CCCC3C(C4CCCCC4)CCC23)CC1
C1CCC2C(C1)CCC1C3CCCC3CCC21
C1CCC(CCCCCC2CC3CCCCC3C2)CC1
C(CCCC1CCCCC1)CCCC1CCC(C2CCCCC2)C1
C1CCC(CC2CC3CCCCC3C3CCC4CCCCC4C23)CC1
C1CCC2CCC3C4CCCCC4CC(CC4CCCC4)C3C2CC1
C1CCC(CCCCC2CC3CCCCC3C2)CC1
C1CCC(CCC2CCC(CC3CC3)CC2)CC1
C1CCC(CCC(CCC2CCC3CCCC3C2)CC2CCCCC2)CC1
C1CCC2CC(CCCC3CCC4C3CCC3C5CCCCC5CCC43)CCC2C1
C(CCCC1CCCCC1)CCCC1CCC(C2CCCCC2)C1
C1CCC(C2CC3CCCC3C3CCCC4CCCCC4C23)CC1
C1CCC2C(C1)CCC1C2CCC2C3CCCC3CC21
C1CCC(CCCCC2CCC3CCCCC23)CC1
C1CCC2CC(C3CCCC4CCCC43)CCC2C1
C1CCC(C2CC3CCCC3C3CCC4CCCCC4C23)CC1
C(CCCC1CCCC2C(C3CCCCC3)CCC12)CCC1CC1
C1CCC2CC(CCCC3CCC4C3CCC3C5CCCCC5CCCC43)CC2C1
C1CCC(CCCCCC2CCC3CCCCC23)CC1
C1CCC(CCC2CCC(C3CC3)CC2)CC1
C1CCC(CCCCC2CC3CCCCC3C2)CC1
C1CCC(CC2CCC3C(CCC3C3CCCCC3)C2)CC1
C(CCCC1CCCCC1)CCCC1CCC(C2CCCCC2)C1
C1CCC(C2CCC3CC4C(CCC5C6CCC(CCCCC7CC8CCCCC8C7)C6CCC45)CC32)CC1
C1CCC(C2CCC3C(CCC4CCCCC43)C2)CC1
C(CCC1CCC2C1CCC1C3CCCCC3CCC21)CC1CCC2CCCCC2C1
C1CCC(C2CCC3CC4C(CCC5C6CCC(CCCC7CCC8CCCCC8C7)C6CCC45)CC32)CC1
C1CCC2CCC3C4CCCCC4CCC3C2CC1
C1CCC(CCC2CCC(C3CCC4C(CCC4C4CCCCC4)C3)CC2)CC1
C(CCCC1CCCC2C(C3CCCCC3)CCC12)CCC1CCCCC1
C1CCC(CCCC2CCCC3CC4C(CCC4C4CCCCC4)CC23)CC1
C1CCC(C2CC3CCCCC3C3CCCCC23)CC1
C1CCC(CCCC2CCC3C(CCC4C5CCCC5CCC34)C2)CC1
C(CCC1CCCC2CCCCC12)CC1CC2CCCCC2C1
C(CCCC1CCCC2C(C3CCCCC3)CCC12)CCC1CCCCC1
C1CCC(C2CCC(CCCC3CCC4C3CCC3C5CCCCCC5CCC43)C2)CC1
C1CCC(CCCCC2CC3CCCCC3C2)CC1
C1CCC(CC2CC3CCCCC3C3CCC4CCCCC4C23)C1
C1CCC(CC2CCC(CC(CC3CCCCC3)C3CCCCC3)CC2)CC1
C1CCC(CC(CC2CCCCC2)C2CCCCC2)CC1
C1CCC2C(C1)CCC1C3CCCC3CCC21
C(CCCC1CCCC2C(C3CCCCC3)CCC12)CCC1CCCCC1
C1CCC(C2CCC3CC4C(CCCC5C6CCC(CCCC7CCCC8CCCCC87)C6CCC45)CC32)CC1
C1CCC(CCCCCC2CC3CCCCC3C2)CC1
C1CCC2CCC3C4CCC(CCCC5CC6CCCCC6C5)C4CCC3C2CC1
C(CCCCC1CCC(C2CCCCC2)C1)CCCC1CCCCC1
C1CCC(CCC2CCC3C(CCC3C3CCCCC3)C2)CC1
C(CCCCC1CCC(C2CCCCC2)C1)CCCC1CCCCC1
C1CCC(CCCCCC2CC3CCCCC3C2)CC1
C1CCC(CCC2CCC3C(CCC3C3CCCCC3)C2)CC1
C1CCC(CCC2CCC3C(CCC3C3CCCCC3)C2)CC1
C1CCC2CCC(C3CCCC4CCCC43)CC2CC1
C1CCC(C2CCC3CCCC3C3CCC4CCCCC4C23)CC1
C1CCC(CCCCCC2CCCC3CCC(C4CCCCC4)CC23)CC1
C1CCC(CC2CC3CCCCC3C3CCC4CCCCC4C23)CC1
C1CCC(CCCC2CCC3C(CCC3C3CCCCC3)C2)CC1
C1CCC(CCCCC2CC3CCCCC3C2)CC1
C1CCC(C2CC3CCCC3C3CCC4CCCCCC4C23)CC1
C1CCC(CCC2CCC3C(CCC3C3CCCCC3)C2)CC1
C1CCC(CCCCC2CCC3CCCCC23)CC1
C1CCC(CCCCC2CC3CCCCC3C2)CC1
C1CCC(C2CCC3CCCC3C3CCC4CCCCC4C23)CC1
C1CCC(CC2CC3CCCCC3CC3CCC4CCCCC4C32)CC1
C1CCC(CCC2CCC(CCC3CCCC(CC4CCCC4)CC3)CC2)CC1
C(CCC1CCCC2CCCCC12)CCC1CCCC2CCCCC12
C1CCC(CCCCCC2CC3CCCCC3C2)CC1
C(CCCC1CCCCC1)CCC1CCCCC1
C1CCC(C2CCC3C(CCC4CCCCC43)C2)CC1
C(CCC1CCCCC2CCCCC12)CC1CCC2CCCCC2C1
C1CCC(C2CC3CCCC3C3CCC4CCCCC4C23)CC1
C1CCC2CC(CCCC3CCC4C3CCC3C5CCCCC5CCC43)CC2C1
C(CCC1CCC2CCCCC2C1)CCC1CCCC2CCCCC12
C1CCC(CCC2CCC3C(CCC4C5CCCC5CC(CCC5CCCCC5)C34)C2)CC1
C(CCC1CCCC2CCCCC12)CC1CCC2CCCCC2C1
C1CCC(CC2CCC(CCCCCC3CCCC4CCCCC34)C2)CC1
C1CCC(CCC2CC3CCCC3C3CCC4CCCCC4C23)CC1
C1CCC(C2CCC3CCCC3C3CCC4CCCCCC4C23)CC1
C(CCC1CCC2C1CCC1C3CCCCC3CCC21)CC1CC2CCCCC2C1
C1CCC2CCC3C4CCCC4CCC3C2CC1
C1CCC(CCC2CCC3C(CCCC4C5CCCC5CC(CCC5CCCCC5)C34)C2)CC1
C1CCC(C2CCC3CC4C(CCC5C6CCCC(CCCC7CCC8CCCCC8C7)C6CCC45)CC32)CC1
C1CCC(C2CC3CCCC3C3CCC4CCCCC4C23)CC1
C1CCC(CCCCC2CC3CCCCC3C2)CC1
C1CCC2C(C1)CCCC2CCCC1CCC2C1CCCC1C3CCCCC3CCC12
C1CCC(CCCCC2CC3CCCCC3C2)CC1
C1CCC2C(C1)CCC1C3CCCC3CCC21
C1CCC(CCCCC2CCC3CCCCC23)CC1
C1CCC2C(C1)CCC1C3CCCC3CCC21
C1CCC(C2CCC3CC4C(CCCC45CCCC5)CC32)CC1
C1CCC2CC3CCC(C4CCCCC4)C3CC2CC1
C1CCC(C2CCC3CC4C(CCC45CCCC5)CC32)CC1
C1CCC(CC2CCCC(C3CCC4CC(CCC5CCC6CCCCC6C5)CCC43)C2)C1
C(CCC1CCC2C1CCC1C3CCCCC3CCC21)CC1CCC2CCCCC2C1
C1CCC(C2CC3CCCC3C3CCC4CCCCC4C23)CC1
C1CCC(CCCC2CCCC(C3CCC4CC(CCC5CCC6CCCCC6C5)CCC43)C2)CC1
C1CCC(CC2CCC(CC(CC3CCCCC3)C3CCCCC3)CC2)CC1
C1CCC2C(C1)CC(C1CCCC3CCCC31)C1CCCC21
C1CCC2CC(C3CCCC4CCCC43)CCC2C1
C1CCC(C2CCC3CCC4(CCCCC4C4CCCCC4)CCC32)CC1
C1CCC(CCCCC2CCC3CCCCC3C2)C2CCCCC2CC1
C1CCC(C2CCC3CC4CCCCC4CC32)CC1
C1CCC(CCCCC2CCC3C2CCC2C4CCCCC4CCC32)CC1
C1CCC2C(C1)CCC1C3CCCCC3CCC21
C(CCC1CCCC2CCCCC12)CC1CCC2CCCCC2C1
C1CCC(C2CCC(CCCC3CCC4C3CCC3C5CCCCC5CCCC43)C2)CC1
C1CCC2CC(CC3CCCC4CCCC43)CCC2C1
C1CCC(CCC2CCC3C(CCC3C3CCCCC3)C2)CC1
C1CCC(CCCC(CCC2CCC3CCCC3C2)CC2CCCCC2)CC1
C1CCC(CC2CCCCC2CC2CC3CCCCC3CC3CCC4CCCCC4C32)CC1
C1CCC2CC(C3CCCC4CCCC43)CCC2C1
C1CCC2CC(C3CCCC4CCCC43)CCC2C1
C1CCC(CCC2CCC3C(CCC3C3CCCCC3)C2)CC1
C1CCC(C2CCC3C(CCC4CCCCC43)C2)CC1
C1CCC2CC(CCCC3CCC4C3CCC3C5CCCCC5CCCC43)CC2C1
C1CCC(CCCCC2C(CC3CCCC4CCCC43)CCC3CCCCC32)CC1
C1CCC2CC(C3CCCC4CCCC43)CCC2C1
C1CCC(CCCCC2CCC3CCCCC23)CC1
C1CCC(CCCCCC2CCC3CCCCC23)CC1
C1CCC(C2CCC3CC4C(CCC5C6CCC(CCCCC7CC8CCCCC8C7)C6CCC45)CC32)CC1
C1CCC2CC(CCCC3CCC4C3CCC3C5CCCCC5CCCC43)CC2C1
C1CCC(CCC2CCCCC2)CC1
C1CCC(CCCCC2CC3CCCCC3C2)CC1
C1CCC(C2CC3CCCC3C3CCC4CCCCCC4C23)CC1
C1CCC(CCC2CCC3C(CCC4C5CCCC5CCC34)C2)CC1
C1CCC2CC(CCCC3CCC4C3CCCC3C5CCCCC5CCC34)CCC2C1
C1CCC(CCCCC2CCC3CCCCC23)CC1
C1CCC(C2CCC3CCC4CCCCC4C3CC2)CC1
C1CCC(CCCCCC2CCCC3C(C4CCCCC4)CCC23)CC1
C1CCC(CCCCC2CC3CCCCC3C2)CC1
C1CCC(CCCCC2CC3CCCCC3C2)CC1
C1CCC(C2CC3CCCC3CC3CCC4CCCCC4C32)CC1
C1CCC2CCC3C4CCCC4CC(C4CCC(C5CCC(CCCCC6CCC7C(CCC8C9CCCC9CCC78)C6)CC5)CC4)C3C2CC1
C1CCC(CCCC(CC2CCC3C(CCC3C3CCCCC3)C2)C2CCCCC2)CC1
C1CCC(C2CC3CCCCC3CC3CCCCC32)CC1
C1CCC(C2CCC3C(CCC4CCCCC43)C2)C1
C1CCC(CC2CC3CCCCC3C3CCC4CCCCC4C3C2)C1
C1CCC2C(C1)CCC1C3CCCC3CCC21
C1CCC(CCCCCC2CC3CCCCC3C2)CC1
C(CCCC1CCCC2C(C3CCCCC3)CCC12)CCC1CCCCC1
C1CCC(CCCCC2CC3CCCCC3C2)CC1
C1CCC2C(C1)CCC1C3CCCC3CCC21
C1CCCC(CC2CCCC2CC2CC3CCCCC3C3CCC4CCCCC4C23)CC1
C1CCC(CCCCC2CC3CCCCC3C2)CC1
C1CCC(C2CCC3CC4C5CCC6CCCC6C(CCC4CC32)C5)CC1
C1CCC(CCCCCC2CCC3CCCCC23)CC1
C1CCC(CC2CCC(CC(CC3CCCCC3)C3CCCCC3)CC2)CC1
C1CCC(C2CCC3CCC4C(CCC5C6CCC(CCCC7CC8CCCCC8C7)C6CCC45)CC32)CC1
C1CCC(C2CCC3C(CCC4CCCCC43)C2)CC1
C1CCC2CC(C3CCCC4CCCC43)CCC2C1
C(CCC1CCC2C1CCC1C3CCCCC3CCC21)CC1CCCC2CCCCC12
C1CCC(CC2CCC3CC4C(CCC45CCC(C4CCCCC4)C5)CC23)CC1
C1CCC(CCC2(CCCC3CCC4CCCCC4C3)CCC3C4CCC5CCCCC5C(CCC32)C4)C1
C(CCC1CCCC2CCCCC12)CCC1CCCC2CCCCC12
C(CCC1CCC2C(CCC3C4CCCC4CCC23)C1)CC1CCC(C2CCC(C3CC4CCCC4C4CCC5CCCCC5C34)CC2)CC1
C1CCC2CCC3C4CCCC4CCC3C2CC1
C(CCCC1CCCCC1)CCCC1CCC(CC2CCCCC2)C1
C(CCC1CCCC2CCCC12)CC1CC2CCCCC2C1
C1CCC2C(C1)CCC1C3CCCC3CCC21
C(CCCC1CCCC2C(C3CCCCC3)CCC12)CCC1CCCCC1
C1CCC(CCC2CCC3C(CCC3C3CCCCC3)C2)CC1
C1CCC(CCC2CCC(CCC3CCCC(CC4CCCC4)C3)CC2)CC1
C1CCC(CC2CCC(C3CC4CCCC4C4CCC5CCCCC5C34)CC2)CC1
C(CCCC1CCCC2C(C3CCCCC3)CCC12)CCC1CCCCC1
C1CCC2CC(CCCC3CCC4C3CCC3C5CCCCC5CCCC43)CC2C1
C1CCC(CC2CC3CCCCC3C3CCC4CCCCC4C23)CC1
C1CCC2CCC3C4CCCC4CCC3C2CC1
C1CCC(CCC(CCC2CCC3CCCCC3C2)CC2CCCCC2)CC1
C(CCC1CCCC2CCCCC12)CC1CCCC2CCCCC12
C1CCC(C2CC3CCCCC3C3CCCCC23)CC1
C1CCC2CCC3CCCCC3C2CC1
C1CCC(CCC(CCCC2CCC3CCCC3C2)CC2CCCCC2)CC1
C1CCC(CC2CCCC2CC2CC3CCCCC3CC3CCC4CCCCC4C32)CC1
C1CCC(CCCCCC2CCCC3C(CC4CCCCC4)CCC23)CC1
C1CCC(C2CCC3CC4C(CCCC45CC(C4CCCCC4)C(C4CCCCC4)C5)CCC32)CC1
C1CCC(C2CC3CCCC3C3CCC4CCCCCC4C23)CC1
C1CCC(CCCCCC2CCCC3C(CC4CCCCC4)CCC23)CC1
C1CCC2CC(CCCC3CCC4C3CCCC3C5CCCCC5CCC34)CC2C1
C(CCC1(C2CCCC2)CCCCC2CCCCC21)CC1CCC2CCCCC2C1
C1CCC2CCC(C3CCCC4CCCC43)CC2CC1
C1CCC2CCC(C3CCCC4CCCC43)CC2CC1
C1CCC2CCC(C3CCCC4CCCC43)CC2CC1
C1CCC(CCCCCC2CCCC3C(C4CCCCC4)CCC23)CC1
C1CCC(CC2CC3CCCCC3C3CCC4CCCCC4C23)CC1
C1CCC(C2CCC(CC3CC4CCCC4C4CCC5CCCCC5C34)CC2)C1
C1CCC(CCC2CCC(CCC3CCCCC3)CC2)CC1
C1CCC(CCCCCC2CCCC3C(CC4CCCCC4)CCC23)CC1
C1CCC2CCC3C4CCC(CCCC5CCCC6CCCCC65)C4CCC3C2CC1
C1CCC2CC(C3CCCC4CCCC43)CCC2C1
C1CCC(C2CCC3CCCC3C3CCC4CCCCC4C23)CC1
C1CCC(CCC(CC2CC3CCCCC3C2)C2CC2)CC1
C1CCC(C2CCC3CC4C(CCC32)CCC42CCCC2)CC1
C1CCC(CC2CC3CCCCC3C3CCC4CCCCC4C23)C1
C(CCC1CCC2C1CCC1C3CCCCC3CCC21)CC1CCCC2CCCCC12
C(CCC1(C2CCCC2)CCCC2CCCCC21)CC1CCC2CCCCC2C1
C1CCC(C2CC3CCCCC3C3CCC4CCCCC4C23)CC1
C1CCC(CCCC2CCC3CCC(C4CCCC5CCCC54)CC3CC2)CC1
C1CCC2CCC(C3CCCC4CCCC43)CC2CC1
C1CCC(CCC2(CCCCC3CCC4CCCCC4C3)CCC3C4CCC5CCCCC5C4CCC32)C1
C1CCC(CCC2CCC3C(CCC3C3CCCC(CCC4CCCCC4)C3)C2)CC1
C1CCC(CCCC2CCCCC2)CC1
C(CCCC1CCCC2C1CCC2C1CCCC(CC2CC2)C1)CCC1CCCCC1
C1CCC2CCC3CCCCC3C2CC1
C1CCC2C(C1)CCC1C3CCCC3CCCC21
C1CCC(CCCCCC2CC3CCCCC3C2)CC1
C1CCC(CCCCC2CCC3CCC(C4CCCC5CCCC54)CC3C2)CC1
C1CCC2C(C1)CCC1C3CCCC3CCC21
C1CCC2C(C1)CCC1C3CCCC3CCC21
C1CCC(C2CC3CCCC3C3CCC4CCCCCC4C23)CC1
C1CCC(CC2CCC3C(CCC3C3CCCCC3)C2)CC1
C1CCC(CCCCC2CC3CCCCC3C2)CC1
C1CCC2CC(CC3CCCC4CCCC43)CCC2C1
C1CCC(CCCCCC2CCC3CCCC3C2)CC1
C1CCC(C2CC3CCCC3C3CCC4CCCCC4C23)CC1
C1CCC2CC(CCCC3CCC4C5CCC6CCCCC6C(CCC34)C5)CC2C1
C1CCC2CC(C3CCCC4CCCC43)C3CCCC3C2CC1
C1CCC(CC2CC3CCCCC3C3CCC4CCCCCC4C23)CC1
C1CCC(C2CC3CCCC3C3CCC4CCCCC4C23)CC1
C1CCC(CCCCCC2CCCC3C(C4CCCCC4)CCC23)CC1
C1CCC(CCCCC2CCC3CCCCC23)CC1
C1CCC(C2CCC3CC4C(CCC5CC6CCCCC6C5)CCCC4CC32)CC1
C1CCC(CC2CCC(CC(CC3CCCCC3)C3CCCCC3)CC2)CC1
C1CCC(CCC2CCC3C(CC4CCCCC4)CCC3C2)CC1
C(CCCC1CCCC2C(C3CCCCC3)CCC12)CCC1CC1
C1CCC(CCC2CCC3C(CCC3C3CCCCC3)C2)CC1
C1CCC(CCCCC2CCC3CCC(C4CCCC5CCCC54)CC3C2)CC1
C1CCC(C2CCC3CC4C(CCC45CCCC5)CC32)CC1
C1CCC(CCCCC2CCC3C2CCC2C4CCCCC4CCC32)CC1
C(CCCCC1CCC(C2CCCCC2)C1)CCCC1CCCCC1
C1CCC(CCC2CCC3C(CCC3C3CCCCC3)C2)CC1
C1CCC(CCC2CCC3C(CCC3C3CCCCC3)C2)CC1
C1CCC(C2CCCC3C(CCC34CCCC4)C3CCC4CCCCC4C23)CC1
C1CCC(CCCCCC2CCCC3C(C4CCCCC4)CCC23)CC1
C1CCC(CCC2CCC(CCC3CCCC(CCC4CCCC4)C3)CC2)CC1
C1CCC(CCCC2CCCC3CC4C(CCC4C4CCCCC4)CC23)CC1
C(CCCC1CCCC2C(C3CCCCC3)CCC12)CCC1CCCCC1
C1CCC(CCCCCC2CCC3CCCCC23)CC1
C1CCC2CCC(C3CCCC4CCCC43)CC2CC1
C1CCC(C2CCC3CCC4CCCCC4CC32)CC1
C1CCC2CC(CCCC3CCC4C3CCC3C5CCCCC5CCCC43)CCC2C1
C1CCC(CCCCC2CCC3CCCCC23)CC1
C1CCC2CC(CCCC3CCCC4CCCCC43)CC2C1
C1CCC(C2CC3CCCC3C3CCCC4CCCCC4C23)CC1
C(CCCC1CCCCC1)CCCC1CCC(CC2CCCCC2)C1
C1CCC(CCC2CCC(CCC3CCCC(CC4CCCC4)C3)CC2)CC1
C1CCC(C2CC3CCCC3C3CCC4CCCCC4C23)CC1
C1CCC(CC2CCC3CC4C(CCC45CCCCC5)CC23)CC1
C(CCCC1CCCC2C(C3CCCCC3)CCC12)CCC1CCCCC1
C1CCC(CCCCC2CCC3CCCCC3C2)CC1
C1CCC2CCC(C3CCCC4CCCC43)CC2CC1
C(CCC1CCCC2CCCCC12)CC1CCC2CCCCC2C1
C1CCC(CC2CC3CCCCC3C3CCC4CCCCCC4C23)CC1
C1CCC(C2CC3CCCC3C3CCC4CCCCC4C23)CC1
C1CCC(CC2CCC3C(CCC3C3CCCCC3)C2)CC1
C(CCC1CCC2C(CCC3C4CCCC4CCC23)C1)CC1CCC(C2CC3CCCC3C3CCC4CCCCC4C23)CC1
C1CCC(CCC2CCC3C(CCC3C3CCCCC3)C2)CC1
C1CCC(CCCCC2CC3CCCCC3C2)CC1
C1CCC(CCC(CCC2CCC3CCCC3C2)CC2CCCCC2)CC1
C1CCC2CCC(C3CCCC4CCCC43)CC2CC1
C1CCC(CC2CCCC(CC3CC4CCCCC4C4CCC5CCCCC5C34)C2)CC1
C1CCC2C(C1)CCC1C3CCCC3CCCC21
C1CCC(C2CCC3CC4C(CCC5C6CCC(CCCC7CCC8CCCCC8C7)C6CCC45)CC32)CC1
C1CCC(CCCC2CCCC3CCC(C4CCCC5CCCC54)CC3C2)CC1
C1CCC(C2CCC(C3CC4CCCC4C4CCCC5CCCCC5C34)CC2)C1
C(CCC1CCCCC2CCCCC12)CC1CCC2CCCCC2C1
C1CCC(CCC(CCC2CC3CCCCC3C2)C2CC2)CC1
C1CCC2CCC3C4CCCCC4CCC3C2CC1
C1CCC(C2CC3CCCC3C3CCCC4CCCCC4C23)CC1
C1CCC(CCCCCC2CCCC3C(C4CCCCC4)CCC23)CC1
C1CCC2C(C1)CCC1C3CCCC3CCC21
C1CCC(C2CC3CCCC3C3CCC4CCCCC4C23)CC1
C1CCC(CCC2CCC3C(CCC3C3CCCC(CC4CCCCC4)C3)C2)CC1
C1CCC2CCC3C4CCCC4CCC3C2CC1
C1CCC2C(C1)CCC1C2CCC2C3CCCC3CC21
C1CCC2CC(CCCC3CCC4C3CCCC3C5CCCCC5CCC34)CC2C1
C1CCC(C2CC3CCCC3C3CCC4CCCCC4C23)CC1
C1CCC(C2CCC3C(CCCC4CCCCC43)C2)CC1
C1CCC(CC2CCC3C(CCC3C3CCCCC3)C2)CC1
C1CCC2CCC3CCCCC3C2CC1
C1CCC(CCC(CCC2CCC3CCCCC3C2)CC2CCCCC2)CC1
C1CCC(CC2CCC3CC4C(CCC45CCCCC5)CC23)CC1
C1CCC(CCC2CCC(CCC3CCCC(CC4CCCC4)CC3)CC2)CC1
C1CCC(CCCCCC2CC3CCCCC3C2)CC1
C1CCC(CCC(CC2CCC(CC3CCCCC3)CC2)C2CCCCC2)CC1
C1CCC(CCC2CCC3C(CCC3C3CCCCC3)C2)CC1
C1CCC2C(C1)CCC1CCCCC12
C1CCC(C2CCC3CC4C(CCC5C6CCC(CCCC7CCC8CCCCC8C7)C6CCC45)CC32)CC1
C1CCC(C2CCC3CCCC3CC3CCC4CCCCC4C32)CC1
C1CCC2CC(CCCC3CCC4C3CCCC3C5CCCCC5CCC34)CC2C1
C1CCC(CCCC2CCC3C(CCC3C3CCCCC3)C2)CC1
C1CCC(C2CC3CCCC3C3CCCC4CCCCC4C23)CC1
C1CCC(CCC2CCC3C(CCC3C3CCCCC3)C2)CC1
C1CCC2C(C1)CCC1C3CCCC3CCCC21
C1CCC(CCCC2CCC3C(CCC3C3CCCCC3)C2)CC1
C1CCC(CCCCCC2CC3CCCCC3C2)CC1
C1CCC2CC(CCCC3CCCC4C3CCC3C5CCCCC5CCC43)CCC2C1
C1CCC2CC(C3CCCC4CCCC43)CCC2C1
C1CCC2C(C1)CCCC1CCCCC12
C1CCC(CCCCC2CC3CCCCC3C2)CC1
C1CCC(CCCCCC2CCCC3C(C4CCCCC4)CCC23)CC1
C1CCC(CCC(CCC2CCC3CCCC3C2)CC2CCCCC2)CC1
C1CCC2C(C1)CCC1C3CCCC3CCC21
C1CCC(C2CCC(CCCCCC3CCCCC4CCCCC34)C2)CC1
C1CCC(CCCCCC2CCC3CCCCC23)CC1
C1CCC(C2CC3CCCC3C3CCC4CCCCC4C23)CC1
C1CCC(CCC(CC2CC3CCCCC3C2)C2CC2)CC1
C(CCCC1CCCC2C(C3CCCCC3)CCC12)CCC1CCCCC1
C1CCC2C(C1)CCCC2CCC1CC2CCCCC2C2CCC3CCCCC3C12
C1CCC(C2CCC3CCCC3C3CCCC4CCCCC4C23)CC1
C1CCC(CCCCCC2CCC3CCCCC23)CC1
C1CCC(CCCCC2CCC3CCCCC3C2)CC1
C1CCC(CC2CCC3CC4CCCCC4CC23)CC1
C1CCC2CC(CCCC3CCC4C3CCC3C5CCCCC5CCC43)CCC2C1
C1CCC2C(C1)CCC1C3CCCC3CCC21
C1CCC2C(C1)CC(C1CCCC3CCCC31)C1CCCC21
C1CCC(CC2CCC(CC(CC3CCCCC3)C3CCCCC3)CC2)CC1
C1CCC(CCCC2(CCC3CCCC3)CCC3C4CCC5CCCCCC5C4CCC32)CC1
C1CCC2CCC(C3CCCC4CCCC43)CC2CC1
C(CCCC1CCCCC1)CCCC1CCC(C2CCCCC2)C1
C1CCC2C(C1)CCC(C1CCCC1)C1CCCCC21
C1CCC(CCCC2CCC3C(CCC3C3CCCCC3)C2)CC1
C1CCC(C2CC3CCCC3C3CCC4CCCCC4C23)CC1
C1CCC(CCC2CCCC3CC4C(CCC4C4CCCCC4)CC23)CC1
C1CCC(CCCCC2CC3CCCCC3C2)CC1
C1CCC2CC(C3CCCC4CCCC43)CCC2C1
C1CCC2CC(C3CCCC4CCCC43)CCC2C1
C1CCC2C(C1)CCCC1C3CCCC3CCC21
C(CCC1CCC2C1CCC1C3CCCCC3CCC21)CC1CCC2CCCCC2C1
C1CCC(C2CC3CCCCC3C3CCC4CCCCC4C23)CC1
C1CCC2CCC3C4CCC(CCCC5CC6CCCCC6C5)C4CCC3C2CC1
C(CCC1CCCC2CCCCC12)CCC1CCCC2CCCCC12
C1CCC2C(C1)CCC(C1CCCC1)C1CCCCC21
C1CCC(CCCCCC2CCCC3C(C4CCCCC4)CCC23)CC1
C1CCC(CCCCC2CC3CCCCC3C2)CC1
C1CCC2CCC3C4CCC(CCCC5CCC6CCCCC6C5)C4CCC3C2CC1
C1CCC(CCC(CCC2CCC3CCCCC3C2)CC2CCCCC2)CC1
C1CCC(CCCCCC2CC3CCCCC3C2)CC1
C1CCC(CCCCC2CC3CCCCC3C2)CC1
C1CCC2CCC3C4CCC(CCCC5CCCC6CCCCC65)C4CCC3C2CC1
C1CCC(CCC2CCC3C(CCC4CCCCC43)C2)CC1
C1CCC(C2CCC3CC4C(CCC5C6CCC(CCCC7CC8CCCCC8C7)C6CCC45)CC32)CC1
C1CCC(C2CC3CCCC3C3CCCC4CCCCC4C23)CC1
C1CCC(C2CCC3C(CCC4CCCCC43)C2)CC1
C1CCC(CCCCCC2CCCC3C(C4CCCCC4)CCC23)CC1
C1CCC(C2CC3CCCC3C3CCCC4CCCCC4C23)CC1
C1CCC(C2CC3CCCC3C3CCC4CCCCC4CC23)CC1
C1CCC(C2CCC3C(CCCCCC4CCC(C5CCCC5)C4)CCCC23)CC1
C1CCC(CCCC2CCC(C3CCC4C(CCC4C4CCCCC4)C3)CC2)CC1
C1CCC(CCCCC2CC3CCCCC3C2)CC1
C1CCC2CC(CCCC3CCCC4C3CCC3C5CCCCC5CCC43)CCC2C1
C1CCC(CCCCC2CC3CCCCC3C2)CC1
C1CCC(CC2CC3CCCCC3C3CCC4CCCCCC4C23)CC1
C1CCC(C2CCCC3C(CCC4CCCCC43)C2)CC1
C1CCC(CCC2CCC3C(CCC4C5CCCC5CC(CCC5CCCCC5)C34)C2)CC1
C1CCC(C2CCC3C(CCC3C3CCCCC3)C2)CC1
C1CCC2CC(CCCC3CCC4C3CCC3CC5CCCCC5CCC34)CCC2C1
C(CCCC1CCCC2C(C3CCCCC3)CCC12)CCC1CCCCC1
C1CCC(C2CC3C(CCC34CCCC4)CC3CCC4CCCCC4C32)CC1
C1CCC(C2CC3CCCC3C3CCC4CCCCC4C23)CC1
C1CCC2CCC(C3CCCC4CCCC43)CC2CC1
C1CCC(C2CCCCC2CC2CC3CCCCC3C3CCC4CCCCC4C23)CC1
C(CCCC1CCCC2C(C3CCCCC3)CCC12)CCC1CCCCC1
C1CCC(C2CC3CCCCC3C3CCCCC23)CC1
C1CCC(CC2CC3CCCCC3C3CCC4CCCCC4C23)CC1
C(CCC1CCCC2CCCCC12)CC1CCC2CCCCC2C1
C1CCC(C2CC3CCCC3C3CCC4CCCCC4C23)CC1
C1CCC(CCC2CCC(C3CC3)CC2)CC1
C1CCC(CCCCC2CCC3CCCCC23)CC1
C1CCC(CCCCC2CC3CCCCC3C2)CC1
C1CCC2CCC3C4CCC(CCCC5CC6CCCCC6C5)C4CCC3C2CC1
C1CCC2CCC(C3CCCC4CCCC43)CC2CC1
C1CCC(CCCC(CCC2CCC3CCCC3C2)CC2CCCCC2)CC1
C1CCC(C2CCC(CCCCCC3CCCCC4CCCCC34)C2)CC1
C1CCC(CCCCCC2CC3CCCCC3C2)CC1
C(CCCC1CCCC2CCCC12)CCC1CCCCC1
C1CCC(CCCC2CCCC3C2CCC2C4CC5CCC(C6CCCCC6)C5CC4CCC32)CC1
C1CCC(CCC(CC2CCC3C(CCC3C3CCCCC3)C2)C2CCCCC2)CC1
C(CCC1CCC2CCCCC2C1)CCC1CCCC2CCCCC12
C1CCC(C2CC3C(CCC4CC4)CCC3C3CCCC4CCCCC4C23)CC1
C1CCC(CCCCC2CCCC3CCC(C4CCCCC4)CC23)CC1
C1CCC2CCC(C3CCCC4CCCC43)CC2CC1
C1CCC(CCC2CCC3C(CCC3C3CCCCC3)C2)CC1
C1CCC(CCCCC2CC3CCCCC3C2)CC1
C1CCC(CCC2CCCCC3CC4C(CCC4C4CCCCC4)CC23)CC1
C1CCC(C2CC3CCCC3C3CCC4CCCCC4C23)CC1
C1CCC(CC2CCC3C(CC4CCCCC4)CCC3C2)CC1
C1CCC(CCCC2CCC(C3CCC4C(CCC4C4CCCCC4)C3)CC2)CC1
C1CCC(C2CC3CCCC3C3CCC4CCCCC4C23)CC1
C1CCC2CC3CCCCC3CCC2C1
C1CCC2CCC3C4CCC(CCCC5CC6CCCCC6C5)C4CCC3C2CC1
C1CCC(CCC2CCC3C(CCCC4C5CCCC5CCC34)C2)CC1
C1CCC(CCCCCC2CC3CCCCC3C2)CC1
C1CCC2C(C1)CCC1CCCCC12
C(CCCCC1CCC(C2CCCCC2)C1)CCCC1CCCCC1
C1CCC(C2CCC3CCCC3C3CCC4CCCCC4C23)CC1
C1CCC2C(C1)CCC1C3CCCC3CCC21
C1CCC(C2CC3CCCC3C3CCC4CCCCC4CC23)CC1
C1CCC(CCC2CCC3C(CCC3C3CCCC(CCC4CCCCC4)C3)C2)CC1
C1CCC(C2CCC3CC4C(CCC5CCCCCC54)CC32)CC1
C1CCC(CC2CC3CCCCC3C2C2CCCCC2)CC1
C1CCC(C2CC3CCCC3C3CCC4CCCCC4C23)CC1
C1CCC(CCC2CCC3C(CCC3C3CCCCC3)C2)CC1
C1CCC2CCC(C3CCCC4CCCC43)CC2CC1
C1CCC2CC(CCCC3CCC4C3CCC3C5CCCCC5CCC43)CC2C1
C1CCC(CCC2CCC(CCC3CCCC(CCC4CCCC4)C3)CC2)CC1
C1CCC(CCCCC2CC3CCCCC3C2)CC1
C1CCC2CCC(C3CCCC4CCCC43)CC2CC1
C1CCC(CC2CC3CCCCC3C3CCC4CCCCC4C23)CC1
C1CCC2C(C1)CCC1C3CCCC3CCC21
C1CCC(CC2CCCCCCC23CCC2C(CCC2C2CCCCC2)C3)CC1
C1CCC(CCCCC2CCC3CCCCC3C2)C2CCCCC2CC1
C1CCC(CCC2CCC3C(CCC4CC3CCC3CCCC34)C2)CC1
C1CCC(CCCCC2CC3CCCCC3C2)CC1
C1CCC2C(C1)CCC1C3CCCC3CCCC21
C(CCCCCCC1CCC(CCC2CCC(CCC3CCCC3)C2)C1)CCCCCCC1CCC2C1CCC1C3CCCCC3CCC21
C1CCC2CC(C3CCCC4CCCC43)CCC2C1
C1CCC(C2CC3CCCC3C3CCC4CCCCC4C23)CC1
C1CCC(C2CCC3CC4(CCCCCCC4C4CCCCC4)CCC32)CC1
C1CCC(CC2CC3CCCCC3CC3CCC4CCCCC4C32)CC1
C1CCC(C2CCC3CC4C(CCC5CCC6CCCCC65)CCCC4CC32)CC1
C1CCC(CCCC2(CCC3CCCC3)CCC3C4CCC5CCCCC5C4CCCC32)CC1
C(CCCC1CCCC2C(C3CCCCC3)CCC12)CCC1CC1
C1CCC(C2CCC3CC4C(CCC45CCCCC5)CC32)CC1
C1CCC(C2CC3CCCC3C3CCCC4CCCCC4C23)CC1
C1CCC(C2CCCC3C(CCC4CCCCC43)C2)CC1
C(CCCCC1CCC2C(CCC3C4CCCC4CCC23)C1)CCCC1CCCC(CC(CC2CCC(CC3CCCCC3)CC2)C2CCCCC2)C1
C1CCC(CCCCC2CC3CCCCC3C2)CC1
C(CCCC1CCCC2C(C3CCCCC3)CCC12)CCC1CCCCC1
C1CCC(CCCC2CCCC3CC4C(CCC4C4CCCCC4)CC23)CC1
C1CCC(C2CCC3CCC(C4CCCC4)CC32)CC1
C1CCC2C(C1)CCC1C3CCCCC3CCC21
C1CCC(CCCCC2CC3CCCCC3C2)CC1
C1CCC(CCC2CCC3C(CCC3C3CCCCC3)C2)CC1
C1CCC2C(C1)CCC1C3CCCC3CCC21
C1CCC(CCCC2CCCC3CC4C(CCC4C4CCCCC4)CC23)CC1
C1CCC2CCC3C4CCC(CCCC5CC6CCCCC6C5)C4CCC3C2CC1
C1CCC(CCC2CCC3C(CCC3C3CCCCC3)C2)CC1
C1CCC(CC23CCCCC2CCC2C4CCCC4CCC23)CC1
C1CCC(CCCCC2CC3CCCCC3C2)CC1
C1CCC(CCCCCC2CC3CCCCC3C2)CC1
C1CCC(CCCCC2CC3CCCCC3C2)CC1
C1CCC(C2CCC3CCC4C(CCC45CCCC5)CC32)CC1
C1CCC(C2CC3CCCC3C3CCC4CCCCCC4C23)CC1
C(CCCC1CCCC2C(C3CCCCC3)CCC12)CCC1CC1
C1CCC(CCCC2CCCC(C3CCC4CC(CCC5CCC6CCCCC6C5)CCC43)C2)CC1
C1CCC(CC2CC3CCCCC3C3CCC4CCCCC4C23)CC1
C(CC1CCC(C2CCCC2)CC1)CC1CCC2CCCC2C1
C1CCC(CCCCCC2CC3CCCCC3C2)CC1
C1CCC(CCC(CCC2CCC3CCCCC3C2)CC2CCCCC2)CC1
C1CCC(C2CCC3CC4C(CCC32)CCC42CCCC2)CC1
C1CCC(C2CCC3CCC4(CCCCC4C4CCCCC4)CCC32)CC1
C1CCC(C2CC3CCCCC3C3CCCCC23)CC1
C1CCC(C2CCC3CC4(CCCCC4C4CCCCC4)CCCC32)CC1
C1CCC(C2CCC(C3CC4CCCC4C4CCCC5CCCCC5C34)CC2)C1
C1CCC(CCCCCC2CCCC3CCCC23)CC1
C1CCC(C2CCCCC2CC2CC3CCCCC3C3CCC4CCCCC4C23)CC1
C1CCC2CC(C3CCCC4CCCC43)CCC2C1
C1CCC(CCCCC2CC3CCCCC3C2)CC1
C1CCC(CC2CC3CCCCC3C3CCCCC23)CC1
C(CCCC1CCCC2C(C3CCCCC3)CCC12)CCC1CCCCC1
C1CCC(C2CC3CCCC3C3CCC4CCCCC4C23)CC1
C1CCC(C2CC3CCCC3C3CCC4CCCCC4CC23)CC1
C1CCC(CCC2CCC3C2CCC(C2CCCCC2)C2C4CCCCC4CCC32)CC1
C1CCC(CCC2CCC(C3CCC3)CC2)CC1
C1CCC(CCCCC2CCCC3CCC(C4CCCC5CCCC54)CC3C2)CC1
C1CCC2C(C1)CCC1C3CCCCC3CCC21
C(CCCC1CCCCC1)CCC1CCCCC1
C1CCC2CCC(C3CCCC4CCCC43)CC2CC1
C1CCC(CC2CCC3C(CC4CCCCC4)CCC3C2)CC1
C1CCC(C2CC3CCCCC3C3CCCCC23)CC1
C1CCC(CCCC2CCC(C3CCC4C(CCC4C4CCCCC4)C3)CC2)CC1
C1CCC(CCCCC2CC3CCCCC3C2)CC1
C1CCC(CCCCCC2CC3CCCCC3C2)CC1
C1CCC(C2CCC3CC4C(CCC5C6CCC(CCCC7CC8CCCCC8C7)C6CCC45)CC32)CC1
C1CCC2C(C1)CCC1C3CCCC3CCC21
C(CCC1CCCC2CCCCC12)CC1CCC2CCCCC2C1
C1CCC(CCC2(CCCC3CCC4CCCCC4C3)CCC3C4CCC5CCCCC5C4CCC32)C1
C1CCC(CCCCC2CC3CCCCC3C2)CC1
C1CCC(CCCC2CCC3C(CCC3C3CCCC(CC4CCCC4)C3)C2)CC1
C1CCC(CCCCC2CCC3CCCCC23)CC1
C1CCC(CCCCCC2CC3CCCCC3C2)CC1
C1CCC2C(C1)CCC1CCCCC12
C1CCC(CCCCC2CC3CCCCC3C2)CC1
C1CCC(CC2CCC(CC(CC3CCCCC3)C3CCCCC3)CC2)CC1
C1CCC(CCCCC2CC3CCCCC3C2)CC1
C1CCC(CC2CCC(CCCCCC3CCCC4CCCCC34)C2)CC1
C1CCC(CCCCC2CC3CCCCC3C2)CC1
C1CCC(CCCCC2CCC3CCCCC23)CC1
C1CCC(CC2CCC3C(CCC3C3CCCCC3)C2)CC1
C1CCC(C2CC3CCCC3C3CCC4CCCCC4C23)CC1
C1CCC(CC(CC2CCCCC2)C2CCCCC2)CC1
C1CCC(CCC2CCCC3CC4C(CCC4C4CCCCC4)CC23)CC1
C1CCC2CC(C3CCCC4CCCC43)CCC2C1
C(CCC1CCCCC2CCCCC12)CC1CCC2CCCCC2C1
C1CCC(CCCC2(CCC3CCCC3)CCC3C4CCC5CCCCC5C4CCC32)C1
C1CCC(C2CCC3CCCC3C3CCC4CCCCC4C23)CC1
C1CCC(C2CCC3CC4C(CCC45CCCCCC5)CC32)CC1
C1CCC(CCCCCC2CCCC3C(C4CCCCC4)CCC23)CC1
C1CCC(C2CCC3(CCC4CC5C(CCC5C5CCCCC5)CCC43)C2)CC1
C1CCC2CCC(C3CCCC4CCCC43)CC2CC1
C1CCC(C2CCC3C(CCCCCC4CC4)CCCC23)CC1
C1CCC(CCCCCC2CCC3CCCCC23)CC1
C1CCC(CC2CCC3CCC(C4CCCC4)CC32)C1
C1CCC(CCC2CCC(C3CCC4C(CCC4C4CCCCC4)C3)CC2)CC1
C1CCC(CCC2CCCCC2)CC1
C1CCC2CCC3C4CCCC4CC(C4CCC(C5CCC5)CC4)C3C2CC1
C1CCC(CCC2CCC3C(CCC3C3CCCCC3)C2)CC1
C1CCC(CCCCC2CC3CCCCC3C2)CC1
C1CCC(C2CCC3CCCC3C3CCC4CCCCC4C23)CC1
C(CCC1CCCC2CCCCC12)CC1CCCC2CCCCC12
C1CCC(C2CCC3CC4C(CCC32)CCC42CCCCC2)CC1
C1CCC2CC(CCCC3CCCC4C3CCC3C5CCCCC5CCC43)CC2C1
C(CCCC1CCCCC1)CCCC1CCC(C2CCCCC2)C1
C1CCC(CCCC2CCC(C3CC3)CC2)CC1
C(CCCC1CCCCC1)CCCC1CCC(C2CCCCC2)C1
C1CCC(CCCCC2CC3CCCCC3C2)CC1
C(CCCC1CCCC2C(C3CCCCC3)CCC12)CCC1CCCCC1
C1CCC(CC2CC3CCCCC3C3CCC4CCCCC4C23)C1
C1CCC(CCCC2CCCC(C3CCC4CC(CCC5CCC6CCCCC6C5)CCC43)C2)CC1
C1CCC(C2CC3CCCC3C3CCC4CCCCC4C23)CC1
C1CCC(CCC2CCC(CCC3CCCC(CC4CCCC4)C3)CC2)CC1
C1CCC2C(C1)CCC1C3CCCC3CCC21
C1CCC2CCC(C3CCCC4CCCC43)CC2CC1
C1CCC(CCCCC2CCC3CCCCC23)CC1
C1CCC2C(C1)CCC1C3CCCCC3CCC21
C1CCC2C(C1)CCC1CCCCC12
C1CCC2CC(C3CCCC4CCCC43)CCC2C1
C1CCC(CC2CC3CCCCC3C3CCC4CCCCC4C23)CC1
C1CCC2C(C1)CC(C1CCCC3CCCC31)C1CCCCC21
C1CCC(CC2CC3CCCCC3CC3CCC4CCCCC4C32)CC1
C1CCC(CCC(CCC2CCC3CCCC3C2)CC2CCCCC2)CC1
C1CCC2C(C1)CCC1C3CCCC3CCC21
C(CCCC1CCCC2C(C3CCCCC3)CCC12)CCC1CCCCC1
C1CCC2C(C1)CCC1C3CCCC3CCC21
C1CCC(CCCCCC2CCCC3C2CCC3C2CCCC(CC3CCCC3)C2)CC1
C1CCC(C2CCC3CC4C(CCCCC45CCCC5)CC32)CC1
C1CCC(CCC2(CCCC3CC4CCCCC4C3)CCC3C4CCC5CCCCC5C4CCCC32)C1
C1CCC(CCCC2CCC3C(CCC4C5CCCC5CCC34)C2)CC1
C1CCC2CCC(C3CCCC4CCCC43)CC2CC1
C1CCC(C2CCC3CC4C(CCC45CCCCC5)CC32)CC1
C1CCC(C2CCC3CC4C(CCC5C6CCC(CCCCC7CCCC8CCCCC78)C6CCC45)CC32)CC1
C1CCC2C(C1)CCC1C3CCCC3CCC21
C1CCC(CCCCCC2CCC3CCCCC23)CC1
C1CCC2CC(C3CCCC4CCCC43)CCC2C1
C1CCC2CC(C3CCCC4CCCC43)CCC2C1
C1CCC(CC(CC2CCCCC2)C2CCCCC2)CC1
C1CCC(C2CCC3CCC4C(CC5CC6CCCCC6C5)CCCC4CC32)CC1
C1CCC(CCCCC2CC3CCCCC3C2)CC1
C(CCC1(C2CCCC2)CCCC2CCCCC21)CC1CCC2CCCCC2C1
C1CCC(CC2CC3CCCCC3C3CCC4CCCCC4C23)CC1
C1CCC(CCCCC2CC3CCCCC3C2)CC1
C1CCC(CCC2CCC(C3CCC4C(CCC4C4CCCCC4)C3)CC2)CC1
C1CCC(CCCC2CCC3C(CCC4C5CCCC5CC(CCC5CCCCC5)C34)C2)CC1
C1CCC(C2CCC3C(CCC4CCCCC43)C2)CC1
C1CCC2CC(C3CCCC4CCCC43)CCC2C1
C1CCC2CC(CC3CCCC4CCCC43)CCC2C1
C1CCC(CCCCCC2CCCC3C(C4CCCCC4)CCC23)CC1
C1CCC2CCC(C3CCCC4CCCC43)CC2CC1
C1CCC(CCC2CCC3C(CC4CCCCC4)CCC3C2)CC1
C1CCC(CCC2CCC3C(CCCC4CCCCC43)C2)CC1
C1CCC(CC2CC3CCCCC3C3CCC4CCCCCC4C23)CC1
C(CCC1CCC2CCCCC2C1)CCC1CCCC2CCCC12
C1CCC(C2CC3CCCC3C3CCC4CCCCC4C23)CC1
C1CCC2C(C1)CCC1C3CCCC3CCC21
C(CCC1CCC2C1CCC1C3CCCCC3CCC21)CC1CCCC2CCCCC12
C1CCC2C(C1)CCC1CCCCC12
C1CCC(C2CCC3C(CCCC4CCCCC43)C2)CC1
C1CCC(CC2CCC3CCCCC3C3CCC4CCCCC4C23)C1
C1CCC(C2CCC3C(CCC3C3CCCCC3)C2)CC1
C1CCC(CC2CC3CCCCC3C3CCC4CCCCC4C23)C1
C1CCC(C2CC3CCCC(C3)C3CCC4CCCCC4C32)CC1
C1CCC2CCC3C4CCCCC4CC(CC4CCCC4)C3C2CC1
C1CCC(CCCCC2CC3CCCCC3C2)CC1
C1CCC(CC2CCC3CC4C(CCC45CCC(C4CCCCC4)C5)CC23)CC1
C1CCC(CCCC2CCC3CCCC3C2)CC1
C1CCC(CCC(CCC2CCC3CCCC3C2)CC2CCCCC2)CC1
C1CCC2CCC3C4CCC(CCCC5CC6CCCCC6C5)C4CCC3C2CC1
C1CCC2CCC(C3CCCC4CCCC43)CC2CC1
C(CC1CC2CCCCC2C1)CC1CCC2C(CCC3C4CCCCC4CCC23)C1
C1CCC(C2CCC3CC4C(CCC5C6CCC(CCCCC7CC8CCCCC8C7)C6CCC45)CC32)CC1
C1CCC(CCCCCC2CC3CCCCC3C2)CC1
C(CCCC1CCCC2C(C3CCCCC3)CCC12)CCC1CCCCC1
C1CCC2C(C1)CCC1C3CCCC3CCC21
C1CCC(CC2CC3CCCCC3C3CCC4CCCCCC4C23)CC1
C1CCC(CCC2CCC3C(CCC3C3CCCCC3)C2)CC1
C1CCC(CCCCCC2CC3CCCCC3C2)CC1
C1CCC(CCC2CCC3C(CCC3C3CCCC(CCC4CCCC4)C3)C2)CC1
C1CCC2C(C1)CCC1CCCCC12
C1CCC(CCC(CCC2CCCCC2)CCC2CCC3CCCC3C2)CC1
C1CCC2C(C1)CCCC2CCCC1CCC2C1CCCC1C3CCCCC3CCC12
C1CCC(CCCCCC2CCCC3C(CC4CCCCC4)CCC23)CC1
C1CCC2C(C1)CCC1C3CCCC3CCCC21
C1CCC(CC2CC3CCCCC3C3CCC4CCCCC4C23)CC1
C1CCC(CCC2CCC3C(CCC3C3CCCCC3)C2)CC1
C1CCC(C2CC3CCCC3C3CCC4CCCCC4C23)CC1
C1CCC(C2CCC3C(CCC4CCCCC43)C2)CC1
C1CCC2C(C1)CC(C1CCCC3CCCC31)C1CCCC21
C1CCC2C(C1)CCC1C2CCC2C3CCCC3CC21
C1CCC2CCC(C3CCCC4CCCC43)CC2CC1
C1CCC(CCCCC2CCC3CCCCC23)CC1
C1CCC(CCCCC2CC3CCCCC3C2)CC1
C1CCC(C2CCC3CCCC3C3CCC4CCCCC4C23)CC1
C1CCC(CCCCC2CCC3CCCCC23)CC1
C1CCC(CCC2CCC(CCC3CCCCC(CC4CCCC4)C3)CC2)CC1
C1CCC2CC(C3CCCC4CCCC43)CCC2C1
C1CCC(CC2CCC3C(CCC3C3CCCCC3)C2)CC1
C1CCC2C(C1)CCCC2CCCC1CCC2C1CCC1C3CCCCC3CCCC21
C1CCC2CC(CCCC3CCC4C3CCC3C5CCCCC5CCC43)CC2C1
C1CCC2CC(CCCC3CCCC4CCCCC43)CC2C1
C1CCC(CCCC(CCC2CCC3CCCC3C2)CC2CCCCC2)CC1
C1CCC(C2CC3CCCC3C3CCC4CCCCCC4C23)CC1
C1CCC(CCCC2CCCC(CC3CCC4CC(CCC5CCC6CCCCC6C5)CCC43)C2)CC1
C1CCC(CC23CCCCCC2CCC2C4CCCC4CCC23)CC1
C1CCC(CCCCCC2CCCC3C2CCC3C2CCCC(CCC3CCCC3)C2)CC1
C(CCCC1CCCC2C(C3CCCCC3)CCC12)CCC1CCCCC1
C(CCC1CC2CCCCC2C1)CCC1CCCC2CCCC12
C1CCC2CCC3CCCCC3C2CC1
C1CCC(CCC(CC2CC3CCCCC3C2)C2CCC2)CC1
C1CCC(CCCCCC2CCC3CCCCC23)CC1
C1CCC2CC(CCCC3CCCC4CCCCC43)CCCC2C1
C1CCC(C2CCC3CC4C(CCC32)CCC2C3CCC(CCCC5CC6CCCCC6C5)C3CCC42)CC1
C(CCCC1CCCC2C(C3CCCCC3)CCC12)CCC1CCCCC1
C1CCC(CCC(CCC2CCC3CCCC3C2)CC2CCCCC2)CC1
C1CCC(CCC2CCC3C(CCC3C3CCCC(CCC4CCCC4)C3)C2)CC1
C1CCC(CCC2(CCCC3CCC4CCCCC4C3)CCC3C4CCC5CCCCC5C4CCCC32)C1
C1CCC(C2CCC(CCCCCC3(C4CCCCC4)CCC3)C2)CC1
C1CCC2C(C1)CCC1C2CCC2C3CCCCC3CC21
C1CCC(CCCCC2CC3CCCCC3C2)CC1
C1CCC(C2CC3CCCC3C3CCC4CCCCC4C23)CC1
C1CCC(CC2CCC(C3CC4CCCC4C4CCC5CCCCC5C34)CC2)C1
C1CCC(C2CCC3(CCC4CC5C(CCC5C5CCCCC5)CC43)C2)CC1
C1CCC(CC2CC3CCCCC3C3CCC4CCCCC4C23)CC1
C1CCC(CCCCC2CCC3CCCC3C2)CC1
C1CCC(C2CCC3CC4C(CCC5C6CCCC6CCC45)CC32)CC1
C1CCC(CCCC2CCCC3CCCCC32)C2CCCCC2C1
C1CCC2CC(CC3CCCC4CCCC43)CCC2C1
C1CCC(CC2CCC3CC4C(CCC5C6CCC(CCCC7CCC8CCCCC8C7)C6CCC45)CC23)CC1
C1CCC(C2CC3CCCC3C3CCC4CCCCCC4C23)CC1
C1CCC2C(C1)CCC1C3CCCC3CCC21
C1CCC2C(C1)CCC1C3CCCC3CCC21
C1CCC(CCCCCC2CCCC3C(C4CCCCC4)CCC23)CC1
C(CCC1CCC2CCCCC2C1)CCC1CCCC2CCCCC12
C1CCC(CCCCC2CCC3CCCCC23)CC1
C1CCC2CC(C3CCCC4CCCC43)CCC2C1
C1CCC(C2CCC3CCCC3C3CCCC4CCCCC4C23)CC1
C1CCC(CCCC2CCC3CCCC3C2)CC1
C1CCC(CCC2CCC3C(CCC4CC(C5CCCCC5)CCC43)C2)CC1
C1CCC(CC2CCC3C(CCC3C3CCCCC3)C2)CC1
C1CCC(CCCCCC2CCC3C(CCC3C3CCCCC3)C2)CC1
C1CCC(CCC2CCC3C(CC4CCCCC4)CCC3C2)CC1
C1CCC(CCCCCC2CCC3CCCC3C2)CC1
C1CCC2CCC3C4CCCC4CCC3C2CC1
C1CCC(C2CCC3C(CCC4CCCCC43)C2)CC1
C1CCC(CCCCCC2CCCC3C(C4CCCCC4)CCC23)CC1
C1CCC2CCC(C3CCCC4CCCC43)CC2CC1
C(CCC1CCCC2CCCCC12)CC1CC2CCCCC2C1
C1CCC(C2CC3CCCCC3CC3CCCCC32)CC1
C(CCCC1CCCCC1)CCCC1CCC(C2CCCCC2)C1
C1CCC(C2CC3CCCC3C3CCC4CCCCC4C23)CC1
C1CCC(C2CCC3CC4C(CCC5C6CCC(CCCCC7CCC8CCCCC8C7)C6CCC45)CC32)CC1
C1CCC2C(C1)CCC1CCCCC12
C1CCC(C2CCC3CC4C(CCCC5C6CCC(CCCC7CC8CCCCC8C7)C6CCC45)CC32)CC1
C1CCC(CCCCCC2CC3CCCCC3C2)CC1
C1CCC(C2CCCC3C(CCC4CCCCC43)C2)CC1
C(CCC1CCCC2CCCCC12)CC1CCCC2CCCCC12
C1CCC(CCCCC(CC2CCC3C(CCC3C3CCCCC3)C2)C2CCCCC2)CC1
C1CCC(CCC2CCC3C(CCC3C3CCCCC3)C2)CC1
C1CCC2C(C1)CCCC1C3CCCC3CCC21
C1CCC(C2CC3CCCCC3C3CCCCC23)CC1
C1CCC(CCC2CCC(CCCC3CCCC(CC4CCCC4)C3)CC2)CC1
C1CCC(CC2CC3CCCCC3CC3CCC4CCCCC4C32)C1
C1CCC(CCCCC2CC3CCCCC3C2)CC1
C1CCC(CCCCCC2CC3CCCCC3C2)CC1
C1CCC2C(C1)CCC1CCCCC12
C1CCC(C2CCC3CC4C(CCC32)CCC42CCCCC2)CC1
C1CCC(C2CCC3CCC4(CCCCCC4)C3C2)CC1
C1CCC(CCCCC2CCC3CCCCC23)CC1
C1CCC(CC(CC2CCCCC2)C2CCCCC2)CC1
C1CCC(CCC2CCC3C(CCC3C3CCCC(CCC4CCCCC4)C3)C2)CC1
C1CCC(CCCCC2CC3CCCCC3C2)CC1
C1CCC2C(C1)CCCC1C3CCCC3CCC21
C1CCC(CC2CC3CCCCC3C3CCC4CCCCC4C3C2)C1
C1CCC(CC2CC3CCCC3C3CCC4CCCCC4C23)CC1
C1CCC2C(C1)CCC1C3CCCC3CCC21
C1CCC(C2CC3CCCC3C3CCCC4CCCCC4C23)CC1
C1CCC(CCCCC2CC3CCCCC3C2)CC1
C1CCC(CCCCCC2CCC3CCCCC3C2)CC1
C1CCC(CCCCCC2CCCC3C(C4CCCCC4)CCC23)CC1
C1CCC(CCC2CCC3C(CCC4C5CCCC5CC(CCC5CCCCC5)C34)C2)CC1
C(CCC1CCCC2CCCCC12)CC1CC2CCCCC2C1
C1CCC(CCCCC2CC3CCCCC3C2)CC1
C1CCC(C2CCC3CC4C(CCC45CCCC5)CC32)CC1
C1CCC2C(C1)CCCC1C2CCC2C3CCCC3CC21
C1CCC(CC2CC3CCCCC3C3CCC4CCCCC4C23)CC1
C1CCC(C2CCC3CC4C(CCCC45CCCCC5)CC32)CC1
C1CCC(C2CC3CCCCC3C3CCC4CCCCC4C23)CC1
C1CCC2C(C1)CCC1C3CCCC3CCC21
C1CCC(CCCCCC2CC3CCCCC3C2)CC1
C1CCC(CCCCCC2CC3CCCCC3C2)CC1
C1CCC(CCCCC2CC3CCCCC3C2)CC1
C(CCC1CCCC2CCCCC12)CC1CCC2CCCCC2C1
C(CCCC1CCCCC1)CCCC1CCC(C2CCCCC2)C1
C(CCC1CCC2CCCCC2C1)CCC1CCCC2CCCCC12
C(CCCCC1CCC(C2CCCCC2)C1)CCCC1CCCCC1
C(CCC1(CC2CCCC2)CCCC2CCCCC21)CC1CCC2CCCCC2C1
C1CCC(C2CC3CCCC3C3CCC4CCCCCC4C23)CC1
C1CCC(C2CCC3C(CCCC4CCCCC43)C2)CC1
C(CCCC1CCCC2C(C3CCCCC3)CCC12)CCC1CCCCC1
C1CCC(CCCCC2CC3CCCCC3C2)CC1
C1CCC(CCCCCC2CC3CCCCC3C2)CC1
C1CCC(C2CCCCC2CC2CC3CCCCC3C3CCC4CCCCCC4C23)CC1
C1CCC(C2CC3CCCCC3C3CCC4CCCCC4C23)CC1
C1CCC(CCCCC2CC3CCCCC3C2)CC1
C1CCC(C2CCC3C(CCC34CCCCC4)C3CCC4CCCCC4C23)CC1
C(CCC1CCCC2CCCCC12)CC1CC2CCCCC2C1
C1CCC(C2CCC3C(CCCCCC4CCC(C5CCCC5)C4)CCCC23)CC1
C1CCC(CCCC2CCC3CCC(C4CCCC5CCCC54)CC3C2)CC1
C1CCC(CCCCC2CC3CCCCC3C2)CC1
C1CCC2CCC(C3CCCC4CCCC43)CC2CC1
C1CCC2CCC(C3CCCC4CCCC43)CC2CC1
C1CCC(C2CC3CCCCC3CC3CCC(CCC4CCCC4)CC32)CC1
C1CCC(CCCCCC2CCCC3C(CC4CCCCC4)CCC23)CC1
C1CCC2CCC(CCC3CCC4C(CCC4C4CCCC(CC5CCCC5)C4)C3)CC2CC1
C1CCC(CCCC2CCC3C(CCC4C5CCCC5CCC34)C2)CC1
C(CCC1CCCC2CCCCC12)CC1CCCC2CCCCC12
C1CCC2C(C1)CCC1C3CCCC3CCCC21
C(CCCC1CCCCC1)CCCC1CCC(C2CCCCC2)C1
C1CCC(CCCC2CCC3CCCC3C2)CC1
C(CCCC1CCCCC1)CCC1CCCCC1
C1CCC2CC(CCCC3CCC4C3CCC3C5CCCCC5CCC43)CC2C1
C1CCC(CC23CCCCC2CCC2C4CCCC4CCC23)CC1
C1CCC2C(C1)CCC1CCCCC12
C1CCC2C(C1)CC(C1CCCC1)C1CCCC21
C1CCC(CCCCC2CC3CCCCC3C2)CC1
C1CCC2CCC3C4CCCC4CCC3C2CC1
C1CCC(CCC2CCC3C(CCC3C3CCCCC3)C2)CC1
C1CCC2CC(C3CCCC4CCCC43)CCC2C1
C1CCC(C2CCC3CC4C(CCC5C6CCCC6CCC45)CC32)CC1
C1CCC2C(C1)CCCC1C3CCCC3CCC21
C1CCC(C2CC3CCCC3C3CCC4CCCCC4C23)CC1
C1CCC(CCCCC2CCC3C2CCC2C4CCCCC4CCC32)CC1
C1CCC(CCC(CCC2CCCCC2)CCC2CCC3CCCCC3C2)CC1
C1CCC(CCCCCC2CC3CCCCC3C2)CC1
C1CCC(CC2CCCCCCC23CCC2C(CCC2C2CCCCC2)C3)CC1
C(CCC1CCCC2CCCCC12)CC1CCCC2CCCCC12
C1CCC(CCCCCC2CC3CCCCC3C2)CC1
C1CCC(CCC2CCC3C(CCC4C5CCCC5CCC(CCC5CCCCC5)C34)C2)CC1
C1CCC(C2CCC(CCCCCC3CCCC4C(C5CCCCC5)CCC34)C2)CC1
C1CCC(CCC2CCCCC2)CC1
C1CCC(CCC2CCC3C(CCC3C3CCCC3)C2)CC1
C(CCCC1CCCC2C(C3CCCCC3)CCC12)CCC1CCCCC1
C1CCC2CC(C3CCCC4CCCC43)CCC2C1
C(CCCC1CCCCC1)CCCC1CCC(C2CCCCC2)C1
C1CCC(CCC2CCC(CCC3CCCC(CC4CCCC4)C3)CC2)CC1
C1CCC(CC2CCC3C(CC4CCCCC4)CCC3C2)CC1
C1CCC(C2CC3C(CCC4CC4)CCC3C3CCC4CCCCCC4C23)CC1
C(CCCC1CCCC2C(C3CCCCC3)CCC12)CCC1CC1
C1CCC(C2CCC3CCC4C(CCC5C6CCC(CCCC7CCCC8CCCCC87)C6CCC45)CC32)CC1
C1CCC(CCCC2CCC3C(CCC4C5CCCC5CC(CCC5CCCCC5)C34)C2)CC1
C1CCC2CCC(C3CCCC4CCCC43)CC2CC1
C1CCC(C2CC(C3CCCCC3)CC3(CCCC4CC5C(CCC5C5CCCCC5)CC43)C2)CC1
C1CCC(CCC2CCC3C(CCC4C5CCCC5CCC34)C2)CC1
C1CCC2CC3CCCCC3CCC2C1
C1CCC2C(C1)CCC1C3CCCCC3CCC21
C1CCC2CC(CCCC3CCC4C3CCC3C5CCCCC5CCC43)CC2C1
C1CCC2CCC3C4CCCC4CCC3C2CC1
C1CCC2CC3CCC(C4CCCCC4)C3CC2CC1
C1CCC2C(C1)CCC1CCCCC12
C1CCC(CCC2CCC3C(CCC3C3CCCCC3)C2)CC1
C1CCC(CCC2CCC3C(CCC3C3CCCCC3)C2)CC1
C1CCC(CCCC2CC3CCCCC3C2C2CCCCC2)CC1
C1CCC2CCC(C3CCCC4CCCC43)CC2CC1
C1CCC(CCCCC2CCCCC3CCC(C4CCCCC4)CC23)CC1
C1CCC(CCCCCC2CCCC3C(C4CCCCC4)CCC23)CC1
C1CCC(CCC2CCC3C(CCC4C5CCCCC5CCC34)C2)CC1
C1CCC(CCC2CCC3C2CCCC2C4CCCCC4CCC23)C1
C1CCC2CCCC(CC3CC4CCCCC4C4CCC5CCCCC5C34)C2CC1
C1CCC(C2CCC(C3CC4CCCC4C4CCC5CCCCC5C34)CC2)C1
C1CCC(C2CC3CCCC3C3CCCC4CCCCC4C23)CC1
C1CCC(CCCCC2CC3CCCCC3C2)CC1
C(CCCCC1CCC2C(CCC3C4CCCC4CCC23)C1)CCCC1CCCC(CC(CC2CCC(CC3CCCCC3)CC2)C2CCCCC2)C1
C1CCC2CC(C3CCCC4CCCC43)CCC2C1
C1CCC2CC(C3CCCC4CCCC43)CCC2C1
C1CCC2CCC(C3CCCC4CCCC43)CC2CC1
C1CCC(CCC2CCC3C(CC4CCCCC4)CCC3C2)CC1
C1CC2CCC3C(CCC4CCCCC43)CC2C1
C1CCC(C2CCC3CCC4CCCCC4C3CC2)CC1
C1CCC2C(C1)CCC1C3CCCC3CCC21
C1CCC2CC(C3CCCC4CCCC43)CCC2C1
C1CCC2CC(C3CCCC4CCCC43)CCC2C1
C1CCC(C2CC3CCCCC3C3CCCCC23)CC1
C1CCC(CC2CCCC(CC3CC4CCCCC4C4CCC5CCCCC5C34)C2)CC1
C1CCC2CCC3C4CCCC4CCC3C2CC1
C1CCC2CCC(C3CCCC4CCCC43)CC2CC1
C1CCC(C2CCC3CC4C(CCCCC45CCCC5)CC32)CC1
C1CCC(CCCC2CCC3C2CCC2C4CC5CCC(C6CCCCC6)C5CC4CCC32)CC1
C1CCC2C(C1)CCCC1C3CCCC3CCC21
C1CCC(CC2CCC(CC(CC3CCCCC3)C3CCCCC3)CC2)CC1
C1CCC(CCCCCC2CCC3CCCCC3C2)CC1
C1CCC(C2C3CCCC3CC3CC4CCCC4CC32)CC1
C1CCC(C2CC3CCCC3C3CCC4CCCCC4C23)CC1
C1CCC(C2CCC3CC4C(CCC5C6CCC(CCCC7CC8CCCCC8C7)C6CCC45)CC32)CC1
C1CCC(CC2CCC3C(CCC3C3CCCCC3)C2)CC1
C1CCC(CCC(CC2CCCCC2)C2CCCCC2)CC1
C1CCC2CC(CC3CCCC4CCCC43)CCC2C1
C1CCC(CCC(CCC2CCC3CCCCC3C2)CC2CCCCC2)CC1
C1CCC(C2CC3CCCCC3C3CCC4CCCCC4C23)CC1
C1CCC(CCCC2CCC3CCC(C4CCCC5CCCC54)CC3C2)CC1
C1CCC2CC3CCCCC3CCC2C1
C1CCC2CC(C3CCCC4CCCC43)CCC2C1
C1CCC(C2CCC3CC4(CCCCC4C4CCCCC4)CCCC32)CC1
C1CCC(CCC2CC3CCCCC3C3CCC4CCCCC4C23)CC1
C1CCC(C2CC3CCCC(C3)C3CCC4CCCCC4C32)CC1
C1CCC(C2CCC3C(CCCC4CCCCC43)C2)CC1
C1CCC(C2CCC3CC4C(CCC45CCCC5)CC32)CC1
C1CCC(CCC(CC2CCC3C(CC4CCCCC4)CCC3C2)C2CCCCC2)CC1
C1CCC2C(C1)CCC1C3CCCCC3CCC21
C1CCC(CCCCCC2CCCCC2)CC1
C(CCC1CC2CCCCC2C1)CCC1CCCC2CCCC12
C1CCC(C2CCC3CCCC3C3CCC4CCCCC4CC23)CC1
C1CCC(CC2CC3CCCCC3C3CCC4CCCCCC4C23)CC1
C1CCC2CC(C3CCCC4CCCC43)CCC2C1
C1CC2CC3CCC4C5CCCCC5CCC4C3CC2C1
C1CCC(C2CC3CCCC3C3CCC4CCCCCC4C23)CC1
C1CCC2C(C1)CCC1C2CCC2C3CCCC3CC21
C1CCC(CC2CCC3C(CCC3C3CCCCC3)C2)CC1
C(CCC1CCC2CCCCC2C1)CCC1CCCC2CCCCC12
C(CCCC1CCCC2C(C3CCCCC3)CCC12)CCC1CCCCC1
C1CCC(C2CCC3C(CCC4CCCCC43)C2)CC1
C1CCC2CCC(C3CCCC4CCCC43)CC2CC1
C1CCC(C2CCC3CC4C(CCC32)CCC2C3CCC(CCCC5CC6CCCCC6C5)C3CCC42)CC1
C1CCC(C2CCC3C(CCC3C3CCCCC3)C2)CC1
C1CCC(C2CC3CCCC3C3CCC4CCCCC4CC23)CC1
C1CCC2C(C1)CCC1C3CCCC3CCC21
C1CCC(CCCCC2CC3CCCCC3C2)CC1
C1CCC(C2CCC3CC4C(CCC5C6CCC(CCCCC7CCC8CCCCC8C7)C6CCC45)CC32)CC1
C1CCC2C(C1)CC(C1CCCC1)C1CCCCC21
C1CCC2C(C1)CCC1CCCCC12
C1CCC(CCCCCC2CCC3CCCCC23)CC1
C1CCC(CCCC(CC2CC3CCCCC3C2)C2CC2)CC1
C1CCC2C(C1)CCCC1C3CCCC3CCC21
C1CCC(CC2CCCC(C3CCC4CC(CCC5CCC6CCCCC6C5)CCC43)C2)CC1
C1CCC2CC(CCCC3CCC4C3CCC3C5CCCCC5CCCC43)CC2C1
C1CCC(CCCCCC2CC3CCCCC3C2)CC1
C1CCC(CC2CCC3C(CC4CCCCC4)CCC3C2)CC1
C1CCC2CCC3CCCCC3C2CC1
C1CCC(CCCCCC2CCCCC2)CC1
C1CCC2CC(C3CCCC4CCCC43)CCC2C1
C1CCC(CCCCC2CCC3CCCCC23)CC1
C1CCC(CCC(CCC2CCC3CCCC3C2)CC2CCCCC2)CC1
C1CCC(CC2CC3CCCCC3C3CCC4CCCCCC4C23)CC1
C(CCC1CCCC2CCCCC12)CC1CCC2CCCCC2C1
C1CCC2CC(C3CCCC4CCCC43)CCC2C1
C(CCC1CCCCC2CCCCC12)CC1CCC2CCCCC2C1
C1CCC2CC(C3CCCC4CCCC43)CCC2C1
C1CCC(C2CCC3CC4(CCCCCC4C4CCCCC4)CCCC32)CC1
C1CCC(CCCCCC2CCC3CCCCC23)CC1
C1CCC(C2CCC3CC4C(CCCC45CCCC5)CC32)CC1
C1CCC(C2CC3CCCCC3C3CCC4CCCCC4C23)CC1
C1CCC2C(C1)CCC1C3CCCCC3CCC21
C1CCC(C2CCC3CCCC3C3CCC4CCCCCC4C23)CC1
C(CCC1CCCC2CCCCC12)CC1CC2CCCCC2C1
C1CCC(C2CC3CCCC3C3CCC4CCCCC4C23)CC1
C1CCC(C2CCC3C(CCCC4CCCCC43)C2)C1
C1CCC2CCC(C3CCCC3)CC2CC1
C1CCC(CC2CC3CCCCC3C3CCC4CCCCC4C23)C1
C1CCC2CCC3C4CCC(CCCC5CC6CCCCC6C5)C4CCC3C2CC1
C1CCC2C(C1)CCC1CCCCC12
C(CCCC1CCC2C(CCC2C2CCCCC2)C1)CCC1CCCCC1
C1CCC(CCCC2(CCC3CCCC3)CCC3C4CCCC5CCCCC5C4CCC32)C1
C1CCC(C2CC3CCCC3C3CCC4CCCCC4C23)CC1
C1CCC(CC2CC3CCCCC3C3CCC4CCCCCC4C23)CC1
C1CCC(CCC2CCC(CCC3CCCC(CC4CCCC4)C3)CC2)CC1
C1CCC(CC(CC2CCCCC2)C2CCCCC2)CC1
C(CCC1CC2CCCCC2C1)CCC1CCCC2CCCC12
C1CCC(CCC2CCC3C(CCC3C3CCCC(CCC4CCCC4)C3)C2)CC1
C1CCC(C2CCC3CC4C(CCCC45CCCC5)CCC32)CC1
C1CCC(C2CC3CCCCC3C3CCCCC23)CC1
C1CCC(CCCCCC2CC3CCCCC3C2)CC1
C1CCC2CCC3C4CCCCC4CC(CC4CCCC4)C3C2CC1
C1CCC2CCC(C3CCC4CCCCC43)CC2CC1
C1CCC(C2CCC3CC4C(CCCC5C6CCC(CCCC7CCC8CCCCC8C7)C6CCC45)CC32)CC1
C1CCC2C(C1)CCC1C3CCCC3CCC21
C1CCC2C(C1)CCC1C3CCCC3CCC21
C1CCC2CCC3C4CCC(CCCC5CC6CCCCC6C5)C4CCC3C2CC1
C1CCC2CCC(C3CCCC4CCCC43)CC2CC1
C1CCC(CCCC(CCC2CCC3CCCC3C2)CC2CCCCC2)CC1
C1CCC(CCC2CCC(C3CCC3)CC2)CC1
C1CCC(CCCC2CCC3CCC(C4CCCC5CCCC54)CC3C2)CC1
C1CCC(CCCCC2CCC3CCC(C4CCCC5CCCC54)CC3C2)CC1
C(CCC1CCCC2CCCCC12)CC1CCCC2CCCCC12
C1CCC2CCC3C4CCCCC4CC(CC4CCCC(C5CCCC5)C4)C3C2CC1
C1CCC(CC2CC3CCCCC3CC3CCC4CCCCC4C32)CC1
C1CCC2CC(C3CCCC3)CCC2C1
C1CCC(C2CC3CCCC3C3CCC4CCCCC4C23)CC1
C1CCC(CC2CCCCCCC23CCC2C(CCC2C2CCCCC2)C3)CC1
C1CCC(CC2CCC3CC4C(CCC45CCCCC5)CC23)CC1
C1CCC(C2CCC3CC4C(CCC45CCCCC5)CC32)CC1
C1CCC(CC2CCC3CCCCC3C3CCC4CCCCC4C23)C1
C1CCC(CCCCCC2CCC3CCCCC23)CC1
C1CCC(CC2CCC(CCCC3CCC4CCCC4C3)CC2)C1
C1CCC(CCC2(CCCC3CC4CCCCC4C3)CCCC3C4CCC5CCCCC5C4CCC32)C1
C1CCC(CCC2CCC3C(CCC4C5CCCC5CCC34)C2)CC1
C1CCC(CCCCC2CC3CCCCC3C2)CC1
C1CCC(CC2CC3CCCCC3C3CCC4CCCCC4C23)CC1
C1CCC(C2CCC(CCCCCC3CCCC4CCCCC34)C2)CC1
C1CCC(CC2CC3CCCCC3C3CCC4CCCCCC4C23)CC1
C1CCC2C(C1)CCCC1C3CCCC3CCC21
C1CCC(CCCCCC2CC3CCCCC3C2)CC1
C1CCC(CCCCCC2CC3CCCCC3C2)CC1
C1CCC(C2CCC3CC4C(CCC32)CCC2C3CCC(CCCC5CC6CCCCC6C5)C3CCC42)CC1
C1CCC2CC(C3CCCC4CCCC43)CCC2C1
C1CCC(C2CCC3CC4CCCCC4CC32)CC1
C(CCC1CCCC2CCCCC12)CC1CC2CCCCC2C1
C1CCC(C2CC3CCCCC3C3CCC4CCCCC4C23)CC1
C(CCC1CC2CCCCC2C1)CCC1CCCC2CCCC12
C1CCC(C2CCC3CC4C(CCCC45CCCC5)CC32)CC1
C1CCC(CCCCC2CCC3CCC(C4CCCC5CCCC54)CC3C2)CC1
C1CCC(CCCCCC2CCC3CCCCC23)CC1
C1CCC(CCC2(CCCC3CC4CCCCC4C3)CCC3C4CCC5CCCCC5C4CCC32)C1
C(CCCC1CCCC2CCCCC12)CCC1CCC(C2CCCCC2)C1
C1CCC(CCCCC2CC3CCCCC3C2)CC1
C1CCC(CCCCC2CC3CCCCC3C2)CC1
C1CCC2CC(CCCC3CCCC4C3CCC3C5CCCCC5CCC43)CC2C1
C1CCC(CCC2CCC3C(CCC3C3CCCCC3)C2)CC1
C1CCC(CCC2CCC3C(CCC3C3CCCCC3)C2)CC1
C(CCCC1CCC2C(CCC2C2CCCCC2)C1)CCC1CCCCC1
C1CCC(C2CCC3CC4C(CCC5C6CCCC(CCCC7CCC8CCCCC8C7)C6CCC45)CC32)CC1
C1CCC(CC2CCCC2CC2CC3CCCCC3C3CCC4CCCCC4C23)CC1
C1CCC(CCC2CCC3C2CCC2C4CCCCC4CCC32)C1
C1CCC2CCC3C4CCCC4CCC3C2CC1
C1CCC2CCC3C4CCC(CCCC5CC6CCCCC6C5)C4CCC3C2CC1
C1CCC2CC(C3CCCC4CCCC43)CCC2C1
C1CCC(CCCCC2CC3CCCCC3C2)CC1
C1CCC2CC(CC3CCCC4CCCC43)CCC2C1
C1CCC2C(C1)CCC1C3CCCC3CCC21
C1CCC(CCCCC2CC3CCCCC3C2)CC1
C1CCC2CCC(C3CCCC4CCCC43)CC2CC1
C1CCC2CC(CC3CCCC4CCCC43)CCC2C1
C1CCC2CC(CC3CCCC4CCCC43)CCC2C1
C1CCC(CCC2CCC3C(CCC4CCCCC43)C2)CC1
C1CCC(CCC2CCC3C(CCC3C3CCCCC3)C2)CC1
C(CCCC1CCCC2C(C3CCCCC3)CCC12)CCC1CCC(C2CCCC2)C1
C1CCC2C(C1)CCCC1C3CCCC3CCC21
C1CCC(C2CCC3CC4C(CCC5C6CCCC(CCCC7CC8CCCCC8C7)C6CCC45)CC32)CC1
C1CC2CCC3C(CCC4CCC5CC5C43)C2C1
C(CCCC1CCC(C2CCCCC2)C1)CCC1CCCCC1
C1CCC(CCCCCC2CCCC3C(C4CCCCC4)CCC23)CC1
C1CCC(CC2CC3CCCCC3C3CCC4CCCCCC4C23)CC1
C1CCC(CC2CC3CCCCC3C3CCC4CCCCC4C23)C1
C1CCC(C2CC3CCCC3C3CCC4CCCCC4CC23)CC1
C1CCC2C(C1)CCC1CCCCC12
C1CCC(C2CCC3CC4C(CCCC5C6CCC(CCCC7CC8CCCCC8C7)C6CCC45)CC32)CC1
C(CCC1CCC2C1CCC1C3CCCCC3CCC21)CC1CCC2CCCCC2C1
C1CCC(CCCCC2CC3CCCCC3C2)CC1
C1CCC(CCC(CC2CC3CCCCC3C2)C2CCC2)CC1
C1CCC(CC2CCCC(C3CCC4CC(CCC5CCC6CCCCC6C5)CCC43)C2)C1
C1CCC(C2CC3CCCC3C3CCC4CCCCCC4C23)CC1
C1CCC(C2CCC3CCCC3C3CCC4CCCCC4C23)CC1
C1CCC(C2CCCCC2CC2CC3CCCCC3CC3CCC4CCCCC4C32)CC1
C1CCC2C(C1)CCCC2CCCC1CCCC2CCCCC21
C1CCC(C2CC3CCCC3C3CCC4CCCCC4C23)CC1
C1CCC(CCCCCC2CCC3CCCCC23)CC1
C1CCC2CCC3C4CCCC4CC(C4CCC(C5CCCC5)CC4)C3C2CC1
C1CCC(CCCC(CCC2CCC3CCCC3C2)CC2CCCCC2)CC1
C1CCC(CCC2CCC3C(CCC4C5CCCC5CCC34)C2)CC1
C1CCC2CC(C3CCCC4CCCC43)CCC2C1
C(CCCC1CCCC2C(C3CCCCC3)CCC12)CCC1CCCCC1
C1CCC2C(C1)CC(C1CCCC3CCCCC31)C1CCCC21
C1CCC(CCC2CCC(C3CCC4C(CCC4C4CCCCC4)C3)CC2)CC1
C1CCC(CCC2CCC3C(CC4CCCCC4)CCC3C2)CC1
C1CCC(CCC(CCC2CCC3CCCCC3C2)CC2CCCCC2)CC1
C(CCC1CCCC2CCCCC12)CC1CCCC2CCCCC12
C1CCC(CCCCC2CCCC3CCC(C4CCCCC4)CC3C2)CC1
C1CCC(CCCC23CCCC2CC2C4CCC5CCCCC5C4CCC23)CC1
C1CCC(C2CCC3CC4C(CCCC45CCCC5)CC32)CC1
C1CCC(CCCCC2CC3CCCCC3C2)CC1
C(CCC1CCCC2CCCCC12)CCC1CCCC2CCCCC12
C1CCC(C2CCC3CC4C(CCCC5C6CCC(CCCC7CCC8CCCCC8C7)C6CCC45)CC32)CC1
C(CCCC1CCC2CCCC2C1)CCCC1CCC(C2CCCCC2)C1
C1CCC(C2CCC(CCCCCC3CCCC4CCCCC34)C2)CC1
C1CCC(CC2CC3CCCCC3C3CCC4CCCCCC4C23)CC1
C1CCC(C2CC3CCCC3C3CCC4CCCCC4C23)CC1
C1CCC(CCC2CCC3C(CCC3C3CCCCC3)C2)CC1
C(CCC1CC2CCCCC2C1)CCC1CCCC2CCCC12
C1CCC2CC(CC3CCCC4CCCC43)CCC2C1
C1CCC(CCC2CCCCC2)CC1
C1CCC2CCC3C4CCCCC4CC(CC4CCCC4)C3C2CC1
C1CCC(CCC(CCC2CCCCC2)CCC2CCC3CCCC3C2)CC1
C1CCC(CC2CC3CCCCC3C3CCC4CCCCC4C23)CC1
C1CCC(CCCCC2CC3CCCCC3C2)CC1
C1CCC2CCC3C(CCC4C3CCC4(CCCC3CC4CCCCC4C3)CCC3CCCC3)C2CC1
C1CCC(CCCCCC2CCCC3C(C4CCCCC4)CCC23)CC1
C(CCC1CCC(C2CC3CCCC3C3CCC4CCCCC4C23)CC1)CCC1CCC2C(CCC3C4CCCC4CCC23)C1
C1CCC2CCC3C4CCCC4CCC3C2CC1
C1CCC(CCC2CCC3C2CCC(C2CCCCC2)C2C4CCCCCC4CCC32)CC1
C1CCC(C2CCC3CC4C(CCC5C6CCC(CCCC7CC8CCCCC8C7)C6CCC45)CC32)CC1
C1CCC(CCCCCC2CCC3CCCCC23)CC1
C1CCC2C(C1)CCC1C3CCCCC3CCC21
C1CCC2CC(CCCC3CCC4C3CCCC3C5CCCCC5CCC34)CC2C1
C1CCC2C(C1)CCCC2CCCC1CCCC2C1CCC1C3CCCCC3CCC21
C1CCC2CC(C3CCCC4CCCC43)CCC2C1
C1CCC2CC(CCCC3CCC4CC5CCC6CCCCC6C5CCC34)CCC2C1
C1CCC(CCCC2(CCCC3CC4CCCCC4C3)CCC3C4CCC5CCCCC5C4CCC32)C1
C(CCCC1CCCC2C(C3CCCCC3)CCC12)CCC1CCCCC1
C1CCC2C(C1)CCC1C3CCCC3CCC21
C1CCC2C(C1)CCC1C3CCCCC3CCC21
C1CCC(CCCCCC2CCC3CCCCC3C2)CC1
C1CCC(C2CC3CCCC3C3CCC4CCCCC4C23)CC1
C1CCC2C(C1)CCC1CCCCC12
C1CCC(CCC2CCC3C(CCC3C3CCCCC3)C2)CC1
C1CCC(CCCC2CCC(CC3CCC4C(CCC4C4CCCCC4)C3)CC2)CC1
C1CCC2CCC3C(CCC4C3CC3CCCC34CCCC3CCCC3)C2CC1
C1CCC2C(C1)CCCC1CCCCC12
C1CCC2CC(CC3CCCC4CCCC43)CCC2C1
C1CCC2C(C1)CCC1C3CCCC3CCC21
C1CCC(CCCC2CCCC3CCC(C4CCCC5CCCC54)CC3C2)CC1
C(CCC1(C2CCCC2)CCCCC2CCCCC21)CC1CCC2CCCCC2C1
C1CCC(CCC2CCC3C2CCCC2C4CCCCC4CCC23)C1
C1CCC2CCC(C3CCCC4CCCC43)CC2CC1
C1CCC(CCC2CCC3C(CCC3C3CCCCC3)C2)CC1
C1CCC2C(C1)CCC1C3CCCC3CCC21
C1CCC2C(C1)CCC1CCCCC12
C1CCC2C(C1)CCC1C3CCCCC3CCC21
C1CCC(C2CCC3CC4C(CCC45CCCC5)CC32)CC1
C(CCCC1CCCC2C1CCC2C1CCC(CC2CC2)CC1)CCC1CCCCC1
C1CCC(C2CCC3C(CCC4CCCCC43)C2)CC1
C(CCC1CCC2CCCCC2C1)CCC1CCCC2CCCCC12
C(CCCC1CCCCC1)CCCC1CCC(C2CCCCC2)C1
C1CCC(CCCCCC2CCC3C(CC4CCCCC4)CCC3C2)CC1
C1CCC(CCCCC2CC3CCCCC3C2)CC1
C1CCC2CCC3C4CCCC4CCC3C2CC1
C1CCC(CC2CC3CCCCC3CC3CCC4CCCCC4C32)CC1
C1CCC(CCCC2CC3CCCCC3C2C2CCCCC2)CC1
C1CCC(CCC2CC3CCCCC3C3CCC4CCCCC4C23)C1
C(CCCCC1CCC(C2CCCCC2)C1)CCCC1CCCCC1
C1CCC2CC(CCCC3CCCC4CCCCC43)CC2C1
C1CCC(C2C3CCCC3CC3CC4CCCC4CC32)CC1
C1CCC(CC2CC3CCCCC3C3CCC4CCCCC4C23)CC1
C1CCC(CCC2CCC3C(CCC3C3CCCCC3)C2)CC1
C1CCC2CC(CC3CCCC4CCCC43)CCC2C1
C1CCC(CCCCC2CCC3CCCCC23)CC1
C1CCC(CCC2CCC3C(CCC3C3CCCCC3)C2)CC1
C1CCC(C2CCC3C(CCC3C3CCCCC3)C2)CC1
C1CCC2CCC3C4CCCCC4CCC3C2CC1
C(CCCC1CCCCC1)CCCC1CCC(C2CCCCC2)C1
C1CCC(C2CCC3CC4C(CCCC45CCCCC5)CC32)CC1
C1CCC2C(C1)CCC1C3CCCC3CCC21
C1CCC(CC2CC3CCCCC3C3CCC4CCCCCC4C23)CC1
C(CCCC1CCCCC1)CCCC1CCC(C2CCCCC2)C1
C1CCC2CC(CCCC3CCC4C3CCC3C5CCCCC5CCCC43)CC2C1
C1CCC(C2CCC3C(CCC4CCCCC43)C2)CC1
C1CCC(C2CCC3CC4C(CCC45CCCCCC5)CC32)CC1
C1CCC(CCCCC2CCCC(C3CCC4CC(CCC5CCC6CCCCC6C5)CCC43)C2)CC1
C1CCC2C(C1)CCC1C2CCC2C3CCCC3CC21
C1CCC(CCCCCC2CCCC3C(CC4CCC(CC5CC5)CC4)CCC23)CC1
C1CCC(CCCC2CCC3C(CCC4CC(C5CCCCC5)CCC43)C2)CC1
C1CCC(CC2CCC3CCCCC3C3CCC4CCCCC4C23)CC1
C1CCC2CCC3CCCCC3C2CC1
C1CCC(CCC2CCC3C(CCC4CCCCC43)C2)CC1
C1CCC2CC(CCCC3CCC4C3CCC3C5CCCCC5CCC43)CC2C1
C1CCC(C2CC3CCCCC3C3CCCCC23)CC1
C1CCC(C2CCC3CC4C(CCCC4CC4CCC5CCCCC54)CCC32)CC1
C1CCC(CCCCC2CC3CCCCC3C2)CC1
C1CCC(C2CCC3CC4(CCCCCC4C4CCCCC4)CCC32)CC1
C1CCC(C2CCC3C(CCC4CCCCC43)C2)CC1
C1CCC(CCCC2CCC3C2CCC2C4CC5CCC(C6CCCCCC6)C5CC4CCC32)CC1
C1CCC2CC(C3CCCC4CCCC43)CCC2C1
C1CCC2C(C1)CCC1C3CCCCC3CCC21
C1CCC(C2CCC3CC4C(CCC45CCCC5)CC32)CC1
C1CCC(C2CCC3C(CCCCCC4CC4)CCCC23)CC1
C1CCC(CCC2CC3CCCCC3C3CCC4CCCCC4C23)CC1
C(CCC1CCCC2CCCC12)CC1CC2CCCCC2C1
C1CCC(C2CCC3CC4(CCCCCCC4C4CCCCC4)CCC32)CC1
C1CCC(CCCC2CCCC(C3CCC4CC(CCC5CCC6CCCCC6C5)CCC43)C2)CC1
C1CCC(C2CCCCC2CC2CC3CCCCC3C3CCC4CCCCCC4C23)CC1
C1CCC2CCCC(CC3CC4CCCCC4C4CCC5CCCCC5C34)C2CC1
C1CCC(CC2CCCC(CC3CC4CCCCC4C4CCC5CCCCC5C34)C2)CC1
C1CCC2CCC3C4CCCC4CCC3C2CC1
C1CCC2CCC(C3CCCC4CCCC43)CC2CC1
C1CCC(CCCCC2CCC3CCCCC23)CC1
C1CCC(CCCCC2CC3CCCCC3C2)CC1
C1CCC2CCC3C4CCCC4CCC3C2CC1
C1CCC(CCCC2CCC3CCC(C4CCCC5CCCC54)CC3C2)CC1
C1CCC(CC2CCC3C(CCC3C3CCCCC3)C2)CC1
C1CCC(CCC2CCC3C(CC4CCCCC4)CCC3C2)CC1
C(CCC1CCCC2CCCCC12)CC1CC2CCCCC2C1
C1CCC(CCC2CCC3C(CCC3C3CCCCC3)C2)CC1
C1CCC(CCC2CCC3C(CCC3C3CCCCC3)C2)CC1
C(CCCC1CCCCC1)CCCC1CCC(C2CCCCC2)C1
C(CCCC1CCCC2C(C3CCCCC3)CCC12)CCC1CCCCC1
C1CCC2CC(C3CCCC4CCCC43)CCC2C1
C(CCC1CCC2CCCC2C1)CC1CCC(C2CCCC2)CC1
C1CCC(CCC2CCC3C(CCC3C3CCCCC3)C2)CC1
C1CCC(CCC2CCC3C(CCC3C3CCCCC3)C2)CC1
C1CCC(CCCCC2CC3CCCCC3C2)CC1
C1CCC(CCCCCC2CC3CCCCC3C2)CC1
C1CCC(CCC2CCC3C2CCC(C2CCCCC2)C2C4CCCCC4CCC32)CC1
C1CCC(CCC2CCC(C3CCCC4C(C5CCCCC5)CCC34)C2)CC1
C1CCC(CCCCCC2CCCC3C(C4CCCCC4)CCC23)CC1
C1CCC2C(C1)CCC1C3CCCC3CCC21
C1CCC2CCC3C(CCC4C3CCC4(CCCC3CC4CCCCC4C3)CCC3CCCC3)C2CC1
C1CCC2C(C1)CCC1C3CCCC3CCC21
C1CCC(CCCCCC2CC3CCCCC3C2)CC1
C(CCC1CCCC2CCCCC12)CC1CC2CCCCC2C1
C1CCC(CC2CC3CCCCC3C3CCC4CCCCCC4C23)CC1
C1CCC2C(C1)CCCC1C3CCCC3CCC21
C1CCC2C(C1)CC(C1CCCC1)C1CCCCC21
C1CCC(C2CC3CCCC3C3CCC4CCCCC4C23)CC1
C1CCC(CCC2CCC3C(CCC4CC(C5CCCCC5)CCCC43)C2)CC1
C1CCC(C2CCC3CC4C(CCCC45CCCCC5)CC32)CC1
C1CCC2C(C1)CCC1C3CCCCC3CCC21
C1CCC(CC2CC3CCCCC3C3CCC4CCCCC4C23)C1
C(CCC1CC2CCCCC2C1)CCC1CCCC2CCCC12
C1CCC2C(C1)CCC1C2CCC2C3CCCC3CC21
C1CCC(C2CCC3CC4C(CCC5C6CCCC(CCCC7CCC8CCCCC8C7)C6CCC45)CC32)CC1
C(CCC1CCCC2CCCCC12)CC1CCCC2CCCCC12
C1CCC(C2CC3CCCC3C3CCC4CCCCCC4C23)CC1
C(CCC1CCCC2CCCCC12)CC1CCCC2CCCCC12
C1CCC(C2CCC3CC4(CCCCCC4C4CCCCC4)CCC32)CC1
C1CCC(C2CC3CCCCC3C3CCCCC3C2)C1
C1CCC(C2CC3CCCCC3CC3CCCCC32)CC1
C1CCC(CCC2CC3CCCCC3C3CCC4CCCCC4C23)CC1
C1CCC(CC2CCC3CCCCC3C3CCC4CCCCC4C23)CC1
C1CCC(CCCCCC2CC3CCCCC3C2)CC1
C1CCC(CCC(CCC2CCC3CCCC3C2)CC2CCCCC2)CC1
C(CCC1CCCCC2CCCCC12)CC1CCC2CCCCC2C1
C1CCC(CCC2CCC3C(CCC3C3CCCCC3)C2)CC1
C1CCC2CC(C3CCCC4CCCC43)CCC2C1
C1CCC(CCCCC2CC3CCCCC3C2)CC1
C1CCC2CC(C3CCCC4CCCC43)CCC2C1
C1CCC(CCCCC2CC3CCCCC3C2)CC1
C1CCC(C2CCC3CC4C(CCC5C6CCC(CCCC7CCC8CCCCC8C7)C6CCCC45)CC32)CC1
C1CCC(C2CC3CCCC3C3CCCC4CCCCC4C23)CC1
C(CCCC1CCCCC1)CCCC1CCC(C2CCCCC2)C1
C1CCC2C(C1)CC(C1CCCC1)C1CCCCC21
C1CCC(C2CCC3CC4CCCCC4CC32)CC1
C(CCC1CCCC2CCCCC12)CCC1CCCC2CCCC12
C1CCC2CC3CCCCC3CCC2C1
C1CCC(CCC2CCC3C(CCC3C3CCCC(CCC4CCCC4)C3)C2)CC1
C1CCC2CCC(C3CCCC4CCCC43)CC2CC1
C1CCC(C2CCC3CC(C4CCC(CCC5CCCC5)CC4)CCC32)CC1
C(CCCC1CCC2CCCC2C1)CCC1CCCCC1
C1CCC(C2CCC3CC4C(CCCCC45CCCC5)CC32)CC1
C1CCC2C(C1)CCC1C3CCCC3CCC21
C1CCC2CC(CCCC3CCC4C3CCC3C5CCCCC5CCCC43)CC2C1
C1CCC(CCCCCC2CC3CCCCC3C2)CC1
C(CCCC1CCCC2C(C3CCCCC3)CCC12)CCC1CC1
C1CCC(C2CCC3CC4C(CCCCC45CCCC5)CC32)CC1
C1CCC(C2CC3CCCC3C3CCC4CCCCC4C23)CC1
C1CCC(CCC2CCC3C(CCC3C3CCCCC3)C2)CC1
C1CCC2CC(CCCC3CCCC4CCCCC43)CC2C1
C1CCC(C2CCC3CC4C(CCCC45CCCC5)CC32)CC1
C1CCC(CCCC(CC2CC3CCCCC3C2)C2CC2)CC1
C1CCC2C(C1)CCCC2CCCC1CCC2C1CCC1C3CCCCC3CCC21
C1CCC(C2CCC3CC4C5CCC6C(CCCC7CCC8CCCCC8C7)CCC6C(CCC4CC32)C5)CC1
C1CCC(C2CCC3CC4C(CCC5C6CCC(CCCCC7CC8CCCCC8C7)C6CCC45)CC32)CC1
C1CCC(C2CCC3CC4C(CCC45CCCCCC5)CC32)CC1
C1CCC(C2CC3CCCC3C3CCC4CCCCCC4C23)CC1
C1CCC2C(C1)CCCC2CC1CC2CCCCC2C2CCC3CCCCC3C12
C(CCC1CCCCC2CCCCC12)CC1CCC2CCCCC2C1
C(CCCC1CCCCC1)CCCC1CCC(C2CCCCC2)C1
C1CCC2CC(CCCC3CCC4C5CCC6CCCCC6C(CCC34)C5)CC2C1
C1CCC2CCC3C4CCC(CCCC5CC6CCCCC6C5)C4CCC3C2CC1
C1CCC(C2CC3CCCC3C3CCCC4CCCCC4C23)CC1
C1CCC(CC2CC3CCCCC3C3CCC4CCCCCC4C23)CC1
C1CCC2C(C1)CCC1C3CCCCC3CCC21
C1CCC(CCCCCC2CCCC3C(C4CCCCC4)CCC23)CC1
C1CCC(CCCC2CCC3C(CCC3C3CCCCC3)C2)CC1
C1CCC(CCC2CCC3C(CCC3C3CCCCC3)C2)CC1
C1CCC(CCCCCC2CCC3CCCCC3C2)CC1
C(CCCC1CCCC2CCCC12)CCC1CCC2CCCCC2C1
C1CCC(CCC2CCC(CCC3CCCC(CC4CCCC4)C3)CC2)CC1
C1CCC(CCCC2CCC3C(CCC3C3CCCCC3)C2)CC1
C1CCC2CC(CCCC3CCC4C5CCC6CCCCC6C(CCC34)C5)CC2C1
C1CCC(CC2CC3CCCCC3C3CCC4CCCCC4C23)C1
C1CCC2C(C1)CCC1C3CCCC3CCC21
C1CCC(CCCCC2CCC3CCCCC3C2)CC1
C1CCC(C2CC3CCCC3C3CCC4CCCCC4C23)CC1
C1CCC2C(C1)CCC1C3CCCC3CCC21
C(CCCC1CCCCC1)CCC1CCCCC1
C1CCC(C2CC3CCCCC3C3CCC4CCCCC4C23)CC1
C1CCC(CCCCCC2CCC3CCCCC23)CC1
C1CCC(CCCCCC2CCCCC2)CC1
C1CCC(CCCCC2CCCC3CCCC23)CC1
C1CCC(CCCCCC2CCCC3C(C4CCCCC4)CCC23)CC1
C1CCC(C2CCC3CC4C(CCCCC45CC(C4CCCCC4)C(C4CCCCC4)C5)CC32)CC1
C1CCC(CC2CC3CCCCC3C3CCC4CCCCCC4C23)CC1
C1CCC(CCCC2CCCCC2)CC1
C1CCC(CCC(CCC2CCC3CCCC3C2)CC2CCCCC2)CC1
C1CCC(CCCCCC2CCCC3C2CCC3C2CCCC(CC3CCCC3)C2)CC1
C1CCC(C2CCC3CC4C(CCC45CCCCCC5)CC32)CC1
C1CCC2C(C1)CCCC1C3CCCC3CCC21
C1CCC(C2CC3CCCC3C3CCCC4CCCCC4C23)CC1
C1CCC(CCCC2CCC(CCC3CCCCC3)CC2)CC1
C1CCC(CC2CCC3C(CC4CCCCC4)CCC3C2)CC1
C(CCCC1CCCCC1)CCCC1CCC(C2CCCCC2)C1
C1CCC2CCC(C3CCCC4CCCC43)CC2CC1
C1CCC(C2CC3CCCC3C3CCC4CCCCC4CC23)CC1
C1CCC(CCCCCC2CCCCC2)CC1
C1CCC(CCC(CCC2CCC3CCCC3C2)CC2CCCCC2)CC1
C1CCC2C(C1)CCC1CCCCC12
C1CCC(CCCC2CCC3CCC(C4CCCC5CCCC54)CC3CC2)CC1
C1CCC(CCCC2CCC3C(CCC3C3CCCCC3)C2)CC1
C1CCC(C2CCC3(CCC4CCC5C(CCC5C5CCCCC5)CC43)C2)CC1
C1CCC(C2CCC3CC4C(CCCC45CCCCC5)CC32)CC1
C1CCC(CCCCC2CCC3CCCCC23)CC1
C1CCC2CC(C3CCCC4CCCC43)C3CCCC3C2CC1
C1CCC2CCC(C3CCCC4CCCC43)CC2CC1
C1CCC2CCC3C4CCCCC4CCC3C2CC1
C1CCC(CCCCCC2CCC3CCCCC23)CC1
C1CCC(C2CCC(CCCC3CCC4C3CCC3C5CCCCC5CCC43)C2)CC1
C1CCC(CC2CC3CCCCC3C3CCC4CCCCC4C23)CC1
C1CCC(CCC2CCC3C(CCC3C3CCCCC3)C2)CC1
C1CCC(C2CC3CCCC3C3CCC4CCCCC4C23)CC1
C1CCC(C2CCC3CC(C4CCC(CCC5CCCC5)CC4)CCC32)CC1
C1CCC(C2CC3CCCC3C3CCC4CCCCC4C23)CC1
C1CCC(CCCCCC2CCCC3C2CCC3C2CCCC(CC3CC3)C2)CC1
C1CCC(CCC2CCC3C(CCC3C3CCCCC3)C2)CC1
C1CCC(C2CC3CCCCC3C3CCCCC23)CC1
C1CCC(C2CCC3CCC4C(CCC45CCCC5)CC32)CC1
C1CCC(C2CCC3C(CCC4CCCCC43)C2)CC1
C1CCC2C(C1)CCC1C2CCC2C3CCCC3CC21
C1CCC(C2CCC3CC4C(CCC32)CCC42CCCC2)CC1
C1CCC(C2CCC3CC4C(CCCC45CCCCCC5)CC32)CC1
C(CCC1CCC2CCCCC2C1)CCC1CCCC2CCCC12
C1CCC(CC2CCC3CCCCC3C3CCC4CCCCC4C23)C1
C1CCC(CCCC2CCC3CCC(C4CCCC5CCCC54)CC3CC2)CC1
C1CCC2C(C1)CCCC1CCCCC12
C1CCC(CCC2(CCCCC3CC4CCCCC4C3)CCC3C4CCC5CCCCC5C4CCC32)C1
C1CCC(C2CC3CCCC3C3CCC4CCCCC4C23)CC1
C1CCC(CCCC2CCC3C2CCC2C4CC5CCC(C6CCCCC6)C5CCC4CCC32)CC1
C1CCC2CC(C3CCCC4CCCC43)CCC2C1
C1CCC(C2CCC3CCCCC3C3CCCCC23)CC1
C1CCC2CCC(C3CCCC3)CC2CC1
C1CCC(C2CCC3CCCC3C3CCC4CCCCC4CC23)CC1
C1CCC(CCC2CCC3C(CCC4C5CCCC5CCC(CCC5CCCCC5)C34)C2)CC1
C1CCC(C2CCC3CCC4(CCCCC4C4CCCCC4)CCC32)CC1
C1CCC(CC2CCC(CCCC3CCC4C3CCC3C5CCCCC5CCC43)C2)CC1
C1CCC(CCC2CCCC3CCC(C4CCCC5CCCC54)CC23)CC1
C1CCC(C2CC3CCCC3C3CCC4CCCCC4C23)CC1
C1CCC(CCCC2CCC(CCC3CCCCC3)CC2)CC1
C1CCC2CC(CCCC3CCCC4C3CCC3C5CCCCC5CCC43)CC2C1
C1CCC2C(C1)CCC1C3CCCC3CCC21
C(CCCCC1CCC(C2CCCCC2)C1)CCCC1CCCCC1
C1CCC2C(C1)CCC1C3CCCCC3CCC21
C1CCC2CC(CC3CCCC4CCCC43)CCC2C1
C1CCC2C(C1)CCC1CCCCC12
C(CCCC1CCCCC1)CCCC1CCC(C2CCCCC2)C1
C1CCC(CCC2CCC(CCC3CCCCC(CC4CCCC4)C3)CC2)CC1
C1CCC(CCC2CCC3C(CCC3C3CCCCC3)C2)CC1
C1CCC(CCCCC2CCCC(C3CCC4CC(CCC5CCC6CCCCC6C5)CCC43)C2)CC1
C1CCC2C(C1)CC(C1CCCC3CCCC31)C1CCCCC21
C1CCC(C2CC3CCCC3C3CCC4CCCCCC4C23)CC1
C1CCC(CCC2CCC3C2CCCC(C2CCCCC2)C2C4CCCCC4CCC32)CC1
C1CCC(C2CCC3C(CCC4CCCCC43)C2)CC1
C1CCC(CCC2CCC3C(CCC3C3CCCCC3)C2)CC1
C1CCC(CC2CC3CCCCC3CC3CCC4CCCCC4C32)CC1
C1CCC(CCCCCC2CCCC3CCCC23)CC1
C1CCC(C2CCC3C(CCCCCC4CCC(CC5CCCC5)C4)CCCC23)CC1
C1CCC2C(C1)CCC1C3CCCCC3CCC21
C1CCC(CC2CCC3C(CCC4CCCCC43)C2)CC1
C1CCC(C2CC3CCCC3C3CCC4CCCCC4C23)CC1
C1CCC(CCCC(CCC2CCC3CCCC3C2)CC2CCCCC2)CC1
C1CCC2CC(CC3CCCC4CCCC43)CCC2C1
C1CCC(CCCCC2CC3CCCCC3C2)CC1
C1CCC(CCCCC2CC3CCCCC3C2)CC1
C1CCC(CC2CC3CCCCC3C3CCC4CCCCC4C23)CC1
C1CCC(CCC2CCC3C(CCC3C3CCCCC3)C2)CC1
C1CCC(C2CCC3CC4C(CCCC45CCCC5)CC32)CC1
C1CCC(CCC2CCC3C(CCCC4C5CCCC5CC(CCC5CCCCC5)C34)C2)CC1
C1CCC(CCC2CCC3C(CCC3C3CCCCC3)C2)CC1
C1CCC2CCC(C3CCCC4CCCC43)CC2CC1
C1CCC(CCCCC2CCC3CCCCC23)CC1
C1CCC(C2CC3CCCC3C3CCC4CCCCC4C3C2)CC1
C1CCC(CCC2CCC3C(CCC3C3CCCCC3)C2)CC1
C1CCC(C2CCC3C(CCCCCC4CCC(C5CCCC5)C4)CCCC23)CC1
C1CCC(CCC(CCC2CCC3CCCC3C2)CC2CCCCC2)CC1
C1CCC(CC2CC3CCCCC3C3CCC4CCCCCC4C23)CC1
C1CCC2CC(CCCC3CCCC4C3CCC3C5CCCCC5CCC43)CC2C1
C1CCC(CCCCC2CC3CCCCC3C2C2CCCCC2)CC1
C1CCC(CCCCC2CC3CCCCC3C2)CC1
C1CCC(CCCCC2CCC3CCCCC23)CC1
C1CCC(CCC2CCC3C(CCC3C3CCCCC3)C2)CC1
C1CCC(C2CC3CCCC3C3CCC4CCCCC4C23)CC1
C1CCC2CCC3C4CCCCC4CC(CC4CCCC4)C3C2CC1
C1CCC(CCCCCC2CC3CCCCC3C2)CC1
C1CCC2C(C1)CCC1C3CCCC3CCC21
C(CCCC1CCCC2C(C3CCCCC3)CCC12)CCC1CCCCC1
C1CCC(C2CC3C(CCCC4CC4)CCC3C3CCC4CCCCC4C23)CC1
C1CCC(CCCCC2CCC3CCCCC23)CC1
C1CCC(CCC2CCC3C(CCC4C5CCCC5CC(CCC5CCCCC5)CC34)C2)CC1
C1CCC(CC2CCC3CC4CCCCC4CC23)CC1
C1CCC2CCC(C3CCCC4CCCC43)CC2CC1
C1CCC(CCCCCC2CCC3CCCC3C2)CC1
C1CCC(CCCCCC2CC3CCCCC3C2)CC1
C1CCC(CCCCC2CCC3C2CCC2C4CCCCC4CCC32)CC1
C1CCC2C(C1)CCC1C2CCC2C3CCCC3CC21
C1CCC(CCCC2(CCC3CCCC3)CCC3C4CCC5CCCCC5C4CCC32)CC1
C1CCC(CC2CCCC(CCC3CCC(CCC4CCC(C5CC5)CC4)CC3)C2)C1
C1CCC(CC2CCC3CC4C(CCC45CCCC5)CC23)CC1
C1CCC(C2CCC3CC4C(CCC5C6CCC(CCCC7CC8CCCCC8C7)C6CCC45)CC32)CC1
C1CCC(CC(CC2CCCCC2)C2CCCCC2)CC1
C1CCC(C2CC3CCCC3C3CCCC4CCCCC4C23)CC1
C1CCC2C(C1)CC(C1CCCC1)C1CCCCC21
C1CCC(CC23CCCCC2CCC2C4CCCC4CCCC23)CC1
C1CCC(C2CCC3CC4C(CCCC45CCCC5)CC32)CC1
C1CCC(CCCCC2CC3CCCCC3C2)CC1
C(CCC1CCCC2CCCCC12)CC1CC2CCCCC2C1
C1CCC(C2CCC3C(CCC4CCCCC43)C2)CC1
C1CCC(C2CCCCC2CC2CC3CCCCC3C3CCC4CCCCCC4C23)CC1
C1CCC(CC2CCCCC23CCC2C(CCC2C2CCCCC2)C3)CC1
C1CCC(CCCCCC2CCCC3C2CCC3C2CCCC(CC3CCC3)C2)CC1
C1CCC(CCCCC2CC3CCCCC3C2)CC1
C1CCC2CC(C3CCCC4CCCC43)CCC2C1
C(CCCC1CCCC2CCCC12)CCC1CCCCC1
C1CCC(CCCCCC2CC3CCCCC3C2)CC1
C(CCCC1CCCCC1)CCCC1CCC(C2CCCCC2)C1
C1CCC2C(C1)CCCC2CCCC1CCCC2CCCCC21
C1CCC2CC(C3CCCC4CCCC43)CCC2C1
C(CCCC1CCCC2C(C3CCCCC3)CCC12)CCC1CCCCC1
C1CCC(CC2CCC3CC4(CCCCCC4C4CCCCC4)CCC23)CC1
C1CCC(CCCCC2CC3CCCCC3C2)CC1
C1CCC(CCCCCC2CC3CCCCC3C2)CC1
C1CCC2CC(C3CCCC4CCCC43)CCC2C1
C1CCC2CC(C3CCCC4CCCC43)CCC2C1
C(CCCC1CCCC2C(C3CCCCC3)CCC12)CCC1CCCCC1
C(CCCC1CCCCC1)CCCC1CCC(C2CCCCC2)C1
C1CCC(CCC2CCC(C3CCC4C(CCC4C4CCCCC4)C3)CC2)CC1
C1CCC2CCC3C4CCCCC4CCC3C2CC1
C1CCC2CCC3CCCCC3C2CC1
C1CCC(CCC2CCC3C(CC4CCCCC4)CCC3C2)CC1
C1CC2CCC3C(CCC4CCCCC43)CC2C1
C1CCC2CCC(C3CCCC4CCCC43)CC2CC1
C1CCC(CCCCCC2CCCC3C(C4CCCCC4)CCC23)CC1
C1CCC2C(C1)CCC1C3CCCC3CCC21
C1CCC(CCCC2CC3CCCC3C3CCC4CCCCC4C23)CC1
C1CCC(CCC2CCC3C(CCC3C3CCCCC3)C2)CC1
C1CCC(C2CCC3CC4C(CCCC5C6CCC(CCCC7CC8CCCCC8C7)C6CCC45)CC32)CC1
C1CCC(CCCCCC2CC3CCCCC3C2)CC1
C1CCC(C2CC3CCCC3C3CCCC4CCCCC4C23)CC1
C1CCC(CC2CC3CCCCC3C3CCC4CCCCC4C23)C1
C1CCC(C2CC3C(CCC4CC4)CCCC3C3CCC4CCCCC4C23)CC1
C(CCCCC1CCCC(CC(CC2CCC(CC3CCCCC3)CC2)C2CCCCC2)C1)CCCCC1CCC2C(CCC3C4CCCC4CCC23)C1
C1CCC(C2CC3CCCC3C3CCC4CCCCC4C23)CC1
C(CCCC1CCCC2C(C3CCCCC3)CCC12)CCC1CCCCC1
C1CCC(CCCCC2CC3CCCCC3C2)CC1
C1CCC(CCC2CCC3C(CCC3C3CCCCC3)C2)CC1
C1CCC2CC(C3CCCC4CCCC43)CCC2C1
C1CCC(CCC2CCC(C3CCC4C(CCC4C4CCCCC4)C3)CC2)CC1
C1CCC(CCC2CCC3C(CCC3C3CCCCC3)C2)CC1
C1CCC(CCC2CCC(C3CCC4C(CCC4C4CCCCC4)C3)CC2)CC1
C1CCC(C2CC3CCCC3C3CCC4CCCCCC4C23)CC1
C1CCC2CCC(C3CCCC4CCCC43)CC2CC1
C1CCC(CC2CCC(CCC(CC3CCCCC3)C3CCCCC3)CC2)CC1
C1CCC(C2CC3CCCC3C3CCC4CCCCCC4C23)CC1
C1CCC(CCCCCC2CCCC3CCC(C4CCCCC4)CC23)CC1
C1CCC(C2CC3CCCC3C3CCC4CCCCC4C23)CC1
C1CCC2C(C1)CCC1C3CCCCC3CCC21
C1CCC2CCC3C4CCCCC4CC(CC4CCCC(C5CCCC5)C4)C3C2CC1
C1CCC2C(C1)CCC1C2CCC2C3CCCC3CC21
C1CCC(C2CCC3CC4C(CCCC45CCCCC5)CC32)CC1
C1CCC(C2CCC3CCC(C4CCCC4)C3C2)C1
C1CCC(C2CCC3CC4C(CCCCC45CCCC5)CC32)CC1
C1CCC(CC(CC2CCCCC2)C2CCCCC2)CC1
C1CCC(C2CC3CCCCC3C3CCC4CCCCC4C23)CC1
C1CCC2CCC(C3CCCC3)CC2CC1
C1CCC(CCC2CCC(CCC3CCCC(CC4CCCC4)C3)CC2)CC1
C1CCC(CCC2CCC(CCC3CCCC(CC4CCCC4)C3)CC2)CC1
C1CCC2CCC3C(CCC4C5CCCC5CC43)C2CC1
C1CCC(CCCC2CCC3C(CCC3C3CCCC(CCC4CCCC4)C3)C2)CC1
C(CCCC1CCCCC1)CCCC1CCC(C2CCCCC2)C1
C1CCC(CCCCC2CC3CCCCC3C2)CC1
C1CCC(CCCCC2CC3CCCCC3C2)CC1
C(CCC1CC2CCCCC2C1)CCC1CCCC2CCCC12
C1CCC(C2CC3CCCCC3C3CCCCC23)CC1
C1CCC(CC2CCC3CC4C(CCC45CCCCC5)CC23)CC1
C1CCC2C(C1)CCC1C3CCCCC3CCC21
C1CCC2CCC3C4CCCCC4CC(CC4CCCC4)C3C2CC1
C1CCC(CCCC2CCCC3CCC(C4CCCC5CCCC54)CC3C2)CC1
C(CCC1CCCC2CCCCC12)CC1CCCC2CCCCC12
C1CCC(CCCCC2CCC3CCC(C4CCCC5CCCC54)CC3C2)CC1
C1CCC2C(C1)CCC1C3CCCC3CCC21
C(CCCC1CCCC2C(C3CCCCC3)CCC12)CCC1CCCCC1
C1CCC2C(C1)CCC1C3CCCC3CCC21
C(CCC1CCCC2CCCCC12)CC1CCCC2CCCCC12
C1CCC(C2CC3C(CCC4CC4)CCC3C3CCCC4CCCCC4C23)CC1
C1CCC(CCCCC2CCC3CCCCC3C2)CC1
C1CCC(CCCCCC2CCCC3C(C4CCCCC4)CCC23)CC1
C1CCC(C2CCC3CC4C(CCC5C6CCC(CCCC7CCC8CCCCC8C7)C6CCC45)CC32)CC1
C1CCC2CC(C3CCCC4CCCC43)CCC2C1
C1CCC(CC2CC3CCCCC3C3CCC4CCCCC4C23)CC1
C1CCC(CC2CCC(CC(CC3CCCCC3)C3CCCCC3)CC2)CC1
C1CCC2CCC(C3CCCC4CCCC43)CC2CC1
C1CCC(CCCC2CCCC3CCC(C4CCCC5CCCC54)CC3C2)CC1
C1CCC(C2CC3CCCC3C3CCC4CCCCCC4C23)CC1
C(CCC1CCC2C1CCC1C3CCCCC3CCC21)CC1CC2CCCCC2C1
C1CCC(CCC2CCC(CCC3CCCC(CC4CCCCC4)C3)CC2)CC1
C(CCC1CC2CCCCC2C1)CCC1CCCC2CCCC12
C1CCC(C2CCC3CCCC3C3CCC4CCCCC4C23)CC1
C(CCCCC1CCC(C2CCCCC2)C1)CCCC1CCCCC1
C1CCC(C2CCC(CCCCCC3(C4CCCCC4)CCCC4CCCCC43)C2)CC1
C1CCC(CCCCCC2CC3CCCCC3C2)CC1
C1CCC(CC2CC3CCCCC3C2C2CCCCC2)CC1
C1CCC(C2CC3CCCC3CC3CCC4CCCCC4C32)CC1
C1CCC(CCC2CCC3C(CCC4C5CCCC5CC(CCC5CCCCC5)C34)C2)CC1
C1CCC2CC(CCCC3CCC4C3CCC3C5CCCCC5CCCC43)CC2C1
C1CCC(CCC2(CCCC3CC4CCCCC4C3)CCC3C4CCC5CCCCC5C4CCC32)C1
C1CCC(CCC2CCC3C(CC4CCCC4)CCC3C2)CC1
C1CCC2CCC3C4CCCCC4CC(CC4CCCC4)C3C2CC1
C1CCC(CCCCCC2CCCC3CCC(C4CCCCC4)CC23)CC1
C1CCC(C2CCC3C(CCC4CCCCC43)C2)CC1
C1CCC2C(C1)CCC1C3CCCC3CCCC21
C1CCC(CCC2CCC(CCC3CCCC(CC4CCCC4)C3)CC2)CC1
C1CCC(CCCCCC2CC3CCCCC3C2)CC1
C1CCC(C2CCC(CCCCCC3(C4CCCCC4)CCC3)C2)CC1
C1CCC(C2CCC3CC4C(CCC32)CCC2C3CCC(CCCC5CCC6CCCCC6C5)C3CCC42)CC1
C1CCC(CCC2CCC(C3CC3)CC2)CC1
C1CCC2CCC(C3CCCC4CCCC43)CC2CC1
C(CCCC1CCC2CCCC2C1)CCC1CCCCC1
C1CCC(CC2CCC3CC4C(CCC5C6CCC(CCCC7CC8CCCCC8C7)C6CCC45)CC23)CC1
C1CCC(CC2CCC3C(CCC3C3CCCCC3)C2)CC1
C1CCC2CC(C3CCCC3)C3CCCC3C2CC1
C1CCC(C2CC3CCCC3C3CCC4CCCCC4C23)CC1
C(CCC1CCC2C(CCC3C4CCCC4CCC23)C1)CC1CCC(C2CCC(C3CC4CCCC4C4CCCC5CCCCC5C34)CC2)CC1
C1CCC2C(C1)CCC1C3CCCC3CCC21
C1CCC(CCCCC2CCCC(C3CCC4CC(CCC5CCC6CCCCC6C5)CCC43)C2)CC1
C1CCC(C2CC3CCCCC3C3CCC4CCCCC4C23)CC1
C1CCC(CCCC2CCC3CCC(C4CCCC5CCCC54)CC3C2)CC1
C(CCCC1CCCC2C(C3CCCCC3)CCC12)CCC1CCCCC1
C1CCC2C(C1)CCC1CCCCC12
C1CCC2CC(C3CCCC4CCCC43)CCC2C1
C1CCC2C(C1)CCC1C3CCCC3CCC21
C1CCC(CCCC2CCC3C(CCC3C3CCCCC3)C2)CC1
C1CCC2C(C1)CCCC1C3CCCC3CCC21
C1CCC(CCCCC2CCC3CCC(C4CCCC5CCCC54)CC3C2)CC1
C1CCC(C2CC3CCCC3C3CCC4CCCCC4C23)CC1
C1CCC(CCC2CCC3C(CCC3C3CCCCC3)C2)CC1
C1CCC(C2CCCC3C(CCC4CCCCC43)C2)CC1
C(CCC1CCC2CCCCC2C1)CCC1CCCC2CCCCC12
C1CCC(CCCCC2CC3CCCCC3C2)CC1
C1CCC(CC2CCC3CC4C(CC5CCC6CCCCC65)CCCC4CC23)CC1
C1CCC(CC2CCC3C(CCCCCC4CC4)CCCC23)CC1
C1CCC(C2CCC3CCCC3C3CCC4CCCCCC4C23)CC1
C1CCC(C2CC3CCCC3C3CCCC4CCCCC4C23)CC1
C1CCC(CCCCC2CCC3CCCCC23)CC1
C1CCC(CCCCC2CC3CCCCC3C2)CC1
C(CCC1CCC2CCCCC2C1)CCC1CCCC2CCCCC12
C1CCC2CC3CCC4CCCCC4C3CCC2C1
C1CCC(CCCCC2CC3CCCCC3C2)CC1
C(CCC1CCCC2CCCCC12)CCC1CCCC2CCCCC12
C1CCC2CC(C3CCCC4CCCC43)CCC2C1
C1CCC(CCCCC2CC3CCCCC3C2)CC1
C1CCC(CCCCCC2CCCC3CCCC23)CC1
C1CCC(C2CCC3C(CCCCCC4CC4)CCCC23)CC1
C1CCC(C2CCC3CC4C(CCCC45CCCC5)CC32)CC1
C1CCC2C(C1)CCC1C3CCCC3CCC21
C1CCC2CC(C3CCCC4CCCC43)CCC2C1
C(CCC1CCCC2CCCC12)CC1CC2CCCCC2C1
C1CCC2CCC(C3CCCC4CCCC43)CC2CC1
C1CCC(CCCC2CCCC(C3CCC4CC(CCC5CCC6CCCCC6C5)CCC43)C2)CC1
C1CCC(C2CCC3CC4C(CCCC45CCCCC5)CC32)CC1
C(CCCC1CCCCC1)CCC1CCCCC1
C(CCC1CCCC2CCCC12)CC1CC2CCCCC2C1
C(CCCC1CCCCC1)CCCC1CCC(C2CCCCC2)C1
C1CCC2CC(CCCC3CCC4C3CCC3C5CCCCC5CCC43)CC2C1
C1CCC(C2CCC3CC4C(CCC45CCCCC5)CC32)CC1
C1CCC2C(C1)CCC1CCCCC12
C1CCC(C2CC3CCCC3C3CCC4CCCCC4C23)CC1
C1CCC2CCC(C3CCCC4CCCC43)CC2CC1
C(CCCCC1CCC(C2CCCCC2)C1)CCCC1CCCCC1
C(CCC1CCCCC2CCCCC12)CC1CCC2CCCCC2C1
C1CCC(CC2CCC(C3CC4CCCC4C4CCC5CCCCC5C34)CC2)CC1
C1CCC(CCC2CCCC3CC4C(CCC4C4CCCCC4)CC23)CC1
C1CCC2C(C1)CCCC1C3CCCC3CCC21
C1CCC2CC(CC3CCCC4CCCC43)CCC2C1
C1CCC(CC2CCC3CCCCC3C3CCC4CCCCC4C23)CC1
C1CCC(CCC2CCC3C(CCC3C3CCCCC3)C2)CC1
C1CCC2CC(CCCC3CCC4C3CCC3C5CCCCC5CCCC43)CCC2C1
C1CCC2CC(C3CCCC4CCCC43)C3CCCC3C2CC1
C1CCC(CCCC2CCC3CCCC3C2)CC1
C1CCC(C2CC3CCCC3C3CCCC4CCCCC4C23)CC1
C1CCC2CC(CCCC3CCC4C3CCC3C5CCCCC5CCC43)CC2C1
C1CCC2CC(C3CCCC4CCCC43)CCC2C1
C1CCC(C2CC3CCCC3C3CCC4CCCCCC4C23)CC1
C1CCC(CCC2CCC3C(CCC3C3CCCC(CCCC4CCCC4)C3)C2)CC1
C(CCC1CCCCC2CCCCC12)CC1CCC2CCCCC2C1
C(CCC1CCC2CCCCC2C1)CCC1CCCC2CCCCC12
C1CCC2CCC(C3CCC4CCCCC43)CC2CC1
C(CCC1CCCC2CCCC12)CC1CC2CCCCC2C1
C1CCC(CCCC2CCC3C(CCC3C3CCCCC3)C2)CC1
C(CCC1CCCC2CCCC12)CC1CC2CCCCC2C1
C1CCC(C2CCCC3CCCC3C3CCC4CCCCC4C23)CC1
C1CCC(C2CCC3C(CCCCCC4CCC(C5CCCC5)C4)CCCC23)CC1
C1CCC(CCC2CCC3C(CCC3C3CCCCC3)C2)CC1
C1CCC(C2CCC3CCC4(CCCCC4)C3C2)CC1
C1CCC(CC2CCC(CC(CC3CCCCC3)C3CCCCC3)CC2)CC1
C1CCC2CCC3C4CCCC4CCC3C2CC1
C1CCC(CCCCCC2CC3CCCCC3C2)CC1
C1CCC(C2CC3CCCC3C3CCC4CCCCC4C23)CC1
C1CCC2C(C1)CCC1C2CCC2C3CCCC3CC21
C1CCC(CC2CCC3(CCC4CC5C(CCC5C5CCCCC5)CC43)C2)CC1
C1CCC(C2CC3CCCC3C3CCC4CCCCCC4C23)CC1
C1CCC(CCCCC2CCC3CCCCC23)CC1
C1CCC(CCC2(CCCC3CC4CCCCC4C3)CCC3C4CCCC5CCCCC5C4CCC32)C1
C(CCCCC1CCC2C(CCC3C4CCCCC4CCC23)C1)CCCC1CCCC(CC(CC2CCC(CC3CCCCC3)CC2)C2CCCCC2)C1
C(CCC1CCCC2CCCC12)CC1CC2CCCCC2C1
C1CCC(CC2CCC3(CCC4CC5C(CCC5C5CCCCC5)CC43)C2)CC1
C(CCC1CCC2C1CCC1C3CCCCC3CCC21)CC1CC2CCCCC2C1
C1CCC(CCCCC2CCC3CCCCC23)CC1
C1CCC(C2CCC3CC4C(CCC5C6CCC(CCCCC7CC8CCCCC8C7)C6CCC45)CC32)CC1
C1CCC2CC(C3CCCC4CCCC43)CCC2C1
C1CCC(CCC2CCC(C3CC3)CC2)CC1
C1CCC(CCCCC2CC3CCCCC3C2)CC1
C1CCC(C2CCC3CCC4CCCCC4C3CC2)CC1
C1CCC2CC(CC3CCCC4CCCC43)CCC2C1
C1CCC(CCCC2CCCCC3CCC(C4CCCC5CCCC54)CC23)CC1
C1CCC(CC2CC3CCCCC3C3CCC4CCCCCC4C23)CC1
C1CCC2CC(CCCC3CCC4C3CCC3C5CCCCC5CCCC43)CC2C1
C1CCC(CCCC2CCCC(CC3CCC4CC(CCC5CCC6CCCCC6C5)CCC43)C2)CC1
C(CCC1(C2CCCC2)CCCC2CCCCC21)CC1CCC2CCCCC2C1
C(CCC1CCC(C2CC3CCCC3C3CCC4CCCCC4C23)CC1)CCC1CCC2C(CCC3C4CCCC4CCC23)C1
C1CCC(C2CCC3C(CCC4CCCCC43)C2)CC1
C(CCC1CCCC2CCCCC12)CC1CCCC2CCCCC12
C1CCC(C2CCC3CC4C(CCCC45CCCCC5)CC32)CC1
C1CCC(C2CCC3CC4C(CCC5C6CCCC(CCCC7CCCC8CCCCC87)C6CCC45)CC32)CC1
C(CCC1CCCC2CCCC12)CC1CC2CCCCC2C1
C1CCC(CCCC(CCC2CCC3CCCC3C2)CC2CCCCC2)CC1
C1CCC(CCCCC2CCC3CCCCC23)CC1
C1CCC2CCC(C3CCCC4CCCC43)CC2CC1
C1CCC2CC(C3CCCC4CCCC43)CCC2C1
C1CCC(CCCCC2CCC3CCCCC23)CC1
C1CCC(CCCCCC2CCC3CCCCC23)CC1
C1CCC(CCC2CCC3C(CCC3C3CCCC(CC4CCCC4)C3)C2)CC1
C1CCC2CC(C3CCCC4CCCC43)CCC2C1
C1CCC2CCC(C3CCCC4CCCC43)CC2CC1
C1CCC(CCC2CCC3C(CCC3C3CCCCC3)C2)CC1
C1CCC(C2CCC3CCC(C4CCCC4)CC32)CC1
C1CCC(CCCCC2CC3CCCCC3C2)CC1
C1CCC(CCCCC2CC3CCCCC3C2)CC1
C1CCC(C2CCC3CCC4C(CCC45CCCCC5)CC32)CC1
C1CCC(CCCCC2CC3CCCCC3C2)CC1
C1CCC(CCC2CCC3C(CCC3C3CCCC3)C2)CC1
C1CCC(C2CC3CCCC3C3CCCC4CCCCC4C23)CC1
C1CCC2C(C1)CCC1C3CCCCC3CCC21
C1CCC2CCC(C3CCCC4CCCC43)CC2CC1
C1CCC(CCC2CCC(C3CC3)CC2)CC1
C1CCC2C(C1)CCC1C3CCCC3CCCC21
C1CCC2C(C1)CCC1CCCCC12
C1CCC(CCCCC2CC3CCCCC3C2)CC1
C1CCC2CC(CCCC3CCCC4CCCCC43)CCCC2C1
C1CCC(C2CCC3CC4C(CCC5C6CCC(CCCC7CC8CCCCC8C7)C6CCCC45)CC32)CC1
C1CCC(CC2CC3CCCCC3C3CCC4CCCCC4C23)CC1
C(CCC1CCC2C1CCC1C3CCCCC3CCC21)CC1CCC2CCCCC2C1
C1CCC(C2CCC3CC4C(CCC45CCCC5)CC32)CC1
C1CCC(C2CCCC3C(CCC4CCCCC43)C2)C1
C1CCC(CC2CCC3C(CCC3C3CCCCC3)C2)CC1
C1CCC(CCC2CCC3C2CCC(C2CCCCC2)C2C4CCCCC4CCCC32)CC1
C1CCC2CC(C3CCCC4CCCC43)CCC2C1
C1CCC(CCCCCC2CCCC3C(C4CCCCC4)CCC23)CC1
C1CCC(C2CCC3CC4C(CCC5C6CCC(CCCC7CC8CCCCC8C7)C6CCC45)CC32)CC1
C1CCC(C2CCC3CC4C(CCC45CCCCC5)CC32)CC1
C1CCC2CC(CCCC3CCC4C3CCC3C5CCCCC5CCC43)CCC2C1
C1CCC(CCC(CCC2CCC3CCCC3C2)CC2CCCCC2)CC1
C1CCC(CCCCC2CC3CCCCC3C2)CC1
C1CCC2C(C1)CCCC2CCCC1CCCC2CCCCC21
C1CCC2C(C1)CCC1C3CCCC3CCC21
C1CCC(C2CC3CCCC3C3CCC4CCCCC4C23)CC1
C1CCC(C2CCC3CCCC3C3CCCC4CCCCC4C23)CC1
C1CCC(CCCC2CCC(CCC3CCCCC3)CC2)CC1
C1CCC(CCCC2(CCCC3CCCC3)CCC3C4CCC5CCCCC5C4CCC32)CC1
C1CCC2C(C1)CCCC2CCCC1CCC2C1CCC1C3CCCCC3CCC21
C1CCC(CCCCC2CC3CCCCC3C2)CC1
C1CCC(C2CC3CCCC3C3CCCC4CCCCC4C23)CC1
C1CCC(CCC2(CCCC3CCC4CCCCC4C3)CCC3C4CCC5CCCCC5C4CCCC32)C1
C1CCC(C2CCC3CCC4CCCCC4C3CC2)CC1
C1CCC2CCC(C3CCCC4CCCC43)CC2CC1
C(CCC1CCC2CCCCC2C1)CCC1(C2CCCC2)CCCC2CCCCC21
C(CCCC1CCCC2C(C3CCCCC3)CCC12)CCC1CCCCC1
C1CCC(CC2CCC3CC(C4CCC(CCC5CCCC5)CC4)CCC23)CC1
C1CCC(C2CCC(C3CC4CCCC4C4CCC5CCCCC5C34)CC2)CC1
C1CCC(C2CC3CCCC3C3CCCC4CCCCC4C23)CC1
C(CCCCC1CCC(C2CCCCC2)C1)CCCC1CCCCC1
C1CCC2C(C1)CCC1CCCCC12
C1CCC(C2CCC3CC4C(CCCC45CCCCC5)CC32)CC1
C1CCC2CC(C3CCCC4CCCCC43)C3CCCC3C2CC1
C1CCC(CCC2CCC3C(CCC3C3CCCCC3)C2)CC1
C1CCC2C(C1)CCC1C3CCCCC3CCC21
C(CCC1CCCC2CCCCC12)CC1CCC2CCCCC2C1
C1CCC(C2CCC3CCC4C(CC5CC6CCCCC6C5)CCCC4CC32)CC1
C(CCC1CCC2CCCCC2C1)CCC1CCCC2CCCC12
C(CCC1CCC2C1CCC1C3CCCCC3CCC21)CC1CC2CCCCC2C1
C(CCCCC1CCC2C(CCC3C4CCCC4CCC23)C1)CCCC1CCCC(CC(CC2CCC(CC3CCCCC3)CC2)C2CCCCC2)C1
C(CCC1CC2CCCCC2C1)CCC1CCCC2CCCC12
C1CCC(CC2CCC3CC4C(CCC45CCCCC5)CC23)CC1
C1CCC(CCCCC2CC3CCCCC3C2)CC1
C1CCC(CCCCC2CCC3CCCCC23)CC1
C1CCC2CCC3C4CCCC4CCC3C2CC1
C1CCC(CC2CC3CCCCC3C3CCCC23)C1
C(CCC1CCC2C1CCC1C3CCCCC3CCC21)CC1CC2CCCCC2C1
C1CCC(CCCCCC2CCC3CCCCC23)CC1
C1CCC(CCCCCC2CCCC3C(C4CCCCC4)CCC23)CC1
C1CCC(C2CCC3CC4C(CCC45CCCC5)CC32)CC1
C1CCC(CCCC2CCCC(C3CCC4CC(CCC5CCC6CCCCC6C5)CCC43)C2)CC1
C1CCC(C2CCC3CC4C(CCC5C6CCC(CCCCC7CCC8CCCCC8C7)C6CCC45)CC32)CC1
C1CCC(CCCC2CCC3C(CCC3C3CCCCC3)C2)CC1
C1CCC(CCC2CCC3C(CCC3C3CCCCC3)C2)CC1
C(CCC1CCC2CCCCC2C1)CCC1CCCCC2CCCCC12
C(CCCC1CCCC2C(C3CCCCC3)CCC12)CCC1CCCCC1
C1CCC(CCC2(CCCC3CC4CCCCC4C3)CCC3C4CCC5CCCCC5C4CCC32)C1
C(CCCC1CCCC2C(C3CCCCC3)CCC12)CCC1CCCCC1
C1CCC(CC2CCC(C3CC4CCCC4C4CCC5CCCCC5C34)CC2)CC1
C(CCCC1CCCCC1)CCC1CCCCC1
C1CCC(C2CCC(CCCC3CCCC4C3CCC3C5CCCCC5CCC43)C2)CC1
C1CCC(CCCCC2CC3CCCCC3C2)CC1
C1CCC(CCCCCC2CC3CCCCC3C2)CC1
C1CCC(CCC2CCC3C(CCC4CC(C5CCCCC5)CCC43)C2)CC1
C1CCC(CCCCC2CC3CCCCC3C2)CC1
C1CCC(CCCCC2CC3CCCCC3C2)CC1
C1CCC2CC3CCCCC3CCC2C1
C1CCC(CC2CC3CCCCC3C3CCC4CCCCCC4C23)CC1
C1CCC(CCC2CCC3C(CCC3C3CCCCC3)C2)CC1
C1CCC(CCCC2CCC3CCC(C4CCCC5CCCC54)CC3C2)CC1
C1CCC(CCCCC2CC3CCCCC3C2)CC1
C1CCC(C2CC3CCCC3C3CCC4CCCCCC4C23)CC1
C1CCC(C2CC3CCCC3C3CCC4CCCCC4CC23)CC1
C1CCC(CCCC2CCC3C2CCC(C2CCCCC2)C2C4CCCCC4CCC32)CC1
C1CCC(CCC2CCC3C(CCC3C3CCCCC3)C2)CC1
C1CCC(C2CCC3CCCC3C3CCC4CCCCC4C23)CC1
C1CCC2CCC3C(CCC4C5CCCC5CC43)C2CC1
C1CCC(CC2CCC3C(CCC3C3CCCCC3)C2)CC1
C1CCC(CCC2CCC3C(CCC3C3CCCCC3)C2)CC1
C1CCC(CCCCCC2CCCC3C2CCC3C2CCC(CC3CC3)CC2)CC1
C1CCC(CC2CC3CCCCC3C3CCC4CCCCC4C23)CC1
C(CC1CC2CCCCC2C1)CC1CCC2C(CCC3C4CCCCC4CCC23)C1
C1CCC2CCC3C4CCCCC4CC(CC4CCCC4)C3C2CC1
C1CCC(C2CCC3CCC4C(CCC5C6CCC(CCCC7CCC8CCCCC8C7)C6CCC45)CC32)CC1
C1CCC(CCCC2CCC3CCCC3C2)CC1
C1CCC2C(C1)CCC1C3CCCC3CCC21
C1CCC(C2CCC3CC4C(CCC5C6CCCC(CCCC7CCC8CCCCC8C7)C6CCC45)CC32)CC1
C1CCC(C2CCC3C(CCC34CCCC4)C3CCC4CCCCC4C23)CC1
C1CCC(CCC2CCC3C(CCC3C3CCCCC3)C2)CC1
C1CCC2C(C1)CCC1C3CCCC3CCC21
C1CCC(C2CC3CCCC3C3CCC4CCCCC4C23)CC1
C1CCC2CC(C3CCCC4CCCC43)CCC2C1
C1CCC(CCCCCC2CC3CCCCC3C2)CC1
C1CCC(CCC2CCCCC2)CC1
C1CCC(CCCC2CCC3C(CCC3C3CCCC(CC4CCCC4)C3)C2)CC1
C1CCC(C2CCC3CC4CCCCC4CC32)CC1
C1CCC(CC(CC2CCCCC2)C2CCCCC2)CC1
C1CCC(CC2CCC3C(CCC3C3CCCCC3)C2)CC1
C1CCC2C(C1)CCC1C3CCCC3CCC21
C1CCC(CCC(CCC2CCC3CCCC3C2)CC2CCCCC2)CC1
C1CCC(CCC(CCC2CCC3CCCC3C2)CC2CCCCC2)CC1
C1CCC(CCC2CCCCC2CC2CC3CCCCC3C3CCC4CCCCC4C23)CC1
C1CCC(C2CCC3CC4C(CCC32)CCC2C3CCC(CCCC5CCC6CCCCC6C5)C3CCC42)CC1
C1CCC(C2CCC3CCCC3C3CCC4CCCCC4C23)CC1
C1CCC(C2CCC3CCCC3C3CCC4CCCCC4C23)CC1
C1CCC2CC(C3CCCC4CCCC43)CCC2C1
C1CCC(CCC(CC2CC3CCCCC3C2)C2CC2)CC1
C1CCC(CCCC(CC2CC3CCCCC3C2)C2CCCC2)CC1
C1CCC(C2CCC3CC4C(CCCC4CC4CCC5CCCCC54)CCC32)CC1
C1CCC(CCCCC2CC3CCCCC3C2)CC1
C1CCC(CC2CC3CCCCC3C3CCC4CCCCCC4C23)CC1
C1CCC(CC2CCC3CCCCC3C3CCC4CCCCC4C23)CC1
C1CCC2CCC3C(CCC4C3CCC4(CCCC3CCC4CCCCC4C3)CCC3CCCC3)C2CC1
C(CCC1CCC2CCCCC2C1)CCC1CCCC2CCCCC12
C(CCCC1CCCC2C(C3CCCCC3)CCC12)CCC1CCCCC1
C1CCC2C(C1)CCC1CCCCC12
C1CCC(CCC2CCC3C(CCC3C3CCCCC3)C2)CC1
C1CCC(CCCCC2CCC3CCCCC23)CC1
C(CCCCCCC1CCC2C1CCC1C3CCCCC3CCC21)CCCCCC1CCC(CCC2CCC(CCCC3CCCC3)C2)C1
C1CCC(C2CCC3CCCC3C3CCCC4CCCCC4C23)CC1
C1CCC(CCCC2CCC3C(CCC3C3CCCCC3)C2)CC1
C1CCC(CCC(CCC2CCC3CCCC3C2)CC2CCCCC2)CC1
C1CCC(C2CC3CCCC3C3CCCC4CCCCC4C23)CC1
C1CCC(CC2CC3CCCCC3C3CCC4CCCCC4C23)CC1
C1CCC(CCC2CCC3C(CCC3C3CCCCC3)C2)CC1
C1CCC(CC2CC3CCCCC3C3CCC4CCCCCC4C23)CC1
C1CCC(C2CCC(C3CC4CCCC4C4CCC5CCCCC5C4C3)CC2)C1
C1CCC2CC(CC3CCCC4CCCC43)CCC2C1
C1CCC(CCCCCC2CCC3CCCCC23)CC1
C1CCC(CCCCCC2CC3CCCCC3C2)CC1
C1CCC(CCCC2CCCC(C3CCC4CC(CCCC5CCC6CCCCC6C5)CCC43)C2)CC1
C1CCC(CCCC2CCC3C(CCC4C5CCCC5CC(CCC5CCCCC5)C34)C2)CC1
C1CCC2CCC(C3CCCC4CCCC43)CC2CC1
C1CCC2C(C1)CC(C1CCCC1)C1CCCCC21
C1CCC2C(C1)CCC1C3CCCC3CCC21
C1CCC(C2CCC3CC4C(CCC45CCCCC5)CC32)CC1
C1CCC(CCCC2CCC3C2CCC2C4CCCCC4CCC32)C1
C1CCC2C(C1)CCC1CCCCC12
C1CCC2CC(CCCC3CCC4C3CCCC3C5CCCCC5CCC34)CC2C1
C(CCCC1CCCC2C(C3CCCCC3)CCC12)CCC1CCCCC1
C1CCC2C(C1)CCC1CCCCC12
C(CCCC1CCCC2C(C3CCCCC3)CCC12)CCC1CCCCC1
C1CCC(C2CCC3CC4C(CCC32)CCC42CCCCC2)CC1
C1CCC(CCCCCC2CCCC3C(C4CCCCC4)CCC23)CC1
C1CCC(CCCCCC2CC3CCCCC3C2)CC1
C1CCC(C2CCC3CC4C(CCC45CCCCC5)CC32)CC1
C1CCC(CCC2CCC3C(CCC3C3CCCCC3)C2)CC1
C1CCC(CCC2CCC(C3CC3)CC2)CC1
C1CCC(CCCCCC2CCCCC2)CC1
C1CCC(CCC2CCC(C3CCC4C(CCC4C4CCCCC4)C3)CC2)CC1
C1CCC(C2CCC3CC4C(CCC45CCCC5)CC32)CC1
C1CCC(CC2CC3CCCCC3C3CCC4CCCCCC4C23)CC1
C1CCC(CCCC2CCC3C(CCC3C3CCCCC3)C2)CC1
C1CCC(CCCC2CCCC(C3CCC4CC(CCC5CCC6CCCCC6C5)CCC43)C2)CC1
C1CCC(C2CCC3CC4C(CCC32)CCC2C3CCCC3CCC42)CC1
C1CCC2C(C1)CCC1C3CCCCC3CCC21
C1CCC2CCC3C4CCCC4CCC3C2CC1
C1CCC(C2CC3CCCC3C3CCC4CCCCCC4C23)CC1
C1CCC(C2CC3CCCC3C3CCC4CCCCC4C23)CC1
C1CCC(C2CC3CCCCC3C3CCCCC23)CC1
C1CCC(CCC2CCC(CC3CC3)CC2)CC1
C1CCC(CCC2CCC3C(CCC3C3CCCCC3)C2)CC1
C(CCC1CCC2CCCC2C1)CC1CCC(C2CCCC2)CC1
C1CCC(C2CC3C(CCC4CC4)CCC3C3CCC4CCCCCC4C23)CC1
C1CCC(C2CCC3CC4C(CCC32)CCC2C3CCC(CCCC5CC6CCCCC6C5)C3CCC42)CC1
C1CCC(CC2CCCC(CCC3CCC(CCC4CCC(C5CC5)CC4)CC3)C2)C1
C1CCC(CCCCC2CC3CCCCC3C2)CC1
C1CCC(CCCCC2CC3CCCCC3C2)CC1
C1CCC(C2CCC3CCCC3C3CCC4CCCCC4C23)CC1
C1CCC(C2CCC3CC4C(CCCC45CCCC5)CC32)CC1
C1CCC(CCCCCC2CCCCC2)CC1
C1CCC(C2CCC3CC4C(CCC32)CCC2C3CCC(CCCC5CCC6CCCCC6C5)C3CCC42)CC1
C1CCC(CC2CC3CCCCC3C3CCC4CCCCCC4C23)CC1
C1CCC(C2CC3CCCC3C3CCCC4CCCCC4C23)CC1
C1CCC(CCCCC2CC3CCCCC3C2)CC1
C1CCC(CC2CC3CCCCC3C3CCC4CCCCC4C23)CC1
C1CCC2C(C1)CCC1C2CCC2C3CCCCC3CC21
C1CCC(C2CC3CCCC3CC3CCC4CCCCC4C32)CC1
C1CCC2CC(C3CCCC4CCCC43)CCC2C1
C1CCC(CCC2CCC(C3CCC3)CC2)CC1
C1CCC(CCC(CCC2CCCCC2)CCC2CCC3CCCC3C2)CC1
C(CCCCCCC1CCC2C(CCC3C4CCCCC4CCC23)C1)CCCCCC1CCC(CCC2CCC(CCC3CCCC3)C2)C1
C1CCC(CCC2CCC3C(CCC3C3CCCCC3)C2)CC1
C1CCC2C(C1)CCC1C3CCCC3CCC21
C(CCCC1CCCCC1)CCCC1CCC(C2CCCCC2)C1
C(CCC1(C2CCCC2)CCCCC2CCCCC21)CC1CCC2CCCCC2C1
C1CCC(C2CC3CCCC3C3CCC4CCCCC4C23)CC1
C1CCC(CC2CC3CCCCC3C3CCC4CCCCC4C23)CC1
C1CCC2CCC(C3CCCC4CCCC43)CC2CC1
C1CCC2CCC(C3CCCC4CCCC43)CC2CC1
C1CCC(CCCCC2CC3CCCCC3C2)CC1
C1CCC(CCCC2CCCC3C2CCC2C4CC5CCC(C6CCCCC6)C5CC4CCC32)CC1
C1CCC2CCC(C3CCCC3)CC2CC1
C1CCC(C2CCC3CC4C(CCCC45CCCCC5)CC32)CC1
C1CCC(CCC2CCC3C(CCC3C3CCCC(CCC4CCCC4)C3)C2)CC1
C1CCC2CC(C3CCCC4CCCC43)CCC2C1
C1CCC(C2CCC3CCC4(CCCCC4)C3C2)CC1
C1CCC(C2CCC3CC4C(CCCC45CCCCC5)CC32)CC1
C1CCC(CC2CCC3CCCCC3C3CCC4CCCCC4C23)C1
C1CCC(CCC2CCC3C(CCC3C3CCCCC3)C2)CC1
C1CCC2CC(CCCC3CCC4C5CCC6CCCCC6C(CCC34)C5)CC2C1
C1CCC2C(C1)CCC1C3CCCC3CCC21
C1CCC2CC(C3CCCC4CCCC43)CCC2C1
C1CCC(CCCC2CCC3CCC(C4CCCC5CCCC54)CC3C2)CC1
C1CCC(C2CCC3CC4C(CCCC45CCCCC5)CC32)CC1
C1CCC2CCC3C4CCCC4CCC3C2CC1
C1CCC2CC(C3CCCC4CCCC43)CCC2C1
C1CCC(C2CC3CCCC3C3CCCC4CCCCC4C23)CC1
C1CCC(CCCCC2CCC3CCCCC23)CC1
C1CCC(CCC2CCC3C(CC4CCCCC4)CCC3C2)CC1
C1CCC(CCCCCC2CC3CCCCC3C2)CC1
C1CCC(CCCCC2CCC3CCCCC23)CC1
C1CCC2C(C1)CCC1C3CCCC3CCC21
C1CCC(CC2CCCCC2CC2CC3CCCCC3CC3CCC4CCCCC4C32)CC1
C1CCC2CC(C3CCCC4CCCC43)CCC2C1
C1CCC2C(C1)CCCC2CC1CC2CCCCC2C2CCC3CCCCC3C12
C1CCC(CCC2CCC3C(CCC3C3CCCCC3)C2)CC1
C1CCC(CCC2CCC(C3CCC4C(CCC4C4CCCCC4)C3)CC2)CC1
C1CCC(CCCCCC2CCCC3C(C4CCCCC4)CCC23)CC1
C1CCC2C(C1)CCC1C3CCCC3CCC21
C1CCC(CCC2CCC(CC(CC3CCCCC3)C3CCCCC3)CC2)CC1
C1CCC(CCCCC2CCC3C2CCC2C4CCCCC4CCC32)CC1
C(CCC1CCCCC2CCCCC12)CC1CCC2CCCCC2C1
C1CCC(CCCCCC2CC3CCCCC3C2)CC1
C1CCC(CCC2CCC(C3CCC4C(CCC4C4CCCCC4)C3)CC2)CC1
C1CCC(CCCCC2CC3CCCCC3C2)CC1
C1CCC2CCC3C4CCCC4CCC3C2CC1
C1CCC(CCCCC2CC3CCCCC3C2)CC1
C(CCCC1CCCC2C(C3CCCCC3)CCC12)CCC1CCCCC1
C(CCCC1CCCC2C(C3CCCCC3)CCC12)CCC1CCCCC1
C1CCC(CC2CC3CCCCC3CC3CCC4CCCCC4C32)C1
C1CCC(C2CCC3CC4C(CCC32)CCC42CCCC2)CC1
C1CCC(CCCCC2CC3CCCCC3C2)CC1
C1CCC(CCCCCC2CCCC3C(CC4CCCCC4)CCC23)CC1
C1CCC2C(C1)CCC1C3CCCC3CCC21
C1CCC2CC(CCCC3CCCC4C3CCC3C5CCCCC5CCC43)CC2C1
C1CCC(CCCCCC2CCC3CCCC3C2)CC1
C1CCC(CCCCC2C3CCCCC3CCC2C2CCCC3CCCC32)CC1
C1CCC(CCCCCC2CCC3CCCCC23)CC1
C1CCC(CCCC2CCCC3CCC(CC4CCCC5CCCC54)CC23)CC1
C1CCC(CCCCCC2CC3CCCCC3C2)CC1
C1CCC(C2CCCCC2CC2CCC3CCCCC3C3CCC4CCCCC4C23)CC1
C1CCC(CCCC2CCC3CCC(C4CCCC5CCCC54)CC3C2)CC1
C(CCC1CCCC2CCCC12)CC1CC2CCCCC2C1
C1CCC(CCC(CC2CC3CCCCC3C2)C2CCC2)CC1
C1CC2CCC3C(CCC4CCCCC43)CC2C1
C1CCC(C2CC3CCCC3C3CCC4CCCCC4C23)CC1
C1CCC2CCC(C3CCCC4CCCC43)CC2CC1
C1CCC(CC(CC2CCCCC2)C2CCCCC2)CC1
C1CCC(C2CC3CCCCC3C3CCCCC23)CC1
C1CCC(CCCCCC2CCCC3C(C4CCCCC4)CCC23)CC1
C(CCC1CCC2CCCCC2C1)CCC1CCCC2CCCCC12
C(CCC1CCCC2CCCC12)CC1CC2CCCCC2C1
C1CCC(CCCCC2CC3CCCCC3C2)CC1
C1CCC(CCC2CCC3C(CCC3C3CCCCC3)C2)CC1
C1CCC(CCCCCC2CCC3CCCCC23)CC1
C1CCC(CCC2(CCCC3CC4CCCCC4C3)CCCC3C4CCC5CCCCC5C4CCC32)C1
C1CCC(CCCCC2CC3CCCCC3C2)CC1
C1CCC(CCCCCC2CCCC3C(C4CCCCC4)CCC23)CC1
C1CCC(CCC2CCC3C(CCC3C3CCCCC3)C2)CC1
C1CCC(CCCCC2CCC3CCCCC23)CC1
C1CCC(CCCCCC2CCC3CCCCC23)CC1
C1CCC(CCCC2CCC3C2CCC2C4CCCCC4CCC32)C1
C1CCC(CCCCC2CC3CCCCC3C2)CC1
C1CCC(C2CCC3(CCC4CC5C(CCC5C5CCCCC5)CC43)C2)CC1
C1CCC(CC23CCCCC2CCC2C4CCCC4CCC23)CC1
C1CCC(C2CCC3CC4C5CCC6C(CCCC7CCC8CCCCC8C7)CCC6C(CCC4CC32)C5)CC1
C1CCC2CC(C3CCCC4CCCC43)CCC2C1
C1CCC(CCCCC2CC3CCCCC3C2)CC1
C(CCCCCCC1CCC2C1CCC1C3CCCCC3CCC21)CCCCCC1CCC(CCC2CCC(CCCC3CCCC3)C2)C1
C1CCC(CCCCCC2CCCC3C(C4CCCCC4)CCC23)CC1
C1CCC2C(C1)CCC1C3CCCC3CCC21
C1CCC(C2CC3CCCC3C3CCC4CCCCC4C23)CC1
C1CCC(CCC2CCCCC2)CC1
C1CCC2CC(C3CCCC4CCCC43)CCC2C1
C1CCC(C2CCC3CC4C(CC5CCC6CCCCC65)CCCC4CC32)CC1
C1CCC2CCC(C3CCCC4CCCC43)CC2CC1
C1CCC2CC(C3CCCC4CCCC43)CCC2C1
C1CCC2CCC(C3CCCC4CCCC43)CC2CC1
C1CCC2CCC(C3CCCC4CCCC43)CC2CC1
C1CCC(CCC2CCC3C(CCC3C3CCCCC3)C2)CC1
C1CCC2C(C1)CCC1C3CCCCC3CCC21
C1CCC(CCCCC2CCC3CCCCC23)CC1
C1CCC(CCC(CC2CCC3C(CCC3C3CCCCC3)C2)C2CCCCC2)CC1
C1CCC2C(C1)CCC1C3CCCC3CCC21
C1CCC2CCC(C3CCCC3)CC2CC1
C1CCC(CC2CCC3CC4(CCCCC4C4CCCCC4)CCC23)CC1
C1CCC(CCC2CCC3C(CCC3C3CCCC(CCC4CCCC4)C3)C2)CC1
C1CCC(CCC(CCC2CCC3CCCC3C2)CC2CCCCC2)CC1
C1CCC(C2CCC3CC4C(CCC32)CCC2C3CCC(CCCC5CCC6CCCCC6C5)C3CCC42)CC1
C1CCC(C2CCC3CC4C(CCCC4CC4CC5CCCCC5C4)CCC32)CC1
C1CCC(CCCCCC2CCCC3C2CCC3C2CCCC(CC3CCCC3)C2)CC1
C1CCC(CCC2CC3CCCCC3C3CCC4CCCCC4C23)CC1
C1CCC2CC(CC3CCCC4CCCC43)CCC2C1
C1CCC(C2CCC(CCCCCC3CCCC4C(C5CCCCC5)CCC34)C2)CC1
C1CCC(CCC2CCC3C(CCC3C3CCCCC3)C2)CC1
C1CCC(CC(CC2CCCCC2)C2CCCCC2)CC1
C1CCC(CC2CCC(CC(CC3CCCCC3)C3CCCCC3)CC2)CC1
C1CCC(C2CC3CCCC3C3CCC4CCCCC4C23)CC1
C1CCC2CC(C3CCCC4CCCC43)CCC2C1
C1CCC(CC2CC3CCCCC3C3CCC4CCCCCC4C23)CC1
C1CCC2CC(C3CCCC4CCCC43)CCC2C1
C1CCC(CCC2CCC3C(CCC3C3CCCCC3)C2)CC1
C1CCC(C2CCC3CC4C(CCC5C6CCC(CCCC7CC8CCCCC8C7)C6CCC45)CC32)CC1
C(CCC1CCC2C(CCC3C4CCCC4CCCC23)C1)CC1CCC(C2CCC(C3CC4CCCC4C4CCC5CCCCC5C34)CC2)CC1
C1CCC(CCCCCC2CC3CCCCC3C2)CC1
C1CCC(CCC(CCC2CCC3CCCC3C2)CC2CCCCC2)CC1
C1CCC2CCC3CCCCC3C2CC1
C1CCC(C2CCC(C3CC4CCCC4C4CCC5CCCCC5C34)CC2)C1
C(CCC1CCC2CCCC2C1)CC1CCC(C2CCCC2)CC1
C1CCC(C2CCC3CC4C(CCCC5CC5)CCCCC4CC32)CC1
C1CCC(CCC(CCC2CCC3CCCC3C2)CC2CCCCC2)CC1
C1CCC(C2CCC3CC4C(CCC5C6CCCC(CCCC7CCC8CCCCC8C7)C6CCC45)CC32)CC1
C(CCC1CCCC2CCCCC12)CC1CCC2CCCCC2C1
C1CCC2CCC3C4CCC(CCCC5CCCC5)C4CCC3C2CC1
C1CC2CCC3C(CCC4CCCCC43)CC2C1
C1CCC(CC2CC3CCCCC3CC3CCC4CCCCC4C32)C1
C1CCC(CCC2CCC(CCC3CCCC(CC4CCCC4)C3)CC2)CC1
C1CCC(C2CC3CCCC3C3CCC4CCCCC4C3C2)CC1
C1CCC(CCCCC2CC3CCCCC3C2)CC1
C(CCC1CCCC2CCCC12)CC1CC2CCCCC2C1
C1CCC(CCCCC2CCC3CCCCC23)CC1
C1CCC2CCC3C(CCC4C3CCC4(CCCC3CC4CCCCC4C3)CCC3CCCC3)C2CC1
C1CCC(CCC2CCCC3CC4C(CCC4C4CCCCC4)CC23)CC1
C1CCC2C(C1)CCC(C1CCCC1)C1CCCCC21
C1CCC2CC(CCCC3CCCC4CCCCC43)CC2C1
C(CCCC1CCC2CCCC2C1)CCCC1CCC(C2CCCCC2)C1
C1CCC(CC2CC3CCCCC3C3CCC4CCCCC4C23)C1
C1CCC2C(C1)CCCC1C3CCCC3CCC21
C1CCC(CCC2CCC3C(CCC3C3CCCCC3)C2)CC1
C1CCC(CC2CC3CCCCC3C3CCC4CCCCCC4C23)CC1
C(CCCC1CCCC2C(C3CCCCC3)CCC12)CCC1CCCCC1
C1CCC(C2CC3CCCC3C3CCC4CCCCC4CC23)CC1
C1CCC(CC2CC3CCCCC3C3CCC4CCCCC4C23)CC1
C1CCC(CCCC2CCC3C(CCC3C3CCCCC3)C2)CC1
C1CCC(C2CCC3C(CCCCCC4CCC(C5CCCC5)C4)CCCC23)CC1
C1CCC(CCC2CCC3C(CCC3C3CCCCC3)C2)CC1
C1CCC(CCCC2CCCC3CCC(C4CCCC5CCCC54)CC3C2)CC1
C1CCC(CCC2CCC(CCC3CCCC(CC4CCCC4)C3)CC2)CC1
C1CCC(CC2CCC3C(CCC3C3CCCCC3)C2)CC1
C1CCC(C2CC3CCCC3C3CCC4CCCCC4C23)CC1
C1CCC(CCC2CCCCC2)CC1
C1CCC(CCCC2CCC3C2CCCC2C4CC5CCC(C6CCCCC6)C5CC4CCC32)CC1
C1CCC2CCC3C4CCCCC4CC(CC4CCCC4)C3C2CC1
C1CCC(C2CC3CCCC3C3CCC4CCCCC4CC23)CC1
C1CCC(C2CCC(CCCCCC3CCCC4C(C5CCCCC5)CCC34)C2)CC1
C1CCC(CCCCCC2CCCC3C(C4CCCCC4)CCC23)CC1
C1CCC2CCC(C3CCCC4CCCC43)CC2CC1
C(CCCC1CCCC2C(C3CCCCC3)CCC12)CCC1CCCCC1
C1CCC(CCCCCC2CC3CCCCC3C2)CC1
C(CCC1CCCC2CCCC12)CC1CC2CCCCC2C1
C1CCC(CCCCC2CC3CCCCC3C2)CC1
C1CCC(C2CC3CCCC3C3CCC4CCCCCC4C23)CC1
C1CCC(C2CC3CCCC3C3CCC4CCCCC4C23)CC1
C1CCCC(CCC2CCC(CCC3CCCCC3)CC2)CC1
C1CCC(C2CCC3CCC4C(CC5CC6CCCCC6C5)CCCC4CC32)CC1
C1CCC(CC2CC3CCCCC3C3CCC4CCCCC4C23)C1
C1CCC(C2CC3C(CCC4CC4)CCC3C3CCC4CCCCC4C23)CC1
C1CCC(CC(CC2CCCCC2)C2CCCCC2)CC1
C(CCC1CCCC2CCCCC12)CC1CC2CCCCC2C1
C1CCC(CC2CCCCCC23CCCC2C(CCC2C2CCCCC2)C3)CC1
C1CCC(CCCCC2CC3CCCCC3C2)CC1
C1CCC2C(C1)CC(C1CCCC3CCCC31)C1CCCC21
C1CCC(CCCCCC2CC3CCCCC3C2)CC1
C1CCC(CC2CC3CCCCC3C3CCCCC23)CC1
C1CCC(C2CCC3CC4C(CCC32)CCC2C3CCC(CCCC5CCC6CCCCC6C5)C3CCC42)CC1
C1CCC(CCCC2CC3CCCCC3C2C2CCCCC2)CC1
C1CCC(CCCCC2CC3CCCCC3C2)CC1
C1CCC(C2CCCC3CCCC3C3CCC4CCCCC4C23)CC1
C1CCC(CCCCC2CCC3CCCCC23)CC1
C1CCC(CCCCC2CC3CCCCC3C2)CC1
C1CCC(CCC2CCC(CCC3CCCCC(CC4CCCC4)C3)CC2)CC1
C1CCC(CCCCC2CCC3CCCCC23)CC1
C1CCC(CC2CCC(CCC(CC3CCCCC3)C3CCCCC3)CC2)CC1
C1CCC(C2CC3CCCCC3C3CCC4CCCCC4C23)CC1
C1CCC(CCCC2CCC3CCC(C4CCCC5CCCC54)CC3CC2)CC1
C1CCC2CC(C3CCCC4CCCC43)CCC2C1
C1CCC2C(C1)CCC1C3CCCC3CCC21
C(CCC1CCC2CCCCC2C1)CCC1CCCC2CCCCC12
C1CCC(CCCCC2CC3CCCCC3C2)CC1
C1CCC(C2CC3CCCCC3C3CCC4CCCCC4C23)CC1
C1CCC2CCC3C4CCCCC4CCC3C2CC1
C1CCC(C2CC3CCCC3C3CCC4CCCCCC4C23)CC1
C1CCC(CCCCCC2CCC3CCCCC23)CC1
C1CCC(CC2CCCC(CCC3CCC(CCC4CCC(C5CC5)CC4)CC3)C2)C1
C1CCC2CCC(C3CCCC4CCCC43)CC2CC1
C1CCC(CCC2CCC3C(CCC3C3CCCCC3)C2)CC1
C1CCC(CCCCCC2CC3CCCCC3C2)CC1
C1CCC(C2CC3CCCC3C3CCCC4CCCCC4C23)CC1
C1CCC(CCCCCC2CC3CCCCC3C2)CC1
C1CCC2CCC3C4CCCC4CCC3C2CC1
C(CCCC1CCCC2C(C3CCCCC3)CCC12)CCC1CCCCC1
C1CCC(CCCCCC2CC3CCCCC3C2)CC1
C1CCC(CCC2(CCCC3CCC4CCCCC4C3)CCC3C4CCC5CCCCC5C4CCC32)C1
C1CCC(CC2CC3CCCCC3C3CCC4CCCCCC4C23)CC1
C1CCC(CCCCCC2CC3CCCCC3C2)CC1
C1CCC(CC2CC3CCCCC3C3CCC4CCCCCC4C23)CC1
C1CCC(CCCCCC2CCCC3C2CCC3C2CCC(CCC3CC3)CC2)CC1
C1CCC(C2CC3CCCCC3C3CCC4CCCCC4C23)CC1
C(CCCC1CCCCC1)CCCC1CCC(C2CCCCC2)C1
C1CCC(CCC(CCC2CCC3CCCCC3C2)CC2CCCCC2)CC1
C1CC2CCC3C(CCC4CCCCC43)CC2C1
C1CCC(CCCCCC2CC3CCCCC3C2)CC1
C1CCC(CCC2CCC(C3CC3)CC2)CC1
C1CCC2CC(C3CCCC4CCCC43)CCC2C1
C1CCC(CC2CCCCC2CC2CC3CCCCC3CC3CCC4CCCCC4C32)CC1
C1CCC(CCC2CCC3C(CCC3C3CCCC(CCC4CCCC4)C3)C2)CC1
C1CCC(C2CC3CCCC3C3CCC4CCCCC4C23)CC1
C1CCC(CCCC(CC2CC3CCCCC3C2)C2CC2)CC1
C1CCC(C2CC3CCCC(C3)C3CCC4CCCCC4C32)CC1
C1CCC2C(C1)CCC(C1CCCC1)C1CCCCC21
C1CCC(CCCCC2CCC3CCC(C4CCCC5CCCC54)CC3C2)CC1
C1CCC(CCCCC2CC3CCCCC3C2)CC1
C1CCC2CC(C3CCCC4CCCC43)CCC2C1
C(CCC1(C2CCCC2)CCCC2CCCCC21)CC1CCC2CCCCC2C1
C1CCC(CC2CCCC(C3CCC4CC(CCC5CCC6CCCCC6C5)CCC43)C2)C1
C1CCC(CCC2CCC(CCC3CCCC(CC4CCCC4)C3)CC2)CC1
C1CCC2CCC3C4CCCCC4CC(CC4CCCC4)C3C2CC1
C1CCC(CCCCC2CC3CCCCC3C2)CC1
C1CCC(CC2CC3CCCCC3C3CCC4CCCCCC4C23)CC1
C1CCC(CC2CCC(C3CC4CCCC4C4CCC5CCCCCC5C34)CC2)CC1
C1CCC(C2CC3CCCC3C3CCCC4CCCCC4C23)CC1
C1CCC(C2CCC3C(CCCC4CCCCC43)C2)CC1
C1CCC(CCCC2CCC3CCC(C4CCCC5CCCC54)CC3C2)CC1
C1CCC(CC2CCC(CC(CC3CCCCC3)C3CCCCC3)CC2)CC1
C(CCC1CCC2C(CCC3C4CCCC4CCC23)C1)CC1CCC(C2CC3CCCC3C3CCC4CCCCC4CC23)CC1
C1CCC(CC2CC3CCCCC3C3CCC4CCCCC4C3C2)CC1
C1CCC(CCCCC2CCC3CCCCC23)CC1
C1CCC2C(C1)CCC1C2CCC2C3CCCC3CC21
C1CCC2CCC3C4CCCCC4CCC3C2CC1
C1CCC(C2CC3CCCC3C3CCC4CCCCC4CC23)CC1
C1CCC2CCC(C3CCCC4CCCC43)CC2CC1
C1CCC2C(C1)CCC1CCCCC12
C(CCC1CCCC2CCCC12)CC1CC2CCCCC2C1
C1CCC2C(C1)CCC1C3CCCC3CCC21
C1CCC2CC(C3CCCC4CCCC43)CCC2C1
C1CCC(C2CCC(C3CC4CCCC4C4CCC5CCCCC5C34)CC2)C1
C1CCC2CC(CC3CCCC4CCCC43)CCC2C1
C1CCC(CCC(CCC2CCC3CCCC3C2)CC2CCCCC2)CC1
C1CCC(CCC(CC2CC3CCCCC3C2)C2CC2)CC1
C1CCC2CC(CCCC3CCC4C3CCC3C5CCCCC5CCCC43)CC2C1
C1CCC(CCCC2CCCCC3CCC(C4CCCC5CCCC54)CC23)CC1
C1CCC(CCC2CCC3C(CCC3C3CCCCC3)C2)CC1
C1CCC(CCCCC2CC3CCCCC3C2)CC1
C1CCC2CCC3C4CCC(CCCC5CCCC5)C4CCC3C2CC1
C1CCC2CCC(C3CCCC4CCCC43)CC2CC1
C1CCC(CCC(CCC2CCCCC2)CCC2CCC3CCCC3C2)CC1
C(CCCC1CCCCC1)CCCC1CCC(C2CCCCC2)C1
C1CCC2CC(CCCC3CCC4C3CCC3C5CCCCC5CCC43)CC2C1
C1CCC(CCCC2CCC3CCC(C4CCCC5CCCC54)CC3C2)CC1
C1CCC(CCC2CCCCC3CC4C(CCC4C4CCCCC4)CC23)CC1
C1CCC2CCCCC2C(CCCCC2CCCC3CCCCC23)C1
C1CCC(CCCCCC2CCCC3C(CC4CCC(CC5CC5)CC4)CCC23)CC1
C1CCC(C2CCC3C(CCC4CCCCC43)C2)CC1
C1CCC(CC(CC2CCCCC2)C2CCCCC2)CC1
C1CCC(C2CC3CCCC3C3CCCC4CCCCC4C23)CC1
C1CCC(CCCCCC2CC3CCCCC3C2)CC1
C1CCC(C2CC3CCCCC3C3CCC4CCCCC4C23)CC1
C1CCC2CCC(C3CCCC4CCCC43)CC2CC1
C1CCC(CCC(CC2CCC(CC3CCCCC3)CC2)C2CCCCC2)CC1
C(CCCC1CCCC2C(C3CCCCC3)CCC12)CCC1CCCCC1
C1CCC(CC2CC3CCCCC3C3CCC4CCCCC4C23)C1
C1CCC2CCC3C4CCCC4CCC3C2CC1
C1CCC(CCCCC2CCC3CCCCC23)CC1
C1CCC(C2CC3CCCC3C3CCC4CCCCCC4C23)CC1
C1CCC(C2CCC(C3CC4CCCC4C4CCC5CCCCC5C34)CC2)CC1
C1CCC(CCCCCC2CCC3CCCCC23)CC1
C1CCC(CC2CC3CCCCC3C3CCC4CCCCCC4C23)CC1
C1CCC2C(C1)CCCC1C3CCCC3CCC21
C1CCC(CCCC2CCC3C2CCC2C4CCC5CCC(C6CCCCC6)C5CC4CCC32)CC1
C(CCCC1CCC(CC2CCCCC2)C1)CCCC1CCC2CCCC2C1
C1CCC(CC2CC3CCCCC3C3CCC4CCCCCC4C23)CC1
C1CCC2CCC3C4CCCC4CCC3C2CC1
C1CCC2CC(C3CCCC4CCCC43)CCC2C1
C(CCC1CCCC1)CCC1CCCC2CCCCC12
C1CCC2CC(CC3CCCC4CCCC43)CCC2C1
C1CCC(CCCCCC2CCCC3C(CC4CCC(CC5CC5)CC4)CCC23)CC1
C1CCC(CCCCCC2CCCC3C(CC4CCCCC4)CCC23)CC1
C1CCC2CC(CCCC3CCC4C3CCC3C5CCCCC5CCC43)CCC2C1
C1CCC2C(C1)CCCC2CCCC1CCC2C1CCC1C3CCCCC3CCCC21
C1CCC(CCC(CCC2CCC3CCCC3C2)CC2CCCCC2)CC1
C1CCC(CCC2CCCCC3CCC(C4CCCC5CCCC54)CC23)CC1
C1CCC(C2CCC3C(CCCC4CCCCC43)C2)CC1
C1CCC(CC2CCCCCC23CCC2CCC(C4CCCCC4)C2CC3)CC1
C1CCC2CC(C3CCCC4CCCC43)CCC2C1
C1CCC(C2CCC3CC4C(CCCC45CCCC5)CCC32)CC1
C1CCC(CCC2CCC3C(CC4CCCCC4)CCC3C2)CC1
C(CCC1CCC2CCCCC2C1)CCC1CCCC2CCCCC12
C1CCC(CCC2CCC3C(CCC3C3CCCCC3)C2)CC1
C1CCC(CCCC2CCC3C2CCC2C4CC5CCC(C6CCCCC6)C5CCC4CCC32)CC1
C1CCC(C2CCC3(CCCC4CC5C(CCC5C5CCCCC5)CC43)C2)CC1
C1CCC(CCC2CCC3C(CCC3C3CCCCC3)C2)CC1
C1CCC(C2CCC3CC4C(CCCC45CCCC5)CCC32)CC1
C(CCCCC1CCC(C2CCCCC2)C1)CCCC1CCCCC1
C1CCC(CCCC2CCCC(C3CCC4CC(CCC5CCC6CCCCCC6C5)CCC43)C2)CC1
C1CCC(C2CCC3CCC4(CCCCCC4)C3C2)CC1
C1CCC2C(C1)CCC1C2CCC2C3CCCC3CCC21
C(CCC1CCCC2CCCCC12)CC1CCC2CCCCC2C1
C1CCC(CCCCC2CC3CCCCC3C2)CC1
C(CCCC1CCCC2CCCCC12)CCC1CCC(C2CCCCC2)C1
C1CCC2C(C1)CCC1C3CCCC3CCCC21
C1CCC(CCCC2CCC3CCC(C4CCCC5CCCC54)CC3C2)CC1
C1CCC(C2CC3CCCC3C3CCC4CCCCC4C23)CC1
C(CCC1CCCC2CCCCC12)CC1CCCC2CCCCC12
C(CCCC1CCCC2C(C3CCCCC3)CCC12)CCC1CCCCC1
C1CCC2C(C1)CCC1C2CCC2C3CCCC3CC21
C1CCC(CCC2CCCC3CC4C(CCC4C4CCCCC4)CC23)CC1
C1CCC2C(C1)CCC1C3CCCCC3CCC21
C(CCC1CCCC2CCCC12)CC1CC2CCCCC2C1
C1CCC(CCCC2CCC3C(CCC3C3CCCCC3)C2)CC1
C1CCC2CC(CC3CCCC4CCCC43)CCC2C1
C1CCC2CC(C3CCCC4CCCC43)CCC2C1
C1CCC2C(C1)CCC1C2CCC2C3CCCCC3CC21
C(CCCC1CCCCC1)CCCC1CCC(C2CCCCC2)C1
C(CCCC1CCCC2C(C3CCCCC3)CCC12)CCC1CCCCC1
C1CCC(C2CC3CCCCC3C3CCC4CCCCC4C23)CC1
C1CCC(CCCCCC2CC3CCCCC3C2)CC1
C(CCC1CCCC2CCCCC12)CC1CCC2CCCCC2C1
C1CCC(C2CCC3CCCC3C3CCC4CCCCCC4C23)CC1
C1CCC(CCC2CCC(CCC3CCCC(CC4CCCC4)CC3)CC2)CC1
C1CCC(CCCCCC2CCC3CCCCC3C2)CC1
C1CCC(CCC2CC3CCCCC3C3CCC4CCCCC4C23)C1
C1CCC2C(C1)CCCC1C3CCCC3CCC21
C(CCCC1CCCC2C(C3CCCCC3)CCC12)CCC1CC1
C1CCC(CCCCC2CC3CCCCC3C2)CC1
C1CCC(CCC2CCC3C(CCC4C5CCCC5CCC34)C2)CC1
C(CCC1CCCC2CCCCC12)CC1CCC2CCCCC2C1
C1CCC2CC(CC3CCCC4CCCC43)CCC2C1
C1CCC2CC(C3CCCC4CCCCC43)C3CCCC3C2CC1
C1CCC(CCCCCC2CCCC3C(C4CCCCC4)CCC23)CC1
C1CCC(CCC2CCC3C(CCC3C3CCCC(CC4CCCC4)C3)C2)CC1
C1CCC(CCCCCC2CCC3CCCC3C2)CC1
C1CCC(C2CC3CCCC3C3CCC4CCCCC4C23)CC1
C1CCC(CCC2CCC3C(CCC3C3CCCCC3)C2)CC1
C1CCC(CC2CC3CCCCC3C3CCC4CCCCCC4C23)CC1
C1CCC2CC(C3CCCC3)C3CCCC3C2CC1
C1CCC(C2CCC3CC4(CCCCCC4C4CCCCC4)CCC32)CC1
C1CCC2C(C1)CC(C1CCCC3CCCC31)C1CCCC21
C1CCC(CC2CCC3CC4(CCCCCC4C4CCCCC4)CCC23)CC1
C1CCC2C(C1)CCC1C3CCCC3CCC21
C1CCC(CCC2CCC3C(CC4CCCCC4)CCC3C2)CC1
C1CCC(CCCCCC2CCC3CCCCC3C2)CC1
C1CCC(CC2CCC3CCC4(CCCCC4)C3C2)CC1
C1CCC(CCCCC2CC3CCCCC3C2)CC1
C1CCC(CCC(CCC2CCC3CCCC3C2)CC2CCCCC2)CC1
C1CCC(C2CC3CCCC3C3CCC4CCCCC4C23)CC1
C(CCC1CC2CCCCC2C1)CCC1CCCC2CCCC12
C1CCC(CCC2CCCCC2)CC1
C1CCC2CCC3C4CCC(CCCC5CC6CCCCC6C5)C4CCC3C2CC1
C1CCC(CCCC2CCC3CCC(C4CCCC5CCCC54)CC3C2)CC1
C(CCC1CCCC2CCCCC12)CCC1CCCC2CCCCC12
C1CCC(CC2CC3CCCCC3C3CCC4CCCCCC4C23)CC1
C1CCC(CCCCC2CCC3CCCCC23)CC1
C1CCC(C2CCC(CCCCC3CCC4C3CCC3C5CCCCC5CCC43)C2)CC1
C1CCC(C2CC3CCCC3C3CCC4CCCCCC4C23)CC1
C1CCC(CCC2CCC3C(CCCC4C5CCCC5CC(CCC5CCCCC5)C34)C2)CC1
C1CCC(C2CC3CCCC3C3CCC4CCCCCC4C23)CC1
C1CCC(CCC2CCC(C3CC3)CC2)CC1
C1CCC(CCC(CC2CCC(CC3CCCCC3)CC2)C2CCCCC2)CC1
C1CCC(CCCC2CCC3C(CCC3C3CCCCC3)C2)CC1
C1CCC(CCC2CCC3C(CCC3C3CCCCC3)C2)CC1
C1CCC(C2CCC(CCCCC3CCC4C3CCC3C5CCCCC5CCC43)C2)CC1
C1CCC(CCCC2CCC3CCCC3C2)CC1
C1CCC(CC(CC2CCCCC2)C2CCCCC2)CC1
C1CCC(CCC2CCC3C(CCC3C3CCCCC3)C2)CC1
C1CCC2CC(C1)CCC1C3CCCC3CCC21
C1CCC(CCC2CCC3C(CCC4C5CCCC5CCCC34)C2)CC1
C1CCC(C2CCC(CCCCCC3CCCCC4CCCCC34)C2)CC1
C1CCC(C2CC3C(CCC4CC4)CCC3CC3CCC4CCCCC4C32)CC1
C(CCCC1CCCCC1)CCCC1CCC(C2CCCCC2)C1
C1CCC2CCC(C3CCCC4CCCC43)CC2CC1
C1CCC2C(C1)CCC1C2CCC2C3CCCC3CC21
C1CCC(CCCC2CCCC3CCC(C4CCCC5CCCC54)CC3C2)CC1
C(CCC1CC2CCCCC2C1)CCC1CCCC2CCCC12
C1CCC(CCC2CCCCC2)CC1
C1CCC(CCCCC2CC3CCCCC3C2)CC1
C1CCC(C2CCC3CC4C(CCCC45CCCC5)CC32)CC1
C1CCC(CCC(CCC2CCCCC2)CCC2CCC3CCCCC3C2)CC1
C1CCC(CCC(CCC2CCCCC2)CCC2CCC3CCCC3C2)CC1
C1CCC(C2CC3CCCC3C3CCC4CCCCC4C23)CC1
C1CCC(C2CCC3CC4C(CCCC45CCCC5)CCC32)CC1
C1CCC(CCCCC2CC3CCCCC3C2)CC1
C1CCC(CCCCC2CCC3CCCCC23)CC1
C1CCC(CCC2CCC3C(CCC3C3CCCCC3)C2)CC1
C1CCC(CCCCC2CC3CCCCC3C2)CC1
C1CCC(C2CC3CCCCC3C3CCCCC23)CC1
C(CCC1CCC2CCCCC2C1)CCC1(C2CCCC2)CCCC2CCCCC21
C1CCC(CCCCC2CC3CCCCC3C2)CC1
C1CCC(CCC2CCC3C(CCC3C3CCCCC3)C2)CC1
C1CCC2CC(C3CCCC4CCCC43)CCC2C1
C1CCC(C2CCC3CC(C4CCC(CCC5CCCC5)CC4)CCC32)CC1
C1CCC2C(C1)CC(C1CCCC1)C1CCCCC21
C1CCC2CCC3C4CCC(CCCC5CC6CCCCC6C5)C4CCC3C2CC1
C1CCC(CCCCC2CCC3C2CCC2C4CCCCC4CCC32)CC1
C1CCC2CC(C3CCCC4CCCC43)CCC2C1
C1CCC(C2CC3CCCC3C3CCC4CCCCC4C23)CC1
C1CCC(C2CCC3CC4C(CC5CC6CCCCC6C5)CCCC4CC32)CC1
C1CCC(CCCC2(CCC3CCCC3)CCC3C4CCCC5CCCCC5C4CCC32)C1
C1CCC(CCC2CCC3C(CCC3C3CCCC(CCC4CCCCC4)C3)C2)CC1
C(CCC1CCCC2CCCC12)CC1CC2CCCCC2C1
C(CCC1CCCC2CCCC12)CC1CC2CCCCC2C1
C1CCC2CCC(C3CCCC4CCCC43)CC2CC1
C1CCC2CC(C3CCCC4CCCC43)CCC2C1
C(CCC1CCCC2CCCCC12)CC1CC2CCCCC2C1
C1CCC(CCC(CC2CCC3C(CC4CCCCC4)CCC3C2)C2CCCCC2)CC1
C1CCC(CCCC2CCCC3CCC(C4CCCC5CCCC54)CC3C2)CC1
C1CCC(C2CC3CCCC3C3CCC4CCCCC4CC23)CC1
C1CCC(C2CCC3CC4C(CCC5C6CCCC(CCCC7CCC8CCCCC8C7)C6CCC45)CC32)CC1
C1CCC(CCCCC2CC3CCCCC3C2)CC1
C1CCC(CCCCC2CC3CCCCC3C2)CC1
C(CCCC1CCCCC1)CCCC1CCC(C2CCCCC2)C1
C1CCC(CCCCC2CCC3CCCCC23)CC1
C(CCCC1CCCCC1)CCCC1CCC(C2CCCCC2)C1
C(CCCC1CCCC2C(C3CCCCC3)CCC12)CCC1CCCCC1
C1CCC2C(C1)CCC1C3CCCC3CCC21
C1CCC2CC(C3CCCC4CCCC43)CCC2C1
C1CCC(C2CCC3C(CCCCCC4CC4)CCCC23)CC1
C(CCCC1CCCCC1)CCCC1CCC(C2CCCCC2)C1
C1CCC(CC2CCC3C(CCCCCC4CC4)CCCC23)CC1
C1CCC(CCC2CCC3C(CCCC4C5CCCC5CCC34)C2)CC1
C1CCC2CCCCC2C(CCCCC2CCCC3CCCCC23)C1
C1CCC(CCCCC2CC3CCCCC3C2)CC1
C1CCC(CCC2CCC3C(CCC3C3CCCCC3)C2)CC1
C1CCC(CCC2CCC(C3CC3)CC2)CC1
C1CCC(C2CCC3CC4C(CCC5C6CCC(CCCC7CC8CCCCC8C7)C6CCC45)CC32)CC1
C1CCC(C2CCC3C(CCCCCC4CCC(C5CCCC5)C4)CCCC23)CC1
C1CCC(CC(CC2CCCCC2)C2CCCCC2)CC1
C1CCC(CCCCCC2CCCC3C(CC4CCCCC4)CCC23)CC1
C1CCC(CCC2CCC3C(CCC3C3CCCCC3)C2)CC1
C1CCC2CCC(C3CCCC4CCCC43)CC2CC1
C1CCC(CCCCC2CC3CCCCC3C2)CC1
C1CCC(CCC2CCC3C(CCC3C3CCCCC3)C2)CC1
C1CCC(C2CCC3CCC4CCCCC4CC32)CC1
C1CCC(CCCCCC2CCCC3CCC(C4CCCCC4)CC23)CC1
C1CCC(CC2CC3CCCCC3CC3CCC4CCCCC4C32)CC1
C(CCCC1CCCC2C(C3CCCCC3)CCC12)CCC1CCCCC1
C1CCC(CCCCC2CCC3C2CCC2C4CCCCC4CCC32)CC1
C1CCC(CC23CCCCCC2CCC2C4CCCC4CCC23)CC1
C1CCC2CCC(C3CCCC4CCCC43)CC2CC1
C1CCC(CCCCCC2CCC3CCCCC23)CC1
C1CCC(CCCCCC2CCC3CCCCC3C2)CC1
C1CCC(CCC2CCC3C(CCC3C3CCCCC3)C2)CC1
C1CCC(CC2CCC3CC4C(CCC5C6CCC(CCCC7CCC8CCCCC8C7)C6CCC45)CC23)CC1
C1CCC(C2CCC3C(CCCCCC4CCC(C5CCCC5)C4)CCCC23)CC1
C1CCC(CCC2CCCC3CCC4C(CCC4C4CCCCC4)CC23)CC1
C1CCC2CCC3C4CCCC4CCC3C2CC1
C1CCC(C2CCC(CCCCCC3CCCC4C(C5CCCCC5)CCC34)C2)CC1
C1CCC(CCCCCC2CCCCC2)CC1
C1CCC2CCC(C3CCCC4CCCC43)CC2CC1
C1CCC(CC2CC3CCCCC3C3CCC4CCCCC4C3C2)CC1
C1CCC2CC(CC3CCCC4CCCC43)CCC2C1
C1CCC(CCCCC2CC3CCCCC3C2)CC1
C1CCC(CCCCCC2CC3CCCCC3C2)CC1
C1CCC2CC3CCC4CCCCC4C3CCC2C1
C1CCC(CC2CCC3C(CCC3C3CCCCC3)C2)CC1
C(CCCC1CCCC2C(C3CCCCC3)CCC12)CCC1CCCCC1
C(CCCC1CCCCC1)CCC1CCCCC1
C1CCC(CCCCCC2CCCC3C(C4CCCCC4)CCC23)CC1
C(CCC1CCCC2CCCC12)CC1CC2CCCCC2C1
C1CCC(CCC2CC3CCCC3C3CCC4CCCCC4C23)CC1
C1CCC(CC2CC3CCCCC3C2CC2CCCCC2)CC1
C1CCC2C(C1)CC(C1CCCC1)C1CCCC21
C1CCC(CC2CCCC(C3CCC4CC(CCC5CCC6CCCCC6C5)CCC43)C2)C1
C1CCC(C2CCC3CC4(CCCCCCC4C4CCCCC4)CCC32)CC1
C1CCC(CCCC2CCC3CCC(C4CCCC5CCCC54)CC3C2)CC1
C(CCCC1CCCCC1)CCCC1CCC(C2CCCCC2)C1
C1CCC(CCCCCC2CCC3CCCCC23)CC1
C(CCC1CCCC2CCCC12)CC1CC2CCCCC2C1
C1CCC(CC2CCCC(C3CCC4CC(CCC5CCC6CCCCC6C5)CCC43)C2)CC1
C1CCC(CCCCCC2CCCC3C(CC4CCCCC4)CCC23)CC1
C1CCC(C2CCC3C(CCCCCC4CC4)CCCC23)CC1
C1CCC(C2CCC3CCCC3C3CCC4CCCCC4C23)CC1
C1CCC(C2CCC3CC4C5CCC6C(CCCC7CCC8CCCCC8C7)CCC6C(CCC4CC32)C5)CC1
C1CCC(C2CCC3CC4C(CCC5C6CCC(CCCC7CC8CCCCC8C7)C6CCC45)CC32)CC1
C1CCC(C2CC3CCCC3C3CCC4CCCCC4C23)CC1
C1CCC(C2CCC3CC4C(CCC45CCCCCC5)CC32)CC1
C1CCC(CCCCC2CCC3CCCC3C2)CC1
C1CCC(CCCCC2CCC3CCCCC23)CC1
C1CCC(CC2CC3CCCCC3C3CCC4CCCCC4C23)CC1
C1CCC(CCC2CCC3C(CCC3C3CCCCC3)C2)CC1
C1CCC(CCCC2CCC3C(CCC4CCCCC43)C2)CC1
C1CCC(C2CCC3CCCC3C3CCC4CCCCC4C23)CC1
C1CCC2CC3CCC(C4CCCCC4)C3CC2CC1
C1CCC(CCC2CCCCC2)CC1
C1CCC2CCCCC2C(CCCCC2CCCC3CCCCC23)C1
C1CCC(CCCCC2CC3CCCCC3C2)CC1
C(CCC1CC2CCCCC2C1)CCC1CCCC2CCCC12
C1CCC2CCC(C3CCCC4CCCC43)CC2CC1
C1CCC(CCCC2CC3CCCC3C3CCC4CCCCC4C23)CC1
C1CCC(C2CC3CCCC3C3CCC4CCCCC4CC23)CC1
C1CCC(CCCCCC2CCCCC2)CC1
C1CCC2CC(C3CCCC4CCCC43)CCC2C1
C1CCC(CCCCC2CC3CCCCC3C2)CC1
C1CCC(CCCCCC2CCCC3CCCC23)CC1
C1CCC(C2CC3CCCC3C3CCC4CCCCC4CC23)CC1
C1CCC(CC2CCC3C(CCC3C3CCCCC3)C2)CC1
C1CCC2C(C1)CC(C1CCCC3CCCCC31)C1CCCC21
C1CCC(C2CCC3CC4C(CCCC5CC5)CCCCC4CC32)CC1
C1CCC(C2CC3CCCC3C3CCC4CCCCC4C23)CC1
C(CCCC1CCCC2C(C3CCCCC3)CCC12)CCC1CCCCC1
C1CCC(C2CCCC3CCCC3C3CCC4CCCCC4C23)CC1
C(CCC1CCC2CCCCC2C1)CCC1CCCC2CCCCC12
C1CCC(CCCCC2CC3CCCCC3C2)CC1
C1CCC(C2CCC3CCC4CCCCC4CC32)CC1
C(CCC1CCC2C(CCC3C4CCCC4CCC23)C1)CC1CCC(C2CC3CCCC3C3CCC4CCCCC4C23)CC1
C1CCC(CC2CCC3C(CCC3C3CCCCC3)C2)CC1
C1CCC(CCC2CCC(C3CCC4C(CCC4C4CCCCC4)C3)CC2)CC1
C1CCC(C2CCC3CC4C(CCC45CCCCCC5)CC32)CC1
C1CCC2C(C1)CCC1C3CCCC3CCC21
C1CCC(C2CCC3C(CCCC4CCCCC43)C2)CC1
C1CCC(C2CCC3CC4C(CCC45CCCC5)CC32)CC1
C(CCCC1CCCC2C(C3CCCCC3)CCC12)CCC1CCCCC1
C1CCC(CCCC2CCCC3CCCCC32)C2CCCCC2C1
C1CCC(C2CCC3(CCCC4CC5C(CCC5C5CCCCC5)CC43)C2)CC1
C(CCC1CCCC2CCCCC12)CC1CCC2CCCCC2C1
C1CCC2C(C1)CCC1C3CCCCC3CCC21
C1CCC(C2CC3CCCCC3C3CCCCC23)CC1
C1CCC(CCC2CCC(CCC3CCCCC3)CC2)CC1
C1CCC(CCC2CCC3C(CCCC4C5CCCC5CCC34)C2)CC1
C(CCC1CCC2CCC(C3CCCC4CCCC43)CC2C1)CC1CCC2CCCC2C1
C1CCC2C(C1)CCC1C3CCCC3CCC21
C1CCC(CCC2CCC3C(CCC3C3CCCCC3)C2)CC1
C1CCC(CCCCCC2CC3CCCCC3C2)CC1
C1CCC(CCC2CC3CCCC3C3CCCC4CCCCC4C23)CC1
C1CCC(CCCCC2CCC3C2CCC2C4CCCCCC4CCC32)CC1
C1CCC(CCCC2CCC3C2CCC2C4CC5CCC(C6CCCCC6)C5CCC4CCC32)CC1
C1CCC(CCCCC23CCCC2CC2C4CCC5CCCCC5C4CCC23)C1
C(CCCC1CCCC2C(C3CCCCC3)CCC12)CCC1CCCCC1
C1CC2CCC3C(CCC4CCC5CC5C43)C2C1
C1CCC(CC2CC3CCCCC3C3CCC4CCCCC4C23)CC1
C1CCC(CCCCC2CC3CCCCC3C2)CC1
C1CCC(C2CCC(CCCCCC3CCCC4CCCCC34)C2)CC1
C1CCC2C(C1)CCC1C3CCCC3CCC21
C1CCC(CCCC(CC2CC3CCCCC3C2)C2CCCC2)CC1
C1CCC(CCCCC2CC3CCCCC3C2)CC1
C1CCC(C2CCC3CC4C(CCC45CCCCC5)CC32)CC1
C1CCC(C2CCC3CCCC3CC3CCC4CCCCC4C32)CC1
C1CCC2CCC(C3CCCC4CCCC43)CC2CC1
C1CCC2CCC3C4CCCCC4CC(CC4CCCC4)C3C2CC1
C1CCC2CCC3CCCCC3C2CC1
C1CCC(CCCCC2CCC3CCC(C4CCCC5CCCC54)CC3C2)CC1
C1CCC2CCC3C4CCCCC4CCC3C2CC1
C1CCC(CCCC2CC3CCCC3C3CCC4CCCCC4C23)CC1
C(CCC1CCCC2CCCCC12)CC1CCCC2CCCCC12
C1CCC2C(C1)CCC1C3CCCC3CCC21
C1CCC(C2CC3C(CCC34CCCC4)C3CCC4CCCCC4C23)CC1
C1CCC(CCCC2CCC3CCC(C4CCCC5CCCC54)CC3C2)CC1
C1CCC(CCC2CCC3C(CCC3C3CCCCC3)C2)CC1
C1CCC(CCCCCC2CCCC3C(CC4CCCCC4)CCC23)CC1
C1CCC2C(C1)CCC1C3CCCC3CCC21
C1CCC(CC(CC2CCCCC2)C2CCCCC2)CC1
C1CCC(C2CC3CCCC3C3CCC4CCCCC4C23)CC1
C1CCC(C2CC3CCCC3C3CCCC4CCCCC4C23)CC1
C1CCC(CC2CCCC2CC2CC3CCCCC3C3CCC4CCCCCC4C23)CC1
C1CCC2C(C1)CC(C1CCCC1)C1CCCCC21
C1CCC2CC(C3CCCC4CCCC43)CCC2C1
C(CCCC1CCCC2C(C3CCCCC3)CCC12)CCC1CCCCC1
C(CCC1CCC2C1CCC1C3CCCCC3CCC21)CC1CC2CCCCC2C1
C1CCC2CCC(C3CCCC4CCCC43)CC2CC1
C1CCC(C2CC3CCCC3C3CCC4CCCCC4C3C2)CC1
C1CCC(CC2CCC(CC(CC3CCCCC3)C3CCCCC3)CC2)CC1
C1CCC(CC2CC3CCCCC3C3CCC4CCCCCC4C23)CC1
C1CCC2CC(C3CCCC4CCCC43)CCC2C1
C(CCC1CCC2CCCCC2C1)CCC1CCCC2CCCCC12
C1CCC(CCC2CCC3C(CCC3C3CCCCC3)C2)CC1
C1CCC(C2CC3CCCC3C3CCC4CCCCC4C23)CC1
C1CCC(C2CC3CCCC3C3CCCC4CCCCC4C23)CC1
C1CCC(CCC(CCC2CC3CCCCC3C2)C2CCCC2)CC1
C1CCC2CCC3C4CCCC4CCC3C2CC1
C1CCC(CCCCC2CCC3CCCC3C2)CC1
C1CCC(CCCCCC2CCCC3C(C4CCCCC4)CCC23)CC1
C1CCC2C(C1)CCC1C3CCCC3CCC21
C1CCC(C2CCC3CC4C(CCCCC45CCCC5)CC32)CC1
C1CCC(C2C3CCCCC3CC3CC4CCCC4CC32)CC1
C1CCC(C2CCC3CCCC3C3CCCC4CCCCC4C23)CC1
C(CCCCC1CCC(C2CCCCC2)C1)CCCC1CCCCC1
C1CCC(CCCCC2CC3CCCCC3C2)CC1
C1CCC(CCCCCC2CC3CCCCC3C2)CC1
C1CCC(C2CC3CCCCC3C3CCC(CCCC4CCCC4)CC23)CC1
C(CCCC1CCCC2C(C3CCCCC3)CCC12)CCC1CCCCC1
C1CCC(CCCC2CCC3C(CCC3C3CCCCC3)C2)CC1
C1CCC2C(C1)CCC1C3CCCC3CCCC21
C(CCCC1CCCC2C(C3CCCCC3)CCC12)CCC1CCCCC1
C1CCC(CC2CC3CCCCC3C3CCC4CCCCC4C23)CC1
C1CCC(C2CCC3C(CCCCCC4CC4)CCCC23)CC1
C(CCCC1CCCC2C(C3CCCCC3)CCC12)CCC1CCCCC1
C1CCC(C2CCC3CC4C(CCCC45CCCC5)CC32)CC1
C1CCC(CC2CC3CCCCC3C3CCC4CCCCC4C23)C1
C1CCC(CCCCCC2CCCC3C(CC4CCCCC4)CCC23)CC1
C1CCC2C(C1)CCCC1C2CCC2C3CCCC3CC21
C(CCCC1CCCC2C(C3CCCCC3)CCC12)CCC1CCC(C2CCCC2)C1
C1CCC(CCCCC2CC3CCCCC3C2)CC1
C1CCC2CC(CC3CCCC4CCCC43)CCC2C1
C(CCCC1CCCC2C(C3CCCCC3)CCC12)CCC1CCCCC1
C1CCC(C2CC3CCCC3C3CCC4CCCCC4C23)CC1
C1CCC(C2CCC3C(CCC4CCCCC43)C2)CC1
C1CCC(CCCCC2CC3CCCCC3C2)CC1
C(CCC1CCC2C1CCC1C3CCCCC3CCC21)CC1CC2CCCCC2C1
C1CCC(CCC2CCC3C(CCC3C3CCCCC3)C2)CC1
C1CCC(CCCCC2CCC3CCCCC3C2)CC1
C1CCC(C2CCC3CC4C5CCC6C(CCCC7CCC8CCCCC8C7)CCC6C(CCC4CC32)C5)CC1
C1CCC2CCC(C3CCCC4CCCC43)CC2CC1
C1CCC(CCCC2CCC3C(CCC3C3CCCCC3)C2)CC1
C1CCC(CCCC2CCC3C(CCC3C3CCCCC3)C2)CC1
C1CCC(C2CCC3CC4CCCCC4CC32)CC1
C1CCC2CCC(C3CCCC4CCCC43)CC2CC1
C1CCC(CCCC2CCC3C(CCC4CC(C5CCCCC5)CCC43)C2)CC1
C1CCC(CC2CCCCCC23CCCC2C(CCC2C2CCCCC2)C3)CC1
C1CCC2CC3CCC4C(CCCC5CC6CCCCC6C5)CCC4C3CCC2C1
C1CCC(CCCC2CCC3CCC(C4CCCC5CCCC54)CC3C2)CC1
C1CCC(CCC2(CCCC3CC4CCCCC4C3)CCC3C4CCC5CCCCC5C4CCC32)C1
C1CCC(CCCCC2CCC3C2CCC2C4CCCCC4CCC32)CC1
C1CCC(CC2CCCC2CC2CC3CCCCC3C3CCC4CCCCC4C23)CC1
C1CCC(CCCCCC2CC3CCCCC3C2)CC1
C1CCC(CCCCCC2CCC3CCCCC23)CC1
C1CCC(C2CC3CCCC3C3CCC4CCCCCC4C23)CC1
C1CCC(C2CC3CCCCC3C3CCCCC3C2)C1
C1CCC(CC2CCC(CC(CC3CCCCC3)C3CCCCC3)CC2)CC1
C1CCC(CC2CC3CCCCC3C3CCC4CCCCC4C23)CC1
C1CCC(CC2CCCC(CCC3CCC(CCC4CCC(C5CC5)CC4)CC3)C2)C1
C1CCC(CCC2CCC3C(CCCC4CC(C5CCCCC5)CCC43)C2)CC1
C1CC2CCCC2C(CC2CC3CCCCC3C3CCCC23)C1
C1CCC2C(C1)CC(C1CCCC3CCCC31)C1CCCC21
C1CCC(C2CCC3CCCC3C3CCC4CCCCC4C23)CC1
C1CCC2CC(C3CCCC4CCCC43)CCC2C1
C1CCC(CC2CCC(CCCCCC3CCCC4CCCCC34)C2)CC1
C1CCC(CCCCCC2CCCC3C(CC4CCCCC4)CCC23)CC1
C1CCC2CCC3C4CCC(CCCC5CCC6CCCCC6C5)C4CCC3C2CC1
C1CC2CCCC3C(CCC4CCC5CC5C43)C2C1
C1CCC2CC(CCCC3CCC4C3CCC3C5CCCCC5CCCC43)CC2C1
C1CCC(CC2CCC3CCCCC3C3CCC4CCCCC4C23)CC1
C(CCCC1CCCC2C(C3CCCCC3)CCC12)CCC1CCCCC1
C1CCC(C2CCC3CC4CCCCC4CC32)CC1
C1CCC(C2CC3CCCC3C3CCCC4CCCCC4C23)CC1
C1CCC(C2CC3CCCC3C3CCC4CCCCC4C23)CC1
C1CCC2C(C1)CCCC1CCCCC12
C(CCC1CCC(CC2CCCC2)C1)CCC1CCCC2CCCCC12
C1CCC(C2(CCCCC3CCC4CCCCC4C3)CCCC3CCCCC32)CC1
C1CCC(C2CCC(CCCCCC3CCCCC4CCCCC34)C2)CC1
C1CCC(CCCCC2CC3CCCCC3C2)CC1
C1CCC(CCCCC2CC3CCCCC3C2)CC1
C1CCC(CCC2CCC(CCC3CCCC(CC4CCCC4)C3)CC2)CC1
C1CCC(CCC2CCC3C(CCC3C3CCCCC3)C2)CC1
C1CCC2CCC(C3CCCC4CCCC43)CC2CC1
C1CCC(CCCCC2CCC3CCCCC23)CC1
C1CCC(CCCCCC2CC3CCCCC3C2)CC1
C(CCCC1CCCC2C(C3CCCCC3)CCC12)CCC1CCC(C2CCCC2)C1
C1CCC2CC(C3CCCC4CCCC43)CCC2C1
C1CCC(CCC2CCCC3CC4C(CCC4C4CCCCC4)CC23)CC1
C1CCC(CCCCCC2CCCC3C(C4CCCCC4)CCC23)CC1
C1CCC(CCCCC2CCC3CCCCC23)CC1
C1CCC(CCCCCC2CC3CCCCC3C2)CC1
C1CCC2CCC3C(CCC4C3CCC4(CCCC3CC4CCCCC4C3)CCC3CCCC3)C2CC1
C1CCC(C2CC3C(CCC34CCCC4)C3CCC4CCCCCC4C23)CC1
C1CCC(CC(CC2CCCCC2)C2CCCCC2)CC1
C1CCC2CCC3C4CCCCC4CC(CC4CCCC4)C3C2CC1
C1CCC2C(C1)CCC1CCCCC12
C1CCC(CCCCC2CC3CCCCC3C2)CC1
C1CCC(CCCCCC2CC3CCCCC3C2)CC1
C1CCC(C2CC3CCCC3C3CCCC4CCCCC4C23)CC1
C(CCCC1CCCC2C(C3CCCCC3)CCC12)CCC1CCC(C2CCCC2)C1
C1CCC2CCC(C3CCCC3)CC2CC1
C1CCC2CCC3C4CCCC4CCC3C2CC1
C1CCC(CCC(CCCC2CCC3CCCC3C2)CC2CCCCC2)CC1
C1CCC2CCC3C(CCC4C5CCCC5CC43)C2CC1
C1CCC(C2CCC3CC4C(CCC5C6CCC(CCCC7CCC8CCCCC8C7)C6CCC45)CC32)CC1
C1CCC(CCCCCC2CCC3CCCC3C2)CC1
C1CCC(CCCCCC2CCCC3C(C4CCCCC4)CCC23)CC1
C1CCC(CC2CCC3CC4C(CC5CC6CCCCC6C5)CCCC4CC23)CC1
C1CCC2C(C1)CCCC2CCCC1CCCC2CCCCC21
C1CCC(CCC2CC3CCCCC3C3CCC4CCCCC4C23)CC1
C1CCC(CC2CCCC(C3CCC4CC(CCC5CCC6CCCCC6C5)CCC43)C2)C1
C1CCC(CC2CCC3C(CCC3C3CCCCC3)C2)CC1
C1CC2CCCC2C(CC2CC3CCCCC3C3CCCC23)C1
C1CCC(CCCC2(CCCC3CC4CCCCC4C3)CCC3C4CCC5CCCCC5C4CCC32)C1
C1CCC(CCC2CCC3C(CCC4C5CCCC5CC(CCC5CCCCC5)C34)C2)CC1
C1CCC(CCC2CCC(C3CC3)CC2)CC1
C1CCC(CCCC2CCC3CCC(C4CCCC5CCCC54)CC3C2)CC1
C1CCC(CCCCC2CCC3CCC(C4CCCC5CCCC54)CC3C2)CC1
C1CCC(CCC2CCC3C(CCC3C3CCCCC3)C2)CC1
C1CCC(CCCCCC2CC3CCCCC3C2)CC1
C1CCC2CC(C3CCCC4CCCC43)CCC2C1
C1CCC(CCC2CCC3C(CCC3C3CCCCC3)C2)CC1
C1CCC2CCC3C4CCC(CCCC5CC6CCCCC6C5)C4CCC3C2CC1
C1CCC2CC(C3CCCC4CCCC43)CCC2C1
C1CCC(CCCCC2CCC3CCCCC23)CC1
C1CCC(CC2CCC3C(CC4CCCCC4)CCC3C2)CC1
C1CCC(CCCCC2CC3CCCCC3C2)CC1
C1CCC(C2CC3CCCC3C3CCCC4CCCCC4C23)CC1
C1CCC(CC2CC3CCCCC3C3CCC4CCCCC4C23)CC1
C1CCC(CCCC2CC3CCCCC3C2C2CCCCC2)CC1
C(CCC1CCCC1)CCC1CCCC2CCCCC12
C(CCC1CCCC2CCCCC2C1)CCC1CCC(C2CCCCC2)C1
C1CCC2C(C1)CCC1C2CCC2C3CCCC3CC21
C1CCC(CCCCCC2CC3CCCCC3C2)CC1
C1CCC(C2CCC3CCCC3C3CCC4CCCCC4C23)CC1
C1CCC(CCC2CCCCC3CC4C(CCC4C4CCCCC4)CC23)CC1
C1CCC(CCCCCC2CCCC3C(C4CCCCC4)CCC23)CC1
C(CCC1CCCC2CCCCC12)CC1CCCC2CCCCC12
C1CCC(CCC2CCC(CCC3CCCC(CC4CCCC4)C3)CC2)CC1
C1CCC(C2CCC3CC4C(CCC5C6CCC(CCCC7CCC8CCCCC8C7)C6CCCC45)CC32)CC1
C1CCC(C2CC3CCCCC3C3CCC4CCCCC4C23)CC1
C1CCC(C2CCC3CC4C(CCCC45CCCC5)CC32)CC1
C(CCCC1CCCCC1)CCC1CCCCC1
C1CCC(C2CCC3C(CCC4CCCCC43)C2)CC1
C1CCC2C(C1)CCC1C3CCCC3CCC21
C(CCC1CCC2CCCCC2C1)CCC1CCCC2CCCCC12
C1CCC(CCCCC2CCC3CCCC3C2)CC1
C1CCC2C(C1)CCC1C3CCCC3CCC21
C1CCC(CC2CCCC(CCC3CC4CCCCC4C4CCC5CCCCC5C34)C2)CC1
C1CCC(C2CCC3CC4C(CCC5CC6CCCCC6C5)CCCC4CC32)CC1
C(CCCC1CCCC2C(C3CCCCC3)CCC12)CCC1CCCCC1
C1CCC(CCC2CCC3C(CC4CCCCC4)CCC3C2)CC1
C1CCC2CCC(C3CCCC4CCCC43)CC2CC1
C1CCC(C2CCC3CC4C(CCC5C6CCC(CCCC7CCC8CCCCC8C7)C6CCC45)CC32)CC1
C1CCC(CC2CCC(CC3CC4CCCCC4C4CCC5CCCCC5C34)CC2)CC1
C(CCC1CCC2C1CCC1C3CCCCC3CCC21)CC1CC2CCCCC2C1
C1CCC2CC(C3CCCC4CCCC43)CCC2C1
C1CCC(CC2CC3CCCCC3C3CCC4CCCCCC4C23)CC1
C1CCC(C2CC3CCCCC3C3CCCCC3C2)CC1
C1CCC2CCC3C4CCCC4CCC3C2CC1
C1CCC(CCCCCC2CCCC3C(C4CCCCC4)CCC23)CC1
C(CCCC1CCCC2C(C3CCCCC3)CCC12)CCC1CCCCC1
C(CCC1CCCC2CCCC12)CC1CC2CCCCC2C1
C1CCC2CC(C3CCCC4CCCC43)CCC2C1
C1CCC2C(C1)CCC1CCCCC12
C1CCC(C2CC3CCCC3C3CCCC4CCCCC4C23)CC1
C1CCC2C(C1)CCC1C3CCCCC3CCC21
C(CCC1CCCCC2CCCCC12)CC1CCC2CCCCC2C1
C1CCC(CCC2CCCCC2)CC1
C1CCC(CCCC2CCCC3CCC(C4CCCC5CCCC54)CC3C2)CC1
C1CCC2CCC(C3CCCC4CCCC43)CC2CC1
C1CCC(CCC2CCC3C(CC4CCCCC4)CCC3C2)CC1
C1CCC(CCCCCC2CCCC3C(CC4CCCCC4)CCC23)CC1
C1CCC2CC3CCCCC3CCC2C1
C1CCC(CCCC2CCC3CCC(C4CCCC5CCCC54)CC3C2)CC1
C(CCCCC1CCC(C2CCCCC2)C1)CCCC1CCCCC1
C1CCC(C2CCC3CCC4C(CCC45CCCCC5)CC32)CC1
C1CCC2C(C1)CCC1C2CCC2C3CCCC3CC21
C1CCC2CCC(C3CCCC4CCCC43)CC2CC1
C1CCC2CCC3C4CCC(CCCC5CC6CCCCC6C5)C4CCC3C2CC1
C1CCC(C2CC3CCCCC3C3CCCCC23)CC1
C1CCC(CCCCC2CCC3CCCCC23)CC1
C(CCC1CCCC2CCCCC12)CC1CCC2CCCCC2C1
C(CCCC1CCCCC1)CCCC1CCC(C2CCCCC2)C1
C(CCC1CC2CCCCC2C1)CCC1CCCC2CCCC12
C1CCC(CCCCCC2CCCC3C(C4CCCCC4)CCC23)CC1
C1CCC(CC2CC3CCCCC3C2C2CCCCC2)CC1
C1CCC(CC23CCCCC2CCCC2C4CCCC4CCC23)CC1
C1CCC2CC(C3CCCC4CCCC43)CCC2C1
C1CCC2C(C1)CCC1C3CCCC3CCC21
C1CCC(CCC2CCC(C3CCC4C(CC5CCCCC5)CCC4C3)CC2)CC1
C1CCC(CCCCC2CCC3CCCCC23)CC1
C1CCC(CC2CCCCC2CC2CC3CCCCC3C3CCC4CCCCC4C23)CC1
C1CCC(CC2CC3CCCCC3C3CCC4CCCCC4C23)CC1
C1CCC(CCC2CCC3C(CC4CCCCC4)CCC3C2)CC1
C1CCC2CCC(C3CCCC4CCCC43)CC2CC1
C(CCC1CCCC2CCCCC12)CCC1CCCC2CCCC12
C(CCCC1CCCCC1)CCC1CCCCC1
C1CCC2CC(C3CCCC4CCCC43)CCC2C1
C1CCC(CCCCCC2CCCC3C(CC4CCCCC4)CCC23)CC1
C1CCC(CCCC2CCCC(C3CCC4CC(CCC5CCC6CCCCC6C5)CCC43)C2)CC1
C1CCC(CCCCCC2CC3CCCCC3C2)CC1
C1CCC(CCC2CCC3C(CCCC4CCCCC43)C2)CC1
C1CCC2CC(C3CCCC3)C3CCCCC3CC2C1
C1CCC(C2CCC3CC4CCCCC4CCC32)CC1
C1CCC2CCC3C4CCCCC4CC(CC4CCCC4)C3C2CC1
C1CCC2CCC(C3CCCC4CCCC43)CC2CC1
C1CCC2CCC3C4CCC(CCCC5CCC6CCCCC6C5)C4CCC3C2CC1
C1CCC(CC2CCC3CCCCC3C3CCC4CCCCC4C23)C1
C1CCC2CCC(C3CCCC4CCCC43)CC2CC1
C1CCC(CCCCCC2CCCCC2)CC1
C1CCC(CC2CCC3CC4C(CCC5C6CCC(CCCC7CC8CCCCC8C7)C6CCC45)CC23)CC1
C(CCC1CCC2CCCC2C1)CC1CCC(C2CCCC2)CC1
C1CCC2CCC3C(CCC4C3CC3CCCC34CCCC3CCCC3)C2CC1
C1CCC(C2CCC3CC4C(CCC5C6CCC(CCCC7CC8CCCCC8C7)C6CCC45)CC32)CC1
C1CCC2CC(C3CCCC4CCCC43)CCC2C1
C1CCC(CCC2CCC3C(CCC3C3CCCCC3)C2)CC1
C1CCC(CCCCC2CC3CCCCC3C2)CC1
C1CCC(C2CCC3C(CCC4CCCCC43)C2)CC1
C1CCC(C2CCC3CC4C(CCC5C6CCCC6CCC45)CC32)CC1
C1CCC(C2CCC3CC(C4CCC(CCC5CCCC5)CC4)CCC32)CC1
C1CCC(C2CC3CC(CCC3CCC3CC3)C3CCC4CCCCC4C32)CC1
C(CCCC1CCCC2C(C3CCCCC3)CCC12)CCC1CCCCC1
C1CCC2C(C1)CCC1C3CCCC3CCC21
C1CCC(CCCCCC2CCCC3C(CC4CCCCC4)CCC23)CC1
C1CCC(CC2CC3CCCCC3CC3CCC4CCCCC4C32)CC1
C1CCC(CCCCC2CC3CCCCC3C2)CC1
C(CCC1CCC2C(CCC3C4CCCC4CCC23)C1)CC1CCC(C2CC3CCCC3C3CCC4CCCCC4C23)CC1
C1CCC2C(C1)CCC1CCCCC12
C1CCC(CCCCCC2CCC3CCCCC23)CC1
C(CCCC1CCCCC1)CCCC1CCC(CC2CCCCC2)C1
C1CCC(C2CCC3C(CCCCCC4CC4)CCCC23)CC1
C1CCC2C(C1)CCC1C3CCCCC3CCC21
C1CCC(CCCCCC2CC3CCCCC3C2)CC1
C(CCC1CCCC2CCCCC12)CC1CCCC2CCCCC12
C1CCC(CCC2CCC(C3CC3)CC2)CC1
C1CCC2CCC3C4CCCC4CC(C4CCC(C5CCCC5)CC4)C3C2CC1
C1CCC(C2CC3CCCC3CC3CCC4CCCCC4C32)CC1
C1CCC2C(C1)CCC1C3CCCC3CCC21
C1CCC2CC(C3CCCC4CCCC43)CCC2C1
C(CCCC1CCC2CCCC2C1)CCC1CCCCC1
C1CCC(CCC2CC3CCCCC3C3CCC4CCCCC4C23)CC1
C1CCC2C(C1)CCC1C3CCCC3CCC21
C1CCC(CC2CC3CCCCC3C3CCC4CCCCC4C23)C1
C1CCC(C2CCC3CC4C(CCCCC5CC5)CCCC4CC32)CC1
C1CCC(C2CC3CCCC3C3CCC4CCCCC4C23)CC1
C1CCC(C2CCC3CCC4CCCCC4C3CC2)CC1
C1CCC2CC(CC3CCCC4CCCC43)CCC2C1
C1CCC(C2CCC(CCCCCC3CCCC4CCCCC34)C2)CC1
C(CCCC1CCCC2C(C3CCCCC3)CCC12)CCC1CCCCC1
C(CCCC1CCCCC1)CCC1CCCCC1
C1CCC(C2CCC(C3CC4CCCC4C4CCCC5CCCCC5C34)CC2)C1
C1CCC(CCCCC(CC2CCC3C(CCC3C3CCCCC3)C2)C2CCCCC2)CC1
C1CCC(CCCCCC2CCCC3C(C4CCCCC4)CCC23)CC1
C1CCC(CC2CCC3C(CCC3C3CCCCC3)C2)CC1
C1CCC(C2CCC3CC4C(CCC5C6CCC(CCCC7CC8CCCCC8C7)C6CCC45)CC32)CC1
C1CCC(CCCC2CCC3C(CCC3C3CCCC(CCC4CCCC4)C3)C2)CC1
C1CCC(C2CCC3CC4C(CCC5C6CCC(CCCC7CC8CCCCC8C7)C6CCCC45)CC32)CC1
C(CCCC1CCCC2C(C3CCCCC3)CCC12)CCC1CCCCC1
C1CCC(CCCCC2CCC3C2CCC2C4CCCCC4CCC32)CC1
C1CCC(CCC(CC2CC3CCCCC3C2)C2CCC2)CC1
C1CCC(C2CC3CCCC3C3CCC4CCCCC4C23)CC1
C1CCC(CCCC2CCCC(C3CCC4CC(CCC5CCC6CCCCC6C5)CCC43)C2)CC1
C1CCC2CCC(C3CCCC4CCCC43)CC2CC1
C1CCC(CCC2CCC3C(CC4CCCCC4)CCC3C2)CC1
C(CCCC1CCCCC1)CCCC1CCC(C2CCCCC2)C1
C1CCC(CCC2CCC(CCC3CCCC(CC4CCCC4)C3)CC2)CC1
C1CCC(CCC2CCC3C2CCCC(C2CCCCC2)C2C4CCCCC4CCC32)CC1
C1CCC(C2CC3CCCC3C3CCC4CCCCCC4C23)CC1
C(CCC1CCC2C1CCC1C3CCCCC3CCC21)CC1CC2CCCCC2C1
C1CCC(CCCCC2CCC3CCCCC3C2)CC1
C1CCC2CCC3C4CCC(CCCC5CC6CCCCC6C5)C4CCC3C2CC1
C1CCC(CCC2CCC3C(CCCC4C5CCCC5CCC34)C2)CC1
C1CCC(C2CC3CCCC3C3CCC4CCCCC4C23)CC1
C1CCC(CCC2CCC3C(CCC3C3CCCCC3)C2)CC1
C(CCCC1CCCCC1)CCCC1CCC(C2CCCCC2)C1
C1CCC(C2CCC3C(CCC4CCCCC43)C2)CC1
C(CCCC1CCCCC1)CCCC1CCC(C2CCCCC2)C1
C1CCC(CCC2CCC3C(CCC3C3CCCCC3)C2)CC1
C1CCC(CC23CCCCC2CCCC2C4CCCC4CCC23)CC1
C(CCCCC1CCC(C2CCCCC2)C1)CCCC1CCCCC1
C1CCC2C(C1)CCC1C3CCCC3CCC21
C(CCC1CC2CCCCC2C1)CCC1CCCC2CCCC12
C1CCC(C2CCC3CC4CCCCC4CC32)CC1
C1CCC2CC(C3CCCC4CCCC43)CCC2C1
C1CCC(CCCCCC2CCC3CCCC3C2)CC1
C1CCC(CCCCC2CC3CCCCC3C2C2CCCCC2)CC1
C1CCC(CCCCCC2CC3CCCCC3C2)CC1
C1CCC(CCCC(CCC2CCC3CCCC3C2)CC2CCCCC2)CC1
C1CCC(CCC(CC2CC3CCCCC3C2)C2CCCC2)CC1
C1CCC2CCC(C3CCCC4CCCC43)CC2CC1
C1CCC(C2CCC3C(CCC4CCCCC43)C2)CC1
C(CCCCC1CCCC(CC(CC2CCC(CC3CCCCC3)CC2)C2CCCCC2)C1)CCCCC1CCC2C(CCC3C4CCCC4CCC23)C1
C(CCC1CCC2C(CCC3C4CCCC4CCC23)C1)CC1CCC(C2CCC(C3CC4CCCC4C4CCC5CCCCC5C34)CC2)CC1
C1CCC(CCCCCC2CC3CCCCC3C2)CC1
C(CCCC1CCCC2C(C3CCCCC3)CCC12)CCC1CCC(C2CCCC2)C1
C1CCC2C(C1)CCC1C3CCCC3CCC21
C1CCC2CC(C3CCCC4CCCC43)CCC2C1
C1CCC2C(C1)CCC1C3CCCCC3CCCC21
C1CCC(CCC2CCC3C(CCC3C3CCCCC3)C2)CC1
C1CCCC(C2CCC3CC4C(CCC5C6CCCC6CCC45)CC32)CC1
C1CCC(C2CCC3CC4C(CCC5C6CCC(CCCCC7CCC8CCCCC8C7)C6CCC45)CC32)CC1
C(CCCCC1CCC(C2CCCCC2)C1)CCCC1CCCCC1
C(CCC1CCCCC2CCCCC12)CC1CCC2CCCCC2C1
C(CCCC1CCCCC1)CCCC1CCC(C2CCCCC2)C1
C1CCC(C2CCC3CC(C4CCC(CCC5CCCC5)CC4)CCC32)CC1
C1CCC(CCCCCC2CCCCC2)CC1
C1CCC2CC(CCCC3CCC4C3CCC3C5CCCCC5CCCC43)CC2C1
C(CCCC1CCCCC1)CCCC1CCC(C2CCCCC2)C1
C1CCC(CCC(CC2CCC(CC3CCCCC3)CC2)C2CCCCC2)CC1
C1CCC(CCCCCC2CCCC3C(C4CCCCC4)CCC23)CC1
C1CCC2C(C1)CCC1C3CCCC3CCC21
C1CCC(C2CCC3C(CCCCCC4CC4)CCCC23)CC1
C(CCC1(C2CCCC2)CCCCC2CCCCC21)CC1CCC2CCCCC2C1
C1CCC(C2CC3C(CCC4CCC4)CCC3C3CCC4CCCCC4C23)CC1
C1CCC(C2CCC3CCCC3C3CCC4CCCCC4C3C2)CC1
C1CCC(C2CC3CCCC3C3CCC4CCCCC4C23)CC1
C1CCC2C(C1)CCCC1C3CCCC3CCC21
C1CCC(CCCCC2CC3CCCCC3C2)CC1
C1CCC(CC2CC3CCCCC3C3CCC4CCCCCC4C23)CC1
C1CCC2C(C1)CCC1C2CCC2C3CCCC3CC21
C1CCC(CCC2CCCC3CC4C(CC5CCCCC5)CCC4CC23)CC1
C1CCC(CCC2CCC(C3CC3)CC2)CC1
C1CCC(CCCCC2CCC3CCCCC3C2)C2CCCCC2CC1
C1CCC(C2CCCC3C(CCC4CCCCC43)C2)CC1
C(CCCC1CCCC2C(C3CCCCC3)CCC12)CCC1CCCCC1
C1CCC(CCCCC2CCCCC3CCC(C4CCCCC4)CC23)CC1
C1CCC(CCCC2CCC3C(CCC3C3CCCC3)C2)CC1
C1CCC(CCCCC2CC3CCCCC3C2)CC1
C1CCC2CC(CC3CCCC4CCCC43)CCC2C1
C1CCC(CCCCC2CCCC3CCC(C4CCCCC4)CC23)CC1
C1CCC(C2CCC3CC4C(CCCC45CCCCC5)CC32)CC1
C1CCC(CCCCC2CC3CCCCC3C2)CC1
C1CCC(CCCCCC2CCCC3C(CC4CCCCC4)CCC23)CC1
C1CCC(CCCCCC2CCCC3C(C4CCCCC4)CCC23)CC1
C1CCC(CCCCC2CC3CCCCC3C2)CC1
C(CCCC1CCCC2C(C3CCCCC3)CCC12)CCC1CCCCC1
C1CCC(C2CCC3CCC4C(CCCC45CCCC5)CC32)CC1
C(CCCC1CCCCC1)CCCC1CCC(C2CCCCC2)C1
C1CCC(C2CCC3(CCC4CCC5C(CCC5C5CCCCC5)CC43)C2)CC1
C1CCC(C2CCC3CC(CC4CCC(CCC5CCCC5)CC4)CCC32)CC1
C1CCC(CCCC2CCC3CCC(C4CCCC5CCCC54)CC3C2)CC1
C1CCC(CCC2CC3CCCCC3C3CCC4CCCCC4C23)C1
C1CCC2CC(CCCC3CCCC4CCCCC43)CCCC2C1
C1CCC2CC(CCCC3CCC4C3CCC3C5CCCCC5CCC43)CC2C1
C1CCC(CCCCC2CC3CCCCC3C2)CC1
C1CCC(CCCCCC2CCCC3C(CC4CCCCC4)CCC23)CC1
C1CCC(CCCCCC2CCC3CCCCC23)CC1
C(CCC1CCCC2CCCCC12)CC1CCC2CCCCC2C1
C(CCC1CCC2CCCCC2C1)CCC1CCCC2CCCCC12
C1CCC(C2CC3CCCC3C3CCC4CCCCC4C23)CC1
C1CCC(CCC2CCC3C(CCC4C5CCCC5CCC34)C2)CC1
C1CCC(CCCC2CC3CCCC3C3CCC4CC(CCC5CCCCC5)CCC4C23)CC1
C1CCC(C2CCC3CCC4C(CCC5C6CCCC6CCC45)CC32)CC1
C1CCC(CC2CC3CCCCC3C3CCC4CCCCC4C23)C1
C1CCC2C(C1)CC(C1CCCC1)C1CCCC21
C1CCC(CCCCC2CC3CCCCC3C2)CC1
C1CCC2C(C1)CCC1C3CCCCC3CCC21
C1CCC(CCC2CCC3C(CCC3C3CCCCC3)C2)CC1
C1CCC(CCCCC2CC3CCCCC3C2)CC1
C1CCC(CC2CC3CCCCC3CC3CCC4CCCCC4C32)CC1
C1CCC2CCC3C4CCCCC4CC(CC4CCCC4)C3C2CC1
C1CCC(C2CCC3CC4C(CCC5C6CCC(CCCC7CC8CCCCC8C7)C6CCCC45)CC32)CC1
C1CCC2CCC3C4CCC(CCCC5CC6CCCCC6C5)C4CCC3C2CC1
C1CCC(C2CC3CCCC3C3CCC4CCCCC4C23)CC1
C1CCC(CCCCC2CCC3CCC(C4CCCC5CCCC54)CC3C2)CC1
C1CCC(CC(CC2CCCCC2)C2CCCCC2)CC1
C1CCC(CCC2CCC3C(CCC4CCCCCC43)C2)CC1
C1CCC(C2CCC(CCCCCC3CCCC4CCCCC34)C2)CC1
C(CCC1CCC2C1CCC1C3CCCCC3CCC21)CC1CC2CCCCC2C1
C1CCC(CCC2CCC(CC(CC3CCCCC3)C3CCCCC3)CC2)CC1
C(CCC1CCCC2CCCCC12)CC1CCC2CCCCC2C1
C1CCC(C2CCCCC2CC2CC3CCCCC3C3CCC4CCCCCC4C23)CC1
C1CCC2C(C1)CCC1C3CCCC3CCC21
C1CCC(CC2CCC3CCCCC3C3CCC4CCCCC4C23)CC1
C1CCC2CCC(C3CCCC4CCCC43)CC2CC1
C1CCC2CC(CCCC3CCC4C3CCCC3C5CCCCC5CCC34)CC2C1
C1CCC(C2CC3CCCC3C3CCC4CCCCCC4C23)CC1
C1CCC(CCC2CCC3C(CCC3C3CCCCC3)C2)CC1
C1CCC(CCC2CCC3CC4CCCCC4CCC3C2)CC1
C1CCC(CCC2CCC(C3CC3)CC2)CC1
C1CCC(CCCCCC2CCC3CCCCC23)CC1
C(CCCC1CCC2CCCC2C1)CCCC1CCC(C2CCCCC2)C1
C1CCC(CC2CCCC(CCC3CCC(CCC4CCC(CC5CC5)CC4)CC3)C2)C1
C1CCC(CCC2(CCCC3CC4CCCCC4C3)CCC3C4CCC5CCCCC5C4CCCC32)C1
C1CCC(CCC2CCC(CCC3CCCC(CC4CCCC4)C3)CC2)CC1
C1CCC(CCC2CCCCC2)CC1
C1CCC(CCCC2CCC3C2CCCC2C4CC5CCC(C6CCCCC6)C5CC4CCC32)CC1
C1CCC(C2CC3CCCCC3CC3CCCCC32)CC1
C1CCC2C(C1)CCC1CCCCC12
C1CCC2C(C1)CCC1CCCCC12
C(CCCC1CCCCC1)CCCC1CCC(C2CCCCC2)C1
C(CCCC1CCCC2C(C3CCCCC3)CCC12)CCC1CCCCC1
C1CCC(C2CCC3CC4C(CCC45CCCC5)CC32)CC1
C1CCC(C2C3CCCC3CC3CC4CCCC4CC32)CC1
C(CCCC1CCCC2C(C3CCCCC3)CCC12)CCC1CCCCC1
C1CCC(C2CCC3CCC4C(CCCC45CCCC5)CC32)CC1
C1CCC(CCCCCC2CC3CCCCC3C2)CC1
C1CCC(CCCCCC2CC3CCCCC3C2)CC1
C1CCC2CCC(C3CCCC4CCCC43)CC2CC1
C1CCC(C2CC3CCCCC3C3CCC4CCCCC4C23)CC1
C1CCC(CCCCCC2CCCC3C2CCC3C2CCCC(CC3CCCC3)C2)CC1
C1CCC(CCCC(CCC2CCC3CCCC3C2)CC2CCCCC2)CC1
C1CCC(C2CCC(CCCCCC3(C4CCCCC4)CCC3)C2)CC1
C1CCC(C2CC3C(CCC4CC4)CCC3C3CCCC4CCCCC4C23)CC1
C1CCC2CCC(C3CCCC4CCCC43)CC2CC1
C1CCC(C2CCC3CC4C(CCC5C6CCC(CCCCC7CC8CCCCC8C7)C6CCC45)CC32)CC1
C1CCC(CCC2CCCC2CC2CC3CCCCC3C3CCC4CCCCC4C23)CC1
C1CCC(C2CCC3CCCC3C3CCCC4CCCCC4C23)CC1
C(CCCC1CCCCC1)CCCC1CCC(CC2CCCCC2)C1
C1CCC(CC2CCC3CCCCC3C3CCC4CCCCC4C23)CC1
C1CCC(CCC2CCC(CCC3CCCC(CC4CCCC4)C3)CC2)CC1
C1CCC2CC(C3CCCC4CCCC43)CCC2C1
C(CCC1CCCC2CCCCC12)CC1CCCC2CCCCC12
C1CCC(CCC(CCC2CCC3C(CCC3C3CCCCC3)C2)C2CCCCC2)CC1
C1CCC(C2CCC3C(CCC4CCCCC43)C2)CC1
C1CCC(CCCCC2CC3CCCCC3C2)CC1
C1CCC2C(C1)CCC1CCCCC12
C1CCC(CCCCCC2CC3CCCCC3C2)CC1
C1CCC(C2CCC3C(CCCCCC4CC4)CCCC23)CC1
C1CCC2C(C1)CCCC1C3CCCC3CCC21
C1CCC2CC(C3CCCC4CCCC43)CCC2C1
C1CCC(CCCCC2CC3CCCCC3C2)CC1
C1CCC2CCC3C4CCCCC4CC(CC4CCCC4)C3C2CC1
C1CCC(CCCC2CCC3C(CCC3C3CCCCC3)C2)CC1
C(CCC1CCCC2CCCCC12)CC1CCCC2CCCCC12
C1CCC2CCC3C4CCCC4CC(C4CCC(C5CCCC5)CC4)C3C2CC1
C1CCC2CC(CCCC3CCC4C3CCC3C5CCCCC5CCC43)CC2C1
